chart_date,current_position,title,artist_name,last_week_position,weeks_on_chart,awards_vector
1990-01-20,1,Nobody's Home,Clint Black,NEW,1,Gains In Performance
1990-01-20,2,My Arms Stay Open All Night,Tanya Tucker,NEW,1,
1990-01-20,3,Statue Of A Fool,Ricky Van Shelton,NEW,1,Gains In Performance
1990-01-20,4,Southern Star,Alabama,NEW,1,Gains In Performance
1990-01-20,5,It Ain't Nothin',Keith Whitley,NEW,1,
1990-01-20,6,It's You Again,Skip Ewing,NEW,1,Gains In Performance
1990-01-20,7,When I Could Come Home To You,Steve Wariner,NEW,1,Gains In Performance
1990-01-20,8,Many A Long & Lonesome Highway,Rodney Crowell,NEW,1,
1990-01-20,9,That Just About Does It,Vern Gosdin,NEW,1,Gains In Performance
1990-01-20,10,Start All Over Again,The Desert Rose Band,NEW,1,Gains In Performance
1990-01-20,11,Out Of Your Shoes,Lorrie Morgan,NEW,1,
1990-01-20,12,On Second Thought,Eddie Rabbitt,NEW,1,Gains In Performance
1990-01-20,13,One Man Woman,The Judds,NEW,1,Gains In Performance
1990-01-20,14,Till I Can't Take It Anymore,Billy Joe Royal,NEW,1,
1990-01-20,15,Overnight Success,George Strait,NEW,1,Gains In Performance
1990-01-20,16,Where've You Been,Kathy Mattea,NEW,1,Gains In Performance
1990-01-20,17,A Woman In Love,Ronnie Milsap,NEW,1,
1990-01-20,18,Who's Lonely Now,Highway 101,NEW,1,
1990-01-20,19,There You Are,Willie Nelson,NEW,1,Gains In Performance
1990-01-20,20,No Matter How High,The Oak Ridge Boys,NEW,1,Gains In Performance
1990-01-20,21,Two Dozen Roses,Shenandoah,NEW,1,
1990-01-20,22,If Tomorrow Never Comes,Garth Brooks,NEW,1,
1990-01-20,23,I've Been Loved By The Best,Don Williams,NEW,1,
1990-01-20,24,In My Eyes,Lionel Cartwright,NEW,1,
1990-01-20,25,I Can't Turn The Tide,Baillie and the Boys,NEW,1,Gains In Performance
1990-01-20,26,When It's Gone,Nitty Gritty Dirt Band,NEW,1,
1990-01-20,27,"She's Gone, Gone, Gone",Glen Campbell,NEW,1,
1990-01-20,28,Leave It Alone,The Forester Sisters,NEW,1,Gains In Performance
1990-01-20,29,There Goes My Heart Again,Holly Dunn,NEW,1,
1990-01-20,30,All The Fun,Paul Overstreet,NEW,1,
1990-01-20,31,Little Girl,Reba McEntire,NEW,1,Gains In Performance
1990-01-20,32,Fast Movin' Train,Restless Heart,NEW,1,Gains In Performance
1990-01-20,33,It's Just A Matter Of Time,Randy Travis,NEW,1,
1990-01-20,34,Yellow Roses,Dolly Parton,NEW,1,
1990-01-20,35,Keep It In The Middle Of The Road,Exile,NEW,1,Gains In Performance
1990-01-20,36,Heartbreak Hurricane,Ricky Skaggs,NEW,1,Gains In Performance
1990-01-20,37,If You Want To Be My Woman,Merle Haggard,NEW,1,Gains In Performance
1990-01-20,38,High Cotton,Alabama,NEW,1,
1990-01-20,39,Country Club,Travis Tritt,NEW,1,
1990-01-20,40,Simple Man,The Charlie Daniels Band,NEW,1,
1990-01-20,41,Chains,Patty Loveless,NEW,1,Gains In Performance
1990-01-20,42,The Vows Go Unbroken (Always True To You),Kenny Rogers,NEW,1,
1990-01-20,43,Bayou Boys,Eddy Raven,NEW,1,
1990-01-20,44,The Race Is On,Sawyer Brown,NEW,1,
1990-01-20,45,The Lonely Side Of Love,Patty Loveless,NEW,1,
1990-01-20,46,Sooner Or Later,Eddy Raven,NEW,1,Gains In Performance
1990-01-20,47,Tell Me Why,Jann Browne,NEW,1,Gains In Performance
1990-01-20,48,Time's Up,Southern Pacific & Carlene Carter,NEW,1,Gains In Performance
1990-01-20,49,If Your Heart Should Ever Roll This Way Again,Jo-El Sonnier,NEW,1,
1990-01-20,50,Quit While I'm Behind,Jennifer McCarter & The McCarters,NEW,1,Gains In Performance
1990-01-20,51,Seein' My Father In Me,Paul Overstreet,NEW,1,Gains In Performance
1990-01-20,52,Amy's Eyes,Charley Pride,NEW,1,Gains In Performance
1990-01-20,53,Ace In The Hole,George Strait,NEW,1,
1990-01-20,54,Til Love Comes Again,Reba McEntire,NEW,1,
1990-01-20,55,Never Had It So Good,Mary Chapin Carpenter,NEW,1,
1990-01-20,56,Burnin' Old Memories,Kathy Mattea,NEW,1,
1990-01-20,57,Not Counting You,Garth Brooks,NEW,1,Gains In Performance
1990-01-20,58,He's Alive,Dolly Parton,NEW,1,
1990-01-20,59,Say What's In Your Heart,Restless Heart,NEW,1,
1990-01-20,60,Let It Be You,Ricky Skaggs,NEW,1,
1990-01-27,1,Nobody's Home,Clint Black,1,2,Gains In Performance
1990-01-27,2,My Arms Stay Open All Night,Tanya Tucker,2,2,Gains In Performance
1990-01-27,3,Statue Of A Fool,Ricky Van Shelton,3,2,Gains In Performance
1990-01-27,4,Southern Star,Alabama,4,2,Gains In Performance
1990-01-27,5,When I Could Come Home To You,Steve Wariner,7,2,Gains In Performance
1990-01-27,6,It's You Again,Skip Ewing,6,2,Gains In Performance
1990-01-27,7,Start All Over Again,The Desert Rose Band,10,2,Gains In Performance
1990-01-27,8,One Man Woman,The Judds,13,2,Gains In Performance
1990-01-27,9,On Second Thought,Eddie Rabbitt,12,2,Gains In Performance
1990-01-27,10,Many A Long & Lonesome Highway,Rodney Crowell,8,2,
1990-01-27,11,Where've You Been,Kathy Mattea,16,2,Gains In Performance
1990-01-27,12,No Matter How High,The Oak Ridge Boys,20,2,Gains In Performance
1990-01-27,13,It Ain't Nothin',Keith Whitley,5,2,
1990-01-27,14,Overnight Success,George Strait,15,2,Gains In Performance
1990-01-27,15,That Just About Does It,Vern Gosdin,9,2,
1990-01-27,16,Out Of Your Shoes,Lorrie Morgan,11,2,
1990-01-27,17,I Can't Turn The Tide,Baillie and the Boys,25,2,Gains In Performance
1990-01-27,18,In My Eyes,Lionel Cartwright,24,2,Gains In Performance
1990-01-27,19,A Woman In Love,Ronnie Milsap,17,2,
1990-01-27,20,There You Are,Willie Nelson,19,2,
1990-01-27,21,Two Dozen Roses,Shenandoah,21,2,
1990-01-27,22,Leave It Alone,The Forester Sisters,28,2,Gains In Performance
1990-01-27,23,Till I Can't Take It Anymore,Billy Joe Royal,14,2,
1990-01-27,24,Little Girl,Reba McEntire,31,2,Gains In Performance
1990-01-27,25,If Tomorrow Never Comes,Garth Brooks,22,2,
1990-01-27,26,I've Been Loved By The Best,Don Williams,23,2,
1990-01-27,27,Keep It In The Middle Of The Road,Exile,35,2,Gains In Performance
1990-01-27,28,Heartbreak Hurricane,Ricky Skaggs,36,2,Gains In Performance
1990-01-27,29,Who's Lonely Now,Highway 101,18,2,
1990-01-27,30,Fast Movin' Train,Restless Heart,32,2,Gains In Performance
1990-01-27,31,When It's Gone,Nitty Gritty Dirt Band,26,2,
1990-01-27,32,Chains,Patty Loveless,41,2,
1990-01-27,33,If You Want To Be My Woman,Merle Haggard,37,2,Gains In Performance
1990-01-27,34,All The Fun,Paul Overstreet,30,2,
1990-01-27,35,There Goes My Heart Again,Holly Dunn,29,2,
1990-01-27,36,"She's Gone, Gone, Gone",Glen Campbell,27,2,
1990-01-27,37,Time's Up,Southern Pacific & Carlene Carter,48,2,Gains In Performance
1990-01-27,38,Sooner Or Later,Eddy Raven,46,2,Gains In Performance
1990-01-27,39,Country Club,Travis Tritt,39,2,
1990-01-27,40,Yellow Roses,Dolly Parton,34,2,
1990-01-27,41,Seein' My Father In Me,Paul Overstreet,51,2,Gains In Performance
1990-01-27,42,It's Just A Matter Of Time,Randy Travis,33,2,
1990-01-27,43,If Your Heart Should Ever Roll This Way Again,Jo-El Sonnier,49,2,Gains In Performance
1990-01-27,44,Not Counting You,Garth Brooks,57,2,Gains In Performance
1990-01-27,45,Tell Me Why,Jann Browne,47,2,Gains In Performance
1990-01-27,46,High Cotton,Alabama,38,2,
1990-01-27,47,Simple Man,The Charlie Daniels Band,40,2,
1990-01-27,48,The Vows Go Unbroken (Always True To You),Kenny Rogers,42,2,
1990-01-27,49,The Lonely Side Of Love,Patty Loveless,45,2,
1990-01-27,50,Amy's Eyes,Charley Pride,52,2,Gains In Performance
1990-01-27,51,Bayou Boys,Eddy Raven,43,2,
1990-01-27,52,The Race Is On,Sawyer Brown,44,2,
1990-01-27,53,Quit While I'm Behind,Jennifer McCarter & The McCarters,50,2,
1990-01-27,54,Ace In The Hole,George Strait,53,2,
1990-01-27,55,Til Love Comes Again,Reba McEntire,54,2,
1990-01-27,56,Hard Rock Bottom Of Your Heart,Randy Travis,NEW,1,Highest ranking debut|Gains In Performance
1990-01-27,57,Who's Gonna Know,Conway Twitty,62,2,Gains In Performance
1990-01-27,58,Never Had It So Good,Mary Chapin Carpenter,55,2,
1990-01-27,59,Burnin' Old Memories,Kathy Mattea,56,2,
1990-01-27,60,Quittin' Time,Mary Chapin Carpenter,68,2,Gains In Performance
1990-02-03,1,Nobody's Home,Clint Black,1,3,
1990-02-03,2,Statue Of A Fool,Ricky Van Shelton,3,3,Gains In Performance
1990-02-03,3,My Arms Stay Open All Night,Tanya Tucker,2,3,
1990-02-03,4,Southern Star,Alabama,4,3,Gains In Performance
1990-02-03,5,When I Could Come Home To You,Steve Wariner,5,3,
1990-02-03,6,On Second Thought,Eddie Rabbitt,9,3,Gains In Performance
1990-02-03,7,Start All Over Again,The Desert Rose Band,7,3,Gains In Performance
1990-02-03,8,One Man Woman,The Judds,8,3,Gains In Performance
1990-02-03,9,No Matter How High,The Oak Ridge Boys,12,3,Gains In Performance
1990-02-03,10,Where've You Been,Kathy Mattea,11,3,Gains In Performance
1990-02-03,11,Overnight Success,George Strait,14,3,Gains In Performance
1990-02-03,12,I Can't Turn The Tide,Baillie and the Boys,17,3,Gains In Performance
1990-02-03,13,In My Eyes,Lionel Cartwright,18,3,Gains In Performance
1990-02-03,14,It's You Again,Skip Ewing,6,3,
1990-02-03,15,Little Girl,Reba McEntire,24,3,Gains In Performance
1990-02-03,16,Many A Long & Lonesome Highway,Rodney Crowell,10,3,
1990-02-03,17,A Woman In Love,Ronnie Milsap,19,3,
1990-02-03,18,Out Of Your Shoes,Lorrie Morgan,16,3,
1990-02-03,19,Leave It Alone,The Forester Sisters,22,3,Gains In Performance
1990-02-03,20,Chains,Patty Loveless,32,3,Gains In Performance
1990-02-03,21,Keep It In The Middle Of The Road,Exile,27,3,Gains In Performance
1990-02-03,22,Heartbreak Hurricane,Ricky Skaggs,28,3,Gains In Performance
1990-02-03,23,That Just About Does It,Vern Gosdin,15,3,
1990-02-03,24,Two Dozen Roses,Shenandoah,21,3,
1990-02-03,25,It Ain't Nothin',Keith Whitley,13,3,
1990-02-03,26,Fast Movin' Train,Restless Heart,30,3,Gains In Performance
1990-02-03,27,If You Want To Be My Woman,Merle Haggard,33,3,Gains In Performance
1990-02-03,28,If Tomorrow Never Comes,Garth Brooks,25,3,
1990-02-03,29,I've Been Loved By The Best,Don Williams,26,3,
1990-02-03,30,Sooner Or Later,Eddy Raven,38,3,Gains In Performance
1990-02-03,31,There You Are,Willie Nelson,20,3,
1990-02-03,32,Not Counting You,Garth Brooks,44,3,
1990-02-03,33,Till I Can't Take It Anymore,Billy Joe Royal,23,3,
1990-02-03,34,Time's Up,Southern Pacific & Carlene Carter,37,3,Gains In Performance
1990-02-03,35,Seein' My Father In Me,Paul Overstreet,41,3,Gains In Performance
1990-02-03,36,If Your Heart Should Ever Roll This Way Again,Jo-El Sonnier,43,3,Gains In Performance
1990-02-03,37,All The Fun,Paul Overstreet,34,3,
1990-02-03,38,There Goes My Heart Again,Holly Dunn,35,3,
1990-02-03,39,Who's Lonely Now,Highway 101,29,3,
1990-02-03,40,Tell Me Why,Jann Browne,45,3,Gains In Performance
1990-02-03,41,Yellow Roses,Dolly Parton,40,3,
1990-02-03,42,Country Club,Travis Tritt,39,3,
1990-02-03,43,High Cotton,Alabama,46,3,
1990-02-03,44,Hard Rock Bottom Of Your Heart,Randy Travis,56,2,Gains In Performance
1990-02-03,45,It's Just A Matter Of Time,Randy Travis,42,3,
1990-02-03,46,Quittin' Time,Mary Chapin Carpenter,60,3,Gains In Performance
1990-02-03,47,The Vows Go Unbroken (Always True To You),Kenny Rogers,48,3,
1990-02-03,48,"She's Gone, Gone, Gone",Glen Campbell,36,3,
1990-02-03,49,When It's Gone,Nitty Gritty Dirt Band,31,3,
1990-02-03,50,The Lonely Side Of Love,Patty Loveless,49,3,
1990-02-03,51,Here In The Real World,Alan Jackson,62,3,Gains In Performance
1990-02-03,52,Bayou Boys,Eddy Raven,51,3,
1990-02-03,53,Amy's Eyes,Charley Pride,50,3,
1990-02-03,54,Simple Man,The Charlie Daniels Band,47,3,
1990-02-03,55,The Race Is On,Sawyer Brown,52,3,
1990-02-03,56,Five Minutes,Lorrie Morgan,NEW,1,Highest ranking debut|Gains In Performance
1990-02-03,57,Who's Gonna Know,Conway Twitty,57,3,Gains In Performance
1990-02-03,58,Oklahoma Swing,Vince Gill With Reba,65,3,Gains In Performance
1990-02-03,59,Just As Long As I Have You,Don Williams,70,2,Gains In Performance
1990-02-03,60,Ace In The Hole,George Strait,54,3,
1990-02-10,1,Southern Star,Alabama,4,4,Gains In Performance
1990-02-10,2,Statue Of A Fool,Ricky Van Shelton,2,4,Gains In Performance
1990-02-10,3,On Second Thought,Eddie Rabbitt,6,4,Gains In Performance
1990-02-10,4,Nobody's Home,Clint Black,1,4,
1990-02-10,5,My Arms Stay Open All Night,Tanya Tucker,3,4,
1990-02-10,6,Start All Over Again,The Desert Rose Band,7,4,Gains In Performance
1990-02-10,7,No Matter How High,The Oak Ridge Boys,9,4,Gains In Performance
1990-02-10,8,When I Could Come Home To You,Steve Wariner,5,4,
1990-02-10,9,One Man Woman,The Judds,8,4,
1990-02-10,10,Overnight Success,George Strait,11,4,Gains In Performance
1990-02-10,11,Where've You Been,Kathy Mattea,10,4,
1990-02-10,12,I Can't Turn The Tide,Baillie and the Boys,12,4,Gains In Performance
1990-02-10,13,Chains,Patty Loveless,20,4,Gains In Performance
1990-02-10,14,Little Girl,Reba McEntire,15,4,Gains In Performance
1990-02-10,15,Fast Movin' Train,Restless Heart,26,4,Gains In Performance
1990-02-10,16,In My Eyes,Lionel Cartwright,13,4,
1990-02-10,17,Keep It In The Middle Of The Road,Exile,21,4,Gains In Performance
1990-02-10,18,Leave It Alone,The Forester Sisters,19,4,Gains In Performance
1990-02-10,19,Heartbreak Hurricane,Ricky Skaggs,22,4,Gains In Performance
1990-02-10,20,Sooner Or Later,Eddy Raven,30,4,Gains In Performance
1990-02-10,21,Not Counting You,Garth Brooks,32,4,Gains In Performance
1990-02-10,22,Out Of Your Shoes,Lorrie Morgan,18,4,
1990-02-10,23,Hard Rock Bottom Of Your Heart,Randy Travis,44,3,
1990-02-10,24,Two Dozen Roses,Shenandoah,24,4,
1990-02-10,25,A Woman In Love,Ronnie Milsap,17,4,
1990-02-10,26,If You Want To Be My Woman,Merle Haggard,27,4,Gains In Performance
1990-02-10,27,Seein' My Father In Me,Paul Overstreet,35,4,Gains In Performance
1990-02-10,28,It's You Again,Skip Ewing,14,4,
1990-02-10,29,Many A Long & Lonesome Highway,Rodney Crowell,16,4,
1990-02-10,30,If Tomorrow Never Comes,Garth Brooks,28,4,
1990-02-10,31,It Ain't Nothin',Keith Whitley,25,4,
1990-02-10,32,Time's Up,Southern Pacific & Carlene Carter,34,4,Gains In Performance
1990-02-10,33,That Just About Does It,Vern Gosdin,23,4,
1990-02-10,34,I've Been Loved By The Best,Don Williams,29,4,
1990-02-10,35,Tell Me Why,Jann Browne,40,4,Gains In Performance
1990-02-10,36,Till I Can't Take It Anymore,Billy Joe Royal,33,4,
1990-02-10,37,All The Fun,Paul Overstreet,37,4,
1990-02-10,38,There Goes My Heart Again,Holly Dunn,38,4,
1990-02-10,39,There You Are,Willie Nelson,31,4,
1990-02-10,40,Five Minutes,Lorrie Morgan,56,2,Gains In Performance
1990-02-10,41,Here In The Real World,Alan Jackson,51,4,Gains In Performance
1990-02-10,42,Quittin' Time,Mary Chapin Carpenter,46,4,Gains In Performance
1990-02-10,43,Who's Lonely Now,Highway 101,39,4,
1990-02-10,44,Yellow Roses,Dolly Parton,41,4,
1990-02-10,45,If Your Heart Should Ever Roll This Way Again,Jo-El Sonnier,36,4,
1990-02-10,46,Country Club,Travis Tritt,42,4,
1990-02-10,47,It's Just A Matter Of Time,Randy Travis,45,4,
1990-02-10,48,"She's Gone, Gone, Gone",Glen Campbell,48,4,
1990-02-10,49,Oklahoma Swing,Vince Gill With Reba,58,4,Gains In Performance
1990-02-10,50,The Vows Go Unbroken (Always True To You),Kenny Rogers,47,4,
1990-02-10,51,Amy's Eyes,Charley Pride,53,4,Gains In Performance
1990-02-10,52,The Race Is On,Sawyer Brown,55,4,
1990-02-10,53,Just As Long As I Have You,Don Williams,59,3,Gains In Performance
1990-02-10,54,Who's Gonna Know,Conway Twitty,57,4,Gains In Performance
1990-02-10,55,Bayou Boys,Eddy Raven,52,4,
1990-02-10,56,Right In The Wrong Direction,Vern Gosdin,70,2,Gains In Performance
1990-02-10,57,When It's Gone,Nitty Gritty Dirt Band,49,4,
1990-02-10,58,Simple Man,The Charlie Daniels Band,54,4,
1990-02-10,59,The Lonely Side Of Love,Patty Loveless,50,4,
1990-02-10,60,Time For Me To Fly,Dolly Parton,67,2,Gains In Performance
1990-02-17,1,On Second Thought,Eddie Rabbitt,3,5,Gains In Performance
1990-02-17,2,No Matter How High,The Oak Ridge Boys,7,5,Gains In Performance
1990-02-17,3,Southern Star,Alabama,1,5,
1990-02-17,4,Statue Of A Fool,Ricky Van Shelton,2,5,
1990-02-17,5,Nobody's Home,Clint Black,4,5,
1990-02-17,6,Start All Over Again,The Desert Rose Band,6,5,Gains In Performance
1990-02-17,7,Chains,Patty Loveless,13,5,Gains In Performance
1990-02-17,8,Overnight Success,George Strait,10,5,Gains In Performance
1990-02-17,9,I Can't Turn The Tide,Baillie and the Boys,12,5,Gains In Performance
1990-02-17,10,Where've You Been,Kathy Mattea,11,5,
1990-02-17,11,Fast Movin' Train,Restless Heart,15,5,Gains In Performance
1990-02-17,12,My Arms Stay Open All Night,Tanya Tucker,5,5,
1990-02-17,13,Hard Rock Bottom Of Your Heart,Randy Travis,23,4,Gains In Performance
1990-02-17,14,One Man Woman,The Judds,9,5,
1990-02-17,15,Little Girl,Reba McEntire,14,5,
1990-02-17,16,When I Could Come Home To You,Steve Wariner,8,5,
1990-02-17,17,Leave It Alone,The Forester Sisters,18,5,Gains In Performance
1990-02-17,18,Keep It In The Middle Of The Road,Exile,17,5,
1990-02-17,19,Heartbreak Hurricane,Ricky Skaggs,19,5,Gains In Performance
1990-02-17,20,Sooner Or Later,Eddy Raven,20,5,Gains In Performance
1990-02-17,21,Seein' My Father In Me,Paul Overstreet,27,5,Gains In Performance
1990-02-17,22,Not Counting You,Garth Brooks,21,5,
1990-02-17,23,If You Want To Be My Woman,Merle Haggard,26,5,Gains In Performance
1990-02-17,24,Tell Me Why,Jann Browne,35,5,Gains In Performance
1990-02-17,25,Five Minutes,Lorrie Morgan,40,3,Gains In Performance
1990-02-17,26,Time's Up,Southern Pacific & Carlene Carter,32,5,Gains In Performance
1990-02-17,27,Out Of Your Shoes,Lorrie Morgan,22,5,
1990-02-17,28,Two Dozen Roses,Shenandoah,24,5,
1990-02-17,29,A Woman In Love,Ronnie Milsap,25,5,
1990-02-17,30,Quittin' Time,Mary Chapin Carpenter,42,5,Gains In Performance
1990-02-17,31,In My Eyes,Lionel Cartwright,16,5,
1990-02-17,32,I've Been Loved By The Best,Don Williams,34,5,
1990-02-17,33,If Tomorrow Never Comes,Garth Brooks,30,5,
1990-02-17,34,Here In The Real World,Alan Jackson,41,5,Gains In Performance
1990-02-17,35,It's You Again,Skip Ewing,28,5,
1990-02-17,36,It Ain't Nothin',Keith Whitley,31,5,
1990-02-17,37,Oklahoma Swing,Vince Gill With Reba,49,5,Gains In Performance
1990-02-17,38,That Just About Does It,Vern Gosdin,33,5,
1990-02-17,39,Many A Long & Lonesome Highway,Rodney Crowell,29,5,
1990-02-17,40,Just As Long As I Have You,Don Williams,53,4,Gains In Performance
1990-02-17,41,All The Fun,Paul Overstreet,37,5,
1990-02-17,42,Till I Can't Take It Anymore,Billy Joe Royal,36,5,
1990-02-17,43,Who's Lonely Now,Highway 101,43,5,
1990-02-17,44,There Goes My Heart Again,Holly Dunn,38,5,
1990-02-17,45,Yellow Roses,Dolly Parton,44,5,
1990-02-17,46,It's Just A Matter Of Time,Randy Travis,47,5,
1990-02-17,47,Stranger Things Have Happened,Ronnie Milsap,72,2,
1990-02-17,48,There You Are,Willie Nelson,39,5,
1990-02-17,49,"She's Gone, Gone, Gone",Glen Campbell,48,5,
1990-02-17,50,The Vows Go Unbroken (Always True To You),Kenny Rogers,50,5,
1990-02-17,51,Ain't Nobody's Business,Hank Williams Jr.,65,2,Gains In Performance
1990-02-17,52,Right In The Wrong Direction,Vern Gosdin,56,3,Gains In Performance
1990-02-17,53,Country Club,Travis Tritt,46,5,
1990-02-17,54,The Race Is On,Sawyer Brown,52,5,
1990-02-17,55,Go Down Swingin',Wild Rose,63,5,Gains In Performance
1990-02-17,56,"Walkin', Talkin', Cryin', Barely Beatin' Broken Heart",Highway 101,73,3,Gains In Performance
1990-02-17,57,Amy's Eyes,Charley Pride,51,5,
1990-02-17,58,Who's Gonna Know,Conway Twitty,54,5,
1990-02-17,59,Time For Me To Fly,Dolly Parton,60,3,Gains In Performance
1990-02-17,60,Simple Man,The Charlie Daniels Band,58,5,
1990-02-24,1,On Second Thought,Eddie Rabbitt,1,6,Gains In Performance
1990-02-24,2,No Matter How High,The Oak Ridge Boys,2,6,Gains In Performance
1990-02-24,3,Southern Star,Alabama,3,6,
1990-02-24,4,Chains,Patty Loveless,7,6,Gains In Performance
1990-02-24,5,Fast Movin' Train,Restless Heart,11,6,Gains In Performance
1990-02-24,6,Statue Of A Fool,Ricky Van Shelton,4,6,
1990-02-24,7,Hard Rock Bottom Of Your Heart,Randy Travis,13,5,Gains In Performance
1990-02-24,8,Nobody's Home,Clint Black,5,6,
1990-02-24,9,Overnight Success,George Strait,8,6,
1990-02-24,10,Start All Over Again,The Desert Rose Band,6,6,
1990-02-24,11,Where've You Been,Kathy Mattea,10,6,
1990-02-24,12,Leave It Alone,The Forester Sisters,17,6,Gains In Performance
1990-02-24,13,I Can't Turn The Tide,Baillie and the Boys,9,6,
1990-02-24,14,Seein' My Father In Me,Paul Overstreet,21,6,Gains In Performance
1990-02-24,15,Heartbreak Hurricane,Ricky Skaggs,19,6,Gains In Performance
1990-02-24,16,Sooner Or Later,Eddy Raven,20,6,Gains In Performance
1990-02-24,17,Little Girl,Reba McEntire,15,6,
1990-02-24,18,Keep It In The Middle Of The Road,Exile,18,6,Gains In Performance
1990-02-24,19,Not Counting You,Garth Brooks,22,6,Gains In Performance
1990-02-24,20,My Arms Stay Open All Night,Tanya Tucker,12,6,
1990-02-24,21,Five Minutes,Lorrie Morgan,25,4,Gains In Performance
1990-02-24,22,When I Could Come Home To You,Steve Wariner,16,6,
1990-02-24,23,Tell Me Why,Jann Browne,24,6,Gains In Performance
1990-02-24,24,One Man Woman,The Judds,14,6,
1990-02-24,25,Quittin' Time,Mary Chapin Carpenter,30,6,Gains In Performance
1990-02-24,26,If You Want To Be My Woman,Merle Haggard,23,6,
1990-02-24,27,Here In The Real World,Alan Jackson,34,6,Gains In Performance
1990-02-24,28,Time's Up,Southern Pacific & Carlene Carter,26,6,
1990-02-24,29,Oklahoma Swing,Vince Gill With Reba,37,6,Gains In Performance
1990-02-24,30,Out Of Your Shoes,Lorrie Morgan,27,6,
1990-02-24,31,A Woman In Love,Ronnie Milsap,29,6,
1990-02-24,32,I've Been Loved By The Best,Don Williams,32,6,
1990-02-24,33,If Tomorrow Never Comes,Garth Brooks,33,6,
1990-02-24,34,Two Dozen Roses,Shenandoah,28,6,
1990-02-24,35,Just As Long As I Have You,Don Williams,40,5,Gains In Performance
1990-02-24,36,Stranger Things Have Happened,Ronnie Milsap,47,3,Gains In Performance
1990-02-24,37,Maybe,Kenny Rogers (With Holly Dunn),67,2,
1990-02-24,38,That Just About Does It,Vern Gosdin,38,6,
1990-02-24,39,Ain't Nobody's Business,Hank Williams Jr.,51,3,Gains In Performance
1990-02-24,40,It's You Again,Skip Ewing,35,6,
1990-02-24,41,It Ain't Nothin',Keith Whitley,36,6,
1990-02-24,42,In My Eyes,Lionel Cartwright,31,6,
1990-02-24,43,Who's Lonely Now,Highway 101,43,6,
1990-02-24,44,Till I Can't Take It Anymore,Billy Joe Royal,42,6,
1990-02-24,45,Many A Long & Lonesome Highway,Rodney Crowell,39,6,
1990-02-24,46,Right In The Wrong Direction,Vern Gosdin,52,4,Gains In Performance
1990-02-24,47,There Goes My Heart Again,Holly Dunn,44,6,
1990-02-24,48,It's Just A Matter Of Time,Randy Travis,46,6,
1990-02-24,49,"Walkin', Talkin', Cryin', Barely Beatin' Broken Heart",Highway 101,56,4,Gains In Performance
1990-02-24,50,Go Down Swingin',Wild Rose,55,6,Gains In Performance
1990-02-24,51,Time For Me To Fly,Dolly Parton,59,4,Gains In Performance
1990-02-24,52,"She's Gone, Gone, Gone",Glen Campbell,49,6,
1990-02-24,53,Back Where I Come From,Mac McAnally,65,4,Gains In Performance
1990-02-24,54,Country Club,Travis Tritt,53,6,
1990-02-24,55,Love On Arrival,Dan Seals,72,2,Gains In Performance
1990-02-24,56,She's A Little Past Forty,Ronnie McDowell,63,6,Gains In Performance
1990-02-24,57,The Race Is On,Sawyer Brown,54,6,
1990-02-24,58,This Heart,Sweethearts Of The Rodeo,69,4,Gains In Performance
1990-02-24,59,There You Are,Willie Nelson,48,6,
1990-02-24,60,The Lonely Side Of Love,Patty Loveless,61,6,
1990-03-03,1,No Matter How High,The Oak Ridge Boys,2,7,Gains In Performance
1990-03-03,2,Chains,Patty Loveless,4,7,Gains In Performance
1990-03-03,3,On Second Thought,Eddie Rabbitt,1,7,
1990-03-03,4,Hard Rock Bottom Of Your Heart,Randy Travis,7,6,Gains In Performance
1990-03-03,5,Southern Star,Alabama,3,7,
1990-03-03,6,Fast Movin' Train,Restless Heart,5,7,
1990-03-03,7,Leave It Alone,The Forester Sisters,12,7,Gains In Performance
1990-03-03,8,Seein' My Father In Me,Paul Overstreet,14,7,Gains In Performance
1990-03-03,9,Sooner Or Later,Eddy Raven,16,7,Gains In Performance
1990-03-03,10,Statue Of A Fool,Ricky Van Shelton,6,7,
1990-03-03,11,Little Girl,Reba McEntire,17,7,Gains In Performance
1990-03-03,12,Overnight Success,George Strait,9,7,
1990-03-03,13,Not Counting You,Garth Brooks,19,7,Gains In Performance
1990-03-03,14,Nobody's Home,Clint Black,8,7,
1990-03-03,15,Heartbreak Hurricane,Ricky Skaggs,15,7,Gains In Performance
1990-03-03,16,Where've You Been,Kathy Mattea,11,7,
1990-03-03,17,Keep It In The Middle Of The Road,Exile,18,7,
1990-03-03,18,Five Minutes,Lorrie Morgan,21,5,Gains In Performance
1990-03-03,19,I Can't Turn The Tide,Baillie and the Boys,13,7,
1990-03-03,20,Start All Over Again,The Desert Rose Band,10,7,
1990-03-03,21,Here In The Real World,Alan Jackson,27,7,Gains In Performance
1990-03-03,22,Quittin' Time,Mary Chapin Carpenter,25,7,Gains In Performance
1990-03-03,23,Tell Me Why,Jann Browne,23,7,Gains In Performance
1990-03-03,24,My Arms Stay Open All Night,Tanya Tucker,20,7,
1990-03-03,25,Oklahoma Swing,Vince Gill With Reba,29,7,Gains In Performance
1990-03-03,26,When I Could Come Home To You,Steve Wariner,22,7,
1990-03-03,27,Stranger Things Have Happened,Ronnie Milsap,36,4,
1990-03-03,28,Just As Long As I Have You,Don Williams,35,6,Gains In Performance
1990-03-03,29,A Woman In Love,Ronnie Milsap,31,7,
1990-03-03,30,Time's Up,Southern Pacific & Carlene Carter,28,7,
1990-03-03,31,Maybe,Kenny Rogers (With Holly Dunn),37,3,Gains In Performance
1990-03-03,32,Two Dozen Roses,Shenandoah,34,7,
1990-03-03,33,Out Of Your Shoes,Lorrie Morgan,30,7,
1990-03-03,34,One Man Woman,The Judds,24,7,
1990-03-03,35,"Walkin', Talkin', Cryin', Barely Beatin' Broken Heart",Highway 101,49,5,Gains In Performance
1990-03-03,36,Ain't Nobody's Business,Hank Williams Jr.,39,4,Gains In Performance
1990-03-03,37,I've Been Loved By The Best,Don Williams,32,7,
1990-03-03,38,If Tomorrow Never Comes,Garth Brooks,33,7,
1990-03-03,39,If You Want To Be My Woman,Merle Haggard,26,7,
1990-03-03,40,That Just About Does It,Vern Gosdin,38,7,
1990-03-03,41,Love On Arrival,Dan Seals,55,3,Gains In Performance
1990-03-03,42,Right In The Wrong Direction,Vern Gosdin,46,5,Gains In Performance
1990-03-03,43,Go Down Swingin',Wild Rose,50,7,Gains In Performance
1990-03-03,44,It's You Again,Skip Ewing,40,7,
1990-03-03,45,It Ain't Nothin',Keith Whitley,41,7,
1990-03-03,46,Many A Long & Lonesome Highway,Rodney Crowell,45,7,
1990-03-03,47,Who's Lonely Now,Highway 101,43,7,
1990-03-03,48,Time For Me To Fly,Dolly Parton,51,5,Gains In Performance
1990-03-03,49,It's Just A Matter Of Time,Randy Travis,48,7,
1990-03-03,50,Back Where I Come From,Mac McAnally,53,5,Gains In Performance
1990-03-03,51,This Heart,Sweethearts Of The Rodeo,58,5,Gains In Performance
1990-03-03,52,Till I Can't Take It Anymore,Billy Joe Royal,44,7,
1990-03-03,53,"She's Gone, Gone, Gone",Glen Campbell,52,7,
1990-03-03,54,There Goes My Heart Again,Holly Dunn,47,7,
1990-03-03,55,Bring Back Your Love To Me,Earl Thomas Conley,63,3,Gains In Performance
1990-03-03,56,In My Eyes,Lionel Cartwright,42,7,
1990-03-03,57,See If I Care,Shenandoah,61,4,Gains In Performance
1990-03-03,58,Dumas Walker,The Kentucky Headhunters,62,4,Gains In Performance
1990-03-03,59,She's A Little Past Forty,Ronnie McDowell,56,7,
1990-03-03,60,The Lonely Side Of Love,Patty Loveless,60,7,
1990-03-10,1,Chains,Patty Loveless,2,8,Gains In Performance
1990-03-10,2,Hard Rock Bottom Of Your Heart,Randy Travis,4,7,Gains In Performance
1990-03-10,3,No Matter How High,The Oak Ridge Boys,1,8,
1990-03-10,4,Fast Movin' Train,Restless Heart,6,8,Gains In Performance
1990-03-10,5,On Second Thought,Eddie Rabbitt,3,8,
1990-03-10,6,Seein' My Father In Me,Paul Overstreet,8,8,Gains In Performance
1990-03-10,7,Little Girl,Reba McEntire,11,8,Gains In Performance
1990-03-10,8,Not Counting You,Garth Brooks,13,8,Gains In Performance
1990-03-10,9,Sooner Or Later,Eddy Raven,9,8,Gains In Performance
1990-03-10,10,Leave It Alone,The Forester Sisters,7,8,
1990-03-10,11,Southern Star,Alabama,5,8,
1990-03-10,12,Five Minutes,Lorrie Morgan,18,6,Gains In Performance
1990-03-10,13,Heartbreak Hurricane,Ricky Skaggs,15,8,
1990-03-10,14,Quittin' Time,Mary Chapin Carpenter,22,8,Gains In Performance
1990-03-10,15,Nobody's Home,Clint Black,14,8,
1990-03-10,16,Here In The Real World,Alan Jackson,21,8,Gains In Performance
1990-03-10,17,Keep It In The Middle Of The Road,Exile,17,8,
1990-03-10,18,Statue Of A Fool,Ricky Van Shelton,10,8,
1990-03-10,19,Stranger Things Have Happened,Ronnie Milsap,27,5,Gains In Performance
1990-03-10,20,Overnight Success,George Strait,12,8,
1990-03-10,21,Tell Me Why,Jann Browne,23,8,Gains In Performance
1990-03-10,22,Start All Over Again,The Desert Rose Band,20,8,
1990-03-10,23,Oklahoma Swing,Vince Gill With Reba,25,8,Gains In Performance
1990-03-10,24,I Can't Turn The Tide,Baillie and the Boys,19,8,
1990-03-10,25,Where've You Been,Kathy Mattea,16,8,
1990-03-10,26,Love On Arrival,Dan Seals,41,4,
1990-03-10,27,Maybe,Kenny Rogers (With Holly Dunn),31,4,Gains In Performance
1990-03-10,28,When I Could Come Home To You,Steve Wariner,26,8,
1990-03-10,29,Ain't Nobody's Business,Hank Williams Jr.,36,5,Gains In Performance
1990-03-10,30,Just As Long As I Have You,Don Williams,28,7,
1990-03-10,31,My Arms Stay Open All Night,Tanya Tucker,24,8,
1990-03-10,32,"Walkin', Talkin', Cryin', Barely Beatin' Broken Heart",Highway 101,35,6,Gains In Performance
1990-03-10,33,Right In The Wrong Direction,Vern Gosdin,42,6,Gains In Performance
1990-03-10,34,A Woman In Love,Ronnie Milsap,29,8,
1990-03-10,35,Two Dozen Roses,Shenandoah,32,8,
1990-03-10,36,I've Been Loved By The Best,Don Williams,37,8,
1990-03-10,37,Time's Up,Southern Pacific & Carlene Carter,30,8,
1990-03-10,38,Go Down Swingin',Wild Rose,43,8,Gains In Performance
1990-03-10,39,This Heart,Sweethearts Of The Rodeo,51,6,Gains In Performance
1990-03-10,40,One Man Woman,The Judds,34,8,
1990-03-10,41,Time For Me To Fly,Dolly Parton,48,6,Gains In Performance
1990-03-10,42,Back Where I Come From,Mac McAnally,50,6,Gains In Performance
1990-03-10,43,It's You Again,Skip Ewing,44,8,
1990-03-10,44,That Just About Does It,Vern Gosdin,40,8,
1990-03-10,45,See If I Care,Shenandoah,57,5,Gains In Performance
1990-03-10,46,Dumas Walker,The Kentucky Headhunters,58,5,Gains In Performance
1990-03-10,47,Help Me Hold On,Travis Tritt,62,3,Gains In Performance
1990-03-10,48,It Ain't Nothin',Keith Whitley,45,8,
1990-03-10,49,Till I Can't Take It Anymore,Billy Joe Royal,52,8,
1990-03-10,50,It's Just A Matter Of Time,Randy Travis,49,8,
1990-03-10,51,Bring Back Your Love To Me,Earl Thomas Conley,55,4,Gains In Performance
1990-03-10,52,Who's Lonely Now,Highway 101,47,8,
1990-03-10,53,I'm Over You,Keith Whitley,65,3,Gains In Performance
1990-03-10,54,Many A Long & Lonesome Highway,Rodney Crowell,46,8,
1990-03-10,55,If You Want To Be My Woman,Merle Haggard,39,8,
1990-03-10,56,There Goes My Heart Again,Holly Dunn,54,8,
1990-03-10,57,Did It For Love,Sawyer Brown,63,6,Gains In Performance
1990-03-10,58,If Looks Could Kill,Rodney Crowell,72,2,Gains In Performance
1990-03-10,59,Silver Stallion,"Waylon, Willie, Johnny & Kris",70,4,Gains In Performance
1990-03-10,60,A Bottle Of Wine And Patsy Cline,Marsha Thornton,64,5,Gains In Performance
1990-03-17,1,Hard Rock Bottom Of Your Heart,Randy Travis,2,8,Gains In Performance
1990-03-17,2,Chains,Patty Loveless,1,9,
1990-03-17,3,Seein' My Father In Me,Paul Overstreet,6,9,Gains In Performance
1990-03-17,4,No Matter How High,The Oak Ridge Boys,3,9,
1990-03-17,5,Not Counting You,Garth Brooks,8,9,Gains In Performance
1990-03-17,6,Fast Movin' Train,Restless Heart,4,9,
1990-03-17,7,Sooner Or Later,Eddy Raven,9,9,Gains In Performance
1990-03-17,8,On Second Thought,Eddie Rabbitt,5,9,
1990-03-17,9,Little Girl,Reba McEntire,7,9,
1990-03-17,10,Five Minutes,Lorrie Morgan,12,7,Gains In Performance
1990-03-17,11,Here In The Real World,Alan Jackson,16,9,Gains In Performance
1990-03-17,12,Quittin' Time,Mary Chapin Carpenter,14,9,Gains In Performance
1990-03-17,13,Stranger Things Have Happened,Ronnie Milsap,19,6,Gains In Performance
1990-03-17,14,Southern Star,Alabama,11,9,
1990-03-17,15,Leave It Alone,The Forester Sisters,10,9,
1990-03-17,16,Nobody's Home,Clint Black,15,9,
1990-03-17,17,Heartbreak Hurricane,Ricky Skaggs,13,9,
1990-03-17,18,Love On Arrival,Dan Seals,26,5,Gains In Performance
1990-03-17,19,Oklahoma Swing,Vince Gill With Reba,23,9,Gains In Performance
1990-03-17,20,Tell Me Why,Jann Browne,21,9,Gains In Performance
1990-03-17,21,"Walkin', Talkin', Cryin', Barely Beatin' Broken Heart",Highway 101,32,7,
1990-03-17,22,Keep It In The Middle Of The Road,Exile,17,9,
1990-03-17,23,Ain't Nobody's Business,Hank Williams Jr.,29,6,Gains In Performance
1990-03-17,24,Overnight Success,George Strait,20,9,
1990-03-17,25,Maybe,Kenny Rogers (With Holly Dunn),27,5,Gains In Performance
1990-03-17,26,Statue Of A Fool,Ricky Van Shelton,18,9,
1990-03-17,27,Just As Long As I Have You,Don Williams,30,8,Gains In Performance
1990-03-17,28,When I Could Come Home To You,Steve Wariner,28,9,
1990-03-17,29,Start All Over Again,The Desert Rose Band,22,9,
1990-03-17,30,I Can't Turn The Tide,Baillie and the Boys,24,9,
1990-03-17,31,My Arms Stay Open All Night,Tanya Tucker,31,9,
1990-03-17,32,Right In The Wrong Direction,Vern Gosdin,33,7,Gains In Performance
1990-03-17,33,Where've You Been,Kathy Mattea,25,9,
1990-03-17,34,A Woman In Love,Ronnie Milsap,34,9,
1990-03-17,35,See If I Care,Shenandoah,45,6,Gains In Performance
1990-03-17,36,This Heart,Sweethearts Of The Rodeo,39,7,Gains In Performance
1990-03-17,37,Help Me Hold On,Travis Tritt,47,4,Gains In Performance
1990-03-17,38,Go Down Swingin',Wild Rose,38,9,Gains In Performance
1990-03-17,39,Dumas Walker,The Kentucky Headhunters,46,6,Gains In Performance
1990-03-17,40,Back Where I Come From,Mac McAnally,42,7,Gains In Performance
1990-03-17,41,Time For Me To Fly,Dolly Parton,41,7,Gains In Performance
1990-03-17,42,I'm Over You,Keith Whitley,53,4,Gains In Performance
1990-03-17,43,Bring Back Your Love To Me,Earl Thomas Conley,51,5,Gains In Performance
1990-03-17,44,One Man Woman,The Judds,40,9,
1990-03-17,45,It Ain't Nothin',Keith Whitley,48,9,
1990-03-17,46,That Just About Does It,Vern Gosdin,44,9,
1990-03-17,47,If Looks Could Kill,Rodney Crowell,58,3,Gains In Performance
1990-03-17,48,I'd Be Better Off (In A Pine Box),Doug Stone,64,4,Gains In Performance
1990-03-17,49,Who's Lonely Now,Highway 101,52,9,
1990-03-17,50,Did It For Love,Sawyer Brown,57,7,Gains In Performance
1990-03-17,51,Till I Can't Take It Anymore,Billy Joe Royal,49,9,
1990-03-17,52,Silver Stallion,"Waylon, Willie, Johnny & Kris",59,5,Gains In Performance
1990-03-17,53,It's You Again,Skip Ewing,43,9,
1990-03-17,54,Walkin' Away,Clint Black,74,2,Gains In Performance
1990-03-17,55,It's Just A Matter Of Time,Randy Travis,50,9,
1990-03-17,56,Something With A Ring To It,Mark Collie,63,7,Gains In Performance
1990-03-17,57,Mister DJ,The Charlie Daniels Band,61,6,Gains In Performance
1990-03-17,58,There Goes My Heart Again,Holly Dunn,56,9,
1990-03-17,59,A Bottle Of Wine And Patsy Cline,Marsha Thornton,60,6,Gains In Performance
1990-03-17,60,Time's Up,Southern Pacific & Carlene Carter,37,9,
1990-03-24,1,Hard Rock Bottom Of Your Heart,Randy Travis,1,9,Gains In Performance
1990-03-24,2,Chains,Patty Loveless,2,10,
1990-03-24,3,Seein' My Father In Me,Paul Overstreet,3,10,Gains In Performance
1990-03-24,4,Not Counting You,Garth Brooks,5,10,Gains In Performance
1990-03-24,5,Five Minutes,Lorrie Morgan,10,8,Gains In Performance
1990-03-24,6,Sooner Or Later,Eddy Raven,7,10,Gains In Performance
1990-03-24,7,No Matter How High,The Oak Ridge Boys,4,10,
1990-03-24,8,Here In The Real World,Alan Jackson,11,10,Gains In Performance
1990-03-24,9,Quittin' Time,Mary Chapin Carpenter,12,10,Gains In Performance
1990-03-24,10,Stranger Things Have Happened,Ronnie Milsap,13,7,Gains In Performance
1990-03-24,11,Fast Movin' Train,Restless Heart,6,10,
1990-03-24,12,On Second Thought,Eddie Rabbitt,8,10,
1990-03-24,13,Love On Arrival,Dan Seals,18,6,Gains In Performance
1990-03-24,14,Little Girl,Reba McEntire,9,10,
1990-03-24,15,"Walkin', Talkin', Cryin', Barely Beatin' Broken Heart",Highway 101,21,8,Gains In Performance
1990-03-24,16,Oklahoma Swing,Vince Gill With Reba,19,10,Gains In Performance
1990-03-24,17,Just As Long As I Have You,Don Williams,27,9,Gains In Performance
1990-03-24,18,Tell Me Why,Jann Browne,20,10,Gains In Performance
1990-03-24,19,Ain't Nobody's Business,Hank Williams Jr.,23,7,Gains In Performance
1990-03-24,20,Southern Star,Alabama,14,10,
1990-03-24,21,Nobody's Home,Clint Black,16,10,
1990-03-24,22,Leave It Alone,The Forester Sisters,15,10,
1990-03-24,23,Right In The Wrong Direction,Vern Gosdin,32,8,Gains In Performance
1990-03-24,24,Help Me Hold On,Travis Tritt,37,5,
1990-03-24,25,See If I Care,Shenandoah,35,7,Gains In Performance
1990-03-24,26,Overnight Success,George Strait,24,10,
1990-03-24,27,Maybe,Kenny Rogers (With Holly Dunn),25,6,
1990-03-24,28,Heartbreak Hurricane,Ricky Skaggs,17,10,
1990-03-24,29,When I Could Come Home To You,Steve Wariner,28,10,
1990-03-24,30,Keep It In The Middle Of The Road,Exile,22,10,
1990-03-24,31,This Heart,Sweethearts Of The Rodeo,36,8,Gains In Performance
1990-03-24,32,I'm Over You,Keith Whitley,42,5,Gains In Performance
1990-03-24,33,Dumas Walker,The Kentucky Headhunters,39,7,Gains In Performance
1990-03-24,34,Start All Over Again,The Desert Rose Band,29,10,
1990-03-24,35,I Can't Turn The Tide,Baillie and the Boys,30,10,
1990-03-24,36,Statue Of A Fool,Ricky Van Shelton,26,10,
1990-03-24,37,Where've You Been,Kathy Mattea,33,10,
1990-03-24,38,Bring Back Your Love To Me,Earl Thomas Conley,43,6,Gains In Performance
1990-03-24,39,Time For Me To Fly,Dolly Parton,41,8,Gains In Performance
1990-03-24,40,My Arms Stay Open All Night,Tanya Tucker,31,10,
1990-03-24,41,Walkin' Away,Clint Black,54,3,Gains In Performance
1990-03-24,42,Back Where I Come From,Mac McAnally,40,8,
1990-03-24,43,Go Down Swingin',Wild Rose,38,10,
1990-03-24,44,If Looks Could Kill,Rodney Crowell,47,4,Gains In Performance
1990-03-24,45,I'd Be Better Off (In A Pine Box),Doug Stone,48,5,Gains In Performance
1990-03-24,46,Silver Stallion,"Waylon, Willie, Johnny & Kris",52,6,Gains In Performance
1990-03-24,47,Did It For Love,Sawyer Brown,50,8,Gains In Performance
1990-03-24,48,It Ain't Nothin',Keith Whitley,45,10,
1990-03-24,49,One Man Woman,The Judds,44,10,
1990-03-24,50,It's You Again,Skip Ewing,53,10,
1990-03-24,51,That Just About Does It,Vern Gosdin,46,10,
1990-03-24,52,Black Velvet,Robin Lee,64,4,Gains In Performance
1990-03-24,53,The Domino Theory,Steve Wariner,67,3,Gains In Performance
1990-03-24,54,Who's Lonely Now,Highway 101,49,10,
1990-03-24,55,I've Cried My Last Tear For You,Ricky Van Shelton,69,4,Gains In Performance
1990-03-24,56,Mister DJ,The Charlie Daniels Band,57,7,Gains In Performance
1990-03-24,57,Something With A Ring To It,Mark Collie,56,8,
1990-03-24,58,Till I Can't Take It Anymore,Billy Joe Royal,51,10,
1990-03-24,59,A Bottle Of Wine And Patsy Cline,Marsha Thornton,59,7,Gains In Performance
1990-03-24,60,"She's Gone, Gone, Gone",Glen Campbell,61,10,
1990-03-31,1,Hard Rock Bottom Of Your Heart,Randy Travis,1,10,
1990-03-31,2,Seein' My Father In Me,Paul Overstreet,3,11,
1990-03-31,3,Not Counting You,Garth Brooks,4,11,Gains In Performance
1990-03-31,4,Five Minutes,Lorrie Morgan,5,9,Gains In Performance
1990-03-31,5,Chains,Patty Loveless,2,11,
1990-03-31,6,Here In The Real World,Alan Jackson,8,11,Gains In Performance
1990-03-31,7,Quittin' Time,Mary Chapin Carpenter,9,11,Gains In Performance
1990-03-31,8,Stranger Things Have Happened,Ronnie Milsap,10,8,Gains In Performance
1990-03-31,9,Love On Arrival,Dan Seals,13,7,Gains In Performance
1990-03-31,10,Just As Long As I Have You,Don Williams,17,10,Gains In Performance
1990-03-31,11,Sooner Or Later,Eddy Raven,6,11,
1990-03-31,12,"Walkin', Talkin', Cryin', Barely Beatin' Broken Heart",Highway 101,15,9,Gains In Performance
1990-03-31,13,No Matter How High,The Oak Ridge Boys,7,11,
1990-03-31,14,Oklahoma Swing,Vince Gill With Reba,16,11,Gains In Performance
1990-03-31,15,Fast Movin' Train,Restless Heart,11,11,
1990-03-31,16,On Second Thought,Eddie Rabbitt,12,11,
1990-03-31,17,Help Me Hold On,Travis Tritt,24,6,Gains In Performance
1990-03-31,18,Ain't Nobody's Business,Hank Williams Jr.,19,8,Gains In Performance
1990-03-31,19,See If I Care,Shenandoah,25,8,Gains In Performance
1990-03-31,20,Right In The Wrong Direction,Vern Gosdin,23,9,Gains In Performance
1990-03-31,21,Tell Me Why,Jann Browne,18,11,
1990-03-31,22,Little Girl,Reba McEntire,14,11,
1990-03-31,23,Walkin' Away,Clint Black,41,4,
1990-03-31,24,Bring Back Your Love To Me,Earl Thomas Conley,38,7,Gains In Performance
1990-03-31,25,This Heart,Sweethearts Of The Rodeo,31,9,Gains In Performance
1990-03-31,26,Dumas Walker,The Kentucky Headhunters,33,8,Gains In Performance
1990-03-31,27,Southern Star,Alabama,20,11,
1990-03-31,28,I'm Over You,Keith Whitley,32,6,Gains In Performance
1990-03-31,29,Back Where I Come From,Mac McAnally,42,9,Gains In Performance
1990-03-31,30,Leave It Alone,The Forester Sisters,22,11,
1990-03-31,31,Nobody's Home,Clint Black,21,11,
1990-03-31,32,If Looks Could Kill,Rodney Crowell,44,5,Gains In Performance
1990-03-31,33,Maybe,Kenny Rogers (With Holly Dunn),27,7,
1990-03-31,34,Silver Stallion,"Waylon, Willie, Johnny & Kris",46,7,Gains In Performance
1990-03-31,35,I'd Be Better Off (In A Pine Box),Doug Stone,45,6,Gains In Performance
1990-03-31,36,When I Could Come Home To You,Steve Wariner,29,11,
1990-03-31,37,Start All Over Again,The Desert Rose Band,34,11,
1990-03-31,38,Statue Of A Fool,Ricky Van Shelton,36,11,
1990-03-31,39,I Can't Turn The Tide,Baillie and the Boys,35,11,
1990-03-31,40,I've Cried My Last Tear For You,Ricky Van Shelton,55,5,Gains In Performance
1990-03-31,41,My Arms Stay Open All Night,Tanya Tucker,40,11,
1990-03-31,42,Did It For Love,Sawyer Brown,47,9,Gains In Performance
1990-03-31,43,Overnight Success,George Strait,26,11,
1990-03-31,44,Where've You Been,Kathy Mattea,37,11,
1990-03-31,45,Time For Me To Fly,Dolly Parton,39,9,
1990-03-31,46,Keep It In The Middle Of The Road,Exile,30,11,
1990-03-31,47,Black Velvet,Robin Lee,52,5,Gains In Performance
1990-03-31,48,Go Down Swingin',Wild Rose,43,11,
1990-03-31,49,It Ain't Nothin',Keith Whitley,48,11,
1990-03-31,50,The Domino Theory,Steve Wariner,53,4,Gains In Performance
1990-03-31,51,Heartbreak Hurricane,Ricky Skaggs,28,11,
1990-03-31,52,Walking Shoes,Tanya Tucker,65,2,Gains In Performance
1990-03-31,53,Mister DJ,The Charlie Daniels Band,56,8,Gains In Performance
1990-03-31,54,Something With A Ring To It,Mark Collie,57,9,
1990-03-31,55,Who's Lonely Now,Highway 101,54,11,
1990-03-31,56,It's You Again,Skip Ewing,50,11,
1990-03-31,57,The Highway,Willie Nelson,62,7,Gains In Performance
1990-03-31,58,One Man Woman,The Judds,49,11,
1990-03-31,59,I Watched It All (On My Radio),Lionel Cartwright,66,4,Gains In Performance
1990-03-31,60,When It's Gone,Nitty Gritty Dirt Band,64,11,
1990-04-07,1,Hard Rock Bottom Of Your Heart,Randy Travis,1,11,
1990-04-07,2,Not Counting You,Garth Brooks,3,12,Gains In Performance
1990-04-07,3,Five Minutes,Lorrie Morgan,4,10,Gains In Performance
1990-04-07,4,Seein' My Father In Me,Paul Overstreet,2,12,
1990-04-07,5,Here In The Real World,Alan Jackson,6,12,Gains In Performance
1990-04-07,6,Love On Arrival,Dan Seals,9,8,Gains In Performance
1990-04-07,7,Stranger Things Have Happened,Ronnie Milsap,8,9,Gains In Performance
1990-04-07,8,Just As Long As I Have You,Don Williams,10,11,Gains In Performance
1990-04-07,9,Quittin' Time,Mary Chapin Carpenter,7,12,
1990-04-07,10,Chains,Patty Loveless,5,12,
1990-04-07,11,"Walkin', Talkin', Cryin', Barely Beatin' Broken Heart",Highway 101,12,10,Gains In Performance
1990-04-07,12,Help Me Hold On,Travis Tritt,17,7,Gains In Performance
1990-04-07,13,Oklahoma Swing,Vince Gill With Reba,14,12,Gains In Performance
1990-04-07,14,Right In The Wrong Direction,Vern Gosdin,20,10,Gains In Performance
1990-04-07,15,Walkin' Away,Clint Black,23,5,Gains In Performance
1990-04-07,16,See If I Care,Shenandoah,19,9,Gains In Performance
1990-04-07,17,Ain't Nobody's Business,Hank Williams Jr.,18,9,Gains In Performance
1990-04-07,18,On Second Thought,Eddie Rabbitt,16,12,
1990-04-07,19,Sooner Or Later,Eddy Raven,11,12,
1990-04-07,20,No Matter How High,The Oak Ridge Boys,13,12,
1990-04-07,21,I'm Over You,Keith Whitley,28,7,Gains In Performance
1990-04-07,22,Bring Back Your Love To Me,Earl Thomas Conley,24,8,Gains In Performance
1990-04-07,23,Fast Movin' Train,Restless Heart,15,12,
1990-04-07,24,Back Where I Come From,Mac McAnally,29,10,Gains In Performance
1990-04-07,25,I've Cried My Last Tear For You,Ricky Van Shelton,40,6,
1990-04-07,26,This Heart,Sweethearts Of The Rodeo,25,10,
1990-04-07,27,If Looks Could Kill,Rodney Crowell,32,6,Gains In Performance
1990-04-07,28,Dumas Walker,The Kentucky Headhunters,26,9,
1990-04-07,29,I'd Be Better Off (In A Pine Box),Doug Stone,35,7,Gains In Performance
1990-04-07,30,Tell Me Why,Jann Browne,21,12,
1990-04-07,31,Silver Stallion,"Waylon, Willie, Johnny & Kris",34,8,Gains In Performance
1990-04-07,32,I Watched It All (On My Radio),Lionel Cartwright,59,5,Gains In Performance
1990-04-07,33,Little Girl,Reba McEntire,22,12,
1990-04-07,34,Nobody's Home,Clint Black,31,12,
1990-04-07,35,Southern Star,Alabama,27,12,
1990-04-07,36,Black Velvet,Robin Lee,47,6,Gains In Performance
1990-04-07,37,Did It For Love,Sawyer Brown,42,10,Gains In Performance
1990-04-07,38,When I Could Come Home To You,Steve Wariner,36,12,
1990-04-07,39,The Domino Theory,Steve Wariner,50,5,Gains In Performance
1990-04-07,40,Leave It Alone,The Forester Sisters,30,12,
1990-04-07,41,Walking Shoes,Tanya Tucker,52,3,Gains In Performance
1990-04-07,42,I Can't Turn The Tide,Baillie and the Boys,39,12,Gains In Performance
1990-04-07,43,My Arms Stay Open All Night,Tanya Tucker,41,12,
1990-04-07,44,Start All Over Again,The Desert Rose Band,37,12,
1990-04-07,45,Statue Of A Fool,Ricky Van Shelton,38,12,
1990-04-07,46,Overnight Success,George Strait,43,12,
1990-04-07,47,Where've You Been,Kathy Mattea,44,12,
1990-04-07,48,Maybe,Kenny Rogers (With Holly Dunn),33,8,
1990-04-07,49,It Ain't Nothin',Keith Whitley,49,12,
1990-04-07,50,Time For Me To Fly,Dolly Parton,45,10,
1990-04-07,51,Mister DJ,The Charlie Daniels Band,53,9,Gains In Performance
1990-04-07,52,In Another Lifetime,The Desert Rose Band,63,4,Gains In Performance
1990-04-07,53,Keep It In The Middle Of The Road,Exile,46,12,
1990-04-07,54,Guardian Angels,The Judds,69,2,Gains In Performance
1990-04-07,55,Something With A Ring To It,Mark Collie,54,10,
1990-04-07,56,Black Coffee,Lacy J. Dalton,68,5,Gains In Performance
1990-04-07,57,The Highway,Willie Nelson,57,8,Gains In Performance
1990-04-07,58,Heartbreak Hurricane,Ricky Skaggs,51,12,
1990-04-07,59,One Man Woman,The Judds,58,12,
1990-04-07,60,Many A Long & Lonesome Highway,Rodney Crowell,62,12,
1990-04-14,1,Five Minutes,Lorrie Morgan,3,11,Gains In Performance
1990-04-14,2,Hard Rock Bottom Of Your Heart,Randy Travis,1,12,
1990-04-14,3,Not Counting You,Garth Brooks,2,13,
1990-04-14,4,Love On Arrival,Dan Seals,6,9,Gains In Performance
1990-04-14,5,Stranger Things Have Happened,Ronnie Milsap,7,10,Gains In Performance
1990-04-14,6,Here In The Real World,Alan Jackson,5,13,
1990-04-14,7,Just As Long As I Have You,Don Williams,8,12,Gains In Performance
1990-04-14,8,"Walkin', Talkin', Cryin', Barely Beatin' Broken Heart",Highway 101,11,11,Gains In Performance
1990-04-14,9,Seein' My Father In Me,Paul Overstreet,4,13,
1990-04-14,10,Help Me Hold On,Travis Tritt,12,8,Gains In Performance
1990-04-14,11,Quittin' Time,Mary Chapin Carpenter,9,13,
1990-04-14,12,Walkin' Away,Clint Black,15,6,Gains In Performance
1990-04-14,13,Chains,Patty Loveless,10,13,
1990-04-14,14,Right In The Wrong Direction,Vern Gosdin,14,11,Gains In Performance
1990-04-14,15,Ain't Nobody's Business,Hank Williams Jr.,17,10,Gains In Performance
1990-04-14,16,See If I Care,Shenandoah,16,10,Gains In Performance
1990-04-14,17,I've Cried My Last Tear For You,Ricky Van Shelton,25,7,Gains In Performance
1990-04-14,18,I'm Over You,Keith Whitley,21,8,Gains In Performance
1990-04-14,19,If Looks Could Kill,Rodney Crowell,27,7,Gains In Performance
1990-04-14,20,Back Where I Come From,Mac McAnally,24,11,Gains In Performance
1990-04-14,21,Bring Back Your Love To Me,Earl Thomas Conley,22,9,Gains In Performance
1990-04-14,22,Oklahoma Swing,Vince Gill With Reba,13,13,
1990-04-14,23,I'd Be Better Off (In A Pine Box),Doug Stone,29,8,Gains In Performance
1990-04-14,24,Dumas Walker,The Kentucky Headhunters,28,10,Gains In Performance
1990-04-14,25,On Second Thought,Eddie Rabbitt,18,13,
1990-04-14,26,I Watched It All (On My Radio),Lionel Cartwright,32,6,Gains In Performance
1990-04-14,27,No Matter How High,The Oak Ridge Boys,20,13,
1990-04-14,28,Silver Stallion,"Waylon, Willie, Johnny & Kris",31,9,Gains In Performance
1990-04-14,29,Black Velvet,Robin Lee,36,7,Gains In Performance
1990-04-14,30,Sooner Or Later,Eddy Raven,19,13,
1990-04-14,31,This Heart,Sweethearts Of The Rodeo,26,11,
1990-04-14,32,Fast Movin' Train,Restless Heart,23,13,
1990-04-14,33,Walking Shoes,Tanya Tucker,41,4,
1990-04-14,34,The Domino Theory,Steve Wariner,39,6,Gains In Performance
1990-04-14,35,Tell Me Why,Jann Browne,30,13,
1990-04-14,36,Did It For Love,Sawyer Brown,37,11,Gains In Performance
1990-04-14,37,Nobody's Home,Clint Black,34,13,
1990-04-14,38,When I Could Come Home To You,Steve Wariner,38,13,
1990-04-14,39,Southern Star,Alabama,35,13,
1990-04-14,40,Leave It Alone,The Forester Sisters,40,13,
1990-04-14,41,Guardian Angels,The Judds,54,3,Gains In Performance
1990-04-14,42,Little Girl,Reba McEntire,33,13,
1990-04-14,43,My Arms Stay Open All Night,Tanya Tucker,43,13,
1990-04-14,44,In Another Lifetime,The Desert Rose Band,52,5,Gains In Performance
1990-04-14,45,Start All Over Again,The Desert Rose Band,44,13,
1990-04-14,46,I Can't Turn The Tide,Baillie and the Boys,42,13,
1990-04-14,47,Black Coffee,Lacy J. Dalton,56,6,Gains In Performance
1990-04-14,48,Mister DJ,The Charlie Daniels Band,51,10,Gains In Performance
1990-04-14,49,Statue Of A Fool,Ricky Van Shelton,45,13,
1990-04-14,50,She Came From Fort Worth,Kathy Mattea,64,3,Gains In Performance
1990-04-14,51,Where've You Been,Kathy Mattea,47,13,
1990-04-14,52,Overnight Success,George Strait,46,13,
1990-04-14,53,Maybe,Kenny Rogers (With Holly Dunn),48,9,
1990-04-14,54,The Highway,Willie Nelson,57,9,Gains In Performance
1990-04-14,55,Keep It In The Middle Of The Road,Exile,53,13,
1990-04-14,56,Is It Love,Foster & Lloyd,74,2,Gains In Performance
1990-04-14,57,One Man Woman,The Judds,59,13,
1990-04-14,58,Runnin' With The Wind,Eddie Rabbitt,72,3,Gains In Performance
1990-04-14,59,Crocodile Tears,Lee Roy Parnell,62,10,Gains In Performance
1990-04-14,60,Heartbreak Hurricane,Ricky Skaggs,58,13,
1990-04-21,1,Love On Arrival,Dan Seals,4,10,Gains In Performance
1990-04-21,2,Stranger Things Have Happened,Ronnie Milsap,5,11,Gains In Performance
1990-04-21,3,Here In The Real World,Alan Jackson,6,14,Gains In Performance
1990-04-21,4,Just As Long As I Have You,Don Williams,7,13,
1990-04-21,5,Walkin' Away,Clint Black,12,7,Gains In Performance
1990-04-21,6,Not Counting You,Garth Brooks,3,14,
1990-04-21,7,Five Minutes,Lorrie Morgan,1,12,
1990-04-21,8,"Walkin', Talkin', Cryin', Barely Beatin' Broken Heart",Highway 101,8,12,Gains In Performance
1990-04-21,9,Help Me Hold On,Travis Tritt,10,9,Gains In Performance
1990-04-21,10,Hard Rock Bottom Of Your Heart,Randy Travis,2,13,
1990-04-21,11,See If I Care,Shenandoah,16,11,Gains In Performance
1990-04-21,12,I've Cried My Last Tear For You,Ricky Van Shelton,17,8,Gains In Performance
1990-04-21,13,Seein' My Father In Me,Paul Overstreet,9,14,
1990-04-21,14,Right In The Wrong Direction,Vern Gosdin,14,12,Gains In Performance
1990-04-21,15,Ain't Nobody's Business,Hank Williams Jr.,15,11,Gains In Performance
1990-04-21,16,If Looks Could Kill,Rodney Crowell,19,8,Gains In Performance
1990-04-21,17,I'm Over You,Keith Whitley,18,9,Gains In Performance
1990-04-21,18,Bring Back Your Love To Me,Earl Thomas Conley,21,10,Gains In Performance
1990-04-21,19,Back Where I Come From,Mac McAnally,20,12,Gains In Performance
1990-04-21,20,Dumas Walker,The Kentucky Headhunters,24,11,Gains In Performance
1990-04-21,21,Chains,Patty Loveless,13,14,
1990-04-21,22,I Watched It All (On My Radio),Lionel Cartwright,26,7,Gains In Performance
1990-04-21,23,I'd Be Better Off (In A Pine Box),Doug Stone,23,9,Gains In Performance
1990-04-21,24,Quittin' Time,Mary Chapin Carpenter,11,14,
1990-04-21,25,Black Velvet,Robin Lee,29,8,Gains In Performance
1990-04-21,26,Walking Shoes,Tanya Tucker,33,5,Gains In Performance
1990-04-21,27,Silver Stallion,"Waylon, Willie, Johnny & Kris",28,10,Gains In Performance
1990-04-21,28,The Domino Theory,Steve Wariner,34,7,Gains In Performance
1990-04-21,29,On Second Thought,Eddie Rabbitt,25,14,
1990-04-21,30,No Matter How High,The Oak Ridge Boys,27,14,
1990-04-21,31,Oklahoma Swing,Vince Gill With Reba,22,14,
1990-04-21,32,Guardian Angels,The Judds,41,4,Gains In Performance
1990-04-21,33,Did It For Love,Sawyer Brown,36,12,Gains In Performance
1990-04-21,34,Fast Movin' Train,Restless Heart,32,14,
1990-04-21,35,In Another Lifetime,The Desert Rose Band,44,6,Gains In Performance
1990-04-21,36,Nobody's Home,Clint Black,37,14,
1990-04-21,37,Tell Me Why,Jann Browne,35,14,
1990-04-21,38,Sooner Or Later,Eddy Raven,30,14,
1990-04-21,39,She Came From Fort Worth,Kathy Mattea,50,4,Gains In Performance
1990-04-21,40,Black Coffee,Lacy J. Dalton,47,7,Gains In Performance
1990-04-21,41,Mister DJ,The Charlie Daniels Band,48,11,Gains In Performance
1990-04-21,42,Southern Star,Alabama,39,14,
1990-04-21,43,Leave It Alone,The Forester Sisters,40,14,
1990-04-21,44,Little Girl,Reba McEntire,42,14,
1990-04-21,45,Runnin' With The Wind,Eddie Rabbitt,58,4,
1990-04-21,46,My Arms Stay Open All Night,Tanya Tucker,43,14,
1990-04-21,47,Statue Of A Fool,Ricky Van Shelton,49,14,
1990-04-21,48,Start All Over Again,The Desert Rose Band,45,14,
1990-04-21,49,This Heart,Sweethearts Of The Rodeo,31,12,
1990-04-21,50,I Can't Turn The Tide,Baillie and the Boys,46,14,
1990-04-21,51,Where've You Been,Kathy Mattea,51,14,
1990-04-21,52,The Highway,Willie Nelson,54,10,Gains In Performance
1990-04-21,53,Overnight Success,George Strait,52,14,
1990-04-21,54,Is It Love,Foster & Lloyd,56,3,Gains In Performance
1990-04-21,55,One Man Woman,The Judds,57,14,
1990-04-21,56,Keep It In The Middle Of The Road,Exile,55,14,
1990-04-21,57,I Go To Pieces,Southern Pacific,65,4,Gains In Performance
1990-04-21,58,Maybe,Kenny Rogers (With Holly Dunn),53,10,
1990-04-21,59,If You Could Only See Me Now,T. Graham Brown,69,5,Gains In Performance
1990-04-21,60,Heartbreak Hurricane,Ricky Skaggs,60,14,
1990-04-28,1,Love On Arrival,Dan Seals,1,11,Gains In Performance
1990-04-28,2,Stranger Things Have Happened,Ronnie Milsap,2,12,Gains In Performance
1990-04-28,3,Here In The Real World,Alan Jackson,3,15,Gains In Performance
1990-04-28,4,"Walkin', Talkin', Cryin', Barely Beatin' Broken Heart",Highway 101,8,13,Gains In Performance
1990-04-28,5,Help Me Hold On,Travis Tritt,9,10,Gains In Performance
1990-04-28,6,Walkin' Away,Clint Black,5,8,
1990-04-28,7,See If I Care,Shenandoah,11,12,Gains In Performance
1990-04-28,8,I've Cried My Last Tear For You,Ricky Van Shelton,12,9,Gains In Performance
1990-04-28,9,Five Minutes,Lorrie Morgan,7,13,
1990-04-28,10,Right In The Wrong Direction,Vern Gosdin,14,13,Gains In Performance
1990-04-28,11,Hard Rock Bottom Of Your Heart,Randy Travis,10,14,
1990-04-28,12,Just As Long As I Have You,Don Williams,4,14,
1990-04-28,13,I'm Over You,Keith Whitley,17,10,Gains In Performance
1990-04-28,14,Not Counting You,Garth Brooks,6,15,
1990-04-28,15,If Looks Could Kill,Rodney Crowell,16,9,Gains In Performance
1990-04-28,16,Bring Back Your Love To Me,Earl Thomas Conley,18,11,Gains In Performance
1990-04-28,17,Back Where I Come From,Mac McAnally,19,13,Gains In Performance
1990-04-28,18,I'd Be Better Off (In A Pine Box),Doug Stone,23,10,Gains In Performance
1990-04-28,19,Seein' My Father In Me,Paul Overstreet,13,15,
1990-04-28,20,Dumas Walker,The Kentucky Headhunters,20,12,Gains In Performance
1990-04-28,21,Walking Shoes,Tanya Tucker,26,6,
1990-04-28,22,I Watched It All (On My Radio),Lionel Cartwright,22,8,Gains In Performance
1990-04-28,23,Black Velvet,Robin Lee,25,9,Gains In Performance
1990-04-28,24,Ain't Nobody's Business,Hank Williams Jr.,15,12,
1990-04-28,25,Silver Stallion,"Waylon, Willie, Johnny & Kris",27,11,Gains In Performance
1990-04-28,26,The Domino Theory,Steve Wariner,28,8,Gains In Performance
1990-04-28,27,Chains,Patty Loveless,21,15,
1990-04-28,28,Guardian Angels,The Judds,32,5,Gains In Performance
1990-04-28,29,Quittin' Time,Mary Chapin Carpenter,24,15,
1990-04-28,30,In Another Lifetime,The Desert Rose Band,35,7,Gains In Performance
1990-04-28,31,She Came From Fort Worth,Kathy Mattea,39,5,Gains In Performance
1990-04-28,32,On Second Thought,Eddie Rabbitt,29,15,
1990-04-28,33,No Matter How High,The Oak Ridge Boys,30,15,
1990-04-28,34,Black Coffee,Lacy J. Dalton,40,8,Gains In Performance
1990-04-28,35,Runnin' With The Wind,Eddie Rabbitt,45,5,Gains In Performance
1990-04-28,36,Mister DJ,The Charlie Daniels Band,41,12,Gains In Performance
1990-04-28,37,Fast Movin' Train,Restless Heart,34,15,
1990-04-28,38,Nobody's Home,Clint Black,36,15,
1990-04-28,39,Oklahoma Swing,Vince Gill With Reba,31,15,
1990-04-28,40,Southern Star,Alabama,42,15,
1990-04-28,41,Sooner Or Later,Eddy Raven,38,15,
1990-04-28,42,Did It For Love,Sawyer Brown,33,13,
1990-04-28,43,Leave It Alone,The Forester Sisters,43,15,
1990-04-28,44,Tell Me Why,Jann Browne,37,15,
1990-04-28,45,Little Girl,Reba McEntire,44,15,
1990-04-28,46,Statue Of A Fool,Ricky Van Shelton,47,15,
1990-04-28,47,Walk On,Reba McEntire,63,3,Gains In Performance
1990-04-28,48,I Can't Turn The Tide,Baillie and the Boys,50,15,
1990-04-28,49,Start All Over Again,The Desert Rose Band,48,15,
1990-04-28,50,I Go To Pieces,Southern Pacific,57,5,Gains In Performance
1990-04-28,51,Is It Love,Foster & Lloyd,54,4,Gains In Performance
1990-04-28,52,Pass It On Down,Alabama,NEW,1,Highest ranking debut|Gains In Performance
1990-04-28,53,The Highway,Willie Nelson,52,11,
1990-04-28,54,If You Could Only See Me Now,T. Graham Brown,59,6,Gains In Performance
1990-04-28,55,Fit To Be Tied Down,Conway Twitty,64,4,Gains In Performance
1990-04-28,56,Overnight Success,George Strait,53,15,
1990-04-28,57,Where've You Been,Kathy Mattea,51,15,
1990-04-28,58,Island,Eddy Raven,68,3,Gains In Performance
1990-04-28,59,One Man Woman,The Judds,55,15,
1990-04-28,60,Keep It In The Middle Of The Road,Exile,56,15,
1990-05-05,1,Love On Arrival,Dan Seals,1,12,
1990-05-05,2,Walkin' Away,Clint Black,6,9,Gains In Performance
1990-05-05,3,Help Me Hold On,Travis Tritt,5,11,Gains In Performance
1990-05-05,4,"Walkin', Talkin', Cryin', Barely Beatin' Broken Heart",Highway 101,4,14,
1990-05-05,5,Stranger Things Have Happened,Ronnie Milsap,2,13,
1990-05-05,6,Here In The Real World,Alan Jackson,3,16,
1990-05-05,7,See If I Care,Shenandoah,7,13,Gains In Performance
1990-05-05,8,I've Cried My Last Tear For You,Ricky Van Shelton,8,10,Gains In Performance
1990-05-05,9,I'm Over You,Keith Whitley,13,11,Gains In Performance
1990-05-05,10,If Looks Could Kill,Rodney Crowell,15,10,Gains In Performance
1990-05-05,11,Bring Back Your Love To Me,Earl Thomas Conley,16,12,Gains In Performance
1990-05-05,12,Black Velvet,Robin Lee,23,10,Gains In Performance
1990-05-05,13,I'd Be Better Off (In A Pine Box),Doug Stone,18,11,Gains In Performance
1990-05-05,14,Back Where I Come From,Mac McAnally,17,14,
1990-05-05,15,Dumas Walker,The Kentucky Headhunters,20,13,Gains In Performance
1990-05-05,16,Right In The Wrong Direction,Vern Gosdin,10,14,
1990-05-05,17,I Watched It All (On My Radio),Lionel Cartwright,22,9,Gains In Performance
1990-05-05,18,Walking Shoes,Tanya Tucker,21,7,Gains In Performance
1990-05-05,19,Five Minutes,Lorrie Morgan,9,14,
1990-05-05,20,Hard Rock Bottom Of Your Heart,Randy Travis,11,15,
1990-05-05,21,The Domino Theory,Steve Wariner,26,9,Gains In Performance
1990-05-05,22,Not Counting You,Garth Brooks,14,16,
1990-05-05,23,Just As Long As I Have You,Don Williams,12,15,
1990-05-05,24,Pass It On Down,Alabama,52,2,
1990-05-05,25,Seein' My Father In Me,Paul Overstreet,19,16,
1990-05-05,26,Guardian Angels,The Judds,28,6,Gains In Performance
1990-05-05,27,She Came From Fort Worth,Kathy Mattea,31,6,Gains In Performance
1990-05-05,28,Silver Stallion,"Waylon, Willie, Johnny & Kris",25,12,
1990-05-05,29,Chains,Patty Loveless,27,16,
1990-05-05,30,In Another Lifetime,The Desert Rose Band,30,8,Gains In Performance
1990-05-05,31,Runnin' With The Wind,Eddie Rabbitt,35,6,Gains In Performance
1990-05-05,32,Black Coffee,Lacy J. Dalton,34,9,Gains In Performance
1990-05-05,33,"Love Without End, Amen",George Strait,68,2,Gains In Performance
1990-05-05,34,No Matter How High,The Oak Ridge Boys,33,16,
1990-05-05,35,Ain't Nobody's Business,Hank Williams Jr.,24,13,
1990-05-05,36,On Second Thought,Eddie Rabbitt,32,16,
1990-05-05,37,Quittin' Time,Mary Chapin Carpenter,29,16,
1990-05-05,38,Mister DJ,The Charlie Daniels Band,36,13,
1990-05-05,39,Walk On,Reba McEntire,47,4,Gains In Performance
1990-05-05,40,Fast Movin' Train,Restless Heart,37,16,
1990-05-05,41,Nobody's Home,Clint Black,38,16,
1990-05-05,42,Sooner Or Later,Eddy Raven,41,16,
1990-05-05,43,Oklahoma Swing,Vince Gill With Reba,39,16,
1990-05-05,44,If You Could Only See Me Now,T. Graham Brown,54,7,Gains In Performance
1990-05-05,45,Southern Star,Alabama,40,16,
1990-05-05,46,Tell Me Why,Jann Browne,44,16,
1990-05-05,47,I Go To Pieces,Southern Pacific,50,6,Gains In Performance
1990-05-05,48,Dancy's Dream,Restless Heart,62,5,Gains In Performance
1990-05-05,49,Leave It Alone,The Forester Sisters,43,16,
1990-05-05,50,Little Girl,Reba McEntire,45,16,
1990-05-05,51,Statue Of A Fool,Ricky Van Shelton,46,16,
1990-05-05,52,Perfect,Baillie and the Boys,61,5,Gains In Performance
1990-05-05,53,Fit To Be Tied Down,Conway Twitty,55,5,Gains In Performance
1990-05-05,54,Island,Eddy Raven,58,4,Gains In Performance
1990-05-05,55,Did It For Love,Sawyer Brown,42,14,
1990-05-05,56,The Highway,Willie Nelson,53,12,
1990-05-05,57,Is It Love,Foster & Lloyd,51,5,
1990-05-05,58,Where've You Been,Kathy Mattea,57,16,
1990-05-05,59,Overnight Success,George Strait,56,16,
1990-05-05,60,One Man Woman,The Judds,59,16,
1990-05-12,1,Help Me Hold On,Travis Tritt,3,12,Gains In Performance
1990-05-12,2,Walkin' Away,Clint Black,2,10,Gains In Performance
1990-05-12,3,Love On Arrival,Dan Seals,1,13,
1990-05-12,4,I've Cried My Last Tear For You,Ricky Van Shelton,8,11,Gains In Performance
1990-05-12,5,I'm Over You,Keith Whitley,9,12,Gains In Performance
1990-05-12,6,See If I Care,Shenandoah,7,14,Gains In Performance
1990-05-12,7,"Walkin', Talkin', Cryin', Barely Beatin' Broken Heart",Highway 101,4,15,
1990-05-12,8,If Looks Could Kill,Rodney Crowell,10,11,Gains In Performance
1990-05-12,9,Here In The Real World,Alan Jackson,6,17,
1990-05-12,10,I'd Be Better Off (In A Pine Box),Doug Stone,13,12,Gains In Performance
1990-05-12,11,Bring Back Your Love To Me,Earl Thomas Conley,11,13,Gains In Performance
1990-05-12,12,Black Velvet,Robin Lee,12,11,Gains In Performance
1990-05-12,13,I Watched It All (On My Radio),Lionel Cartwright,17,10,Gains In Performance
1990-05-12,14,Stranger Things Have Happened,Ronnie Milsap,5,14,
1990-05-12,15,Dumas Walker,The Kentucky Headhunters,15,14,Gains In Performance
1990-05-12,16,Walking Shoes,Tanya Tucker,18,8,Gains In Performance
1990-05-12,17,The Domino Theory,Steve Wariner,21,10,Gains In Performance
1990-05-12,18,Pass It On Down,Alabama,24,3,Gains In Performance
1990-05-12,19,Guardian Angels,The Judds,26,7,Gains In Performance
1990-05-12,20,In Another Lifetime,The Desert Rose Band,30,9,Gains In Performance
1990-05-12,21,"Love Without End, Amen",George Strait,33,3,
1990-05-12,22,She Came From Fort Worth,Kathy Mattea,27,7,Gains In Performance
1990-05-12,23,Five Minutes,Lorrie Morgan,19,15,
1990-05-12,24,Back Where I Come From,Mac McAnally,14,15,
1990-05-12,25,Just As Long As I Have You,Don Williams,23,16,
1990-05-12,26,Hard Rock Bottom Of Your Heart,Randy Travis,20,16,
1990-05-12,27,Runnin' With The Wind,Eddie Rabbitt,31,7,Gains In Performance
1990-05-12,28,Walk On,Reba McEntire,39,5,Gains In Performance
1990-05-12,29,Black Coffee,Lacy J. Dalton,32,10,Gains In Performance
1990-05-12,30,Seein' My Father In Me,Paul Overstreet,25,17,
1990-05-12,31,Chains,Patty Loveless,29,17,
1990-05-12,32,Not Counting You,Garth Brooks,22,17,
1990-05-12,33,Right In The Wrong Direction,Vern Gosdin,16,15,
1990-05-12,34,Mister DJ,The Charlie Daniels Band,38,14,Gains In Performance
1990-05-12,35,If You Could Only See Me Now,T. Graham Brown,44,8,Gains In Performance
1990-05-12,36,On Second Thought,Eddie Rabbitt,36,17,
1990-05-12,37,No Matter How High,The Oak Ridge Boys,34,17,
1990-05-12,38,Dancy's Dream,Restless Heart,48,6,Gains In Performance
1990-05-12,39,Quittin' Time,Mary Chapin Carpenter,37,17,
1990-05-12,40,Silver Stallion,"Waylon, Willie, Johnny & Kris",28,13,
1990-05-12,41,I Go To Pieces,Southern Pacific,47,7,Gains In Performance
1990-05-12,42,Fast Movin' Train,Restless Heart,40,17,
1990-05-12,43,Nobody's Home,Clint Black,41,17,Gains In Performance
1990-05-12,44,Southern Star,Alabama,45,17,
1990-05-12,45,Perfect,Baillie and the Boys,52,6,Gains In Performance
1990-05-12,46,Sooner Or Later,Eddy Raven,42,17,
1990-05-12,47,Island,Eddy Raven,54,5,Gains In Performance
1990-05-12,48,Oklahoma Swing,Vince Gill With Reba,43,17,
1990-05-12,49,Fit To Be Tied Down,Conway Twitty,53,6,Gains In Performance
1990-05-12,50,Little Girl,Reba McEntire,50,17,
1990-05-12,51,Is It Love,Foster & Lloyd,57,6,Gains In Performance
1990-05-12,52,The Highway,Willie Nelson,56,13,
1990-05-12,53,Ain't Nobody's Business,Hank Williams Jr.,35,14,
1990-05-12,54,Statue Of A Fool,Ricky Van Shelton,51,17,
1990-05-12,55,Leave It Alone,The Forester Sisters,49,17,
1990-05-12,56,The Dance,Garth Brooks,68,4,Gains In Performance
1990-05-12,57,Tell Me Why,Jann Browne,46,17,
1990-05-12,58,Where've You Been,Kathy Mattea,58,17,
1990-05-12,59,Hummingbird,Ricky Skaggs,66,5,Gains In Performance
1990-05-12,60,Did It For Love,Sawyer Brown,55,15,
1990-05-19,1,Walkin' Away,Clint Black,2,11,Gains In Performance
1990-05-19,2,Help Me Hold On,Travis Tritt,1,13,
1990-05-19,3,I've Cried My Last Tear For You,Ricky Van Shelton,4,12,Gains In Performance
1990-05-19,4,I'm Over You,Keith Whitley,5,13,Gains In Performance
1990-05-19,5,Love On Arrival,Dan Seals,3,14,
1990-05-19,6,If Looks Could Kill,Rodney Crowell,8,12,Gains In Performance
1990-05-19,7,I'd Be Better Off (In A Pine Box),Doug Stone,10,13,Gains In Performance
1990-05-19,8,Walking Shoes,Tanya Tucker,16,9,Gains In Performance
1990-05-19,9,"Love Without End, Amen",George Strait,21,4,Gains In Performance
1990-05-19,10,Pass It On Down,Alabama,18,4,Gains In Performance
1990-05-19,11,I Watched It All (On My Radio),Lionel Cartwright,13,11,Gains In Performance
1990-05-19,12,Black Velvet,Robin Lee,12,12,Gains In Performance
1990-05-19,13,Bring Back Your Love To Me,Earl Thomas Conley,11,14,
1990-05-19,14,The Domino Theory,Steve Wariner,17,11,Gains In Performance
1990-05-19,15,Here In The Real World,Alan Jackson,9,18,
1990-05-19,16,Dumas Walker,The Kentucky Headhunters,15,15,
1990-05-19,17,She Came From Fort Worth,Kathy Mattea,22,8,Gains In Performance
1990-05-19,18,See If I Care,Shenandoah,6,15,
1990-05-19,19,In Another Lifetime,The Desert Rose Band,20,10,Gains In Performance
1990-05-19,20,Walk On,Reba McEntire,28,6,Gains In Performance
1990-05-19,21,"Walkin', Talkin', Cryin', Barely Beatin' Broken Heart",Highway 101,7,16,
1990-05-19,22,Guardian Angels,The Judds,19,8,
1990-05-19,23,Stranger Things Have Happened,Ronnie Milsap,14,15,
1990-05-19,24,Runnin' With The Wind,Eddie Rabbitt,27,8,Gains In Performance
1990-05-19,25,Black Coffee,Lacy J. Dalton,29,11,Gains In Performance
1990-05-19,26,Five Minutes,Lorrie Morgan,23,16,
1990-05-19,27,Hard Rock Bottom Of Your Heart,Randy Travis,26,17,
1990-05-19,28,Just As Long As I Have You,Don Williams,25,17,
1990-05-19,29,Dancy's Dream,Restless Heart,38,7,Gains In Performance
1990-05-19,30,If You Could Only See Me Now,T. Graham Brown,35,9,Gains In Performance
1990-05-19,31,Chains,Patty Loveless,31,18,
1990-05-19,32,Seein' My Father In Me,Paul Overstreet,30,18,
1990-05-19,33,Back Where I Come From,Mac McAnally,24,16,
1990-05-19,34,Not Counting You,Garth Brooks,32,18,
1990-05-19,35,Mister DJ,The Charlie Daniels Band,34,15,
1990-05-19,36,I Go To Pieces,Southern Pacific,41,8,Gains In Performance
1990-05-19,37,On Second Thought,Eddie Rabbitt,36,18,
1990-05-19,38,No Matter How High,The Oak Ridge Boys,37,18,
1990-05-19,39,Perfect,Baillie and the Boys,45,7,Gains In Performance
1990-05-19,40,Quittin' Time,Mary Chapin Carpenter,39,18,
1990-05-19,41,Island,Eddy Raven,47,6,Gains In Performance
1990-05-19,42,The Dance,Garth Brooks,56,5,Gains In Performance
1990-05-19,43,Right In The Wrong Direction,Vern Gosdin,33,16,
1990-05-19,44,He Walked On Water,Randy Travis,72,2,
1990-05-19,45,Fit To Be Tied Down,Conway Twitty,49,7,Gains In Performance
1990-05-19,46,Fast Movin' Train,Restless Heart,42,18,
1990-05-19,47,Southern Star,Alabama,44,18,
1990-05-19,48,Is It Love,Foster & Lloyd,51,7,Gains In Performance
1990-05-19,49,Sooner Or Later,Eddy Raven,46,18,
1990-05-19,50,Silver Stallion,"Waylon, Willie, Johnny & Kris",40,14,
1990-05-19,51,Nobody's Talking,Exile,62,6,Gains In Performance
1990-05-19,52,Hummingbird,Ricky Skaggs,59,6,Gains In Performance
1990-05-19,53,Little Girl,Reba McEntire,50,18,
1990-05-19,54,Oklahoma Swing,Vince Gill With Reba,48,18,
1990-05-19,55,Leave It Alone,The Forester Sisters,55,18,
1990-05-19,56,Statue Of A Fool,Ricky Van Shelton,54,18,
1990-05-19,57,Where've You Been,Kathy Mattea,58,18,
1990-05-19,58,Tell Me Why,Jann Browne,57,18,
1990-05-19,59,Ain't Nobody's Business,Hank Williams Jr.,53,15,
1990-05-19,60,One Man Woman,The Judds,63,18,
1990-05-26,1,Walkin' Away,Clint Black,1,12,
1990-05-26,2,I've Cried My Last Tear For You,Ricky Van Shelton,3,13,Gains In Performance
1990-05-26,3,I'm Over You,Keith Whitley,4,14,Gains In Performance
1990-05-26,4,I'd Be Better Off (In A Pine Box),Doug Stone,7,14,Gains In Performance
1990-05-26,5,"Love Without End, Amen",George Strait,9,5,Gains In Performance
1990-05-26,6,Help Me Hold On,Travis Tritt,2,14,
1990-05-26,7,Walking Shoes,Tanya Tucker,8,10,Gains In Performance
1990-05-26,8,I Watched It All (On My Radio),Lionel Cartwright,11,12,Gains In Performance
1990-05-26,9,Pass It On Down,Alabama,10,5,Gains In Performance
1990-05-26,10,The Domino Theory,Steve Wariner,14,12,Gains In Performance
1990-05-26,11,If Looks Could Kill,Rodney Crowell,6,13,
1990-05-26,12,Walk On,Reba McEntire,20,7,Gains In Performance
1990-05-26,13,Love On Arrival,Dan Seals,5,15,
1990-05-26,14,She Came From Fort Worth,Kathy Mattea,17,9,Gains In Performance
1990-05-26,15,Black Velvet,Robin Lee,12,13,
1990-05-26,16,In Another Lifetime,The Desert Rose Band,19,11,Gains In Performance
1990-05-26,17,Guardian Angels,The Judds,22,9,Gains In Performance
1990-05-26,18,Runnin' With The Wind,Eddie Rabbitt,24,9,Gains In Performance
1990-05-26,19,Black Coffee,Lacy J. Dalton,25,12,Gains In Performance
1990-05-26,20,Here In The Real World,Alan Jackson,15,19,
1990-05-26,21,Dumas Walker,The Kentucky Headhunters,16,16,
1990-05-26,22,Dancy's Dream,Restless Heart,29,8,Gains In Performance
1990-05-26,23,Stranger Things Have Happened,Ronnie Milsap,23,16,
1990-05-26,24,Bring Back Your Love To Me,Earl Thomas Conley,13,15,
1990-05-26,25,Five Minutes,Lorrie Morgan,26,17,
1990-05-26,26,If You Could Only See Me Now,T. Graham Brown,30,10,Gains In Performance
1990-05-26,27,He Walked On Water,Randy Travis,44,3,
1990-05-26,28,"Walkin', Talkin', Cryin', Barely Beatin' Broken Heart",Highway 101,21,17,
1990-05-26,29,See If I Care,Shenandoah,18,16,
1990-05-26,30,The Dance,Garth Brooks,42,6,Gains In Performance
1990-05-26,31,Island,Eddy Raven,41,7,Gains In Performance
1990-05-26,32,Hard Rock Bottom Of Your Heart,Randy Travis,27,18,
1990-05-26,33,Just As Long As I Have You,Don Williams,28,18,
1990-05-26,34,Perfect,Baillie and the Boys,39,8,Gains In Performance
1990-05-26,35,Chains,Patty Loveless,31,19,
1990-05-26,36,I Go To Pieces,Southern Pacific,36,9,Gains In Performance
1990-05-26,37,Seein' My Father In Me,Paul Overstreet,32,19,
1990-05-26,38,On Second Thought,Eddie Rabbitt,37,19,
1990-05-26,39,Not Counting You,Garth Brooks,34,19,
1990-05-26,40,No Matter How High,The Oak Ridge Boys,38,19,
1990-05-26,41,Fit To Be Tied Down,Conway Twitty,45,8,Gains In Performance
1990-05-26,42,Hummingbird,Ricky Skaggs,52,7,Gains In Performance
1990-05-26,43,Is It Love,Foster & Lloyd,48,8,Gains In Performance
1990-05-26,44,Quittin' Time,Mary Chapin Carpenter,40,19,
1990-05-26,45,Back Where I Come From,Mac McAnally,33,17,
1990-05-26,46,Nobody's Talking,Exile,51,7,Gains In Performance
1990-05-26,47,Mister DJ,The Charlie Daniels Band,35,16,
1990-05-26,48,Southern Star,Alabama,47,19,
1990-05-26,49,Fast Movin' Train,Restless Heart,46,19,
1990-05-26,50,Right In The Wrong Direction,Vern Gosdin,43,17,
1990-05-26,51,On Down The Line,Patty Loveless,66,3,Gains In Performance
1990-05-26,52,Little Girl,Reba McEntire,53,19,
1990-05-26,53,Hillbilly Rock,Marty Stuart,62,7,Gains In Performance
1990-05-26,54,Sooner Or Later,Eddy Raven,49,19,
1990-05-26,55,Searchin' For Some Kind Of Clue,Billy Joe Royal,61,4,Gains In Performance
1990-05-26,56,"Good Friends, Good Whiskey, Good Lovin'",Hank Williams Jr.,73,2,Gains In Performance
1990-05-26,57,White Limozeen,Dolly Parton,71,4,Gains In Performance
1990-05-26,58,Oklahoma Swing,Vince Gill With Reba,54,19,
1990-05-26,59,Richest Man On Earth,Paul Overstreet,70,2,Gains In Performance
1990-05-26,60,Silver Stallion,"Waylon, Willie, Johnny & Kris",50,15,
1990-06-02,1,I've Cried My Last Tear For You,Ricky Van Shelton,2,14,Gains In Performance
1990-06-02,2,Walkin' Away,Clint Black,1,13,
1990-06-02,3,"Love Without End, Amen",George Strait,5,6,Gains In Performance
1990-06-02,4,Walking Shoes,Tanya Tucker,7,11,Gains In Performance
1990-06-02,5,I'm Over You,Keith Whitley,3,15,
1990-06-02,6,I'd Be Better Off (In A Pine Box),Doug Stone,4,15,
1990-06-02,7,Help Me Hold On,Travis Tritt,6,15,
1990-06-02,8,Pass It On Down,Alabama,9,6,Gains In Performance
1990-06-02,9,I Watched It All (On My Radio),Lionel Cartwright,8,13,
1990-06-02,10,The Domino Theory,Steve Wariner,10,13,Gains In Performance
1990-06-02,11,She Came From Fort Worth,Kathy Mattea,14,10,Gains In Performance
1990-06-02,12,Walk On,Reba McEntire,12,8,Gains In Performance
1990-06-02,13,In Another Lifetime,The Desert Rose Band,16,12,Gains In Performance
1990-06-02,14,Runnin' With The Wind,Eddie Rabbitt,18,10,Gains In Performance
1990-06-02,15,Black Coffee,Lacy J. Dalton,19,13,Gains In Performance
1990-06-02,16,Guardian Angels,The Judds,17,10,Gains In Performance
1990-06-02,17,Black Velvet,Robin Lee,15,14,
1990-06-02,18,The Dance,Garth Brooks,30,7,Gains In Performance
1990-06-02,19,Dancy's Dream,Restless Heart,22,9,Gains In Performance
1990-06-02,20,Love On Arrival,Dan Seals,13,16,
1990-06-02,21,If Looks Could Kill,Rodney Crowell,11,14,
1990-06-02,22,He Walked On Water,Randy Travis,27,4,Gains In Performance
1990-06-02,23,If You Could Only See Me Now,T. Graham Brown,26,11,Gains In Performance
1990-06-02,24,Here In The Real World,Alan Jackson,20,20,
1990-06-02,25,Dumas Walker,The Kentucky Headhunters,21,17,
1990-06-02,26,Stranger Things Have Happened,Ronnie Milsap,23,17,
1990-06-02,27,Island,Eddy Raven,31,8,Gains In Performance
1990-06-02,28,Perfect,Baillie and the Boys,34,9,Gains In Performance
1990-06-02,29,Five Minutes,Lorrie Morgan,25,18,
1990-06-02,30,Hard Rock Bottom Of Your Heart,Randy Travis,32,19,
1990-06-02,31,I Go To Pieces,Southern Pacific,36,10,Gains In Performance
1990-06-02,32,Just As Long As I Have You,Don Williams,33,19,
1990-06-02,33,Bring Back Your Love To Me,Earl Thomas Conley,24,16,
1990-06-02,34,Fit To Be Tied Down,Conway Twitty,41,9,Gains In Performance
1990-06-02,35,Chains,Patty Loveless,35,20,
1990-06-02,36,Seein' My Father In Me,Paul Overstreet,37,20,
1990-06-02,37,Nobody's Talking,Exile,46,8,Gains In Performance
1990-06-02,38,Hummingbird,Ricky Skaggs,42,8,Gains In Performance
1990-06-02,39,"Walkin', Talkin', Cryin', Barely Beatin' Broken Heart",Highway 101,28,18,
1990-06-02,40,On Down The Line,Patty Loveless,51,4,Gains In Performance
1990-06-02,41,See If I Care,Shenandoah,29,17,
1990-06-02,42,No Matter How High,The Oak Ridge Boys,40,20,
1990-06-02,43,On Second Thought,Eddie Rabbitt,38,20,
1990-06-02,44,Not Counting You,Garth Brooks,39,20,
1990-06-02,45,"Good Friends, Good Whiskey, Good Lovin'",Hank Williams Jr.,56,3,
1990-06-02,46,Is It Love,Foster & Lloyd,43,9,
1990-06-02,47,Quittin' Time,Mary Chapin Carpenter,44,20,
1990-06-02,48,Searchin' For Some Kind Of Clue,Billy Joe Royal,55,5,Gains In Performance
1990-06-02,49,Back Where I Come From,Mac McAnally,45,18,
1990-06-02,50,Hillbilly Rock,Marty Stuart,53,8,Gains In Performance
1990-06-02,51,Southern Star,Alabama,48,20,
1990-06-02,52,White Limozeen,Dolly Parton,57,5,Gains In Performance
1990-06-02,53,Fast Movin' Train,Restless Heart,49,20,
1990-06-02,54,Richest Man On Earth,Paul Overstreet,59,3,Gains In Performance
1990-06-02,55,Sooner Or Later,Eddy Raven,54,20,
1990-06-02,56,Mister DJ,The Charlie Daniels Band,47,17,
1990-06-02,57,He Talks To Me,Lorrie Morgan,67,3,Gains In Performance
1990-06-02,58,Puttin' The Dark Back Into The Night,Sawyer Brown,65,5,Gains In Performance
1990-06-02,59,Little Girl,Reba McEntire,52,20,
1990-06-02,60,This Side Of Goodbye,Highway 101,68,3,Gains In Performance
1990-06-09,1,"Love Without End, Amen",George Strait,3,7,Gains In Performance
1990-06-09,2,I've Cried My Last Tear For You,Ricky Van Shelton,1,15,
1990-06-09,3,Walking Shoes,Tanya Tucker,4,12,Gains In Performance
1990-06-09,4,She Came From Fort Worth,Kathy Mattea,11,11,Gains In Performance
1990-06-09,5,Pass It On Down,Alabama,8,7,Gains In Performance
1990-06-09,6,Walkin' Away,Clint Black,2,14,
1990-06-09,7,I'd Be Better Off (In A Pine Box),Doug Stone,6,16,
1990-06-09,8,I'm Over You,Keith Whitley,5,16,
1990-06-09,9,The Domino Theory,Steve Wariner,10,14,
1990-06-09,10,Walk On,Reba McEntire,12,9,Gains In Performance
1990-06-09,11,Help Me Hold On,Travis Tritt,7,16,
1990-06-09,12,Runnin' With The Wind,Eddie Rabbitt,14,11,Gains In Performance
1990-06-09,13,The Dance,Garth Brooks,18,8,Gains In Performance
1990-06-09,14,I Watched It All (On My Radio),Lionel Cartwright,9,14,
1990-06-09,15,In Another Lifetime,The Desert Rose Band,13,13,
1990-06-09,16,Black Coffee,Lacy J. Dalton,15,14,
1990-06-09,17,Dancy's Dream,Restless Heart,19,10,Gains In Performance
1990-06-09,18,Guardian Angels,The Judds,16,11,
1990-06-09,19,He Walked On Water,Randy Travis,22,5,Gains In Performance
1990-06-09,20,If You Could Only See Me Now,T. Graham Brown,23,12,Gains In Performance
1990-06-09,21,Island,Eddy Raven,27,9,Gains In Performance
1990-06-09,22,Love On Arrival,Dan Seals,20,17,
1990-06-09,23,Perfect,Baillie and the Boys,28,10,Gains In Performance
1990-06-09,24,Black Velvet,Robin Lee,17,15,
1990-06-09,25,Here In The Real World,Alan Jackson,24,21,
1990-06-09,26,On Down The Line,Patty Loveless,40,5,
1990-06-09,27,Nobody's Talking,Exile,37,9,Gains In Performance
1990-06-09,28,Five Minutes,Lorrie Morgan,29,19,
1990-06-09,29,Dumas Walker,The Kentucky Headhunters,25,18,
1990-06-09,30,Hummingbird,Ricky Skaggs,38,9,Gains In Performance
1990-06-09,31,If Looks Could Kill,Rodney Crowell,21,15,
1990-06-09,32,Stranger Things Have Happened,Ronnie Milsap,26,18,
1990-06-09,33,"Good Friends, Good Whiskey, Good Lovin'",Hank Williams Jr.,45,4,Gains In Performance
1990-06-09,34,Fit To Be Tied Down,Conway Twitty,34,10,Gains In Performance
1990-06-09,35,Hard Rock Bottom Of Your Heart,Randy Travis,30,20,
1990-06-09,36,Searchin' For Some Kind Of Clue,Billy Joe Royal,48,6,Gains In Performance
1990-06-09,37,Just As Long As I Have You,Don Williams,32,20,
1990-06-09,38,Chains,Patty Loveless,35,21,
1990-06-09,39,Seein' My Father In Me,Paul Overstreet,36,21,
1990-06-09,40,Hillbilly Rock,Marty Stuart,50,9,Gains In Performance
1990-06-09,41,No Matter How High,The Oak Ridge Boys,42,21,
1990-06-09,42,"Walkin', Talkin', Cryin', Barely Beatin' Broken Heart",Highway 101,39,19,
1990-06-09,43,White Limozeen,Dolly Parton,52,6,Gains In Performance
1990-06-09,44,Richest Man On Earth,Paul Overstreet,54,4,Gains In Performance
1990-06-09,45,I Go To Pieces,Southern Pacific,31,11,
1990-06-09,46,See If I Care,Shenandoah,41,18,
1990-06-09,47,Not Counting You,Garth Brooks,44,21,
1990-06-09,48,Is It Love,Foster & Lloyd,46,10,
1990-06-09,49,This Side Of Goodbye,Highway 101,60,4,Gains In Performance
1990-06-09,50,He Talks To Me,Lorrie Morgan,57,4,Gains In Performance
1990-06-09,51,Bring Back Your Love To Me,Earl Thomas Conley,33,17,
1990-06-09,52,Quittin' Time,Mary Chapin Carpenter,47,21,
1990-06-09,53,Fast Movin' Train,Restless Heart,53,21,
1990-06-09,54,Puttin' The Dark Back Into The Night,Sawyer Brown,58,6,Gains In Performance
1990-06-09,55,Sooner Or Later,Eddy Raven,55,21,
1990-06-09,56,Wrong,Waylon Jennings,65,4,Gains In Performance
1990-06-09,57,Oh Lonesome Me,The Kentucky Headhunters,66,3,Gains In Performance
1990-06-09,58,Good Times,Dan Seals,80,2,Highest ranking debut|Gains In Performance
1990-06-09,59,Back Where I Come From,Mac McAnally,49,19,
1990-06-09,60,When I Call Your Name,Vince Gill,62,4,Gains In Performance
1990-06-16,1,"Love Without End, Amen",George Strait,1,8,Gains In Performance
1990-06-16,2,She Came From Fort Worth,Kathy Mattea,4,12,Gains In Performance
1990-06-16,3,Pass It On Down,Alabama,5,8,Gains In Performance
1990-06-16,4,Walking Shoes,Tanya Tucker,3,13,
1990-06-16,5,Walk On,Reba McEntire,10,10,Gains In Performance
1990-06-16,6,I've Cried My Last Tear For You,Ricky Van Shelton,2,16,
1990-06-16,7,The Domino Theory,Steve Wariner,9,15,
1990-06-16,8,Runnin' With The Wind,Eddie Rabbitt,12,12,Gains In Performance
1990-06-16,9,Walkin' Away,Clint Black,6,15,
1990-06-16,10,The Dance,Garth Brooks,13,9,Gains In Performance
1990-06-16,11,Dancy's Dream,Restless Heart,17,11,Gains In Performance
1990-06-16,12,I'm Over You,Keith Whitley,8,17,
1990-06-16,13,I'd Be Better Off (In A Pine Box),Doug Stone,7,17,
1990-06-16,14,He Walked On Water,Randy Travis,19,6,Gains In Performance
1990-06-16,15,Black Coffee,Lacy J. Dalton,16,15,Gains In Performance
1990-06-16,16,If You Could Only See Me Now,T. Graham Brown,20,13,Gains In Performance
1990-06-16,17,In Another Lifetime,The Desert Rose Band,15,14,
1990-06-16,18,Guardian Angels,The Judds,18,12,
1990-06-16,19,Help Me Hold On,Travis Tritt,11,17,
1990-06-16,20,Island,Eddy Raven,21,10,Gains In Performance
1990-06-16,21,On Down The Line,Patty Loveless,26,6,
1990-06-16,22,Nobody's Talking,Exile,27,10,Gains In Performance
1990-06-16,23,Perfect,Baillie and the Boys,23,11,Gains In Performance
1990-06-16,24,I Watched It All (On My Radio),Lionel Cartwright,14,15,
1990-06-16,25,Hummingbird,Ricky Skaggs,30,10,Gains In Performance
1990-06-16,26,"Good Friends, Good Whiskey, Good Lovin'",Hank Williams Jr.,33,5,Gains In Performance
1990-06-16,27,Searchin' For Some Kind Of Clue,Billy Joe Royal,36,7,Gains In Performance
1990-06-16,28,Love On Arrival,Dan Seals,22,18,
1990-06-16,29,Here In The Real World,Alan Jackson,25,22,
1990-06-16,30,Fit To Be Tied Down,Conway Twitty,34,11,Gains In Performance
1990-06-16,31,Richest Man On Earth,Paul Overstreet,44,5,Gains In Performance
1990-06-16,32,Five Minutes,Lorrie Morgan,28,20,
1990-06-16,33,Stranger Things Have Happened,Ronnie Milsap,32,19,
1990-06-16,34,Hard Rock Bottom Of Your Heart,Randy Travis,35,21,
1990-06-16,35,Just As Long As I Have You,Don Williams,37,21,
1990-06-16,36,Hillbilly Rock,Marty Stuart,40,10,Gains In Performance
1990-06-16,37,Dumas Walker,The Kentucky Headhunters,29,19,
1990-06-16,38,This Side Of Goodbye,Highway 101,49,5,Gains In Performance
1990-06-16,39,White Limozeen,Dolly Parton,43,7,Gains In Performance
1990-06-16,40,He Talks To Me,Lorrie Morgan,50,5,Gains In Performance
1990-06-16,41,Seein' My Father In Me,Paul Overstreet,39,22,
1990-06-16,42,Black Velvet,Robin Lee,24,16,
1990-06-16,43,Chains,Patty Loveless,38,22,
1990-06-16,44,Good Times,Dan Seals,58,3,Gains In Performance
1990-06-16,45,If Looks Could Kill,Rodney Crowell,31,16,
1990-06-16,46,Oh Lonesome Me,The Kentucky Headhunters,57,4,Gains In Performance
1990-06-16,47,Not Counting You,Garth Brooks,47,22,
1990-06-16,48,See If I Care,Shenandoah,46,19,
1990-06-16,49,Wrong,Waylon Jennings,56,5,Gains In Performance
1990-06-16,50,"Walkin', Talkin', Cryin', Barely Beatin' Broken Heart",Highway 101,42,20,
1990-06-16,51,Puttin' The Dark Back Into The Night,Sawyer Brown,54,7,Gains In Performance
1990-06-16,52,Quittin' Time,Mary Chapin Carpenter,52,22,
1990-06-16,53,When I Call Your Name,Vince Gill,60,5,Gains In Performance
1990-06-16,54,I Go To Pieces,Southern Pacific,45,12,
1990-06-16,55,Bring Back Your Love To Me,Earl Thomas Conley,51,18,
1990-06-16,56,Is It Love,Foster & Lloyd,48,11,
1990-06-16,57,Till I See You Again,Kevin Welch,61,7,Gains In Performance
1990-06-16,58,Knowin' You Were Leavin',Les Taylor,64,11,Gains In Performance
1990-06-16,59,Sooner Or Later,Eddy Raven,55,22,
1990-06-16,60,I'm Gonna Be Somebody,Travis Tritt,79,2,Highest ranking debut|Gains In Performance
1990-06-23,1,"Love Without End, Amen",George Strait,1,9,Gains In Performance
1990-06-23,2,Walk On,Reba McEntire,5,11,Gains In Performance
1990-06-23,3,Pass It On Down,Alabama,3,9,Gains In Performance
1990-06-23,4,She Came From Fort Worth,Kathy Mattea,2,13,
1990-06-23,5,Dancy's Dream,Restless Heart,11,12,Gains In Performance
1990-06-23,6,The Dance,Garth Brooks,10,10,Gains In Performance
1990-06-23,7,He Walked On Water,Randy Travis,14,7,Gains In Performance
1990-06-23,8,Runnin' With The Wind,Eddie Rabbitt,8,13,Gains In Performance
1990-06-23,9,If You Could Only See Me Now,T. Graham Brown,16,14,Gains In Performance
1990-06-23,10,I've Cried My Last Tear For You,Ricky Van Shelton,6,17,
1990-06-23,11,Walking Shoes,Tanya Tucker,4,14,
1990-06-23,12,I'm Over You,Keith Whitley,12,18,
1990-06-23,13,Walkin' Away,Clint Black,9,16,
1990-06-23,14,Island,Eddy Raven,20,11,Gains In Performance
1990-06-23,15,On Down The Line,Patty Loveless,21,7,Gains In Performance
1990-06-23,16,I'd Be Better Off (In A Pine Box),Doug Stone,13,18,
1990-06-23,17,Nobody's Talking,Exile,22,11,Gains In Performance
1990-06-23,18,Black Coffee,Lacy J. Dalton,15,16,
1990-06-23,19,Help Me Hold On,Travis Tritt,19,18,
1990-06-23,20,Guardian Angels,The Judds,18,13,
1990-06-23,21,In Another Lifetime,The Desert Rose Band,17,15,
1990-06-23,22,"Good Friends, Good Whiskey, Good Lovin'",Hank Williams Jr.,26,6,Gains In Performance
1990-06-23,23,The Domino Theory,Steve Wariner,7,16,
1990-06-23,24,Hummingbird,Ricky Skaggs,25,11,Gains In Performance
1990-06-23,25,Richest Man On Earth,Paul Overstreet,31,6,Gains In Performance
1990-06-23,26,Searchin' For Some Kind Of Clue,Billy Joe Royal,27,8,Gains In Performance
1990-06-23,27,Perfect,Baillie and the Boys,23,12,
1990-06-23,28,Hillbilly Rock,Marty Stuart,36,11,Gains In Performance
1990-06-23,29,I Watched It All (On My Radio),Lionel Cartwright,24,16,
1990-06-23,30,This Side Of Goodbye,Highway 101,38,6,Gains In Performance
1990-06-23,31,Here In The Real World,Alan Jackson,29,23,
1990-06-23,32,Good Times,Dan Seals,44,4,Gains In Performance
1990-06-23,33,He Talks To Me,Lorrie Morgan,40,6,Gains In Performance
1990-06-23,34,Five Minutes,Lorrie Morgan,32,21,
1990-06-23,35,White Limozeen,Dolly Parton,39,8,Gains In Performance
1990-06-23,36,Fit To Be Tied Down,Conway Twitty,30,12,
1990-06-23,37,Oh Lonesome Me,The Kentucky Headhunters,46,5,Gains In Performance
1990-06-23,38,Stranger Things Have Happened,Ronnie Milsap,33,20,
1990-06-23,39,Hard Rock Bottom Of Your Heart,Randy Travis,34,22,
1990-06-23,40,Love On Arrival,Dan Seals,28,19,
1990-06-23,41,Just As Long As I Have You,Don Williams,35,22,
1990-06-23,42,Wrong,Waylon Jennings,49,6,Gains In Performance
1990-06-23,43,Chains,Patty Loveless,43,23,
1990-06-23,44,Dumas Walker,The Kentucky Headhunters,37,20,
1990-06-23,45,Seein' My Father In Me,Paul Overstreet,41,23,
1990-06-23,46,I'm Gonna Be Somebody,Travis Tritt,60,3,
1990-06-23,47,Puttin' The Dark Back Into The Night,Sawyer Brown,51,8,Gains In Performance
1990-06-23,48,When I Call Your Name,Vince Gill,53,6,Gains In Performance
1990-06-23,49,Black Velvet,Robin Lee,42,17,
1990-06-23,50,If Looks Could Kill,Rodney Crowell,45,17,
1990-06-23,51,"Next To You, Next To Me",Shenandoah,61,3,Gains In Performance
1990-06-23,52,Not Counting You,Garth Brooks,47,23,
1990-06-23,53,Wanted,Alan Jackson,76,2,Highest ranking debut|Gains In Performance
1990-06-23,54,"Walkin', Talkin', Cryin', Barely Beatin' Broken Heart",Highway 101,50,21,
1990-06-23,55,Quittin' Time,Mary Chapin Carpenter,52,23,
1990-06-23,56,Till I See You Again,Kevin Welch,57,8,Gains In Performance
1990-06-23,57,See If I Care,Shenandoah,48,20,
1990-06-23,58,New Kind Of Love,Michelle Wright,64,6,Gains In Performance
1990-06-23,59,Bring Back Your Love To Me,Earl Thomas Conley,55,19,
1990-06-23,60,I Go To Pieces,Southern Pacific,54,13,
1990-06-30,1,"Love Without End, Amen",George Strait,1,10,Gains In Performance
1990-06-30,2,Walk On,Reba McEntire,2,12,Gains In Performance
1990-06-30,3,Pass It On Down,Alabama,3,10,Gains In Performance
1990-06-30,4,The Dance,Garth Brooks,6,11,Gains In Performance
1990-06-30,5,Dancy's Dream,Restless Heart,5,13,Gains In Performance
1990-06-30,6,He Walked On Water,Randy Travis,7,8,Gains In Performance
1990-06-30,7,If You Could Only See Me Now,T. Graham Brown,9,15,Gains In Performance
1990-06-30,8,She Came From Fort Worth,Kathy Mattea,4,14,
1990-06-30,9,Nobody's Talking,Exile,17,12,Gains In Performance
1990-06-30,10,On Down The Line,Patty Loveless,15,8,Gains In Performance
1990-06-30,11,Island,Eddy Raven,14,12,Gains In Performance
1990-06-30,12,Runnin' With The Wind,Eddie Rabbitt,8,14,
1990-06-30,13,I've Cried My Last Tear For You,Ricky Van Shelton,10,18,
1990-06-30,14,Walkin' Away,Clint Black,13,17,
1990-06-30,15,I'm Over You,Keith Whitley,12,19,
1990-06-30,16,Richest Man On Earth,Paul Overstreet,25,7,Gains In Performance
1990-06-30,17,Walking Shoes,Tanya Tucker,11,15,
1990-06-30,18,"Good Friends, Good Whiskey, Good Lovin'",Hank Williams Jr.,22,7,Gains In Performance
1990-06-30,19,This Side Of Goodbye,Highway 101,30,7,Gains In Performance
1990-06-30,20,Hummingbird,Ricky Skaggs,24,12,Gains In Performance
1990-06-30,21,I'd Be Better Off (In A Pine Box),Doug Stone,16,19,
1990-06-30,22,Hillbilly Rock,Marty Stuart,28,12,Gains In Performance
1990-06-30,23,Good Times,Dan Seals,32,5,Gains In Performance
1990-06-30,24,Black Coffee,Lacy J. Dalton,18,17,
1990-06-30,25,Help Me Hold On,Travis Tritt,19,19,
1990-06-30,26,Searchin' For Some Kind Of Clue,Billy Joe Royal,26,9,Gains In Performance
1990-06-30,27,He Talks To Me,Lorrie Morgan,33,7,Gains In Performance
1990-06-30,28,Oh Lonesome Me,The Kentucky Headhunters,37,6,Gains In Performance
1990-06-30,29,White Limozeen,Dolly Parton,35,9,Gains In Performance
1990-06-30,30,Wrong,Waylon Jennings,42,7,Gains In Performance
1990-06-30,31,I Watched It All (On My Radio),Lionel Cartwright,29,17,
1990-06-30,32,Guardian Angels,The Judds,20,14,
1990-06-30,33,I'm Gonna Be Somebody,Travis Tritt,46,4,Gains In Performance
1990-06-30,34,Perfect,Baillie and the Boys,27,13,
1990-06-30,35,In Another Lifetime,The Desert Rose Band,21,16,
1990-06-30,36,Here In The Real World,Alan Jackson,31,24,
1990-06-30,37,"Next To You, Next To Me",Shenandoah,51,4,
1990-06-30,38,When I Call Your Name,Vince Gill,48,7,Gains In Performance
1990-06-30,39,The Domino Theory,Steve Wariner,23,17,
1990-06-30,40,Hard Rock Bottom Of Your Heart,Randy Travis,39,23,
1990-06-30,41,Just As Long As I Have You,Don Williams,41,23,
1990-06-30,42,Five Minutes,Lorrie Morgan,34,22,
1990-06-30,43,Love On Arrival,Dan Seals,40,20,
1990-06-30,44,Puttin' The Dark Back Into The Night,Sawyer Brown,47,9,Gains In Performance
1990-06-30,45,Stranger Things Have Happened,Ronnie Milsap,38,21,
1990-06-30,46,Seein' My Father In Me,Paul Overstreet,45,24,
1990-06-30,47,Wanted,Alan Jackson,53,3,Gains In Performance
1990-06-30,48,Chains,Patty Loveless,43,24,
1990-06-30,49,Dumas Walker,The Kentucky Headhunters,44,21,
1990-06-30,50,Fit To Be Tied Down,Conway Twitty,36,13,
1990-06-30,51,Till I See You Again,Kevin Welch,56,9,Gains In Performance
1990-06-30,52,New Kind Of Love,Michelle Wright,58,7,Gains In Performance
1990-06-30,53,Not Counting You,Garth Brooks,52,24,
1990-06-30,54,Don't Go Out,Tanya Tucker With T. Graham Brown,65,2,Gains In Performance
1990-06-30,55,Quittin' Time,Mary Chapin Carpenter,55,24,
1990-06-30,56,"Baby, Walk On",Matraca Berg,63,6,Gains In Performance
1990-06-30,57,Maybe That's All It Takes,Don Williams,62,4,Gains In Performance
1990-06-30,58,"Walkin', Talkin', Cryin', Barely Beatin' Broken Heart",Highway 101,54,22,
1990-06-30,59,Black Velvet,Robin Lee,49,18,
1990-06-30,60,If Looks Could Kill,Rodney Crowell,50,18,
1990-07-07,1,"Love Without End, Amen",George Strait,1,11,
1990-07-07,2,The Dance,Garth Brooks,4,12,Gains In Performance
1990-07-07,3,Walk On,Reba McEntire,2,13,
1990-07-07,4,He Walked On Water,Randy Travis,6,9,Gains In Performance
1990-07-07,5,Dancy's Dream,Restless Heart,5,14,Gains In Performance
1990-07-07,6,Pass It On Down,Alabama,3,11,
1990-07-07,7,If You Could Only See Me Now,T. Graham Brown,7,16,Gains In Performance
1990-07-07,8,On Down The Line,Patty Loveless,10,9,Gains In Performance
1990-07-07,9,Nobody's Talking,Exile,9,13,Gains In Performance
1990-07-07,10,Island,Eddy Raven,11,13,Gains In Performance
1990-07-07,11,She Came From Fort Worth,Kathy Mattea,8,15,
1990-07-07,12,Good Times,Dan Seals,23,6,Gains In Performance
1990-07-07,13,Richest Man On Earth,Paul Overstreet,16,8,Gains In Performance
1990-07-07,14,Hillbilly Rock,Marty Stuart,22,13,Gains In Performance
1990-07-07,15,"Good Friends, Good Whiskey, Good Lovin'",Hank Williams Jr.,18,8,Gains In Performance
1990-07-07,16,This Side Of Goodbye,Highway 101,19,8,Gains In Performance
1990-07-07,17,Searchin' For Some Kind Of Clue,Billy Joe Royal,26,10,Gains In Performance
1990-07-07,18,He Talks To Me,Lorrie Morgan,27,8,Gains In Performance
1990-07-07,19,I've Cried My Last Tear For You,Ricky Van Shelton,13,19,
1990-07-07,20,I'm Over You,Keith Whitley,15,20,
1990-07-07,21,Oh Lonesome Me,The Kentucky Headhunters,28,7,Gains In Performance
1990-07-07,22,Wrong,Waylon Jennings,30,8,Gains In Performance
1990-07-07,23,I'm Gonna Be Somebody,Travis Tritt,33,5,
1990-07-07,24,Walkin' Away,Clint Black,14,18,
1990-07-07,25,Hummingbird,Ricky Skaggs,20,13,
1990-07-07,26,I'd Be Better Off (In A Pine Box),Doug Stone,21,20,
1990-07-07,27,"Next To You, Next To Me",Shenandoah,37,5,Gains In Performance
1990-07-07,28,Runnin' With The Wind,Eddie Rabbitt,12,15,
1990-07-07,29,White Limozeen,Dolly Parton,29,10,Gains In Performance
1990-07-07,30,When I Call Your Name,Vince Gill,38,8,Gains In Performance
1990-07-07,31,Walking Shoes,Tanya Tucker,17,16,
1990-07-07,32,Help Me Hold On,Travis Tritt,25,20,
1990-07-07,33,I Watched It All (On My Radio),Lionel Cartwright,31,18,
1990-07-07,34,Wanted,Alan Jackson,47,4,Gains In Performance
1990-07-07,35,Black Coffee,Lacy J. Dalton,24,18,
1990-07-07,36,Here In The Real World,Alan Jackson,36,25,
1990-07-07,37,Puttin' The Dark Back Into The Night,Sawyer Brown,44,10,Gains In Performance
1990-07-07,38,Guardian Angels,The Judds,32,15,
1990-07-07,39,Nothing's News,Clint Black,84,2,Highest ranking debut|Gains In Performance
1990-07-07,40,Hard Rock Bottom Of Your Heart,Randy Travis,40,24,
1990-07-07,41,Five Minutes,Lorrie Morgan,42,23,
1990-07-07,42,Stranger Things Have Happened,Ronnie Milsap,45,22,
1990-07-07,43,Love On Arrival,Dan Seals,43,21,
1990-07-07,44,Just As Long As I Have You,Don Williams,41,24,
1990-07-07,45,In Another Lifetime,The Desert Rose Band,35,17,
1990-07-07,46,Don't Go Out,Tanya Tucker With T. Graham Brown,54,3,Gains In Performance
1990-07-07,47,Till I See You Again,Kevin Welch,51,10,Gains In Performance
1990-07-07,48,New Kind Of Love,Michelle Wright,52,8,Gains In Performance
1990-07-07,49,The Domino Theory,Steve Wariner,39,18,
1990-07-07,50,Perfect,Baillie and the Boys,34,14,
1990-07-07,51,Maybe That's All It Takes,Don Williams,57,5,Gains In Performance
1990-07-07,52,Dumas Walker,The Kentucky Headhunters,49,22,
1990-07-07,53,Looks Aren't Everything,Mark Collie,61,7,Gains In Performance
1990-07-07,54,"Baby, Walk On",Matraca Berg,56,7,Gains In Performance
1990-07-07,55,Something Of A Dreamer,Mary Chapin Carpenter,62,5,Gains In Performance
1990-07-07,56,Not Counting You,Garth Brooks,53,25,
1990-07-07,57,"Walkin', Talkin', Cryin', Barely Beatin' Broken Heart",Highway 101,58,23,
1990-07-07,58,If Looks Could Kill,Rodney Crowell,60,19,
1990-07-07,59,Fit To Be Tied Down,Conway Twitty,50,14,
1990-07-07,60,I Meant Every Word He Said,Ricky Van Shelton,74,2,Gains In Performance
1990-07-14,1,The Dance,Garth Brooks,2,13,Gains In Performance
1990-07-14,2,He Walked On Water,Randy Travis,4,10,Gains In Performance
1990-07-14,3,"Love Without End, Amen",George Strait,1,12,
1990-07-14,4,Nobody's Talking,Exile,9,14,Gains In Performance
1990-07-14,5,Walk On,Reba McEntire,3,14,
1990-07-14,6,If You Could Only See Me Now,T. Graham Brown,7,17,
1990-07-14,7,On Down The Line,Patty Loveless,8,10,Gains In Performance
1990-07-14,8,Dancy's Dream,Restless Heart,5,15,
1990-07-14,9,Pass It On Down,Alabama,6,12,
1990-07-14,10,Island,Eddy Raven,10,14,
1990-07-14,11,Good Times,Dan Seals,12,7,Gains In Performance
1990-07-14,12,Hillbilly Rock,Marty Stuart,14,14,Gains In Performance
1990-07-14,13,Richest Man On Earth,Paul Overstreet,13,9,Gains In Performance
1990-07-14,14,This Side Of Goodbye,Highway 101,16,9,Gains In Performance
1990-07-14,15,"Good Friends, Good Whiskey, Good Lovin'",Hank Williams Jr.,15,9,Gains In Performance
1990-07-14,16,"Next To You, Next To Me",Shenandoah,27,6,Gains In Performance
1990-07-14,17,Searchin' For Some Kind Of Clue,Billy Joe Royal,17,11,Gains In Performance
1990-07-14,18,He Talks To Me,Lorrie Morgan,18,9,Gains In Performance
1990-07-14,19,I'm Gonna Be Somebody,Travis Tritt,23,6,Gains In Performance
1990-07-14,20,Oh Lonesome Me,The Kentucky Headhunters,21,8,Gains In Performance
1990-07-14,21,Wrong,Waylon Jennings,22,9,Gains In Performance
1990-07-14,22,She Came From Fort Worth,Kathy Mattea,11,16,
1990-07-14,23,When I Call Your Name,Vince Gill,30,9,Gains In Performance
1990-07-14,24,I've Cried My Last Tear For You,Ricky Van Shelton,19,20,
1990-07-14,25,I'm Over You,Keith Whitley,20,21,
1990-07-14,26,I'd Be Better Off (In A Pine Box),Doug Stone,26,21,
1990-07-14,27,Nothing's News,Clint Black,39,3,
1990-07-14,28,Wanted,Alan Jackson,34,5,Gains In Performance
1990-07-14,29,Hummingbird,Ricky Skaggs,25,14,
1990-07-14,30,White Limozeen,Dolly Parton,29,11,
1990-07-14,31,Walkin' Away,Clint Black,24,19,
1990-07-14,32,Help Me Hold On,Travis Tritt,32,21,
1990-07-14,33,Walking Shoes,Tanya Tucker,31,17,
1990-07-14,34,Don't Go Out,Tanya Tucker With T. Graham Brown,46,4,Gains In Performance
1990-07-14,35,I Watched It All (On My Radio),Lionel Cartwright,33,19,
1990-07-14,36,Puttin' The Dark Back Into The Night,Sawyer Brown,37,11,Gains In Performance
1990-07-14,37,Runnin' With The Wind,Eddie Rabbitt,28,16,
1990-07-14,38,Black Coffee,Lacy J. Dalton,35,19,
1990-07-14,39,New Kind Of Love,Michelle Wright,48,9,Gains In Performance
1990-07-14,40,"Baby, Walk On",Matraca Berg,54,8,Gains In Performance
1990-07-14,41,Hard Rock Bottom Of Your Heart,Randy Travis,40,25,
1990-07-14,42,Five Minutes,Lorrie Morgan,41,24,
1990-07-14,43,Till I See You Again,Kevin Welch,47,11,Gains In Performance
1990-07-14,44,Love On Arrival,Dan Seals,43,22,
1990-07-14,45,Maybe That's All It Takes,Don Williams,51,6,Gains In Performance
1990-07-14,46,Looks Aren't Everything,Mark Collie,53,8,Gains In Performance
1990-07-14,47,Something Of A Dreamer,Mary Chapin Carpenter,55,6,Gains In Performance
1990-07-14,48,Stranger Things Have Happened,Ronnie Milsap,42,23,
1990-07-14,49,Just As Long As I Have You,Don Williams,44,25,
1990-07-14,50,I Meant Every Word He Said,Ricky Van Shelton,60,3,Gains In Performance
1990-07-14,51,Guardian Angels,The Judds,38,16,
1990-07-14,52,The Domino Theory,Steve Wariner,49,19,
1990-07-14,53,Dumas Walker,The Kentucky Headhunters,52,23,
1990-07-14,54,Fourteen Minutes Old,Doug Stone,76,2,Highest ranking debut|Gains In Performance
1990-07-14,55,In Another Lifetime,The Desert Rose Band,45,18,
1990-07-14,56,If Looks Could Kill,Rodney Crowell,58,20,
1990-07-14,57,I Could Be Persuaded,The Bellamy Brothers,63,4,Gains In Performance
1990-07-14,58,Black Velvet,Robin Lee,62,20,
1990-07-14,59,"Walkin', Talkin', Cryin', Barely Beatin' Broken Heart",Highway 101,57,24,
1990-07-14,60,I'll Lie Myself To Sleep,Shelby Lynne,64,7,Gains In Performance
1990-07-21,1,The Dance,Garth Brooks,1,14,
1990-07-21,2,He Walked On Water,Randy Travis,2,11,
1990-07-21,3,Nobody's Talking,Exile,4,15,Gains In Performance
1990-07-21,4,"Love Without End, Amen",George Strait,3,13,
1990-07-21,5,On Down The Line,Patty Loveless,7,11,Gains In Performance
1990-07-21,6,Good Times,Dan Seals,11,8,Gains In Performance
1990-07-21,7,Richest Man On Earth,Paul Overstreet,13,10,Gains In Performance
1990-07-21,8,Hillbilly Rock,Marty Stuart,12,15,Gains In Performance
1990-07-21,9,If You Could Only See Me Now,T. Graham Brown,6,18,
1990-07-21,10,"Good Friends, Good Whiskey, Good Lovin'",Hank Williams Jr.,15,10,Gains In Performance
1990-07-21,11,This Side Of Goodbye,Highway 101,14,10,Gains In Performance
1990-07-21,12,He Talks To Me,Lorrie Morgan,18,10,Gains In Performance
1990-07-21,13,"Next To You, Next To Me",Shenandoah,16,7,Gains In Performance
1990-07-21,14,Walk On,Reba McEntire,5,15,
1990-07-21,15,I'm Gonna Be Somebody,Travis Tritt,19,7,Gains In Performance
1990-07-21,16,Oh Lonesome Me,The Kentucky Headhunters,20,9,Gains In Performance
1990-07-21,17,Searchin' For Some Kind Of Clue,Billy Joe Royal,17,12,Gains In Performance
1990-07-21,18,When I Call Your Name,Vince Gill,23,10,Gains In Performance
1990-07-21,19,Dancy's Dream,Restless Heart,8,16,
1990-07-21,20,Wrong,Waylon Jennings,21,10,Gains In Performance
1990-07-21,21,Nothing's News,Clint Black,27,4,
1990-07-21,22,Pass It On Down,Alabama,9,13,
1990-07-21,23,Wanted,Alan Jackson,28,6,Gains In Performance
1990-07-21,24,Island,Eddy Raven,10,15,
1990-07-21,25,She Came From Fort Worth,Kathy Mattea,22,17,
1990-07-21,26,Don't Go Out,Tanya Tucker With T. Graham Brown,34,5,Gains In Performance
1990-07-21,27,I've Cried My Last Tear For You,Ricky Van Shelton,24,21,
1990-07-21,28,I'm Over You,Keith Whitley,25,22,
1990-07-21,29,Help Me Hold On,Travis Tritt,32,22,
1990-07-21,30,I Meant Every Word He Said,Ricky Van Shelton,50,4,Gains In Performance
1990-07-21,31,I'd Be Better Off (In A Pine Box),Doug Stone,26,22,
1990-07-21,32,Walkin' Away,Clint Black,31,20,
1990-07-21,33,Puttin' The Dark Back Into The Night,Sawyer Brown,36,12,Gains In Performance
1990-07-21,34,New Kind Of Love,Michelle Wright,39,10,Gains In Performance
1990-07-21,35,I Watched It All (On My Radio),Lionel Cartwright,35,20,
1990-07-21,36,Something Of A Dreamer,Mary Chapin Carpenter,47,7,Gains In Performance
1990-07-21,37,Walking Shoes,Tanya Tucker,33,18,
1990-07-21,38,Maybe That's All It Takes,Don Williams,45,7,Gains In Performance
1990-07-21,39,Till I See You Again,Kevin Welch,43,12,Gains In Performance
1990-07-21,40,"Baby, Walk On",Matraca Berg,40,9,Gains In Performance
1990-07-21,41,Looks Aren't Everything,Mark Collie,46,9,Gains In Performance
1990-07-21,42,Hummingbird,Ricky Skaggs,29,15,
1990-07-21,43,Hard Rock Bottom Of Your Heart,Randy Travis,41,26,
1990-07-21,44,Fourteen Minutes Old,Doug Stone,54,3,Gains In Performance
1990-07-21,45,Five Minutes,Lorrie Morgan,42,25,
1990-07-21,46,I Could Be Persuaded,The Bellamy Brothers,57,5,Gains In Performance
1990-07-21,47,Love On Arrival,Dan Seals,44,23,
1990-07-21,48,Black Coffee,Lacy J. Dalton,38,20,
1990-07-21,49,Stranger Things Have Happened,Ronnie Milsap,48,24,
1990-07-21,50,Holdin' A Good Hand,Lee Greenwood,62,4,Gains In Performance
1990-07-21,51,Just As Long As I Have You,Don Williams,49,26,
1990-07-21,52,White Limozeen,Dolly Parton,30,12,
1990-07-21,53,Runnin' With The Wind,Eddie Rabbitt,37,17,
1990-07-21,54,Dumas Walker,The Kentucky Headhunters,53,24,
1990-07-21,55,The Domino Theory,Steve Wariner,52,20,
1990-07-21,56,I'll Lie Myself To Sleep,Shelby Lynne,60,8,Gains In Performance
1990-07-21,57,Precious Thing,Steve Wariner,81,2,Highest ranking debut|Gains In Performance
1990-07-21,58,If Looks Could Kill,Rodney Crowell,56,21,
1990-07-21,59,I Fell In Love,Carlene Carter,65,3,Gains In Performance
1990-07-21,60,In Another Lifetime,The Desert Rose Band,55,19,
1990-07-28,1,The Dance,Garth Brooks,1,15,
1990-07-28,2,Nobody's Talking,Exile,3,16,
1990-07-28,3,He Walked On Water,Randy Travis,2,12,
1990-07-28,4,Good Times,Dan Seals,6,9,Gains In Performance
1990-07-28,5,On Down The Line,Patty Loveless,5,12,Gains In Performance
1990-07-28,6,Richest Man On Earth,Paul Overstreet,7,11,Gains In Performance
1990-07-28,7,"Love Without End, Amen",George Strait,4,14,
1990-07-28,8,Hillbilly Rock,Marty Stuart,8,16,Gains In Performance
1990-07-28,9,He Talks To Me,Lorrie Morgan,12,11,Gains In Performance
1990-07-28,10,When I Call Your Name,Vince Gill,18,11,Gains In Performance
1990-07-28,11,This Side Of Goodbye,Highway 101,11,11,Gains In Performance
1990-07-28,12,"Next To You, Next To Me",Shenandoah,13,8,Gains In Performance
1990-07-28,13,I'm Gonna Be Somebody,Travis Tritt,15,8,Gains In Performance
1990-07-28,14,"Good Friends, Good Whiskey, Good Lovin'",Hank Williams Jr.,10,11,
1990-07-28,15,Wrong,Waylon Jennings,20,11,Gains In Performance
1990-07-28,16,Oh Lonesome Me,The Kentucky Headhunters,16,10,Gains In Performance
1990-07-28,17,Nothing's News,Clint Black,21,5,Gains In Performance
1990-07-28,18,Wanted,Alan Jackson,23,7,Gains In Performance
1990-07-28,19,Walk On,Reba McEntire,14,16,
1990-07-28,20,If You Could Only See Me Now,T. Graham Brown,9,19,
1990-07-28,21,Searchin' For Some Kind Of Clue,Billy Joe Royal,17,13,
1990-07-28,22,Don't Go Out,Tanya Tucker With T. Graham Brown,26,6,Gains In Performance
1990-07-28,23,Dancy's Dream,Restless Heart,19,17,
1990-07-28,24,Pass It On Down,Alabama,22,14,
1990-07-28,25,I Meant Every Word He Said,Ricky Van Shelton,30,5,
1990-07-28,26,She Came From Fort Worth,Kathy Mattea,25,18,
1990-07-28,27,I've Cried My Last Tear For You,Ricky Van Shelton,27,22,
1990-07-28,28,Something Of A Dreamer,Mary Chapin Carpenter,36,8,Gains In Performance
1990-07-28,29,Island,Eddy Raven,24,16,
1990-07-28,30,Fourteen Minutes Old,Doug Stone,44,4,Gains In Performance
1990-07-28,31,Maybe That's All It Takes,Don Williams,38,8,Gains In Performance
1990-07-28,32,New Kind Of Love,Michelle Wright,34,11,Gains In Performance
1990-07-28,33,I Could Be Persuaded,The Bellamy Brothers,46,6,Gains In Performance
1990-07-28,34,Help Me Hold On,Travis Tritt,29,23,
1990-07-28,35,Looks Aren't Everything,Mark Collie,41,10,Gains In Performance
1990-07-28,36,"Baby, Walk On",Matraca Berg,40,10,Gains In Performance
1990-07-28,37,Walkin' Away,Clint Black,32,21,
1990-07-28,38,I'd Be Better Off (In A Pine Box),Doug Stone,31,23,
1990-07-28,39,I Watched It All (On My Radio),Lionel Cartwright,35,21,
1990-07-28,40,Walking Shoes,Tanya Tucker,37,19,
1990-07-28,41,Puttin' The Dark Back Into The Night,Sawyer Brown,33,13,
1990-07-28,42,Till I See You Again,Kevin Welch,39,13,
1990-07-28,43,I'm Over You,Keith Whitley,28,23,
1990-07-28,44,Holdin' A Good Hand,Lee Greenwood,50,5,Gains In Performance
1990-07-28,45,Five Minutes,Lorrie Morgan,45,26,
1990-07-28,46,My Past Is Present,Rodney Crowell,62,4,Gains In Performance
1990-07-28,47,Stranger Things Have Happened,Ronnie Milsap,49,25,
1990-07-28,48,I'll Lie Myself To Sleep,Shelby Lynne,56,9,Gains In Performance
1990-07-28,49,Precious Thing,Steve Wariner,57,3,Gains In Performance
1990-07-28,50,Love On Arrival,Dan Seals,47,24,
1990-07-28,51,Black Coffee,Lacy J. Dalton,48,21,
1990-07-28,52,I Fell In Love,Carlene Carter,59,4,Gains In Performance
1990-07-28,53,Runnin' With The Wind,Eddie Rabbitt,53,18,
1990-07-28,54,The Battle Hymn Of Love,Kathy Mattea & Tim O'Brien,65,3,Gains In Performance
1990-07-28,55,Hummingbird,Ricky Skaggs,42,16,
1990-07-28,56,Dumas Walker,The Kentucky Headhunters,54,25,
1990-07-28,57,The Domino Theory,Steve Wariner,55,21,
1990-07-28,58,If Looks Could Kill,Rodney Crowell,58,22,
1990-07-28,59,Black Velvet,Robin Lee,64,22,
1990-07-28,60,In Another Lifetime,The Desert Rose Band,60,20,
1990-08-04,1,Good Times,Dan Seals,4,10,Gains In Performance
1990-08-04,2,The Dance,Garth Brooks,1,16,
1990-08-04,3,Richest Man On Earth,Paul Overstreet,6,12,Gains In Performance
1990-08-04,4,He Walked On Water,Randy Travis,3,13,
1990-08-04,5,On Down The Line,Patty Loveless,5,13,
1990-08-04,6,He Talks To Me,Lorrie Morgan,9,12,Gains In Performance
1990-08-04,7,When I Call Your Name,Vince Gill,10,12,Gains In Performance
1990-08-04,8,I'm Gonna Be Somebody,Travis Tritt,13,9,Gains In Performance
1990-08-04,9,"Next To You, Next To Me",Shenandoah,12,9,Gains In Performance
1990-08-04,10,Wrong,Waylon Jennings,15,12,Gains In Performance
1990-08-04,11,This Side Of Goodbye,Highway 101,11,12,Gains In Performance
1990-08-04,12,Nobody's Talking,Exile,2,17,
1990-08-04,13,Hillbilly Rock,Marty Stuart,8,17,
1990-08-04,14,Oh Lonesome Me,The Kentucky Headhunters,16,11,Gains In Performance
1990-08-04,15,Nothing's News,Clint Black,17,6,Gains In Performance
1990-08-04,16,"Love Without End, Amen",George Strait,7,15,
1990-08-04,17,Wanted,Alan Jackson,18,8,Gains In Performance
1990-08-04,18,"Good Friends, Good Whiskey, Good Lovin'",Hank Williams Jr.,14,12,
1990-08-04,19,Don't Go Out,Tanya Tucker With T. Graham Brown,22,7,Gains In Performance
1990-08-04,20,I Meant Every Word He Said,Ricky Van Shelton,25,6,Gains In Performance
1990-08-04,21,If You Could Only See Me Now,T. Graham Brown,20,20,
1990-08-04,22,Walk On,Reba McEntire,19,17,
1990-08-04,23,Something Of A Dreamer,Mary Chapin Carpenter,28,9,Gains In Performance
1990-08-04,24,Jukebox In My Mind,Alabama,72,2,
1990-08-04,25,I Could Be Persuaded,The Bellamy Brothers,33,7,Gains In Performance
1990-08-04,26,Fourteen Minutes Old,Doug Stone,30,5,Gains In Performance
1990-08-04,27,Holdin' A Good Hand,Lee Greenwood,44,6,Gains In Performance
1990-08-04,28,Maybe That's All It Takes,Don Williams,31,9,Gains In Performance
1990-08-04,29,Searchin' For Some Kind Of Clue,Billy Joe Royal,21,14,
1990-08-04,30,Dancy's Dream,Restless Heart,23,18,
1990-08-04,31,Pass It On Down,Alabama,24,15,
1990-08-04,32,New Kind Of Love,Michelle Wright,32,12,
1990-08-04,33,Precious Thing,Steve Wariner,49,4,Gains In Performance
1990-08-04,34,She Came From Fort Worth,Kathy Mattea,26,19,
1990-08-04,35,Looks Aren't Everything,Mark Collie,35,11,
1990-08-04,36,I've Cried My Last Tear For You,Ricky Van Shelton,27,23,
1990-08-04,37,I'll Lie Myself To Sleep,Shelby Lynne,48,10,Gains In Performance
1990-08-04,38,The Battle Hymn Of Love,Kathy Mattea & Tim O'Brien,54,4,Gains In Performance
1990-08-04,39,My Past Is Present,Rodney Crowell,46,5,Gains In Performance
1990-08-04,40,I Fell In Love,Carlene Carter,52,5,Gains In Performance
1990-08-04,41,I'd Be Better Off (In A Pine Box),Doug Stone,38,24,
1990-08-04,42,Help Me Hold On,Travis Tritt,34,24,
1990-08-04,43,'Til A Tear Becomes A Rose,Keith Whitley & Lorrie Morgan,66,2,Gains In Performance
1990-08-04,44,"Baby, Walk On",Matraca Berg,36,11,
1990-08-04,45,I Watched It All (On My Radio),Lionel Cartwright,39,22,
1990-08-04,46,Walkin' Away,Clint Black,37,22,
1990-08-04,47,Walking Shoes,Tanya Tucker,40,20,
1990-08-04,48,I'm Over You,Keith Whitley,43,24,
1990-08-04,49,Island,Eddy Raven,29,17,
1990-08-04,50,Love On Arrival,Dan Seals,50,25,
1990-08-04,51,Stranger Things Have Happened,Ronnie Milsap,47,26,
1990-08-04,52,Till I See You Again,Kevin Welch,42,14,
1990-08-04,53,The Domino Theory,Steve Wariner,57,22,
1990-08-04,54,Puttin' The Dark Back Into The Night,Sawyer Brown,41,14,
1990-08-04,55,Story Of Love,The Desert Rose Band,64,3,Gains In Performance
1990-08-04,56,Runnin' With The Wind,Eddie Rabbitt,53,19,
1990-08-04,57,Honky Tonk Blues,Pirates Of The Mississippi,65,3,Gains In Performance
1990-08-04,58,Black Coffee,Lacy J. Dalton,51,22,
1990-08-04,59,Dumas Walker,The Kentucky Headhunters,56,26,
1990-08-04,60,Too Cold At Home,Mark Chesnutt,NEW,1,Highest ranking debut|Gains In Performance
1990-08-11,1,Good Times,Dan Seals,1,11,Gains In Performance
1990-08-11,2,When I Call Your Name,Vince Gill,7,13,Gains In Performance
1990-08-11,3,"Next To You, Next To Me",Shenandoah,9,10,Gains In Performance
1990-08-11,4,He Talks To Me,Lorrie Morgan,6,13,Gains In Performance
1990-08-11,5,Wrong,Waylon Jennings,10,13,Gains In Performance
1990-08-11,6,I'm Gonna Be Somebody,Travis Tritt,8,10,Gains In Performance
1990-08-11,7,Nothing's News,Clint Black,15,7,Gains In Performance
1990-08-11,8,Oh Lonesome Me,The Kentucky Headhunters,14,12,Gains In Performance
1990-08-11,9,The Dance,Garth Brooks,2,17,
1990-08-11,10,Wanted,Alan Jackson,17,9,Gains In Performance
1990-08-11,11,Richest Man On Earth,Paul Overstreet,3,13,
1990-08-11,12,This Side Of Goodbye,Highway 101,11,13,
1990-08-11,13,On Down The Line,Patty Loveless,5,14,
1990-08-11,14,He Walked On Water,Randy Travis,4,14,
1990-08-11,15,Don't Go Out,Tanya Tucker With T. Graham Brown,19,8,Gains In Performance
1990-08-11,16,Jukebox In My Mind,Alabama,24,3,Gains In Performance
1990-08-11,17,"Love Without End, Amen",George Strait,16,16,
1990-08-11,18,I Meant Every Word He Said,Ricky Van Shelton,20,7,Gains In Performance
1990-08-11,19,Nobody's Talking,Exile,12,18,
1990-08-11,20,Hillbilly Rock,Marty Stuart,13,18,
1990-08-11,21,"Good Friends, Good Whiskey, Good Lovin'",Hank Williams Jr.,18,13,
1990-08-11,22,Something Of A Dreamer,Mary Chapin Carpenter,23,10,Gains In Performance
1990-08-11,23,Fourteen Minutes Old,Doug Stone,26,6,Gains In Performance
1990-08-11,24,Holdin' A Good Hand,Lee Greenwood,27,7,
1990-08-11,25,I Could Be Persuaded,The Bellamy Brothers,25,8,Gains In Performance
1990-08-11,26,Maybe That's All It Takes,Don Williams,28,10,Gains In Performance
1990-08-11,27,Walk On,Reba McEntire,22,18,
1990-08-11,28,If You Could Only See Me Now,T. Graham Brown,21,21,
1990-08-11,29,My Past Is Present,Rodney Crowell,39,6,Gains In Performance
1990-08-11,30,The Battle Hymn Of Love,Kathy Mattea & Tim O'Brien,38,5,Gains In Performance
1990-08-11,31,'Til A Tear Becomes A Rose,Keith Whitley & Lorrie Morgan,43,3,Gains In Performance
1990-08-11,32,Precious Thing,Steve Wariner,33,5,Gains In Performance
1990-08-11,33,I Fell In Love,Carlene Carter,40,6,Gains In Performance
1990-08-11,34,I'll Lie Myself To Sleep,Shelby Lynne,37,11,Gains In Performance
1990-08-11,35,Dancy's Dream,Restless Heart,30,19,
1990-08-11,36,I've Cried My Last Tear For You,Ricky Van Shelton,36,24,
1990-08-11,37,She Came From Fort Worth,Kathy Mattea,34,20,
1990-08-11,38,Pass It On Down,Alabama,31,16,
1990-08-11,39,Looks Aren't Everything,Mark Collie,35,12,
1990-08-11,40,Too Cold At Home,Mark Chesnutt,60,2,Gains In Performance
1990-08-11,41,Walkin' Away,Clint Black,46,23,
1990-08-11,42,Help Me Hold On,Travis Tritt,42,25,
1990-08-11,43,Walking Shoes,Tanya Tucker,47,21,
1990-08-11,44,I'm Over You,Keith Whitley,48,25,
1990-08-11,45,I Watched It All (On My Radio),Lionel Cartwright,45,23,
1990-08-11,46,I'd Be Better Off (In A Pine Box),Doug Stone,41,25,
1990-08-11,47,Story Of Love,The Desert Rose Band,55,4,Gains In Performance
1990-08-11,48,New Kind Of Love,Michelle Wright,32,13,
1990-08-11,49,Honky Tonk Blues,Pirates Of The Mississippi,57,4,Gains In Performance
1990-08-11,50,Island,Eddy Raven,49,18,
1990-08-11,51,Born To Be Blue,The Judds,82,2,Highest ranking debut|Gains In Performance
1990-08-11,52,Love On Arrival,Dan Seals,50,26,
1990-08-11,53,Searchin' For Some Kind Of Clue,Billy Joe Royal,29,15,
1990-08-11,54,My Heart Is Set On You,Lionel Cartwright,67,4,Gains In Performance
1990-08-11,55,Runnin' With The Wind,Eddie Rabbitt,56,20,
1990-08-11,56,Lonely Out Tonite,Eddie Rabbitt,75,3,Gains In Performance
1990-08-11,57,"Baby, Walk On",Matraca Berg,44,12,
1990-08-11,58,Oughta Be A Law,Lee Roy Parnell,62,10,Gains In Performance
1990-08-11,59,Dumas Walker,The Kentucky Headhunters,59,27,
1990-08-11,60,Black Coffee,Lacy J. Dalton,58,23,
1990-08-18,1,"Next To You, Next To Me",Shenandoah,3,11,Gains In Performance
1990-08-18,2,When I Call Your Name,Vince Gill,2,14,Gains In Performance
1990-08-18,3,Good Times,Dan Seals,1,12,
1990-08-18,4,I'm Gonna Be Somebody,Travis Tritt,6,11,Gains In Performance
1990-08-18,5,Wrong,Waylon Jennings,5,14,Gains In Performance
1990-08-18,6,Nothing's News,Clint Black,7,8,Gains In Performance
1990-08-18,7,Wanted,Alan Jackson,10,10,Gains In Performance
1990-08-18,8,Jukebox In My Mind,Alabama,16,4,Gains In Performance
1990-08-18,9,He Talks To Me,Lorrie Morgan,4,14,
1990-08-18,10,Oh Lonesome Me,The Kentucky Headhunters,8,13,
1990-08-18,11,Don't Go Out,Tanya Tucker With T. Graham Brown,15,9,Gains In Performance
1990-08-18,12,I Meant Every Word He Said,Ricky Van Shelton,18,8,Gains In Performance
1990-08-18,13,The Dance,Garth Brooks,9,18,
1990-08-18,14,Holdin' A Good Hand,Lee Greenwood,24,8,Gains In Performance
1990-08-18,15,He Walked On Water,Randy Travis,14,15,
1990-08-18,16,Fourteen Minutes Old,Doug Stone,23,7,Gains In Performance
1990-08-18,17,Something Of A Dreamer,Mary Chapin Carpenter,22,11,Gains In Performance
1990-08-18,18,Richest Man On Earth,Paul Overstreet,11,14,
1990-08-18,19,I Could Be Persuaded,The Bellamy Brothers,25,9,Gains In Performance
1990-08-18,20,Nobody's Talking,Exile,19,19,
1990-08-18,21,On Down The Line,Patty Loveless,13,15,
1990-08-18,22,This Side Of Goodbye,Highway 101,12,14,
1990-08-18,23,Maybe That's All It Takes,Don Williams,26,11,Gains In Performance
1990-08-18,24,The Battle Hymn Of Love,Kathy Mattea & Tim O'Brien,30,6,Gains In Performance
1990-08-18,25,Precious Thing,Steve Wariner,32,6,Gains In Performance
1990-08-18,26,Hillbilly Rock,Marty Stuart,20,19,
1990-08-18,27,'Til A Tear Becomes A Rose,Keith Whitley & Lorrie Morgan,31,4,Gains In Performance
1990-08-18,28,I Fell In Love,Carlene Carter,33,7,Gains In Performance
1990-08-18,29,My Past Is Present,Rodney Crowell,29,7,Gains In Performance
1990-08-18,30,"Love Without End, Amen",George Strait,17,17,
1990-08-18,31,I'll Lie Myself To Sleep,Shelby Lynne,34,12,Gains In Performance
1990-08-18,32,Walk On,Reba McEntire,27,19,
1990-08-18,33,If You Could Only See Me Now,T. Graham Brown,28,22,
1990-08-18,34,"Good Friends, Good Whiskey, Good Lovin'",Hank Williams Jr.,21,14,
1990-08-18,35,Too Cold At Home,Mark Chesnutt,40,3,Gains In Performance
1990-08-18,36,Drinking Champagne,George Strait,65,2,
1990-08-18,37,Story Of Love,The Desert Rose Band,47,5,Gains In Performance
1990-08-18,38,Born To Be Blue,The Judds,51,3,Gains In Performance
1990-08-18,39,I've Cried My Last Tear For You,Ricky Van Shelton,36,25,
1990-08-18,40,Honky Tonk Blues,Pirates Of The Mississippi,49,5,Gains In Performance
1990-08-18,41,My Heart Is Set On You,Lionel Cartwright,54,5,Gains In Performance
1990-08-18,42,Walkin' Away,Clint Black,41,24,
1990-08-18,43,I'm Over You,Keith Whitley,44,26,
1990-08-18,44,Dancy's Dream,Restless Heart,35,20,
1990-08-18,45,Help Me Hold On,Travis Tritt,42,26,
1990-08-18,46,She Came From Fort Worth,Kathy Mattea,37,21,
1990-08-18,47,I Watched It All (On My Radio),Lionel Cartwright,45,24,
1990-08-18,48,Walking Shoes,Tanya Tucker,43,22,
1990-08-18,49,Love Is Strange,Kenny Rogers & Dolly Parton,78,2,Highest ranking debut|Gains In Performance
1990-08-18,50,Pass It On Down,Alabama,38,17,
1990-08-18,51,I'd Be Better Off (In A Pine Box),Doug Stone,46,26,
1990-08-18,52,Lonely Out Tonite,Eddie Rabbitt,56,4,Gains In Performance
1990-08-18,53,Island,Eddy Raven,50,19,
1990-08-18,54,Oughta Be A Law,Lee Roy Parnell,58,11,Gains In Performance
1990-08-18,55,Looks Aren't Everything,Mark Collie,39,13,
1990-08-18,56,Runnin' With The Wind,Eddie Rabbitt,55,21,
1990-08-18,57,Searchin' For Some Kind Of Clue,Billy Joe Royal,53,16,
1990-08-18,58,Dumas Walker,The Kentucky Headhunters,59,28,
1990-08-18,59,Fool Such As I,Baillie and the Boys,68,3,Gains In Performance
1990-08-18,60,Dance In Circles,Tim Ryan,70,7,Gains In Performance
1990-08-25,1,"Next To You, Next To Me",Shenandoah,1,12,Gains In Performance
1990-08-25,2,I'm Gonna Be Somebody,Travis Tritt,4,12,Gains In Performance
1990-08-25,3,When I Call Your Name,Vince Gill,2,15,
1990-08-25,4,Nothing's News,Clint Black,6,9,Gains In Performance
1990-08-25,5,Wanted,Alan Jackson,7,11,Gains In Performance
1990-08-25,6,Jukebox In My Mind,Alabama,8,5,Gains In Performance
1990-08-25,7,Good Times,Dan Seals,3,13,
1990-08-25,8,Wrong,Waylon Jennings,5,15,
1990-08-25,9,Don't Go Out,Tanya Tucker With T. Graham Brown,11,10,Gains In Performance
1990-08-25,10,I Meant Every Word He Said,Ricky Van Shelton,12,9,Gains In Performance
1990-08-25,11,He Talks To Me,Lorrie Morgan,9,15,
1990-08-25,12,Oh Lonesome Me,The Kentucky Headhunters,10,14,
1990-08-25,13,Holdin' A Good Hand,Lee Greenwood,14,9,Gains In Performance
1990-08-25,14,Something Of A Dreamer,Mary Chapin Carpenter,17,12,Gains In Performance
1990-08-25,15,Fourteen Minutes Old,Doug Stone,16,8,Gains In Performance
1990-08-25,16,I Could Be Persuaded,The Bellamy Brothers,19,10,Gains In Performance
1990-08-25,17,I Fell In Love,Carlene Carter,28,8,Gains In Performance
1990-08-25,18,The Dance,Garth Brooks,13,19,
1990-08-25,19,The Battle Hymn Of Love,Kathy Mattea & Tim O'Brien,24,7,Gains In Performance
1990-08-25,20,Precious Thing,Steve Wariner,25,7,Gains In Performance
1990-08-25,21,'Til A Tear Becomes A Rose,Keith Whitley & Lorrie Morgan,27,5,Gains In Performance
1990-08-25,22,Maybe That's All It Takes,Don Williams,23,12,
1990-08-25,23,Friends In Low Places,Garth Brooks,65,2,
1990-08-25,24,He Walked On Water,Randy Travis,15,16,
1990-08-25,25,My Past Is Present,Rodney Crowell,29,8,Gains In Performance
1990-08-25,26,Richest Man On Earth,Paul Overstreet,18,15,
1990-08-25,27,Nobody's Talking,Exile,20,20,
1990-08-25,28,Drinking Champagne,George Strait,36,3,Gains In Performance
1990-08-25,29,Too Cold At Home,Mark Chesnutt,35,4,Gains In Performance
1990-08-25,30,I'll Lie Myself To Sleep,Shelby Lynne,31,13,Gains In Performance
1990-08-25,31,"Love Without End, Amen",George Strait,30,18,
1990-08-25,32,Born To Be Blue,The Judds,38,4,Gains In Performance
1990-08-25,33,On Down The Line,Patty Loveless,21,16,
1990-08-25,34,Hillbilly Rock,Marty Stuart,26,20,
1990-08-25,35,Story Of Love,The Desert Rose Band,37,6,Gains In Performance
1990-08-25,36,Honky Tonk Blues,Pirates Of The Mississippi,40,6,Gains In Performance
1990-08-25,37,Walk On,Reba McEntire,32,20,
1990-08-25,38,If You Could Only See Me Now,T. Graham Brown,33,23,
1990-08-25,39,Love Is Strange,Kenny Rogers & Dolly Parton,49,3,Gains In Performance
1990-08-25,40,My Heart Is Set On You,Lionel Cartwright,41,6,Gains In Performance
1990-08-25,41,This Side Of Goodbye,Highway 101,22,15,
1990-08-25,42,I've Cried My Last Tear For You,Ricky Van Shelton,39,26,
1990-08-25,43,"Good Friends, Good Whiskey, Good Lovin'",Hank Williams Jr.,34,15,
1990-08-25,44,Lonely Out Tonite,Eddie Rabbitt,52,5,Gains In Performance
1990-08-25,45,She Came From Fort Worth,Kathy Mattea,46,22,
1990-08-25,46,Dancy's Dream,Restless Heart,44,21,
1990-08-25,47,I'm Over You,Keith Whitley,43,27,
1990-08-25,48,Walkin' Away,Clint Black,42,25,
1990-08-25,49,Walking Shoes,Tanya Tucker,48,23,
1990-08-25,50,You Lie,Reba McEntire,83,2,Highest ranking debut|Gains In Performance
1990-08-25,51,Pass It On Down,Alabama,50,18,
1990-08-25,52,I'd Be Better Off (In A Pine Box),Doug Stone,51,27,
1990-08-25,53,I Watched It All (On My Radio),Lionel Cartwright,47,25,
1990-08-25,54,Fool Such As I,Baillie and the Boys,59,4,Gains In Performance
1990-08-25,55,Reckless Heart,Southern Pacific,66,4,Gains In Performance
1990-08-25,56,Runnin' With The Wind,Eddie Rabbitt,56,22,
1990-08-25,57,Dance In Circles,Tim Ryan,60,8,Gains In Performance
1990-08-25,58,If Looks Could Kill,Rodney Crowell,67,26,
1990-08-25,59,Island,Eddy Raven,53,20,
1990-08-25,60,Oughta Be A Law,Lee Roy Parnell,54,12,
1990-09-01,1,"Next To You, Next To Me",Shenandoah,1,13,Gains In Performance
1990-09-01,2,Jukebox In My Mind,Alabama,6,6,Gains In Performance
1990-09-01,3,Nothing's News,Clint Black,4,10,
1990-09-01,4,Wanted,Alan Jackson,5,12,Gains In Performance
1990-09-01,5,I'm Gonna Be Somebody,Travis Tritt,2,13,
1990-09-01,6,Don't Go Out,Tanya Tucker With T. Graham Brown,9,11,Gains In Performance
1990-09-01,7,When I Call Your Name,Vince Gill,3,16,
1990-09-01,8,I Meant Every Word He Said,Ricky Van Shelton,10,10,Gains In Performance
1990-09-01,9,Good Times,Dan Seals,7,14,
1990-09-01,10,Wrong,Waylon Jennings,8,16,
1990-09-01,11,Holdin' A Good Hand,Lee Greenwood,13,10,Gains In Performance
1990-09-01,12,Fourteen Minutes Old,Doug Stone,15,9,Gains In Performance
1990-09-01,13,I Could Be Persuaded,The Bellamy Brothers,16,11,Gains In Performance
1990-09-01,14,Friends In Low Places,Garth Brooks,23,3,Gains In Performance
1990-09-01,15,Something Of A Dreamer,Mary Chapin Carpenter,14,13,
1990-09-01,16,I Fell In Love,Carlene Carter,17,9,Gains In Performance
1990-09-01,17,'Til A Tear Becomes A Rose,Keith Whitley & Lorrie Morgan,21,6,Gains In Performance
1990-09-01,18,Drinking Champagne,George Strait,28,4,Gains In Performance
1990-09-01,19,The Battle Hymn Of Love,Kathy Mattea & Tim O'Brien,19,8,Gains In Performance
1990-09-01,20,Precious Thing,Steve Wariner,20,8,Gains In Performance
1990-09-01,21,Oh Lonesome Me,The Kentucky Headhunters,12,15,
1990-09-01,22,He Talks To Me,Lorrie Morgan,11,16,
1990-09-01,23,Born To Be Blue,The Judds,32,5,Gains In Performance
1990-09-01,24,My Past Is Present,Rodney Crowell,25,9,Gains In Performance
1990-09-01,25,Too Cold At Home,Mark Chesnutt,29,5,Gains In Performance
1990-09-01,26,I'll Lie Myself To Sleep,Shelby Lynne,30,14,Gains In Performance
1990-09-01,27,Story Of Love,The Desert Rose Band,35,7,Gains In Performance
1990-09-01,28,Nobody's Talking,Exile,27,21,
1990-09-01,29,Love Is Strange,Kenny Rogers & Dolly Parton,39,4,Gains In Performance
1990-09-01,30,Maybe That's All It Takes,Don Williams,22,13,
1990-09-01,31,The Dance,Garth Brooks,18,20,
1990-09-01,32,"Love Without End, Amen",George Strait,31,19,
1990-09-01,33,Honky Tonk Blues,Pirates Of The Mississippi,36,7,Gains In Performance
1990-09-01,34,My Heart Is Set On You,Lionel Cartwright,40,7,Gains In Performance
1990-09-01,35,Richest Man On Earth,Paul Overstreet,26,16,
1990-09-01,36,You Lie,Reba McEntire,50,3,
1990-09-01,37,He Walked On Water,Randy Travis,24,17,
1990-09-01,38,Hillbilly Rock,Marty Stuart,34,21,
1990-09-01,39,Lonely Out Tonite,Eddie Rabbitt,44,6,Gains In Performance
1990-09-01,40,Walk On,Reba McEntire,37,21,
1990-09-01,41,On Down The Line,Patty Loveless,33,17,
1990-09-01,42,Pass It On Down,Alabama,51,19,
1990-09-01,43,"Good Friends, Good Whiskey, Good Lovin'",Hank Williams Jr.,43,16,
1990-09-01,44,Fool Such As I,Baillie and the Boys,54,5,Gains In Performance
1990-09-01,45,Reckless Heart,Southern Pacific,55,5,Gains In Performance
1990-09-01,46,Home,Joe Diffie,68,4,Gains In Performance
1990-09-01,47,Dancy's Dream,Restless Heart,46,22,
1990-09-01,48,This Side Of Goodbye,Highway 101,41,16,
1990-09-01,49,Dance In Circles,Tim Ryan,57,9,Gains In Performance
1990-09-01,50,Feed This Fire,Anne Murray,69,4,Gains In Performance
1990-09-01,51,Island,Eddy Raven,59,21,
1990-09-01,52,You Really Had Me Going,Holly Dunn,77,3,Highest ranking debut|Gains In Performance
1990-09-01,53,Searchin' For Some Kind Of Clue,Billy Joe Royal,63,18,
1990-09-01,54,Small Small World,The Statler Brothers,61,13,
1990-09-01,55,Work Song,Corbin/Hanner,72,8,Gains In Performance
1990-09-01,56,This Ain't My First Rodeo,Vern Gosdin,79,3,Gains In Performance
1990-09-01,57,Looks Aren't Everything,Mark Collie,66,15,
1990-09-01,58,Keepin' Me Up Nights,Asleep At The Wheel,76,6,Gains In Performance
1990-09-01,59,When Somebody Loves You,Restless Heart,82,2,Gains In Performance
1990-09-01,60,He Was On To Something,Ricky Skaggs,78,2,Gains In Performance
1990-09-08,1,Jukebox In My Mind,Alabama,2,7,Gains In Performance
1990-09-08,2,"Next To You, Next To Me",Shenandoah,1,14,
1990-09-08,3,Wanted,Alan Jackson,4,13,Gains In Performance
1990-09-08,4,Nothing's News,Clint Black,3,11,
1990-09-08,5,I Meant Every Word He Said,Ricky Van Shelton,8,11,Gains In Performance
1990-09-08,6,Don't Go Out,Tanya Tucker With T. Graham Brown,6,12,
1990-09-08,7,I'm Gonna Be Somebody,Travis Tritt,5,14,
1990-09-08,8,Holdin' A Good Hand,Lee Greenwood,11,11,Gains In Performance
1990-09-08,9,I Fell In Love,Carlene Carter,16,10,Gains In Performance
1990-09-08,10,Fourteen Minutes Old,Doug Stone,12,10,Gains In Performance
1990-09-08,11,Friends In Low Places,Garth Brooks,14,4,Gains In Performance
1990-09-08,12,I Could Be Persuaded,The Bellamy Brothers,13,12,Gains In Performance
1990-09-08,13,When I Call Your Name,Vince Gill,7,17,
1990-09-08,14,Good Times,Dan Seals,9,15,
1990-09-08,15,Drinking Champagne,George Strait,18,5,Gains In Performance
1990-09-08,16,'Til A Tear Becomes A Rose,Keith Whitley & Lorrie Morgan,17,7,Gains In Performance
1990-09-08,17,The Battle Hymn Of Love,Kathy Mattea & Tim O'Brien,19,9,Gains In Performance
1990-09-08,18,Precious Thing,Steve Wariner,20,9,Gains In Performance
1990-09-08,19,Born To Be Blue,The Judds,23,6,Gains In Performance
1990-09-08,20,Wrong,Waylon Jennings,10,17,
1990-09-08,21,Too Cold At Home,Mark Chesnutt,25,6,Gains In Performance
1990-09-08,22,My Past Is Present,Rodney Crowell,24,10,Gains In Performance
1990-09-08,23,Love Is Strange,Kenny Rogers & Dolly Parton,29,5,Gains In Performance
1990-09-08,24,Something Of A Dreamer,Mary Chapin Carpenter,15,14,
1990-09-08,25,Story Of Love,The Desert Rose Band,27,8,Gains In Performance
1990-09-08,26,You Lie,Reba McEntire,36,4,
1990-09-08,27,He Talks To Me,Lorrie Morgan,22,17,
1990-09-08,28,Honky Tonk Blues,Pirates Of The Mississippi,33,8,Gains In Performance
1990-09-08,29,Oh Lonesome Me,The Kentucky Headhunters,21,16,
1990-09-08,30,I'll Lie Myself To Sleep,Shelby Lynne,26,15,
1990-09-08,31,My Heart Is Set On You,Lionel Cartwright,34,8,Gains In Performance
1990-09-08,32,The Dance,Garth Brooks,31,21,
1990-09-08,33,"Love Without End, Amen",George Strait,32,20,
1990-09-08,34,Maybe That's All It Takes,Don Williams,30,14,
1990-09-08,35,He Walked On Water,Randy Travis,37,18,
1990-09-08,36,Home,Joe Diffie,46,5,Gains In Performance
1990-09-08,37,Lonely Out Tonite,Eddie Rabbitt,39,7,
1990-09-08,38,Richest Man On Earth,Paul Overstreet,35,17,
1990-09-08,39,Hillbilly Rock,Marty Stuart,38,22,
1990-09-08,40,Fool Such As I,Baillie and the Boys,44,6,Gains In Performance
1990-09-08,41,On Down The Line,Patty Loveless,41,18,
1990-09-08,42,Reckless Heart,Southern Pacific,45,6,Gains In Performance
1990-09-08,43,Pass It On Down,Alabama,42,20,
1990-09-08,44,Dance In Circles,Tim Ryan,49,10,Gains In Performance
1990-09-08,45,You Really Had Me Going,Holly Dunn,52,4,Gains In Performance
1990-09-08,46,Dancy's Dream,Restless Heart,47,23,
1990-09-08,47,Feed This Fire,Anne Murray,50,5,Gains In Performance
1990-09-08,48,"Good Friends, Good Whiskey, Good Lovin'",Hank Williams Jr.,43,17,
1990-09-08,49,This Side Of Goodbye,Highway 101,48,17,
1990-09-08,50,When Somebody Loves You,Restless Heart,59,3,Gains In Performance
1990-09-08,51,This Ain't My First Rodeo,Vern Gosdin,56,4,Gains In Performance
1990-09-08,52,He Was On To Something,Ricky Skaggs,60,3,Gains In Performance
1990-09-08,53,Island,Eddy Raven,51,22,
1990-09-08,54,Keepin' Me Up Nights,Asleep At The Wheel,58,7,Gains In Performance
1990-09-08,55,Work Song,Corbin/Hanner,55,9,Gains In Performance
1990-09-08,56,A Few More Rednecks,The Charlie Daniels Band,62,8,Gains In Performance
1990-09-08,57,Searchin' For Some Kind Of Clue,Billy Joe Royal,53,19,
1990-09-08,58,Western Girls,Marty Stuart,73,2,Gains In Performance
1990-09-08,59,Looks Aren't Everything,Mark Collie,57,16,
1990-09-08,60,When It Rains It Pours,Merle Haggard,66,5,Gains In Performance
1990-09-15,1,Jukebox In My Mind,Alabama,1,8,Gains In Performance
1990-09-15,2,I Meant Every Word He Said,Ricky Van Shelton,5,12,Gains In Performance
1990-09-15,3,Friends In Low Places,Garth Brooks,11,5,Gains In Performance
1990-09-15,4,Wanted,Alan Jackson,3,14,
1990-09-15,5,Nothing's News,Clint Black,4,12,
1990-09-15,6,Holdin' A Good Hand,Lee Greenwood,8,12,Gains In Performance
1990-09-15,7,I Fell In Love,Carlene Carter,9,11,Gains In Performance
1990-09-15,8,"Next To You, Next To Me",Shenandoah,2,15,
1990-09-15,9,Fourteen Minutes Old,Doug Stone,10,11,Gains In Performance
1990-09-15,10,I Could Be Persuaded,The Bellamy Brothers,12,13,Gains In Performance
1990-09-15,11,Don't Go Out,Tanya Tucker With T. Graham Brown,6,13,
1990-09-15,12,Drinking Champagne,George Strait,15,6,Gains In Performance
1990-09-15,13,'Til A Tear Becomes A Rose,Keith Whitley & Lorrie Morgan,16,8,Gains In Performance
1990-09-15,14,When I Call Your Name,Vince Gill,13,18,
1990-09-15,15,Born To Be Blue,The Judds,19,7,Gains In Performance
1990-09-15,16,The Battle Hymn Of Love,Kathy Mattea & Tim O'Brien,17,10,Gains In Performance
1990-09-15,17,Precious Thing,Steve Wariner,18,10,Gains In Performance
1990-09-15,18,You Lie,Reba McEntire,26,5,Gains In Performance
1990-09-15,19,Too Cold At Home,Mark Chesnutt,21,7,Gains In Performance
1990-09-15,20,I'm Gonna Be Somebody,Travis Tritt,7,15,
1990-09-15,21,Good Times,Dan Seals,14,16,
1990-09-15,22,Story Of Love,The Desert Rose Band,25,9,Gains In Performance
1990-09-15,23,Love Is Strange,Kenny Rogers & Dolly Parton,23,6,Gains In Performance
1990-09-15,24,My Past Is Present,Rodney Crowell,22,11,
1990-09-15,25,My Heart Is Set On You,Lionel Cartwright,31,9,Gains In Performance
1990-09-15,26,Wrong,Waylon Jennings,20,18,
1990-09-15,27,Honky Tonk Blues,Pirates Of The Mississippi,28,9,Gains In Performance
1990-09-15,28,Don't Give Us A Reason,Hank Williams Jr.,NEW,1,Highest ranking debut|Gains In Performance
1990-09-15,29,Oh Lonesome Me,The Kentucky Headhunters,29,17,
1990-09-15,30,Home,Joe Diffie,36,6,Gains In Performance
1990-09-15,31,The Dance,Garth Brooks,32,22,
1990-09-15,32,Lonely Out Tonite,Eddie Rabbitt,37,8,Gains In Performance
1990-09-15,33,Something Of A Dreamer,Mary Chapin Carpenter,24,15,
1990-09-15,34,He Talks To Me,Lorrie Morgan,27,18,
1990-09-15,35,Fool Such As I,Baillie and the Boys,40,7,Gains In Performance
1990-09-15,36,I'll Lie Myself To Sleep,Shelby Lynne,30,16,
1990-09-15,37,"Love Without End, Amen",George Strait,33,21,
1990-09-15,38,He Walked On Water,Randy Travis,35,19,
1990-09-15,39,Reckless Heart,Southern Pacific,42,7,Gains In Performance
1990-09-15,40,A Few Ole Country Boys,Randy Travis & George Jones,73,2,
1990-09-15,41,Richest Man On Earth,Paul Overstreet,38,18,
1990-09-15,42,You Really Had Me Going,Holly Dunn,45,5,Gains In Performance
1990-09-15,43,On Down The Line,Patty Loveless,41,19,
1990-09-15,44,Feed This Fire,Anne Murray,47,6,Gains In Performance
1990-09-15,45,Hillbilly Rock,Marty Stuart,39,23,
1990-09-15,46,When Somebody Loves You,Restless Heart,50,4,Gains In Performance
1990-09-15,47,Maybe That's All It Takes,Don Williams,34,15,
1990-09-15,48,Dance In Circles,Tim Ryan,44,11,
1990-09-15,49,He Was On To Something,Ricky Skaggs,52,4,Gains In Performance
1990-09-15,50,This Ain't My First Rodeo,Vern Gosdin,51,5,Gains In Performance
1990-09-15,51,Pass It On Down,Alabama,43,21,
1990-09-15,52,Yet,Exile,61,3,Gains In Performance
1990-09-15,53,This Side Of Goodbye,Highway 101,49,18,
1990-09-15,54,"Good Friends, Good Whiskey, Good Lovin'",Hank Williams Jr.,48,18,
1990-09-15,55,Crazy In Love,Conway Twitty,66,2,Gains In Performance
1990-09-15,56,Western Girls,Marty Stuart,58,3,Gains In Performance
1990-09-15,57,Keepin' Me Up Nights,Asleep At The Wheel,54,8,
1990-09-15,58,Work Song,Corbin/Hanner,55,10,
1990-09-15,59,Back In My Younger Days,Don Williams,NEW,1,Gains In Performance
1990-09-15,60,A Few More Rednecks,The Charlie Daniels Band,56,9,
1990-09-22,1,Jukebox In My Mind,Alabama,1,9,Gains In Performance
1990-09-22,2,I Meant Every Word He Said,Ricky Van Shelton,2,13,Gains In Performance
1990-09-22,3,Friends In Low Places,Garth Brooks,3,6,Gains In Performance
1990-09-22,4,Holdin' A Good Hand,Lee Greenwood,6,13,Gains In Performance
1990-09-22,5,I Fell In Love,Carlene Carter,7,12,Gains In Performance
1990-09-22,6,Fourteen Minutes Old,Doug Stone,9,12,Gains In Performance
1990-09-22,7,I Could Be Persuaded,The Bellamy Brothers,10,14,Gains In Performance
1990-09-22,8,Wanted,Alan Jackson,4,15,
1990-09-22,9,Drinking Champagne,George Strait,12,7,Gains In Performance
1990-09-22,10,Nothing's News,Clint Black,5,13,
1990-09-22,11,The Battle Hymn Of Love,Kathy Mattea & Tim O'Brien,16,11,Gains In Performance
1990-09-22,12,Precious Thing,Steve Wariner,17,11,Gains In Performance
1990-09-22,13,'Til A Tear Becomes A Rose,Keith Whitley & Lorrie Morgan,13,9,Gains In Performance
1990-09-22,14,"Next To You, Next To Me",Shenandoah,8,16,
1990-09-22,15,Born To Be Blue,The Judds,15,8,Gains In Performance
1990-09-22,16,You Lie,Reba McEntire,18,6,Gains In Performance
1990-09-22,17,Too Cold At Home,Mark Chesnutt,19,8,Gains In Performance
1990-09-22,18,Don't Go Out,Tanya Tucker With T. Graham Brown,11,14,
1990-09-22,19,When I Call Your Name,Vince Gill,14,19,
1990-09-22,20,Story Of Love,The Desert Rose Band,22,10,Gains In Performance
1990-09-22,21,Love Is Strange,Kenny Rogers & Dolly Parton,23,7,Gains In Performance
1990-09-22,22,My Heart Is Set On You,Lionel Cartwright,25,10,Gains In Performance
1990-09-22,23,I'm Gonna Be Somebody,Travis Tritt,20,16,
1990-09-22,24,Home,Joe Diffie,30,7,
1990-09-22,25,Good Times,Dan Seals,21,17,
1990-09-22,26,Honky Tonk Blues,Pirates Of The Mississippi,27,10,Gains In Performance
1990-09-22,27,Don't Give Us A Reason,Hank Williams Jr.,28,2,Gains In Performance
1990-09-22,28,Fool Such As I,Baillie and the Boys,35,8,Gains In Performance
1990-09-22,29,My Past Is Present,Rodney Crowell,24,12,
1990-09-22,30,A Few Ole Country Boys,Randy Travis & George Jones,40,3,Gains In Performance
1990-09-22,31,Oh Lonesome Me,The Kentucky Headhunters,29,18,
1990-09-22,32,Wrong,Waylon Jennings,26,19,
1990-09-22,33,The Dance,Garth Brooks,31,23,
1990-09-22,34,Feed This Fire,Anne Murray,44,7,Gains In Performance
1990-09-22,35,He Walked On Water,Randy Travis,38,20,
1990-09-22,36,Lonely Out Tonite,Eddie Rabbitt,32,9,
1990-09-22,37,Reckless Heart,Southern Pacific,39,8,Gains In Performance
1990-09-22,38,He Talks To Me,Lorrie Morgan,34,19,
1990-09-22,39,When Somebody Loves You,Restless Heart,46,5,Gains In Performance
1990-09-22,40,You Really Had Me Going,Holly Dunn,42,6,Gains In Performance
1990-09-22,41,He Was On To Something,Ricky Skaggs,49,5,Gains In Performance
1990-09-22,42,Yet,Exile,52,4,Gains In Performance
1990-09-22,43,Dance In Circles,Tim Ryan,48,12,Gains In Performance
1990-09-22,44,This Ain't My First Rodeo,Vern Gosdin,50,6,Gains In Performance
1990-09-22,45,Richest Man On Earth,Paul Overstreet,41,19,
1990-09-22,46,Something Of A Dreamer,Mary Chapin Carpenter,33,16,
1990-09-22,47,On Down The Line,Patty Loveless,43,20,
1990-09-22,48,I'll Lie Myself To Sleep,Shelby Lynne,36,17,
1990-09-22,49,Back In My Younger Days,Don Williams,59,2,Gains In Performance
1990-09-22,50,Crazy In Love,Conway Twitty,55,3,Gains In Performance
1990-09-22,51,Western Girls,Marty Stuart,56,4,Gains In Performance
1990-09-22,52,Maybe That's All It Takes,Don Williams,47,16,
1990-09-22,53,This Side Of Goodbye,Highway 101,53,19,
1990-09-22,54,"Good Friends, Good Whiskey, Good Lovin'",Hank Williams Jr.,54,19,
1990-09-22,55,Searchin' For Some Kind Of Clue,Billy Joe Royal,62,21,
1990-09-22,56,Keepin' Me Up Nights,Asleep At The Wheel,57,9,
1990-09-22,57,Let's Call It A Day Today,Tammy Wynette,61,7,Gains In Performance
1990-09-22,58,Looks Aren't Everything,Mark Collie,63,18,
1990-09-22,59,Moonshadow Road,T. Graham Brown,74,2,Gains In Performance
1990-09-22,60,Work Song,Corbin/Hanner,58,11,
1990-09-29,1,Jukebox In My Mind,Alabama,1,10,
1990-09-29,2,Friends In Low Places,Garth Brooks,3,7,Gains In Performance
1990-09-29,3,Holdin' A Good Hand,Lee Greenwood,4,14,Gains In Performance
1990-09-29,4,I Fell In Love,Carlene Carter,5,13,Gains In Performance
1990-09-29,5,I Meant Every Word He Said,Ricky Van Shelton,2,14,
1990-09-29,6,Fourteen Minutes Old,Doug Stone,6,13,Gains In Performance
1990-09-29,7,Drinking Champagne,George Strait,9,8,Gains In Performance
1990-09-29,8,Precious Thing,Steve Wariner,12,12,Gains In Performance
1990-09-29,9,The Battle Hymn Of Love,Kathy Mattea & Tim O'Brien,11,12,Gains In Performance
1990-09-29,10,Too Cold At Home,Mark Chesnutt,17,9,Gains In Performance
1990-09-29,11,You Lie,Reba McEntire,16,7,Gains In Performance
1990-09-29,12,Born To Be Blue,The Judds,15,9,Gains In Performance
1990-09-29,13,'Til A Tear Becomes A Rose,Keith Whitley & Lorrie Morgan,13,10,
1990-09-29,14,Nothing's News,Clint Black,10,14,
1990-09-29,15,I Could Be Persuaded,The Bellamy Brothers,7,15,
1990-09-29,16,Wanted,Alan Jackson,8,16,
1990-09-29,17,Story Of Love,The Desert Rose Band,20,11,Gains In Performance
1990-09-29,18,Home,Joe Diffie,24,8,Gains In Performance
1990-09-29,19,My Heart Is Set On You,Lionel Cartwright,22,11,Gains In Performance
1990-09-29,20,When I Call Your Name,Vince Gill,19,20,
1990-09-29,21,Love Is Strange,Kenny Rogers & Dolly Parton,21,8,Gains In Performance
1990-09-29,22,"Next To You, Next To Me",Shenandoah,14,17,
1990-09-29,23,A Few Ole Country Boys,Randy Travis & George Jones,30,4,
1990-09-29,24,I'm Gonna Be Somebody,Travis Tritt,23,17,
1990-09-29,25,Don't Go Out,Tanya Tucker With T. Graham Brown,18,15,
1990-09-29,26,Fool Such As I,Baillie and the Boys,28,9,Gains In Performance
1990-09-29,27,Good Times,Dan Seals,25,18,
1990-09-29,28,Honky Tonk Blues,Pirates Of The Mississippi,26,11,
1990-09-29,29,You Really Had Me Going,Holly Dunn,40,7,Gains In Performance
1990-09-29,30,Feed This Fire,Anne Murray,34,8,Gains In Performance
1990-09-29,31,Don't Give Us A Reason,Hank Williams Jr.,27,3,
1990-09-29,32,Reckless Heart,Southern Pacific,37,9,Gains In Performance
1990-09-29,33,When Somebody Loves You,Restless Heart,39,6,Gains In Performance
1990-09-29,34,Yet,Exile,42,5,Gains In Performance
1990-09-29,35,Oh Lonesome Me,The Kentucky Headhunters,31,19,
1990-09-29,36,He Was On To Something,Ricky Skaggs,41,6,Gains In Performance
1990-09-29,37,This Ain't My First Rodeo,Vern Gosdin,44,7,Gains In Performance
1990-09-29,38,Back In My Younger Days,Don Williams,49,3,Gains In Performance
1990-09-29,39,Wrong,Waylon Jennings,32,20,
1990-09-29,40,He Walked On Water,Randy Travis,35,21,
1990-09-29,41,He Talks To Me,Lorrie Morgan,38,20,
1990-09-29,42,Dance In Circles,Tim Ryan,43,13,
1990-09-29,43,Crazy In Love,Conway Twitty,50,4,Gains In Performance
1990-09-29,44,Western Girls,Marty Stuart,51,5,Gains In Performance
1990-09-29,45,On Down The Line,Patty Loveless,47,21,
1990-09-29,46,Richest Man On Earth,Paul Overstreet,45,20,
1990-09-29,47,Something Of A Dreamer,Mary Chapin Carpenter,46,17,
1990-09-29,48,My Past Is Present,Rodney Crowell,29,13,
1990-09-29,49,I'll Lie Myself To Sleep,Shelby Lynne,48,18,
1990-09-29,50,Moonshadow Road,T. Graham Brown,59,3,Gains In Performance
1990-09-29,51,Come Next Monday,K.T. Oslin,NEW,1,Highest ranking debut|Gains In Performance
1990-09-29,52,American Boy,Eddie Rabbitt,NEW,1,Gains In Performance
1990-09-29,53,"Good Friends, Good Whiskey, Good Lovin'",Hank Williams Jr.,54,20,
1990-09-29,54,This Side Of Goodbye,Highway 101,53,20,
1990-09-29,55,Someone Else's Trouble Now,Highway 101,62,2,Gains In Performance
1990-09-29,56,Lonely Out Tonite,Eddie Rabbitt,36,10,
1990-09-29,57,Ain't Necessarily So,Willie Nelson,NEW,1,Gains In Performance
1990-09-29,58,What We Really Want,Rosanne Cash,NEW,1,Gains In Performance
1990-09-29,59,Maybe That's All It Takes,Don Williams,52,17,
1990-09-29,60,The Things You Left Undone,Matraca Berg,66,5,Gains In Performance
1990-10-06,1,Friends In Low Places,Garth Brooks,2,8,Gains In Performance
1990-10-06,2,Holdin' A Good Hand,Lee Greenwood,3,15,
1990-10-06,3,I Fell In Love,Carlene Carter,4,14,
1990-10-06,4,Jukebox In My Mind,Alabama,1,11,
1990-10-06,5,Too Cold At Home,Mark Chesnutt,10,10,Gains In Performance
1990-10-06,6,Drinking Champagne,George Strait,7,9,Gains In Performance
1990-10-06,7,You Lie,Reba McEntire,11,8,Gains In Performance
1990-10-06,8,Precious Thing,Steve Wariner,8,13,Gains In Performance
1990-10-06,9,I Meant Every Word He Said,Ricky Van Shelton,5,15,
1990-10-06,10,Born To Be Blue,The Judds,12,10,Gains In Performance
1990-10-06,11,The Battle Hymn Of Love,Kathy Mattea & Tim O'Brien,9,13,
1990-10-06,12,Fourteen Minutes Old,Doug Stone,6,14,
1990-10-06,13,Story Of Love,The Desert Rose Band,17,12,Gains In Performance
1990-10-06,14,'Til A Tear Becomes A Rose,Keith Whitley & Lorrie Morgan,13,11,
1990-10-06,15,Home,Joe Diffie,18,9,Gains In Performance
1990-10-06,16,My Heart Is Set On You,Lionel Cartwright,19,12,Gains In Performance
1990-10-06,17,Nothing's News,Clint Black,14,15,
1990-10-06,18,A Few Ole Country Boys,Randy Travis & George Jones,23,5,Gains In Performance
1990-10-06,19,Wanted,Alan Jackson,16,17,
1990-10-06,20,I Could Be Persuaded,The Bellamy Brothers,15,16,
1990-10-06,21,Love Is Strange,Kenny Rogers & Dolly Parton,21,9,
1990-10-06,22,When I Call Your Name,Vince Gill,20,21,
1990-10-06,23,Fool Such As I,Baillie and the Boys,26,10,Gains In Performance
1990-10-06,24,You Really Had Me Going,Holly Dunn,29,8,Gains In Performance
1990-10-06,25,I'm Gonna Be Somebody,Travis Tritt,24,18,
1990-10-06,26,Feed This Fire,Anne Murray,30,9,Gains In Performance
1990-10-06,27,"Next To You, Next To Me",Shenandoah,22,18,
1990-10-06,28,Yet,Exile,34,6,Gains In Performance
1990-10-06,29,Back In My Younger Days,Don Williams,38,4,Gains In Performance
1990-10-06,30,Don't Go Out,Tanya Tucker With T. Graham Brown,25,16,
1990-10-06,31,When Somebody Loves You,Restless Heart,33,7,Gains In Performance
1990-10-06,32,Reckless Heart,Southern Pacific,32,10,Gains In Performance
1990-10-06,33,This Ain't My First Rodeo,Vern Gosdin,37,8,Gains In Performance
1990-10-06,34,Good Times,Dan Seals,27,19,
1990-10-06,35,American Boy,Eddie Rabbitt,52,2,
1990-10-06,36,He Was On To Something,Ricky Skaggs,36,7,Gains In Performance
1990-10-06,37,Crazy In Love,Conway Twitty,43,5,Gains In Performance
1990-10-06,38,Western Girls,Marty Stuart,44,6,Gains In Performance
1990-10-06,39,Oh Lonesome Me,The Kentucky Headhunters,35,20,
1990-10-06,40,Wrong,Waylon Jennings,39,21,
1990-10-06,41,Honky Tonk Blues,Pirates Of The Mississippi,28,12,
1990-10-06,42,Don't Give Us A Reason,Hank Williams Jr.,31,4,
1990-10-06,43,Come Next Monday,K.T. Oslin,51,2,Gains In Performance
1990-10-06,44,He Talks To Me,Lorrie Morgan,41,21,
1990-10-06,45,Dance In Circles,Tim Ryan,42,14,
1990-10-06,46,On Down The Line,Patty Loveless,45,22,
1990-10-06,47,Someone Else's Trouble Now,Highway 101,55,3,Gains In Performance
1990-10-06,48,Moonshadow Road,T. Graham Brown,50,4,Gains In Performance
1990-10-06,49,Richest Man On Earth,Paul Overstreet,46,21,
1990-10-06,50,Ain't Necessarily So,Willie Nelson,57,2,Gains In Performance
1990-10-06,51,"Good Friends, Good Whiskey, Good Lovin'",Hank Williams Jr.,53,21,
1990-10-06,52,Something Of A Dreamer,Mary Chapin Carpenter,47,18,
1990-10-06,53,Never Knew Lonely,Vince Gill,72,2,Gains In Performance
1990-10-06,54,Put Some Drive In Your Country,Travis Tritt,73,3,Gains In Performance
1990-10-06,55,Ghost In This House,Shenandoah,NEW,1,Highest ranking debut|Gains In Performance
1990-10-06,56,What We Really Want,Rosanne Cash,58,2,Gains In Performance
1990-10-06,57,The Things You Left Undone,Matraca Berg,60,6,Gains In Performance
1990-10-06,58,The Night's Too Long,Patty Loveless,61,3,Gains In Performance
1990-10-06,59,A Ring Where A Ring Used To Be,Billy Joe Royal,63,4,Gains In Performance
1990-10-06,60,This Side Of Goodbye,Highway 101,54,21,
1990-10-13,1,Friends In Low Places,Garth Brooks,1,9,Gains In Performance
1990-10-13,2,You Lie,Reba McEntire,7,9,Gains In Performance
1990-10-13,3,Too Cold At Home,Mark Chesnutt,5,11,Gains In Performance
1990-10-13,4,Drinking Champagne,George Strait,6,10,Gains In Performance
1990-10-13,5,Holdin' A Good Hand,Lee Greenwood,2,16,
1990-10-13,6,Born To Be Blue,The Judds,10,11,Gains In Performance
1990-10-13,7,Jukebox In My Mind,Alabama,4,12,
1990-10-13,8,Precious Thing,Steve Wariner,8,14,
1990-10-13,9,My Heart Is Set On You,Lionel Cartwright,16,13,Gains In Performance
1990-10-13,10,Story Of Love,The Desert Rose Band,13,13,Gains In Performance
1990-10-13,11,I Fell In Love,Carlene Carter,3,15,
1990-10-13,12,Home,Joe Diffie,15,10,Gains In Performance
1990-10-13,13,I Meant Every Word He Said,Ricky Van Shelton,9,16,
1990-10-13,14,The Battle Hymn Of Love,Kathy Mattea & Tim O'Brien,11,14,
1990-10-13,15,A Few Ole Country Boys,Randy Travis & George Jones,18,6,Gains In Performance
1990-10-13,16,Fool Such As I,Baillie and the Boys,23,11,Gains In Performance
1990-10-13,17,Feed This Fire,Anne Murray,26,10,Gains In Performance
1990-10-13,18,You Really Had Me Going,Holly Dunn,24,9,Gains In Performance
1990-10-13,19,Back In My Younger Days,Don Williams,29,5,Gains In Performance
1990-10-13,20,Nothing's News,Clint Black,17,16,
1990-10-13,21,Fourteen Minutes Old,Doug Stone,12,15,
1990-10-13,22,Wanted,Alan Jackson,19,18,
1990-10-13,23,Love Is Strange,Kenny Rogers & Dolly Parton,21,10,
1990-10-13,24,'Til A Tear Becomes A Rose,Keith Whitley & Lorrie Morgan,14,12,
1990-10-13,25,I Could Be Persuaded,The Bellamy Brothers,20,17,
1990-10-13,26,When I Call Your Name,Vince Gill,22,22,
1990-10-13,27,Yet,Exile,28,7,Gains In Performance
1990-10-13,28,American Boy,Eddie Rabbitt,35,3,Gains In Performance
1990-10-13,29,This Ain't My First Rodeo,Vern Gosdin,33,9,Gains In Performance
1990-10-13,30,I'm Gonna Be Somebody,Travis Tritt,25,19,
1990-10-13,31,When Somebody Loves You,Restless Heart,31,8,Gains In Performance
1990-10-13,32,Crazy In Love,Conway Twitty,37,6,Gains In Performance
1990-10-13,33,Come Next Monday,K.T. Oslin,43,3,
1990-10-13,34,"Next To You, Next To Me",Shenandoah,27,19,
1990-10-13,35,Western Girls,Marty Stuart,38,7,Gains In Performance
1990-10-13,36,He Was On To Something,Ricky Skaggs,36,8,Gains In Performance
1990-10-13,37,Good Times,Dan Seals,34,20,
1990-10-13,38,Reckless Heart,Southern Pacific,32,11,
1990-10-13,39,Don't Go Out,Tanya Tucker With T. Graham Brown,30,17,
1990-10-13,40,Ain't Necessarily So,Willie Nelson,50,3,Gains In Performance
1990-10-13,41,Oh Lonesome Me,The Kentucky Headhunters,39,21,
1990-10-13,42,Ghost In This House,Shenandoah,55,2,Gains In Performance
1990-10-13,43,Wrong,Waylon Jennings,40,22,
1990-10-13,44,Someone Else's Trouble Now,Highway 101,47,4,Gains In Performance
1990-10-13,45,Moonshadow Road,T. Graham Brown,48,5,Gains In Performance
1990-10-13,46,Chasin' That Neon Rainbow,Alan Jackson,67,2,Gains In Performance
1990-10-13,47,He Talks To Me,Lorrie Morgan,44,22,
1990-10-13,48,The Things You Left Undone,Matraca Berg,57,7,Gains In Performance
1990-10-13,49,Put Some Drive In Your Country,Travis Tritt,54,4,Gains In Performance
1990-10-13,50,Never Knew Lonely,Vince Gill,53,3,Gains In Performance
1990-10-13,51,A Ring Where A Ring Used To Be,Billy Joe Royal,59,5,Gains In Performance
1990-10-13,52,The Night's Too Long,Patty Loveless,58,4,Gains In Performance
1990-10-13,53,What We Really Want,Rosanne Cash,56,3,Gains In Performance
1990-10-13,54,Honky Tonk Blues,Pirates Of The Mississippi,41,13,
1990-10-13,55,Don't Give Us A Reason,Hank Williams Jr.,42,5,
1990-10-13,56,Cowboy Logic,Michael Martin Murphey,61,7,Gains In Performance
1990-10-13,57,Something Of A Dreamer,Mary Chapin Carpenter,52,19,
1990-10-13,58,This Side Of Goodbye,Highway 101,60,22,
1990-10-13,59,Zydeco Lady,Eddy Raven,68,4,Gains In Performance
1990-10-13,60,Rock 'N' Roll Angel,The Kentucky Headhunters,NEW,1,Highest ranking debut|Gains In Performance
1990-10-20,1,Friends In Low Places,Garth Brooks,1,10,
1990-10-20,2,You Lie,Reba McEntire,2,10,Gains In Performance
1990-10-20,3,Too Cold At Home,Mark Chesnutt,3,12,Gains In Performance
1990-10-20,4,Drinking Champagne,George Strait,4,11,
1990-10-20,5,Born To Be Blue,The Judds,6,12,Gains In Performance
1990-10-20,6,Home,Joe Diffie,12,11,Gains In Performance
1990-10-20,7,My Heart Is Set On You,Lionel Cartwright,9,14,Gains In Performance
1990-10-20,8,Holdin' A Good Hand,Lee Greenwood,5,17,
1990-10-20,9,Jukebox In My Mind,Alabama,7,13,
1990-10-20,10,Fool Such As I,Baillie and the Boys,16,12,Gains In Performance
1990-10-20,11,You Really Had Me Going,Holly Dunn,18,10,Gains In Performance
1990-10-20,12,Back In My Younger Days,Don Williams,19,6,Gains In Performance
1990-10-20,13,Feed This Fire,Anne Murray,17,11,Gains In Performance
1990-10-20,14,A Few Ole Country Boys,Randy Travis & George Jones,15,7,Gains In Performance
1990-10-20,15,Story Of Love,The Desert Rose Band,10,14,
1990-10-20,16,Yet,Exile,27,8,Gains In Performance
1990-10-20,17,American Boy,Eddie Rabbitt,28,4,Gains In Performance
1990-10-20,18,I Meant Every Word He Said,Ricky Van Shelton,13,17,
1990-10-20,19,Precious Thing,Steve Wariner,8,15,
1990-10-20,20,Come Next Monday,K.T. Oslin,33,4,Gains In Performance
1990-10-20,21,Crazy In Love,Conway Twitty,32,7,Gains In Performance
1990-10-20,22,This Ain't My First Rodeo,Vern Gosdin,29,10,Gains In Performance
1990-10-20,23,The Battle Hymn Of Love,Kathy Mattea & Tim O'Brien,14,15,
1990-10-20,24,I Fell In Love,Carlene Carter,11,16,
1990-10-20,25,Nothing's News,Clint Black,20,17,
1990-10-20,26,I Could Be Persuaded,The Bellamy Brothers,25,18,
1990-10-20,27,When Somebody Loves You,Restless Heart,31,9,Gains In Performance
1990-10-20,28,Wanted,Alan Jackson,22,19,
1990-10-20,29,Western Girls,Marty Stuart,35,8,Gains In Performance
1990-10-20,30,Fourteen Minutes Old,Doug Stone,21,16,
1990-10-20,31,I'm Gonna Be Somebody,Travis Tritt,30,20,
1990-10-20,32,Love Is Strange,Kenny Rogers & Dolly Parton,23,11,
1990-10-20,33,He Was On To Something,Ricky Skaggs,36,9,Gains In Performance
1990-10-20,34,Ghost In This House,Shenandoah,42,3,
1990-10-20,35,'Til A Tear Becomes A Rose,Keith Whitley & Lorrie Morgan,24,13,
1990-10-20,36,Chasin' That Neon Rainbow,Alan Jackson,46,3,Gains In Performance
1990-10-20,37,Ain't Necessarily So,Willie Nelson,40,4,Gains In Performance
1990-10-20,38,"Next To You, Next To Me",Shenandoah,34,20,
1990-10-20,39,Moonshadow Road,T. Graham Brown,45,6,Gains In Performance
1990-10-20,40,Someone Else's Trouble Now,Highway 101,44,5,Gains In Performance
1990-10-20,41,Good Times,Dan Seals,37,21,
1990-10-20,42,Never Knew Lonely,Vince Gill,50,4,Gains In Performance
1990-10-20,43,Don't Go Out,Tanya Tucker With T. Graham Brown,39,18,
1990-10-20,44,Oh Lonesome Me,The Kentucky Headhunters,41,22,
1990-10-20,45,The Things You Left Undone,Matraca Berg,48,8,Gains In Performance
1990-10-20,46,Put Some Drive In Your Country,Travis Tritt,49,5,Gains In Performance
1990-10-20,47,Reckless Heart,Southern Pacific,38,12,
1990-10-20,48,A Ring Where A Ring Used To Be,Billy Joe Royal,51,6,Gains In Performance
1990-10-20,49,What We Really Want,Rosanne Cash,53,4,Gains In Performance
1990-10-20,50,The Night's Too Long,Patty Loveless,52,5,Gains In Performance
1990-10-20,51,Rock 'N' Roll Angel,The Kentucky Headhunters,60,2,Gains In Performance
1990-10-20,52,Cowboy Logic,Michael Martin Murphey,56,8,Gains In Performance
1990-10-20,53,When Love Comes Callin',Sawyer Brown,62,3,Gains In Performance
1990-10-20,54,Bordertown,Dan Seals,75,2,Gains In Performance
1990-10-20,55,Something Of A Dreamer,Mary Chapin Carpenter,57,20,
1990-10-20,56,Zydeco Lady,Eddy Raven,59,5,Gains In Performance
1990-10-20,57,Like A Hurricane,Marie Osmond,65,2,Gains In Performance
1990-10-20,58,Honky Tonk Blues,Pirates Of The Mississippi,54,14,
1990-10-20,59,Hardin County Line,Mark Collie,67,3,Gains In Performance
1990-10-20,60,You Made Life Good Again,Nitty Gritty Dirt Band,64,8,Gains In Performance
1990-10-27,1,Friends In Low Places,Garth Brooks,1,11,
1990-10-27,2,You Lie,Reba McEntire,2,11,Gains In Performance
1990-10-27,3,Too Cold At Home,Mark Chesnutt,3,13,Gains In Performance
1990-10-27,4,Home,Joe Diffie,6,12,Gains In Performance
1990-10-27,5,Fool Such As I,Baillie and the Boys,10,13,Gains In Performance
1990-10-27,6,You Really Had Me Going,Holly Dunn,11,11,Gains In Performance
1990-10-27,7,Born To Be Blue,The Judds,5,13,
1990-10-27,8,A Few Ole Country Boys,Randy Travis & George Jones,14,8,Gains In Performance
1990-10-27,9,Back In My Younger Days,Don Williams,12,7,Gains In Performance
1990-10-27,10,Feed This Fire,Anne Murray,13,12,Gains In Performance
1990-10-27,11,Drinking Champagne,George Strait,4,12,
1990-10-27,12,My Heart Is Set On You,Lionel Cartwright,7,15,
1990-10-27,13,American Boy,Eddie Rabbitt,17,5,Gains In Performance
1990-10-27,14,Yet,Exile,16,9,Gains In Performance
1990-10-27,15,Come Next Monday,K.T. Oslin,20,5,Gains In Performance
1990-10-27,16,Jukebox In My Mind,Alabama,9,14,
1990-10-27,17,Crazy In Love,Conway Twitty,21,8,Gains In Performance
1990-10-27,18,This Ain't My First Rodeo,Vern Gosdin,22,11,Gains In Performance
1990-10-27,19,Holdin' A Good Hand,Lee Greenwood,8,18,
1990-10-27,20,Ghost In This House,Shenandoah,34,4,Gains In Performance
1990-10-27,21,When Somebody Loves You,Restless Heart,27,10,Gains In Performance
1990-10-27,22,I Meant Every Word He Said,Ricky Van Shelton,18,18,
1990-10-27,23,Chasin' That Neon Rainbow,Alan Jackson,36,4,Gains In Performance
1990-10-27,24,Western Girls,Marty Stuart,29,9,Gains In Performance
1990-10-27,25,Story Of Love,The Desert Rose Band,15,15,
1990-10-27,26,Nothing's News,Clint Black,25,18,
1990-10-27,27,He Was On To Something,Ricky Skaggs,33,10,Gains In Performance
1990-10-27,28,Moonshadow Road,T. Graham Brown,39,7,Gains In Performance
1990-10-27,29,Precious Thing,Steve Wariner,19,16,
1990-10-27,30,Someone Else's Trouble Now,Highway 101,40,6,Gains In Performance
1990-10-27,31,Ain't Necessarily So,Willie Nelson,37,5,Gains In Performance
1990-10-27,32,The Battle Hymn Of Love,Kathy Mattea & Tim O'Brien,23,16,
1990-10-27,33,Wanted,Alan Jackson,28,20,
1990-10-27,34,I Fell In Love,Carlene Carter,24,17,
1990-10-27,35,"Next To You, Next To Me",Shenandoah,38,21,
1990-10-27,36,Never Knew Lonely,Vince Gill,42,5,
1990-10-27,37,I'm Gonna Be Somebody,Travis Tritt,31,21,
1990-10-27,38,I Could Be Persuaded,The Bellamy Brothers,26,19,
1990-10-27,39,'Til A Tear Becomes A Rose,Keith Whitley & Lorrie Morgan,35,14,
1990-10-27,40,Fourteen Minutes Old,Doug Stone,30,17,
1990-10-27,41,Good Times,Dan Seals,41,22,
1990-10-27,42,Put Some Drive In Your Country,Travis Tritt,46,6,Gains In Performance
1990-10-27,43,The Things You Left Undone,Matraca Berg,45,9,Gains In Performance
1990-10-27,44,A Ring Where A Ring Used To Be,Billy Joe Royal,48,7,Gains In Performance
1990-10-27,45,Don't Go Out,Tanya Tucker With T. Graham Brown,43,19,
1990-10-27,46,Love Is Strange,Kenny Rogers & Dolly Parton,32,12,
1990-10-27,47,What We Really Want,Rosanne Cash,49,5,Gains In Performance
1990-10-27,48,The Night's Too Long,Patty Loveless,50,6,Gains In Performance
1990-10-27,49,Rock 'N' Roll Angel,The Kentucky Headhunters,51,3,Gains In Performance
1990-10-27,50,When Love Comes Callin',Sawyer Brown,53,4,Gains In Performance
1990-10-27,51,Life's Little Ups And Downs,Ricky Van Shelton,RE,2,Highest ranking debut|Gains In Performance
1990-10-27,52,Cowboy Logic,Michael Martin Murphey,52,9,Gains In Performance
1990-10-27,53,Reckless Heart,Southern Pacific,47,13,
1990-10-27,54,Bordertown,Dan Seals,54,3,Gains In Performance
1990-10-27,55,You Win Again,Mary Chapin Carpenter,64,2,Gains In Performance
1990-10-27,56,Zydeco Lady,Eddy Raven,56,6,
1990-10-27,57,Like A Hurricane,Marie Osmond,57,3,Gains In Performance
1990-10-27,58,"Turn It On, Turn It Up, Turn Me Loose",Dwight Yoakam,61,2,Gains In Performance
1990-10-27,59,Now That We're Alone,Rodney Crowell,66,2,Gains In Performance
1990-10-27,60,Praying For Rain,Kevin Welch,63,2,Gains In Performance
1990-11-03,1,You Lie,Reba McEntire,2,12,Gains In Performance
1990-11-03,2,Home,Joe Diffie,4,13,Gains In Performance
1990-11-03,3,Friends In Low Places,Garth Brooks,1,12,
1990-11-03,4,Too Cold At Home,Mark Chesnutt,3,14,
1990-11-03,5,Fool Such As I,Baillie and the Boys,5,14,Gains In Performance
1990-11-03,6,You Really Had Me Going,Holly Dunn,6,12,Gains In Performance
1990-11-03,7,Feed This Fire,Anne Murray,10,13,Gains In Performance
1990-11-03,8,Back In My Younger Days,Don Williams,9,8,Gains In Performance
1990-11-03,9,A Few Ole Country Boys,Randy Travis & George Jones,8,9,
1990-11-03,10,Yet,Exile,14,10,Gains In Performance
1990-11-03,11,American Boy,Eddie Rabbitt,13,6,Gains In Performance
1990-11-03,12,Come Next Monday,K.T. Oslin,15,6,Gains In Performance
1990-11-03,13,Crazy In Love,Conway Twitty,17,9,Gains In Performance
1990-11-03,14,This Ain't My First Rodeo,Vern Gosdin,18,12,Gains In Performance
1990-11-03,15,Chasin' That Neon Rainbow,Alan Jackson,23,5,Gains In Performance
1990-11-03,16,Ghost In This House,Shenandoah,20,5,Gains In Performance
1990-11-03,17,Born To Be Blue,The Judds,7,14,
1990-11-03,18,Jukebox In My Mind,Alabama,16,15,
1990-11-03,19,Drinking Champagne,George Strait,11,13,
1990-11-03,20,My Heart Is Set On You,Lionel Cartwright,12,16,
1990-11-03,21,When Somebody Loves You,Restless Heart,21,11,Gains In Performance
1990-11-03,22,Put Yourself In My Shoes,Clint Black,62,2,
1990-11-03,23,Western Girls,Marty Stuart,24,10,Gains In Performance
1990-11-03,24,Ain't Necessarily So,Willie Nelson,31,6,Gains In Performance
1990-11-03,25,Holdin' A Good Hand,Lee Greenwood,19,19,
1990-11-03,26,Never Knew Lonely,Vince Gill,36,6,Gains In Performance
1990-11-03,27,He Was On To Something,Ricky Skaggs,27,11,Gains In Performance
1990-11-03,28,Moonshadow Road,T. Graham Brown,28,8,Gains In Performance
1990-11-03,29,Someone Else's Trouble Now,Highway 101,30,7,Gains In Performance
1990-11-03,30,I Meant Every Word He Said,Ricky Van Shelton,22,19,
1990-11-03,31,The Battle Hymn Of Love,Kathy Mattea & Tim O'Brien,32,17,
1990-11-03,32,Wanted,Alan Jackson,33,21,
1990-11-03,33,I Fell In Love,Carlene Carter,34,18,
1990-11-03,34,Nothing's News,Clint Black,26,19,
1990-11-03,35,Precious Thing,Steve Wariner,29,17,
1990-11-03,36,The Things You Left Undone,Matraca Berg,43,10,Gains In Performance
1990-11-03,37,I'm Gonna Be Somebody,Travis Tritt,37,22,
1990-11-03,38,Fourteen Minutes Old,Doug Stone,40,18,
1990-11-03,39,Put Some Drive In Your Country,Travis Tritt,42,7,Gains In Performance
1990-11-03,40,Story Of Love,The Desert Rose Band,25,16,
1990-11-03,41,The Night's Too Long,Patty Loveless,48,7,Gains In Performance
1990-11-03,42,'Til A Tear Becomes A Rose,Keith Whitley & Lorrie Morgan,39,15,
1990-11-03,43,A Ring Where A Ring Used To Be,Billy Joe Royal,44,8,Gains In Performance
1990-11-03,44,What We Really Want,Rosanne Cash,47,6,Gains In Performance
1990-11-03,45,I Could Be Persuaded,The Bellamy Brothers,38,20,
1990-11-03,46,Rock 'N' Roll Angel,The Kentucky Headhunters,49,4,Gains In Performance
1990-11-03,47,Life's Little Ups And Downs,Ricky Van Shelton,51,3,Gains In Performance
1990-11-03,48,Don't Go Out,Tanya Tucker With T. Graham Brown,45,20,
1990-11-03,49,I've Come To Expect It From You,George Strait,NEW,1,Highest ranking debut|Gains In Performance
1990-11-03,50,Unanswered Prayers,Garth Brooks,NEW,1,Gains In Performance
1990-11-03,51,When Love Comes Callin',Sawyer Brown,50,5,
1990-11-03,52,Bordertown,Dan Seals,54,4,Gains In Performance
1990-11-03,53,You Win Again,Mary Chapin Carpenter,55,3,Gains In Performance
1990-11-03,54,Love Is Strange,Kenny Rogers & Dolly Parton,46,13,
1990-11-03,55,Now That We're Alone,Rodney Crowell,59,3,Gains In Performance
1990-11-03,56,Cowboy Logic,Michael Martin Murphey,52,10,
1990-11-03,57,"Turn It On, Turn It Up, Turn Me Loose",Dwight Yoakam,58,3,Gains In Performance
1990-11-03,58,It Won't Be Me,Tanya Tucker,61,3,Gains In Performance
1990-11-03,59,Like A Hurricane,Marie Osmond,57,4,
1990-11-03,60,We've Got It Made,Lee Greenwood,68,2,Gains In Performance
1990-11-10,1,Home,Joe Diffie,2,14,Gains In Performance
1990-11-10,2,Back In My Younger Days,Don Williams,8,9,Gains In Performance
1990-11-10,3,You Lie,Reba McEntire,1,13,
1990-11-10,4,You Really Had Me Going,Holly Dunn,6,13,Gains In Performance
1990-11-10,5,Feed This Fire,Anne Murray,7,14,Gains In Performance
1990-11-10,6,Friends In Low Places,Garth Brooks,3,13,
1990-11-10,7,Fool Such As I,Baillie and the Boys,5,15,
1990-11-10,8,A Few Ole Country Boys,Randy Travis & George Jones,9,10,Gains In Performance
1990-11-10,9,Too Cold At Home,Mark Chesnutt,4,15,
1990-11-10,10,Yet,Exile,10,11,Gains In Performance
1990-11-10,11,Come Next Monday,K.T. Oslin,12,7,Gains In Performance
1990-11-10,12,American Boy,Eddie Rabbitt,11,7,
1990-11-10,13,Put Yourself In My Shoes,Clint Black,22,3,Gains In Performance
1990-11-10,14,Crazy In Love,Conway Twitty,13,10,
1990-11-10,15,Chasin' That Neon Rainbow,Alan Jackson,15,6,Gains In Performance
1990-11-10,16,Ghost In This House,Shenandoah,16,6,Gains In Performance
1990-11-10,17,This Ain't My First Rodeo,Vern Gosdin,14,13,
1990-11-10,18,Ain't Necessarily So,Willie Nelson,24,7,Gains In Performance
1990-11-10,19,Never Knew Lonely,Vince Gill,26,7,Gains In Performance
1990-11-10,20,Western Girls,Marty Stuart,23,11,Gains In Performance
1990-11-10,21,I've Come To Expect It From You,George Strait,49,2,
1990-11-10,22,Someone Else's Trouble Now,Highway 101,29,8,Gains In Performance
1990-11-10,23,Moonshadow Road,T. Graham Brown,28,9,Gains In Performance
1990-11-10,24,Jukebox In My Mind,Alabama,18,16,
1990-11-10,25,When Somebody Loves You,Restless Heart,21,12,
1990-11-10,26,He Was On To Something,Ricky Skaggs,27,12,Gains In Performance
1990-11-10,27,Holdin' A Good Hand,Lee Greenwood,25,20,
1990-11-10,28,Unanswered Prayers,Garth Brooks,50,2,Gains In Performance
1990-11-10,29,Born To Be Blue,The Judds,17,15,
1990-11-10,30,I Meant Every Word He Said,Ricky Van Shelton,30,20,
1990-11-10,31,Put Some Drive In Your Country,Travis Tritt,39,8,Gains In Performance
1990-11-10,32,The Battle Hymn Of Love,Kathy Mattea & Tim O'Brien,31,18,
1990-11-10,33,I Fell In Love,Carlene Carter,33,19,
1990-11-10,34,Drinking Champagne,George Strait,19,14,
1990-11-10,35,Nothing's News,Clint Black,34,20,
1990-11-10,36,My Heart Is Set On You,Lionel Cartwright,20,17,
1990-11-10,37,The Night's Too Long,Patty Loveless,41,8,Gains In Performance
1990-11-10,38,Life's Little Ups And Downs,Ricky Van Shelton,47,4,Gains In Performance
1990-11-10,39,Rock 'N' Roll Angel,The Kentucky Headhunters,46,5,Gains In Performance
1990-11-10,40,Precious Thing,Steve Wariner,35,18,
1990-11-10,41,Wanted,Alan Jackson,32,22,
1990-11-10,42,A Ring Where A Ring Used To Be,Billy Joe Royal,43,9,Gains In Performance
1990-11-10,43,Fourteen Minutes Old,Doug Stone,38,19,
1990-11-10,44,The Things You Left Undone,Matraca Berg,36,11,
1990-11-10,45,What We Really Want,Rosanne Cash,44,7,
1990-11-10,46,Story Of Love,The Desert Rose Band,40,17,
1990-11-10,47,'Til A Tear Becomes A Rose,Keith Whitley & Lorrie Morgan,42,16,
1990-11-10,48,I Could Be Persuaded,The Bellamy Brothers,45,21,
1990-11-10,49,When Love Comes Callin',Sawyer Brown,51,6,Gains In Performance
1990-11-10,50,Don't Go Out,Tanya Tucker With T. Graham Brown,48,21,
1990-11-10,51,It Won't Be Me,Tanya Tucker,58,4,Gains In Performance
1990-11-10,52,Bordertown,Dan Seals,52,5,Gains In Performance
1990-11-10,53,You Win Again,Mary Chapin Carpenter,53,4,Gains In Performance
1990-11-10,54,Now That We're Alone,Rodney Crowell,55,4,Gains In Performance
1990-11-10,55,"Turn It On, Turn It Up, Turn Me Loose",Dwight Yoakam,57,4,Gains In Performance
1990-11-10,56,We've Got It Made,Lee Greenwood,60,3,Gains In Performance
1990-11-10,57,Like A Hurricane,Marie Osmond,59,5,Gains In Performance
1990-11-10,58,Come On Back,Carlene Carter,64,3,Gains In Performance
1990-11-10,59,Love Is Strange,Kenny Rogers & Dolly Parton,54,14,
1990-11-10,60,Praying For Rain,Kevin Welch,61,4,
1990-11-17,1,You Really Had Me Going,Holly Dunn,4,14,Gains In Performance
1990-11-17,2,Back In My Younger Days,Don Williams,2,10,Gains In Performance
1990-11-17,3,Home,Joe Diffie,1,15,
1990-11-17,4,Come Next Monday,K.T. Oslin,11,8,Gains In Performance
1990-11-17,5,Crazy In Love,Conway Twitty,14,11,Gains In Performance
1990-11-17,6,You Lie,Reba McEntire,3,14,
1990-11-17,7,Yet,Exile,10,12,Gains In Performance
1990-11-17,8,Chasin' That Neon Rainbow,Alan Jackson,15,7,Gains In Performance
1990-11-17,9,Put Yourself In My Shoes,Clint Black,13,4,Gains In Performance
1990-11-17,10,Feed This Fire,Anne Murray,5,15,
1990-11-17,11,Ghost In This House,Shenandoah,16,7,Gains In Performance
1990-11-17,12,A Few Ole Country Boys,Randy Travis & George Jones,8,11,
1990-11-17,13,American Boy,Eddie Rabbitt,12,8,
1990-11-17,14,Friends In Low Places,Garth Brooks,6,14,
1990-11-17,15,Too Cold At Home,Mark Chesnutt,9,16,
1990-11-17,16,I've Come To Expect It From You,George Strait,21,3,Gains In Performance
1990-11-17,17,Fool Such As I,Baillie and the Boys,7,16,
1990-11-17,18,Never Knew Lonely,Vince Gill,19,8,Gains In Performance
1990-11-17,19,This Ain't My First Rodeo,Vern Gosdin,17,14,
1990-11-17,20,Unanswered Prayers,Garth Brooks,28,3,Gains In Performance
1990-11-17,21,Western Girls,Marty Stuart,20,12,
1990-11-17,22,Someone Else's Trouble Now,Highway 101,22,9,Gains In Performance
1990-11-17,23,Moonshadow Road,T. Graham Brown,23,10,Gains In Performance
1990-11-17,24,Ain't Necessarily So,Willie Nelson,18,8,
1990-11-17,25,He Was On To Something,Ricky Skaggs,26,13,Gains In Performance
1990-11-17,26,Life's Little Ups And Downs,Ricky Van Shelton,38,5,Gains In Performance
1990-11-17,27,Rock 'N' Roll Angel,The Kentucky Headhunters,39,6,Gains In Performance
1990-11-17,28,Put Some Drive In Your Country,Travis Tritt,31,9,Gains In Performance
1990-11-17,29,Jukebox In My Mind,Alabama,24,17,
1990-11-17,30,The Night's Too Long,Patty Loveless,37,9,Gains In Performance
1990-11-17,31,Forever's As Far As I'll Go,Alabama,NEW,1,Highest ranking debut|Gains In Performance
1990-11-17,32,Holdin' A Good Hand,Lee Greenwood,27,21,
1990-11-17,33,A Ring Where A Ring Used To Be,Billy Joe Royal,42,10,Gains In Performance
1990-11-17,34,Nothing's News,Clint Black,35,21,
1990-11-17,35,I Meant Every Word He Said,Ricky Van Shelton,30,21,
1990-11-17,36,I Fell In Love,Carlene Carter,33,20,
1990-11-17,37,The Things You Left Undone,Matraca Berg,44,12,Gains In Performance
1990-11-17,38,Precious Thing,Steve Wariner,40,19,
1990-11-17,39,What We Really Want,Rosanne Cash,45,8,Gains In Performance
1990-11-17,40,Born To Be Blue,The Judds,29,16,
1990-11-17,41,Fourteen Minutes Old,Doug Stone,43,20,
1990-11-17,42,Drinking Champagne,George Strait,34,15,
1990-11-17,43,My Heart Is Set On You,Lionel Cartwright,36,18,
1990-11-17,44,It Won't Be Me,Tanya Tucker,51,5,Gains In Performance
1990-11-17,45,You Win Again,Mary Chapin Carpenter,53,5,Gains In Performance
1990-11-17,46,When Love Comes Callin',Sawyer Brown,49,7,Gains In Performance
1990-11-17,47,I Could Be Persuaded,The Bellamy Brothers,48,22,
1990-11-17,48,'Til A Tear Becomes A Rose,Keith Whitley & Lorrie Morgan,47,17,
1990-11-17,49,The Battle Hymn Of Love,Kathy Mattea & Tim O'Brien,32,19,
1990-11-17,50,Bordertown,Dan Seals,52,6,Gains In Performance
1990-11-17,51,When Somebody Loves You,Restless Heart,25,13,
1990-11-17,52,Now That We're Alone,Rodney Crowell,54,5,Gains In Performance
1990-11-17,53,"Turn It On, Turn It Up, Turn Me Loose",Dwight Yoakam,55,5,Gains In Performance
1990-11-17,54,Come On Back,Carlene Carter,58,4,Gains In Performance
1990-11-17,55,Story Of Love,The Desert Rose Band,46,18,
1990-11-17,56,We've Got It Made,Lee Greenwood,56,4,Gains In Performance
1990-11-17,57,A Few Good Things Remain,Kathy Mattea,69,2,
1990-11-17,58,These Lips Don't Know How To Say Goodbye,Doug Stone,73,2,Gains In Performance
1990-11-17,59,Things Are Tough All Over,Shelby Lynne,63,4,Gains In Performance
1990-11-17,60,You've Got To Stand For Something,Aaron Tippin,64,3,Gains In Performance
1990-11-24,1,Come Next Monday,K.T. Oslin,4,9,Gains In Performance
1990-11-24,2,Crazy In Love,Conway Twitty,5,12,Gains In Performance
1990-11-24,3,Back In My Younger Days,Don Williams,2,11,
1990-11-24,4,Chasin' That Neon Rainbow,Alan Jackson,8,8,Gains In Performance
1990-11-24,5,Put Yourself In My Shoes,Clint Black,9,5,Gains In Performance
1990-11-24,6,Ghost In This House,Shenandoah,11,8,Gains In Performance
1990-11-24,7,You Really Had Me Going,Holly Dunn,1,15,
1990-11-24,8,I've Come To Expect It From You,George Strait,16,4,Gains In Performance
1990-11-24,9,Home,Joe Diffie,3,16,
1990-11-24,10,Yet,Exile,7,13,
1990-11-24,11,You Lie,Reba McEntire,6,15,
1990-11-24,12,American Boy,Eddie Rabbitt,13,9,Gains In Performance
1990-11-24,13,Never Knew Lonely,Vince Gill,18,9,Gains In Performance
1990-11-24,14,Unanswered Prayers,Garth Brooks,20,4,Gains In Performance
1990-11-24,15,Friends In Low Places,Garth Brooks,14,15,
1990-11-24,16,A Few Ole Country Boys,Randy Travis & George Jones,12,12,
1990-11-24,17,Too Cold At Home,Mark Chesnutt,15,17,
1990-11-24,18,Fool Such As I,Baillie and the Boys,17,17,
1990-11-24,19,Feed This Fire,Anne Murray,10,16,
1990-11-24,20,Western Girls,Marty Stuart,21,13,
1990-11-24,21,Someone Else's Trouble Now,Highway 101,22,10,Gains In Performance
1990-11-24,22,Life's Little Ups And Downs,Ricky Van Shelton,26,6,Gains In Performance
1990-11-24,23,Ain't Necessarily So,Willie Nelson,24,9,
1990-11-24,24,Moonshadow Road,T. Graham Brown,23,11,
1990-11-24,25,He Was On To Something,Ricky Skaggs,25,14,Gains In Performance
1990-11-24,26,Forever's As Far As I'll Go,Alabama,31,2,
1990-11-24,27,Rock 'N' Roll Angel,The Kentucky Headhunters,27,7,Gains In Performance
1990-11-24,28,This Ain't My First Rodeo,Vern Gosdin,19,15,
1990-11-24,29,The Night's Too Long,Patty Loveless,30,10,Gains In Performance
1990-11-24,30,Put Some Drive In Your Country,Travis Tritt,28,10,
1990-11-24,31,It Won't Be Me,Tanya Tucker,44,6,Gains In Performance
1990-11-24,32,Jukebox In My Mind,Alabama,29,18,
1990-11-24,33,Holdin' A Good Hand,Lee Greenwood,32,22,
1990-11-24,34,Come On Back,Carlene Carter,54,5,Gains In Performance
1990-11-24,35,You Win Again,Mary Chapin Carpenter,45,6,Gains In Performance
1990-11-24,36,A Few Good Things Remain,Kathy Mattea,57,3,Gains In Performance
1990-11-24,37,Nothing's News,Clint Black,34,22,
1990-11-24,38,Now That We're Alone,Rodney Crowell,52,6,Gains In Performance
1990-11-24,39,I Fell In Love,Carlene Carter,36,21,
1990-11-24,40,When Love Comes Callin',Sawyer Brown,46,8,Gains In Performance
1990-11-24,41,"Turn It On, Turn It Up, Turn Me Loose",Dwight Yoakam,53,6,Gains In Performance
1990-11-24,42,What We Really Want,Rosanne Cash,39,9,
1990-11-24,43,Precious Thing,Steve Wariner,38,20,
1990-11-24,44,Fourteen Minutes Old,Doug Stone,41,21,
1990-11-24,45,A Ring Where A Ring Used To Be,Billy Joe Royal,33,11,
1990-11-24,46,We've Got It Made,Lee Greenwood,56,5,Gains In Performance
1990-11-24,47,My Heart Is Set On You,Lionel Cartwright,43,19,
1990-11-24,48,Born To Be Blue,The Judds,40,17,
1990-11-24,49,Bordertown,Dan Seals,50,7,
1990-11-24,50,The Battle Hymn Of Love,Kathy Mattea & Tim O'Brien,49,20,
1990-11-24,51,Drinking Champagne,George Strait,42,16,
1990-11-24,52,These Lips Don't Know How To Say Goodbye,Doug Stone,58,3,Gains In Performance
1990-11-24,53,'Til A Tear Becomes A Rose,Keith Whitley & Lorrie Morgan,48,18,
1990-11-24,54,The Things You Left Undone,Matraca Berg,37,13,
1990-11-24,55,Praying For Rain,Kevin Welch,61,6,Gains In Performance
1990-11-24,56,Story Of Love,The Desert Rose Band,55,19,
1990-11-24,57,You've Got To Stand For Something,Aaron Tippin,60,4,Gains In Performance
1990-11-24,58,Things Are Tough All Over,Shelby Lynne,59,5,Gains In Performance
1990-11-24,59,Love Will Bring Her Around,Rob Crosby,64,3,Gains In Performance
1990-11-24,60,When Somebody Loves You,Restless Heart,51,14,
1990-12-01,1,Come Next Monday,K.T. Oslin,1,10,Gains In Performance
1990-12-01,2,Crazy In Love,Conway Twitty,2,13,Gains In Performance
1990-12-01,3,I've Come To Expect It From You,George Strait,8,5,Gains In Performance
1990-12-01,4,Chasin' That Neon Rainbow,Alan Jackson,4,9,Gains In Performance
1990-12-01,5,Put Yourself In My Shoes,Clint Black,5,6,Gains In Performance
1990-12-01,6,Ghost In This House,Shenandoah,6,9,Gains In Performance
1990-12-01,7,Back In My Younger Days,Don Williams,3,12,
1990-12-01,8,Unanswered Prayers,Garth Brooks,14,5,Gains In Performance
1990-12-01,9,Never Knew Lonely,Vince Gill,13,10,Gains In Performance
1990-12-01,10,Home,Joe Diffie,9,17,
1990-12-01,11,You Really Had Me Going,Holly Dunn,7,16,
1990-12-01,12,Yet,Exile,10,14,
1990-12-01,13,Forever's As Far As I'll Go,Alabama,26,3,Gains In Performance
1990-12-01,14,Life's Little Ups And Downs,Ricky Van Shelton,22,7,Gains In Performance
1990-12-01,15,You Lie,Reba McEntire,11,16,
1990-12-01,16,Someone Else's Trouble Now,Highway 101,21,11,Gains In Performance
1990-12-01,17,Friends In Low Places,Garth Brooks,15,16,
1990-12-01,18,Moonshadow Road,T. Graham Brown,24,12,Gains In Performance
1990-12-01,19,Fool Such As I,Baillie and the Boys,18,18,
1990-12-01,20,Ain't Necessarily So,Willie Nelson,23,10,Gains In Performance
1990-12-01,21,A Few Ole Country Boys,Randy Travis & George Jones,16,13,
1990-12-01,22,Western Girls,Marty Stuart,20,14,
1990-12-01,23,Too Cold At Home,Mark Chesnutt,17,18,
1990-12-01,24,It Won't Be Me,Tanya Tucker,31,7,
1990-12-01,25,American Boy,Eddie Rabbitt,12,10,
1990-12-01,26,He Was On To Something,Ricky Skaggs,25,15,
1990-12-01,27,Rock 'N' Roll Angel,The Kentucky Headhunters,27,8,Gains In Performance
1990-12-01,28,Feed This Fire,Anne Murray,19,17,
1990-12-01,29,The Night's Too Long,Patty Loveless,29,11,Gains In Performance
1990-12-01,30,Put Some Drive In Your Country,Travis Tritt,30,11,Gains In Performance
1990-12-01,31,Come On Back,Carlene Carter,34,6,Gains In Performance
1990-12-01,32,You Win Again,Mary Chapin Carpenter,35,7,Gains In Performance
1990-12-01,33,This Ain't My First Rodeo,Vern Gosdin,28,16,
1990-12-01,34,"Turn It On, Turn It Up, Turn Me Loose",Dwight Yoakam,41,7,Gains In Performance
1990-12-01,35,A Few Good Things Remain,Kathy Mattea,36,4,Gains In Performance
1990-12-01,36,Now That We're Alone,Rodney Crowell,38,7,Gains In Performance
1990-12-01,37,Jukebox In My Mind,Alabama,32,19,
1990-12-01,38,We've Got It Made,Lee Greenwood,46,6,Gains In Performance
1990-12-01,39,These Lips Don't Know How To Say Goodbye,Doug Stone,52,4,Gains In Performance
1990-12-01,40,I Fell In Love,Carlene Carter,39,22,
1990-12-01,41,Precious Thing,Steve Wariner,43,21,
1990-12-01,42,Rumor Has It,Reba McEntire,NEW,1,Highest ranking debut|Gains In Performance
1990-12-01,43,Fourteen Minutes Old,Doug Stone,44,22,
1990-12-01,44,My Heart Is Set On You,Lionel Cartwright,47,20,
1990-12-01,45,Born To Be Blue,The Judds,48,18,
1990-12-01,46,You've Got To Stand For Something,Aaron Tippin,57,5,Gains In Performance
1990-12-01,47,Daddy's Come Around,Paul Overstreet,62,2,Gains In Performance
1990-12-01,48,What We Really Want,Rosanne Cash,42,10,
1990-12-01,49,Praying For Rain,Kevin Welch,55,7,Gains In Performance
1990-12-01,50,When Love Comes Callin',Sawyer Brown,40,9,
1990-12-01,51,Drinking Champagne,George Strait,51,17,
1990-12-01,52,Love Will Bring Her Around,Rob Crosby,59,4,Gains In Performance
1990-12-01,53,Bordertown,Dan Seals,49,8,
1990-12-01,54,The Battle Hymn Of Love,Kathy Mattea & Tim O'Brien,50,21,
1990-12-01,55,Things Are Tough All Over,Shelby Lynne,58,6,Gains In Performance
1990-12-01,56,'Til A Tear Becomes A Rose,Keith Whitley & Lorrie Morgan,53,19,
1990-12-01,57,Brother Jukebox,Mark Chesnutt,63,2,Gains In Performance
1990-12-01,58,Walk On Faith,Mike Reid,64,2,Gains In Performance
1990-12-01,59,(You're My) Soul And Inspiration,The Oak Ridge Boys,NEW,1,Gains In Performance
1990-12-01,60,There For A While,Steve Wariner,61,4,Gains In Performance
1990-12-08,1,I've Come To Expect It From You,George Strait,3,6,Gains In Performance
1990-12-08,2,Chasin' That Neon Rainbow,Alan Jackson,4,10,Gains In Performance
1990-12-08,3,Crazy In Love,Conway Twitty,2,14,
1990-12-08,4,Come Next Monday,K.T. Oslin,1,11,
1990-12-08,5,Put Yourself In My Shoes,Clint Black,5,7,Gains In Performance
1990-12-08,6,Ghost In This House,Shenandoah,6,10,Gains In Performance
1990-12-08,7,Unanswered Prayers,Garth Brooks,8,6,Gains In Performance
1990-12-08,8,Never Knew Lonely,Vince Gill,9,11,Gains In Performance
1990-12-08,9,Back In My Younger Days,Don Williams,7,13,
1990-12-08,10,Forever's As Far As I'll Go,Alabama,13,4,Gains In Performance
1990-12-08,11,Life's Little Ups And Downs,Ricky Van Shelton,14,8,Gains In Performance
1990-12-08,12,Home,Joe Diffie,10,18,
1990-12-08,13,You Really Had Me Going,Holly Dunn,11,17,
1990-12-08,14,Someone Else's Trouble Now,Highway 101,16,12,Gains In Performance
1990-12-08,15,It Won't Be Me,Tanya Tucker,24,8,Gains In Performance
1990-12-08,16,Come On Back,Carlene Carter,31,7,Gains In Performance
1990-12-08,17,Yet,Exile,12,15,
1990-12-08,18,Ain't Necessarily So,Willie Nelson,20,11,
1990-12-08,19,You Lie,Reba McEntire,15,17,
1990-12-08,20,The Night's Too Long,Patty Loveless,29,12,Gains In Performance
1990-12-08,21,Friends In Low Places,Garth Brooks,17,17,
1990-12-08,22,A Few Ole Country Boys,Randy Travis & George Jones,21,14,
1990-12-08,23,Rock 'N' Roll Angel,The Kentucky Headhunters,27,9,Gains In Performance
1990-12-08,24,Fool Such As I,Baillie and the Boys,19,19,
1990-12-08,25,Moonshadow Road,T. Graham Brown,18,13,
1990-12-08,26,You Win Again,Mary Chapin Carpenter,32,8,Gains In Performance
1990-12-08,27,A Few Good Things Remain,Kathy Mattea,35,5,Gains In Performance
1990-12-08,28,"Turn It On, Turn It Up, Turn Me Loose",Dwight Yoakam,34,8,Gains In Performance
1990-12-08,29,Too Cold At Home,Mark Chesnutt,23,19,
1990-12-08,30,Feed This Fire,Anne Murray,28,18,
1990-12-08,31,Now That We're Alone,Rodney Crowell,36,8,Gains In Performance
1990-12-08,32,Rumor Has It,Reba McEntire,42,2,
1990-12-08,33,Western Girls,Marty Stuart,22,15,
1990-12-08,34,American Boy,Eddie Rabbitt,25,11,
1990-12-08,35,These Lips Don't Know How To Say Goodbye,Doug Stone,39,5,Gains In Performance
1990-12-08,36,Jukebox In My Mind,Alabama,37,20,
1990-12-08,37,Daddy's Come Around,Paul Overstreet,47,3,Gains In Performance
1990-12-08,38,We've Got It Made,Lee Greenwood,38,7,Gains In Performance
1990-12-08,39,This Ain't My First Rodeo,Vern Gosdin,33,17,
1990-12-08,40,Put Some Drive In Your Country,Travis Tritt,30,12,
1990-12-08,41,He Was On To Something,Ricky Skaggs,26,16,
1990-12-08,42,Brother Jukebox,Mark Chesnutt,57,3,Gains In Performance
1990-12-08,43,You've Got To Stand For Something,Aaron Tippin,46,6,Gains In Performance
1990-12-08,44,Walk On Faith,Mike Reid,58,3,Gains In Performance
1990-12-08,45,Love Will Bring Her Around,Rob Crosby,52,5,Gains In Performance
1990-12-08,46,(You're My) Soul And Inspiration,The Oak Ridge Boys,59,2,Gains In Performance
1990-12-08,47,Things Are Tough All Over,Shelby Lynne,55,7,Gains In Performance
1990-12-08,48,My Heart Is Set On You,Lionel Cartwright,44,21,
1990-12-08,49,Born To Be Blue,The Judds,45,19,
1990-12-08,50,There For A While,Steve Wariner,60,5,Gains In Performance
1990-12-08,51,Love Can Build A Bridge,The Judds,NEW,1,Highest ranking debut|Gains In Performance
1990-12-08,52,Drinking Champagne,George Strait,51,18,
1990-12-08,53,Praying For Rain,Kevin Welch,49,8,
1990-12-08,54,'Til A Tear Becomes A Rose,Keith Whitley & Lorrie Morgan,56,20,
1990-12-08,55,What A Way To Go,Ray Kennedy,65,4,Gains In Performance
1990-12-08,56,When Love Comes Callin',Sawyer Brown,50,10,
1990-12-08,57,Can't Have Nothin',Foster & Lloyd,63,3,Gains In Performance
1990-12-08,58,Bordertown,Dan Seals,53,9,
1990-12-08,59,A Ring Where A Ring Used To Be,Billy Joe Royal,61,13,
1990-12-08,60,What We Really Want,Rosanne Cash,48,11,
1990-12-15,1,I've Come To Expect It From You,George Strait,1,7,Gains In Performance
1990-12-15,2,Chasin' That Neon Rainbow,Alan Jackson,2,11,
1990-12-15,3,Unanswered Prayers,Garth Brooks,7,7,Gains In Performance
1990-12-15,4,Put Yourself In My Shoes,Clint Black,5,8,Gains In Performance
1990-12-15,5,Ghost In This House,Shenandoah,6,11,
1990-12-15,6,Never Knew Lonely,Vince Gill,8,12,Gains In Performance
1990-12-15,7,Come Next Monday,K.T. Oslin,4,12,
1990-12-15,8,Crazy In Love,Conway Twitty,3,15,
1990-12-15,9,Forever's As Far As I'll Go,Alabama,10,5,Gains In Performance
1990-12-15,10,Life's Little Ups And Downs,Ricky Van Shelton,11,9,Gains In Performance
1990-12-15,11,It Won't Be Me,Tanya Tucker,15,9,Gains In Performance
1990-12-15,12,Back In My Younger Days,Don Williams,9,14,
1990-12-15,13,Come On Back,Carlene Carter,16,8,Gains In Performance
1990-12-15,14,Home,Joe Diffie,12,19,
1990-12-15,15,Someone Else's Trouble Now,Highway 101,14,13,
1990-12-15,16,You Really Had Me Going,Holly Dunn,13,18,
1990-12-15,17,Ain't Necessarily So,Willie Nelson,18,12,
1990-12-15,18,A Few Good Things Remain,Kathy Mattea,27,6,Gains In Performance
1990-12-15,19,"Turn It On, Turn It Up, Turn Me Loose",Dwight Yoakam,28,9,Gains In Performance
1990-12-15,20,Rumor Has It,Reba McEntire,32,3,Gains In Performance
1990-12-15,21,The Night's Too Long,Patty Loveless,20,13,
1990-12-15,22,You Win Again,Mary Chapin Carpenter,26,9,Gains In Performance
1990-12-15,23,Rock 'N' Roll Angel,The Kentucky Headhunters,23,10,Gains In Performance
1990-12-15,24,You Lie,Reba McEntire,19,18,
1990-12-15,25,These Lips Don't Know How To Say Goodbye,Doug Stone,35,6,Gains In Performance
1990-12-15,26,Brother Jukebox,Mark Chesnutt,42,4,
1990-12-15,27,Daddy's Come Around,Paul Overstreet,37,4,Gains In Performance
1990-12-15,28,We've Got It Made,Lee Greenwood,38,8,Gains In Performance
1990-12-15,29,Now That We're Alone,Rodney Crowell,31,9,Gains In Performance
1990-12-15,30,A Few Ole Country Boys,Randy Travis & George Jones,22,15,
1990-12-15,31,Friends In Low Places,Garth Brooks,21,18,
1990-12-15,32,Too Cold At Home,Mark Chesnutt,29,20,
1990-12-15,33,Yet,Exile,17,16,
1990-12-15,34,Fool Such As I,Baillie and the Boys,24,20,
1990-12-15,35,Feed This Fire,Anne Murray,30,19,
1990-12-15,36,Love Can Build A Bridge,The Judds,51,2,Gains In Performance
1990-12-15,37,Walk On Faith,Mike Reid,44,4,Gains In Performance
1990-12-15,38,You've Got To Stand For Something,Aaron Tippin,43,7,Gains In Performance
1990-12-15,39,Love Will Bring Her Around,Rob Crosby,45,6,Gains In Performance
1990-12-15,40,American Boy,Eddie Rabbitt,34,12,
1990-12-15,41,This Ain't My First Rodeo,Vern Gosdin,39,18,
1990-12-15,42,Moonshadow Road,T. Graham Brown,25,14,
1990-12-15,43,(You're My) Soul And Inspiration,The Oak Ridge Boys,46,3,Gains In Performance
1990-12-15,44,Things Are Tough All Over,Shelby Lynne,47,8,Gains In Performance
1990-12-15,45,There For A While,Steve Wariner,50,6,Gains In Performance
1990-12-15,46,Western Girls,Marty Stuart,33,16,
1990-12-15,47,He Was On To Something,Ricky Skaggs,41,17,
1990-12-15,48,What A Way To Go,Ray Kennedy,55,5,Gains In Performance
1990-12-15,49,Born To Be Blue,The Judds,49,20,
1990-12-15,50,Put Some Drive In Your Country,Travis Tritt,40,13,
1990-12-15,51,Drinking Champagne,George Strait,52,19,
1990-12-15,52,Can't Have Nothin',Foster & Lloyd,57,4,Gains In Performance
1990-12-15,53,If You Want Me To,Joe Diffie,NEW,1,Highest ranking debut|Gains In Performance
1990-12-15,54,Say It's Not True,Lionel Cartwright,63,3,Gains In Performance
1990-12-15,55,Praying For Rain,Kevin Welch,53,9,
1990-12-15,56,Rollin' Home,Pirates Of The Mississippi,61,5,Gains In Performance
1990-12-15,57,Don't Tell Me What To Do,Pam Tillis,64,3,Gains In Performance
1990-12-15,58,A Ring Where A Ring Used To Be,Billy Joe Royal,59,14,
1990-12-15,59,When Love Comes Callin',Sawyer Brown,56,11,
1990-12-15,60,You Just Get Better All The Time,James House,70,2,Gains In Performance
1990-12-22,1,I've Come To Expect It From You,George Strait,1,8,Gains In Performance
1990-12-22,2,Unanswered Prayers,Garth Brooks,3,8,Gains In Performance
1990-12-22,3,Never Knew Lonely,Vince Gill,6,13,Gains In Performance
1990-12-22,4,Chasin' That Neon Rainbow,Alan Jackson,2,12,
1990-12-22,5,Ghost In This House,Shenandoah,5,12,
1990-12-22,6,Put Yourself In My Shoes,Clint Black,4,9,
1990-12-22,7,Forever's As Far As I'll Go,Alabama,9,6,Gains In Performance
1990-12-22,8,Life's Little Ups And Downs,Ricky Van Shelton,10,10,Gains In Performance
1990-12-22,9,Crazy In Love,Conway Twitty,8,16,
1990-12-22,10,Come Next Monday,K.T. Oslin,7,13,
1990-12-22,11,It Won't Be Me,Tanya Tucker,11,10,Gains In Performance
1990-12-22,12,Come On Back,Carlene Carter,13,9,Gains In Performance
1990-12-22,13,Rumor Has It,Reba McEntire,20,4,Gains In Performance
1990-12-22,14,Daddy's Come Around,Paul Overstreet,27,5,Gains In Performance
1990-12-22,15,A Few Good Things Remain,Kathy Mattea,18,7,Gains In Performance
1990-12-22,16,"Turn It On, Turn It Up, Turn Me Loose",Dwight Yoakam,19,10,Gains In Performance
1990-12-22,17,Back In My Younger Days,Don Williams,12,15,
1990-12-22,18,You Win Again,Mary Chapin Carpenter,22,10,Gains In Performance
1990-12-22,19,Brother Jukebox,Mark Chesnutt,26,5,Gains In Performance
1990-12-22,20,Home,Joe Diffie,14,20,
1990-12-22,21,These Lips Don't Know How To Say Goodbye,Doug Stone,25,7,Gains In Performance
1990-12-22,22,You Really Had Me Going,Holly Dunn,16,19,
1990-12-22,23,Now That We're Alone,Rodney Crowell,29,10,Gains In Performance
1990-12-22,24,We've Got It Made,Lee Greenwood,28,9,Gains In Performance
1990-12-22,25,Someone Else's Trouble Now,Highway 101,15,14,
1990-12-22,26,Rock 'N' Roll Angel,The Kentucky Headhunters,23,11,
1990-12-22,27,The Night's Too Long,Patty Loveless,21,14,
1990-12-22,28,Love Can Build A Bridge,The Judds,36,3,
1990-12-22,29,Friends In Low Places,Garth Brooks,31,19,
1990-12-22,30,You Lie,Reba McEntire,24,19,
1990-12-22,31,Walk On Faith,Mike Reid,37,5,Gains In Performance
1990-12-22,32,You've Got To Stand For Something,Aaron Tippin,38,8,Gains In Performance
1990-12-22,33,Fool Such As I,Baillie and the Boys,34,21,
1990-12-22,34,Love Will Bring Her Around,Rob Crosby,39,7,Gains In Performance
1990-12-22,35,A Few Ole Country Boys,Randy Travis & George Jones,30,16,
1990-12-22,36,(You're My) Soul And Inspiration,The Oak Ridge Boys,43,4,Gains In Performance
1990-12-22,37,Yet,Exile,33,17,
1990-12-22,38,Ain't Necessarily So,Willie Nelson,17,13,
1990-12-22,39,Feed This Fire,Anne Murray,35,20,
1990-12-22,40,There For A While,Steve Wariner,45,7,Gains In Performance
1990-12-22,41,Things Are Tough All Over,Shelby Lynne,44,9,Gains In Performance
1990-12-22,42,What A Way To Go,Ray Kennedy,48,6,Gains In Performance
1990-12-22,43,American Boy,Eddie Rabbitt,40,13,
1990-12-22,44,If You Want Me To,Joe Diffie,53,2,Gains In Performance
1990-12-22,45,This Ain't My First Rodeo,Vern Gosdin,41,19,
1990-12-22,46,Can't Have Nothin',Foster & Lloyd,52,5,Gains In Performance
1990-12-22,47,Western Girls,Marty Stuart,46,17,
1990-12-22,48,Moonshadow Road,T. Graham Brown,42,15,
1990-12-22,49,Don't Tell Me What To Do,Pam Tillis,57,4,Gains In Performance
1990-12-22,50,Say It's Not True,Lionel Cartwright,54,4,Gains In Performance
1990-12-22,51,Drinking Champagne,George Strait,51,20,
1990-12-22,52,Born To Be Blue,The Judds,49,21,
1990-12-22,53,Is It Raining At Your House,Vern Gosdin,64,3,Gains In Performance
1990-12-22,54,He Was On To Something,Ricky Skaggs,47,18,
1990-12-22,55,Put Some Drive In Your Country,Travis Tritt,50,14,
1990-12-22,56,Long Lost Friend,Restless Heart,NEW,1,Highest ranking debut|Gains In Performance
1990-12-22,57,Rollin' Home,Pirates Of The Mississippi,56,6,
1990-12-22,58,"It Wasn't You, It Wasn't Me",Daniele Alexander & Butch Baker,62,4,Gains In Performance
1990-12-22,59,Little Things,Marty Stuart,NEW,1,Gains In Performance
1990-12-22,60,Bluebird,Anne Murray,65,3,Gains In Performance
1990-12-29,1,I've Come To Expect It From You,George Strait,1,9,Gains In Performance
1990-12-29,2,Unanswered Prayers,Garth Brooks,2,9,Gains In Performance
1990-12-29,3,Never Knew Lonely,Vince Gill,3,14,Gains In Performance
1990-12-29,4,Chasin' That Neon Rainbow,Alan Jackson,4,13,
1990-12-29,5,Ghost In This House,Shenandoah,5,13,
1990-12-29,6,Put Yourself In My Shoes,Clint Black,6,10,
1990-12-29,7,Forever's As Far As I'll Go,Alabama,7,7,Gains In Performance
1990-12-29,8,Life's Little Ups And Downs,Ricky Van Shelton,8,11,Gains In Performance
1990-12-29,9,Crazy In Love,Conway Twitty,9,17,
1990-12-29,10,Come Next Monday,K.T. Oslin,10,14,
1990-12-29,11,It Won't Be Me,Tanya Tucker,11,11,Gains In Performance
1990-12-29,12,Come On Back,Carlene Carter,12,10,Gains In Performance
1990-12-29,13,Rumor Has It,Reba McEntire,13,5,Gains In Performance
1990-12-29,14,Daddy's Come Around,Paul Overstreet,14,6,Gains In Performance
1990-12-29,15,A Few Good Things Remain,Kathy Mattea,15,8,Gains In Performance
1990-12-29,16,"Turn It On, Turn It Up, Turn Me Loose",Dwight Yoakam,16,11,Gains In Performance
1990-12-29,17,Back In My Younger Days,Don Williams,17,16,
1990-12-29,18,You Win Again,Mary Chapin Carpenter,18,11,Gains In Performance
1990-12-29,19,Brother Jukebox,Mark Chesnutt,19,6,Gains In Performance
1990-12-29,20,Home,Joe Diffie,20,21,
1990-12-29,21,These Lips Don't Know How To Say Goodbye,Doug Stone,21,8,Gains In Performance
1990-12-29,22,You Really Had Me Going,Holly Dunn,22,20,
1990-12-29,23,Now That We're Alone,Rodney Crowell,23,11,Gains In Performance
1990-12-29,24,We've Got It Made,Lee Greenwood,24,10,Gains In Performance
1990-12-29,25,Someone Else's Trouble Now,Highway 101,25,15,
1990-12-29,26,Rock 'N' Roll Angel,The Kentucky Headhunters,26,12,
1990-12-29,27,The Night's Too Long,Patty Loveless,27,15,
1990-12-29,28,Love Can Build A Bridge,The Judds,28,4,
1990-12-29,29,Friends In Low Places,Garth Brooks,29,20,
1990-12-29,30,You Lie,Reba McEntire,30,20,
1990-12-29,31,Walk On Faith,Mike Reid,31,6,Gains In Performance
1990-12-29,32,You've Got To Stand For Something,Aaron Tippin,32,9,Gains In Performance
1990-12-29,33,Fool Such As I,Baillie and the Boys,33,22,
1990-12-29,34,Love Will Bring Her Around,Rob Crosby,34,8,Gains In Performance
1990-12-29,35,A Few Ole Country Boys,Randy Travis & George Jones,35,17,
1990-12-29,36,(You're My) Soul And Inspiration,The Oak Ridge Boys,36,5,Gains In Performance
1990-12-29,37,Yet,Exile,37,18,
1990-12-29,38,Ain't Necessarily So,Willie Nelson,38,14,
1990-12-29,39,Feed This Fire,Anne Murray,39,21,
1990-12-29,40,There For A While,Steve Wariner,40,8,Gains In Performance
1990-12-29,41,Things Are Tough All Over,Shelby Lynne,41,10,Gains In Performance
1990-12-29,42,What A Way To Go,Ray Kennedy,42,7,Gains In Performance
1990-12-29,43,American Boy,Eddie Rabbitt,43,14,
1990-12-29,44,If You Want Me To,Joe Diffie,44,3,Gains In Performance
1990-12-29,45,This Ain't My First Rodeo,Vern Gosdin,45,20,
1990-12-29,46,Can't Have Nothin',Foster & Lloyd,46,6,Gains In Performance
1990-12-29,47,Western Girls,Marty Stuart,47,18,
1990-12-29,48,Moonshadow Road,T. Graham Brown,48,16,
1990-12-29,49,Don't Tell Me What To Do,Pam Tillis,49,5,Gains In Performance
1990-12-29,50,Say It's Not True,Lionel Cartwright,50,5,Gains In Performance
1990-12-29,51,Drinking Champagne,George Strait,51,21,
1990-12-29,52,Born To Be Blue,The Judds,52,22,
1990-12-29,53,Is It Raining At Your House,Vern Gosdin,53,4,Gains In Performance
1990-12-29,54,He Was On To Something,Ricky Skaggs,54,19,
1990-12-29,55,Put Some Drive In Your Country,Travis Tritt,55,15,
1990-12-29,56,Long Lost Friend,Restless Heart,56,2,Highest ranking debut|Gains In Performance
1990-12-29,57,Rollin' Home,Pirates Of The Mississippi,57,7,
1990-12-29,58,"It Wasn't You, It Wasn't Me",Daniele Alexander & Butch Baker,58,5,Gains In Performance
1990-12-29,59,Little Things,Marty Stuart,59,2,Gains In Performance
1990-12-29,60,Bluebird,Anne Murray,60,4,Gains In Performance
1991-01-05,1,I've Come To Expect It From You,George Strait,1,10,
1991-01-05,2,Unanswered Prayers,Garth Brooks,2,10,Gains In Performance
1991-01-05,3,Forever's As Far As I'll Go,Alabama,7,8,Gains In Performance
1991-01-05,4,Never Knew Lonely,Vince Gill,3,15,
1991-01-05,5,Come On Back,Carlene Carter,12,11,Gains In Performance
1991-01-05,6,It Won't Be Me,Tanya Tucker,11,12,Gains In Performance
1991-01-05,7,Chasin' That Neon Rainbow,Alan Jackson,4,14,
1991-01-05,8,Life's Little Ups And Downs,Ricky Van Shelton,8,12,
1991-01-05,9,Ghost In This House,Shenandoah,5,14,
1991-01-05,10,Put Yourself In My Shoes,Clint Black,6,11,
1991-01-05,11,Daddy's Come Around,Paul Overstreet,14,7,Gains In Performance
1991-01-05,12,Rumor Has It,Reba McEntire,13,6,Gains In Performance
1991-01-05,13,"Turn It On, Turn It Up, Turn Me Loose",Dwight Yoakam,16,12,Gains In Performance
1991-01-05,14,Crazy In Love,Conway Twitty,9,18,
1991-01-05,15,A Few Good Things Remain,Kathy Mattea,15,9,Gains In Performance
1991-01-05,16,Brother Jukebox,Mark Chesnutt,19,7,Gains In Performance
1991-01-05,17,Come Next Monday,K.T. Oslin,10,15,
1991-01-05,18,You Win Again,Mary Chapin Carpenter,18,12,Gains In Performance
1991-01-05,19,These Lips Don't Know How To Say Goodbye,Doug Stone,21,9,Gains In Performance
1991-01-05,20,We've Got It Made,Lee Greenwood,24,11,Gains In Performance
1991-01-05,21,Now That We're Alone,Rodney Crowell,23,12,Gains In Performance
1991-01-05,22,Love Can Build A Bridge,The Judds,28,5,Gains In Performance
1991-01-05,23,Back In My Younger Days,Don Williams,17,17,
1991-01-05,24,Walk On Faith,Mike Reid,31,7,
1991-01-05,25,Home,Joe Diffie,20,22,
1991-01-05,26,You've Got To Stand For Something,Aaron Tippin,32,10,Gains In Performance
1991-01-05,27,You Really Had Me Going,Holly Dunn,22,21,
1991-01-05,28,Rock 'N' Roll Angel,The Kentucky Headhunters,26,13,
1991-01-05,29,Love Will Bring Her Around,Rob Crosby,34,9,Gains In Performance
1991-01-05,30,Someone Else's Trouble Now,Highway 101,25,16,
1991-01-05,31,There For A While,Steve Wariner,40,9,Gains In Performance
1991-01-05,32,(You're My) Soul And Inspiration,The Oak Ridge Boys,36,6,
1991-01-05,33,You Lie,Reba McEntire,30,21,
1991-01-05,34,If You Want Me To,Joe Diffie,44,4,Gains In Performance
1991-01-05,35,Things Are Tough All Over,Shelby Lynne,41,11,Gains In Performance
1991-01-05,36,What A Way To Go,Ray Kennedy,42,8,Gains In Performance
1991-01-05,37,Feed This Fire,Anne Murray,39,22,
1991-01-05,38,The Night's Too Long,Patty Loveless,27,16,
1991-01-05,39,A Few Ole Country Boys,Randy Travis & George Jones,35,18,
1991-01-05,40,Yet,Exile,37,19,
1991-01-05,41,Can't Have Nothin',Foster & Lloyd,46,7,Gains In Performance
1991-01-05,42,Don't Tell Me What To Do,Pam Tillis,49,6,Gains In Performance
1991-01-05,43,Is It Raining At Your House,Vern Gosdin,53,5,Gains In Performance
1991-01-05,44,Say It's Not True,Lionel Cartwright,50,6,Gains In Performance
1991-01-05,45,American Boy,Eddie Rabbitt,43,15,
1991-01-05,46,Long Lost Friend,Restless Heart,56,3,Gains In Performance
1991-01-05,47,This Ain't My First Rodeo,Vern Gosdin,45,21,
1991-01-05,48,Ain't Necessarily So,Willie Nelson,38,15,
1991-01-05,49,Western Girls,Marty Stuart,47,19,
1991-01-05,50,Little Things,Marty Stuart,59,3,Gains In Performance
1991-01-05,51,Moonshadow Road,T. Graham Brown,48,17,
1991-01-05,52,Rollin' Home,Pirates Of The Mississippi,57,8,Gains In Performance
1991-01-05,53,Bluebird,Anne Murray,60,5,Gains In Performance
1991-01-05,54,Only Here For A Little While,Billy Dean,68,3,Gains In Performance
1991-01-05,55,Unchained Melody,Ronnie McDowell,62,5,Gains In Performance
1991-01-05,56,"It Wasn't You, It Wasn't Me",Daniele Alexander & Butch Baker,58,6,Gains In Performance
1991-01-05,57,He Was On To Something,Ricky Skaggs,54,20,
1991-01-05,58,I Couldn't See You Leavin',Conway Twitty,NEW,1,Highest ranking debut|Gains In Performance
1991-01-05,59,There You Go,Exile,63,4,Gains In Performance
1991-01-05,60,You Just Get Better All The Time,James House,61,5,Gains In Performance
1991-01-12,1,Unanswered Prayers,Garth Brooks,2,11,Gains In Performance
1991-01-12,2,Forever's As Far As I'll Go,Alabama,3,9,
1991-01-12,3,I've Come To Expect It From You,George Strait,1,11,
1991-01-12,4,Life's Little Ups And Downs,Ricky Van Shelton,8,13,Gains In Performance
1991-01-12,5,Come On Back,Carlene Carter,5,12,Gains In Performance
1991-01-12,6,Rumor Has It,Reba McEntire,12,7,Gains In Performance
1991-01-12,7,It Won't Be Me,Tanya Tucker,6,13,
1991-01-12,8,Daddy's Come Around,Paul Overstreet,11,8,Gains In Performance
1991-01-12,9,Never Knew Lonely,Vince Gill,4,16,
1991-01-12,10,Brother Jukebox,Mark Chesnutt,16,8,Gains In Performance
1991-01-12,11,"Turn It On, Turn It Up, Turn Me Loose",Dwight Yoakam,13,13,Gains In Performance
1991-01-12,12,Chasin' That Neon Rainbow,Alan Jackson,7,15,
1991-01-12,13,A Few Good Things Remain,Kathy Mattea,15,10,Gains In Performance
1991-01-12,14,These Lips Don't Know How To Say Goodbye,Doug Stone,19,10,Gains In Performance
1991-01-12,15,Ghost In This House,Shenandoah,9,15,
1991-01-12,16,You Win Again,Mary Chapin Carpenter,18,13,Gains In Performance
1991-01-12,17,Now That We're Alone,Rodney Crowell,21,13,Gains In Performance
1991-01-12,18,Walk On Faith,Mike Reid,24,8,Gains In Performance
1991-01-12,19,We've Got It Made,Lee Greenwood,20,12,Gains In Performance
1991-01-12,20,Love Can Build A Bridge,The Judds,22,6,Gains In Performance
1991-01-12,21,Crazy In Love,Conway Twitty,14,19,
1991-01-12,22,Put Yourself In My Shoes,Clint Black,10,12,
1991-01-12,23,You've Got To Stand For Something,Aaron Tippin,26,11,Gains In Performance
1991-01-12,24,Come Next Monday,K.T. Oslin,17,16,
1991-01-12,25,Love Will Bring Her Around,Rob Crosby,29,10,Gains In Performance
1991-01-12,26,Back In My Younger Days,Don Williams,23,18,
1991-01-12,27,If You Want Me To,Joe Diffie,34,5,Gains In Performance
1991-01-12,28,There For A While,Steve Wariner,31,10,Gains In Performance
1991-01-12,29,You Really Had Me Going,Holly Dunn,27,22,
1991-01-12,30,Things Are Tough All Over,Shelby Lynne,35,12,Gains In Performance
1991-01-12,31,What A Way To Go,Ray Kennedy,36,9,Gains In Performance
1991-01-12,32,(You're My) Soul And Inspiration,The Oak Ridge Boys,32,7,Gains In Performance
1991-01-12,33,Is It Raining At Your House,Vern Gosdin,43,6,Gains In Performance
1991-01-12,34,Little Things,Marty Stuart,50,4,
1991-01-12,35,Don't Tell Me What To Do,Pam Tillis,42,7,Gains In Performance
1991-01-12,36,Say It's Not True,Lionel Cartwright,44,7,Gains In Performance
1991-01-12,37,Long Lost Friend,Restless Heart,46,4,Gains In Performance
1991-01-12,38,Someone Else's Trouble Now,Highway 101,30,17,
1991-01-12,39,Can't Have Nothin',Foster & Lloyd,41,8,
1991-01-12,40,Yet,Exile,40,20,
1991-01-12,41,I Couldn't See You Leavin',Conway Twitty,58,2,Gains In Performance
1991-01-12,42,Treat Me Like A Stranger,Baillie and the Boys,61,2,Gains In Performance
1991-01-12,43,A Few Ole Country Boys,Randy Travis & George Jones,39,19,
1991-01-12,44,Unchained Melody,Ronnie McDowell,55,6,Gains In Performance
1991-01-12,45,Only Here For A Little While,Billy Dean,54,4,Gains In Performance
1991-01-12,46,This Ain't My First Rodeo,Vern Gosdin,47,22,
1991-01-12,47,Bluebird,Anne Murray,53,6,Gains In Performance
1991-01-12,48,American Boy,Eddie Rabbitt,45,16,
1991-01-12,49,Rock 'N' Roll Angel,The Kentucky Headhunters,28,14,
1991-01-12,50,Rollin' Home,Pirates Of The Mississippi,52,9,Gains In Performance
1991-01-12,51,Western Girls,Marty Stuart,49,20,
1991-01-12,52,The Night's Too Long,Patty Loveless,38,17,
1991-01-12,53,There You Go,Exile,59,5,Gains In Performance
1991-01-12,54,Chasin' Something Called Love,Molly & The Heymakers,63,4,Gains In Performance
1991-01-12,55,I Mean I Love You,Hank Williams Jr.,72,2,Gains In Performance
1991-01-12,56,Ain't Necessarily So,Willie Nelson,48,16,
1991-01-12,57,Moonshadow Road,T. Graham Brown,51,18,
1991-01-12,58,"It Wasn't You, It Wasn't Me",Daniele Alexander & Butch Baker,56,7,
1991-01-12,59,Heart Full Of Love,Holly Dunn,73,2,Gains In Performance
1991-01-12,60,He Was On To Something,Ricky Skaggs,57,21,
1991-01-19,1,Unanswered Prayers,Garth Brooks,1,12,
1991-01-19,2,Forever's As Far As I'll Go,Alabama,2,10,
1991-01-19,3,I've Come To Expect It From You,George Strait,3,12,
1991-01-19,4,Rumor Has It,Reba McEntire,6,8,Gains In Performance
1991-01-19,5,Come On Back,Carlene Carter,5,13,Gains In Performance
1991-01-19,6,Daddy's Come Around,Paul Overstreet,8,9,Gains In Performance
1991-01-19,7,Life's Little Ups And Downs,Ricky Van Shelton,4,14,
1991-01-19,8,It Won't Be Me,Tanya Tucker,7,14,
1991-01-19,9,Brother Jukebox,Mark Chesnutt,10,9,Gains In Performance
1991-01-19,10,Never Knew Lonely,Vince Gill,9,17,
1991-01-19,11,A Few Good Things Remain,Kathy Mattea,13,11,Gains In Performance
1991-01-19,12,These Lips Don't Know How To Say Goodbye,Doug Stone,14,11,Gains In Performance
1991-01-19,13,"Turn It On, Turn It Up, Turn Me Loose",Dwight Yoakam,11,14,
1991-01-19,14,Walk On Faith,Mike Reid,18,9,Gains In Performance
1991-01-19,15,Chasin' That Neon Rainbow,Alan Jackson,12,16,
1991-01-19,16,You Win Again,Mary Chapin Carpenter,16,14,Gains In Performance
1991-01-19,17,Love Can Build A Bridge,The Judds,20,7,Gains In Performance
1991-01-19,18,We've Got It Made,Lee Greenwood,19,13,Gains In Performance
1991-01-19,19,Now That We're Alone,Rodney Crowell,17,14,
1991-01-19,20,Ghost In This House,Shenandoah,15,16,
1991-01-19,21,You've Got To Stand For Something,Aaron Tippin,23,12,Gains In Performance
1991-01-19,22,Love Will Bring Her Around,Rob Crosby,25,11,
1991-01-19,23,Crazy In Love,Conway Twitty,21,20,
1991-01-19,24,Put Yourself In My Shoes,Clint Black,22,13,
1991-01-19,25,Come Next Monday,K.T. Oslin,24,17,
1991-01-19,26,If You Want Me To,Joe Diffie,27,6,Gains In Performance
1991-01-19,27,There For A While,Steve Wariner,28,11,Gains In Performance
1991-01-19,28,Things Are Tough All Over,Shelby Lynne,30,13,Gains In Performance
1991-01-19,29,What A Way To Go,Ray Kennedy,31,10,Gains In Performance
1991-01-19,30,Back In My Younger Days,Don Williams,26,19,
1991-01-19,31,(You're My) Soul And Inspiration,The Oak Ridge Boys,32,8,Gains In Performance
1991-01-19,32,Is It Raining At Your House,Vern Gosdin,33,7,Gains In Performance
1991-01-19,33,Little Things,Marty Stuart,34,5,Gains In Performance
1991-01-19,34,Don't Tell Me What To Do,Pam Tillis,35,8,Gains In Performance
1991-01-19,35,Say It's Not True,Lionel Cartwright,36,8,Gains In Performance
1991-01-19,36,Long Lost Friend,Restless Heart,37,5,Gains In Performance
1991-01-19,37,I Couldn't See You Leavin',Conway Twitty,41,3,Gains In Performance
1991-01-19,38,Can't Have Nothin',Foster & Lloyd,39,9,Gains In Performance
1991-01-19,39,Treat Me Like A Stranger,Baillie and the Boys,42,3,Gains In Performance
1991-01-19,40,Someone Else's Trouble Now,Highway 101,38,18,
1991-01-19,41,A Few Ole Country Boys,Randy Travis & George Jones,43,20,
1991-01-19,42,Unchained Melody,Ronnie McDowell,44,7,Gains In Performance
1991-01-19,43,Only Here For A Little While,Billy Dean,45,5,Gains In Performance
1991-01-19,44,American Boy,Eddie Rabbitt,48,17,
1991-01-19,45,There You Go,Exile,53,6,Gains In Performance
1991-01-19,46,Heart Full Of Love,Holly Dunn,59,3,Gains In Performance
1991-01-19,47,Bluebird,Anne Murray,47,7,
1991-01-19,48,Rock 'N' Roll Angel,The Kentucky Headhunters,49,15,
1991-01-19,49,Rollin' Home,Pirates Of The Mississippi,50,10,Gains In Performance
1991-01-19,50,I Mean I Love You,Hank Williams Jr.,55,3,Gains In Performance
1991-01-19,51,I'm That Kind Of Girl,Patty Loveless,61,2,Gains In Performance
1991-01-19,52,Chasin' Something Called Love,Molly & The Heymakers,54,5,Gains In Performance
1991-01-19,53,The Night's Too Long,Patty Loveless,52,18,
1991-01-19,54,Moonshadow Road,T. Graham Brown,57,19,
1991-01-19,55,Ain't Necessarily So,Willie Nelson,56,17,
1991-01-19,56,If I Built You A Fire,Neal McCoy,62,3,Gains In Performance
1991-01-19,57,"It Wasn't You, It Wasn't Me",Daniele Alexander & Butch Baker,58,8,
1991-01-19,58,I Got You,Shenandoah,NEW,1,Highest ranking debut|Gains In Performance
1991-01-19,59,I'd Love You All Over Again,Alan Jackson,NEW,1,Gains In Performance
1991-01-19,60,Learning The Game,Black Tie,67,6,Gains In Performance
1991-01-26,1,Forever's As Far As I'll Go,Alabama,2,11,Gains In Performance
1991-01-26,2,Daddy's Come Around,Paul Overstreet,6,10,Gains In Performance
1991-01-26,3,Come On Back,Carlene Carter,5,14,Gains In Performance
1991-01-26,4,Rumor Has It,Reba McEntire,4,9,Gains In Performance
1991-01-26,5,Unanswered Prayers,Garth Brooks,1,13,
1991-01-26,6,Brother Jukebox,Mark Chesnutt,9,10,Gains In Performance
1991-01-26,7,Life's Little Ups And Downs,Ricky Van Shelton,7,15,
1991-01-26,8,I've Come To Expect It From You,George Strait,3,13,
1991-01-26,9,These Lips Don't Know How To Say Goodbye,Doug Stone,12,12,Gains In Performance
1991-01-26,10,A Few Good Things Remain,Kathy Mattea,11,12,Gains In Performance
1991-01-26,11,It Won't Be Me,Tanya Tucker,8,15,
1991-01-26,12,Walk On Faith,Mike Reid,14,10,Gains In Performance
1991-01-26,13,Love Can Build A Bridge,The Judds,17,8,Gains In Performance
1991-01-26,14,We've Got It Made,Lee Greenwood,18,14,Gains In Performance
1991-01-26,15,"Turn It On, Turn It Up, Turn Me Loose",Dwight Yoakam,13,15,
1991-01-26,16,Never Knew Lonely,Vince Gill,10,18,
1991-01-26,17,Chasin' That Neon Rainbow,Alan Jackson,15,17,
1991-01-26,18,Now That We're Alone,Rodney Crowell,19,15,
1991-01-26,19,You've Got To Stand For Something,Aaron Tippin,21,13,Gains In Performance
1991-01-26,20,You Win Again,Mary Chapin Carpenter,16,15,
1991-01-26,21,Love Will Bring Her Around,Rob Crosby,22,12,Gains In Performance
1991-01-26,22,If You Want Me To,Joe Diffie,26,7,Gains In Performance
1991-01-26,23,Things Are Tough All Over,Shelby Lynne,28,14,Gains In Performance
1991-01-26,24,Ghost In This House,Shenandoah,20,17,
1991-01-26,25,There For A While,Steve Wariner,27,12,Gains In Performance
1991-01-26,26,What A Way To Go,Ray Kennedy,29,11,Gains In Performance
1991-01-26,27,Is It Raining At Your House,Vern Gosdin,32,8,Gains In Performance
1991-01-26,28,Little Things,Marty Stuart,33,6,Gains In Performance
1991-01-26,29,Put Yourself In My Shoes,Clint Black,24,14,
1991-01-26,30,Don't Tell Me What To Do,Pam Tillis,34,9,Gains In Performance
1991-01-26,31,I Couldn't See You Leavin',Conway Twitty,37,4,Gains In Performance
1991-01-26,32,Come Next Monday,K.T. Oslin,25,18,
1991-01-26,33,Long Lost Friend,Restless Heart,36,6,Gains In Performance
1991-01-26,34,(You're My) Soul And Inspiration,The Oak Ridge Boys,31,9,
1991-01-26,35,Say It's Not True,Lionel Cartwright,35,9,Gains In Performance
1991-01-26,36,Back In My Younger Days,Don Williams,30,20,
1991-01-26,37,Treat Me Like A Stranger,Baillie and the Boys,39,4,Gains In Performance
1991-01-26,38,Heart Full Of Love,Holly Dunn,46,4,Gains In Performance
1991-01-26,39,I'm That Kind Of Girl,Patty Loveless,51,3,Gains In Performance
1991-01-26,40,Unchained Melody,Ronnie McDowell,42,8,Gains In Performance
1991-01-26,41,I'd Love You All Over Again,Alan Jackson,59,2,
1991-01-26,42,Can't Have Nothin',Foster & Lloyd,38,10,
1991-01-26,43,Someone Else's Trouble Now,Highway 101,40,19,
1991-01-26,44,I Got You,Shenandoah,58,2,Gains In Performance
1991-01-26,45,There You Go,Exile,45,7,Gains In Performance
1991-01-26,46,Only Here For A Little While,Billy Dean,43,6,
1991-01-26,47,Bluebird,Anne Murray,47,8,Gains In Performance
1991-01-26,48,I Mean I Love You,Hank Williams Jr.,50,4,Gains In Performance
1991-01-26,49,American Boy,Eddie Rabbitt,44,18,
1991-01-26,50,True Love,Don Williams,72,2,Gains In Performance
1991-01-26,51,Chasin' Something Called Love,Molly & The Heymakers,52,6,Gains In Performance
1991-01-26,52,Rollin' Home,Pirates Of The Mississippi,49,11,
1991-01-26,53,If I Built You A Fire,Neal McCoy,56,4,Gains In Performance
1991-01-26,54,I'm Sending One Up For You,T. Graham Brown,67,3,Gains In Performance
1991-01-26,55,The Night's Too Long,Patty Loveless,53,19,
1991-01-26,56,Rock 'N' Roll Angel,The Kentucky Headhunters,48,16,
1991-01-26,57,Ain't Necessarily So,Willie Nelson,55,18,
1991-01-26,58,Moonshadow Road,T. Graham Brown,54,20,
1991-01-26,59,Learning The Game,Black Tie,60,7,
1991-01-26,60,That's The Way Love Is,Asleep At The Wheel,62,9,Gains In Performance
1991-02-02,1,Daddy's Come Around,Paul Overstreet,2,11,Gains In Performance
1991-02-02,2,Brother Jukebox,Mark Chesnutt,6,11,Gains In Performance
1991-02-02,3,Rumor Has It,Reba McEntire,4,10,
1991-02-02,4,Forever's As Far As I'll Go,Alabama,1,12,
1991-02-02,5,Come On Back,Carlene Carter,3,15,
1991-02-02,6,These Lips Don't Know How To Say Goodbye,Doug Stone,9,13,Gains In Performance
1991-02-02,7,Walk On Faith,Mike Reid,12,11,Gains In Performance
1991-02-02,8,Love Can Build A Bridge,The Judds,13,9,Gains In Performance
1991-02-02,9,A Few Good Things Remain,Kathy Mattea,10,13,
1991-02-02,10,Unanswered Prayers,Garth Brooks,5,14,
1991-02-02,11,I've Come To Expect It From You,George Strait,8,14,
1991-02-02,12,You've Got To Stand For Something,Aaron Tippin,19,14,Gains In Performance
1991-02-02,13,Life's Little Ups And Downs,Ricky Van Shelton,7,16,
1991-02-02,14,We've Got It Made,Lee Greenwood,14,15,
1991-02-02,15,It Won't Be Me,Tanya Tucker,11,16,
1991-02-02,16,If You Want Me To,Joe Diffie,22,8,Gains In Performance
1991-02-02,17,Love Will Bring Her Around,Rob Crosby,21,13,Gains In Performance
1991-02-02,18,There For A While,Steve Wariner,25,13,Gains In Performance
1991-02-02,19,Never Knew Lonely,Vince Gill,16,19,
1991-02-02,20,What A Way To Go,Ray Kennedy,26,12,Gains In Performance
1991-02-02,21,Chasin' That Neon Rainbow,Alan Jackson,17,18,
1991-02-02,22,Little Things,Marty Stuart,28,7,Gains In Performance
1991-02-02,23,I Couldn't See You Leavin',Conway Twitty,31,5,
1991-02-02,24,Is It Raining At Your House,Vern Gosdin,27,9,Gains In Performance
1991-02-02,25,Things Are Tough All Over,Shelby Lynne,23,15,
1991-02-02,26,"Turn It On, Turn It Up, Turn Me Loose",Dwight Yoakam,15,16,
1991-02-02,27,Don't Tell Me What To Do,Pam Tillis,30,10,Gains In Performance
1991-02-02,28,Now That We're Alone,Rodney Crowell,18,16,
1991-02-02,29,You Win Again,Mary Chapin Carpenter,20,16,
1991-02-02,30,Long Lost Friend,Restless Heart,33,7,Gains In Performance
1991-02-02,31,Say It's Not True,Lionel Cartwright,35,10,Gains In Performance
1991-02-02,32,Ghost In This House,Shenandoah,24,18,
1991-02-02,33,Treat Me Like A Stranger,Baillie and the Boys,37,5,Gains In Performance
1991-02-02,34,I'm That Kind Of Girl,Patty Loveless,39,4,Gains In Performance
1991-02-02,35,I'd Love You All Over Again,Alan Jackson,41,3,Gains In Performance
1991-02-02,36,Come Next Monday,K.T. Oslin,32,19,
1991-02-02,37,Heart Full Of Love,Holly Dunn,38,5,Gains In Performance
1991-02-02,38,Loving Blind,Clint Black,NEW,1,Highest ranking debut|Gains In Performance
1991-02-02,39,I Got You,Shenandoah,44,3,Gains In Performance
1991-02-02,40,Unchained Melody,Ronnie McDowell,40,9,Gains In Performance
1991-02-02,41,Put Yourself In My Shoes,Clint Black,29,15,
1991-02-02,42,There You Go,Exile,45,8,Gains In Performance
1991-02-02,43,American Boy,Eddie Rabbitt,49,19,
1991-02-02,44,(You're My) Soul And Inspiration,The Oak Ridge Boys,34,10,
1991-02-02,45,True Love,Don Williams,50,3,Gains In Performance
1991-02-02,46,Only Here For A Little While,Billy Dean,46,7,Gains In Performance
1991-02-02,47,Bluebird,Anne Murray,47,9,Gains In Performance
1991-02-02,48,Someone Else's Trouble Now,Highway 101,43,20,
1991-02-02,49,I Mean I Love You,Hank Williams Jr.,48,5,
1991-02-02,50,Men,The Forester Sisters,62,2,Gains In Performance
1991-02-02,51,Chasin' Something Called Love,Molly & The Heymakers,51,7,Gains In Performance
1991-02-02,52,If I Built You A Fire,Neal McCoy,53,5,Gains In Performance
1991-02-02,53,Can't Have Nothin',Foster & Lloyd,42,11,
1991-02-02,54,If The Jukebox Took Teardrops,Billy Joe Royal,68,2,Gains In Performance
1991-02-02,55,I'm Sending One Up For You,T. Graham Brown,54,4,
1991-02-02,56,I Got It Bad,Matraca Berg,61,4,Gains In Performance
1991-02-02,57,The Night's Too Long,Patty Loveless,55,20,
1991-02-02,58,Rock 'N' Roll Angel,The Kentucky Headhunters,56,17,
1991-02-02,59,Rollin' Home,Pirates Of The Mississippi,52,12,
1991-02-02,60,Ain't Necessarily So,Willie Nelson,57,19,
1991-02-09,1,Brother Jukebox,Mark Chesnutt,2,12,Gains In Performance
1991-02-09,2,Daddy's Come Around,Paul Overstreet,1,12,
1991-02-09,3,Walk On Faith,Mike Reid,7,12,Gains In Performance
1991-02-09,4,Rumor Has It,Reba McEntire,3,11,
1991-02-09,5,These Lips Don't Know How To Say Goodbye,Doug Stone,6,14,Gains In Performance
1991-02-09,6,Forever's As Far As I'll Go,Alabama,4,13,
1991-02-09,7,Love Can Build A Bridge,The Judds,8,10,Gains In Performance
1991-02-09,8,You've Got To Stand For Something,Aaron Tippin,12,15,Gains In Performance
1991-02-09,9,Come On Back,Carlene Carter,5,16,
1991-02-09,10,If You Want Me To,Joe Diffie,16,9,Gains In Performance
1991-02-09,11,Unanswered Prayers,Garth Brooks,10,15,
1991-02-09,12,Love Will Bring Her Around,Rob Crosby,17,14,Gains In Performance
1991-02-09,13,I've Come To Expect It From You,George Strait,11,15,
1991-02-09,14,We've Got It Made,Lee Greenwood,14,16,Gains In Performance
1991-02-09,15,A Few Good Things Remain,Kathy Mattea,9,14,
1991-02-09,16,What A Way To Go,Ray Kennedy,20,13,Gains In Performance
1991-02-09,17,I Couldn't See You Leavin',Conway Twitty,23,6,Gains In Performance
1991-02-09,18,Don't Tell Me What To Do,Pam Tillis,27,11,Gains In Performance
1991-02-09,19,Little Things,Marty Stuart,22,8,Gains In Performance
1991-02-09,20,There For A While,Steve Wariner,18,14,
1991-02-09,21,Is It Raining At Your House,Vern Gosdin,24,10,Gains In Performance
1991-02-09,22,Never Knew Lonely,Vince Gill,19,20,
1991-02-09,23,Life's Little Ups And Downs,Ricky Van Shelton,13,17,
1991-02-09,24,Loving Blind,Clint Black,38,2,Gains In Performance
1991-02-09,25,Things Are Tough All Over,Shelby Lynne,25,16,Gains In Performance
1991-02-09,26,Long Lost Friend,Restless Heart,30,8,Gains In Performance
1991-02-09,27,Chasin' That Neon Rainbow,Alan Jackson,21,19,
1991-02-09,28,I'd Love You All Over Again,Alan Jackson,35,4,Gains In Performance
1991-02-09,29,I'm That Kind Of Girl,Patty Loveless,34,5,Gains In Performance
1991-02-09,30,Heart Full Of Love,Holly Dunn,37,6,Gains In Performance
1991-02-09,31,It Won't Be Me,Tanya Tucker,15,17,
1991-02-09,32,I Got You,Shenandoah,39,4,Gains In Performance
1991-02-09,33,Unchained Melody,Ronnie McDowell,40,10,Gains In Performance
1991-02-09,34,Say It's Not True,Lionel Cartwright,31,11,
1991-02-09,35,Treat Me Like A Stranger,Baillie and the Boys,33,6,
1991-02-09,36,"Turn It On, Turn It Up, Turn Me Loose",Dwight Yoakam,26,17,
1991-02-09,37,Come Next Monday,K.T. Oslin,36,20,
1991-02-09,38,Ghost In This House,Shenandoah,32,19,
1991-02-09,39,True Love,Don Williams,45,4,Gains In Performance
1991-02-09,40,Heroes And Friends,Randy Travis,64,2,
1991-02-09,41,There You Go,Exile,42,9,Gains In Performance
1991-02-09,42,Now That We're Alone,Rodney Crowell,28,17,
1991-02-09,43,Put Yourself In My Shoes,Clint Black,41,16,
1991-02-09,44,The Eagle,Waylon Jennings,NEW,1,Highest ranking debut|Gains In Performance
1991-02-09,45,Men,The Forester Sisters,50,3,Gains In Performance
1991-02-09,46,Only Here For A Little While,Billy Dean,46,8,Gains In Performance
1991-02-09,47,Bluebird,Anne Murray,47,10,Gains In Performance
1991-02-09,48,You Win Again,Mary Chapin Carpenter,29,17,
1991-02-09,49,I Mean I Love You,Hank Williams Jr.,49,6,Gains In Performance
1991-02-09,50,If I Built You A Fire,Neal McCoy,52,6,Gains In Performance
1991-02-09,51,Chasin' Something Called Love,Molly & The Heymakers,51,8,Gains In Performance
1991-02-09,52,American Boy,Eddie Rabbitt,43,20,
1991-02-09,53,(You're My) Soul And Inspiration,The Oak Ridge Boys,44,11,
1991-02-09,54,If The Jukebox Took Teardrops,Billy Joe Royal,54,3,Gains In Performance
1991-02-09,55,I'm Sending One Up For You,T. Graham Brown,55,5,Gains In Performance
1991-02-09,56,I Got It Bad,Matraca Berg,56,5,Gains In Performance
1991-02-09,57,Unconditional Love,Glen Campbell,62,3,Gains In Performance
1991-02-09,58,What Goes With Blue,Tammy Wynette,65,2,Gains In Performance
1991-02-09,59,"Two Of A Kind, Workin' On A Full House",Garth Brooks,NEW,1,Gains In Performance
1991-02-09,60,Rock 'N' Roll Angel,The Kentucky Headhunters,58,18,
1991-02-16,1,Brother Jukebox,Mark Chesnutt,1,13,Gains In Performance
1991-02-16,2,Walk On Faith,Mike Reid,3,13,Gains In Performance
1991-02-16,3,Daddy's Come Around,Paul Overstreet,2,13,
1991-02-16,4,Rumor Has It,Reba McEntire,4,12,
1991-02-16,5,These Lips Don't Know How To Say Goodbye,Doug Stone,5,15,
1991-02-16,6,You've Got To Stand For Something,Aaron Tippin,8,16,Gains In Performance
1991-02-16,7,Love Can Build A Bridge,The Judds,7,11,
1991-02-16,8,If You Want Me To,Joe Diffie,10,10,Gains In Performance
1991-02-16,9,Forever's As Far As I'll Go,Alabama,6,14,
1991-02-16,10,What A Way To Go,Ray Kennedy,16,14,Gains In Performance
1991-02-16,11,I Couldn't See You Leavin',Conway Twitty,17,7,Gains In Performance
1991-02-16,12,Loving Blind,Clint Black,24,3,Gains In Performance
1991-02-16,13,Love Will Bring Her Around,Rob Crosby,12,15,
1991-02-16,14,Little Things,Marty Stuart,19,9,Gains In Performance
1991-02-16,15,Come On Back,Carlene Carter,9,17,
1991-02-16,16,Don't Tell Me What To Do,Pam Tillis,18,12,Gains In Performance
1991-02-16,17,There For A While,Steve Wariner,20,15,Gains In Performance
1991-02-16,18,Unanswered Prayers,Garth Brooks,11,16,
1991-02-16,19,I've Come To Expect It From You,George Strait,13,16,
1991-02-16,20,Is It Raining At Your House,Vern Gosdin,21,11,Gains In Performance
1991-02-16,21,I'd Love You All Over Again,Alan Jackson,28,5,Gains In Performance
1991-02-16,22,I'm That Kind Of Girl,Patty Loveless,29,6,Gains In Performance
1991-02-16,23,Heroes And Friends,Randy Travis,40,3,Gains In Performance
1991-02-16,24,I Got You,Shenandoah,32,5,Gains In Performance
1991-02-16,25,Things Are Tough All Over,Shelby Lynne,25,17,
1991-02-16,26,Long Lost Friend,Restless Heart,26,9,Gains In Performance
1991-02-16,27,"Two Of A Kind, Workin' On A Full House",Garth Brooks,59,2,
1991-02-16,28,We've Got It Made,Lee Greenwood,14,17,
1991-02-16,29,Heart Full Of Love,Holly Dunn,30,7,Gains In Performance
1991-02-16,30,Unchained Melody,Ronnie McDowell,33,11,Gains In Performance
1991-02-16,31,Chasin' That Neon Rainbow,Alan Jackson,27,20,
1991-02-16,32,A Few Good Things Remain,Kathy Mattea,15,15,
1991-02-16,33,Life's Little Ups And Downs,Ricky Van Shelton,23,18,
1991-02-16,34,Treat Me Like A Stranger,Baillie and the Boys,35,7,Gains In Performance
1991-02-16,35,True Love,Don Williams,39,5,Gains In Performance
1991-02-16,36,The Eagle,Waylon Jennings,44,2,Gains In Performance
1991-02-16,37,Men,The Forester Sisters,45,4,Gains In Performance
1991-02-16,38,There You Go,Exile,41,10,Gains In Performance
1991-02-16,39,Say It's Not True,Lionel Cartwright,34,12,
1991-02-16,40,Ghost In This House,Shenandoah,38,20,
1991-02-16,41,It Won't Be Me,Tanya Tucker,31,18,
1991-02-16,42,Only Here For A Little While,Billy Dean,46,9,Gains In Performance
1991-02-16,43,"Turn It On, Turn It Up, Turn Me Loose",Dwight Yoakam,36,18,
1991-02-16,44,Put Yourself In My Shoes,Clint Black,43,17,
1991-02-16,45,Bluebird,Anne Murray,47,11,Gains In Performance
1991-02-16,46,Now That We're Alone,Rodney Crowell,42,18,
1991-02-16,47,I Mean I Love You,Hank Williams Jr.,49,7,Gains In Performance
1991-02-16,48,If I Built You A Fire,Neal McCoy,50,7,Gains In Performance
1991-02-16,49,You Win Again,Mary Chapin Carpenter,48,18,
1991-02-16,50,Chasin' Something Called Love,Molly & The Heymakers,51,9,
1991-02-16,51,If The Jukebox Took Teardrops,Billy Joe Royal,54,4,Gains In Performance
1991-02-16,52,Drift Off To Dream,Travis Tritt,NEW,1,Highest ranking debut|Gains In Performance
1991-02-16,53,I'm Sending One Up For You,T. Graham Brown,55,6,Gains In Performance
1991-02-16,54,I Got It Bad,Matraca Berg,56,6,Gains In Performance
1991-02-16,55,Unconditional Love,Glen Campbell,57,4,Gains In Performance
1991-02-16,56,What Goes With Blue,Tammy Wynette,58,3,Gains In Performance
1991-02-16,57,Water Under The Bridge,Dan Seals,64,3,Gains In Performance
1991-02-16,58,Let Her Go,Mark Collie,65,2,Gains In Performance
1991-02-16,59,(You're My) Soul And Inspiration,The Oak Ridge Boys,53,12,
1991-02-16,60,Right Now,Mary Chapin Carpenter,NEW,1,Gains In Performance
1991-02-23,1,Walk On Faith,Mike Reid,2,14,Gains In Performance
1991-02-23,2,Brother Jukebox,Mark Chesnutt,1,14,
1991-02-23,3,If You Want Me To,Joe Diffie,8,11,Gains In Performance
1991-02-23,4,Daddy's Come Around,Paul Overstreet,3,14,
1991-02-23,5,Love Can Build A Bridge,The Judds,7,12,Gains In Performance
1991-02-23,6,You've Got To Stand For Something,Aaron Tippin,6,17,
1991-02-23,7,These Lips Don't Know How To Say Goodbye,Doug Stone,5,16,
1991-02-23,8,I Couldn't See You Leavin',Conway Twitty,11,8,Gains In Performance
1991-02-23,9,Little Things,Marty Stuart,14,10,Gains In Performance
1991-02-23,10,Loving Blind,Clint Black,12,4,Gains In Performance
1991-02-23,11,What A Way To Go,Ray Kennedy,10,15,
1991-02-23,12,Rumor Has It,Reba McEntire,4,13,
1991-02-23,13,Don't Tell Me What To Do,Pam Tillis,16,13,Gains In Performance
1991-02-23,14,I'd Love You All Over Again,Alan Jackson,21,6,Gains In Performance
1991-02-23,15,Is It Raining At Your House,Vern Gosdin,20,12,Gains In Performance
1991-02-23,16,I Got You,Shenandoah,24,6,Gains In Performance
1991-02-23,17,"Two Of A Kind, Workin' On A Full House",Garth Brooks,27,3,Gains In Performance
1991-02-23,18,Forever's As Far As I'll Go,Alabama,9,15,
1991-02-23,19,Heroes And Friends,Randy Travis,23,4,Gains In Performance
1991-02-23,20,I'm That Kind Of Girl,Patty Loveless,22,7,Gains In Performance
1991-02-23,21,Love Will Bring Her Around,Rob Crosby,13,16,
1991-02-23,22,Men,The Forester Sisters,37,5,
1991-02-23,23,There For A While,Steve Wariner,17,16,
1991-02-23,24,Heart Full Of Love,Holly Dunn,29,8,Gains In Performance
1991-02-23,25,Long Lost Friend,Restless Heart,26,10,Gains In Performance
1991-02-23,26,True Love,Don Williams,35,6,Gains In Performance
1991-02-23,27,Treat Me Like A Stranger,Baillie and the Boys,34,8,Gains In Performance
1991-02-23,28,Unanswered Prayers,Garth Brooks,18,17,
1991-02-23,29,I've Come To Expect It From You,George Strait,19,17,
1991-02-23,30,The Eagle,Waylon Jennings,36,3,Gains In Performance
1991-02-23,31,Unchained Melody,Ronnie McDowell,30,12,
1991-02-23,32,Come On Back,Carlene Carter,15,18,
1991-02-23,33,Things Are Tough All Over,Shelby Lynne,25,18,
1991-02-23,34,Life's Little Ups And Downs,Ricky Van Shelton,33,19,
1991-02-23,35,There You Go,Exile,38,11,Gains In Performance
1991-02-23,36,Only Here For A Little While,Billy Dean,42,10,Gains In Performance
1991-02-23,37,A Few Good Things Remain,Kathy Mattea,32,16,
1991-02-23,38,We've Got It Made,Lee Greenwood,28,18,
1991-02-23,39,Bluebird,Anne Murray,45,12,
1991-02-23,40,I Mean I Love You,Hank Williams Jr.,47,8,Gains In Performance
1991-02-23,41,Put Yourself In My Shoes,Clint Black,44,18,
1991-02-23,42,It Won't Be Me,Tanya Tucker,41,19,
1991-02-23,43,"Turn It On, Turn It Up, Turn Me Loose",Dwight Yoakam,43,19,
1991-02-23,44,Drift Off To Dream,Travis Tritt,52,2,Gains In Performance
1991-02-23,45,If The Jukebox Took Teardrops,Billy Joe Royal,51,5,Gains In Performance
1991-02-23,46,Say It's Not True,Lionel Cartwright,39,13,
1991-02-23,47,Right Now,Mary Chapin Carpenter,60,2,Gains In Performance
1991-02-23,48,Now That We're Alone,Rodney Crowell,46,19,
1991-02-23,49,If I Built You A Fire,Neal McCoy,48,8,
1991-02-23,50,You Win Again,Mary Chapin Carpenter,49,19,
1991-02-23,51,Chasin' Something Called Love,Molly & The Heymakers,50,10,
1991-02-23,52,Let Her Go,Mark Collie,58,3,Gains In Performance
1991-02-23,53,Pocket Full Of Gold,Vince Gill,66,2,Gains In Performance
1991-02-23,54,I Got It Bad,Matraca Berg,54,7,Gains In Performance
1991-02-23,55,Will This Be The Day,Chris Hillman & The Desert Rose Band,65,3,Gains In Performance
1991-02-23,56,I'm Sending One Up For You,T. Graham Brown,53,7,
1991-02-23,57,Unconditional Love,Glen Campbell,55,5,
1991-02-23,58,What Goes With Blue,Tammy Wynette,56,4,
1991-02-23,59,Miles Across The Bedroom,Gary Morris,62,3,Gains In Performance
1991-02-23,60,Deck Of Cards,Bill Anderson,61,3,Gains In Performance
1991-03-02,1,Walk On Faith,Mike Reid,1,15,
1991-03-02,2,If You Want Me To,Joe Diffie,3,12,Gains In Performance
1991-03-02,3,Brother Jukebox,Mark Chesnutt,2,15,
1991-03-02,4,Loving Blind,Clint Black,10,5,Gains In Performance
1991-03-02,5,Don't Tell Me What To Do,Pam Tillis,13,14,Gains In Performance
1991-03-02,6,I'd Love You All Over Again,Alan Jackson,14,7,Gains In Performance
1991-03-02,7,I Couldn't See You Leavin',Conway Twitty,8,9,Gains In Performance
1991-03-02,8,Little Things,Marty Stuart,9,11,Gains In Performance
1991-03-02,9,"Two Of A Kind, Workin' On A Full House",Garth Brooks,17,4,Gains In Performance
1991-03-02,10,What A Way To Go,Ray Kennedy,11,16,Gains In Performance
1991-03-02,11,Love Can Build A Bridge,The Judds,5,13,
1991-03-02,12,You've Got To Stand For Something,Aaron Tippin,6,18,
1991-03-02,13,Daddy's Come Around,Paul Overstreet,4,15,
1991-03-02,14,I Got You,Shenandoah,16,7,Gains In Performance
1991-03-02,15,Is It Raining At Your House,Vern Gosdin,15,13,Gains In Performance
1991-03-02,16,Heroes And Friends,Randy Travis,19,5,Gains In Performance
1991-03-02,17,I'm That Kind Of Girl,Patty Loveless,20,8,Gains In Performance
1991-03-02,18,Men,The Forester Sisters,22,6,Gains In Performance
1991-03-02,19,Rumor Has It,Reba McEntire,12,14,
1991-03-02,20,True Love,Don Williams,26,7,Gains In Performance
1991-03-02,21,Long Lost Friend,Restless Heart,25,11,Gains In Performance
1991-03-02,22,These Lips Don't Know How To Say Goodbye,Doug Stone,7,17,
1991-03-02,23,Heart Full Of Love,Holly Dunn,24,9,Gains In Performance
1991-03-02,24,Treat Me Like A Stranger,Baillie and the Boys,27,9,Gains In Performance
1991-03-02,25,The Eagle,Waylon Jennings,30,4,Gains In Performance
1991-03-02,26,Forever's As Far As I'll Go,Alabama,18,16,
1991-03-02,27,Unchained Melody,Ronnie McDowell,31,13,Gains In Performance
1991-03-02,28,I've Come To Expect It From You,George Strait,29,18,
1991-03-02,29,Unanswered Prayers,Garth Brooks,28,18,
1991-03-02,30,Love Will Bring Her Around,Rob Crosby,21,17,
1991-03-02,31,Only Here For A Little While,Billy Dean,36,11,Gains In Performance
1991-03-02,32,There You Go,Exile,35,12,Gains In Performance
1991-03-02,33,There For A While,Steve Wariner,23,17,
1991-03-02,34,Life's Little Ups And Downs,Ricky Van Shelton,34,20,
1991-03-02,35,Down Home,Alabama,NEW,1,Highest ranking debut|Gains In Performance
1991-03-02,36,Drift Off To Dream,Travis Tritt,44,3,Gains In Performance
1991-03-02,37,Come On Back,Carlene Carter,32,19,
1991-03-02,38,Things Are Tough All Over,Shelby Lynne,33,19,
1991-03-02,39,I Mean I Love You,Hank Williams Jr.,40,9,Gains In Performance
1991-03-02,40,If The Jukebox Took Teardrops,Billy Joe Royal,45,6,Gains In Performance
1991-03-02,41,A Few Good Things Remain,Kathy Mattea,37,17,
1991-03-02,42,Pocket Full Of Gold,Vince Gill,53,3,
1991-03-02,43,Put Yourself In My Shoes,Clint Black,41,19,
1991-03-02,44,It Won't Be Me,Tanya Tucker,42,20,
1991-03-02,45,Right Now,Mary Chapin Carpenter,47,3,Gains In Performance
1991-03-02,46,"Turn It On, Turn It Up, Turn Me Loose",Dwight Yoakam,43,20,
1991-03-02,47,We've Got It Made,Lee Greenwood,38,19,
1991-03-02,48,Let Her Go,Mark Collie,52,4,Gains In Performance
1991-03-02,49,I Got It Bad,Matraca Berg,54,8,Gains In Performance
1991-03-02,50,Unconditional Love,Glen Campbell,57,6,Gains In Performance
1991-03-02,51,Will This Be The Day,Chris Hillman & The Desert Rose Band,55,4,Gains In Performance
1991-03-02,52,Bluebird,Anne Murray,39,13,
1991-03-02,53,Now That We're Alone,Rodney Crowell,48,20,
1991-03-02,54,Mary & Willie,K.T. Oslin,61,3,Gains In Performance
1991-03-02,55,I'm Sending One Up For You,T. Graham Brown,56,8,Gains In Performance
1991-03-02,56,You Win Again,Mary Chapin Carpenter,50,20,
1991-03-02,57,Miles Across The Bedroom,Gary Morris,59,4,Gains In Performance
1991-03-02,58,Rockin' Years,Dolly Parton With Ricky Van Shelton,NEW,1,Gains In Performance
1991-03-02,59,What Goes With Blue,Tammy Wynette,58,5,
1991-03-02,60,Chasin' Something Called Love,Molly & The Heymakers,51,11,
1991-03-09,1,I'd Love You All Over Again,Alan Jackson,6,8,Gains In Performance
1991-03-09,2,If You Want Me To,Joe Diffie,2,13,Gains In Performance
1991-03-09,3,Loving Blind,Clint Black,4,6,Gains In Performance
1991-03-09,4,I Couldn't See You Leavin',Conway Twitty,7,10,Gains In Performance
1991-03-09,5,Walk On Faith,Mike Reid,1,16,
1991-03-09,6,Don't Tell Me What To Do,Pam Tillis,5,15,
1991-03-09,7,"Two Of A Kind, Workin' On A Full House",Garth Brooks,9,5,Gains In Performance
1991-03-09,8,Little Things,Marty Stuart,8,12,Gains In Performance
1991-03-09,9,Brother Jukebox,Mark Chesnutt,3,16,
1991-03-09,10,Heroes And Friends,Randy Travis,16,6,Gains In Performance
1991-03-09,11,I'm That Kind Of Girl,Patty Loveless,17,9,Gains In Performance
1991-03-09,12,Is It Raining At Your House,Vern Gosdin,15,14,Gains In Performance
1991-03-09,13,Men,The Forester Sisters,18,7,Gains In Performance
1991-03-09,14,I Got You,Shenandoah,14,8,Gains In Performance
1991-03-09,15,You've Got To Stand For Something,Aaron Tippin,12,19,
1991-03-09,16,True Love,Don Williams,20,8,Gains In Performance
1991-03-09,17,Daddy's Come Around,Paul Overstreet,13,16,
1991-03-09,18,Long Lost Friend,Restless Heart,21,12,Gains In Performance
1991-03-09,19,Treat Me Like A Stranger,Baillie and the Boys,24,10,Gains In Performance
1991-03-09,20,What A Way To Go,Ray Kennedy,10,17,
1991-03-09,21,Love Can Build A Bridge,The Judds,11,14,
1991-03-09,22,Heart Full Of Love,Holly Dunn,23,10,Gains In Performance
1991-03-09,23,Down Home,Alabama,35,2,
1991-03-09,24,The Eagle,Waylon Jennings,25,5,Gains In Performance
1991-03-09,25,Rumor Has It,Reba McEntire,19,15,
1991-03-09,26,Only Here For A Little While,Billy Dean,31,12,Gains In Performance
1991-03-09,27,Unchained Melody,Ronnie McDowell,27,14,Gains In Performance
1991-03-09,28,These Lips Don't Know How To Say Goodbye,Doug Stone,22,18,
1991-03-09,29,Drift Off To Dream,Travis Tritt,36,4,Gains In Performance
1991-03-09,30,I've Come To Expect It From You,George Strait,28,19,
1991-03-09,31,Forever's As Far As I'll Go,Alabama,26,17,
1991-03-09,32,Unanswered Prayers,Garth Brooks,29,19,
1991-03-09,33,Pocket Full Of Gold,Vince Gill,42,4,Gains In Performance
1991-03-09,34,Right Now,Mary Chapin Carpenter,45,4,Gains In Performance
1991-03-09,35,If The Jukebox Took Teardrops,Billy Joe Royal,40,7,Gains In Performance
1991-03-09,36,There You Go,Exile,32,13,
1991-03-09,37,Life's Little Ups And Downs,Ricky Van Shelton,34,21,
1991-03-09,38,Come On Back,Carlene Carter,37,20,
1991-03-09,39,I Mean I Love You,Hank Williams Jr.,39,10,Gains In Performance
1991-03-09,40,Love Will Bring Her Around,Rob Crosby,30,18,
1991-03-09,41,There For A While,Steve Wariner,33,18,
1991-03-09,42,Rockin' Years,Dolly Parton With Ricky Van Shelton,58,2,Gains In Performance
1991-03-09,43,Fancy,Reba McEntire,61,2,Gains In Performance
1991-03-09,44,Things Are Tough All Over,Shelby Lynne,38,20,
1991-03-09,45,Unconditional Love,Glen Campbell,50,7,Gains In Performance
1991-03-09,46,Let Her Go,Mark Collie,48,5,Gains In Performance
1991-03-09,47,Put Yourself In My Shoes,Clint Black,43,20,
1991-03-09,48,A Few Good Things Remain,Kathy Mattea,41,18,
1991-03-09,49,Will This Be The Day,Chris Hillman & The Desert Rose Band,51,5,Gains In Performance
1991-03-09,50,I Got It Bad,Matraca Berg,49,9,
1991-03-09,51,We've Got It Made,Lee Greenwood,47,20,
1991-03-09,52,Mary & Willie,K.T. Oslin,54,4,Gains In Performance
1991-03-09,53,Are You Lovin' Me Like I'm Lovin' You,Ronnie Milsap,NEW,1,Highest ranking debut|Gains In Performance
1991-03-09,54,Oh What It Did To Me,Tanya Tucker,62,3,Gains In Performance
1991-03-09,55,Miles Across The Bedroom,Gary Morris,57,5,Gains In Performance
1991-03-09,56,I'm Sending One Up For You,T. Graham Brown,55,9,
1991-03-09,57,Get Rhythm,Martin Delray,63,3,Gains In Performance
1991-03-09,58,What Goes With Blue,Tammy Wynette,59,6,Gains In Performance
1991-03-09,59,You're The One,Dwight Yoakam,71,2,Gains In Performance
1991-03-09,60,Bluebird,Anne Murray,52,14,
1991-03-16,1,I'd Love You All Over Again,Alan Jackson,1,9,Gains In Performance
1991-03-16,2,Loving Blind,Clint Black,3,7,Gains In Performance
1991-03-16,3,I Couldn't See You Leavin',Conway Twitty,4,11,Gains In Performance
1991-03-16,4,"Two Of A Kind, Workin' On A Full House",Garth Brooks,7,6,Gains In Performance
1991-03-16,5,Don't Tell Me What To Do,Pam Tillis,6,16,
1991-03-16,6,Heroes And Friends,Randy Travis,10,7,Gains In Performance
1991-03-16,7,I'm That Kind Of Girl,Patty Loveless,11,10,Gains In Performance
1991-03-16,8,Walk On Faith,Mike Reid,5,17,
1991-03-16,9,Men,The Forester Sisters,13,8,Gains In Performance
1991-03-16,10,Is It Raining At Your House,Vern Gosdin,12,15,Gains In Performance
1991-03-16,11,If You Want Me To,Joe Diffie,2,14,
1991-03-16,12,Little Things,Marty Stuart,8,13,
1991-03-16,13,I Got You,Shenandoah,14,9,Gains In Performance
1991-03-16,14,Down Home,Alabama,23,3,Gains In Performance
1991-03-16,15,Brother Jukebox,Mark Chesnutt,9,17,
1991-03-16,16,True Love,Don Williams,16,9,Gains In Performance
1991-03-16,17,Long Lost Friend,Restless Heart,18,13,
1991-03-16,18,Treat Me Like A Stranger,Baillie and the Boys,19,11,Gains In Performance
1991-03-16,19,Only Here For A Little While,Billy Dean,26,13,Gains In Performance
1991-03-16,20,Heart Full Of Love,Holly Dunn,22,11,Gains In Performance
1991-03-16,21,You've Got To Stand For Something,Aaron Tippin,15,20,
1991-03-16,22,The Eagle,Waylon Jennings,24,6,
1991-03-16,23,Drift Off To Dream,Travis Tritt,29,5,Gains In Performance
1991-03-16,24,Daddy's Come Around,Paul Overstreet,17,17,
1991-03-16,25,What A Way To Go,Ray Kennedy,20,18,
1991-03-16,26,Unchained Melody,Ronnie McDowell,27,15,
1991-03-16,27,Pocket Full Of Gold,Vince Gill,33,5,Gains In Performance
1991-03-16,28,Love Can Build A Bridge,The Judds,21,15,
1991-03-16,29,I've Come To Expect It From You,George Strait,30,20,
1991-03-16,30,Rockin' Years,Dolly Parton With Ricky Van Shelton,42,3,
1991-03-16,31,Right Now,Mary Chapin Carpenter,34,5,Gains In Performance
1991-03-16,32,Fancy,Reba McEntire,43,3,Gains In Performance
1991-03-16,33,Unanswered Prayers,Garth Brooks,32,20,
1991-03-16,34,Rumor Has It,Reba McEntire,25,16,
1991-03-16,35,If The Jukebox Took Teardrops,Billy Joe Royal,35,8,Gains In Performance
1991-03-16,36,These Lips Don't Know How To Say Goodbye,Doug Stone,28,19,
1991-03-16,37,Forever's As Far As I'll Go,Alabama,31,18,
1991-03-16,38,Unconditional Love,Glen Campbell,45,8,Gains In Performance
1991-03-16,39,Let Her Go,Mark Collie,46,6,Gains In Performance
1991-03-16,40,Are You Lovin' Me Like I'm Lovin' You,Ronnie Milsap,53,2,Gains In Performance
1991-03-16,41,I Mean I Love You,Hank Williams Jr.,39,11,
1991-03-16,42,Will This Be The Day,Chris Hillman & The Desert Rose Band,49,6,Gains In Performance
1991-03-16,43,Mary & Willie,K.T. Oslin,52,5,Gains In Performance
1991-03-16,44,I Got It Bad,Matraca Berg,50,10,Gains In Performance
1991-03-16,45,There For A While,Steve Wariner,41,19,
1991-03-16,46,Love Will Bring Her Around,Rob Crosby,40,19,
1991-03-16,47,A Few Good Things Remain,Kathy Mattea,48,19,
1991-03-16,48,Oh What It Did To Me,Tanya Tucker,54,4,Gains In Performance
1991-03-16,49,You're The One,Dwight Yoakam,59,3,Gains In Performance
1991-03-16,50,There You Go,Exile,36,14,
1991-03-16,51,Miles Across The Bedroom,Gary Morris,55,6,Gains In Performance
1991-03-16,52,Get Rhythm,Martin Delray,57,4,Gains In Performance
1991-03-16,53,Time Passes By,Kathy Mattea,66,2,Gains In Performance
1991-03-16,54,Heroes,Paul Overstreet,NEW,1,Highest ranking debut|Gains In Performance
1991-03-16,55,Just Like Me,Lee Greenwood,64,3,Gains In Performance
1991-03-16,56,I'm Sending One Up For You,T. Graham Brown,56,10,
1991-03-16,57,Ten With A Two,Willie Nelson,NEW,1,Gains In Performance
1991-03-16,58,I Gotta Mind To Go Crazy,Les Taylor,63,2,Gains In Performance
1991-03-16,59,What Goes With Blue,Tammy Wynette,58,7,
1991-03-16,60,I Need A Miracle,Larry Boone,71,2,Gains In Performance
1991-03-23,1,Loving Blind,Clint Black,2,8,Gains In Performance
1991-03-23,2,I'd Love You All Over Again,Alan Jackson,1,10,
1991-03-23,3,I Couldn't See You Leavin',Conway Twitty,3,12,Gains In Performance
1991-03-23,4,"Two Of A Kind, Workin' On A Full House",Garth Brooks,4,7,Gains In Performance
1991-03-23,5,Heroes And Friends,Randy Travis,6,8,Gains In Performance
1991-03-23,6,I'm That Kind Of Girl,Patty Loveless,7,11,Gains In Performance
1991-03-23,7,I Got You,Shenandoah,13,10,Gains In Performance
1991-03-23,8,Men,The Forester Sisters,9,9,Gains In Performance
1991-03-23,9,Don't Tell Me What To Do,Pam Tillis,5,17,
1991-03-23,10,Down Home,Alabama,14,4,Gains In Performance
1991-03-23,11,Walk On Faith,Mike Reid,8,18,
1991-03-23,12,True Love,Don Williams,16,10,Gains In Performance
1991-03-23,13,Is It Raining At Your House,Vern Gosdin,10,16,
1991-03-23,14,Only Here For A Little While,Billy Dean,19,14,Gains In Performance
1991-03-23,15,If You Want Me To,Joe Diffie,11,15,
1991-03-23,16,Long Lost Friend,Restless Heart,17,14,Gains In Performance
1991-03-23,17,Drift Off To Dream,Travis Tritt,23,6,Gains In Performance
1991-03-23,18,Treat Me Like A Stranger,Baillie and the Boys,18,12,Gains In Performance
1991-03-23,19,Heart Full Of Love,Holly Dunn,20,12,Gains In Performance
1991-03-23,20,Brother Jukebox,Mark Chesnutt,15,18,
1991-03-23,21,Pocket Full Of Gold,Vince Gill,27,6,
1991-03-23,22,Little Things,Marty Stuart,12,14,
1991-03-23,23,Rockin' Years,Dolly Parton With Ricky Van Shelton,30,4,Gains In Performance
1991-03-23,24,The Eagle,Waylon Jennings,22,7,
1991-03-23,25,Fancy,Reba McEntire,32,4,Gains In Performance
1991-03-23,26,Daddy's Come Around,Paul Overstreet,24,18,
1991-03-23,27,Right Now,Mary Chapin Carpenter,31,6,Gains In Performance
1991-03-23,28,Are You Lovin' Me Like I'm Lovin' You,Ronnie Milsap,40,3,Gains In Performance
1991-03-23,29,If The Jukebox Took Teardrops,Billy Joe Royal,35,9,Gains In Performance
1991-03-23,30,Unconditional Love,Glen Campbell,38,9,Gains In Performance
1991-03-23,31,Rumor Has It,Reba McEntire,34,17,
1991-03-23,32,What A Way To Go,Ray Kennedy,25,19,
1991-03-23,33,Love Can Build A Bridge,The Judds,28,16,
1991-03-23,34,Let Her Go,Mark Collie,39,7,Gains In Performance
1991-03-23,35,Forever's As Far As I'll Go,Alabama,37,19,
1991-03-23,36,Unchained Melody,Ronnie McDowell,26,16,
1991-03-23,37,These Lips Don't Know How To Say Goodbye,Doug Stone,36,20,
1991-03-23,38,Mary & Willie,K.T. Oslin,43,6,Gains In Performance
1991-03-23,39,Time Passes By,Kathy Mattea,53,3,Gains In Performance
1991-03-23,40,Will This Be The Day,Chris Hillman & The Desert Rose Band,42,7,Gains In Performance
1991-03-23,41,You're The One,Dwight Yoakam,49,4,Gains In Performance
1991-03-23,42,Oh What It Did To Me,Tanya Tucker,48,5,Gains In Performance
1991-03-23,43,I Got It Bad,Matraca Berg,44,11,Gains In Performance
1991-03-23,44,Get Rhythm,Martin Delray,52,5,Gains In Performance
1991-03-23,45,Heroes,Paul Overstreet,54,2,Gains In Performance
1991-03-23,46,A Few Good Things Remain,Kathy Mattea,47,20,
1991-03-23,47,In A Different Light,Doug Stone,68,2,Gains In Performance
1991-03-23,48,I Mean I Love You,Hank Williams Jr.,41,12,
1991-03-23,49,Miles Across The Bedroom,Gary Morris,51,7,Gains In Performance
1991-03-23,50,Love Will Bring Her Around,Rob Crosby,46,20,
1991-03-23,51,There For A While,Steve Wariner,45,20,
1991-03-23,52,Just Like Me,Lee Greenwood,55,4,Gains In Performance
1991-03-23,53,Ten With A Two,Willie Nelson,57,2,Gains In Performance
1991-03-23,54,I Gotta Mind To Go Crazy,Les Taylor,58,3,Gains In Performance
1991-03-23,55,The Sweetest Thing,Carlene Carter,67,2,Gains In Performance
1991-03-23,56,There You Go,Exile,50,15,
1991-03-23,57,True Love Never Dies,Kevin Welch,62,4,Gains In Performance
1991-03-23,58,I Need A Miracle,Larry Boone,60,3,Gains In Performance
1991-03-23,59,Lucky Moon,The Oak Ridge Boys,NEW,1,Highest ranking debut|Gains In Performance
1991-03-23,60,Meet In The Middle,Diamond Rio,NEW,1,Gains In Performance
1991-03-30,1,Loving Blind,Clint Black,1,9,
1991-03-30,2,"Two Of A Kind, Workin' On A Full House",Garth Brooks,4,8,Gains In Performance
1991-03-30,3,I'd Love You All Over Again,Alan Jackson,2,11,
1991-03-30,4,I Couldn't See You Leavin',Conway Twitty,3,13,
1991-03-30,5,I'm That Kind Of Girl,Patty Loveless,6,12,Gains In Performance
1991-03-30,6,Heroes And Friends,Randy Travis,5,9,
1991-03-30,7,I Got You,Shenandoah,7,11,Gains In Performance
1991-03-30,8,True Love,Don Williams,12,11,Gains In Performance
1991-03-30,9,Down Home,Alabama,10,5,Gains In Performance
1991-03-30,10,Men,The Forester Sisters,8,10,
1991-03-30,11,Only Here For A Little While,Billy Dean,14,15,Gains In Performance
1991-03-30,12,Walk On Faith,Mike Reid,11,19,
1991-03-30,13,Drift Off To Dream,Travis Tritt,17,7,Gains In Performance
1991-03-30,14,Don't Tell Me What To Do,Pam Tillis,9,18,
1991-03-30,15,Fancy,Reba McEntire,25,5,Gains In Performance
1991-03-30,16,Pocket Full Of Gold,Vince Gill,21,7,Gains In Performance
1991-03-30,17,Rockin' Years,Dolly Parton With Ricky Van Shelton,23,5,Gains In Performance
1991-03-30,18,If You Want Me To,Joe Diffie,15,16,
1991-03-30,19,Long Lost Friend,Restless Heart,16,15,
1991-03-30,20,Treat Me Like A Stranger,Baillie and the Boys,18,13,
1991-03-30,21,Heart Full Of Love,Holly Dunn,19,13,
1991-03-30,22,Are You Lovin' Me Like I'm Lovin' You,Ronnie Milsap,28,4,Gains In Performance
1991-03-30,23,Right Now,Mary Chapin Carpenter,27,7,Gains In Performance
1991-03-30,24,Is It Raining At Your House,Vern Gosdin,13,17,
1991-03-30,25,Brother Jukebox,Mark Chesnutt,20,19,
1991-03-30,26,Daddy's Come Around,Paul Overstreet,26,19,
1991-03-30,27,Let Her Go,Mark Collie,34,8,Gains In Performance
1991-03-30,28,Unconditional Love,Glen Campbell,30,10,Gains In Performance
1991-03-30,29,The Eagle,Waylon Jennings,24,8,
1991-03-30,30,Time Passes By,Kathy Mattea,39,4,Gains In Performance
1991-03-30,31,Little Things,Marty Stuart,22,15,
1991-03-30,32,If The Jukebox Took Teardrops,Billy Joe Royal,29,10,
1991-03-30,33,If I Know Me,George Strait,68,2,
1991-03-30,34,You're The One,Dwight Yoakam,41,5,Gains In Performance
1991-03-30,35,Rumor Has It,Reba McEntire,31,18,
1991-03-30,36,Forever's As Far As I'll Go,Alabama,35,20,
1991-03-30,37,Mary & Willie,K.T. Oslin,38,7,Gains In Performance
1991-03-30,38,Heroes,Paul Overstreet,45,3,Gains In Performance
1991-03-30,39,Oh What It Did To Me,Tanya Tucker,42,6,Gains In Performance
1991-03-30,40,Will This Be The Day,Chris Hillman & The Desert Rose Band,40,8,Gains In Performance
1991-03-30,41,Love Can Build A Bridge,The Judds,33,17,
1991-03-30,42,What A Way To Go,Ray Kennedy,32,20,
1991-03-30,43,In A Different Light,Doug Stone,47,3,Gains In Performance
1991-03-30,44,Get Rhythm,Martin Delray,44,6,Gains In Performance
1991-03-30,45,Unchained Melody,Ronnie McDowell,36,17,
1991-03-30,46,I Got It Bad,Matraca Berg,43,12,
1991-03-30,47,Miles Across The Bedroom,Gary Morris,49,8,Gains In Performance
1991-03-30,48,Meet In The Middle,Diamond Rio,60,2,Gains In Performance
1991-03-30,49,Lucky Moon,The Oak Ridge Boys,59,2,Gains In Performance
1991-03-30,50,The Sweetest Thing,Carlene Carter,55,3,Gains In Performance
1991-03-30,51,Ten With A Two,Willie Nelson,53,3,Gains In Performance
1991-03-30,52,I Gotta Mind To Go Crazy,Les Taylor,54,4,Gains In Performance
1991-03-30,53,Just Like Me,Lee Greenwood,52,5,
1991-03-30,54,True Love Never Dies,Kevin Welch,57,5,Gains In Performance
1991-03-30,55,Feed Jake,Pirates Of The Mississippi,63,3,Gains In Performance
1991-03-30,56,We Both Walk,Lorrie Morgan,NEW,1,Highest ranking debut|Gains In Performance
1991-03-30,57,I Need A Miracle,Larry Boone,58,4,
1991-03-30,58,Tennessee Born And Bred,Eddie Rabbitt,62,5,Gains In Performance
1991-03-30,59,Concrete Cowboy,Corbin/Hanner,61,4,
1991-03-30,60,I Mean I Love You,Hank Williams Jr.,48,13,
1991-04-06,1,"Two Of A Kind, Workin' On A Full House",Garth Brooks,2,9,Gains In Performance
1991-04-06,2,I'd Love You All Over Again,Alan Jackson,3,12,
1991-04-06,3,Heroes And Friends,Randy Travis,6,10,Gains In Performance
1991-04-06,4,Down Home,Alabama,9,6,Gains In Performance
1991-04-06,5,Loving Blind,Clint Black,1,10,
1991-04-06,6,True Love,Don Williams,8,12,Gains In Performance
1991-04-06,7,I Got You,Shenandoah,7,12,Gains In Performance
1991-04-06,8,I'm That Kind Of Girl,Patty Loveless,5,13,
1991-04-06,9,I Couldn't See You Leavin',Conway Twitty,4,14,
1991-04-06,10,Only Here For A Little While,Billy Dean,11,16,Gains In Performance
1991-04-06,11,Men,The Forester Sisters,10,11,
1991-04-06,12,Rockin' Years,Dolly Parton With Ricky Van Shelton,17,6,Gains In Performance
1991-04-06,13,Drift Off To Dream,Travis Tritt,13,8,Gains In Performance
1991-04-06,14,Fancy,Reba McEntire,15,6,Gains In Performance
1991-04-06,15,Pocket Full Of Gold,Vince Gill,16,8,Gains In Performance
1991-04-06,16,Walk On Faith,Mike Reid,12,20,
1991-04-06,17,Are You Lovin' Me Like I'm Lovin' You,Ronnie Milsap,22,5,Gains In Performance
1991-04-06,18,Don't Tell Me What To Do,Pam Tillis,14,19,
1991-04-06,19,If I Know Me,George Strait,33,3,Gains In Performance
1991-04-06,20,Right Now,Mary Chapin Carpenter,23,8,Gains In Performance
1991-04-06,21,If You Want Me To,Joe Diffie,18,17,
1991-04-06,22,Time Passes By,Kathy Mattea,30,5,Gains In Performance
1991-04-06,23,Let Her Go,Mark Collie,27,9,Gains In Performance
1991-04-06,24,Brother Jukebox,Mark Chesnutt,25,20,
1991-04-06,25,Heroes,Paul Overstreet,38,4,Gains In Performance
1991-04-06,26,You're The One,Dwight Yoakam,34,6,Gains In Performance
1991-04-06,27,Unconditional Love,Glen Campbell,28,11,Gains In Performance
1991-04-06,28,Treat Me Like A Stranger,Baillie and the Boys,20,14,
1991-04-06,29,Oh What It Did To Me,Tanya Tucker,39,7,Gains In Performance
1991-04-06,30,Long Lost Friend,Restless Heart,19,16,
1991-04-06,31,Mary & Willie,K.T. Oslin,37,8,Gains In Performance
1991-04-06,32,Heart Full Of Love,Holly Dunn,21,14,
1991-04-06,33,In A Different Light,Doug Stone,43,4,Gains In Performance
1991-04-06,34,Daddy's Come Around,Paul Overstreet,26,20,
1991-04-06,35,Is It Raining At Your House,Vern Gosdin,24,18,
1991-04-06,36,Rumor Has It,Reba McEntire,35,19,
1991-04-06,37,Will This Be The Day,Chris Hillman & The Desert Rose Band,40,9,Gains In Performance
1991-04-06,38,Little Things,Marty Stuart,31,16,
1991-04-06,39,Meet In The Middle,Diamond Rio,48,3,Gains In Performance
1991-04-06,40,Get Rhythm,Martin Delray,44,7,Gains In Performance
1991-04-06,41,Love Can Build A Bridge,The Judds,41,18,
1991-04-06,42,Lucky Moon,The Oak Ridge Boys,49,3,Gains In Performance
1991-04-06,43,If The Jukebox Took Teardrops,Billy Joe Royal,32,11,
1991-04-06,44,Blame It On Texas,Mark Chesnutt,70,2,
1991-04-06,45,Unchained Melody,Ronnie McDowell,45,18,
1991-04-06,46,The Eagle,Waylon Jennings,29,9,
1991-04-06,47,If The Devil Danced (In Empty Pockets),Joe Diffie,NEW,1,Highest ranking debut|Gains In Performance
1991-04-06,48,Miles Across The Bedroom,Gary Morris,47,9,
1991-04-06,49,We Both Walk,Lorrie Morgan,56,2,Gains In Performance
1991-04-06,50,The Sweetest Thing,Carlene Carter,50,4,Gains In Performance
1991-04-06,51,Ten With A Two,Willie Nelson,51,4,Gains In Performance
1991-04-06,52,I Gotta Mind To Go Crazy,Les Taylor,52,5,Gains In Performance
1991-04-06,53,Feed Jake,Pirates Of The Mississippi,55,4,Gains In Performance
1991-04-06,54,(If It Weren't For Country Music) I'd Go Crazy,Clinton Gregory,NEW,1,Gains In Performance
1991-04-06,55,True Love Never Dies,Kevin Welch,54,6,Gains In Performance
1991-04-06,56,Whatever It Takes,J.P. Pennington,62,3,Gains In Performance
1991-04-06,57,Restless,Mark O'Connor & The New Nashville Cats,63,2,Gains In Performance
1991-04-06,58,I Got It Bad,Matraca Berg,46,13,
1991-04-06,59,Just Like Me,Lee Greenwood,53,6,
1991-04-06,60,The Ballad Of Davy Crockett,The Kentucky Headhunters,69,2,Gains In Performance
1991-04-13,1,Down Home,Alabama,4,7,Gains In Performance
1991-04-13,2,"Two Of A Kind, Workin' On A Full House",Garth Brooks,1,10,
1991-04-13,3,Heroes And Friends,Randy Travis,3,11,Gains In Performance
1991-04-13,4,True Love,Don Williams,6,13,Gains In Performance
1991-04-13,5,Only Here For A Little While,Billy Dean,10,17,Gains In Performance
1991-04-13,6,I'd Love You All Over Again,Alan Jackson,2,13,
1991-04-13,7,I Got You,Shenandoah,7,13,
1991-04-13,8,Loving Blind,Clint Black,5,11,
1991-04-13,9,Rockin' Years,Dolly Parton With Ricky Van Shelton,12,7,Gains In Performance
1991-04-13,10,Drift Off To Dream,Travis Tritt,13,9,Gains In Performance
1991-04-13,11,Pocket Full Of Gold,Vince Gill,15,9,Gains In Performance
1991-04-13,12,Fancy,Reba McEntire,14,7,Gains In Performance
1991-04-13,13,If I Know Me,George Strait,19,4,Gains In Performance
1991-04-13,14,I Couldn't See You Leavin',Conway Twitty,9,15,
1991-04-13,15,Are You Lovin' Me Like I'm Lovin' You,Ronnie Milsap,17,6,Gains In Performance
1991-04-13,16,Men,The Forester Sisters,11,12,
1991-04-13,17,I'm That Kind Of Girl,Patty Loveless,8,14,
1991-04-13,18,Right Now,Mary Chapin Carpenter,20,9,Gains In Performance
1991-04-13,19,Heroes,Paul Overstreet,25,5,Gains In Performance
1991-04-13,20,Time Passes By,Kathy Mattea,22,6,Gains In Performance
1991-04-13,21,Let Her Go,Mark Collie,23,10,Gains In Performance
1991-04-13,22,In A Different Light,Doug Stone,33,5,Gains In Performance
1991-04-13,23,Don't Tell Me What To Do,Pam Tillis,18,20,
1991-04-13,24,If You Want Me To,Joe Diffie,21,18,
1991-04-13,25,You're The One,Dwight Yoakam,26,7,Gains In Performance
1991-04-13,26,Oh What It Did To Me,Tanya Tucker,29,8,Gains In Performance
1991-04-13,27,Unconditional Love,Glen Campbell,27,12,Gains In Performance
1991-04-13,28,Mary & Willie,K.T. Oslin,31,9,Gains In Performance
1991-04-13,29,Treat Me Like A Stranger,Baillie and the Boys,28,15,
1991-04-13,30,Meet In The Middle,Diamond Rio,39,4,Gains In Performance
1991-04-13,31,Blame It On Texas,Mark Chesnutt,44,3,
1991-04-13,32,Get Rhythm,Martin Delray,40,8,Gains In Performance
1991-04-13,33,Lucky Moon,The Oak Ridge Boys,42,4,Gains In Performance
1991-04-13,34,Is It Raining At Your House,Vern Gosdin,35,19,
1991-04-13,35,Rumor Has It,Reba McEntire,36,20,
1991-04-13,36,Long Lost Friend,Restless Heart,30,17,
1991-04-13,37,We Both Walk,Lorrie Morgan,49,3,Gains In Performance
1991-04-13,38,Heart Full Of Love,Holly Dunn,32,15,
1991-04-13,39,If The Devil Danced (In Empty Pockets),Joe Diffie,47,2,Gains In Performance
1991-04-13,40,Little Things,Marty Stuart,38,17,
1991-04-13,41,Love Can Build A Bridge,The Judds,41,19,
1991-04-13,42,Will This Be The Day,Chris Hillman & The Desert Rose Band,37,10,
1991-04-13,43,Feed Jake,Pirates Of The Mississippi,53,5,Gains In Performance
1991-04-13,44,The Sweetest Thing,Carlene Carter,50,5,Gains In Performance
1991-04-13,45,Till You Were Gone,Mike Reid,61,3,Gains In Performance
1991-04-13,46,Unchained Melody,Ronnie McDowell,45,19,
1991-04-13,47,Restless,Mark O'Connor & The New Nashville Cats,57,3,Gains In Performance
1991-04-13,48,I Gotta Mind To Go Crazy,Les Taylor,52,6,Gains In Performance
1991-04-13,49,Ten With A Two,Willie Nelson,51,5,Gains In Performance
1991-04-13,50,(If It Weren't For Country Music) I'd Go Crazy,Clinton Gregory,54,2,Gains In Performance
1991-04-13,51,If The Jukebox Took Teardrops,Billy Joe Royal,43,12,
1991-04-13,52,Miles Across The Bedroom,Gary Morris,48,10,
1991-04-13,53,One Hundred And Two,The Judds,NEW,1,Highest ranking debut|Gains In Performance
1991-04-13,54,True Love Never Dies,Kevin Welch,55,7,Gains In Performance
1991-04-13,55,The Ballad Of Davy Crockett,The Kentucky Headhunters,60,3,Gains In Performance
1991-04-13,56,The Eagle,Waylon Jennings,46,10,
1991-04-13,57,Whatever It Takes,J.P. Pennington,56,4,
1991-04-13,58,Women,Bandit Brothers,64,2,Gains In Performance
1991-04-13,59,I Need A Miracle,Larry Boone,67,6,Gains In Performance
1991-04-13,60,Just Like Me,Lee Greenwood,59,7,
1991-04-20,1,Down Home,Alabama,1,8,Gains In Performance
1991-04-20,2,Rockin' Years,Dolly Parton With Ricky Van Shelton,9,8,Gains In Performance
1991-04-20,3,Only Here For A Little While,Billy Dean,5,18,Gains In Performance
1991-04-20,4,True Love,Don Williams,4,14,
1991-04-20,5,Heroes And Friends,Randy Travis,3,12,
1991-04-20,6,Drift Off To Dream,Travis Tritt,10,10,Gains In Performance
1991-04-20,7,"Two Of A Kind, Workin' On A Full House",Garth Brooks,2,11,
1991-04-20,8,Pocket Full Of Gold,Vince Gill,11,10,Gains In Performance
1991-04-20,9,If I Know Me,George Strait,13,5,Gains In Performance
1991-04-20,10,I'd Love You All Over Again,Alan Jackson,6,14,
1991-04-20,11,Are You Lovin' Me Like I'm Lovin' You,Ronnie Milsap,15,7,Gains In Performance
1991-04-20,12,Fancy,Reba McEntire,12,8,
1991-04-20,13,Loving Blind,Clint Black,8,12,
1991-04-20,14,I Got You,Shenandoah,7,14,
1991-04-20,15,Heroes,Paul Overstreet,19,6,Gains In Performance
1991-04-20,16,In A Different Light,Doug Stone,22,6,Gains In Performance
1991-04-20,17,Right Now,Mary Chapin Carpenter,18,10,
1991-04-20,18,I Couldn't See You Leavin',Conway Twitty,14,16,
1991-04-20,19,Let Her Go,Mark Collie,21,11,Gains In Performance
1991-04-20,20,Time Passes By,Kathy Mattea,20,7,Gains In Performance
1991-04-20,21,You're The One,Dwight Yoakam,25,8,Gains In Performance
1991-04-20,22,Meet In The Middle,Diamond Rio,30,5,
1991-04-20,23,Men,The Forester Sisters,16,13,
1991-04-20,24,Oh What It Did To Me,Tanya Tucker,26,9,Gains In Performance
1991-04-20,25,Blame It On Texas,Mark Chesnutt,31,4,Gains In Performance
1991-04-20,26,I'm That Kind Of Girl,Patty Loveless,17,15,
1991-04-20,27,Lucky Moon,The Oak Ridge Boys,33,5,Gains In Performance
1991-04-20,28,If The Devil Danced (In Empty Pockets),Joe Diffie,39,3,Gains In Performance
1991-04-20,29,If You Want Me To,Joe Diffie,24,19,
1991-04-20,30,Unconditional Love,Glen Campbell,27,13,
1991-04-20,31,Get Rhythm,Martin Delray,32,9,Gains In Performance
1991-04-20,32,We Both Walk,Lorrie Morgan,37,4,Gains In Performance
1991-04-20,33,Mary & Willie,K.T. Oslin,28,10,
1991-04-20,34,Treat Me Like A Stranger,Baillie and the Boys,29,16,
1991-04-20,35,One Hundred And Two,The Judds,53,2,Gains In Performance
1991-04-20,36,Feed Jake,Pirates Of The Mississippi,43,6,Gains In Performance
1991-04-20,37,The Sweetest Thing,Carlene Carter,44,6,Gains In Performance
1991-04-20,38,Till You Were Gone,Mike Reid,45,4,Gains In Performance
1991-04-20,39,Little Things,Marty Stuart,40,18,
1991-04-20,40,Long Lost Friend,Restless Heart,36,18,
1991-04-20,41,Love Can Build A Bridge,The Judds,41,20,
1991-04-20,42,Is It Raining At Your House,Vern Gosdin,34,20,
1991-04-20,43,Restless,Mark O'Connor & The New Nashville Cats,47,4,Gains In Performance
1991-04-20,44,(If It Weren't For Country Music) I'd Go Crazy,Clinton Gregory,50,3,Gains In Performance
1991-04-20,45,Heart Full Of Love,Holly Dunn,38,16,
1991-04-20,46,Ten With A Two,Willie Nelson,49,6,Gains In Performance
1991-04-20,47,I Gotta Mind To Go Crazy,Les Taylor,48,7,Gains In Performance
1991-04-20,48,Bing Bang Boom,Highway 101,71,2,Gains In Performance
1991-04-20,49,One Of Those Things,Pam Tillis,64,3,Gains In Performance
1991-04-20,50,Unchained Melody,Ronnie McDowell,46,20,
1991-04-20,51,The Ballad Of Davy Crockett,The Kentucky Headhunters,55,4,Gains In Performance
1991-04-20,52,She Don't Know She's Perfect,The Bellamy Brothers,61,5,Gains In Performance
1991-04-20,53,Whatever It Takes,J.P. Pennington,57,5,Gains In Performance
1991-04-20,54,True Love Never Dies,Kevin Welch,54,8,Gains In Performance
1991-04-20,55,Will This Be The Day,Chris Hillman & The Desert Rose Band,42,11,
1991-04-20,56,Can I Count On You,McBride & The Ride,62,6,Gains In Performance
1991-04-20,57,Women,Bandit Brothers,58,3,
1991-04-20,58,What About The Love We Made,Shelby Lynne,63,5,Gains In Performance
1991-04-20,59,Miles Across The Bedroom,Gary Morris,52,11,
1991-04-20,60,I Wonder How Far It Is Over You,Aaron Tippin,68,3,Gains In Performance
1991-04-27,1,Down Home,Alabama,1,9,Gains In Performance
1991-04-27,2,Rockin' Years,Dolly Parton With Ricky Van Shelton,2,9,Gains In Performance
1991-04-27,3,Drift Off To Dream,Travis Tritt,6,11,Gains In Performance
1991-04-27,4,Only Here For A Little While,Billy Dean,3,19,
1991-04-27,5,If I Know Me,George Strait,9,6,Gains In Performance
1991-04-27,6,Are You Lovin' Me Like I'm Lovin' You,Ronnie Milsap,11,8,Gains In Performance
1991-04-27,7,Pocket Full Of Gold,Vince Gill,8,11,
1991-04-27,8,Fancy,Reba McEntire,12,9,Gains In Performance
1991-04-27,9,"Two Of A Kind, Workin' On A Full House",Garth Brooks,7,12,
1991-04-27,10,Heroes And Friends,Randy Travis,5,13,
1991-04-27,11,True Love,Don Williams,4,15,
1991-04-27,12,Heroes,Paul Overstreet,15,7,Gains In Performance
1991-04-27,13,I'd Love You All Over Again,Alan Jackson,10,15,
1991-04-27,14,In A Different Light,Doug Stone,16,7,Gains In Performance
1991-04-27,15,Right Now,Mary Chapin Carpenter,17,11,Gains In Performance
1991-04-27,16,Time Passes By,Kathy Mattea,20,8,Gains In Performance
1991-04-27,17,Loving Blind,Clint Black,13,13,
1991-04-27,18,Let Her Go,Mark Collie,19,12,Gains In Performance
1991-04-27,19,You're The One,Dwight Yoakam,21,9,Gains In Performance
1991-04-27,20,Meet In The Middle,Diamond Rio,22,6,Gains In Performance
1991-04-27,21,Oh What It Did To Me,Tanya Tucker,24,10,Gains In Performance
1991-04-27,22,Blame It On Texas,Mark Chesnutt,25,5,Gains In Performance
1991-04-27,23,I Got You,Shenandoah,14,15,
1991-04-27,24,If The Devil Danced (In Empty Pockets),Joe Diffie,28,4,Gains In Performance
1991-04-27,25,Lucky Moon,The Oak Ridge Boys,27,6,Gains In Performance
1991-04-27,26,I Couldn't See You Leavin',Conway Twitty,18,17,
1991-04-27,27,We Both Walk,Lorrie Morgan,32,5,
1991-04-27,28,Get Rhythm,Martin Delray,31,10,Gains In Performance
1991-04-27,29,One Hundred And Two,The Judds,35,3,Gains In Performance
1991-04-27,30,Men,The Forester Sisters,23,14,
1991-04-27,31,I'm That Kind Of Girl,Patty Loveless,26,16,
1991-04-27,32,Feed Jake,Pirates Of The Mississippi,36,7,Gains In Performance
1991-04-27,33,If You Want Me To,Joe Diffie,29,20,
1991-04-27,34,The Sweetest Thing,Carlene Carter,37,7,Gains In Performance
1991-04-27,35,One More Payment,Clint Black,NEW,1,Highest ranking debut|Gains In Performance
1991-04-27,36,Till You Were Gone,Mike Reid,38,5,Gains In Performance
1991-04-27,37,Treat Me Like A Stranger,Baillie and the Boys,34,17,
1991-04-27,38,Bing Bang Boom,Highway 101,48,3,Gains In Performance
1991-04-27,39,Restless,Mark O'Connor & The New Nashville Cats,43,5,Gains In Performance
1991-04-27,40,Little Things,Marty Stuart,39,19,
1991-04-27,41,(If It Weren't For Country Music) I'd Go Crazy,Clinton Gregory,44,4,Gains In Performance
1991-04-27,42,Unconditional Love,Glen Campbell,30,14,
1991-04-27,43,One Of Those Things,Pam Tillis,49,4,Gains In Performance
1991-04-27,44,Mary & Willie,K.T. Oslin,33,11,
1991-04-27,45,Ten With A Two,Willie Nelson,46,7,Gains In Performance
1991-04-27,46,Long Lost Friend,Restless Heart,40,19,
1991-04-27,47,I Gotta Mind To Go Crazy,Les Taylor,47,8,Gains In Performance
1991-04-27,48,Can I Count On You,McBride & The Ride,56,7,Gains In Performance
1991-04-27,49,Heart Full Of Love,Holly Dunn,45,17,
1991-04-27,50,Whatever It Takes,J.P. Pennington,53,6,Gains In Performance
1991-04-27,51,The Ballad Of Davy Crockett,The Kentucky Headhunters,51,5,Gains In Performance
1991-04-27,52,Till I Found You,Marty Stuart,69,2,Gains In Performance
1991-04-27,53,I Wonder How Far It Is Over You,Aaron Tippin,60,4,Gains In Performance
1991-04-27,54,She Don't Know She's Perfect,The Bellamy Brothers,52,6,
1991-04-27,55,What About The Love We Made,Shelby Lynne,58,6,Gains In Performance
1991-04-27,56,True Love Never Dies,Kevin Welch,54,9,
1991-04-27,57,She's A Natural,Rob Crosby,66,2,Gains In Performance
1991-04-27,58,With This Ring,T. Graham Brown,62,2,Gains In Performance
1991-04-27,59,Women,Bandit Brothers,57,4,
1991-04-27,60,Rock Me In The Rhythm Of Your Love,Eddy Raven,61,5,
1991-05-04,1,Rockin' Years,Dolly Parton With Ricky Van Shelton,2,10,Gains In Performance
1991-05-04,2,Down Home,Alabama,1,10,
1991-05-04,3,If I Know Me,George Strait,5,7,Gains In Performance
1991-05-04,4,Drift Off To Dream,Travis Tritt,3,12,Gains In Performance
1991-05-04,5,Are You Lovin' Me Like I'm Lovin' You,Ronnie Milsap,6,9,Gains In Performance
1991-05-04,6,In A Different Light,Doug Stone,14,8,Gains In Performance
1991-05-04,7,Pocket Full Of Gold,Vince Gill,7,12,
1991-05-04,8,Only Here For A Little While,Billy Dean,4,20,
1991-05-04,9,Heroes,Paul Overstreet,12,8,Gains In Performance
1991-05-04,10,Time Passes By,Kathy Mattea,16,9,Gains In Performance
1991-05-04,11,Fancy,Reba McEntire,8,10,
1991-05-04,12,Meet In The Middle,Diamond Rio,20,7,Gains In Performance
1991-05-04,13,You're The One,Dwight Yoakam,19,10,Gains In Performance
1991-05-04,14,"Two Of A Kind, Workin' On A Full House",Garth Brooks,9,13,
1991-05-04,15,Oh What It Did To Me,Tanya Tucker,21,11,Gains In Performance
1991-05-04,16,Blame It On Texas,Mark Chesnutt,22,6,Gains In Performance
1991-05-04,17,Heroes And Friends,Randy Travis,10,14,
1991-05-04,18,Lucky Moon,The Oak Ridge Boys,25,7,Gains In Performance
1991-05-04,19,If The Devil Danced (In Empty Pockets),Joe Diffie,24,5,Gains In Performance
1991-05-04,20,I'd Love You All Over Again,Alan Jackson,13,16,
1991-05-04,21,Let Her Go,Mark Collie,18,13,
1991-05-04,22,We Both Walk,Lorrie Morgan,27,6,Gains In Performance
1991-05-04,23,Right Now,Mary Chapin Carpenter,15,12,
1991-05-04,24,True Love,Don Williams,11,16,
1991-05-04,25,Loving Blind,Clint Black,17,14,
1991-05-04,26,One More Payment,Clint Black,35,2,
1991-05-04,27,Get Rhythm,Martin Delray,28,11,Gains In Performance
1991-05-04,28,One Hundred And Two,The Judds,29,4,Gains In Performance
1991-05-04,29,I Couldn't See You Leavin',Conway Twitty,26,18,
1991-05-04,30,Feed Jake,Pirates Of The Mississippi,32,8,Gains In Performance
1991-05-04,31,The Sweetest Thing,Carlene Carter,34,8,Gains In Performance
1991-05-04,32,I Got You,Shenandoah,23,16,
1991-05-04,33,Till You Were Gone,Mike Reid,36,6,Gains In Performance
1991-05-04,34,Bing Bang Boom,Highway 101,38,4,Gains In Performance
1991-05-04,35,Restless,Mark O'Connor & The New Nashville Cats,39,6,Gains In Performance
1991-05-04,36,I'm That Kind Of Girl,Patty Loveless,31,17,
1991-05-04,37,Men,The Forester Sisters,30,15,
1991-05-04,38,One Of Those Things,Pam Tillis,43,5,Gains In Performance
1991-05-04,39,(If It Weren't For Country Music) I'd Go Crazy,Clinton Gregory,41,5,Gains In Performance
1991-05-04,40,Can I Count On You,McBride & The Ride,48,8,Gains In Performance
1991-05-04,41,Little Things,Marty Stuart,40,20,
1991-05-04,42,Treat Me Like A Stranger,Baillie and the Boys,37,18,
1991-05-04,43,Till I Found You,Marty Stuart,52,3,Gains In Performance
1991-05-04,44,I Gotta Mind To Go Crazy,Les Taylor,47,9,
1991-05-04,45,Whatever It Takes,J.P. Pennington,50,7,Gains In Performance
1991-05-04,46,She Don't Know She's Perfect,The Bellamy Brothers,54,7,Gains In Performance
1991-05-04,47,Ten With A Two,Willie Nelson,45,8,
1991-05-04,48,I Wonder How Far It Is Over You,Aaron Tippin,53,5,Gains In Performance
1991-05-04,49,The Ballad Of Davy Crockett,The Kentucky Headhunters,51,6,
1991-05-04,50,Long Lost Friend,Restless Heart,46,20,
1991-05-04,51,Heart Full Of Love,Holly Dunn,49,18,
1991-05-04,52,With This Ring,T. Graham Brown,58,3,Gains In Performance
1991-05-04,53,I Am A Simple Man,Ricky Van Shelton,NEW,1,Highest ranking debut|Gains In Performance
1991-05-04,54,What About The Love We Made,Shelby Lynne,55,7,Gains In Performance
1991-05-04,55,She's A Natural,Rob Crosby,57,3,Gains In Performance
1991-05-04,56,Unconditional Love,Glen Campbell,42,15,
1991-05-04,57,Point Of Light,Randy Travis,NEW,1,Gains In Performance
1991-05-04,58,Mary & Willie,K.T. Oslin,44,12,
1991-05-04,59,Baby Take A Piece Of My Heart,Kelly Willis,63,2,Gains In Performance
1991-05-04,60,Miles Across The Bedroom,Gary Morris,61,13,
1991-05-11,1,If I Know Me,George Strait,3,8,Gains In Performance
1991-05-11,2,Rockin' Years,Dolly Parton With Ricky Van Shelton,1,11,
1991-05-11,3,Are You Lovin' Me Like I'm Lovin' You,Ronnie Milsap,5,10,Gains In Performance
1991-05-11,4,In A Different Light,Doug Stone,6,9,Gains In Performance
1991-05-11,5,Drift Off To Dream,Travis Tritt,4,13,
1991-05-11,6,Down Home,Alabama,2,11,
1991-05-11,7,Heroes,Paul Overstreet,9,9,Gains In Performance
1991-05-11,8,Meet In The Middle,Diamond Rio,12,8,Gains In Performance
1991-05-11,9,Time Passes By,Kathy Mattea,10,10,Gains In Performance
1991-05-11,10,You're The One,Dwight Yoakam,13,11,Gains In Performance
1991-05-11,11,Blame It On Texas,Mark Chesnutt,16,7,Gains In Performance
1991-05-11,12,Oh What It Did To Me,Tanya Tucker,15,12,Gains In Performance
1991-05-11,13,If The Devil Danced (In Empty Pockets),Joe Diffie,19,6,Gains In Performance
1991-05-11,14,Only Here For A Little While,Billy Dean,8,21,
1991-05-11,15,Lucky Moon,The Oak Ridge Boys,18,8,Gains In Performance
1991-05-11,16,One More Payment,Clint Black,26,3,Gains In Performance
1991-05-11,17,Pocket Full Of Gold,Vince Gill,7,13,
1991-05-11,18,We Both Walk,Lorrie Morgan,22,7,Gains In Performance
1991-05-11,19,Let Her Go,Mark Collie,21,14,
1991-05-11,20,One Hundred And Two,The Judds,28,5,Gains In Performance
1991-05-11,21,I'd Love You All Over Again,Alan Jackson,20,17,
1991-05-11,22,"Two Of A Kind, Workin' On A Full House",Garth Brooks,14,14,
1991-05-11,23,Heroes And Friends,Randy Travis,17,15,
1991-05-11,24,Fancy,Reba McEntire,11,11,
1991-05-11,25,Feed Jake,Pirates Of The Mississippi,30,9,Gains In Performance
1991-05-11,26,Bing Bang Boom,Highway 101,34,5,Gains In Performance
1991-05-11,27,Loving Blind,Clint Black,25,15,
1991-05-11,28,True Love,Don Williams,24,17,
1991-05-11,29,Till You Were Gone,Mike Reid,33,7,Gains In Performance
1991-05-11,30,Get Rhythm,Martin Delray,27,12,
1991-05-11,31,The Sweetest Thing,Carlene Carter,31,9,Gains In Performance
1991-05-11,32,Restless,Mark O'Connor & The New Nashville Cats,35,7,Gains In Performance
1991-05-11,33,I Couldn't See You Leavin',Conway Twitty,29,19,
1991-05-11,34,One Of Those Things,Pam Tillis,38,6,Gains In Performance
1991-05-11,35,Right Now,Mary Chapin Carpenter,23,13,
1991-05-11,36,I Got You,Shenandoah,32,17,
1991-05-11,37,(If It Weren't For Country Music) I'd Go Crazy,Clinton Gregory,39,6,Gains In Performance
1991-05-11,38,Point Of Light,Randy Travis,57,2,
1991-05-11,39,Can I Count On You,McBride & The Ride,40,9,Gains In Performance
1991-05-11,40,I'm That Kind Of Girl,Patty Loveless,36,18,
1991-05-11,41,Till I Found You,Marty Stuart,43,4,Gains In Performance
1991-05-11,42,Men,The Forester Sisters,37,16,
1991-05-11,43,I Am A Simple Man,Ricky Van Shelton,53,2,Gains In Performance
1991-05-11,44,With This Ring,T. Graham Brown,52,4,Gains In Performance
1991-05-11,45,I Wonder How Far It Is Over You,Aaron Tippin,48,6,Gains In Performance
1991-05-11,46,Whatever It Takes,J.P. Pennington,45,8,
1991-05-11,47,She's A Natural,Rob Crosby,55,4,Gains In Performance
1991-05-11,48,Treat Me Like A Stranger,Baillie and the Boys,42,19,
1991-05-11,49,The Ballad Of Davy Crockett,The Kentucky Headhunters,49,7,Gains In Performance
1991-05-11,50,She Don't Know She's Perfect,The Bellamy Brothers,46,8,
1991-05-11,51,What About The Love We Made,Shelby Lynne,54,8,Gains In Performance
1991-05-11,52,Heart Full Of Love,Holly Dunn,51,19,
1991-05-11,53,If It Will It Will,Hank Williams Jr.,72,2,Gains In Performance
1991-05-11,54,The Moon Over Georgia,Shenandoah,64,2,Gains In Performance
1991-05-11,55,I Gotta Mind To Go Crazy,Les Taylor,44,10,
1991-05-11,56,Baby Take A Piece Of My Heart,Kelly Willis,59,3,Gains In Performance
1991-05-11,57,Somewhere In My Broken Heart,Billy Dean,70,2,Gains In Performance
1991-05-11,58,Ten With A Two,Willie Nelson,47,9,
1991-05-11,59,Scars,Ray Kennedy,61,5,Gains In Performance
1991-05-11,60,Miles Across The Bedroom,Gary Morris,60,14,
1991-05-18,1,If I Know Me,George Strait,1,9,Gains In Performance
1991-05-18,2,In A Different Light,Doug Stone,4,10,Gains In Performance
1991-05-18,3,Are You Lovin' Me Like I'm Lovin' You,Ronnie Milsap,3,11,
1991-05-18,4,Meet In The Middle,Diamond Rio,8,9,Gains In Performance
1991-05-18,5,Heroes,Paul Overstreet,7,10,Gains In Performance
1991-05-18,6,Rockin' Years,Dolly Parton With Ricky Van Shelton,2,12,
1991-05-18,7,Time Passes By,Kathy Mattea,9,11,Gains In Performance
1991-05-18,8,Drift Off To Dream,Travis Tritt,5,14,
1991-05-18,9,Down Home,Alabama,6,12,
1991-05-18,10,You're The One,Dwight Yoakam,10,12,Gains In Performance
1991-05-18,11,Blame It On Texas,Mark Chesnutt,11,8,Gains In Performance
1991-05-18,12,If The Devil Danced (In Empty Pockets),Joe Diffie,13,7,Gains In Performance
1991-05-18,13,Oh What It Did To Me,Tanya Tucker,12,13,
1991-05-18,14,Lucky Moon,The Oak Ridge Boys,15,9,Gains In Performance
1991-05-18,15,One More Payment,Clint Black,16,4,Gains In Performance
1991-05-18,16,We Both Walk,Lorrie Morgan,18,8,Gains In Performance
1991-05-18,17,Only Here For A Little While,Billy Dean,14,22,
1991-05-18,18,One Hundred And Two,The Judds,20,6,Gains In Performance
1991-05-18,19,The Thunder Rolls,Garth Brooks,NEW,1,Highest ranking debut|Gains In Performance
1991-05-18,20,Bing Bang Boom,Highway 101,26,6,Gains In Performance
1991-05-18,21,Feed Jake,Pirates Of The Mississippi,25,10,Gains In Performance
1991-05-18,22,Point Of Light,Randy Travis,38,3,
1991-05-18,23,Till You Were Gone,Mike Reid,29,8,Gains In Performance
1991-05-18,24,Pocket Full Of Gold,Vince Gill,17,14,
1991-05-18,25,The Sweetest Thing,Carlene Carter,31,10,Gains In Performance
1991-05-18,26,"Two Of A Kind, Workin' On A Full House",Garth Brooks,22,15,
1991-05-18,27,I'd Love You All Over Again,Alan Jackson,21,18,
1991-05-18,28,Let Her Go,Mark Collie,19,15,
1991-05-18,29,Restless,Mark O'Connor & The New Nashville Cats,32,8,Gains In Performance
1991-05-18,30,One Of Those Things,Pam Tillis,34,7,Gains In Performance
1991-05-18,31,Fancy,Reba McEntire,24,12,
1991-05-18,32,Heroes And Friends,Randy Travis,23,16,
1991-05-18,33,Loving Blind,Clint Black,27,16,
1991-05-18,34,True Love,Don Williams,28,18,
1991-05-18,35,I Couldn't See You Leavin',Conway Twitty,33,20,
1991-05-18,36,Can I Count On You,McBride & The Ride,39,10,Gains In Performance
1991-05-18,37,(If It Weren't For Country Music) I'd Go Crazy,Clinton Gregory,37,7,Gains In Performance
1991-05-18,38,Get Rhythm,Martin Delray,30,13,
1991-05-18,39,I Am A Simple Man,Ricky Van Shelton,43,3,Gains In Performance
1991-05-18,40,I Got You,Shenandoah,36,18,
1991-05-18,41,Till I Found You,Marty Stuart,41,5,Gains In Performance
1991-05-18,42,I'm That Kind Of Girl,Patty Loveless,40,19,
1991-05-18,43,With This Ring,T. Graham Brown,44,5,Gains In Performance
1991-05-18,44,Right Now,Mary Chapin Carpenter,35,14,
1991-05-18,45,I Wonder How Far It Is Over You,Aaron Tippin,45,7,Gains In Performance
1991-05-18,46,She's A Natural,Rob Crosby,47,5,Gains In Performance
1991-05-18,47,Somewhere In My Broken Heart,Billy Dean,57,3,Gains In Performance
1991-05-18,48,Men,The Forester Sisters,42,17,
1991-05-18,49,The Moon Over Georgia,Shenandoah,54,3,Gains In Performance
1991-05-18,50,What About The Love We Made,Shelby Lynne,51,9,Gains In Performance
1991-05-18,51,If It Will It Will,Hank Williams Jr.,53,3,Gains In Performance
1991-05-18,52,Whatever It Takes,J.P. Pennington,46,9,
1991-05-18,53,She Don't Know She's Perfect,The Bellamy Brothers,50,9,
1991-05-18,54,Lord Have Mercy On A Country Boy,Don Williams,NEW,1,Gains In Performance
1991-05-18,55,Baby Take A Piece Of My Heart,Kelly Willis,56,4,Gains In Performance
1991-05-18,56,Treat Me Like A Stranger,Baillie and the Boys,48,20,
1991-05-18,57,The Ballad Of Davy Crockett,The Kentucky Headhunters,49,8,
1991-05-18,58,Heart Full Of Love,Holly Dunn,52,20,
1991-05-18,59,Blue Memories,Patty Loveless,61,2,Gains In Performance
1991-05-18,60,Don't Rock The Jukebox,Alan Jackson,NEW,1,Gains In Performance
1991-05-25,1,In A Different Light,Doug Stone,2,11,Gains In Performance
1991-05-25,2,If I Know Me,George Strait,1,10,
1991-05-25,3,Meet In The Middle,Diamond Rio,4,10,Gains In Performance
1991-05-25,4,Heroes,Paul Overstreet,5,11,Gains In Performance
1991-05-25,5,You're The One,Dwight Yoakam,10,13,Gains In Performance
1991-05-25,6,Blame It On Texas,Mark Chesnutt,11,9,Gains In Performance
1991-05-25,7,Are You Lovin' Me Like I'm Lovin' You,Ronnie Milsap,3,12,
1991-05-25,8,If The Devil Danced (In Empty Pockets),Joe Diffie,12,8,Gains In Performance
1991-05-25,9,Rockin' Years,Dolly Parton With Ricky Van Shelton,6,13,
1991-05-25,10,The Thunder Rolls,Garth Brooks,19,2,Gains In Performance
1991-05-25,11,Lucky Moon,The Oak Ridge Boys,14,10,Gains In Performance
1991-05-25,12,One More Payment,Clint Black,15,5,Gains In Performance
1991-05-25,13,Time Passes By,Kathy Mattea,7,12,
1991-05-25,14,We Both Walk,Lorrie Morgan,16,9,Gains In Performance
1991-05-25,15,Down Home,Alabama,9,13,
1991-05-25,16,Drift Off To Dream,Travis Tritt,8,15,
1991-05-25,17,Point Of Light,Randy Travis,22,4,Gains In Performance
1991-05-25,18,One Hundred And Two,The Judds,18,7,Gains In Performance
1991-05-25,19,Oh What It Did To Me,Tanya Tucker,13,14,
1991-05-25,20,Bing Bang Boom,Highway 101,20,7,Gains In Performance
1991-05-25,21,Feed Jake,Pirates Of The Mississippi,21,11,Gains In Performance
1991-05-25,22,Don't Rock The Jukebox,Alan Jackson,60,2,
1991-05-25,23,Till You Were Gone,Mike Reid,23,9,Gains In Performance
1991-05-25,24,One Of Those Things,Pam Tillis,30,8,Gains In Performance
1991-05-25,25,Restless,Mark O'Connor & The New Nashville Cats,29,9,Gains In Performance
1991-05-25,26,The Sweetest Thing,Carlene Carter,25,11,
1991-05-25,27,I Am A Simple Man,Ricky Van Shelton,39,4,Gains In Performance
1991-05-25,28,Can I Count On You,McBride & The Ride,36,11,Gains In Performance
1991-05-25,29,"Two Of A Kind, Workin' On A Full House",Garth Brooks,26,16,
1991-05-25,30,(If It Weren't For Country Music) I'd Go Crazy,Clinton Gregory,37,8,Gains In Performance
1991-05-25,31,I'd Love You All Over Again,Alan Jackson,27,19,
1991-05-25,32,Pocket Full Of Gold,Vince Gill,24,15,
1991-05-25,33,Fancy,Reba McEntire,31,13,
1991-05-25,34,Till I Found You,Marty Stuart,41,6,Gains In Performance
1991-05-25,35,Heroes And Friends,Randy Travis,32,17,
1991-05-25,36,Loving Blind,Clint Black,33,17,
1991-05-25,37,True Love,Don Williams,34,19,
1991-05-25,38,Somewhere In My Broken Heart,Billy Dean,47,4,Gains In Performance
1991-05-25,39,With This Ring,T. Graham Brown,43,6,Gains In Performance
1991-05-25,40,Let Her Go,Mark Collie,28,16,
1991-05-25,41,I Got You,Shenandoah,40,19,
1991-05-25,42,The Moon Over Georgia,Shenandoah,49,4,Gains In Performance
1991-05-25,43,She's A Natural,Rob Crosby,46,6,Gains In Performance
1991-05-25,44,I'm That Kind Of Girl,Patty Loveless,42,20,
1991-05-25,45,I Wonder How Far It Is Over You,Aaron Tippin,45,8,Gains In Performance
1991-05-25,46,If It Will It Will,Hank Williams Jr.,51,4,Gains In Performance
1991-05-25,47,What About The Love We Made,Shelby Lynne,50,10,Gains In Performance
1991-05-25,48,Get Rhythm,Martin Delray,38,14,
1991-05-25,49,Lord Have Mercy On A Country Boy,Don Williams,54,2,Gains In Performance
1991-05-25,50,Right Now,Mary Chapin Carpenter,44,15,
1991-05-25,51,Men,The Forester Sisters,48,18,
1991-05-25,52,Blue Memories,Patty Loveless,59,3,Gains In Performance
1991-05-25,53,Baby Take A Piece Of My Heart,Kelly Willis,55,5,Gains In Performance
1991-05-25,54,Whatever It Takes,J.P. Pennington,52,10,
1991-05-25,55,Miles Across The Bedroom,Gary Morris,62,16,
1991-05-25,56,She Don't Know She's Perfect,The Bellamy Brothers,53,10,
1991-05-25,57,Picture Me,Davis Daniel,65,3,Gains In Performance
1991-05-25,58,Scars,Ray Kennedy,61,7,
1991-05-25,59,She's In Love With The Boy,Trisha Yearwood,73,2,Gains In Performance
1991-05-25,60,One Bridge I Didn't Burn,Conway Twitty,63,4,Gains In Performance
1991-06-01,1,Meet In The Middle,Diamond Rio,3,11,Gains In Performance
1991-06-01,2,In A Different Light,Doug Stone,1,12,
1991-06-01,3,If I Know Me,George Strait,2,11,
1991-06-01,4,Heroes,Paul Overstreet,4,12,
1991-06-01,5,Blame It On Texas,Mark Chesnutt,6,10,Gains In Performance
1991-06-01,6,You're The One,Dwight Yoakam,5,14,
1991-06-01,7,If The Devil Danced (In Empty Pockets),Joe Diffie,8,9,Gains In Performance
1991-06-01,8,The Thunder Rolls,Garth Brooks,10,3,Gains In Performance
1991-06-01,9,Lucky Moon,The Oak Ridge Boys,11,11,Gains In Performance
1991-06-01,10,One More Payment,Clint Black,12,6,Gains In Performance
1991-06-01,11,We Both Walk,Lorrie Morgan,14,10,Gains In Performance
1991-06-01,12,Oh What It Did To Me,Tanya Tucker,19,15,Gains In Performance
1991-06-01,13,Are You Lovin' Me Like I'm Lovin' You,Ronnie Milsap,7,13,
1991-06-01,14,Point Of Light,Randy Travis,17,5,Gains In Performance
1991-06-01,15,One Hundred And Two,The Judds,18,8,Gains In Performance
1991-06-01,16,Don't Rock The Jukebox,Alan Jackson,22,3,Gains In Performance
1991-06-01,17,Feed Jake,Pirates Of The Mississippi,21,12,Gains In Performance
1991-06-01,18,Down Home,Alabama,15,14,
1991-06-01,19,Rockin' Years,Dolly Parton With Ricky Van Shelton,9,14,
1991-06-01,20,I Am A Simple Man,Ricky Van Shelton,27,5,Gains In Performance
1991-06-01,21,Bing Bang Boom,Highway 101,20,8,
1991-06-01,22,One Of Those Things,Pam Tillis,24,9,Gains In Performance
1991-06-01,23,Till You Were Gone,Mike Reid,23,10,Gains In Performance
1991-06-01,24,Drift Off To Dream,Travis Tritt,16,16,
1991-06-01,25,Time Passes By,Kathy Mattea,13,13,
1991-06-01,26,Can I Count On You,McBride & The Ride,28,12,Gains In Performance
1991-06-01,27,Restless,Mark O'Connor & The New Nashville Cats,25,10,
1991-06-01,28,(If It Weren't For Country Music) I'd Go Crazy,Clinton Gregory,30,9,Gains In Performance
1991-06-01,29,Somewhere In My Broken Heart,Billy Dean,38,5,
1991-06-01,30,The Sweetest Thing,Carlene Carter,26,12,
1991-06-01,31,"Two Of A Kind, Workin' On A Full House",Garth Brooks,29,17,
1991-06-01,32,Till I Found You,Marty Stuart,34,7,Gains In Performance
1991-06-01,33,The Moon Over Georgia,Shenandoah,42,5,Gains In Performance
1991-06-01,34,I'd Love You All Over Again,Alan Jackson,31,20,
1991-06-01,35,With This Ring,T. Graham Brown,39,7,Gains In Performance
1991-06-01,36,Loving Blind,Clint Black,36,18,
1991-06-01,37,Heroes And Friends,Randy Travis,35,18,
1991-06-01,38,True Love,Don Williams,37,20,
1991-06-01,39,Pocket Full Of Gold,Vince Gill,32,16,
1991-06-01,40,If It Will It Will,Hank Williams Jr.,46,5,Gains In Performance
1991-06-01,41,She's A Natural,Rob Crosby,43,7,Gains In Performance
1991-06-01,42,Fancy,Reba McEntire,33,14,
1991-06-01,43,I Wonder How Far It Is Over You,Aaron Tippin,45,9,Gains In Performance
1991-06-01,44,I Got You,Shenandoah,41,20,
1991-06-01,45,Lord Have Mercy On A Country Boy,Don Williams,49,3,Gains In Performance
1991-06-01,46,What About The Love We Made,Shelby Lynne,47,11,Gains In Performance
1991-06-01,47,Let Her Go,Mark Collie,40,17,
1991-06-01,48,Blue Memories,Patty Loveless,52,4,Gains In Performance
1991-06-01,49,Men,The Forester Sisters,51,19,
1991-06-01,50,Fallin' Out Of Love,Reba McEntire,65,2,Gains In Performance
1991-06-01,51,Baby Take A Piece Of My Heart,Kelly Willis,53,6,Gains In Performance
1991-06-01,52,Right Now,Mary Chapin Carpenter,50,16,
1991-06-01,53,Get Rhythm,Martin Delray,48,15,
1991-06-01,54,She's In Love With The Boy,Trisha Yearwood,59,3,Gains In Performance
1991-06-01,55,Small Town Saturday Night,Hal Ketchum,63,4,Gains In Performance
1991-06-01,56,Hopelessly Yours,Lee Greenwood & Suzy Bogguss,61,4,Gains In Performance
1991-06-01,57,Here's A Quarter (Call Someone Who Cares),Travis Tritt,NEW,1,Highest ranking debut|Gains In Performance
1991-06-01,58,Whatever It Takes,J.P. Pennington,54,11,
1991-06-01,59,Scars,Ray Kennedy,58,8,
1991-06-01,60,Picture Me,Davis Daniel,57,4,
1991-06-08,1,Meet In The Middle,Diamond Rio,1,12,
1991-06-08,2,If The Devil Danced (In Empty Pockets),Joe Diffie,7,10,Gains In Performance
1991-06-08,3,In A Different Light,Doug Stone,2,13,
1991-06-08,4,The Thunder Rolls,Garth Brooks,8,4,Gains In Performance
1991-06-08,5,Blame It On Texas,Mark Chesnutt,5,11,
1991-06-08,6,Lucky Moon,The Oak Ridge Boys,9,12,Gains In Performance
1991-06-08,7,One More Payment,Clint Black,10,7,Gains In Performance
1991-06-08,8,If I Know Me,George Strait,3,12,
1991-06-08,9,You're The One,Dwight Yoakam,6,15,
1991-06-08,10,We Both Walk,Lorrie Morgan,11,11,Gains In Performance
1991-06-08,11,Don't Rock The Jukebox,Alan Jackson,16,4,Gains In Performance
1991-06-08,12,One Hundred And Two,The Judds,15,9,Gains In Performance
1991-06-08,13,Point Of Light,Randy Travis,14,6,Gains In Performance
1991-06-08,14,Heroes,Paul Overstreet,4,13,
1991-06-08,15,Feed Jake,Pirates Of The Mississippi,17,13,Gains In Performance
1991-06-08,16,I Am A Simple Man,Ricky Van Shelton,20,6,Gains In Performance
1991-06-08,17,Bing Bang Boom,Highway 101,21,9,Gains In Performance
1991-06-08,18,Oh What It Did To Me,Tanya Tucker,12,16,
1991-06-08,19,One Of Those Things,Pam Tillis,22,10,Gains In Performance
1991-06-08,20,Are You Lovin' Me Like I'm Lovin' You,Ronnie Milsap,13,14,
1991-06-08,21,Somewhere In My Broken Heart,Billy Dean,29,6,Gains In Performance
1991-06-08,22,Till You Were Gone,Mike Reid,23,11,Gains In Performance
1991-06-08,23,Can I Count On You,McBride & The Ride,26,13,Gains In Performance
1991-06-08,24,Down Home,Alabama,18,15,
1991-06-08,25,Drift Off To Dream,Travis Tritt,24,17,
1991-06-08,26,Rockin' Years,Dolly Parton With Ricky Van Shelton,19,15,
1991-06-08,27,The Moon Over Georgia,Shenandoah,33,6,Gains In Performance
1991-06-08,28,(If It Weren't For Country Music) I'd Go Crazy,Clinton Gregory,28,10,Gains In Performance
1991-06-08,29,Restless,Mark O'Connor & The New Nashville Cats,27,11,
1991-06-08,30,Till I Found You,Marty Stuart,32,8,Gains In Performance
1991-06-08,31,With This Ring,T. Graham Brown,35,8,Gains In Performance
1991-06-08,32,Time Passes By,Kathy Mattea,25,14,
1991-06-08,33,Lord Have Mercy On A Country Boy,Don Williams,45,4,Gains In Performance
1991-06-08,34,She's A Natural,Rob Crosby,41,8,Gains In Performance
1991-06-08,35,If It Will It Will,Hank Williams Jr.,40,6,Gains In Performance
1991-06-08,36,"Two Of A Kind, Workin' On A Full House",Garth Brooks,31,18,
1991-06-08,37,Here's A Quarter (Call Someone Who Cares),Travis Tritt,57,2,
1991-06-08,38,Fallin' Out Of Love,Reba McEntire,50,3,Gains In Performance
1991-06-08,39,Loving Blind,Clint Black,36,19,
1991-06-08,40,I Wonder How Far It Is Over You,Aaron Tippin,43,10,Gains In Performance
1991-06-08,41,Fancy,Reba McEntire,42,15,
1991-06-08,42,Heroes And Friends,Randy Travis,37,19,
1991-06-08,43,Pocket Full Of Gold,Vince Gill,39,17,
1991-06-08,44,Blue Memories,Patty Loveless,48,5,Gains In Performance
1991-06-08,45,What About The Love We Made,Shelby Lynne,46,12,
1991-06-08,46,She's In Love With The Boy,Trisha Yearwood,54,4,Gains In Performance
1991-06-08,47,The Sweetest Thing,Carlene Carter,30,13,
1991-06-08,48,Picture Me,Davis Daniel,60,5,Gains In Performance
1991-06-08,49,Let Her Go,Mark Collie,47,18,
1991-06-08,50,Small Town Saturday Night,Hal Ketchum,55,5,Gains In Performance
1991-06-08,51,Baby Take A Piece Of My Heart,Kelly Willis,51,7,Gains In Performance
1991-06-08,52,Men,The Forester Sisters,49,20,
1991-06-08,53,Hopelessly Yours,Lee Greenwood & Suzy Bogguss,56,5,Gains In Performance
1991-06-08,54,Shadow Of A Doubt,Earl Thomas Conley,64,2,Gains In Performance
1991-06-08,55,Right Now,Mary Chapin Carpenter,52,17,
1991-06-08,56,Whatever It Takes,J.P. Pennington,58,12,
1991-06-08,57,One Bridge I Didn't Burn,Conway Twitty,61,6,Gains In Performance
1991-06-08,58,Get Rhythm,Martin Delray,53,16,
1991-06-08,59,He Comes Around,Molly & The Heymakers,63,4,Gains In Performance
1991-06-08,60,Miles Across The Bedroom,Gary Morris,62,18,
1991-06-15,1,If The Devil Danced (In Empty Pockets),Joe Diffie,2,11,Gains In Performance
1991-06-15,2,The Thunder Rolls,Garth Brooks,4,5,Gains In Performance
1991-06-15,3,We Both Walk,Lorrie Morgan,10,12,Gains In Performance
1991-06-15,4,Meet In The Middle,Diamond Rio,1,13,
1991-06-15,5,In A Different Light,Doug Stone,3,14,
1991-06-15,6,Lucky Moon,The Oak Ridge Boys,6,13,Gains In Performance
1991-06-15,7,Don't Rock The Jukebox,Alan Jackson,11,5,Gains In Performance
1991-06-15,8,One More Payment,Clint Black,7,8,
1991-06-15,9,One Hundred And Two,The Judds,12,10,Gains In Performance
1991-06-15,10,Blame It On Texas,Mark Chesnutt,5,12,
1991-06-15,11,Point Of Light,Randy Travis,13,7,Gains In Performance
1991-06-15,12,If I Know Me,George Strait,8,13,
1991-06-15,13,You're The One,Dwight Yoakam,9,16,
1991-06-15,14,I Am A Simple Man,Ricky Van Shelton,16,7,Gains In Performance
1991-06-15,15,One Of Those Things,Pam Tillis,19,11,Gains In Performance
1991-06-15,16,Somewhere In My Broken Heart,Billy Dean,21,7,Gains In Performance
1991-06-15,17,Feed Jake,Pirates Of The Mississippi,15,14,
1991-06-15,18,Bing Bang Boom,Highway 101,17,10,
1991-06-15,19,Till You Were Gone,Mike Reid,22,12,Gains In Performance
1991-06-15,20,Heroes,Paul Overstreet,14,14,
1991-06-15,21,Can I Count On You,McBride & The Ride,23,14,Gains In Performance
1991-06-15,22,Are You Lovin' Me Like I'm Lovin' You,Ronnie Milsap,20,15,
1991-06-15,23,The Moon Over Georgia,Shenandoah,27,7,Gains In Performance
1991-06-15,24,Oh What It Did To Me,Tanya Tucker,18,17,
1991-06-15,25,Till I Found You,Marty Stuart,30,9,Gains In Performance
1991-06-15,26,(If It Weren't For Country Music) I'd Go Crazy,Clinton Gregory,28,11,Gains In Performance
1991-06-15,27,Rockin' Years,Dolly Parton With Ricky Van Shelton,26,16,
1991-06-15,28,Lord Have Mercy On A Country Boy,Don Williams,33,5,Gains In Performance
1991-06-15,29,Here's A Quarter (Call Someone Who Cares),Travis Tritt,37,3,Gains In Performance
1991-06-15,30,Drift Off To Dream,Travis Tritt,25,18,
1991-06-15,31,Down Home,Alabama,24,16,
1991-06-15,32,Fallin' Out Of Love,Reba McEntire,38,4,Gains In Performance
1991-06-15,33,If It Will It Will,Hank Williams Jr.,35,7,Gains In Performance
1991-06-15,34,She's A Natural,Rob Crosby,34,9,Gains In Performance
1991-06-15,35,Restless,Mark O'Connor & The New Nashville Cats,29,12,
1991-06-15,36,Here We Are,Alabama,64,2,
1991-06-15,37,With This Ring,T. Graham Brown,31,9,
1991-06-15,38,"Two Of A Kind, Workin' On A Full House",Garth Brooks,36,19,
1991-06-15,39,She's In Love With The Boy,Trisha Yearwood,46,5,Gains In Performance
1991-06-15,40,I Wonder How Far It Is Over You,Aaron Tippin,40,11,Gains In Performance
1991-06-15,41,Blue Memories,Patty Loveless,44,6,Gains In Performance
1991-06-15,42,Heroes And Friends,Randy Travis,42,20,
1991-06-15,43,Loving Blind,Clint Black,39,20,
1991-06-15,44,Time Passes By,Kathy Mattea,32,15,
1991-06-15,45,Fancy,Reba McEntire,41,16,
1991-06-15,46,Small Town Saturday Night,Hal Ketchum,50,6,Gains In Performance
1991-06-15,47,Hopelessly Yours,Lee Greenwood & Suzy Bogguss,53,6,Gains In Performance
1991-06-15,48,Picture Me,Davis Daniel,48,6,Gains In Performance
1991-06-15,49,Pocket Full Of Gold,Vince Gill,43,18,
1991-06-15,50,What About The Love We Made,Shelby Lynne,45,13,
1991-06-15,51,Shadow Of A Doubt,Earl Thomas Conley,54,3,Gains In Performance
1991-06-15,52,Baby Take A Piece Of My Heart,Kelly Willis,51,8,
1991-06-15,53,Liza Jane,Vince Gill,NEW,1,Highest ranking debut|Gains In Performance
1991-06-15,54,Silver And Gold,Dolly Parton,65,2,Gains In Performance
1991-06-15,55,Right Now,Mary Chapin Carpenter,55,18,
1991-06-15,56,Whatever It Takes,J.P. Pennington,56,13,
1991-06-15,57,The Sweetest Thing,Carlene Carter,47,14,
1991-06-15,58,Let Her Go,Mark Collie,49,19,
1991-06-15,59,One Bridge I Didn't Burn,Conway Twitty,57,7,
1991-06-15,60,Down At The Twist And Shout,Mary Chapin Carpenter,71,2,Gains In Performance
1991-06-22,1,The Thunder Rolls,Garth Brooks,2,6,Gains In Performance
1991-06-22,2,If The Devil Danced (In Empty Pockets),Joe Diffie,1,12,
1991-06-22,3,We Both Walk,Lorrie Morgan,3,13,Gains In Performance
1991-06-22,4,Don't Rock The Jukebox,Alan Jackson,7,6,Gains In Performance
1991-06-22,5,Point Of Light,Randy Travis,11,8,Gains In Performance
1991-06-22,6,One Hundred And Two,The Judds,9,11,Gains In Performance
1991-06-22,7,Meet In The Middle,Diamond Rio,4,14,
1991-06-22,8,One More Payment,Clint Black,8,9,
1991-06-22,9,Lucky Moon,The Oak Ridge Boys,6,14,
1991-06-22,10,In A Different Light,Doug Stone,5,15,
1991-06-22,11,I Am A Simple Man,Ricky Van Shelton,14,8,Gains In Performance
1991-06-22,12,One Of Those Things,Pam Tillis,15,12,Gains In Performance
1991-06-22,13,Somewhere In My Broken Heart,Billy Dean,16,8,Gains In Performance
1991-06-22,14,Bing Bang Boom,Highway 101,18,11,Gains In Performance
1991-06-22,15,If I Know Me,George Strait,12,14,
1991-06-22,16,Blame It On Texas,Mark Chesnutt,10,13,
1991-06-22,17,Till You Were Gone,Mike Reid,19,13,Gains In Performance
1991-06-22,18,The Moon Over Georgia,Shenandoah,23,8,Gains In Performance
1991-06-22,19,Can I Count On You,McBride & The Ride,21,15,Gains In Performance
1991-06-22,20,You're The One,Dwight Yoakam,13,17,
1991-06-22,21,Here's A Quarter (Call Someone Who Cares),Travis Tritt,29,4,Gains In Performance
1991-06-22,22,Till I Found You,Marty Stuart,25,10,Gains In Performance
1991-06-22,23,Here We Are,Alabama,36,3,Gains In Performance
1991-06-22,24,Lord Have Mercy On A Country Boy,Don Williams,28,6,Gains In Performance
1991-06-22,25,Heroes,Paul Overstreet,20,15,
1991-06-22,26,Are You Lovin' Me Like I'm Lovin' You,Ronnie Milsap,22,16,
1991-06-22,27,She's In Love With The Boy,Trisha Yearwood,39,6,Gains In Performance
1991-06-22,28,If It Will It Will,Hank Williams Jr.,33,8,Gains In Performance
1991-06-22,29,Fallin' Out Of Love,Reba McEntire,32,5,Gains In Performance
1991-06-22,30,Feed Jake,Pirates Of The Mississippi,17,15,
1991-06-22,31,She's A Natural,Rob Crosby,34,10,Gains In Performance
1991-06-22,32,Drift Off To Dream,Travis Tritt,30,19,
1991-06-22,33,(If It Weren't For Country Music) I'd Go Crazy,Clinton Gregory,26,12,
1991-06-22,34,You Know Me Better Than That,George Strait,70,2,
1991-06-22,35,Rockin' Years,Dolly Parton With Ricky Van Shelton,27,17,
1991-06-22,36,Down Home,Alabama,31,17,
1991-06-22,37,Oh What It Did To Me,Tanya Tucker,24,18,
1991-06-22,38,Blue Memories,Patty Loveless,41,7,Gains In Performance
1991-06-22,39,Liza Jane,Vince Gill,53,2,Gains In Performance
1991-06-22,40,"Two Of A Kind, Workin' On A Full House",Garth Brooks,38,20,
1991-06-22,41,I Wonder How Far It Is Over You,Aaron Tippin,40,12,
1991-06-22,42,Small Town Saturday Night,Hal Ketchum,46,7,Gains In Performance
1991-06-22,43,Hopelessly Yours,Lee Greenwood & Suzy Bogguss,47,7,Gains In Performance
1991-06-22,44,With This Ring,T. Graham Brown,37,10,
1991-06-22,45,Time Passes By,Kathy Mattea,44,16,
1991-06-22,46,Fancy,Reba McEntire,45,17,
1991-06-22,47,Shadow Of A Doubt,Earl Thomas Conley,51,4,Gains In Performance
1991-06-22,48,Picture Me,Davis Daniel,48,7,Gains In Performance
1991-06-22,49,Restless,Mark O'Connor & The New Nashville Cats,35,13,
1991-06-22,50,Pocket Full Of Gold,Vince Gill,49,19,
1991-06-22,51,Silver And Gold,Dolly Parton,54,3,Gains In Performance
1991-06-22,52,Down At The Twist And Shout,Mary Chapin Carpenter,60,3,Gains In Performance
1991-06-22,53,What About The Love We Made,Shelby Lynne,50,14,
1991-06-22,54,Down To My Last Teardrop,Tanya Tucker,NEW,1,Highest ranking debut|Gains In Performance
1991-06-22,55,Even Now,Exile,NEW,1,Gains In Performance
1991-06-22,56,To Be With You,Larry Boone,63,5,Gains In Performance
1991-06-22,57,If I Can Find A Clean Shirt,Waylon & Willie,74,2,Gains In Performance
1991-06-22,58,Whatever It Takes,J.P. Pennington,56,14,
1991-06-22,59,Right Now,Mary Chapin Carpenter,55,19,
1991-06-22,60,All I Can Be (Is A Sweet Memory),Collin Raye,69,3,Gains In Performance
1991-06-29,1,The Thunder Rolls,Garth Brooks,1,7,Gains In Performance
1991-06-29,2,Don't Rock The Jukebox,Alan Jackson,4,7,Gains In Performance
1991-06-29,3,Point Of Light,Randy Travis,5,9,Gains In Performance
1991-06-29,4,We Both Walk,Lorrie Morgan,3,14,
1991-06-29,5,I Am A Simple Man,Ricky Van Shelton,11,9,Gains In Performance
1991-06-29,6,Somewhere In My Broken Heart,Billy Dean,13,9,Gains In Performance
1991-06-29,7,One Of Those Things,Pam Tillis,12,13,Gains In Performance
1991-06-29,8,One Hundred And Two,The Judds,6,12,
1991-06-29,9,If The Devil Danced (In Empty Pockets),Joe Diffie,2,13,
1991-06-29,10,One More Payment,Clint Black,8,10,
1991-06-29,11,Meet In The Middle,Diamond Rio,7,15,
1991-06-29,12,In A Different Light,Doug Stone,10,16,
1991-06-29,13,Here's A Quarter (Call Someone Who Cares),Travis Tritt,21,5,Gains In Performance
1991-06-29,14,Bing Bang Boom,Highway 101,14,12,
1991-06-29,15,Can I Count On You,McBride & The Ride,19,16,Gains In Performance
1991-06-29,16,The Moon Over Georgia,Shenandoah,18,9,Gains In Performance
1991-06-29,17,Lucky Moon,The Oak Ridge Boys,9,15,
1991-06-29,18,Till I Found You,Marty Stuart,22,11,Gains In Performance
1991-06-29,19,Lord Have Mercy On A Country Boy,Don Williams,24,7,Gains In Performance
1991-06-29,20,Here We Are,Alabama,23,4,Gains In Performance
1991-06-29,21,If I Know Me,George Strait,15,15,
1991-06-29,22,She's In Love With The Boy,Trisha Yearwood,27,7,Gains In Performance
1991-06-29,23,Till You Were Gone,Mike Reid,17,14,
1991-06-29,24,You Know Me Better Than That,George Strait,34,3,
1991-06-29,25,Blame It On Texas,Mark Chesnutt,16,14,
1991-06-29,26,She's A Natural,Rob Crosby,31,11,Gains In Performance
1991-06-29,27,Fallin' Out Of Love,Reba McEntire,29,6,Gains In Performance
1991-06-29,28,You're The One,Dwight Yoakam,20,18,
1991-06-29,29,Heroes,Paul Overstreet,25,16,
1991-06-29,30,If It Will It Will,Hank Williams Jr.,28,9,
1991-06-29,31,Are You Lovin' Me Like I'm Lovin' You,Ronnie Milsap,26,17,
1991-06-29,32,Liza Jane,Vince Gill,39,3,Gains In Performance
1991-06-29,33,Blue Memories,Patty Loveless,38,8,Gains In Performance
1991-06-29,34,Drift Off To Dream,Travis Tritt,32,20,
1991-06-29,35,Small Town Saturday Night,Hal Ketchum,42,8,Gains In Performance
1991-06-29,36,Down Home,Alabama,36,18,
1991-06-29,37,Feed Jake,Pirates Of The Mississippi,30,16,
1991-06-29,38,Hopelessly Yours,Lee Greenwood & Suzy Bogguss,43,8,Gains In Performance
1991-06-29,39,Rockin' Years,Dolly Parton With Ricky Van Shelton,35,18,
1991-06-29,40,(If It Weren't For Country Music) I'd Go Crazy,Clinton Gregory,33,13,
1991-06-29,41,Oh What It Did To Me,Tanya Tucker,37,19,
1991-06-29,42,Shadow Of A Doubt,Earl Thomas Conley,47,5,Gains In Performance
1991-06-29,43,Even Now,Exile,55,2,Gains In Performance
1991-06-29,44,Picture Me,Davis Daniel,48,8,Gains In Performance
1991-06-29,45,Silver And Gold,Dolly Parton,51,4,Gains In Performance
1991-06-29,46,Down To My Last Teardrop,Tanya Tucker,54,2,Gains In Performance
1991-06-29,47,Fancy,Reba McEntire,46,18,
1991-06-29,48,Time Passes By,Kathy Mattea,45,17,
1991-06-29,49,Down At The Twist And Shout,Mary Chapin Carpenter,52,4,Gains In Performance
1991-06-29,50,I Wonder How Far It Is Over You,Aaron Tippin,41,13,
1991-06-29,51,Pocket Full Of Gold,Vince Gill,50,20,
1991-06-29,52,To Be With You,Larry Boone,56,6,Gains In Performance
1991-06-29,53,If I Can Find A Clean Shirt,Waylon & Willie,57,3,Gains In Performance
1991-06-29,54,Brand New Man,Brooks & Dunn,70,2,Gains In Performance
1991-06-29,55,Restless,Mark O'Connor & The New Nashville Cats,49,14,
1991-06-29,56,With This Ring,T. Graham Brown,44,11,
1991-06-29,57,All I Can Be (Is A Sweet Memory),Collin Raye,60,4,Gains In Performance
1991-06-29,58,Right Now,Mary Chapin Carpenter,59,20,
1991-06-29,59,I Must Have Been Crazy,Matraca Berg,61,6,Gains In Performance
1991-06-29,60,Friday Night's Woman,Dean Dillon,68,2,Gains In Performance
1991-07-06,1,Don't Rock The Jukebox,Alan Jackson,2,8,Gains In Performance
1991-07-06,2,The Thunder Rolls,Garth Brooks,1,8,
1991-07-06,3,Point Of Light,Randy Travis,3,10,Gains In Performance
1991-07-06,4,I Am A Simple Man,Ricky Van Shelton,5,10,Gains In Performance
1991-07-06,5,Somewhere In My Broken Heart,Billy Dean,6,10,Gains In Performance
1991-07-06,6,One Of Those Things,Pam Tillis,7,14,Gains In Performance
1991-07-06,7,We Both Walk,Lorrie Morgan,4,15,
1991-07-06,8,One Hundred And Two,The Judds,8,13,
1991-07-06,9,Here's A Quarter (Call Someone Who Cares),Travis Tritt,13,6,Gains In Performance
1991-07-06,10,If The Devil Danced (In Empty Pockets),Joe Diffie,9,14,
1991-07-06,11,The Moon Over Georgia,Shenandoah,16,10,Gains In Performance
1991-07-06,12,Here We Are,Alabama,20,5,Gains In Performance
1991-07-06,13,Meet In The Middle,Diamond Rio,11,16,
1991-07-06,14,In A Different Light,Doug Stone,12,17,
1991-07-06,15,She's In Love With The Boy,Trisha Yearwood,22,8,Gains In Performance
1991-07-06,16,Till I Found You,Marty Stuart,18,12,Gains In Performance
1991-07-06,17,You Know Me Better Than That,George Strait,24,4,Gains In Performance
1991-07-06,18,Lord Have Mercy On A Country Boy,Don Williams,19,8,Gains In Performance
1991-07-06,19,One More Payment,Clint Black,10,11,
1991-07-06,20,Can I Count On You,McBride & The Ride,15,17,
1991-07-06,21,She's A Natural,Rob Crosby,26,12,
1991-07-06,22,Fallin' Out Of Love,Reba McEntire,27,7,Gains In Performance
1991-07-06,23,Bing Bang Boom,Highway 101,14,13,
1991-07-06,24,Liza Jane,Vince Gill,32,4,Gains In Performance
1991-07-06,25,If I Know Me,George Strait,21,16,
1991-07-06,26,If It Will It Will,Hank Williams Jr.,30,10,Gains In Performance
1991-07-06,27,Lucky Moon,The Oak Ridge Boys,17,16,
1991-07-06,28,Blue Memories,Patty Loveless,33,9,Gains In Performance
1991-07-06,29,Heroes,Paul Overstreet,29,17,
1991-07-06,30,Hopelessly Yours,Lee Greenwood & Suzy Bogguss,38,9,Gains In Performance
1991-07-06,31,You're The One,Dwight Yoakam,28,19,
1991-07-06,32,Blame It On Texas,Mark Chesnutt,25,15,
1991-07-06,33,Small Town Saturday Night,Hal Ketchum,35,9,Gains In Performance
1991-07-06,34,Till You Were Gone,Mike Reid,23,15,
1991-07-06,35,Are You Lovin' Me Like I'm Lovin' You,Ronnie Milsap,31,18,
1991-07-06,36,Silver And Gold,Dolly Parton,45,5,Gains In Performance
1991-07-06,37,Down To My Last Teardrop,Tanya Tucker,46,3,Gains In Performance
1991-07-06,38,Down Home,Alabama,36,19,
1991-07-06,39,Shadow Of A Doubt,Earl Thomas Conley,42,6,Gains In Performance
1991-07-06,40,Rockin' Years,Dolly Parton With Ricky Van Shelton,39,19,
1991-07-06,41,Even Now,Exile,43,3,Gains In Performance
1991-07-06,42,Down At The Twist And Shout,Mary Chapin Carpenter,49,5,Gains In Performance
1991-07-06,43,Feed Jake,Pirates Of The Mississippi,37,17,
1991-07-06,44,Picture Me,Davis Daniel,44,9,Gains In Performance
1991-07-06,45,Oh What It Did To Me,Tanya Tucker,41,20,
1991-07-06,46,(If It Weren't For Country Music) I'd Go Crazy,Clinton Gregory,40,14,
1991-07-06,47,Brand New Man,Brooks & Dunn,54,3,Gains In Performance
1991-07-06,48,Time Passes By,Kathy Mattea,48,18,
1991-07-06,49,Fancy,Reba McEntire,47,19,
1991-07-06,50,To Be With You,Larry Boone,52,7,Gains In Performance
1991-07-06,51,All I Can Be (Is A Sweet Memory),Collin Raye,57,5,Gains In Performance
1991-07-06,52,If I Can Find A Clean Shirt,Waylon & Willie,53,4,Gains In Performance
1991-07-06,53,Friday Night's Woman,Dean Dillon,60,3,Gains In Performance
1991-07-06,54,I Wonder How Far It Is Over You,Aaron Tippin,50,14,
1991-07-06,55,I Must Have Been Crazy,Matraca Berg,59,7,Gains In Performance
1991-07-06,56,If We Can't Do It Right,Eddie London,NEW,1,Highest ranking debut|Gains In Performance
1991-07-06,57,With Body And Soul,The Kentucky Headhunters,61,3,Gains In Performance
1991-07-06,58,Leap Of Faith,Lionel Cartwright,NEW,1,Gains In Performance
1991-07-06,59,Whole Lotta Holes,Kathy Mattea,NEW,1,Gains In Performance
1991-07-06,60,Restless,Mark O'Connor & The New Nashville Cats,55,15,
1991-07-13,1,Don't Rock The Jukebox,Alan Jackson,1,9,Gains In Performance
1991-07-13,2,The Thunder Rolls,Garth Brooks,2,9,
1991-07-13,3,I Am A Simple Man,Ricky Van Shelton,4,11,Gains In Performance
1991-07-13,4,Point Of Light,Randy Travis,3,11,
1991-07-13,5,Somewhere In My Broken Heart,Billy Dean,5,11,Gains In Performance
1991-07-13,6,One Of Those Things,Pam Tillis,6,15,
1991-07-13,7,We Both Walk,Lorrie Morgan,7,16,
1991-07-13,8,Here's A Quarter (Call Someone Who Cares),Travis Tritt,9,7,Gains In Performance
1991-07-13,9,She's In Love With The Boy,Trisha Yearwood,15,9,Gains In Performance
1991-07-13,10,The Moon Over Georgia,Shenandoah,11,11,Gains In Performance
1991-07-13,11,Lord Have Mercy On A Country Boy,Don Williams,18,9,Gains In Performance
1991-07-13,12,Here We Are,Alabama,12,6,Gains In Performance
1991-07-13,13,You Know Me Better Than That,George Strait,17,5,Gains In Performance
1991-07-13,14,Till I Found You,Marty Stuart,16,13,Gains In Performance
1991-07-13,15,Fallin' Out Of Love,Reba McEntire,22,8,Gains In Performance
1991-07-13,16,She's A Natural,Rob Crosby,21,13,Gains In Performance
1991-07-13,17,One Hundred And Two,The Judds,8,14,
1991-07-13,18,If The Devil Danced (In Empty Pockets),Joe Diffie,10,15,
1991-07-13,19,In A Different Light,Doug Stone,14,18,
1991-07-13,20,Meet In The Middle,Diamond Rio,13,17,
1991-07-13,21,Liza Jane,Vince Gill,24,5,Gains In Performance
1991-07-13,22,Can I Count On You,McBride & The Ride,20,18,
1991-07-13,23,Hopelessly Yours,Lee Greenwood & Suzy Bogguss,30,10,Gains In Performance
1991-07-13,24,Blue Memories,Patty Loveless,28,10,Gains In Performance
1991-07-13,25,One More Payment,Clint Black,19,12,
1991-07-13,26,If It Will It Will,Hank Williams Jr.,26,11,Gains In Performance
1991-07-13,27,Down To My Last Teardrop,Tanya Tucker,37,4,
1991-07-13,28,Small Town Saturday Night,Hal Ketchum,33,10,Gains In Performance
1991-07-13,29,If I Know Me,George Strait,25,17,
1991-07-13,30,Silver And Gold,Dolly Parton,36,6,Gains In Performance
1991-07-13,31,Shadow Of A Doubt,Earl Thomas Conley,39,7,Gains In Performance
1991-07-13,32,You're The One,Dwight Yoakam,31,20,
1991-07-13,33,Even Now,Exile,41,4,Gains In Performance
1991-07-13,34,Lucky Moon,The Oak Ridge Boys,27,17,
1991-07-13,35,Bing Bang Boom,Highway 101,23,14,
1991-07-13,36,Heroes,Paul Overstreet,29,18,
1991-07-13,37,Blame It On Texas,Mark Chesnutt,32,16,
1991-07-13,38,Picture Me,Davis Daniel,44,10,Gains In Performance
1991-07-13,39,Down At The Twist And Shout,Mary Chapin Carpenter,42,6,Gains In Performance
1991-07-13,40,Are You Lovin' Me Like I'm Lovin' You,Ronnie Milsap,35,19,
1991-07-13,41,Down Home,Alabama,38,20,
1991-07-13,42,Rockin' Years,Dolly Parton With Ricky Van Shelton,40,20,
1991-07-13,43,Brand New Man,Brooks & Dunn,47,4,Gains In Performance
1991-07-13,44,Feed Jake,Pirates Of The Mississippi,43,18,
1991-07-13,45,Till You Were Gone,Mike Reid,34,16,
1991-07-13,46,Whole Lotta Holes,Kathy Mattea,59,2,Gains In Performance
1991-07-13,47,To Be With You,Larry Boone,50,8,Gains In Performance
1991-07-13,48,(If It Weren't For Country Music) I'd Go Crazy,Clinton Gregory,46,15,
1991-07-13,49,All I Can Be (Is A Sweet Memory),Collin Raye,51,6,Gains In Performance
1991-07-13,50,Time Passes By,Kathy Mattea,48,19,
1991-07-13,51,Friday Night's Woman,Dean Dillon,53,4,Gains In Performance
1991-07-13,52,Since I Don't Have You,Ronnie Milsap,NEW,1,Highest ranking debut|Gains In Performance
1991-07-13,53,If I Can Find A Clean Shirt,Waylon & Willie,52,5,
1991-07-13,54,Leap Of Faith,Lionel Cartwright,58,2,Gains In Performance
1991-07-13,55,I Must Have Been Crazy,Matraca Berg,55,8,Gains In Performance
1991-07-13,56,If We Can't Do It Right,Eddie London,56,2,Gains In Performance
1991-07-13,57,With Body And Soul,The Kentucky Headhunters,57,4,Gains In Performance
1991-07-13,58,Fancy,Reba McEntire,49,20,
1991-07-13,59,Calloused Hands,Mark Collie,61,3,Gains In Performance
1991-07-13,60,Too Many Honky Tonks (On My Way Home),Tom Wopat,68,3,Gains In Performance
1991-07-20,1,Don't Rock The Jukebox,Alan Jackson,1,10,
1991-07-20,2,I Am A Simple Man,Ricky Van Shelton,3,12,Gains In Performance
1991-07-20,3,Somewhere In My Broken Heart,Billy Dean,5,12,Gains In Performance
1991-07-20,4,She's In Love With The Boy,Trisha Yearwood,9,10,Gains In Performance
1991-07-20,5,Here's A Quarter (Call Someone Who Cares),Travis Tritt,8,8,Gains In Performance
1991-07-20,6,Point Of Light,Randy Travis,4,12,
1991-07-20,7,Here We Are,Alabama,12,7,Gains In Performance
1991-07-20,8,The Thunder Rolls,Garth Brooks,2,10,
1991-07-20,9,The Moon Over Georgia,Shenandoah,10,12,Gains In Performance
1991-07-20,10,Lord Have Mercy On A Country Boy,Don Williams,11,10,Gains In Performance
1991-07-20,11,You Know Me Better Than That,George Strait,13,6,Gains In Performance
1991-07-20,12,Till I Found You,Marty Stuart,14,14,Gains In Performance
1991-07-20,13,Fallin' Out Of Love,Reba McEntire,15,9,Gains In Performance
1991-07-20,14,One Of Those Things,Pam Tillis,6,16,
1991-07-20,15,She's A Natural,Rob Crosby,16,14,Gains In Performance
1991-07-20,16,We Both Walk,Lorrie Morgan,7,17,
1991-07-20,17,Liza Jane,Vince Gill,21,6,Gains In Performance
1991-07-20,18,Down To My Last Teardrop,Tanya Tucker,27,5,Gains In Performance
1991-07-20,19,Hopelessly Yours,Lee Greenwood & Suzy Bogguss,23,11,Gains In Performance
1991-07-20,20,Small Town Saturday Night,Hal Ketchum,28,11,Gains In Performance
1991-07-20,21,In A Different Light,Doug Stone,19,19,
1991-07-20,22,Blue Memories,Patty Loveless,24,11,Gains In Performance
1991-07-20,23,Meet In The Middle,Diamond Rio,20,18,
1991-07-20,24,If The Devil Danced (In Empty Pockets),Joe Diffie,18,16,
1991-07-20,25,Silver And Gold,Dolly Parton,30,7,Gains In Performance
1991-07-20,26,Shadow Of A Doubt,Earl Thomas Conley,31,8,Gains In Performance
1991-07-20,27,One Hundred And Two,The Judds,17,15,
1991-07-20,28,If It Will It Will,Hank Williams Jr.,26,12,
1991-07-20,29,Even Now,Exile,33,5,Gains In Performance
1991-07-20,30,Can I Count On You,McBride & The Ride,22,19,
1991-07-20,31,Down At The Twist And Shout,Mary Chapin Carpenter,39,7,Gains In Performance
1991-07-20,32,If I Know Me,George Strait,29,18,
1991-07-20,33,Picture Me,Davis Daniel,38,11,Gains In Performance
1991-07-20,34,Brand New Man,Brooks & Dunn,43,5,Gains In Performance
1991-07-20,35,One More Payment,Clint Black,25,13,
1991-07-20,36,Heroes,Paul Overstreet,36,19,
1991-07-20,37,Lucky Moon,The Oak Ridge Boys,34,18,
1991-07-20,38,Blame It On Texas,Mark Chesnutt,37,17,
1991-07-20,39,Are You Lovin' Me Like I'm Lovin' You,Ronnie Milsap,40,20,
1991-07-20,40,Whole Lotta Holes,Kathy Mattea,46,3,Gains In Performance
1991-07-20,41,Since I Don't Have You,Ronnie Milsap,52,2,Gains In Performance
1991-07-20,42,Bing Bang Boom,Highway 101,35,15,
1991-07-20,43,To Be With You,Larry Boone,47,9,Gains In Performance
1991-07-20,44,Leap Of Faith,Lionel Cartwright,54,3,Gains In Performance
1991-07-20,45,All I Can Be (Is A Sweet Memory),Collin Raye,49,7,Gains In Performance
1991-07-20,46,Friday Night's Woman,Dean Dillon,51,5,Gains In Performance
1991-07-20,47,Feed Jake,Pirates Of The Mississippi,44,19,
1991-07-20,48,Time Passes By,Kathy Mattea,50,20,
1991-07-20,49,Your Love Is A Miracle,Mark Chesnutt,66,2,
1991-07-20,50,(If It Weren't For Country Music) I'd Go Crazy,Clinton Gregory,48,16,
1991-07-20,51,If I Can Find A Clean Shirt,Waylon & Willie,53,6,Gains In Performance
1991-07-20,52,Till You Were Gone,Mike Reid,45,17,
1991-07-20,53,Mirror Mirror,Diamond Rio,NEW,1,Highest ranking debut|Gains In Performance
1991-07-20,54,Calloused Hands,Mark Collie,59,4,Gains In Performance
1991-07-20,55,I Must Have Been Crazy,Matraca Berg,55,9,
1991-07-20,56,With Body And Soul,The Kentucky Headhunters,57,5,Gains In Performance
1991-07-20,57,Too Many Honky Tonks (On My Way Home),Tom Wopat,60,4,Gains In Performance
1991-07-20,58,Nothin' But You,Robin Lee,64,3,Gains In Performance
1991-07-20,59,If We Can't Do It Right,Eddie London,56,3,
1991-07-20,60,Ball And Chain,Paul Overstreet,NEW,1,Gains In Performance
1991-07-27,1,I Am A Simple Man,Ricky Van Shelton,2,13,Gains In Performance
1991-07-27,2,Don't Rock The Jukebox,Alan Jackson,1,11,
1991-07-27,3,Somewhere In My Broken Heart,Billy Dean,3,13,Gains In Performance
1991-07-27,4,She's In Love With The Boy,Trisha Yearwood,4,11,Gains In Performance
1991-07-27,5,Here's A Quarter (Call Someone Who Cares),Travis Tritt,5,9,Gains In Performance
1991-07-27,6,Here We Are,Alabama,7,8,Gains In Performance
1991-07-27,7,You Know Me Better Than That,George Strait,11,7,Gains In Performance
1991-07-27,8,Lord Have Mercy On A Country Boy,Don Williams,10,11,Gains In Performance
1991-07-27,9,The Moon Over Georgia,Shenandoah,9,13,Gains In Performance
1991-07-27,10,Fallin' Out Of Love,Reba McEntire,13,10,Gains In Performance
1991-07-27,11,The Thunder Rolls,Garth Brooks,8,11,
1991-07-27,12,Point Of Light,Randy Travis,6,13,
1991-07-27,13,Liza Jane,Vince Gill,17,7,Gains In Performance
1991-07-27,14,Down To My Last Teardrop,Tanya Tucker,18,6,Gains In Performance
1991-07-27,15,She's A Natural,Rob Crosby,15,15,
1991-07-27,16,Till I Found You,Marty Stuart,12,15,
1991-07-27,17,Small Town Saturday Night,Hal Ketchum,20,12,Gains In Performance
1991-07-27,18,Hopelessly Yours,Lee Greenwood & Suzy Bogguss,19,12,Gains In Performance
1991-07-27,19,Shadow Of A Doubt,Earl Thomas Conley,26,9,Gains In Performance
1991-07-27,20,We Both Walk,Lorrie Morgan,16,18,
1991-07-27,21,Silver And Gold,Dolly Parton,25,8,Gains In Performance
1991-07-27,22,Blue Memories,Patty Loveless,22,12,Gains In Performance
1991-07-27,23,One Of Those Things,Pam Tillis,14,17,
1991-07-27,24,Even Now,Exile,29,6,Gains In Performance
1991-07-27,25,Down At The Twist And Shout,Mary Chapin Carpenter,31,8,Gains In Performance
1991-07-27,26,Meet In The Middle,Diamond Rio,23,19,
1991-07-27,27,In A Different Light,Doug Stone,21,20,
1991-07-27,28,Picture Me,Davis Daniel,33,12,Gains In Performance
1991-07-27,29,Whole Lotta Holes,Kathy Mattea,40,4,Gains In Performance
1991-07-27,30,If The Devil Danced (In Empty Pockets),Joe Diffie,24,17,
1991-07-27,31,Brand New Man,Brooks & Dunn,34,6,Gains In Performance
1991-07-27,32,Can I Count On You,McBride & The Ride,30,20,
1991-07-27,33,Since I Don't Have You,Ronnie Milsap,41,3,
1991-07-27,34,If I Know Me,George Strait,32,19,
1991-07-27,35,Leap Of Faith,Lionel Cartwright,44,4,Gains In Performance
1991-07-27,36,One Hundred And Two,The Judds,27,16,
1991-07-27,37,Heroes,Paul Overstreet,36,20,
1991-07-27,38,If It Will It Will,Hank Williams Jr.,28,13,
1991-07-27,39,To Be With You,Larry Boone,43,10,Gains In Performance
1991-07-27,40,Lucky Moon,The Oak Ridge Boys,37,19,
1991-07-27,41,Your Love Is A Miracle,Mark Chesnutt,49,3,Gains In Performance
1991-07-27,42,One More Payment,Clint Black,35,14,
1991-07-27,43,Friday Night's Woman,Dean Dillon,46,6,Gains In Performance
1991-07-27,44,Blame It On Texas,Mark Chesnutt,38,18,
1991-07-27,45,All I Can Be (Is A Sweet Memory),Collin Raye,45,8,Gains In Performance
1991-07-27,46,Mirror Mirror,Diamond Rio,53,2,Gains In Performance
1991-07-27,47,I Thought It Was You,Doug Stone,61,2,Gains In Performance
1991-07-27,48,Bing Bang Boom,Highway 101,42,16,
1991-07-27,49,The Walk,Sawyer Brown,64,2,Gains In Performance
1991-07-27,50,Calloused Hands,Mark Collie,54,5,Gains In Performance
1991-07-27,51,If I Can Find A Clean Shirt,Waylon & Willie,51,7,Gains In Performance
1991-07-27,52,Feed Jake,Pirates Of The Mississippi,47,20,
1991-07-27,53,(If It Weren't For Country Music) I'd Go Crazy,Clinton Gregory,50,17,
1991-07-27,54,Nothin' But You,Robin Lee,58,4,Gains In Performance
1991-07-27,55,Ball And Chain,Paul Overstreet,60,2,Gains In Performance
1991-07-27,56,If We Can't Do It Right,Eddie London,59,4,Gains In Performance
1991-07-27,57,Too Many Honky Tonks (On My Way Home),Tom Wopat,57,5,Gains In Performance
1991-07-27,58,Maybe I Mean Yes,Holly Dunn,65,3,Gains In Performance
1991-07-27,59,With Body And Soul,The Kentucky Headhunters,56,6,
1991-07-27,60,Too Much Candy For A Dime,Eddy Raven,62,5,Gains In Performance
1991-08-03,1,She's In Love With The Boy,Trisha Yearwood,4,12,Gains In Performance
1991-08-03,2,Here's A Quarter (Call Someone Who Cares),Travis Tritt,5,10,Gains In Performance
1991-08-03,3,Here We Are,Alabama,6,9,Gains In Performance
1991-08-03,4,Somewhere In My Broken Heart,Billy Dean,3,14,
1991-08-03,5,I Am A Simple Man,Ricky Van Shelton,1,14,
1991-08-03,6,You Know Me Better Than That,George Strait,7,8,Gains In Performance
1991-08-03,7,Don't Rock The Jukebox,Alan Jackson,2,12,
1991-08-03,8,Lord Have Mercy On A Country Boy,Don Williams,8,12,Gains In Performance
1991-08-03,9,Fallin' Out Of Love,Reba McEntire,10,11,Gains In Performance
1991-08-03,10,Down To My Last Teardrop,Tanya Tucker,14,7,Gains In Performance
1991-08-03,11,Small Town Saturday Night,Hal Ketchum,17,13,Gains In Performance
1991-08-03,12,Liza Jane,Vince Gill,13,8,Gains In Performance
1991-08-03,13,The Moon Over Georgia,Shenandoah,9,14,
1991-08-03,14,Hopelessly Yours,Lee Greenwood & Suzy Bogguss,18,13,Gains In Performance
1991-08-03,15,The Thunder Rolls,Garth Brooks,11,12,
1991-08-03,16,Shadow Of A Doubt,Earl Thomas Conley,19,10,Gains In Performance
1991-08-03,17,Silver And Gold,Dolly Parton,21,9,Gains In Performance
1991-08-03,18,Even Now,Exile,24,7,Gains In Performance
1991-08-03,19,Point Of Light,Randy Travis,12,14,
1991-08-03,20,Down At The Twist And Shout,Mary Chapin Carpenter,25,9,Gains In Performance
1991-08-03,21,She's A Natural,Rob Crosby,15,16,
1991-08-03,22,Brand New Man,Brooks & Dunn,31,7,Gains In Performance
1991-08-03,23,We Both Walk,Lorrie Morgan,20,19,
1991-08-03,24,Since I Don't Have You,Ronnie Milsap,33,4,Gains In Performance
1991-08-03,25,Blue Memories,Patty Loveless,22,13,
1991-08-03,26,One Of Those Things,Pam Tillis,23,18,
1991-08-03,27,Leap Of Faith,Lionel Cartwright,35,5,Gains In Performance
1991-08-03,28,Whole Lotta Holes,Kathy Mattea,29,5,Gains In Performance
1991-08-03,29,Meet In The Middle,Diamond Rio,26,20,
1991-08-03,30,Till I Found You,Marty Stuart,16,16,
1991-08-03,31,Picture Me,Davis Daniel,28,13,
1991-08-03,32,Your Love Is A Miracle,Mark Chesnutt,41,4,Gains In Performance
1991-08-03,33,If The Devil Danced (In Empty Pockets),Joe Diffie,30,18,
1991-08-03,34,To Be With You,Larry Boone,39,11,Gains In Performance
1991-08-03,35,If I Know Me,George Strait,34,20,
1991-08-03,36,All I Can Be (Is A Sweet Memory),Collin Raye,45,9,Gains In Performance
1991-08-03,37,I Thought It Was You,Doug Stone,47,3,Gains In Performance
1991-08-03,38,Mirror Mirror,Diamond Rio,46,3,Gains In Performance
1991-08-03,39,Friday Night's Woman,Dean Dillon,43,7,Gains In Performance
1991-08-03,40,Lucky Moon,The Oak Ridge Boys,40,20,
1991-08-03,41,One Hundred And Two,The Judds,36,17,
1991-08-03,42,The Walk,Sawyer Brown,49,3,Gains In Performance
1991-08-03,43,One More Payment,Clint Black,42,15,
1991-08-03,44,Where Are You Now,Clint Black,73,2,
1991-08-03,45,Blame It On Texas,Mark Chesnutt,44,19,
1991-08-03,46,Ball And Chain,Paul Overstreet,55,3,Gains In Performance
1991-08-03,47,Calloused Hands,Mark Collie,50,6,Gains In Performance
1991-08-03,48,If It Will It Will,Hank Williams Jr.,38,14,
1991-08-03,49,Bing Bang Boom,Highway 101,48,17,
1991-08-03,50,Too Many Honky Tonks (On My Way Home),Tom Wopat,57,6,Gains In Performance
1991-08-03,51,If I Can Find A Clean Shirt,Waylon & Willie,51,8,
1991-08-03,52,Nothin' But You,Robin Lee,54,5,Gains In Performance
1991-08-03,53,Maybe I Mean Yes,Holly Dunn,58,4,Gains In Performance
1991-08-03,54,If We Can't Do It Right,Eddie London,56,5,Gains In Performance
1991-08-03,55,(If It Weren't For Country Music) I'd Go Crazy,Clinton Gregory,53,18,
1991-08-03,56,As Simple As That,Mike Reid,61,4,Gains In Performance
1991-08-03,57,With Body And Soul,The Kentucky Headhunters,59,7,
1991-08-03,58,Too Much Candy For A Dime,Eddy Raven,60,6,Gains In Performance
1991-08-03,59,New Way (To Light Up An Old Flame),Joe Diffie,NEW,1,Highest ranking debut|Gains In Performance
1991-08-03,60,Till You Were Gone,Mike Reid,62,19,
1991-08-10,1,She's In Love With The Boy,Trisha Yearwood,1,13,Gains In Performance
1991-08-10,2,Here We Are,Alabama,3,10,Gains In Performance
1991-08-10,3,You Know Me Better Than That,George Strait,6,9,Gains In Performance
1991-08-10,4,Here's A Quarter (Call Someone Who Cares),Travis Tritt,2,11,
1991-08-10,5,Fallin' Out Of Love,Reba McEntire,9,12,Gains In Performance
1991-08-10,6,Somewhere In My Broken Heart,Billy Dean,4,15,
1991-08-10,7,Lord Have Mercy On A Country Boy,Don Williams,8,13,
1991-08-10,8,Small Town Saturday Night,Hal Ketchum,11,14,Gains In Performance
1991-08-10,9,Don't Rock The Jukebox,Alan Jackson,7,13,
1991-08-10,10,Down To My Last Teardrop,Tanya Tucker,10,8,Gains In Performance
1991-08-10,11,Liza Jane,Vince Gill,12,9,Gains In Performance
1991-08-10,12,I Am A Simple Man,Ricky Van Shelton,5,15,
1991-08-10,13,Shadow Of A Doubt,Earl Thomas Conley,16,11,Gains In Performance
1991-08-10,14,Hopelessly Yours,Lee Greenwood & Suzy Bogguss,14,14,Gains In Performance
1991-08-10,15,Silver And Gold,Dolly Parton,17,10,Gains In Performance
1991-08-10,16,Down At The Twist And Shout,Mary Chapin Carpenter,20,10,Gains In Performance
1991-08-10,17,Brand New Man,Brooks & Dunn,22,8,Gains In Performance
1991-08-10,18,Even Now,Exile,18,8,Gains In Performance
1991-08-10,19,Leap Of Faith,Lionel Cartwright,27,6,Gains In Performance
1991-08-10,20,The Thunder Rolls,Garth Brooks,15,13,
1991-08-10,21,The Moon Over Georgia,Shenandoah,13,15,
1991-08-10,22,Since I Don't Have You,Ronnie Milsap,24,5,Gains In Performance
1991-08-10,23,Whole Lotta Holes,Kathy Mattea,28,6,Gains In Performance
1991-08-10,24,Your Love Is A Miracle,Mark Chesnutt,32,5,Gains In Performance
1991-08-10,25,Where Are You Now,Clint Black,44,3,
1991-08-10,26,I Thought It Was You,Doug Stone,37,4,Gains In Performance
1991-08-10,27,Point Of Light,Randy Travis,19,15,
1991-08-10,28,We Both Walk,Lorrie Morgan,23,20,
1991-08-10,29,Mirror Mirror,Diamond Rio,38,4,Gains In Performance
1991-08-10,30,Blue Memories,Patty Loveless,25,14,
1991-08-10,31,One Of Those Things,Pam Tillis,26,19,
1991-08-10,32,She's A Natural,Rob Crosby,21,17,
1991-08-10,33,The Walk,Sawyer Brown,42,4,Gains In Performance
1991-08-10,34,To Be With You,Larry Boone,34,12,Gains In Performance
1991-08-10,35,All I Can Be (Is A Sweet Memory),Collin Raye,36,10,Gains In Performance
1991-08-10,36,Till I Found You,Marty Stuart,30,17,
1991-08-10,37,If The Devil Danced (In Empty Pockets),Joe Diffie,33,19,
1991-08-10,38,Ball And Chain,Paul Overstreet,46,4,Gains In Performance
1991-08-10,39,Friday Night's Woman,Dean Dillon,39,8,Gains In Performance
1991-08-10,40,Calloused Hands,Mark Collie,47,7,Gains In Performance
1991-08-10,41,One Hundred And Two,The Judds,41,18,
1991-08-10,42,One More Payment,Clint Black,43,16,
1991-08-10,43,Picture Me,Davis Daniel,31,14,
1991-08-10,44,Blame It On Texas,Mark Chesnutt,45,20,
1991-08-10,45,New Way (To Light Up An Old Flame),Joe Diffie,59,2,Gains In Performance
1991-08-10,46,If We Can't Do It Right,Eddie London,54,6,Gains In Performance
1991-08-10,47,As Simple As That,Mike Reid,56,5,Gains In Performance
1991-08-10,48,Maybe I Mean Yes,Holly Dunn,53,5,Gains In Performance
1991-08-10,49,Too Many Honky Tonks (On My Way Home),Tom Wopat,50,7,Gains In Performance
1991-08-10,50,Bing Bang Boom,Highway 101,49,18,
1991-08-10,51,Nothin' But You,Robin Lee,52,6,
1991-08-10,52,(If It Weren't For Country Music) I'd Go Crazy,Clinton Gregory,55,19,
1991-08-10,53,If I Can Find A Clean Shirt,Waylon & Willie,51,9,
1991-08-10,54,Speak Of The Devil,Pirates Of The Mississippi,61,3,Gains In Performance
1991-08-10,55,One Love,Carlene Carter,NEW,1,Highest ranking debut|Gains In Performance
1991-08-10,56,One Shot At A Time,Clinton Gregory,65,5,Gains In Performance
1991-08-10,57,If It Will It Will,Hank Williams Jr.,48,15,
1991-08-10,58,A Picture Of Me (Without You),Lorrie Morgan,73,2,Gains In Performance
1991-08-10,59,Till You Were Gone,Mike Reid,60,20,
1991-08-10,60,Nothing's Changed Here,Dwight Yoakam,NEW,1,Gains In Performance
1991-08-17,1,You Know Me Better Than That,George Strait,3,10,Gains In Performance
1991-08-17,2,She's In Love With The Boy,Trisha Yearwood,1,14,
1991-08-17,3,Here We Are,Alabama,2,11,
1991-08-17,4,Fallin' Out Of Love,Reba McEntire,5,13,Gains In Performance
1991-08-17,5,Small Town Saturday Night,Hal Ketchum,8,15,Gains In Performance
1991-08-17,6,Down To My Last Teardrop,Tanya Tucker,10,9,Gains In Performance
1991-08-17,7,Here's A Quarter (Call Someone Who Cares),Travis Tritt,4,12,
1991-08-17,8,Liza Jane,Vince Gill,11,10,Gains In Performance
1991-08-17,9,Shadow Of A Doubt,Earl Thomas Conley,13,12,Gains In Performance
1991-08-17,10,Somewhere In My Broken Heart,Billy Dean,6,16,
1991-08-17,11,Don't Rock The Jukebox,Alan Jackson,9,14,
1991-08-17,12,Hopelessly Yours,Lee Greenwood & Suzy Bogguss,14,15,Gains In Performance
1991-08-17,13,Lord Have Mercy On A Country Boy,Don Williams,7,14,
1991-08-17,14,Your Love Is A Miracle,Mark Chesnutt,24,6,Gains In Performance
1991-08-17,15,Down At The Twist And Shout,Mary Chapin Carpenter,16,11,Gains In Performance
1991-08-17,16,Brand New Man,Brooks & Dunn,17,9,Gains In Performance
1991-08-17,17,Silver And Gold,Dolly Parton,15,11,Gains In Performance
1991-08-17,18,Even Now,Exile,18,9,Gains In Performance
1991-08-17,19,Leap Of Faith,Lionel Cartwright,19,7,Gains In Performance
1991-08-17,20,I Am A Simple Man,Ricky Van Shelton,12,16,
1991-08-17,21,Since I Don't Have You,Ronnie Milsap,22,6,Gains In Performance
1991-08-17,22,Whole Lotta Holes,Kathy Mattea,23,7,Gains In Performance
1991-08-17,23,I Thought It Was You,Doug Stone,26,5,Gains In Performance
1991-08-17,24,Where Are You Now,Clint Black,25,4,Gains In Performance
1991-08-17,25,Mirror Mirror,Diamond Rio,29,5,Gains In Performance
1991-08-17,26,The Walk,Sawyer Brown,33,5,Gains In Performance
1991-08-17,27,The Thunder Rolls,Garth Brooks,20,14,
1991-08-17,28,The Moon Over Georgia,Shenandoah,21,16,
1991-08-17,29,All I Can Be (Is A Sweet Memory),Collin Raye,35,11,Gains In Performance
1991-08-17,30,Ball And Chain,Paul Overstreet,38,5,Gains In Performance
1991-08-17,31,Point Of Light,Randy Travis,27,16,
1991-08-17,32,New Way (To Light Up An Old Flame),Joe Diffie,45,3,
1991-08-17,33,One Of Those Things,Pam Tillis,31,20,
1991-08-17,34,Till I Found You,Marty Stuart,36,18,
1991-08-17,35,If The Devil Danced (In Empty Pockets),Joe Diffie,37,20,
1991-08-17,36,To Be With You,Larry Boone,34,13,
1991-08-17,37,Rodeo,Garth Brooks,NEW,1,Highest ranking debut|Gains In Performance
1991-08-17,38,She's A Natural,Rob Crosby,32,18,
1991-08-17,39,Calloused Hands,Mark Collie,40,8,Gains In Performance
1991-08-17,40,As Simple As That,Mike Reid,47,6,Gains In Performance
1991-08-17,41,One Hundred And Two,The Judds,41,19,
1991-08-17,42,Blue Memories,Patty Loveless,30,15,
1991-08-17,43,One More Payment,Clint Black,42,17,
1991-08-17,44,If We Can't Do It Right,Eddie London,46,7,Gains In Performance
1991-08-17,45,Friday Night's Woman,Dean Dillon,39,9,
1991-08-17,46,One Love,Carlene Carter,55,2,Gains In Performance
1991-08-17,47,Too Many Honky Tonks (On My Way Home),Tom Wopat,49,8,Gains In Performance
1991-08-17,48,A Picture Of Me (Without You),Lorrie Morgan,58,3,Gains In Performance
1991-08-17,49,Nothing's Changed Here,Dwight Yoakam,60,2,Gains In Performance
1991-08-17,50,Speak Of The Devil,Pirates Of The Mississippi,54,4,Gains In Performance
1991-08-17,51,Bing Bang Boom,Highway 101,50,19,
1991-08-17,52,Light At The End Of The Tunnel,B.B. Watson,75,2,Gains In Performance
1991-08-17,53,Same Old Star,McBride & The Ride,61,3,Gains In Performance
1991-08-17,54,(If It Weren't For Country Music) I'd Go Crazy,Clinton Gregory,52,20,
1991-08-17,55,Picture Me,Davis Daniel,43,15,
1991-08-17,56,One Shot At A Time,Clinton Gregory,56,6,Gains In Performance
1991-08-17,57,Nothin' But You,Robin Lee,51,7,
1991-08-17,58,The Very First Lasting Love,Shelby Lynne & Les Taylor,63,4,Gains In Performance
1991-08-17,59,Maybe I Mean Yes,Holly Dunn,48,6,
1991-08-17,60,Put Yourself In My Place,Pam Tillis,NEW,1,Gains In Performance
1991-08-24,1,You Know Me Better Than That,George Strait,1,11,Gains In Performance
1991-08-24,2,Fallin' Out Of Love,Reba McEntire,4,14,Gains In Performance
1991-08-24,3,Small Town Saturday Night,Hal Ketchum,5,16,Gains In Performance
1991-08-24,4,She's In Love With The Boy,Trisha Yearwood,2,15,
1991-08-24,5,Down To My Last Teardrop,Tanya Tucker,6,10,Gains In Performance
1991-08-24,6,Here We Are,Alabama,3,12,
1991-08-24,7,Liza Jane,Vince Gill,8,11,Gains In Performance
1991-08-24,8,Shadow Of A Doubt,Earl Thomas Conley,9,13,Gains In Performance
1991-08-24,9,Here's A Quarter (Call Someone Who Cares),Travis Tritt,7,13,
1991-08-24,10,Brand New Man,Brooks & Dunn,16,10,Gains In Performance
1991-08-24,11,Your Love Is A Miracle,Mark Chesnutt,14,7,Gains In Performance
1991-08-24,12,Hopelessly Yours,Lee Greenwood & Suzy Bogguss,12,16,Gains In Performance
1991-08-24,13,Since I Don't Have You,Ronnie Milsap,21,7,Gains In Performance
1991-08-24,14,Down At The Twist And Shout,Mary Chapin Carpenter,15,12,Gains In Performance
1991-08-24,15,Somewhere In My Broken Heart,Billy Dean,10,17,
1991-08-24,16,Even Now,Exile,18,10,Gains In Performance
1991-08-24,17,Rodeo,Garth Brooks,37,2,Gains In Performance
1991-08-24,18,Silver And Gold,Dolly Parton,17,12,
1991-08-24,19,Leap Of Faith,Lionel Cartwright,19,8,Gains In Performance
1991-08-24,20,Where Are You Now,Clint Black,24,5,Gains In Performance
1991-08-24,21,I Thought It Was You,Doug Stone,23,6,Gains In Performance
1991-08-24,22,Don't Rock The Jukebox,Alan Jackson,11,15,
1991-08-24,23,Lord Have Mercy On A Country Boy,Don Williams,13,15,
1991-08-24,24,Mirror Mirror,Diamond Rio,25,6,Gains In Performance
1991-08-24,25,Whole Lotta Holes,Kathy Mattea,22,8,
1991-08-24,26,The Walk,Sawyer Brown,26,6,Gains In Performance
1991-08-24,27,Ball And Chain,Paul Overstreet,30,6,
1991-08-24,28,I Am A Simple Man,Ricky Van Shelton,20,17,
1991-08-24,29,All I Can Be (Is A Sweet Memory),Collin Raye,29,12,Gains In Performance
1991-08-24,30,New Way (To Light Up An Old Flame),Joe Diffie,32,4,Gains In Performance
1991-08-24,31,Point Of Light,Randy Travis,31,17,
1991-08-24,32,The Thunder Rolls,Garth Brooks,27,15,
1991-08-24,33,As Simple As That,Mike Reid,40,7,Gains In Performance
1991-08-24,34,Calloused Hands,Mark Collie,39,9,Gains In Performance
1991-08-24,35,The Moon Over Georgia,Shenandoah,28,17,
1991-08-24,36,Till I Found You,Marty Stuart,34,19,
1991-08-24,37,Keep It Between The Lines,Ricky Van Shelton,NEW,1,Highest ranking debut|Gains In Performance
1991-08-24,38,A Picture Of Me (Without You),Lorrie Morgan,48,4,Gains In Performance
1991-08-24,39,She's A Natural,Rob Crosby,38,19,
1991-08-24,40,One Love,Carlene Carter,46,3,Gains In Performance
1991-08-24,41,If We Can't Do It Right,Eddie London,44,8,Gains In Performance
1991-08-24,42,One More Payment,Clint Black,43,18,
1991-08-24,43,Nothing's Changed Here,Dwight Yoakam,49,3,Gains In Performance
1991-08-24,44,One Hundred And Two,The Judds,41,20,
1991-08-24,45,Speak Of The Devil,Pirates Of The Mississippi,50,5,Gains In Performance
1991-08-24,46,Light At The End Of The Tunnel,B.B. Watson,52,3,Gains In Performance
1991-08-24,47,Too Many Honky Tonks (On My Way Home),Tom Wopat,47,9,
1991-08-24,48,To Be With You,Larry Boone,36,14,
1991-08-24,49,Same Old Star,McBride & The Ride,53,4,Gains In Performance
1991-08-24,50,Put Yourself In My Place,Pam Tillis,60,2,Gains In Performance
1991-08-24,51,Bing Bang Boom,Highway 101,51,20,
1991-08-24,52,Blue Memories,Patty Loveless,42,16,
1991-08-24,53,One Shot At A Time,Clinton Gregory,56,7,Gains In Performance
1991-08-24,54,Tempted,Marty Stuart,61,2,Gains In Performance
1991-08-24,55,The Very First Lasting Love,Shelby Lynne & Les Taylor,58,5,Gains In Performance
1991-08-24,56,Friday Night's Woman,Dean Dillon,45,10,
1991-08-24,57,Picture Me,Davis Daniel,55,16,
1991-08-24,58,Hang Up The Phone,Eddie Rabbitt,62,2,Gains In Performance
1991-08-24,59,Maybe I Mean Yes,Holly Dunn,59,7,
1991-08-24,60,Lillie's White Lies,Martin Delray,63,6,Gains In Performance
1991-08-31,1,You Know Me Better Than That,George Strait,1,12,
1991-08-31,2,Small Town Saturday Night,Hal Ketchum,3,17,
1991-08-31,3,Fallin' Out Of Love,Reba McEntire,2,15,
1991-08-31,4,Down To My Last Teardrop,Tanya Tucker,5,11,Gains In Performance
1991-08-31,5,Brand New Man,Brooks & Dunn,10,11,Gains In Performance
1991-08-31,6,Your Love Is A Miracle,Mark Chesnutt,11,8,Gains In Performance
1991-08-31,7,She's In Love With The Boy,Trisha Yearwood,4,16,
1991-08-31,8,Shadow Of A Doubt,Earl Thomas Conley,8,14,Gains In Performance
1991-08-31,9,Rodeo,Garth Brooks,17,3,Gains In Performance
1991-08-31,10,Down At The Twist And Shout,Mary Chapin Carpenter,14,13,Gains In Performance
1991-08-31,11,Since I Don't Have You,Ronnie Milsap,13,8,Gains In Performance
1991-08-31,12,Leap Of Faith,Lionel Cartwright,19,9,Gains In Performance
1991-08-31,13,Hopelessly Yours,Lee Greenwood & Suzy Bogguss,12,17,Gains In Performance
1991-08-31,14,Liza Jane,Vince Gill,7,12,
1991-08-31,15,Where Are You Now,Clint Black,20,6,Gains In Performance
1991-08-31,16,Here We Are,Alabama,6,13,
1991-08-31,17,Even Now,Exile,16,11,
1991-08-31,18,I Thought It Was You,Doug Stone,21,7,Gains In Performance
1991-08-31,19,Here's A Quarter (Call Someone Who Cares),Travis Tritt,9,14,
1991-08-31,20,Mirror Mirror,Diamond Rio,24,7,Gains In Performance
1991-08-31,21,Silver And Gold,Dolly Parton,18,13,
1991-08-31,22,The Walk,Sawyer Brown,26,7,Gains In Performance
1991-08-31,23,Somewhere In My Broken Heart,Billy Dean,15,18,
1991-08-31,24,Whole Lotta Holes,Kathy Mattea,25,9,Gains In Performance
1991-08-31,25,Ball And Chain,Paul Overstreet,27,7,Gains In Performance
1991-08-31,26,Don't Rock The Jukebox,Alan Jackson,22,16,
1991-08-31,27,New Way (To Light Up An Old Flame),Joe Diffie,30,5,Gains In Performance
1991-08-31,28,Lord Have Mercy On A Country Boy,Don Williams,23,16,
1991-08-31,29,All I Can Be (Is A Sweet Memory),Collin Raye,29,13,Gains In Performance
1991-08-31,30,I Am A Simple Man,Ricky Van Shelton,28,18,
1991-08-31,31,As Simple As That,Mike Reid,33,8,Gains In Performance
1991-08-31,32,Calloused Hands,Mark Collie,34,10,Gains In Performance
1991-08-31,33,Keep It Between The Lines,Ricky Van Shelton,37,2,
1991-08-31,34,Point Of Light,Randy Travis,31,18,
1991-08-31,35,The Thunder Rolls,Garth Brooks,32,16,
1991-08-31,36,A Picture Of Me (Without You),Lorrie Morgan,38,5,Gains In Performance
1991-08-31,37,Nothing's Changed Here,Dwight Yoakam,43,4,Gains In Performance
1991-08-31,38,The Moon Over Georgia,Shenandoah,35,18,
1991-08-31,39,One Love,Carlene Carter,40,4,Gains In Performance
1991-08-31,40,Speak Of The Devil,Pirates Of The Mississippi,45,6,Gains In Performance
1991-08-31,41,If We Can't Do It Right,Eddie London,41,9,Gains In Performance
1991-08-31,42,Till I Found You,Marty Stuart,36,20,
1991-08-31,43,Light At The End Of The Tunnel,B.B. Watson,46,4,Gains In Performance
1991-08-31,44,Put Yourself In My Place,Pam Tillis,50,3,Gains In Performance
1991-08-31,45,She's A Natural,Rob Crosby,39,20,
1991-08-31,46,Too Many Honky Tonks (On My Way Home),Tom Wopat,47,10,Gains In Performance
1991-08-31,47,One More Payment,Clint Black,42,19,
1991-08-31,48,Tempted,Marty Stuart,54,3,Gains In Performance
1991-08-31,49,Same Old Star,McBride & The Ride,49,5,Gains In Performance
1991-08-31,50,Someday,Alan Jackson,NEW,1,Highest ranking debut|Gains In Performance
1991-08-31,51,One Shot At A Time,Clinton Gregory,53,8,Gains In Performance
1991-08-31,52,The Very First Lasting Love,Shelby Lynne & Les Taylor,55,6,Gains In Performance
1991-08-31,53,Hang Up The Phone,Eddie Rabbitt,58,3,Gains In Performance
1991-08-31,54,We're Strangers Again,Tammy Wynette With Randy Travis,65,2,Gains In Performance
1991-08-31,55,To Be With You,Larry Boone,48,15,
1991-08-31,56,Blue Memories,Patty Loveless,52,17,
1991-08-31,57,She's Got A Man On Her Mind,Conway Twitty,66,2,Gains In Performance
1991-08-31,58,Lillie's White Lies,Martin Delray,60,7,Gains In Performance
1991-08-31,59,The Garden,Vern Gosdin,62,2,Gains In Performance
1991-08-31,60,Picture Me,Davis Daniel,57,17,
1991-09-07,1,Brand New Man,Brooks & Dunn,5,12,Gains In Performance
1991-09-07,2,Down To My Last Teardrop,Tanya Tucker,4,12,Gains In Performance
1991-09-07,3,Small Town Saturday Night,Hal Ketchum,2,18,
1991-09-07,4,Down At The Twist And Shout,Mary Chapin Carpenter,10,14,Gains In Performance
1991-09-07,5,Your Love Is A Miracle,Mark Chesnutt,6,9,Gains In Performance
1991-09-07,6,Rodeo,Garth Brooks,9,4,Gains In Performance
1991-09-07,7,Since I Don't Have You,Ronnie Milsap,11,9,Gains In Performance
1991-09-07,8,You Know Me Better Than That,George Strait,1,13,
1991-09-07,9,Shadow Of A Doubt,Earl Thomas Conley,8,15,Gains In Performance
1991-09-07,10,Leap Of Faith,Lionel Cartwright,12,10,Gains In Performance
1991-09-07,11,Where Are You Now,Clint Black,15,7,Gains In Performance
1991-09-07,12,I Thought It Was You,Doug Stone,18,8,Gains In Performance
1991-09-07,13,Fallin' Out Of Love,Reba McEntire,3,16,
1991-09-07,14,She's In Love With The Boy,Trisha Yearwood,7,17,
1991-09-07,15,Mirror Mirror,Diamond Rio,20,8,Gains In Performance
1991-09-07,16,Hopelessly Yours,Lee Greenwood & Suzy Bogguss,13,18,
1991-09-07,17,The Walk,Sawyer Brown,22,8,Gains In Performance
1991-09-07,18,Here We Are,Alabama,16,14,
1991-09-07,19,New Way (To Light Up An Old Flame),Joe Diffie,27,6,Gains In Performance
1991-09-07,20,Even Now,Exile,17,12,
1991-09-07,21,Ball And Chain,Paul Overstreet,25,8,Gains In Performance
1991-09-07,22,Whole Lotta Holes,Kathy Mattea,24,10,Gains In Performance
1991-09-07,23,Here's A Quarter (Call Someone Who Cares),Travis Tritt,19,15,
1991-09-07,24,Silver And Gold,Dolly Parton,21,14,
1991-09-07,25,Liza Jane,Vince Gill,14,13,
1991-09-07,26,Somewhere In My Broken Heart,Billy Dean,23,19,
1991-09-07,27,Keep It Between The Lines,Ricky Van Shelton,33,3,Gains In Performance
1991-09-07,28,Don't Rock The Jukebox,Alan Jackson,26,17,
1991-09-07,29,As Simple As That,Mike Reid,31,9,Gains In Performance
1991-09-07,30,All I Can Be (Is A Sweet Memory),Collin Raye,29,14,
1991-09-07,31,Lord Have Mercy On A Country Boy,Don Williams,28,17,
1991-09-07,32,A Picture Of Me (Without You),Lorrie Morgan,36,6,Gains In Performance
1991-09-07,33,I Am A Simple Man,Ricky Van Shelton,30,19,
1991-09-07,34,Calloused Hands,Mark Collie,32,11,
1991-09-07,35,Nothing's Changed Here,Dwight Yoakam,37,5,Gains In Performance
1991-09-07,36,Point Of Light,Randy Travis,34,19,
1991-09-07,37,Someday,Alan Jackson,50,2,
1991-09-07,38,Put Yourself In My Place,Pam Tillis,44,4,Gains In Performance
1991-09-07,39,One Love,Carlene Carter,39,5,Gains In Performance
1991-09-07,40,Speak Of The Devil,Pirates Of The Mississippi,40,7,Gains In Performance
1991-09-07,41,The Thunder Rolls,Garth Brooks,35,17,
1991-09-07,42,Tempted,Marty Stuart,48,4,Gains In Performance
1991-09-07,43,Light At The End Of The Tunnel,B.B. Watson,43,5,Gains In Performance
1991-09-07,44,The Moon Over Georgia,Shenandoah,38,19,
1991-09-07,45,If We Can't Do It Right,Eddie London,41,10,
1991-09-07,46,Same Old Star,McBride & The Ride,49,6,Gains In Performance
1991-09-07,47,One More Payment,Clint Black,47,20,
1991-09-07,48,Too Many Honky Tonks (On My Way Home),Tom Wopat,46,11,
1991-09-07,49,We're Strangers Again,Tammy Wynette With Randy Travis,54,3,Gains In Performance
1991-09-07,50,The Very First Lasting Love,Shelby Lynne & Les Taylor,52,7,Gains In Performance
1991-09-07,51,She's Got A Man On Her Mind,Conway Twitty,57,3,Gains In Performance
1991-09-07,52,Brotherly Love,Keith Whitley & Earl Thomas Conley,NEW,1,Highest ranking debut|Gains In Performance
1991-09-07,53,Hang Up The Phone,Eddie Rabbitt,53,4,Gains In Performance
1991-09-07,54,One Shot At A Time,Clinton Gregory,51,9,
1991-09-07,55,The Garden,Vern Gosdin,59,3,Gains In Performance
1991-09-07,56,Life's Too Long (To Live Like This),Ricky Skaggs,61,4,Gains In Performance
1991-09-07,57,You Couldn't Get The Picture,George Jones,75,2,Gains In Performance
1991-09-07,58,Lillie's White Lies,Martin Delray,58,8,
1991-09-07,59,She Made A Memory Out Of Me,Aaron Tippin,62,3,Gains In Performance
1991-09-07,60,To Be With You,Larry Boone,55,16,
1991-09-14,1,Brand New Man,Brooks & Dunn,1,13,Gains In Performance
1991-09-14,2,Down At The Twist And Shout,Mary Chapin Carpenter,4,15,Gains In Performance
1991-09-14,3,Down To My Last Teardrop,Tanya Tucker,2,13,
1991-09-14,4,Where Are You Now,Clint Black,11,8,Gains In Performance
1991-09-14,5,Leap Of Faith,Lionel Cartwright,10,11,Gains In Performance
1991-09-14,6,Your Love Is A Miracle,Mark Chesnutt,5,10,Gains In Performance
1991-09-14,7,Rodeo,Garth Brooks,6,5,Gains In Performance
1991-09-14,8,Since I Don't Have You,Ronnie Milsap,7,10,Gains In Performance
1991-09-14,9,Small Town Saturday Night,Hal Ketchum,3,19,
1991-09-14,10,I Thought It Was You,Doug Stone,12,9,Gains In Performance
1991-09-14,11,You Know Me Better Than That,George Strait,8,14,
1991-09-14,12,Mirror Mirror,Diamond Rio,15,9,Gains In Performance
1991-09-14,13,Shadow Of A Doubt,Earl Thomas Conley,9,16,
1991-09-14,14,Ball And Chain,Paul Overstreet,21,9,Gains In Performance
1991-09-14,15,The Walk,Sawyer Brown,17,9,Gains In Performance
1991-09-14,16,New Way (To Light Up An Old Flame),Joe Diffie,19,7,Gains In Performance
1991-09-14,17,Keep It Between The Lines,Ricky Van Shelton,27,4,Gains In Performance
1991-09-14,18,Whole Lotta Holes,Kathy Mattea,22,11,Gains In Performance
1991-09-14,19,She's In Love With The Boy,Trisha Yearwood,14,18,
1991-09-14,20,Here We Are,Alabama,18,15,
1991-09-14,21,Fallin' Out Of Love,Reba McEntire,13,17,
1991-09-14,22,As Simple As That,Mike Reid,29,10,Gains In Performance
1991-09-14,23,Hopelessly Yours,Lee Greenwood & Suzy Bogguss,16,19,
1991-09-14,24,Someday,Alan Jackson,37,3,
1991-09-14,25,A Picture Of Me (Without You),Lorrie Morgan,32,7,Gains In Performance
1991-09-14,26,Even Now,Exile,20,13,
1991-09-14,27,Here's A Quarter (Call Someone Who Cares),Travis Tritt,23,16,
1991-09-14,28,Nothing's Changed Here,Dwight Yoakam,35,6,Gains In Performance
1991-09-14,29,Somewhere In My Broken Heart,Billy Dean,26,20,
1991-09-14,30,Don't Rock The Jukebox,Alan Jackson,28,18,
1991-09-14,31,Calloused Hands,Mark Collie,34,12,Gains In Performance
1991-09-14,32,Silver And Gold,Dolly Parton,24,15,
1991-09-14,33,Put Yourself In My Place,Pam Tillis,38,5,Gains In Performance
1991-09-14,34,Lord Have Mercy On A Country Boy,Don Williams,31,18,
1991-09-14,35,Tempted,Marty Stuart,42,5,Gains In Performance
1991-09-14,36,Anymore,Travis Tritt,NEW,1,Highest ranking debut|Gains In Performance
1991-09-14,37,I Am A Simple Man,Ricky Van Shelton,33,20,
1991-09-14,38,Speak Of The Devil,Pirates Of The Mississippi,40,8,Gains In Performance
1991-09-14,39,One Love,Carlene Carter,39,6,Gains In Performance
1991-09-14,40,Liza Jane,Vince Gill,25,14,
1991-09-14,41,All I Can Be (Is A Sweet Memory),Collin Raye,30,15,
1991-09-14,42,The Thunder Rolls,Garth Brooks,41,18,
1991-09-14,43,Light At The End Of The Tunnel,B.B. Watson,43,6,Gains In Performance
1991-09-14,44,Point Of Light,Randy Travis,36,20,
1991-09-14,45,The Moon Over Georgia,Shenandoah,44,20,
1991-09-14,46,Same Old Star,McBride & The Ride,46,7,Gains In Performance
1991-09-14,47,She's Got A Man On Her Mind,Conway Twitty,51,4,Gains In Performance
1991-09-14,48,Brotherly Love,Keith Whitley & Earl Thomas Conley,52,2,Gains In Performance
1991-09-14,49,We're Strangers Again,Tammy Wynette With Randy Travis,49,4,Gains In Performance
1991-09-14,50,Hang Up The Phone,Eddie Rabbitt,53,5,Gains In Performance
1991-09-14,51,The Garden,Vern Gosdin,55,4,Gains In Performance
1991-09-14,52,For Crying Out Loud,Davis Daniel,62,3,Gains In Performance
1991-09-14,53,Too Many Honky Tonks (On My Way Home),Tom Wopat,48,12,
1991-09-14,54,John Deere Tractor,The Judds,NEW,1,Gains In Performance
1991-09-14,55,Life's Too Long (To Live Like This),Ricky Skaggs,56,5,Gains In Performance
1991-09-14,56,She Made A Memory Out Of Me,Aaron Tippin,59,4,Gains In Performance
1991-09-14,57,You Couldn't Get The Picture,George Jones,57,3,Gains In Performance
1991-09-14,58,The Very First Lasting Love,Shelby Lynne & Les Taylor,50,8,
1991-09-14,59,If We Can't Do It Right,Eddie London,45,11,
1991-09-14,60,Angels Are Hard To Find,Hank Williams Jr.,64,5,Gains In Performance
1991-09-21,1,Leap Of Faith,Lionel Cartwright,5,12,Gains In Performance
1991-09-21,2,Where Are You Now,Clint Black,4,9,Gains In Performance
1991-09-21,3,Your Love Is A Miracle,Mark Chesnutt,6,11,Gains In Performance
1991-09-21,4,Brand New Man,Brooks & Dunn,1,14,
1991-09-21,5,Rodeo,Garth Brooks,7,6,Gains In Performance
1991-09-21,6,Since I Don't Have You,Ronnie Milsap,8,11,Gains In Performance
1991-09-21,7,Down At The Twist And Shout,Mary Chapin Carpenter,2,16,
1991-09-21,8,I Thought It Was You,Doug Stone,10,10,Gains In Performance
1991-09-21,9,Down To My Last Teardrop,Tanya Tucker,3,14,
1991-09-21,10,Mirror Mirror,Diamond Rio,12,10,Gains In Performance
1991-09-21,11,The Walk,Sawyer Brown,15,10,Gains In Performance
1991-09-21,12,Ball And Chain,Paul Overstreet,14,10,Gains In Performance
1991-09-21,13,Small Town Saturday Night,Hal Ketchum,9,20,
1991-09-21,14,New Way (To Light Up An Old Flame),Joe Diffie,16,8,Gains In Performance
1991-09-21,15,Keep It Between The Lines,Ricky Van Shelton,17,5,Gains In Performance
1991-09-21,16,You Know Me Better Than That,George Strait,11,15,
1991-09-21,17,Someday,Alan Jackson,24,4,Gains In Performance
1991-09-21,18,As Simple As That,Mike Reid,22,11,Gains In Performance
1991-09-21,19,Shadow Of A Doubt,Earl Thomas Conley,13,17,
1991-09-21,20,Anymore,Travis Tritt,36,2,Gains In Performance
1991-09-21,21,She's In Love With The Boy,Trisha Yearwood,19,19,
1991-09-21,22,A Picture Of Me (Without You),Lorrie Morgan,25,8,Gains In Performance
1991-09-21,23,Here We Are,Alabama,20,16,
1991-09-21,24,Nothing's Changed Here,Dwight Yoakam,28,7,Gains In Performance
1991-09-21,25,Whole Lotta Holes,Kathy Mattea,18,12,
1991-09-21,26,Put Yourself In My Place,Pam Tillis,33,6,Gains In Performance
1991-09-21,27,Fallin' Out Of Love,Reba McEntire,21,18,
1991-09-21,28,Hopelessly Yours,Lee Greenwood & Suzy Bogguss,23,20,
1991-09-21,29,Here's A Quarter (Call Someone Who Cares),Travis Tritt,27,17,
1991-09-21,30,Tempted,Marty Stuart,35,6,Gains In Performance
1991-09-21,31,Calloused Hands,Mark Collie,31,13,
1991-09-21,32,Brotherly Love,Keith Whitley & Earl Thomas Conley,48,3,
1991-09-21,33,Speak Of The Devil,Pirates Of The Mississippi,38,9,Gains In Performance
1991-09-21,34,Don't Rock The Jukebox,Alan Jackson,30,19,
1991-09-21,35,Light At The End Of The Tunnel,B.B. Watson,43,7,Gains In Performance
1991-09-21,36,Lord Have Mercy On A Country Boy,Don Williams,34,19,
1991-09-21,37,One Love,Carlene Carter,39,7,Gains In Performance
1991-09-21,38,Even Now,Exile,26,14,
1991-09-21,39,She's Got A Man On Her Mind,Conway Twitty,47,5,Gains In Performance
1991-09-21,40,Same Old Star,McBride & The Ride,46,8,Gains In Performance
1991-09-21,41,Silver And Gold,Dolly Parton,32,16,
1991-09-21,42,All I Can Be (Is A Sweet Memory),Collin Raye,41,16,
1991-09-21,43,Liza Jane,Vince Gill,40,15,
1991-09-21,44,The Thunder Rolls,Garth Brooks,42,19,
1991-09-21,45,For Crying Out Loud,Davis Daniel,52,4,Gains In Performance
1991-09-21,46,Like We Never Had A Broken Heart,Trisha Yearwood,74,2,Gains In Performance
1991-09-21,47,Hurt Me Bad (In A Real Good Way),Patty Loveless,61,3,Gains In Performance
1991-09-21,48,John Deere Tractor,The Judds,54,2,Gains In Performance
1991-09-21,49,You Couldn't Get The Picture,George Jones,57,4,Gains In Performance
1991-09-21,50,We're Strangers Again,Tammy Wynette With Randy Travis,49,5,
1991-09-21,51,Hang Up The Phone,Eddie Rabbitt,50,6,
1991-09-21,52,Life's Too Long (To Live Like This),Ricky Skaggs,55,6,Gains In Performance
1991-09-21,53,The Garden,Vern Gosdin,51,5,
1991-09-21,54,You Don't Count The Cost,Billy Dean,73,2,Gains In Performance
1991-09-21,55,She Made A Memory Out Of Me,Aaron Tippin,56,5,Gains In Performance
1991-09-21,56,Someday Soon,Suzy Bogguss,63,2,Gains In Performance
1991-09-21,57,Some Guys Have All The Love,Little Texas,75,2,Gains In Performance
1991-09-21,58,The Blame,Highway 101,71,2,Gains In Performance
1991-09-21,59,Angels Are Hard To Find,Hank Williams Jr.,60,6,
1991-09-21,60,When You Were Mine,Shenandoah,69,3,Gains In Performance
1991-09-28,1,Where Are You Now,Clint Black,2,10,Gains In Performance
1991-09-28,2,Leap Of Faith,Lionel Cartwright,1,13,
1991-09-28,3,Your Love Is A Miracle,Mark Chesnutt,3,12,Gains In Performance
1991-09-28,4,I Thought It Was You,Doug Stone,8,11,Gains In Performance
1991-09-28,5,Rodeo,Garth Brooks,5,7,Gains In Performance
1991-09-28,6,Mirror Mirror,Diamond Rio,10,11,Gains In Performance
1991-09-28,7,Brand New Man,Brooks & Dunn,4,15,
1991-09-28,8,The Walk,Sawyer Brown,11,11,Gains In Performance
1991-09-28,9,Ball And Chain,Paul Overstreet,12,11,Gains In Performance
1991-09-28,10,Since I Don't Have You,Ronnie Milsap,6,12,
1991-09-28,11,New Way (To Light Up An Old Flame),Joe Diffie,14,9,Gains In Performance
1991-09-28,12,Down At The Twist And Shout,Mary Chapin Carpenter,7,17,
1991-09-28,13,Keep It Between The Lines,Ricky Van Shelton,15,6,Gains In Performance
1991-09-28,14,Down To My Last Teardrop,Tanya Tucker,9,15,
1991-09-28,15,Anymore,Travis Tritt,20,3,Gains In Performance
1991-09-28,16,Someday,Alan Jackson,17,5,Gains In Performance
1991-09-28,17,Small Town Saturday Night,Hal Ketchum,13,21,
1991-09-28,18,As Simple As That,Mike Reid,18,12,Gains In Performance
1991-09-28,19,You Know Me Better Than That,George Strait,16,16,
1991-09-28,20,Nothing's Changed Here,Dwight Yoakam,24,8,Gains In Performance
1991-09-28,21,A Picture Of Me (Without You),Lorrie Morgan,22,9,Gains In Performance
1991-09-28,22,Put Yourself In My Place,Pam Tillis,26,7,Gains In Performance
1991-09-28,23,Brotherly Love,Keith Whitley & Earl Thomas Conley,32,4,Gains In Performance
1991-09-28,24,She's In Love With The Boy,Trisha Yearwood,21,20,
1991-09-28,25,Tempted,Marty Stuart,30,7,Gains In Performance
1991-09-28,26,Here We Are,Alabama,23,17,
1991-09-28,27,Shadow Of A Doubt,Earl Thomas Conley,19,18,
1991-09-28,28,Light At The End Of The Tunnel,B.B. Watson,35,8,Gains In Performance
1991-09-28,29,Speak Of The Devil,Pirates Of The Mississippi,33,10,Gains In Performance
1991-09-28,30,Fallin' Out Of Love,Reba McEntire,27,19,
1991-09-28,31,Here's A Quarter (Call Someone Who Cares),Travis Tritt,29,18,
1991-09-28,32,Don't Rock The Jukebox,Alan Jackson,34,20,
1991-09-28,33,One Love,Carlene Carter,37,8,Gains In Performance
1991-09-28,34,Like We Never Had A Broken Heart,Trisha Yearwood,46,3,
1991-09-28,35,She's Got A Man On Her Mind,Conway Twitty,39,6,Gains In Performance
1991-09-28,36,Same Old Star,McBride & The Ride,40,9,Gains In Performance
1991-09-28,37,Lord Have Mercy On A Country Boy,Don Williams,36,20,
1991-09-28,38,Calloused Hands,Mark Collie,31,14,
1991-09-28,39,For Crying Out Loud,Davis Daniel,45,5,Gains In Performance
1991-09-28,40,Whole Lotta Holes,Kathy Mattea,25,13,
1991-09-28,41,Hurt Me Bad (In A Real Good Way),Patty Loveless,47,4,Gains In Performance
1991-09-28,42,The Thunder Rolls,Garth Brooks,44,20,
1991-09-28,43,You Don't Count The Cost,Billy Dean,54,3,Gains In Performance
1991-09-28,44,Liza Jane,Vince Gill,43,16,
1991-09-28,45,You Couldn't Get The Picture,George Jones,49,5,Gains In Performance
1991-09-28,46,Silver And Gold,Dolly Parton,41,17,
1991-09-28,47,Forever Together,Randy Travis,NEW,1,Highest ranking debut|Gains In Performance
1991-09-28,48,John Deere Tractor,The Judds,48,3,Gains In Performance
1991-09-28,49,Even Now,Exile,38,15,
1991-09-28,50,All I Can Be (Is A Sweet Memory),Collin Raye,42,17,
1991-09-28,51,Some Guys Have All The Love,Little Texas,57,3,Gains In Performance
1991-09-28,52,Life's Too Long (To Live Like This),Ricky Skaggs,52,7,Gains In Performance
1991-09-28,53,Someday Soon,Suzy Bogguss,56,3,Gains In Performance
1991-09-28,54,The Garden,Vern Gosdin,53,6,
1991-09-28,55,Hang Up The Phone,Eddie Rabbitt,51,7,
1991-09-28,56,She Made A Memory Out Of Me,Aaron Tippin,55,6,
1991-09-28,57,The Blame,Highway 101,58,3,Gains In Performance
1991-09-28,58,When You Were Mine,Shenandoah,60,4,Gains In Performance
1991-09-28,59,Still Burnin' For You,Rob Crosby,NEW,1,Gains In Performance
1991-09-28,60,We're Strangers Again,Tammy Wynette With Randy Travis,50,6,
1991-10-05,1,Where Are You Now,Clint Black,1,11,
1991-10-05,2,Leap Of Faith,Lionel Cartwright,2,14,
1991-10-05,3,Rodeo,Garth Brooks,5,8,Gains In Performance
1991-10-05,4,I Thought It Was You,Doug Stone,4,12,
1991-10-05,5,The Walk,Sawyer Brown,8,12,Gains In Performance
1991-10-05,6,Mirror Mirror,Diamond Rio,6,12,Gains In Performance
1991-10-05,7,New Way (To Light Up An Old Flame),Joe Diffie,11,10,Gains In Performance
1991-10-05,8,Ball And Chain,Paul Overstreet,9,12,Gains In Performance
1991-10-05,9,Keep It Between The Lines,Ricky Van Shelton,13,7,Gains In Performance
1991-10-05,10,Your Love Is A Miracle,Mark Chesnutt,3,13,
1991-10-05,11,Brand New Man,Brooks & Dunn,7,16,
1991-10-05,12,Brotherly Love,Keith Whitley & Earl Thomas Conley,23,5,Gains In Performance
1991-10-05,13,Someday,Alan Jackson,16,6,Gains In Performance
1991-10-05,14,Anymore,Travis Tritt,15,4,Gains In Performance
1991-10-05,15,Down At The Twist And Shout,Mary Chapin Carpenter,12,18,
1991-10-05,16,As Simple As That,Mike Reid,18,13,Gains In Performance
1991-10-05,17,A Picture Of Me (Without You),Lorrie Morgan,21,10,Gains In Performance
1991-10-05,18,Since I Don't Have You,Ronnie Milsap,10,13,
1991-10-05,19,Nothing's Changed Here,Dwight Yoakam,20,9,
1991-10-05,20,Put Yourself In My Place,Pam Tillis,22,8,Gains In Performance
1991-10-05,21,Tempted,Marty Stuart,25,8,Gains In Performance
1991-10-05,22,Down To My Last Teardrop,Tanya Tucker,14,16,
1991-10-05,23,You Know Me Better Than That,George Strait,19,17,
1991-10-05,24,Light At The End Of The Tunnel,B.B. Watson,28,9,Gains In Performance
1991-10-05,25,Like We Never Had A Broken Heart,Trisha Yearwood,34,4,Gains In Performance
1991-10-05,26,She's Got A Man On Her Mind,Conway Twitty,35,7,Gains In Performance
1991-10-05,27,Then Again,Alabama,61,2,
1991-10-05,28,Hurt Me Bad (In A Real Good Way),Patty Loveless,41,5,Gains In Performance
1991-10-05,29,Same Old Star,McBride & The Ride,36,10,Gains In Performance
1991-10-05,30,Here We Are,Alabama,26,18,
1991-10-05,31,Here's A Quarter (Call Someone Who Cares),Travis Tritt,31,19,
1991-10-05,32,Speak Of The Devil,Pirates Of The Mississippi,29,11,
1991-10-05,33,Forever Together,Randy Travis,47,2,Gains In Performance
1991-10-05,34,For Crying Out Loud,Davis Daniel,39,6,Gains In Performance
1991-10-05,35,You Don't Count The Cost,Billy Dean,43,4,Gains In Performance
1991-10-05,36,Fallin' Out Of Love,Reba McEntire,30,20,
1991-10-05,37,Shadow Of A Doubt,Earl Thomas Conley,27,19,
1991-10-05,38,One Love,Carlene Carter,33,9,
1991-10-05,39,You Couldn't Get The Picture,George Jones,45,6,Gains In Performance
1991-10-05,40,Someday Soon,Suzy Bogguss,53,4,Gains In Performance
1991-10-05,41,Some Guys Have All The Love,Little Texas,51,4,Gains In Performance
1991-10-05,42,Life's Too Long (To Live Like This),Ricky Skaggs,52,8,Gains In Performance
1991-10-05,43,John Deere Tractor,The Judds,48,4,Gains In Performance
1991-10-05,44,Liza Jane,Vince Gill,44,17,
1991-10-05,45,Silver And Gold,Dolly Parton,46,18,
1991-10-05,46,Whole Lotta Holes,Kathy Mattea,40,14,
1991-10-05,47,The Blame,Highway 101,57,4,Gains In Performance
1991-10-05,48,Even Now,Exile,49,16,
1991-10-05,49,Calloused Hands,Mark Collie,38,15,
1991-10-05,50,When You Were Mine,Shenandoah,58,5,Gains In Performance
1991-10-05,51,The Garden,Vern Gosdin,54,7,
1991-10-05,52,All I Can Be (Is A Sweet Memory),Collin Raye,50,18,
1991-10-05,53,Look At Us,Vince Gill,62,3,Gains In Performance
1991-10-05,54,She Made A Memory Out Of Me,Aaron Tippin,56,7,Gains In Performance
1991-10-05,55,Hang Up The Phone,Eddie Rabbitt,55,8,
1991-10-05,56,Still Burnin' For You,Rob Crosby,59,2,Gains In Performance
1991-10-05,57,The Chill Of An Early Fall,George Strait,NEW,1,Highest ranking debut|Gains In Performance
1991-10-05,58,This Time I Hurt Her More (Than She Loves Me),Neal McCoy,64,5,Gains In Performance
1991-10-05,59,Leave Him Out Of This,Steve Wariner,69,2,Gains In Performance
1991-10-05,60,Everyday,Anne Murray,NEW,1,Gains In Performance
1991-10-12,1,Keep It Between The Lines,Ricky Van Shelton,9,8,Gains In Performance
1991-10-12,2,The Walk,Sawyer Brown,5,13,Gains In Performance
1991-10-12,3,Where Are You Now,Clint Black,1,12,
1991-10-12,4,Mirror Mirror,Diamond Rio,6,13,Gains In Performance
1991-10-12,5,Rodeo,Garth Brooks,3,9,
1991-10-12,6,Ball And Chain,Paul Overstreet,8,13,Gains In Performance
1991-10-12,7,New Way (To Light Up An Old Flame),Joe Diffie,7,11,Gains In Performance
1991-10-12,8,Leap Of Faith,Lionel Cartwright,2,15,
1991-10-12,9,I Thought It Was You,Doug Stone,4,13,
1991-10-12,10,Someday,Alan Jackson,13,7,Gains In Performance
1991-10-12,11,Anymore,Travis Tritt,14,5,Gains In Performance
1991-10-12,12,Your Love Is A Miracle,Mark Chesnutt,10,14,
1991-10-12,13,Brand New Man,Brooks & Dunn,11,17,
1991-10-12,14,Brotherly Love,Keith Whitley & Earl Thomas Conley,12,6,
1991-10-12,15,As Simple As That,Mike Reid,16,14,Gains In Performance
1991-10-12,16,A Picture Of Me (Without You),Lorrie Morgan,17,11,Gains In Performance
1991-10-12,17,Put Yourself In My Place,Pam Tillis,20,9,Gains In Performance
1991-10-12,18,Nothing's Changed Here,Dwight Yoakam,19,10,Gains In Performance
1991-10-12,19,Tempted,Marty Stuart,21,9,Gains In Performance
1991-10-12,20,Like We Never Had A Broken Heart,Trisha Yearwood,25,5,Gains In Performance
1991-10-12,21,Down At The Twist And Shout,Mary Chapin Carpenter,15,19,
1991-10-12,22,Hurt Me Bad (In A Real Good Way),Patty Loveless,28,6,Gains In Performance
1991-10-12,23,Light At The End Of The Tunnel,B.B. Watson,24,10,Gains In Performance
1991-10-12,24,Then Again,Alabama,27,3,Gains In Performance
1991-10-12,25,She's Got A Man On Her Mind,Conway Twitty,26,8,Gains In Performance
1991-10-12,26,Forever Together,Randy Travis,33,3,Gains In Performance
1991-10-12,27,For Crying Out Loud,Davis Daniel,34,7,Gains In Performance
1991-10-12,28,Same Old Star,McBride & The Ride,29,11,Gains In Performance
1991-10-12,29,You Don't Count The Cost,Billy Dean,35,5,Gains In Performance
1991-10-12,30,Down To My Last Teardrop,Tanya Tucker,22,17,
1991-10-12,31,You Know Me Better Than That,George Strait,23,18,
1991-10-12,32,Since I Don't Have You,Ronnie Milsap,18,14,
1991-10-12,33,Here's A Quarter (Call Someone Who Cares),Travis Tritt,31,20,
1991-10-12,34,Here We Are,Alabama,30,19,
1991-10-12,35,Shadow Of A Doubt,Earl Thomas Conley,37,20,
1991-10-12,36,You Couldn't Get The Picture,George Jones,39,7,Gains In Performance
1991-10-12,37,The Chill Of An Early Fall,George Strait,57,2,
1991-10-12,38,Some Guys Have All The Love,Little Texas,41,5,Gains In Performance
1991-10-12,39,Life's Too Long (To Live Like This),Ricky Skaggs,42,9,Gains In Performance
1991-10-12,40,Someday Soon,Suzy Bogguss,40,5,Gains In Performance
1991-10-12,41,John Deere Tractor,The Judds,43,5,Gains In Performance
1991-10-12,42,When You Were Mine,Shenandoah,50,6,Gains In Performance
1991-10-12,43,Look At Us,Vince Gill,53,4,Gains In Performance
1991-10-12,44,Speak Of The Devil,Pirates Of The Mississippi,32,12,
1991-10-12,45,The Blame,Highway 101,47,5,Gains In Performance
1991-10-12,46,Still Burnin' For You,Rob Crosby,56,3,Gains In Performance
1991-10-12,47,Leave Him Out Of This,Steve Wariner,59,3,Gains In Performance
1991-10-12,48,Liza Jane,Vince Gill,44,18,
1991-10-12,49,Silver And Gold,Dolly Parton,45,19,
1991-10-12,50,All I Can Be (Is A Sweet Memory),Collin Raye,52,19,
1991-10-12,51,The Garden,Vern Gosdin,51,8,
1991-10-12,52,Even Now,Exile,48,17,
1991-10-12,53,This Time I Hurt Her More (Than She Loves Me),Neal McCoy,58,6,Gains In Performance
1991-10-12,54,She Made A Memory Out Of Me,Aaron Tippin,54,8,
1991-10-12,55,Whole Lotta Holes,Kathy Mattea,46,15,
1991-10-12,56,One Love,Carlene Carter,38,10,
1991-10-12,57,Between A Rock And A Heartache,Lee Greenwood,62,2,Gains In Performance
1991-10-12,58,Hang Up The Phone,Eddie Rabbitt,55,9,
1991-10-12,59,Everyday,Anne Murray,60,2,Gains In Performance
1991-10-12,60,Calloused Hands,Mark Collie,49,16,
1991-10-19,1,Keep It Between The Lines,Ricky Van Shelton,1,9,Gains In Performance
1991-10-19,2,New Way (To Light Up An Old Flame),Joe Diffie,7,12,Gains In Performance
1991-10-19,3,Mirror Mirror,Diamond Rio,4,14,Gains In Performance
1991-10-19,4,Someday,Alan Jackson,10,8,Gains In Performance
1991-10-19,5,Ball And Chain,Paul Overstreet,6,14,
1991-10-19,6,The Walk,Sawyer Brown,2,14,
1991-10-19,7,Anymore,Travis Tritt,11,6,Gains In Performance
1991-10-19,8,Where Are You Now,Clint Black,3,13,
1991-10-19,9,I Thought It Was You,Doug Stone,9,14,
1991-10-19,10,Rodeo,Garth Brooks,5,10,
1991-10-19,11,Leap Of Faith,Lionel Cartwright,8,16,
1991-10-19,12,Your Love Is A Miracle,Mark Chesnutt,12,15,
1991-10-19,13,Brotherly Love,Keith Whitley & Earl Thomas Conley,14,7,
1991-10-19,14,As Simple As That,Mike Reid,15,15,
1991-10-19,15,Put Yourself In My Place,Pam Tillis,17,10,Gains In Performance
1991-10-19,16,Tempted,Marty Stuart,19,10,Gains In Performance
1991-10-19,17,Like We Never Had A Broken Heart,Trisha Yearwood,20,6,Gains In Performance
1991-10-19,18,A Picture Of Me (Without You),Lorrie Morgan,16,12,
1991-10-19,19,Nothing's Changed Here,Dwight Yoakam,18,11,
1991-10-19,20,Hurt Me Bad (In A Real Good Way),Patty Loveless,22,7,Gains In Performance
1991-10-19,21,Forever Together,Randy Travis,26,4,Gains In Performance
1991-10-19,22,Then Again,Alabama,24,4,Gains In Performance
1991-10-19,23,Brand New Man,Brooks & Dunn,13,18,
1991-10-19,24,She's Got A Man On Her Mind,Conway Twitty,25,9,Gains In Performance
1991-10-19,25,You Don't Count The Cost,Billy Dean,29,6,Gains In Performance
1991-10-19,26,Light At The End Of The Tunnel,B.B. Watson,23,11,Gains In Performance
1991-10-19,27,For Crying Out Loud,Davis Daniel,27,8,Gains In Performance
1991-10-19,28,Down At The Twist And Shout,Mary Chapin Carpenter,21,20,
1991-10-19,29,Same Old Star,McBride & The Ride,28,12,
1991-10-19,30,Down To My Last Teardrop,Tanya Tucker,30,18,
1991-10-19,31,You Know Me Better Than That,George Strait,31,19,
1991-10-19,32,The Chill Of An Early Fall,George Strait,37,3,Gains In Performance
1991-10-19,33,Shameless,Garth Brooks,NEW,1,Highest ranking debut|Gains In Performance
1991-10-19,34,Some Guys Have All The Love,Little Texas,38,6,Gains In Performance
1991-10-19,35,Since I Don't Have You,Ronnie Milsap,32,15,
1991-10-19,36,You Couldn't Get The Picture,George Jones,36,8,Gains In Performance
1991-10-19,37,Someday Soon,Suzy Bogguss,40,6,Gains In Performance
1991-10-19,38,Here We Are,Alabama,34,20,
1991-10-19,39,Life's Too Long (To Live Like This),Ricky Skaggs,39,10,Gains In Performance
1991-10-19,40,For My Broken Heart,Reba McEntire,64,2,
1991-10-19,41,John Deere Tractor,The Judds,41,6,
1991-10-19,42,When You Were Mine,Shenandoah,42,7,Gains In Performance
1991-10-19,43,Look At Us,Vince Gill,43,5,Gains In Performance
1991-10-19,44,The Blame,Highway 101,45,6,Gains In Performance
1991-10-19,45,Leave Him Out Of This,Steve Wariner,47,4,Gains In Performance
1991-10-19,46,Still Burnin' For You,Rob Crosby,46,4,Gains In Performance
1991-10-19,47,Liza Jane,Vince Gill,48,19,
1991-10-19,48,You Can Depend On Me,Restless Heart,NEW,1,Gains In Performance
1991-10-19,49,Silver And Gold,Dolly Parton,49,20,
1991-10-19,50,This Time I Hurt Her More (Than She Loves Me),Neal McCoy,53,7,Gains In Performance
1991-10-19,51,My Next Broken Heart,Brooks & Dunn,63,2,Gains In Performance
1991-10-19,52,Even Now,Exile,52,18,
1991-10-19,53,Between A Rock And A Heartache,Lee Greenwood,57,3,Gains In Performance
1991-10-19,54,Speak Of The Devil,Pirates Of The Mississippi,44,13,
1991-10-19,55,All I Can Be (Is A Sweet Memory),Collin Raye,50,20,
1991-10-19,56,Everyday,Anne Murray,59,3,Gains In Performance
1991-10-19,57,You Can Go Home,The Desert Rose Band,61,3,Gains In Performance
1991-10-19,58,(Without You) What Do I Do With Me,Tanya Tucker,72,2,Gains In Performance
1991-10-19,59,A Long Time Ago,The Remingtons,69,2,Gains In Performance
1991-10-19,60,Baby On Board,The Oak Ridge Boys,62,3,Gains In Performance
1991-10-26,1,Anymore,Travis Tritt,7,7,Gains In Performance
1991-10-26,2,New Way (To Light Up An Old Flame),Joe Diffie,2,13,
1991-10-26,3,Someday,Alan Jackson,4,9,Gains In Performance
1991-10-26,4,Keep It Between The Lines,Ricky Van Shelton,1,10,
1991-10-26,5,Brotherly Love,Keith Whitley & Earl Thomas Conley,13,8,Gains In Performance
1991-10-26,6,Mirror Mirror,Diamond Rio,3,15,
1991-10-26,7,Ball And Chain,Paul Overstreet,5,15,
1991-10-26,8,The Walk,Sawyer Brown,6,15,
1991-10-26,9,Tempted,Marty Stuart,16,11,Gains In Performance
1991-10-26,10,A Picture Of Me (Without You),Lorrie Morgan,18,13,Gains In Performance
1991-10-26,11,Where Are You Now,Clint Black,8,14,
1991-10-26,12,Like We Never Had A Broken Heart,Trisha Yearwood,17,7,Gains In Performance
1991-10-26,13,Put Yourself In My Place,Pam Tillis,15,11,Gains In Performance
1991-10-26,14,Hurt Me Bad (In A Real Good Way),Patty Loveless,20,8,Gains In Performance
1991-10-26,15,Shameless,Garth Brooks,33,2,Gains In Performance
1991-10-26,16,Leap Of Faith,Lionel Cartwright,11,17,
1991-10-26,17,Nothing's Changed Here,Dwight Yoakam,19,12,Gains In Performance
1991-10-26,18,Forever Together,Randy Travis,21,5,Gains In Performance
1991-10-26,19,I Thought It Was You,Doug Stone,9,15,
1991-10-26,20,Then Again,Alabama,22,5,Gains In Performance
1991-10-26,21,You Don't Count The Cost,Billy Dean,25,7,Gains In Performance
1991-10-26,22,Your Love Is A Miracle,Mark Chesnutt,12,16,
1991-10-26,23,As Simple As That,Mike Reid,14,16,
1991-10-26,24,Rodeo,Garth Brooks,10,11,
1991-10-26,25,For Crying Out Loud,Davis Daniel,27,9,Gains In Performance
1991-10-26,26,The Chill Of An Early Fall,George Strait,32,4,
1991-10-26,27,She's Got A Man On Her Mind,Conway Twitty,24,10,
1991-10-26,28,Some Guys Have All The Love,Little Texas,34,7,Gains In Performance
1991-10-26,29,Brand New Man,Brooks & Dunn,23,19,
1991-10-26,30,Light At The End Of The Tunnel,B.B. Watson,26,12,
1991-10-26,31,Someday Soon,Suzy Bogguss,37,7,Gains In Performance
1991-10-26,32,For My Broken Heart,Reba McEntire,40,3,Gains In Performance
1991-10-26,33,You Couldn't Get The Picture,George Jones,36,9,Gains In Performance
1991-10-26,34,You Know Me Better Than That,George Strait,31,20,
1991-10-26,35,Down To My Last Teardrop,Tanya Tucker,30,19,
1991-10-26,36,Same Old Star,McBride & The Ride,29,13,
1991-10-26,37,Life's Too Long (To Live Like This),Ricky Skaggs,39,11,Gains In Performance
1991-10-26,38,When You Were Mine,Shenandoah,42,8,Gains In Performance
1991-10-26,39,Leave Him Out Of This,Steve Wariner,45,5,Gains In Performance
1991-10-26,40,Since I Don't Have You,Ronnie Milsap,35,16,
1991-10-26,41,Look At Us,Vince Gill,43,6,Gains In Performance
1991-10-26,42,Still Burnin' For You,Rob Crosby,46,5,Gains In Performance
1991-10-26,43,John Deere Tractor,The Judds,41,7,
1991-10-26,44,The Blame,Highway 101,44,7,Gains In Performance
1991-10-26,45,My Next Broken Heart,Brooks & Dunn,51,3,Gains In Performance
1991-10-26,46,You Can Depend On Me,Restless Heart,48,2,Gains In Performance
1991-10-26,47,Liza Jane,Vince Gill,47,20,
1991-10-26,48,Between A Rock And A Heartache,Lee Greenwood,53,4,Gains In Performance
1991-10-26,49,(Without You) What Do I Do With Me,Tanya Tucker,58,3,Gains In Performance
1991-10-26,50,This Time I Hurt Her More (Than She Loves Me),Neal McCoy,50,8,
1991-10-26,51,A Long Time Ago,The Remingtons,59,3,Gains In Performance
1991-10-26,52,Even Now,Exile,52,19,
1991-10-26,53,You Can Go Home,The Desert Rose Band,57,4,Gains In Performance
1991-10-26,54,Baby On Board,The Oak Ridge Boys,60,4,Gains In Performance
1991-10-26,55,Eagle When She Flies,Dolly Parton,70,2,Gains In Performance
1991-10-26,56,Everyday,Anne Murray,56,4,
1991-10-26,57,Asking Us To Dance,Kathy Mattea,72,2,Gains In Performance
1991-10-26,58,Don't Throw Me In THe Briarpatch,Keith Palmer,63,5,Gains In Performance
1991-10-26,59,Cadillac Style,Sammy Kershaw,64,3,Gains In Performance
1991-10-26,60,Whole Lotta Holes,Kathy Mattea,61,17,
1991-11-02,1,Anymore,Travis Tritt,1,8,Gains In Performance
1991-11-02,2,Someday,Alan Jackson,3,10,Gains In Performance
1991-11-02,3,New Way (To Light Up An Old Flame),Joe Diffie,2,14,
1991-11-02,4,Keep It Between The Lines,Ricky Van Shelton,4,11,
1991-11-02,5,Tempted,Marty Stuart,9,12,Gains In Performance
1991-11-02,6,Shameless,Garth Brooks,15,3,Gains In Performance
1991-11-02,7,Brotherly Love,Keith Whitley & Earl Thomas Conley,5,9,
1991-11-02,8,Like We Never Had A Broken Heart,Trisha Yearwood,12,8,Gains In Performance
1991-11-02,9,A Picture Of Me (Without You),Lorrie Morgan,10,14,Gains In Performance
1991-11-02,10,Hurt Me Bad (In A Real Good Way),Patty Loveless,14,9,Gains In Performance
1991-11-02,11,Put Yourself In My Place,Pam Tillis,13,12,Gains In Performance
1991-11-02,12,Then Again,Alabama,20,6,Gains In Performance
1991-11-02,13,Forever Together,Randy Travis,18,6,Gains In Performance
1991-11-02,14,Mirror Mirror,Diamond Rio,6,16,
1991-11-02,15,Nothing's Changed Here,Dwight Yoakam,17,13,Gains In Performance
1991-11-02,16,Where Are You Now,Clint Black,11,15,
1991-11-02,17,The Chill Of An Early Fall,George Strait,26,5,Gains In Performance
1991-11-02,18,You Don't Count The Cost,Billy Dean,21,8,Gains In Performance
1991-11-02,19,For Crying Out Loud,Davis Daniel,25,10,Gains In Performance
1991-11-02,20,The Walk,Sawyer Brown,8,16,
1991-11-02,21,Ball And Chain,Paul Overstreet,7,16,
1991-11-02,22,She's Got A Man On Her Mind,Conway Twitty,27,11,Gains In Performance
1991-11-02,23,For My Broken Heart,Reba McEntire,32,4,
1991-11-02,24,Some Guys Have All The Love,Little Texas,28,8,Gains In Performance
1991-11-02,25,Leap Of Faith,Lionel Cartwright,16,18,
1991-11-02,26,I Thought It Was You,Doug Stone,19,16,
1991-11-02,27,Someday Soon,Suzy Bogguss,31,8,Gains In Performance
1991-11-02,28,Your Love Is A Miracle,Mark Chesnutt,22,17,
1991-11-02,29,Brand New Man,Brooks & Dunn,29,20,
1991-11-02,30,Look At Us,Vince Gill,41,7,Gains In Performance
1991-11-02,31,Rodeo,Garth Brooks,24,12,
1991-11-02,32,You Couldn't Get The Picture,George Jones,33,10,
1991-11-02,33,Leave Him Out Of This,Steve Wariner,39,6,Gains In Performance
1991-11-02,34,You Can Depend On Me,Restless Heart,46,3,Gains In Performance
1991-11-02,35,As Simple As That,Mike Reid,23,17,
1991-11-02,36,My Next Broken Heart,Brooks & Dunn,45,4,Gains In Performance
1991-11-02,37,Down To My Last Teardrop,Tanya Tucker,35,20,
1991-11-02,38,The Blame,Highway 101,44,8,Gains In Performance
1991-11-02,39,Still Burnin' For You,Rob Crosby,42,6,Gains In Performance
1991-11-02,40,John Deere Tractor,The Judds,43,8,Gains In Performance
1991-11-02,41,Life's Too Long (To Live Like This),Ricky Skaggs,37,12,
1991-11-02,42,Since I Don't Have You,Ronnie Milsap,40,17,
1991-11-02,43,Light At The End Of The Tunnel,B.B. Watson,30,13,
1991-11-02,44,When You Were Mine,Shenandoah,38,9,
1991-11-02,45,(Without You) What Do I Do With Me,Tanya Tucker,49,4,Gains In Performance
1991-11-02,46,Between A Rock And A Heartache,Lee Greenwood,48,5,Gains In Performance
1991-11-02,47,A Long Time Ago,The Remingtons,51,4,Gains In Performance
1991-11-02,48,Same Old Star,McBride & The Ride,36,14,
1991-11-02,49,Eagle When She Flies,Dolly Parton,55,3,Gains In Performance
1991-11-02,50,This Time I Hurt Her More (Than She Loves Me),Neal McCoy,50,9,Gains In Performance
1991-11-02,51,"Love, Me",Collin Raye,61,3,Gains In Performance
1991-11-02,52,Baby On Board,The Oak Ridge Boys,54,5,Gains In Performance
1991-11-02,53,Asking Us To Dance,Kathy Mattea,57,3,Gains In Performance
1991-11-02,54,Don't Throw Me In THe Briarpatch,Keith Palmer,58,6,Gains In Performance
1991-11-02,55,Cadillac Style,Sammy Kershaw,59,4,Gains In Performance
1991-11-02,56,You Can Go Home,The Desert Rose Band,53,5,
1991-11-02,57,Even Now,Exile,52,20,
1991-11-02,58,Going Out Tonight,Mary Chapin Carpenter,62,2,Gains In Performance
1991-11-02,59,Everyday,Anne Murray,56,5,
1991-11-02,60,Hold On Partner,Roy Rogers & Clint Black,NEW,1,Highest ranking debut|Gains In Performance
1991-11-09,1,Someday,Alan Jackson,2,11,Gains In Performance
1991-11-09,2,Anymore,Travis Tritt,1,9,
1991-11-09,3,Brotherly Love,Keith Whitley & Earl Thomas Conley,7,10,Gains In Performance
1991-11-09,4,Shameless,Garth Brooks,6,4,Gains In Performance
1991-11-09,5,Like We Never Had A Broken Heart,Trisha Yearwood,8,9,Gains In Performance
1991-11-09,6,Hurt Me Bad (In A Real Good Way),Patty Loveless,10,10,Gains In Performance
1991-11-09,7,Tempted,Marty Stuart,5,13,
1991-11-09,8,Then Again,Alabama,12,7,Gains In Performance
1991-11-09,9,A Picture Of Me (Without You),Lorrie Morgan,9,15,
1991-11-09,10,New Way (To Light Up An Old Flame),Joe Diffie,3,15,
1991-11-09,11,Forever Together,Randy Travis,13,7,Gains In Performance
1991-11-09,12,Keep It Between The Lines,Ricky Van Shelton,4,12,
1991-11-09,13,You Don't Count The Cost,Billy Dean,18,9,Gains In Performance
1991-11-09,14,The Chill Of An Early Fall,George Strait,17,6,Gains In Performance
1991-11-09,15,Put Yourself In My Place,Pam Tillis,11,13,
1991-11-09,16,For My Broken Heart,Reba McEntire,23,5,Gains In Performance
1991-11-09,17,Some Guys Have All The Love,Little Texas,24,9,Gains In Performance
1991-11-09,18,Nothing's Changed Here,Dwight Yoakam,15,14,
1991-11-09,19,For Crying Out Loud,Davis Daniel,19,11,Gains In Performance
1991-11-09,20,Where Are You Now,Clint Black,16,16,
1991-11-09,21,Someday Soon,Suzy Bogguss,27,9,Gains In Performance
1991-11-09,22,Mirror Mirror,Diamond Rio,14,17,
1991-11-09,23,Look At Us,Vince Gill,30,8,Gains In Performance
1991-11-09,24,She's Got A Man On Her Mind,Conway Twitty,22,12,
1991-11-09,25,Leap Of Faith,Lionel Cartwright,25,19,
1991-11-09,26,My Next Broken Heart,Brooks & Dunn,36,5,
1991-11-09,27,You Can Depend On Me,Restless Heart,34,4,Gains In Performance
1991-11-09,28,The Walk,Sawyer Brown,20,17,
1991-11-09,29,Leave Him Out Of This,Steve Wariner,33,7,Gains In Performance
1991-11-09,30,I Thought It Was You,Doug Stone,26,17,
1991-11-09,31,Ball And Chain,Paul Overstreet,21,17,
1991-11-09,32,You Couldn't Get The Picture,George Jones,32,11,Gains In Performance
1991-11-09,33,Your Love Is A Miracle,Mark Chesnutt,28,18,
1991-11-09,34,Still Burnin' For You,Rob Crosby,39,7,Gains In Performance
1991-11-09,35,John Deere Tractor,The Judds,40,9,Gains In Performance
1991-11-09,36,The Blame,Highway 101,38,9,Gains In Performance
1991-11-09,37,Rodeo,Garth Brooks,31,13,
1991-11-09,38,(Without You) What Do I Do With Me,Tanya Tucker,45,5,Gains In Performance
1991-11-09,39,A Long Time Ago,The Remingtons,47,5,Gains In Performance
1991-11-09,40,"Love, Me",Collin Raye,51,4,Gains In Performance
1991-11-09,41,Eagle When She Flies,Dolly Parton,49,4,Gains In Performance
1991-11-09,42,As Simple As That,Mike Reid,35,18,
1991-11-09,43,Life's Too Long (To Live Like This),Ricky Skaggs,41,13,
1991-11-09,44,Since I Don't Have You,Ronnie Milsap,42,18,
1991-11-09,45,Cadillac Style,Sammy Kershaw,55,5,Gains In Performance
1991-11-09,46,Between A Rock And A Heartache,Lee Greenwood,46,6,Gains In Performance
1991-11-09,47,Going Out Tonight,Mary Chapin Carpenter,58,3,Gains In Performance
1991-11-09,48,Hold On Partner,Roy Rogers & Clint Black,60,2,Gains In Performance
1991-11-09,49,Baby On Board,The Oak Ridge Boys,52,6,Gains In Performance
1991-11-09,50,Asking Us To Dance,Kathy Mattea,53,4,Gains In Performance
1991-11-09,51,When You Were Mine,Shenandoah,44,10,
1991-11-09,52,Broken Promise Land,Mark Chesnutt,64,3,Gains In Performance
1991-11-09,53,Light At The End Of The Tunnel,B.B. Watson,43,14,
1991-11-09,54,Don't Throw Me In THe Briarpatch,Keith Palmer,54,7,Gains In Performance
1991-11-09,55,Same Old Star,McBride & The Ride,48,15,
1991-11-09,56,I Know Where Love Lives,Hal Ketchum,61,3,Gains In Performance
1991-11-09,57,This Time I Hurt Her More (Than She Loves Me),Neal McCoy,50,10,
1991-11-09,58,You Can Go Home,The Desert Rose Band,56,6,
1991-11-09,59,Everyday,Anne Murray,59,6,
1991-11-09,60,She's Never Comin' Back,Mark Collie,67,3,Gains In Performance
1991-11-16,1,Shameless,Garth Brooks,4,5,Gains In Performance
1991-11-16,2,Brotherly Love,Keith Whitley & Earl Thomas Conley,3,11,Gains In Performance
1991-11-16,3,Someday,Alan Jackson,1,12,
1991-11-16,4,Anymore,Travis Tritt,2,10,
1991-11-16,5,Hurt Me Bad (In A Real Good Way),Patty Loveless,6,11,Gains In Performance
1991-11-16,6,Like We Never Had A Broken Heart,Trisha Yearwood,5,10,Gains In Performance
1991-11-16,7,Forever Together,Randy Travis,11,8,Gains In Performance
1991-11-16,8,Then Again,Alabama,8,8,Gains In Performance
1991-11-16,9,The Chill Of An Early Fall,George Strait,14,7,Gains In Performance
1991-11-16,10,You Don't Count The Cost,Billy Dean,13,10,Gains In Performance
1991-11-16,11,For My Broken Heart,Reba McEntire,16,6,Gains In Performance
1991-11-16,12,Tempted,Marty Stuart,7,14,
1991-11-16,13,Some Guys Have All The Love,Little Texas,17,10,Gains In Performance
1991-11-16,14,For Crying Out Loud,Davis Daniel,19,12,Gains In Performance
1991-11-16,15,Keep It Between The Lines,Ricky Van Shelton,12,13,
1991-11-16,16,New Way (To Light Up An Old Flame),Joe Diffie,10,16,
1991-11-16,17,Someday Soon,Suzy Bogguss,21,10,Gains In Performance
1991-11-16,18,My Next Broken Heart,Brooks & Dunn,26,6,Gains In Performance
1991-11-16,19,Look At Us,Vince Gill,23,9,Gains In Performance
1991-11-16,20,You Can Depend On Me,Restless Heart,27,5,Gains In Performance
1991-11-16,21,A Picture Of Me (Without You),Lorrie Morgan,9,16,
1991-11-16,22,Leave Him Out Of This,Steve Wariner,29,8,Gains In Performance
1991-11-16,23,Still Burnin' For You,Rob Crosby,34,8,Gains In Performance
1991-11-16,24,Where Are You Now,Clint Black,20,17,
1991-11-16,25,Nothing's Changed Here,Dwight Yoakam,18,15,
1991-11-16,26,Put Yourself In My Place,Pam Tillis,15,14,
1991-11-16,27,Leap Of Faith,Lionel Cartwright,25,20,
1991-11-16,28,"Love, Me",Collin Raye,40,5,
1991-11-16,29,Mirror Mirror,Diamond Rio,22,18,
1991-11-16,30,Ball And Chain,Paul Overstreet,31,18,
1991-11-16,31,(Without You) What Do I Do With Me,Tanya Tucker,38,6,Gains In Performance
1991-11-16,32,John Deere Tractor,The Judds,35,10,Gains In Performance
1991-11-16,33,The Walk,Sawyer Brown,28,18,
1991-11-16,34,A Long Time Ago,The Remingtons,39,6,Gains In Performance
1991-11-16,35,I Thought It Was You,Doug Stone,30,18,
1991-11-16,36,The Blame,Highway 101,36,10,Gains In Performance
1991-11-16,37,Your Love Is A Miracle,Mark Chesnutt,33,19,
1991-11-16,38,You Couldn't Get The Picture,George Jones,32,12,
1991-11-16,39,Going Out Tonight,Mary Chapin Carpenter,47,4,Gains In Performance
1991-11-16,40,Cadillac Style,Sammy Kershaw,45,6,Gains In Performance
1991-11-16,41,Eagle When She Flies,Dolly Parton,41,5,Gains In Performance
1991-11-16,42,She's Got A Man On Her Mind,Conway Twitty,24,13,
1991-11-16,43,Rodeo,Garth Brooks,37,14,
1991-11-16,44,Broken Promise Land,Mark Chesnutt,52,4,Gains In Performance
1991-11-16,45,Asking Us To Dance,Kathy Mattea,50,5,Gains In Performance
1991-11-16,46,Baby On Board,The Oak Ridge Boys,49,7,Gains In Performance
1991-11-16,47,I Know Where Love Lives,Hal Ketchum,56,4,Gains In Performance
1991-11-16,48,Hold On Partner,Roy Rogers & Clint Black,48,3,Gains In Performance
1991-11-16,49,Since I Don't Have You,Ronnie Milsap,44,19,
1991-11-16,50,As Simple As That,Mike Reid,42,19,
1991-11-16,51,Sticks And Stones,Tracy Lawrence,70,2,Gains In Performance
1991-11-16,52,Between A Rock And A Heartache,Lee Greenwood,46,7,
1991-11-16,53,She's Never Comin' Back,Mark Collie,60,4,Gains In Performance
1991-11-16,54,Don't Throw Me In THe Briarpatch,Keith Palmer,54,8,
1991-11-16,55,A Jukebox With A Country Song,Doug Stone,NEW,1,Highest ranking debut|Gains In Performance
1991-11-16,56,Light At The End Of The Tunnel,B.B. Watson,53,15,
1991-11-16,57,Same Old Star,McBride & The Ride,55,16,
1991-11-16,58,Life's Too Long (To Live Like This),Ricky Skaggs,43,14,
1991-11-16,59,You Can Go Home,The Desert Rose Band,58,7,
1991-11-16,60,Fighting For You,Pirates Of The Mississippi,61,3,Gains In Performance
1991-11-23,1,Shameless,Garth Brooks,1,6,Gains In Performance
1991-11-23,2,Forever Together,Randy Travis,7,9,Gains In Performance
1991-11-23,3,Hurt Me Bad (In A Real Good Way),Patty Loveless,5,12,Gains In Performance
1991-11-23,4,Like We Never Had A Broken Heart,Trisha Yearwood,6,11,Gains In Performance
1991-11-23,5,For My Broken Heart,Reba McEntire,11,7,Gains In Performance
1991-11-23,6,Then Again,Alabama,8,9,Gains In Performance
1991-11-23,7,You Don't Count The Cost,Billy Dean,10,11,Gains In Performance
1991-11-23,8,The Chill Of An Early Fall,George Strait,9,8,Gains In Performance
1991-11-23,9,Brotherly Love,Keith Whitley & Earl Thomas Conley,2,12,
1991-11-23,10,Anymore,Travis Tritt,4,11,
1991-11-23,11,Someday,Alan Jackson,3,13,
1991-11-23,12,My Next Broken Heart,Brooks & Dunn,18,7,Gains In Performance
1991-11-23,13,Some Guys Have All The Love,Little Texas,13,11,Gains In Performance
1991-11-23,14,Someday Soon,Suzy Bogguss,17,11,Gains In Performance
1991-11-23,15,You Can Depend On Me,Restless Heart,20,6,Gains In Performance
1991-11-23,16,For Crying Out Loud,Davis Daniel,14,13,
1991-11-23,17,Look At Us,Vince Gill,19,10,Gains In Performance
1991-11-23,18,Leave Him Out Of This,Steve Wariner,22,9,Gains In Performance
1991-11-23,19,"Love, Me",Collin Raye,28,6,Gains In Performance
1991-11-23,20,Keep It Between The Lines,Ricky Van Shelton,15,14,
1991-11-23,21,(Without You) What Do I Do With Me,Tanya Tucker,31,7,Gains In Performance
1991-11-23,22,A Long Time Ago,The Remingtons,34,7,Gains In Performance
1991-11-23,23,Still Burnin' For You,Rob Crosby,23,9,Gains In Performance
1991-11-23,24,Tempted,Marty Stuart,12,15,
1991-11-23,25,New Way (To Light Up An Old Flame),Joe Diffie,16,17,
1991-11-23,26,Where Are You Now,Clint Black,24,18,
1991-11-23,27,A Picture Of Me (Without You),Lorrie Morgan,21,17,
1991-11-23,28,Mirror Mirror,Diamond Rio,29,19,
1991-11-23,29,John Deere Tractor,The Judds,32,11,
1991-11-23,30,Cadillac Style,Sammy Kershaw,40,7,Gains In Performance
1991-11-23,31,The Blame,Highway 101,36,11,Gains In Performance
1991-11-23,32,Going Out Tonight,Mary Chapin Carpenter,39,5,Gains In Performance
1991-11-23,33,I Thought It Was You,Doug Stone,35,19,
1991-11-23,34,Eagle When She Flies,Dolly Parton,41,6,Gains In Performance
1991-11-23,35,Your Love Is A Miracle,Mark Chesnutt,37,20,
1991-11-23,36,Ball And Chain,Paul Overstreet,30,19,
1991-11-23,37,The Walk,Sawyer Brown,33,19,
1991-11-23,38,Sticks And Stones,Tracy Lawrence,51,3,
1991-11-23,39,Nothing's Changed Here,Dwight Yoakam,25,16,
1991-11-23,40,Broken Promise Land,Mark Chesnutt,44,5,Gains In Performance
1991-11-23,41,Put Yourself In My Place,Pam Tillis,26,15,
1991-11-23,42,I Know Where Love Lives,Hal Ketchum,47,5,Gains In Performance
1991-11-23,43,Asking Us To Dance,Kathy Mattea,45,6,Gains In Performance
1991-11-23,44,Baby On Board,The Oak Ridge Boys,46,8,Gains In Performance
1991-11-23,45,Rodeo,Garth Brooks,43,15,
1991-11-23,46,A Jukebox With A Country Song,Doug Stone,55,2,Gains In Performance
1991-11-23,47,Hold On Partner,Roy Rogers & Clint Black,48,4,Gains In Performance
1991-11-23,48,Since I Don't Have You,Ronnie Milsap,49,20,
1991-11-23,49,You Couldn't Get The Picture,George Jones,38,13,
1991-11-23,50,She's Never Comin' Back,Mark Collie,53,5,Gains In Performance
1991-11-23,51,She's Got A Man On Her Mind,Conway Twitty,42,14,
1991-11-23,52,The Dirt Road,Sawyer Brown,NEW,1,Highest ranking debut|Gains In Performance
1991-11-23,53,As Simple As That,Mike Reid,50,20,
1991-11-23,54,I'll Stop Loving You,Mike Reid,61,3,Gains In Performance
1991-11-23,55,Fighting For You,Pirates Of The Mississippi,60,4,Gains In Performance
1991-11-23,56,Don't Throw Me In THe Briarpatch,Keith Palmer,54,9,
1991-11-23,57,Light At The End Of The Tunnel,B.B. Watson,56,16,
1991-11-23,58,Little Folks,Charlie Daniels,64,4,Gains In Performance
1991-11-23,59,Between A Rock And A Heartache,Lee Greenwood,52,8,
1991-11-23,60,Mama Don't Forget To Pray For Me,Diamond Rio,73,2,Gains In Performance
1991-11-30,1,Forever Together,Randy Travis,2,10,Gains In Performance
1991-11-30,2,Shameless,Garth Brooks,1,7,
1991-11-30,3,For My Broken Heart,Reba McEntire,5,8,Gains In Performance
1991-11-30,4,You Don't Count The Cost,Billy Dean,7,12,Gains In Performance
1991-11-30,5,Then Again,Alabama,6,10,Gains In Performance
1991-11-30,6,The Chill Of An Early Fall,George Strait,8,9,Gains In Performance
1991-11-30,7,Like We Never Had A Broken Heart,Trisha Yearwood,4,12,
1991-11-30,8,Hurt Me Bad (In A Real Good Way),Patty Loveless,3,13,
1991-11-30,9,My Next Broken Heart,Brooks & Dunn,12,8,Gains In Performance
1991-11-30,10,Anymore,Travis Tritt,10,12,
1991-11-30,11,Some Guys Have All The Love,Little Texas,13,12,Gains In Performance
1991-11-30,12,Look At Us,Vince Gill,17,11,Gains In Performance
1991-11-30,13,For Crying Out Loud,Davis Daniel,16,14,Gains In Performance
1991-11-30,14,Someday Soon,Suzy Bogguss,14,12,Gains In Performance
1991-11-30,15,You Can Depend On Me,Restless Heart,15,7,Gains In Performance
1991-11-30,16,Someday,Alan Jackson,11,14,
1991-11-30,17,"Love, Me",Collin Raye,19,7,Gains In Performance
1991-11-30,18,Leave Him Out Of This,Steve Wariner,18,10,Gains In Performance
1991-11-30,19,Brotherly Love,Keith Whitley & Earl Thomas Conley,9,13,
1991-11-30,20,(Without You) What Do I Do With Me,Tanya Tucker,21,8,Gains In Performance
1991-11-30,21,Still Burnin' For You,Rob Crosby,23,10,Gains In Performance
1991-11-30,22,A Long Time Ago,The Remingtons,22,8,Gains In Performance
1991-11-30,23,Cadillac Style,Sammy Kershaw,30,8,Gains In Performance
1991-11-30,24,Going Out Tonight,Mary Chapin Carpenter,32,6,Gains In Performance
1991-11-30,25,Keep It Between The Lines,Ricky Van Shelton,20,15,
1991-11-30,26,Where Are You Now,Clint Black,26,19,
1991-11-30,27,Sticks And Stones,Tracy Lawrence,38,4,Gains In Performance
1991-11-30,28,New Way (To Light Up An Old Flame),Joe Diffie,25,18,
1991-11-30,29,Tempted,Marty Stuart,24,16,
1991-11-30,30,Broken Promise Land,Mark Chesnutt,40,6,Gains In Performance
1991-11-30,31,I Know Where Love Lives,Hal Ketchum,42,6,Gains In Performance
1991-11-30,32,A Jukebox With A Country Song,Doug Stone,46,3,
1991-11-30,33,Mirror Mirror,Diamond Rio,28,20,
1991-11-30,34,Eagle When She Flies,Dolly Parton,34,7,Gains In Performance
1991-11-30,35,Ball And Chain,Paul Overstreet,36,20,
1991-11-30,36,Asking Us To Dance,Kathy Mattea,43,7,Gains In Performance
1991-11-30,37,I Thought It Was You,Doug Stone,33,20,
1991-11-30,38,The Walk,Sawyer Brown,37,20,
1991-11-30,39,A Picture Of Me (Without You),Lorrie Morgan,27,18,
1991-11-30,40,John Deere Tractor,The Judds,29,12,
1991-11-30,41,Rodeo,Garth Brooks,45,16,
1991-11-30,42,The Blame,Highway 101,31,12,
1991-11-30,43,She's Never Comin' Back,Mark Collie,50,6,Gains In Performance
1991-11-30,44,Baby On Board,The Oak Ridge Boys,44,9,
1991-11-30,45,Hold On Partner,Roy Rogers & Clint Black,47,5,Gains In Performance
1991-11-30,46,Put Yourself In My Place,Pam Tillis,41,16,
1991-11-30,47,Nothing's Changed Here,Dwight Yoakam,39,17,
1991-11-30,48,The Dirt Road,Sawyer Brown,52,2,Gains In Performance
1991-11-30,49,I'll Stop Loving You,Mike Reid,54,4,Gains In Performance
1991-11-30,50,Fighting For You,Pirates Of The Mississippi,55,5,Gains In Performance
1991-11-30,51,Mama Don't Forget To Pray For Me,Diamond Rio,60,3,Gains In Performance
1991-11-30,52,What Kind Of Fool,Lionel Cartwright,61,3,Gains In Performance
1991-11-30,53,After The Lights Go Out,Ricky Van Shelton,NEW,1,Highest ranking debut|Gains In Performance
1991-11-30,54,You Couldn't Get The Picture,George Jones,49,14,
1991-11-30,55,Between A Rock And A Heartache,Lee Greenwood,59,9,
1991-11-30,56,If You Want To Find Love,Kenny Rogers,NEW,1,Gains In Performance
1991-11-30,57,Back To The Well,Tom Wopat,65,2,Gains In Performance
1991-11-30,58,The Whiskey Ain't Workin',Travis Tritt With Marty Stuart,75,2,Gains In Performance
1991-11-30,59,Light At The End Of The Tunnel,B.B. Watson,57,17,
1991-11-30,60,Same Old Star,McBride & The Ride,62,18,
1991-12-07,1,For My Broken Heart,Reba McEntire,3,9,Gains In Performance
1991-12-07,2,Shameless,Garth Brooks,2,8,
1991-12-07,3,My Next Broken Heart,Brooks & Dunn,9,9,Gains In Performance
1991-12-07,4,Then Again,Alabama,5,11,Gains In Performance
1991-12-07,5,Forever Together,Randy Travis,1,11,
1991-12-07,6,You Don't Count The Cost,Billy Dean,4,13,
1991-12-07,7,The Chill Of An Early Fall,George Strait,6,10,Gains In Performance
1991-12-07,8,Some Guys Have All The Love,Little Texas,11,13,Gains In Performance
1991-12-07,9,Look At Us,Vince Gill,12,12,Gains In Performance
1991-12-07,10,"Love, Me",Collin Raye,17,8,Gains In Performance
1991-12-07,11,You Can Depend On Me,Restless Heart,15,8,Gains In Performance
1991-12-07,12,Someday Soon,Suzy Bogguss,14,13,Gains In Performance
1991-12-07,13,Like We Never Had A Broken Heart,Trisha Yearwood,7,13,
1991-12-07,14,Leave Him Out Of This,Steve Wariner,18,11,Gains In Performance
1991-12-07,15,(Without You) What Do I Do With Me,Tanya Tucker,20,9,Gains In Performance
1991-12-07,16,Anymore,Travis Tritt,10,13,
1991-12-07,17,Cadillac Style,Sammy Kershaw,23,9,Gains In Performance
1991-12-07,18,A Long Time Ago,The Remingtons,22,9,Gains In Performance
1991-12-07,19,Someday,Alan Jackson,16,15,
1991-12-07,20,Hurt Me Bad (In A Real Good Way),Patty Loveless,8,14,
1991-12-07,21,Still Burnin' For You,Rob Crosby,21,11,Gains In Performance
1991-12-07,22,Sticks And Stones,Tracy Lawrence,27,5,Gains In Performance
1991-12-07,23,Brotherly Love,Keith Whitley & Earl Thomas Conley,19,14,
1991-12-07,24,Going Out Tonight,Mary Chapin Carpenter,24,7,Gains In Performance
1991-12-07,25,For Crying Out Loud,Davis Daniel,13,15,
1991-12-07,26,A Jukebox With A Country Song,Doug Stone,32,4,Gains In Performance
1991-12-07,27,Broken Promise Land,Mark Chesnutt,30,7,Gains In Performance
1991-12-07,28,I Know Where Love Lives,Hal Ketchum,31,7,Gains In Performance
1991-12-07,29,The Dirt Road,Sawyer Brown,48,3,
1991-12-07,30,Where Are You Now,Clint Black,26,20,
1991-12-07,31,Keep It Between The Lines,Ricky Van Shelton,25,16,
1991-12-07,32,New Way (To Light Up An Old Flame),Joe Diffie,28,19,
1991-12-07,33,Asking Us To Dance,Kathy Mattea,36,8,Gains In Performance
1991-12-07,34,Eagle When She Flies,Dolly Parton,34,8,Gains In Performance
1991-12-07,35,Tempted,Marty Stuart,29,17,
1991-12-07,36,She's Never Comin' Back,Mark Collie,43,7,Gains In Performance
1991-12-07,37,After The Lights Go Out,Ricky Van Shelton,53,2,Gains In Performance
1991-12-07,38,A Picture Of Me (Without You),Lorrie Morgan,39,19,
1991-12-07,39,Mama Don't Forget To Pray For Me,Diamond Rio,51,4,Gains In Performance
1991-12-07,40,I'll Stop Loving You,Mike Reid,49,5,Gains In Performance
1991-12-07,41,Rodeo,Garth Brooks,41,17,
1991-12-07,42,Hold On Partner,Roy Rogers & Clint Black,45,6,
1991-12-07,43,The Whiskey Ain't Workin',Travis Tritt With Marty Stuart,58,3,Gains In Performance
1991-12-07,44,Nothing's Changed Here,Dwight Yoakam,47,18,
1991-12-07,45,What Kind Of Fool,Lionel Cartwright,52,4,Gains In Performance
1991-12-07,46,Put Yourself In My Place,Pam Tillis,46,17,
1991-12-07,47,Fighting For You,Pirates Of The Mississippi,50,6,Gains In Performance
1991-12-07,48,If You Want To Find Love,Kenny Rogers,56,2,Gains In Performance
1991-12-07,49,John Deere Tractor,The Judds,40,13,
1991-12-07,50,The Blame,Highway 101,42,13,
1991-12-07,51,Baby On Board,The Oak Ridge Boys,44,10,
1991-12-07,52,Back To The Well,Tom Wopat,57,3,Gains In Performance
1991-12-07,53,Satisfy Me And I'll Satisfy You,Clinton Gregory,61,6,Gains In Performance
1991-12-07,54,If I Could Bottle This Up,Paul Overstreet,65,3,Gains In Performance
1991-12-07,55,Same Old Star,McBride & The Ride,60,19,
1991-12-07,56,Little Folks,Charlie Daniels,62,6,Gains In Performance
1991-12-07,57,Light At The End Of The Tunnel,B.B. Watson,59,18,
1991-12-07,58,Don't Cross Your Heart,Shelby Lynne,67,5,Gains In Performance
1991-12-07,59,You Couldn't Get The Picture,George Jones,54,15,
1991-12-07,60,Don't Throw Me In THe Briarpatch,Keith Palmer,63,11,
1991-12-14,1,For My Broken Heart,Reba McEntire,1,10,Gains In Performance
1991-12-14,2,My Next Broken Heart,Brooks & Dunn,3,10,Gains In Performance
1991-12-14,3,The Chill Of An Early Fall,George Strait,7,11,Gains In Performance
1991-12-14,4,You Don't Count The Cost,Billy Dean,6,14,
1991-12-14,5,Look At Us,Vince Gill,9,13,Gains In Performance
1991-12-14,6,Shameless,Garth Brooks,2,9,
1991-12-14,7,"Love, Me",Collin Raye,10,9,Gains In Performance
1991-12-14,8,Then Again,Alabama,4,12,
1991-12-14,9,You Can Depend On Me,Restless Heart,11,9,Gains In Performance
1991-12-14,10,Some Guys Have All The Love,Little Texas,8,14,
1991-12-14,11,Forever Together,Randy Travis,5,12,
1991-12-14,12,Leave Him Out Of This,Steve Wariner,14,12,Gains In Performance
1991-12-14,13,Sticks And Stones,Tracy Lawrence,22,6,Gains In Performance
1991-12-14,14,Someday Soon,Suzy Bogguss,12,14,
1991-12-14,15,(Without You) What Do I Do With Me,Tanya Tucker,15,10,Gains In Performance
1991-12-14,16,Cadillac Style,Sammy Kershaw,17,10,Gains In Performance
1991-12-14,17,A Long Time Ago,The Remingtons,18,10,Gains In Performance
1991-12-14,18,A Jukebox With A Country Song,Doug Stone,26,5,Gains In Performance
1991-12-14,19,Like We Never Had A Broken Heart,Trisha Yearwood,13,14,
1991-12-14,20,Still Burnin' For You,Rob Crosby,21,12,
1991-12-14,21,Going Out Tonight,Mary Chapin Carpenter,24,8,Gains In Performance
1991-12-14,22,Anymore,Travis Tritt,16,14,
1991-12-14,23,I Know Where Love Lives,Hal Ketchum,28,8,Gains In Performance
1991-12-14,24,Broken Promise Land,Mark Chesnutt,27,8,Gains In Performance
1991-12-14,25,Someday,Alan Jackson,19,16,
1991-12-14,26,The Dirt Road,Sawyer Brown,29,4,Gains In Performance
1991-12-14,27,Brotherly Love,Keith Whitley & Earl Thomas Conley,23,15,
1991-12-14,28,Hurt Me Bad (In A Real Good Way),Patty Loveless,20,15,
1991-12-14,29,Asking Us To Dance,Kathy Mattea,33,9,Gains In Performance
1991-12-14,30,The Whiskey Ain't Workin',Travis Tritt With Marty Stuart,43,4,
1991-12-14,31,For Crying Out Loud,Davis Daniel,25,16,
1991-12-14,32,New Way (To Light Up An Old Flame),Joe Diffie,32,20,
1991-12-14,33,Eagle When She Flies,Dolly Parton,34,9,
1991-12-14,34,After The Lights Go Out,Ricky Van Shelton,37,3,Gains In Performance
1991-12-14,35,Keep It Between The Lines,Ricky Van Shelton,31,17,
1991-12-14,36,She's Never Comin' Back,Mark Collie,36,8,Gains In Performance
1991-12-14,37,Mama Don't Forget To Pray For Me,Diamond Rio,39,5,Gains In Performance
1991-12-14,38,I'll Stop Loving You,Mike Reid,40,6,Gains In Performance
1991-12-14,39,Tempted,Marty Stuart,35,18,
1991-12-14,40,A Picture Of Me (Without You),Lorrie Morgan,38,20,
1991-12-14,41,Rodeo,Garth Brooks,41,18,
1991-12-14,42,If You Want To Find Love,Kenny Rogers,48,3,Gains In Performance
1991-12-14,43,What Kind Of Fool,Lionel Cartwright,45,5,Gains In Performance
1991-12-14,44,Fighting For You,Pirates Of The Mississippi,47,7,Gains In Performance
1991-12-14,45,Hold On Partner,Roy Rogers & Clint Black,42,7,
1991-12-14,46,Nothing's Changed Here,Dwight Yoakam,44,19,
1991-12-14,47,Put Yourself In My Place,Pam Tillis,46,18,
1991-12-14,48,I'll Start With You,Paulette Carlson,64,2,Gains In Performance
1991-12-14,49,If I Could Bottle This Up,Paul Overstreet,54,4,Gains In Performance
1991-12-14,50,Little Folks,Charlie Daniels,56,7,Gains In Performance
1991-12-14,51,Back To The Well,Tom Wopat,52,4,Gains In Performance
1991-12-14,52,Is It Cold In Here,Joe Diffie,65,2,Gains In Performance
1991-12-14,53,Satisfy Me And I'll Satisfy You,Clinton Gregory,53,7,Gains In Performance
1991-12-14,54,Don't Cross Your Heart,Shelby Lynne,58,6,Gains In Performance
1991-12-14,55,John Deere Tractor,The Judds,49,14,
1991-12-14,56,Light At The End Of The Tunnel,B.B. Watson,57,19,
1991-12-14,57,Don't Throw Me In THe Briarpatch,Keith Palmer,60,12,
1991-12-14,58,Baby On Board,The Oak Ridge Boys,51,11,
1991-12-14,59,The Blame,Highway 101,50,14,
1991-12-14,60,Only Daddy That'll Walk The Line,The Kentucky Headhunters,61,4,
1991-12-21,1,My Next Broken Heart,Brooks & Dunn,2,11,Gains In Performance
1991-12-21,2,For My Broken Heart,Reba McEntire,1,11,
1991-12-21,3,"Love, Me",Collin Raye,7,10,Gains In Performance
1991-12-21,4,You Can Depend On Me,Restless Heart,9,10,Gains In Performance
1991-12-21,5,The Chill Of An Early Fall,George Strait,3,12,
1991-12-21,6,Look At Us,Vince Gill,5,14,Gains In Performance
1991-12-21,7,Leave Him Out Of This,Steve Wariner,12,13,Gains In Performance
1991-12-21,8,You Don't Count The Cost,Billy Dean,4,15,
1991-12-21,9,(Without You) What Do I Do With Me,Tanya Tucker,15,11,Gains In Performance
1991-12-21,10,Sticks And Stones,Tracy Lawrence,13,7,Gains In Performance
1991-12-21,11,Cadillac Style,Sammy Kershaw,16,11,Gains In Performance
1991-12-21,12,Shameless,Garth Brooks,6,10,
1991-12-21,13,Some Guys Have All The Love,Little Texas,10,15,
1991-12-21,14,A Long Time Ago,The Remingtons,17,11,Gains In Performance
1991-12-21,15,A Jukebox With A Country Song,Doug Stone,18,6,Gains In Performance
1991-12-21,16,Then Again,Alabama,8,13,
1991-12-21,17,Forever Together,Randy Travis,11,13,
1991-12-21,18,Going Out Tonight,Mary Chapin Carpenter,21,9,Gains In Performance
1991-12-21,19,I Know Where Love Lives,Hal Ketchum,23,9,Gains In Performance
1991-12-21,20,The Dirt Road,Sawyer Brown,26,5,Gains In Performance
1991-12-21,21,Someday Soon,Suzy Bogguss,14,15,
1991-12-21,22,Broken Promise Land,Mark Chesnutt,24,9,Gains In Performance
1991-12-21,23,The Whiskey Ain't Workin',Travis Tritt With Marty Stuart,30,5,Gains In Performance
1991-12-21,24,Still Burnin' For You,Rob Crosby,20,13,
1991-12-21,25,Anymore,Travis Tritt,22,15,
1991-12-21,26,After The Lights Go Out,Ricky Van Shelton,34,4,Gains In Performance
1991-12-21,27,Someday,Alan Jackson,25,17,
1991-12-21,28,Turn That Radio On,Ronnie Milsap,67,3,
1991-12-21,29,Asking Us To Dance,Kathy Mattea,29,10,Gains In Performance
1991-12-21,30,Like We Never Had A Broken Heart,Trisha Yearwood,19,15,
1991-12-21,31,Mama Don't Forget To Pray For Me,Diamond Rio,37,6,Gains In Performance
1991-12-21,32,Brotherly Love,Keith Whitley & Earl Thomas Conley,27,16,
1991-12-21,33,She's Never Comin' Back,Mark Collie,36,9,Gains In Performance
1991-12-21,34,Hurt Me Bad (In A Real Good Way),Patty Loveless,28,16,
1991-12-21,35,I'll Stop Loving You,Mike Reid,38,7,Gains In Performance
1991-12-21,36,Keep It Between The Lines,Ricky Van Shelton,35,18,
1991-12-21,37,If You Want To Find Love,Kenny Rogers,42,4,Gains In Performance
1991-12-21,38,Eagle When She Flies,Dolly Parton,33,10,
1991-12-21,39,For Crying Out Loud,Davis Daniel,31,17,
1991-12-21,40,What Kind Of Fool,Lionel Cartwright,43,6,Gains In Performance
1991-12-21,41,Fighting For You,Pirates Of The Mississippi,44,8,Gains In Performance
1991-12-21,42,Maybe It Was Memphis,Pam Tillis,71,2,Gains In Performance
1991-12-21,43,Tempted,Marty Stuart,39,19,
1991-12-21,44,Is It Cold In Here,Joe Diffie,52,3,Gains In Performance
1991-12-21,45,Rodeo,Garth Brooks,41,19,
1991-12-21,46,I'll Start With You,Paulette Carlson,48,3,Gains In Performance
1991-12-21,47,Little Folks,Charlie Daniels,50,8,Gains In Performance
1991-12-21,48,If I Could Bottle This Up,Paul Overstreet,49,5,Gains In Performance
1991-12-21,49,Nothing's Changed Here,Dwight Yoakam,46,20,
1991-12-21,50,Put Yourself In My Place,Pam Tillis,47,19,
1991-12-21,51,Back To The Well,Tom Wopat,51,5,Gains In Performance
1991-12-21,52,Better Class Of Losers,Randy Travis,NEW,1,Highest ranking debut|Gains In Performance
1991-12-21,53,I Only Want You For Christmas,Alan Jackson,66,2,Gains In Performance
1991-12-21,54,That's What I Like About You,Trisha Yearwood,NEW,1,Gains In Performance
1991-12-21,55,Don't Cross Your Heart,Shelby Lynne,54,7,
1991-12-21,56,Hold On Partner,Roy Rogers & Clint Black,45,8,
1991-12-21,57,Satisfy Me And I'll Satisfy You,Clinton Gregory,53,8,
1991-12-21,58,Straight Tequila Night,John Anderson,NEW,1,Gains In Performance
1991-12-21,59,It Only Hurts When I Cry,Dwight Yoakam,NEW,1,Gains In Performance
1991-12-21,60,Who Did They Think He Was,Conway Twitty,61,3,Gains In Performance
1991-12-28,1,My Next Broken Heart,Brooks & Dunn,1,12,
1991-12-28,2,For My Broken Heart,Reba McEntire,2,12,
1991-12-28,3,"Love, Me",Collin Raye,3,11,
1991-12-28,4,You Can Depend On Me,Restless Heart,4,11,
1991-12-28,5,The Chill Of An Early Fall,George Strait,5,13,
1991-12-28,6,Look At Us,Vince Gill,6,15,
1991-12-28,7,Leave Him Out Of This,Steve Wariner,7,14,
1991-12-28,8,You Don't Count The Cost,Billy Dean,8,16,
1991-12-28,9,(Without You) What Do I Do With Me,Tanya Tucker,9,12,
1991-12-28,10,Sticks And Stones,Tracy Lawrence,10,8,
1991-12-28,11,Cadillac Style,Sammy Kershaw,11,12,
1991-12-28,12,Shameless,Garth Brooks,12,11,
1991-12-28,13,Some Guys Have All The Love,Little Texas,13,16,
1991-12-28,14,A Long Time Ago,The Remingtons,14,12,
1991-12-28,15,A Jukebox With A Country Song,Doug Stone,15,7,
1991-12-28,16,Then Again,Alabama,16,14,
1991-12-28,17,Forever Together,Randy Travis,17,14,
1991-12-28,18,Going Out Tonight,Mary Chapin Carpenter,18,10,
1991-12-28,19,I Know Where Love Lives,Hal Ketchum,19,10,
1991-12-28,20,The Dirt Road,Sawyer Brown,20,6,
1991-12-28,21,Someday Soon,Suzy Bogguss,21,16,
1991-12-28,22,Broken Promise Land,Mark Chesnutt,22,10,
1991-12-28,23,The Whiskey Ain't Workin',Travis Tritt With Marty Stuart,23,6,
1991-12-28,24,Still Burnin' For You,Rob Crosby,24,14,
1991-12-28,25,Anymore,Travis Tritt,25,16,
1991-12-28,26,After The Lights Go Out,Ricky Van Shelton,26,5,
1991-12-28,27,Someday,Alan Jackson,27,18,
1991-12-28,28,Turn That Radio On,Ronnie Milsap,28,4,
1991-12-28,29,Asking Us To Dance,Kathy Mattea,29,11,
1991-12-28,30,Like We Never Had A Broken Heart,Trisha Yearwood,30,16,
1991-12-28,31,Mama Don't Forget To Pray For Me,Diamond Rio,31,7,
1991-12-28,32,Brotherly Love,Keith Whitley & Earl Thomas Conley,32,17,
1991-12-28,33,She's Never Comin' Back,Mark Collie,33,10,
1991-12-28,34,Hurt Me Bad (In A Real Good Way),Patty Loveless,34,17,
1991-12-28,35,I'll Stop Loving You,Mike Reid,35,8,
1991-12-28,36,Keep It Between The Lines,Ricky Van Shelton,36,19,
1991-12-28,37,If You Want To Find Love,Kenny Rogers,37,5,
1991-12-28,38,Eagle When She Flies,Dolly Parton,38,11,
1991-12-28,39,For Crying Out Loud,Davis Daniel,39,18,
1991-12-28,40,What Kind Of Fool,Lionel Cartwright,40,7,
1991-12-28,41,Fighting For You,Pirates Of The Mississippi,41,9,
1991-12-28,42,Maybe It Was Memphis,Pam Tillis,42,3,
1991-12-28,43,Tempted,Marty Stuart,43,20,
1991-12-28,44,Is It Cold In Here,Joe Diffie,44,4,
1991-12-28,45,Rodeo,Garth Brooks,45,20,
1991-12-28,46,I'll Start With You,Paulette Carlson,46,4,
1991-12-28,47,Little Folks,Charlie Daniels,47,9,
1991-12-28,48,If I Could Bottle This Up,Paul Overstreet,48,6,
1991-12-28,49,Nothing's Changed Here,Dwight Yoakam,49,21,
1991-12-28,50,Put Yourself In My Place,Pam Tillis,50,20,
1991-12-28,51,Back To The Well,Tom Wopat,51,6,
1991-12-28,52,Better Class Of Losers,Randy Travis,52,2,
1991-12-28,53,I Only Want You For Christmas,Alan Jackson,53,3,
1991-12-28,54,That's What I Like About You,Trisha Yearwood,54,2,
1991-12-28,55,Don't Cross Your Heart,Shelby Lynne,55,8,
1991-12-28,56,Hold On Partner,Roy Rogers & Clint Black,56,9,
1991-12-28,57,Satisfy Me And I'll Satisfy You,Clinton Gregory,57,9,
1991-12-28,58,Straight Tequila Night,John Anderson,58,2,
1991-12-28,59,It Only Hurts When I Cry,Dwight Yoakam,59,2,
1991-12-28,60,Who Did They Think He Was,Conway Twitty,60,4,
1992-01-04,1,"Love, Me",Collin Raye,3,12,Gains In Performance
1992-01-04,2,My Next Broken Heart,Brooks & Dunn,1,13,
1992-01-04,3,You Can Depend On Me,Restless Heart,4,12,Gains In Performance
1992-01-04,4,Look At Us,Vince Gill,6,16,
1992-01-04,5,For My Broken Heart,Reba McEntire,2,13,
1992-01-04,6,Leave Him Out Of This,Steve Wariner,7,15,Gains In Performance
1992-01-04,7,Cadillac Style,Sammy Kershaw,11,13,Gains In Performance
1992-01-04,8,(Without You) What Do I Do With Me,Tanya Tucker,9,13,Gains In Performance
1992-01-04,9,The Chill Of An Early Fall,George Strait,5,14,
1992-01-04,10,Sticks And Stones,Tracy Lawrence,10,9,Gains In Performance
1992-01-04,11,A Jukebox With A Country Song,Doug Stone,15,8,Gains In Performance
1992-01-04,12,A Long Time Ago,The Remingtons,14,13,Gains In Performance
1992-01-04,13,I Know Where Love Lives,Hal Ketchum,19,11,Gains In Performance
1992-01-04,14,Going Out Tonight,Mary Chapin Carpenter,18,11,Gains In Performance
1992-01-04,15,You Don't Count The Cost,Billy Dean,8,17,
1992-01-04,16,The Dirt Road,Sawyer Brown,20,7,Gains In Performance
1992-01-04,17,The Whiskey Ain't Workin',Travis Tritt With Marty Stuart,23,7,Gains In Performance
1992-01-04,18,Turn That Radio On,Ronnie Milsap,28,5,Gains In Performance
1992-01-04,19,Shameless,Garth Brooks,12,12,
1992-01-04,20,Broken Promise Land,Mark Chesnutt,22,11,Gains In Performance
1992-01-04,21,Some Guys Have All The Love,Little Texas,13,17,
1992-01-04,22,After The Lights Go Out,Ricky Van Shelton,26,6,Gains In Performance
1992-01-04,23,Then Again,Alabama,16,15,
1992-01-04,24,Forever Together,Randy Travis,17,15,
1992-01-04,25,Mama Don't Forget To Pray For Me,Diamond Rio,31,8,Gains In Performance
1992-01-04,26,Maybe It Was Memphis,Pam Tillis,42,4,
1992-01-04,27,Asking Us To Dance,Kathy Mattea,29,12,Gains In Performance
1992-01-04,28,Someday Soon,Suzy Bogguss,21,17,
1992-01-04,29,She's Never Comin' Back,Mark Collie,33,11,Gains In Performance
1992-01-04,30,I'll Stop Loving You,Mike Reid,35,9,Gains In Performance
1992-01-04,31,Anymore,Travis Tritt,25,17,
1992-01-04,32,Someday,Alan Jackson,27,19,
1992-01-04,33,If You Want To Find Love,Kenny Rogers,37,6,Gains In Performance
1992-01-04,34,Brotherly Love,Keith Whitley & Earl Thomas Conley,32,18,
1992-01-04,35,Like We Never Had A Broken Heart,Trisha Yearwood,30,17,
1992-01-04,36,Better Class Of Losers,Randy Travis,52,3,Gains In Performance
1992-01-04,37,Keep It Between The Lines,Ricky Van Shelton,36,20,
1992-01-04,38,What Kind Of Fool,Lionel Cartwright,40,8,Gains In Performance
1992-01-04,39,Is It Cold In Here,Joe Diffie,44,5,Gains In Performance
1992-01-04,40,Still Burnin' For You,Rob Crosby,24,15,
1992-01-04,41,Hurt Me Bad (In A Real Good Way),Patty Loveless,34,18,
1992-01-04,42,I Only Want You For Christmas,Alan Jackson,53,4,Gains In Performance
1992-01-04,43,That's What I Like About You,Trisha Yearwood,54,3,Gains In Performance
1992-01-04,44,I'll Start With You,Paulette Carlson,46,5,Gains In Performance
1992-01-04,45,Fighting For You,Pirates Of The Mississippi,41,10,
1992-01-04,46,For Crying Out Loud,Davis Daniel,39,19,
1992-01-04,47,If I Could Bottle This Up,Paul Overstreet,48,7,Gains In Performance
1992-01-04,48,Except For Monday,Lorrie Morgan,63,4,Gains In Performance
1992-01-04,49,Little Folks,Charlie Daniels,47,10,
1992-01-04,50,It Only Hurts When I Cry,Dwight Yoakam,59,3,Gains In Performance
1992-01-04,51,Straight Tequila Night,John Anderson,58,3,Gains In Performance
1992-01-04,52,Back To The Well,Tom Wopat,51,7,
1992-01-04,53,Eagle When She Flies,Dolly Parton,38,12,
1992-01-04,54,Don't Cross Your Heart,Shelby Lynne,55,9,Gains In Performance
1992-01-04,55,What She's Doing Now,Garth Brooks,NEW,1,Highest ranking debut|Gains In Performance
1992-01-04,56,Who Did They Think He Was,Conway Twitty,60,5,Gains In Performance
1992-01-04,57,Somebody's Doin' Me Right,Keith Whitley,68,3,Gains In Performance
1992-01-04,58,Same Ol' Love,Ricky Skaggs,72,3,Gains In Performance
1992-01-04,59,Outbound Plane,Suzy Bogguss,NEW,1,Gains In Performance
1992-01-04,60,Professional Fool,Michael White,73,3,Gains In Performance
1992-01-11,1,"Love, Me",Collin Raye,1,13,Gains In Performance
1992-01-11,2,(Without You) What Do I Do With Me,Tanya Tucker,8,14,Gains In Performance
1992-01-11,3,Cadillac Style,Sammy Kershaw,7,14,Gains In Performance
1992-01-11,4,You Can Depend On Me,Restless Heart,3,13,
1992-01-11,5,Sticks And Stones,Tracy Lawrence,10,10,Gains In Performance
1992-01-11,6,My Next Broken Heart,Brooks & Dunn,2,14,
1992-01-11,7,Leave Him Out Of This,Steve Wariner,6,16,
1992-01-11,8,A Jukebox With A Country Song,Doug Stone,11,9,Gains In Performance
1992-01-11,9,Look At Us,Vince Gill,4,17,
1992-01-11,10,A Long Time Ago,The Remingtons,12,14,
1992-01-11,11,Turn That Radio On,Ronnie Milsap,18,6,Gains In Performance
1992-01-11,12,Broken Promise Land,Mark Chesnutt,20,12,Gains In Performance
1992-01-11,13,The Dirt Road,Sawyer Brown,16,8,Gains In Performance
1992-01-11,14,The Whiskey Ain't Workin',Travis Tritt With Marty Stuart,17,8,Gains In Performance
1992-01-11,15,I Know Where Love Lives,Hal Ketchum,13,12,
1992-01-11,16,For My Broken Heart,Reba McEntire,5,14,
1992-01-11,17,Going Out Tonight,Mary Chapin Carpenter,14,12,
1992-01-11,18,Maybe It Was Memphis,Pam Tillis,26,5,Gains In Performance
1992-01-11,19,Mama Don't Forget To Pray For Me,Diamond Rio,25,9,Gains In Performance
1992-01-11,20,The Chill Of An Early Fall,George Strait,9,15,
1992-01-11,21,After The Lights Go Out,Ricky Van Shelton,22,7,Gains In Performance
1992-01-11,22,Better Class Of Losers,Randy Travis,36,4,Gains In Performance
1992-01-11,23,What She's Doing Now,Garth Brooks,55,2,
1992-01-11,24,If You Want To Find Love,Kenny Rogers,33,7,Gains In Performance
1992-01-11,25,Shameless,Garth Brooks,19,13,
1992-01-11,26,I'll Stop Loving You,Mike Reid,30,10,Gains In Performance
1992-01-11,27,Is It Cold In Here,Joe Diffie,39,6,Gains In Performance
1992-01-11,28,She's Never Comin' Back,Mark Collie,29,12,
1992-01-11,29,Forever Together,Randy Travis,24,16,
1992-01-11,30,That's What I Like About You,Trisha Yearwood,43,4,Gains In Performance
1992-01-11,31,You Don't Count The Cost,Billy Dean,15,18,
1992-01-11,32,What Kind Of Fool,Lionel Cartwright,38,9,Gains In Performance
1992-01-11,33,Then Again,Alabama,23,16,
1992-01-11,34,I'll Start With You,Paulette Carlson,44,6,Gains In Performance
1992-01-11,35,Brotherly Love,Keith Whitley & Earl Thomas Conley,34,19,
1992-01-11,36,Anymore,Travis Tritt,31,18,
1992-01-11,37,Someday,Alan Jackson,32,20,
1992-01-11,38,Except For Monday,Lorrie Morgan,48,5,Gains In Performance
1992-01-11,39,Some Guys Have All The Love,Little Texas,21,18,
1992-01-11,40,Someday Soon,Suzy Bogguss,28,18,
1992-01-11,41,I Only Want You For Christmas,Alan Jackson,42,5,
1992-01-11,42,Straight Tequila Night,John Anderson,51,4,Gains In Performance
1992-01-11,43,If I Could Bottle This Up,Paul Overstreet,47,8,Gains In Performance
1992-01-11,44,Asking Us To Dance,Kathy Mattea,27,13,
1992-01-11,45,Fighting For You,Pirates Of The Mississippi,45,11,
1992-01-11,46,Hurt Me Bad (In A Real Good Way),Patty Loveless,41,19,
1992-01-11,47,Like We Never Had A Broken Heart,Trisha Yearwood,35,18,
1992-01-11,48,It Only Hurts When I Cry,Dwight Yoakam,50,4,Gains In Performance
1992-01-11,49,For Crying Out Loud,Davis Daniel,46,20,
1992-01-11,50,Little Folks,Charlie Daniels,49,11,
1992-01-11,51,Outbound Plane,Suzy Bogguss,59,2,Gains In Performance
1992-01-11,52,Only The Wind,Billy Dean,67,2,Gains In Performance
1992-01-11,53,Back To The Well,Tom Wopat,52,8,
1992-01-11,54,Jealous Bone,Patty Loveless,65,2,Gains In Performance
1992-01-11,55,Same Ol' Love,Ricky Skaggs,58,4,Gains In Performance
1992-01-11,56,Professional Fool,Michael White,60,4,Gains In Performance
1992-01-11,57,Somebody's Doin' Me Right,Keith Whitley,57,4,Gains In Performance
1992-01-11,58,Still Burnin' For You,Rob Crosby,40,16,
1992-01-11,59,Who Did They Think He Was,Conway Twitty,56,6,
1992-01-11,60,Dallas,Alan Jackson,NEW,1,Highest ranking debut|Gains In Performance
1992-01-18,1,"Love, Me",Collin Raye,1,14,
1992-01-18,2,Sticks And Stones,Tracy Lawrence,5,11,Gains In Performance
1992-01-18,3,Cadillac Style,Sammy Kershaw,3,15,Gains In Performance
1992-01-18,4,(Without You) What Do I Do With Me,Tanya Tucker,2,15,
1992-01-18,5,You Can Depend On Me,Restless Heart,4,14,
1992-01-18,6,A Jukebox With A Country Song,Doug Stone,8,10,Gains In Performance
1992-01-18,7,My Next Broken Heart,Brooks & Dunn,6,15,
1992-01-18,8,Leave Him Out Of This,Steve Wariner,7,17,
1992-01-18,9,Turn That Radio On,Ronnie Milsap,11,7,Gains In Performance
1992-01-18,10,The Dirt Road,Sawyer Brown,13,9,Gains In Performance
1992-01-18,11,The Whiskey Ain't Workin',Travis Tritt With Marty Stuart,14,9,Gains In Performance
1992-01-18,12,Broken Promise Land,Mark Chesnutt,12,13,Gains In Performance
1992-01-18,13,A Long Time Ago,The Remingtons,10,15,
1992-01-18,14,Look At Us,Vince Gill,9,18,
1992-01-18,15,I Know Where Love Lives,Hal Ketchum,15,13,Gains In Performance
1992-01-18,16,Going Out Tonight,Mary Chapin Carpenter,17,13,Gains In Performance
1992-01-18,17,Maybe It Was Memphis,Pam Tillis,18,6,Gains In Performance
1992-01-18,18,After The Lights Go Out,Ricky Van Shelton,21,8,Gains In Performance
1992-01-18,19,For My Broken Heart,Reba McEntire,16,15,
1992-01-18,20,Better Class Of Losers,Randy Travis,22,5,Gains In Performance
1992-01-18,21,Mama Don't Forget To Pray For Me,Diamond Rio,19,10,Gains In Performance
1992-01-18,22,What She's Doing Now,Garth Brooks,23,3,Gains In Performance
1992-01-18,23,If You Want To Find Love,Kenny Rogers,24,8,Gains In Performance
1992-01-18,24,I'll Stop Loving You,Mike Reid,26,11,Gains In Performance
1992-01-18,25,The Chill Of An Early Fall,George Strait,20,16,
1992-01-18,26,Is It Cold In Here,Joe Diffie,27,7,Gains In Performance
1992-01-18,27,That's What I Like About You,Trisha Yearwood,30,5,Gains In Performance
1992-01-18,28,She's Never Comin' Back,Mark Collie,28,13,Gains In Performance
1992-01-18,29,Shameless,Garth Brooks,25,14,
1992-01-18,30,What Kind Of Fool,Lionel Cartwright,32,10,Gains In Performance
1992-01-18,31,Except For Monday,Lorrie Morgan,38,6,Gains In Performance
1992-01-18,32,I'll Start With You,Paulette Carlson,34,7,Gains In Performance
1992-01-18,33,Forever Together,Randy Travis,29,17,
1992-01-18,34,Straight Tequila Night,John Anderson,42,5,Gains In Performance
1992-01-18,35,You Don't Count The Cost,Billy Dean,31,19,
1992-01-18,36,Then Again,Alabama,33,17,
1992-01-18,37,Anymore,Travis Tritt,36,19,
1992-01-18,38,Brotherly Love,Keith Whitley & Earl Thomas Conley,35,20,
1992-01-18,39,Some Guys Have All The Love,Little Texas,39,19,
1992-01-18,40,Someday Soon,Suzy Bogguss,40,19,
1992-01-18,41,If I Could Bottle This Up,Paul Overstreet,43,9,Gains In Performance
1992-01-18,42,It Only Hurts When I Cry,Dwight Yoakam,48,5,Gains In Performance
1992-01-18,43,Fighting For You,Pirates Of The Mississippi,45,12,
1992-01-18,44,Like We Never Had A Broken Heart,Trisha Yearwood,47,19,
1992-01-18,45,Hurt Me Bad (In A Real Good Way),Patty Loveless,46,20,
1992-01-18,46,Outbound Plane,Suzy Bogguss,51,3,Gains In Performance
1992-01-18,47,Dallas,Alan Jackson,60,2,
1992-01-18,48,Asking Us To Dance,Kathy Mattea,44,14,
1992-01-18,49,Jealous Bone,Patty Loveless,54,3,Gains In Performance
1992-01-18,50,Only The Wind,Billy Dean,52,3,Gains In Performance
1992-01-18,51,Little Folks,Charlie Daniels,50,12,
1992-01-18,52,Back To The Well,Tom Wopat,53,9,
1992-01-18,53,Born Country,Alabama,68,2,Gains In Performance
1992-01-18,54,Same Ol' Love,Ricky Skaggs,55,5,Gains In Performance
1992-01-18,55,Somebody's Doin' Me Right,Keith Whitley,57,5,Gains In Performance
1992-01-18,56,Professional Fool,Michael White,56,5,Gains In Performance
1992-01-18,57,Still Burnin' For You,Rob Crosby,58,17,
1992-01-18,58,Who Did They Think He Was,Conway Twitty,59,7,
1992-01-18,59,One Precious Love,Prairie Oyster,62,5,Gains In Performance
1992-01-18,60,Fighting Fire With Fire,Davis Daniel,61,3,Gains In Performance
1992-01-25,1,Sticks And Stones,Tracy Lawrence,2,12,Gains In Performance
1992-01-25,2,"Love, Me",Collin Raye,1,15,
1992-01-25,3,A Jukebox With A Country Song,Doug Stone,6,11,Gains In Performance
1992-01-25,4,Cadillac Style,Sammy Kershaw,3,16,
1992-01-25,5,(Without You) What Do I Do With Me,Tanya Tucker,4,16,
1992-01-25,6,Turn That Radio On,Ronnie Milsap,9,8,Gains In Performance
1992-01-25,7,The Dirt Road,Sawyer Brown,10,10,Gains In Performance
1992-01-25,8,The Whiskey Ain't Workin',Travis Tritt With Marty Stuart,11,10,Gains In Performance
1992-01-25,9,You Can Depend On Me,Restless Heart,5,15,
1992-01-25,10,Broken Promise Land,Mark Chesnutt,12,14,Gains In Performance
1992-01-25,11,Leave Him Out Of This,Steve Wariner,8,18,
1992-01-25,12,What She's Doing Now,Garth Brooks,22,4,Gains In Performance
1992-01-25,13,I Know Where Love Lives,Hal Ketchum,15,14,Gains In Performance
1992-01-25,14,Better Class Of Losers,Randy Travis,20,6,Gains In Performance
1992-01-25,15,Maybe It Was Memphis,Pam Tillis,17,7,Gains In Performance
1992-01-25,16,My Next Broken Heart,Brooks & Dunn,7,16,
1992-01-25,17,After The Lights Go Out,Ricky Van Shelton,18,9,Gains In Performance
1992-01-25,18,Mama Don't Forget To Pray For Me,Diamond Rio,21,11,Gains In Performance
1992-01-25,19,A Long Time Ago,The Remingtons,13,16,
1992-01-25,20,Is It Cold In Here,Joe Diffie,26,8,Gains In Performance
1992-01-25,21,That's What I Like About You,Trisha Yearwood,27,6,Gains In Performance
1992-01-25,22,Look At Us,Vince Gill,14,19,
1992-01-25,23,If You Want To Find Love,Kenny Rogers,23,9,Gains In Performance
1992-01-25,24,I'll Stop Loving You,Mike Reid,24,12,Gains In Performance
1992-01-25,25,Going Out Tonight,Mary Chapin Carpenter,16,14,
1992-01-25,26,Except For Monday,Lorrie Morgan,31,7,Gains In Performance
1992-01-25,27,Straight Tequila Night,John Anderson,34,6,Gains In Performance
1992-01-25,28,For My Broken Heart,Reba McEntire,19,16,
1992-01-25,29,What Kind Of Fool,Lionel Cartwright,30,11,Gains In Performance
1992-01-25,30,I'll Start With You,Paulette Carlson,32,8,Gains In Performance
1992-01-25,31,Shameless,Garth Brooks,29,15,
1992-01-25,32,Dallas,Alan Jackson,47,3,
1992-01-25,33,The Chill Of An Early Fall,George Strait,25,17,
1992-01-25,34,If I Could Bottle This Up,Paul Overstreet,41,10,Gains In Performance
1992-01-25,35,She's Never Comin' Back,Mark Collie,28,14,
1992-01-25,36,Anymore,Travis Tritt,37,20,
1992-01-25,37,You Don't Count The Cost,Billy Dean,35,20,
1992-01-25,38,It Only Hurts When I Cry,Dwight Yoakam,42,6,Gains In Performance
1992-01-25,39,Forever Together,Randy Travis,33,18,
1992-01-25,40,Born Country,Alabama,53,3,Gains In Performance
1992-01-25,41,Only The Wind,Billy Dean,50,4,Gains In Performance
1992-01-25,42,Then Again,Alabama,36,18,
1992-01-25,43,Someday Soon,Suzy Bogguss,40,20,
1992-01-25,44,Outbound Plane,Suzy Bogguss,46,4,Gains In Performance
1992-01-25,45,Some Guys Have All The Love,Little Texas,39,20,
1992-01-25,46,Jealous Bone,Patty Loveless,49,4,Gains In Performance
1992-01-25,47,Like We Never Had A Broken Heart,Trisha Yearwood,44,20,
1992-01-25,48,Fighting For You,Pirates Of The Mississippi,43,13,
1992-01-25,49,Lovesick Blues,George Strait,65,2,Gains In Performance
1992-01-25,50,Same Ol' Love,Ricky Skaggs,54,6,Gains In Performance
1992-01-25,51,Little Folks,Charlie Daniels,51,13,
1992-01-25,52,Professional Fool,Michael White,56,6,Gains In Performance
1992-01-25,53,Somebody's Doin' Me Right,Keith Whitley,55,6,Gains In Performance
1992-01-25,54,Is There Life Out There,Reba McEntire,NEW,1,Highest ranking debut|Gains In Performance
1992-01-25,55,Fighting Fire With Fire,Davis Daniel,60,4,Gains In Performance
1992-01-25,56,Asking Us To Dance,Kathy Mattea,48,15,
1992-01-25,57,A Month Of Sundays,Vern Gosdin,61,9,Gains In Performance
1992-01-25,58,Hard Days And Honky Tonk Nights,Earl Thomas Conley,64,3,Gains In Performance
1992-01-25,59,"Baby, I'm Missing You",Highway 101,62,3,Gains In Performance
1992-01-25,60,Back To The Well,Tom Wopat,52,10,
1992-02-01,1,A Jukebox With A Country Song,Doug Stone,3,12,Gains In Performance
1992-02-01,2,Sticks And Stones,Tracy Lawrence,1,13,
1992-02-01,3,The Dirt Road,Sawyer Brown,7,11,Gains In Performance
1992-02-01,4,Turn That Radio On,Ronnie Milsap,6,9,Gains In Performance
1992-02-01,5,The Whiskey Ain't Workin',Travis Tritt With Marty Stuart,8,11,Gains In Performance
1992-02-01,6,"Love, Me",Collin Raye,2,16,
1992-02-01,7,Cadillac Style,Sammy Kershaw,4,17,
1992-02-01,8,Better Class Of Losers,Randy Travis,14,7,Gains In Performance
1992-02-01,9,What She's Doing Now,Garth Brooks,12,5,Gains In Performance
1992-02-01,10,(Without You) What Do I Do With Me,Tanya Tucker,5,17,
1992-02-01,11,Maybe It Was Memphis,Pam Tillis,15,8,Gains In Performance
1992-02-01,12,Broken Promise Land,Mark Chesnutt,10,15,
1992-02-01,13,I Know Where Love Lives,Hal Ketchum,13,15,Gains In Performance
1992-02-01,14,Mama Don't Forget To Pray For Me,Diamond Rio,18,12,Gains In Performance
1992-02-01,15,After The Lights Go Out,Ricky Van Shelton,17,10,Gains In Performance
1992-02-01,16,Except For Monday,Lorrie Morgan,26,8,Gains In Performance
1992-02-01,17,Is It Cold In Here,Joe Diffie,20,9,Gains In Performance
1992-02-01,18,That's What I Like About You,Trisha Yearwood,21,7,Gains In Performance
1992-02-01,19,Straight Tequila Night,John Anderson,27,7,Gains In Performance
1992-02-01,20,Leave Him Out Of This,Steve Wariner,11,19,
1992-02-01,21,If You Want To Find Love,Kenny Rogers,23,10,Gains In Performance
1992-02-01,22,My Next Broken Heart,Brooks & Dunn,16,17,
1992-02-01,23,You Can Depend On Me,Restless Heart,9,16,
1992-02-01,24,I'll Stop Loving You,Mike Reid,24,13,Gains In Performance
1992-02-01,25,Dallas,Alan Jackson,32,4,Gains In Performance
1992-02-01,26,What Kind Of Fool,Lionel Cartwright,29,12,Gains In Performance
1992-02-01,27,I'll Start With You,Paulette Carlson,30,9,Gains In Performance
1992-02-01,28,Born Country,Alabama,40,4,Gains In Performance
1992-02-01,29,Look At Us,Vince Gill,22,20,
1992-02-01,30,A Long Time Ago,The Remingtons,19,17,
1992-02-01,31,If I Could Bottle This Up,Paul Overstreet,34,11,Gains In Performance
1992-02-01,32,Shameless,Garth Brooks,31,16,
1992-02-01,33,For My Broken Heart,Reba McEntire,28,17,
1992-02-01,34,It Only Hurts When I Cry,Dwight Yoakam,38,7,Gains In Performance
1992-02-01,35,Only The Wind,Billy Dean,41,5,Gains In Performance
1992-02-01,36,Outbound Plane,Suzy Bogguss,44,5,Gains In Performance
1992-02-01,37,Is There Life Out There,Reba McEntire,54,2,
1992-02-01,38,Jealous Bone,Patty Loveless,46,5,Gains In Performance
1992-02-01,39,The Chill Of An Early Fall,George Strait,33,18,
1992-02-01,40,Lovesick Blues,George Strait,49,3,Gains In Performance
1992-02-01,41,Forever Together,Randy Travis,39,19,
1992-02-01,42,Then Again,Alabama,42,19,
1992-02-01,43,Going Out Tonight,Mary Chapin Carpenter,25,15,
1992-02-01,44,She's Never Comin' Back,Mark Collie,35,15,
1992-02-01,45,Same Ol' Love,Ricky Skaggs,50,7,Gains In Performance
1992-02-01,46,Somebody's Doin' Me Right,Keith Whitley,53,7,Gains In Performance
1992-02-01,47,Professional Fool,Michael White,52,7,Gains In Performance
1992-02-01,48,Fighting Fire With Fire,Davis Daniel,55,5,Gains In Performance
1992-02-01,49,Hard Days And Honky Tonk Nights,Earl Thomas Conley,58,4,Gains In Performance
1992-02-01,50,"Baby, I'm Missing You",Highway 101,59,4,Gains In Performance
1992-02-01,51,Fighting For You,Pirates Of The Mississippi,48,14,
1992-02-01,52,One Precious Love,Prairie Oyster,61,7,Gains In Performance
1992-02-01,53,Take Your Memory With You,Vince Gill,NEW,1,Highest ranking debut|Gains In Performance
1992-02-01,54,A Month Of Sundays,Vern Gosdin,57,10,
1992-02-01,55,Faster Gun,Great Plains,63,4,Gains In Performance
1992-02-01,56,Little Folks,Charlie Daniels,51,14,
1992-02-01,57,She Loved A Lot In Her Time,George Jones,67,4,Gains In Performance
1992-02-01,58,Still Burnin' For You,Rob Crosby,62,19,
1992-02-01,59,Back To The Well,Tom Wopat,60,11,
1992-02-01,60,Country Road,Dolly Parton,73,2,Gains In Performance
1992-02-08,1,A Jukebox With A Country Song,Doug Stone,1,13,
1992-02-08,2,The Whiskey Ain't Workin',Travis Tritt With Marty Stuart,5,12,Gains In Performance
1992-02-08,3,Better Class Of Losers,Randy Travis,8,8,Gains In Performance
1992-02-08,4,What She's Doing Now,Garth Brooks,9,6,Gains In Performance
1992-02-08,5,The Dirt Road,Sawyer Brown,3,12,
1992-02-08,6,Sticks And Stones,Tracy Lawrence,2,14,
1992-02-08,7,Maybe It Was Memphis,Pam Tillis,11,9,Gains In Performance
1992-02-08,8,Turn That Radio On,Ronnie Milsap,4,10,
1992-02-08,9,"Love, Me",Collin Raye,6,17,
1992-02-08,10,Mama Don't Forget To Pray For Me,Diamond Rio,14,13,Gains In Performance
1992-02-08,11,Except For Monday,Lorrie Morgan,16,9,Gains In Performance
1992-02-08,12,Broken Promise Land,Mark Chesnutt,12,16,
1992-02-08,13,After The Lights Go Out,Ricky Van Shelton,15,11,
1992-02-08,14,Is It Cold In Here,Joe Diffie,17,10,Gains In Performance
1992-02-08,15,Straight Tequila Night,John Anderson,19,8,Gains In Performance
1992-02-08,16,That's What I Like About You,Trisha Yearwood,18,8,Gains In Performance
1992-02-08,17,Dallas,Alan Jackson,25,5,Gains In Performance
1992-02-08,18,Cadillac Style,Sammy Kershaw,7,18,
1992-02-08,19,I Know Where Love Lives,Hal Ketchum,13,16,
1992-02-08,20,If You Want To Find Love,Kenny Rogers,21,11,Gains In Performance
1992-02-08,21,(Without You) What Do I Do With Me,Tanya Tucker,10,18,
1992-02-08,22,Born Country,Alabama,28,5,Gains In Performance
1992-02-08,23,I'll Stop Loving You,Mike Reid,24,14,Gains In Performance
1992-02-08,24,What Kind Of Fool,Lionel Cartwright,26,13,Gains In Performance
1992-02-08,25,Is There Life Out There,Reba McEntire,37,3,
1992-02-08,26,My Next Broken Heart,Brooks & Dunn,22,18,
1992-02-08,27,I'll Start With You,Paulette Carlson,27,10,Gains In Performance
1992-02-08,28,It Only Hurts When I Cry,Dwight Yoakam,34,8,Gains In Performance
1992-02-08,29,Only The Wind,Billy Dean,35,6,Gains In Performance
1992-02-08,30,If I Could Bottle This Up,Paul Overstreet,31,12,Gains In Performance
1992-02-08,31,Outbound Plane,Suzy Bogguss,36,6,Gains In Performance
1992-02-08,32,You Can Depend On Me,Restless Heart,23,17,
1992-02-08,33,Leave Him Out Of This,Steve Wariner,20,20,
1992-02-08,34,Shameless,Garth Brooks,32,17,
1992-02-08,35,Jealous Bone,Patty Loveless,38,6,Gains In Performance
1992-02-08,36,Lovesick Blues,George Strait,40,4,Gains In Performance
1992-02-08,37,For My Broken Heart,Reba McEntire,33,18,
1992-02-08,38,Same Ol' Love,Ricky Skaggs,45,8,Gains In Performance
1992-02-08,39,The Chill Of An Early Fall,George Strait,39,19,
1992-02-08,40,Somebody's Doin' Me Right,Keith Whitley,46,8,Gains In Performance
1992-02-08,41,Forever Together,Randy Travis,41,20,
1992-02-08,42,A Long Time Ago,The Remingtons,30,18,
1992-02-08,43,Then Again,Alabama,42,20,
1992-02-08,44,Take Your Memory With You,Vince Gill,53,2,Gains In Performance
1992-02-08,45,Professional Fool,Michael White,47,8,Gains In Performance
1992-02-08,46,"Baby, I'm Missing You",Highway 101,50,5,Gains In Performance
1992-02-08,47,Hard Days And Honky Tonk Nights,Earl Thomas Conley,49,5,Gains In Performance
1992-02-08,48,Fighting Fire With Fire,Davis Daniel,48,6,Gains In Performance
1992-02-08,49,Going Out Tonight,Mary Chapin Carpenter,43,16,
1992-02-08,50,She's Never Comin' Back,Mark Collie,44,16,
1992-02-08,51,One Precious Love,Prairie Oyster,52,8,
1992-02-08,52,Faster Gun,Great Plains,55,5,Gains In Performance
1992-02-08,53,Country Road,Dolly Parton,60,3,Gains In Performance
1992-02-08,54,Fighting For You,Pirates Of The Mississippi,51,15,
1992-02-08,55,She Loved A Lot In Her Time,George Jones,57,5,Gains In Performance
1992-02-08,56,Working Woman,Rob Crosby,73,2,Gains In Performance
1992-02-08,57,Lover Not A Fighter,B.B. Watson,72,2,Gains In Performance
1992-02-08,58,Love Light,Cleve Francis,64,4,Gains In Performance
1992-02-08,59,The Tips Of My Fingers,Steve Wariner,NEW,1,Highest ranking debut|Gains In Performance
1992-02-08,60,A Month Of Sundays,Vern Gosdin,54,11,
1992-02-15,1,What She's Doing Now,Garth Brooks,4,7,Gains In Performance
1992-02-15,2,Better Class Of Losers,Randy Travis,3,9,Gains In Performance
1992-02-15,3,Maybe It Was Memphis,Pam Tillis,7,10,Gains In Performance
1992-02-15,4,The Whiskey Ain't Workin',Travis Tritt With Marty Stuart,2,13,
1992-02-15,5,A Jukebox With A Country Song,Doug Stone,1,14,
1992-02-15,6,Turn That Radio On,Ronnie Milsap,8,11,
1992-02-15,7,The Dirt Road,Sawyer Brown,5,13,
1992-02-15,8,Is It Cold In Here,Joe Diffie,14,11,Gains In Performance
1992-02-15,9,Mama Don't Forget To Pray For Me,Diamond Rio,10,14,Gains In Performance
1992-02-15,10,Straight Tequila Night,John Anderson,15,9,Gains In Performance
1992-02-15,11,Except For Monday,Lorrie Morgan,11,10,Gains In Performance
1992-02-15,12,Sticks And Stones,Tracy Lawrence,6,15,
1992-02-15,13,That's What I Like About You,Trisha Yearwood,16,9,Gains In Performance
1992-02-15,14,Dallas,Alan Jackson,17,6,Gains In Performance
1992-02-15,15,After The Lights Go Out,Ricky Van Shelton,13,12,
1992-02-15,16,Born Country,Alabama,22,6,Gains In Performance
1992-02-15,17,If You Want To Find Love,Kenny Rogers,20,12,Gains In Performance
1992-02-15,18,Is There Life Out There,Reba McEntire,25,4,Gains In Performance
1992-02-15,19,"Love, Me",Collin Raye,9,18,
1992-02-15,20,It Only Hurts When I Cry,Dwight Yoakam,28,9,Gains In Performance
1992-02-15,21,I'll Start With You,Paulette Carlson,27,11,Gains In Performance
1992-02-15,22,Outbound Plane,Suzy Bogguss,31,7,Gains In Performance
1992-02-15,23,Only The Wind,Billy Dean,29,7,Gains In Performance
1992-02-15,24,I'll Stop Loving You,Mike Reid,23,15,
1992-02-15,25,Cadillac Style,Sammy Kershaw,18,19,
1992-02-15,26,What Kind Of Fool,Lionel Cartwright,24,14,
1992-02-15,27,(Without You) What Do I Do With Me,Tanya Tucker,21,19,
1992-02-15,28,Jealous Bone,Patty Loveless,35,7,Gains In Performance
1992-02-15,29,Broken Promise Land,Mark Chesnutt,12,17,
1992-02-15,30,Lovesick Blues,George Strait,36,5,Gains In Performance
1992-02-15,31,My Next Broken Heart,Brooks & Dunn,26,19,
1992-02-15,32,If I Could Bottle This Up,Paul Overstreet,30,13,
1992-02-15,33,I Know Where Love Lives,Hal Ketchum,19,17,
1992-02-15,34,Same Ol' Love,Ricky Skaggs,38,9,Gains In Performance
1992-02-15,35,You Can Depend On Me,Restless Heart,32,18,
1992-02-15,36,Shameless,Garth Brooks,34,18,
1992-02-15,37,Take Your Memory With You,Vince Gill,44,3,
1992-02-15,38,For My Broken Heart,Reba McEntire,37,19,
1992-02-15,39,Somebody's Doin' Me Right,Keith Whitley,40,9,Gains In Performance
1992-02-15,40,The Chill Of An Early Fall,George Strait,39,20,
1992-02-15,41,"Baby, I'm Missing You",Highway 101,46,6,Gains In Performance
1992-02-15,42,Professional Fool,Michael White,45,9,Gains In Performance
1992-02-15,43,Fighting Fire With Fire,Davis Daniel,48,7,Gains In Performance
1992-02-15,44,Hard Days And Honky Tonk Nights,Earl Thomas Conley,47,6,Gains In Performance
1992-02-15,45,She Is His Only Need,Wynonna,NEW,1,Highest ranking debut|Gains In Performance
1992-02-15,46,The Tips Of My Fingers,Steve Wariner,59,2,Gains In Performance
1992-02-15,47,A Long Time Ago,The Remingtons,42,19,
1992-02-15,48,Faster Gun,Great Plains,52,6,Gains In Performance
1992-02-15,49,Working Woman,Rob Crosby,56,3,Gains In Performance
1992-02-15,50,Lover Not A Fighter,B.B. Watson,57,3,Gains In Performance
1992-02-15,51,Going Out Tonight,Mary Chapin Carpenter,49,17,
1992-02-15,52,Country Road,Dolly Parton,53,4,Gains In Performance
1992-02-15,53,Burn Me Down,Marty Stuart,73,2,Gains In Performance
1992-02-15,54,There Ain't Nothin' Wrong With The Radio,Aaron Tippin,NEW,1,Gains In Performance
1992-02-15,55,Love Light,Cleve Francis,58,5,Gains In Performance
1992-02-15,56,She's Never Comin' Back,Mark Collie,50,17,
1992-02-15,57,Don't Go Near The Water,Sammy Kershaw,68,2,Gains In Performance
1992-02-15,58,If You'll Let This Fool Back In,Lee Greenwood,61,2,Gains In Performance
1992-02-15,59,Hotel Whiskey,Hank Williams Jr.,65,2,Gains In Performance
1992-02-15,60,Forgotten But Not Gone,Keith Palmer,62,4,Gains In Performance
1992-02-22,1,What She's Doing Now,Garth Brooks,1,8,Gains In Performance
1992-02-22,2,Better Class Of Losers,Randy Travis,2,10,
1992-02-22,3,Maybe It Was Memphis,Pam Tillis,3,11,Gains In Performance
1992-02-22,4,Straight Tequila Night,John Anderson,10,10,Gains In Performance
1992-02-22,5,Is It Cold In Here,Joe Diffie,8,12,Gains In Performance
1992-02-22,6,Except For Monday,Lorrie Morgan,11,11,Gains In Performance
1992-02-22,7,Dallas,Alan Jackson,14,7,Gains In Performance
1992-02-22,8,That's What I Like About You,Trisha Yearwood,13,10,Gains In Performance
1992-02-22,9,The Whiskey Ain't Workin',Travis Tritt With Marty Stuart,4,14,
1992-02-22,10,Mama Don't Forget To Pray For Me,Diamond Rio,9,15,
1992-02-22,11,A Jukebox With A Country Song,Doug Stone,5,15,
1992-02-22,12,Is There Life Out There,Reba McEntire,18,5,Gains In Performance
1992-02-22,13,Turn That Radio On,Ronnie Milsap,6,12,
1992-02-22,14,Born Country,Alabama,16,7,Gains In Performance
1992-02-22,15,After The Lights Go Out,Ricky Van Shelton,15,13,
1992-02-22,16,The Dirt Road,Sawyer Brown,7,14,
1992-02-22,17,Sticks And Stones,Tracy Lawrence,12,16,
1992-02-22,18,If You Want To Find Love,Kenny Rogers,17,13,
1992-02-22,19,It Only Hurts When I Cry,Dwight Yoakam,20,10,Gains In Performance
1992-02-22,20,Only The Wind,Billy Dean,23,8,Gains In Performance
1992-02-22,21,"Love, Me",Collin Raye,19,19,
1992-02-22,22,Outbound Plane,Suzy Bogguss,22,8,Gains In Performance
1992-02-22,23,I'll Start With You,Paulette Carlson,21,12,
1992-02-22,24,She Is His Only Need,Wynonna,45,2,
1992-02-22,25,Jealous Bone,Patty Loveless,28,8,Gains In Performance
1992-02-22,26,Lovesick Blues,George Strait,30,6,Gains In Performance
1992-02-22,27,Take Your Memory With You,Vince Gill,37,4,Gains In Performance
1992-02-22,28,Same Ol' Love,Ricky Skaggs,34,10,Gains In Performance
1992-02-22,29,Cadillac Style,Sammy Kershaw,25,20,
1992-02-22,30,My Next Broken Heart,Brooks & Dunn,31,20,
1992-02-22,31,Somebody's Doin' Me Right,Keith Whitley,39,10,Gains In Performance
1992-02-22,32,(Without You) What Do I Do With Me,Tanya Tucker,27,20,
1992-02-22,33,Shameless,Garth Brooks,36,19,
1992-02-22,34,For My Broken Heart,Reba McEntire,38,20,
1992-02-22,35,You Can Depend On Me,Restless Heart,35,19,
1992-02-22,36,What Kind Of Fool,Lionel Cartwright,26,15,
1992-02-22,37,Broken Promise Land,Mark Chesnutt,29,18,
1992-02-22,38,"Baby, I'm Missing You",Highway 101,41,7,Gains In Performance
1992-02-22,39,Professional Fool,Michael White,42,10,Gains In Performance
1992-02-22,40,I'll Stop Loving You,Mike Reid,24,16,
1992-02-22,41,The Tips Of My Fingers,Steve Wariner,46,3,Gains In Performance
1992-02-22,42,Fighting Fire With Fire,Davis Daniel,43,8,Gains In Performance
1992-02-22,43,I Know Where Love Lives,Hal Ketchum,33,18,
1992-02-22,44,Hard Days And Honky Tonk Nights,Earl Thomas Conley,44,7,Gains In Performance
1992-02-22,45,If I Could Bottle This Up,Paul Overstreet,32,14,
1992-02-22,46,Some Kind Of Trouble,Tanya Tucker,66,2,Gains In Performance
1992-02-22,47,There Ain't Nothin' Wrong With The Radio,Aaron Tippin,54,2,Gains In Performance
1992-02-22,48,Burn Me Down,Marty Stuart,53,3,Gains In Performance
1992-02-22,49,Working Woman,Rob Crosby,49,4,Gains In Performance
1992-02-22,50,Today's Lonely Fool,Tracy Lawrence,65,3,Gains In Performance
1992-02-22,51,Faster Gun,Great Plains,48,7,Gains In Performance
1992-02-22,52,A Long Time Ago,The Remingtons,47,20,
1992-02-22,53,Lover Not A Fighter,B.B. Watson,50,4,Gains In Performance
1992-02-22,54,Country Road,Dolly Parton,52,5,Gains In Performance
1992-02-22,55,Love Light,Cleve Francis,55,6,Gains In Performance
1992-02-22,56,Don't Go Near The Water,Sammy Kershaw,57,3,Gains In Performance
1992-02-22,57,Going Out Tonight,Mary Chapin Carpenter,51,18,
1992-02-22,58,First Time For Everything,Little Texas,63,3,Gains In Performance
1992-02-22,59,"Who, What, Where, When, Why, How",Martin Delray,62,4,Gains In Performance
1992-02-22,60,Forgotten But Not Gone,Keith Palmer,60,5,Gains In Performance
1992-02-29,1,What She's Doing Now,Garth Brooks,1,9,
1992-02-29,2,Better Class Of Losers,Randy Travis,2,11,
1992-02-29,3,Straight Tequila Night,John Anderson,4,11,Gains In Performance
1992-02-29,4,Maybe It Was Memphis,Pam Tillis,3,12,
1992-02-29,5,Except For Monday,Lorrie Morgan,6,12,Gains In Performance
1992-02-29,6,Is It Cold In Here,Joe Diffie,5,13,Gains In Performance
1992-02-29,7,Dallas,Alan Jackson,7,8,Gains In Performance
1992-02-29,8,That's What I Like About You,Trisha Yearwood,8,11,Gains In Performance
1992-02-29,9,Born Country,Alabama,14,8,Gains In Performance
1992-02-29,10,Is There Life Out There,Reba McEntire,12,6,
1992-02-29,11,If You Want To Find Love,Kenny Rogers,18,14,Gains In Performance
1992-02-29,12,Mama Don't Forget To Pray For Me,Diamond Rio,10,16,
1992-02-29,13,The Whiskey Ain't Workin',Travis Tritt With Marty Stuart,9,15,
1992-02-29,14,After The Lights Go Out,Ricky Van Shelton,15,14,
1992-02-29,15,A Jukebox With A Country Song,Doug Stone,11,16,
1992-02-29,16,It Only Hurts When I Cry,Dwight Yoakam,19,11,Gains In Performance
1992-02-29,17,She Is His Only Need,Wynonna,24,3,Gains In Performance
1992-02-29,18,Only The Wind,Billy Dean,20,9,Gains In Performance
1992-02-29,19,Take Your Memory With You,Vince Gill,27,5,Gains In Performance
1992-02-29,20,Outbound Plane,Suzy Bogguss,22,9,Gains In Performance
1992-02-29,21,"Love, Me",Collin Raye,21,20,
1992-02-29,22,Jealous Bone,Patty Loveless,25,9,Gains In Performance
1992-02-29,23,The Dirt Road,Sawyer Brown,16,15,
1992-02-29,24,Sticks And Stones,Tracy Lawrence,17,17,
1992-02-29,25,Same Ol' Love,Ricky Skaggs,28,11,Gains In Performance
1992-02-29,26,Turn That Radio On,Ronnie Milsap,13,13,
1992-02-29,27,Lovesick Blues,George Strait,26,7,
1992-02-29,28,I'll Start With You,Paulette Carlson,23,13,
1992-02-29,29,Somebody's Doin' Me Right,Keith Whitley,31,11,Gains In Performance
1992-02-29,30,"Baby, I'm Missing You",Highway 101,38,8,Gains In Performance
1992-02-29,31,The Tips Of My Fingers,Steve Wariner,41,4,Gains In Performance
1992-02-29,32,You Can Depend On Me,Restless Heart,35,20,
1992-02-29,33,Shameless,Garth Brooks,33,20,
1992-02-29,34,Fighting Fire With Fire,Davis Daniel,42,9,Gains In Performance
1992-02-29,35,Some Kind Of Trouble,Tanya Tucker,46,3,
1992-02-29,36,There Ain't Nothin' Wrong With The Radio,Aaron Tippin,47,3,Gains In Performance
1992-02-29,37,Professional Fool,Michael White,39,11,
1992-02-29,38,Hard Days And Honky Tonk Nights,Earl Thomas Conley,44,8,Gains In Performance
1992-02-29,39,Burn Me Down,Marty Stuart,48,4,Gains In Performance
1992-02-29,40,Today's Lonely Fool,Tracy Lawrence,50,4,Gains In Performance
1992-02-29,41,Broken Promise Land,Mark Chesnutt,37,19,
1992-02-29,42,Working Woman,Rob Crosby,49,5,Gains In Performance
1992-02-29,43,I Know Where Love Lives,Hal Ketchum,43,19,
1992-02-29,44,Faster Gun,Great Plains,51,8,Gains In Performance
1992-02-29,45,I'll Stop Loving You,Mike Reid,40,17,
1992-02-29,46,Lover Not A Fighter,B.B. Watson,53,5,Gains In Performance
1992-02-29,47,Country Road,Dolly Parton,54,6,Gains In Performance
1992-02-29,48,What Kind Of Fool,Lionel Cartwright,36,16,
1992-02-29,49,Don't Go Near The Water,Sammy Kershaw,56,4,Gains In Performance
1992-02-29,50,If I Could Bottle This Up,Paul Overstreet,45,15,
1992-02-29,51,Past The Point Of Rescue,Hal Ketchum,63,3,Gains In Performance
1992-02-29,52,Love Light,Cleve Francis,55,7,Gains In Performance
1992-02-29,53,First Time For Everything,Little Texas,58,4,Gains In Performance
1992-02-29,54,"Play, Ruby, Play",Clinton Gregory,64,3,Gains In Performance
1992-02-29,55,"Who, What, Where, When, Why, How",Martin Delray,59,5,Gains In Performance
1992-02-29,56,Old Flames Have New Names,Mark Chesnutt,NEW,1,Highest ranking debut|Gains In Performance
1992-02-29,57,Hotel Whiskey,Hank Williams Jr.,61,4,Gains In Performance
1992-02-29,58,Going Out Tonight,Mary Chapin Carpenter,57,19,
1992-02-29,59,Neon Moon,Brooks & Dunn,RE,2,Gains In Performance
1992-02-29,60,I Could Love You (With My Eyes Closed),The Remingtons,65,3,Gains In Performance
1992-03-07,1,What She's Doing Now,Garth Brooks,1,10,
1992-03-07,2,Straight Tequila Night,John Anderson,3,12,Gains In Performance
1992-03-07,3,Dallas,Alan Jackson,7,9,Gains In Performance
1992-03-07,4,Except For Monday,Lorrie Morgan,5,13,Gains In Performance
1992-03-07,5,Better Class Of Losers,Randy Travis,2,12,
1992-03-07,6,Born Country,Alabama,9,9,Gains In Performance
1992-03-07,7,Is It Cold In Here,Joe Diffie,6,14,
1992-03-07,8,That's What I Like About You,Trisha Yearwood,8,12,
1992-03-07,9,Maybe It Was Memphis,Pam Tillis,4,13,
1992-03-07,10,Is There Life Out There,Reba McEntire,10,7,Gains In Performance
1992-03-07,11,She Is His Only Need,Wynonna,17,4,Gains In Performance
1992-03-07,12,Take Your Memory With You,Vince Gill,19,6,Gains In Performance
1992-03-07,13,If You Want To Find Love,Kenny Rogers,11,15,
1992-03-07,14,Only The Wind,Billy Dean,18,10,Gains In Performance
1992-03-07,15,It Only Hurts When I Cry,Dwight Yoakam,16,12,Gains In Performance
1992-03-07,16,Outbound Plane,Suzy Bogguss,20,10,Gains In Performance
1992-03-07,17,Jealous Bone,Patty Loveless,22,10,Gains In Performance
1992-03-07,18,Mama Don't Forget To Pray For Me,Diamond Rio,12,17,
1992-03-07,19,A Jukebox With A Country Song,Doug Stone,15,17,
1992-03-07,20,Same Ol' Love,Ricky Skaggs,25,12,Gains In Performance
1992-03-07,21,Somebody's Doin' Me Right,Keith Whitley,29,12,Gains In Performance
1992-03-07,22,The Whiskey Ain't Workin',Travis Tritt With Marty Stuart,13,16,
1992-03-07,23,"Baby, I'm Missing You",Highway 101,30,9,Gains In Performance
1992-03-07,24,Lovesick Blues,George Strait,27,8,
1992-03-07,25,The Tips Of My Fingers,Steve Wariner,31,5,Gains In Performance
1992-03-07,26,The Dirt Road,Sawyer Brown,23,16,
1992-03-07,27,Some Kind Of Trouble,Tanya Tucker,35,4,
1992-03-07,28,Sticks And Stones,Tracy Lawrence,24,18,
1992-03-07,29,After The Lights Go Out,Ricky Van Shelton,14,15,
1992-03-07,30,Turn That Radio On,Ronnie Milsap,26,14,
1992-03-07,31,Fighting Fire With Fire,Davis Daniel,34,10,Gains In Performance
1992-03-07,32,Burn Me Down,Marty Stuart,39,5,Gains In Performance
1992-03-07,33,Today's Lonely Fool,Tracy Lawrence,40,5,Gains In Performance
1992-03-07,34,Professional Fool,Michael White,37,12,Gains In Performance
1992-03-07,35,There Ain't Nothin' Wrong With The Radio,Aaron Tippin,36,4,Gains In Performance
1992-03-07,36,Hard Days And Honky Tonk Nights,Earl Thomas Conley,38,9,Gains In Performance
1992-03-07,37,I'll Start With You,Paulette Carlson,28,14,
1992-03-07,38,Working Woman,Rob Crosby,42,6,Gains In Performance
1992-03-07,39,Old Flames Have New Names,Mark Chesnutt,56,2,Gains In Performance
1992-03-07,40,Past The Point Of Rescue,Hal Ketchum,51,4,Gains In Performance
1992-03-07,41,Faster Gun,Great Plains,44,9,Gains In Performance
1992-03-07,42,Neon Moon,Brooks & Dunn,59,3,Gains In Performance
1992-03-07,43,Lover Not A Fighter,B.B. Watson,46,6,Gains In Performance
1992-03-07,44,Broken Promise Land,Mark Chesnutt,41,20,
1992-03-07,45,Don't Go Near The Water,Sammy Kershaw,49,5,Gains In Performance
1992-03-07,46,Country Road,Dolly Parton,47,7,Gains In Performance
1992-03-07,47,I Know Where Love Lives,Hal Ketchum,43,20,
1992-03-07,48,First Time For Everything,Little Texas,53,5,Gains In Performance
1992-03-07,49,I'll Stop Loving You,Mike Reid,45,18,
1992-03-07,50,"Play, Ruby, Play",Clinton Gregory,54,4,Gains In Performance
1992-03-07,51,"Who, What, Where, When, Why, How",Martin Delray,55,6,Gains In Performance
1992-03-07,52,Love Light,Cleve Francis,52,8,
1992-03-07,53,Till I'm Holding You Again,Pirates Of The Mississippi,62,2,Gains In Performance
1992-03-07,54,Hotel Whiskey,Hank Williams Jr.,57,5,Gains In Performance
1992-03-07,55,What Kind Of Fool,Lionel Cartwright,48,17,
1992-03-07,56,I Could Love You (With My Eyes Closed),The Remingtons,60,4,Gains In Performance
1992-03-07,57,Going Out Tonight,Mary Chapin Carpenter,58,20,
1992-03-07,58,Waitin' For The Deal To Go Down,Dixiana,63,3,Gains In Performance
1992-03-07,59,The Rock,Lee Roy Parnell,65,3,Gains In Performance
1992-03-07,60,Familiar Pain,Restless Heart,68,2,Gains In Performance
1992-03-14,1,Straight Tequila Night,John Anderson,2,13,Gains In Performance
1992-03-14,2,Dallas,Alan Jackson,3,10,Gains In Performance
1992-03-14,3,Born Country,Alabama,6,10,Gains In Performance
1992-03-14,4,Except For Monday,Lorrie Morgan,4,14,
1992-03-14,5,What She's Doing Now,Garth Brooks,1,11,
1992-03-14,6,Is There Life Out There,Reba McEntire,10,8,Gains In Performance
1992-03-14,7,Is It Cold In Here,Joe Diffie,7,15,
1992-03-14,8,Better Class Of Losers,Randy Travis,5,13,
1992-03-14,9,She Is His Only Need,Wynonna,11,5,Gains In Performance
1992-03-14,10,Only The Wind,Billy Dean,14,11,Gains In Performance
1992-03-14,11,Take Your Memory With You,Vince Gill,12,7,Gains In Performance
1992-03-14,12,That's What I Like About You,Trisha Yearwood,8,13,
1992-03-14,13,Maybe It Was Memphis,Pam Tillis,9,14,
1992-03-14,14,It Only Hurts When I Cry,Dwight Yoakam,15,13,Gains In Performance
1992-03-14,15,Outbound Plane,Suzy Bogguss,16,11,Gains In Performance
1992-03-14,16,Jealous Bone,Patty Loveless,17,11,Gains In Performance
1992-03-14,17,If You Want To Find Love,Kenny Rogers,13,16,
1992-03-14,18,Same Ol' Love,Ricky Skaggs,20,13,Gains In Performance
1992-03-14,19,The Tips Of My Fingers,Steve Wariner,25,6,Gains In Performance
1992-03-14,20,Somebody's Doin' Me Right,Keith Whitley,21,13,Gains In Performance
1992-03-14,21,Some Kind Of Trouble,Tanya Tucker,27,5,Gains In Performance
1992-03-14,22,"Baby, I'm Missing You",Highway 101,23,10,Gains In Performance
1992-03-14,23,Burn Me Down,Marty Stuart,32,6,
1992-03-14,24,A Jukebox With A Country Song,Doug Stone,19,18,
1992-03-14,25,Today's Lonely Fool,Tracy Lawrence,33,6,Gains In Performance
1992-03-14,26,There Ain't Nothin' Wrong With The Radio,Aaron Tippin,35,5,Gains In Performance
1992-03-14,27,Fighting Fire With Fire,Davis Daniel,31,11,Gains In Performance
1992-03-14,28,Mama Don't Forget To Pray For Me,Diamond Rio,18,18,
1992-03-14,29,The Dirt Road,Sawyer Brown,26,17,
1992-03-14,30,The Whiskey Ain't Workin',Travis Tritt With Marty Stuart,22,17,
1992-03-14,31,Sticks And Stones,Tracy Lawrence,28,19,
1992-03-14,32,Turn That Radio On,Ronnie Milsap,30,15,
1992-03-14,33,Professional Fool,Michael White,34,13,Gains In Performance
1992-03-14,34,Old Flames Have New Names,Mark Chesnutt,39,3,Gains In Performance
1992-03-14,35,Past The Point Of Rescue,Hal Ketchum,40,5,Gains In Performance
1992-03-14,36,Working Woman,Rob Crosby,38,7,Gains In Performance
1992-03-14,37,Neon Moon,Brooks & Dunn,42,4,Gains In Performance
1992-03-14,38,Lovesick Blues,George Strait,24,9,
1992-03-14,39,After The Lights Go Out,Ricky Van Shelton,29,16,
1992-03-14,40,Don't Go Near The Water,Sammy Kershaw,45,6,Gains In Performance
1992-03-14,41,Faster Gun,Great Plains,41,10,Gains In Performance
1992-03-14,42,Hard Days And Honky Tonk Nights,Earl Thomas Conley,36,10,
1992-03-14,43,Lover Not A Fighter,B.B. Watson,43,7,Gains In Performance
1992-03-14,44,First Time For Everything,Little Texas,48,6,Gains In Performance
1992-03-14,45,"Play, Ruby, Play",Clinton Gregory,50,5,Gains In Performance
1992-03-14,46,I'll Start With You,Paulette Carlson,37,15,
1992-03-14,47,Some Girls Do,Sawyer Brown,62,2,Gains In Performance
1992-03-14,48,Country Road,Dolly Parton,46,8,
1992-03-14,49,Till I'm Holding You Again,Pirates Of The Mississippi,53,3,Gains In Performance
1992-03-14,50,Every Second,Collin Raye,61,3,Gains In Performance
1992-03-14,51,I Could Love You (With My Eyes Closed),The Remingtons,56,5,Gains In Performance
1992-03-14,52,I'll Stop Loving You,Mike Reid,49,19,
1992-03-14,53,"Who, What, Where, When, Why, How",Martin Delray,51,7,
1992-03-14,54,Waitin' For The Deal To Go Down,Dixiana,58,4,Gains In Performance
1992-03-14,55,The Rock,Lee Roy Parnell,59,4,Gains In Performance
1992-03-14,56,Hotel Whiskey,Hank Williams Jr.,54,6,
1992-03-14,57,Lovin' All Night,Rodney Crowell,68,2,Gains In Performance
1992-03-14,58,Familiar Pain,Restless Heart,60,3,Gains In Performance
1992-03-14,59,Love Light,Cleve Francis,52,9,
1992-03-14,60,What Kind Of Fool,Lionel Cartwright,55,18,
1992-03-21,1,Dallas,Alan Jackson,2,11,Gains In Performance
1992-03-21,2,Born Country,Alabama,3,11,Gains In Performance
1992-03-21,3,Is There Life Out There,Reba McEntire,6,9,Gains In Performance
1992-03-21,4,Except For Monday,Lorrie Morgan,4,15,Gains In Performance
1992-03-21,5,Straight Tequila Night,John Anderson,1,14,
1992-03-21,6,She Is His Only Need,Wynonna,9,6,Gains In Performance
1992-03-21,7,Only The Wind,Billy Dean,10,12,Gains In Performance
1992-03-21,8,What She's Doing Now,Garth Brooks,5,12,
1992-03-21,9,It Only Hurts When I Cry,Dwight Yoakam,14,14,Gains In Performance
1992-03-21,10,Outbound Plane,Suzy Bogguss,15,12,Gains In Performance
1992-03-21,11,Take Your Memory With You,Vince Gill,11,8,Gains In Performance
1992-03-21,12,Is It Cold In Here,Joe Diffie,7,16,
1992-03-21,13,Better Class Of Losers,Randy Travis,8,14,
1992-03-21,14,Jealous Bone,Patty Loveless,16,12,Gains In Performance
1992-03-21,15,Some Kind Of Trouble,Tanya Tucker,21,6,Gains In Performance
1992-03-21,16,Somebody's Doin' Me Right,Keith Whitley,20,14,Gains In Performance
1992-03-21,17,The Tips Of My Fingers,Steve Wariner,19,7,Gains In Performance
1992-03-21,18,Same Ol' Love,Ricky Skaggs,18,14,Gains In Performance
1992-03-21,19,There Ain't Nothin' Wrong With The Radio,Aaron Tippin,26,6,Gains In Performance
1992-03-21,20,Burn Me Down,Marty Stuart,23,7,Gains In Performance
1992-03-21,21,Today's Lonely Fool,Tracy Lawrence,25,7,Gains In Performance
1992-03-21,22,"Baby, I'm Missing You",Highway 101,22,11,Gains In Performance
1992-03-21,23,Maybe It Was Memphis,Pam Tillis,13,15,
1992-03-21,24,That's What I Like About You,Trisha Yearwood,12,14,
1992-03-21,25,Past The Point Of Rescue,Hal Ketchum,35,6,Gains In Performance
1992-03-21,26,Old Flames Have New Names,Mark Chesnutt,34,4,Gains In Performance
1992-03-21,27,Neon Moon,Brooks & Dunn,37,5,Gains In Performance
1992-03-21,28,A Jukebox With A Country Song,Doug Stone,24,19,
1992-03-21,29,Working Woman,Rob Crosby,36,8,Gains In Performance
1992-03-21,30,Fighting Fire With Fire,Davis Daniel,27,12,
1992-03-21,31,If You Want To Find Love,Kenny Rogers,17,17,
1992-03-21,32,Professional Fool,Michael White,33,14,Gains In Performance
1992-03-21,33,The Dirt Road,Sawyer Brown,29,18,
1992-03-21,34,Sticks And Stones,Tracy Lawrence,31,20,
1992-03-21,35,The Whiskey Ain't Workin',Travis Tritt With Marty Stuart,30,18,
1992-03-21,36,Mama Don't Forget To Pray For Me,Diamond Rio,28,19,
1992-03-21,37,Don't Go Near The Water,Sammy Kershaw,40,7,Gains In Performance
1992-03-21,38,Some Girls Do,Sawyer Brown,47,3,Gains In Performance
1992-03-21,39,Every Second,Collin Raye,50,4,Gains In Performance
1992-03-21,40,First Time For Everything,Little Texas,44,7,Gains In Performance
1992-03-21,41,Faster Gun,Great Plains,41,11,Gains In Performance
1992-03-21,42,Turn That Radio On,Ronnie Milsap,32,16,
1992-03-21,43,Papa Loved Mama,Garth Brooks,61,6,
1992-03-21,44,"Play, Ruby, Play",Clinton Gregory,45,6,Gains In Performance
1992-03-21,45,After The Lights Go Out,Ricky Van Shelton,39,17,
1992-03-21,46,Till I'm Holding You Again,Pirates Of The Mississippi,49,4,Gains In Performance
1992-03-21,47,Lovin' All Night,Rodney Crowell,57,3,Gains In Performance
1992-03-21,48,I Could Love You (With My Eyes Closed),The Remingtons,51,6,Gains In Performance
1992-03-21,49,Familiar Pain,Restless Heart,58,4,Gains In Performance
1992-03-21,50,Lovesick Blues,George Strait,38,10,
1992-03-21,51,Lover Not A Fighter,B.B. Watson,43,8,
1992-03-21,52,Waitin' For The Deal To Go Down,Dixiana,54,5,Gains In Performance
1992-03-21,53,Hard Days And Honky Tonk Nights,Earl Thomas Conley,42,11,
1992-03-21,54,The Rock,Lee Roy Parnell,55,5,Gains In Performance
1992-03-21,55,Hotel Whiskey,Hank Williams Jr.,56,7,
1992-03-21,56,I'll Stop Loving You,Mike Reid,52,20,
1992-03-21,57,I'll Start With You,Paulette Carlson,46,16,
1992-03-21,58,Nothing Short Of Dying,Travis Tritt,62,3,Gains In Performance
1992-03-21,59,Sacred Ground,McBride & The Ride,71,2,Gains In Performance
1992-03-21,60,Backroads,Ricky Van Shelton,NEW,1,Highest ranking debut|Gains In Performance
1992-03-28,1,Is There Life Out There,Reba McEntire,3,10,Gains In Performance
1992-03-28,2,Dallas,Alan Jackson,1,12,
1992-03-28,3,Born Country,Alabama,2,12,
1992-03-28,4,She Is His Only Need,Wynonna,6,7,Gains In Performance
1992-03-28,5,Except For Monday,Lorrie Morgan,4,16,
1992-03-28,6,Only The Wind,Billy Dean,7,13,Gains In Performance
1992-03-28,7,It Only Hurts When I Cry,Dwight Yoakam,9,15,Gains In Performance
1992-03-28,8,Straight Tequila Night,John Anderson,5,15,
1992-03-28,9,Outbound Plane,Suzy Bogguss,10,13,Gains In Performance
1992-03-28,10,Take Your Memory With You,Vince Gill,11,9,Gains In Performance
1992-03-28,11,The Tips Of My Fingers,Steve Wariner,17,8,Gains In Performance
1992-03-28,12,There Ain't Nothin' Wrong With The Radio,Aaron Tippin,19,7,Gains In Performance
1992-03-28,13,Jealous Bone,Patty Loveless,14,13,
1992-03-28,14,What She's Doing Now,Garth Brooks,8,13,
1992-03-28,15,Somebody's Doin' Me Right,Keith Whitley,16,15,Gains In Performance
1992-03-28,16,Some Kind Of Trouble,Tanya Tucker,15,7,
1992-03-28,17,Burn Me Down,Marty Stuart,20,8,Gains In Performance
1992-03-28,18,Today's Lonely Fool,Tracy Lawrence,21,8,Gains In Performance
1992-03-28,19,Same Ol' Love,Ricky Skaggs,18,15,
1992-03-28,20,Past The Point Of Rescue,Hal Ketchum,25,7,Gains In Performance
1992-03-28,21,Is It Cold In Here,Joe Diffie,12,17,
1992-03-28,22,Better Class Of Losers,Randy Travis,13,15,
1992-03-28,23,Old Flames Have New Names,Mark Chesnutt,26,5,Gains In Performance
1992-03-28,24,Neon Moon,Brooks & Dunn,27,6,Gains In Performance
1992-03-28,25,"Baby, I'm Missing You",Highway 101,22,12,
1992-03-28,26,Maybe It Was Memphis,Pam Tillis,23,16,
1992-03-28,27,Papa Loved Mama,Garth Brooks,43,7,
1992-03-28,28,Working Woman,Rob Crosby,29,9,Gains In Performance
1992-03-28,29,A Jukebox With A Country Song,Doug Stone,28,20,
1992-03-28,30,That's What I Like About You,Trisha Yearwood,24,15,
1992-03-28,31,Don't Go Near The Water,Sammy Kershaw,37,8,Gains In Performance
1992-03-28,32,Some Girls Do,Sawyer Brown,38,4,Gains In Performance
1992-03-28,33,The Dirt Road,Sawyer Brown,33,19,
1992-03-28,34,Every Second,Collin Raye,39,5,Gains In Performance
1992-03-28,35,The Whiskey Ain't Workin',Travis Tritt With Marty Stuart,35,19,
1992-03-28,36,Fighting Fire With Fire,Davis Daniel,30,13,
1992-03-28,37,Mama Don't Forget To Pray For Me,Diamond Rio,36,20,
1992-03-28,38,First Time For Everything,Little Texas,40,8,Gains In Performance
1992-03-28,39,"Play, Ruby, Play",Clinton Gregory,44,7,Gains In Performance
1992-03-28,40,Lovin' All Night,Rodney Crowell,47,4,Gains In Performance
1992-03-28,41,Turn That Radio On,Ronnie Milsap,42,17,
1992-03-28,42,If You Want To Find Love,Kenny Rogers,31,18,
1992-03-28,43,Till I'm Holding You Again,Pirates Of The Mississippi,46,5,Gains In Performance
1992-03-28,44,Professional Fool,Michael White,32,15,
1992-03-28,45,Nothing Short Of Dying,Travis Tritt,58,4,Gains In Performance
1992-03-28,46,Faster Gun,Great Plains,41,12,
1992-03-28,47,I Could Love You (With My Eyes Closed),The Remingtons,48,7,Gains In Performance
1992-03-28,48,Backroads,Ricky Van Shelton,60,2,Gains In Performance
1992-03-28,49,Familiar Pain,Restless Heart,49,5,Gains In Performance
1992-03-28,50,After The Lights Go Out,Ricky Van Shelton,45,18,
1992-03-28,51,Sacred Ground,McBride & The Ride,59,3,Gains In Performance
1992-03-28,52,Waitin' For The Deal To Go Down,Dixiana,52,6,Gains In Performance
1992-03-28,53,The Rock,Lee Roy Parnell,54,6,Gains In Performance
1992-03-28,54,Come In Out Of The Pain,Doug Stone,64,2,Gains In Performance
1992-03-28,55,Lovesick Blues,George Strait,50,11,
1992-03-28,56,Lover Not A Fighter,B.B. Watson,51,9,
1992-03-28,57,Hotel Whiskey,Hank Williams Jr.,55,8,
1992-03-28,58,I'll Start With You,Paulette Carlson,57,17,
1992-03-28,59,All Is Fair In Love And War,Ronnie Milsap,NEW,1,Highest ranking debut|Gains In Performance
1992-03-28,60,I'm Okay (And Gettin' Better),Billy Joe Royal,68,2,Gains In Performance
1992-04-04,1,Is There Life Out There,Reba McEntire,1,11,
1992-04-04,2,She Is His Only Need,Wynonna,4,8,Gains In Performance
1992-04-04,3,Dallas,Alan Jackson,2,13,
1992-04-04,4,Only The Wind,Billy Dean,6,14,Gains In Performance
1992-04-04,5,Take Your Memory With You,Vince Gill,10,10,Gains In Performance
1992-04-04,6,Born Country,Alabama,3,13,
1992-04-04,7,The Tips Of My Fingers,Steve Wariner,11,9,Gains In Performance
1992-04-04,8,It Only Hurts When I Cry,Dwight Yoakam,7,16,
1992-04-04,9,There Ain't Nothin' Wrong With The Radio,Aaron Tippin,12,8,Gains In Performance
1992-04-04,10,Outbound Plane,Suzy Bogguss,9,14,
1992-04-04,11,Some Kind Of Trouble,Tanya Tucker,16,8,Gains In Performance
1992-04-04,12,Today's Lonely Fool,Tracy Lawrence,18,9,Gains In Performance
1992-04-04,13,Past The Point Of Rescue,Hal Ketchum,20,8,Gains In Performance
1992-04-04,14,Same Ol' Love,Ricky Skaggs,19,16,Gains In Performance
1992-04-04,15,Old Flames Have New Names,Mark Chesnutt,23,6,Gains In Performance
1992-04-04,16,Neon Moon,Brooks & Dunn,24,7,Gains In Performance
1992-04-04,17,Burn Me Down,Marty Stuart,17,9,Gains In Performance
1992-04-04,18,Except For Monday,Lorrie Morgan,5,17,
1992-04-04,19,Straight Tequila Night,John Anderson,8,16,
1992-04-04,20,Papa Loved Mama,Garth Brooks,27,8,Gains In Performance
1992-04-04,21,Somebody's Doin' Me Right,Keith Whitley,15,16,
1992-04-04,22,What She's Doing Now,Garth Brooks,14,14,
1992-04-04,23,Some Girls Do,Sawyer Brown,32,5,
1992-04-04,24,Jealous Bone,Patty Loveless,13,14,
1992-04-04,25,Is It Cold In Here,Joe Diffie,21,18,
1992-04-04,26,Better Class Of Losers,Randy Travis,22,16,
1992-04-04,27,Maybe It Was Memphis,Pam Tillis,26,17,
1992-04-04,28,Don't Go Near The Water,Sammy Kershaw,31,9,Gains In Performance
1992-04-04,29,"Baby, I'm Missing You",Highway 101,25,13,
1992-04-04,30,Every Second,Collin Raye,34,6,Gains In Performance
1992-04-04,31,Working Woman,Rob Crosby,28,10,
1992-04-04,32,First Time For Everything,Little Texas,38,9,Gains In Performance
1992-04-04,33,Nothing Short Of Dying,Travis Tritt,45,5,Gains In Performance
1992-04-04,34,The Dirt Road,Sawyer Brown,33,20,
1992-04-04,35,That's What I Like About You,Trisha Yearwood,30,16,
1992-04-04,36,Lovin' All Night,Rodney Crowell,40,5,Gains In Performance
1992-04-04,37,Till I'm Holding You Again,Pirates Of The Mississippi,43,6,Gains In Performance
1992-04-04,38,"Play, Ruby, Play",Clinton Gregory,39,8,Gains In Performance
1992-04-04,39,The Whiskey Ain't Workin',Travis Tritt With Marty Stuart,35,20,
1992-04-04,40,Backroads,Ricky Van Shelton,48,3,Gains In Performance
1992-04-04,41,Turn That Radio On,Ronnie Milsap,41,18,
1992-04-04,42,Come In Out Of The Pain,Doug Stone,54,3,Gains In Performance
1992-04-04,43,Sacred Ground,McBride & The Ride,51,4,Gains In Performance
1992-04-04,44,I Could Love You (With My Eyes Closed),The Remingtons,47,8,Gains In Performance
1992-04-04,45,If You Want To Find Love,Kenny Rogers,42,19,
1992-04-04,46,Familiar Pain,Restless Heart,49,6,Gains In Performance
1992-04-04,47,Waitin' For The Deal To Go Down,Dixiana,52,7,Gains In Performance
1992-04-04,48,All Is Fair In Love And War,Ronnie Milsap,59,2,Gains In Performance
1992-04-04,49,Fighting Fire With Fire,Davis Daniel,36,14,
1992-04-04,50,The Woman Before Me,Trisha Yearwood,68,2,Gains In Performance
1992-04-04,51,After The Lights Go Out,Ricky Van Shelton,50,19,
1992-04-04,52,The Rock,Lee Roy Parnell,53,7,Gains In Performance
1992-04-04,53,Faster Gun,Great Plains,46,13,
1992-04-04,54,Professional Fool,Michael White,44,16,
1992-04-04,55,Norma Jean Riley,Diamond Rio,72,2,Gains In Performance
1992-04-04,56,The More I Learn (The Less I Understand About Love),Ronna Reeves,62,5,Gains In Performance
1992-04-04,57,I'm Okay (And Gettin' Better),Billy Joe Royal,60,3,Gains In Performance
1992-04-04,58,Lovesick Blues,George Strait,55,12,
1992-04-04,59,Billy Can't Read,Paul Overstreet,61,4,Gains In Performance
1992-04-04,60,Take It Like A Man,Michelle Wright,NEW,1,Highest ranking debut|Gains In Performance
1992-04-11,1,She Is His Only Need,Wynonna,2,9,Gains In Performance
1992-04-11,2,Is There Life Out There,Reba McEntire,1,12,
1992-04-11,3,Take Your Memory With You,Vince Gill,5,11,Gains In Performance
1992-04-11,4,The Tips Of My Fingers,Steve Wariner,7,10,Gains In Performance
1992-04-11,5,There Ain't Nothin' Wrong With The Radio,Aaron Tippin,9,9,Gains In Performance
1992-04-11,6,Only The Wind,Billy Dean,4,15,
1992-04-11,7,Today's Lonely Fool,Tracy Lawrence,12,10,Gains In Performance
1992-04-11,8,Some Kind Of Trouble,Tanya Tucker,11,9,Gains In Performance
1992-04-11,9,Dallas,Alan Jackson,3,14,
1992-04-11,10,Past The Point Of Rescue,Hal Ketchum,13,9,Gains In Performance
1992-04-11,11,Papa Loved Mama,Garth Brooks,20,9,Gains In Performance
1992-04-11,12,Same Ol' Love,Ricky Skaggs,14,17,Gains In Performance
1992-04-11,13,Born Country,Alabama,6,14,
1992-04-11,14,Neon Moon,Brooks & Dunn,16,8,Gains In Performance
1992-04-11,15,Old Flames Have New Names,Mark Chesnutt,15,7,Gains In Performance
1992-04-11,16,Burn Me Down,Marty Stuart,17,10,Gains In Performance
1992-04-11,17,Some Girls Do,Sawyer Brown,23,6,Gains In Performance
1992-04-11,18,It Only Hurts When I Cry,Dwight Yoakam,8,17,
1992-04-11,19,Don't Go Near The Water,Sammy Kershaw,28,10,Gains In Performance
1992-04-11,20,Straight Tequila Night,John Anderson,19,17,
1992-04-11,21,Except For Monday,Lorrie Morgan,18,18,
1992-04-11,22,Every Second,Collin Raye,30,7,Gains In Performance
1992-04-11,23,Nothing Short Of Dying,Travis Tritt,33,6,
1992-04-11,24,Somebody's Doin' Me Right,Keith Whitley,21,17,
1992-04-11,25,What She's Doing Now,Garth Brooks,22,15,
1992-04-11,26,Outbound Plane,Suzy Bogguss,10,15,
1992-04-11,27,Is It Cold In Here,Joe Diffie,25,19,
1992-04-11,28,First Time For Everything,Little Texas,32,10,Gains In Performance
1992-04-11,29,Maybe It Was Memphis,Pam Tillis,27,18,
1992-04-11,30,Lovin' All Night,Rodney Crowell,36,6,Gains In Performance
1992-04-11,31,Better Class Of Losers,Randy Travis,26,17,
1992-04-11,32,"Play, Ruby, Play",Clinton Gregory,38,9,Gains In Performance
1992-04-11,33,Till I'm Holding You Again,Pirates Of The Mississippi,37,7,Gains In Performance
1992-04-11,34,Backroads,Ricky Van Shelton,40,4,Gains In Performance
1992-04-11,35,Come In Out Of The Pain,Doug Stone,42,4,Gains In Performance
1992-04-11,36,Sacred Ground,McBride & The Ride,43,5,Gains In Performance
1992-04-11,37,I Could Love You (With My Eyes Closed),The Remingtons,44,9,Gains In Performance
1992-04-11,38,Jealous Bone,Patty Loveless,24,15,
1992-04-11,39,That's What I Like About You,Trisha Yearwood,35,17,
1992-04-11,40,Familiar Pain,Restless Heart,46,7,Gains In Performance
1992-04-11,41,All Is Fair In Love And War,Ronnie Milsap,48,3,Gains In Performance
1992-04-11,42,Turn That Radio On,Ronnie Milsap,41,19,
1992-04-11,43,The Woman Before Me,Trisha Yearwood,50,3,Gains In Performance
1992-04-11,44,"Baby, I'm Missing You",Highway 101,29,14,
1992-04-11,45,Waitin' For The Deal To Go Down,Dixiana,47,8,Gains In Performance
1992-04-11,46,Working Woman,Rob Crosby,31,11,
1992-04-11,47,Rock My Baby,Shenandoah,63,2,Gains In Performance
1992-04-11,48,Norma Jean Riley,Diamond Rio,55,3,Gains In Performance
1992-04-11,49,If You Want To Find Love,Kenny Rogers,45,20,
1992-04-11,50,The Rock,Lee Roy Parnell,52,8,Gains In Performance
1992-04-11,51,The More I Learn (The Less I Understand About Love),Ronna Reeves,56,6,Gains In Performance
1992-04-11,52,After The Lights Go Out,Ricky Van Shelton,51,20,
1992-04-11,53,Take It Like A Man,Michelle Wright,60,2,Gains In Performance
1992-04-11,54,Aces,Suzy Bogguss,64,2,Gains In Performance
1992-04-11,55,I'm Okay (And Gettin' Better),Billy Joe Royal,57,4,Gains In Performance
1992-04-11,56,I'd Surrender All,Randy Travis,74,2,Gains In Performance
1992-04-11,57,Billy Can't Read,Paul Overstreet,59,5,Gains In Performance
1992-04-11,58,Fighting Fire With Fire,Davis Daniel,49,15,
1992-04-11,59,She Took It Like A Man,Confederate Railroad,71,2,Gains In Performance
1992-04-11,60,Faster Gun,Great Plains,53,14,
1992-04-18,1,There Ain't Nothin' Wrong With The Radio,Aaron Tippin,5,10,Gains In Performance
1992-04-18,2,Take Your Memory With You,Vince Gill,3,12,Gains In Performance
1992-04-18,3,The Tips Of My Fingers,Steve Wariner,4,11,Gains In Performance
1992-04-18,4,She Is His Only Need,Wynonna,1,10,
1992-04-18,5,Some Kind Of Trouble,Tanya Tucker,8,10,Gains In Performance
1992-04-18,6,Today's Lonely Fool,Tracy Lawrence,7,11,Gains In Performance
1992-04-18,7,Past The Point Of Rescue,Hal Ketchum,10,10,Gains In Performance
1992-04-18,8,Is There Life Out There,Reba McEntire,2,13,
1992-04-18,9,Papa Loved Mama,Garth Brooks,11,10,Gains In Performance
1992-04-18,10,Neon Moon,Brooks & Dunn,14,9,Gains In Performance
1992-04-18,11,Burn Me Down,Marty Stuart,16,11,Gains In Performance
1992-04-18,12,Old Flames Have New Names,Mark Chesnutt,15,8,Gains In Performance
1992-04-18,13,Some Girls Do,Sawyer Brown,17,7,Gains In Performance
1992-04-18,14,Don't Go Near The Water,Sammy Kershaw,19,11,Gains In Performance
1992-04-18,15,Dallas,Alan Jackson,9,15,
1992-04-18,16,Every Second,Collin Raye,22,8,Gains In Performance
1992-04-18,17,Same Ol' Love,Ricky Skaggs,12,18,
1992-04-18,18,Nothing Short Of Dying,Travis Tritt,23,7,Gains In Performance
1992-04-18,19,Only The Wind,Billy Dean,6,16,
1992-04-18,20,Straight Tequila Night,John Anderson,20,18,
1992-04-18,21,Born Country,Alabama,13,15,
1992-04-18,22,Except For Monday,Lorrie Morgan,21,19,
1992-04-18,23,Lovin' All Night,Rodney Crowell,30,7,Gains In Performance
1992-04-18,24,What She's Doing Now,Garth Brooks,25,16,
1992-04-18,25,Backroads,Ricky Van Shelton,34,5,
1992-04-18,26,Come In Out Of The Pain,Doug Stone,35,5,Gains In Performance
1992-04-18,27,First Time For Everything,Little Texas,28,11,Gains In Performance
1992-04-18,28,It Only Hurts When I Cry,Dwight Yoakam,18,18,
1992-04-18,29,"Play, Ruby, Play",Clinton Gregory,32,10,Gains In Performance
1992-04-18,30,Till I'm Holding You Again,Pirates Of The Mississippi,33,8,Gains In Performance
1992-04-18,31,Maybe It Was Memphis,Pam Tillis,29,19,
1992-04-18,32,Sacred Ground,McBride & The Ride,36,6,Gains In Performance
1992-04-18,33,Better Class Of Losers,Randy Travis,31,18,
1992-04-18,34,Is It Cold In Here,Joe Diffie,27,20,
1992-04-18,35,Somebody's Doin' Me Right,Keith Whitley,24,18,
1992-04-18,36,I Could Love You (With My Eyes Closed),The Remingtons,37,10,Gains In Performance
1992-04-18,37,The Woman Before Me,Trisha Yearwood,43,4,Gains In Performance
1992-04-18,38,All Is Fair In Love And War,Ronnie Milsap,41,4,Gains In Performance
1992-04-18,39,Outbound Plane,Suzy Bogguss,26,16,
1992-04-18,40,Familiar Pain,Restless Heart,40,8,Gains In Performance
1992-04-18,41,Waitin' For The Deal To Go Down,Dixiana,45,9,Gains In Performance
1992-04-18,42,Norma Jean Riley,Diamond Rio,48,4,Gains In Performance
1992-04-18,43,Rock My Baby,Shenandoah,47,3,Gains In Performance
1992-04-18,44,That's What I Like About You,Trisha Yearwood,39,18,
1992-04-18,45,Gone As A Girl Can Get,George Strait,NEW,1,Highest ranking debut|Gains In Performance
1992-04-18,46,Turn That Radio On,Ronnie Milsap,42,20,
1992-04-18,47,I'd Surrender All,Randy Travis,56,3,Gains In Performance
1992-04-18,48,Take It Like A Man,Michelle Wright,53,3,Gains In Performance
1992-04-18,49,The More I Learn (The Less I Understand About Love),Ronna Reeves,51,7,Gains In Performance
1992-04-18,50,The Rock,Lee Roy Parnell,50,9,Gains In Performance
1992-04-18,51,Jealous Bone,Patty Loveless,38,16,
1992-04-18,52,Aces,Suzy Bogguss,54,3,Gains In Performance
1992-04-18,53,She Took It Like A Man,Confederate Railroad,59,3,Gains In Performance
1992-04-18,54,I'm Okay (And Gettin' Better),Billy Joe Royal,55,5,Gains In Performance
1992-04-18,55,"Baby, I'm Missing You",Highway 101,44,15,
1992-04-18,56,Blue Rose Is,Pam Tillis,63,2,Gains In Performance
1992-04-18,57,Achy Breaky Heart,Billy Ray Cyrus,64,3,Gains In Performance
1992-04-18,58,The Power Of Love,"Matthews, Wright & King",62,3,Gains In Performance
1992-04-18,59,Billy Can't Read,Paul Overstreet,57,6,
1992-04-18,60,Working Woman,Rob Crosby,46,12,
1992-04-25,1,There Ain't Nothin' Wrong With The Radio,Aaron Tippin,1,11,Gains In Performance
1992-04-25,2,Take Your Memory With You,Vince Gill,2,13,
1992-04-25,3,Today's Lonely Fool,Tracy Lawrence,6,12,Gains In Performance
1992-04-25,4,Some Kind Of Trouble,Tanya Tucker,5,11,Gains In Performance
1992-04-25,5,Past The Point Of Rescue,Hal Ketchum,7,11,Gains In Performance
1992-04-25,6,Neon Moon,Brooks & Dunn,10,10,Gains In Performance
1992-04-25,7,The Tips Of My Fingers,Steve Wariner,3,12,
1992-04-25,8,Papa Loved Mama,Garth Brooks,9,11,Gains In Performance
1992-04-25,9,Burn Me Down,Marty Stuart,11,12,Gains In Performance
1992-04-25,10,She Is His Only Need,Wynonna,4,11,
1992-04-25,11,Old Flames Have New Names,Mark Chesnutt,12,9,Gains In Performance
1992-04-25,12,Some Girls Do,Sawyer Brown,13,8,Gains In Performance
1992-04-25,13,Nothing Short Of Dying,Travis Tritt,18,8,Gains In Performance
1992-04-25,14,Is There Life Out There,Reba McEntire,8,14,
1992-04-25,15,Every Second,Collin Raye,16,9,Gains In Performance
1992-04-25,16,Don't Go Near The Water,Sammy Kershaw,14,12,
1992-04-25,17,Backroads,Ricky Van Shelton,25,6,Gains In Performance
1992-04-25,18,Come In Out Of The Pain,Doug Stone,26,6,Gains In Performance
1992-04-25,19,Lovin' All Night,Rodney Crowell,23,8,Gains In Performance
1992-04-25,20,First Time For Everything,Little Texas,27,12,Gains In Performance
1992-04-25,21,Dallas,Alan Jackson,15,16,
1992-04-25,22,Born Country,Alabama,21,16,
1992-04-25,23,Only The Wind,Billy Dean,19,17,
1992-04-25,24,Straight Tequila Night,John Anderson,20,19,
1992-04-25,25,"Play, Ruby, Play",Clinton Gregory,29,11,Gains In Performance
1992-04-25,26,Same Ol' Love,Ricky Skaggs,17,19,
1992-04-25,27,Till I'm Holding You Again,Pirates Of The Mississippi,30,9,Gains In Performance
1992-04-25,28,Except For Monday,Lorrie Morgan,22,20,
1992-04-25,29,Sacred Ground,McBride & The Ride,32,7,Gains In Performance
1992-04-25,30,The Woman Before Me,Trisha Yearwood,37,5,Gains In Performance
1992-04-25,31,What She's Doing Now,Garth Brooks,24,17,
1992-04-25,32,All Is Fair In Love And War,Ronnie Milsap,38,5,Gains In Performance
1992-04-25,33,I Could Love You (With My Eyes Closed),The Remingtons,36,11,Gains In Performance
1992-04-25,34,Maybe It Was Memphis,Pam Tillis,31,20,
1992-04-25,35,Better Class Of Losers,Randy Travis,33,19,
1992-04-25,36,It Only Hurts When I Cry,Dwight Yoakam,28,19,
1992-04-25,37,Norma Jean Riley,Diamond Rio,42,5,Gains In Performance
1992-04-25,38,Rock My Baby,Shenandoah,43,4,Gains In Performance
1992-04-25,39,Gone As A Girl Can Get,George Strait,45,2,Gains In Performance
1992-04-25,40,Waitin' For The Deal To Go Down,Dixiana,41,10,Gains In Performance
1992-04-25,41,I'd Surrender All,Randy Travis,47,4,Gains In Performance
1992-04-25,42,Outbound Plane,Suzy Bogguss,39,17,
1992-04-25,43,Somebody's Doin' Me Right,Keith Whitley,35,19,
1992-04-25,44,Familiar Pain,Restless Heart,40,9,
1992-04-25,45,That's What I Like About You,Trisha Yearwood,44,19,
1992-04-25,46,Achy Breaky Heart,Billy Ray Cyrus,57,4,
1992-04-25,47,Aces,Suzy Bogguss,52,4,Gains In Performance
1992-04-25,48,Take It Like A Man,Michelle Wright,48,4,Gains In Performance
1992-04-25,49,The More I Learn (The Less I Understand About Love),Ronna Reeves,49,8,Gains In Performance
1992-04-25,50,Blue Rose Is,Pam Tillis,56,3,Gains In Performance
1992-04-25,51,I'm Okay (And Gettin' Better),Billy Joe Royal,54,6,Gains In Performance
1992-04-25,52,Jealous Bone,Patty Loveless,51,17,
1992-04-25,53,She Took It Like A Man,Confederate Railroad,53,4,Gains In Performance
1992-04-25,54,The Rock,Lee Roy Parnell,50,10,
1992-04-25,55,When It Comes To You,John Anderson,67,2,Gains In Performance
1992-04-25,56,The Power Of Love,"Matthews, Wright & King",58,4,Gains In Performance
1992-04-25,57,Ships That Don't Come In,Joe Diffie,68,2,Gains In Performance
1992-04-25,58,"Baby, I'm Missing You",Highway 101,55,16,
1992-04-25,59,Midnight In Montgomery,Alan Jackson,NEW,1,Highest ranking debut|Gains In Performance
1992-04-25,60,Billy Can't Read,Paul Overstreet,59,7,
1992-05-02,1,There Ain't Nothin' Wrong With The Radio,Aaron Tippin,1,12,Gains In Performance
1992-05-02,2,Neon Moon,Brooks & Dunn,6,11,Gains In Performance
1992-05-02,3,Some Kind Of Trouble,Tanya Tucker,4,12,Gains In Performance
1992-05-02,4,Today's Lonely Fool,Tracy Lawrence,3,13,
1992-05-02,5,Past The Point Of Rescue,Hal Ketchum,5,12,Gains In Performance
1992-05-02,6,Papa Loved Mama,Garth Brooks,8,12,Gains In Performance
1992-05-02,7,Burn Me Down,Marty Stuart,9,13,Gains In Performance
1992-05-02,8,Old Flames Have New Names,Mark Chesnutt,11,10,Gains In Performance
1992-05-02,9,Some Girls Do,Sawyer Brown,12,9,Gains In Performance
1992-05-02,10,Nothing Short Of Dying,Travis Tritt,13,9,Gains In Performance
1992-05-02,11,Take Your Memory With You,Vince Gill,2,14,
1992-05-02,12,Every Second,Collin Raye,15,10,Gains In Performance
1992-05-02,13,The Tips Of My Fingers,Steve Wariner,7,13,
1992-05-02,14,Don't Go Near The Water,Sammy Kershaw,16,13,Gains In Performance
1992-05-02,15,She Is His Only Need,Wynonna,10,12,
1992-05-02,16,Come In Out Of The Pain,Doug Stone,18,7,Gains In Performance
1992-05-02,17,Backroads,Ricky Van Shelton,17,7,Gains In Performance
1992-05-02,18,Lovin' All Night,Rodney Crowell,19,9,Gains In Performance
1992-05-02,19,First Time For Everything,Little Texas,20,13,Gains In Performance
1992-05-02,20,The Woman Before Me,Trisha Yearwood,30,6,Gains In Performance
1992-05-02,21,Is There Life Out There,Reba McEntire,14,15,
1992-05-02,22,Till I'm Holding You Again,Pirates Of The Mississippi,27,10,Gains In Performance
1992-05-02,23,Sacred Ground,McBride & The Ride,29,8,Gains In Performance
1992-05-02,24,Dallas,Alan Jackson,21,17,
1992-05-02,25,"Play, Ruby, Play",Clinton Gregory,25,12,
1992-05-02,26,Born Country,Alabama,22,17,
1992-05-02,27,All Is Fair In Love And War,Ronnie Milsap,32,6,Gains In Performance
1992-05-02,28,Achy Breaky Heart,Billy Ray Cyrus,46,5,
1992-05-02,29,Straight Tequila Night,John Anderson,24,20,
1992-05-02,30,Norma Jean Riley,Diamond Rio,37,6,Gains In Performance
1992-05-02,31,Only The Wind,Billy Dean,23,18,
1992-05-02,32,Gone As A Girl Can Get,George Strait,39,3,Gains In Performance
1992-05-02,33,Rock My Baby,Shenandoah,38,5,Gains In Performance
1992-05-02,34,I'd Surrender All,Randy Travis,41,5,Gains In Performance
1992-05-02,35,I Could Love You (With My Eyes Closed),The Remingtons,33,12,
1992-05-02,36,What She's Doing Now,Garth Brooks,31,18,
1992-05-02,37,Better Class Of Losers,Randy Travis,35,20,
1992-05-02,38,Same Ol' Love,Ricky Skaggs,26,20,
1992-05-02,39,Waitin' For The Deal To Go Down,Dixiana,40,11,
1992-05-02,40,It Only Hurts When I Cry,Dwight Yoakam,36,20,
1992-05-02,41,Outbound Plane,Suzy Bogguss,42,18,
1992-05-02,42,Aces,Suzy Bogguss,47,5,Gains In Performance
1992-05-02,43,Take It Like A Man,Michelle Wright,48,5,Gains In Performance
1992-05-02,44,Somebody's Doin' Me Right,Keith Whitley,43,20,
1992-05-02,45,Midnight In Montgomery,Alan Jackson,59,2,Gains In Performance
1992-05-02,46,That's What I Like About You,Trisha Yearwood,45,20,
1992-05-02,47,Blue Rose Is,Pam Tillis,50,4,Gains In Performance
1992-05-02,48,Familiar Pain,Restless Heart,44,10,
1992-05-02,49,When It Comes To You,John Anderson,55,3,Gains In Performance
1992-05-02,50,The More I Learn (The Less I Understand About Love),Ronna Reeves,49,9,
1992-05-02,51,She Took It Like A Man,Confederate Railroad,53,5,Gains In Performance
1992-05-02,52,The Power Of Love,"Matthews, Wright & King",56,5,Gains In Performance
1992-05-02,53,Ships That Don't Come In,Joe Diffie,57,3,Gains In Performance
1992-05-02,54,I'm Okay (And Gettin' Better),Billy Joe Royal,51,7,
1992-05-02,55,Jealous Bone,Patty Loveless,52,18,
1992-05-02,56,The Rock,Lee Roy Parnell,54,11,
1992-05-02,57,The Time Has Come,Martina McBride,NEW,1,Highest ranking debut|Gains In Performance
1992-05-02,58,Can't Stop Myself From Loving You,Patty Loveless,64,2,Gains In Performance
1992-05-02,59,I Got A Life,Mike Reid,61,3,Gains In Performance
1992-05-02,60,"Baby, I'm Missing You",Highway 101,58,17,
1992-05-09,1,Neon Moon,Brooks & Dunn,2,12,Gains In Performance
1992-05-09,2,Past The Point Of Rescue,Hal Ketchum,5,13,Gains In Performance
1992-05-09,3,Today's Lonely Fool,Tracy Lawrence,4,14,
1992-05-09,4,Papa Loved Mama,Garth Brooks,6,13,Gains In Performance
1992-05-09,5,Old Flames Have New Names,Mark Chesnutt,8,11,Gains In Performance
1992-05-09,6,Some Girls Do,Sawyer Brown,9,10,Gains In Performance
1992-05-09,7,Some Kind Of Trouble,Tanya Tucker,3,13,
1992-05-09,8,Burn Me Down,Marty Stuart,7,14,
1992-05-09,9,Nothing Short Of Dying,Travis Tritt,10,10,Gains In Performance
1992-05-09,10,There Ain't Nothin' Wrong With The Radio,Aaron Tippin,1,13,
1992-05-09,11,Every Second,Collin Raye,12,11,Gains In Performance
1992-05-09,12,Don't Go Near The Water,Sammy Kershaw,14,14,
1992-05-09,13,Backroads,Ricky Van Shelton,17,8,Gains In Performance
1992-05-09,14,Come In Out Of The Pain,Doug Stone,16,8,Gains In Performance
1992-05-09,15,First Time For Everything,Little Texas,19,14,Gains In Performance
1992-05-09,16,Lovin' All Night,Rodney Crowell,18,10,Gains In Performance
1992-05-09,17,Achy Breaky Heart,Billy Ray Cyrus,28,6,Gains In Performance
1992-05-09,18,The Woman Before Me,Trisha Yearwood,20,7,Gains In Performance
1992-05-09,19,The Tips Of My Fingers,Steve Wariner,13,14,
1992-05-09,20,Sacred Ground,McBride & The Ride,23,9,Gains In Performance
1992-05-09,21,Gone As A Girl Can Get,George Strait,32,4,Gains In Performance
1992-05-09,22,Take Your Memory With You,Vince Gill,11,15,
1992-05-09,23,Till I'm Holding You Again,Pirates Of The Mississippi,22,11,
1992-05-09,24,Norma Jean Riley,Diamond Rio,30,7,Gains In Performance
1992-05-09,25,All Is Fair In Love And War,Ronnie Milsap,27,7,Gains In Performance
1992-05-09,26,She Is His Only Need,Wynonna,15,13,
1992-05-09,27,Is There Life Out There,Reba McEntire,21,16,
1992-05-09,28,Rock My Baby,Shenandoah,33,6,Gains In Performance
1992-05-09,29,I'd Surrender All,Randy Travis,34,6,Gains In Performance
1992-05-09,30,Dallas,Alan Jackson,24,18,
1992-05-09,31,Born Country,Alabama,26,18,
1992-05-09,32,Only The Wind,Billy Dean,31,19,
1992-05-09,33,Midnight In Montgomery,Alan Jackson,45,3,
1992-05-09,34,Aces,Suzy Bogguss,42,6,Gains In Performance
1992-05-09,35,What She's Doing Now,Garth Brooks,36,19,
1992-05-09,36,Take It Like A Man,Michelle Wright,43,6,Gains In Performance
1992-05-09,37,"Play, Ruby, Play",Clinton Gregory,25,13,
1992-05-09,38,When It Comes To You,John Anderson,49,4,Gains In Performance
1992-05-09,39,Waitin' For The Deal To Go Down,Dixiana,39,12,
1992-05-09,40,I Could Love You (With My Eyes Closed),The Remingtons,35,13,
1992-05-09,41,Blue Rose Is,Pam Tillis,47,5,Gains In Performance
1992-05-09,42,Outbound Plane,Suzy Bogguss,41,19,
1992-05-09,43,She Took It Like A Man,Confederate Railroad,51,6,Gains In Performance
1992-05-09,44,Ships That Don't Come In,Joe Diffie,53,4,Gains In Performance
1992-05-09,45,The Power Of Love,"Matthews, Wright & King",52,6,Gains In Performance
1992-05-09,46,The Time Has Come,Martina McBride,57,2,Gains In Performance
1992-05-09,47,Can't Stop Myself From Loving You,Patty Loveless,58,3,Gains In Performance
1992-05-09,48,The Night The Lights Went Out In Georgia,Reba McEntire,72,3,Gains In Performance
1992-05-09,49,The More I Learn (The Less I Understand About Love),Ronna Reeves,50,10,
1992-05-09,50,The Heart That You Own,Dwight Yoakam,61,3,Gains In Performance
1992-05-09,51,Jealous Bone,Patty Loveless,55,19,
1992-05-09,52,Mason Dixon Line,Dan Seals,62,3,Gains In Performance
1992-05-09,53,Familiar Pain,Restless Heart,48,11,
1992-05-09,54,I Got A Life,Mike Reid,59,4,Gains In Performance
1992-05-09,55,The Rock,Lee Roy Parnell,56,12,
1992-05-09,56,"Baby, I'm Missing You",Highway 101,60,18,
1992-05-09,57,Lovesick Blues,George Strait,63,17,
1992-05-09,58,I Saw The Light,Wynonna,NEW,1,Highest ranking debut|Gains In Performance
1992-05-09,59,Something In Red,Lorrie Morgan,NEW,1,Gains In Performance
1992-05-09,60,Honky Tonk Myself To Death,George Jones,64,5,Gains In Performance
1992-05-16,1,Neon Moon,Brooks & Dunn,1,13,Gains In Performance
1992-05-16,2,Some Girls Do,Sawyer Brown,6,11,Gains In Performance
1992-05-16,3,Papa Loved Mama,Garth Brooks,4,14,Gains In Performance
1992-05-16,4,Past The Point Of Rescue,Hal Ketchum,2,14,
1992-05-16,5,Old Flames Have New Names,Mark Chesnutt,5,12,
1992-05-16,6,Nothing Short Of Dying,Travis Tritt,9,11,Gains In Performance
1992-05-16,7,Today's Lonely Fool,Tracy Lawrence,3,15,
1992-05-16,8,Every Second,Collin Raye,11,12,Gains In Performance
1992-05-16,9,Achy Breaky Heart,Billy Ray Cyrus,17,7,Gains In Performance
1992-05-16,10,Backroads,Ricky Van Shelton,13,9,Gains In Performance
1992-05-16,11,Come In Out Of The Pain,Doug Stone,14,9,Gains In Performance
1992-05-16,12,Don't Go Near The Water,Sammy Kershaw,12,15,
1992-05-16,13,First Time For Everything,Little Texas,15,15,Gains In Performance
1992-05-16,14,There Ain't Nothin' Wrong With The Radio,Aaron Tippin,10,14,
1992-05-16,15,Lovin' All Night,Rodney Crowell,16,11,Gains In Performance
1992-05-16,16,Some Kind Of Trouble,Tanya Tucker,7,14,
1992-05-16,17,The Woman Before Me,Trisha Yearwood,18,8,Gains In Performance
1992-05-16,18,Sacred Ground,McBride & The Ride,20,10,Gains In Performance
1992-05-16,19,Burn Me Down,Marty Stuart,8,15,
1992-05-16,20,Gone As A Girl Can Get,George Strait,21,5,Gains In Performance
1992-05-16,21,Norma Jean Riley,Diamond Rio,24,8,Gains In Performance
1992-05-16,22,All Is Fair In Love And War,Ronnie Milsap,25,8,Gains In Performance
1992-05-16,23,Rock My Baby,Shenandoah,28,7,Gains In Performance
1992-05-16,24,Till I'm Holding You Again,Pirates Of The Mississippi,23,12,
1992-05-16,25,I'd Surrender All,Randy Travis,29,7,Gains In Performance
1992-05-16,26,Midnight In Montgomery,Alan Jackson,33,4,Gains In Performance
1992-05-16,27,The Tips Of My Fingers,Steve Wariner,19,15,
1992-05-16,28,Aces,Suzy Bogguss,34,7,Gains In Performance
1992-05-16,29,Is There Life Out There,Reba McEntire,27,17,
1992-05-16,30,Take Your Memory With You,Vince Gill,22,16,
1992-05-16,31,She Is His Only Need,Wynonna,26,14,
1992-05-16,32,Take It Like A Man,Michelle Wright,36,7,Gains In Performance
1992-05-16,33,When It Comes To You,John Anderson,38,5,Gains In Performance
1992-05-16,34,Dallas,Alan Jackson,30,19,
1992-05-16,35,Born Country,Alabama,31,19,
1992-05-16,36,Only The Wind,Billy Dean,32,20,
1992-05-16,37,What She's Doing Now,Garth Brooks,35,20,
1992-05-16,38,Blue Rose Is,Pam Tillis,41,6,Gains In Performance
1992-05-16,39,The Night The Lights Went Out In Georgia,Reba McEntire,48,4,
1992-05-16,40,Ships That Don't Come In,Joe Diffie,44,5,Gains In Performance
1992-05-16,41,The Time Has Come,Martina McBride,46,3,Gains In Performance
1992-05-16,42,Outbound Plane,Suzy Bogguss,42,20,
1992-05-16,43,She Took It Like A Man,Confederate Railroad,43,7,Gains In Performance
1992-05-16,44,The Power Of Love,"Matthews, Wright & King",45,7,Gains In Performance
1992-05-16,45,The Heart That You Own,Dwight Yoakam,50,4,Gains In Performance
1992-05-16,46,Can't Stop Myself From Loving You,Patty Loveless,47,4,Gains In Performance
1992-05-16,47,I Saw The Light,Wynonna,58,2,Gains In Performance
1992-05-16,48,Something In Red,Lorrie Morgan,59,2,Gains In Performance
1992-05-16,49,I Could Love You (With My Eyes Closed),The Remingtons,40,14,
1992-05-16,50,Waitin' For The Deal To Go Down,Dixiana,39,13,
1992-05-16,51,"Play, Ruby, Play",Clinton Gregory,37,14,
1992-05-16,52,Mason Dixon Line,Dan Seals,52,4,Gains In Performance
1992-05-16,53,Jealous Bone,Patty Loveless,51,20,
1992-05-16,54,Where Forever Begins,Neal McCoy,61,2,Gains In Performance
1992-05-16,55,Still Got A Crush On You,Davis Daniel,68,2,Gains In Performance
1992-05-16,56,Home Sweet Home,Dennis Robbins,65,2,Gains In Performance
1992-05-16,57,I Got A Life,Mike Reid,54,5,
1992-05-16,58,The Rock,Lee Roy Parnell,55,13,
1992-05-16,59,Lovesick Blues,George Strait,57,18,
1992-05-16,60,Honky Tonk Myself To Death,George Jones,60,6,Gains In Performance
1992-05-23,1,Some Girls Do,Sawyer Brown,2,12,Gains In Performance
1992-05-23,2,Every Second,Collin Raye,8,13,Gains In Performance
1992-05-23,3,Neon Moon,Brooks & Dunn,1,14,
1992-05-23,4,Nothing Short Of Dying,Travis Tritt,6,12,Gains In Performance
1992-05-23,5,Old Flames Have New Names,Mark Chesnutt,5,13,
1992-05-23,6,Achy Breaky Heart,Billy Ray Cyrus,9,8,Gains In Performance
1992-05-23,7,Papa Loved Mama,Garth Brooks,3,15,
1992-05-23,8,Backroads,Ricky Van Shelton,10,10,Gains In Performance
1992-05-23,9,Past The Point Of Rescue,Hal Ketchum,4,15,
1992-05-23,10,Come In Out Of The Pain,Doug Stone,11,10,Gains In Performance
1992-05-23,11,Lovin' All Night,Rodney Crowell,15,12,Gains In Performance
1992-05-23,12,Sacred Ground,McBride & The Ride,18,11,Gains In Performance
1992-05-23,13,Gone As A Girl Can Get,George Strait,20,6,Gains In Performance
1992-05-23,14,The Woman Before Me,Trisha Yearwood,17,9,Gains In Performance
1992-05-23,15,Today's Lonely Fool,Tracy Lawrence,7,16,
1992-05-23,16,Norma Jean Riley,Diamond Rio,21,9,Gains In Performance
1992-05-23,17,Don't Go Near The Water,Sammy Kershaw,12,16,
1992-05-23,18,Midnight In Montgomery,Alan Jackson,26,5,Gains In Performance
1992-05-23,19,First Time For Everything,Little Texas,13,16,
1992-05-23,20,Rock My Baby,Shenandoah,23,8,Gains In Performance
1992-05-23,21,All Is Fair In Love And War,Ronnie Milsap,22,9,Gains In Performance
1992-05-23,22,There Ain't Nothin' Wrong With The Radio,Aaron Tippin,14,15,
1992-05-23,23,I'd Surrender All,Randy Travis,25,8,Gains In Performance
1992-05-23,24,Aces,Suzy Bogguss,28,8,Gains In Performance
1992-05-23,25,When It Comes To You,John Anderson,33,6,Gains In Performance
1992-05-23,26,Some Kind Of Trouble,Tanya Tucker,16,15,
1992-05-23,27,Burn Me Down,Marty Stuart,19,16,
1992-05-23,28,Take It Like A Man,Michelle Wright,32,8,Gains In Performance
1992-05-23,29,Till I'm Holding You Again,Pirates Of The Mississippi,24,13,
1992-05-23,30,Is There Life Out There,Reba McEntire,29,18,
1992-05-23,31,The Tips Of My Fingers,Steve Wariner,27,16,
1992-05-23,32,The Night The Lights Went Out In Georgia,Reba McEntire,39,5,Gains In Performance
1992-05-23,33,I Saw The Light,Wynonna,47,3,
1992-05-23,34,Blue Rose Is,Pam Tillis,38,7,Gains In Performance
1992-05-23,35,She Is His Only Need,Wynonna,31,15,
1992-05-23,36,Take Your Memory With You,Vince Gill,30,17,
1992-05-23,37,Dallas,Alan Jackson,34,20,
1992-05-23,38,Ships That Don't Come In,Joe Diffie,40,6,Gains In Performance
1992-05-23,39,Born Country,Alabama,35,20,
1992-05-23,40,The Time Has Come,Martina McBride,41,4,Gains In Performance
1992-05-23,41,The Heart That You Own,Dwight Yoakam,45,5,Gains In Performance
1992-05-23,42,She Took It Like A Man,Confederate Railroad,43,8,Gains In Performance
1992-05-23,43,Something In Red,Lorrie Morgan,48,3,Gains In Performance
1992-05-23,44,The Power Of Love,"Matthews, Wright & King",44,8,Gains In Performance
1992-05-23,45,Can't Stop Myself From Loving You,Patty Loveless,46,5,Gains In Performance
1992-05-23,46,Mason Dixon Line,Dan Seals,52,5,Gains In Performance
1992-05-23,47,Where Forever Begins,Neal McCoy,54,3,Gains In Performance
1992-05-23,48,Still Got A Crush On You,Davis Daniel,55,3,Gains In Performance
1992-05-23,49,I Could Love You (With My Eyes Closed),The Remingtons,49,15,
1992-05-23,50,Home Sweet Home,Dennis Robbins,56,3,Gains In Performance
1992-05-23,51,"Play, Ruby, Play",Clinton Gregory,51,15,
1992-05-23,52,From The Word Love,Ricky Skaggs,68,2,Gains In Performance
1992-05-23,53,Waitin' For The Deal To Go Down,Dixiana,50,14,
1992-05-23,54,What Kind Of Fool Do You Think I Am,Lee Roy Parnell,75,2,Gains In Performance
1992-05-23,55,The River,Garth Brooks,65,4,Gains In Performance
1992-05-23,56,You Do My Heart Good,Cleve Francis,66,4,Gains In Performance
1992-05-23,57,Lovesick Blues,George Strait,59,19,
1992-05-23,58,The Rock,Lee Roy Parnell,58,14,
1992-05-23,59,"Baby, I'm Missing You",Highway 101,64,20,
1992-05-23,60,Billy The Kid,Billy Dean,NEW,1,Highest ranking debut|Gains In Performance
1992-05-30,1,Achy Breaky Heart,Billy Ray Cyrus,6,9,Gains In Performance
1992-05-30,2,Some Girls Do,Sawyer Brown,1,13,
1992-05-30,3,Every Second,Collin Raye,2,14,Gains In Performance
1992-05-30,4,Nothing Short Of Dying,Travis Tritt,4,13,Gains In Performance
1992-05-30,5,Backroads,Ricky Van Shelton,8,11,Gains In Performance
1992-05-30,6,Come In Out Of The Pain,Doug Stone,10,11,Gains In Performance
1992-05-30,7,Neon Moon,Brooks & Dunn,3,15,
1992-05-30,8,Sacred Ground,McBride & The Ride,12,12,Gains In Performance
1992-05-30,9,The Woman Before Me,Trisha Yearwood,14,10,Gains In Performance
1992-05-30,10,Lovin' All Night,Rodney Crowell,11,13,Gains In Performance
1992-05-30,11,Norma Jean Riley,Diamond Rio,16,10,Gains In Performance
1992-05-30,12,Gone As A Girl Can Get,George Strait,13,7,Gains In Performance
1992-05-30,13,Papa Loved Mama,Garth Brooks,7,16,
1992-05-30,14,Past The Point Of Rescue,Hal Ketchum,9,16,
1992-05-30,15,Old Flames Have New Names,Mark Chesnutt,5,14,
1992-05-30,16,Midnight In Montgomery,Alan Jackson,18,6,Gains In Performance
1992-05-30,17,Rock My Baby,Shenandoah,20,9,Gains In Performance
1992-05-30,18,All Is Fair In Love And War,Ronnie Milsap,21,10,Gains In Performance
1992-05-30,19,When It Comes To You,John Anderson,25,7,Gains In Performance
1992-05-30,20,I Saw The Light,Wynonna,33,4,Gains In Performance
1992-05-30,21,I'd Surrender All,Randy Travis,23,9,Gains In Performance
1992-05-30,22,Aces,Suzy Bogguss,24,9,Gains In Performance
1992-05-30,23,The Night The Lights Went Out In Georgia,Reba McEntire,32,6,Gains In Performance
1992-05-30,24,Take It Like A Man,Michelle Wright,28,9,Gains In Performance
1992-05-30,25,Ships That Don't Come In,Joe Diffie,38,7,
1992-05-30,26,There Ain't Nothin' Wrong With The Radio,Aaron Tippin,22,16,
1992-05-30,27,Today's Lonely Fool,Tracy Lawrence,15,17,
1992-05-30,28,Don't Go Near The Water,Sammy Kershaw,17,17,
1992-05-30,29,First Time For Everything,Little Texas,19,17,
1992-05-30,30,Blue Rose Is,Pam Tillis,34,8,Gains In Performance
1992-05-30,31,Some Kind Of Trouble,Tanya Tucker,26,16,
1992-05-30,32,Burn Me Down,Marty Stuart,27,17,
1992-05-30,33,The Tips Of My Fingers,Steve Wariner,31,17,
1992-05-30,34,Is There Life Out There,Reba McEntire,30,19,
1992-05-30,35,The Time Has Come,Martina McBride,40,5,Gains In Performance
1992-05-30,36,She Is His Only Need,Wynonna,35,16,
1992-05-30,37,The Heart That You Own,Dwight Yoakam,41,6,Gains In Performance
1992-05-30,38,Something In Red,Lorrie Morgan,43,4,Gains In Performance
1992-05-30,39,Take Your Memory With You,Vince Gill,36,18,
1992-05-30,40,She Took It Like A Man,Confederate Railroad,42,9,Gains In Performance
1992-05-30,41,The Power Of Love,"Matthews, Wright & King",44,9,Gains In Performance
1992-05-30,42,Can't Stop Myself From Loving You,Patty Loveless,45,6,Gains In Performance
1992-05-30,43,Till I'm Holding You Again,Pirates Of The Mississippi,29,14,
1992-05-30,44,Billy The Kid,Billy Dean,60,2,Gains In Performance
1992-05-30,45,Mason Dixon Line,Dan Seals,46,6,Gains In Performance
1992-05-30,46,Home Sweet Home,Dennis Robbins,50,4,Gains In Performance
1992-05-30,47,Where Forever Begins,Neal McCoy,47,4,Gains In Performance
1992-05-30,48,Still Got A Crush On You,Davis Daniel,48,4,Gains In Performance
1992-05-30,49,From The Word Love,Ricky Skaggs,52,3,Gains In Performance
1992-05-30,50,What Kind Of Fool Do You Think I Am,Lee Roy Parnell,54,3,Gains In Performance
1992-05-30,51,The River,Garth Brooks,55,5,Gains In Performance
1992-05-30,52,I Could Love You (With My Eyes Closed),The Remingtons,49,16,
1992-05-30,53,You Do My Heart Good,Cleve Francis,56,5,Gains In Performance
1992-05-30,54,Honky Tonk Baby,Highway 101,67,2,Gains In Performance
1992-05-30,55,"Play, Ruby, Play",Clinton Gregory,51,16,
1992-05-30,56,Come On Over To The Country,Hank Williams Jr.,66,2,Gains In Performance
1992-05-30,57,Lovesick Blues,George Strait,57,20,
1992-05-30,58,I Feel Lucky,Mary Chapin Carpenter,NEW,1,Highest ranking debut|Gains In Performance
1992-05-30,59,Waitin' For The Deal To Go Down,Dixiana,53,15,
1992-05-30,60,The Rock,Lee Roy Parnell,58,15,
1992-06-06,1,Achy Breaky Heart,Billy Ray Cyrus,1,10,Gains In Performance
1992-06-06,2,Backroads,Ricky Van Shelton,5,12,Gains In Performance
1992-06-06,3,Every Second,Collin Raye,3,15,
1992-06-06,4,Come In Out Of The Pain,Doug Stone,6,12,Gains In Performance
1992-06-06,5,Sacred Ground,McBride & The Ride,8,13,Gains In Performance
1992-06-06,6,Nothing Short Of Dying,Travis Tritt,4,14,
1992-06-06,7,Some Girls Do,Sawyer Brown,2,14,
1992-06-06,8,Norma Jean Riley,Diamond Rio,11,11,Gains In Performance
1992-06-06,9,The Woman Before Me,Trisha Yearwood,9,11,Gains In Performance
1992-06-06,10,Lovin' All Night,Rodney Crowell,10,14,
1992-06-06,11,Gone As A Girl Can Get,George Strait,12,8,Gains In Performance
1992-06-06,12,Rock My Baby,Shenandoah,17,10,Gains In Performance
1992-06-06,13,Midnight In Montgomery,Alan Jackson,16,7,Gains In Performance
1992-06-06,14,I Saw The Light,Wynonna,20,5,Gains In Performance
1992-06-06,15,Neon Moon,Brooks & Dunn,7,16,
1992-06-06,16,Ships That Don't Come In,Joe Diffie,25,8,Gains In Performance
1992-06-06,17,All Is Fair In Love And War,Ronnie Milsap,18,11,Gains In Performance
1992-06-06,18,When It Comes To You,John Anderson,19,8,Gains In Performance
1992-06-06,19,The Night The Lights Went Out In Georgia,Reba McEntire,23,7,Gains In Performance
1992-06-06,20,I'd Surrender All,Randy Travis,21,10,Gains In Performance
1992-06-06,21,Aces,Suzy Bogguss,22,10,Gains In Performance
1992-06-06,22,Take It Like A Man,Michelle Wright,24,10,Gains In Performance
1992-06-06,23,Past The Point Of Rescue,Hal Ketchum,14,17,
1992-06-06,24,Papa Loved Mama,Garth Brooks,13,17,
1992-06-06,25,Old Flames Have New Names,Mark Chesnutt,15,15,
1992-06-06,26,Blue Rose Is,Pam Tillis,30,9,Gains In Performance
1992-06-06,27,Today's Lonely Fool,Tracy Lawrence,27,18,
1992-06-06,28,There Ain't Nothin' Wrong With The Radio,Aaron Tippin,26,17,
1992-06-06,29,The Time Has Come,Martina McBride,35,6,Gains In Performance
1992-06-06,30,Something In Red,Lorrie Morgan,38,5,Gains In Performance
1992-06-06,31,First Time For Everything,Little Texas,29,18,
1992-06-06,32,The Heart That You Own,Dwight Yoakam,37,7,Gains In Performance
1992-06-06,33,Some Kind Of Trouble,Tanya Tucker,31,17,
1992-06-06,34,Burn Me Down,Marty Stuart,32,18,
1992-06-06,35,Is There Life Out There,Reba McEntire,34,20,
1992-06-06,36,Billy The Kid,Billy Dean,44,3,Gains In Performance
1992-06-06,37,She Took It Like A Man,Confederate Railroad,40,10,Gains In Performance
1992-06-06,38,The Tips Of My Fingers,Steve Wariner,33,18,
1992-06-06,39,She Is His Only Need,Wynonna,36,17,
1992-06-06,40,Can't Stop Myself From Loving You,Patty Loveless,42,7,Gains In Performance
1992-06-06,41,Don't Go Near The Water,Sammy Kershaw,28,18,
1992-06-06,42,Take Your Memory With You,Vince Gill,39,19,
1992-06-06,43,The Power Of Love,"Matthews, Wright & King",41,10,
1992-06-06,44,I Feel Lucky,Mary Chapin Carpenter,58,2,
1992-06-06,45,Mason Dixon Line,Dan Seals,45,7,Gains In Performance
1992-06-06,46,Home Sweet Home,Dennis Robbins,46,5,Gains In Performance
1992-06-06,47,Where Forever Begins,Neal McCoy,47,5,Gains In Performance
1992-06-06,48,Still Got A Crush On You,Davis Daniel,48,5,Gains In Performance
1992-06-06,49,From The Word Love,Ricky Skaggs,49,4,Gains In Performance
1992-06-06,50,What Kind Of Fool Do You Think I Am,Lee Roy Parnell,50,4,Gains In Performance
1992-06-06,51,The River,Garth Brooks,51,6,Gains In Performance
1992-06-06,52,If Your Heart Ain't Busy Tonight,Tanya Tucker,65,2,Gains In Performance
1992-06-06,53,You Do My Heart Good,Cleve Francis,53,6,Gains In Performance
1992-06-06,54,Honky Tonk Baby,Highway 101,54,3,Gains In Performance
1992-06-06,55,Till I'm Holding You Again,Pirates Of The Mississippi,43,15,
1992-06-06,56,Come On Over To The Country,Hank Williams Jr.,56,3,Gains In Performance
1992-06-06,57,A Woman Loves,Steve Wariner,66,2,Gains In Performance
1992-06-06,58,This One's Gonna Hurt You,Marty Stuart & Travis Tritt,NEW,1,Highest ranking debut|Gains In Performance
1992-06-06,59,"Play, Ruby, Play",Clinton Gregory,55,17,
1992-06-06,60,Five O' Clock World,Hal Ketchum,72,2,Gains In Performance
1992-06-13,1,Achy Breaky Heart,Billy Ray Cyrus,1,11,Gains In Performance
1992-06-13,2,Sacred Ground,McBride & The Ride,5,14,Gains In Performance
1992-06-13,3,Come In Out Of The Pain,Doug Stone,4,13,Gains In Performance
1992-06-13,4,Backroads,Ricky Van Shelton,2,13,
1992-06-13,5,Norma Jean Riley,Diamond Rio,8,12,Gains In Performance
1992-06-13,6,The Woman Before Me,Trisha Yearwood,9,12,Gains In Performance
1992-06-13,7,Rock My Baby,Shenandoah,12,11,Gains In Performance
1992-06-13,8,Gone As A Girl Can Get,George Strait,11,9,Gains In Performance
1992-06-13,9,Ships That Don't Come In,Joe Diffie,16,9,Gains In Performance
1992-06-13,10,I Saw The Light,Wynonna,14,6,Gains In Performance
1992-06-13,11,Every Second,Collin Raye,3,16,
1992-06-13,12,Midnight In Montgomery,Alan Jackson,13,8,Gains In Performance
1992-06-13,13,All Is Fair In Love And War,Ronnie Milsap,17,12,Gains In Performance
1992-06-13,14,Nothing Short Of Dying,Travis Tritt,6,15,
1992-06-13,15,When It Comes To You,John Anderson,18,9,Gains In Performance
1992-06-13,16,Lovin' All Night,Rodney Crowell,10,15,
1992-06-13,17,Some Girls Do,Sawyer Brown,7,15,
1992-06-13,18,Aces,Suzy Bogguss,21,11,Gains In Performance
1992-06-13,19,Take It Like A Man,Michelle Wright,22,11,Gains In Performance
1992-06-13,20,Neon Moon,Brooks & Dunn,15,17,
1992-06-13,21,The Night The Lights Went Out In Georgia,Reba McEntire,19,8,
1992-06-13,22,I'd Surrender All,Randy Travis,20,11,
1992-06-13,23,Blue Rose Is,Pam Tillis,26,10,Gains In Performance
1992-06-13,24,Something In Red,Lorrie Morgan,30,6,Gains In Performance
1992-06-13,25,Past The Point Of Rescue,Hal Ketchum,23,18,
1992-06-13,26,The Time Has Come,Martina McBride,29,7,Gains In Performance
1992-06-13,27,The Heart That You Own,Dwight Yoakam,32,8,Gains In Performance
1992-06-13,28,Old Flames Have New Names,Mark Chesnutt,25,16,
1992-06-13,29,Papa Loved Mama,Garth Brooks,24,18,
1992-06-13,30,Billy The Kid,Billy Dean,36,4,Gains In Performance
1992-06-13,31,There Ain't Nothin' Wrong With The Radio,Aaron Tippin,28,18,
1992-06-13,32,Today's Lonely Fool,Tracy Lawrence,27,19,
1992-06-13,33,Burn Me Down,Marty Stuart,34,19,
1992-06-13,34,First Time For Everything,Little Texas,31,19,
1992-06-13,35,I Feel Lucky,Mary Chapin Carpenter,44,3,Gains In Performance
1992-06-13,36,Some Kind Of Trouble,Tanya Tucker,33,18,
1992-06-13,37,Can't Stop Myself From Loving You,Patty Loveless,40,8,Gains In Performance
1992-06-13,38,The Tips Of My Fingers,Steve Wariner,38,19,
1992-06-13,39,The River,Garth Brooks,51,7,Gains In Performance
1992-06-13,40,She Took It Like A Man,Confederate Railroad,37,11,
1992-06-13,41,Take Your Memory With You,Vince Gill,42,20,
1992-06-13,42,She Is His Only Need,Wynonna,39,18,
1992-06-13,43,Home Sweet Home,Dennis Robbins,46,6,Gains In Performance
1992-06-13,44,Don't Go Near The Water,Sammy Kershaw,41,19,
1992-06-13,45,Mason Dixon Line,Dan Seals,45,8,Gains In Performance
1992-06-13,46,Take A Little Trip,Alabama,61,2,
1992-06-13,47,This One's Gonna Hurt You,Marty Stuart & Travis Tritt,58,2,Gains In Performance
1992-06-13,48,What Kind Of Fool Do You Think I Am,Lee Roy Parnell,50,5,Gains In Performance
1992-06-13,49,If Your Heart Ain't Busy Tonight,Tanya Tucker,52,3,Gains In Performance
1992-06-13,50,The Power Of Love,"Matthews, Wright & King",43,11,
1992-06-13,51,From The Word Love,Ricky Skaggs,49,5,
1992-06-13,52,Where Forever Begins,Neal McCoy,47,6,
1992-06-13,53,Still Got A Crush On You,Davis Daniel,48,6,
1992-06-13,54,A Woman Loves,Steve Wariner,57,3,Gains In Performance
1992-06-13,55,You Do My Heart Good,Cleve Francis,53,7,
1992-06-13,56,Boot Scootin' Boogie,Brooks & Dunn,63,4,Gains In Performance
1992-06-13,57,Five O' Clock World,Hal Ketchum,60,3,Gains In Performance
1992-06-13,58,Till I'm Holding You Again,Pirates Of The Mississippi,55,16,
1992-06-13,59,Honky Tonk Baby,Highway 101,54,4,
1992-06-13,60,Come On Over To The Country,Hank Williams Jr.,56,4,
1992-06-20,1,Achy Breaky Heart,Billy Ray Cyrus,1,12,Gains In Performance
1992-06-20,2,Sacred Ground,McBride & The Ride,2,15,Gains In Performance
1992-06-20,3,Norma Jean Riley,Diamond Rio,5,13,Gains In Performance
1992-06-20,4,The Woman Before Me,Trisha Yearwood,6,13,Gains In Performance
1992-06-20,5,Rock My Baby,Shenandoah,7,12,Gains In Performance
1992-06-20,6,Gone As A Girl Can Get,George Strait,8,10,Gains In Performance
1992-06-20,7,Come In Out Of The Pain,Doug Stone,3,14,
1992-06-20,8,Ships That Don't Come In,Joe Diffie,9,10,Gains In Performance
1992-06-20,9,I Saw The Light,Wynonna,10,7,Gains In Performance
1992-06-20,10,Midnight In Montgomery,Alan Jackson,12,9,Gains In Performance
1992-06-20,11,All Is Fair In Love And War,Ronnie Milsap,13,13,Gains In Performance
1992-06-20,12,Backroads,Ricky Van Shelton,4,14,
1992-06-20,13,When It Comes To You,John Anderson,15,10,Gains In Performance
1992-06-20,14,Aces,Suzy Bogguss,18,12,Gains In Performance
1992-06-20,15,Take It Like A Man,Michelle Wright,19,12,Gains In Performance
1992-06-20,16,The Night The Lights Went Out In Georgia,Reba McEntire,21,9,Gains In Performance
1992-06-20,17,The River,Garth Brooks,39,8,Gains In Performance
1992-06-20,18,Every Second,Collin Raye,11,17,
1992-06-20,19,Nothing Short Of Dying,Travis Tritt,14,16,
1992-06-20,20,Something In Red,Lorrie Morgan,24,7,Gains In Performance
1992-06-20,21,Some Girls Do,Sawyer Brown,17,16,
1992-06-20,22,Billy The Kid,Billy Dean,30,5,Gains In Performance
1992-06-20,23,Blue Rose Is,Pam Tillis,23,11,Gains In Performance
1992-06-20,24,Neon Moon,Brooks & Dunn,20,18,
1992-06-20,25,The Time Has Come,Martina McBride,26,8,Gains In Performance
1992-06-20,26,Past The Point Of Rescue,Hal Ketchum,25,19,
1992-06-20,27,The Heart That You Own,Dwight Yoakam,27,9,Gains In Performance
1992-06-20,28,I Feel Lucky,Mary Chapin Carpenter,35,4,Gains In Performance
1992-06-20,29,Take A Little Trip,Alabama,46,3,Gains In Performance
1992-06-20,30,Can't Stop Myself From Loving You,Patty Loveless,37,9,Gains In Performance
1992-06-20,31,Lovin' All Night,Rodney Crowell,16,16,
1992-06-20,32,Today's Lonely Fool,Tracy Lawrence,32,20,
1992-06-20,33,Old Flames Have New Names,Mark Chesnutt,28,17,
1992-06-20,34,There Ain't Nothin' Wrong With The Radio,Aaron Tippin,31,19,
1992-06-20,35,This One's Gonna Hurt You,Marty Stuart & Travis Tritt,47,3,Gains In Performance
1992-06-20,36,Papa Loved Mama,Garth Brooks,29,19,
1992-06-20,37,Home Sweet Home,Dennis Robbins,43,7,Gains In Performance
1992-06-20,38,Some Kind Of Trouble,Tanya Tucker,36,19,
1992-06-20,39,Boot Scootin' Boogie,Brooks & Dunn,56,5,
1992-06-20,40,Burn Me Down,Marty Stuart,33,20,
1992-06-20,41,If Your Heart Ain't Busy Tonight,Tanya Tucker,49,4,Gains In Performance
1992-06-20,42,The Tips Of My Fingers,Steve Wariner,38,20,
1992-06-20,43,Mason Dixon Line,Dan Seals,45,9,Gains In Performance
1992-06-20,44,First Time For Everything,Little Texas,34,20,
1992-06-20,45,What Kind Of Fool Do You Think I Am,Lee Roy Parnell,48,6,Gains In Performance
1992-06-20,46,I'd Surrender All,Randy Travis,22,12,
1992-06-20,47,She Is His Only Need,Wynonna,42,19,
1992-06-20,48,Don't Go Near The Water,Sammy Kershaw,44,20,
1992-06-20,49,Where Forever Begins,Neal McCoy,52,7,Gains In Performance
1992-06-20,50,From The Word Love,Ricky Skaggs,51,6,Gains In Performance
1992-06-20,51,A Woman Loves,Steve Wariner,54,4,Gains In Performance
1992-06-20,52,Five O' Clock World,Hal Ketchum,57,4,Gains In Performance
1992-06-20,53,I'll Think Of Something,Mark Chesnutt,64,2,Gains In Performance
1992-06-20,54,Still Got A Crush On You,Davis Daniel,53,7,
1992-06-20,55,You Do My Heart Good,Cleve Francis,55,8,
1992-06-20,56,We Tell Ourselves,Clint Black,NEW,1,Highest ranking debut|Gains In Performance
1992-06-20,57,She Took It Like A Man,Confederate Railroad,40,12,
1992-06-20,58,Honky Tonk Baby,Highway 101,59,5,Gains In Performance
1992-06-20,59,Till I'm Holding You Again,Pirates Of The Mississippi,58,17,
1992-06-20,60,Cowboy Beat,The Bellamy Brothers,61,3,Gains In Performance
1992-06-27,1,Achy Breaky Heart,Billy Ray Cyrus,1,13,
1992-06-27,2,Norma Jean Riley,Diamond Rio,3,14,Gains In Performance
1992-06-27,3,Rock My Baby,Shenandoah,5,13,Gains In Performance
1992-06-27,4,I Saw The Light,Wynonna,9,8,Gains In Performance
1992-06-27,5,Gone As A Girl Can Get,George Strait,6,11,Gains In Performance
1992-06-27,6,Ships That Don't Come In,Joe Diffie,8,11,Gains In Performance
1992-06-27,7,Sacred Ground,McBride & The Ride,2,16,
1992-06-27,8,The Woman Before Me,Trisha Yearwood,4,14,
1992-06-27,9,Midnight In Montgomery,Alan Jackson,10,10,Gains In Performance
1992-06-27,10,When It Comes To You,John Anderson,13,11,Gains In Performance
1992-06-27,11,The River,Garth Brooks,17,9,Gains In Performance
1992-06-27,12,Aces,Suzy Bogguss,14,13,Gains In Performance
1992-06-27,13,Take It Like A Man,Michelle Wright,15,13,Gains In Performance
1992-06-27,14,The Night The Lights Went Out In Georgia,Reba McEntire,16,10,Gains In Performance
1992-06-27,15,All Is Fair In Love And War,Ronnie Milsap,11,14,
1992-06-27,16,Billy The Kid,Billy Dean,22,6,Gains In Performance
1992-06-27,17,Come In Out Of The Pain,Doug Stone,7,15,
1992-06-27,18,Backroads,Ricky Van Shelton,12,15,
1992-06-27,19,I Feel Lucky,Mary Chapin Carpenter,28,5,Gains In Performance
1992-06-27,20,Something In Red,Lorrie Morgan,20,8,
1992-06-27,21,Blue Rose Is,Pam Tillis,23,12,Gains In Performance
1992-06-27,22,Take A Little Trip,Alabama,29,4,Gains In Performance
1992-06-27,23,The Time Has Come,Martina McBride,25,9,Gains In Performance
1992-06-27,24,The Heart That You Own,Dwight Yoakam,27,10,Gains In Performance
1992-06-27,25,Every Second,Collin Raye,18,18,
1992-06-27,26,Nothing Short Of Dying,Travis Tritt,19,17,
1992-06-27,27,Some Girls Do,Sawyer Brown,21,17,
1992-06-27,28,Boot Scootin' Boogie,Brooks & Dunn,39,6,Gains In Performance
1992-06-27,29,Neon Moon,Brooks & Dunn,24,19,
1992-06-27,30,Past The Point Of Rescue,Hal Ketchum,26,20,
1992-06-27,31,This One's Gonna Hurt You,Marty Stuart & Travis Tritt,35,4,Gains In Performance
1992-06-27,32,Can't Stop Myself From Loving You,Patty Loveless,30,10,
1992-06-27,33,We Tell Ourselves,Clint Black,56,2,
1992-06-27,34,If Your Heart Ain't Busy Tonight,Tanya Tucker,41,5,Gains In Performance
1992-06-27,35,Home Sweet Home,Dennis Robbins,37,8,Gains In Performance
1992-06-27,36,Old Flames Have New Names,Mark Chesnutt,33,18,
1992-06-27,37,There Ain't Nothin' Wrong With The Radio,Aaron Tippin,34,20,
1992-06-27,38,Papa Loved Mama,Garth Brooks,36,20,
1992-06-27,39,Some Kind Of Trouble,Tanya Tucker,38,20,
1992-06-27,40,Where Forever Begins,Neal McCoy,49,8,Gains In Performance
1992-06-27,41,I'll Think Of Something,Mark Chesnutt,53,3,Gains In Performance
1992-06-27,42,A Woman Loves,Steve Wariner,51,5,Gains In Performance
1992-06-27,43,Lovin' All Night,Rodney Crowell,31,17,
1992-06-27,44,What Kind Of Fool Do You Think I Am,Lee Roy Parnell,45,7,Gains In Performance
1992-06-27,45,Five O' Clock World,Hal Ketchum,52,5,Gains In Performance
1992-06-27,46,From The Word Love,Ricky Skaggs,50,7,Gains In Performance
1992-06-27,47,Mason Dixon Line,Dan Seals,43,10,
1992-06-27,48,She Is His Only Need,Wynonna,47,20,
1992-06-27,49,Runnin' Behind,Tracy Lawrence,63,2,Gains In Performance
1992-06-27,50,You Do My Heart Good,Cleve Francis,55,9,Gains In Performance
1992-06-27,51,Cowboy Beat,The Bellamy Brothers,60,4,Gains In Performance
1992-06-27,52,I'd Surrender All,Randy Travis,46,13,
1992-06-27,53,Yard Sale,Sammy Kershaw,64,3,Gains In Performance
1992-06-27,54,Honky Tonk Baby,Highway 101,58,6,
1992-06-27,55,Come On Over To The Country,Hank Williams Jr.,61,6,
1992-06-27,56,She Took It Like A Man,Confederate Railroad,57,13,
1992-06-27,57,You And Forever And Me,Little Texas,70,2,Gains In Performance
1992-06-27,58,Till I'm Holding You Again,Pirates Of The Mississippi,59,18,
1992-06-27,59,Two-Timin' Me,The Remingtons,67,4,Gains In Performance
1992-06-27,60,Still Got A Crush On You,Davis Daniel,54,8,
1992-07-04,1,I Saw The Light,Wynonna,4,9,Gains In Performance
1992-07-04,2,Norma Jean Riley,Diamond Rio,2,15,Gains In Performance
1992-07-04,3,Midnight In Montgomery,Alan Jackson,9,11,Gains In Performance
1992-07-04,4,Rock My Baby,Shenandoah,3,14,
1992-07-04,5,Achy Breaky Heart,Billy Ray Cyrus,1,14,
1992-07-04,6,Ships That Don't Come In,Joe Diffie,6,12,Gains In Performance
1992-07-04,7,Gone As A Girl Can Get,George Strait,5,12,
1992-07-04,8,When It Comes To You,John Anderson,10,12,Gains In Performance
1992-07-04,9,The River,Garth Brooks,11,10,Gains In Performance
1992-07-04,10,Aces,Suzy Bogguss,12,14,Gains In Performance
1992-07-04,11,Take It Like A Man,Michelle Wright,13,14,Gains In Performance
1992-07-04,12,The Night The Lights Went Out In Georgia,Reba McEntire,14,11,Gains In Performance
1992-07-04,13,Sacred Ground,McBride & The Ride,7,17,
1992-07-04,14,The Woman Before Me,Trisha Yearwood,8,15,
1992-07-04,15,Billy The Kid,Billy Dean,16,7,Gains In Performance
1992-07-04,16,Take A Little Trip,Alabama,22,5,Gains In Performance
1992-07-04,17,I Feel Lucky,Mary Chapin Carpenter,19,6,Gains In Performance
1992-07-04,18,Something In Red,Lorrie Morgan,20,9,Gains In Performance
1992-07-04,19,Boot Scootin' Boogie,Brooks & Dunn,28,7,Gains In Performance
1992-07-04,20,The Heart That You Own,Dwight Yoakam,24,11,Gains In Performance
1992-07-04,21,We Tell Ourselves,Clint Black,33,3,
1992-07-04,22,This One's Gonna Hurt You,Marty Stuart & Travis Tritt,31,5,Gains In Performance
1992-07-04,23,Backroads,Ricky Van Shelton,18,16,
1992-07-04,24,Blue Rose Is,Pam Tillis,21,13,
1992-07-04,25,The Time Has Come,Martina McBride,23,10,
1992-07-04,26,Some Girls Do,Sawyer Brown,27,18,
1992-07-04,27,Come In Out Of The Pain,Doug Stone,17,16,
1992-07-04,28,Neon Moon,Brooks & Dunn,29,20,
1992-07-04,29,Nothing Short Of Dying,Travis Tritt,26,18,
1992-07-04,30,Every Second,Collin Raye,25,19,
1992-07-04,31,If Your Heart Ain't Busy Tonight,Tanya Tucker,34,6,Gains In Performance
1992-07-04,32,Can't Stop Myself From Loving You,Patty Loveless,32,11,
1992-07-04,33,All Is Fair In Love And War,Ronnie Milsap,15,15,
1992-07-04,34,Home Sweet Home,Dennis Robbins,35,9,Gains In Performance
1992-07-04,35,I'll Think Of Something,Mark Chesnutt,41,4,Gains In Performance
1992-07-04,36,A Woman Loves,Steve Wariner,42,6,Gains In Performance
1992-07-04,37,Five O' Clock World,Hal Ketchum,45,6,Gains In Performance
1992-07-04,38,Runnin' Behind,Tracy Lawrence,49,3,Gains In Performance
1992-07-04,39,Old Flames Have New Names,Mark Chesnutt,36,19,
1992-07-04,40,What Kind Of Fool Do You Think I Am,Lee Roy Parnell,44,8,Gains In Performance
1992-07-04,41,Where Forever Begins,Neal McCoy,40,9,
1992-07-04,42,Lovin' All Night,Rodney Crowell,43,18,
1992-07-04,43,From The Word Love,Ricky Skaggs,46,8,
1992-07-04,44,Yard Sale,Sammy Kershaw,53,4,Gains In Performance
1992-07-04,45,Cowboy Beat,The Bellamy Brothers,51,5,Gains In Performance
1992-07-04,46,Two-Timin' Me,The Remingtons,59,5,Gains In Performance
1992-07-04,47,You Do My Heart Good,Cleve Francis,50,10,
1992-07-04,48,I Wouldn't Have It Any Other Way,Aaron Tippin,63,3,Gains In Performance
1992-07-04,49,You And Forever And Me,Little Texas,57,3,Gains In Performance
1992-07-04,50,Mason Dixon Line,Dan Seals,47,11,
1992-07-04,51,What Kind Of Love,Rodney Crowell,75,2,Gains In Performance
1992-07-04,52,I'd Surrender All,Randy Travis,52,14,
1992-07-04,53,Familiar Ground,Michael White,65,2,Gains In Performance
1992-07-04,54,Too Much,Pirates Of The Mississippi,74,2,Gains In Performance
1992-07-04,55,I Still Believe In You,Vince Gill,NEW,1,Highest ranking debut|Gains In Performance
1992-07-04,56,Till I'm Holding You Again,Pirates Of The Mississippi,58,19,
1992-07-04,57,Honky Tonk Baby,Highway 101,54,7,
1992-07-04,58,Come On Over To The Country,Hank Williams Jr.,55,7,
1992-07-04,59,That's What I'm Working On Tonight,Dixiana,72,2,Gains In Performance
1992-07-04,60,The Rock,Lee Roy Parnell,62,20,
1992-07-11,1,I Saw The Light,Wynonna,1,10,Gains In Performance
1992-07-11,2,Rock My Baby,Shenandoah,4,15,Gains In Performance
1992-07-11,3,The River,Garth Brooks,9,11,Gains In Performance
1992-07-11,4,Midnight In Montgomery,Alan Jackson,3,12,
1992-07-11,5,Ships That Don't Come In,Joe Diffie,6,13,Gains In Performance
1992-07-11,6,When It Comes To You,John Anderson,8,13,Gains In Performance
1992-07-11,7,Norma Jean Riley,Diamond Rio,2,16,
1992-07-11,8,Achy Breaky Heart,Billy Ray Cyrus,5,15,
1992-07-11,9,Aces,Suzy Bogguss,10,15,Gains In Performance
1992-07-11,10,Take It Like A Man,Michelle Wright,11,15,Gains In Performance
1992-07-11,11,Billy The Kid,Billy Dean,15,8,Gains In Performance
1992-07-11,12,Boot Scootin' Boogie,Brooks & Dunn,19,8,Gains In Performance
1992-07-11,13,Take A Little Trip,Alabama,16,6,Gains In Performance
1992-07-11,14,I Feel Lucky,Mary Chapin Carpenter,17,7,Gains In Performance
1992-07-11,15,The Night The Lights Went Out In Georgia,Reba McEntire,12,12,
1992-07-11,16,We Tell Ourselves,Clint Black,21,4,Gains In Performance
1992-07-11,17,Gone As A Girl Can Get,George Strait,7,13,
1992-07-11,18,Something In Red,Lorrie Morgan,18,10,Gains In Performance
1992-07-11,19,The Heart That You Own,Dwight Yoakam,20,12,Gains In Performance
1992-07-11,20,Sacred Ground,McBride & The Ride,13,18,
1992-07-11,21,This One's Gonna Hurt You,Marty Stuart & Travis Tritt,22,6,Gains In Performance
1992-07-11,22,The Woman Before Me,Trisha Yearwood,14,16,
1992-07-11,23,If Your Heart Ain't Busy Tonight,Tanya Tucker,31,7,Gains In Performance
1992-07-11,24,I'll Think Of Something,Mark Chesnutt,35,5,Gains In Performance
1992-07-11,25,Backroads,Ricky Van Shelton,23,17,
1992-07-11,26,The Time Has Come,Martina McBride,25,11,
1992-07-11,27,Runnin' Behind,Tracy Lawrence,38,4,Gains In Performance
1992-07-11,28,A Woman Loves,Steve Wariner,36,7,Gains In Performance
1992-07-11,29,Some Girls Do,Sawyer Brown,26,19,
1992-07-11,30,Every Second,Collin Raye,30,20,
1992-07-11,31,Come In Out Of The Pain,Doug Stone,27,17,
1992-07-11,32,Five O' Clock World,Hal Ketchum,37,7,Gains In Performance
1992-07-11,33,Nothing Short Of Dying,Travis Tritt,29,19,
1992-07-11,34,Home Sweet Home,Dennis Robbins,34,10,
1992-07-11,35,What Kind Of Fool Do You Think I Am,Lee Roy Parnell,40,9,Gains In Performance
1992-07-11,36,Blue Rose Is,Pam Tillis,24,14,
1992-07-11,37,Old Flames Have New Names,Mark Chesnutt,39,20,
1992-07-11,38,All Is Fair In Love And War,Ronnie Milsap,33,16,
1992-07-11,39,I Still Believe In You,Vince Gill,55,2,
1992-07-11,40,Can't Stop Myself From Loving You,Patty Loveless,32,12,
1992-07-11,41,Where Forever Begins,Neal McCoy,41,10,
1992-07-11,42,Cowboy Beat,The Bellamy Brothers,45,6,Gains In Performance
1992-07-11,43,I Wouldn't Have It Any Other Way,Aaron Tippin,48,4,Gains In Performance
1992-07-11,44,Yard Sale,Sammy Kershaw,44,5,Gains In Performance
1992-07-11,45,Two-Timin' Me,The Remingtons,46,6,Gains In Performance
1992-07-11,46,You And Forever And Me,Little Texas,49,4,Gains In Performance
1992-07-11,47,Lovin' All Night,Rodney Crowell,42,19,
1992-07-11,48,Warning Labels,Doug Stone,NEW,1,Highest ranking debut|Gains In Performance
1992-07-11,49,What Kind Of Love,Rodney Crowell,51,3,Gains In Performance
1992-07-11,50,Could've Been Me,Billy Ray Cyrus,65,2,Gains In Performance
1992-07-11,51,Familiar Ground,Michael White,53,3,Gains In Performance
1992-07-11,52,Too Much,Pirates Of The Mississippi,54,3,Gains In Performance
1992-07-11,53,From The Word Love,Ricky Skaggs,43,9,
1992-07-11,54,You Do My Heart Good,Cleve Francis,47,11,
1992-07-11,55,That's What I'm Working On Tonight,Dixiana,59,3,Gains In Performance
1992-07-11,56,She Takes The Sad Out Of Saturday Night,Clinton Gregory,62,2,Gains In Performance
1992-07-11,57,I'd Surrender All,Randy Travis,52,15,
1992-07-11,58,Till I'm Holding You Again,Pirates Of The Mississippi,56,20,
1992-07-11,59,Nowhere Bound,Diamond Rio,NEW,1,Gains In Performance
1992-07-11,60,So Much Like My Dad,George Strait,NEW,1,Gains In Performance
1992-07-18,1,I Saw The Light,Wynonna,1,11,
1992-07-18,2,The River,Garth Brooks,3,12,Gains In Performance
1992-07-18,3,Midnight In Montgomery,Alan Jackson,4,13,Gains In Performance
1992-07-18,4,When It Comes To You,John Anderson,6,14,Gains In Performance
1992-07-18,5,Ships That Don't Come In,Joe Diffie,5,14,Gains In Performance
1992-07-18,6,Billy The Kid,Billy Dean,11,9,Gains In Performance
1992-07-18,7,Boot Scootin' Boogie,Brooks & Dunn,12,9,Gains In Performance
1992-07-18,8,Take A Little Trip,Alabama,13,7,Gains In Performance
1992-07-18,9,I Feel Lucky,Mary Chapin Carpenter,14,8,Gains In Performance
1992-07-18,10,Take It Like A Man,Michelle Wright,10,16,
1992-07-18,11,Aces,Suzy Bogguss,9,16,
1992-07-18,12,Rock My Baby,Shenandoah,2,16,
1992-07-18,13,We Tell Ourselves,Clint Black,16,5,Gains In Performance
1992-07-18,14,The Night The Lights Went Out In Georgia,Reba McEntire,15,13,
1992-07-18,15,Achy Breaky Heart,Billy Ray Cyrus,8,16,
1992-07-18,16,Something In Red,Lorrie Morgan,18,11,Gains In Performance
1992-07-18,17,If Your Heart Ain't Busy Tonight,Tanya Tucker,23,8,Gains In Performance
1992-07-18,18,This One's Gonna Hurt You,Marty Stuart & Travis Tritt,21,7,Gains In Performance
1992-07-18,19,I'll Think Of Something,Mark Chesnutt,24,6,Gains In Performance
1992-07-18,20,The Heart That You Own,Dwight Yoakam,19,13,
1992-07-18,21,Norma Jean Riley,Diamond Rio,7,17,
1992-07-18,22,Runnin' Behind,Tracy Lawrence,27,5,Gains In Performance
1992-07-18,23,Sacred Ground,McBride & The Ride,20,19,
1992-07-18,24,Five O' Clock World,Hal Ketchum,32,8,Gains In Performance
1992-07-18,25,A Woman Loves,Steve Wariner,28,8,Gains In Performance
1992-07-18,26,What Kind Of Fool Do You Think I Am,Lee Roy Parnell,35,10,Gains In Performance
1992-07-18,27,The Woman Before Me,Trisha Yearwood,22,17,
1992-07-18,28,I Still Believe In You,Vince Gill,39,3,Gains In Performance
1992-07-18,29,Gone As A Girl Can Get,George Strait,17,14,
1992-07-18,30,Backroads,Ricky Van Shelton,25,18,
1992-07-18,31,Some Girls Do,Sawyer Brown,29,20,
1992-07-18,32,Nothing Short Of Dying,Travis Tritt,33,20,
1992-07-18,33,I Wouldn't Have It Any Other Way,Aaron Tippin,43,5,Gains In Performance
1992-07-18,34,Cowboy Beat,The Bellamy Brothers,42,7,Gains In Performance
1992-07-18,35,Come In Out Of The Pain,Doug Stone,31,18,
1992-07-18,36,Two-Timin' Me,The Remingtons,45,7,Gains In Performance
1992-07-18,37,Could've Been Me,Billy Ray Cyrus,50,3,
1992-07-18,38,Yard Sale,Sammy Kershaw,44,6,Gains In Performance
1992-07-18,39,You And Forever And Me,Little Texas,46,5,Gains In Performance
1992-07-18,40,Warning Labels,Doug Stone,48,2,Gains In Performance
1992-07-18,41,All Is Fair In Love And War,Ronnie Milsap,38,17,
1992-07-18,42,What Kind Of Love,Rodney Crowell,49,4,Gains In Performance
1992-07-18,43,The Time Has Come,Martina McBride,26,12,
1992-07-18,44,Home Sweet Home,Dennis Robbins,34,11,
1992-07-18,45,So Much Like My Dad,George Strait,60,2,Gains In Performance
1992-07-18,46,Too Much,Pirates Of The Mississippi,52,4,Gains In Performance
1992-07-18,47,Lovin' All Night,Rodney Crowell,47,20,
1992-07-18,48,Blue Rose Is,Pam Tillis,36,15,
1992-07-18,49,Can't Stop Myself From Loving You,Patty Loveless,40,13,
1992-07-18,50,Nowhere Bound,Diamond Rio,59,2,Gains In Performance
1992-07-18,51,Familiar Ground,Michael White,51,4,Gains In Performance
1992-07-18,52,Me And My Baby,Paul Overstreet,73,2,Gains In Performance
1992-07-18,53,Where Forever Begins,Neal McCoy,41,11,
1992-07-18,54,She Takes The Sad Out Of Saturday Night,Clinton Gregory,56,3,Gains In Performance
1992-07-18,55,That's What I'm Working On Tonight,Dixiana,55,4,Gains In Performance
1992-07-18,56,Our Love Was Meant To Be,Boy Howdy,65,3,Gains In Performance
1992-07-18,57,You Do My Heart Good,Cleve Francis,54,12,
1992-07-18,58,She Wrote The Book,Rob Crosby,63,3,Gains In Performance
1992-07-18,59,Rosalee,Stacy Dean Campbell,61,3,Gains In Performance
1992-07-18,60,I'd Surrender All,Randy Travis,57,16,
1992-07-25,1,The River,Garth Brooks,2,13,Gains In Performance
1992-07-25,2,I Saw The Light,Wynonna,1,12,
1992-07-25,3,When It Comes To You,John Anderson,4,15,
1992-07-25,4,Take A Little Trip,Alabama,8,8,Gains In Performance
1992-07-25,5,Boot Scootin' Boogie,Brooks & Dunn,7,10,Gains In Performance
1992-07-25,6,Billy The Kid,Billy Dean,6,10,Gains In Performance
1992-07-25,7,I Feel Lucky,Mary Chapin Carpenter,9,9,Gains In Performance
1992-07-25,8,Midnight In Montgomery,Alan Jackson,3,14,
1992-07-25,9,We Tell Ourselves,Clint Black,13,6,Gains In Performance
1992-07-25,10,Ships That Don't Come In,Joe Diffie,5,15,
1992-07-25,11,This One's Gonna Hurt You,Marty Stuart & Travis Tritt,18,8,Gains In Performance
1992-07-25,12,If Your Heart Ain't Busy Tonight,Tanya Tucker,17,9,Gains In Performance
1992-07-25,13,I'll Think Of Something,Mark Chesnutt,19,7,Gains In Performance
1992-07-25,14,Something In Red,Lorrie Morgan,16,12,Gains In Performance
1992-07-25,15,Take It Like A Man,Michelle Wright,10,17,
1992-07-25,16,Runnin' Behind,Tracy Lawrence,22,6,Gains In Performance
1992-07-25,17,Aces,Suzy Bogguss,11,17,
1992-07-25,18,The Heart That You Own,Dwight Yoakam,20,14,
1992-07-25,19,I Still Believe In You,Vince Gill,28,4,Gains In Performance
1992-07-25,20,Achy Breaky Heart,Billy Ray Cyrus,15,17,
1992-07-25,21,Rock My Baby,Shenandoah,12,17,
1992-07-25,22,A Woman Loves,Steve Wariner,25,9,Gains In Performance
1992-07-25,23,The Night The Lights Went Out In Georgia,Reba McEntire,14,14,
1992-07-25,24,Five O' Clock World,Hal Ketchum,24,9,Gains In Performance
1992-07-25,25,What Kind Of Fool Do You Think I Am,Lee Roy Parnell,26,11,Gains In Performance
1992-07-25,26,Norma Jean Riley,Diamond Rio,21,18,
1992-07-25,27,Sacred Ground,McBride & The Ride,23,20,
1992-07-25,28,Could've Been Me,Billy Ray Cyrus,37,4,
1992-07-25,29,I Wouldn't Have It Any Other Way,Aaron Tippin,33,6,Gains In Performance
1992-07-25,30,Two-Timin' Me,The Remingtons,36,8,Gains In Performance
1992-07-25,31,Cowboy Beat,The Bellamy Brothers,34,8,Gains In Performance
1992-07-25,32,Warning Labels,Doug Stone,40,3,Gains In Performance
1992-07-25,33,The Woman Before Me,Trisha Yearwood,27,18,
1992-07-25,34,Backroads,Ricky Van Shelton,30,19,
1992-07-25,35,You And Forever And Me,Little Texas,39,6,Gains In Performance
1992-07-25,36,Gone As A Girl Can Get,George Strait,29,15,
1992-07-25,37,Yard Sale,Sammy Kershaw,38,7,Gains In Performance
1992-07-25,38,What Kind Of Love,Rodney Crowell,42,5,Gains In Performance
1992-07-25,39,Come In Out Of The Pain,Doug Stone,35,19,
1992-07-25,40,So Much Like My Dad,George Strait,45,3,Gains In Performance
1992-07-25,41,All Is Fair In Love And War,Ronnie Milsap,41,18,
1992-07-25,42,Too Much,Pirates Of The Mississippi,46,5,Gains In Performance
1992-07-25,43,Nowhere Bound,Diamond Rio,50,3,Gains In Performance
1992-07-25,44,Me And My Baby,Paul Overstreet,52,3,Gains In Performance
1992-07-25,45,Familiar Ground,Michael White,51,5,Gains In Performance
1992-07-25,46,Home Sweet Home,Dennis Robbins,44,12,
1992-07-25,47,That's What I'm Working On Tonight,Dixiana,55,5,Gains In Performance
1992-07-25,48,The Time Has Come,Martina McBride,43,13,
1992-07-25,49,Whatcha Gonna Do With A Cowboy,Chris LeDoux,NEW,1,Highest ranking debut|Gains In Performance
1992-07-25,50,She Takes The Sad Out Of Saturday Night,Clinton Gregory,54,4,Gains In Performance
1992-07-25,51,Blue Rose Is,Pam Tillis,48,16,
1992-07-25,52,Love's Got A Hold On You,Alan Jackson,NEW,1,Gains In Performance
1992-07-25,53,Can't Stop Myself From Loving You,Patty Loveless,49,14,
1992-07-25,54,Going Out Of My Mind,McBride & The Ride,71,2,Gains In Performance
1992-07-25,55,Rosalee,Stacy Dean Campbell,59,4,Gains In Performance
1992-07-25,56,Our Love Was Meant To Be,Boy Howdy,56,4,Gains In Performance
1992-07-25,57,She Wrote The Book,Rob Crosby,58,4,Gains In Performance
1992-07-25,58,I Got A Date,The Forester Sisters,61,2,Gains In Performance
1992-07-25,59,This Ol' Heart,Tim Mensy,63,3,Gains In Performance
1992-07-25,60,Where Forever Begins,Neal McCoy,53,12,
1992-08-01,1,Boot Scootin' Boogie,Brooks & Dunn,5,11,Gains In Performance
1992-08-01,2,The River,Garth Brooks,1,14,
1992-08-01,3,Take A Little Trip,Alabama,4,9,Gains In Performance
1992-08-01,4,Billy The Kid,Billy Dean,6,11,Gains In Performance
1992-08-01,5,I Feel Lucky,Mary Chapin Carpenter,7,10,Gains In Performance
1992-08-01,6,When It Comes To You,John Anderson,3,16,
1992-08-01,7,We Tell Ourselves,Clint Black,9,7,Gains In Performance
1992-08-01,8,I Saw The Light,Wynonna,2,13,
1992-08-01,9,If Your Heart Ain't Busy Tonight,Tanya Tucker,12,10,Gains In Performance
1992-08-01,10,This One's Gonna Hurt You,Marty Stuart & Travis Tritt,11,9,Gains In Performance
1992-08-01,11,I'll Think Of Something,Mark Chesnutt,13,8,Gains In Performance
1992-08-01,12,Runnin' Behind,Tracy Lawrence,16,7,Gains In Performance
1992-08-01,13,I Still Believe In You,Vince Gill,19,5,Gains In Performance
1992-08-01,14,A Woman Loves,Steve Wariner,22,10,Gains In Performance
1992-08-01,15,Ships That Don't Come In,Joe Diffie,10,16,
1992-08-01,16,Five O' Clock World,Hal Ketchum,24,10,Gains In Performance
1992-08-01,17,Midnight In Montgomery,Alan Jackson,8,15,
1992-08-01,18,What Kind Of Fool Do You Think I Am,Lee Roy Parnell,25,12,Gains In Performance
1992-08-01,19,Could've Been Me,Billy Ray Cyrus,28,5,Gains In Performance
1992-08-01,20,Two-Timin' Me,The Remingtons,30,9,Gains In Performance
1992-08-01,21,Something In Red,Lorrie Morgan,14,13,
1992-08-01,22,Achy Breaky Heart,Billy Ray Cyrus,20,18,
1992-08-01,23,Rock My Baby,Shenandoah,21,18,
1992-08-01,24,I Wouldn't Have It Any Other Way,Aaron Tippin,29,7,Gains In Performance
1992-08-01,25,Warning Labels,Doug Stone,32,4,Gains In Performance
1992-08-01,26,You And Forever And Me,Little Texas,35,7,Gains In Performance
1992-08-01,27,Cowboy Beat,The Bellamy Brothers,31,9,Gains In Performance
1992-08-01,28,Norma Jean Riley,Diamond Rio,26,19,
1992-08-01,29,Take It Like A Man,Michelle Wright,15,18,
1992-08-01,30,Aces,Suzy Bogguss,17,18,
1992-08-01,31,What Kind Of Love,Rodney Crowell,38,6,Gains In Performance
1992-08-01,32,Yard Sale,Sammy Kershaw,37,8,Gains In Performance
1992-08-01,33,The Heart That You Own,Dwight Yoakam,18,15,
1992-08-01,34,So Much Like My Dad,George Strait,40,4,Gains In Performance
1992-08-01,35,Backroads,Ricky Van Shelton,34,20,
1992-08-01,36,Whatcha Gonna Do With A Cowboy,Chris LeDoux,49,2,
1992-08-01,37,Me And My Baby,Paul Overstreet,44,4,Gains In Performance
1992-08-01,38,The Night The Lights Went Out In Georgia,Reba McEntire,23,15,
1992-08-01,39,Nowhere Bound,Diamond Rio,43,4,Gains In Performance
1992-08-01,40,The Woman Before Me,Trisha Yearwood,33,19,
1992-08-01,41,Love's Got A Hold On You,Alan Jackson,52,2,Gains In Performance
1992-08-01,42,Come In Out Of The Pain,Doug Stone,39,20,
1992-08-01,43,Too Much,Pirates Of The Mississippi,42,6,
1992-08-01,44,Gone As A Girl Can Get,George Strait,36,16,
1992-08-01,45,All Is Fair In Love And War,Ronnie Milsap,41,19,
1992-08-01,46,Familiar Ground,Michael White,45,6,
1992-08-01,47,Going Out Of My Mind,McBride & The Ride,54,3,Gains In Performance
1992-08-01,48,That's What I'm Working On Tonight,Dixiana,47,6,
1992-08-01,49,Wear My Ring Around Your Neck,Ricky Van Shelton,65,2,Gains In Performance
1992-08-01,50,Our Love Was Meant To Be,Boy Howdy,56,5,Gains In Performance
1992-08-01,51,She Takes The Sad Out Of Saturday Night,Clinton Gregory,50,5,
1992-08-01,52,Jesus And Mama,Confederate Railroad,64,5,Gains In Performance
1992-08-01,53,She Wrote The Book,Rob Crosby,57,5,Gains In Performance
1992-08-01,54,Rosalee,Stacy Dean Campbell,55,5,Gains In Performance
1992-08-01,55,One Time Around,Michelle Wright,62,2,Gains In Performance
1992-08-01,56,This Ol' Heart,Tim Mensy,59,4,Gains In Performance
1992-08-01,57,Home Sweet Home,Dennis Robbins,46,13,
1992-08-01,58,In This Life,Collin Raye,NEW,1,Highest ranking debut|Gains In Performance
1992-08-01,59,I Got A Date,The Forester Sisters,58,3,
1992-08-01,60,The Time Has Come,Martina McBride,48,14,
1992-08-08,1,Boot Scootin' Boogie,Brooks & Dunn,1,12,Gains In Performance
1992-08-08,2,Take A Little Trip,Alabama,3,10,Gains In Performance
1992-08-08,3,We Tell Ourselves,Clint Black,7,8,Gains In Performance
1992-08-08,4,I Feel Lucky,Mary Chapin Carpenter,5,11,Gains In Performance
1992-08-08,5,The River,Garth Brooks,2,15,
1992-08-08,6,Billy The Kid,Billy Dean,4,12,
1992-08-08,7,If Your Heart Ain't Busy Tonight,Tanya Tucker,9,11,Gains In Performance
1992-08-08,8,This One's Gonna Hurt You,Marty Stuart & Travis Tritt,10,10,Gains In Performance
1992-08-08,9,I'll Think Of Something,Mark Chesnutt,11,9,Gains In Performance
1992-08-08,10,I Saw The Light,Wynonna,8,14,
1992-08-08,11,Runnin' Behind,Tracy Lawrence,12,8,Gains In Performance
1992-08-08,12,I Still Believe In You,Vince Gill,13,6,Gains In Performance
1992-08-08,13,A Woman Loves,Steve Wariner,14,11,Gains In Performance
1992-08-08,14,When It Comes To You,John Anderson,6,17,
1992-08-08,15,What Kind Of Fool Do You Think I Am,Lee Roy Parnell,18,13,Gains In Performance
1992-08-08,16,Five O' Clock World,Hal Ketchum,16,11,Gains In Performance
1992-08-08,17,Could've Been Me,Billy Ray Cyrus,19,6,Gains In Performance
1992-08-08,18,Two-Timin' Me,The Remingtons,20,10,Gains In Performance
1992-08-08,19,I Wouldn't Have It Any Other Way,Aaron Tippin,24,8,Gains In Performance
1992-08-08,20,You And Forever And Me,Little Texas,26,8,Gains In Performance
1992-08-08,21,Warning Labels,Doug Stone,25,5,Gains In Performance
1992-08-08,22,What Kind Of Love,Rodney Crowell,31,7,Gains In Performance
1992-08-08,23,Cowboy Beat,The Bellamy Brothers,27,10,Gains In Performance
1992-08-08,24,Ships That Don't Come In,Joe Diffie,15,17,
1992-08-08,25,Yard Sale,Sammy Kershaw,32,9,Gains In Performance
1992-08-08,26,Achy Breaky Heart,Billy Ray Cyrus,22,19,
1992-08-08,27,Rock My Baby,Shenandoah,23,19,
1992-08-08,28,So Much Like My Dad,George Strait,34,5,Gains In Performance
1992-08-08,29,Norma Jean Riley,Diamond Rio,28,20,
1992-08-08,30,Love's Got A Hold On You,Alan Jackson,41,3,Gains In Performance
1992-08-08,31,Take It Like A Man,Michelle Wright,29,19,
1992-08-08,32,Midnight In Montgomery,Alan Jackson,17,16,
1992-08-08,33,Whatcha Gonna Do With A Cowboy,Chris LeDoux,36,3,Gains In Performance
1992-08-08,34,Nowhere Bound,Diamond Rio,39,5,Gains In Performance
1992-08-08,35,Aces,Suzy Bogguss,30,19,
1992-08-08,36,Me And My Baby,Paul Overstreet,37,5,Gains In Performance
1992-08-08,37,Something In Red,Lorrie Morgan,21,14,
1992-08-08,38,Too Much,Pirates Of The Mississippi,43,7,Gains In Performance
1992-08-08,39,The Heart That You Own,Dwight Yoakam,33,16,
1992-08-08,40,In This Life,Collin Raye,58,2,
1992-08-08,41,The Woman Before Me,Trisha Yearwood,40,20,
1992-08-08,42,Gone As A Girl Can Get,George Strait,44,17,
1992-08-08,43,Familiar Ground,Michael White,46,7,Gains In Performance
1992-08-08,44,Going Out Of My Mind,McBride & The Ride,47,4,Gains In Performance
1992-08-08,45,Wrong Side Of Memphis,Trisha Yearwood,NEW,1,Highest ranking debut|Gains In Performance
1992-08-08,46,The Night The Lights Went Out In Georgia,Reba McEntire,38,16,
1992-08-08,47,Wear My Ring Around Your Neck,Ricky Van Shelton,49,3,Gains In Performance
1992-08-08,48,That's What I'm Working On Tonight,Dixiana,48,7,Gains In Performance
1992-08-08,49,Jesus And Mama,Confederate Railroad,52,6,Gains In Performance
1992-08-08,50,Our Love Was Meant To Be,Boy Howdy,50,6,Gains In Performance
1992-08-08,51,All Is Fair In Love And War,Ronnie Milsap,45,20,
1992-08-08,52,She Takes The Sad Out Of Saturday Night,Clinton Gregory,51,6,
1992-08-08,53,One Time Around,Michelle Wright,55,3,Gains In Performance
1992-08-08,54,Rosalee,Stacy Dean Campbell,54,6,
1992-08-08,55,She Wrote The Book,Rob Crosby,53,6,
1992-08-08,56,This Ol' Heart,Tim Mensy,56,5,Gains In Performance
1992-08-08,57,When Love Comes Around The Bend,Dan Seals,64,3,Gains In Performance
1992-08-08,58,I Got A Date,The Forester Sisters,59,4,Gains In Performance
1992-08-08,59,Hometown Radio,Curtis Wright,61,5,Gains In Performance
1992-08-08,60,Home Sweet Home,Dennis Robbins,57,14,
1992-08-15,1,Boot Scootin' Boogie,Brooks & Dunn,1,13,Gains In Performance
1992-08-15,2,We Tell Ourselves,Clint Black,3,9,Gains In Performance
1992-08-15,3,Take A Little Trip,Alabama,2,11,Gains In Performance
1992-08-15,4,I Feel Lucky,Mary Chapin Carpenter,4,12,Gains In Performance
1992-08-15,5,I'll Think Of Something,Mark Chesnutt,9,10,Gains In Performance
1992-08-15,6,If Your Heart Ain't Busy Tonight,Tanya Tucker,7,12,Gains In Performance
1992-08-15,7,This One's Gonna Hurt You,Marty Stuart & Travis Tritt,8,11,Gains In Performance
1992-08-15,8,The River,Garth Brooks,5,16,
1992-08-15,9,Runnin' Behind,Tracy Lawrence,11,9,Gains In Performance
1992-08-15,10,Billy The Kid,Billy Dean,6,13,
1992-08-15,11,What Kind Of Fool Do You Think I Am,Lee Roy Parnell,15,14,Gains In Performance
1992-08-15,12,I Still Believe In You,Vince Gill,12,7,Gains In Performance
1992-08-15,13,A Woman Loves,Steve Wariner,13,12,Gains In Performance
1992-08-15,14,I Saw The Light,Wynonna,10,15,
1992-08-15,15,Could've Been Me,Billy Ray Cyrus,17,7,Gains In Performance
1992-08-15,16,Five O' Clock World,Hal Ketchum,16,12,Gains In Performance
1992-08-15,17,I Wouldn't Have It Any Other Way,Aaron Tippin,19,9,Gains In Performance
1992-08-15,18,Warning Labels,Doug Stone,21,6,Gains In Performance
1992-08-15,19,Two-Timin' Me,The Remingtons,18,11,Gains In Performance
1992-08-15,20,You And Forever And Me,Little Texas,20,9,Gains In Performance
1992-08-15,21,Yard Sale,Sammy Kershaw,25,10,Gains In Performance
1992-08-15,22,What Kind Of Love,Rodney Crowell,22,8,Gains In Performance
1992-08-15,23,Cowboy Beat,The Bellamy Brothers,23,11,Gains In Performance
1992-08-15,24,Love's Got A Hold On You,Alan Jackson,30,4,Gains In Performance
1992-08-15,25,So Much Like My Dad,George Strait,28,6,Gains In Performance
1992-08-15,26,Whatcha Gonna Do With A Cowboy,Chris LeDoux,33,4,Gains In Performance
1992-08-15,27,When It Comes To You,John Anderson,14,18,
1992-08-15,28,Nowhere Bound,Diamond Rio,34,6,Gains In Performance
1992-08-15,29,Achy Breaky Heart,Billy Ray Cyrus,26,20,
1992-08-15,30,Rock My Baby,Shenandoah,27,20,
1992-08-15,31,Me And My Baby,Paul Overstreet,36,6,Gains In Performance
1992-08-15,32,Ships That Don't Come In,Joe Diffie,24,18,
1992-08-15,33,Take It Like A Man,Michelle Wright,31,20,
1992-08-15,34,In This Life,Collin Raye,40,3,Gains In Performance
1992-08-15,35,Aces,Suzy Bogguss,35,20,
1992-08-15,36,Midnight In Montgomery,Alan Jackson,32,17,
1992-08-15,37,Too Much,Pirates Of The Mississippi,38,8,Gains In Performance
1992-08-15,38,Wrong Side Of Memphis,Trisha Yearwood,45,2,Gains In Performance
1992-08-15,39,Going Out Of My Mind,McBride & The Ride,44,5,Gains In Performance
1992-08-15,40,Jesus And Mama,Confederate Railroad,49,7,Gains In Performance
1992-08-15,41,Gone As A Girl Can Get,George Strait,42,18,
1992-08-15,42,Wear My Ring Around Your Neck,Ricky Van Shelton,47,4,Gains In Performance
1992-08-15,43,Something In Red,Lorrie Morgan,37,15,
1992-08-15,44,That's What I'm Working On Tonight,Dixiana,48,8,Gains In Performance
1992-08-15,45,Familiar Ground,Michael White,43,8,
1992-08-15,46,The Heart That You Own,Dwight Yoakam,39,17,
1992-08-15,47,Our Love Was Meant To Be,Boy Howdy,50,7,Gains In Performance
1992-08-15,48,The Night The Lights Went Out In Georgia,Reba McEntire,46,17,
1992-08-15,49,Cafe On The Corner,Sawyer Brown,69,2,
1992-08-15,50,One Time Around,Michelle Wright,53,4,Gains In Performance
1992-08-15,51,When Love Comes Around The Bend,Dan Seals,57,4,Gains In Performance
1992-08-15,52,Hey Mister (I Need This Job),Shenandoah,71,2,Gains In Performance
1992-08-15,53,This Ol' Heart,Tim Mensy,56,6,Gains In Performance
1992-08-15,54,Letting Go,Suzy Bogguss,NEW,1,Highest ranking debut|Gains In Performance
1992-08-15,55,Rosalee,Stacy Dean Campbell,54,7,
1992-08-15,56,She Takes The Sad Out Of Saturday Night,Clinton Gregory,52,7,
1992-08-15,57,The Greatest Man I Never Knew,Reba McEntire,NEW,1,Gains In Performance
1992-08-15,58,She Wrote The Book,Rob Crosby,55,7,
1992-08-15,59,Send A Message To My Heart,Dwight Yoakam & Patty Loveless,65,2,Gains In Performance
1992-08-15,60,Next Thing Smokin',Joe Diffie,NEW,1,Gains In Performance
1992-08-22,1,Boot Scootin' Boogie,Brooks & Dunn,1,14,
1992-08-22,2,We Tell Ourselves,Clint Black,2,10,Gains In Performance
1992-08-22,3,I'll Think Of Something,Mark Chesnutt,5,11,Gains In Performance
1992-08-22,4,If Your Heart Ain't Busy Tonight,Tanya Tucker,6,13,
1992-08-22,5,Take A Little Trip,Alabama,3,12,
1992-08-22,6,What Kind Of Fool Do You Think I Am,Lee Roy Parnell,11,15,Gains In Performance
1992-08-22,7,I Feel Lucky,Mary Chapin Carpenter,4,13,
1992-08-22,8,Runnin' Behind,Tracy Lawrence,9,10,Gains In Performance
1992-08-22,9,I Still Believe In You,Vince Gill,12,8,Gains In Performance
1992-08-22,10,This One's Gonna Hurt You,Marty Stuart & Travis Tritt,7,12,
1992-08-22,11,A Woman Loves,Steve Wariner,13,13,Gains In Performance
1992-08-22,12,Could've Been Me,Billy Ray Cyrus,15,8,Gains In Performance
1992-08-22,13,The River,Garth Brooks,8,17,
1992-08-22,14,I Wouldn't Have It Any Other Way,Aaron Tippin,17,10,Gains In Performance
1992-08-22,15,Warning Labels,Doug Stone,18,7,Gains In Performance
1992-08-22,16,Billy The Kid,Billy Dean,10,14,
1992-08-22,17,Love's Got A Hold On You,Alan Jackson,24,5,Gains In Performance
1992-08-22,18,Two-Timin' Me,The Remingtons,19,12,Gains In Performance
1992-08-22,19,Five O' Clock World,Hal Ketchum,16,13,
1992-08-22,20,You And Forever And Me,Little Texas,20,10,Gains In Performance
1992-08-22,21,So Much Like My Dad,George Strait,25,7,Gains In Performance
1992-08-22,22,Yard Sale,Sammy Kershaw,21,11,
1992-08-22,23,I Saw The Light,Wynonna,14,16,
1992-08-22,24,Whatcha Gonna Do With A Cowboy,Chris LeDoux,26,5,Gains In Performance
1992-08-22,25,Cowboy Beat,The Bellamy Brothers,23,12,
1992-08-22,26,What Kind Of Love,Rodney Crowell,22,9,
1992-08-22,27,In This Life,Collin Raye,34,4,Gains In Performance
1992-08-22,28,Nowhere Bound,Diamond Rio,28,7,Gains In Performance
1992-08-22,29,Me And My Baby,Paul Overstreet,31,7,Gains In Performance
1992-08-22,30,When It Comes To You,John Anderson,27,19,
1992-08-22,31,Ships That Don't Come In,Joe Diffie,32,19,
1992-08-22,32,Wrong Side Of Memphis,Trisha Yearwood,38,3,Gains In Performance
1992-08-22,33,Going Out Of My Mind,McBride & The Ride,39,6,Gains In Performance
1992-08-22,34,Jesus And Mama,Confederate Railroad,40,8,Gains In Performance
1992-08-22,35,Midnight In Montgomery,Alan Jackson,36,18,
1992-08-22,36,Too Much,Pirates Of The Mississippi,37,9,
1992-08-22,37,Wear My Ring Around Your Neck,Ricky Van Shelton,42,5,Gains In Performance
1992-08-22,38,Cafe On The Corner,Sawyer Brown,49,3,Gains In Performance
1992-08-22,39,If I Didn't Have You,Randy Travis,65,2,
1992-08-22,40,That's What I'm Working On Tonight,Dixiana,44,9,
1992-08-22,41,Gone As A Girl Can Get,George Strait,41,19,
1992-08-22,42,The Greatest Man I Never Knew,Reba McEntire,57,2,Gains In Performance
1992-08-22,43,Something In Red,Lorrie Morgan,43,16,
1992-08-22,44,Our Love Was Meant To Be,Boy Howdy,47,8,Gains In Performance
1992-08-22,45,One Time Around,Michelle Wright,50,5,Gains In Performance
1992-08-22,46,Next Thing Smokin',Joe Diffie,60,2,Gains In Performance
1992-08-22,47,Hey Mister (I Need This Job),Shenandoah,52,3,Gains In Performance
1992-08-22,48,Letting Go,Suzy Bogguss,54,2,Gains In Performance
1992-08-22,49,The Heart That You Own,Dwight Yoakam,46,18,
1992-08-22,50,The Night The Lights Went Out In Georgia,Reba McEntire,48,18,
1992-08-22,51,When Love Comes Around The Bend,Dan Seals,51,5,
1992-08-22,52,Send A Message To My Heart,Dwight Yoakam & Patty Loveless,59,3,Gains In Performance
1992-08-22,53,This Ol' Heart,Tim Mensy,53,7,
1992-08-22,54,Seminole Wind,John Anderson,71,2,Gains In Performance
1992-08-22,55,Just Call Me Lonesome,Radney Foster,67,2,Gains In Performance
1992-08-22,56,Can't Stop Myself From Loving You,Patty Loveless,63,18,
1992-08-22,57,Familiar Ground,Michael White,45,9,
1992-08-22,58,She Takes The Sad Out Of Saturday Night,Clinton Gregory,56,8,
1992-08-22,59,Shake The Sugar Tree,Pam Tillis,NEW,1,Highest ranking debut|Gains In Performance
1992-08-22,60,The Time Has Come,Martina McBride,61,17,
1992-08-29,1,I'll Think Of Something,Mark Chesnutt,3,12,Gains In Performance
1992-08-29,2,What Kind Of Fool Do You Think I Am,Lee Roy Parnell,6,16,Gains In Performance
1992-08-29,3,We Tell Ourselves,Clint Black,2,11,
1992-08-29,4,Boot Scootin' Boogie,Brooks & Dunn,1,15,
1992-08-29,5,I Still Believe In You,Vince Gill,9,9,Gains In Performance
1992-08-29,6,Runnin' Behind,Tracy Lawrence,8,11,Gains In Performance
1992-08-29,7,If Your Heart Ain't Busy Tonight,Tanya Tucker,4,14,
1992-08-29,8,Could've Been Me,Billy Ray Cyrus,12,9,Gains In Performance
1992-08-29,9,A Woman Loves,Steve Wariner,11,14,Gains In Performance
1992-08-29,10,I Wouldn't Have It Any Other Way,Aaron Tippin,14,11,Gains In Performance
1992-08-29,11,Love's Got A Hold On You,Alan Jackson,17,6,Gains In Performance
1992-08-29,12,Warning Labels,Doug Stone,15,8,Gains In Performance
1992-08-29,13,I Feel Lucky,Mary Chapin Carpenter,7,14,
1992-08-29,14,Take A Little Trip,Alabama,5,13,
1992-08-29,15,Whatcha Gonna Do With A Cowboy,Chris LeDoux,24,6,Gains In Performance
1992-08-29,16,So Much Like My Dad,George Strait,21,8,Gains In Performance
1992-08-29,17,You And Forever And Me,Little Texas,20,11,Gains In Performance
1992-08-29,18,Two-Timin' Me,The Remingtons,18,13,
1992-08-29,19,In This Life,Collin Raye,27,5,Gains In Performance
1992-08-29,20,Yard Sale,Sammy Kershaw,22,12,Gains In Performance
1992-08-29,21,What Kind Of Love,Rodney Crowell,26,10,Gains In Performance
1992-08-29,22,The River,Garth Brooks,13,18,
1992-08-29,23,Nowhere Bound,Diamond Rio,28,8,Gains In Performance
1992-08-29,24,This One's Gonna Hurt You,Marty Stuart & Travis Tritt,10,13,
1992-08-29,25,Billy The Kid,Billy Dean,16,15,
1992-08-29,26,I Saw The Light,Wynonna,23,17,
1992-08-29,27,Wrong Side Of Memphis,Trisha Yearwood,32,4,Gains In Performance
1992-08-29,28,Five O' Clock World,Hal Ketchum,19,14,
1992-08-29,29,Me And My Baby,Paul Overstreet,29,8,Gains In Performance
1992-08-29,30,Cowboy Beat,The Bellamy Brothers,25,13,
1992-08-29,31,Going Out Of My Mind,McBride & The Ride,33,7,Gains In Performance
1992-08-29,32,When It Comes To You,John Anderson,30,20,
1992-08-29,33,If I Didn't Have You,Randy Travis,39,3,
1992-08-29,34,Jesus And Mama,Confederate Railroad,34,9,Gains In Performance
1992-08-29,35,Ships That Don't Come In,Joe Diffie,31,20,
1992-08-29,36,Wear My Ring Around Your Neck,Ricky Van Shelton,37,6,Gains In Performance
1992-08-29,37,Cafe On The Corner,Sawyer Brown,38,4,Gains In Performance
1992-08-29,38,Midnight In Montgomery,Alan Jackson,35,19,
1992-08-29,39,The Greatest Man I Never Knew,Reba McEntire,42,3,Gains In Performance
1992-08-29,40,Next Thing Smokin',Joe Diffie,46,3,Gains In Performance
1992-08-29,41,Letting Go,Suzy Bogguss,48,3,Gains In Performance
1992-08-29,42,Hey Mister (I Need This Job),Shenandoah,47,4,Gains In Performance
1992-08-29,43,Our Love Was Meant To Be,Boy Howdy,44,9,Gains In Performance
1992-08-29,44,Seminole Wind,John Anderson,54,3,Gains In Performance
1992-08-29,45,One Time Around,Michelle Wright,45,6,Gains In Performance
1992-08-29,46,Gone As A Girl Can Get,George Strait,41,20,
1992-08-29,47,Too Much,Pirates Of The Mississippi,36,10,
1992-08-29,48,Something In Red,Lorrie Morgan,43,17,
1992-08-29,49,Shake The Sugar Tree,Pam Tillis,59,2,Gains In Performance
1992-08-29,50,No One Else On Earth,Wynonna,63,3,Gains In Performance
1992-08-29,51,Lord Have Mercy On The Working Man,Travis Tritt,NEW,1,Highest ranking debut|Gains In Performance
1992-08-29,52,Send A Message To My Heart,Dwight Yoakam & Patty Loveless,52,4,Gains In Performance
1992-08-29,53,That's What I'm Working On Tonight,Dixiana,40,10,
1992-08-29,54,The Night The Lights Went Out In Georgia,Reba McEntire,50,19,
1992-08-29,55,Just Call Me Lonesome,Radney Foster,55,3,Gains In Performance
1992-08-29,56,When Love Comes Around The Bend,Dan Seals,51,6,
1992-08-29,57,The Heart That You Own,Dwight Yoakam,49,19,
1992-08-29,58,"Help, I'm White And I Can't Get Down",The Geezinslaws,69,2,Gains In Performance
1992-08-29,59,Can't Stop Myself From Loving You,Patty Loveless,56,19,
1992-08-29,60,That's Me,Martina McBride,72,2,Gains In Performance
1992-09-05,1,I Still Believe In You,Vince Gill,5,10,Gains In Performance
1992-09-05,2,What Kind Of Fool Do You Think I Am,Lee Roy Parnell,2,17,
1992-09-05,3,I'll Think Of Something,Mark Chesnutt,1,13,
1992-09-05,4,Runnin' Behind,Tracy Lawrence,6,12,Gains In Performance
1992-09-05,5,Could've Been Me,Billy Ray Cyrus,8,10,Gains In Performance
1992-09-05,6,Love's Got A Hold On You,Alan Jackson,11,7,Gains In Performance
1992-09-05,7,I Wouldn't Have It Any Other Way,Aaron Tippin,10,12,Gains In Performance
1992-09-05,8,We Tell Ourselves,Clint Black,3,12,
1992-09-05,9,Boot Scootin' Boogie,Brooks & Dunn,4,16,
1992-09-05,10,Warning Labels,Doug Stone,12,9,Gains In Performance
1992-09-05,11,A Woman Loves,Steve Wariner,9,15,
1992-09-05,12,You And Forever And Me,Little Texas,17,12,Gains In Performance
1992-09-05,13,So Much Like My Dad,George Strait,16,9,Gains In Performance
1992-09-05,14,Whatcha Gonna Do With A Cowboy,Chris LeDoux,15,7,Gains In Performance
1992-09-05,15,In This Life,Collin Raye,19,6,Gains In Performance
1992-09-05,16,If Your Heart Ain't Busy Tonight,Tanya Tucker,7,15,
1992-09-05,17,What Kind Of Love,Rodney Crowell,21,11,Gains In Performance
1992-09-05,18,Yard Sale,Sammy Kershaw,20,13,Gains In Performance
1992-09-05,19,Nowhere Bound,Diamond Rio,23,9,Gains In Performance
1992-09-05,20,Wrong Side Of Memphis,Trisha Yearwood,27,5,Gains In Performance
1992-09-05,21,I Feel Lucky,Mary Chapin Carpenter,13,15,
1992-09-05,22,If I Didn't Have You,Randy Travis,33,4,Gains In Performance
1992-09-05,23,Me And My Baby,Paul Overstreet,29,9,Gains In Performance
1992-09-05,24,Take A Little Trip,Alabama,14,14,
1992-09-05,25,The River,Garth Brooks,22,19,
1992-09-05,26,Going Out Of My Mind,McBride & The Ride,31,8,Gains In Performance
1992-09-05,27,I Saw The Light,Wynonna,26,18,
1992-09-05,28,Jesus And Mama,Confederate Railroad,34,10,Gains In Performance
1992-09-05,29,Billy The Kid,Billy Dean,25,16,
1992-09-05,30,Two-Timin' Me,The Remingtons,18,14,
1992-09-05,31,Cafe On The Corner,Sawyer Brown,37,5,Gains In Performance
1992-09-05,32,Next Thing Smokin',Joe Diffie,40,4,Gains In Performance
1992-09-05,33,This One's Gonna Hurt You,Marty Stuart & Travis Tritt,24,14,
1992-09-05,34,The Greatest Man I Never Knew,Reba McEntire,39,4,Gains In Performance
1992-09-05,35,Wear My Ring Around Your Neck,Ricky Van Shelton,36,7,Gains In Performance
1992-09-05,36,No One Else On Earth,Wynonna,50,4,
1992-09-05,37,Lord Have Mercy On The Working Man,Travis Tritt,51,2,Gains In Performance
1992-09-05,38,Seminole Wind,John Anderson,44,4,Gains In Performance
1992-09-05,39,Letting Go,Suzy Bogguss,41,4,Gains In Performance
1992-09-05,40,Cowboy Beat,The Bellamy Brothers,30,14,
1992-09-05,41,Five O' Clock World,Hal Ketchum,28,15,
1992-09-05,42,Hey Mister (I Need This Job),Shenandoah,42,5,Gains In Performance
1992-09-05,43,Midnight In Montgomery,Alan Jackson,38,20,
1992-09-05,44,Shake The Sugar Tree,Pam Tillis,49,3,Gains In Performance
1992-09-05,45,One Time Around,Michelle Wright,45,7,Gains In Performance
1992-09-05,46,Our Love Was Meant To Be,Boy Howdy,43,10,
1992-09-05,47,Just Call Me Lonesome,Radney Foster,55,4,Gains In Performance
1992-09-05,48,Something In Red,Lorrie Morgan,48,18,
1992-09-05,49,Send A Message To My Heart,Dwight Yoakam & Patty Loveless,52,5,Gains In Performance
1992-09-05,50,If There Hadn't Been You,Billy Dean,70,2,Gains In Performance
1992-09-05,51,The Night The Lights Went Out In Georgia,Reba McEntire,54,20,
1992-09-05,52,Too Much,Pirates Of The Mississippi,47,11,
1992-09-05,53,Keep On Walkin',Mike Reid,67,2,Gains In Performance
1992-09-05,54,Even The Man In The Moon Is Cryin',Mark Collie,64,2,Gains In Performance
1992-09-05,55,The Heart That You Own,Dwight Yoakam,57,20,
1992-09-05,56,That's Me,Martina McBride,60,3,Gains In Performance
1992-09-05,57,That's What I'm Working On Tonight,Dixiana,53,11,
1992-09-05,58,When Love Comes Around The Bend,Dan Seals,56,7,
1992-09-05,59,Watch Me,Lorrie Morgan,NEW,1,Highest ranking debut|Gains In Performance
1992-09-05,60,"Help, I'm White And I Can't Get Down",The Geezinslaws,58,3,
1992-09-12,1,I Still Believe In You,Vince Gill,1,11,Gains In Performance
1992-09-12,2,Love's Got A Hold On You,Alan Jackson,6,8,Gains In Performance
1992-09-12,3,Could've Been Me,Billy Ray Cyrus,5,11,Gains In Performance
1992-09-12,4,Warning Labels,Doug Stone,10,10,Gains In Performance
1992-09-12,5,I Wouldn't Have It Any Other Way,Aaron Tippin,7,13,Gains In Performance
1992-09-12,6,What Kind Of Fool Do You Think I Am,Lee Roy Parnell,2,18,
1992-09-12,7,You And Forever And Me,Little Texas,12,13,Gains In Performance
1992-09-12,8,I'll Think Of Something,Mark Chesnutt,3,14,
1992-09-12,9,So Much Like My Dad,George Strait,13,10,Gains In Performance
1992-09-12,10,Runnin' Behind,Tracy Lawrence,4,13,
1992-09-12,11,In This Life,Collin Raye,15,7,Gains In Performance
1992-09-12,12,Whatcha Gonna Do With A Cowboy,Chris LeDoux,14,8,Gains In Performance
1992-09-12,13,Boot Scootin' Boogie,Brooks & Dunn,9,17,
1992-09-12,14,We Tell Ourselves,Clint Black,8,13,
1992-09-12,15,What Kind Of Love,Rodney Crowell,17,12,Gains In Performance
1992-09-12,16,Nowhere Bound,Diamond Rio,19,10,Gains In Performance
1992-09-12,17,Yard Sale,Sammy Kershaw,18,14,Gains In Performance
1992-09-12,18,A Woman Loves,Steve Wariner,11,16,
1992-09-12,19,Wrong Side Of Memphis,Trisha Yearwood,20,6,Gains In Performance
1992-09-12,20,If I Didn't Have You,Randy Travis,22,5,Gains In Performance
1992-09-12,21,Going Out Of My Mind,McBride & The Ride,26,9,Gains In Performance
1992-09-12,22,Me And My Baby,Paul Overstreet,23,10,Gains In Performance
1992-09-12,23,Jesus And Mama,Confederate Railroad,28,11,Gains In Performance
1992-09-12,24,Next Thing Smokin',Joe Diffie,32,5,Gains In Performance
1992-09-12,25,No One Else On Earth,Wynonna,36,5,
1992-09-12,26,Cafe On The Corner,Sawyer Brown,31,6,Gains In Performance
1992-09-12,27,If Your Heart Ain't Busy Tonight,Tanya Tucker,16,16,
1992-09-12,28,The Greatest Man I Never Knew,Reba McEntire,34,5,Gains In Performance
1992-09-12,29,Wear My Ring Around Your Neck,Ricky Van Shelton,35,8,Gains In Performance
1992-09-12,30,Seminole Wind,John Anderson,38,5,Gains In Performance
1992-09-12,31,Lord Have Mercy On The Working Man,Travis Tritt,37,3,Gains In Performance
1992-09-12,32,I Feel Lucky,Mary Chapin Carpenter,21,16,
1992-09-12,33,Take A Little Trip,Alabama,24,15,
1992-09-12,34,Letting Go,Suzy Bogguss,39,5,Gains In Performance
1992-09-12,35,The River,Garth Brooks,25,20,
1992-09-12,36,I Saw The Light,Wynonna,27,19,
1992-09-12,37,Billy The Kid,Billy Dean,29,17,
1992-09-12,38,Shake The Sugar Tree,Pam Tillis,44,4,Gains In Performance
1992-09-12,39,Hey Mister (I Need This Job),Shenandoah,42,6,Gains In Performance
1992-09-12,40,We Shall Be Free,Garth Brooks,NEW,1,Highest ranking debut|Gains In Performance
1992-09-12,41,This One's Gonna Hurt You,Marty Stuart & Travis Tritt,33,15,
1992-09-12,42,Two-Timin' Me,The Remingtons,30,15,
1992-09-12,43,One Time Around,Michelle Wright,45,8,Gains In Performance
1992-09-12,44,If There Hadn't Been You,Billy Dean,50,3,Gains In Performance
1992-09-12,45,Watch Me,Lorrie Morgan,59,2,Gains In Performance
1992-09-12,46,Just Call Me Lonesome,Radney Foster,47,5,Gains In Performance
1992-09-12,47,Cowboy Beat,The Bellamy Brothers,40,15,
1992-09-12,48,Send A Message To My Heart,Dwight Yoakam & Patty Loveless,49,6,Gains In Performance
1992-09-12,49,Five O' Clock World,Hal Ketchum,41,16,
1992-09-12,50,Even The Man In The Moon Is Cryin',Mark Collie,54,3,Gains In Performance
1992-09-12,51,Our Love Was Meant To Be,Boy Howdy,46,11,
1992-09-12,52,Keep On Walkin',Mike Reid,53,3,Gains In Performance
1992-09-12,53,That's Me,Martina McBride,56,4,Gains In Performance
1992-09-12,54,Something In Red,Lorrie Morgan,48,19,
1992-09-12,55,Mother's Eyes,"Matthews, Wright & King",61,4,Gains In Performance
1992-09-12,56,"Help, I'm White And I Can't Get Down",The Geezinslaws,60,4,Gains In Performance
1992-09-12,57,There Ain't Nothin' I Don't Like About You,Neal McCoy,62,2,Gains In Performance
1992-09-12,58,Too Much,Pirates Of The Mississippi,52,12,
1992-09-12,59,The Time Has Come,Martina McBride,68,20,
1992-09-12,60,Bubba Shot The Juke Box,Mark Chesnutt,67,13,Gains In Performance
1992-09-19,1,Love's Got A Hold On You,Alan Jackson,2,9,Gains In Performance
1992-09-19,2,Could've Been Me,Billy Ray Cyrus,3,12,Gains In Performance
1992-09-19,3,I Still Believe In You,Vince Gill,1,12,
1992-09-19,4,Warning Labels,Doug Stone,4,11,Gains In Performance
1992-09-19,5,You And Forever And Me,Little Texas,7,14,Gains In Performance
1992-09-19,6,I Wouldn't Have It Any Other Way,Aaron Tippin,5,14,
1992-09-19,7,In This Life,Collin Raye,11,8,Gains In Performance
1992-09-19,8,So Much Like My Dad,George Strait,9,11,Gains In Performance
1992-09-19,9,Whatcha Gonna Do With A Cowboy,Chris LeDoux,12,9,Gains In Performance
1992-09-19,10,Nowhere Bound,Diamond Rio,16,11,Gains In Performance
1992-09-19,11,What Kind Of Love,Rodney Crowell,15,13,Gains In Performance
1992-09-19,12,What Kind Of Fool Do You Think I Am,Lee Roy Parnell,6,19,
1992-09-19,13,Wrong Side Of Memphis,Trisha Yearwood,19,7,Gains In Performance
1992-09-19,14,I'll Think Of Something,Mark Chesnutt,8,15,
1992-09-19,15,No One Else On Earth,Wynonna,25,6,Gains In Performance
1992-09-19,16,If I Didn't Have You,Randy Travis,20,6,Gains In Performance
1992-09-19,17,Jesus And Mama,Confederate Railroad,23,12,Gains In Performance
1992-09-19,18,Boot Scootin' Boogie,Brooks & Dunn,13,18,
1992-09-19,19,Runnin' Behind,Tracy Lawrence,10,14,
1992-09-19,20,Going Out Of My Mind,McBride & The Ride,21,10,Gains In Performance
1992-09-19,21,We Tell Ourselves,Clint Black,14,14,
1992-09-19,22,Next Thing Smokin',Joe Diffie,24,6,Gains In Performance
1992-09-19,23,Yard Sale,Sammy Kershaw,17,15,
1992-09-19,24,Seminole Wind,John Anderson,30,6,Gains In Performance
1992-09-19,25,Cafe On The Corner,Sawyer Brown,26,7,Gains In Performance
1992-09-19,26,The Greatest Man I Never Knew,Reba McEntire,28,6,Gains In Performance
1992-09-19,27,Me And My Baby,Paul Overstreet,22,11,
1992-09-19,28,Lord Have Mercy On The Working Man,Travis Tritt,31,4,Gains In Performance
1992-09-19,29,Letting Go,Suzy Bogguss,34,6,Gains In Performance
1992-09-19,30,We Shall Be Free,Garth Brooks,40,2,
1992-09-19,31,Wear My Ring Around Your Neck,Ricky Van Shelton,29,9,
1992-09-19,32,If Your Heart Ain't Busy Tonight,Tanya Tucker,27,17,
1992-09-19,33,A Woman Loves,Steve Wariner,18,17,
1992-09-19,34,I Feel Lucky,Mary Chapin Carpenter,32,17,
1992-09-19,35,Shake The Sugar Tree,Pam Tillis,38,5,Gains In Performance
1992-09-19,36,I Saw The Light,Wynonna,36,20,
1992-09-19,37,Take A Little Trip,Alabama,33,16,
1992-09-19,38,Hey Mister (I Need This Job),Shenandoah,39,7,Gains In Performance
1992-09-19,39,Billy The Kid,Billy Dean,37,18,
1992-09-19,40,Watch Me,Lorrie Morgan,45,3,Gains In Performance
1992-09-19,41,This One's Gonna Hurt You,Marty Stuart & Travis Tritt,41,16,
1992-09-19,42,If There Hadn't Been You,Billy Dean,44,4,Gains In Performance
1992-09-19,43,Just Call Me Lonesome,Radney Foster,46,6,Gains In Performance
1992-09-19,44,One Time Around,Michelle Wright,43,9,
1992-09-19,45,Even The Man In The Moon Is Cryin',Mark Collie,50,4,Gains In Performance
1992-09-19,46,Two-Timin' Me,The Remingtons,42,16,
1992-09-19,47,Send A Message To My Heart,Dwight Yoakam & Patty Loveless,48,7,Gains In Performance
1992-09-19,48,Keep On Walkin',Mike Reid,52,4,Gains In Performance
1992-09-19,49,Cowboy Beat,The Bellamy Brothers,47,16,
1992-09-19,50,Bubba Shot The Juke Box,Mark Chesnutt,60,14,Gains In Performance
1992-09-19,51,That's Me,Martina McBride,53,5,Gains In Performance
1992-09-19,52,L.A. To The Moon,Ronnie Milsap,69,2,Gains In Performance
1992-09-19,53,Something In Red,Lorrie Morgan,54,20,
1992-09-19,54,Now That's Country,Marty Stuart,61,2,Gains In Performance
1992-09-19,55,Five O' Clock World,Hal Ketchum,49,17,
1992-09-19,56,Not Too Much To Ask,Mary Chapin Carpenter With Joe Diffie,73,2,Gains In Performance
1992-09-19,57,When She Cries,Restless Heart,71,2,Gains In Performance
1992-09-19,58,Crash Course In The Blues,Steve Wariner,63,2,Gains In Performance
1992-09-19,59,"Help, I'm White And I Can't Get Down",The Geezinslaws,56,5,
1992-09-19,60,My Side Of Town,Dennis Robbins,62,3,Gains In Performance
1992-09-26,1,Love's Got A Hold On You,Alan Jackson,1,10,
1992-09-26,2,In This Life,Collin Raye,7,9,Gains In Performance
1992-09-26,3,Could've Been Me,Billy Ray Cyrus,2,13,
1992-09-26,4,Warning Labels,Doug Stone,4,12,Gains In Performance
1992-09-26,5,So Much Like My Dad,George Strait,8,12,Gains In Performance
1992-09-26,6,You And Forever And Me,Little Texas,5,15,
1992-09-26,7,Whatcha Gonna Do With A Cowboy,Chris LeDoux,9,10,Gains In Performance
1992-09-26,8,Nowhere Bound,Diamond Rio,10,12,Gains In Performance
1992-09-26,9,I Still Believe In You,Vince Gill,3,13,
1992-09-26,10,Wrong Side Of Memphis,Trisha Yearwood,13,8,Gains In Performance
1992-09-26,11,No One Else On Earth,Wynonna,15,7,Gains In Performance
1992-09-26,12,If I Didn't Have You,Randy Travis,16,7,Gains In Performance
1992-09-26,13,I Wouldn't Have It Any Other Way,Aaron Tippin,6,15,
1992-09-26,14,Jesus And Mama,Confederate Railroad,17,13,Gains In Performance
1992-09-26,15,Going Out Of My Mind,McBride & The Ride,20,11,Gains In Performance
1992-09-26,16,Seminole Wind,John Anderson,24,7,Gains In Performance
1992-09-26,17,The Greatest Man I Never Knew,Reba McEntire,26,7,Gains In Performance
1992-09-26,18,Cafe On The Corner,Sawyer Brown,25,8,Gains In Performance
1992-09-26,19,We Shall Be Free,Garth Brooks,30,3,Gains In Performance
1992-09-26,20,What Kind Of Fool Do You Think I Am,Lee Roy Parnell,12,20,
1992-09-26,21,Next Thing Smokin',Joe Diffie,22,7,Gains In Performance
1992-09-26,22,What Kind Of Love,Rodney Crowell,11,14,
1992-09-26,23,Lord Have Mercy On The Working Man,Travis Tritt,28,5,Gains In Performance
1992-09-26,24,Boot Scootin' Boogie,Brooks & Dunn,18,19,
1992-09-26,25,Letting Go,Suzy Bogguss,29,7,Gains In Performance
1992-09-26,26,I'll Think Of Something,Mark Chesnutt,14,16,
1992-09-26,27,We Tell Ourselves,Clint Black,21,15,
1992-09-26,28,Wear My Ring Around Your Neck,Ricky Van Shelton,31,10,Gains In Performance
1992-09-26,29,Runnin' Behind,Tracy Lawrence,19,15,
1992-09-26,30,Shake The Sugar Tree,Pam Tillis,35,6,Gains In Performance
1992-09-26,31,If Your Heart Ain't Busy Tonight,Tanya Tucker,32,18,
1992-09-26,32,Me And My Baby,Paul Overstreet,27,12,
1992-09-26,33,Watch Me,Lorrie Morgan,40,4,Gains In Performance
1992-09-26,34,Hey Mister (I Need This Job),Shenandoah,38,8,Gains In Performance
1992-09-26,35,I Feel Lucky,Mary Chapin Carpenter,34,18,
1992-09-26,36,A Woman Loves,Steve Wariner,33,18,
1992-09-26,37,Take A Little Trip,Alabama,37,17,
1992-09-26,38,If There Hadn't Been You,Billy Dean,42,5,Gains In Performance
1992-09-26,39,Yard Sale,Sammy Kershaw,23,16,
1992-09-26,40,Billy The Kid,Billy Dean,39,19,
1992-09-26,41,Bubba Shot The Juke Box,Mark Chesnutt,50,15,
1992-09-26,42,Just Call Me Lonesome,Radney Foster,43,7,Gains In Performance
1992-09-26,43,Even The Man In The Moon Is Cryin',Mark Collie,45,5,Gains In Performance
1992-09-26,44,This One's Gonna Hurt You,Marty Stuart & Travis Tritt,41,17,
1992-09-26,45,Keep On Walkin',Mike Reid,48,5,Gains In Performance
1992-09-26,46,Now That's Country,Marty Stuart,54,3,Gains In Performance
1992-09-26,47,One Time Around,Michelle Wright,44,10,
1992-09-26,48,That's Me,Martina McBride,51,6,Gains In Performance
1992-09-26,49,Not Too Much To Ask,Mary Chapin Carpenter With Joe Diffie,56,3,Gains In Performance
1992-09-26,50,When She Cries,Restless Heart,57,3,Gains In Performance
1992-09-26,51,L.A. To The Moon,Ronnie Milsap,52,3,Gains In Performance
1992-09-26,52,Send A Message To My Heart,Dwight Yoakam & Patty Loveless,47,8,
1992-09-26,53,Crash Course In The Blues,Steve Wariner,58,3,Gains In Performance
1992-09-26,54,Cowboy Beat,The Bellamy Brothers,49,17,
1992-09-26,55,Two-Timin' Me,The Remingtons,46,17,
1992-09-26,56,Five O' Clock World,Hal Ketchum,55,18,
1992-09-26,57,I'm In A Hurry (And Don't Know Why),Alabama,NEW,1,Highest ranking debut|Gains In Performance
1992-09-26,58,Lost And Found,Brooks & Dunn,66,2,Gains In Performance
1992-09-26,59,My Side Of Town,Dennis Robbins,60,4,Gains In Performance
1992-09-26,60,There Ain't Nothin' I Don't Like About You,Neal McCoy,62,4,Gains In Performance
1992-10-03,1,In This Life,Collin Raye,2,10,Gains In Performance
1992-10-03,2,Love's Got A Hold On You,Alan Jackson,1,11,
1992-10-03,3,So Much Like My Dad,George Strait,5,13,Gains In Performance
1992-10-03,4,Warning Labels,Doug Stone,4,13,
1992-10-03,5,If I Didn't Have You,Randy Travis,12,8,Gains In Performance
1992-10-03,6,Wrong Side Of Memphis,Trisha Yearwood,10,9,Gains In Performance
1992-10-03,7,Nowhere Bound,Diamond Rio,8,13,Gains In Performance
1992-10-03,8,No One Else On Earth,Wynonna,11,8,Gains In Performance
1992-10-03,9,Going Out Of My Mind,McBride & The Ride,15,12,Gains In Performance
1992-10-03,10,Jesus And Mama,Confederate Railroad,14,14,Gains In Performance
1992-10-03,11,Whatcha Gonna Do With A Cowboy,Chris LeDoux,7,11,
1992-10-03,12,You And Forever And Me,Little Texas,6,16,
1992-10-03,13,Seminole Wind,John Anderson,16,8,Gains In Performance
1992-10-03,14,Could've Been Me,Billy Ray Cyrus,3,14,
1992-10-03,15,The Greatest Man I Never Knew,Reba McEntire,17,8,Gains In Performance
1992-10-03,16,Cafe On The Corner,Sawyer Brown,18,9,Gains In Performance
1992-10-03,17,We Shall Be Free,Garth Brooks,19,4,Gains In Performance
1992-10-03,18,I Still Believe In You,Vince Gill,9,14,
1992-10-03,19,Lord Have Mercy On The Working Man,Travis Tritt,23,6,Gains In Performance
1992-10-03,20,Next Thing Smokin',Joe Diffie,21,8,Gains In Performance
1992-10-03,21,Shake The Sugar Tree,Pam Tillis,30,7,Gains In Performance
1992-10-03,22,Watch Me,Lorrie Morgan,33,5,Gains In Performance
1992-10-03,23,Letting Go,Suzy Bogguss,25,8,Gains In Performance
1992-10-03,24,Boot Scootin' Boogie,Brooks & Dunn,24,20,
1992-10-03,25,I Wouldn't Have It Any Other Way,Aaron Tippin,13,16,
1992-10-03,26,Wear My Ring Around Your Neck,Ricky Van Shelton,28,11,
1992-10-03,27,We Tell Ourselves,Clint Black,27,16,
1992-10-03,28,Bubba Shot The Juke Box,Mark Chesnutt,41,16,Gains In Performance
1992-10-03,29,If There Hadn't Been You,Billy Dean,38,6,Gains In Performance
1992-10-03,30,I'll Think Of Something,Mark Chesnutt,26,17,
1992-10-03,31,Runnin' Behind,Tracy Lawrence,29,16,
1992-10-03,32,If Your Heart Ain't Busy Tonight,Tanya Tucker,31,19,
1992-10-03,33,What Kind Of Love,Rodney Crowell,22,15,
1992-10-03,34,Hey Mister (I Need This Job),Shenandoah,34,9,Gains In Performance
1992-10-03,35,Even The Man In The Moon Is Cryin',Mark Collie,43,6,Gains In Performance
1992-10-03,36,I Feel Lucky,Mary Chapin Carpenter,35,19,
1992-10-03,37,A Woman Loves,Steve Wariner,36,19,
1992-10-03,38,Just Call Me Lonesome,Radney Foster,42,8,Gains In Performance
1992-10-03,39,Take A Little Trip,Alabama,37,18,
1992-10-03,40,I'm In A Hurry (And Don't Know Why),Alabama,57,2,
1992-10-03,41,Now That's Country,Marty Stuart,46,4,Gains In Performance
1992-10-03,42,Billy The Kid,Billy Dean,40,20,
1992-10-03,43,Not Too Much To Ask,Mary Chapin Carpenter With Joe Diffie,49,4,Gains In Performance
1992-10-03,44,When She Cries,Restless Heart,50,4,Gains In Performance
1992-10-03,45,This One's Gonna Hurt You,Marty Stuart & Travis Tritt,44,18,
1992-10-03,46,That's Me,Martina McBride,48,7,Gains In Performance
1992-10-03,47,Keep On Walkin',Mike Reid,45,6,
1992-10-03,48,L.A. To The Moon,Ronnie Milsap,51,4,Gains In Performance
1992-10-03,49,Crash Course In The Blues,Steve Wariner,53,4,Gains In Performance
1992-10-03,50,Yard Sale,Sammy Kershaw,39,17,
1992-10-03,51,Sure Love,Hal Ketchum,64,2,Gains In Performance
1992-10-03,52,Me And My Baby,Paul Overstreet,32,13,
1992-10-03,53,Lost And Found,Brooks & Dunn,58,3,Gains In Performance
1992-10-03,54,Lonesome Standard Time,Kathy Mattea,63,2,Gains In Performance
1992-10-03,55,Two Sparrows In A Hurricane,Tanya Tucker,67,2,Gains In Performance
1992-10-03,56,Cowboy Beat,The Bellamy Brothers,54,18,
1992-10-03,57,Send A Message To My Heart,Dwight Yoakam & Patty Loveless,52,9,
1992-10-03,58,I Cross My Heart,George Strait,NEW,1,Highest ranking debut|Gains In Performance
1992-10-03,59,One Time Around,Michelle Wright,47,11,
1992-10-03,60,Two-Timin' Me,The Remingtons,55,18,
1992-10-10,1,In This Life,Collin Raye,1,11,Gains In Performance
1992-10-10,2,If I Didn't Have You,Randy Travis,5,9,Gains In Performance
1992-10-10,3,No One Else On Earth,Wynonna,8,9,Gains In Performance
1992-10-10,4,Jesus And Mama,Confederate Railroad,10,15,Gains In Performance
1992-10-10,5,Wrong Side Of Memphis,Trisha Yearwood,6,10,Gains In Performance
1992-10-10,6,Going Out Of My Mind,McBride & The Ride,9,13,Gains In Performance
1992-10-10,7,Love's Got A Hold On You,Alan Jackson,2,12,
1992-10-10,8,Seminole Wind,John Anderson,13,9,Gains In Performance
1992-10-10,9,Nowhere Bound,Diamond Rio,7,14,
1992-10-10,10,Cafe On The Corner,Sawyer Brown,16,10,Gains In Performance
1992-10-10,11,The Greatest Man I Never Knew,Reba McEntire,15,9,Gains In Performance
1992-10-10,12,So Much Like My Dad,George Strait,3,14,
1992-10-10,13,We Shall Be Free,Garth Brooks,17,5,Gains In Performance
1992-10-10,14,Lord Have Mercy On The Working Man,Travis Tritt,19,7,Gains In Performance
1992-10-10,15,Warning Labels,Doug Stone,4,14,
1992-10-10,16,Shake The Sugar Tree,Pam Tillis,21,8,Gains In Performance
1992-10-10,17,Next Thing Smokin',Joe Diffie,20,9,
1992-10-10,18,Letting Go,Suzy Bogguss,23,9,Gains In Performance
1992-10-10,19,Watch Me,Lorrie Morgan,22,6,Gains In Performance
1992-10-10,20,Whatcha Gonna Do With A Cowboy,Chris LeDoux,11,12,
1992-10-10,21,If There Hadn't Been You,Billy Dean,29,7,Gains In Performance
1992-10-10,22,Bubba Shot The Juke Box,Mark Chesnutt,28,17,Gains In Performance
1992-10-10,23,Could've Been Me,Billy Ray Cyrus,14,15,
1992-10-10,24,I Still Believe In You,Vince Gill,18,15,
1992-10-10,25,You And Forever And Me,Little Texas,12,17,
1992-10-10,26,I'm In A Hurry (And Don't Know Why),Alabama,40,3,
1992-10-10,27,Even The Man In The Moon Is Cryin',Mark Collie,35,7,Gains In Performance
1992-10-10,28,Hey Mister (I Need This Job),Shenandoah,34,10,Gains In Performance
1992-10-10,29,We Tell Ourselves,Clint Black,27,17,
1992-10-10,30,I'll Think Of Something,Mark Chesnutt,30,18,
1992-10-10,31,I Wouldn't Have It Any Other Way,Aaron Tippin,25,17,
1992-10-10,32,Just Call Me Lonesome,Radney Foster,38,9,Gains In Performance
1992-10-10,33,Runnin' Behind,Tracy Lawrence,31,17,
1992-10-10,34,If Your Heart Ain't Busy Tonight,Tanya Tucker,32,20,
1992-10-10,35,Now That's Country,Marty Stuart,41,5,Gains In Performance
1992-10-10,36,I Feel Lucky,Mary Chapin Carpenter,36,20,
1992-10-10,37,Wear My Ring Around Your Neck,Ricky Van Shelton,26,12,
1992-10-10,38,Not Too Much To Ask,Mary Chapin Carpenter With Joe Diffie,43,5,Gains In Performance
1992-10-10,39,Lonesome Standard Time,Kathy Mattea,54,3,Gains In Performance
1992-10-10,40,When She Cries,Restless Heart,44,5,Gains In Performance
1992-10-10,41,Sure Love,Hal Ketchum,51,3,Gains In Performance
1992-10-10,42,A Woman Loves,Steve Wariner,37,20,
1992-10-10,43,What Kind Of Love,Rodney Crowell,33,16,
1992-10-10,44,Take A Little Trip,Alabama,39,19,
1992-10-10,45,Lost And Found,Brooks & Dunn,53,4,Gains In Performance
1992-10-10,46,Two Sparrows In A Hurricane,Tanya Tucker,55,3,Gains In Performance
1992-10-10,47,L.A. To The Moon,Ronnie Milsap,48,5,Gains In Performance
1992-10-10,48,Crash Course In The Blues,Steve Wariner,49,5,Gains In Performance
1992-10-10,49,That's Me,Martina McBride,46,8,
1992-10-10,50,Keep On Walkin',Mike Reid,47,7,
1992-10-10,51,I Cross My Heart,George Strait,58,2,Gains In Performance
1992-10-10,52,This One's Gonna Hurt You,Marty Stuart & Travis Tritt,45,19,
1992-10-10,53,Yard Sale,Sammy Kershaw,50,18,
1992-10-10,54,Cowboy Beat,The Bellamy Brothers,56,19,
1992-10-10,55,Burn One Down,Clint Black,67,3,Gains In Performance
1992-10-10,56,Who Needs It,Clinton Gregory,65,3,Gains In Performance
1992-10-10,57,Love Without Mercy,Lee Roy Parnell,68,2,Gains In Performance
1992-10-10,58,No Sir,Darryl & Don Ellis,63,6,Gains In Performance
1992-10-10,59,Anywhere But Here,Sammy Kershaw,73,2,Gains In Performance
1992-10-10,60,Two-Timin' Me,The Remingtons,60,19,
1992-10-17,1,If I Didn't Have You,Randy Travis,2,10,Gains In Performance
1992-10-17,2,No One Else On Earth,Wynonna,3,10,Gains In Performance
1992-10-17,3,In This Life,Collin Raye,1,12,
1992-10-17,4,Jesus And Mama,Confederate Railroad,4,16,Gains In Performance
1992-10-17,5,Going Out Of My Mind,McBride & The Ride,6,14,Gains In Performance
1992-10-17,6,Seminole Wind,John Anderson,8,10,Gains In Performance
1992-10-17,7,Wrong Side Of Memphis,Trisha Yearwood,5,11,
1992-10-17,8,The Greatest Man I Never Knew,Reba McEntire,11,10,Gains In Performance
1992-10-17,9,Cafe On The Corner,Sawyer Brown,10,11,Gains In Performance
1992-10-17,10,Lord Have Mercy On The Working Man,Travis Tritt,14,8,Gains In Performance
1992-10-17,11,Love's Got A Hold On You,Alan Jackson,7,13,
1992-10-17,12,We Shall Be Free,Garth Brooks,13,6,Gains In Performance
1992-10-17,13,Letting Go,Suzy Bogguss,18,10,Gains In Performance
1992-10-17,14,Shake The Sugar Tree,Pam Tillis,16,9,Gains In Performance
1992-10-17,15,Nowhere Bound,Diamond Rio,9,15,
1992-10-17,16,Next Thing Smokin',Joe Diffie,17,10,Gains In Performance
1992-10-17,17,Bubba Shot The Juke Box,Mark Chesnutt,22,18,Gains In Performance
1992-10-17,18,Watch Me,Lorrie Morgan,19,7,Gains In Performance
1992-10-17,19,If There Hadn't Been You,Billy Dean,21,8,Gains In Performance
1992-10-17,20,I'm In A Hurry (And Don't Know Why),Alabama,26,4,Gains In Performance
1992-10-17,21,Even The Man In The Moon Is Cryin',Mark Collie,27,8,Gains In Performance
1992-10-17,22,So Much Like My Dad,George Strait,12,15,
1992-10-17,23,Just Call Me Lonesome,Radney Foster,32,10,Gains In Performance
1992-10-17,24,Warning Labels,Doug Stone,15,15,
1992-10-17,25,I Still Believe In You,Vince Gill,24,16,
1992-10-17,26,Now That's Country,Marty Stuart,35,6,Gains In Performance
1992-10-17,27,Could've Been Me,Billy Ray Cyrus,23,16,
1992-10-17,28,Hey Mister (I Need This Job),Shenandoah,28,11,Gains In Performance
1992-10-17,29,Lonesome Standard Time,Kathy Mattea,39,4,Gains In Performance
1992-10-17,30,We Tell Ourselves,Clint Black,29,18,
1992-10-17,31,You And Forever And Me,Little Texas,25,18,
1992-10-17,32,Not Too Much To Ask,Mary Chapin Carpenter With Joe Diffie,38,6,Gains In Performance
1992-10-17,33,I'll Think Of Something,Mark Chesnutt,30,19,
1992-10-17,34,I Cross My Heart,George Strait,51,3,Gains In Performance
1992-10-17,35,Runnin' Behind,Tracy Lawrence,33,18,
1992-10-17,36,Two Sparrows In A Hurricane,Tanya Tucker,46,4,Gains In Performance
1992-10-17,37,When She Cries,Restless Heart,40,6,Gains In Performance
1992-10-17,38,Whatcha Gonna Do With A Cowboy,Chris LeDoux,20,13,
1992-10-17,39,Sure Love,Hal Ketchum,41,4,Gains In Performance
1992-10-17,40,Lost And Found,Brooks & Dunn,45,5,Gains In Performance
1992-10-17,41,I Wouldn't Have It Any Other Way,Aaron Tippin,31,18,
1992-10-17,42,Crash Course In The Blues,Steve Wariner,48,6,Gains In Performance
1992-10-17,43,That's Me,Martina McBride,49,9,Gains In Performance
1992-10-17,44,Burn One Down,Clint Black,55,4,
1992-10-17,45,L.A. To The Moon,Ronnie Milsap,47,6,Gains In Performance
1992-10-17,46,Take A Little Trip,Alabama,44,20,
1992-10-17,47,What Kind Of Love,Rodney Crowell,43,17,
1992-10-17,48,Keep On Walkin',Mike Reid,50,8,
1992-10-17,49,This One's Gonna Hurt You,Marty Stuart & Travis Tritt,52,20,
1992-10-17,50,Somebody Paints The Wall,Tracy Lawrence,68,2,Gains In Performance
1992-10-17,51,Wear My Ring Around Your Neck,Ricky Van Shelton,37,13,
1992-10-17,52,Yard Sale,Sammy Kershaw,53,19,
1992-10-17,53,Anywhere But Here,Sammy Kershaw,59,3,Gains In Performance
1992-10-17,54,Who Needs It,Clinton Gregory,56,4,Gains In Performance
1992-10-17,55,Love Without Mercy,Lee Roy Parnell,57,3,Gains In Performance
1992-10-17,56,Cowboy Beat,The Bellamy Brothers,54,20,
1992-10-17,57,Life's A Dance,John Michael Montgomery,64,3,Gains In Performance
1992-10-17,58,What Were You Thinkin',Little Texas,72,2,Gains In Performance
1992-10-17,59,No Sir,Darryl & Don Ellis,58,7,
1992-10-17,60,Two-Timin' Me,The Remingtons,60,20,
1992-10-24,1,No One Else On Earth,Wynonna,2,11,Gains In Performance
1992-10-24,2,If I Didn't Have You,Randy Travis,1,11,
1992-10-24,3,Seminole Wind,John Anderson,6,11,Gains In Performance
1992-10-24,4,The Greatest Man I Never Knew,Reba McEntire,8,11,Gains In Performance
1992-10-24,5,Going Out Of My Mind,McBride & The Ride,5,15,Gains In Performance
1992-10-24,6,Cafe On The Corner,Sawyer Brown,9,12,Gains In Performance
1992-10-24,7,Jesus And Mama,Confederate Railroad,4,17,
1992-10-24,8,Wrong Side Of Memphis,Trisha Yearwood,7,12,
1992-10-24,9,Letting Go,Suzy Bogguss,13,11,Gains In Performance
1992-10-24,10,Lord Have Mercy On The Working Man,Travis Tritt,10,9,Gains In Performance
1992-10-24,11,In This Life,Collin Raye,3,13,
1992-10-24,12,Shake The Sugar Tree,Pam Tillis,14,10,Gains In Performance
1992-10-24,13,Bubba Shot The Juke Box,Mark Chesnutt,17,19,Gains In Performance
1992-10-24,14,We Shall Be Free,Garth Brooks,12,7,
1992-10-24,15,Watch Me,Lorrie Morgan,18,8,Gains In Performance
1992-10-24,16,I'm In A Hurry (And Don't Know Why),Alabama,20,5,Gains In Performance
1992-10-24,17,Next Thing Smokin',Joe Diffie,16,11,
1992-10-24,18,Even The Man In The Moon Is Cryin',Mark Collie,21,9,Gains In Performance
1992-10-24,19,If There Hadn't Been You,Billy Dean,19,9,Gains In Performance
1992-10-24,20,Love's Got A Hold On You,Alan Jackson,11,14,
1992-10-24,21,Just Call Me Lonesome,Radney Foster,23,11,Gains In Performance
1992-10-24,22,Now That's Country,Marty Stuart,26,7,Gains In Performance
1992-10-24,23,Lonesome Standard Time,Kathy Mattea,29,5,Gains In Performance
1992-10-24,24,I Cross My Heart,George Strait,34,4,Gains In Performance
1992-10-24,25,Two Sparrows In A Hurricane,Tanya Tucker,36,5,Gains In Performance
1992-10-24,26,Nowhere Bound,Diamond Rio,15,16,
1992-10-24,27,Not Too Much To Ask,Mary Chapin Carpenter With Joe Diffie,32,7,Gains In Performance
1992-10-24,28,Warning Labels,Doug Stone,24,16,
1992-10-24,29,So Much Like My Dad,George Strait,22,16,
1992-10-24,30,Burn One Down,Clint Black,44,5,Gains In Performance
1992-10-24,31,Lost And Found,Brooks & Dunn,40,6,Gains In Performance
1992-10-24,32,I Still Believe In You,Vince Gill,25,17,
1992-10-24,33,When She Cries,Restless Heart,37,7,Gains In Performance
1992-10-24,34,Sure Love,Hal Ketchum,39,5,Gains In Performance
1992-10-24,35,Could've Been Me,Billy Ray Cyrus,27,17,
1992-10-24,36,We Tell Ourselves,Clint Black,30,19,
1992-10-24,37,Runnin' Behind,Tracy Lawrence,35,19,
1992-10-24,38,I'll Think Of Something,Mark Chesnutt,33,20,
1992-10-24,39,Crash Course In The Blues,Steve Wariner,42,7,Gains In Performance
1992-10-24,40,You And Forever And Me,Little Texas,31,19,
1992-10-24,41,I Wouldn't Have It Any Other Way,Aaron Tippin,41,19,
1992-10-24,42,She's Got The Rhythm (And I Got The Blues),Alan Jackson,NEW,1,Highest ranking debut|Gains In Performance
1992-10-24,43,Don't Let Our Love Start Slippin' Away,Vince Gill,63,2,
1992-10-24,44,Whatcha Gonna Do With A Cowboy,Chris LeDoux,38,14,
1992-10-24,45,L.A. To The Moon,Ronnie Milsap,45,7,
1992-10-24,46,Somebody Paints The Wall,Tracy Lawrence,50,3,Gains In Performance
1992-10-24,47,That's Me,Martina McBride,43,10,
1992-10-24,48,Hey Mister (I Need This Job),Shenandoah,28,12,
1992-10-24,49,What Kind Of Love,Rodney Crowell,47,18,
1992-10-24,50,Wher'm I Gonna Live?,Billy Ray Cyrus,62,2,Gains In Performance
1992-10-24,51,Anywhere But Here,Sammy Kershaw,53,4,Gains In Performance
1992-10-24,52,Love Without Mercy,Lee Roy Parnell,55,4,Gains In Performance
1992-10-24,53,Who Needs It,Clinton Gregory,54,5,Gains In Performance
1992-10-24,54,Life's A Dance,John Michael Montgomery,57,4,Gains In Performance
1992-10-24,55,Yard Sale,Sammy Kershaw,52,20,
1992-10-24,56,What Were You Thinkin',Little Texas,58,3,Gains In Performance
1992-10-24,57,Keep On Walkin',Mike Reid,48,9,
1992-10-24,58,Wear My Ring Around Your Neck,Ricky Van Shelton,51,14,
1992-10-24,59,I Don't Need Your Rockin' Chair,George Jones,65,2,Gains In Performance
1992-10-24,60,I Was Born With A Broken Heart,Aaron Tippin,NEW,1,Gains In Performance
1992-10-31,1,No One Else On Earth,Wynonna,1,12,Gains In Performance
1992-10-31,2,Seminole Wind,John Anderson,3,12,Gains In Performance
1992-10-31,3,The Greatest Man I Never Knew,Reba McEntire,4,12,Gains In Performance
1992-10-31,4,If I Didn't Have You,Randy Travis,2,12,
1992-10-31,5,Cafe On The Corner,Sawyer Brown,6,13,
1992-10-31,6,Letting Go,Suzy Bogguss,9,12,Gains In Performance
1992-10-31,7,Lord Have Mercy On The Working Man,Travis Tritt,10,10,Gains In Performance
1992-10-31,8,Watch Me,Lorrie Morgan,15,9,Gains In Performance
1992-10-31,9,Shake The Sugar Tree,Pam Tillis,12,11,Gains In Performance
1992-10-31,10,Bubba Shot The Juke Box,Mark Chesnutt,13,20,Gains In Performance
1992-10-31,11,I'm In A Hurry (And Don't Know Why),Alabama,16,6,Gains In Performance
1992-10-31,12,We Shall Be Free,Garth Brooks,14,8,
1992-10-31,13,If There Hadn't Been You,Billy Dean,19,10,Gains In Performance
1992-10-31,14,Even The Man In The Moon Is Cryin',Mark Collie,18,10,Gains In Performance
1992-10-31,15,Going Out Of My Mind,McBride & The Ride,5,16,
1992-10-31,16,Jesus And Mama,Confederate Railroad,7,18,
1992-10-31,17,In This Life,Collin Raye,11,14,
1992-10-31,18,Next Thing Smokin',Joe Diffie,17,12,
1992-10-31,19,I Cross My Heart,George Strait,24,5,Gains In Performance
1992-10-31,20,Just Call Me Lonesome,Radney Foster,21,12,Gains In Performance
1992-10-31,21,Now That's Country,Marty Stuart,22,8,Gains In Performance
1992-10-31,22,Two Sparrows In A Hurricane,Tanya Tucker,25,6,Gains In Performance
1992-10-31,23,Lonesome Standard Time,Kathy Mattea,23,6,Gains In Performance
1992-10-31,24,Wrong Side Of Memphis,Trisha Yearwood,8,13,
1992-10-31,25,Love's Got A Hold On You,Alan Jackson,20,15,
1992-10-31,26,Lost And Found,Brooks & Dunn,31,7,Gains In Performance
1992-10-31,27,Burn One Down,Clint Black,30,6,Gains In Performance
1992-10-31,28,She's Got The Rhythm (And I Got The Blues),Alan Jackson,42,2,
1992-10-31,29,Sure Love,Hal Ketchum,34,6,Gains In Performance
1992-10-31,30,Not Too Much To Ask,Mary Chapin Carpenter With Joe Diffie,27,8,
1992-10-31,31,When She Cries,Restless Heart,33,8,Gains In Performance
1992-10-31,32,Don't Let Our Love Start Slippin' Away,Vince Gill,43,3,Gains In Performance
1992-10-31,33,I Still Believe In You,Vince Gill,32,18,
1992-10-31,34,Crash Course In The Blues,Steve Wariner,39,8,Gains In Performance
1992-10-31,35,Warning Labels,Doug Stone,28,17,
1992-10-31,36,Nowhere Bound,Diamond Rio,26,17,
1992-10-31,37,So Much Like My Dad,George Strait,29,17,
1992-10-31,38,Somebody Paints The Wall,Tracy Lawrence,46,4,Gains In Performance
1992-10-31,39,We Tell Ourselves,Clint Black,36,20,
1992-10-31,40,Runnin' Behind,Tracy Lawrence,37,20,
1992-10-31,41,Could've Been Me,Billy Ray Cyrus,35,18,
1992-10-31,42,I Wouldn't Have It Any Other Way,Aaron Tippin,41,20,
1992-10-31,43,Wher'm I Gonna Live?,Billy Ray Cyrus,50,3,Gains In Performance
1992-10-31,44,You And Forever And Me,Little Texas,40,20,
1992-10-31,45,Anywhere But Here,Sammy Kershaw,51,5,Gains In Performance
1992-10-31,46,Whatcha Gonna Do With A Cowboy,Chris LeDoux,44,15,
1992-10-31,47,Love Without Mercy,Lee Roy Parnell,52,5,Gains In Performance
1992-10-31,48,Life's A Dance,John Michael Montgomery,54,5,Gains In Performance
1992-10-31,49,What Were You Thinkin',Little Texas,56,4,Gains In Performance
1992-10-31,50,What Kind Of Love,Rodney Crowell,49,19,
1992-10-31,51,Who Needs It,Clinton Gregory,53,6,Gains In Performance
1992-10-31,52,Wild Man,Ricky Van Shelton,71,2,Gains In Performance
1992-10-31,53,That's Me,Martina McBride,47,11,
1992-10-31,54,I Was Born With A Broken Heart,Aaron Tippin,60,2,Gains In Performance
1992-10-31,55,I Don't Need Your Rockin' Chair,George Jones,59,3,Gains In Performance
1992-10-31,56,L.A. To The Moon,Ronnie Milsap,45,8,
1992-10-31,57,Hey Mister (I Need This Job),Shenandoah,48,13,
1992-10-31,58,"Suspicious Minds (From ""Honeymoon In Vegas"")",Dwight Yoakam,72,2,Gains In Performance
1992-10-31,59,A Street Man Named Desire,Pirates Of The Mississippi,61,4,Gains In Performance
1992-10-31,60,Somewhere Other Than The Night,Garth Brooks,62,3,Gains In Performance
1992-11-07,1,No One Else On Earth,Wynonna,1,13,Gains In Performance
1992-11-07,2,Seminole Wind,John Anderson,2,13,
1992-11-07,3,Watch Me,Lorrie Morgan,8,10,Gains In Performance
1992-11-07,4,Shake The Sugar Tree,Pam Tillis,9,12,Gains In Performance
1992-11-07,5,Lord Have Mercy On The Working Man,Travis Tritt,7,11,Gains In Performance
1992-11-07,6,Letting Go,Suzy Bogguss,6,13,Gains In Performance
1992-11-07,7,Bubba Shot The Juke Box,Mark Chesnutt,10,21,Gains In Performance
1992-11-07,8,I'm In A Hurry (And Don't Know Why),Alabama,11,7,Gains In Performance
1992-11-07,9,If There Hadn't Been You,Billy Dean,13,11,Gains In Performance
1992-11-07,10,The Greatest Man I Never Knew,Reba McEntire,3,13,
1992-11-07,11,Even The Man In The Moon Is Cryin',Mark Collie,14,11,Gains In Performance
1992-11-07,12,If I Didn't Have You,Randy Travis,4,13,
1992-11-07,13,I Cross My Heart,George Strait,19,6,Gains In Performance
1992-11-07,14,Just Call Me Lonesome,Radney Foster,20,13,Gains In Performance
1992-11-07,15,Cafe On The Corner,Sawyer Brown,5,14,
1992-11-07,16,We Shall Be Free,Garth Brooks,12,9,
1992-11-07,17,Two Sparrows In A Hurricane,Tanya Tucker,22,7,Gains In Performance
1992-11-07,18,She's Got The Rhythm (And I Got The Blues),Alan Jackson,28,3,Gains In Performance
1992-11-07,19,Now That's Country,Marty Stuart,21,9,Gains In Performance
1992-11-07,20,Burn One Down,Clint Black,27,7,Gains In Performance
1992-11-07,21,Lonesome Standard Time,Kathy Mattea,23,7,Gains In Performance
1992-11-07,22,Lost And Found,Brooks & Dunn,26,8,Gains In Performance
1992-11-07,23,In This Life,Collin Raye,17,15,
1992-11-07,24,Sure Love,Hal Ketchum,29,7,Gains In Performance
1992-11-07,25,Not Too Much To Ask,Mary Chapin Carpenter With Joe Diffie,30,9,Gains In Performance
1992-11-07,26,Don't Let Our Love Start Slippin' Away,Vince Gill,32,4,Gains In Performance
1992-11-07,27,When She Cries,Restless Heart,31,9,Gains In Performance
1992-11-07,28,Going Out Of My Mind,McBride & The Ride,15,17,
1992-11-07,29,Love's Got A Hold On You,Alan Jackson,25,16,
1992-11-07,30,Jesus And Mama,Confederate Railroad,16,19,
1992-11-07,31,Somebody Paints The Wall,Tracy Lawrence,38,5,Gains In Performance
1992-11-07,32,Crash Course In The Blues,Steve Wariner,34,9,Gains In Performance
1992-11-07,33,Next Thing Smokin',Joe Diffie,18,13,
1992-11-07,34,Wher'm I Gonna Live?,Billy Ray Cyrus,43,4,Gains In Performance
1992-11-07,35,I Still Believe In You,Vince Gill,33,19,
1992-11-07,36,Wrong Side Of Memphis,Trisha Yearwood,24,14,
1992-11-07,37,Warning Labels,Doug Stone,35,18,
1992-11-07,38,Nowhere Bound,Diamond Rio,36,18,
1992-11-07,39,Love Without Mercy,Lee Roy Parnell,47,6,Gains In Performance
1992-11-07,40,Anywhere But Here,Sammy Kershaw,45,6,Gains In Performance
1992-11-07,41,So Much Like My Dad,George Strait,37,18,
1992-11-07,42,Could've Been Me,Billy Ray Cyrus,41,19,
1992-11-07,43,Life's A Dance,John Michael Montgomery,48,6,Gains In Performance
1992-11-07,44,What Were You Thinkin',Little Texas,49,5,Gains In Performance
1992-11-07,45,Wild Man,Ricky Van Shelton,52,3,
1992-11-07,46,Who Needs It,Clinton Gregory,51,7,Gains In Performance
1992-11-07,47,Whatcha Gonna Do With A Cowboy,Chris LeDoux,46,16,
1992-11-07,48,I Was Born With A Broken Heart,Aaron Tippin,54,3,Gains In Performance
1992-11-07,49,What Kind Of Love,Rodney Crowell,50,20,
1992-11-07,50,"Suspicious Minds (From ""Honeymoon In Vegas"")",Dwight Yoakam,58,3,Gains In Performance
1992-11-07,51,I Don't Need Your Rockin' Chair,George Jones,55,4,Gains In Performance
1992-11-07,52,Cadillac Ranch,Chris LeDoux,NEW,1,Highest ranking debut|Gains In Performance
1992-11-07,53,Welcome To The Club,Tim McGraw,61,5,Gains In Performance
1992-11-07,54,Standing On The Promises,Lionel Cartwright,63,2,Gains In Performance
1992-11-07,55,Somewhere Other Than The Night,Garth Brooks,60,4,Gains In Performance
1992-11-07,56,A Street Man Named Desire,Pirates Of The Mississippi,59,5,
1992-11-07,57,He Would Be Sixteen,Michelle Wright,64,2,Gains In Performance
1992-11-07,58,That's Good,Tim Mensy,66,2,Gains In Performance
1992-11-07,59,Still Out There Swinging,Paul Overstreet,NEW,1,Gains In Performance
1992-11-07,60,Walkaway Joe,Trisha Yearwood,NEW,1,Gains In Performance
1992-11-14,1,No One Else On Earth,Wynonna,1,14,
1992-11-14,2,Watch Me,Lorrie Morgan,3,11,Gains In Performance
1992-11-14,3,Shake The Sugar Tree,Pam Tillis,4,13,Gains In Performance
1992-11-14,4,Bubba Shot The Juke Box,Mark Chesnutt,7,22,Gains In Performance
1992-11-14,5,I'm In A Hurry (And Don't Know Why),Alabama,8,8,Gains In Performance
1992-11-14,6,If There Hadn't Been You,Billy Dean,9,12,Gains In Performance
1992-11-14,7,Lord Have Mercy On The Working Man,Travis Tritt,5,12,
1992-11-14,8,Letting Go,Suzy Bogguss,6,14,
1992-11-14,9,Even The Man In The Moon Is Cryin',Mark Collie,11,12,Gains In Performance
1992-11-14,10,Seminole Wind,John Anderson,2,14,
1992-11-14,11,I Cross My Heart,George Strait,13,7,Gains In Performance
1992-11-14,12,Two Sparrows In A Hurricane,Tanya Tucker,17,8,Gains In Performance
1992-11-14,13,Just Call Me Lonesome,Radney Foster,14,14,Gains In Performance
1992-11-14,14,She's Got The Rhythm (And I Got The Blues),Alan Jackson,18,4,Gains In Performance
1992-11-14,15,Burn One Down,Clint Black,20,8,Gains In Performance
1992-11-14,16,Lost And Found,Brooks & Dunn,22,9,Gains In Performance
1992-11-14,17,Don't Let Our Love Start Slippin' Away,Vince Gill,26,5,Gains In Performance
1992-11-14,18,Now That's Country,Marty Stuart,19,10,Gains In Performance
1992-11-14,19,Lonesome Standard Time,Kathy Mattea,21,8,Gains In Performance
1992-11-14,20,The Greatest Man I Never Knew,Reba McEntire,10,14,
1992-11-14,21,Sure Love,Hal Ketchum,24,8,Gains In Performance
1992-11-14,22,Not Too Much To Ask,Mary Chapin Carpenter With Joe Diffie,25,10,Gains In Performance
1992-11-14,23,If I Didn't Have You,Randy Travis,12,14,
1992-11-14,24,When She Cries,Restless Heart,27,10,Gains In Performance
1992-11-14,25,Somebody Paints The Wall,Tracy Lawrence,31,6,Gains In Performance
1992-11-14,26,In This Life,Collin Raye,23,16,
1992-11-14,27,We Shall Be Free,Garth Brooks,16,10,
1992-11-14,28,Cafe On The Corner,Sawyer Brown,15,15,
1992-11-14,29,Love's Got A Hold On You,Alan Jackson,29,17,
1992-11-14,30,Wher'm I Gonna Live?,Billy Ray Cyrus,34,5,Gains In Performance
1992-11-14,31,Jesus And Mama,Confederate Railroad,30,20,
1992-11-14,32,Going Out Of My Mind,McBride & The Ride,28,18,
1992-11-14,33,Love Without Mercy,Lee Roy Parnell,39,7,Gains In Performance
1992-11-14,34,Anywhere But Here,Sammy Kershaw,40,7,Gains In Performance
1992-11-14,35,Wild Man,Ricky Van Shelton,45,4,Gains In Performance
1992-11-14,36,Life's A Dance,John Michael Montgomery,43,7,Gains In Performance
1992-11-14,37,Warning Labels,Doug Stone,37,19,
1992-11-14,38,I Still Believe In You,Vince Gill,35,20,
1992-11-14,39,Crash Course In The Blues,Steve Wariner,32,10,
1992-11-14,40,Nowhere Bound,Diamond Rio,38,19,
1992-11-14,41,Wrong Side Of Memphis,Trisha Yearwood,36,15,
1992-11-14,42,What Were You Thinkin',Little Texas,44,6,Gains In Performance
1992-11-14,43,Who Needs It,Clinton Gregory,46,8,Gains In Performance
1992-11-14,44,Walkaway Joe,Trisha Yearwood,60,2,
1992-11-14,45,Could've Been Me,Billy Ray Cyrus,42,20,
1992-11-14,46,Somewhere Other Than The Night,Garth Brooks,55,5,Gains In Performance
1992-11-14,47,"Suspicious Minds (From ""Honeymoon In Vegas"")",Dwight Yoakam,50,4,Gains In Performance
1992-11-14,48,I Was Born With A Broken Heart,Aaron Tippin,48,4,Gains In Performance
1992-11-14,49,So Much Like My Dad,George Strait,41,19,
1992-11-14,50,Next Thing Smokin',Joe Diffie,33,14,
1992-11-14,51,Standing On The Promises,Lionel Cartwright,54,3,Gains In Performance
1992-11-14,52,Cadillac Ranch,Chris LeDoux,52,2,Gains In Performance
1992-11-14,53,Whatcha Gonna Do With A Cowboy,Chris LeDoux,47,17,
1992-11-14,54,Too Busy Being In Love,Doug Stone,63,2,Gains In Performance
1992-11-14,55,He Would Be Sixteen,Michelle Wright,57,3,Gains In Performance
1992-11-14,56,Welcome To The Club,Tim McGraw,53,6,
1992-11-14,57,I Don't Need Your Rockin' Chair,George Jones,51,5,
1992-11-14,58,A Street Man Named Desire,Pirates Of The Mississippi,56,6,
1992-11-14,59,Still Out There Swinging,Paul Overstreet,59,2,Gains In Performance
1992-11-14,60,That's Good,Tim Mensy,58,3,
1992-11-21,1,I'm In A Hurry (And Don't Know Why),Alabama,5,9,Gains In Performance
1992-11-21,2,Watch Me,Lorrie Morgan,2,12,
1992-11-21,3,If There Hadn't Been You,Billy Dean,6,13,Gains In Performance
1992-11-21,4,Shake The Sugar Tree,Pam Tillis,3,14,
1992-11-21,5,Bubba Shot The Juke Box,Mark Chesnutt,4,23,Gains In Performance
1992-11-21,6,Even The Man In The Moon Is Cryin',Mark Collie,9,13,Gains In Performance
1992-11-21,7,I Cross My Heart,George Strait,11,8,Gains In Performance
1992-11-21,8,Two Sparrows In A Hurricane,Tanya Tucker,12,9,Gains In Performance
1992-11-21,9,No One Else On Earth,Wynonna,1,15,
1992-11-21,10,Just Call Me Lonesome,Radney Foster,13,15,Gains In Performance
1992-11-21,11,Burn One Down,Clint Black,15,9,Gains In Performance
1992-11-21,12,She's Got The Rhythm (And I Got The Blues),Alan Jackson,14,5,Gains In Performance
1992-11-21,13,Don't Let Our Love Start Slippin' Away,Vince Gill,17,6,Gains In Performance
1992-11-21,14,Lord Have Mercy On The Working Man,Travis Tritt,7,13,
1992-11-21,15,Lost And Found,Brooks & Dunn,16,10,Gains In Performance
1992-11-21,16,Lonesome Standard Time,Kathy Mattea,19,9,Gains In Performance
1992-11-21,17,Seminole Wind,John Anderson,10,15,
1992-11-21,18,Now That's Country,Marty Stuart,18,11,Gains In Performance
1992-11-21,19,Sure Love,Hal Ketchum,21,9,Gains In Performance
1992-11-21,20,When She Cries,Restless Heart,24,11,Gains In Performance
1992-11-21,21,Not Too Much To Ask,Mary Chapin Carpenter With Joe Diffie,22,11,Gains In Performance
1992-11-21,22,Letting Go,Suzy Bogguss,8,15,
1992-11-21,23,Somebody Paints The Wall,Tracy Lawrence,25,7,Gains In Performance
1992-11-21,24,If I Didn't Have You,Randy Travis,23,15,
1992-11-21,25,Somewhere Other Than The Night,Garth Brooks,46,6,
1992-11-21,26,The Greatest Man I Never Knew,Reba McEntire,20,15,
1992-11-21,27,Wher'm I Gonna Live?,Billy Ray Cyrus,30,6,Gains In Performance
1992-11-21,28,Love Without Mercy,Lee Roy Parnell,33,8,Gains In Performance
1992-11-21,29,In This Life,Collin Raye,26,17,
1992-11-21,30,Walkaway Joe,Trisha Yearwood,44,3,Gains In Performance
1992-11-21,31,Anywhere But Here,Sammy Kershaw,34,8,Gains In Performance
1992-11-21,32,Life's A Dance,John Michael Montgomery,36,8,Gains In Performance
1992-11-21,33,Love's Got A Hold On You,Alan Jackson,29,18,
1992-11-21,34,Wild Man,Ricky Van Shelton,35,5,Gains In Performance
1992-11-21,35,Cafe On The Corner,Sawyer Brown,28,16,
1992-11-21,36,Going Out Of My Mind,McBride & The Ride,32,19,
1992-11-21,37,What Were You Thinkin',Little Texas,42,7,Gains In Performance
1992-11-21,38,Who Needs It,Clinton Gregory,43,9,Gains In Performance
1992-11-21,39,Warning Labels,Doug Stone,37,20,
1992-11-21,40,Too Busy Being In Love,Doug Stone,54,3,Gains In Performance
1992-11-21,41,Nowhere Bound,Diamond Rio,40,20,
1992-11-21,42,"Suspicious Minds (From ""Honeymoon In Vegas"")",Dwight Yoakam,47,5,Gains In Performance
1992-11-21,43,Wrong Side Of Memphis,Trisha Yearwood,41,16,
1992-11-21,44,We Shall Be Free,Garth Brooks,27,11,
1992-11-21,45,I Was Born With A Broken Heart,Aaron Tippin,48,5,Gains In Performance
1992-11-21,46,So Much Like My Dad,George Strait,49,20,
1992-11-21,47,Cadillac Ranch,Chris LeDoux,52,3,Gains In Performance
1992-11-21,48,Whatcha Gonna Do With A Cowboy,Chris LeDoux,53,18,
1992-11-21,49,He Would Be Sixteen,Michelle Wright,55,4,Gains In Performance
1992-11-21,50,Welcome To The Club,Tim McGraw,56,7,Gains In Performance
1992-11-21,51,Standing On The Promises,Lionel Cartwright,51,4,
1992-11-21,52,I Don't Need Your Rockin' Chair,George Jones,57,6,Gains In Performance
1992-11-21,53,Next Thing Smokin',Joe Diffie,50,15,
1992-11-21,54,Crash Course In The Blues,Steve Wariner,39,11,
1992-11-21,55,That's Good,Tim Mensy,60,4,Gains In Performance
1992-11-21,56,"Look Heart, No Hands",Randy Travis,NEW,1,Highest ranking debut|Gains In Performance
1992-11-21,57,Take It Back,Reba McEntire,NEW,1,Gains In Performance
1992-11-21,58,Still Out There Swinging,Paul Overstreet,59,3,Gains In Performance
1992-11-21,59,Just One Night,McBride & The Ride,72,2,Gains In Performance
1992-11-21,60,Queen Of Memphis,Confederate Railroad,NEW,1,Gains In Performance
1992-11-28,1,I'm In A Hurry (And Don't Know Why),Alabama,1,10,Gains In Performance
1992-11-28,2,I Cross My Heart,George Strait,7,9,Gains In Performance
1992-11-28,3,If There Hadn't Been You,Billy Dean,3,14,Gains In Performance
1992-11-28,4,Two Sparrows In A Hurricane,Tanya Tucker,8,10,Gains In Performance
1992-11-28,5,Even The Man In The Moon Is Cryin',Mark Collie,6,14,
1992-11-28,6,Bubba Shot The Juke Box,Mark Chesnutt,5,24,
1992-11-28,7,Burn One Down,Clint Black,11,10,Gains In Performance
1992-11-28,8,Watch Me,Lorrie Morgan,2,13,
1992-11-28,9,She's Got The Rhythm (And I Got The Blues),Alan Jackson,12,6,Gains In Performance
1992-11-28,10,Don't Let Our Love Start Slippin' Away,Vince Gill,13,7,Gains In Performance
1992-11-28,11,Shake The Sugar Tree,Pam Tillis,4,15,
1992-11-28,12,Lost And Found,Brooks & Dunn,15,11,Gains In Performance
1992-11-28,13,No One Else On Earth,Wynonna,9,16,
1992-11-28,14,Sure Love,Hal Ketchum,19,10,Gains In Performance
1992-11-28,15,Lonesome Standard Time,Kathy Mattea,16,10,
1992-11-28,16,Just Call Me Lonesome,Radney Foster,10,16,
1992-11-28,17,Somewhere Other Than The Night,Garth Brooks,25,7,Gains In Performance
1992-11-28,18,Now That's Country,Marty Stuart,18,12,
1992-11-28,19,When She Cries,Restless Heart,20,12,Gains In Performance
1992-11-28,20,Not Too Much To Ask,Mary Chapin Carpenter With Joe Diffie,21,12,
1992-11-28,21,Somebody Paints The Wall,Tracy Lawrence,23,8,Gains In Performance
1992-11-28,22,Seminole Wind,John Anderson,17,16,
1992-11-28,23,Love Without Mercy,Lee Roy Parnell,28,9,Gains In Performance
1992-11-28,24,Wher'm I Gonna Live?,Billy Ray Cyrus,27,7,Gains In Performance
1992-11-28,25,Walkaway Joe,Trisha Yearwood,30,4,Gains In Performance
1992-11-28,26,Life's A Dance,John Michael Montgomery,32,9,Gains In Performance
1992-11-28,27,Lord Have Mercy On The Working Man,Travis Tritt,14,14,
1992-11-28,28,Anywhere But Here,Sammy Kershaw,31,9,Gains In Performance
1992-11-28,29,If I Didn't Have You,Randy Travis,24,16,
1992-11-28,30,Wild Man,Ricky Van Shelton,34,6,Gains In Performance
1992-11-28,31,In This Life,Collin Raye,29,18,
1992-11-28,32,Letting Go,Suzy Bogguss,22,16,
1992-11-28,33,The Greatest Man I Never Knew,Reba McEntire,26,16,
1992-11-28,34,What Were You Thinkin',Little Texas,37,8,Gains In Performance
1992-11-28,35,Too Busy Being In Love,Doug Stone,40,4,Gains In Performance
1992-11-28,36,Who Needs It,Clinton Gregory,38,10,Gains In Performance
1992-11-28,37,Love's Got A Hold On You,Alan Jackson,33,19,
1992-11-28,38,Take It Back,Reba McEntire,57,2,
1992-11-28,39,Cafe On The Corner,Sawyer Brown,35,17,
1992-11-28,40,Going Out Of My Mind,McBride & The Ride,36,20,
1992-11-28,41,"Look Heart, No Hands",Randy Travis,56,2,Gains In Performance
1992-11-28,42,"Suspicious Minds (From ""Honeymoon In Vegas"")",Dwight Yoakam,42,6,Gains In Performance
1992-11-28,43,In A Week Or Two,Diamond Rio,64,2,Gains In Performance
1992-11-28,44,Cadillac Ranch,Chris LeDoux,47,4,Gains In Performance
1992-11-28,45,I Was Born With A Broken Heart,Aaron Tippin,45,6,Gains In Performance
1992-11-28,46,Wrong Side Of Memphis,Trisha Yearwood,43,17,
1992-11-28,47,He Would Be Sixteen,Michelle Wright,49,5,Gains In Performance
1992-11-28,48,Whatcha Gonna Do With A Cowboy,Chris LeDoux,48,19,
1992-11-28,49,Welcome To The Club,Tim McGraw,50,8,Gains In Performance
1992-11-28,50,Standing On The Promises,Lionel Cartwright,51,5,Gains In Performance
1992-11-28,51,We Shall Be Free,Garth Brooks,44,12,
1992-11-28,52,That's Good,Tim Mensy,55,5,Gains In Performance
1992-11-28,53,I Don't Need Your Rockin' Chair,George Jones,52,7,
1992-11-28,54,Just One Night,McBride & The Ride,59,3,Gains In Performance
1992-11-28,55,Queen Of Memphis,Confederate Railroad,60,2,Gains In Performance
1992-11-28,56,Boom! It Was Over,Robert Ellis Orrall,62,3,Gains In Performance
1992-11-28,57,Still Out There Swinging,Paul Overstreet,58,4,Gains In Performance
1992-11-28,58,Big Heart,Gibson/Miller Band,61,3,Gains In Performance
1992-11-28,59,Let Go Of The Stone,John Anderson,NEW,1,Highest ranking debut|Gains In Performance
1992-11-28,60,Next Thing Smokin',Joe Diffie,53,16,
1992-12-05,1,I Cross My Heart,George Strait,2,10,Gains In Performance
1992-12-05,2,I'm In A Hurry (And Don't Know Why),Alabama,1,11,
1992-12-05,3,Two Sparrows In A Hurricane,Tanya Tucker,4,11,Gains In Performance
1992-12-05,4,Burn One Down,Clint Black,7,11,Gains In Performance
1992-12-05,5,Don't Let Our Love Start Slippin' Away,Vince Gill,10,8,Gains In Performance
1992-12-05,6,She's Got The Rhythm (And I Got The Blues),Alan Jackson,9,7,Gains In Performance
1992-12-05,7,Even The Man In The Moon Is Cryin',Mark Collie,5,15,
1992-12-05,8,Lost And Found,Brooks & Dunn,12,12,Gains In Performance
1992-12-05,9,If There Hadn't Been You,Billy Dean,3,15,
1992-12-05,10,Sure Love,Hal Ketchum,14,11,Gains In Performance
1992-12-05,11,Somewhere Other Than The Night,Garth Brooks,17,8,Gains In Performance
1992-12-05,12,Lonesome Standard Time,Kathy Mattea,15,11,Gains In Performance
1992-12-05,13,When She Cries,Restless Heart,19,13,Gains In Performance
1992-12-05,14,Walkaway Joe,Trisha Yearwood,25,5,Gains In Performance
1992-12-05,15,Not Too Much To Ask,Mary Chapin Carpenter With Joe Diffie,20,13,Gains In Performance
1992-12-05,16,Somebody Paints The Wall,Tracy Lawrence,21,9,Gains In Performance
1992-12-05,17,Watch Me,Lorrie Morgan,8,14,
1992-12-05,18,Love Without Mercy,Lee Roy Parnell,23,10,Gains In Performance
1992-12-05,19,Now That's Country,Marty Stuart,18,13,
1992-12-05,20,Bubba Shot The Juke Box,Mark Chesnutt,6,25,
1992-12-05,21,No One Else On Earth,Wynonna,13,17,
1992-12-05,22,Life's A Dance,John Michael Montgomery,26,10,Gains In Performance
1992-12-05,23,Wher'm I Gonna Live?,Billy Ray Cyrus,24,8,Gains In Performance
1992-12-05,24,Anywhere But Here,Sammy Kershaw,28,10,Gains In Performance
1992-12-05,25,Wild Man,Ricky Van Shelton,30,7,Gains In Performance
1992-12-05,26,Too Busy Being In Love,Doug Stone,35,5,Gains In Performance
1992-12-05,27,Shake The Sugar Tree,Pam Tillis,11,16,
1992-12-05,28,Take It Back,Reba McEntire,38,3,Gains In Performance
1992-12-05,29,"Look Heart, No Hands",Randy Travis,41,3,Gains In Performance
1992-12-05,30,What Were You Thinkin',Little Texas,34,9,Gains In Performance
1992-12-05,31,Seminole Wind,John Anderson,22,17,
1992-12-05,32,Just Call Me Lonesome,Radney Foster,16,17,
1992-12-05,33,Who Needs It,Clinton Gregory,36,11,Gains In Performance
1992-12-05,34,In A Week Or Two,Diamond Rio,43,3,Gains In Performance
1992-12-05,35,If I Didn't Have You,Randy Travis,29,17,
1992-12-05,36,"Suspicious Minds (From ""Honeymoon In Vegas"")",Dwight Yoakam,42,7,Gains In Performance
1992-12-05,37,Lord Have Mercy On The Working Man,Travis Tritt,27,15,
1992-12-05,38,In This Life,Collin Raye,31,19,
1992-12-05,39,Letting Go,Suzy Bogguss,32,17,
1992-12-05,40,Cadillac Ranch,Chris LeDoux,44,5,Gains In Performance
1992-12-05,41,I Was Born With A Broken Heart,Aaron Tippin,45,7,Gains In Performance
1992-12-05,42,Love's Got A Hold On You,Alan Jackson,37,20,
1992-12-05,43,Cafe On The Corner,Sawyer Brown,39,18,
1992-12-05,44,The Greatest Man I Never Knew,Reba McEntire,33,17,
1992-12-05,45,He Would Be Sixteen,Michelle Wright,47,6,Gains In Performance
1992-12-05,46,Wrong Side Of Memphis,Trisha Yearwood,46,18,
1992-12-05,47,Welcome To The Club,Tim McGraw,49,9,Gains In Performance
1992-12-05,48,I Don't Need Your Rockin' Chair,George Jones,53,8,Gains In Performance
1992-12-05,49,Queen Of Memphis,Confederate Railroad,55,3,Gains In Performance
1992-12-05,50,Let Go Of The Stone,John Anderson,59,2,Gains In Performance
1992-12-05,51,Just One Night,McBride & The Ride,54,4,Gains In Performance
1992-12-05,52,Boom! It Was Over,Robert Ellis Orrall,56,4,Gains In Performance
1992-12-05,53,Whatcha Gonna Do With A Cowboy,Chris LeDoux,48,20,
1992-12-05,54,That's Good,Tim Mensy,52,6,
1992-12-05,55,We Shall Be Free,Garth Brooks,51,13,
1992-12-05,56,Standing On The Promises,Lionel Cartwright,50,6,
1992-12-05,57,Still Out There Swinging,Paul Overstreet,57,5,Gains In Performance
1992-12-05,58,Leavin's Been A Long Time Comin',Shenandoah,62,2,Gains In Performance
1992-12-05,59,Big Heart,Gibson/Miller Band,58,4,
1992-12-05,60,All These Years,Sawyer Brown,72,2,Gains In Performance
1992-12-12,1,I Cross My Heart,George Strait,1,11,
1992-12-12,2,Two Sparrows In A Hurricane,Tanya Tucker,3,12,
1992-12-12,3,She's Got The Rhythm (And I Got The Blues),Alan Jackson,6,8,Gains In Performance
1992-12-12,4,Don't Let Our Love Start Slippin' Away,Vince Gill,5,9,Gains In Performance
1992-12-12,5,Burn One Down,Clint Black,4,12,
1992-12-12,6,Lost And Found,Brooks & Dunn,8,13,Gains In Performance
1992-12-12,7,I'm In A Hurry (And Don't Know Why),Alabama,2,12,
1992-12-12,8,Sure Love,Hal Ketchum,10,12,Gains In Performance
1992-12-12,9,Somewhere Other Than The Night,Garth Brooks,11,9,Gains In Performance
1992-12-12,10,When She Cries,Restless Heart,13,14,Gains In Performance
1992-12-12,11,Lonesome Standard Time,Kathy Mattea,12,12,Gains In Performance
1992-12-12,12,Even The Man In The Moon Is Cryin',Mark Collie,7,16,
1992-12-12,13,Walkaway Joe,Trisha Yearwood,14,6,Gains In Performance
1992-12-12,14,Somebody Paints The Wall,Tracy Lawrence,16,10,Gains In Performance
1992-12-12,15,Love Without Mercy,Lee Roy Parnell,18,11,Gains In Performance
1992-12-12,16,Not Too Much To Ask,Mary Chapin Carpenter With Joe Diffie,15,14,
1992-12-12,17,Anywhere But Here,Sammy Kershaw,24,11,Gains In Performance
1992-12-12,18,If There Hadn't Been You,Billy Dean,9,16,
1992-12-12,19,Take It Back,Reba McEntire,28,4,Gains In Performance
1992-12-12,20,Life's A Dance,John Michael Montgomery,22,11,Gains In Performance
1992-12-12,21,"Look Heart, No Hands",Randy Travis,29,4,Gains In Performance
1992-12-12,22,Wild Man,Ricky Van Shelton,25,8,Gains In Performance
1992-12-12,23,Too Busy Being In Love,Doug Stone,26,6,Gains In Performance
1992-12-12,24,Wher'm I Gonna Live?,Billy Ray Cyrus,23,9,
1992-12-12,25,Watch Me,Lorrie Morgan,17,15,
1992-12-12,26,What Were You Thinkin',Little Texas,30,10,Gains In Performance
1992-12-12,27,No One Else On Earth,Wynonna,21,18,
1992-12-12,28,In A Week Or Two,Diamond Rio,34,4,Gains In Performance
1992-12-12,29,Who Needs It,Clinton Gregory,33,12,Gains In Performance
1992-12-12,30,Seminole Wind,John Anderson,31,18,
1992-12-12,31,Shake The Sugar Tree,Pam Tillis,27,17,
1992-12-12,32,Cadillac Ranch,Chris LeDoux,40,6,Gains In Performance
1992-12-12,33,Just Call Me Lonesome,Radney Foster,32,18,
1992-12-12,34,If I Didn't Have You,Randy Travis,35,18,
1992-12-12,35,"Suspicious Minds (From ""Honeymoon In Vegas"")",Dwight Yoakam,36,8,
1992-12-12,36,In This Life,Collin Raye,38,20,
1992-12-12,37,Lord Have Mercy On The Working Man,Travis Tritt,37,16,
1992-12-12,38,I Was Born With A Broken Heart,Aaron Tippin,41,8,
1992-12-12,39,He Would Be Sixteen,Michelle Wright,45,7,Gains In Performance
1992-12-12,40,Let Go Of The Stone,John Anderson,50,3,Gains In Performance
1992-12-12,41,Letting Go,Suzy Bogguss,39,18,
1992-12-12,42,Now That's Country,Marty Stuart,19,14,
1992-12-12,43,The Greatest Man I Never Knew,Reba McEntire,44,18,
1992-12-12,44,Queen Of Memphis,Confederate Railroad,49,4,Gains In Performance
1992-12-12,45,Can I Trust You With My Heart,Travis Tritt,62,2,Gains In Performance
1992-12-12,46,Cafe On The Corner,Sawyer Brown,43,19,
1992-12-12,47,I Don't Need Your Rockin' Chair,George Jones,48,9,Gains In Performance
1992-12-12,48,Just One Night,McBride & The Ride,51,5,Gains In Performance
1992-12-12,49,My Strongest Weakness,Wynonna,66,2,Gains In Performance
1992-12-12,50,Welcome To The Club,Tim McGraw,47,10,
1992-12-12,51,Boom! It Was Over,Robert Ellis Orrall,52,5,Gains In Performance
1992-12-12,52,Wrong Side Of Memphis,Trisha Yearwood,46,19,
1992-12-12,53,Leavin's Been A Long Time Comin',Shenandoah,58,3,Gains In Performance
1992-12-12,54,All These Years,Sawyer Brown,60,3,Gains In Performance
1992-12-12,55,Drive South,Suzy Bogguss,67,2,Gains In Performance
1992-12-12,56,I Want You Bad (And That Ain't Good),Collin Raye,64,2,Gains In Performance
1992-12-12,57,Big Heart,Gibson/Miller Band,59,5,Gains In Performance
1992-12-12,58,That's Good,Tim Mensy,54,7,
1992-12-12,59,We Shall Be Free,Garth Brooks,55,14,
1992-12-12,60,Still Out There Swinging,Paul Overstreet,57,6,
1992-12-19,1,She's Got The Rhythm (And I Got The Blues),Alan Jackson,3,9,Gains In Performance
1992-12-19,2,Don't Let Our Love Start Slippin' Away,Vince Gill,4,10,Gains In Performance
1992-12-19,3,I Cross My Heart,George Strait,1,12,
1992-12-19,4,Burn One Down,Clint Black,5,13,Gains In Performance
1992-12-19,5,Sure Love,Hal Ketchum,8,13,Gains In Performance
1992-12-19,6,Lost And Found,Brooks & Dunn,6,14,
1992-12-19,7,Somewhere Other Than The Night,Garth Brooks,9,10,Gains In Performance
1992-12-19,8,Two Sparrows In A Hurricane,Tanya Tucker,2,13,
1992-12-19,9,When She Cries,Restless Heart,10,15,Gains In Performance
1992-12-19,10,I'm In A Hurry (And Don't Know Why),Alabama,7,13,
1992-12-19,11,Walkaway Joe,Trisha Yearwood,13,7,Gains In Performance
1992-12-19,12,Somebody Paints The Wall,Tracy Lawrence,14,11,Gains In Performance
1992-12-19,13,"Look Heart, No Hands",Randy Travis,21,5,Gains In Performance
1992-12-19,14,Love Without Mercy,Lee Roy Parnell,15,12,Gains In Performance
1992-12-19,15,Anywhere But Here,Sammy Kershaw,17,12,Gains In Performance
1992-12-19,16,Take It Back,Reba McEntire,19,5,Gains In Performance
1992-12-19,17,Lonesome Standard Time,Kathy Mattea,11,13,
1992-12-19,18,Life's A Dance,John Michael Montgomery,20,12,Gains In Performance
1992-12-19,19,Wild Man,Ricky Van Shelton,22,9,Gains In Performance
1992-12-19,20,Too Busy Being In Love,Doug Stone,23,7,Gains In Performance
1992-12-19,21,Even The Man In The Moon Is Cryin',Mark Collie,12,17,
1992-12-19,22,In A Week Or Two,Diamond Rio,28,5,Gains In Performance
1992-12-19,23,What Were You Thinkin',Little Texas,26,11,Gains In Performance
1992-12-19,24,If There Hadn't Been You,Billy Dean,18,17,
1992-12-19,25,Cadillac Ranch,Chris LeDoux,32,7,Gains In Performance
1992-12-19,26,Wher'm I Gonna Live?,Billy Ray Cyrus,24,10,
1992-12-19,27,Watch Me,Lorrie Morgan,25,16,
1992-12-19,28,No One Else On Earth,Wynonna,27,19,
1992-12-19,29,Who Needs It,Clinton Gregory,29,13,
1992-12-19,30,Can I Trust You With My Heart,Travis Tritt,45,3,Gains In Performance
1992-12-19,31,Not Too Much To Ask,Mary Chapin Carpenter With Joe Diffie,16,15,
1992-12-19,32,Let Go Of The Stone,John Anderson,40,4,Gains In Performance
1992-12-19,33,Seminole Wind,John Anderson,30,19,
1992-12-19,34,Queen Of Memphis,Confederate Railroad,44,5,Gains In Performance
1992-12-19,35,Shake The Sugar Tree,Pam Tillis,31,18,
1992-12-19,36,My Strongest Weakness,Wynonna,49,3,Gains In Performance
1992-12-19,37,He Would Be Sixteen,Michelle Wright,39,8,Gains In Performance
1992-12-19,38,If I Didn't Have You,Randy Travis,34,19,
1992-12-19,39,Just Call Me Lonesome,Radney Foster,33,19,
1992-12-19,40,Drive South,Suzy Bogguss,55,3,Gains In Performance
1992-12-19,41,I Don't Need Your Rockin' Chair,George Jones,47,10,Gains In Performance
1992-12-19,42,Just One Night,McBride & The Ride,48,6,Gains In Performance
1992-12-19,43,All These Years,Sawyer Brown,54,4,Gains In Performance
1992-12-19,44,Lord Have Mercy On The Working Man,Travis Tritt,37,17,
1992-12-19,45,Letting Go,Suzy Bogguss,41,19,
1992-12-19,46,Boom! It Was Over,Robert Ellis Orrall,51,6,Gains In Performance
1992-12-19,47,I Want You Bad (And That Ain't Good),Collin Raye,56,3,Gains In Performance
1992-12-19,48,Leavin's Been A Long Time Comin',Shenandoah,53,4,Gains In Performance
1992-12-19,49,"Suspicious Minds (From ""Honeymoon In Vegas"")",Dwight Yoakam,35,9,
1992-12-19,50,Cafe On The Corner,Sawyer Brown,46,20,
1992-12-19,51,The Greatest Man I Never Knew,Reba McEntire,43,19,
1992-12-19,52,I Was Born With A Broken Heart,Aaron Tippin,38,9,
1992-12-19,53,Tryin' To Hide A Fire In The Dark,Billy Dean,65,2,Gains In Performance
1992-12-19,54,Welcome To The Club,Tim McGraw,50,11,
1992-12-19,55,Wrong Side Of Memphis,Trisha Yearwood,52,20,
1992-12-19,56,Now That's Country,Marty Stuart,42,15,
1992-12-19,57,Big Heart,Gibson/Miller Band,57,6,Gains In Performance
1992-12-19,58,Call Home,Mike Reid,62,5,Gains In Performance
1992-12-19,59,We Shall Be Free,Garth Brooks,59,15,
1992-12-19,60,That's Good,Tim Mensy,58,8,
1992-12-26,1,Don't Let Our Love Start Slippin' Away,Vince Gill,2,11,Gains In Performance
1992-12-26,2,She's Got The Rhythm (And I Got The Blues),Alan Jackson,1,10,
1992-12-26,3,Somewhere Other Than The Night,Garth Brooks,7,11,Gains In Performance
1992-12-26,4,Sure Love,Hal Ketchum,5,14,Gains In Performance
1992-12-26,5,Burn One Down,Clint Black,4,14,
1992-12-26,6,I Cross My Heart,George Strait,3,13,
1992-12-26,7,Walkaway Joe,Trisha Yearwood,11,8,Gains In Performance
1992-12-26,8,Lost And Found,Brooks & Dunn,6,15,
1992-12-26,9,When She Cries,Restless Heart,9,16,Gains In Performance
1992-12-26,10,Somebody Paints The Wall,Tracy Lawrence,12,12,Gains In Performance
1992-12-26,11,"Look Heart, No Hands",Randy Travis,13,6,Gains In Performance
1992-12-26,12,Love Without Mercy,Lee Roy Parnell,14,13,Gains In Performance
1992-12-26,13,Take It Back,Reba McEntire,16,6,Gains In Performance
1992-12-26,14,Anywhere But Here,Sammy Kershaw,15,13,Gains In Performance
1992-12-26,15,Life's A Dance,John Michael Montgomery,18,13,Gains In Performance
1992-12-26,16,Wild Man,Ricky Van Shelton,19,10,Gains In Performance
1992-12-26,17,Too Busy Being In Love,Doug Stone,20,8,Gains In Performance
1992-12-26,18,Two Sparrows In A Hurricane,Tanya Tucker,8,14,
1992-12-26,19,I'm In A Hurry (And Don't Know Why),Alabama,10,14,
1992-12-26,20,In A Week Or Two,Diamond Rio,22,6,Gains In Performance
1992-12-26,21,What Were You Thinkin',Little Texas,23,12,Gains In Performance
1992-12-26,22,Can I Trust You With My Heart,Travis Tritt,30,4,Gains In Performance
1992-12-26,23,Cadillac Ranch,Chris LeDoux,25,8,Gains In Performance
1992-12-26,24,Let Go Of The Stone,John Anderson,32,5,Gains In Performance
1992-12-26,25,My Strongest Weakness,Wynonna,36,4,Gains In Performance
1992-12-26,26,Queen Of Memphis,Confederate Railroad,34,6,Gains In Performance
1992-12-26,27,Even The Man In The Moon Is Cryin',Mark Collie,21,18,
1992-12-26,28,If There Hadn't Been You,Billy Dean,24,18,
1992-12-26,29,Drive South,Suzy Bogguss,40,4,Gains In Performance
1992-12-26,30,No One Else On Earth,Wynonna,28,20,
1992-12-26,31,He Would Be Sixteen,Michelle Wright,37,9,Gains In Performance
1992-12-26,32,Watch Me,Lorrie Morgan,27,17,
1992-12-26,33,Lonesome Standard Time,Kathy Mattea,17,14,
1992-12-26,34,All These Years,Sawyer Brown,43,5,Gains In Performance
1992-12-26,35,I Don't Need Your Rockin' Chair,George Jones,41,11,Gains In Performance
1992-12-26,36,Seminole Wind,John Anderson,33,20,
1992-12-26,37,Leavin's Been A Long Time Comin',Shenandoah,48,5,Gains In Performance
1992-12-26,38,I Want You Bad (And That Ain't Good),Collin Raye,47,4,Gains In Performance
1992-12-26,39,Just One Night,McBride & The Ride,42,7,Gains In Performance
1992-12-26,40,Shake The Sugar Tree,Pam Tillis,35,19,
1992-12-26,41,Tryin' To Hide A Fire In The Dark,Billy Dean,53,3,Gains In Performance
1992-12-26,42,Boom! It Was Over,Robert Ellis Orrall,46,7,Gains In Performance
1992-12-26,43,If I Didn't Have You,Randy Travis,38,20,
1992-12-26,44,Just Call Me Lonesome,Radney Foster,39,20,
1992-12-26,45,What Part Of No,Lorrie Morgan,66,2,Gains In Performance
1992-12-26,46,Lord Have Mercy On The Working Man,Travis Tritt,44,18,
1992-12-26,47,Who Needs It,Clinton Gregory,29,14,
1992-12-26,48,Letting Go,Suzy Bogguss,45,20,
1992-12-26,49,Wher'm I Gonna Live?,Billy Ray Cyrus,26,11,
1992-12-26,50,The Greatest Man I Never Knew,Reba McEntire,51,20,
1992-12-26,51,Call Home,Mike Reid,58,6,Gains In Performance
1992-12-26,52,Not Too Much To Ask,Mary Chapin Carpenter With Joe Diffie,31,16,
1992-12-26,53,Big Heart,Gibson/Miller Band,57,7,Gains In Performance
1992-12-26,54,High On A Mountain Top,Marty Stuart,62,3,Gains In Performance
1992-12-26,55,Rock Me (In The Cradle Of Love),Deborah Allen,61,4,Gains In Performance
1992-12-26,56,"Suspicious Minds (From ""Honeymoon In Vegas"")",Dwight Yoakam,49,10,
1992-12-26,57,Now That's Country,Marty Stuart,56,16,
1992-12-26,58,Startin' Over Blues,Joe Diffie,70,2,Gains In Performance
1992-12-26,59,We Shall Be Free,Garth Brooks,59,16,
1992-12-26,60,Cheap Whiskey,Martina McBride,65,4,Gains In Performance
1993-01-02,1,Don't Let Our Love Start Slippin' Away,Vince Gill,1,12,
1993-01-02,2,She's Got The Rhythm (And I Got The Blues),Alan Jackson,2,11,
1993-01-02,3,Somewhere Other Than The Night,Garth Brooks,3,12,Gains In Performance
1993-01-02,4,Sure Love,Hal Ketchum,4,15,
1993-01-02,5,Walkaway Joe,Trisha Yearwood,7,9,Gains In Performance
1993-01-02,6,"Look Heart, No Hands",Randy Travis,11,7,Gains In Performance
1993-01-02,7,Burn One Down,Clint Black,5,15,
1993-01-02,8,Somebody Paints The Wall,Tracy Lawrence,10,13,Gains In Performance
1993-01-02,9,Life's A Dance,John Michael Montgomery,15,14,Gains In Performance
1993-01-02,10,Love Without Mercy,Lee Roy Parnell,12,14,Gains In Performance
1993-01-02,11,Too Busy Being In Love,Doug Stone,17,9,Gains In Performance
1993-01-02,12,Anywhere But Here,Sammy Kershaw,14,14,Gains In Performance
1993-01-02,13,Take It Back,Reba McEntire,13,7,Gains In Performance
1993-01-02,14,I Cross My Heart,George Strait,6,14,
1993-01-02,15,Wild Man,Ricky Van Shelton,16,11,Gains In Performance
1993-01-02,16,When She Cries,Restless Heart,9,17,
1993-01-02,17,Can I Trust You With My Heart,Travis Tritt,22,5,Gains In Performance
1993-01-02,18,In A Week Or Two,Diamond Rio,20,7,Gains In Performance
1993-01-02,19,What Were You Thinkin',Little Texas,21,13,Gains In Performance
1993-01-02,20,Lost And Found,Brooks & Dunn,8,16,
1993-01-02,21,Let Go Of The Stone,John Anderson,24,6,Gains In Performance
1993-01-02,22,My Strongest Weakness,Wynonna,25,5,Gains In Performance
1993-01-02,23,Cadillac Ranch,Chris LeDoux,23,9,Gains In Performance
1993-01-02,24,Drive South,Suzy Bogguss,29,5,Gains In Performance
1993-01-02,25,Two Sparrows In A Hurricane,Tanya Tucker,18,15,
1993-01-02,26,Queen Of Memphis,Confederate Railroad,26,7,Gains In Performance
1993-01-02,27,I'm In A Hurry (And Don't Know Why),Alabama,19,15,
1993-01-02,28,All These Years,Sawyer Brown,34,6,Gains In Performance
1993-01-02,29,I Want You Bad (And That Ain't Good),Collin Raye,38,5,Gains In Performance
1993-01-02,30,Tryin' To Hide A Fire In The Dark,Billy Dean,41,4,Gains In Performance
1993-01-02,31,Just One Night,McBride & The Ride,39,8,Gains In Performance
1993-01-02,32,Even The Man In The Moon Is Cryin',Mark Collie,27,19,
1993-01-02,33,Leavin's Been A Long Time Comin',Shenandoah,37,6,Gains In Performance
1993-01-02,34,What Part Of No,Lorrie Morgan,45,3,Gains In Performance
1993-01-02,35,I Don't Need Your Rockin' Chair,George Jones,35,12,Gains In Performance
1993-01-02,36,He Would Be Sixteen,Michelle Wright,31,10,
1993-01-02,37,If There Hadn't Been You,Billy Dean,28,19,
1993-01-02,38,Watch Me,Lorrie Morgan,32,18,
1993-01-02,39,Boom! It Was Over,Robert Ellis Orrall,42,8,Gains In Performance
1993-01-02,40,Shake The Sugar Tree,Pam Tillis,40,20,
1993-01-02,41,High On A Mountain Top,Marty Stuart,54,4,Gains In Performance
1993-01-02,42,Lord Have Mercy On The Working Man,Travis Tritt,46,19,
1993-01-02,43,Call Home,Mike Reid,51,7,Gains In Performance
1993-01-02,44,Big Heart,Gibson/Miller Band,53,8,Gains In Performance
1993-01-02,45,Once Upon A Lifetime,Alabama,65,2,Gains In Performance
1993-01-02,46,Passionate Kisses,Mary Chapin Carpenter,66,2,Gains In Performance
1993-01-02,47,Lonesome Standard Time,Kathy Mattea,33,15,
1993-01-02,48,Startin' Over Blues,Joe Diffie,58,3,Gains In Performance
1993-01-02,49,Rock Me (In The Cradle Of Love),Deborah Allen,55,5,Gains In Performance
1993-01-02,50,Cheap Whiskey,Martina McBride,60,5,Gains In Performance
1993-01-02,51,The Old Man's Back In Town,Garth Brooks,70,2,Gains In Performance
1993-01-02,52,Wher'm I Gonna Live?,Billy Ray Cyrus,49,12,
1993-01-02,53,Not Too Much To Ask,Mary Chapin Carpenter With Joe Diffie,52,17,
1993-01-02,54,Who Needs It,Clinton Gregory,47,15,
1993-01-02,55,In The Blood,Rob Crosby,73,2,Gains In Performance
1993-01-02,56,We Shall Be Free,Garth Brooks,59,17,
1993-01-02,57,Now That's Country,Marty Stuart,57,17,
1993-01-02,58,"Suspicious Minds (From ""Honeymoon In Vegas"")",Dwight Yoakam,56,11,
1993-01-02,59,Standing On The Promises,Lionel Cartwright,63,10,
1993-01-02,60,I Will Stand By You,Corbin/Hanner,67,4,Gains In Performance
1993-01-09,1,Don't Let Our Love Start Slippin' Away,Vince Gill,1,13,
1993-01-09,2,Somewhere Other Than The Night,Garth Brooks,3,13,Gains In Performance
1993-01-09,3,Sure Love,Hal Ketchum,4,16,Gains In Performance
1993-01-09,4,Walkaway Joe,Trisha Yearwood,5,10,Gains In Performance
1993-01-09,5,"Look Heart, No Hands",Randy Travis,6,8,Gains In Performance
1993-01-09,6,She's Got The Rhythm (And I Got The Blues),Alan Jackson,2,12,
1993-01-09,7,Life's A Dance,John Michael Montgomery,9,15,Gains In Performance
1993-01-09,8,Love Without Mercy,Lee Roy Parnell,10,15,Gains In Performance
1993-01-09,9,Too Busy Being In Love,Doug Stone,11,10,Gains In Performance
1993-01-09,10,Anywhere But Here,Sammy Kershaw,12,15,Gains In Performance
1993-01-09,11,Wild Man,Ricky Van Shelton,15,12,Gains In Performance
1993-01-09,12,Burn One Down,Clint Black,7,16,
1993-01-09,13,Take It Back,Reba McEntire,13,8,Gains In Performance
1993-01-09,14,Somebody Paints The Wall,Tracy Lawrence,8,14,
1993-01-09,15,Can I Trust You With My Heart,Travis Tritt,17,6,Gains In Performance
1993-01-09,16,In A Week Or Two,Diamond Rio,18,8,Gains In Performance
1993-01-09,17,What Were You Thinkin',Little Texas,19,14,Gains In Performance
1993-01-09,18,I Cross My Heart,George Strait,14,15,
1993-01-09,19,Queen Of Memphis,Confederate Railroad,26,8,Gains In Performance
1993-01-09,20,My Strongest Weakness,Wynonna,22,6,Gains In Performance
1993-01-09,21,Let Go Of The Stone,John Anderson,21,7,Gains In Performance
1993-01-09,22,Drive South,Suzy Bogguss,24,6,Gains In Performance
1993-01-09,23,Cadillac Ranch,Chris LeDoux,23,10,Gains In Performance
1993-01-09,24,All These Years,Sawyer Brown,28,7,Gains In Performance
1993-01-09,25,When She Cries,Restless Heart,16,18,
1993-01-09,26,Two Sparrows In A Hurricane,Tanya Tucker,25,16,
1993-01-09,27,Tryin' To Hide A Fire In The Dark,Billy Dean,30,5,Gains In Performance
1993-01-09,28,Lost And Found,Brooks & Dunn,20,17,
1993-01-09,29,I Want You Bad (And That Ain't Good),Collin Raye,29,6,Gains In Performance
1993-01-09,30,I'm In A Hurry (And Don't Know Why),Alabama,27,16,
1993-01-09,31,Just One Night,McBride & The Ride,31,9,Gains In Performance
1993-01-09,32,What Part Of No,Lorrie Morgan,34,4,Gains In Performance
1993-01-09,33,Leavin's Been A Long Time Comin',Shenandoah,33,7,Gains In Performance
1993-01-09,34,I Don't Need Your Rockin' Chair,George Jones,35,13,Gains In Performance
1993-01-09,35,Even The Man In The Moon Is Cryin',Mark Collie,32,20,
1993-01-09,36,Boom! It Was Over,Robert Ellis Orrall,39,9,Gains In Performance
1993-01-09,37,Watch Me,Lorrie Morgan,38,19,
1993-01-09,38,Once Upon A Lifetime,Alabama,45,3,Gains In Performance
1993-01-09,39,If There Hadn't Been You,Billy Dean,37,20,
1993-01-09,40,Passionate Kisses,Mary Chapin Carpenter,46,3,Gains In Performance
1993-01-09,41,High On A Mountain Top,Marty Stuart,41,5,Gains In Performance
1993-01-09,42,He Would Be Sixteen,Michelle Wright,36,11,
1993-01-09,43,Big Heart,Gibson/Miller Band,44,9,Gains In Performance
1993-01-09,44,Call Home,Mike Reid,43,8,
1993-01-09,45,Lord Have Mercy On The Working Man,Travis Tritt,42,20,
1993-01-09,46,Rock Me (In The Cradle Of Love),Deborah Allen,49,6,Gains In Performance
1993-01-09,47,Startin' Over Blues,Joe Diffie,48,4,Gains In Performance
1993-01-09,48,The Old Man's Back In Town,Garth Brooks,51,3,
1993-01-09,49,Lonesome Standard Time,Kathy Mattea,47,16,
1993-01-09,50,Cheap Whiskey,Martina McBride,50,6,Gains In Performance
1993-01-09,51,In The Blood,Rob Crosby,55,3,Gains In Performance
1993-01-09,52,Not Too Much To Ask,Mary Chapin Carpenter With Joe Diffie,53,18,
1993-01-09,53,Now That's Country,Marty Stuart,57,18,
1993-01-09,54,I Will Stand By You,Corbin/Hanner,60,5,Gains In Performance
1993-01-09,55,We Shall Be Free,Garth Brooks,56,18,
1993-01-09,56,Golden Years,Holly Dunn,61,3,Gains In Performance
1993-01-09,57,Wher'm I Gonna Live?,Billy Ray Cyrus,52,13,
1993-01-09,58,Who Needs It,Clinton Gregory,54,16,
1993-01-09,59,Standing On The Promises,Lionel Cartwright,59,11,
1993-01-09,60,Ol' Country,Mark Chesnutt,74,2,Gains In Performance
1993-01-16,1,Somewhere Other Than The Night,Garth Brooks,2,14,Gains In Performance
1993-01-16,2,Don't Let Our Love Start Slippin' Away,Vince Gill,1,14,
1993-01-16,3,Walkaway Joe,Trisha Yearwood,4,11,Gains In Performance
1993-01-16,4,"Look Heart, No Hands",Randy Travis,5,9,Gains In Performance
1993-01-16,5,Sure Love,Hal Ketchum,3,17,
1993-01-16,6,Life's A Dance,John Michael Montgomery,7,16,Gains In Performance
1993-01-16,7,Too Busy Being In Love,Doug Stone,9,11,Gains In Performance
1993-01-16,8,Love Without Mercy,Lee Roy Parnell,8,16,Gains In Performance
1993-01-16,9,She's Got The Rhythm (And I Got The Blues),Alan Jackson,6,13,
1993-01-16,10,Wild Man,Ricky Van Shelton,11,13,Gains In Performance
1993-01-16,11,Take It Back,Reba McEntire,13,9,Gains In Performance
1993-01-16,12,Anywhere But Here,Sammy Kershaw,10,16,
1993-01-16,13,Somebody Paints The Wall,Tracy Lawrence,14,15,
1993-01-16,14,Can I Trust You With My Heart,Travis Tritt,15,7,Gains In Performance
1993-01-16,15,Burn One Down,Clint Black,12,17,
1993-01-16,16,In A Week Or Two,Diamond Rio,16,9,Gains In Performance
1993-01-16,17,I Cross My Heart,George Strait,18,16,
1993-01-16,18,What Were You Thinkin',Little Texas,17,15,
1993-01-16,19,Queen Of Memphis,Confederate Railroad,19,9,Gains In Performance
1993-01-16,20,My Strongest Weakness,Wynonna,20,7,Gains In Performance
1993-01-16,21,Let Go Of The Stone,John Anderson,21,8,Gains In Performance
1993-01-16,22,Drive South,Suzy Bogguss,22,7,Gains In Performance
1993-01-16,23,Cadillac Ranch,Chris LeDoux,23,11,Gains In Performance
1993-01-16,24,All These Years,Sawyer Brown,24,8,Gains In Performance
1993-01-16,25,Two Sparrows In A Hurricane,Tanya Tucker,26,17,
1993-01-16,26,Tryin' To Hide A Fire In The Dark,Billy Dean,27,6,Gains In Performance
1993-01-16,27,I Want You Bad (And That Ain't Good),Collin Raye,29,7,Gains In Performance
1993-01-16,28,What Part Of No,Lorrie Morgan,32,5,Gains In Performance
1993-01-16,29,I'm In A Hurry (And Don't Know Why),Alabama,30,17,
1993-01-16,30,Just One Night,McBride & The Ride,31,10,Gains In Performance
1993-01-16,31,Leavin's Been A Long Time Comin',Shenandoah,33,8,Gains In Performance
1993-01-16,32,Lost And Found,Brooks & Dunn,28,18,
1993-01-16,33,When She Cries,Restless Heart,25,19,
1993-01-16,34,I Don't Need Your Rockin' Chair,George Jones,34,14,Gains In Performance
1993-01-16,35,Watch Me,Lorrie Morgan,37,20,
1993-01-16,36,Passionate Kisses,Mary Chapin Carpenter,40,4,Gains In Performance
1993-01-16,37,Boom! It Was Over,Robert Ellis Orrall,36,10,
1993-01-16,38,Once Upon A Lifetime,Alabama,38,4,Gains In Performance
1993-01-16,39,High On A Mountain Top,Marty Stuart,41,6,Gains In Performance
1993-01-16,40,Big Heart,Gibson/Miller Band,43,10,Gains In Performance
1993-01-16,41,He Would Be Sixteen,Michelle Wright,42,12,
1993-01-16,42,Rock Me (In The Cradle Of Love),Deborah Allen,46,7,Gains In Performance
1993-01-16,43,Call Home,Mike Reid,44,9,
1993-01-16,44,Startin' Over Blues,Joe Diffie,47,5,Gains In Performance
1993-01-16,45,Lonesome Standard Time,Kathy Mattea,49,17,
1993-01-16,46,Cheap Whiskey,Martina McBride,50,7,Gains In Performance
1993-01-16,47,Ol' Country,Mark Chesnutt,60,3,Gains In Performance
1993-01-16,48,In The Blood,Rob Crosby,51,4,Gains In Performance
1993-01-16,49,Let That Pony Run,Pam Tillis,61,3,Gains In Performance
1993-01-16,50,We Shall Be Free,Garth Brooks,55,19,
1993-01-16,51,Now That's Country,Marty Stuart,53,19,
1993-01-16,52,Wher'm I Gonna Live?,Billy Ray Cyrus,57,14,Gains In Performance
1993-01-16,53,Not Too Much To Ask,Mary Chapin Carpenter With Joe Diffie,52,19,
1993-01-16,54,I Will Stand By You,Corbin/Hanner,54,6,Gains In Performance
1993-01-16,55,Golden Years,Holly Dunn,56,4,Gains In Performance
1993-01-16,56,If I Could Stop Lovin' You,Curtis Wright,63,3,Gains In Performance
1993-01-16,57,Best Mistakes I Ever Made,Rick Vincent,64,6,Gains In Performance
1993-01-16,58,"Suspicious Minds (From ""Honeymoon In Vegas"")",Dwight Yoakam,62,13,
1993-01-16,59,Who Needs It,Clinton Gregory,58,17,
1993-01-16,60,Standing On The Promises,Lionel Cartwright,59,12,
1993-01-23,1,"Look Heart, No Hands",Randy Travis,4,10,Gains In Performance
1993-01-23,2,Walkaway Joe,Trisha Yearwood,3,12,Gains In Performance
1993-01-23,3,Somewhere Other Than The Night,Garth Brooks,1,15,
1993-01-23,4,Don't Let Our Love Start Slippin' Away,Vince Gill,2,15,
1993-01-23,5,Too Busy Being In Love,Doug Stone,7,12,Gains In Performance
1993-01-23,6,Life's A Dance,John Michael Montgomery,6,17,Gains In Performance
1993-01-23,7,Wild Man,Ricky Van Shelton,10,14,Gains In Performance
1993-01-23,8,Love Without Mercy,Lee Roy Parnell,8,17,Gains In Performance
1993-01-23,9,Take It Back,Reba McEntire,11,10,Gains In Performance
1993-01-23,10,Can I Trust You With My Heart,Travis Tritt,14,8,Gains In Performance
1993-01-23,11,Sure Love,Hal Ketchum,5,18,
1993-01-23,12,In A Week Or Two,Diamond Rio,16,10,Gains In Performance
1993-01-23,13,Anywhere But Here,Sammy Kershaw,12,17,
1993-01-23,14,Queen Of Memphis,Confederate Railroad,19,10,Gains In Performance
1993-01-23,15,Let Go Of The Stone,John Anderson,21,9,Gains In Performance
1993-01-23,16,My Strongest Weakness,Wynonna,20,8,Gains In Performance
1993-01-23,17,Drive South,Suzy Bogguss,22,8,Gains In Performance
1993-01-23,18,She's Got The Rhythm (And I Got The Blues),Alan Jackson,9,14,
1993-01-23,19,Somebody Paints The Wall,Tracy Lawrence,13,16,
1993-01-23,20,Tryin' To Hide A Fire In The Dark,Billy Dean,26,7,Gains In Performance
1993-01-23,21,Cadillac Ranch,Chris LeDoux,23,12,Gains In Performance
1993-01-23,22,All These Years,Sawyer Brown,24,9,Gains In Performance
1993-01-23,23,I Want You Bad (And That Ain't Good),Collin Raye,27,8,Gains In Performance
1993-01-23,24,What Part Of No,Lorrie Morgan,28,6,Gains In Performance
1993-01-23,25,Burn One Down,Clint Black,15,18,
1993-01-23,26,Just One Night,McBride & The Ride,30,11,Gains In Performance
1993-01-23,27,Leavin's Been A Long Time Comin',Shenandoah,31,9,Gains In Performance
1993-01-23,28,What Were You Thinkin',Little Texas,18,16,
1993-01-23,29,I Cross My Heart,George Strait,17,17,
1993-01-23,30,Passionate Kisses,Mary Chapin Carpenter,36,5,Gains In Performance
1993-01-23,31,Once Upon A Lifetime,Alabama,38,5,Gains In Performance
1993-01-23,32,Two Sparrows In A Hurricane,Tanya Tucker,25,18,
1993-01-23,33,Boom! It Was Over,Robert Ellis Orrall,37,11,Gains In Performance
1993-01-23,34,I'm In A Hurry (And Don't Know Why),Alabama,29,18,
1993-01-23,35,I Don't Need Your Rockin' Chair,George Jones,34,15,
1993-01-23,36,Lost And Found,Brooks & Dunn,32,19,
1993-01-23,37,High On A Mountain Top,Marty Stuart,39,7,Gains In Performance
1993-01-23,38,When She Cries,Restless Heart,33,20,
1993-01-23,39,Big Heart,Gibson/Miller Band,40,11,Gains In Performance
1993-01-23,40,Rock Me (In The Cradle Of Love),Deborah Allen,42,8,Gains In Performance
1993-01-23,41,Startin' Over Blues,Joe Diffie,44,6,Gains In Performance
1993-01-23,42,Let That Pony Run,Pam Tillis,49,4,Gains In Performance
1993-01-23,43,Ol' Country,Mark Chesnutt,47,4,Gains In Performance
1993-01-23,44,Call Home,Mike Reid,43,10,
1993-01-23,45,Cheap Whiskey,Martina McBride,46,8,Gains In Performance
1993-01-23,46,He Would Be Sixteen,Michelle Wright,41,13,
1993-01-23,47,Heartland,George Strait,70,4,Gains In Performance
1993-01-23,48,In The Blood,Rob Crosby,48,5,Gains In Performance
1993-01-23,49,Lonesome Standard Time,Kathy Mattea,45,18,
1993-01-23,50,I Will Stand By You,Corbin/Hanner,54,7,Gains In Performance
1993-01-23,51,Golden Years,Holly Dunn,55,5,Gains In Performance
1993-01-23,52,Best Mistakes I Ever Made,Rick Vincent,57,7,Gains In Performance
1993-01-23,53,We Shall Be Free,Garth Brooks,50,20,
1993-01-23,54,If I Could Stop Lovin' You,Curtis Wright,56,4,Gains In Performance
1993-01-23,55,Now That's Country,Marty Stuart,51,20,
1993-01-23,56,Nobody Wins,Radney Foster,NEW,1,Highest ranking debut|Gains In Performance
1993-01-23,57,She's Not Cryin' Anymore,Billy Ray Cyrus,RE,2,Gains In Performance
1993-01-23,58,Not Too Much To Ask,Mary Chapin Carpenter With Joe Diffie,53,20,
1993-01-23,59,It's A Little Too Late,Tanya Tucker,65,2,Gains In Performance
1993-01-23,60,Standing Knee Deep In A River (Dying Of Thirst),Kathy Mattea,NEW,1,Gains In Performance
1993-01-30,1,"Look Heart, No Hands",Randy Travis,1,11,Gains In Performance
1993-01-30,2,Too Busy Being In Love,Doug Stone,5,13,Gains In Performance
1993-01-30,3,Walkaway Joe,Trisha Yearwood,2,13,
1993-01-30,4,Life's A Dance,John Michael Montgomery,6,18,Gains In Performance
1993-01-30,5,Wild Man,Ricky Van Shelton,7,15,Gains In Performance
1993-01-30,6,Can I Trust You With My Heart,Travis Tritt,10,9,Gains In Performance
1993-01-30,7,Take It Back,Reba McEntire,9,11,Gains In Performance
1993-01-30,8,Somewhere Other Than The Night,Garth Brooks,3,16,
1993-01-30,9,In A Week Or Two,Diamond Rio,12,11,Gains In Performance
1993-01-30,10,Don't Let Our Love Start Slippin' Away,Vince Gill,4,16,
1993-01-30,11,Love Without Mercy,Lee Roy Parnell,8,18,
1993-01-30,12,Queen Of Memphis,Confederate Railroad,14,11,Gains In Performance
1993-01-30,13,My Strongest Weakness,Wynonna,16,9,Gains In Performance
1993-01-30,14,Drive South,Suzy Bogguss,17,9,Gains In Performance
1993-01-30,15,Let Go Of The Stone,John Anderson,15,10,Gains In Performance
1993-01-30,16,What Part Of No,Lorrie Morgan,24,7,Gains In Performance
1993-01-30,17,Tryin' To Hide A Fire In The Dark,Billy Dean,20,8,Gains In Performance
1993-01-30,18,Cadillac Ranch,Chris LeDoux,21,13,Gains In Performance
1993-01-30,19,All These Years,Sawyer Brown,22,10,Gains In Performance
1993-01-30,20,I Want You Bad (And That Ain't Good),Collin Raye,23,9,Gains In Performance
1993-01-30,21,Leavin's Been A Long Time Comin',Shenandoah,27,10,Gains In Performance
1993-01-30,22,Just One Night,McBride & The Ride,26,12,Gains In Performance
1993-01-30,23,Passionate Kisses,Mary Chapin Carpenter,30,6,Gains In Performance
1993-01-30,24,Once Upon A Lifetime,Alabama,31,6,Gains In Performance
1993-01-30,25,She's Got The Rhythm (And I Got The Blues),Alan Jackson,18,15,
1993-01-30,26,Sure Love,Hal Ketchum,11,19,
1993-01-30,27,Boom! It Was Over,Robert Ellis Orrall,33,12,Gains In Performance
1993-01-30,28,High On A Mountain Top,Marty Stuart,37,8,Gains In Performance
1993-01-30,29,Burn One Down,Clint Black,25,19,
1993-01-30,30,I Cross My Heart,George Strait,29,18,
1993-01-30,31,Anywhere But Here,Sammy Kershaw,13,18,
1993-01-30,32,Two Sparrows In A Hurricane,Tanya Tucker,32,19,
1993-01-30,33,Heartland,George Strait,47,5,Gains In Performance
1993-01-30,34,Let That Pony Run,Pam Tillis,42,5,Gains In Performance
1993-01-30,35,I'm In A Hurry (And Don't Know Why),Alabama,34,19,
1993-01-30,36,Somebody Paints The Wall,Tracy Lawrence,19,17,
1993-01-30,37,Ol' Country,Mark Chesnutt,43,5,Gains In Performance
1993-01-30,38,Big Heart,Gibson/Miller Band,39,12,Gains In Performance
1993-01-30,39,Lost And Found,Brooks & Dunn,36,20,
1993-01-30,40,Rock Me (In The Cradle Of Love),Deborah Allen,40,9,Gains In Performance
1993-01-30,41,Startin' Over Blues,Joe Diffie,41,7,Gains In Performance
1993-01-30,42,She's Not Cryin' Anymore,Billy Ray Cyrus,57,3,Gains In Performance
1993-01-30,43,What Were You Thinkin',Little Texas,28,17,
1993-01-30,44,Cheap Whiskey,Martina McBride,45,9,Gains In Performance
1993-01-30,45,It's A Little Too Late,Tanya Tucker,59,3,Gains In Performance
1993-01-30,46,Call Home,Mike Reid,44,11,
1993-01-30,47,I Don't Need Your Rockin' Chair,George Jones,35,16,
1993-01-30,48,Nobody Wins,Radney Foster,56,2,Gains In Performance
1993-01-30,49,Standing Knee Deep In A River (Dying Of Thirst),Kathy Mattea,60,2,Gains In Performance
1993-01-30,50,Mending Fences,Restless Heart,66,2,Gains In Performance
1993-01-30,51,When My Ship Comes In,Clint Black,70,3,Gains In Performance
1993-01-30,52,In The Blood,Rob Crosby,48,6,
1993-01-30,53,I Will Stand By You,Corbin/Hanner,50,8,
1993-01-30,54,Golden Years,Holly Dunn,51,6,
1993-01-30,55,Best Mistakes I Ever Made,Rick Vincent,52,8,
1993-01-30,56,Lonesome Standard Time,Kathy Mattea,49,19,
1993-01-30,57,If I Could Stop Lovin' You,Curtis Wright,54,5,
1993-01-30,58,Poor Man's Rose,Stacy Dean Campbell,61,6,Gains In Performance
1993-01-30,59,He Would Be Sixteen,Michelle Wright,46,14,
1993-01-30,60,Wher'm I Gonna Live?,Billy Ray Cyrus,62,16,
1993-02-06,1,Too Busy Being In Love,Doug Stone,2,14,Gains In Performance
1993-02-06,2,"Look Heart, No Hands",Randy Travis,1,12,
1993-02-06,3,Can I Trust You With My Heart,Travis Tritt,6,10,Gains In Performance
1993-02-06,4,In A Week Or Two,Diamond Rio,9,12,Gains In Performance
1993-02-06,5,Wild Man,Ricky Van Shelton,5,16,
1993-02-06,6,Take It Back,Reba McEntire,7,12,Gains In Performance
1993-02-06,7,Life's A Dance,John Michael Montgomery,4,19,
1993-02-06,8,Walkaway Joe,Trisha Yearwood,3,14,
1993-02-06,9,My Strongest Weakness,Wynonna,13,10,Gains In Performance
1993-02-06,10,Queen Of Memphis,Confederate Railroad,12,12,Gains In Performance
1993-02-06,11,Let Go Of The Stone,John Anderson,15,11,Gains In Performance
1993-02-06,12,Drive South,Suzy Bogguss,14,10,Gains In Performance
1993-02-06,13,What Part Of No,Lorrie Morgan,16,8,Gains In Performance
1993-02-06,14,Somewhere Other Than The Night,Garth Brooks,8,17,
1993-02-06,15,All These Years,Sawyer Brown,19,11,Gains In Performance
1993-02-06,16,Tryin' To Hide A Fire In The Dark,Billy Dean,17,9,Gains In Performance
1993-02-06,17,I Want You Bad (And That Ain't Good),Collin Raye,20,10,Gains In Performance
1993-02-06,18,Passionate Kisses,Mary Chapin Carpenter,23,7,Gains In Performance
1993-02-06,19,Don't Let Our Love Start Slippin' Away,Vince Gill,10,17,
1993-02-06,20,Just One Night,McBride & The Ride,22,13,Gains In Performance
1993-02-06,21,Leavin's Been A Long Time Comin',Shenandoah,21,11,Gains In Performance
1993-02-06,22,Cadillac Ranch,Chris LeDoux,18,14,
1993-02-06,23,Once Upon A Lifetime,Alabama,24,7,Gains In Performance
1993-02-06,24,Boom! It Was Over,Robert Ellis Orrall,27,13,Gains In Performance
1993-02-06,25,High On A Mountain Top,Marty Stuart,28,9,Gains In Performance
1993-02-06,26,Heartland,George Strait,33,6,Gains In Performance
1993-02-06,27,Let That Pony Run,Pam Tillis,34,6,Gains In Performance
1993-02-06,28,Ol' Country,Mark Chesnutt,37,6,Gains In Performance
1993-02-06,29,Love Without Mercy,Lee Roy Parnell,11,19,
1993-02-06,30,She's Got The Rhythm (And I Got The Blues),Alan Jackson,25,16,
1993-02-06,31,Sure Love,Hal Ketchum,26,20,
1993-02-06,32,It's A Little Too Late,Tanya Tucker,45,4,Gains In Performance
1993-02-06,33,I Cross My Heart,George Strait,30,19,
1993-02-06,34,Burn One Down,Clint Black,29,20,
1993-02-06,35,Rock Me (In The Cradle Of Love),Deborah Allen,40,10,Gains In Performance
1993-02-06,36,She's Not Cryin' Anymore,Billy Ray Cyrus,42,4,Gains In Performance
1993-02-06,37,Big Heart,Gibson/Miller Band,38,13,Gains In Performance
1993-02-06,38,Two Sparrows In A Hurricane,Tanya Tucker,32,20,
1993-02-06,39,I'm In A Hurry (And Don't Know Why),Alabama,35,20,
1993-02-06,40,When My Ship Comes In,Clint Black,51,4,Gains In Performance
1993-02-06,41,Nobody Wins,Radney Foster,48,3,Gains In Performance
1993-02-06,42,Startin' Over Blues,Joe Diffie,41,8,
1993-02-06,43,Anywhere But Here,Sammy Kershaw,31,19,
1993-02-06,44,Cheap Whiskey,Martina McBride,44,10,Gains In Performance
1993-02-06,45,Mending Fences,Restless Heart,50,3,Gains In Performance
1993-02-06,46,Standing Knee Deep In A River (Dying Of Thirst),Kathy Mattea,49,3,Gains In Performance
1993-02-06,47,Somebody Paints The Wall,Tracy Lawrence,36,18,
1993-02-06,48,Learning To Live Again,Garth Brooks,NEW,1,Highest ranking debut|Gains In Performance
1993-02-06,49,I Will Stand By You,Corbin/Hanner,53,9,Gains In Performance
1993-02-06,50,I Don't Need Your Rockin' Chair,George Jones,47,17,
1993-02-06,51,Best Mistakes I Ever Made,Rick Vincent,55,9,Gains In Performance
1993-02-06,52,What Were You Thinkin',Little Texas,43,18,
1993-02-06,53,In The Blood,Rob Crosby,52,7,
1993-02-06,54,Born To Love You,Mark Collie,63,2,Gains In Performance
1993-02-06,55,Golden Years,Holly Dunn,54,7,
1993-02-06,56,If I Could Stop Lovin' You,Curtis Wright,57,6,
1993-02-06,57,Hard Workin' Man,Brooks & Dunn,NEW,1,Gains In Performance
1993-02-06,58,Call Home,Mike Reid,46,12,
1993-02-06,59,I'd Rather Miss You,Little Texas,65,2,Gains In Performance
1993-02-06,60,Poor Man's Rose,Stacy Dean Campbell,58,7,
1993-02-13,1,Can I Trust You With My Heart,Travis Tritt,3,11,Gains In Performance
1993-02-13,2,In A Week Or Two,Diamond Rio,4,13,Gains In Performance
1993-02-13,3,Too Busy Being In Love,Doug Stone,1,15,
1993-02-13,4,My Strongest Weakness,Wynonna,9,11,Gains In Performance
1993-02-13,5,Take It Back,Reba McEntire,6,13,
1993-02-13,6,Queen Of Memphis,Confederate Railroad,10,13,Gains In Performance
1993-02-13,7,Let Go Of The Stone,John Anderson,11,12,Gains In Performance
1993-02-13,8,"Look Heart, No Hands",Randy Travis,2,13,
1993-02-13,9,Drive South,Suzy Bogguss,12,11,Gains In Performance
1993-02-13,10,All These Years,Sawyer Brown,15,12,Gains In Performance
1993-02-13,11,What Part Of No,Lorrie Morgan,13,9,Gains In Performance
1993-02-13,12,Wild Man,Ricky Van Shelton,5,17,
1993-02-13,13,Tryin' To Hide A Fire In The Dark,Billy Dean,16,10,Gains In Performance
1993-02-13,14,Just One Night,McBride & The Ride,20,14,Gains In Performance
1993-02-13,15,Passionate Kisses,Mary Chapin Carpenter,18,8,Gains In Performance
1993-02-13,16,I Want You Bad (And That Ain't Good),Collin Raye,17,11,Gains In Performance
1993-02-13,17,Once Upon A Lifetime,Alabama,23,8,Gains In Performance
1993-02-13,18,Heartland,George Strait,26,7,Gains In Performance
1993-02-13,19,Leavin's Been A Long Time Comin',Shenandoah,21,12,Gains In Performance
1993-02-13,20,Life's A Dance,John Michael Montgomery,7,20,
1993-02-13,21,Walkaway Joe,Trisha Yearwood,8,15,
1993-02-13,22,Boom! It Was Over,Robert Ellis Orrall,24,14,Gains In Performance
1993-02-13,23,Let That Pony Run,Pam Tillis,27,7,Gains In Performance
1993-02-13,24,Ol' Country,Mark Chesnutt,28,7,Gains In Performance
1993-02-13,25,High On A Mountain Top,Marty Stuart,25,10,Gains In Performance
1993-02-13,26,It's A Little Too Late,Tanya Tucker,32,5,Gains In Performance
1993-02-13,27,Somewhere Other Than The Night,Garth Brooks,14,18,
1993-02-13,28,Don't Let Our Love Start Slippin' Away,Vince Gill,19,18,
1993-02-13,29,When My Ship Comes In,Clint Black,40,5,Gains In Performance
1993-02-13,30,She's Not Cryin' Anymore,Billy Ray Cyrus,36,5,Gains In Performance
1993-02-13,31,Rock Me (In The Cradle Of Love),Deborah Allen,35,11,Gains In Performance
1993-02-13,32,Learning To Live Again,Garth Brooks,48,2,Gains In Performance
1993-02-13,33,Nobody Wins,Radney Foster,41,4,Gains In Performance
1993-02-13,34,She's Got The Rhythm (And I Got The Blues),Alan Jackson,30,17,
1993-02-13,35,I Cross My Heart,George Strait,33,20,
1993-02-13,36,Hard Workin' Man,Brooks & Dunn,57,2,Gains In Performance
1993-02-13,37,Cadillac Ranch,Chris LeDoux,22,15,
1993-02-13,38,Big Heart,Gibson/Miller Band,37,14,
1993-02-13,39,Mending Fences,Restless Heart,45,4,Gains In Performance
1993-02-13,40,Standing Knee Deep In A River (Dying Of Thirst),Kathy Mattea,46,4,Gains In Performance
1993-02-13,41,Startin' Over Blues,Joe Diffie,42,9,
1993-02-13,42,Love Without Mercy,Lee Roy Parnell,29,20,
1993-02-13,43,Born To Love You,Mark Collie,54,3,Gains In Performance
1993-02-13,44,Cheap Whiskey,Martina McBride,44,11,
1993-02-13,45,Anywhere But Here,Sammy Kershaw,43,20,
1993-02-13,46,Somebody Paints The Wall,Tracy Lawrence,47,19,
1993-02-13,47,Best Mistakes I Ever Made,Rick Vincent,51,10,Gains In Performance
1993-02-13,48,I'd Rather Miss You,Little Texas,59,3,Gains In Performance
1993-02-13,49,My Blue Angel,Aaron Tippin,64,3,Gains In Performance
1993-02-13,50,I Will Stand By You,Corbin/Hanner,49,10,
1993-02-13,51,In The Blood,Rob Crosby,53,8,
1993-02-13,52,I Don't Need Your Rockin' Chair,George Jones,50,18,
1993-02-13,53,If I Could Stop Lovin' You,Curtis Wright,56,7,
1993-02-13,54,Golden Years,Holly Dunn,55,8,
1993-02-13,55,Poor Man's Rose,Stacy Dean Campbell,60,8,Gains In Performance
1993-02-13,56,Why Baby Why,Palomino Road,62,5,Gains In Performance
1993-02-13,57,What Were You Thinkin',Little Texas,52,19,
1993-02-13,58,Romeo,Dolly Parton & Friends,NEW,1,Highest ranking debut|Gains In Performance
1993-02-13,59,Now I Pray For Rain,Neal McCoy,NEW,1,Gains In Performance
1993-02-13,60,Nobody Loves You When You're Free,The Remingtons,70,2,Gains In Performance
1993-02-20,1,Can I Trust You With My Heart,Travis Tritt,1,12,
1993-02-20,2,In A Week Or Two,Diamond Rio,2,14,
1993-02-20,3,Queen Of Memphis,Confederate Railroad,6,14,Gains In Performance
1993-02-20,4,My Strongest Weakness,Wynonna,4,12,Gains In Performance
1993-02-20,5,What Part Of No,Lorrie Morgan,11,10,Gains In Performance
1993-02-20,6,All These Years,Sawyer Brown,10,13,Gains In Performance
1993-02-20,7,Drive South,Suzy Bogguss,9,12,Gains In Performance
1993-02-20,8,Let Go Of The Stone,John Anderson,7,13,Gains In Performance
1993-02-20,9,Tryin' To Hide A Fire In The Dark,Billy Dean,13,11,Gains In Performance
1993-02-20,10,Just One Night,McBride & The Ride,14,15,Gains In Performance
1993-02-20,11,Once Upon A Lifetime,Alabama,17,9,Gains In Performance
1993-02-20,12,Too Busy Being In Love,Doug Stone,3,16,
1993-02-20,13,Passionate Kisses,Mary Chapin Carpenter,15,9,Gains In Performance
1993-02-20,14,I Want You Bad (And That Ain't Good),Collin Raye,16,12,Gains In Performance
1993-02-20,15,Heartland,George Strait,18,8,Gains In Performance
1993-02-20,16,Take It Back,Reba McEntire,5,14,
1993-02-20,17,Leavin's Been A Long Time Comin',Shenandoah,19,13,Gains In Performance
1993-02-20,18,"Look Heart, No Hands",Randy Travis,8,14,
1993-02-20,19,Boom! It Was Over,Robert Ellis Orrall,22,15,Gains In Performance
1993-02-20,20,Let That Pony Run,Pam Tillis,23,8,Gains In Performance
1993-02-20,21,It's A Little Too Late,Tanya Tucker,26,6,Gains In Performance
1993-02-20,22,When My Ship Comes In,Clint Black,29,6,Gains In Performance
1993-02-20,23,Ol' Country,Mark Chesnutt,24,8,Gains In Performance
1993-02-20,24,High On A Mountain Top,Marty Stuart,25,11,Gains In Performance
1993-02-20,25,She's Not Cryin' Anymore,Billy Ray Cyrus,30,6,Gains In Performance
1993-02-20,26,Learning To Live Again,Garth Brooks,32,3,Gains In Performance
1993-02-20,27,Hard Workin' Man,Brooks & Dunn,36,3,Gains In Performance
1993-02-20,28,Nobody Wins,Radney Foster,33,5,Gains In Performance
1993-02-20,29,Wild Man,Ricky Van Shelton,12,18,
1993-02-20,30,Rock Me (In The Cradle Of Love),Deborah Allen,31,12,Gains In Performance
1993-02-20,31,Don't Let Our Love Start Slippin' Away,Vince Gill,28,19,
1993-02-20,32,Walkaway Joe,Trisha Yearwood,21,16,
1993-02-20,33,Somewhere Other Than The Night,Garth Brooks,27,19,
1993-02-20,34,Mending Fences,Restless Heart,39,5,Gains In Performance
1993-02-20,35,She's Got The Rhythm (And I Got The Blues),Alan Jackson,34,18,
1993-02-20,36,Standing Knee Deep In A River (Dying Of Thirst),Kathy Mattea,40,5,Gains In Performance
1993-02-20,37,Born To Love You,Mark Collie,43,4,Gains In Performance
1993-02-20,38,My Blue Angel,Aaron Tippin,49,4,Gains In Performance
1993-02-20,39,Best Mistakes I Ever Made,Rick Vincent,47,11,Gains In Performance
1993-02-20,40,I'd Rather Miss You,Little Texas,48,4,Gains In Performance
1993-02-20,41,Cadillac Ranch,Chris LeDoux,37,16,
1993-02-20,42,She Don't Know She's Beautiful,Sammy Kershaw,67,2,Gains In Performance
1993-02-20,43,Tonight I Climbed The Wall,Alan Jackson,63,3,Gains In Performance
1993-02-20,44,Romeo,Dolly Parton & Friends,58,2,Gains In Performance
1993-02-20,45,Now I Pray For Rain,Neal McCoy,59,2,Gains In Performance
1993-02-20,46,Somebody Paints The Wall,Tracy Lawrence,46,20,
1993-02-20,47,Big Heart,Gibson/Miller Band,38,15,
1993-02-20,48,Startin' Over Blues,Joe Diffie,41,10,
1993-02-20,49,Why Baby Why,Palomino Road,56,6,Gains In Performance
1993-02-20,50,Cheap Whiskey,Martina McBride,44,12,
1993-02-20,51,The Heart Won't Lie,Reba McEntire & Vince Gill,NEW,1,Highest ranking debut|Gains In Performance
1993-02-20,52,Nobody Loves You When You're Free,The Remingtons,60,3,Gains In Performance
1993-02-20,53,Like A River To The Sea,Steve Wariner,NEW,1,Gains In Performance
1993-02-20,54,I Don't Need Your Rockin' Chair,George Jones,52,19,
1993-02-20,55,High Rollin',Gibson/Miller Band,71,2,Gains In Performance
1993-02-20,56,Poor Man's Rose,Stacy Dean Campbell,55,9,
1993-02-20,57,True Confessions,Joy White,62,4,Gains In Performance
1993-02-20,58,Honky Tonk Walkin',The Kentucky Headhunters,NEW,1,Gains In Performance
1993-02-20,59,I Will Stand By You,Corbin/Hanner,50,11,
1993-02-20,60,Someone To Give My Love To,Tracy Byrd,64,2,Gains In Performance
1993-02-27,1,What Part Of No,Lorrie Morgan,5,11,Gains In Performance
1993-02-27,2,Queen Of Memphis,Confederate Railroad,3,15,
1993-02-27,3,Drive South,Suzy Bogguss,7,13,Gains In Performance
1993-02-27,4,All These Years,Sawyer Brown,6,14,Gains In Performance
1993-02-27,5,In A Week Or Two,Diamond Rio,2,15,
1993-02-27,6,My Strongest Weakness,Wynonna,4,13,
1993-02-27,7,Can I Trust You With My Heart,Travis Tritt,1,13,
1993-02-27,8,Once Upon A Lifetime,Alabama,11,10,Gains In Performance
1993-02-27,9,Just One Night,McBride & The Ride,10,16,Gains In Performance
1993-02-27,10,Tryin' To Hide A Fire In The Dark,Billy Dean,9,12,
1993-02-27,11,Passionate Kisses,Mary Chapin Carpenter,13,10,Gains In Performance
1993-02-27,12,Let Go Of The Stone,John Anderson,8,14,
1993-02-27,13,Heartland,George Strait,15,9,Gains In Performance
1993-02-27,14,I Want You Bad (And That Ain't Good),Collin Raye,14,13,Gains In Performance
1993-02-27,15,Leavin's Been A Long Time Comin',Shenandoah,17,14,
1993-02-27,16,It's A Little Too Late,Tanya Tucker,21,7,Gains In Performance
1993-02-27,17,When My Ship Comes In,Clint Black,22,7,Gains In Performance
1993-02-27,18,Let That Pony Run,Pam Tillis,20,9,Gains In Performance
1993-02-27,19,Hard Workin' Man,Brooks & Dunn,27,4,Gains In Performance
1993-02-27,20,Learning To Live Again,Garth Brooks,26,4,Gains In Performance
1993-02-27,21,Boom! It Was Over,Robert Ellis Orrall,19,16,
1993-02-27,22,Ol' Country,Mark Chesnutt,23,9,Gains In Performance
1993-02-27,23,She's Not Cryin' Anymore,Billy Ray Cyrus,25,7,Gains In Performance
1993-02-27,24,Too Busy Being In Love,Doug Stone,12,17,
1993-02-27,25,High On A Mountain Top,Marty Stuart,24,12,
1993-02-27,26,Nobody Wins,Radney Foster,28,6,Gains In Performance
1993-02-27,27,"Look Heart, No Hands",Randy Travis,18,15,
1993-02-27,28,Mending Fences,Restless Heart,34,6,Gains In Performance
1993-02-27,29,Rock Me (In The Cradle Of Love),Deborah Allen,30,13,
1993-02-27,30,Don't Let Our Love Start Slippin' Away,Vince Gill,31,20,
1993-02-27,31,Take It Back,Reba McEntire,16,15,
1993-02-27,32,Standing Knee Deep In A River (Dying Of Thirst),Kathy Mattea,36,6,Gains In Performance
1993-02-27,33,The Heart Won't Lie,Reba McEntire & Vince Gill,51,2,Gains In Performance
1993-02-27,34,Born To Love You,Mark Collie,37,5,Gains In Performance
1993-02-27,35,Wild Man,Ricky Van Shelton,29,19,
1993-02-27,36,Walkaway Joe,Trisha Yearwood,32,17,
1993-02-27,37,Tonight I Climbed The Wall,Alan Jackson,43,4,Gains In Performance
1993-02-27,38,My Blue Angel,Aaron Tippin,38,5,Gains In Performance
1993-02-27,39,She Don't Know She's Beautiful,Sammy Kershaw,42,3,Gains In Performance
1993-02-27,40,I'd Rather Miss You,Little Texas,40,5,Gains In Performance
1993-02-27,41,Somewhere Other Than The Night,Garth Brooks,33,20,
1993-02-27,42,She's Got The Rhythm (And I Got The Blues),Alan Jackson,35,19,
1993-02-27,43,Romeo,Dolly Parton & Friends,44,3,Gains In Performance
1993-02-27,44,Best Mistakes I Ever Made,Rick Vincent,39,12,
1993-02-27,45,Now I Pray For Rain,Neal McCoy,45,3,Gains In Performance
1993-02-27,46,Hearts Are Gonna Roll,Hal Ketchum,67,2,Gains In Performance
1993-02-27,47,Cadillac Ranch,Chris LeDoux,41,17,
1993-02-27,48,Like A River To The Sea,Steve Wariner,53,2,Gains In Performance
1993-02-27,49,Why Baby Why,Palomino Road,49,7,Gains In Performance
1993-02-27,50,High Rollin',Gibson/Miller Band,55,3,Gains In Performance
1993-02-27,51,Alibis,Tracy Lawrence,64,2,Gains In Performance
1993-02-27,52,True Confessions,Joy White,57,5,Gains In Performance
1993-02-27,53,Someone To Give My Love To,Tracy Byrd,60,3,Gains In Performance
1993-02-27,54,Nobody Loves You When You're Free,The Remingtons,52,4,
1993-02-27,55,What A Woman Wants,Lari White,61,3,Gains In Performance
1993-02-27,56,Honky Tonk Walkin',The Kentucky Headhunters,58,2,Gains In Performance
1993-02-27,57,Honky Tonkin' Fool,Doug Supernaw,65,2,Gains In Performance
1993-02-27,58,Big Heart,Gibson/Miller Band,47,16,
1993-02-27,59,I Don't Need Your Rockin' Chair,George Jones,54,20,
1993-02-27,60,Look At You Girl,Chris LeDoux,72,2,Gains In Performance
1993-03-06,1,What Part Of No,Lorrie Morgan,1,12,Gains In Performance
1993-03-06,2,Drive South,Suzy Bogguss,3,14,Gains In Performance
1993-03-06,3,All These Years,Sawyer Brown,4,15,Gains In Performance
1993-03-06,4,Once Upon A Lifetime,Alabama,8,11,Gains In Performance
1993-03-06,5,Just One Night,McBride & The Ride,9,17,Gains In Performance
1993-03-06,6,Tryin' To Hide A Fire In The Dark,Billy Dean,10,13,Gains In Performance
1993-03-06,7,Passionate Kisses,Mary Chapin Carpenter,11,11,Gains In Performance
1993-03-06,8,Heartland,George Strait,13,10,Gains In Performance
1993-03-06,9,I Want You Bad (And That Ain't Good),Collin Raye,14,14,Gains In Performance
1993-03-06,10,Queen Of Memphis,Confederate Railroad,2,16,
1993-03-06,11,It's A Little Too Late,Tanya Tucker,16,8,Gains In Performance
1993-03-06,12,My Strongest Weakness,Wynonna,6,14,
1993-03-06,13,Let That Pony Run,Pam Tillis,18,10,Gains In Performance
1993-03-06,14,When My Ship Comes In,Clint Black,17,8,Gains In Performance
1993-03-06,15,Hard Workin' Man,Brooks & Dunn,19,5,Gains In Performance
1993-03-06,16,Can I Trust You With My Heart,Travis Tritt,7,14,
1993-03-06,17,Ol' Country,Mark Chesnutt,22,10,Gains In Performance
1993-03-06,18,Learning To Live Again,Garth Brooks,20,5,Gains In Performance
1993-03-06,19,She's Not Cryin' Anymore,Billy Ray Cyrus,23,8,Gains In Performance
1993-03-06,20,In A Week Or Two,Diamond Rio,5,16,
1993-03-06,21,Nobody Wins,Radney Foster,26,7,Gains In Performance
1993-03-06,22,Leavin's Been A Long Time Comin',Shenandoah,15,15,
1993-03-06,23,Let Go Of The Stone,John Anderson,12,15,
1993-03-06,24,The Heart Won't Lie,Reba McEntire & Vince Gill,33,3,Gains In Performance
1993-03-06,25,Mending Fences,Restless Heart,28,7,Gains In Performance
1993-03-06,26,Boom! It Was Over,Robert Ellis Orrall,21,17,
1993-03-06,27,Born To Love You,Mark Collie,34,6,Gains In Performance
1993-03-06,28,Tonight I Climbed The Wall,Alan Jackson,37,5,Gains In Performance
1993-03-06,29,High On A Mountain Top,Marty Stuart,25,13,
1993-03-06,30,Too Busy Being In Love,Doug Stone,24,18,
1993-03-06,31,She Don't Know She's Beautiful,Sammy Kershaw,39,4,Gains In Performance
1993-03-06,32,Standing Knee Deep In A River (Dying Of Thirst),Kathy Mattea,32,7,Gains In Performance
1993-03-06,33,"Look Heart, No Hands",Randy Travis,27,16,
1993-03-06,34,My Blue Angel,Aaron Tippin,38,6,Gains In Performance
1993-03-06,35,Hearts Are Gonna Roll,Hal Ketchum,46,3,Gains In Performance
1993-03-06,36,Rock Me (In The Cradle Of Love),Deborah Allen,29,14,
1993-03-06,37,Walkaway Joe,Trisha Yearwood,36,18,
1993-03-06,38,Wild Man,Ricky Van Shelton,35,20,
1993-03-06,39,Romeo,Dolly Parton & Friends,43,4,Gains In Performance
1993-03-06,40,I'd Rather Miss You,Little Texas,40,6,Gains In Performance
1993-03-06,41,Alibis,Tracy Lawrence,51,3,Gains In Performance
1993-03-06,42,She's Got The Rhythm (And I Got The Blues),Alan Jackson,42,20,
1993-03-06,43,Take It Back,Reba McEntire,31,16,
1993-03-06,44,Best Mistakes I Ever Made,Rick Vincent,44,13,Gains In Performance
1993-03-06,45,Now I Pray For Rain,Neal McCoy,45,4,Gains In Performance
1993-03-06,46,Like A River To The Sea,Steve Wariner,48,3,Gains In Performance
1993-03-06,47,High Rollin',Gibson/Miller Band,50,4,Gains In Performance
1993-03-06,48,Why Baby Why,Palomino Road,49,8,Gains In Performance
1993-03-06,49,Made For Lovin' You,Doug Stone,63,2,Gains In Performance
1993-03-06,50,Cadillac Ranch,Chris LeDoux,47,18,
1993-03-06,51,True Confessions,Joy White,52,6,Gains In Performance
1993-03-06,52,What A Woman Wants,Lari White,55,4,Gains In Performance
1993-03-06,53,Someone To Give My Love To,Tracy Byrd,53,4,Gains In Performance
1993-03-06,54,Honky Tonk Walkin',The Kentucky Headhunters,56,3,Gains In Performance
1993-03-06,55,Look At You Girl,Chris LeDoux,60,3,Gains In Performance
1993-03-06,56,Honky Tonkin' Fool,Doug Supernaw,57,3,Gains In Performance
1993-03-06,57,Nobody Loves You When You're Free,The Remingtons,54,5,
1993-03-06,58,You Say You Will,Trisha Yearwood,NEW,1,Highest ranking debut|Gains In Performance
1993-03-06,59,Tender Moment,Lee Roy Parnell,NEW,1,Gains In Performance
1993-03-06,60,The Change,Michelle Wright,75,2,Gains In Performance
1993-03-13,1,What Part Of No,Lorrie Morgan,1,13,
1993-03-13,2,Heartland,George Strait,8,11,Gains In Performance
1993-03-13,3,Once Upon A Lifetime,Alabama,4,12,Gains In Performance
1993-03-13,4,Drive South,Suzy Bogguss,2,15,
1993-03-13,5,Passionate Kisses,Mary Chapin Carpenter,7,12,Gains In Performance
1993-03-13,6,Tryin' To Hide A Fire In The Dark,Billy Dean,6,14,
1993-03-13,7,I Want You Bad (And That Ain't Good),Collin Raye,9,15,Gains In Performance
1993-03-13,8,It's A Little Too Late,Tanya Tucker,11,9,Gains In Performance
1993-03-13,9,Just One Night,McBride & The Ride,5,18,
1993-03-13,10,When My Ship Comes In,Clint Black,14,9,Gains In Performance
1993-03-13,11,Let That Pony Run,Pam Tillis,13,11,Gains In Performance
1993-03-13,12,All These Years,Sawyer Brown,3,16,
1993-03-13,13,Ol' Country,Mark Chesnutt,17,11,Gains In Performance
1993-03-13,14,Hard Workin' Man,Brooks & Dunn,15,6,Gains In Performance
1993-03-13,15,Learning To Live Again,Garth Brooks,18,6,Gains In Performance
1993-03-13,16,She's Not Cryin' Anymore,Billy Ray Cyrus,19,9,Gains In Performance
1993-03-13,17,The Heart Won't Lie,Reba McEntire & Vince Gill,24,4,Gains In Performance
1993-03-13,18,Nobody Wins,Radney Foster,21,8,Gains In Performance
1993-03-13,19,Queen Of Memphis,Confederate Railroad,10,17,
1993-03-13,20,Tonight I Climbed The Wall,Alan Jackson,28,6,Gains In Performance
1993-03-13,21,She Don't Know She's Beautiful,Sammy Kershaw,31,5,Gains In Performance
1993-03-13,22,Can I Trust You With My Heart,Travis Tritt,16,15,
1993-03-13,23,My Strongest Weakness,Wynonna,12,15,
1993-03-13,24,Mending Fences,Restless Heart,25,8,Gains In Performance
1993-03-13,25,Born To Love You,Mark Collie,27,7,Gains In Performance
1993-03-13,26,Standing Knee Deep In A River (Dying Of Thirst),Kathy Mattea,32,8,Gains In Performance
1993-03-13,27,Hearts Are Gonna Roll,Hal Ketchum,35,4,Gains In Performance
1993-03-13,28,Alibis,Tracy Lawrence,41,4,Gains In Performance
1993-03-13,29,My Blue Angel,Aaron Tippin,34,7,Gains In Performance
1993-03-13,30,In A Week Or Two,Diamond Rio,20,17,
1993-03-13,31,Too Busy Being In Love,Doug Stone,30,19,
1993-03-13,32,I'd Rather Miss You,Little Texas,40,7,Gains In Performance
1993-03-13,33,"Look Heart, No Hands",Randy Travis,33,17,
1993-03-13,34,Romeo,Dolly Parton & Friends,39,5,Gains In Performance
1993-03-13,35,Leavin's Been A Long Time Comin',Shenandoah,22,16,
1993-03-13,36,Let Go Of The Stone,John Anderson,23,16,
1993-03-13,37,Boom! It Was Over,Robert Ellis Orrall,26,18,
1993-03-13,38,Like A River To The Sea,Steve Wariner,46,4,Gains In Performance
1993-03-13,39,Now I Pray For Rain,Neal McCoy,45,5,Gains In Performance
1993-03-13,40,Walkaway Joe,Trisha Yearwood,37,19,
1993-03-13,41,High Rollin',Gibson/Miller Band,47,5,Gains In Performance
1993-03-13,42,Made For Lovin' You,Doug Stone,49,3,Gains In Performance
1993-03-13,43,You Say You Will,Trisha Yearwood,58,2,Gains In Performance
1993-03-13,44,Take It Back,Reba McEntire,43,17,
1993-03-13,45,High On A Mountain Top,Marty Stuart,29,14,
1993-03-13,46,Why Baby Why,Palomino Road,48,9,Gains In Performance
1993-03-13,47,Tender Moment,Lee Roy Parnell,59,2,Gains In Performance
1993-03-13,48,What A Woman Wants,Lari White,52,5,Gains In Performance
1993-03-13,49,Rock Me (In The Cradle Of Love),Deborah Allen,36,15,
1993-03-13,50,True Confessions,Joy White,51,7,Gains In Performance
1993-03-13,51,Someone To Give My Love To,Tracy Byrd,53,5,Gains In Performance
1993-03-13,52,Best Mistakes I Ever Made,Rick Vincent,44,14,
1993-03-13,53,Alright Already,Larry Stewart,64,2,Gains In Performance
1993-03-13,54,Should've Been A Cowboy,Toby Keith,69,2,Gains In Performance
1993-03-13,55,Cadillac Ranch,Chris LeDoux,50,19,
1993-03-13,56,Honky Tonkin' Fool,Doug Supernaw,56,4,Gains In Performance
1993-03-13,57,Look At You Girl,Chris LeDoux,55,4,
1993-03-13,58,The Change,Michelle Wright,60,3,Gains In Performance
1993-03-13,59,Honky Tonk Walkin',The Kentucky Headhunters,54,4,
1993-03-13,60,Ain't That Lonely Yet,Dwight Yoakam,NEW,1,Highest ranking debut|Gains In Performance
1993-03-20,1,Heartland,George Strait,2,12,Gains In Performance
1993-03-20,2,It's A Little Too Late,Tanya Tucker,8,10,Gains In Performance
1993-03-20,3,Once Upon A Lifetime,Alabama,3,13,Gains In Performance
1993-03-20,4,Passionate Kisses,Mary Chapin Carpenter,5,13,Gains In Performance
1993-03-20,5,When My Ship Comes In,Clint Black,10,10,Gains In Performance
1993-03-20,6,What Part Of No,Lorrie Morgan,1,14,
1993-03-20,7,Let That Pony Run,Pam Tillis,11,12,Gains In Performance
1993-03-20,8,Learning To Live Again,Garth Brooks,15,7,Gains In Performance
1993-03-20,9,Ol' Country,Mark Chesnutt,13,12,Gains In Performance
1993-03-20,10,Hard Workin' Man,Brooks & Dunn,14,7,Gains In Performance
1993-03-20,11,I Want You Bad (And That Ain't Good),Collin Raye,7,16,
1993-03-20,12,She's Not Cryin' Anymore,Billy Ray Cyrus,16,10,Gains In Performance
1993-03-20,13,The Heart Won't Lie,Reba McEntire & Vince Gill,17,5,Gains In Performance
1993-03-20,14,Nobody Wins,Radney Foster,18,9,Gains In Performance
1993-03-20,15,Drive South,Suzy Bogguss,4,16,
1993-03-20,16,She Don't Know She's Beautiful,Sammy Kershaw,21,6,Gains In Performance
1993-03-20,17,Just One Night,McBride & The Ride,9,19,
1993-03-20,18,Tryin' To Hide A Fire In The Dark,Billy Dean,6,15,
1993-03-20,19,Alibis,Tracy Lawrence,28,5,Gains In Performance
1993-03-20,20,Tonight I Climbed The Wall,Alan Jackson,20,7,Gains In Performance
1993-03-20,21,Mending Fences,Restless Heart,24,9,Gains In Performance
1993-03-20,22,Born To Love You,Mark Collie,25,8,Gains In Performance
1993-03-20,23,Hearts Are Gonna Roll,Hal Ketchum,27,5,Gains In Performance
1993-03-20,24,My Blue Angel,Aaron Tippin,29,8,Gains In Performance
1993-03-20,25,All These Years,Sawyer Brown,12,17,
1993-03-20,26,Standing Knee Deep In A River (Dying Of Thirst),Kathy Mattea,26,9,Gains In Performance
1993-03-20,27,Queen Of Memphis,Confederate Railroad,19,18,
1993-03-20,28,I'd Rather Miss You,Little Texas,32,8,Gains In Performance
1993-03-20,29,Can I Trust You With My Heart,Travis Tritt,22,16,
1993-03-20,30,My Strongest Weakness,Wynonna,23,16,
1993-03-20,31,You Say You Will,Trisha Yearwood,43,3,Gains In Performance
1993-03-20,32,Romeo,Dolly Parton & Friends,34,6,Gains In Performance
1993-03-20,33,Made For Lovin' You,Doug Stone,42,4,Gains In Performance
1993-03-20,34,Too Busy Being In Love,Doug Stone,31,20,
1993-03-20,35,In A Week Or Two,Diamond Rio,30,18,
1993-03-20,36,Now I Pray For Rain,Neal McCoy,39,6,Gains In Performance
1993-03-20,37,"Look Heart, No Hands",Randy Travis,33,18,
1993-03-20,38,Like A River To The Sea,Steve Wariner,38,5,Gains In Performance
1993-03-20,39,High Rollin',Gibson/Miller Band,41,6,Gains In Performance
1993-03-20,40,Tender Moment,Lee Roy Parnell,47,3,Gains In Performance
1993-03-20,41,Walkaway Joe,Trisha Yearwood,40,20,
1993-03-20,42,Boom! It Was Over,Robert Ellis Orrall,37,19,
1993-03-20,43,Let Go Of The Stone,John Anderson,36,17,
1993-03-20,44,Alright Already,Larry Stewart,53,3,Gains In Performance
1993-03-20,45,Ain't That Lonely Yet,Dwight Yoakam,60,2,Gains In Performance
1993-03-20,46,Leavin's Been A Long Time Comin',Shenandoah,35,17,
1993-03-20,47,Why Baby Why,Palomino Road,46,10,
1993-03-20,48,What A Woman Wants,Lari White,48,6,Gains In Performance
1993-03-20,49,Take It Back,Reba McEntire,44,18,
1993-03-20,50,True Confessions,Joy White,50,8,Gains In Performance
1993-03-20,51,Someone To Give My Love To,Tracy Byrd,51,6,Gains In Performance
1993-03-20,52,Should've Been A Cowboy,Toby Keith,54,3,Gains In Performance
1993-03-20,53,I Love The Way You Love Me,John Michael Montgomery,63,2,Gains In Performance
1993-03-20,54,Honky Tonkin' Fool,Doug Supernaw,56,5,Gains In Performance
1993-03-20,55,Look At You Girl,Chris LeDoux,57,5,Gains In Performance
1993-03-20,56,The Change,Michelle Wright,58,4,Gains In Performance
1993-03-20,57,Just As I Am,Ricky Van Shelton,68,2,Gains In Performance
1993-03-20,58,High On A Mountain Top,Marty Stuart,45,15,
1993-03-20,59,Cadillac Ranch,Chris LeDoux,55,20,
1993-03-20,60,Honky Tonk Walkin',The Kentucky Headhunters,59,5,
1993-03-27,1,When My Ship Comes In,Clint Black,5,11,Gains In Performance
1993-03-27,2,It's A Little Too Late,Tanya Tucker,2,11,Gains In Performance
1993-03-27,3,Heartland,George Strait,1,13,
1993-03-27,4,Let That Pony Run,Pam Tillis,7,13,Gains In Performance
1993-03-27,5,Learning To Live Again,Garth Brooks,8,8,Gains In Performance
1993-03-27,6,Ol' Country,Mark Chesnutt,9,13,Gains In Performance
1993-03-27,7,Hard Workin' Man,Brooks & Dunn,10,8,Gains In Performance
1993-03-27,8,Passionate Kisses,Mary Chapin Carpenter,4,14,
1993-03-27,9,Once Upon A Lifetime,Alabama,3,14,
1993-03-27,10,She's Not Cryin' Anymore,Billy Ray Cyrus,12,11,Gains In Performance
1993-03-27,11,The Heart Won't Lie,Reba McEntire & Vince Gill,13,6,Gains In Performance
1993-03-27,12,Nobody Wins,Radney Foster,14,10,Gains In Performance
1993-03-27,13,What Part Of No,Lorrie Morgan,6,15,
1993-03-27,14,She Don't Know She's Beautiful,Sammy Kershaw,16,7,Gains In Performance
1993-03-27,15,Alibis,Tracy Lawrence,19,6,Gains In Performance
1993-03-27,16,Mending Fences,Restless Heart,21,10,Gains In Performance
1993-03-27,17,Tonight I Climbed The Wall,Alan Jackson,20,8,Gains In Performance
1993-03-27,18,Hearts Are Gonna Roll,Hal Ketchum,23,6,Gains In Performance
1993-03-27,19,Born To Love You,Mark Collie,22,9,Gains In Performance
1993-03-27,20,My Blue Angel,Aaron Tippin,24,9,Gains In Performance
1993-03-27,21,I Want You Bad (And That Ain't Good),Collin Raye,11,17,
1993-03-27,22,Standing Knee Deep In A River (Dying Of Thirst),Kathy Mattea,26,10,Gains In Performance
1993-03-27,23,I'd Rather Miss You,Little Texas,28,9,Gains In Performance
1993-03-27,24,You Say You Will,Trisha Yearwood,31,4,Gains In Performance
1993-03-27,25,Made For Lovin' You,Doug Stone,33,5,Gains In Performance
1993-03-27,26,Just One Night,McBride & The Ride,17,20,
1993-03-27,27,Romeo,Dolly Parton & Friends,32,7,Gains In Performance
1993-03-27,28,Drive South,Suzy Bogguss,15,17,
1993-03-27,29,Now I Pray For Rain,Neal McCoy,36,7,Gains In Performance
1993-03-27,30,Queen Of Memphis,Confederate Railroad,27,19,
1993-03-27,31,Tryin' To Hide A Fire In The Dark,Billy Dean,18,16,
1993-03-27,32,All These Years,Sawyer Brown,25,18,
1993-03-27,33,High Rollin',Gibson/Miller Band,39,7,Gains In Performance
1993-03-27,34,Tender Moment,Lee Roy Parnell,40,4,Gains In Performance
1993-03-27,35,Can I Trust You With My Heart,Travis Tritt,29,17,
1993-03-27,36,Like A River To The Sea,Steve Wariner,38,6,Gains In Performance
1993-03-27,37,Ain't That Lonely Yet,Dwight Yoakam,45,3,Gains In Performance
1993-03-27,38,"Look Heart, No Hands",Randy Travis,37,19,
1993-03-27,39,In A Week Or Two,Diamond Rio,35,19,
1993-03-27,40,Alright Already,Larry Stewart,44,4,Gains In Performance
1993-03-27,41,I Love The Way You Love Me,John Michael Montgomery,53,3,Gains In Performance
1993-03-27,42,My Strongest Weakness,Wynonna,30,17,
1993-03-27,43,Boom! It Was Over,Robert Ellis Orrall,42,20,
1993-03-27,44,Should've Been A Cowboy,Toby Keith,52,4,Gains In Performance
1993-03-27,45,What A Woman Wants,Lari White,48,7,Gains In Performance
1993-03-27,46,True Confessions,Joy White,50,9,Gains In Performance
1993-03-27,47,Someone To Give My Love To,Tracy Byrd,51,7,Gains In Performance
1993-03-27,48,Let Go Of The Stone,John Anderson,43,18,
1993-03-27,49,Take It Back,Reba McEntire,49,19,
1993-03-27,50,Leavin's Been A Long Time Comin',Shenandoah,46,18,
1993-03-27,51,Just As I Am,Ricky Van Shelton,57,3,Gains In Performance
1993-03-27,52,Why Baby Why,Palomino Road,47,11,
1993-03-27,53,Honky Tonk Attitude,Joe Diffie,63,2,Gains In Performance
1993-03-27,54,Look At You Girl,Chris LeDoux,55,6,Gains In Performance
1993-03-27,55,Honky Tonkin' Fool,Doug Supernaw,54,6,
1993-03-27,56,The Change,Michelle Wright,56,5,Gains In Performance
1993-03-27,57,T-R-O-U-B-L-E,Travis Tritt,71,8,Gains In Performance
1993-03-27,58,If I Had A Cheatin' Heart,Ricky Lynn Gregg,61,3,Gains In Performance
1993-03-27,59,A Little Bit Of Her Love,Robert Ellis Orrall,72,2,Gains In Performance
1993-03-27,60,High On A Mountain Top,Marty Stuart,58,16,
1993-04-03,1,When My Ship Comes In,Clint Black,1,12,Gains In Performance
1993-04-03,2,Learning To Live Again,Garth Brooks,5,9,Gains In Performance
1993-04-03,3,Heartland,George Strait,3,14,
1993-04-03,4,Ol' Country,Mark Chesnutt,6,14,Gains In Performance
1993-04-03,5,Let That Pony Run,Pam Tillis,4,14,
1993-04-03,6,Hard Workin' Man,Brooks & Dunn,7,9,Gains In Performance
1993-04-03,7,The Heart Won't Lie,Reba McEntire & Vince Gill,11,7,Gains In Performance
1993-04-03,8,It's A Little Too Late,Tanya Tucker,2,12,
1993-04-03,9,Nobody Wins,Radney Foster,12,11,Gains In Performance
1993-04-03,10,She's Not Cryin' Anymore,Billy Ray Cyrus,10,12,Gains In Performance
1993-04-03,11,She Don't Know She's Beautiful,Sammy Kershaw,14,8,Gains In Performance
1993-04-03,12,Alibis,Tracy Lawrence,15,7,Gains In Performance
1993-04-03,13,Mending Fences,Restless Heart,16,11,Gains In Performance
1993-04-03,14,Tonight I Climbed The Wall,Alan Jackson,17,9,Gains In Performance
1993-04-03,15,Hearts Are Gonna Roll,Hal Ketchum,18,7,Gains In Performance
1993-04-03,16,Born To Love You,Mark Collie,19,10,Gains In Performance
1993-04-03,17,My Blue Angel,Aaron Tippin,20,10,Gains In Performance
1993-04-03,18,Once Upon A Lifetime,Alabama,9,15,
1993-04-03,19,Standing Knee Deep In A River (Dying Of Thirst),Kathy Mattea,22,11,Gains In Performance
1993-04-03,20,You Say You Will,Trisha Yearwood,24,5,Gains In Performance
1993-04-03,21,What Part Of No,Lorrie Morgan,13,16,
1993-04-03,22,I'd Rather Miss You,Little Texas,23,10,Gains In Performance
1993-04-03,23,Passionate Kisses,Mary Chapin Carpenter,8,15,
1993-04-03,24,Made For Lovin' You,Doug Stone,25,6,Gains In Performance
1993-04-03,25,Tender Moment,Lee Roy Parnell,34,5,Gains In Performance
1993-04-03,26,Ain't That Lonely Yet,Dwight Yoakam,37,4,Gains In Performance
1993-04-03,27,Now I Pray For Rain,Neal McCoy,29,8,Gains In Performance
1993-04-03,28,High Rollin',Gibson/Miller Band,33,8,Gains In Performance
1993-04-03,29,I Love The Way You Love Me,John Michael Montgomery,41,4,Gains In Performance
1993-04-03,30,Romeo,Dolly Parton & Friends,27,8,
1993-04-03,31,Like A River To The Sea,Steve Wariner,36,7,Gains In Performance
1993-04-03,32,I Want You Bad (And That Ain't Good),Collin Raye,21,18,
1993-04-03,33,Queen Of Memphis,Confederate Railroad,30,20,
1993-04-03,34,Alright Already,Larry Stewart,40,5,Gains In Performance
1993-04-03,35,Can I Trust You With My Heart,Travis Tritt,35,18,
1993-04-03,36,All These Years,Sawyer Brown,32,19,
1993-04-03,37,"Look Heart, No Hands",Randy Travis,38,20,
1993-04-03,38,Drive South,Suzy Bogguss,28,18,
1993-04-03,39,Tryin' To Hide A Fire In The Dark,Billy Dean,31,17,
1993-04-03,40,T-R-O-U-B-L-E,Travis Tritt,57,9,Gains In Performance
1993-04-03,41,In A Week Or Two,Diamond Rio,39,20,
1993-04-03,42,Should've Been A Cowboy,Toby Keith,44,5,Gains In Performance
1993-04-03,43,Honky Tonk Attitude,Joe Diffie,53,3,Gains In Performance
1993-04-03,44,My Strongest Weakness,Wynonna,42,18,
1993-04-03,45,What A Woman Wants,Lari White,45,8,Gains In Performance
1993-04-03,46,Just As I Am,Ricky Van Shelton,51,4,Gains In Performance
1993-04-03,47,True Confessions,Joy White,46,10,
1993-04-03,48,Someone To Give My Love To,Tracy Byrd,47,8,
1993-04-03,49,Trouble On The Line,Sawyer Brown,61,2,Gains In Performance
1993-04-03,50,Honky Tonkin' Fool,Doug Supernaw,55,7,Gains In Performance
1993-04-03,51,Take It Back,Reba McEntire,49,20,
1993-04-03,52,Look At You Girl,Chris LeDoux,54,7,Gains In Performance
1993-04-03,53,Let Go Of The Stone,John Anderson,48,19,
1993-04-03,54,Blame It On Your Heart,Patty Loveless,NEW,1,Highest ranking debut|Gains In Performance
1993-04-03,55,The Change,Michelle Wright,56,6,
1993-04-03,56,If I Had A Cheatin' Heart,Ricky Lynn Gregg,58,4,Gains In Performance
1993-04-03,57,Leavin's Been A Long Time Comin',Shenandoah,50,19,
1993-04-03,58,A Little Bit Of Her Love,Robert Ellis Orrall,59,3,Gains In Performance
1993-04-03,59,"Love On The Loose, Heart On The Run",McBride & The Ride,69,2,Gains In Performance
1993-04-03,60,Heartache,Suzy Bogguss,71,2,Gains In Performance
1993-04-10,1,The Heart Won't Lie,Reba McEntire & Vince Gill,7,8,Gains In Performance
1993-04-10,2,Nobody Wins,Radney Foster,9,12,Gains In Performance
1993-04-10,3,When My Ship Comes In,Clint Black,1,13,
1993-04-10,4,Learning To Live Again,Garth Brooks,2,10,
1993-04-10,5,Hard Workin' Man,Brooks & Dunn,6,10,Gains In Performance
1993-04-10,6,She's Not Cryin' Anymore,Billy Ray Cyrus,10,13,Gains In Performance
1993-04-10,7,Ol' Country,Mark Chesnutt,4,15,
1993-04-10,8,She Don't Know She's Beautiful,Sammy Kershaw,11,9,Gains In Performance
1993-04-10,9,Alibis,Tracy Lawrence,12,8,Gains In Performance
1993-04-10,10,Heartland,George Strait,3,15,
1993-04-10,11,Let That Pony Run,Pam Tillis,5,15,
1993-04-10,12,Tonight I Climbed The Wall,Alan Jackson,14,10,Gains In Performance
1993-04-10,13,Mending Fences,Restless Heart,13,12,Gains In Performance
1993-04-10,14,Born To Love You,Mark Collie,16,11,Gains In Performance
1993-04-10,15,It's A Little Too Late,Tanya Tucker,8,13,
1993-04-10,16,Hearts Are Gonna Roll,Hal Ketchum,15,8,
1993-04-10,17,My Blue Angel,Aaron Tippin,17,11,Gains In Performance
1993-04-10,18,You Say You Will,Trisha Yearwood,20,6,Gains In Performance
1993-04-10,19,Standing Knee Deep In A River (Dying Of Thirst),Kathy Mattea,19,12,Gains In Performance
1993-04-10,20,Tender Moment,Lee Roy Parnell,25,6,Gains In Performance
1993-04-10,21,Made For Lovin' You,Doug Stone,24,7,Gains In Performance
1993-04-10,22,Ain't That Lonely Yet,Dwight Yoakam,26,5,Gains In Performance
1993-04-10,23,I'd Rather Miss You,Little Texas,22,11,
1993-04-10,24,I Love The Way You Love Me,John Michael Montgomery,29,5,Gains In Performance
1993-04-10,25,High Rollin',Gibson/Miller Band,28,9,Gains In Performance
1993-04-10,26,Now I Pray For Rain,Neal McCoy,27,9,Gains In Performance
1993-04-10,27,Alright Already,Larry Stewart,34,6,Gains In Performance
1993-04-10,28,Once Upon A Lifetime,Alabama,18,16,
1993-04-10,29,What Part Of No,Lorrie Morgan,21,17,
1993-04-10,30,Like A River To The Sea,Steve Wariner,31,8,Gains In Performance
1993-04-10,31,T-R-O-U-B-L-E,Travis Tritt,40,10,Gains In Performance
1993-04-10,32,Tell Me Why,Wynonna,61,2,Gains In Performance
1993-04-10,33,Romeo,Dolly Parton & Friends,30,9,
1993-04-10,34,Passionate Kisses,Mary Chapin Carpenter,23,16,
1993-04-10,35,I Want You Bad (And That Ain't Good),Collin Raye,32,19,
1993-04-10,36,Honky Tonk Attitude,Joe Diffie,43,4,Gains In Performance
1993-04-10,37,Can I Trust You With My Heart,Travis Tritt,35,19,
1993-04-10,38,Should've Been A Cowboy,Toby Keith,42,6,Gains In Performance
1993-04-10,39,Trouble On The Line,Sawyer Brown,49,3,Gains In Performance
1993-04-10,40,All These Years,Sawyer Brown,36,20,
1993-04-10,41,Just As I Am,Ricky Van Shelton,46,5,Gains In Performance
1993-04-10,42,Drive South,Suzy Bogguss,38,19,
1993-04-10,43,Blame It On Your Heart,Patty Loveless,54,2,Gains In Performance
1993-04-10,44,What A Woman Wants,Lari White,45,9,
1993-04-10,45,True Confessions,Joy White,47,11,
1993-04-10,46,Tryin' To Hide A Fire In The Dark,Billy Dean,39,18,
1993-04-10,47,My Strongest Weakness,Wynonna,44,19,
1993-04-10,48,"Oh Me, Oh My, Sweet Baby",Diamond Rio,62,2,Gains In Performance
1993-04-10,49,Someone To Give My Love To,Tracy Byrd,48,9,
1993-04-10,50,Honky Tonkin' Fool,Doug Supernaw,50,8,Gains In Performance
1993-04-10,51,"Love On The Loose, Heart On The Run",McBride & The Ride,59,3,Gains In Performance
1993-04-10,52,A Little Bit Of Her Love,Robert Ellis Orrall,58,4,Gains In Performance
1993-04-10,53,Heartache,Suzy Bogguss,60,3,Gains In Performance
1993-04-10,54,If I Had A Cheatin' Heart,Ricky Lynn Gregg,56,5,Gains In Performance
1993-04-10,55,Let Go Of The Stone,John Anderson,53,20,
1993-04-10,56,Look At You Girl,Chris LeDoux,52,8,
1993-04-10,57,Leavin's Been A Long Time Comin',Shenandoah,57,20,
1993-04-10,58,Somebody Else's Moon,Collin Raye,73,2,Gains In Performance
1993-04-10,59,I Guess You Had To Be There,Lorrie Morgan,69,2,Gains In Performance
1993-04-10,60,Hometown Honeymoon,Alabama,NEW,1,Highest ranking debut|Gains In Performance
1993-04-17,1,The Heart Won't Lie,Reba McEntire & Vince Gill,1,9,Gains In Performance
1993-04-17,2,Nobody Wins,Radney Foster,2,13,Gains In Performance
1993-04-17,3,She Don't Know She's Beautiful,Sammy Kershaw,8,10,Gains In Performance
1993-04-17,4,Hard Workin' Man,Brooks & Dunn,5,11,Gains In Performance
1993-04-17,5,Alibis,Tracy Lawrence,9,9,Gains In Performance
1993-04-17,6,Learning To Live Again,Garth Brooks,4,11,
1993-04-17,7,She's Not Cryin' Anymore,Billy Ray Cyrus,6,14,
1993-04-17,8,Tonight I Climbed The Wall,Alan Jackson,12,11,Gains In Performance
1993-04-17,9,When My Ship Comes In,Clint Black,3,14,
1993-04-17,10,Born To Love You,Mark Collie,14,12,Gains In Performance
1993-04-17,11,Hearts Are Gonna Roll,Hal Ketchum,16,9,Gains In Performance
1993-04-17,12,Ol' Country,Mark Chesnutt,7,16,
1993-04-17,13,Mending Fences,Restless Heart,13,13,Gains In Performance
1993-04-17,14,My Blue Angel,Aaron Tippin,17,12,Gains In Performance
1993-04-17,15,Ain't That Lonely Yet,Dwight Yoakam,22,6,Gains In Performance
1993-04-17,16,I Love The Way You Love Me,John Michael Montgomery,24,6,Gains In Performance
1993-04-17,17,Tender Moment,Lee Roy Parnell,20,7,Gains In Performance
1993-04-17,18,Made For Lovin' You,Doug Stone,21,8,Gains In Performance
1993-04-17,19,You Say You Will,Trisha Yearwood,18,7,
1993-04-17,20,I'd Rather Miss You,Little Texas,23,12,Gains In Performance
1993-04-17,21,Standing Knee Deep In A River (Dying Of Thirst),Kathy Mattea,19,13,
1993-04-17,22,Heartland,George Strait,10,16,
1993-04-17,23,Tell Me Why,Wynonna,32,3,Gains In Performance
1993-04-17,24,High Rollin',Gibson/Miller Band,25,10,Gains In Performance
1993-04-17,25,It's A Little Too Late,Tanya Tucker,15,14,
1993-04-17,26,Let That Pony Run,Pam Tillis,11,16,
1993-04-17,27,Alright Already,Larry Stewart,27,7,Gains In Performance
1993-04-17,28,T-R-O-U-B-L-E,Travis Tritt,31,11,Gains In Performance
1993-04-17,29,Now I Pray For Rain,Neal McCoy,26,10,
1993-04-17,30,Honky Tonk Attitude,Joe Diffie,36,5,Gains In Performance
1993-04-17,31,Trouble On The Line,Sawyer Brown,39,4,Gains In Performance
1993-04-17,32,Like A River To The Sea,Steve Wariner,30,9,
1993-04-17,33,What Part Of No,Lorrie Morgan,29,18,
1993-04-17,34,Should've Been A Cowboy,Toby Keith,38,7,Gains In Performance
1993-04-17,35,Blame It On Your Heart,Patty Loveless,43,3,Gains In Performance
1993-04-17,36,Once Upon A Lifetime,Alabama,28,17,
1993-04-17,37,Can I Trust You With My Heart,Travis Tritt,37,20,
1993-04-17,38,I Want You Bad (And That Ain't Good),Collin Raye,35,20,
1993-04-17,39,Just As I Am,Ricky Van Shelton,41,6,Gains In Performance
1993-04-17,40,Hometown Honeymoon,Alabama,60,2,Gains In Performance
1993-04-17,41,Passionate Kisses,Mary Chapin Carpenter,34,17,
1993-04-17,42,"Oh Me, Oh My, Sweet Baby",Diamond Rio,48,3,Gains In Performance
1993-04-17,43,Romeo,Dolly Parton & Friends,33,10,
1993-04-17,44,Heartache,Suzy Bogguss,53,4,Gains In Performance
1993-04-17,45,"Love On The Loose, Heart On The Run",McBride & The Ride,51,4,Gains In Performance
1993-04-17,46,Drive South,Suzy Bogguss,42,20,
1993-04-17,47,Someone To Give My Love To,Tracy Byrd,49,10,Gains In Performance
1993-04-17,48,Tryin' To Hide A Fire In The Dark,Billy Dean,46,19,
1993-04-17,49,A Little Bit Of Her Love,Robert Ellis Orrall,52,5,Gains In Performance
1993-04-17,50,My Strongest Weakness,Wynonna,47,20,
1993-04-17,51,No Future In The Past,Vince Gill,67,2,Gains In Performance
1993-04-17,52,What A Woman Wants,Lari White,44,10,
1993-04-17,53,If I Had A Cheatin' Heart,Ricky Lynn Gregg,54,6,Gains In Performance
1993-04-17,54,Somebody Else's Moon,Collin Raye,58,3,Gains In Performance
1993-04-17,55,An Old Pair Of Shoes,Randy Travis,68,2,Gains In Performance
1993-04-17,56,Honky Tonkin' Fool,Doug Supernaw,50,9,
1993-04-17,57,I Guess You Had To Be There,Lorrie Morgan,59,3,Gains In Performance
1993-04-17,58,I Wanna Take Care Of You,Billy Dean,66,2,Gains In Performance
1993-04-17,59,When You Leave That Way You Can Never Go Back,Confederate Railroad,61,2,Gains In Performance
1993-04-17,60,What Made You Say That,Shania Twain,64,4,Gains In Performance
1993-04-24,1,She Don't Know She's Beautiful,Sammy Kershaw,3,11,Gains In Performance
1993-04-24,2,The Heart Won't Lie,Reba McEntire & Vince Gill,1,10,
1993-04-24,3,Nobody Wins,Radney Foster,2,14,
1993-04-24,4,Alibis,Tracy Lawrence,5,10,Gains In Performance
1993-04-24,5,Hard Workin' Man,Brooks & Dunn,4,12,
1993-04-24,6,Tonight I Climbed The Wall,Alan Jackson,8,12,Gains In Performance
1993-04-24,7,Hearts Are Gonna Roll,Hal Ketchum,11,10,Gains In Performance
1993-04-24,8,Born To Love You,Mark Collie,10,13,Gains In Performance
1993-04-24,9,My Blue Angel,Aaron Tippin,14,13,Gains In Performance
1993-04-24,10,I Love The Way You Love Me,John Michael Montgomery,16,7,Gains In Performance
1993-04-24,11,Made For Lovin' You,Doug Stone,18,9,Gains In Performance
1993-04-24,12,Tender Moment,Lee Roy Parnell,17,8,Gains In Performance
1993-04-24,13,Learning To Live Again,Garth Brooks,6,12,
1993-04-24,14,Ain't That Lonely Yet,Dwight Yoakam,15,7,Gains In Performance
1993-04-24,15,Tell Me Why,Wynonna,23,4,Gains In Performance
1993-04-24,16,When My Ship Comes In,Clint Black,9,15,
1993-04-24,17,You Say You Will,Trisha Yearwood,19,8,Gains In Performance
1993-04-24,18,She's Not Cryin' Anymore,Billy Ray Cyrus,7,15,
1993-04-24,19,I'd Rather Miss You,Little Texas,20,13,Gains In Performance
1993-04-24,20,Mending Fences,Restless Heart,13,14,
1993-04-24,21,High Rollin',Gibson/Miller Band,24,11,Gains In Performance
1993-04-24,22,T-R-O-U-B-L-E,Travis Tritt,28,12,Gains In Performance
1993-04-24,23,Alright Already,Larry Stewart,27,8,Gains In Performance
1993-04-24,24,Ol' Country,Mark Chesnutt,12,17,
1993-04-24,25,Honky Tonk Attitude,Joe Diffie,30,6,Gains In Performance
1993-04-24,26,Trouble On The Line,Sawyer Brown,31,5,Gains In Performance
1993-04-24,27,Should've Been A Cowboy,Toby Keith,34,8,Gains In Performance
1993-04-24,28,Hometown Honeymoon,Alabama,40,3,Gains In Performance
1993-04-24,29,Blame It On Your Heart,Patty Loveless,35,4,Gains In Performance
1993-04-24,30,It's A Little Too Late,Tanya Tucker,25,15,
1993-04-24,31,Heartland,George Strait,22,17,
1993-04-24,32,"Oh Me, Oh My, Sweet Baby",Diamond Rio,42,4,Gains In Performance
1993-04-24,33,What Part Of No,Lorrie Morgan,33,19,
1993-04-24,34,Let That Pony Run,Pam Tillis,26,17,
1993-04-24,35,Just As I Am,Ricky Van Shelton,39,7,Gains In Performance
1993-04-24,36,Now I Pray For Rain,Neal McCoy,29,11,
1993-04-24,37,Heartache,Suzy Bogguss,44,5,Gains In Performance
1993-04-24,38,"Love On The Loose, Heart On The Run",McBride & The Ride,45,5,Gains In Performance
1993-04-24,39,Standing Knee Deep In A River (Dying Of Thirst),Kathy Mattea,21,14,
1993-04-24,40,No Future In The Past,Vince Gill,51,3,Gains In Performance
1993-04-24,41,Somebody Else's Moon,Collin Raye,54,4,Gains In Performance
1993-04-24,42,Once Upon A Lifetime,Alabama,36,18,
1993-04-24,43,Passionate Kisses,Mary Chapin Carpenter,41,18,
1993-04-24,44,Like A River To The Sea,Steve Wariner,32,10,
1993-04-24,45,A Little Bit Of Her Love,Robert Ellis Orrall,49,6,Gains In Performance
1993-04-24,46,Someone To Give My Love To,Tracy Byrd,47,11,Gains In Performance
1993-04-24,47,An Old Pair Of Shoes,Randy Travis,55,3,Gains In Performance
1993-04-24,48,I Wanna Take Care Of You,Billy Dean,58,3,Gains In Performance
1993-04-24,49,If I Had A Cheatin' Heart,Ricky Lynn Gregg,53,7,Gains In Performance
1993-04-24,50,I Guess You Had To Be There,Lorrie Morgan,57,4,Gains In Performance
1993-04-24,51,Tell Me About It,Tanya Tucker With Delbert McClinton,65,2,Gains In Performance
1993-04-24,52,Romeo,Dolly Parton & Friends,43,11,
1993-04-24,53,Tryin' To Hide A Fire In The Dark,Billy Dean,48,20,
1993-04-24,54,The Hard Way,Mary Chapin Carpenter,66,2,Gains In Performance
1993-04-24,55,When You Leave That Way You Can Never Go Back,Confederate Railroad,59,3,Gains In Performance
1993-04-24,56,Hey Baby,Marty Stuart,69,2,Gains In Performance
1993-04-24,57,What Made You Say That,Shania Twain,60,5,Gains In Performance
1993-04-24,58,Honky Tonkin' Fool,Doug Supernaw,56,10,
1993-04-24,59,What A Woman Wants,Lari White,52,11,
1993-04-24,60,Take Another Run,Paul Overstreet,63,4,Gains In Performance
1993-05-01,1,Alibis,Tracy Lawrence,4,11,Gains In Performance
1993-05-01,2,She Don't Know She's Beautiful,Sammy Kershaw,1,12,
1993-05-01,3,Hearts Are Gonna Roll,Hal Ketchum,7,11,Gains In Performance
1993-05-01,4,Tonight I Climbed The Wall,Alan Jackson,6,13,Gains In Performance
1993-05-01,5,Hard Workin' Man,Brooks & Dunn,5,13,
1993-05-01,6,Born To Love You,Mark Collie,8,14,Gains In Performance
1993-05-01,7,The Heart Won't Lie,Reba McEntire & Vince Gill,2,11,
1993-05-01,8,Nobody Wins,Radney Foster,3,15,
1993-05-01,9,My Blue Angel,Aaron Tippin,9,14,Gains In Performance
1993-05-01,10,Tender Moment,Lee Roy Parnell,12,9,Gains In Performance
1993-05-01,11,I Love The Way You Love Me,John Michael Montgomery,10,8,Gains In Performance
1993-05-01,12,Made For Lovin' You,Doug Stone,11,10,Gains In Performance
1993-05-01,13,Ain't That Lonely Yet,Dwight Yoakam,14,8,Gains In Performance
1993-05-01,14,Tell Me Why,Wynonna,15,5,Gains In Performance
1993-05-01,15,You Say You Will,Trisha Yearwood,17,9,Gains In Performance
1993-05-01,16,I'd Rather Miss You,Little Texas,19,14,Gains In Performance
1993-05-01,17,T-R-O-U-B-L-E,Travis Tritt,22,13,Gains In Performance
1993-05-01,18,Alright Already,Larry Stewart,23,9,Gains In Performance
1993-05-01,19,Honky Tonk Attitude,Joe Diffie,25,7,Gains In Performance
1993-05-01,20,Hometown Honeymoon,Alabama,28,4,Gains In Performance
1993-05-01,21,Trouble On The Line,Sawyer Brown,26,6,Gains In Performance
1993-05-01,22,High Rollin',Gibson/Miller Band,21,12,
1993-05-01,23,Should've Been A Cowboy,Toby Keith,27,9,Gains In Performance
1993-05-01,24,Blame It On Your Heart,Patty Loveless,29,5,Gains In Performance
1993-05-01,25,Learning To Live Again,Garth Brooks,13,13,
1993-05-01,26,When My Ship Comes In,Clint Black,16,16,
1993-05-01,27,"Oh Me, Oh My, Sweet Baby",Diamond Rio,32,5,Gains In Performance
1993-05-01,28,She's Not Cryin' Anymore,Billy Ray Cyrus,18,16,
1993-05-01,29,Just As I Am,Ricky Van Shelton,35,8,Gains In Performance
1993-05-01,30,No Future In The Past,Vince Gill,40,4,Gains In Performance
1993-05-01,31,It's A Little Too Late,Tanya Tucker,30,16,
1993-05-01,32,Mending Fences,Restless Heart,20,15,
1993-05-01,33,Heartache,Suzy Bogguss,37,6,Gains In Performance
1993-05-01,34,"Love On The Loose, Heart On The Run",McBride & The Ride,38,6,Gains In Performance
1993-05-01,35,Ol' Country,Mark Chesnutt,24,18,
1993-05-01,36,Somebody Else's Moon,Collin Raye,41,5,Gains In Performance
1993-05-01,37,Heartland,George Strait,31,18,
1993-05-01,38,What Part Of No,Lorrie Morgan,33,20,
1993-05-01,39,Let That Pony Run,Pam Tillis,34,18,
1993-05-01,40,An Old Pair Of Shoes,Randy Travis,47,4,Gains In Performance
1993-05-01,41,A Little Bit Of Her Love,Robert Ellis Orrall,45,7,Gains In Performance
1993-05-01,42,Someone To Give My Love To,Tracy Byrd,46,12,Gains In Performance
1993-05-01,43,Tell Me About It,Tanya Tucker With Delbert McClinton,51,3,Gains In Performance
1993-05-01,44,I Wanna Take Care Of You,Billy Dean,48,4,Gains In Performance
1993-05-01,45,Once Upon A Lifetime,Alabama,42,19,
1993-05-01,46,I Guess You Had To Be There,Lorrie Morgan,50,5,Gains In Performance
1993-05-01,47,The Hard Way,Mary Chapin Carpenter,54,3,Gains In Performance
1993-05-01,48,If I Had A Cheatin' Heart,Ricky Lynn Gregg,49,8,Gains In Performance
1993-05-01,49,Passionate Kisses,Mary Chapin Carpenter,43,19,
1993-05-01,50,When You Leave That Way You Can Never Go Back,Confederate Railroad,55,4,Gains In Performance
1993-05-01,51,Hey Baby,Marty Stuart,56,3,Gains In Performance
1993-05-01,52,Standing Knee Deep In A River (Dying Of Thirst),Kathy Mattea,39,15,
1993-05-01,53,Romeo,Dolly Parton & Friends,52,12,
1993-05-01,54,Now I Pray For Rain,Neal McCoy,36,12,
1993-05-01,55,Like A River To The Sea,Steve Wariner,44,11,
1993-05-01,56,If You're Not Gonna Love Me,Deborah Allen,62,3,Gains In Performance
1993-05-01,57,What Made You Say That,Shania Twain,57,6,Gains In Performance
1993-05-01,58,Some Gave All,Billy Ray Cyrus,69,3,Gains In Performance
1993-05-01,59,Maybe You Were The One,Dude Mowrey,61,3,Gains In Performance
1993-05-01,60,Memory Lane,Tim McGraw,63,4,Gains In Performance
1993-05-08,1,Alibis,Tracy Lawrence,1,12,
1993-05-08,2,Hearts Are Gonna Roll,Hal Ketchum,3,12,Gains In Performance
1993-05-08,3,Tender Moment,Lee Roy Parnell,10,10,Gains In Performance
1993-05-08,4,I Love The Way You Love Me,John Michael Montgomery,11,9,Gains In Performance
1993-05-08,5,Tonight I Climbed The Wall,Alan Jackson,4,14,
1993-05-08,6,She Don't Know She's Beautiful,Sammy Kershaw,2,13,
1993-05-08,7,My Blue Angel,Aaron Tippin,9,15,Gains In Performance
1993-05-08,8,Made For Lovin' You,Doug Stone,12,11,Gains In Performance
1993-05-08,9,Born To Love You,Mark Collie,6,15,
1993-05-08,10,Ain't That Lonely Yet,Dwight Yoakam,13,9,Gains In Performance
1993-05-08,11,Tell Me Why,Wynonna,14,6,Gains In Performance
1993-05-08,12,You Say You Will,Trisha Yearwood,15,10,Gains In Performance
1993-05-08,13,The Heart Won't Lie,Reba McEntire & Vince Gill,7,12,
1993-05-08,14,Alright Already,Larry Stewart,18,10,Gains In Performance
1993-05-08,15,Hometown Honeymoon,Alabama,20,5,Gains In Performance
1993-05-08,16,Should've Been A Cowboy,Toby Keith,23,10,Gains In Performance
1993-05-08,17,Honky Tonk Attitude,Joe Diffie,19,8,Gains In Performance
1993-05-08,18,Blame It On Your Heart,Patty Loveless,24,6,Gains In Performance
1993-05-08,19,T-R-O-U-B-L-E,Travis Tritt,17,14,
1993-05-08,20,Nobody Wins,Radney Foster,8,16,
1993-05-08,21,Trouble On The Line,Sawyer Brown,21,7,Gains In Performance
1993-05-08,22,High Rollin',Gibson/Miller Band,22,13,Gains In Performance
1993-05-08,23,Hard Workin' Man,Brooks & Dunn,5,14,
1993-05-08,24,"Oh Me, Oh My, Sweet Baby",Diamond Rio,27,6,Gains In Performance
1993-05-08,25,I'd Rather Miss You,Little Texas,16,15,
1993-05-08,26,No Future In The Past,Vince Gill,30,5,Gains In Performance
1993-05-08,27,Heartache,Suzy Bogguss,33,7,Gains In Performance
1993-05-08,28,"Love On The Loose, Heart On The Run",McBride & The Ride,34,7,Gains In Performance
1993-05-08,29,When My Ship Comes In,Clint Black,26,17,
1993-05-08,30,Somebody Else's Moon,Collin Raye,36,6,Gains In Performance
1993-05-08,31,Just As I Am,Ricky Van Shelton,29,9,
1993-05-08,32,Learning To Live Again,Garth Brooks,25,14,
1993-05-08,33,An Old Pair Of Shoes,Randy Travis,40,5,Gains In Performance
1993-05-08,34,She's Not Cryin' Anymore,Billy Ray Cyrus,28,17,
1993-05-08,35,Tell Me About It,Tanya Tucker With Delbert McClinton,43,4,Gains In Performance
1993-05-08,36,A Little Bit Of Her Love,Robert Ellis Orrall,41,8,Gains In Performance
1993-05-08,37,It's A Little Too Late,Tanya Tucker,31,17,
1993-05-08,38,I Wanna Take Care Of You,Billy Dean,44,5,Gains In Performance
1993-05-08,39,Heartland,George Strait,37,19,
1993-05-08,40,The Hard Way,Mary Chapin Carpenter,47,4,Gains In Performance
1993-05-08,41,Ol' Country,Mark Chesnutt,35,19,
1993-05-08,42,I Guess You Had To Be There,Lorrie Morgan,46,6,Gains In Performance
1993-05-08,43,Someone To Give My Love To,Tracy Byrd,42,13,
1993-05-08,44,If I Had A Cheatin' Heart,Ricky Lynn Gregg,48,9,Gains In Performance
1993-05-08,45,Money In The Bank,John Anderson,61,2,Gains In Performance
1993-05-08,46,Mending Fences,Restless Heart,32,16,
1993-05-08,47,Let That Pony Run,Pam Tillis,39,19,
1993-05-08,48,When You Leave That Way You Can Never Go Back,Confederate Railroad,50,5,Gains In Performance
1993-05-08,49,Once Upon A Lifetime,Alabama,45,20,
1993-05-08,50,When Did You Stop Loving Me,George Strait,62,2,Gains In Performance
1993-05-08,51,Hey Baby,Marty Stuart,51,4,Gains In Performance
1993-05-08,52,Passionate Kisses,Mary Chapin Carpenter,49,20,
1993-05-08,53,If You're Not Gonna Love Me,Deborah Allen,56,4,Gains In Performance
1993-05-08,54,That Summer,Garth Brooks,NEW,1,Highest ranking debut|Gains In Performance
1993-05-08,55,Some Gave All,Billy Ray Cyrus,58,4,Gains In Performance
1993-05-08,56,What Made You Say That,Shania Twain,57,7,Gains In Performance
1993-05-08,57,Standing Knee Deep In A River (Dying Of Thirst),Kathy Mattea,52,16,
1993-05-08,58,Romeo,Dolly Parton & Friends,53,13,
1993-05-08,59,Maybe You Were The One,Dude Mowrey,59,4,Gains In Performance
1993-05-08,60,"Cleopatra, Queen Of Denial",Pam Tillis,74,2,Gains In Performance
1993-05-15,1,I Love The Way You Love Me,John Michael Montgomery,4,10,Gains In Performance
1993-05-15,2,Tender Moment,Lee Roy Parnell,3,11,Gains In Performance
1993-05-15,3,Hearts Are Gonna Roll,Hal Ketchum,2,13,Gains In Performance
1993-05-15,4,Alibis,Tracy Lawrence,1,13,
1993-05-15,5,Ain't That Lonely Yet,Dwight Yoakam,10,10,Gains In Performance
1993-05-15,6,Made For Lovin' You,Doug Stone,8,12,Gains In Performance
1993-05-15,7,Tell Me Why,Wynonna,11,7,Gains In Performance
1993-05-15,8,Tonight I Climbed The Wall,Alan Jackson,5,15,
1993-05-15,9,My Blue Angel,Aaron Tippin,7,16,
1993-05-15,10,Alright Already,Larry Stewart,14,11,Gains In Performance
1993-05-15,11,Should've Been A Cowboy,Toby Keith,16,11,Gains In Performance
1993-05-15,12,She Don't Know She's Beautiful,Sammy Kershaw,6,14,
1993-05-15,13,Hometown Honeymoon,Alabama,15,6,Gains In Performance
1993-05-15,14,Honky Tonk Attitude,Joe Diffie,17,9,Gains In Performance
1993-05-15,15,T-R-O-U-B-L-E,Travis Tritt,19,15,Gains In Performance
1993-05-15,16,Blame It On Your Heart,Patty Loveless,18,7,Gains In Performance
1993-05-15,17,Trouble On The Line,Sawyer Brown,21,8,Gains In Performance
1993-05-15,18,Born To Love You,Mark Collie,9,16,
1993-05-15,19,"Oh Me, Oh My, Sweet Baby",Diamond Rio,24,7,Gains In Performance
1993-05-15,20,High Rollin',Gibson/Miller Band,22,14,Gains In Performance
1993-05-15,21,You Say You Will,Trisha Yearwood,12,11,
1993-05-15,22,No Future In The Past,Vince Gill,26,6,Gains In Performance
1993-05-15,23,The Heart Won't Lie,Reba McEntire & Vince Gill,13,13,
1993-05-15,24,Somebody Else's Moon,Collin Raye,30,7,Gains In Performance
1993-05-15,25,Heartache,Suzy Bogguss,27,8,Gains In Performance
1993-05-15,26,Just As I Am,Ricky Van Shelton,31,10,Gains In Performance
1993-05-15,27,"Love On The Loose, Heart On The Run",McBride & The Ride,28,8,Gains In Performance
1993-05-15,28,An Old Pair Of Shoes,Randy Travis,33,6,Gains In Performance
1993-05-15,29,Nobody Wins,Radney Foster,20,17,
1993-05-15,30,Tell Me About It,Tanya Tucker With Delbert McClinton,35,5,Gains In Performance
1993-05-15,31,That Summer,Garth Brooks,54,2,Gains In Performance
1993-05-15,32,Money In The Bank,John Anderson,45,3,Gains In Performance
1993-05-15,33,A Little Bit Of Her Love,Robert Ellis Orrall,36,9,Gains In Performance
1993-05-15,34,Hard Workin' Man,Brooks & Dunn,23,15,
1993-05-15,35,When My Ship Comes In,Clint Black,29,18,
1993-05-15,36,I'd Rather Miss You,Little Texas,25,16,
1993-05-15,37,I Wanna Take Care Of You,Billy Dean,38,6,Gains In Performance
1993-05-15,38,The Hard Way,Mary Chapin Carpenter,40,5,Gains In Performance
1993-05-15,39,Learning To Live Again,Garth Brooks,32,15,
1993-05-15,40,I Guess You Had To Be There,Lorrie Morgan,42,7,Gains In Performance
1993-05-15,41,It's A Little Too Late,Tanya Tucker,37,18,
1993-05-15,42,Heartland,George Strait,39,20,
1993-05-15,43,When Did You Stop Loving Me,George Strait,50,3,Gains In Performance
1993-05-15,44,If I Had A Cheatin' Heart,Ricky Lynn Gregg,44,10,Gains In Performance
1993-05-15,45,She's Not Cryin' Anymore,Billy Ray Cyrus,34,18,
1993-05-15,46,Ol' Country,Mark Chesnutt,41,20,
1993-05-15,47,When You Leave That Way You Can Never Go Back,Confederate Railroad,48,6,Gains In Performance
1993-05-15,48,Let That Pony Run,Pam Tillis,47,20,
1993-05-15,49,Hey Baby,Marty Stuart,51,5,Gains In Performance
1993-05-15,50,"Cleopatra, Queen Of Denial",Pam Tillis,60,3,Gains In Performance
1993-05-15,51,Mending Fences,Restless Heart,46,17,
1993-05-15,52,Someone To Give My Love To,Tracy Byrd,43,14,
1993-05-15,53,If You're Not Gonna Love Me,Deborah Allen,53,5,Gains In Performance
1993-05-15,54,Some Gave All,Billy Ray Cyrus,55,5,Gains In Performance
1993-05-15,55,A Bad Goodbye,Clint Black With Wynonna,NEW,1,Highest ranking debut|Gains In Performance
1993-05-15,56,What Made You Say That,Shania Twain,56,8,Gains In Performance
1993-05-15,57,Haunted Heart,Sammy Kershaw,71,2,Gains In Performance
1993-05-15,58,Maybe You Were The One,Dude Mowrey,59,5,Gains In Performance
1993-05-15,59,It's Your Call,Reba McEntire,NEW,1,Gains In Performance
1993-05-15,60,Romeo,Dolly Parton & Friends,58,14,
1993-05-22,1,I Love The Way You Love Me,John Michael Montgomery,1,11,Gains In Performance
1993-05-22,2,Ain't That Lonely Yet,Dwight Yoakam,5,11,Gains In Performance
1993-05-22,3,Tender Moment,Lee Roy Parnell,2,12,
1993-05-22,4,Hearts Are Gonna Roll,Hal Ketchum,3,14,
1993-05-22,5,Tell Me Why,Wynonna,7,8,Gains In Performance
1993-05-22,6,Made For Lovin' You,Doug Stone,6,13,Gains In Performance
1993-05-22,7,Alright Already,Larry Stewart,10,12,Gains In Performance
1993-05-22,8,Should've Been A Cowboy,Toby Keith,11,12,Gains In Performance
1993-05-22,9,Hometown Honeymoon,Alabama,13,7,Gains In Performance
1993-05-22,10,Alibis,Tracy Lawrence,4,14,
1993-05-22,11,Blame It On Your Heart,Patty Loveless,16,8,Gains In Performance
1993-05-22,12,Trouble On The Line,Sawyer Brown,17,9,Gains In Performance
1993-05-22,13,Honky Tonk Attitude,Joe Diffie,14,10,Gains In Performance
1993-05-22,14,T-R-O-U-B-L-E,Travis Tritt,15,16,Gains In Performance
1993-05-22,15,"Oh Me, Oh My, Sweet Baby",Diamond Rio,19,8,Gains In Performance
1993-05-22,16,No Future In The Past,Vince Gill,22,7,Gains In Performance
1993-05-22,17,She Don't Know She's Beautiful,Sammy Kershaw,12,15,
1993-05-22,18,Tonight I Climbed The Wall,Alan Jackson,8,16,
1993-05-22,19,That Summer,Garth Brooks,31,3,Gains In Performance
1993-05-22,20,My Blue Angel,Aaron Tippin,9,17,
1993-05-22,21,Somebody Else's Moon,Collin Raye,24,8,Gains In Performance
1993-05-22,22,Tell Me About It,Tanya Tucker With Delbert McClinton,30,6,Gains In Performance
1993-05-22,23,"Love On The Loose, Heart On The Run",McBride & The Ride,27,9,Gains In Performance
1993-05-22,24,Heartache,Suzy Bogguss,25,9,Gains In Performance
1993-05-22,25,An Old Pair Of Shoes,Randy Travis,28,7,Gains In Performance
1993-05-22,26,Money In The Bank,John Anderson,32,4,Gains In Performance
1993-05-22,27,High Rollin',Gibson/Miller Band,20,15,
1993-05-22,28,Just As I Am,Ricky Van Shelton,26,11,
1993-05-22,29,I Wanna Take Care Of You,Billy Dean,37,7,Gains In Performance
1993-05-22,30,Born To Love You,Mark Collie,18,17,
1993-05-22,31,The Heart Won't Lie,Reba McEntire & Vince Gill,23,14,
1993-05-22,32,A Little Bit Of Her Love,Robert Ellis Orrall,33,10,Gains In Performance
1993-05-22,33,The Hard Way,Mary Chapin Carpenter,38,6,Gains In Performance
1993-05-22,34,Nobody Wins,Radney Foster,29,18,
1993-05-22,35,When Did You Stop Loving Me,George Strait,43,4,Gains In Performance
1993-05-22,36,A Bad Goodbye,Clint Black With Wynonna,55,2,Gains In Performance
1993-05-22,37,You Say You Will,Trisha Yearwood,21,12,
1993-05-22,38,When My Ship Comes In,Clint Black,35,19,
1993-05-22,39,I Guess You Had To Be There,Lorrie Morgan,40,8,Gains In Performance
1993-05-22,40,Hard Workin' Man,Brooks & Dunn,34,16,
1993-05-22,41,When You Leave That Way You Can Never Go Back,Confederate Railroad,47,7,Gains In Performance
1993-05-22,42,"Cleopatra, Queen Of Denial",Pam Tillis,50,4,Gains In Performance
1993-05-22,43,If I Had A Cheatin' Heart,Ricky Lynn Gregg,44,11,Gains In Performance
1993-05-22,44,It's A Little Too Late,Tanya Tucker,41,19,
1993-05-22,45,Hey Baby,Marty Stuart,49,6,Gains In Performance
1993-05-22,46,Learning To Live Again,Garth Brooks,39,16,
1993-05-22,47,She's Not Cryin' Anymore,Billy Ray Cyrus,45,19,
1993-05-22,48,I'd Rather Miss You,Little Texas,36,17,
1993-05-22,49,It's Your Call,Reba McEntire,59,2,Gains In Performance
1993-05-22,50,If You're Not Gonna Love Me,Deborah Allen,53,6,Gains In Performance
1993-05-22,51,Haunted Heart,Sammy Kershaw,57,3,Gains In Performance
1993-05-22,52,Some Gave All,Billy Ray Cyrus,54,6,Gains In Performance
1993-05-22,53,Mending Fences,Restless Heart,51,18,
1993-05-22,54,We'll Burn That Bridge,Brooks & Dunn,70,2,Gains In Performance
1993-05-22,55,What Made You Say That,Shania Twain,56,9,
1993-05-22,56,Lead Me Not,Lari White,63,2,Gains In Performance
1993-05-22,57,Maybe You Were The One,Dude Mowrey,58,6,
1993-05-22,58,Someone To Give My Love To,Tracy Byrd,52,15,
1993-05-22,59,More Where That Came From,Dolly Parton,64,4,Gains In Performance
1993-05-22,60,Romeo,Dolly Parton & Friends,60,15,
1993-05-29,1,I Love The Way You Love Me,John Michael Montgomery,1,12,Gains In Performance
1993-05-29,2,Ain't That Lonely Yet,Dwight Yoakam,2,12,Gains In Performance
1993-05-29,3,Tell Me Why,Wynonna,5,9,Gains In Performance
1993-05-29,4,Should've Been A Cowboy,Toby Keith,8,13,Gains In Performance
1993-05-29,5,Alright Already,Larry Stewart,7,13,Gains In Performance
1993-05-29,6,Hometown Honeymoon,Alabama,9,8,Gains In Performance
1993-05-29,7,Made For Lovin' You,Doug Stone,6,14,
1993-05-29,8,Blame It On Your Heart,Patty Loveless,11,9,Gains In Performance
1993-05-29,9,Tender Moment,Lee Roy Parnell,3,13,
1993-05-29,10,Trouble On The Line,Sawyer Brown,12,10,Gains In Performance
1993-05-29,11,Honky Tonk Attitude,Joe Diffie,13,11,Gains In Performance
1993-05-29,12,Hearts Are Gonna Roll,Hal Ketchum,4,15,
1993-05-29,13,T-R-O-U-B-L-E,Travis Tritt,14,17,Gains In Performance
1993-05-29,14,That Summer,Garth Brooks,19,4,Gains In Performance
1993-05-29,15,"Oh Me, Oh My, Sweet Baby",Diamond Rio,15,9,Gains In Performance
1993-05-29,16,No Future In The Past,Vince Gill,16,8,Gains In Performance
1993-05-29,17,Alibis,Tracy Lawrence,10,15,
1993-05-29,18,Money In The Bank,John Anderson,26,5,Gains In Performance
1993-05-29,19,"Love On The Loose, Heart On The Run",McBride & The Ride,23,10,Gains In Performance
1993-05-29,20,Tell Me About It,Tanya Tucker With Delbert McClinton,22,7,Gains In Performance
1993-05-29,21,An Old Pair Of Shoes,Randy Travis,25,8,Gains In Performance
1993-05-29,22,Somebody Else's Moon,Collin Raye,21,9,Gains In Performance
1993-05-29,23,Heartache,Suzy Bogguss,24,10,Gains In Performance
1993-05-29,24,I Wanna Take Care Of You,Billy Dean,29,8,Gains In Performance
1993-05-29,25,She Don't Know She's Beautiful,Sammy Kershaw,17,16,
1993-05-29,26,The Hard Way,Mary Chapin Carpenter,33,7,Gains In Performance
1993-05-29,27,A Bad Goodbye,Clint Black With Wynonna,36,3,Gains In Performance
1993-05-29,28,Just As I Am,Ricky Van Shelton,28,12,
1993-05-29,29,When Did You Stop Loving Me,George Strait,35,5,Gains In Performance
1993-05-29,30,I Guess You Had To Be There,Lorrie Morgan,39,9,Gains In Performance
1993-05-29,31,A Little Bit Of Her Love,Robert Ellis Orrall,32,11,
1993-05-29,32,Tonight I Climbed The Wall,Alan Jackson,18,17,
1993-05-29,33,"Cleopatra, Queen Of Denial",Pam Tillis,42,5,Gains In Performance
1993-05-29,34,My Blue Angel,Aaron Tippin,20,18,
1993-05-29,35,Nobody Wins,Radney Foster,34,19,
1993-05-29,36,When You Leave That Way You Can Never Go Back,Confederate Railroad,41,8,Gains In Performance
1993-05-29,37,The Heart Won't Lie,Reba McEntire & Vince Gill,31,15,
1993-05-29,38,It's Your Call,Reba McEntire,49,3,Gains In Performance
1993-05-29,39,Born To Love You,Mark Collie,30,18,
1993-05-29,40,We'll Burn That Bridge,Brooks & Dunn,54,3,Gains In Performance
1993-05-29,41,When My Ship Comes In,Clint Black,38,20,
1993-05-29,42,If I Had A Cheatin' Heart,Ricky Lynn Gregg,43,12,
1993-05-29,43,Hard Workin' Man,Brooks & Dunn,40,17,
1993-05-29,44,Hey Baby,Marty Stuart,45,7,Gains In Performance
1993-05-29,45,High Rollin',Gibson/Miller Band,27,16,
1993-05-29,46,It's A Little Too Late,Tanya Tucker,44,20,
1993-05-29,47,Learning To Live Again,Garth Brooks,46,17,
1993-05-29,48,Haunted Heart,Sammy Kershaw,51,4,Gains In Performance
1993-05-29,49,She's Not Cryin' Anymore,Billy Ray Cyrus,47,20,
1993-05-29,50,You Say You Will,Trisha Yearwood,37,13,
1993-05-29,51,It Sure Is Monday,Mark Chesnutt,65,2,Gains In Performance
1993-05-29,52,I'd Rather Miss You,Little Texas,48,18,
1993-05-29,53,If You're Not Gonna Love Me,Deborah Allen,50,7,
1993-05-29,54,Some Gave All,Billy Ray Cyrus,52,7,
1993-05-29,55,Mending Fences,Restless Heart,53,19,
1993-05-29,56,Lead Me Not,Lari White,56,3,Gains In Performance
1993-05-29,57,We Got The Love,Restless Heart,64,2,Gains In Performance
1993-05-29,58,More Where That Came From,Dolly Parton,59,5,Gains In Performance
1993-05-29,59,What Made You Say That,Shania Twain,55,10,
1993-05-29,60,Chattahoochee,Alan Jackson,70,3,Gains In Performance
1993-06-05,1,Should've Been A Cowboy,Toby Keith,4,14,Gains In Performance
1993-06-05,2,Ain't That Lonely Yet,Dwight Yoakam,2,13,
1993-06-05,3,Tell Me Why,Wynonna,3,10,
1993-06-05,4,I Love The Way You Love Me,John Michael Montgomery,1,13,
1993-06-05,5,Hometown Honeymoon,Alabama,6,9,Gains In Performance
1993-06-05,6,Alright Already,Larry Stewart,5,14,Gains In Performance
1993-06-05,7,Blame It On Your Heart,Patty Loveless,8,10,Gains In Performance
1993-06-05,8,Trouble On The Line,Sawyer Brown,10,11,Gains In Performance
1993-06-05,9,Honky Tonk Attitude,Joe Diffie,11,12,Gains In Performance
1993-06-05,10,That Summer,Garth Brooks,14,5,Gains In Performance
1993-06-05,11,Made For Lovin' You,Doug Stone,7,15,
1993-06-05,12,Money In The Bank,John Anderson,18,6,Gains In Performance
1993-06-05,13,"Oh Me, Oh My, Sweet Baby",Diamond Rio,15,10,Gains In Performance
1993-06-05,14,No Future In The Past,Vince Gill,16,9,Gains In Performance
1993-06-05,15,Tender Moment,Lee Roy Parnell,9,14,
1993-06-05,16,T-R-O-U-B-L-E,Travis Tritt,13,18,
1993-06-05,17,"Love On The Loose, Heart On The Run",McBride & The Ride,19,11,Gains In Performance
1993-06-05,18,Tell Me About It,Tanya Tucker With Delbert McClinton,20,8,Gains In Performance
1993-06-05,19,Somebody Else's Moon,Collin Raye,22,10,Gains In Performance
1993-06-05,20,A Bad Goodbye,Clint Black With Wynonna,27,4,Gains In Performance
1993-06-05,21,An Old Pair Of Shoes,Randy Travis,21,9,
1993-06-05,22,Alibis,Tracy Lawrence,17,16,
1993-06-05,23,I Wanna Take Care Of You,Billy Dean,24,9,Gains In Performance
1993-06-05,24,The Hard Way,Mary Chapin Carpenter,26,8,Gains In Performance
1993-06-05,25,When Did You Stop Loving Me,George Strait,29,6,Gains In Performance
1993-06-05,26,Hearts Are Gonna Roll,Hal Ketchum,12,16,
1993-06-05,27,Heartache,Suzy Bogguss,23,11,
1993-06-05,28,I Guess You Had To Be There,Lorrie Morgan,30,10,Gains In Performance
1993-06-05,29,When You Leave That Way You Can Never Go Back,Confederate Railroad,36,9,Gains In Performance
1993-06-05,30,She Don't Know She's Beautiful,Sammy Kershaw,25,17,
1993-06-05,31,It's Your Call,Reba McEntire,38,4,Gains In Performance
1993-06-05,32,"Cleopatra, Queen Of Denial",Pam Tillis,33,6,Gains In Performance
1993-06-05,33,We'll Burn That Bridge,Brooks & Dunn,40,4,Gains In Performance
1993-06-05,34,Nobody Wins,Radney Foster,35,20,
1993-06-05,35,It Sure Is Monday,Mark Chesnutt,51,3,Gains In Performance
1993-06-05,36,The Heart Won't Lie,Reba McEntire & Vince Gill,37,16,
1993-06-05,37,If I Had A Cheatin' Heart,Ricky Lynn Gregg,42,13,Gains In Performance
1993-06-05,38,Haunted Heart,Sammy Kershaw,48,5,Gains In Performance
1993-06-05,39,My Blue Angel,Aaron Tippin,34,19,
1993-06-05,40,Just As I Am,Ricky Van Shelton,28,13,
1993-06-05,41,Born To Love You,Mark Collie,39,19,
1993-06-05,42,Tonight I Climbed The Wall,Alan Jackson,32,18,
1993-06-05,43,Hey Baby,Marty Stuart,44,8,Gains In Performance
1993-06-05,44,A Little Bit Of Her Love,Robert Ellis Orrall,31,12,
1993-06-05,45,Hard Workin' Man,Brooks & Dunn,43,18,
1993-06-05,46,Chattahoochee,Alan Jackson,60,4,Gains In Performance
1993-06-05,47,If You're Not Gonna Love Me,Deborah Allen,53,8,Gains In Performance
1993-06-05,48,Learning To Live Again,Garth Brooks,47,18,
1993-06-05,49,I'd Rather Miss You,Little Texas,52,19,
1993-06-05,50,We Got The Love,Restless Heart,57,3,Gains In Performance
1993-06-05,51,High Rollin',Gibson/Miller Band,45,17,
1993-06-05,52,Some Gave All,Billy Ray Cyrus,54,8,
1993-06-05,53,You Say You Will,Trisha Yearwood,50,14,
1993-06-05,54,Lead Me Not,Lari White,56,4,Gains In Performance
1993-06-05,55,Reno,Doug Supernaw,62,3,Gains In Performance
1993-06-05,56,Mending Fences,Restless Heart,55,20,
1993-06-05,57,What Might Have Been,Little Texas,72,2,Gains In Performance
1993-06-05,58,Every Little Thing,Carlene Carter,71,2,Gains In Performance
1993-06-05,59,More Where That Came From,Dolly Parton,58,6,
1993-06-05,60,Seeds,Kathy Mattea,68,2,Gains In Performance
1993-06-12,1,Should've Been A Cowboy,Toby Keith,1,15,Gains In Performance
1993-06-12,2,Blame It On Your Heart,Patty Loveless,7,11,Gains In Performance
1993-06-12,3,Tell Me Why,Wynonna,3,11,
1993-06-12,4,Hometown Honeymoon,Alabama,5,10,Gains In Performance
1993-06-12,5,Trouble On The Line,Sawyer Brown,8,12,Gains In Performance
1993-06-12,6,Honky Tonk Attitude,Joe Diffie,9,13,Gains In Performance
1993-06-12,7,That Summer,Garth Brooks,10,6,Gains In Performance
1993-06-12,8,Ain't That Lonely Yet,Dwight Yoakam,2,14,
1993-06-12,9,I Love The Way You Love Me,John Michael Montgomery,4,14,
1993-06-12,10,Alright Already,Larry Stewart,6,15,
1993-06-12,11,"Oh Me, Oh My, Sweet Baby",Diamond Rio,13,11,Gains In Performance
1993-06-12,12,No Future In The Past,Vince Gill,14,10,Gains In Performance
1993-06-12,13,Money In The Bank,John Anderson,12,7,Gains In Performance
1993-06-12,14,"Love On The Loose, Heart On The Run",McBride & The Ride,17,12,Gains In Performance
1993-06-12,15,Tell Me About It,Tanya Tucker With Delbert McClinton,18,9,Gains In Performance
1993-06-12,16,Somebody Else's Moon,Collin Raye,19,11,Gains In Performance
1993-06-12,17,A Bad Goodbye,Clint Black With Wynonna,20,5,Gains In Performance
1993-06-12,18,The Hard Way,Mary Chapin Carpenter,24,9,Gains In Performance
1993-06-12,19,It's Your Call,Reba McEntire,31,5,Gains In Performance
1993-06-12,20,Tender Moment,Lee Roy Parnell,15,15,
1993-06-12,21,When Did You Stop Loving Me,George Strait,25,7,Gains In Performance
1993-06-12,22,I Wanna Take Care Of You,Billy Dean,23,10,Gains In Performance
1993-06-12,23,An Old Pair Of Shoes,Randy Travis,21,10,
1993-06-12,24,We'll Burn That Bridge,Brooks & Dunn,33,5,Gains In Performance
1993-06-12,25,Made For Lovin' You,Doug Stone,11,16,
1993-06-12,26,I Guess You Had To Be There,Lorrie Morgan,28,11,Gains In Performance
1993-06-12,27,When You Leave That Way You Can Never Go Back,Confederate Railroad,29,10,Gains In Performance
1993-06-12,28,"Cleopatra, Queen Of Denial",Pam Tillis,32,7,Gains In Performance
1993-06-12,29,Alibis,Tracy Lawrence,22,17,
1993-06-12,30,T-R-O-U-B-L-E,Travis Tritt,16,19,
1993-06-12,31,Chattahoochee,Alan Jackson,46,5,Gains In Performance
1993-06-12,32,It Sure Is Monday,Mark Chesnutt,35,4,Gains In Performance
1993-06-12,33,Hearts Are Gonna Roll,Hal Ketchum,26,17,
1993-06-12,34,She Don't Know She's Beautiful,Sammy Kershaw,30,18,
1993-06-12,35,Haunted Heart,Sammy Kershaw,38,6,Gains In Performance
1993-06-12,36,If I Had A Cheatin' Heart,Ricky Lynn Gregg,37,14,Gains In Performance
1993-06-12,37,Heartache,Suzy Bogguss,27,12,
1993-06-12,38,Hey Baby,Marty Stuart,43,9,Gains In Performance
1993-06-12,39,The Heart Won't Lie,Reba McEntire & Vince Gill,36,17,
1993-06-12,40,My Blue Angel,Aaron Tippin,39,20,
1993-06-12,41,Born To Love You,Mark Collie,41,20,
1993-06-12,42,Tonight I Climbed The Wall,Alan Jackson,42,19,
1993-06-12,43,We Got The Love,Restless Heart,50,4,Gains In Performance
1993-06-12,44,Every Little Thing,Carlene Carter,58,3,Gains In Performance
1993-06-12,45,If You're Not Gonna Love Me,Deborah Allen,47,9,Gains In Performance
1993-06-12,46,Hard Workin' Man,Brooks & Dunn,45,19,
1993-06-12,47,Can't Break It To My Heart,Tracy Lawrence,73,2,Gains In Performance
1993-06-12,48,Reno,Doug Supernaw,55,4,Gains In Performance
1993-06-12,49,Learning To Live Again,Garth Brooks,48,19,
1993-06-12,50,What Might Have Been,Little Texas,57,3,Gains In Performance
1993-06-12,51,I'd Rather Miss You,Little Texas,49,20,
1993-06-12,52,Some Gave All,Billy Ray Cyrus,52,9,
1993-06-12,53,Lead Me Not,Lari White,54,5,Gains In Performance
1993-06-12,54,Just As I Am,Ricky Van Shelton,40,14,
1993-06-12,55,A Little Bit Of Her Love,Robert Ellis Orrall,44,13,
1993-06-12,56,Janie Baker's Love Slave,Shenandoah,70,2,Gains In Performance
1993-06-12,57,You Say You Will,Trisha Yearwood,53,15,
1993-06-12,58,High Rollin',Gibson/Miller Band,51,18,
1993-06-12,59,Seeds,Kathy Mattea,60,3,Gains In Performance
1993-06-12,60,More Where That Came From,Dolly Parton,59,7,
1993-06-19,1,Blame It On Your Heart,Patty Loveless,2,12,Gains In Performance
1993-06-19,2,That Summer,Garth Brooks,7,7,Gains In Performance
1993-06-19,3,Hometown Honeymoon,Alabama,4,11,
1993-06-19,4,Tell Me Why,Wynonna,3,12,
1993-06-19,5,Honky Tonk Attitude,Joe Diffie,6,14,Gains In Performance
1993-06-19,6,Should've Been A Cowboy,Toby Keith,1,16,
1993-06-19,7,Trouble On The Line,Sawyer Brown,5,13,
1993-06-19,8,No Future In The Past,Vince Gill,12,11,Gains In Performance
1993-06-19,9,"Oh Me, Oh My, Sweet Baby",Diamond Rio,11,12,Gains In Performance
1993-06-19,10,Money In The Bank,John Anderson,13,8,Gains In Performance
1993-06-19,11,Somebody Else's Moon,Collin Raye,16,12,Gains In Performance
1993-06-19,12,"Love On The Loose, Heart On The Run",McBride & The Ride,14,13,Gains In Performance
1993-06-19,13,A Bad Goodbye,Clint Black With Wynonna,17,6,Gains In Performance
1993-06-19,14,Tell Me About It,Tanya Tucker With Delbert McClinton,15,10,Gains In Performance
1993-06-19,15,I Love The Way You Love Me,John Michael Montgomery,9,15,
1993-06-19,16,Ain't That Lonely Yet,Dwight Yoakam,8,15,
1993-06-19,17,The Hard Way,Mary Chapin Carpenter,18,10,Gains In Performance
1993-06-19,18,We'll Burn That Bridge,Brooks & Dunn,24,6,Gains In Performance
1993-06-19,19,It's Your Call,Reba McEntire,19,6,Gains In Performance
1993-06-19,20,When Did You Stop Loving Me,George Strait,21,8,Gains In Performance
1993-06-19,21,Chattahoochee,Alan Jackson,31,6,Gains In Performance
1993-06-19,22,I Guess You Had To Be There,Lorrie Morgan,26,12,Gains In Performance
1993-06-19,23,Alright Already,Larry Stewart,10,16,
1993-06-19,24,I Wanna Take Care Of You,Billy Dean,22,11,
1993-06-19,25,An Old Pair Of Shoes,Randy Travis,23,11,
1993-06-19,26,When You Leave That Way You Can Never Go Back,Confederate Railroad,27,11,Gains In Performance
1993-06-19,27,"Cleopatra, Queen Of Denial",Pam Tillis,28,8,Gains In Performance
1993-06-19,28,It Sure Is Monday,Mark Chesnutt,32,5,Gains In Performance
1993-06-19,29,Haunted Heart,Sammy Kershaw,35,7,Gains In Performance
1993-06-19,30,Tender Moment,Lee Roy Parnell,20,16,
1993-06-19,31,Alibis,Tracy Lawrence,29,18,
1993-06-19,32,Made For Lovin' You,Doug Stone,25,17,
1993-06-19,33,She Don't Know She's Beautiful,Sammy Kershaw,34,19,
1993-06-19,34,Hearts Are Gonna Roll,Hal Ketchum,33,18,
1993-06-19,35,Can't Break It To My Heart,Tracy Lawrence,47,3,Gains In Performance
1993-06-19,36,Every Little Thing,Carlene Carter,44,4,Gains In Performance
1993-06-19,37,If I Had A Cheatin' Heart,Ricky Lynn Gregg,36,15,
1993-06-19,38,We Got The Love,Restless Heart,43,5,Gains In Performance
1993-06-19,39,T-R-O-U-B-L-E,Travis Tritt,30,20,
1993-06-19,40,Hey Baby,Marty Stuart,38,10,
1993-06-19,41,The Heart Won't Lie,Reba McEntire & Vince Gill,39,18,
1993-06-19,42,Reno,Doug Supernaw,48,5,Gains In Performance
1993-06-19,43,What Might Have Been,Little Texas,50,4,Gains In Performance
1993-06-19,44,If You're Not Gonna Love Me,Deborah Allen,45,10,
1993-06-19,45,Tonight I Climbed The Wall,Alan Jackson,42,20,
1993-06-19,46,Hard Workin' Man,Brooks & Dunn,46,20,
1993-06-19,47,Janie Baker's Love Slave,Shenandoah,56,3,Gains In Performance
1993-06-19,48,Texas Tattoo,Gibson/Miller Band,64,2,Gains In Performance
1993-06-19,49,Learning To Live Again,Garth Brooks,49,20,
1993-06-19,50,Lead Me Not,Lari White,53,6,Gains In Performance
1993-06-19,51,Down On My Knees,Trisha Yearwood,70,2,Gains In Performance
1993-06-19,52,Heartache,Suzy Bogguss,37,13,
1993-06-19,53,Shame Shame Shame Shame,Mark Collie,61,3,Gains In Performance
1993-06-19,54,Seeds,Kathy Mattea,59,4,Gains In Performance
1993-06-19,55,You Say You Will,Trisha Yearwood,57,16,
1993-06-19,56,High Rollin',Gibson/Miller Band,58,19,
1993-06-19,57,Just As I Am,Ricky Van Shelton,54,15,
1993-06-19,58,Why Didn't I Think Of That,Doug Stone,NEW,1,Highest ranking debut|Gains In Performance
1993-06-19,59,Some Gave All,Billy Ray Cyrus,52,10,
1993-06-19,60,Mama Knows The Highway,Hal Ketchum,NEW,1,Gains In Performance
1993-06-26,1,Blame It On Your Heart,Patty Loveless,1,13,Gains In Performance
1993-06-26,2,That Summer,Garth Brooks,2,8,Gains In Performance
1993-06-26,3,No Future In The Past,Vince Gill,8,12,Gains In Performance
1993-06-26,4,Money In The Bank,John Anderson,10,9,Gains In Performance
1993-06-26,5,"Oh Me, Oh My, Sweet Baby",Diamond Rio,9,13,Gains In Performance
1993-06-26,6,Honky Tonk Attitude,Joe Diffie,5,15,
1993-06-26,7,Hometown Honeymoon,Alabama,3,12,
1993-06-26,8,"Love On The Loose, Heart On The Run",McBride & The Ride,12,14,Gains In Performance
1993-06-26,9,Somebody Else's Moon,Collin Raye,11,13,Gains In Performance
1993-06-26,10,Chattahoochee,Alan Jackson,21,7,Gains In Performance
1993-06-26,11,Should've Been A Cowboy,Toby Keith,6,17,
1993-06-26,12,Tell Me About It,Tanya Tucker With Delbert McClinton,14,11,Gains In Performance
1993-06-26,13,A Bad Goodbye,Clint Black With Wynonna,13,7,Gains In Performance
1993-06-26,14,Tell Me Why,Wynonna,4,13,
1993-06-26,15,The Hard Way,Mary Chapin Carpenter,17,11,Gains In Performance
1993-06-26,16,Trouble On The Line,Sawyer Brown,7,14,
1993-06-26,17,It's Your Call,Reba McEntire,19,7,Gains In Performance
1993-06-26,18,We'll Burn That Bridge,Brooks & Dunn,18,7,Gains In Performance
1993-06-26,19,I Guess You Had To Be There,Lorrie Morgan,22,13,Gains In Performance
1993-06-26,20,When Did You Stop Loving Me,George Strait,20,9,Gains In Performance
1993-06-26,21,It Sure Is Monday,Mark Chesnutt,28,6,Gains In Performance
1993-06-26,22,I Love The Way You Love Me,John Michael Montgomery,15,16,
1993-06-26,23,"Cleopatra, Queen Of Denial",Pam Tillis,27,9,Gains In Performance
1993-06-26,24,I Wanna Take Care Of You,Billy Dean,24,12,Gains In Performance
1993-06-26,25,When You Leave That Way You Can Never Go Back,Confederate Railroad,26,12,Gains In Performance
1993-06-26,26,Ain't That Lonely Yet,Dwight Yoakam,16,16,
1993-06-26,27,An Old Pair Of Shoes,Randy Travis,25,12,
1993-06-26,28,Haunted Heart,Sammy Kershaw,29,8,Gains In Performance
1993-06-26,29,Can't Break It To My Heart,Tracy Lawrence,35,4,Gains In Performance
1993-06-26,30,Alright Already,Larry Stewart,23,17,
1993-06-26,31,Every Little Thing,Carlene Carter,36,5,Gains In Performance
1993-06-26,32,We Got The Love,Restless Heart,38,6,Gains In Performance
1993-06-26,33,Tender Moment,Lee Roy Parnell,30,17,
1993-06-26,34,She Don't Know She's Beautiful,Sammy Kershaw,33,20,
1993-06-26,35,Alibis,Tracy Lawrence,31,19,
1993-06-26,36,Made For Lovin' You,Doug Stone,32,18,
1993-06-26,37,Hearts Are Gonna Roll,Hal Ketchum,34,19,
1993-06-26,38,What Might Have Been,Little Texas,43,5,Gains In Performance
1993-06-26,39,Reno,Doug Supernaw,42,6,Gains In Performance
1993-06-26,40,Janie Baker's Love Slave,Shenandoah,47,4,Gains In Performance
1993-06-26,41,If I Had A Cheatin' Heart,Ricky Lynn Gregg,37,16,
1993-06-26,42,Why Didn't I Think Of That,Doug Stone,58,2,Gains In Performance
1993-06-26,43,The Heart Won't Lie,Reba McEntire & Vince Gill,41,19,
1993-06-26,44,Texas Tattoo,Gibson/Miller Band,48,3,Gains In Performance
1993-06-26,45,Down On My Knees,Trisha Yearwood,51,3,Gains In Performance
1993-06-26,46,Mama Knows The Highway,Hal Ketchum,60,2,Gains In Performance
1993-06-26,47,Hey Baby,Marty Stuart,40,11,
1993-06-26,48,Lead Me Not,Lari White,50,7,Gains In Performance
1993-06-26,49,Shame Shame Shame Shame,Mark Collie,53,4,Gains In Performance
1993-06-26,50,Seeds,Kathy Mattea,54,5,Gains In Performance
1993-06-26,51,If You're Not Gonna Love Me,Deborah Allen,44,11,
1993-06-26,52,Easier Said Than Done,Radney Foster,62,3,Gains In Performance
1993-06-26,53,High Rollin',Gibson/Miller Band,56,20,
1993-06-26,54,Holdin' Heaven,Tracy Byrd,72,2,Gains In Performance
1993-06-26,55,You Say You Will,Trisha Yearwood,55,17,
1993-06-26,56,I Got A Love,"Matthews, Wright & King",70,2,Gains In Performance
1993-06-26,57,Standing On The Edge Of Love,Clinton Gregory,63,3,Gains In Performance
1993-06-26,58,A Mind Of Her Own,John Berry,65,4,Gains In Performance
1993-06-26,59,A Cowboy's Born With A Broken Heart,Boy Howdy,66,2,Gains In Performance
1993-06-26,60,Just As I Am,Ricky Van Shelton,57,16,
1993-07-03,1,That Summer,Garth Brooks,2,9,Gains In Performance
1993-07-03,2,Money In The Bank,John Anderson,4,10,Gains In Performance
1993-07-03,3,"Love On The Loose, Heart On The Run",McBride & The Ride,8,15,Gains In Performance
1993-07-03,4,No Future In The Past,Vince Gill,3,13,
1993-07-03,5,Somebody Else's Moon,Collin Raye,9,14,Gains In Performance
1993-07-03,6,Blame It On Your Heart,Patty Loveless,1,14,
1993-07-03,7,A Bad Goodbye,Clint Black With Wynonna,13,8,Gains In Performance
1993-07-03,8,Tell Me About It,Tanya Tucker With Delbert McClinton,12,12,Gains In Performance
1993-07-03,9,Chattahoochee,Alan Jackson,10,8,Gains In Performance
1993-07-03,10,"Oh Me, Oh My, Sweet Baby",Diamond Rio,5,14,
1993-07-03,11,The Hard Way,Mary Chapin Carpenter,15,12,Gains In Performance
1993-07-03,12,It's Your Call,Reba McEntire,17,8,Gains In Performance
1993-07-03,13,When Did You Stop Loving Me,George Strait,20,10,Gains In Performance
1993-07-03,14,We'll Burn That Bridge,Brooks & Dunn,18,8,Gains In Performance
1993-07-03,15,I Guess You Had To Be There,Lorrie Morgan,19,14,Gains In Performance
1993-07-03,16,It Sure Is Monday,Mark Chesnutt,21,7,Gains In Performance
1993-07-03,17,Should've Been A Cowboy,Toby Keith,11,18,
1993-07-03,18,Honky Tonk Attitude,Joe Diffie,6,16,
1993-07-03,19,Hometown Honeymoon,Alabama,7,13,
1993-07-03,20,"Cleopatra, Queen Of Denial",Pam Tillis,23,10,Gains In Performance
1993-07-03,21,When You Leave That Way You Can Never Go Back,Confederate Railroad,25,13,Gains In Performance
1993-07-03,22,Can't Break It To My Heart,Tracy Lawrence,29,5,Gains In Performance
1993-07-03,23,Haunted Heart,Sammy Kershaw,28,9,Gains In Performance
1993-07-03,24,Every Little Thing,Carlene Carter,31,6,Gains In Performance
1993-07-03,25,I Wanna Take Care Of You,Billy Dean,24,13,
1993-07-03,26,I Love The Way You Love Me,John Michael Montgomery,22,17,
1993-07-03,27,We Got The Love,Restless Heart,32,7,Gains In Performance
1993-07-03,28,Tell Me Why,Wynonna,14,14,
1993-07-03,29,Ain't That Lonely Yet,Dwight Yoakam,26,17,
1993-07-03,30,An Old Pair Of Shoes,Randy Travis,27,13,
1993-07-03,31,What Might Have Been,Little Texas,38,6,Gains In Performance
1993-07-03,32,Trouble On The Line,Sawyer Brown,16,15,
1993-07-03,33,Reno,Doug Supernaw,39,7,Gains In Performance
1993-07-03,34,Why Didn't I Think Of That,Doug Stone,42,3,Gains In Performance
1993-07-03,35,Janie Baker's Love Slave,Shenandoah,40,5,Gains In Performance
1993-07-03,36,Tender Moment,Lee Roy Parnell,33,18,
1993-07-03,37,Alright Already,Larry Stewart,30,18,
1993-07-03,38,Alibis,Tracy Lawrence,35,20,
1993-07-03,39,Mama Knows The Highway,Hal Ketchum,46,3,Gains In Performance
1993-07-03,40,Down On My Knees,Trisha Yearwood,45,4,Gains In Performance
1993-07-03,41,Hearts Are Gonna Roll,Hal Ketchum,37,20,
1993-07-03,42,Texas Tattoo,Gibson/Miller Band,44,4,Gains In Performance
1993-07-03,43,Made For Lovin' You,Doug Stone,36,19,
1993-07-03,44,Shame Shame Shame Shame,Mark Collie,49,5,Gains In Performance
1993-07-03,45,Working Man's Ph.d,Aaron Tippin,62,2,Gains In Performance
1993-07-03,46,The Heart Won't Lie,Reba McEntire & Vince Gill,43,20,
1993-07-03,47,Lead Me Not,Lari White,48,8,
1993-07-03,48,Easier Said Than Done,Radney Foster,52,4,Gains In Performance
1993-07-03,49,Holdin' Heaven,Tracy Byrd,54,3,Gains In Performance
1993-07-03,50,If I Had A Cheatin' Heart,Ricky Lynn Gregg,41,17,
1993-07-03,51,I Got A Love,"Matthews, Wright & King",56,3,Gains In Performance
1993-07-03,52,Standing On The Edge Of Love,Clinton Gregory,57,4,Gains In Performance
1993-07-03,53,Seeds,Kathy Mattea,50,6,
1993-07-03,54,Hey Baby,Marty Stuart,47,12,
1993-07-03,55,A Cowboy's Born With A Broken Heart,Boy Howdy,59,3,Gains In Performance
1993-07-03,56,A Thousand Miles From Nowhere,Dwight Yoakam,72,2,Gains In Performance
1993-07-03,57,Under This Old Hat,Chris LeDoux,65,2,Gains In Performance
1993-07-03,58,A Mind Of Her Own,John Berry,58,5,Gains In Performance
1993-07-03,59,You Say You Will,Trisha Yearwood,55,18,
1993-07-03,60,In The Heart Of A Woman,Billy Ray Cyrus,NEW,1,Highest ranking debut|Gains In Performance
1993-07-10,1,Money In The Bank,John Anderson,2,11,Gains In Performance
1993-07-10,2,That Summer,Garth Brooks,1,10,
1993-07-10,3,A Bad Goodbye,Clint Black With Wynonna,7,9,Gains In Performance
1993-07-10,4,Chattahoochee,Alan Jackson,9,9,Gains In Performance
1993-07-10,5,"Love On The Loose, Heart On The Run",McBride & The Ride,3,16,
1993-07-10,6,No Future In The Past,Vince Gill,4,14,Gains In Performance
1993-07-10,7,Somebody Else's Moon,Collin Raye,5,15,
1993-07-10,8,Tell Me About It,Tanya Tucker With Delbert McClinton,8,13,Gains In Performance
1993-07-10,9,When Did You Stop Loving Me,George Strait,13,11,Gains In Performance
1993-07-10,10,It's Your Call,Reba McEntire,12,9,Gains In Performance
1993-07-10,11,The Hard Way,Mary Chapin Carpenter,11,13,Gains In Performance
1993-07-10,12,We'll Burn That Bridge,Brooks & Dunn,14,9,Gains In Performance
1993-07-10,13,Blame It On Your Heart,Patty Loveless,6,15,
1993-07-10,14,I Guess You Had To Be There,Lorrie Morgan,15,15,Gains In Performance
1993-07-10,15,It Sure Is Monday,Mark Chesnutt,16,8,Gains In Performance
1993-07-10,16,Can't Break It To My Heart,Tracy Lawrence,22,6,Gains In Performance
1993-07-10,17,"Cleopatra, Queen Of Denial",Pam Tillis,20,11,Gains In Performance
1993-07-10,18,When You Leave That Way You Can Never Go Back,Confederate Railroad,21,14,Gains In Performance
1993-07-10,19,Every Little Thing,Carlene Carter,24,7,Gains In Performance
1993-07-10,20,Haunted Heart,Sammy Kershaw,23,10,Gains In Performance
1993-07-10,21,What Might Have Been,Little Texas,31,7,Gains In Performance
1993-07-10,22,We Got The Love,Restless Heart,27,8,Gains In Performance
1993-07-10,23,"Oh Me, Oh My, Sweet Baby",Diamond Rio,10,15,
1993-07-10,24,Should've Been A Cowboy,Toby Keith,17,19,
1993-07-10,25,Reno,Doug Supernaw,33,8,Gains In Performance
1993-07-10,26,Why Didn't I Think Of That,Doug Stone,34,4,Gains In Performance
1993-07-10,27,Janie Baker's Love Slave,Shenandoah,35,6,Gains In Performance
1993-07-10,28,Hometown Honeymoon,Alabama,19,14,
1993-07-10,29,Honky Tonk Attitude,Joe Diffie,18,17,
1993-07-10,30,I Love The Way You Love Me,John Michael Montgomery,26,18,
1993-07-10,31,Mama Knows The Highway,Hal Ketchum,39,4,Gains In Performance
1993-07-10,32,Down On My Knees,Trisha Yearwood,40,5,Gains In Performance
1993-07-10,33,Ain't That Lonely Yet,Dwight Yoakam,29,18,
1993-07-10,34,Tender Moment,Lee Roy Parnell,36,19,
1993-07-10,35,In The Heart Of A Woman,Billy Ray Cyrus,60,2,Gains In Performance
1993-07-10,36,Texas Tattoo,Gibson/Miller Band,42,5,Gains In Performance
1993-07-10,37,Working Man's Ph.d,Aaron Tippin,45,3,Gains In Performance
1993-07-10,38,Tell Me Why,Wynonna,28,15,
1993-07-10,39,Trouble On The Line,Sawyer Brown,32,16,
1993-07-10,40,Alright Already,Larry Stewart,37,19,
1993-07-10,41,Shame Shame Shame Shame,Mark Collie,44,6,Gains In Performance
1993-07-10,42,A Thousand Miles From Nowhere,Dwight Yoakam,56,3,Gains In Performance
1993-07-10,43,Made For Lovin' You,Doug Stone,43,20,
1993-07-10,44,I Wanna Take Care Of You,Billy Dean,25,14,
1993-07-10,45,Thank God For You,Sawyer Brown,63,2,Gains In Performance
1993-07-10,46,Easier Said Than Done,Radney Foster,48,5,Gains In Performance
1993-07-10,47,An Old Pair Of Shoes,Randy Travis,30,14,
1993-07-10,48,Holdin' Heaven,Tracy Byrd,49,4,Gains In Performance
1993-07-10,49,If I Didn't Love You,Steve Wariner,61,2,Gains In Performance
1993-07-10,50,I Got A Love,"Matthews, Wright & King",51,4,Gains In Performance
1993-07-10,51,A Cowboy's Born With A Broken Heart,Boy Howdy,55,4,Gains In Performance
1993-07-10,52,Beer And Bones,John Michael Montgomery,NEW,1,Highest ranking debut|Gains In Performance
1993-07-10,53,Standing On The Edge Of Love,Clinton Gregory,52,5,Gains In Performance
1993-07-10,54,Seeds,Kathy Mattea,53,7,
1993-07-10,55,A Mind Of Her Own,John Berry,58,6,Gains In Performance
1993-07-10,56,Lead Me Not,Lari White,47,9,
1993-07-10,57,Under This Old Hat,Chris LeDoux,57,3,Gains In Performance
1993-07-10,58,If I Had A Cheatin' Heart,Ricky Lynn Gregg,50,18,
1993-07-10,59,Let Go,Brother Phelps,68,2,Gains In Performance
1993-07-10,60,You Say You Will,Trisha Yearwood,59,19,
1993-07-17,1,Chattahoochee,Alan Jackson,4,10,Gains In Performance
1993-07-17,2,Money In The Bank,John Anderson,1,12,Gains In Performance
1993-07-17,3,A Bad Goodbye,Clint Black With Wynonna,3,10,Gains In Performance
1993-07-17,4,Tell Me About It,Tanya Tucker With Delbert McClinton,8,14,Gains In Performance
1993-07-17,5,It's Your Call,Reba McEntire,10,10,Gains In Performance
1993-07-17,6,When Did You Stop Loving Me,George Strait,9,12,Gains In Performance
1993-07-17,7,No Future In The Past,Vince Gill,6,15,
1993-07-17,8,We'll Burn That Bridge,Brooks & Dunn,12,10,Gains In Performance
1993-07-17,9,That Summer,Garth Brooks,2,11,
1993-07-17,10,It Sure Is Monday,Mark Chesnutt,15,9,Gains In Performance
1993-07-17,11,The Hard Way,Mary Chapin Carpenter,11,14,
1993-07-17,12,Somebody Else's Moon,Collin Raye,7,16,
1993-07-17,13,Can't Break It To My Heart,Tracy Lawrence,16,7,Gains In Performance
1993-07-17,14,Every Little Thing,Carlene Carter,19,8,Gains In Performance
1993-07-17,15,When You Leave That Way You Can Never Go Back,Confederate Railroad,18,15,Gains In Performance
1993-07-17,16,"Love On The Loose, Heart On The Run",McBride & The Ride,5,17,
1993-07-17,17,"Cleopatra, Queen Of Denial",Pam Tillis,17,12,Gains In Performance
1993-07-17,18,I Guess You Had To Be There,Lorrie Morgan,14,16,
1993-07-17,19,Haunted Heart,Sammy Kershaw,20,11,Gains In Performance
1993-07-17,20,Why Didn't I Think Of That,Doug Stone,26,5,Gains In Performance
1993-07-17,21,What Might Have Been,Little Texas,21,8,Gains In Performance
1993-07-17,22,Blame It On Your Heart,Patty Loveless,13,16,
1993-07-17,23,We Got The Love,Restless Heart,22,9,Gains In Performance
1993-07-17,24,Reno,Doug Supernaw,25,9,Gains In Performance
1993-07-17,25,Mama Knows The Highway,Hal Ketchum,31,5,Gains In Performance
1993-07-17,26,Janie Baker's Love Slave,Shenandoah,27,7,Gains In Performance
1993-07-17,27,Down On My Knees,Trisha Yearwood,32,6,Gains In Performance
1993-07-17,28,Should've Been A Cowboy,Toby Keith,24,20,
1993-07-17,29,In The Heart Of A Woman,Billy Ray Cyrus,35,3,Gains In Performance
1993-07-17,30,A Thousand Miles From Nowhere,Dwight Yoakam,42,4,Gains In Performance
1993-07-17,31,Working Man's Ph.d,Aaron Tippin,37,4,Gains In Performance
1993-07-17,32,Texas Tattoo,Gibson/Miller Band,36,6,Gains In Performance
1993-07-17,33,I Love The Way You Love Me,John Michael Montgomery,30,19,
1993-07-17,34,Hometown Honeymoon,Alabama,28,15,
1993-07-17,35,Thank God For You,Sawyer Brown,45,3,Gains In Performance
1993-07-17,36,Ain't That Lonely Yet,Dwight Yoakam,33,19,
1993-07-17,37,Honky Tonk Attitude,Joe Diffie,29,18,
1993-07-17,38,Tender Moment,Lee Roy Parnell,34,20,
1993-07-17,39,"Oh Me, Oh My, Sweet Baby",Diamond Rio,23,16,
1993-07-17,40,Shame Shame Shame Shame,Mark Collie,41,7,Gains In Performance
1993-07-17,41,Tell Me Why,Wynonna,38,16,
1993-07-17,42,Alright Already,Larry Stewart,40,20,
1993-07-17,43,Trouble On The Line,Sawyer Brown,39,17,
1993-07-17,44,Easier Said Than Done,Radney Foster,46,6,Gains In Performance
1993-07-17,45,Beer And Bones,John Michael Montgomery,52,2,Gains In Performance
1993-07-17,46,Holdin' Heaven,Tracy Byrd,48,5,Gains In Performance
1993-07-17,47,If I Didn't Love You,Steve Wariner,49,3,Gains In Performance
1993-07-17,48,A Cowboy's Born With A Broken Heart,Boy Howdy,51,5,Gains In Performance
1993-07-17,49,I Got A Love,"Matthews, Wright & King",50,5,Gains In Performance
1993-07-17,50,Let Go,Brother Phelps,59,3,Gains In Performance
1993-07-17,51,A Mind Of Her Own,John Berry,55,7,Gains In Performance
1993-07-17,52,I Wanna Take Care Of You,Billy Dean,44,15,
1993-07-17,53,I'll Cry Tomorrow,Larry Stewart,61,3,Gains In Performance
1993-07-17,54,Under This Old Hat,Chris LeDoux,57,4,Gains In Performance
1993-07-17,55,What's It To You,Clay Walker,71,2,Gains In Performance
1993-07-17,56,Standing On The Edge Of Love,Clinton Gregory,53,6,
1993-07-17,57,He Ain't Worth Missing,Toby Keith,62,3,Gains In Performance
1993-07-17,58,An Old Pair Of Shoes,Randy Travis,47,15,
1993-07-17,59,True Believer,Ronnie Milsap,67,2,Gains In Performance
1993-07-17,60,You Say You Will,Trisha Yearwood,60,20,
1993-07-24,1,Chattahoochee,Alan Jackson,1,11,Gains In Performance
1993-07-24,2,A Bad Goodbye,Clint Black With Wynonna,3,11,Gains In Performance
1993-07-24,3,Money In The Bank,John Anderson,2,13,
1993-07-24,4,We'll Burn That Bridge,Brooks & Dunn,8,11,Gains In Performance
1993-07-24,5,It's Your Call,Reba McEntire,5,11,Gains In Performance
1993-07-24,6,When Did You Stop Loving Me,George Strait,6,13,Gains In Performance
1993-07-24,7,It Sure Is Monday,Mark Chesnutt,10,10,Gains In Performance
1993-07-24,8,Tell Me About It,Tanya Tucker With Delbert McClinton,4,15,
1993-07-24,9,Every Little Thing,Carlene Carter,14,9,Gains In Performance
1993-07-24,10,Can't Break It To My Heart,Tracy Lawrence,13,8,Gains In Performance
1993-07-24,11,"Cleopatra, Queen Of Denial",Pam Tillis,17,13,Gains In Performance
1993-07-24,12,Haunted Heart,Sammy Kershaw,19,12,Gains In Performance
1993-07-24,13,That Summer,Garth Brooks,9,12,
1993-07-24,14,When You Leave That Way You Can Never Go Back,Confederate Railroad,15,16,
1993-07-24,15,Why Didn't I Think Of That,Doug Stone,20,6,Gains In Performance
1993-07-24,16,What Might Have Been,Little Texas,21,9,Gains In Performance
1993-07-24,17,Reno,Doug Supernaw,24,10,Gains In Performance
1993-07-24,18,Mama Knows The Highway,Hal Ketchum,25,6,Gains In Performance
1993-07-24,19,No Future In The Past,Vince Gill,7,16,
1993-07-24,20,We Got The Love,Restless Heart,23,10,Gains In Performance
1993-07-24,21,Janie Baker's Love Slave,Shenandoah,26,8,Gains In Performance
1993-07-24,22,In The Heart Of A Woman,Billy Ray Cyrus,29,4,Gains In Performance
1993-07-24,23,Down On My Knees,Trisha Yearwood,27,7,Gains In Performance
1993-07-24,24,A Thousand Miles From Nowhere,Dwight Yoakam,30,5,Gains In Performance
1993-07-24,25,Working Man's Ph.d,Aaron Tippin,31,5,Gains In Performance
1993-07-24,26,The Hard Way,Mary Chapin Carpenter,11,15,
1993-07-24,27,"Love On The Loose, Heart On The Run",McBride & The Ride,16,18,
1993-07-24,28,Thank God For You,Sawyer Brown,35,4,Gains In Performance
1993-07-24,29,Texas Tattoo,Gibson/Miller Band,32,7,Gains In Performance
1993-07-24,30,Blame It On Your Heart,Patty Loveless,22,17,
1993-07-24,31,Somebody Else's Moon,Collin Raye,12,17,
1993-07-24,32,I Guess You Had To Be There,Lorrie Morgan,18,17,
1993-07-24,33,I Love The Way You Love Me,John Michael Montgomery,33,20,
1993-07-24,34,Shame Shame Shame Shame,Mark Collie,40,8,Gains In Performance
1993-07-24,35,Ain't That Lonely Yet,Dwight Yoakam,36,20,
1993-07-24,36,Hometown Honeymoon,Alabama,34,16,
1993-07-24,37,Beer And Bones,John Michael Montgomery,45,3,Gains In Performance
1993-07-24,38,Holdin' Heaven,Tracy Byrd,46,6,Gains In Performance
1993-07-24,39,Easier Said Than Done,Radney Foster,44,7,Gains In Performance
1993-07-24,40,Honky Tonk Attitude,Joe Diffie,37,19,
1993-07-24,41,If I Didn't Love You,Steve Wariner,47,4,Gains In Performance
1993-07-24,42,A Cowboy's Born With A Broken Heart,Boy Howdy,48,6,Gains In Performance
1993-07-24,43,Tell Me Why,Wynonna,41,17,
1993-07-24,44,Trouble On The Line,Sawyer Brown,43,18,
1993-07-24,45,"Oh Me, Oh My, Sweet Baby",Diamond Rio,39,17,
1993-07-24,46,Looking Out For Number One,Travis Tritt,65,2,Gains In Performance
1993-07-24,47,I Got A Love,"Matthews, Wright & King",49,6,Gains In Performance
1993-07-24,48,Let Go,Brother Phelps,50,4,Gains In Performance
1993-07-24,49,Only Love,Wynonna,67,2,Gains In Performance
1993-07-24,50,What's It To You,Clay Walker,55,3,Gains In Performance
1993-07-24,51,True Believer,Ronnie Milsap,59,3,Gains In Performance
1993-07-24,52,He Ain't Worth Missing,Toby Keith,57,4,Gains In Performance
1993-07-24,53,I'll Cry Tomorrow,Larry Stewart,53,4,Gains In Performance
1993-07-24,54,A Mind Of Her Own,John Berry,51,8,Gains In Performance
1993-07-24,55,Nothin' But The Wheel,Patty Loveless,64,2,Gains In Performance
1993-07-24,56,Under This Old Hat,Chris LeDoux,54,5,
1993-07-24,57,Dance With The One That Brought You,Shania Twain,61,4,Gains In Performance
1993-07-24,58,I Wanna Take Care Of You,Billy Dean,52,16,
1993-07-24,59,Standing On The Edge Of Love,Clinton Gregory,56,7,
1993-07-24,60,If I Had A Cheatin' Heart,Ricky Lynn Gregg,63,20,
1993-07-31,1,Chattahoochee,Alan Jackson,1,12,Gains In Performance
1993-07-31,2,We'll Burn That Bridge,Brooks & Dunn,4,12,Gains In Performance
1993-07-31,3,A Bad Goodbye,Clint Black With Wynonna,2,12,
1993-07-31,4,It Sure Is Monday,Mark Chesnutt,7,11,Gains In Performance
1993-07-31,5,It's Your Call,Reba McEntire,5,12,Gains In Performance
1993-07-31,6,Can't Break It To My Heart,Tracy Lawrence,10,9,Gains In Performance
1993-07-31,7,When Did You Stop Loving Me,George Strait,6,14,
1993-07-31,8,Money In The Bank,John Anderson,3,14,
1993-07-31,9,Every Little Thing,Carlene Carter,9,10,Gains In Performance
1993-07-31,10,Why Didn't I Think Of That,Doug Stone,15,7,Gains In Performance
1993-07-31,11,Haunted Heart,Sammy Kershaw,12,13,Gains In Performance
1993-07-31,12,What Might Have Been,Little Texas,16,10,Gains In Performance
1993-07-31,13,"Cleopatra, Queen Of Denial",Pam Tillis,11,14,
1993-07-31,14,Reno,Doug Supernaw,17,11,Gains In Performance
1993-07-31,15,Mama Knows The Highway,Hal Ketchum,18,7,Gains In Performance
1993-07-31,16,We Got The Love,Restless Heart,20,11,Gains In Performance
1993-07-31,17,A Thousand Miles From Nowhere,Dwight Yoakam,24,6,Gains In Performance
1993-07-31,18,Janie Baker's Love Slave,Shenandoah,21,9,Gains In Performance
1993-07-31,19,Thank God For You,Sawyer Brown,28,5,Gains In Performance
1993-07-31,20,In The Heart Of A Woman,Billy Ray Cyrus,22,5,Gains In Performance
1993-07-31,21,That Summer,Garth Brooks,13,13,
1993-07-31,22,Down On My Knees,Trisha Yearwood,23,8,Gains In Performance
1993-07-31,23,Working Man's Ph.d,Aaron Tippin,25,6,Gains In Performance
1993-07-31,24,Tell Me About It,Tanya Tucker With Delbert McClinton,8,16,
1993-07-31,25,Texas Tattoo,Gibson/Miller Band,29,8,Gains In Performance
1993-07-31,26,When You Leave That Way You Can Never Go Back,Confederate Railroad,14,17,
1993-07-31,27,Blame It On Your Heart,Patty Loveless,30,18,
1993-07-31,28,Shame Shame Shame Shame,Mark Collie,34,9,Gains In Performance
1993-07-31,29,"Love On The Loose, Heart On The Run",McBride & The Ride,27,19,
1993-07-31,30,Easier Said Than Done,Radney Foster,39,8,Gains In Performance
1993-07-31,31,No Future In The Past,Vince Gill,19,17,
1993-07-31,32,Holdin' Heaven,Tracy Byrd,38,7,Gains In Performance
1993-07-31,33,The Hard Way,Mary Chapin Carpenter,26,16,
1993-07-31,34,Beer And Bones,John Michael Montgomery,37,4,Gains In Performance
1993-07-31,35,Somebody Else's Moon,Collin Raye,31,18,
1993-07-31,36,If I Didn't Love You,Steve Wariner,41,5,Gains In Performance
1993-07-31,37,Looking Out For Number One,Travis Tritt,46,3,Gains In Performance
1993-07-31,38,Only Love,Wynonna,49,3,Gains In Performance
1993-07-31,39,A Cowboy's Born With A Broken Heart,Boy Howdy,42,7,Gains In Performance
1993-07-31,40,Hometown Honeymoon,Alabama,36,17,
1993-07-31,41,I Guess You Had To Be There,Lorrie Morgan,32,18,
1993-07-31,42,Let Go,Brother Phelps,48,5,Gains In Performance
1993-07-31,43,What's It To You,Clay Walker,50,4,Gains In Performance
1993-07-31,44,Honky Tonk Attitude,Joe Diffie,40,20,
1993-07-31,45,He Ain't Worth Missing,Toby Keith,52,5,Gains In Performance
1993-07-31,46,Tell Me Why,Wynonna,43,18,
1993-07-31,47,I Got A Love,"Matthews, Wright & King",47,7,Gains In Performance
1993-07-31,48,True Believer,Ronnie Milsap,51,4,Gains In Performance
1993-07-31,49,I'll Cry Tomorrow,Larry Stewart,53,5,Gains In Performance
1993-07-31,50,Trouble On The Line,Sawyer Brown,44,19,
1993-07-31,51,"Oh Me, Oh My, Sweet Baby",Diamond Rio,45,18,
1993-07-31,52,Prop Me Up Beside The Jukebox (If I Die),Joe Diffie,63,2,Gains In Performance
1993-07-31,53,This Romeo Ain't Got Julie Yet,Diamond Rio,64,2,Gains In Performance
1993-07-31,54,Nothin' But The Wheel,Patty Loveless,55,3,Gains In Performance
1993-07-31,55,A Mind Of Her Own,John Berry,54,9,
1993-07-31,56,Dance With The One That Brought You,Shania Twain,57,5,Gains In Performance
1993-07-31,57,Trashy Women,Confederate Railroad,69,2,Gains In Performance
1993-07-31,58,Can You Feel It,Ricky Lynn Gregg,62,2,Gains In Performance
1993-07-31,59,Hurry Sundown,McBride & The Ride,NEW,1,Highest ranking debut|Gains In Performance
1993-07-31,60,I Wanna Take Care Of You,Billy Dean,58,17,
1993-08-07,1,Chattahoochee,Alan Jackson,1,13,
1993-08-07,2,We'll Burn That Bridge,Brooks & Dunn,2,13,Gains In Performance
1993-08-07,3,It Sure Is Monday,Mark Chesnutt,4,12,Gains In Performance
1993-08-07,4,Can't Break It To My Heart,Tracy Lawrence,6,10,Gains In Performance
1993-08-07,5,Every Little Thing,Carlene Carter,9,11,Gains In Performance
1993-08-07,6,It's Your Call,Reba McEntire,5,13,
1993-08-07,7,A Bad Goodbye,Clint Black With Wynonna,3,13,
1993-08-07,8,Why Didn't I Think Of That,Doug Stone,10,8,Gains In Performance
1993-08-07,9,Haunted Heart,Sammy Kershaw,11,14,Gains In Performance
1993-08-07,10,What Might Have Been,Little Texas,12,11,Gains In Performance
1993-08-07,11,Reno,Doug Supernaw,14,12,Gains In Performance
1993-08-07,12,Mama Knows The Highway,Hal Ketchum,15,8,Gains In Performance
1993-08-07,13,A Thousand Miles From Nowhere,Dwight Yoakam,17,7,Gains In Performance
1993-08-07,14,We Got The Love,Restless Heart,16,12,Gains In Performance
1993-08-07,15,Thank God For You,Sawyer Brown,19,6,Gains In Performance
1993-08-07,16,Janie Baker's Love Slave,Shenandoah,18,10,Gains In Performance
1993-08-07,17,In The Heart Of A Woman,Billy Ray Cyrus,20,6,Gains In Performance
1993-08-07,18,Working Man's Ph.d,Aaron Tippin,23,7,Gains In Performance
1993-08-07,19,Down On My Knees,Trisha Yearwood,22,9,Gains In Performance
1993-08-07,20,When Did You Stop Loving Me,George Strait,7,15,
1993-08-07,21,Money In The Bank,John Anderson,8,15,
1993-08-07,22,Texas Tattoo,Gibson/Miller Band,25,9,Gains In Performance
1993-08-07,23,Holdin' Heaven,Tracy Byrd,32,8,Gains In Performance
1993-08-07,24,"Cleopatra, Queen Of Denial",Pam Tillis,13,15,
1993-08-07,25,Easier Said Than Done,Radney Foster,30,9,Gains In Performance
1993-08-07,26,Shame Shame Shame Shame,Mark Collie,28,10,Gains In Performance
1993-08-07,27,Looking Out For Number One,Travis Tritt,37,4,Gains In Performance
1993-08-07,28,That Summer,Garth Brooks,21,14,
1993-08-07,29,Only Love,Wynonna,38,4,Gains In Performance
1993-08-07,30,Beer And Bones,John Michael Montgomery,34,5,Gains In Performance
1993-08-07,31,If I Didn't Love You,Steve Wariner,36,6,Gains In Performance
1993-08-07,32,Blame It On Your Heart,Patty Loveless,27,19,
1993-08-07,33,Tell Me About It,Tanya Tucker With Delbert McClinton,24,17,
1993-08-07,34,When You Leave That Way You Can Never Go Back,Confederate Railroad,26,18,
1993-08-07,35,"Love On The Loose, Heart On The Run",McBride & The Ride,29,20,
1993-08-07,36,A Cowboy's Born With A Broken Heart,Boy Howdy,39,8,Gains In Performance
1993-08-07,37,Ain't Going Down (Til The Sun Comes Up),Garth Brooks,NEW,1,Highest ranking debut|Gains In Performance
1993-08-07,38,What's It To You,Clay Walker,43,5,Gains In Performance
1993-08-07,39,He Ain't Worth Missing,Toby Keith,45,6,Gains In Performance
1993-08-07,40,Let Go,Brother Phelps,42,6,Gains In Performance
1993-08-07,41,Somebody Else's Moon,Collin Raye,35,19,
1993-08-07,42,Hometown Honeymoon,Alabama,40,18,
1993-08-07,43,True Believer,Ronnie Milsap,48,5,Gains In Performance
1993-08-07,44,The Hard Way,Mary Chapin Carpenter,33,17,
1993-08-07,45,Prop Me Up Beside The Jukebox (If I Die),Joe Diffie,52,3,Gains In Performance
1993-08-07,46,I Got A Love,"Matthews, Wright & King",47,8,Gains In Performance
1993-08-07,47,No Future In The Past,Vince Gill,31,18,
1993-08-07,48,I'll Cry Tomorrow,Larry Stewart,49,6,Gains In Performance
1993-08-07,49,This Romeo Ain't Got Julie Yet,Diamond Rio,53,3,Gains In Performance
1993-08-07,50,I Guess You Had To Be There,Lorrie Morgan,41,19,
1993-08-07,51,Tell Me Why,Wynonna,46,19,
1993-08-07,52,One More Last Chance,Vince Gill,61,2,Gains In Performance
1993-08-07,53,Trouble On The Line,Sawyer Brown,50,20,
1993-08-07,54,Nothin' But The Wheel,Patty Loveless,54,4,Gains In Performance
1993-08-07,55,"Oh Me, Oh My, Sweet Baby",Diamond Rio,51,19,
1993-08-07,56,Trashy Women,Confederate Railroad,57,3,Gains In Performance
1993-08-07,57,Dance With The One That Brought You,Shania Twain,56,6,Gains In Performance
1993-08-07,58,Just Like The Weather,Suzy Bogguss,NEW,1,Gains In Performance
1993-08-07,59,Hurry Sundown,McBride & The Ride,59,2,Gains In Performance
1993-08-07,60,Can You Feel It,Ricky Lynn Gregg,58,3,Gains In Performance
1993-08-14,1,It Sure Is Monday,Mark Chesnutt,3,13,Gains In Performance
1993-08-14,2,Chattahoochee,Alan Jackson,1,14,
1993-08-14,3,Every Little Thing,Carlene Carter,5,12,Gains In Performance
1993-08-14,4,Can't Break It To My Heart,Tracy Lawrence,4,11,Gains In Performance
1993-08-14,5,We'll Burn That Bridge,Brooks & Dunn,2,14,
1993-08-14,6,Why Didn't I Think Of That,Doug Stone,8,9,Gains In Performance
1993-08-14,7,What Might Have Been,Little Texas,10,12,Gains In Performance
1993-08-14,8,Reno,Doug Supernaw,11,13,Gains In Performance
1993-08-14,9,Thank God For You,Sawyer Brown,15,7,Gains In Performance
1993-08-14,10,In The Heart Of A Woman,Billy Ray Cyrus,17,7,Gains In Performance
1993-08-14,11,Mama Knows The Highway,Hal Ketchum,12,9,Gains In Performance
1993-08-14,12,Haunted Heart,Sammy Kershaw,9,15,
1993-08-14,13,We Got The Love,Restless Heart,14,13,Gains In Performance
1993-08-14,14,A Thousand Miles From Nowhere,Dwight Yoakam,13,8,Gains In Performance
1993-08-14,15,Janie Baker's Love Slave,Shenandoah,16,11,Gains In Performance
1993-08-14,16,Ain't Going Down (Til The Sun Comes Up),Garth Brooks,37,2,Gains In Performance
1993-08-14,17,It's Your Call,Reba McEntire,6,14,
1993-08-14,18,Working Man's Ph.d,Aaron Tippin,18,8,Gains In Performance
1993-08-14,19,A Bad Goodbye,Clint Black With Wynonna,7,14,
1993-08-14,20,Down On My Knees,Trisha Yearwood,19,10,Gains In Performance
1993-08-14,21,Holdin' Heaven,Tracy Byrd,23,9,Gains In Performance
1993-08-14,22,Texas Tattoo,Gibson/Miller Band,22,10,Gains In Performance
1993-08-14,23,Only Love,Wynonna,29,5,Gains In Performance
1993-08-14,24,Looking Out For Number One,Travis Tritt,27,5,Gains In Performance
1993-08-14,25,Easier Said Than Done,Radney Foster,25,10,Gains In Performance
1993-08-14,26,Shame Shame Shame Shame,Mark Collie,26,11,Gains In Performance
1993-08-14,27,Beer And Bones,John Michael Montgomery,30,6,Gains In Performance
1993-08-14,28,If I Didn't Love You,Steve Wariner,31,7,Gains In Performance
1993-08-14,29,A Cowboy's Born With A Broken Heart,Boy Howdy,36,9,Gains In Performance
1993-08-14,30,What's It To You,Clay Walker,38,6,Gains In Performance
1993-08-14,31,Money In The Bank,John Anderson,21,16,
1993-08-14,32,When Did You Stop Loving Me,George Strait,20,16,
1993-08-14,33,Blame It On Your Heart,Patty Loveless,32,20,
1993-08-14,34,He Ain't Worth Missing,Toby Keith,39,7,Gains In Performance
1993-08-14,35,Prop Me Up Beside The Jukebox (If I Die),Joe Diffie,45,4,Gains In Performance
1993-08-14,36,That Summer,Garth Brooks,28,15,
1993-08-14,37,One More Last Chance,Vince Gill,52,3,Gains In Performance
1993-08-14,38,Let Go,Brother Phelps,40,7,Gains In Performance
1993-08-14,39,This Romeo Ain't Got Julie Yet,Diamond Rio,49,4,Gains In Performance
1993-08-14,40,True Believer,Ronnie Milsap,43,6,Gains In Performance
1993-08-14,41,Tell Me About It,Tanya Tucker With Delbert McClinton,33,18,
1993-08-14,42,Hometown Honeymoon,Alabama,42,19,
1993-08-14,43,"Cleopatra, Queen Of Denial",Pam Tillis,24,16,
1993-08-14,44,When You Leave That Way You Can Never Go Back,Confederate Railroad,34,19,
1993-08-14,45,I Got A Love,"Matthews, Wright & King",46,9,Gains In Performance
1993-08-14,46,I'll Cry Tomorrow,Larry Stewart,48,7,Gains In Performance
1993-08-14,47,Somebody Else's Moon,Collin Raye,41,20,
1993-08-14,48,Tell Me Why,Wynonna,51,20,
1993-08-14,49,The Hard Way,Mary Chapin Carpenter,44,18,
1993-08-14,50,Nothin' But The Wheel,Patty Loveless,54,5,Gains In Performance
1993-08-14,51,No Future In The Past,Vince Gill,47,19,
1993-08-14,52,I Guess You Had To Be There,Lorrie Morgan,50,20,
1993-08-14,53,Hurry Sundown,McBride & The Ride,59,3,Gains In Performance
1993-08-14,54,Trashy Women,Confederate Railroad,56,4,Gains In Performance
1993-08-14,55,Just Like The Weather,Suzy Bogguss,58,2,Gains In Performance
1993-08-14,56,"Oh Me, Oh My, Sweet Baby",Diamond Rio,55,20,
1993-08-14,57,No Time To Kill,Clint Black,NEW,1,Highest ranking debut|Gains In Performance
1993-08-14,58,Dance With The One That Brought You,Shania Twain,57,7,
1993-08-14,59,Can You Feel It,Ricky Lynn Gregg,60,4,Gains In Performance
1993-08-14,60,Half Enough,Lorrie Morgan,64,3,Gains In Performance
1993-08-21,1,Why Didn't I Think Of That,Doug Stone,6,10,Gains In Performance
1993-08-21,2,Can't Break It To My Heart,Tracy Lawrence,4,12,Gains In Performance
1993-08-21,3,Every Little Thing,Carlene Carter,3,13,
1993-08-21,4,What Might Have Been,Little Texas,7,13,Gains In Performance
1993-08-21,5,It Sure Is Monday,Mark Chesnutt,1,14,
1993-08-21,6,Reno,Doug Supernaw,8,14,Gains In Performance
1993-08-21,7,Chattahoochee,Alan Jackson,2,15,
1993-08-21,8,In The Heart Of A Woman,Billy Ray Cyrus,10,8,Gains In Performance
1993-08-21,9,Thank God For You,Sawyer Brown,9,8,Gains In Performance
1993-08-21,10,Mama Knows The Highway,Hal Ketchum,11,10,Gains In Performance
1993-08-21,11,We Got The Love,Restless Heart,13,14,Gains In Performance
1993-08-21,12,A Thousand Miles From Nowhere,Dwight Yoakam,14,9,Gains In Performance
1993-08-21,13,Ain't Going Down (Til The Sun Comes Up),Garth Brooks,16,3,Gains In Performance
1993-08-21,14,We'll Burn That Bridge,Brooks & Dunn,5,15,
1993-08-21,15,Janie Baker's Love Slave,Shenandoah,15,12,Gains In Performance
1993-08-21,16,Working Man's Ph.d,Aaron Tippin,18,9,Gains In Performance
1993-08-21,17,Holdin' Heaven,Tracy Byrd,21,10,Gains In Performance
1993-08-21,18,Only Love,Wynonna,23,6,Gains In Performance
1993-08-21,19,Down On My Knees,Trisha Yearwood,20,11,
1993-08-21,20,Looking Out For Number One,Travis Tritt,24,6,Gains In Performance
1993-08-21,21,Easier Said Than Done,Radney Foster,25,11,Gains In Performance
1993-08-21,22,A Cowboy's Born With A Broken Heart,Boy Howdy,29,10,Gains In Performance
1993-08-21,23,Beer And Bones,John Michael Montgomery,27,7,Gains In Performance
1993-08-21,24,If I Didn't Love You,Steve Wariner,28,8,Gains In Performance
1993-08-21,25,What's It To You,Clay Walker,30,7,Gains In Performance
1993-08-21,26,Texas Tattoo,Gibson/Miller Band,22,11,
1993-08-21,27,It's Your Call,Reba McEntire,17,15,
1993-08-21,28,Prop Me Up Beside The Jukebox (If I Die),Joe Diffie,35,5,Gains In Performance
1993-08-21,29,One More Last Chance,Vince Gill,37,4,Gains In Performance
1993-08-21,30,Shame Shame Shame Shame,Mark Collie,26,12,
1993-08-21,31,A Bad Goodbye,Clint Black With Wynonna,19,15,
1993-08-21,32,Haunted Heart,Sammy Kershaw,12,16,
1993-08-21,33,He Ain't Worth Missing,Toby Keith,34,8,Gains In Performance
1993-08-21,34,Let Go,Brother Phelps,38,8,Gains In Performance
1993-08-21,35,Money In The Bank,John Anderson,31,17,
1993-08-21,36,This Romeo Ain't Got Julie Yet,Diamond Rio,39,5,Gains In Performance
1993-08-21,37,That Summer,Garth Brooks,36,16,
1993-08-21,38,No Time To Kill,Clint Black,57,2,Gains In Performance
1993-08-21,39,True Believer,Ronnie Milsap,40,7,Gains In Performance
1993-08-21,40,When Did You Stop Loving Me,George Strait,32,17,
1993-08-21,41,I'll Cry Tomorrow,Larry Stewart,46,8,Gains In Performance
1993-08-21,42,Hometown Honeymoon,Alabama,42,20,
1993-08-21,43,Tell Me About It,Tanya Tucker With Delbert McClinton,41,19,
1993-08-21,44,When You Leave That Way You Can Never Go Back,Confederate Railroad,44,20,
1993-08-21,45,I Got A Love,"Matthews, Wright & King",45,10,
1993-08-21,46,Trashy Women,Confederate Railroad,54,5,Gains In Performance
1993-08-21,47,Hurry Sundown,McBride & The Ride,53,4,Gains In Performance
1993-08-21,48,Nothin' But The Wheel,Patty Loveless,50,6,Gains In Performance
1993-08-21,49,Just Like The Weather,Suzy Bogguss,55,3,Gains In Performance
1993-08-21,50,"Cleopatra, Queen Of Denial",Pam Tillis,43,17,
1993-08-21,51,The Hard Way,Mary Chapin Carpenter,49,19,
1993-08-21,52,No Future In The Past,Vince Gill,51,20,
1993-08-21,53,Half Enough,Lorrie Morgan,60,4,Gains In Performance
1993-08-21,54,That Was A River,Collin Raye,63,3,Gains In Performance
1993-08-21,55,Dance With The One That Brought You,Shania Twain,58,8,Gains In Performance
1993-08-21,56,The Grand Tour,Aaron Neville,61,4,Gains In Performance
1993-08-21,57,"Easy Come, Easy Go",George Strait,NEW,1,Highest ranking debut|Gains In Performance
1993-08-21,58,My Baby Loves Me,Martina McBride,62,4,Gains In Performance
1993-08-21,59,Fallin' Never Felt So Good,Shawn Camp,64,4,Gains In Performance
1993-08-21,60,Can You Feel It,Ricky Lynn Gregg,59,5,
1993-08-28,1,Can't Break It To My Heart,Tracy Lawrence,2,13,Gains In Performance
1993-08-28,2,Why Didn't I Think Of That,Doug Stone,1,11,
1993-08-28,3,What Might Have Been,Little Texas,4,14,Gains In Performance
1993-08-28,4,Reno,Doug Supernaw,6,15,Gains In Performance
1993-08-28,5,Every Little Thing,Carlene Carter,3,14,
1993-08-28,6,Thank God For You,Sawyer Brown,9,9,Gains In Performance
1993-08-28,7,In The Heart Of A Woman,Billy Ray Cyrus,8,9,Gains In Performance
1993-08-28,8,Mama Knows The Highway,Hal Ketchum,10,11,Gains In Performance
1993-08-28,9,A Thousand Miles From Nowhere,Dwight Yoakam,12,10,Gains In Performance
1993-08-28,10,Ain't Going Down (Til The Sun Comes Up),Garth Brooks,13,4,Gains In Performance
1993-08-28,11,It Sure Is Monday,Mark Chesnutt,5,15,
1993-08-28,12,Chattahoochee,Alan Jackson,7,16,
1993-08-28,13,Holdin' Heaven,Tracy Byrd,17,11,Gains In Performance
1993-08-28,14,Working Man's Ph.d,Aaron Tippin,16,10,Gains In Performance
1993-08-28,15,We Got The Love,Restless Heart,11,15,
1993-08-28,16,Only Love,Wynonna,18,7,Gains In Performance
1993-08-28,17,Janie Baker's Love Slave,Shenandoah,15,13,
1993-08-28,18,Looking Out For Number One,Travis Tritt,20,7,Gains In Performance
1993-08-28,19,We'll Burn That Bridge,Brooks & Dunn,14,16,
1993-08-28,20,Easier Said Than Done,Radney Foster,21,12,Gains In Performance
1993-08-28,21,A Cowboy's Born With A Broken Heart,Boy Howdy,22,11,Gains In Performance
1993-08-28,22,What's It To You,Clay Walker,25,8,Gains In Performance
1993-08-28,23,Prop Me Up Beside The Jukebox (If I Die),Joe Diffie,28,6,Gains In Performance
1993-08-28,24,One More Last Chance,Vince Gill,29,5,Gains In Performance
1993-08-28,25,Beer And Bones,John Michael Montgomery,23,8,Gains In Performance
1993-08-28,26,Let Go,Brother Phelps,34,9,Gains In Performance
1993-08-28,27,If I Didn't Love You,Steve Wariner,24,9,Gains In Performance
1993-08-28,28,He Ain't Worth Missing,Toby Keith,33,9,Gains In Performance
1993-08-28,29,No Time To Kill,Clint Black,38,3,Gains In Performance
1993-08-28,30,Down On My Knees,Trisha Yearwood,19,12,
1993-08-28,31,This Romeo Ain't Got Julie Yet,Diamond Rio,36,6,Gains In Performance
1993-08-28,32,True Believer,Ronnie Milsap,39,8,Gains In Performance
1993-08-28,33,"Easy Come, Easy Go",George Strait,57,2,Gains In Performance
1993-08-28,34,It's Your Call,Reba McEntire,27,16,
1993-08-28,35,A Bad Goodbye,Clint Black With Wynonna,31,16,
1993-08-28,36,Money In The Bank,John Anderson,35,18,
1993-08-28,37,That Summer,Garth Brooks,37,17,
1993-08-28,38,Trashy Women,Confederate Railroad,46,6,Gains In Performance
1993-08-28,39,Haunted Heart,Sammy Kershaw,32,17,
1993-08-28,40,I'll Cry Tomorrow,Larry Stewart,41,9,Gains In Performance
1993-08-28,41,Just Like The Weather,Suzy Bogguss,49,4,Gains In Performance
1993-08-28,42,Hurry Sundown,McBride & The Ride,47,5,Gains In Performance
1993-08-28,43,Nothin' But The Wheel,Patty Loveless,48,7,Gains In Performance
1993-08-28,44,Texas Tattoo,Gibson/Miller Band,26,12,
1993-08-28,45,When Did You Stop Loving Me,George Strait,40,18,
1993-08-28,46,Tell Me About It,Tanya Tucker With Delbert McClinton,43,20,
1993-08-28,47,Shame Shame Shame Shame,Mark Collie,30,13,
1993-08-28,48,Half Enough,Lorrie Morgan,53,5,Gains In Performance
1993-08-28,49,That Was A River,Collin Raye,54,4,Gains In Performance
1993-08-28,50,The Bug,Mary Chapin Carpenter,63,2,Gains In Performance
1993-08-28,51,The Hard Way,Mary Chapin Carpenter,51,20,
1993-08-28,52,The Grand Tour,Aaron Neville,56,5,Gains In Performance
1993-08-28,53,"Cleopatra, Queen Of Denial",Pam Tillis,50,18,
1993-08-28,54,I Got A Love,"Matthews, Wright & King",45,11,
1993-08-28,55,On The Road,Lee Roy Parnell,67,2,Gains In Performance
1993-08-28,56,My Baby Loves Me,Martina McBride,58,5,Gains In Performance
1993-08-28,57,Fallin' Never Felt So Good,Shawn Camp,59,5,Gains In Performance
1993-08-28,58,Dance With The One That Brought You,Shania Twain,55,9,
1993-08-28,59,Does He Love You,Reba McEntire With Linda Davis,NEW,1,Highest ranking debut|Gains In Performance
1993-08-28,60,A Couple Of Good Years Left,Ricky Van Shelton,61,2,Gains In Performance
1993-09-04,1,Thank God For You,Sawyer Brown,6,10,Gains In Performance
1993-09-04,2,What Might Have Been,Little Texas,3,15,
1993-09-04,3,Can't Break It To My Heart,Tracy Lawrence,1,14,
1993-09-04,4,In The Heart Of A Woman,Billy Ray Cyrus,7,10,Gains In Performance
1993-09-04,5,Reno,Doug Supernaw,4,16,
1993-09-04,6,Why Didn't I Think Of That,Doug Stone,2,12,
1993-09-04,7,A Thousand Miles From Nowhere,Dwight Yoakam,9,11,Gains In Performance
1993-09-04,8,Ain't Going Down (Til The Sun Comes Up),Garth Brooks,10,5,Gains In Performance
1993-09-04,9,Mama Knows The Highway,Hal Ketchum,8,12,
1993-09-04,10,Holdin' Heaven,Tracy Byrd,13,12,Gains In Performance
1993-09-04,11,Working Man's Ph.d,Aaron Tippin,14,11,Gains In Performance
1993-09-04,12,Every Little Thing,Carlene Carter,5,15,
1993-09-04,13,Only Love,Wynonna,16,8,Gains In Performance
1993-09-04,14,Prop Me Up Beside The Jukebox (If I Die),Joe Diffie,23,7,Gains In Performance
1993-09-04,15,It Sure Is Monday,Mark Chesnutt,11,16,
1993-09-04,16,One More Last Chance,Vince Gill,24,6,Gains In Performance
1993-09-04,17,Looking Out For Number One,Travis Tritt,18,8,Gains In Performance
1993-09-04,18,What's It To You,Clay Walker,22,9,Gains In Performance
1993-09-04,19,Chattahoochee,Alan Jackson,12,17,
1993-09-04,20,No Time To Kill,Clint Black,29,4,Gains In Performance
1993-09-04,21,A Cowboy's Born With A Broken Heart,Boy Howdy,21,12,Gains In Performance
1993-09-04,22,Let Go,Brother Phelps,26,10,Gains In Performance
1993-09-04,23,Beer And Bones,John Michael Montgomery,25,9,Gains In Performance
1993-09-04,24,He Ain't Worth Missing,Toby Keith,28,10,Gains In Performance
1993-09-04,25,If I Didn't Love You,Steve Wariner,27,10,Gains In Performance
1993-09-04,26,"Easy Come, Easy Go",George Strait,33,3,Gains In Performance
1993-09-04,27,Easier Said Than Done,Radney Foster,20,13,
1993-09-04,28,This Romeo Ain't Got Julie Yet,Diamond Rio,31,7,Gains In Performance
1993-09-04,29,We'll Burn That Bridge,Brooks & Dunn,19,17,
1993-09-04,30,True Believer,Ronnie Milsap,32,9,Gains In Performance
1993-09-04,31,We Got The Love,Restless Heart,15,16,
1993-09-04,32,Janie Baker's Love Slave,Shenandoah,17,14,
1993-09-04,33,Trashy Women,Confederate Railroad,38,7,Gains In Performance
1993-09-04,34,Just Like The Weather,Suzy Bogguss,41,5,Gains In Performance
1993-09-04,35,Money In The Bank,John Anderson,36,19,
1993-09-04,36,I'll Cry Tomorrow,Larry Stewart,40,10,Gains In Performance
1993-09-04,37,Nothin' But The Wheel,Patty Loveless,43,8,Gains In Performance
1993-09-04,38,Hurry Sundown,McBride & The Ride,42,6,Gains In Performance
1993-09-04,39,Does He Love You,Reba McEntire With Linda Davis,59,2,Gains In Performance
1993-09-04,40,It's Your Call,Reba McEntire,34,17,
1993-09-04,41,A Bad Goodbye,Clint Black With Wynonna,35,17,
1993-09-04,42,That Summer,Garth Brooks,37,18,
1993-09-04,43,Half Enough,Lorrie Morgan,48,6,Gains In Performance
1993-09-04,44,That Was A River,Collin Raye,49,5,Gains In Performance
1993-09-04,45,The Bug,Mary Chapin Carpenter,50,3,Gains In Performance
1993-09-04,46,Haunted Heart,Sammy Kershaw,39,18,
1993-09-04,47,When Did You Stop Loving Me,George Strait,45,19,
1993-09-04,48,Down On My Knees,Trisha Yearwood,30,13,
1993-09-04,49,The Grand Tour,Aaron Neville,52,6,Gains In Performance
1993-09-04,50,On The Road,Lee Roy Parnell,55,3,Gains In Performance
1993-09-04,51,I Fell In The Water,John Anderson,68,2,Gains In Performance
1993-09-04,52,My Baby Loves Me,Martina McBride,56,6,Gains In Performance
1993-09-04,53,Fallin' Never Felt So Good,Shawn Camp,57,6,Gains In Performance
1993-09-04,54,I'm Not Built That Way,Billy Dean,62,3,Gains In Performance
1993-09-04,55,Texas Tattoo,Gibson/Miller Band,44,13,
1993-09-04,56,"Cleopatra, Queen Of Denial",Pam Tillis,53,19,
1993-09-04,57,A Couple Of Good Years Left,Ricky Van Shelton,60,3,Gains In Performance
1993-09-04,58,Do You Know Where Your Man Is,Pam Tillis,66,2,Gains In Performance
1993-09-04,59,Shame Shame Shame Shame,Mark Collie,47,14,
1993-09-04,60,She Used To Be Mine,Brooks & Dunn,NEW,1,Highest ranking debut|Gains In Performance
1993-09-11,1,Thank God For You,Sawyer Brown,1,11,Gains In Performance
1993-09-11,2,A Thousand Miles From Nowhere,Dwight Yoakam,7,12,Gains In Performance
1993-09-11,3,In The Heart Of A Woman,Billy Ray Cyrus,4,11,Gains In Performance
1993-09-11,4,Holdin' Heaven,Tracy Byrd,10,13,Gains In Performance
1993-09-11,5,Ain't Going Down (Til The Sun Comes Up),Garth Brooks,8,6,Gains In Performance
1993-09-11,6,Reno,Doug Supernaw,5,17,
1993-09-11,7,What Might Have Been,Little Texas,2,16,
1993-09-11,8,Working Man's Ph.d,Aaron Tippin,11,12,Gains In Performance
1993-09-11,9,Can't Break It To My Heart,Tracy Lawrence,3,15,
1993-09-11,10,Only Love,Wynonna,13,9,Gains In Performance
1993-09-11,11,Why Didn't I Think Of That,Doug Stone,6,13,
1993-09-11,12,Mama Knows The Highway,Hal Ketchum,9,13,
1993-09-11,13,Prop Me Up Beside The Jukebox (If I Die),Joe Diffie,14,8,Gains In Performance
1993-09-11,14,What's It To You,Clay Walker,18,10,Gains In Performance
1993-09-11,15,One More Last Chance,Vince Gill,16,7,Gains In Performance
1993-09-11,16,"Easy Come, Easy Go",George Strait,26,4,Gains In Performance
1993-09-11,17,No Time To Kill,Clint Black,20,5,Gains In Performance
1993-09-11,18,Looking Out For Number One,Travis Tritt,17,9,Gains In Performance
1993-09-11,19,A Cowboy's Born With A Broken Heart,Boy Howdy,21,13,Gains In Performance
1993-09-11,20,Let Go,Brother Phelps,22,11,Gains In Performance
1993-09-11,21,He Ain't Worth Missing,Toby Keith,24,11,Gains In Performance
1993-09-11,22,Beer And Bones,John Michael Montgomery,23,10,Gains In Performance
1993-09-11,23,If I Didn't Love You,Steve Wariner,25,11,Gains In Performance
1993-09-11,24,Chattahoochee,Alan Jackson,19,18,
1993-09-11,25,Every Little Thing,Carlene Carter,12,16,
1993-09-11,26,This Romeo Ain't Got Julie Yet,Diamond Rio,28,8,Gains In Performance
1993-09-11,27,It Sure Is Monday,Mark Chesnutt,15,17,
1993-09-11,28,Does He Love You,Reba McEntire With Linda Davis,39,3,Gains In Performance
1993-09-11,29,Just Like The Weather,Suzy Bogguss,34,6,Gains In Performance
1993-09-11,30,True Believer,Ronnie Milsap,30,10,
1993-09-11,31,Easier Said Than Done,Radney Foster,27,14,
1993-09-11,32,Trashy Women,Confederate Railroad,33,8,Gains In Performance
1993-09-11,33,We'll Burn That Bridge,Brooks & Dunn,29,18,
1993-09-11,34,I'll Cry Tomorrow,Larry Stewart,36,11,Gains In Performance
1993-09-11,35,Nothin' But The Wheel,Patty Loveless,37,9,Gains In Performance
1993-09-11,36,Hurry Sundown,McBride & The Ride,38,7,Gains In Performance
1993-09-11,37,Half Enough,Lorrie Morgan,43,7,Gains In Performance
1993-09-11,38,That Was A River,Collin Raye,44,6,Gains In Performance
1993-09-11,39,The Bug,Mary Chapin Carpenter,45,4,Gains In Performance
1993-09-11,40,Money In The Bank,John Anderson,35,20,
1993-09-11,41,We Got The Love,Restless Heart,31,17,
1993-09-11,42,A Bad Goodbye,Clint Black With Wynonna,41,18,
1993-09-11,43,I Fell In The Water,John Anderson,51,3,Gains In Performance
1993-09-11,44,She Used To Be Mine,Brooks & Dunn,60,2,Gains In Performance
1993-09-11,45,That Summer,Garth Brooks,42,19,
1993-09-11,46,On The Road,Lee Roy Parnell,50,4,Gains In Performance
1993-09-11,47,Janie Baker's Love Slave,Shenandoah,32,15,
1993-09-11,48,It's Your Call,Reba McEntire,40,18,
1993-09-11,49,The Grand Tour,Aaron Neville,49,7,Gains In Performance
1993-09-11,50,Do You Know Where Your Man Is,Pam Tillis,58,3,Gains In Performance
1993-09-11,51,Haunted Heart,Sammy Kershaw,46,19,
1993-09-11,52,When Did You Stop Loving Me,George Strait,47,20,
1993-09-11,53,Almost Goodbye,Mark Chesnutt,68,2,Gains In Performance
1993-09-11,54,My Baby Loves Me,Martina McBride,52,7,Gains In Performance
1993-09-11,55,Fallin' Never Felt So Good,Shawn Camp,53,7,Gains In Performance
1993-09-11,56,Cowboy Boogie,Randy Travis,75,2,Gains In Performance
1993-09-11,57,I'm Not Built That Way,Billy Dean,54,4,Gains In Performance
1993-09-11,58,A Couple Of Good Years Left,Ricky Van Shelton,57,4,Gains In Performance
1993-09-11,59,Down On My Knees,Trisha Yearwood,48,14,
1993-09-11,60,"Cleopatra, Queen Of Denial",Pam Tillis,56,20,
1993-09-18,1,Ain't Going Down (Til The Sun Comes Up),Garth Brooks,5,7,Gains In Performance
1993-09-18,2,Holdin' Heaven,Tracy Byrd,4,14,Gains In Performance
1993-09-18,3,A Thousand Miles From Nowhere,Dwight Yoakam,2,13,
1993-09-18,4,Thank God For You,Sawyer Brown,1,12,
1993-09-18,5,In The Heart Of A Woman,Billy Ray Cyrus,3,12,
1993-09-18,6,Only Love,Wynonna,10,10,Gains In Performance
1993-09-18,7,Working Man's Ph.d,Aaron Tippin,8,13,Gains In Performance
1993-09-18,8,Prop Me Up Beside The Jukebox (If I Die),Joe Diffie,13,9,Gains In Performance
1993-09-18,9,What's It To You,Clay Walker,14,11,Gains In Performance
1993-09-18,10,One More Last Chance,Vince Gill,15,8,Gains In Performance
1993-09-18,11,Looking Out For Number One,Travis Tritt,18,10,Gains In Performance
1993-09-18,12,A Cowboy's Born With A Broken Heart,Boy Howdy,19,14,Gains In Performance
1993-09-18,13,"Easy Come, Easy Go",George Strait,16,5,Gains In Performance
1993-09-18,14,No Time To Kill,Clint Black,17,6,Gains In Performance
1993-09-18,15,Let Go,Brother Phelps,20,12,Gains In Performance
1993-09-18,16,He Ain't Worth Missing,Toby Keith,21,12,Gains In Performance
1993-09-18,17,Reno,Doug Supernaw,6,18,
1993-09-18,18,Can't Break It To My Heart,Tracy Lawrence,9,16,
1993-09-18,19,What Might Have Been,Little Texas,7,17,
1993-09-18,20,If I Didn't Love You,Steve Wariner,23,12,Gains In Performance
1993-09-18,21,Beer And Bones,John Michael Montgomery,22,11,
1993-09-18,22,Why Didn't I Think Of That,Doug Stone,11,14,
1993-09-18,23,This Romeo Ain't Got Julie Yet,Diamond Rio,26,9,Gains In Performance
1993-09-18,24,Does He Love You,Reba McEntire With Linda Davis,28,4,Gains In Performance
1993-09-18,25,Just Like The Weather,Suzy Bogguss,29,7,Gains In Performance
1993-09-18,26,Chattahoochee,Alan Jackson,24,19,
1993-09-18,27,Trashy Women,Confederate Railroad,32,9,Gains In Performance
1993-09-18,28,It Sure Is Monday,Mark Chesnutt,27,18,
1993-09-18,29,Mama Knows The Highway,Hal Ketchum,12,14,
1993-09-18,30,Every Little Thing,Carlene Carter,25,17,
1993-09-18,31,Nothin' But The Wheel,Patty Loveless,35,10,Gains In Performance
1993-09-18,32,Hurry Sundown,McBride & The Ride,36,8,Gains In Performance
1993-09-18,33,The Bug,Mary Chapin Carpenter,39,5,Gains In Performance
1993-09-18,34,Half Enough,Lorrie Morgan,37,8,Gains In Performance
1993-09-18,35,That Was A River,Collin Raye,38,7,Gains In Performance
1993-09-18,36,True Believer,Ronnie Milsap,30,11,
1993-09-18,37,I Fell In The Water,John Anderson,43,4,Gains In Performance
1993-09-18,38,She Used To Be Mine,Brooks & Dunn,44,3,Gains In Performance
1993-09-18,39,We'll Burn That Bridge,Brooks & Dunn,33,19,
1993-09-18,40,Reckless,Alabama,62,2,Gains In Performance
1993-09-18,41,On The Road,Lee Roy Parnell,46,5,Gains In Performance
1993-09-18,42,Almost Goodbye,Mark Chesnutt,53,3,Gains In Performance
1993-09-18,43,I'll Cry Tomorrow,Larry Stewart,34,12,
1993-09-18,44,It's Your Call,Reba McEntire,48,19,
1993-09-18,45,Do You Know Where Your Man Is,Pam Tillis,50,4,Gains In Performance
1993-09-18,46,A Bad Goodbye,Clint Black With Wynonna,42,19,
1993-09-18,47,The Grand Tour,Aaron Neville,49,8,Gains In Performance
1993-09-18,48,That Summer,Garth Brooks,45,20,
1993-09-18,49,My Baby Loves Me,Martina McBride,54,8,Gains In Performance
1993-09-18,50,We Got The Love,Restless Heart,41,18,
1993-09-18,51,Fallin' Never Felt So Good,Shawn Camp,55,8,Gains In Performance
1993-09-18,52,I'm Not Built That Way,Billy Dean,57,5,Gains In Performance
1993-09-18,53,Easier Said Than Done,Radney Foster,31,15,
1993-09-18,54,Janie Baker's Love Slave,Shenandoah,47,16,
1993-09-18,55,Cowboy Boogie,Randy Travis,56,3,Gains In Performance
1993-09-18,56,A Couple Of Good Years Left,Ricky Van Shelton,58,5,Gains In Performance
1993-09-18,57,Haunted Heart,Sammy Kershaw,51,20,
1993-09-18,58,Queen Of My Double Wide Trailer,Sammy Kershaw,61,3,Gains In Performance
1993-09-18,59,My Second Home,Tracy Lawrence,67,3,Gains In Performance
1993-09-18,60,Down On My Knees,Trisha Yearwood,59,15,
1993-09-25,1,Holdin' Heaven,Tracy Byrd,2,15,Gains In Performance
1993-09-25,2,Ain't Going Down (Til The Sun Comes Up),Garth Brooks,1,8,Gains In Performance
1993-09-25,3,Only Love,Wynonna,6,11,Gains In Performance
1993-09-25,4,In The Heart Of A Woman,Billy Ray Cyrus,5,13,
1993-09-25,5,Prop Me Up Beside The Jukebox (If I Die),Joe Diffie,8,10,Gains In Performance
1993-09-25,6,What's It To You,Clay Walker,9,12,Gains In Performance
1993-09-25,7,One More Last Chance,Vince Gill,10,9,Gains In Performance
1993-09-25,8,A Thousand Miles From Nowhere,Dwight Yoakam,3,14,
1993-09-25,9,Thank God For You,Sawyer Brown,4,13,
1993-09-25,10,Working Man's Ph.d,Aaron Tippin,7,14,
1993-09-25,11,"Easy Come, Easy Go",George Strait,13,6,Gains In Performance
1993-09-25,12,Let Go,Brother Phelps,15,13,Gains In Performance
1993-09-25,13,Looking Out For Number One,Travis Tritt,11,11,Gains In Performance
1993-09-25,14,No Time To Kill,Clint Black,14,7,Gains In Performance
1993-09-25,15,He Ain't Worth Missing,Toby Keith,16,13,Gains In Performance
1993-09-25,16,A Cowboy's Born With A Broken Heart,Boy Howdy,12,15,
1993-09-25,17,If I Didn't Love You,Steve Wariner,20,13,Gains In Performance
1993-09-25,18,This Romeo Ain't Got Julie Yet,Diamond Rio,23,10,Gains In Performance
1993-09-25,19,Does He Love You,Reba McEntire With Linda Davis,24,5,Gains In Performance
1993-09-25,20,Just Like The Weather,Suzy Bogguss,25,8,Gains In Performance
1993-09-25,21,Trashy Women,Confederate Railroad,27,10,Gains In Performance
1993-09-25,22,Reno,Doug Supernaw,17,19,
1993-09-25,23,Beer And Bones,John Michael Montgomery,21,12,
1993-09-25,24,The Bug,Mary Chapin Carpenter,33,6,Gains In Performance
1993-09-25,25,Reckless,Alabama,40,3,Gains In Performance
1993-09-25,26,Why Didn't I Think Of That,Doug Stone,22,15,
1993-09-25,27,That Was A River,Collin Raye,35,8,Gains In Performance
1993-09-25,28,Nothin' But The Wheel,Patty Loveless,31,11,Gains In Performance
1993-09-25,29,Hurry Sundown,McBride & The Ride,32,9,Gains In Performance
1993-09-25,30,What Might Have Been,Little Texas,19,18,
1993-09-25,31,Half Enough,Lorrie Morgan,34,9,Gains In Performance
1993-09-25,32,Can't Break It To My Heart,Tracy Lawrence,18,17,
1993-09-25,33,Chattahoochee,Alan Jackson,26,20,
1993-09-25,34,I Fell In The Water,John Anderson,37,5,Gains In Performance
1993-09-25,35,She Used To Be Mine,Brooks & Dunn,38,4,Gains In Performance
1993-09-25,36,Almost Goodbye,Mark Chesnutt,42,4,Gains In Performance
1993-09-25,37,It Sure Is Monday,Mark Chesnutt,28,19,
1993-09-25,38,Every Little Thing,Carlene Carter,30,18,
1993-09-25,39,On The Road,Lee Roy Parnell,41,6,Gains In Performance
1993-09-25,40,We'll Burn That Bridge,Brooks & Dunn,39,20,
1993-09-25,41,Do You Know Where Your Man Is,Pam Tillis,45,5,Gains In Performance
1993-09-25,42,Mama Knows The Highway,Hal Ketchum,29,15,
1993-09-25,43,My Baby Loves Me,Martina McBride,49,9,Gains In Performance
1993-09-25,44,Fallin' Never Felt So Good,Shawn Camp,51,9,Gains In Performance
1993-09-25,45,The Grand Tour,Aaron Neville,47,9,Gains In Performance
1993-09-25,46,I'm Not Built That Way,Billy Dean,52,6,Gains In Performance
1993-09-25,47,A Bad Goodbye,Clint Black With Wynonna,46,20,
1993-09-25,48,My Second Home,Tracy Lawrence,59,4,Gains In Performance
1993-09-25,49,It's Your Call,Reba McEntire,44,20,
1993-09-25,50,Queen Of My Double Wide Trailer,Sammy Kershaw,58,4,Gains In Performance
1993-09-25,51,True Believer,Ronnie Milsap,36,12,
1993-09-25,52,Mercury Blues,Alan Jackson,63,2,Gains In Performance
1993-09-25,53,Cowboy Boogie,Randy Travis,55,4,Gains In Performance
1993-09-25,54,A Couple Of Good Years Left,Ricky Van Shelton,56,6,Gains In Performance
1993-09-25,55,We Got The Love,Restless Heart,50,19,
1993-09-25,56,I'll Cry Tomorrow,Larry Stewart,43,13,
1993-09-25,57,Janie Baker's Love Slave,Shenandoah,54,17,
1993-09-25,58,Easier Said Than Done,Radney Foster,53,16,
1993-09-25,59,Moonlight Drive-In,Turner Nichols,62,7,Gains In Performance
1993-09-25,60,Something's Gonna Change Her Mind,Mark Collie,72,2,Gains In Performance
1993-10-02,1,Ain't Going Down (Til The Sun Comes Up),Garth Brooks,2,9,Gains In Performance
1993-10-02,2,Holdin' Heaven,Tracy Byrd,1,16,
1993-10-02,3,What's It To You,Clay Walker,6,13,Gains In Performance
1993-10-02,4,Prop Me Up Beside The Jukebox (If I Die),Joe Diffie,5,11,Gains In Performance
1993-10-02,5,One More Last Chance,Vince Gill,7,10,Gains In Performance
1993-10-02,6,Only Love,Wynonna,3,12,
1993-10-02,7,Let Go,Brother Phelps,12,14,Gains In Performance
1993-10-02,8,No Time To Kill,Clint Black,14,8,Gains In Performance
1993-10-02,9,"Easy Come, Easy Go",George Strait,11,7,Gains In Performance
1993-10-02,10,He Ain't Worth Missing,Toby Keith,15,14,Gains In Performance
1993-10-02,11,If I Didn't Love You,Steve Wariner,17,14,Gains In Performance
1993-10-02,12,Looking Out For Number One,Travis Tritt,13,12,
1993-10-02,13,Thank God For You,Sawyer Brown,9,14,
1993-10-02,14,Does He Love You,Reba McEntire With Linda Davis,19,6,Gains In Performance
1993-10-02,15,In The Heart Of A Woman,Billy Ray Cyrus,4,14,
1993-10-02,16,This Romeo Ain't Got Julie Yet,Diamond Rio,18,11,Gains In Performance
1993-10-02,17,A Thousand Miles From Nowhere,Dwight Yoakam,8,15,
1993-10-02,18,Just Like The Weather,Suzy Bogguss,20,9,Gains In Performance
1993-10-02,19,Reckless,Alabama,25,4,Gains In Performance
1993-10-02,20,Trashy Women,Confederate Railroad,21,11,Gains In Performance
1993-10-02,21,Half Enough,Lorrie Morgan,31,10,Gains In Performance
1993-10-02,22,Working Man's Ph.d,Aaron Tippin,10,15,
1993-10-02,23,She Used To Be Mine,Brooks & Dunn,35,5,Gains In Performance
1993-10-02,24,Almost Goodbye,Mark Chesnutt,36,5,Gains In Performance
1993-10-02,25,That Was A River,Collin Raye,27,9,Gains In Performance
1993-10-02,26,I Fell In The Water,John Anderson,34,6,Gains In Performance
1993-10-02,27,The Bug,Mary Chapin Carpenter,24,7,Gains In Performance
1993-10-02,28,Hurry Sundown,McBride & The Ride,29,10,Gains In Performance
1993-10-02,29,Nothin' But The Wheel,Patty Loveless,28,12,Gains In Performance
1993-10-02,30,A Cowboy's Born With A Broken Heart,Boy Howdy,16,16,
1993-10-02,31,Reno,Doug Supernaw,22,20,
1993-10-02,32,Why Didn't I Think Of That,Doug Stone,26,16,
1993-10-02,33,What Might Have Been,Little Texas,30,19,
1993-10-02,34,On The Road,Lee Roy Parnell,39,7,Gains In Performance
1993-10-02,35,Can't Break It To My Heart,Tracy Lawrence,32,18,
1993-10-02,36,Do You Know Where Your Man Is,Pam Tillis,41,6,Gains In Performance
1993-10-02,37,Mercury Blues,Alan Jackson,52,3,Gains In Performance
1993-10-02,38,Every Little Thing,Carlene Carter,38,19,
1993-10-02,39,It Sure Is Monday,Mark Chesnutt,37,20,
1993-10-02,40,My Second Home,Tracy Lawrence,48,5,Gains In Performance
1993-10-02,41,My Baby Loves Me,Martina McBride,43,10,Gains In Performance
1993-10-02,42,Queen Of My Double Wide Trailer,Sammy Kershaw,50,5,Gains In Performance
1993-10-02,43,The Grand Tour,Aaron Neville,45,10,Gains In Performance
1993-10-02,44,Fallin' Never Felt So Good,Shawn Camp,44,10,Gains In Performance
1993-10-02,45,I'm Not Built That Way,Billy Dean,46,7,Gains In Performance
1993-10-02,46,Beer And Bones,John Michael Montgomery,23,13,
1993-10-02,47,Mama Knows The Highway,Hal Ketchum,42,16,
1993-10-02,48,Cowboy Boogie,Randy Travis,53,5,Gains In Performance
1993-10-02,49,A Couple Of Good Years Left,Ricky Van Shelton,54,7,Gains In Performance
1993-10-02,50,God Blessed Texas,Little Texas,61,11,Gains In Performance
1993-10-02,51,Something's Gonna Change Her Mind,Mark Collie,60,3,Gains In Performance
1993-10-02,52,We Got The Love,Restless Heart,55,20,
1993-10-02,53,Moonlight Drive-In,Turner Nichols,59,8,Gains In Performance
1993-10-02,54,Janie Baker's Love Slave,Shenandoah,57,18,
1993-10-02,55,Small Price,Gibson/Miller Band,64,2,Gains In Performance
1993-10-02,56,I'll Cry Tomorrow,Larry Stewart,56,14,
1993-10-02,57,True Believer,Ronnie Milsap,51,13,
1993-10-02,58,Just Enough Rope,Rick Trevino,66,3,Gains In Performance
1993-10-02,59,Kiss Me In The Car,John Berry,67,2,Gains In Performance
1993-10-02,60,Easier Said Than Done,Radney Foster,58,17,
1993-10-09,1,One More Last Chance,Vince Gill,5,11,Gains In Performance
1993-10-09,2,What's It To You,Clay Walker,3,14,Gains In Performance
1993-10-09,3,Prop Me Up Beside The Jukebox (If I Die),Joe Diffie,4,12,Gains In Performance
1993-10-09,4,Ain't Going Down (Til The Sun Comes Up),Garth Brooks,1,10,
1993-10-09,5,No Time To Kill,Clint Black,8,9,Gains In Performance
1993-10-09,6,Let Go,Brother Phelps,7,15,Gains In Performance
1993-10-09,7,Only Love,Wynonna,6,13,
1993-10-09,8,"Easy Come, Easy Go",George Strait,9,8,Gains In Performance
1993-10-09,9,He Ain't Worth Missing,Toby Keith,10,15,Gains In Performance
1993-10-09,10,If I Didn't Love You,Steve Wariner,11,15,Gains In Performance
1993-10-09,11,Holdin' Heaven,Tracy Byrd,2,17,
1993-10-09,12,Does He Love You,Reba McEntire With Linda Davis,14,7,Gains In Performance
1993-10-09,13,This Romeo Ain't Got Julie Yet,Diamond Rio,16,12,Gains In Performance
1993-10-09,14,Just Like The Weather,Suzy Bogguss,18,10,Gains In Performance
1993-10-09,15,Reckless,Alabama,19,5,Gains In Performance
1993-10-09,16,Trashy Women,Confederate Railroad,20,12,Gains In Performance
1993-10-09,17,Almost Goodbye,Mark Chesnutt,24,6,Gains In Performance
1993-10-09,18,She Used To Be Mine,Brooks & Dunn,23,6,Gains In Performance
1993-10-09,19,Thank God For You,Sawyer Brown,13,15,
1993-10-09,20,Half Enough,Lorrie Morgan,21,11,Gains In Performance
1993-10-09,21,That Was A River,Collin Raye,25,10,Gains In Performance
1993-10-09,22,Hurry Sundown,McBride & The Ride,28,11,Gains In Performance
1993-10-09,23,I Fell In The Water,John Anderson,26,7,Gains In Performance
1993-10-09,24,The Bug,Mary Chapin Carpenter,27,8,Gains In Performance
1993-10-09,25,Nothin' But The Wheel,Patty Loveless,29,13,Gains In Performance
1993-10-09,26,Mercury Blues,Alan Jackson,37,4,Gains In Performance
1993-10-09,27,A Thousand Miles From Nowhere,Dwight Yoakam,17,16,
1993-10-09,28,On The Road,Lee Roy Parnell,34,8,Gains In Performance
1993-10-09,29,In The Heart Of A Woman,Billy Ray Cyrus,15,15,
1993-10-09,30,Do You Know Where Your Man Is,Pam Tillis,36,7,Gains In Performance
1993-10-09,31,My Second Home,Tracy Lawrence,40,6,Gains In Performance
1993-10-09,32,Looking Out For Number One,Travis Tritt,12,13,
1993-10-09,33,Working Man's Ph.d,Aaron Tippin,22,16,
1993-10-09,34,My Baby Loves Me,Martina McBride,41,11,Gains In Performance
1993-10-09,35,Why Didn't I Think Of That,Doug Stone,32,17,
1993-10-09,36,What Might Have Been,Little Texas,33,20,
1993-10-09,37,Can't Break It To My Heart,Tracy Lawrence,35,19,
1993-10-09,38,Queen Of My Double Wide Trailer,Sammy Kershaw,42,6,Gains In Performance
1993-10-09,39,God Blessed Texas,Little Texas,50,12,Gains In Performance
1993-10-09,40,Every Little Thing,Carlene Carter,38,20,
1993-10-09,41,A Cowboy's Born With A Broken Heart,Boy Howdy,30,17,
1993-10-09,42,I'm Not Built That Way,Billy Dean,45,8,Gains In Performance
1993-10-09,43,Fallin' Never Felt So Good,Shawn Camp,44,11,Gains In Performance
1993-10-09,44,The Grand Tour,Aaron Neville,43,11,Gains In Performance
1993-10-09,45,A Couple Of Good Years Left,Ricky Van Shelton,49,8,Gains In Performance
1993-10-09,46,Cowboy Boogie,Randy Travis,48,6,
1993-10-09,47,Something's Gonna Change Her Mind,Mark Collie,51,4,Gains In Performance
1993-10-09,48,Mama Knows The Highway,Hal Ketchum,47,17,
1993-10-09,49,I Don't Call Him Daddy,Doug Supernaw,71,2,Gains In Performance
1993-10-09,50,Small Price,Gibson/Miller Band,55,3,Gains In Performance
1993-10-09,51,Moonlight Drive-In,Turner Nichols,53,9,Gains In Performance
1993-10-09,52,Beer And Bones,John Michael Montgomery,46,14,
1993-10-09,53,Kiss Me In The Car,John Berry,59,3,Gains In Performance
1993-10-09,54,Janie Baker's Love Slave,Shenandoah,54,19,
1993-10-09,55,Just Enough Rope,Rick Trevino,58,4,Gains In Performance
1993-10-09,56,American Honky-Tonk Bar Association,Garth Brooks,61,5,Gains In Performance
1993-10-09,57,Soon,Tanya Tucker,NEW,1,Highest ranking debut|Gains In Performance
1993-10-09,58,Hammer And Nails,Radney Foster,NEW,1,Gains In Performance
1993-10-09,59,Master Of Illusion,Clinton Gregory,63,3,Gains In Performance
1993-10-09,60,Texas Tattoo,Gibson/Miller Band,62,18,
1993-10-16,1,What's It To You,Clay Walker,2,15,Gains In Performance
1993-10-16,2,One More Last Chance,Vince Gill,1,12,
1993-10-16,3,"Easy Come, Easy Go",George Strait,8,9,Gains In Performance
1993-10-16,4,Prop Me Up Beside The Jukebox (If I Die),Joe Diffie,3,13,
1993-10-16,5,No Time To Kill,Clint Black,5,10,Gains In Performance
1993-10-16,6,He Ain't Worth Missing,Toby Keith,9,16,Gains In Performance
1993-10-16,7,Does He Love You,Reba McEntire With Linda Davis,12,8,Gains In Performance
1993-10-16,8,If I Didn't Love You,Steve Wariner,10,16,
1993-10-16,9,Just Like The Weather,Suzy Bogguss,14,11,Gains In Performance
1993-10-16,10,Ain't Going Down (Til The Sun Comes Up),Garth Brooks,4,11,
1993-10-16,11,Trashy Women,Confederate Railroad,16,13,Gains In Performance
1993-10-16,12,Reckless,Alabama,15,6,Gains In Performance
1993-10-16,13,Almost Goodbye,Mark Chesnutt,17,7,Gains In Performance
1993-10-16,14,This Romeo Ain't Got Julie Yet,Diamond Rio,13,13,Gains In Performance
1993-10-16,15,Let Go,Brother Phelps,6,16,
1993-10-16,16,She Used To Be Mine,Brooks & Dunn,18,7,Gains In Performance
1993-10-16,17,Holdin' Heaven,Tracy Byrd,11,18,
1993-10-16,18,Only Love,Wynonna,7,14,
1993-10-16,19,Mercury Blues,Alan Jackson,26,5,Gains In Performance
1993-10-16,20,Half Enough,Lorrie Morgan,20,12,Gains In Performance
1993-10-16,21,That Was A River,Collin Raye,21,11,Gains In Performance
1993-10-16,22,I Fell In The Water,John Anderson,23,8,Gains In Performance
1993-10-16,23,Hurry Sundown,McBride & The Ride,22,12,Gains In Performance
1993-10-16,24,Nothin' But The Wheel,Patty Loveless,25,14,Gains In Performance
1993-10-16,25,The Bug,Mary Chapin Carpenter,24,9,
1993-10-16,26,On The Road,Lee Roy Parnell,28,9,Gains In Performance
1993-10-16,27,Thank God For You,Sawyer Brown,19,16,
1993-10-16,28,Do You Know Where Your Man Is,Pam Tillis,30,8,Gains In Performance
1993-10-16,29,My Second Home,Tracy Lawrence,31,7,Gains In Performance
1993-10-16,30,My Baby Loves Me,Martina McBride,34,12,Gains In Performance
1993-10-16,31,A Thousand Miles From Nowhere,Dwight Yoakam,27,17,
1993-10-16,32,God Blessed Texas,Little Texas,39,13,Gains In Performance
1993-10-16,33,Queen Of My Double Wide Trailer,Sammy Kershaw,38,7,Gains In Performance
1993-10-16,34,I'm Not Built That Way,Billy Dean,42,9,Gains In Performance
1993-10-16,35,Why Didn't I Think Of That,Doug Stone,35,18,
1993-10-16,36,Can't Break It To My Heart,Tracy Lawrence,37,20,
1993-10-16,37,In The Heart Of A Woman,Billy Ray Cyrus,29,16,
1993-10-16,38,The Grand Tour,Aaron Neville,44,12,Gains In Performance
1993-10-16,39,Fallin' Never Felt So Good,Shawn Camp,43,12,Gains In Performance
1993-10-16,40,Working Man's Ph.d,Aaron Tippin,33,17,
1993-10-16,41,Soon,Tanya Tucker,57,2,Gains In Performance
1993-10-16,42,I Don't Call Him Daddy,Doug Supernaw,49,3,Gains In Performance
1993-10-16,43,A Cowboy's Born With A Broken Heart,Boy Howdy,41,18,
1993-10-16,44,A Couple Of Good Years Left,Ricky Van Shelton,45,9,Gains In Performance
1993-10-16,45,Looking Out For Number One,Travis Tritt,32,14,
1993-10-16,46,Something's Gonna Change Her Mind,Mark Collie,47,5,Gains In Performance
1993-10-16,47,American Honky-Tonk Bar Association,Garth Brooks,56,6,Gains In Performance
1993-10-16,48,Small Price,Gibson/Miller Band,50,4,Gains In Performance
1993-10-16,49,Mama Knows The Highway,Hal Ketchum,48,18,
1993-10-16,50,Kiss Me In The Car,John Berry,53,4,Gains In Performance
1993-10-16,51,Moonlight Drive-In,Turner Nichols,51,10,Gains In Performance
1993-10-16,52,Cowboy Boogie,Randy Travis,46,7,
1993-10-16,53,Hammer And Nails,Radney Foster,58,2,Gains In Performance
1993-10-16,54,The Song Remembers When,Trisha Yearwood,NEW,1,Highest ranking debut|Gains In Performance
1993-10-16,55,Just Enough Rope,Rick Trevino,55,5,Gains In Performance
1993-10-16,56,Someplace Far Away (Careful What You're Dreaming),Hal Ketchum,73,2,Gains In Performance
1993-10-16,57,Janie Baker's Love Slave,Shenandoah,54,20,
1993-10-16,58,Fast As You,Dwight Yoakam,RE,5,Gains In Performance
1993-10-16,59,I Want To Be Loved Like That,Shenandoah,69,2,Gains In Performance
1993-10-16,60,Beer And Bones,John Michael Montgomery,52,15,
1993-10-23,1,"Easy Come, Easy Go",George Strait,3,10,Gains In Performance
1993-10-23,2,What's It To You,Clay Walker,1,16,
1993-10-23,3,One More Last Chance,Vince Gill,2,13,
1993-10-23,4,No Time To Kill,Clint Black,5,11,Gains In Performance
1993-10-23,5,He Ain't Worth Missing,Toby Keith,6,17,Gains In Performance
1993-10-23,6,Does He Love You,Reba McEntire With Linda Davis,7,9,Gains In Performance
1993-10-23,7,Prop Me Up Beside The Jukebox (If I Die),Joe Diffie,4,14,
1993-10-23,8,Just Like The Weather,Suzy Bogguss,9,12,Gains In Performance
1993-10-23,9,She Used To Be Mine,Brooks & Dunn,16,8,Gains In Performance
1993-10-23,10,Almost Goodbye,Mark Chesnutt,13,8,Gains In Performance
1993-10-23,11,Reckless,Alabama,12,7,Gains In Performance
1993-10-23,12,Trashy Women,Confederate Railroad,11,14,Gains In Performance
1993-10-23,13,Mercury Blues,Alan Jackson,19,6,Gains In Performance
1993-10-23,14,Half Enough,Lorrie Morgan,20,13,Gains In Performance
1993-10-23,15,That Was A River,Collin Raye,21,12,Gains In Performance
1993-10-23,16,I Fell In The Water,John Anderson,22,9,Gains In Performance
1993-10-23,17,Hurry Sundown,McBride & The Ride,23,13,Gains In Performance
1993-10-23,18,The Bug,Mary Chapin Carpenter,25,10,Gains In Performance
1993-10-23,19,Ain't Going Down (Til The Sun Comes Up),Garth Brooks,10,12,
1993-10-23,20,Nothin' But The Wheel,Patty Loveless,24,15,Gains In Performance
1993-10-23,21,Holdin' Heaven,Tracy Byrd,17,19,
1993-10-23,22,My Baby Loves Me,Martina McBride,30,13,Gains In Performance
1993-10-23,23,My Second Home,Tracy Lawrence,29,8,Gains In Performance
1993-10-23,24,On The Road,Lee Roy Parnell,26,10,Gains In Performance
1993-10-23,25,If I Didn't Love You,Steve Wariner,8,17,
1993-10-23,26,Do You Know Where Your Man Is,Pam Tillis,28,9,Gains In Performance
1993-10-23,27,God Blessed Texas,Little Texas,32,14,Gains In Performance
1993-10-23,28,American Honky-Tonk Bar Association,Garth Brooks,47,7,Gains In Performance
1993-10-23,29,This Romeo Ain't Got Julie Yet,Diamond Rio,14,14,
1993-10-23,30,Only Love,Wynonna,18,15,
1993-10-23,31,Let Go,Brother Phelps,15,17,
1993-10-23,32,Queen Of My Double Wide Trailer,Sammy Kershaw,33,8,Gains In Performance
1993-10-23,33,Thank God For You,Sawyer Brown,27,17,
1993-10-23,34,Soon,Tanya Tucker,41,3,Gains In Performance
1993-10-23,35,I'm Not Built That Way,Billy Dean,34,10,Gains In Performance
1993-10-23,36,A Thousand Miles From Nowhere,Dwight Yoakam,31,18,
1993-10-23,37,Why Didn't I Think Of That,Doug Stone,35,19,
1993-10-23,38,I Don't Call Him Daddy,Doug Supernaw,42,4,Gains In Performance
1993-10-23,39,The Grand Tour,Aaron Neville,38,13,
1993-10-23,40,In The Heart Of A Woman,Billy Ray Cyrus,37,17,
1993-10-23,41,Fallin' Never Felt So Good,Shawn Camp,39,13,
1993-10-23,42,Working Man's Ph.d,Aaron Tippin,40,18,
1993-10-23,43,Fast As You,Dwight Yoakam,58,6,Gains In Performance
1993-10-23,44,The Song Remembers When,Trisha Yearwood,54,2,Gains In Performance
1993-10-23,45,A Couple Of Good Years Left,Ricky Van Shelton,44,10,
1993-10-23,46,Something's Gonna Change Her Mind,Mark Collie,46,6,Gains In Performance
1993-10-23,47,The Boys & Me,Sawyer Brown,62,2,Gains In Performance
1993-10-23,48,Small Price,Gibson/Miller Band,48,5,Gains In Performance
1993-10-23,49,Kiss Me In The Car,John Berry,50,5,Gains In Performance
1993-10-23,50,Hammer And Nails,Radney Foster,53,3,Gains In Performance
1993-10-23,51,Somebody New,Billy Ray Cyrus,NEW,1,Highest ranking debut|Gains In Performance
1993-10-23,52,A Cowboy's Born With A Broken Heart,Boy Howdy,43,19,
1993-10-23,53,Looking Out For Number One,Travis Tritt,45,15,
1993-10-23,54,Someplace Far Away (Careful What You're Dreaming),Hal Ketchum,56,3,Gains In Performance
1993-10-23,55,Mama Knows The Highway,Hal Ketchum,49,19,
1993-10-23,56,I Want To Be Loved Like That,Shenandoah,59,3,Gains In Performance
1993-10-23,57,Moonlight Drive-In,Turner Nichols,51,11,Gains In Performance
1993-10-23,58,Wild One,Faith Hill,61,2,Gains In Performance
1993-10-23,59,Just Enough Rope,Rick Trevino,55,6,Gains In Performance
1993-10-23,60,Unbreakable Heart,Carlene Carter,63,3,Gains In Performance
1993-10-30,1,"Easy Come, Easy Go",George Strait,1,11,Gains In Performance
1993-10-30,2,Does He Love You,Reba McEntire With Linda Davis,6,10,Gains In Performance
1993-10-30,3,No Time To Kill,Clint Black,4,12,
1993-10-30,4,She Used To Be Mine,Brooks & Dunn,9,9,Gains In Performance
1993-10-30,5,Almost Goodbye,Mark Chesnutt,10,9,Gains In Performance
1993-10-30,6,Just Like The Weather,Suzy Bogguss,8,13,Gains In Performance
1993-10-30,7,One More Last Chance,Vince Gill,3,14,
1993-10-30,8,He Ain't Worth Missing,Toby Keith,5,18,
1993-10-30,9,Reckless,Alabama,11,8,Gains In Performance
1993-10-30,10,Trashy Women,Confederate Railroad,12,15,Gains In Performance
1993-10-30,11,What's It To You,Clay Walker,2,17,
1993-10-30,12,Mercury Blues,Alan Jackson,13,7,Gains In Performance
1993-10-30,13,That Was A River,Collin Raye,15,13,Gains In Performance
1993-10-30,14,Half Enough,Lorrie Morgan,14,14,Gains In Performance
1993-10-30,15,I Fell In The Water,John Anderson,16,10,Gains In Performance
1993-10-30,16,American Honky-Tonk Bar Association,Garth Brooks,28,8,Gains In Performance
1993-10-30,17,Prop Me Up Beside The Jukebox (If I Die),Joe Diffie,7,15,
1993-10-30,18,My Second Home,Tracy Lawrence,23,9,Gains In Performance
1993-10-30,19,My Baby Loves Me,Martina McBride,22,14,Gains In Performance
1993-10-30,20,The Bug,Mary Chapin Carpenter,18,11,Gains In Performance
1993-10-30,21,God Blessed Texas,Little Texas,27,15,Gains In Performance
1993-10-30,22,On The Road,Lee Roy Parnell,24,11,Gains In Performance
1993-10-30,23,Do You Know Where Your Man Is,Pam Tillis,26,10,Gains In Performance
1993-10-30,24,Hurry Sundown,McBride & The Ride,17,14,
1993-10-30,25,Soon,Tanya Tucker,34,4,Gains In Performance
1993-10-30,26,Nothin' But The Wheel,Patty Loveless,20,16,
1993-10-30,27,Holdin' Heaven,Tracy Byrd,21,20,
1993-10-30,28,Queen Of My Double Wide Trailer,Sammy Kershaw,32,9,Gains In Performance
1993-10-30,29,Ain't Going Down (Til The Sun Comes Up),Garth Brooks,19,13,
1993-10-30,30,Fast As You,Dwight Yoakam,43,7,Gains In Performance
1993-10-30,31,I Don't Call Him Daddy,Doug Supernaw,38,5,Gains In Performance
1993-10-30,32,Thank God For You,Sawyer Brown,33,18,
1993-10-30,33,If I Didn't Love You,Steve Wariner,25,18,
1993-10-30,34,The Song Remembers When,Trisha Yearwood,44,3,Gains In Performance
1993-10-30,35,Let Go,Brother Phelps,31,18,
1993-10-30,36,Somebody New,Billy Ray Cyrus,51,2,Gains In Performance
1993-10-30,37,A Thousand Miles From Nowhere,Dwight Yoakam,36,19,
1993-10-30,38,Only Love,Wynonna,30,16,
1993-10-30,39,Why Didn't I Think Of That,Doug Stone,37,20,
1993-10-30,40,The Boys & Me,Sawyer Brown,47,3,Gains In Performance
1993-10-30,41,I'm Not Built That Way,Billy Dean,35,11,
1993-10-30,42,This Romeo Ain't Got Julie Yet,Diamond Rio,29,15,
1993-10-30,43,In The Heart Of A Woman,Billy Ray Cyrus,40,18,
1993-10-30,44,The Grand Tour,Aaron Neville,39,14,
1993-10-30,45,Something's Gonna Change Her Mind,Mark Collie,46,7,Gains In Performance
1993-10-30,46,Working Man's Ph.d,Aaron Tippin,42,19,
1993-10-30,47,Someplace Far Away (Careful What You're Dreaming),Hal Ketchum,54,4,Gains In Performance
1993-10-30,48,Hammer And Nails,Radney Foster,50,4,Gains In Performance
1993-10-30,49,Small Price,Gibson/Miller Band,48,6,Gains In Performance
1993-10-30,50,I Never Knew Love,Doug Stone,61,2,Gains In Performance
1993-10-30,51,Kiss Me In The Car,John Berry,49,6,Gains In Performance
1993-10-30,52,Wild One,Faith Hill,58,3,Gains In Performance
1993-10-30,53,I Want To Be Loved Like That,Shenandoah,56,4,Gains In Performance
1993-10-30,54,The Call Of The Wild,Aaron Tippin,63,2,Gains In Performance
1993-10-30,55,Fallin' Never Felt So Good,Shawn Camp,41,14,
1993-10-30,56,A Couple Of Good Years Left,Ricky Van Shelton,45,11,
1993-10-30,57,Moonlight Drive-In,Turner Nichols,57,12,
1993-10-30,58,Mama Knows The Highway,Hal Ketchum,55,20,
1993-10-30,59,A Cowboy's Born With A Broken Heart,Boy Howdy,52,20,
1993-10-30,60,Looking Out For Number One,Travis Tritt,53,16,
1993-11-06,1,Does He Love You,Reba McEntire With Linda Davis,2,11,Gains In Performance
1993-11-06,2,"Easy Come, Easy Go",George Strait,1,12,
1993-11-06,3,She Used To Be Mine,Brooks & Dunn,4,10,Gains In Performance
1993-11-06,4,Almost Goodbye,Mark Chesnutt,5,10,Gains In Performance
1993-11-06,5,Just Like The Weather,Suzy Bogguss,6,14,Gains In Performance
1993-11-06,6,Reckless,Alabama,9,9,Gains In Performance
1993-11-06,7,That Was A River,Collin Raye,13,14,Gains In Performance
1993-11-06,8,No Time To Kill,Clint Black,3,13,
1993-11-06,9,Mercury Blues,Alan Jackson,12,8,Gains In Performance
1993-11-06,10,Half Enough,Lorrie Morgan,14,15,Gains In Performance
1993-11-06,11,American Honky-Tonk Bar Association,Garth Brooks,16,9,Gains In Performance
1993-11-06,12,One More Last Chance,Vince Gill,7,15,
1993-11-06,13,Trashy Women,Confederate Railroad,10,16,
1993-11-06,14,On The Road,Lee Roy Parnell,22,12,Gains In Performance
1993-11-06,15,I Fell In The Water,John Anderson,15,11,Gains In Performance
1993-11-06,16,My Baby Loves Me,Martina McBride,19,15,Gains In Performance
1993-11-06,17,My Second Home,Tracy Lawrence,18,10,Gains In Performance
1993-11-06,18,What's It To You,Clay Walker,11,18,
1993-11-06,19,He Ain't Worth Missing,Toby Keith,8,19,
1993-11-06,20,God Blessed Texas,Little Texas,21,16,Gains In Performance
1993-11-06,21,The Bug,Mary Chapin Carpenter,20,12,Gains In Performance
1993-11-06,22,Soon,Tanya Tucker,25,5,Gains In Performance
1993-11-06,23,Do You Know Where Your Man Is,Pam Tillis,23,11,Gains In Performance
1993-11-06,24,Queen Of My Double Wide Trailer,Sammy Kershaw,28,10,Gains In Performance
1993-11-06,25,I Don't Call Him Daddy,Doug Supernaw,31,6,Gains In Performance
1993-11-06,26,Fast As You,Dwight Yoakam,30,8,Gains In Performance
1993-11-06,27,The Song Remembers When,Trisha Yearwood,34,4,Gains In Performance
1993-11-06,28,Prop Me Up Beside The Jukebox (If I Die),Joe Diffie,17,16,
1993-11-06,29,The Boys & Me,Sawyer Brown,40,4,Gains In Performance
1993-11-06,30,Somebody New,Billy Ray Cyrus,36,3,Gains In Performance
1993-11-06,31,Ain't Going Down (Til The Sun Comes Up),Garth Brooks,29,14,
1993-11-06,32,Thank God For You,Sawyer Brown,32,19,
1993-11-06,33,I Never Knew Love,Doug Stone,50,3,Gains In Performance
1993-11-06,34,A Thousand Miles From Nowhere,Dwight Yoakam,37,20,
1993-11-06,35,Hurry Sundown,McBride & The Ride,24,15,
1993-11-06,36,Nothin' But The Wheel,Patty Loveless,26,17,
1993-11-06,37,Let Go,Brother Phelps,35,19,
1993-11-06,38,Something's Gonna Change Her Mind,Mark Collie,45,8,Gains In Performance
1993-11-06,39,Wild One,Faith Hill,52,4,Gains In Performance
1993-11-06,40,If I Didn't Love You,Steve Wariner,33,19,
1993-11-06,41,Only Love,Wynonna,38,17,
1993-11-06,42,Someplace Far Away (Careful What You're Dreaming),Hal Ketchum,47,5,Gains In Performance
1993-11-06,43,Hammer And Nails,Radney Foster,48,5,Gains In Performance
1993-11-06,44,The Call Of The Wild,Aaron Tippin,54,3,Gains In Performance
1993-11-06,45,I Want To Be Loved Like That,Shenandoah,53,5,Gains In Performance
1993-11-06,46,Kiss Me In The Car,John Berry,51,7,Gains In Performance
1993-11-06,47,Small Price,Gibson/Miller Band,49,7,Gains In Performance
1993-11-06,48,Is It Over Yet,Wynonna,70,2,Gains In Performance
1993-11-06,49,In The Heart Of A Woman,Billy Ray Cyrus,43,19,
1993-11-06,50,The Grand Tour,Aaron Neville,44,15,
1993-11-06,51,Working Man's Ph.d,Aaron Tippin,46,20,
1993-11-06,52,This Romeo Ain't Got Julie Yet,Diamond Rio,42,16,
1993-11-06,53,Live Until I Die,Clay Walker,67,2,Gains In Performance
1993-11-06,54,I'm Not Built That Way,Billy Dean,41,12,
1993-11-06,55,Worth Every Mile,Travis Tritt,75,2,Gains In Performance
1993-11-06,56,Just Enough Rope,Rick Trevino,61,8,Gains In Performance
1993-11-06,57,Looking Out For Number One,Travis Tritt,60,17,
1993-11-06,58,Unbreakable Heart,Carlene Carter,62,5,Gains In Performance
1993-11-06,59,I Can't Tell You Why,Vince Gill,63,2,Gains In Performance
1993-11-06,60,Fallin' Never Felt So Good,Shawn Camp,55,15,
1993-11-13,1,She Used To Be Mine,Brooks & Dunn,3,11,Gains In Performance
1993-11-13,2,Almost Goodbye,Mark Chesnutt,4,11,Gains In Performance
1993-11-13,3,Does He Love You,Reba McEntire With Linda Davis,1,12,
1993-11-13,4,Reckless,Alabama,6,10,Gains In Performance
1993-11-13,5,That Was A River,Collin Raye,7,15,Gains In Performance
1993-11-13,6,"Easy Come, Easy Go",George Strait,2,13,
1993-11-13,7,Mercury Blues,Alan Jackson,9,9,Gains In Performance
1993-11-13,8,Half Enough,Lorrie Morgan,10,16,Gains In Performance
1993-11-13,9,On The Road,Lee Roy Parnell,14,13,Gains In Performance
1993-11-13,10,Just Like The Weather,Suzy Bogguss,5,15,
1993-11-13,11,American Honky-Tonk Bar Association,Garth Brooks,11,10,Gains In Performance
1993-11-13,12,My Baby Loves Me,Martina McBride,16,16,Gains In Performance
1993-11-13,13,I Fell In The Water,John Anderson,15,12,Gains In Performance
1993-11-13,14,My Second Home,Tracy Lawrence,17,11,Gains In Performance
1993-11-13,15,Fast As You,Dwight Yoakam,26,9,Gains In Performance
1993-11-13,16,The Bug,Mary Chapin Carpenter,21,13,Gains In Performance
1993-11-13,17,God Blessed Texas,Little Texas,20,17,Gains In Performance
1993-11-13,18,Soon,Tanya Tucker,22,6,Gains In Performance
1993-11-13,19,No Time To Kill,Clint Black,8,14,
1993-11-13,20,One More Last Chance,Vince Gill,12,16,
1993-11-13,21,Do You Know Where Your Man Is,Pam Tillis,23,12,Gains In Performance
1993-11-13,22,The Song Remembers When,Trisha Yearwood,27,5,Gains In Performance
1993-11-13,23,Queen Of My Double Wide Trailer,Sammy Kershaw,24,11,Gains In Performance
1993-11-13,24,I Don't Call Him Daddy,Doug Supernaw,25,7,Gains In Performance
1993-11-13,25,The Boys & Me,Sawyer Brown,29,5,Gains In Performance
1993-11-13,26,He Ain't Worth Missing,Toby Keith,19,20,
1993-11-13,27,What's It To You,Clay Walker,18,19,
1993-11-13,28,Somebody New,Billy Ray Cyrus,30,4,Gains In Performance
1993-11-13,29,I Never Knew Love,Doug Stone,33,4,Gains In Performance
1993-11-13,30,Trashy Women,Confederate Railroad,13,17,
1993-11-13,31,Prop Me Up Beside The Jukebox (If I Die),Joe Diffie,28,17,
1993-11-13,32,Is It Over Yet,Wynonna,48,3,Gains In Performance
1993-11-13,33,Something's Gonna Change Her Mind,Mark Collie,38,9,Gains In Performance
1993-11-13,34,Wild One,Faith Hill,39,5,Gains In Performance
1993-11-13,35,Ain't Going Down (Til The Sun Comes Up),Garth Brooks,31,15,
1993-11-13,36,The Call Of The Wild,Aaron Tippin,44,4,Gains In Performance
1993-11-13,37,Thank God For You,Sawyer Brown,32,20,
1993-11-13,38,Hammer And Nails,Radney Foster,43,6,Gains In Performance
1993-11-13,39,Live Until I Die,Clay Walker,53,3,Gains In Performance
1993-11-13,40,Someplace Far Away (Careful What You're Dreaming),Hal Ketchum,42,6,Gains In Performance
1993-11-13,41,I Want To Be Loved Like That,Shenandoah,45,6,Gains In Performance
1993-11-13,42,Kiss Me In The Car,John Berry,46,8,Gains In Performance
1993-11-13,43,Let Go,Brother Phelps,37,20,
1993-11-13,44,Only Love,Wynonna,41,18,
1993-11-13,45,If I Didn't Love You,Steve Wariner,40,20,
1993-11-13,46,Small Price,Gibson/Miller Band,47,8,
1993-11-13,47,Worth Every Mile,Travis Tritt,55,3,Gains In Performance
1993-11-13,48,In The Heart Of A Woman,Billy Ray Cyrus,49,20,
1993-11-13,49,The Grand Tour,Aaron Neville,50,16,
1993-11-13,50,Hurry Sundown,McBride & The Ride,35,16,
1993-11-13,51,Just Enough Rope,Rick Trevino,56,9,Gains In Performance
1993-11-13,52,Nothin' But The Wheel,Patty Loveless,36,18,
1993-11-13,53,I Can't Tell You Why,Vince Gill,59,3,Gains In Performance
1993-11-13,54,John Deere Green,Joe Diffie,NEW,1,Highest ranking debut|Gains In Performance
1993-11-13,55,Why Don't That Telephone Ring,Tracy Byrd,61,3,Gains In Performance
1993-11-13,56,This Romeo Ain't Got Julie Yet,Diamond Rio,52,17,
1993-11-13,57,Looking Out For Number One,Travis Tritt,57,18,
1993-11-13,58,Unbreakable Heart,Carlene Carter,58,6,Gains In Performance
1993-11-13,59,She'd Give Anything,Boy Howdy,65,2,Gains In Performance
1993-11-13,60,Desperado,Clint Black,62,3,Gains In Performance
1993-11-20,1,Almost Goodbye,Mark Chesnutt,2,12,Gains In Performance
1993-11-20,2,Reckless,Alabama,4,11,Gains In Performance
1993-11-20,3,She Used To Be Mine,Brooks & Dunn,1,12,
1993-11-20,4,That Was A River,Collin Raye,5,16,Gains In Performance
1993-11-20,5,Mercury Blues,Alan Jackson,7,10,Gains In Performance
1993-11-20,6,On The Road,Lee Roy Parnell,9,14,Gains In Performance
1993-11-20,7,American Honky-Tonk Bar Association,Garth Brooks,11,11,Gains In Performance
1993-11-20,8,My Baby Loves Me,Martina McBride,12,17,Gains In Performance
1993-11-20,9,Half Enough,Lorrie Morgan,8,17,
1993-11-20,10,Does He Love You,Reba McEntire With Linda Davis,3,13,
1993-11-20,11,"Easy Come, Easy Go",George Strait,6,14,
1993-11-20,12,My Second Home,Tracy Lawrence,14,12,Gains In Performance
1993-11-20,13,Fast As You,Dwight Yoakam,15,10,Gains In Performance
1993-11-20,14,God Blessed Texas,Little Texas,17,18,Gains In Performance
1993-11-20,15,I Fell In The Water,John Anderson,13,13,
1993-11-20,16,Soon,Tanya Tucker,18,7,Gains In Performance
1993-11-20,17,Queen Of My Double Wide Trailer,Sammy Kershaw,23,12,Gains In Performance
1993-11-20,18,The Song Remembers When,Trisha Yearwood,22,6,Gains In Performance
1993-11-20,19,The Bug,Mary Chapin Carpenter,16,14,
1993-11-20,20,Do You Know Where Your Man Is,Pam Tillis,21,13,Gains In Performance
1993-11-20,21,I Don't Call Him Daddy,Doug Supernaw,24,8,Gains In Performance
1993-11-20,22,The Boys & Me,Sawyer Brown,25,6,Gains In Performance
1993-11-20,23,Somebody New,Billy Ray Cyrus,28,5,Gains In Performance
1993-11-20,24,I Never Knew Love,Doug Stone,29,5,Gains In Performance
1993-11-20,25,Just Like The Weather,Suzy Bogguss,10,16,
1993-11-20,26,One More Last Chance,Vince Gill,20,17,
1993-11-20,27,No Time To Kill,Clint Black,19,15,
1993-11-20,28,Wild One,Faith Hill,34,6,Gains In Performance
1993-11-20,29,What's It To You,Clay Walker,27,20,
1993-11-20,30,Is It Over Yet,Wynonna,32,4,Gains In Performance
1993-11-20,31,Something's Gonna Change Her Mind,Mark Collie,33,10,Gains In Performance
1993-11-20,32,Live Until I Die,Clay Walker,39,4,Gains In Performance
1993-11-20,33,The Call Of The Wild,Aaron Tippin,36,5,Gains In Performance
1993-11-20,34,Hammer And Nails,Radney Foster,38,7,Gains In Performance
1993-11-20,35,Kiss Me In The Car,John Berry,42,9,Gains In Performance
1993-11-20,36,I Want To Be Loved Like That,Shenandoah,41,7,Gains In Performance
1993-11-20,37,Prop Me Up Beside The Jukebox (If I Die),Joe Diffie,31,18,
1993-11-20,38,Someplace Far Away (Careful What You're Dreaming),Hal Ketchum,40,7,Gains In Performance
1993-11-20,39,Ain't Going Down (Til The Sun Comes Up),Garth Brooks,35,16,
1993-11-20,40,Trashy Women,Confederate Railroad,30,18,
1993-11-20,41,Worth Every Mile,Travis Tritt,47,4,Gains In Performance
1993-11-20,42,John Deere Green,Joe Diffie,54,2,Gains In Performance
1993-11-20,43,Only Love,Wynonna,44,19,
1993-11-20,44,Just Enough Rope,Rick Trevino,51,10,Gains In Performance
1993-11-20,45,She'd Give Anything,Boy Howdy,59,3,Gains In Performance
1993-11-20,46,Small Price,Gibson/Miller Band,46,9,
1993-11-20,47,I Can't Tell You Why,Vince Gill,53,4,Gains In Performance
1993-11-20,48,Why Don't That Telephone Ring,Tracy Byrd,55,4,Gains In Performance
1993-11-20,49,A Little Less Talk And A Lot More Action,Toby Keith,66,2,Gains In Performance
1993-11-20,50,Drivin' And Cryin',Steve Wariner,65,2,Gains In Performance
1993-11-20,51,Unbreakable Heart,Carlene Carter,58,7,Gains In Performance
1993-11-20,52,The Grand Tour,Aaron Neville,49,17,
1993-11-20,53,High Tech Redneck,George Jones,61,2,Gains In Performance
1993-11-20,54,Hurry Sundown,McBride & The Ride,50,17,
1993-11-20,55,State Of Mind,Clint Black,NEW,1,Highest ranking debut|Gains In Performance
1993-11-20,56,This Romeo Ain't Got Julie Yet,Diamond Rio,56,18,
1993-11-20,57,Looking Out For Number One,Travis Tritt,57,19,
1993-11-20,58,Desperado,Clint Black,60,4,Gains In Performance
1993-11-20,59,We Just Disagree,Billy Dean,75,2,Gains In Performance
1993-11-20,60,Were You Really Livin',Brother Phelps,67,2,Gains In Performance
1993-11-27,1,Reckless,Alabama,2,12,Gains In Performance
1993-11-27,2,Almost Goodbye,Mark Chesnutt,1,13,
1993-11-27,3,Mercury Blues,Alan Jackson,5,11,Gains In Performance
1993-11-27,4,That Was A River,Collin Raye,4,17,
1993-11-27,5,American Honky-Tonk Bar Association,Garth Brooks,7,12,Gains In Performance
1993-11-27,6,My Baby Loves Me,Martina McBride,8,18,Gains In Performance
1993-11-27,7,On The Road,Lee Roy Parnell,6,15,Gains In Performance
1993-11-27,8,She Used To Be Mine,Brooks & Dunn,3,13,
1993-11-27,9,My Second Home,Tracy Lawrence,12,13,Gains In Performance
1993-11-27,10,God Blessed Texas,Little Texas,14,19,Gains In Performance
1993-11-27,11,Fast As You,Dwight Yoakam,13,11,Gains In Performance
1993-11-27,12,Soon,Tanya Tucker,16,8,Gains In Performance
1993-11-27,13,The Song Remembers When,Trisha Yearwood,18,7,Gains In Performance
1993-11-27,14,I Don't Call Him Daddy,Doug Supernaw,21,9,Gains In Performance
1993-11-27,15,Queen Of My Double Wide Trailer,Sammy Kershaw,17,13,Gains In Performance
1993-11-27,16,Do You Know Where Your Man Is,Pam Tillis,20,14,Gains In Performance
1993-11-27,17,I Never Knew Love,Doug Stone,24,6,Gains In Performance
1993-11-27,18,Somebody New,Billy Ray Cyrus,23,6,Gains In Performance
1993-11-27,19,The Boys & Me,Sawyer Brown,22,7,Gains In Performance
1993-11-27,20,Does He Love You,Reba McEntire With Linda Davis,10,14,
1993-11-27,21,"Easy Come, Easy Go",George Strait,11,15,
1993-11-27,22,Wild One,Faith Hill,28,7,Gains In Performance
1993-11-27,23,Is It Over Yet,Wynonna,30,5,Gains In Performance
1993-11-27,24,Half Enough,Lorrie Morgan,9,18,
1993-11-27,25,Live Until I Die,Clay Walker,32,5,Gains In Performance
1993-11-27,26,Something's Gonna Change Her Mind,Mark Collie,31,11,Gains In Performance
1993-11-27,27,I Fell In The Water,John Anderson,15,14,
1993-11-27,28,I Want To Be Loved Like That,Shenandoah,36,8,Gains In Performance
1993-11-27,29,One More Last Chance,Vince Gill,26,18,
1993-11-27,30,The Bug,Mary Chapin Carpenter,19,15,
1993-11-27,31,Just Like The Weather,Suzy Bogguss,25,17,
1993-11-27,32,The Call Of The Wild,Aaron Tippin,33,6,Gains In Performance
1993-11-27,33,Kiss Me In The Car,John Berry,35,10,Gains In Performance
1993-11-27,34,No Time To Kill,Clint Black,27,16,
1993-11-27,35,Someplace Far Away (Careful What You're Dreaming),Hal Ketchum,38,8,Gains In Performance
1993-11-27,36,Hammer And Nails,Radney Foster,34,8,Gains In Performance
1993-11-27,37,John Deere Green,Joe Diffie,42,3,Gains In Performance
1993-11-27,38,Prop Me Up Beside The Jukebox (If I Die),Joe Diffie,37,19,
1993-11-27,39,Ain't Going Down (Til The Sun Comes Up),Garth Brooks,39,17,
1993-11-27,40,State Of Mind,Clint Black,55,2,Gains In Performance
1993-11-27,41,Worth Every Mile,Travis Tritt,41,5,Gains In Performance
1993-11-27,42,A Little Less Talk And A Lot More Action,Toby Keith,49,3,Gains In Performance
1993-11-27,43,She'd Give Anything,Boy Howdy,45,4,Gains In Performance
1993-11-27,44,Trashy Women,Confederate Railroad,40,19,
1993-11-27,45,Just Enough Rope,Rick Trevino,44,11,Gains In Performance
1993-11-27,46,I Can't Tell You Why,Vince Gill,47,5,Gains In Performance
1993-11-27,47,Only Love,Wynonna,43,20,
1993-11-27,48,You Will,Patty Loveless,65,2,Gains In Performance
1993-11-27,49,Why Don't That Telephone Ring,Tracy Byrd,48,5,Gains In Performance
1993-11-27,50,We Just Disagree,Billy Dean,59,3,Gains In Performance
1993-11-27,51,Drivin' And Cryin',Steve Wariner,50,3,Gains In Performance
1993-11-27,52,High Tech Redneck,George Jones,53,3,Gains In Performance
1993-11-27,53,Were You Really Livin',Brother Phelps,60,3,Gains In Performance
1993-11-27,54,Desperado,Clint Black,58,5,Gains In Performance
1993-11-27,55,This Romeo Ain't Got Julie Yet,Diamond Rio,56,19,
1993-11-27,56,Looking Out For Number One,Travis Tritt,57,20,
1993-11-27,57,The Grand Tour,Aaron Neville,52,18,
1993-11-27,58,Take It Easy,Travis Tritt,62,5,Gains In Performance
1993-11-27,59,Hurry Sundown,McBride & The Ride,54,18,
1993-11-27,60,Goodbye Says It All,BlackHawk,70,2,Gains In Performance
1993-12-04,1,American Honky-Tonk Bar Association,Garth Brooks,5,13,Gains In Performance
1993-12-04,2,My Baby Loves Me,Martina McBride,6,19,Gains In Performance
1993-12-04,3,Reckless,Alabama,1,13,
1993-12-04,4,Mercury Blues,Alan Jackson,3,12,
1993-12-04,5,God Blessed Texas,Little Texas,10,20,Gains In Performance
1993-12-04,6,Almost Goodbye,Mark Chesnutt,2,14,
1993-12-04,7,My Second Home,Tracy Lawrence,9,14,Gains In Performance
1993-12-04,8,On The Road,Lee Roy Parnell,7,16,
1993-12-04,9,That Was A River,Collin Raye,4,18,
1993-12-04,10,Soon,Tanya Tucker,12,9,Gains In Performance
1993-12-04,11,Fast As You,Dwight Yoakam,11,12,Gains In Performance
1993-12-04,12,Queen Of My Double Wide Trailer,Sammy Kershaw,15,14,Gains In Performance
1993-12-04,13,The Song Remembers When,Trisha Yearwood,13,8,Gains In Performance
1993-12-04,14,I Don't Call Him Daddy,Doug Supernaw,14,10,Gains In Performance
1993-12-04,15,She Used To Be Mine,Brooks & Dunn,8,14,
1993-12-04,16,The Boys & Me,Sawyer Brown,19,8,Gains In Performance
1993-12-04,17,I Never Knew Love,Doug Stone,17,7,Gains In Performance
1993-12-04,18,Wild One,Faith Hill,22,8,Gains In Performance
1993-12-04,19,Somebody New,Billy Ray Cyrus,18,7,Gains In Performance
1993-12-04,20,Is It Over Yet,Wynonna,23,6,Gains In Performance
1993-12-04,21,Live Until I Die,Clay Walker,25,6,Gains In Performance
1993-12-04,22,Do You Know Where Your Man Is,Pam Tillis,16,15,
1993-12-04,23,I Want To Be Loved Like That,Shenandoah,28,9,Gains In Performance
1993-12-04,24,Something's Gonna Change Her Mind,Mark Collie,26,12,Gains In Performance
1993-12-04,25,"Easy Come, Easy Go",George Strait,21,16,
1993-12-04,26,State Of Mind,Clint Black,40,3,Gains In Performance
1993-12-04,27,Kiss Me In The Car,John Berry,33,11,Gains In Performance
1993-12-04,28,The Call Of The Wild,Aaron Tippin,32,7,Gains In Performance
1993-12-04,29,Does He Love You,Reba McEntire With Linda Davis,20,15,
1993-12-04,30,Someplace Far Away (Careful What You're Dreaming),Hal Ketchum,35,9,Gains In Performance
1993-12-04,31,Half Enough,Lorrie Morgan,24,19,
1993-12-04,32,John Deere Green,Joe Diffie,37,4,Gains In Performance
1993-12-04,33,One More Last Chance,Vince Gill,29,19,
1993-12-04,34,A Little Less Talk And A Lot More Action,Toby Keith,42,4,Gains In Performance
1993-12-04,35,She'd Give Anything,Boy Howdy,43,5,Gains In Performance
1993-12-04,36,No Time To Kill,Clint Black,34,17,
1993-12-04,37,Just Like The Weather,Suzy Bogguss,31,18,
1993-12-04,38,You Will,Patty Loveless,48,3,Gains In Performance
1993-12-04,39,Worth Every Mile,Travis Tritt,41,6,Gains In Performance
1993-12-04,40,Hammer And Nails,Radney Foster,36,9,
1993-12-04,41,I Fell In The Water,John Anderson,27,15,
1993-12-04,42,Prop Me Up Beside The Jukebox (If I Die),Joe Diffie,38,20,
1993-12-04,43,Ain't Going Down (Til The Sun Comes Up),Garth Brooks,39,18,
1993-12-04,44,We Just Disagree,Billy Dean,50,4,Gains In Performance
1993-12-04,45,Just Enough Rope,Rick Trevino,45,12,Gains In Performance
1993-12-04,46,Why Don't That Telephone Ring,Tracy Byrd,49,6,Gains In Performance
1993-12-04,47,Trashy Women,Confederate Railroad,44,20,
1993-12-04,48,The Bug,Mary Chapin Carpenter,30,16,
1993-12-04,49,Drivin' And Cryin',Steve Wariner,51,4,Gains In Performance
1993-12-04,50,I Can't Tell You Why,Vince Gill,46,6,
1993-12-04,51,High Tech Redneck,George Jones,52,4,Gains In Performance
1993-12-04,52,Were You Really Livin',Brother Phelps,53,4,Gains In Performance
1993-12-04,53,Goodbye Says It All,BlackHawk,60,3,Gains In Performance
1993-12-04,54,Desperado,Clint Black,54,6,
1993-12-04,55,No More Cryin',McBride & The Ride,69,2,Gains In Performance
1993-12-04,56,Confessin' My Love,Shawn Camp,66,3,Gains In Performance
1993-12-04,57,This Romeo Ain't Got Julie Yet,Diamond Rio,55,20,
1993-12-04,58,Take It Easy,Travis Tritt,58,6,Gains In Performance
1993-12-04,59,If It Wasn't For Her I Wouldn't Have You,Daron Norwood,72,2,Gains In Performance
1993-12-04,60,I'd Like To Have That One Back,George Strait,NEW,1,Highest ranking debut|Gains In Performance
1993-12-11,1,My Second Home,Tracy Lawrence,7,15,Gains In Performance
1993-12-11,2,Mercury Blues,Alan Jackson,4,13,
1993-12-11,3,American Honky-Tonk Bar Association,Garth Brooks,1,14,
1993-12-11,4,God Blessed Texas,Little Texas,5,21,Gains In Performance
1993-12-11,5,Soon,Tanya Tucker,10,10,Gains In Performance
1993-12-11,6,My Baby Loves Me,Martina McBride,2,20,
1993-12-11,7,I Don't Call Him Daddy,Doug Supernaw,14,11,Gains In Performance
1993-12-11,8,Fast As You,Dwight Yoakam,11,13,Gains In Performance
1993-12-11,9,The Song Remembers When,Trisha Yearwood,13,9,Gains In Performance
1993-12-11,10,Queen Of My Double Wide Trailer,Sammy Kershaw,12,15,Gains In Performance
1993-12-11,11,Reckless,Alabama,3,14,
1993-12-11,12,I Never Knew Love,Doug Stone,17,8,Gains In Performance
1993-12-11,13,Almost Goodbye,Mark Chesnutt,6,15,
1993-12-11,14,Wild One,Faith Hill,18,9,Gains In Performance
1993-12-11,15,The Boys & Me,Sawyer Brown,16,9,Gains In Performance
1993-12-11,16,Is It Over Yet,Wynonna,20,7,Gains In Performance
1993-12-11,17,Somebody New,Billy Ray Cyrus,19,8,Gains In Performance
1993-12-11,18,Live Until I Die,Clay Walker,21,7,Gains In Performance
1993-12-11,19,State Of Mind,Clint Black,26,4,Gains In Performance
1993-12-11,20,I Want To Be Loved Like That,Shenandoah,23,10,Gains In Performance
1993-12-11,21,On The Road,Lee Roy Parnell,8,17,
1993-12-11,22,She Used To Be Mine,Brooks & Dunn,15,15,
1993-12-11,23,That Was A River,Collin Raye,9,19,
1993-12-11,24,The Call Of The Wild,Aaron Tippin,28,8,Gains In Performance
1993-12-11,25,John Deere Green,Joe Diffie,32,5,Gains In Performance
1993-12-11,26,Kiss Me In The Car,John Berry,27,12,Gains In Performance
1993-12-11,27,Something's Gonna Change Her Mind,Mark Collie,24,13,
1993-12-11,28,Someplace Far Away (Careful What You're Dreaming),Hal Ketchum,30,10,Gains In Performance
1993-12-11,29,You Will,Patty Loveless,38,4,Gains In Performance
1993-12-11,30,She'd Give Anything,Boy Howdy,35,6,Gains In Performance
1993-12-11,31,A Little Less Talk And A Lot More Action,Toby Keith,34,5,Gains In Performance
1993-12-11,32,"Easy Come, Easy Go",George Strait,25,17,
1993-12-11,33,Does He Love You,Reba McEntire With Linda Davis,29,16,
1993-12-11,34,One More Last Chance,Vince Gill,33,20,
1993-12-11,35,Half Enough,Lorrie Morgan,31,20,
1993-12-11,36,Worth Every Mile,Travis Tritt,39,7,Gains In Performance
1993-12-11,37,We Just Disagree,Billy Dean,44,5,Gains In Performance
1993-12-11,38,No Time To Kill,Clint Black,36,18,
1993-12-11,39,Do You Know Where Your Man Is,Pam Tillis,22,16,
1993-12-11,40,Just Like The Weather,Suzy Bogguss,37,19,
1993-12-11,41,Ain't Going Down (Til The Sun Comes Up),Garth Brooks,43,19,
1993-12-11,42,I Can't Tell You Why,Vince Gill,50,7,Gains In Performance
1993-12-11,43,High Tech Redneck,George Jones,51,5,Gains In Performance
1993-12-11,44,Why Don't That Telephone Ring,Tracy Byrd,46,7,Gains In Performance
1993-12-11,45,I'd Like To Have That One Back,George Strait,60,2,Gains In Performance
1993-12-11,46,Drivin' And Cryin',Steve Wariner,49,5,Gains In Performance
1993-12-11,47,Just Enough Rope,Rick Trevino,45,13,
1993-12-11,48,Were You Really Livin',Brother Phelps,52,5,Gains In Performance
1993-12-11,49,I Fell In The Water,John Anderson,41,16,
1993-12-11,50,No More Cryin',McBride & The Ride,55,3,Gains In Performance
1993-12-11,51,Goodbye Says It All,BlackHawk,53,4,Gains In Performance
1993-12-11,52,Sawmill Road,Diamond Rio,61,3,Gains In Performance
1993-12-11,53,Hey Cinderella,Suzy Bogguss,69,2,Gains In Performance
1993-12-11,54,Confessin' My Love,Shawn Camp,56,4,Gains In Performance
1993-12-11,55,The Bug,Mary Chapin Carpenter,48,17,
1993-12-11,56,Hammer And Nails,Radney Foster,40,10,
1993-12-11,57,If It Wasn't For Her I Wouldn't Have You,Daron Norwood,59,3,Gains In Performance
1993-12-11,58,Desperado,Clint Black,54,7,Gains In Performance
1993-12-11,59,Cryin' Time,Lorrie Morgan,62,3,Gains In Performance
1993-12-11,60,Take It Easy,Travis Tritt,58,7,
1993-12-18,1,I Don't Call Him Daddy,Doug Supernaw,7,12,Gains In Performance
1993-12-18,2,Soon,Tanya Tucker,5,11,Gains In Performance
1993-12-18,3,Fast As You,Dwight Yoakam,8,14,Gains In Performance
1993-12-18,4,The Song Remembers When,Trisha Yearwood,9,10,Gains In Performance
1993-12-18,5,God Blessed Texas,Little Texas,4,22,
1993-12-18,6,My Second Home,Tracy Lawrence,1,16,
1993-12-18,7,Queen Of My Double Wide Trailer,Sammy Kershaw,10,16,Gains In Performance
1993-12-18,8,The Boys & Me,Sawyer Brown,15,10,Gains In Performance
1993-12-18,9,Wild One,Faith Hill,14,10,Gains In Performance
1993-12-18,10,I Never Knew Love,Doug Stone,12,9,Gains In Performance
1993-12-18,11,Somebody New,Billy Ray Cyrus,17,9,Gains In Performance
1993-12-18,12,Is It Over Yet,Wynonna,16,8,Gains In Performance
1993-12-18,13,Live Until I Die,Clay Walker,18,8,Gains In Performance
1993-12-18,14,Mercury Blues,Alan Jackson,2,14,
1993-12-18,15,I Want To Be Loved Like That,Shenandoah,20,11,Gains In Performance
1993-12-18,16,My Baby Loves Me,Martina McBride,6,21,
1993-12-18,17,American Honky-Tonk Bar Association,Garth Brooks,3,15,
1993-12-18,18,State Of Mind,Clint Black,19,5,Gains In Performance
1993-12-18,19,John Deere Green,Joe Diffie,25,6,Gains In Performance
1993-12-18,20,Reckless,Alabama,11,15,
1993-12-18,21,Almost Goodbye,Mark Chesnutt,13,16,
1993-12-18,22,She'd Give Anything,Boy Howdy,30,7,Gains In Performance
1993-12-18,23,A Little Less Talk And A Lot More Action,Toby Keith,31,6,Gains In Performance
1993-12-18,24,You Will,Patty Loveless,29,5,Gains In Performance
1993-12-18,25,Kiss Me In The Car,John Berry,26,13,Gains In Performance
1993-12-18,26,The Call Of The Wild,Aaron Tippin,24,9,Gains In Performance
1993-12-18,27,Someplace Far Away (Careful What You're Dreaming),Hal Ketchum,28,11,Gains In Performance
1993-12-18,28,She Used To Be Mine,Brooks & Dunn,22,16,
1993-12-18,29,On The Road,Lee Roy Parnell,21,18,
1993-12-18,30,Worth Every Mile,Travis Tritt,36,8,Gains In Performance
1993-12-18,31,We Just Disagree,Billy Dean,37,6,Gains In Performance
1993-12-18,32,That Was A River,Collin Raye,23,20,
1993-12-18,33,"Easy Come, Easy Go",George Strait,32,18,
1993-12-18,34,I'd Like To Have That One Back,George Strait,45,3,Gains In Performance
1993-12-18,35,I Swear,John Michael Montgomery,NEW,1,Highest ranking debut|Gains In Performance
1993-12-18,36,High Tech Redneck,George Jones,43,6,Gains In Performance
1993-12-18,37,Something's Gonna Change Her Mind,Mark Collie,27,14,
1993-12-18,38,Does He Love You,Reba McEntire With Linda Davis,33,17,
1993-12-18,39,No Time To Kill,Clint Black,38,19,
1993-12-18,40,Drivin' And Cryin',Steve Wariner,46,6,Gains In Performance
1993-12-18,41,Why Don't That Telephone Ring,Tracy Byrd,44,8,Gains In Performance
1993-12-18,42,Just Like The Weather,Suzy Bogguss,40,20,
1993-12-18,43,Were You Really Livin',Brother Phelps,48,6,Gains In Performance
1993-12-18,44,I Can't Tell You Why,Vince Gill,42,8,
1993-12-18,45,Hey Cinderella,Suzy Bogguss,53,3,Gains In Performance
1993-12-18,46,Ain't Going Down (Til The Sun Comes Up),Garth Brooks,41,20,
1993-12-18,47,Sawmill Road,Diamond Rio,52,4,Gains In Performance
1993-12-18,48,No More Cryin',McBride & The Ride,50,4,Gains In Performance
1993-12-18,49,Goodbye Says It All,BlackHawk,51,5,Gains In Performance
1993-12-18,50,Confessin' My Love,Shawn Camp,54,5,Gains In Performance
1993-12-18,51,Do You Know Where Your Man Is,Pam Tillis,39,17,
1993-12-18,52,Just Enough Rope,Rick Trevino,47,14,
1993-12-18,53,I Just Wanted You To Know,Mark Chesnutt,70,2,Gains In Performance
1993-12-18,54,If It Wasn't For Her I Wouldn't Have You,Daron Norwood,57,4,Gains In Performance
1993-12-18,55,She Never Cried,Confederate Railroad,62,2,Gains In Performance
1993-12-18,56,I've Got It Made,John Anderson,69,2,Gains In Performance
1993-12-18,57,That's My Story,Collin Raye,72,2,Gains In Performance
1993-12-18,58,I Fell In The Water,John Anderson,49,17,
1993-12-18,59,Rock My World (Little Country Girl),Brooks & Dunn,73,2,Gains In Performance
1993-12-18,60,Desperado,Clint Black,58,8,
1993-12-25,1,I Don't Call Him Daddy,Doug Supernaw,1,13,Gains In Performance
1993-12-25,2,The Song Remembers When,Trisha Yearwood,4,11,Gains In Performance
1993-12-25,3,Fast As You,Dwight Yoakam,3,15,Gains In Performance
1993-12-25,4,Soon,Tanya Tucker,2,12,
1993-12-25,5,The Boys & Me,Sawyer Brown,8,11,Gains In Performance
1993-12-25,6,Wild One,Faith Hill,9,11,Gains In Performance
1993-12-25,7,I Never Knew Love,Doug Stone,10,10,Gains In Performance
1993-12-25,8,Is It Over Yet,Wynonna,12,9,Gains In Performance
1993-12-25,9,Somebody New,Billy Ray Cyrus,11,10,Gains In Performance
1993-12-25,10,Live Until I Die,Clay Walker,13,9,Gains In Performance
1993-12-25,11,I Want To Be Loved Like That,Shenandoah,15,12,Gains In Performance
1993-12-25,12,God Blessed Texas,Little Texas,5,23,
1993-12-25,13,State Of Mind,Clint Black,18,6,Gains In Performance
1993-12-25,14,John Deere Green,Joe Diffie,19,7,Gains In Performance
1993-12-25,15,Queen Of My Double Wide Trailer,Sammy Kershaw,7,17,
1993-12-25,16,I Swear,John Michael Montgomery,35,2,Gains In Performance
1993-12-25,17,A Little Less Talk And A Lot More Action,Toby Keith,23,7,Gains In Performance
1993-12-25,18,She'd Give Anything,Boy Howdy,22,8,Gains In Performance
1993-12-25,19,You Will,Patty Loveless,24,6,Gains In Performance
1993-12-25,20,The Call Of The Wild,Aaron Tippin,26,10,Gains In Performance
1993-12-25,21,My Second Home,Tracy Lawrence,6,17,
1993-12-25,22,Kiss Me In The Car,John Berry,25,14,Gains In Performance
1993-12-25,23,American Honky-Tonk Bar Association,Garth Brooks,17,16,
1993-12-25,24,Someplace Far Away (Careful What You're Dreaming),Hal Ketchum,27,12,Gains In Performance
1993-12-25,25,We Just Disagree,Billy Dean,31,7,Gains In Performance
1993-12-25,26,I'd Like To Have That One Back,George Strait,34,4,Gains In Performance
1993-12-25,27,Almost Goodbye,Mark Chesnutt,21,17,
1993-12-25,28,Mercury Blues,Alan Jackson,14,15,
1993-12-25,29,Reckless,Alabama,20,16,
1993-12-25,30,Worth Every Mile,Travis Tritt,30,9,Gains In Performance
1993-12-25,31,She Used To Be Mine,Brooks & Dunn,28,17,
1993-12-25,32,High Tech Redneck,George Jones,36,7,Gains In Performance
1993-12-25,33,Drivin' And Cryin',Steve Wariner,40,7,Gains In Performance
1993-12-25,34,On The Road,Lee Roy Parnell,29,19,
1993-12-25,35,Hey Cinderella,Suzy Bogguss,45,4,Gains In Performance
1993-12-25,36,"Easy Come, Easy Go",George Strait,33,19,
1993-12-25,37,Rock My World (Little Country Girl),Brooks & Dunn,59,3,Gains In Performance
1993-12-25,38,I Just Wanted You To Know,Mark Chesnutt,53,3,Gains In Performance
1993-12-25,39,Why Don't That Telephone Ring,Tracy Byrd,41,9,Gains In Performance
1993-12-25,40,Were You Really Livin',Brother Phelps,43,7,Gains In Performance
1993-12-25,41,No Time To Kill,Clint Black,39,20,
1993-12-25,42,Does He Love You,Reba McEntire With Linda Davis,38,18,
1993-12-25,43,Sawmill Road,Diamond Rio,47,5,Gains In Performance
1993-12-25,44,I've Got It Made,John Anderson,56,3,Gains In Performance
1993-12-25,45,No More Cryin',McBride & The Ride,48,5,Gains In Performance
1993-12-25,46,Goodbye Says It All,BlackHawk,49,6,Gains In Performance
1993-12-25,47,That's My Story,Collin Raye,57,3,Gains In Performance
1993-12-25,48,They Asked About You,Reba McEntire,65,2,Gains In Performance
1993-12-25,49,I Can't Tell You Why,Vince Gill,44,9,
1993-12-25,50,T.L.C. A.S.A.P.,Alabama,66,2,Gains In Performance
1993-12-25,51,He Thinks He'll Keep Her,Mary Chapin Carpenter,64,2,Gains In Performance
1993-12-25,52,Confessin' My Love,Shawn Camp,50,6,Gains In Performance
1993-12-25,53,If It Wasn't For Her I Wouldn't Have You,Daron Norwood,54,5,Gains In Performance
1993-12-25,54,She Never Cried,Confederate Railroad,55,3,Gains In Performance
1993-12-25,55,Something's Gonna Change Her Mind,Mark Collie,37,15,
1993-12-25,56,No Doubt About It,Neal McCoy,73,2,Gains In Performance
1993-12-25,57,Do You Know Where Your Man Is,Pam Tillis,51,18,
1993-12-25,58,I Fell In The Water,John Anderson,58,18,
1993-12-25,59,Desperado,Clint Black,60,9,
1993-12-25,60,Take It Easy,Travis Tritt,62,9,
1994-01-01,1,Wild One,Faith Hill,6,12,Gains In Performance
1994-01-01,2,Fast As You,Dwight Yoakam,3,16,
1994-01-01,3,I Don't Call Him Daddy,Doug Supernaw,1,14,
1994-01-01,4,The Boys & Me,Sawyer Brown,5,12,Gains In Performance
1994-01-01,5,I Never Knew Love,Doug Stone,7,11,Gains In Performance
1994-01-01,6,The Song Remembers When,Trisha Yearwood,2,12,
1994-01-01,7,Live Until I Die,Clay Walker,10,10,Gains In Performance
1994-01-01,8,Is It Over Yet,Wynonna,8,10,Gains In Performance
1994-01-01,9,I Want To Be Loved Like That,Shenandoah,11,13,Gains In Performance
1994-01-01,10,Somebody New,Billy Ray Cyrus,9,11,
1994-01-01,11,Soon,Tanya Tucker,4,13,
1994-01-01,12,State Of Mind,Clint Black,13,7,Gains In Performance
1994-01-01,13,I Swear,John Michael Montgomery,16,3,Gains In Performance
1994-01-01,14,John Deere Green,Joe Diffie,14,8,Gains In Performance
1994-01-01,15,She'd Give Anything,Boy Howdy,18,9,Gains In Performance
1994-01-01,16,You Will,Patty Loveless,19,7,Gains In Performance
1994-01-01,17,A Little Less Talk And A Lot More Action,Toby Keith,17,8,Gains In Performance
1994-01-01,18,The Call Of The Wild,Aaron Tippin,20,11,Gains In Performance
1994-01-01,19,God Blessed Texas,Little Texas,12,24,
1994-01-01,20,I'd Like To Have That One Back,George Strait,26,5,Gains In Performance
1994-01-01,21,We Just Disagree,Billy Dean,25,8,Gains In Performance
1994-01-01,22,Kiss Me In The Car,John Berry,22,15,
1994-01-01,23,Hey Cinderella,Suzy Bogguss,35,5,Gains In Performance
1994-01-01,24,Rock My World (Little Country Girl),Brooks & Dunn,37,4,Gains In Performance
1994-01-01,25,High Tech Redneck,George Jones,32,8,Gains In Performance
1994-01-01,26,Someplace Far Away (Careful What You're Dreaming),Hal Ketchum,24,13,
1994-01-01,27,Queen Of My Double Wide Trailer,Sammy Kershaw,15,18,
1994-01-01,28,I Just Wanted You To Know,Mark Chesnutt,38,4,Gains In Performance
1994-01-01,29,Drivin' And Cryin',Steve Wariner,33,8,Gains In Performance
1994-01-01,30,Almost Goodbye,Mark Chesnutt,27,18,
1994-01-01,31,My Second Home,Tracy Lawrence,21,18,
1994-01-01,32,Worth Every Mile,Travis Tritt,30,10,
1994-01-01,33,American Honky-Tonk Bar Association,Garth Brooks,23,17,
1994-01-01,34,Reckless,Alabama,29,17,
1994-01-01,35,I've Got It Made,John Anderson,44,4,Gains In Performance
1994-01-01,36,Sawmill Road,Diamond Rio,43,6,Gains In Performance
1994-01-01,37,That's My Story,Collin Raye,47,4,Gains In Performance
1994-01-01,38,T.L.C. A.S.A.P.,Alabama,50,3,Gains In Performance
1994-01-01,39,They Asked About You,Reba McEntire,48,3,Gains In Performance
1994-01-01,40,She Used To Be Mine,Brooks & Dunn,31,18,
1994-01-01,41,Were You Really Livin',Brother Phelps,40,8,Gains In Performance
1994-01-01,42,"Easy Come, Easy Go",George Strait,36,20,
1994-01-01,43,Why Don't That Telephone Ring,Tracy Byrd,39,10,Gains In Performance
1994-01-01,44,He Thinks He'll Keep Her,Mary Chapin Carpenter,51,3,Gains In Performance
1994-01-01,45,Mercury Blues,Alan Jackson,28,16,
1994-01-01,46,Goodbye Says It All,BlackHawk,46,7,Gains In Performance
1994-01-01,47,No More Cryin',McBride & The Ride,45,6,Gains In Performance
1994-01-01,48,On The Road,Lee Roy Parnell,34,20,
1994-01-01,49,Does He Love You,Reba McEntire With Linda Davis,42,19,
1994-01-01,50,She Never Cried,Confederate Railroad,54,4,Gains In Performance
1994-01-01,51,No Doubt About It,Neal McCoy,56,3,Gains In Performance
1994-01-01,52,Confessin' My Love,Shawn Camp,52,7,Gains In Performance
1994-01-01,53,If It Wasn't For Her I Wouldn't Have You,Daron Norwood,53,6,Gains In Performance
1994-01-01,54,I Can't Tell You Why,Vince Gill,49,10,
1994-01-01,55,I Fell In The Water,John Anderson,58,19,
1994-01-01,56,Have Yourself A Merry Little Christmas,Vince Gill,63,3,Gains In Performance
1994-01-01,57,Do You Know Where Your Man Is,Pam Tillis,57,19,
1994-01-01,58,Honky Tonk Christmas,Alan Jackson,64,3,Gains In Performance
1994-01-01,59,The Bug,Mary Chapin Carpenter,61,20,
1994-01-01,60,Angels Among Us,Alabama,66,2,Gains In Performance
1994-01-08,1,Wild One,Faith Hill,1,13,
1994-01-08,2,I Never Knew Love,Doug Stone,5,12,
1994-01-08,3,Live Until I Die,Clay Walker,7,11,
1994-01-08,4,Fast As You,Dwight Yoakam,2,17,
1994-01-08,5,The Boys & Me,Sawyer Brown,4,13,
1994-01-08,6,Is It Over Yet,Wynonna,8,11,
1994-01-08,7,I Want To Be Loved Like That,Shenandoah,9,14,
1994-01-08,8,I Don't Call Him Daddy,Doug Supernaw,3,15,
1994-01-08,9,State Of Mind,Clint Black,12,8,
1994-01-08,10,The Song Remembers When,Trisha Yearwood,6,13,
1994-01-08,11,I Swear,John Michael Montgomery,13,4,
1994-01-08,12,John Deere Green,Joe Diffie,14,9,
1994-01-08,13,Somebody New,Billy Ray Cyrus,10,12,
1994-01-08,14,She'd Give Anything,Boy Howdy,15,10,
1994-01-08,15,A Little Less Talk And A Lot More Action,Toby Keith,17,9,
1994-01-08,16,You Will,Patty Loveless,16,8,
1994-01-08,17,The Call Of The Wild,Aaron Tippin,18,12,
1994-01-08,18,We Just Disagree,Billy Dean,21,9,
1994-01-08,19,Soon,Tanya Tucker,11,14,
1994-01-08,20,I'd Like To Have That One Back,George Strait,20,6,
1994-01-08,21,Rock My World (Little Country Girl),Brooks & Dunn,24,5,Gains In Performance
1994-01-08,22,Hey Cinderella,Suzy Bogguss,23,6,Gains In Performance
1994-01-08,23,I Just Wanted You To Know,Mark Chesnutt,28,5,Gains In Performance
1994-01-08,24,High Tech Redneck,George Jones,25,9,
1994-01-08,25,Drivin' And Cryin',Steve Wariner,29,9,
1994-01-08,26,I've Got It Made,John Anderson,35,5,Gains In Performance
1994-01-08,27,That's My Story,Collin Raye,37,5,Gains In Performance
1994-01-08,28,T.L.C. A.S.A.P.,Alabama,38,4,Gains In Performance
1994-01-08,29,He Thinks He'll Keep Her,Mary Chapin Carpenter,44,4,Gains In Performance
1994-01-08,30,They Asked About You,Reba McEntire,39,4,Gains In Performance
1994-01-08,31,Sawmill Road,Diamond Rio,36,7,
1994-01-08,32,Almost Goodbye,Mark Chesnutt,30,19,
1994-01-08,33,Were You Really Livin',Brother Phelps,41,9,Gains In Performance
1994-01-08,34,Goodbye Says It All,BlackHawk,46,8,Gains In Performance
1994-01-08,35,Reckless,Alabama,34,18,
1994-01-08,36,Queen Of My Double Wide Trailer,Sammy Kershaw,27,19,
1994-01-08,37,Someplace Far Away (Careful What You're Dreaming),Hal Ketchum,26,14,
1994-01-08,38,No More Cryin',McBride & The Ride,47,7,
1994-01-08,39,American Honky-Tonk Bar Association,Garth Brooks,33,18,
1994-01-08,40,Why Don't That Telephone Ring,Tracy Byrd,43,11,
1994-01-08,41,No Doubt About It,Neal McCoy,51,4,Gains In Performance
1994-01-08,42,She Used To Be Mine,Brooks & Dunn,40,19,
1994-01-08,43,Worth Every Mile,Travis Tritt,32,11,
1994-01-08,44,My Second Home,Tracy Lawrence,31,19,
1994-01-08,45,Mercury Blues,Alan Jackson,45,17,
1994-01-08,46,Kiss Me In The Car,John Berry,22,16,
1994-01-08,47,She Never Cried,Confederate Railroad,50,5,
1994-01-08,48,Does He Love You,Reba McEntire With Linda Davis,49,20,
1994-01-08,49,Confessin' My Love,Shawn Camp,52,8,
1994-01-08,50,If It Wasn't For Her I Wouldn't Have You,Daron Norwood,53,7,
1994-01-08,51,Angels Among Us,Alabama,60,3,Gains In Performance
1994-01-08,52,Have Yourself A Merry Little Christmas,Vince Gill,56,4,Gains In Performance
1994-01-08,53,Honky Tonk Christmas,Alan Jackson,58,4,Gains In Performance
1994-01-08,54,I Can't Tell You Why,Vince Gill,54,11,
1994-01-08,55,All I Want For Christmas Is You,Vince Vance & The Valiants,64,3,Gains In Performance
1994-01-08,56,I Fell In The Water,John Anderson,55,20,
1994-01-08,57,She Loves To Hear Me Rock,Turner Nichols,62,5,Gains In Performance
1994-01-08,58,Do You Know Where Your Man Is,Pam Tillis,57,20,
1994-01-08,59,Take It Easy,Travis Tritt,63,11,
1994-01-08,60,Desperado,Clint Black,65,11,
1994-01-15,1,Wild One,Faith Hill,1,14,
1994-01-15,2,I Never Knew Love,Doug Stone,2,13,Gains In Performance
1994-01-15,3,Live Until I Die,Clay Walker,3,12,Gains In Performance
1994-01-15,4,Fast As You,Dwight Yoakam,4,18,
1994-01-15,5,I Want To Be Loved Like That,Shenandoah,7,15,Gains In Performance
1994-01-15,6,The Boys & Me,Sawyer Brown,5,14,Gains In Performance
1994-01-15,7,Is It Over Yet,Wynonna,6,12,Gains In Performance
1994-01-15,8,State Of Mind,Clint Black,9,9,Gains In Performance
1994-01-15,9,I Swear,John Michael Montgomery,11,5,Gains In Performance
1994-01-15,10,The Song Remembers When,Trisha Yearwood,10,14,
1994-01-15,11,John Deere Green,Joe Diffie,12,10,Gains In Performance
1994-01-15,12,I Don't Call Him Daddy,Doug Supernaw,8,16,
1994-01-15,13,She'd Give Anything,Boy Howdy,14,11,Gains In Performance
1994-01-15,14,Somebody New,Billy Ray Cyrus,13,13,
1994-01-15,15,A Little Less Talk And A Lot More Action,Toby Keith,15,10,Gains In Performance
1994-01-15,16,You Will,Patty Loveless,16,9,Gains In Performance
1994-01-15,17,I'd Like To Have That One Back,George Strait,20,7,Gains In Performance
1994-01-15,18,The Call Of The Wild,Aaron Tippin,17,13,
1994-01-15,19,We Just Disagree,Billy Dean,18,10,
1994-01-15,20,Hey Cinderella,Suzy Bogguss,22,7,Gains In Performance
1994-01-15,21,Rock My World (Little Country Girl),Brooks & Dunn,21,6,Gains In Performance
1994-01-15,22,I Just Wanted You To Know,Mark Chesnutt,23,6,Gains In Performance
1994-01-15,23,Soon,Tanya Tucker,19,15,
1994-01-15,24,High Tech Redneck,George Jones,24,10,Gains In Performance
1994-01-15,25,I've Got It Made,John Anderson,26,6,Gains In Performance
1994-01-15,26,That's My Story,Collin Raye,27,6,Gains In Performance
1994-01-15,27,T.L.C. A.S.A.P.,Alabama,28,5,Gains In Performance
1994-01-15,28,Drivin' And Cryin',Steve Wariner,25,10,Gains In Performance
1994-01-15,29,Almost Goodbye,Mark Chesnutt,32,20,Gains In Performance
1994-01-15,30,They Asked About You,Reba McEntire,30,5,Gains In Performance
1994-01-15,31,He Thinks He'll Keep Her,Mary Chapin Carpenter,29,5,Gains In Performance
1994-01-15,32,Sawmill Road,Diamond Rio,31,8,Gains In Performance
1994-01-15,33,Reckless,Alabama,35,19,Gains In Performance
1994-01-15,34,She Used To Be Mine,Brooks & Dunn,42,20,Gains In Performance
1994-01-15,35,No Doubt About It,Neal McCoy,41,5,Gains In Performance
1994-01-15,36,Were You Really Livin',Brother Phelps,33,10,Gains In Performance
1994-01-15,37,Goodbye Says It All,BlackHawk,34,9,Gains In Performance
1994-01-15,38,American Honky-Tonk Bar Association,Garth Brooks,39,19,Gains In Performance
1994-01-15,39,No More Cryin',McBride & The Ride,38,8,Gains In Performance
1994-01-15,40,She Never Cried,Confederate Railroad,47,6,Gains In Performance
1994-01-15,41,My Second Home,Tracy Lawrence,44,20,
1994-01-15,42,Queen Of My Double Wide Trailer,Sammy Kershaw,36,20,
1994-01-15,43,Mercury Blues,Alan Jackson,45,18,Gains In Performance
1994-01-15,44,Why Don't That Telephone Ring,Tracy Byrd,40,12,
1994-01-15,45,Confessin' My Love,Shawn Camp,49,9,Gains In Performance
1994-01-15,46,If It Wasn't For Her I Wouldn't Have You,Daron Norwood,50,8,
1994-01-15,47,Someplace Far Away (Careful What You're Dreaming),Hal Ketchum,37,15,
1994-01-15,48,Worth Every Mile,Travis Tritt,43,12,
1994-01-15,49,Kiss Me In The Car,John Berry,46,17,
1994-01-15,50,Tryin' To Get Over You,Vince Gill,63,2,Gains In Performance
1994-01-15,51,I Can't Tell You Why,Vince Gill,54,12,
1994-01-15,52,Take It Easy,Travis Tritt,59,12,Gains In Performance
1994-01-15,53,She Loves To Hear Me Rock,Turner Nichols,57,6,
1994-01-15,54,Life #9,Martina McBride,72,2,Gains In Performance
1994-01-15,55,I'm Holding My Own,Lee Roy Parnell,71,2,Gains In Performance
1994-01-15,56,Desperado,Clint Black,60,12,
1994-01-15,57,The Devil Comes Back To Georgia,Mark O'Connor,62,4,
1994-01-15,58,For Your Love,Chris LeDoux,65,4,
1994-01-15,59,Whatever It Takes,Kenny Chesney,66,5,
1994-01-15,60,Good Girls Go To Heaven,Charlie Floyd,68,3,
1994-01-22,1,Wild One,Faith Hill,1,15,Gains In Performance
1994-01-22,2,Live Until I Die,Clay Walker,3,13,Gains In Performance
1994-01-22,3,I Want To Be Loved Like That,Shenandoah,5,16,Gains In Performance
1994-01-22,4,I Never Knew Love,Doug Stone,2,14,Gains In Performance
1994-01-22,5,State Of Mind,Clint Black,8,10,Gains In Performance
1994-01-22,6,Is It Over Yet,Wynonna,7,13,Gains In Performance
1994-01-22,7,I Swear,John Michael Montgomery,9,6,Gains In Performance
1994-01-22,8,John Deere Green,Joe Diffie,11,11,Gains In Performance
1994-01-22,9,She'd Give Anything,Boy Howdy,13,12,Gains In Performance
1994-01-22,10,The Boys & Me,Sawyer Brown,6,15,
1994-01-22,11,Fast As You,Dwight Yoakam,4,19,
1994-01-22,12,A Little Less Talk And A Lot More Action,Toby Keith,15,11,Gains In Performance
1994-01-22,13,You Will,Patty Loveless,16,10,Gains In Performance
1994-01-22,14,I'd Like To Have That One Back,George Strait,17,8,Gains In Performance
1994-01-22,15,I Just Wanted You To Know,Mark Chesnutt,22,7,Gains In Performance
1994-01-22,16,Rock My World (Little Country Girl),Brooks & Dunn,21,7,Gains In Performance
1994-01-22,17,Hey Cinderella,Suzy Bogguss,20,8,Gains In Performance
1994-01-22,18,We Just Disagree,Billy Dean,19,11,Gains In Performance
1994-01-22,19,The Song Remembers When,Trisha Yearwood,10,15,
1994-01-22,20,The Call Of The Wild,Aaron Tippin,18,14,
1994-01-22,21,I Don't Call Him Daddy,Doug Supernaw,12,17,
1994-01-22,22,T.L.C. A.S.A.P.,Alabama,27,6,Gains In Performance
1994-01-22,23,I've Got It Made,John Anderson,25,7,Gains In Performance
1994-01-22,24,That's My Story,Collin Raye,26,7,Gains In Performance
1994-01-22,25,Drivin' And Cryin',Steve Wariner,28,11,Gains In Performance
1994-01-22,26,They Asked About You,Reba McEntire,30,6,Gains In Performance
1994-01-22,27,He Thinks He'll Keep Her,Mary Chapin Carpenter,31,6,Gains In Performance
1994-01-22,28,High Tech Redneck,George Jones,24,11,Gains In Performance
1994-01-22,29,Somebody New,Billy Ray Cyrus,14,14,
1994-01-22,30,Sawmill Road,Diamond Rio,32,9,Gains In Performance
1994-01-22,31,Goodbye Says It All,BlackHawk,37,10,Gains In Performance
1994-01-22,32,Were You Really Livin',Brother Phelps,36,11,Gains In Performance
1994-01-22,33,No Doubt About It,Neal McCoy,35,6,Gains In Performance
1994-01-22,34,No More Cryin',McBride & The Ride,39,9,Gains In Performance
1994-01-22,35,Soon,Tanya Tucker,23,16,
1994-01-22,36,Tryin' To Get Over You,Vince Gill,50,3,Gains In Performance
1994-01-22,37,She Never Cried,Confederate Railroad,40,7,Gains In Performance
1994-01-22,38,Reckless,Alabama,33,20,
1994-01-22,39,Confessin' My Love,Shawn Camp,45,10,Gains In Performance
1994-01-22,40,American Honky-Tonk Bar Association,Garth Brooks,38,20,
1994-01-22,41,If It Wasn't For Her I Wouldn't Have You,Daron Norwood,46,9,Gains In Performance
1994-01-22,42,Mercury Blues,Alan Jackson,43,19,
1994-01-22,43,Why Don't That Telephone Ring,Tracy Byrd,44,13,
1994-01-22,44,Life #9,Martina McBride,54,3,Gains In Performance
1994-01-22,45,I'm Holding My Own,Lee Roy Parnell,55,3,Gains In Performance
1994-01-22,46,Someplace Far Away (Careful What You're Dreaming),Hal Ketchum,47,16,
1994-01-22,47,Kiss Me In The Car,John Berry,49,18,
1994-01-22,48,Worth Every Mile,Travis Tritt,48,13,
1994-01-22,49,She Loves To Hear Me Rock,Turner Nichols,53,7,
1994-01-22,50,Take It Easy,Travis Tritt,52,13,
1994-01-22,51,Where Was I,Ricky Van Shelton,70,2,Gains In Performance
1994-01-22,52,My Love,Little Texas,72,2,Gains In Performance
1994-01-22,53,I Can't Tell You Why,Vince Gill,51,13,
1994-01-22,54,The Devil Comes Back To Georgia,Mark O'Connor,57,5,
1994-01-22,55,I Can't Reach Her Anymore,Sammy Kershaw,69,2,Gains In Performance
1994-01-22,56,Standing Outside The Fire,Garth Brooks,62,6,Gains In Performance
1994-01-22,57,Desperado,Clint Black,56,13,
1994-01-22,58,We Don't Have To Do This,Tanya Tucker,74,2,Gains In Performance
1994-01-22,59,For Your Love,Chris LeDoux,58,5,
1994-01-22,60,Good Girls Go To Heaven,Charlie Floyd,60,4,
1994-01-29,1,Live Until I Die,Clay Walker,2,14,Gains In Performance
1994-01-29,2,I Swear,John Michael Montgomery,7,7,Gains In Performance
1994-01-29,3,State Of Mind,Clint Black,5,11,Gains In Performance
1994-01-29,4,She'd Give Anything,Boy Howdy,9,13,Gains In Performance
1994-01-29,5,I Want To Be Loved Like That,Shenandoah,3,17,
1994-01-29,6,John Deere Green,Joe Diffie,8,12,Gains In Performance
1994-01-29,7,Wild One,Faith Hill,1,16,
1994-01-29,8,A Little Less Talk And A Lot More Action,Toby Keith,12,12,Gains In Performance
1994-01-29,9,Is It Over Yet,Wynonna,6,14,
1994-01-29,10,I Never Knew Love,Doug Stone,4,15,
1994-01-29,11,You Will,Patty Loveless,13,11,Gains In Performance
1994-01-29,12,I'd Like To Have That One Back,George Strait,14,9,Gains In Performance
1994-01-29,13,Rock My World (Little Country Girl),Brooks & Dunn,16,8,Gains In Performance
1994-01-29,14,I Just Wanted You To Know,Mark Chesnutt,15,8,Gains In Performance
1994-01-29,15,We Just Disagree,Billy Dean,18,12,Gains In Performance
1994-01-29,16,Hey Cinderella,Suzy Bogguss,17,9,Gains In Performance
1994-01-29,17,I've Got It Made,John Anderson,23,8,Gains In Performance
1994-01-29,18,That's My Story,Collin Raye,24,8,Gains In Performance
1994-01-29,19,T.L.C. A.S.A.P.,Alabama,22,7,Gains In Performance
1994-01-29,20,He Thinks He'll Keep Her,Mary Chapin Carpenter,27,7,Gains In Performance
1994-01-29,21,Fast As You,Dwight Yoakam,11,20,
1994-01-29,22,They Asked About You,Reba McEntire,26,7,Gains In Performance
1994-01-29,23,Sawmill Road,Diamond Rio,30,10,Gains In Performance
1994-01-29,24,Drivin' And Cryin',Steve Wariner,25,12,
1994-01-29,25,No Doubt About It,Neal McCoy,33,7,Gains In Performance
1994-01-29,26,The Boys & Me,Sawyer Brown,10,16,
1994-01-29,27,Goodbye Says It All,BlackHawk,31,11,Gains In Performance
1994-01-29,28,Tryin' To Get Over You,Vince Gill,36,4,Gains In Performance
1994-01-29,29,High Tech Redneck,George Jones,28,12,
1994-01-29,30,Were You Really Livin',Brother Phelps,32,12,Gains In Performance
1994-01-29,31,The Song Remembers When,Trisha Yearwood,19,16,
1994-01-29,32,I Don't Call Him Daddy,Doug Supernaw,21,18,
1994-01-29,33,No More Cryin',McBride & The Ride,34,10,Gains In Performance
1994-01-29,34,She Never Cried,Confederate Railroad,37,8,Gains In Performance
1994-01-29,35,The Call Of The Wild,Aaron Tippin,20,15,
1994-01-29,36,Life #9,Martina McBride,44,4,Gains In Performance
1994-01-29,37,Standing Outside The Fire,Garth Brooks,56,7,Gains In Performance
1994-01-29,38,Somebody New,Billy Ray Cyrus,29,15,
1994-01-29,39,Soon,Tanya Tucker,35,17,
1994-01-29,40,I'm Holding My Own,Lee Roy Parnell,45,4,Gains In Performance
1994-01-29,41,Confessin' My Love,Shawn Camp,39,11,
1994-01-29,42,If It Wasn't For Her I Wouldn't Have You,Daron Norwood,41,10,Gains In Performance
1994-01-29,43,(Who Says) You Can't Have It All,Alan Jackson,NEW,1,Highest ranking debut|Gains In Performance
1994-01-29,44,My Love,Little Texas,52,3,Gains In Performance
1994-01-29,45,Mercury Blues,Alan Jackson,42,20,
1994-01-29,46,We Don't Have To Do This,Tanya Tucker,58,3,Gains In Performance
1994-01-29,47,Take It Easy,Travis Tritt,50,14,Gains In Performance
1994-01-29,48,Where Was I,Ricky Van Shelton,51,3,Gains In Performance
1994-01-29,49,I Can't Reach Her Anymore,Sammy Kershaw,55,3,Gains In Performance
1994-01-29,50,She Loves To Hear Me Rock,Turner Nichols,49,8,
1994-01-29,51,For Your Love,Chris LeDoux,59,6,Gains In Performance
1994-01-29,52,Stone Cold Country,Gibson/Miller Band,64,2,Gains In Performance
1994-01-29,53,Kiss Me In The Car,John Berry,47,19,
1994-01-29,54,I Can't Tell You Why,Vince Gill,53,14,
1994-01-29,55,The Devil Comes Back To Georgia,Mark O'Connor,54,6,
1994-01-29,56,"Kiss Me, I'm Gone",Marty Stuart,68,2,Gains In Performance
1994-01-29,57,Someplace Far Away (Careful What You're Dreaming),Hal Ketchum,46,17,
1994-01-29,58,Good Girls Go To Heaven,Charlie Floyd,60,5,Gains In Performance
1994-01-29,59,What A Crying Shame,The Mavericks,62,5,Gains In Performance
1994-01-29,60,Indian Outlaw,Tim McGraw,74,2,Gains In Performance
1994-02-05,1,I Swear,John Michael Montgomery,2,8,Gains In Performance
1994-02-05,2,State Of Mind,Clint Black,3,12,Gains In Performance
1994-02-05,3,Live Until I Die,Clay Walker,1,15,
1994-02-05,4,She'd Give Anything,Boy Howdy,4,14,Gains In Performance
1994-02-05,5,John Deere Green,Joe Diffie,6,13,Gains In Performance
1994-02-05,6,A Little Less Talk And A Lot More Action,Toby Keith,8,13,Gains In Performance
1994-02-05,7,You Will,Patty Loveless,11,12,Gains In Performance
1994-02-05,8,I'd Like To Have That One Back,George Strait,12,10,Gains In Performance
1994-02-05,9,I Just Wanted You To Know,Mark Chesnutt,14,9,Gains In Performance
1994-02-05,10,We Just Disagree,Billy Dean,15,13,Gains In Performance
1994-02-05,11,Rock My World (Little Country Girl),Brooks & Dunn,13,9,Gains In Performance
1994-02-05,12,Hey Cinderella,Suzy Bogguss,16,10,Gains In Performance
1994-02-05,13,I Want To Be Loved Like That,Shenandoah,5,18,
1994-02-05,14,I've Got It Made,John Anderson,17,9,Gains In Performance
1994-02-05,15,Wild One,Faith Hill,7,17,
1994-02-05,16,T.L.C. A.S.A.P.,Alabama,19,8,Gains In Performance
1994-02-05,17,That's My Story,Collin Raye,18,9,Gains In Performance
1994-02-05,18,He Thinks He'll Keep Her,Mary Chapin Carpenter,20,8,Gains In Performance
1994-02-05,19,They Asked About You,Reba McEntire,22,8,Gains In Performance
1994-02-05,20,Tryin' To Get Over You,Vince Gill,28,5,Gains In Performance
1994-02-05,21,I Never Knew Love,Doug Stone,10,16,
1994-02-05,22,Is It Over Yet,Wynonna,9,15,
1994-02-05,23,No Doubt About It,Neal McCoy,25,8,Gains In Performance
1994-02-05,24,Sawmill Road,Diamond Rio,23,11,Gains In Performance
1994-02-05,25,Goodbye Says It All,BlackHawk,27,12,Gains In Performance
1994-02-05,26,Standing Outside The Fire,Garth Brooks,37,8,Gains In Performance
1994-02-05,27,Drivin' And Cryin',Steve Wariner,24,13,
1994-02-05,28,Were You Really Livin',Brother Phelps,30,13,
1994-02-05,29,No More Cryin',McBride & The Ride,33,11,Gains In Performance
1994-02-05,30,She Never Cried,Confederate Railroad,34,9,Gains In Performance
1994-02-05,31,High Tech Redneck,George Jones,29,13,
1994-02-05,32,Life #9,Martina McBride,36,5,Gains In Performance
1994-02-05,33,(Who Says) You Can't Have It All,Alan Jackson,43,2,Gains In Performance
1994-02-05,34,The Boys & Me,Sawyer Brown,26,17,
1994-02-05,35,The Song Remembers When,Trisha Yearwood,31,17,
1994-02-05,36,I'm Holding My Own,Lee Roy Parnell,40,5,Gains In Performance
1994-02-05,37,I Don't Call Him Daddy,Doug Supernaw,32,19,
1994-02-05,38,My Love,Little Texas,44,4,Gains In Performance
1994-02-05,39,If It Wasn't For Her I Wouldn't Have You,Daron Norwood,42,11,Gains In Performance
1994-02-05,40,Take It Easy,Travis Tritt,47,15,Gains In Performance
1994-02-05,41,Confessin' My Love,Shawn Camp,41,12,Gains In Performance
1994-02-05,42,We Don't Have To Do This,Tanya Tucker,46,4,Gains In Performance
1994-02-05,43,Soon,Tanya Tucker,39,18,
1994-02-05,44,I Can't Reach Her Anymore,Sammy Kershaw,49,4,Gains In Performance
1994-02-05,45,Where Was I,Ricky Van Shelton,48,4,Gains In Performance
1994-02-05,46,Somebody New,Billy Ray Cyrus,38,16,
1994-02-05,47,Stone Cold Country,Gibson/Miller Band,52,3,Gains In Performance
1994-02-05,48,"Kiss Me, I'm Gone",Marty Stuart,56,3,Gains In Performance
1994-02-05,49,The Call Of The Wild,Aaron Tippin,35,16,
1994-02-05,50,For Your Love,Chris LeDoux,51,7,Gains In Performance
1994-02-05,51,Indian Outlaw,Tim McGraw,60,3,Gains In Performance
1994-02-05,52,She Loves To Hear Me Rock,Turner Nichols,50,9,
1994-02-05,53,What A Crying Shame,The Mavericks,59,6,Gains In Performance
1994-02-05,54,Words By Heart,Billy Ray Cyrus,68,2,Gains In Performance
1994-02-05,55,The Devil Comes Back To Georgia,Mark O'Connor,55,7,
1994-02-05,56,Kiss Me In The Car,John Berry,53,20,
1994-02-05,57,I Can't Tell You Why,Vince Gill,54,15,
1994-02-05,58,Someplace Far Away (Careful What You're Dreaming),Hal Ketchum,57,18,
1994-02-05,59,Good Girls Go To Heaven,Charlie Floyd,58,6,
1994-02-05,60,I Love You 'Cause I Want To,Carlene Carter,NEW,1,Highest ranking debut|Gains In Performance
1994-02-12,1,I Swear,John Michael Montgomery,1,9,Gains In Performance
1994-02-12,2,State Of Mind,Clint Black,2,13,
1994-02-12,3,A Little Less Talk And A Lot More Action,Toby Keith,6,14,Gains In Performance
1994-02-12,4,She'd Give Anything,Boy Howdy,4,15,
1994-02-12,5,John Deere Green,Joe Diffie,5,14,
1994-02-12,6,I'd Like To Have That One Back,George Strait,8,11,Gains In Performance
1994-02-12,7,You Will,Patty Loveless,7,13,Gains In Performance
1994-02-12,8,I Just Wanted You To Know,Mark Chesnutt,9,10,Gains In Performance
1994-02-12,9,We Just Disagree,Billy Dean,10,14,Gains In Performance
1994-02-12,10,Hey Cinderella,Suzy Bogguss,12,11,Gains In Performance
1994-02-12,11,Rock My World (Little Country Girl),Brooks & Dunn,11,10,Gains In Performance
1994-02-12,12,Live Until I Die,Clay Walker,3,16,
1994-02-12,13,I've Got It Made,John Anderson,14,10,Gains In Performance
1994-02-12,14,T.L.C. A.S.A.P.,Alabama,16,9,Gains In Performance
1994-02-12,15,He Thinks He'll Keep Her,Mary Chapin Carpenter,18,9,Gains In Performance
1994-02-12,16,Tryin' To Get Over You,Vince Gill,20,6,Gains In Performance
1994-02-12,17,That's My Story,Collin Raye,17,10,Gains In Performance
1994-02-12,18,Standing Outside The Fire,Garth Brooks,26,9,Gains In Performance
1994-02-12,19,No Doubt About It,Neal McCoy,23,9,Gains In Performance
1994-02-12,20,They Asked About You,Reba McEntire,19,9,Gains In Performance
1994-02-12,21,Sawmill Road,Diamond Rio,24,12,Gains In Performance
1994-02-12,22,Goodbye Says It All,BlackHawk,25,13,Gains In Performance
1994-02-12,23,I Want To Be Loved Like That,Shenandoah,13,19,
1994-02-12,24,Wild One,Faith Hill,15,18,
1994-02-12,25,I Never Knew Love,Doug Stone,21,17,
1994-02-12,26,Life #9,Martina McBride,32,6,Gains In Performance
1994-02-12,27,(Who Says) You Can't Have It All,Alan Jackson,33,3,Gains In Performance
1994-02-12,28,She Never Cried,Confederate Railroad,30,10,Gains In Performance
1994-02-12,29,No More Cryin',McBride & The Ride,29,12,Gains In Performance
1994-02-12,30,I'm Holding My Own,Lee Roy Parnell,36,6,Gains In Performance
1994-02-12,31,My Love,Little Texas,38,5,Gains In Performance
1994-02-12,32,Is It Over Yet,Wynonna,22,16,
1994-02-12,33,Take It Easy,Travis Tritt,40,16,Gains In Performance
1994-02-12,34,If It Wasn't For Her I Wouldn't Have You,Daron Norwood,39,12,Gains In Performance
1994-02-12,35,The Boys & Me,Sawyer Brown,34,18,
1994-02-12,36,We Don't Have To Do This,Tanya Tucker,42,5,Gains In Performance
1994-02-12,37,I Can't Reach Her Anymore,Sammy Kershaw,44,5,Gains In Performance
1994-02-12,38,The Song Remembers When,Trisha Yearwood,35,18,
1994-02-12,39,I Don't Call Him Daddy,Doug Supernaw,37,20,
1994-02-12,40,Were You Really Livin',Brother Phelps,28,14,
1994-02-12,41,Drivin' And Cryin',Steve Wariner,27,14,
1994-02-12,42,Where Was I,Ricky Van Shelton,45,5,Gains In Performance
1994-02-12,43,Words By Heart,Billy Ray Cyrus,54,3,Gains In Performance
1994-02-12,44,Soon,Tanya Tucker,43,19,
1994-02-12,45,"Kiss Me, I'm Gone",Marty Stuart,48,4,Gains In Performance
1994-02-12,46,High Tech Redneck,George Jones,31,14,
1994-02-12,47,Indian Outlaw,Tim McGraw,51,4,Gains In Performance
1994-02-12,48,Stone Cold Country,Gibson/Miller Band,47,4,Gains In Performance
1994-02-12,49,Confessin' My Love,Shawn Camp,41,13,
1994-02-12,50,If The Good Die Young,Tracy Lawrence,64,2,Gains In Performance
1994-02-12,51,Somebody New,Billy Ray Cyrus,46,17,
1994-02-12,52,For Your Love,Chris LeDoux,50,8,Gains In Performance
1994-02-12,53,What A Crying Shame,The Mavericks,53,7,Gains In Performance
1994-02-12,54,Better Your Heart Than Mine,Trisha Yearwood,65,2,Gains In Performance
1994-02-12,55,Red And Rio Grande,Doug Supernaw,61,2,Gains In Performance
1994-02-12,56,I Love You 'Cause I Want To,Carlene Carter,60,2,Gains In Performance
1994-02-12,57,The Call Of The Wild,Aaron Tippin,49,17,
1994-02-12,58,Piece Of My Heart,Faith Hill,NEW,1,Highest ranking debut|Gains In Performance
1994-02-12,59,The Devil Comes Back To Georgia,Mark O'Connor,55,8,
1994-02-12,60,She Loves To Hear Me Rock,Turner Nichols,52,10,
1994-02-19,1,I Swear,John Michael Montgomery,1,10,
1994-02-19,2,A Little Less Talk And A Lot More Action,Toby Keith,3,15,Gains In Performance
1994-02-19,3,I Just Wanted You To Know,Mark Chesnutt,8,11,Gains In Performance
1994-02-19,4,I'd Like To Have That One Back,George Strait,6,12,Gains In Performance
1994-02-19,5,She'd Give Anything,Boy Howdy,4,16,
1994-02-19,6,You Will,Patty Loveless,7,14,Gains In Performance
1994-02-19,7,Hey Cinderella,Suzy Bogguss,10,12,Gains In Performance
1994-02-19,8,Rock My World (Little Country Girl),Brooks & Dunn,11,11,Gains In Performance
1994-02-19,9,John Deere Green,Joe Diffie,5,15,
1994-02-19,10,We Just Disagree,Billy Dean,9,15,Gains In Performance
1994-02-19,11,I've Got It Made,John Anderson,13,11,Gains In Performance
1994-02-19,12,State Of Mind,Clint Black,2,14,
1994-02-19,13,Tryin' To Get Over You,Vince Gill,16,7,Gains In Performance
1994-02-19,14,T.L.C. A.S.A.P.,Alabama,14,10,Gains In Performance
1994-02-19,15,He Thinks He'll Keep Her,Mary Chapin Carpenter,15,10,Gains In Performance
1994-02-19,16,That's My Story,Collin Raye,17,11,Gains In Performance
1994-02-19,17,Standing Outside The Fire,Garth Brooks,18,10,Gains In Performance
1994-02-19,18,They Asked About You,Reba McEntire,20,10,Gains In Performance
1994-02-19,19,No Doubt About It,Neal McCoy,19,10,Gains In Performance
1994-02-19,20,Goodbye Says It All,BlackHawk,22,14,Gains In Performance
1994-02-19,21,Live Until I Die,Clay Walker,12,17,
1994-02-19,22,(Who Says) You Can't Have It All,Alan Jackson,27,4,Gains In Performance
1994-02-19,23,Life #9,Martina McBride,26,7,Gains In Performance
1994-02-19,24,Sawmill Road,Diamond Rio,21,13,
1994-02-19,25,My Love,Little Texas,31,6,Gains In Performance
1994-02-19,26,No More Cryin',McBride & The Ride,29,13,Gains In Performance
1994-02-19,27,She Never Cried,Confederate Railroad,28,11,Gains In Performance
1994-02-19,28,I'm Holding My Own,Lee Roy Parnell,30,7,Gains In Performance
1994-02-19,29,Take It Easy,Travis Tritt,33,17,Gains In Performance
1994-02-19,30,Wild One,Faith Hill,24,19,
1994-02-19,31,I Want To Be Loved Like That,Shenandoah,23,20,
1994-02-19,32,I Never Knew Love,Doug Stone,25,18,
1994-02-19,33,If It Wasn't For Her I Wouldn't Have You,Daron Norwood,34,13,Gains In Performance
1994-02-19,34,We Don't Have To Do This,Tanya Tucker,36,6,Gains In Performance
1994-02-19,35,I Can't Reach Her Anymore,Sammy Kershaw,37,6,Gains In Performance
1994-02-19,36,Words By Heart,Billy Ray Cyrus,43,4,Gains In Performance
1994-02-19,37,If The Good Die Young,Tracy Lawrence,50,3,Gains In Performance
1994-02-19,38,Indian Outlaw,Tim McGraw,47,5,Gains In Performance
1994-02-19,39,The Boys & Me,Sawyer Brown,35,19,
1994-02-19,40,Where Was I,Ricky Van Shelton,42,6,Gains In Performance
1994-02-19,41,The Song Remembers When,Trisha Yearwood,38,19,
1994-02-19,42,Is It Over Yet,Wynonna,32,17,
1994-02-19,43,"Kiss Me, I'm Gone",Marty Stuart,45,5,Gains In Performance
1994-02-19,44,Stone Cold Country,Gibson/Miller Band,48,5,Gains In Performance
1994-02-19,45,Better Your Heart Than Mine,Trisha Yearwood,54,3,Gains In Performance
1994-02-19,46,Soon,Tanya Tucker,44,20,
1994-02-19,47,Piece Of My Heart,Faith Hill,58,2,Gains In Performance
1994-02-19,48,Red And Rio Grande,Doug Supernaw,55,3,Gains In Performance
1994-02-19,49,What A Crying Shame,The Mavericks,53,8,Gains In Performance
1994-02-19,50,For Your Love,Chris LeDoux,52,9,Gains In Performance
1994-02-19,51,I Love You 'Cause I Want To,Carlene Carter,56,3,Gains In Performance
1994-02-19,52,Somebody New,Billy Ray Cyrus,51,18,
1994-02-19,53,Were You Really Livin',Brother Phelps,40,15,
1994-02-19,54,High Tech Redneck,George Jones,46,15,
1994-02-19,55,Confessin' My Love,Shawn Camp,49,14,
1994-02-19,56,Drivin' And Cryin',Steve Wariner,41,15,
1994-02-19,57,Honky Tonk Superman,Aaron Tippin,63,2,Gains In Performance
1994-02-19,58,Your Love Amazes Me,John Berry,67,2,Gains In Performance
1994-02-19,59,Honky Tonk Crowd,Rick Trevino,68,2,Gains In Performance
1994-02-19,60,If Bubba Can Dance (I Can Too),Shenandoah,74,2,Gains In Performance
1994-02-26,1,I Swear,John Michael Montgomery,1,11,
1994-02-26,2,I Just Wanted You To Know,Mark Chesnutt,3,12,Gains In Performance
1994-02-26,3,I'd Like To Have That One Back,George Strait,4,13,
1994-02-26,4,Rock My World (Little Country Girl),Brooks & Dunn,8,12,Gains In Performance
1994-02-26,5,Hey Cinderella,Suzy Bogguss,7,13,Gains In Performance
1994-02-26,6,A Little Less Talk And A Lot More Action,Toby Keith,2,16,
1994-02-26,7,I've Got It Made,John Anderson,11,12,Gains In Performance
1994-02-26,8,Tryin' To Get Over You,Vince Gill,13,8,Gains In Performance
1994-02-26,9,T.L.C. A.S.A.P.,Alabama,14,11,Gains In Performance
1994-02-26,10,He Thinks He'll Keep Her,Mary Chapin Carpenter,15,11,Gains In Performance
1994-02-26,11,You Will,Patty Loveless,6,15,
1994-02-26,12,We Just Disagree,Billy Dean,10,16,
1994-02-26,13,No Doubt About It,Neal McCoy,19,11,Gains In Performance
1994-02-26,14,Standing Outside The Fire,Garth Brooks,17,11,Gains In Performance
1994-02-26,15,They Asked About You,Reba McEntire,18,11,Gains In Performance
1994-02-26,16,That's My Story,Collin Raye,16,12,
1994-02-26,17,Goodbye Says It All,BlackHawk,20,15,Gains In Performance
1994-02-26,18,She'd Give Anything,Boy Howdy,5,17,
1994-02-26,19,Life #9,Martina McBride,23,8,Gains In Performance
1994-02-26,20,My Love,Little Texas,25,7,Gains In Performance
1994-02-26,21,(Who Says) You Can't Have It All,Alan Jackson,22,5,Gains In Performance
1994-02-26,22,John Deere Green,Joe Diffie,9,16,
1994-02-26,23,State Of Mind,Clint Black,12,15,
1994-02-26,24,I'm Holding My Own,Lee Roy Parnell,28,8,Gains In Performance
1994-02-26,25,Take It Easy,Travis Tritt,29,18,Gains In Performance
1994-02-26,26,Live Until I Die,Clay Walker,21,18,
1994-02-26,27,We Don't Have To Do This,Tanya Tucker,34,7,Gains In Performance
1994-02-26,28,She Never Cried,Confederate Railroad,27,12,
1994-02-26,29,If It Wasn't For Her I Wouldn't Have You,Daron Norwood,33,14,Gains In Performance
1994-02-26,30,Indian Outlaw,Tim McGraw,38,6,Gains In Performance
1994-02-26,31,No More Cryin',McBride & The Ride,26,14,
1994-02-26,32,If The Good Die Young,Tracy Lawrence,37,4,Gains In Performance
1994-02-26,33,I Can't Reach Her Anymore,Sammy Kershaw,35,7,Gains In Performance
1994-02-26,34,Words By Heart,Billy Ray Cyrus,36,5,Gains In Performance
1994-02-26,35,Wild One,Faith Hill,30,20,
1994-02-26,36,I Never Knew Love,Doug Stone,32,19,
1994-02-26,37,Where Was I,Ricky Van Shelton,40,7,Gains In Performance
1994-02-26,38,Piece Of My Heart,Faith Hill,47,3,Gains In Performance
1994-02-26,39,Rock Bottom,Wynonna,61,2,Gains In Performance
1994-02-26,40,Better Your Heart Than Mine,Trisha Yearwood,45,4,Gains In Performance
1994-02-26,41,"Kiss Me, I'm Gone",Marty Stuart,43,6,Gains In Performance
1994-02-26,42,The Boys & Me,Sawyer Brown,39,20,
1994-02-26,43,Stone Cold Country,Gibson/Miller Band,44,6,Gains In Performance
1994-02-26,44,The Song Remembers When,Trisha Yearwood,41,20,
1994-02-26,45,Red And Rio Grande,Doug Supernaw,48,4,Gains In Performance
1994-02-26,46,Is It Over Yet,Wynonna,42,18,
1994-02-26,47,Sawmill Road,Diamond Rio,24,14,
1994-02-26,48,What A Crying Shame,The Mavericks,49,9,Gains In Performance
1994-02-26,49,If Bubba Can Dance (I Can Too),Shenandoah,60,3,Gains In Performance
1994-02-26,50,I Love You 'Cause I Want To,Carlene Carter,51,4,Gains In Performance
1994-02-26,51,For Your Love,Chris LeDoux,50,10,
1994-02-26,52,Your Love Amazes Me,John Berry,58,3,Gains In Performance
1994-02-26,53,Honky Tonk Superman,Aaron Tippin,57,3,Gains In Performance
1994-02-26,54,Somebody New,Billy Ray Cyrus,52,19,
1994-02-26,55,Honky Tonk Crowd,Rick Trevino,59,3,Gains In Performance
1994-02-26,56,Addicted To A Dollar,Doug Stone,NEW,1,Highest ranking debut|Gains In Performance
1994-02-26,57,Try Not To Look So Pretty,Dwight Yoakam,74,2,Gains In Performance
1994-02-26,58,Somewhere In Between,Dude Mowrey,63,3,Gains In Performance
1994-02-26,59,Outskirts Of Town,Sawyer Brown,70,2,Gains In Performance
1994-02-26,60,High Tech Redneck,George Jones,54,16,
1994-03-05,1,I Just Wanted You To Know,Mark Chesnutt,2,13,Gains In Performance
1994-03-05,2,Rock My World (Little Country Girl),Brooks & Dunn,4,13,Gains In Performance
1994-03-05,3,Tryin' To Get Over You,Vince Gill,8,9,Gains In Performance
1994-03-05,4,I've Got It Made,John Anderson,7,13,Gains In Performance
1994-03-05,5,Hey Cinderella,Suzy Bogguss,5,14,Gains In Performance
1994-03-05,6,No Doubt About It,Neal McCoy,13,12,Gains In Performance
1994-03-05,7,He Thinks He'll Keep Her,Mary Chapin Carpenter,10,12,Gains In Performance
1994-03-05,8,T.L.C. A.S.A.P.,Alabama,9,12,Gains In Performance
1994-03-05,9,I Swear,John Michael Montgomery,1,12,
1994-03-05,10,They Asked About You,Reba McEntire,15,12,Gains In Performance
1994-03-05,11,That's My Story,Collin Raye,16,13,Gains In Performance
1994-03-05,12,Standing Outside The Fire,Garth Brooks,14,12,Gains In Performance
1994-03-05,13,Goodbye Says It All,BlackHawk,17,16,Gains In Performance
1994-03-05,14,My Love,Little Texas,20,8,Gains In Performance
1994-03-05,15,I'd Like To Have That One Back,George Strait,3,14,
1994-03-05,16,Life #9,Martina McBride,19,9,Gains In Performance
1994-03-05,17,(Who Says) You Can't Have It All,Alan Jackson,21,6,Gains In Performance
1994-03-05,18,Indian Outlaw,Tim McGraw,30,7,Gains In Performance
1994-03-05,19,A Little Less Talk And A Lot More Action,Toby Keith,6,17,
1994-03-05,20,I'm Holding My Own,Lee Roy Parnell,24,9,Gains In Performance
1994-03-05,21,If The Good Die Young,Tracy Lawrence,32,5,Gains In Performance
1994-03-05,22,Take It Easy,Travis Tritt,25,19,Gains In Performance
1994-03-05,23,Words By Heart,Billy Ray Cyrus,34,6,Gains In Performance
1994-03-05,24,We Don't Have To Do This,Tanya Tucker,27,8,Gains In Performance
1994-03-05,25,I Can't Reach Her Anymore,Sammy Kershaw,33,8,Gains In Performance
1994-03-05,26,She'd Give Anything,Boy Howdy,18,18,
1994-03-05,27,We Just Disagree,Billy Dean,12,17,
1994-03-05,28,If It Wasn't For Her I Wouldn't Have You,Daron Norwood,29,15,Gains In Performance
1994-03-05,29,You Will,Patty Loveless,11,16,
1994-03-05,30,Rock Bottom,Wynonna,39,3,Gains In Performance
1994-03-05,31,State Of Mind,Clint Black,23,16,
1994-03-05,32,Where Was I,Ricky Van Shelton,37,8,Gains In Performance
1994-03-05,33,Live Until I Die,Clay Walker,26,19,
1994-03-05,34,Piece Of My Heart,Faith Hill,38,4,Gains In Performance
1994-03-05,35,John Deere Green,Joe Diffie,22,17,
1994-03-05,36,She Never Cried,Confederate Railroad,28,13,
1994-03-05,37,Better Your Heart Than Mine,Trisha Yearwood,40,5,Gains In Performance
1994-03-05,38,If Bubba Can Dance (I Can Too),Shenandoah,49,4,Gains In Performance
1994-03-05,39,I Never Knew Love,Doug Stone,36,20,
1994-03-05,40,"Kiss Me, I'm Gone",Marty Stuart,41,7,Gains In Performance
1994-03-05,41,Red And Rio Grande,Doug Supernaw,45,5,Gains In Performance
1994-03-05,42,No More Cryin',McBride & The Ride,31,15,
1994-03-05,43,Stone Cold Country,Gibson/Miller Band,43,7,Gains In Performance
1994-03-05,44,What A Crying Shame,The Mavericks,48,10,Gains In Performance
1994-03-05,45,Addicted To A Dollar,Doug Stone,56,2,Gains In Performance
1994-03-05,46,Your Love Amazes Me,John Berry,52,4,Gains In Performance
1994-03-05,47,Is It Over Yet,Wynonna,46,19,
1994-03-05,48,Try Not To Look So Pretty,Dwight Yoakam,57,3,Gains In Performance
1994-03-05,49,Honky Tonk Superman,Aaron Tippin,53,4,Gains In Performance
1994-03-05,50,I Love You 'Cause I Want To,Carlene Carter,50,5,Gains In Performance
1994-03-05,51,Where Do I Fit In The Picture,Clay Walker,64,2,Gains In Performance
1994-03-05,52,Honky Tonk Crowd,Rick Trevino,55,4,Gains In Performance
1994-03-05,53,Outskirts Of Town,Sawyer Brown,59,3,Gains In Performance
1994-03-05,54,A Good Run Of Bad Luck,Clint Black,NEW,1,Highest ranking debut|Gains In Performance
1994-03-05,55,Somebody New,Billy Ray Cyrus,54,20,
1994-03-05,56,For Your Love,Chris LeDoux,51,11,
1994-03-05,57,Sawmill Road,Diamond Rio,47,15,
1994-03-05,58,Company Time,Linda Davis,70,2,Gains In Performance
1994-03-05,59,Somewhere In Between,Dude Mowrey,58,4,Gains In Performance
1994-03-05,60,In My Next Life,Merle Haggard,62,6,Gains In Performance
1994-03-12,1,Tryin' To Get Over You,Vince Gill,3,10,Gains In Performance
1994-03-12,2,Rock My World (Little Country Girl),Brooks & Dunn,2,14,Gains In Performance
1994-03-12,3,No Doubt About It,Neal McCoy,6,13,Gains In Performance
1994-03-12,4,I've Got It Made,John Anderson,4,14,Gains In Performance
1994-03-12,5,He Thinks He'll Keep Her,Mary Chapin Carpenter,7,13,Gains In Performance
1994-03-12,6,I Just Wanted You To Know,Mark Chesnutt,1,14,
1994-03-12,7,T.L.C. A.S.A.P.,Alabama,8,13,Gains In Performance
1994-03-12,8,They Asked About You,Reba McEntire,10,13,Gains In Performance
1994-03-12,9,Hey Cinderella,Suzy Bogguss,5,15,
1994-03-12,10,That's My Story,Collin Raye,11,14,Gains In Performance
1994-03-12,11,Goodbye Says It All,BlackHawk,13,17,Gains In Performance
1994-03-12,12,Standing Outside The Fire,Garth Brooks,12,13,Gains In Performance
1994-03-12,13,My Love,Little Texas,14,9,Gains In Performance
1994-03-12,14,(Who Says) You Can't Have It All,Alan Jackson,17,7,Gains In Performance
1994-03-12,15,Indian Outlaw,Tim McGraw,18,8,Gains In Performance
1994-03-12,16,I Swear,John Michael Montgomery,9,13,
1994-03-12,17,Life #9,Martina McBride,16,10,Gains In Performance
1994-03-12,18,I'm Holding My Own,Lee Roy Parnell,20,10,Gains In Performance
1994-03-12,19,If The Good Die Young,Tracy Lawrence,21,6,Gains In Performance
1994-03-12,20,Rock Bottom,Wynonna,30,4,Gains In Performance
1994-03-12,21,Take It Easy,Travis Tritt,22,20,Gains In Performance
1994-03-12,22,Words By Heart,Billy Ray Cyrus,23,7,Gains In Performance
1994-03-12,23,I Can't Reach Her Anymore,Sammy Kershaw,25,9,Gains In Performance
1994-03-12,24,We Don't Have To Do This,Tanya Tucker,24,9,Gains In Performance
1994-03-12,25,I'd Like To Have That One Back,George Strait,15,15,
1994-03-12,26,If It Wasn't For Her I Wouldn't Have You,Daron Norwood,28,16,Gains In Performance
1994-03-12,27,Where Was I,Ricky Van Shelton,32,9,Gains In Performance
1994-03-12,28,Piece Of My Heart,Faith Hill,34,5,Gains In Performance
1994-03-12,29,A Little Less Talk And A Lot More Action,Toby Keith,19,18,
1994-03-12,30,Better Your Heart Than Mine,Trisha Yearwood,37,6,Gains In Performance
1994-03-12,31,State Of Mind,Clint Black,31,17,
1994-03-12,32,She'd Give Anything,Boy Howdy,26,19,
1994-03-12,33,If Bubba Can Dance (I Can Too),Shenandoah,38,5,Gains In Performance
1994-03-12,34,Live Until I Die,Clay Walker,33,20,
1994-03-12,35,Red And Rio Grande,Doug Supernaw,41,6,Gains In Performance
1994-03-12,36,John Deere Green,Joe Diffie,35,18,
1994-03-12,37,Addicted To A Dollar,Doug Stone,45,3,Gains In Performance
1994-03-12,38,"Kiss Me, I'm Gone",Marty Stuart,40,8,Gains In Performance
1994-03-12,39,We Just Disagree,Billy Dean,27,18,
1994-03-12,40,Stone Cold Country,Gibson/Miller Band,43,8,Gains In Performance
1994-03-12,41,You Will,Patty Loveless,29,17,
1994-03-12,42,What A Crying Shame,The Mavericks,44,11,Gains In Performance
1994-03-12,43,A Good Run Of Bad Luck,Clint Black,54,2,Gains In Performance
1994-03-12,44,Your Love Amazes Me,John Berry,46,5,Gains In Performance
1994-03-12,45,Try Not To Look So Pretty,Dwight Yoakam,48,4,Gains In Performance
1994-03-12,46,Where Do I Fit In The Picture,Clay Walker,51,3,Gains In Performance
1994-03-12,47,Honky Tonk Superman,Aaron Tippin,49,5,Gains In Performance
1994-03-12,48,She Never Cried,Confederate Railroad,36,14,
1994-03-12,49,Outskirts Of Town,Sawyer Brown,53,4,Gains In Performance
1994-03-12,50,Is It Over Yet,Wynonna,47,20,
1994-03-12,51,Honky Tonk Crowd,Rick Trevino,52,5,Gains In Performance
1994-03-12,52,I Love You 'Cause I Want To,Carlene Carter,50,6,Gains In Performance
1994-03-12,53,Company Time,Linda Davis,58,3,Gains In Performance
1994-03-12,54,In My Own Backyard,Joe Diffie,NEW,1,Highest ranking debut|Gains In Performance
1994-03-12,55,No More Cryin',McBride & The Ride,42,16,
1994-03-12,56,Born Ready,Jesse Hunter,64,2,Gains In Performance
1994-03-12,57,Somewhere In Between,Dude Mowrey,59,5,
1994-03-12,58,In My Next Life,Merle Haggard,60,7,Gains In Performance
1994-03-12,59,Closing Time,Radney Foster,62,3,Gains In Performance
1994-03-12,60,Before You Kill Us All,Randy Travis,NEW,1,Gains In Performance
1994-03-19,1,No Doubt About It,Neal McCoy,3,14,Gains In Performance
1994-03-19,2,Tryin' To Get Over You,Vince Gill,1,11,
1994-03-19,3,I've Got It Made,John Anderson,4,15,Gains In Performance
1994-03-19,4,He Thinks He'll Keep Her,Mary Chapin Carpenter,5,14,Gains In Performance
1994-03-19,5,Rock My World (Little Country Girl),Brooks & Dunn,2,15,
1994-03-19,6,That's My Story,Collin Raye,10,15,Gains In Performance
1994-03-19,7,They Asked About You,Reba McEntire,8,14,Gains In Performance
1994-03-19,8,T.L.C. A.S.A.P.,Alabama,7,14,
1994-03-19,9,Standing Outside The Fire,Garth Brooks,12,14,Gains In Performance
1994-03-19,10,My Love,Little Texas,13,10,Gains In Performance
1994-03-19,11,Goodbye Says It All,BlackHawk,11,18,Gains In Performance
1994-03-19,12,(Who Says) You Can't Have It All,Alan Jackson,14,8,Gains In Performance
1994-03-19,13,I Just Wanted You To Know,Mark Chesnutt,6,15,
1994-03-19,14,Indian Outlaw,Tim McGraw,15,9,Gains In Performance
1994-03-19,15,Life #9,Martina McBride,17,11,Gains In Performance
1994-03-19,16,If The Good Die Young,Tracy Lawrence,19,7,Gains In Performance
1994-03-19,17,I'm Holding My Own,Lee Roy Parnell,18,11,Gains In Performance
1994-03-19,18,Rock Bottom,Wynonna,20,5,Gains In Performance
1994-03-19,19,I Can't Reach Her Anymore,Sammy Kershaw,23,10,Gains In Performance
1994-03-19,20,I Swear,John Michael Montgomery,16,14,
1994-03-19,21,Words By Heart,Billy Ray Cyrus,22,8,Gains In Performance
1994-03-19,22,Take It Easy,Travis Tritt,21,21,Gains In Performance
1994-03-19,23,We Don't Have To Do This,Tanya Tucker,24,10,Gains In Performance
1994-03-19,24,Piece Of My Heart,Faith Hill,28,6,Gains In Performance
1994-03-19,25,Where Was I,Ricky Van Shelton,27,10,Gains In Performance
1994-03-19,26,Hey Cinderella,Suzy Bogguss,9,16,
1994-03-19,27,If It Wasn't For Her I Wouldn't Have You,Daron Norwood,26,17,
1994-03-19,28,If Bubba Can Dance (I Can Too),Shenandoah,33,6,Gains In Performance
1994-03-19,29,Better Your Heart Than Mine,Trisha Yearwood,30,7,Gains In Performance
1994-03-19,30,Addicted To A Dollar,Doug Stone,37,4,Gains In Performance
1994-03-19,31,Red And Rio Grande,Doug Supernaw,35,7,Gains In Performance
1994-03-19,32,A Little Less Talk And A Lot More Action,Toby Keith,29,19,
1994-03-19,33,I'd Like To Have That One Back,George Strait,25,16,
1994-03-19,34,"Kiss Me, I'm Gone",Marty Stuart,38,9,Gains In Performance
1994-03-19,35,A Good Run Of Bad Luck,Clint Black,43,3,Gains In Performance
1994-03-19,36,State Of Mind,Clint Black,31,18,
1994-03-19,37,She'd Give Anything,Boy Howdy,32,20,
1994-03-19,38,Your Love Amazes Me,John Berry,44,6,Gains In Performance
1994-03-19,39,Try Not To Look So Pretty,Dwight Yoakam,45,5,Gains In Performance
1994-03-19,40,John Deere Green,Joe Diffie,36,19,
1994-03-19,41,Where Do I Fit In The Picture,Clay Walker,46,4,Gains In Performance
1994-03-19,42,What A Crying Shame,The Mavericks,42,12,Gains In Performance
1994-03-19,43,Stone Cold Country,Gibson/Miller Band,40,9,
1994-03-19,44,We Just Disagree,Billy Dean,39,19,
1994-03-19,45,You Will,Patty Loveless,41,18,
1994-03-19,46,Outskirts Of Town,Sawyer Brown,49,5,Gains In Performance
1994-03-19,47,Honky Tonk Superman,Aaron Tippin,47,6,Gains In Performance
1994-03-19,48,Before You Kill Us All,Randy Travis,60,2,Gains In Performance
1994-03-19,49,Honky Tonk Crowd,Rick Trevino,51,6,Gains In Performance
1994-03-19,50,I Love You 'Cause I Want To,Carlene Carter,52,7,Gains In Performance
1994-03-19,51,Company Time,Linda Davis,53,4,Gains In Performance
1994-03-19,52,In My Own Backyard,Joe Diffie,54,2,Gains In Performance
1994-03-19,53,Daddy Never Was The Cadillac Kind,Confederate Railroad,66,2,Gains In Performance
1994-03-19,54,Wish I Didn't Know Now,Toby Keith,NEW,1,Highest ranking debut|Gains In Performance
1994-03-19,55,She Never Cried,Confederate Railroad,48,15,
1994-03-19,56,Lovebug,George Strait,68,4,Gains In Performance
1994-03-19,57,Born Ready,Jesse Hunter,56,3,Gains In Performance
1994-03-19,58,My Night To Howl,Lorrie Morgan,NEW,1,Gains In Performance
1994-03-19,59,Once In A While,Billy Dean,63,3,Gains In Performance
1994-03-19,60,Closing Time,Radney Foster,59,4,Gains In Performance
1994-03-26,1,No Doubt About It,Neal McCoy,1,15,Gains In Performance
1994-03-26,2,He Thinks He'll Keep Her,Mary Chapin Carpenter,4,15,
1994-03-26,3,Standing Outside The Fire,Garth Brooks,9,15,Gains In Performance
1994-03-26,4,My Love,Little Texas,10,11,Gains In Performance
1994-03-26,5,Tryin' To Get Over You,Vince Gill,2,12,
1994-03-26,6,I've Got It Made,John Anderson,3,16,
1994-03-26,7,(Who Says) You Can't Have It All,Alan Jackson,12,9,Gains In Performance
1994-03-26,8,That's My Story,Collin Raye,6,16,
1994-03-26,9,Indian Outlaw,Tim McGraw,14,10,Gains In Performance
1994-03-26,10,I'm Holding My Own,Lee Roy Parnell,17,12,Gains In Performance
1994-03-26,11,They Asked About You,Reba McEntire,7,15,
1994-03-26,12,Rock My World (Little Country Girl),Brooks & Dunn,5,16,
1994-03-26,13,If The Good Die Young,Tracy Lawrence,16,8,Gains In Performance
1994-03-26,14,Life #9,Martina McBride,15,12,Gains In Performance
1994-03-26,15,Rock Bottom,Wynonna,18,6,Gains In Performance
1994-03-26,16,I Can't Reach Her Anymore,Sammy Kershaw,19,11,Gains In Performance
1994-03-26,17,T.L.C. A.S.A.P.,Alabama,8,15,
1994-03-26,18,Goodbye Says It All,BlackHawk,11,19,
1994-03-26,19,I Just Wanted You To Know,Mark Chesnutt,13,16,
1994-03-26,20,Piece Of My Heart,Faith Hill,24,7,Gains In Performance
1994-03-26,21,Words By Heart,Billy Ray Cyrus,21,9,Gains In Performance
1994-03-26,22,We Don't Have To Do This,Tanya Tucker,23,11,Gains In Performance
1994-03-26,23,Take It Easy,Travis Tritt,22,22,
1994-03-26,24,Where Was I,Ricky Van Shelton,25,11,Gains In Performance
1994-03-26,25,If Bubba Can Dance (I Can Too),Shenandoah,28,7,Gains In Performance
1994-03-26,26,I Swear,John Michael Montgomery,20,15,
1994-03-26,27,Addicted To A Dollar,Doug Stone,30,5,Gains In Performance
1994-03-26,28,Better Your Heart Than Mine,Trisha Yearwood,29,8,Gains In Performance
1994-03-26,29,A Good Run Of Bad Luck,Clint Black,35,4,Gains In Performance
1994-03-26,30,Red And Rio Grande,Doug Supernaw,31,8,Gains In Performance
1994-03-26,31,"Kiss Me, I'm Gone",Marty Stuart,34,10,Gains In Performance
1994-03-26,32,Try Not To Look So Pretty,Dwight Yoakam,39,6,Gains In Performance
1994-03-26,33,Your Love Amazes Me,John Berry,38,7,Gains In Performance
1994-03-26,34,A Little Less Talk And A Lot More Action,Toby Keith,32,20,
1994-03-26,35,If It Wasn't For Her I Wouldn't Have You,Daron Norwood,27,18,
1994-03-26,36,Where Do I Fit In The Picture,Clay Walker,41,5,Gains In Performance
1994-03-26,37,What A Crying Shame,The Mavericks,42,13,Gains In Performance
1994-03-26,38,I'd Like To Have That One Back,George Strait,33,17,
1994-03-26,39,Before You Kill Us All,Randy Travis,48,3,Gains In Performance
1994-03-26,40,State Of Mind,Clint Black,36,19,
1994-03-26,41,Hey Cinderella,Suzy Bogguss,26,17,
1994-03-26,42,John Deere Green,Joe Diffie,40,20,
1994-03-26,43,Lovebug,George Strait,56,5,Gains In Performance
1994-03-26,44,Outskirts Of Town,Sawyer Brown,46,6,Gains In Performance
1994-03-26,45,We Just Disagree,Billy Dean,44,20,
1994-03-26,46,In My Own Backyard,Joe Diffie,52,3,Gains In Performance
1994-03-26,47,Honky Tonk Crowd,Rick Trevino,49,7,Gains In Performance
1994-03-26,48,Company Time,Linda Davis,51,5,Gains In Performance
1994-03-26,49,Honky Tonk Superman,Aaron Tippin,47,7,Gains In Performance
1994-03-26,50,Wish I Didn't Know Now,Toby Keith,54,2,Gains In Performance
1994-03-26,51,You Will,Patty Loveless,45,19,
1994-03-26,52,Stone Cold Country,Gibson/Miller Band,43,10,
1994-03-26,53,Daddy Never Was The Cadillac Kind,Confederate Railroad,53,3,Gains In Performance
1994-03-26,54,Rope The Moon,John Michael Montgomery,69,2,Gains In Performance
1994-03-26,55,I Love You 'Cause I Want To,Carlene Carter,50,8,
1994-03-26,56,My Night To Howl,Lorrie Morgan,58,2,Gains In Performance
1994-03-26,57,How Can I Help You Say Goodbye,Patty Loveless,67,2,Gains In Performance
1994-03-26,58,Once In A While,Billy Dean,59,4,Gains In Performance
1994-03-26,59,Born Ready,Jesse Hunter,57,4,Gains In Performance
1994-03-26,60,Never Bit A Bullet Like This,George Jones With Sammy Kershaw,63,3,Gains In Performance
1994-04-02,1,My Love,Little Texas,4,12,Gains In Performance
1994-04-02,2,No Doubt About It,Neal McCoy,1,16,
1994-04-02,3,Standing Outside The Fire,Garth Brooks,3,16,Gains In Performance
1994-04-02,4,(Who Says) You Can't Have It All,Alan Jackson,7,10,Gains In Performance
1994-04-02,5,He Thinks He'll Keep Her,Mary Chapin Carpenter,2,16,
1994-04-02,6,I'm Holding My Own,Lee Roy Parnell,10,13,Gains In Performance
1994-04-02,7,If The Good Die Young,Tracy Lawrence,13,9,Gains In Performance
1994-04-02,8,Life #9,Martina McBride,14,13,Gains In Performance
1994-04-02,9,Tryin' To Get Over You,Vince Gill,5,13,
1994-04-02,10,Indian Outlaw,Tim McGraw,9,11,Gains In Performance
1994-04-02,11,I Can't Reach Her Anymore,Sammy Kershaw,16,12,Gains In Performance
1994-04-02,12,Rock Bottom,Wynonna,15,7,Gains In Performance
1994-04-02,13,Piece Of My Heart,Faith Hill,20,8,Gains In Performance
1994-04-02,14,We Don't Have To Do This,Tanya Tucker,22,12,Gains In Performance
1994-04-02,15,I've Got It Made,John Anderson,6,17,
1994-04-02,16,That's My Story,Collin Raye,8,17,
1994-04-02,17,Words By Heart,Billy Ray Cyrus,21,10,Gains In Performance
1994-04-02,18,If Bubba Can Dance (I Can Too),Shenandoah,25,8,Gains In Performance
1994-04-02,19,Addicted To A Dollar,Doug Stone,27,6,Gains In Performance
1994-04-02,20,A Good Run Of Bad Luck,Clint Black,29,5,Gains In Performance
1994-04-02,21,Where Was I,Ricky Van Shelton,24,12,Gains In Performance
1994-04-02,22,Better Your Heart Than Mine,Trisha Yearwood,28,9,Gains In Performance
1994-04-02,23,Rock My World (Little Country Girl),Brooks & Dunn,12,17,
1994-04-02,24,I Just Wanted You To Know,Mark Chesnutt,19,17,
1994-04-02,25,Try Not To Look So Pretty,Dwight Yoakam,32,7,Gains In Performance
1994-04-02,26,Red And Rio Grande,Doug Supernaw,30,9,Gains In Performance
1994-04-02,27,Goodbye Says It All,BlackHawk,18,20,
1994-04-02,28,Your Love Amazes Me,John Berry,33,8,Gains In Performance
1994-04-02,29,Before You Kill Us All,Randy Travis,39,4,Gains In Performance
1994-04-02,30,Lovebug,George Strait,43,6,Gains In Performance
1994-04-02,31,Where Do I Fit In The Picture,Clay Walker,36,6,Gains In Performance
1994-04-02,32,I Swear,John Michael Montgomery,26,16,
1994-04-02,33,"Kiss Me, I'm Gone",Marty Stuart,31,11,Gains In Performance
1994-04-02,34,What A Crying Shame,The Mavericks,37,14,Gains In Performance
1994-04-02,35,They Asked About You,Reba McEntire,11,16,
1994-04-02,36,T.L.C. A.S.A.P.,Alabama,17,16,
1994-04-02,37,Rope The Moon,John Michael Montgomery,54,3,Gains In Performance
1994-04-02,38,State Of Mind,Clint Black,40,20,
1994-04-02,39,In My Own Backyard,Joe Diffie,46,4,Gains In Performance
1994-04-02,40,Wish I Didn't Know Now,Toby Keith,50,3,Gains In Performance
1994-04-02,41,Hey Cinderella,Suzy Bogguss,41,18,
1994-04-02,42,I'd Like To Have That One Back,George Strait,38,18,
1994-04-02,43,Outskirts Of Town,Sawyer Brown,44,7,Gains In Performance
1994-04-02,44,Honky Tonk Crowd,Rick Trevino,47,8,Gains In Performance
1994-04-02,45,Company Time,Linda Davis,48,6,Gains In Performance
1994-04-02,46,Daddy Never Was The Cadillac Kind,Confederate Railroad,53,4,Gains In Performance
1994-04-02,47,If It Wasn't For Her I Wouldn't Have You,Daron Norwood,35,19,
1994-04-02,48,How Can I Help You Say Goodbye,Patty Loveless,57,3,Gains In Performance
1994-04-02,49,Spilled Perfume,Pam Tillis,63,2,Gains In Performance
1994-04-02,50,My Night To Howl,Lorrie Morgan,56,3,Gains In Performance
1994-04-02,51,Walking Away A Winner,Kathy Mattea,65,2,Gains In Performance
1994-04-02,52,Honky Tonk Superman,Aaron Tippin,49,8,
1994-04-02,53,You Will,Patty Loveless,51,20,
1994-04-02,54,Once In A While,Billy Dean,58,5,Gains In Performance
1994-04-02,55,Never Bit A Bullet Like This,George Jones With Sammy Kershaw,60,4,Gains In Performance
1994-04-02,56,Born Ready,Jesse Hunter,59,5,Gains In Performance
1994-04-02,57,Just Once,David Lee Murphy,61,5,Gains In Performance
1994-04-02,58,Stone Cold Country,Gibson/Miller Band,52,11,
1994-04-02,59,Eagle Over Angel,Brother Phelps,70,2,Gains In Performance
1994-04-02,60,They Don't Make 'Em Like That Anymore,Boy Howdy,NEW,1,Highest ranking debut|Gains In Performance
1994-04-09,1,My Love,Little Texas,1,13,Gains In Performance
1994-04-09,2,If The Good Die Young,Tracy Lawrence,7,10,Gains In Performance
1994-04-09,3,Standing Outside The Fire,Garth Brooks,3,17,Gains In Performance
1994-04-09,4,I'm Holding My Own,Lee Roy Parnell,6,14,Gains In Performance
1994-04-09,5,(Who Says) You Can't Have It All,Alan Jackson,4,11,
1994-04-09,6,Life #9,Martina McBride,8,14,Gains In Performance
1994-04-09,7,I Can't Reach Her Anymore,Sammy Kershaw,11,13,Gains In Performance
1994-04-09,8,Indian Outlaw,Tim McGraw,10,12,Gains In Performance
1994-04-09,9,Piece Of My Heart,Faith Hill,13,9,Gains In Performance
1994-04-09,10,Rock Bottom,Wynonna,12,8,Gains In Performance
1994-04-09,11,No Doubt About It,Neal McCoy,2,17,
1994-04-09,12,We Don't Have To Do This,Tanya Tucker,14,13,Gains In Performance
1994-04-09,13,A Good Run Of Bad Luck,Clint Black,20,6,Gains In Performance
1994-04-09,14,If Bubba Can Dance (I Can Too),Shenandoah,18,9,Gains In Performance
1994-04-09,15,Addicted To A Dollar,Doug Stone,19,7,Gains In Performance
1994-04-09,16,Words By Heart,Billy Ray Cyrus,17,11,Gains In Performance
1994-04-09,17,He Thinks He'll Keep Her,Mary Chapin Carpenter,5,17,
1994-04-09,18,Tryin' To Get Over You,Vince Gill,9,14,
1994-04-09,19,Before You Kill Us All,Randy Travis,29,5,Gains In Performance
1994-04-09,20,Where Was I,Ricky Van Shelton,21,13,Gains In Performance
1994-04-09,21,Your Love Amazes Me,John Berry,28,9,Gains In Performance
1994-04-09,22,Better Your Heart Than Mine,Trisha Yearwood,22,10,Gains In Performance
1994-04-09,23,Try Not To Look So Pretty,Dwight Yoakam,25,8,Gains In Performance
1994-04-09,24,Lovebug,George Strait,30,7,Gains In Performance
1994-04-09,25,Red And Rio Grande,Doug Supernaw,26,10,Gains In Performance
1994-04-09,26,Where Do I Fit In The Picture,Clay Walker,31,7,Gains In Performance
1994-04-09,27,What A Crying Shame,The Mavericks,34,15,Gains In Performance
1994-04-09,28,Rope The Moon,John Michael Montgomery,37,4,Gains In Performance
1994-04-09,29,I've Got It Made,John Anderson,15,18,
1994-04-09,30,"Kiss Me, I'm Gone",Marty Stuart,33,12,Gains In Performance
1994-04-09,31,Rock My World (Little Country Girl),Brooks & Dunn,23,18,
1994-04-09,32,That's My Story,Collin Raye,16,18,
1994-04-09,33,I Just Wanted You To Know,Mark Chesnutt,24,18,
1994-04-09,34,Wish I Didn't Know Now,Toby Keith,40,4,Gains In Performance
1994-04-09,35,I Swear,John Michael Montgomery,32,17,
1994-04-09,36,In My Own Backyard,Joe Diffie,39,5,Gains In Performance
1994-04-09,37,Spilled Perfume,Pam Tillis,49,3,Gains In Performance
1994-04-09,38,Daddy Never Was The Cadillac Kind,Confederate Railroad,46,5,Gains In Performance
1994-04-09,39,How Can I Help You Say Goodbye,Patty Loveless,48,4,Gains In Performance
1994-04-09,40,Outskirts Of Town,Sawyer Brown,43,8,Gains In Performance
1994-04-09,41,Honky Tonk Crowd,Rick Trevino,44,9,Gains In Performance
1994-04-09,42,Walking Away A Winner,Kathy Mattea,51,3,Gains In Performance
1994-04-09,43,Company Time,Linda Davis,45,7,Gains In Performance
1994-04-09,44,My Night To Howl,Lorrie Morgan,50,4,Gains In Performance
1994-04-09,45,T.L.C. A.S.A.P.,Alabama,36,17,
1994-04-09,46,Hey Cinderella,Suzy Bogguss,41,19,
1994-04-09,47,I'd Like To Have That One Back,George Strait,42,19,
1994-04-09,48,They Asked About You,Reba McEntire,35,17,
1994-04-09,49,If It Wasn't For Her I Wouldn't Have You,Daron Norwood,47,20,
1994-04-09,50,"Woman, Sensuous Woman",Mark Chesnutt,64,2,Gains In Performance
1994-04-09,51,They Don't Make 'Em Like That Anymore,Boy Howdy,60,2,Gains In Performance
1994-04-09,52,Never Bit A Bullet Like This,George Jones With Sammy Kershaw,55,5,Gains In Performance
1994-04-09,53,Once In A While,Billy Dean,54,6,Gains In Performance
1994-04-09,54,Just Once,David Lee Murphy,57,6,Gains In Performance
1994-04-09,55,That Ain't No Way To Go,Brooks & Dunn,NEW,1,Highest ranking debut|Gains In Performance
1994-04-09,56,Born Ready,Jesse Hunter,56,6,Gains In Performance
1994-04-09,57,Eagle Over Angel,Brother Phelps,59,3,Gains In Performance
1994-04-09,58,It Won't Be Over You,Steve Wariner,NEW,1,Gains In Performance
1994-04-09,59,Honky Tonk Superman,Aaron Tippin,52,9,
1994-04-09,60,Why Haven't I Heard From You,Reba McEntire,NEW,1,Gains In Performance
1994-04-16,1,If The Good Die Young,Tracy Lawrence,2,11,Gains In Performance
1994-04-16,2,My Love,Little Texas,1,14,
1994-04-16,3,I'm Holding My Own,Lee Roy Parnell,4,15,Gains In Performance
1994-04-16,4,I Can't Reach Her Anymore,Sammy Kershaw,7,14,Gains In Performance
1994-04-16,5,Piece Of My Heart,Faith Hill,9,10,Gains In Performance
1994-04-16,6,Rock Bottom,Wynonna,10,9,Gains In Performance
1994-04-16,7,Standing Outside The Fire,Garth Brooks,3,18,
1994-04-16,8,Life #9,Martina McBride,6,15,
1994-04-16,9,Indian Outlaw,Tim McGraw,8,13,
1994-04-16,10,A Good Run Of Bad Luck,Clint Black,13,7,Gains In Performance
1994-04-16,11,We Don't Have To Do This,Tanya Tucker,12,14,Gains In Performance
1994-04-16,12,If Bubba Can Dance (I Can Too),Shenandoah,14,10,Gains In Performance
1994-04-16,13,Addicted To A Dollar,Doug Stone,15,8,Gains In Performance
1994-04-16,14,Words By Heart,Billy Ray Cyrus,16,12,Gains In Performance
1994-04-16,15,(Who Says) You Can't Have It All,Alan Jackson,5,12,
1994-04-16,16,No Doubt About It,Neal McCoy,11,18,
1994-04-16,17,Before You Kill Us All,Randy Travis,19,6,Gains In Performance
1994-04-16,18,Lovebug,George Strait,24,8,Gains In Performance
1994-04-16,19,Your Love Amazes Me,John Berry,21,10,Gains In Performance
1994-04-16,20,Try Not To Look So Pretty,Dwight Yoakam,23,9,Gains In Performance
1994-04-16,21,Rope The Moon,John Michael Montgomery,28,5,Gains In Performance
1994-04-16,22,Better Your Heart Than Mine,Trisha Yearwood,22,11,Gains In Performance
1994-04-16,23,Where Do I Fit In The Picture,Clay Walker,26,8,Gains In Performance
1994-04-16,24,Red And Rio Grande,Doug Supernaw,25,11,Gains In Performance
1994-04-16,25,What A Crying Shame,The Mavericks,27,16,Gains In Performance
1994-04-16,26,Tryin' To Get Over You,Vince Gill,18,15,
1994-04-16,27,He Thinks He'll Keep Her,Mary Chapin Carpenter,17,18,
1994-04-16,28,"Kiss Me, I'm Gone",Marty Stuart,30,13,Gains In Performance
1994-04-16,29,Wish I Didn't Know Now,Toby Keith,34,5,Gains In Performance
1994-04-16,30,In My Own Backyard,Joe Diffie,36,6,Gains In Performance
1994-04-16,31,Where Was I,Ricky Van Shelton,20,14,
1994-04-16,32,I've Got It Made,John Anderson,29,19,
1994-04-16,33,How Can I Help You Say Goodbye,Patty Loveless,39,5,Gains In Performance
1994-04-16,34,I Just Wanted You To Know,Mark Chesnutt,33,19,
1994-04-16,35,Spilled Perfume,Pam Tillis,37,4,Gains In Performance
1994-04-16,36,Rock My World (Little Country Girl),Brooks & Dunn,31,19,
1994-04-16,37,I Swear,John Michael Montgomery,35,18,
1994-04-16,38,Daddy Never Was The Cadillac Kind,Confederate Railroad,38,6,Gains In Performance
1994-04-16,39,Walking Away A Winner,Kathy Mattea,42,4,Gains In Performance
1994-04-16,40,Honky Tonk Crowd,Rick Trevino,41,10,Gains In Performance
1994-04-16,41,That Ain't No Way To Go,Brooks & Dunn,55,2,Gains In Performance
1994-04-16,42,That's My Story,Collin Raye,32,19,
1994-04-16,43,Outskirts Of Town,Sawyer Brown,40,9,
1994-04-16,44,My Night To Howl,Lorrie Morgan,44,5,Gains In Performance
1994-04-16,45,"Woman, Sensuous Woman",Mark Chesnutt,50,3,Gains In Performance
1994-04-16,46,Why Haven't I Heard From You,Reba McEntire,60,2,Gains In Performance
1994-04-16,47,Company Time,Linda Davis,43,8,
1994-04-16,48,Hey Cinderella,Suzy Bogguss,46,20,
1994-04-16,49,T.L.C. A.S.A.P.,Alabama,45,18,
1994-04-16,50,They Don't Make 'Em Like That Anymore,Boy Howdy,51,3,Gains In Performance
1994-04-16,51,I'd Like To Have That One Back,George Strait,47,20,
1994-04-16,52,They Asked About You,Reba McEntire,48,18,
1994-04-16,53,Little Rock,Collin Raye,63,2,Gains In Performance
1994-04-16,54,Never Bit A Bullet Like This,George Jones With Sammy Kershaw,52,6,Gains In Performance
1994-04-16,55,Don't Take The Girl,Tim McGraw,61,3,Gains In Performance
1994-04-16,56,It Won't Be Over You,Steve Wariner,58,2,Gains In Performance
1994-04-16,57,Eagle Over Angel,Brother Phelps,57,4,Gains In Performance
1994-04-16,58,Just Once,David Lee Murphy,54,7,Gains In Performance
1994-04-16,59,Once In A While,Billy Dean,53,7,
1994-04-16,60,Whenever You Come Around,Vince Gill,NEW,1,Highest ranking debut|Gains In Performance
1994-04-23,1,If The Good Die Young,Tracy Lawrence,1,12,
1994-04-23,2,Piece Of My Heart,Faith Hill,5,11,Gains In Performance
1994-04-23,3,I Can't Reach Her Anymore,Sammy Kershaw,4,15,Gains In Performance
1994-04-23,4,Rock Bottom,Wynonna,6,10,Gains In Performance
1994-04-23,5,I'm Holding My Own,Lee Roy Parnell,3,16,
1994-04-23,6,A Good Run Of Bad Luck,Clint Black,10,8,Gains In Performance
1994-04-23,7,If Bubba Can Dance (I Can Too),Shenandoah,12,11,Gains In Performance
1994-04-23,8,Addicted To A Dollar,Doug Stone,13,9,Gains In Performance
1994-04-23,9,My Love,Little Texas,2,15,
1994-04-23,10,Before You Kill Us All,Randy Travis,17,7,Gains In Performance
1994-04-23,11,Your Love Amazes Me,John Berry,19,11,Gains In Performance
1994-04-23,12,Words By Heart,Billy Ray Cyrus,14,13,Gains In Performance
1994-04-23,13,Lovebug,George Strait,18,9,Gains In Performance
1994-04-23,14,We Don't Have To Do This,Tanya Tucker,11,15,
1994-04-23,15,Life #9,Martina McBride,8,16,
1994-04-23,16,Rope The Moon,John Michael Montgomery,21,6,Gains In Performance
1994-04-23,17,Indian Outlaw,Tim McGraw,9,14,
1994-04-23,18,Try Not To Look So Pretty,Dwight Yoakam,20,10,Gains In Performance
1994-04-23,19,Where Do I Fit In The Picture,Clay Walker,23,9,Gains In Performance
1994-04-23,20,Wish I Didn't Know Now,Toby Keith,29,6,Gains In Performance
1994-04-23,21,Better Your Heart Than Mine,Trisha Yearwood,22,12,Gains In Performance
1994-04-23,22,Standing Outside The Fire,Garth Brooks,7,19,
1994-04-23,23,Red And Rio Grande,Doug Supernaw,24,12,
1994-04-23,24,No Doubt About It,Neal McCoy,16,19,
1994-04-23,25,What A Crying Shame,The Mavericks,25,17,
1994-04-23,26,"Kiss Me, I'm Gone",Marty Stuart,28,14,Gains In Performance
1994-04-23,27,How Can I Help You Say Goodbye,Patty Loveless,33,6,Gains In Performance
1994-04-23,28,In My Own Backyard,Joe Diffie,30,7,Gains In Performance
1994-04-23,29,That Ain't No Way To Go,Brooks & Dunn,41,3,Gains In Performance
1994-04-23,30,(Who Says) You Can't Have It All,Alan Jackson,15,13,
1994-04-23,31,Spilled Perfume,Pam Tillis,35,5,Gains In Performance
1994-04-23,32,Daddy Never Was The Cadillac Kind,Confederate Railroad,38,7,Gains In Performance
1994-04-23,33,He Thinks He'll Keep Her,Mary Chapin Carpenter,27,19,
1994-04-23,34,Tryin' To Get Over You,Vince Gill,26,16,
1994-04-23,35,Walking Away A Winner,Kathy Mattea,39,5,Gains In Performance
1994-04-23,36,I've Got It Made,John Anderson,32,20,
1994-04-23,37,I Just Wanted You To Know,Mark Chesnutt,34,20,
1994-04-23,38,Why Haven't I Heard From You,Reba McEntire,46,3,Gains In Performance
1994-04-23,39,Honky Tonk Crowd,Rick Trevino,40,11,Gains In Performance
1994-04-23,40,Rock My World (Little Country Girl),Brooks & Dunn,36,20,
1994-04-23,41,I Swear,John Michael Montgomery,37,19,
1994-04-23,42,"Woman, Sensuous Woman",Mark Chesnutt,45,4,Gains In Performance
1994-04-23,43,Whenever You Come Around,Vince Gill,60,2,Gains In Performance
1994-04-23,44,Little Rock,Collin Raye,53,3,Gains In Performance
1994-04-23,45,Don't Take The Girl,Tim McGraw,55,4,Gains In Performance
1994-04-23,46,My Night To Howl,Lorrie Morgan,44,6,Gains In Performance
1994-04-23,47,They Don't Make 'Em Like That Anymore,Boy Howdy,50,4,Gains In Performance
1994-04-23,48,Company Time,Linda Davis,47,9,Gains In Performance
1994-04-23,49,That's My Story,Collin Raye,42,20,
1994-04-23,50,Outskirts Of Town,Sawyer Brown,43,10,
1994-04-23,51,The Cheap Seats,Alabama,65,2,Gains In Performance
1994-04-23,52,Where Was I,Ricky Van Shelton,31,15,
1994-04-23,53,T.L.C. A.S.A.P.,Alabama,49,19,
1994-04-23,54,It Won't Be Over You,Steve Wariner,56,3,Gains In Performance
1994-04-23,55,They Asked About You,Reba McEntire,52,19,
1994-04-23,56,Never Bit A Bullet Like This,George Jones With Sammy Kershaw,54,7,
1994-04-23,57,Eagle Over Angel,Brother Phelps,57,5,Gains In Performance
1994-04-23,58,Just Once,David Lee Murphy,58,8,Gains In Performance
1994-04-23,59,Wink,Neal McCoy,NEW,1,Highest ranking debut|Gains In Performance
1994-04-23,60,Cowboys Don't Cry,Daron Norwood,66,2,Gains In Performance
1994-04-30,1,Piece Of My Heart,Faith Hill,2,12,Gains In Performance
1994-04-30,2,Rock Bottom,Wynonna,4,11,Gains In Performance
1994-04-30,3,A Good Run Of Bad Luck,Clint Black,6,9,Gains In Performance
1994-04-30,4,If Bubba Can Dance (I Can Too),Shenandoah,7,12,Gains In Performance
1994-04-30,5,I Can't Reach Her Anymore,Sammy Kershaw,3,16,
1994-04-30,6,Addicted To A Dollar,Doug Stone,8,10,Gains In Performance
1994-04-30,7,Before You Kill Us All,Randy Travis,10,8,Gains In Performance
1994-04-30,8,If The Good Die Young,Tracy Lawrence,1,13,
1994-04-30,9,Your Love Amazes Me,John Berry,11,12,Gains In Performance
1994-04-30,10,I'm Holding My Own,Lee Roy Parnell,5,17,
1994-04-30,11,Rope The Moon,John Michael Montgomery,16,7,Gains In Performance
1994-04-30,12,Lovebug,George Strait,13,10,Gains In Performance
1994-04-30,13,Wish I Didn't Know Now,Toby Keith,20,7,Gains In Performance
1994-04-30,14,Try Not To Look So Pretty,Dwight Yoakam,18,11,Gains In Performance
1994-04-30,15,Where Do I Fit In The Picture,Clay Walker,19,10,Gains In Performance
1994-04-30,16,My Love,Little Texas,9,16,
1994-04-30,17,Words By Heart,Billy Ray Cyrus,12,14,
1994-04-30,18,How Can I Help You Say Goodbye,Patty Loveless,27,7,Gains In Performance
1994-04-30,19,That Ain't No Way To Go,Brooks & Dunn,29,4,Gains In Performance
1994-04-30,20,Spilled Perfume,Pam Tillis,31,6,Gains In Performance
1994-04-30,21,Walking Away A Winner,Kathy Mattea,35,6,Gains In Performance
1994-04-30,22,In My Own Backyard,Joe Diffie,28,8,Gains In Performance
1994-04-30,23,Don't Take The Girl,Tim McGraw,45,5,Gains In Performance
1994-04-30,24,Better Your Heart Than Mine,Trisha Yearwood,21,13,
1994-04-30,25,Whenever You Come Around,Vince Gill,43,3,Gains In Performance
1994-04-30,26,Daddy Never Was The Cadillac Kind,Confederate Railroad,32,8,Gains In Performance
1994-04-30,27,Red And Rio Grande,Doug Supernaw,23,13,
1994-04-30,28,Why Haven't I Heard From You,Reba McEntire,38,4,Gains In Performance
1994-04-30,29,What A Crying Shame,The Mavericks,25,18,
1994-04-30,30,No Doubt About It,Neal McCoy,24,20,
1994-04-30,31,Little Rock,Collin Raye,44,4,Gains In Performance
1994-04-30,32,Standing Outside The Fire,Garth Brooks,22,20,
1994-04-30,33,Indian Outlaw,Tim McGraw,17,15,
1994-04-30,34,Life #9,Martina McBride,15,17,
1994-04-30,35,"Woman, Sensuous Woman",Mark Chesnutt,42,5,Gains In Performance
1994-04-30,36,"Kiss Me, I'm Gone",Marty Stuart,26,15,
1994-04-30,37,He Thinks He'll Keep Her,Mary Chapin Carpenter,33,20,
1994-04-30,38,We Don't Have To Do This,Tanya Tucker,14,16,
1994-04-30,39,Honky Tonk Crowd,Rick Trevino,39,12,Gains In Performance
1994-04-30,40,(Who Says) You Can't Have It All,Alan Jackson,30,14,
1994-04-30,41,They Don't Make 'Em Like That Anymore,Boy Howdy,47,5,Gains In Performance
1994-04-30,42,The Cheap Seats,Alabama,51,3,Gains In Performance
1994-04-30,43,Tryin' To Get Over You,Vince Gill,34,17,
1994-04-30,44,My Night To Howl,Lorrie Morgan,46,7,Gains In Performance
1994-04-30,45,I Swear,John Michael Montgomery,41,20,
1994-04-30,46,Wink,Neal McCoy,59,2,Gains In Performance
1994-04-30,47,Company Time,Linda Davis,48,10,
1994-04-30,48,It Won't Be Over You,Steve Wariner,54,4,Gains In Performance
1994-04-30,49,T.L.C. A.S.A.P.,Alabama,53,20,
1994-04-30,50,Foolish Pride,Travis Tritt,67,2,Gains In Performance
1994-04-30,51,Every Once In A While,BlackHawk,61,3,Gains In Performance
1994-04-30,52,Just Once,David Lee Murphy,58,9,Gains In Performance
1994-04-30,53,Eagle Over Angel,Brother Phelps,57,6,Gains In Performance
1994-04-30,54,That's My Baby,Lari White,62,4,Gains In Performance
1994-04-30,55,They Asked About You,Reba McEntire,55,20,
1994-04-30,56,Cowboys Don't Cry,Daron Norwood,60,3,Gains In Performance
1994-04-30,57,(Tonight We Just Might) Fall In Love Again,Hal Ketchum,66,2,Gains In Performance
1994-04-30,58,I Wish I Could Have Been There,John Anderson,75,2,Gains In Performance
1994-04-30,59,Where Was I,Ricky Van Shelton,52,16,
1994-04-30,60,Never Bit A Bullet Like This,George Jones With Sammy Kershaw,56,8,
1994-05-07,1,A Good Run Of Bad Luck,Clint Black,3,10,Gains In Performance
1994-05-07,2,If Bubba Can Dance (I Can Too),Shenandoah,4,13,Gains In Performance
1994-05-07,3,Piece Of My Heart,Faith Hill,1,13,
1994-05-07,4,Addicted To A Dollar,Doug Stone,6,11,Gains In Performance
1994-05-07,5,Before You Kill Us All,Randy Travis,7,9,Gains In Performance
1994-05-07,6,Rock Bottom,Wynonna,2,12,
1994-05-07,7,Your Love Amazes Me,John Berry,9,13,Gains In Performance
1994-05-07,8,Rope The Moon,John Michael Montgomery,11,8,Gains In Performance
1994-05-07,9,Lovebug,George Strait,12,11,Gains In Performance
1994-05-07,10,Wish I Didn't Know Now,Toby Keith,13,8,Gains In Performance
1994-05-07,11,Don't Take The Girl,Tim McGraw,23,6,Gains In Performance
1994-05-07,12,I Can't Reach Her Anymore,Sammy Kershaw,5,17,
1994-05-07,13,Where Do I Fit In The Picture,Clay Walker,15,11,Gains In Performance
1994-05-07,14,Try Not To Look So Pretty,Dwight Yoakam,14,12,Gains In Performance
1994-05-07,15,That Ain't No Way To Go,Brooks & Dunn,19,5,Gains In Performance
1994-05-07,16,How Can I Help You Say Goodbye,Patty Loveless,18,8,Gains In Performance
1994-05-07,17,Walking Away A Winner,Kathy Mattea,21,7,Gains In Performance
1994-05-07,18,Spilled Perfume,Pam Tillis,20,7,Gains In Performance
1994-05-07,19,If The Good Die Young,Tracy Lawrence,8,14,
1994-05-07,20,Whenever You Come Around,Vince Gill,25,4,Gains In Performance
1994-05-07,21,Why Haven't I Heard From You,Reba McEntire,28,5,Gains In Performance
1994-05-07,22,Little Rock,Collin Raye,31,5,Gains In Performance
1994-05-07,23,Daddy Never Was The Cadillac Kind,Confederate Railroad,26,9,Gains In Performance
1994-05-07,24,I'm Holding My Own,Lee Roy Parnell,10,18,
1994-05-07,25,In My Own Backyard,Joe Diffie,22,9,Gains In Performance
1994-05-07,26,My Love,Little Texas,16,17,
1994-05-07,27,"Woman, Sensuous Woman",Mark Chesnutt,35,6,Gains In Performance
1994-05-07,28,Wink,Neal McCoy,46,3,Gains In Performance
1994-05-07,29,The Cheap Seats,Alabama,42,4,Gains In Performance
1994-05-07,30,They Don't Make 'Em Like That Anymore,Boy Howdy,41,6,Gains In Performance
1994-05-07,31,My Night To Howl,Lorrie Morgan,44,8,Gains In Performance
1994-05-07,32,What A Crying Shame,The Mavericks,29,19,
1994-05-07,33,Words By Heart,Billy Ray Cyrus,17,15,
1994-05-07,34,Foolish Pride,Travis Tritt,50,3,Gains In Performance
1994-05-07,35,Honky Tonk Crowd,Rick Trevino,39,13,
1994-05-07,36,Tryin' To Get Over You,Vince Gill,43,18,
1994-05-07,37,Life #9,Martina McBride,34,18,
1994-05-07,38,(Who Says) You Can't Have It All,Alan Jackson,40,15,
1994-05-07,39,Indian Outlaw,Tim McGraw,33,16,
1994-05-07,40,Every Once In A While,BlackHawk,51,4,Gains In Performance
1994-05-07,41,It Won't Be Over You,Steve Wariner,48,5,Gains In Performance
1994-05-07,42,Red And Rio Grande,Doug Supernaw,27,14,
1994-05-07,43,I Take My Chances,Mary Chapin Carpenter,62,2,Gains In Performance
1994-05-07,44,Better Your Heart Than Mine,Trisha Yearwood,24,14,
1994-05-07,45,We Don't Have To Do This,Tanya Tucker,38,17,
1994-05-07,46,I Wish I Could Have Been There,John Anderson,58,3,Gains In Performance
1994-05-07,47,Cowboys Don't Cry,Daron Norwood,56,4,Gains In Performance
1994-05-07,48,(Tonight We Just Might) Fall In Love Again,Hal Ketchum,57,3,Gains In Performance
1994-05-07,49,Lifestyles Of The Not So Rich & Famous,Tracy Byrd,66,2,Gains In Performance
1994-05-07,50,That's My Baby,Lari White,54,5,Gains In Performance
1994-05-07,51,"Kiss Me, I'm Gone",Marty Stuart,36,16,
1994-05-07,52,Just Once,David Lee Murphy,52,10,Gains In Performance
1994-05-07,53,Thinkin' Problem,David Ball,63,4,Gains In Performance
1994-05-07,54,Whole Lotta Love On The Line,Aaron Tippin,65,3,Gains In Performance
1994-05-07,55,Eagle Over Angel,Brother Phelps,53,7,
1994-05-07,56,Lookin' In The Same Direction,Ken Mellons,61,6,Gains In Performance
1994-05-07,57,Company Time,Linda Davis,47,11,
1994-05-07,58,Falling Out Of Love,John And Audrey Wiggins,70,2,Gains In Performance
1994-05-07,59,All Over Town,Don Cox,67,5,Gains In Performance
1994-05-07,60,Let The Picture Paint Itself,Rodney Crowell,64,6,
1994-05-14,1,If Bubba Can Dance (I Can Too),Shenandoah,2,14,
1994-05-14,2,A Good Run Of Bad Luck,Clint Black,1,11,
1994-05-14,3,Before You Kill Us All,Randy Travis,5,10,Gains In Performance
1994-05-14,4,Addicted To A Dollar,Doug Stone,4,12,
1994-05-14,5,Your Love Amazes Me,John Berry,7,14,Gains In Performance
1994-05-14,6,Rope The Moon,John Michael Montgomery,8,9,Gains In Performance
1994-05-14,7,Wish I Didn't Know Now,Toby Keith,10,9,Gains In Performance
1994-05-14,8,Don't Take The Girl,Tim McGraw,11,7,Gains In Performance
1994-05-14,9,Lovebug,George Strait,9,12,Gains In Performance
1994-05-14,10,Piece Of My Heart,Faith Hill,3,14,
1994-05-14,11,Where Do I Fit In The Picture,Clay Walker,13,12,Gains In Performance
1994-05-14,12,How Can I Help You Say Goodbye,Patty Loveless,16,9,Gains In Performance
1994-05-14,13,That Ain't No Way To Go,Brooks & Dunn,15,6,Gains In Performance
1994-05-14,14,Rock Bottom,Wynonna,6,13,
1994-05-14,15,Walking Away A Winner,Kathy Mattea,17,8,Gains In Performance
1994-05-14,16,Whenever You Come Around,Vince Gill,20,5,Gains In Performance
1994-05-14,17,Spilled Perfume,Pam Tillis,18,8,Gains In Performance
1994-05-14,18,Little Rock,Collin Raye,22,6,Gains In Performance
1994-05-14,19,Why Haven't I Heard From You,Reba McEntire,21,6,Gains In Performance
1994-05-14,20,Try Not To Look So Pretty,Dwight Yoakam,14,13,
1994-05-14,21,Daddy Never Was The Cadillac Kind,Confederate Railroad,23,10,Gains In Performance
1994-05-14,22,In My Own Backyard,Joe Diffie,25,10,Gains In Performance
1994-05-14,23,"Woman, Sensuous Woman",Mark Chesnutt,27,7,Gains In Performance
1994-05-14,24,Wink,Neal McCoy,28,4,Gains In Performance
1994-05-14,25,I Can't Reach Her Anymore,Sammy Kershaw,12,18,
1994-05-14,26,The Cheap Seats,Alabama,29,5,Gains In Performance
1994-05-14,27,If The Good Die Young,Tracy Lawrence,19,15,
1994-05-14,28,They Don't Make 'Em Like That Anymore,Boy Howdy,30,7,Gains In Performance
1994-05-14,29,I'm Holding My Own,Lee Roy Parnell,24,19,
1994-05-14,30,My Love,Little Texas,26,18,
1994-05-14,31,Foolish Pride,Travis Tritt,34,4,Gains In Performance
1994-05-14,32,Every Once In A While,BlackHawk,40,5,Gains In Performance
1994-05-14,33,I Take My Chances,Mary Chapin Carpenter,43,3,Gains In Performance
1994-05-14,34,It Won't Be Over You,Steve Wariner,41,6,Gains In Performance
1994-05-14,35,(Who Says) You Can't Have It All,Alan Jackson,38,16,
1994-05-14,36,I Wish I Could Have Been There,John Anderson,46,4,Gains In Performance
1994-05-14,37,Life #9,Martina McBride,37,19,
1994-05-14,38,Lifestyles Of The Not So Rich & Famous,Tracy Byrd,49,3,Gains In Performance
1994-05-14,39,Cowboys Don't Cry,Daron Norwood,47,5,Gains In Performance
1994-05-14,40,(Tonight We Just Might) Fall In Love Again,Hal Ketchum,48,4,Gains In Performance
1994-05-14,41,Indian Outlaw,Tim McGraw,39,17,
1994-05-14,42,Tryin' To Get Over You,Vince Gill,36,19,
1994-05-14,43,That's My Baby,Lari White,50,6,Gains In Performance
1994-05-14,44,My Night To Howl,Lorrie Morgan,31,9,
1994-05-14,45,Just Once,David Lee Murphy,52,11,Gains In Performance
1994-05-14,46,What A Crying Shame,The Mavericks,32,20,
1994-05-14,47,Words By Heart,Billy Ray Cyrus,33,16,
1994-05-14,48,Thinkin' Problem,David Ball,53,5,Gains In Performance
1994-05-14,49,Whole Lotta Love On The Line,Aaron Tippin,54,4,Gains In Performance
1994-05-14,50,We Don't Have To Do This,Tanya Tucker,45,18,
1994-05-14,51,Honky Tonk Crowd,Rick Trevino,35,14,
1994-05-14,52,Red And Rio Grande,Doug Supernaw,42,15,
1994-05-14,53,Better Your Heart Than Mine,Trisha Yearwood,44,15,
1994-05-14,54,Falling Out Of Love,John And Audrey Wiggins,58,3,Gains In Performance
1994-05-14,55,Lookin' In The Same Direction,Ken Mellons,56,7,Gains In Performance
1994-05-14,56,You Wouldn't Say That To A Stranger,Suzy Bogguss,65,2,Gains In Performance
1994-05-14,57,One Night A Day,Garth Brooks,RE,2,Gains In Performance
1994-05-14,58,Eagle Over Angel,Brother Phelps,55,8,
1994-05-14,59,"Kiss Me, I'm Gone",Marty Stuart,51,17,
1994-05-14,60,All Over Town,Don Cox,59,6,Gains In Performance
1994-05-21,1,Your Love Amazes Me,John Berry,5,15,Gains In Performance
1994-05-21,2,Before You Kill Us All,Randy Travis,3,11,Gains In Performance
1994-05-21,3,Wish I Didn't Know Now,Toby Keith,7,10,Gains In Performance
1994-05-21,4,Rope The Moon,John Michael Montgomery,6,10,Gains In Performance
1994-05-21,5,Don't Take The Girl,Tim McGraw,8,8,Gains In Performance
1994-05-21,6,If Bubba Can Dance (I Can Too),Shenandoah,1,15,
1994-05-21,7,How Can I Help You Say Goodbye,Patty Loveless,12,10,Gains In Performance
1994-05-21,8,A Good Run Of Bad Luck,Clint Black,2,12,
1994-05-21,9,Lovebug,George Strait,9,13,Gains In Performance
1994-05-21,10,Addicted To A Dollar,Doug Stone,4,13,
1994-05-21,11,Where Do I Fit In The Picture,Clay Walker,11,13,Gains In Performance
1994-05-21,12,That Ain't No Way To Go,Brooks & Dunn,13,7,Gains In Performance
1994-05-21,13,Walking Away A Winner,Kathy Mattea,15,9,Gains In Performance
1994-05-21,14,Whenever You Come Around,Vince Gill,16,6,Gains In Performance
1994-05-21,15,Spilled Perfume,Pam Tillis,17,9,Gains In Performance
1994-05-21,16,Wink,Neal McCoy,24,5,Gains In Performance
1994-05-21,17,Piece Of My Heart,Faith Hill,10,15,
1994-05-21,18,Little Rock,Collin Raye,18,7,Gains In Performance
1994-05-21,19,Why Haven't I Heard From You,Reba McEntire,19,7,Gains In Performance
1994-05-21,20,Daddy Never Was The Cadillac Kind,Confederate Railroad,21,11,Gains In Performance
1994-05-21,21,"Woman, Sensuous Woman",Mark Chesnutt,23,8,Gains In Performance
1994-05-21,22,In My Own Backyard,Joe Diffie,22,11,Gains In Performance
1994-05-21,23,They Don't Make 'Em Like That Anymore,Boy Howdy,28,8,Gains In Performance
1994-05-21,24,The Cheap Seats,Alabama,26,6,Gains In Performance
1994-05-21,25,Foolish Pride,Travis Tritt,31,5,Gains In Performance
1994-05-21,26,Rock Bottom,Wynonna,14,14,
1994-05-21,27,Every Once In A While,BlackHawk,32,6,Gains In Performance
1994-05-21,28,I Take My Chances,Mary Chapin Carpenter,33,4,Gains In Performance
1994-05-21,29,I Can't Reach Her Anymore,Sammy Kershaw,25,19,
1994-05-21,30,If The Good Die Young,Tracy Lawrence,27,16,
1994-05-21,31,My Love,Little Texas,30,19,
1994-05-21,32,It Won't Be Over You,Steve Wariner,34,7,Gains In Performance
1994-05-21,33,Lifestyles Of The Not So Rich & Famous,Tracy Byrd,38,4,Gains In Performance
1994-05-21,34,I'm Holding My Own,Lee Roy Parnell,29,20,
1994-05-21,35,I Wish I Could Have Been There,John Anderson,36,5,Gains In Performance
1994-05-21,36,Cowboys Don't Cry,Daron Norwood,39,6,Gains In Performance
1994-05-21,37,(Tonight We Just Might) Fall In Love Again,Hal Ketchum,40,5,Gains In Performance
1994-05-21,38,That's My Baby,Lari White,43,7,Gains In Performance
1994-05-21,39,Try Not To Look So Pretty,Dwight Yoakam,20,14,
1994-05-21,40,One Night A Day,Garth Brooks,57,3,Gains In Performance
1994-05-21,41,Just Once,David Lee Murphy,45,12,Gains In Performance
1994-05-21,42,Tryin' To Get Over You,Vince Gill,42,20,
1994-05-21,43,(Who Says) You Can't Have It All,Alan Jackson,35,17,
1994-05-21,44,Thinkin' Problem,David Ball,48,6,Gains In Performance
1994-05-21,45,Life #9,Martina McBride,37,20,
1994-05-21,46,Indian Outlaw,Tim McGraw,41,18,
1994-05-21,47,Whole Lotta Love On The Line,Aaron Tippin,49,5,Gains In Performance
1994-05-21,48,Words By Heart,Billy Ray Cyrus,47,17,
1994-05-21,49,You Wouldn't Say That To A Stranger,Suzy Bogguss,56,3,Gains In Performance
1994-05-21,50,Falling Out Of Love,John And Audrey Wiggins,54,4,Gains In Performance
1994-05-21,51,Independence Day,Martina McBride,64,3,Gains In Performance
1994-05-21,52,We Don't Have To Do This,Tanya Tucker,50,19,
1994-05-21,53,It Is No Secret,Mark Collie,61,3,Gains In Performance
1994-05-21,54,My Night To Howl,Lorrie Morgan,44,10,
1994-05-21,55,Lookin' In The Same Direction,Ken Mellons,55,8,Gains In Performance
1994-05-21,56,All Over Town,Don Cox,60,7,Gains In Performance
1994-05-21,57,Cry Wolf,Victoria Shaw,63,3,Gains In Performance
1994-05-21,58,Baby Needs New Shoes,Restless Heart,62,4,Gains In Performance
1994-05-21,59,Something Already Gone,Carlene Carter,73,2,Gains In Performance
1994-05-21,60,Honky Tonk Crowd,Rick Trevino,51,15,
1994-05-28,1,Don't Take The Girl,Tim McGraw,5,9,Gains In Performance
1994-05-28,2,Wish I Didn't Know Now,Toby Keith,3,11,Gains In Performance
1994-05-28,3,Your Love Amazes Me,John Berry,1,16,
1994-05-28,4,Rope The Moon,John Michael Montgomery,4,11,Gains In Performance
1994-05-28,5,How Can I Help You Say Goodbye,Patty Loveless,7,11,Gains In Performance
1994-05-28,6,Before You Kill Us All,Randy Travis,2,12,
1994-05-28,7,That Ain't No Way To Go,Brooks & Dunn,12,8,Gains In Performance
1994-05-28,8,Lovebug,George Strait,9,14,Gains In Performance
1994-05-28,9,Whenever You Come Around,Vince Gill,14,7,Gains In Performance
1994-05-28,10,Walking Away A Winner,Kathy Mattea,13,10,Gains In Performance
1994-05-28,11,Where Do I Fit In The Picture,Clay Walker,11,14,
1994-05-28,12,Wink,Neal McCoy,16,6,Gains In Performance
1994-05-28,13,Spilled Perfume,Pam Tillis,15,10,Gains In Performance
1994-05-28,14,A Good Run Of Bad Luck,Clint Black,8,13,
1994-05-28,15,Little Rock,Collin Raye,18,8,Gains In Performance
1994-05-28,16,Why Haven't I Heard From You,Reba McEntire,19,8,Gains In Performance
1994-05-28,17,Daddy Never Was The Cadillac Kind,Confederate Railroad,20,12,Gains In Performance
1994-05-28,18,They Don't Make 'Em Like That Anymore,Boy Howdy,23,9,Gains In Performance
1994-05-28,19,In My Own Backyard,Joe Diffie,22,12,Gains In Performance
1994-05-28,20,If Bubba Can Dance (I Can Too),Shenandoah,6,16,
1994-05-28,21,The Cheap Seats,Alabama,24,7,Gains In Performance
1994-05-28,22,"Woman, Sensuous Woman",Mark Chesnutt,21,9,
1994-05-28,23,I Take My Chances,Mary Chapin Carpenter,28,5,Gains In Performance
1994-05-28,24,Foolish Pride,Travis Tritt,25,6,Gains In Performance
1994-05-28,25,Every Once In A While,BlackHawk,27,7,Gains In Performance
1994-05-28,26,Addicted To A Dollar,Doug Stone,10,14,
1994-05-28,27,Piece Of My Heart,Faith Hill,17,16,
1994-05-28,28,It Won't Be Over You,Steve Wariner,32,8,Gains In Performance
1994-05-28,29,One Night A Day,Garth Brooks,40,4,Gains In Performance
1994-05-28,30,Lifestyles Of The Not So Rich & Famous,Tracy Byrd,33,5,Gains In Performance
1994-05-28,31,I Wish I Could Have Been There,John Anderson,35,6,Gains In Performance
1994-05-28,32,Rock Bottom,Wynonna,26,15,
1994-05-28,33,Cowboys Don't Cry,Daron Norwood,36,7,Gains In Performance
1994-05-28,34,That's My Baby,Lari White,38,8,Gains In Performance
1994-05-28,35,If The Good Die Young,Tracy Lawrence,30,17,
1994-05-28,36,My Love,Little Texas,31,20,
1994-05-28,37,I Can't Reach Her Anymore,Sammy Kershaw,29,20,
1994-05-28,38,(Tonight We Just Might) Fall In Love Again,Hal Ketchum,37,6,Gains In Performance
1994-05-28,39,Thinkin' Problem,David Ball,44,7,Gains In Performance
1994-05-28,40,Just Once,David Lee Murphy,41,13,Gains In Performance
1994-05-28,41,Whole Lotta Love On The Line,Aaron Tippin,47,6,Gains In Performance
1994-05-28,42,(Who Says) You Can't Have It All,Alan Jackson,43,18,
1994-05-28,43,Indian Outlaw,Tim McGraw,46,19,
1994-05-28,44,Stop On A Dime,Little Texas,66,2,Gains In Performance
1994-05-28,45,You Wouldn't Say That To A Stranger,Suzy Bogguss,49,4,Gains In Performance
1994-05-28,46,Independence Day,Martina McBride,51,4,Gains In Performance
1994-05-28,47,Take These Chains From My Heart,Lee Roy Parnell,67,2,Gains In Performance
1994-05-28,48,National Working Woman's Holiday,Sammy Kershaw,62,2,Gains In Performance
1994-05-28,49,Try Not To Look So Pretty,Dwight Yoakam,39,15,
1994-05-28,50,Falling Out Of Love,John And Audrey Wiggins,50,5,Gains In Performance
1994-05-28,51,Words By Heart,Billy Ray Cyrus,48,18,
1994-05-28,52,Something Already Gone,Carlene Carter,59,3,Gains In Performance
1994-05-28,53,All Over Town,Don Cox,56,8,Gains In Performance
1994-05-28,54,We Don't Have To Do This,Tanya Tucker,52,20,
1994-05-28,55,It Is No Secret,Mark Collie,53,4,
1994-05-28,56,Baby Needs New Shoes,Restless Heart,58,5,Gains In Performance
1994-05-28,57,If You Came Back From Heaven,Lorrie Morgan,70,2,Gains In Performance
1994-05-28,58,"Renegades, Rebels And Rogues",Tracy Lawrence,NEW,1,Highest ranking debut|Gains In Performance
1994-05-28,59,Cry Wolf,Victoria Shaw,57,4,Gains In Performance
1994-05-28,60,Lookin' In The Same Direction,Ken Mellons,55,9,
1994-06-04,1,Don't Take The Girl,Tim McGraw,1,10,Gains In Performance
1994-06-04,2,That Ain't No Way To Go,Brooks & Dunn,7,9,Gains In Performance
1994-06-04,3,How Can I Help You Say Goodbye,Patty Loveless,5,12,Gains In Performance
1994-06-04,4,Wish I Didn't Know Now,Toby Keith,2,12,
1994-06-04,5,Whenever You Come Around,Vince Gill,9,8,Gains In Performance
1994-06-04,6,Rope The Moon,John Michael Montgomery,4,12,
1994-06-04,7,Walking Away A Winner,Kathy Mattea,10,11,Gains In Performance
1994-06-04,8,Wink,Neal McCoy,12,7,Gains In Performance
1994-06-04,9,Spilled Perfume,Pam Tillis,13,11,Gains In Performance
1994-06-04,10,Your Love Amazes Me,John Berry,3,17,
1994-06-04,11,Lovebug,George Strait,8,15,
1994-06-04,12,Little Rock,Collin Raye,15,9,Gains In Performance
1994-06-04,13,Why Haven't I Heard From You,Reba McEntire,16,9,Gains In Performance
1994-06-04,14,Daddy Never Was The Cadillac Kind,Confederate Railroad,17,13,Gains In Performance
1994-06-04,15,They Don't Make 'Em Like That Anymore,Boy Howdy,18,10,Gains In Performance
1994-06-04,16,Before You Kill Us All,Randy Travis,6,13,
1994-06-04,17,I Take My Chances,Mary Chapin Carpenter,23,6,Gains In Performance
1994-06-04,18,Foolish Pride,Travis Tritt,24,7,Gains In Performance
1994-06-04,19,The Cheap Seats,Alabama,21,8,Gains In Performance
1994-06-04,20,Every Once In A While,BlackHawk,25,8,Gains In Performance
1994-06-04,21,"Woman, Sensuous Woman",Mark Chesnutt,22,10,
1994-06-04,22,A Good Run Of Bad Luck,Clint Black,14,14,
1994-06-04,23,In My Own Backyard,Joe Diffie,19,13,
1994-06-04,24,One Night A Day,Garth Brooks,29,5,Gains In Performance
1994-06-04,25,It Won't Be Over You,Steve Wariner,28,9,Gains In Performance
1994-06-04,26,If Bubba Can Dance (I Can Too),Shenandoah,20,17,
1994-06-04,27,Lifestyles Of The Not So Rich & Famous,Tracy Byrd,30,6,Gains In Performance
1994-06-04,28,I Wish I Could Have Been There,John Anderson,31,7,Gains In Performance
1994-06-04,29,That's My Baby,Lari White,34,9,Gains In Performance
1994-06-04,30,Where Do I Fit In The Picture,Clay Walker,11,15,
1994-06-04,31,Cowboys Don't Cry,Daron Norwood,33,8,Gains In Performance
1994-06-04,32,Piece Of My Heart,Faith Hill,27,17,
1994-06-04,33,(Tonight We Just Might) Fall In Love Again,Hal Ketchum,38,7,Gains In Performance
1994-06-04,34,Addicted To A Dollar,Doug Stone,26,15,
1994-06-04,35,Thinkin' Problem,David Ball,39,8,Gains In Performance
1994-06-04,36,If The Good Die Young,Tracy Lawrence,35,18,
1994-06-04,37,Stop On A Dime,Little Texas,44,3,Gains In Performance
1994-06-04,38,Just Once,David Lee Murphy,40,14,Gains In Performance
1994-06-04,39,Rock Bottom,Wynonna,32,16,
1994-06-04,40,Whole Lotta Love On The Line,Aaron Tippin,41,7,Gains In Performance
1994-06-04,41,National Working Woman's Holiday,Sammy Kershaw,48,3,Gains In Performance
1994-06-04,42,Independence Day,Martina McBride,46,5,Gains In Performance
1994-06-04,43,You Wouldn't Say That To A Stranger,Suzy Bogguss,45,5,Gains In Performance
1994-06-04,44,Take These Chains From My Heart,Lee Roy Parnell,47,3,Gains In Performance
1994-06-04,45,"Renegades, Rebels And Rogues",Tracy Lawrence,58,2,Gains In Performance
1994-06-04,46,(Who Says) You Can't Have It All,Alan Jackson,42,19,
1994-06-04,47,Falling Out Of Love,John And Audrey Wiggins,50,6,Gains In Performance
1994-06-04,48,Indian Outlaw,Tim McGraw,43,20,
1994-06-04,49,Something Already Gone,Carlene Carter,52,4,Gains In Performance
1994-06-04,50,Love A Little Stronger,Diamond Rio,65,2,Gains In Performance
1994-06-04,51,If You Came Back From Heaven,Lorrie Morgan,57,3,Gains In Performance
1994-06-04,52,Baby Needs New Shoes,Restless Heart,56,6,Gains In Performance
1994-06-04,53,Hangin' In,Tanya Tucker,71,2,Gains In Performance
1994-06-04,54,Words By Heart,Billy Ray Cyrus,51,19,
1994-06-04,55,All Over Town,Don Cox,53,9,
1994-06-04,56,It Is No Secret,Mark Collie,55,5,Gains In Performance
1994-06-04,57,Try Not To Look So Pretty,Dwight Yoakam,49,16,
1994-06-04,58,O What A Thrill,The Mavericks,61,4,Gains In Performance
1994-06-04,59,But I Will,Faith Hill,NEW,1,Highest ranking debut|Gains In Performance
1994-06-04,60,Cry Wolf,Victoria Shaw,59,5,
1994-06-11,1,That Ain't No Way To Go,Brooks & Dunn,2,10,Gains In Performance
1994-06-11,2,Whenever You Come Around,Vince Gill,5,9,Gains In Performance
1994-06-11,3,How Can I Help You Say Goodbye,Patty Loveless,3,13,
1994-06-11,4,Walking Away A Winner,Kathy Mattea,7,12,Gains In Performance
1994-06-11,5,Don't Take The Girl,Tim McGraw,1,11,
1994-06-11,6,Wink,Neal McCoy,8,8,Gains In Performance
1994-06-11,7,Spilled Perfume,Pam Tillis,9,12,Gains In Performance
1994-06-11,8,Little Rock,Collin Raye,12,10,Gains In Performance
1994-06-11,9,Daddy Never Was The Cadillac Kind,Confederate Railroad,14,14,Gains In Performance
1994-06-11,10,Wish I Didn't Know Now,Toby Keith,4,13,
1994-06-11,11,Rope The Moon,John Michael Montgomery,6,13,
1994-06-11,12,Why Haven't I Heard From You,Reba McEntire,13,10,Gains In Performance
1994-06-11,13,They Don't Make 'Em Like That Anymore,Boy Howdy,15,11,Gains In Performance
1994-06-11,14,I Take My Chances,Mary Chapin Carpenter,17,7,Gains In Performance
1994-06-11,15,Foolish Pride,Travis Tritt,18,8,Gains In Performance
1994-06-11,16,Every Once In A While,BlackHawk,20,9,Gains In Performance
1994-06-11,17,The Cheap Seats,Alabama,19,9,Gains In Performance
1994-06-11,18,Your Love Amazes Me,John Berry,10,18,
1994-06-11,19,One Night A Day,Garth Brooks,24,6,Gains In Performance
1994-06-11,20,Lifestyles Of The Not So Rich & Famous,Tracy Byrd,27,7,Gains In Performance
1994-06-11,21,It Won't Be Over You,Steve Wariner,25,10,Gains In Performance
1994-06-11,22,I Wish I Could Have Been There,John Anderson,28,8,Gains In Performance
1994-06-11,23,Before You Kill Us All,Randy Travis,16,14,
1994-06-11,24,That's My Baby,Lari White,29,10,Gains In Performance
1994-06-11,25,"Woman, Sensuous Woman",Mark Chesnutt,21,11,
1994-06-11,26,A Good Run Of Bad Luck,Clint Black,22,15,
1994-06-11,27,Cowboys Don't Cry,Daron Norwood,31,9,Gains In Performance
1994-06-11,28,Lovebug,George Strait,11,16,
1994-06-11,29,Thinkin' Problem,David Ball,35,9,Gains In Performance
1994-06-11,30,Stop On A Dime,Little Texas,37,4,Gains In Performance
1994-06-11,31,(Tonight We Just Might) Fall In Love Again,Hal Ketchum,33,8,Gains In Performance
1994-06-11,32,If Bubba Can Dance (I Can Too),Shenandoah,26,18,
1994-06-11,33,National Working Woman's Holiday,Sammy Kershaw,41,4,Gains In Performance
1994-06-11,34,Piece Of My Heart,Faith Hill,32,18,
1994-06-11,35,Whole Lotta Love On The Line,Aaron Tippin,40,8,Gains In Performance
1994-06-11,36,Just Once,David Lee Murphy,38,15,Gains In Performance
1994-06-11,37,In My Own Backyard,Joe Diffie,23,14,
1994-06-11,38,"Renegades, Rebels And Rogues",Tracy Lawrence,45,3,Gains In Performance
1994-06-11,39,Take These Chains From My Heart,Lee Roy Parnell,44,4,Gains In Performance
1994-06-11,40,Addicted To A Dollar,Doug Stone,34,16,
1994-06-11,41,If The Good Die Young,Tracy Lawrence,36,19,
1994-06-11,42,Independence Day,Martina McBride,42,6,Gains In Performance
1994-06-11,43,Where Do I Fit In The Picture,Clay Walker,30,16,
1994-06-11,44,Love A Little Stronger,Diamond Rio,50,3,Gains In Performance
1994-06-11,45,Rock Bottom,Wynonna,39,17,
1994-06-11,46,You Wouldn't Say That To A Stranger,Suzy Bogguss,43,6,Gains In Performance
1994-06-11,47,Something Already Gone,Carlene Carter,49,5,Gains In Performance
1994-06-11,48,Hangin' In,Tanya Tucker,53,3,Gains In Performance
1994-06-11,49,Falling Out Of Love,John And Audrey Wiggins,47,7,Gains In Performance
1994-06-11,50,(Who Says) You Can't Have It All,Alan Jackson,46,20,
1994-06-11,51,Dreaming With My Eyes Open,Clay Walker,NEW,1,Highest ranking debut|Gains In Performance
1994-06-11,52,If You Came Back From Heaven,Lorrie Morgan,51,4,Gains In Performance
1994-06-11,53,But I Will,Faith Hill,59,2,Gains In Performance
1994-06-11,54,Half The Man,Clint Black,65,2,Gains In Performance
1994-06-11,55,It Is No Secret,Mark Collie,56,6,Gains In Performance
1994-06-11,56,O What A Thrill,The Mavericks,58,5,Gains In Performance
1994-06-11,57,Girls With Guitars,Wynonna,68,2,Gains In Performance
1994-06-11,58,Baby Needs New Shoes,Restless Heart,52,7,
1994-06-11,59,Words By Heart,Billy Ray Cyrus,54,20,
1994-06-11,60,She Can't Say I Didn't Cry,Rick Trevino,66,2,Gains In Performance
1994-06-18,1,Wink,Neal McCoy,6,9,Gains In Performance
1994-06-18,2,Whenever You Come Around,Vince Gill,2,10,Gains In Performance
1994-06-18,3,Walking Away A Winner,Kathy Mattea,4,13,Gains In Performance
1994-06-18,4,That Ain't No Way To Go,Brooks & Dunn,1,11,
1994-06-18,5,Spilled Perfume,Pam Tillis,7,13,Gains In Performance
1994-06-18,6,How Can I Help You Say Goodbye,Patty Loveless,3,14,
1994-06-18,7,Don't Take The Girl,Tim McGraw,5,12,
1994-06-18,8,Little Rock,Collin Raye,8,11,Gains In Performance
1994-06-18,9,Daddy Never Was The Cadillac Kind,Confederate Railroad,9,15,Gains In Performance
1994-06-18,10,Why Haven't I Heard From You,Reba McEntire,12,11,Gains In Performance
1994-06-18,11,They Don't Make 'Em Like That Anymore,Boy Howdy,13,12,Gains In Performance
1994-06-18,12,I Take My Chances,Mary Chapin Carpenter,14,8,Gains In Performance
1994-06-18,13,The Cheap Seats,Alabama,17,10,Gains In Performance
1994-06-18,14,Every Once In A While,BlackHawk,16,10,Gains In Performance
1994-06-18,15,Foolish Pride,Travis Tritt,15,9,Gains In Performance
1994-06-18,16,Wish I Didn't Know Now,Toby Keith,10,14,
1994-06-18,17,One Night A Day,Garth Brooks,19,7,Gains In Performance
1994-06-18,18,Lifestyles Of The Not So Rich & Famous,Tracy Byrd,20,8,Gains In Performance
1994-06-18,19,It Won't Be Over You,Steve Wariner,21,11,Gains In Performance
1994-06-18,20,I Wish I Could Have Been There,John Anderson,22,9,Gains In Performance
1994-06-18,21,That's My Baby,Lari White,24,11,Gains In Performance
1994-06-18,22,Rope The Moon,John Michael Montgomery,11,14,
1994-06-18,23,Stop On A Dime,Little Texas,30,5,Gains In Performance
1994-06-18,24,Cowboys Don't Cry,Daron Norwood,27,10,Gains In Performance
1994-06-18,25,Thinkin' Problem,David Ball,29,10,Gains In Performance
1994-06-18,26,Your Love Amazes Me,John Berry,18,19,
1994-06-18,27,(Tonight We Just Might) Fall In Love Again,Hal Ketchum,31,9,Gains In Performance
1994-06-18,28,National Working Woman's Holiday,Sammy Kershaw,33,5,Gains In Performance
1994-06-18,29,Before You Kill Us All,Randy Travis,23,15,
1994-06-18,30,"Renegades, Rebels And Rogues",Tracy Lawrence,38,4,Gains In Performance
1994-06-18,31,A Good Run Of Bad Luck,Clint Black,26,16,
1994-06-18,32,Take These Chains From My Heart,Lee Roy Parnell,39,5,Gains In Performance
1994-06-18,33,Whole Lotta Love On The Line,Aaron Tippin,35,9,Gains In Performance
1994-06-18,34,If Bubba Can Dance (I Can Too),Shenandoah,32,19,
1994-06-18,35,Piece Of My Heart,Faith Hill,34,19,
1994-06-18,36,Love A Little Stronger,Diamond Rio,44,4,Gains In Performance
1994-06-18,37,Independence Day,Martina McBride,42,7,Gains In Performance
1994-06-18,38,If The Good Die Young,Tracy Lawrence,41,20,Gains In Performance
1994-06-18,39,"Woman, Sensuous Woman",Mark Chesnutt,25,12,
1994-06-18,40,Lovebug,George Strait,28,17,
1994-06-18,41,Addicted To A Dollar,Doug Stone,40,17,
1994-06-18,42,Girls With Guitars,Wynonna,57,3,Gains In Performance
1994-06-18,43,Hangin' In,Tanya Tucker,48,4,Gains In Performance
1994-06-18,44,Just Once,David Lee Murphy,36,16,
1994-06-18,45,You Wouldn't Say That To A Stranger,Suzy Bogguss,46,7,Gains In Performance
1994-06-18,46,Dreaming With My Eyes Open,Clay Walker,51,2,Gains In Performance
1994-06-18,47,Something Already Gone,Carlene Carter,47,6,Gains In Performance
1994-06-18,48,Rock Bottom,Wynonna,45,18,
1994-06-18,49,Half The Man,Clint Black,54,3,Gains In Performance
1994-06-18,50,Where Do I Fit In The Picture,Clay Walker,43,17,
1994-06-18,51,In My Own Backyard,Joe Diffie,37,15,
1994-06-18,52,Falling Out Of Love,John And Audrey Wiggins,49,8,Gains In Performance
1994-06-18,53,Summertime Blues,Alan Jackson,NEW,1,Highest ranking debut|Gains In Performance
1994-06-18,54,But I Will,Faith Hill,53,3,Gains In Performance
1994-06-18,55,Whisper My Name,Randy Travis,67,2,Gains In Performance
1994-06-18,56,She Can't Say I Didn't Cry,Rick Trevino,60,3,Gains In Performance
1994-06-18,57,If You Came Back From Heaven,Lorrie Morgan,52,5,Gains In Performance
1994-06-18,58,O What A Thrill,The Mavericks,56,6,Gains In Performance
1994-06-18,59,It Is No Secret,Mark Collie,55,7,Gains In Performance
1994-06-18,60,Mammas Don't Let Your Babies Grow Up To Be Cowboys.,Gibson/Miller Band,61,4,Gains In Performance
1994-06-25,1,Wink,Neal McCoy,1,10,Gains In Performance
1994-06-25,2,Whenever You Come Around,Vince Gill,2,11,
1994-06-25,3,Walking Away A Winner,Kathy Mattea,3,14,
1994-06-25,4,Little Rock,Collin Raye,8,12,Gains In Performance
1994-06-25,5,Spilled Perfume,Pam Tillis,5,14,
1994-06-25,6,They Don't Make 'Em Like That Anymore,Boy Howdy,11,13,Gains In Performance
1994-06-25,7,Why Haven't I Heard From You,Reba McEntire,10,12,Gains In Performance
1994-06-25,8,That Ain't No Way To Go,Brooks & Dunn,4,12,
1994-06-25,9,I Take My Chances,Mary Chapin Carpenter,12,9,Gains In Performance
1994-06-25,10,Daddy Never Was The Cadillac Kind,Confederate Railroad,9,16,
1994-06-25,11,Don't Take The Girl,Tim McGraw,7,13,
1994-06-25,12,Foolish Pride,Travis Tritt,15,10,Gains In Performance
1994-06-25,13,Every Once In A While,BlackHawk,14,11,Gains In Performance
1994-06-25,14,The Cheap Seats,Alabama,13,11,Gains In Performance
1994-06-25,15,Lifestyles Of The Not So Rich & Famous,Tracy Byrd,18,9,Gains In Performance
1994-06-25,16,One Night A Day,Garth Brooks,17,8,Gains In Performance
1994-06-25,17,I Wish I Could Have Been There,John Anderson,20,10,Gains In Performance
1994-06-25,18,How Can I Help You Say Goodbye,Patty Loveless,6,15,
1994-06-25,19,It Won't Be Over You,Steve Wariner,19,12,
1994-06-25,20,That's My Baby,Lari White,21,12,Gains In Performance
1994-06-25,21,Thinkin' Problem,David Ball,25,11,Gains In Performance
1994-06-25,22,Stop On A Dime,Little Texas,23,6,Gains In Performance
1994-06-25,23,National Working Woman's Holiday,Sammy Kershaw,28,6,Gains In Performance
1994-06-25,24,Wish I Didn't Know Now,Toby Keith,16,15,
1994-06-25,25,Summertime Blues,Alan Jackson,53,2,Gains In Performance
1994-06-25,26,Cowboys Don't Cry,Daron Norwood,24,11,Gains In Performance
1994-06-25,27,"Renegades, Rebels And Rogues",Tracy Lawrence,30,5,Gains In Performance
1994-06-25,28,(Tonight We Just Might) Fall In Love Again,Hal Ketchum,27,10,Gains In Performance
1994-06-25,29,Take These Chains From My Heart,Lee Roy Parnell,32,6,Gains In Performance
1994-06-25,30,Whole Lotta Love On The Line,Aaron Tippin,33,10,Gains In Performance
1994-06-25,31,Love A Little Stronger,Diamond Rio,36,5,Gains In Performance
1994-06-25,32,Rope The Moon,John Michael Montgomery,22,15,
1994-06-25,33,Girls With Guitars,Wynonna,42,4,Gains In Performance
1994-06-25,34,Your Love Amazes Me,John Berry,26,20,
1994-06-25,35,A Good Run Of Bad Luck,Clint Black,31,17,
1994-06-25,36,Independence Day,Martina McBride,37,8,Gains In Performance
1994-06-25,37,Piece Of My Heart,Faith Hill,35,20,
1994-06-25,38,Dreaming With My Eyes Open,Clay Walker,46,3,Gains In Performance
1994-06-25,39,Before You Kill Us All,Randy Travis,29,16,
1994-06-25,40,If Bubba Can Dance (I Can Too),Shenandoah,34,20,
1994-06-25,41,Hangin' In,Tanya Tucker,43,5,Gains In Performance
1994-06-25,42,Half The Man,Clint Black,49,4,Gains In Performance
1994-06-25,43,Something Already Gone,Carlene Carter,47,7,Gains In Performance
1994-06-25,44,Addicted To A Dollar,Doug Stone,41,18,
1994-06-25,45,Whisper My Name,Randy Travis,55,3,Gains In Performance
1994-06-25,46,Lovebug,George Strait,40,18,
1994-06-25,47,You Wouldn't Say That To A Stranger,Suzy Bogguss,45,8,
1994-06-25,48,Rock Bottom,Wynonna,48,19,
1994-06-25,49,She Can't Say I Didn't Cry,Rick Trevino,56,4,Gains In Performance
1994-06-25,50,But I Will,Faith Hill,54,4,Gains In Performance
1994-06-25,51,Be My Baby Tonight,John Michael Montgomery,66,6,Gains In Performance
1994-06-25,52,Cowboy Band,Billy Dean,61,4,Gains In Performance
1994-06-25,53,O What A Thrill,The Mavericks,58,7,Gains In Performance
1994-06-25,54,Where Do I Fit In The Picture,Clay Walker,50,18,
1994-06-25,55,In My Own Backyard,Joe Diffie,51,16,
1994-06-25,56,Falling Out Of Love,John And Audrey Wiggins,52,9,
1994-06-25,57,"Woman, Sensuous Woman",Mark Chesnutt,39,13,
1994-06-25,58,If You Came Back From Heaven,Lorrie Morgan,57,6,
1994-06-25,59,Mammas Don't Let Your Babies Grow Up To Be Cowboys.,Gibson/Miller Band,60,5,Gains In Performance
1994-06-25,60,Just Once,David Lee Murphy,44,17,
1994-07-02,1,Wink,Neal McCoy,1,11,Gains In Performance
1994-07-02,2,Little Rock,Collin Raye,4,13,Gains In Performance
1994-07-02,3,They Don't Make 'Em Like That Anymore,Boy Howdy,6,14,Gains In Performance
1994-07-02,4,I Take My Chances,Mary Chapin Carpenter,9,10,Gains In Performance
1994-07-02,5,Why Haven't I Heard From You,Reba McEntire,7,13,Gains In Performance
1994-07-02,6,Foolish Pride,Travis Tritt,12,11,Gains In Performance
1994-07-02,7,Whenever You Come Around,Vince Gill,2,12,
1994-07-02,8,Spilled Perfume,Pam Tillis,5,15,
1994-07-02,9,Walking Away A Winner,Kathy Mattea,3,15,
1994-07-02,10,Every Once In A While,BlackHawk,13,12,Gains In Performance
1994-07-02,11,One Night A Day,Garth Brooks,16,9,Gains In Performance
1994-07-02,12,I Wish I Could Have Been There,John Anderson,17,11,Gains In Performance
1994-07-02,13,Lifestyles Of The Not So Rich & Famous,Tracy Byrd,15,10,Gains In Performance
1994-07-02,14,That Ain't No Way To Go,Brooks & Dunn,8,13,
1994-07-02,15,That's My Baby,Lari White,20,13,Gains In Performance
1994-07-02,16,Thinkin' Problem,David Ball,21,12,Gains In Performance
1994-07-02,17,Summertime Blues,Alan Jackson,25,3,Gains In Performance
1994-07-02,18,It Won't Be Over You,Steve Wariner,19,13,Gains In Performance
1994-07-02,19,The Cheap Seats,Alabama,14,12,
1994-07-02,20,Don't Take The Girl,Tim McGraw,11,14,
1994-07-02,21,National Working Woman's Holiday,Sammy Kershaw,23,7,Gains In Performance
1994-07-02,22,Stop On A Dime,Little Texas,22,7,Gains In Performance
1994-07-02,23,"Renegades, Rebels And Rogues",Tracy Lawrence,27,6,Gains In Performance
1994-07-02,24,(Tonight We Just Might) Fall In Love Again,Hal Ketchum,28,11,Gains In Performance
1994-07-02,25,Love A Little Stronger,Diamond Rio,31,6,Gains In Performance
1994-07-02,26,Daddy Never Was The Cadillac Kind,Confederate Railroad,10,17,
1994-07-02,27,Take These Chains From My Heart,Lee Roy Parnell,29,7,Gains In Performance
1994-07-02,28,Cowboys Don't Cry,Daron Norwood,26,12,
1994-07-02,29,Girls With Guitars,Wynonna,33,5,Gains In Performance
1994-07-02,30,Whole Lotta Love On The Line,Aaron Tippin,30,11,Gains In Performance
1994-07-02,31,Dreaming With My Eyes Open,Clay Walker,38,4,Gains In Performance
1994-07-02,32,Wish I Didn't Know Now,Toby Keith,24,16,
1994-07-02,33,How Can I Help You Say Goodbye,Patty Loveless,18,16,
1994-07-02,34,Hangin' In,Tanya Tucker,41,6,Gains In Performance
1994-07-02,35,Independence Day,Martina McBride,36,9,Gains In Performance
1994-07-02,36,Half The Man,Clint Black,42,5,Gains In Performance
1994-07-02,37,Be My Baby Tonight,John Michael Montgomery,51,7,Gains In Performance
1994-07-02,38,A Good Run Of Bad Luck,Clint Black,35,18,
1994-07-02,39,Before You Kill Us All,Randy Travis,39,17,
1994-07-02,40,Whisper My Name,Randy Travis,45,4,Gains In Performance
1994-07-02,41,Rope The Moon,John Michael Montgomery,32,16,
1994-07-02,42,She Can't Say I Didn't Cry,Rick Trevino,49,5,Gains In Performance
1994-07-02,43,Addicted To A Dollar,Doug Stone,44,19,
1994-07-02,44,But I Will,Faith Hill,50,5,Gains In Performance
1994-07-02,45,Lovebug,George Strait,46,19,
1994-07-02,46,Something Already Gone,Carlene Carter,43,8,
1994-07-02,47,Cowboy Band,Billy Dean,52,5,Gains In Performance
1994-07-02,48,Rock Bottom,Wynonna,48,20,
1994-07-02,49,Mammas Don't Let Your Babies Grow Up To Be Cowboys.,Gibson/Miller Band,59,6,Gains In Performance
1994-07-02,50,O What A Thrill,The Mavericks,53,8,Gains In Performance
1994-07-02,51,More Love,Doug Stone,62,3,Gains In Performance
1994-07-02,52,Where Do I Fit In The Picture,Clay Walker,54,19,
1994-07-02,53,Hard To Say,Sawyer Brown,71,2,Gains In Performance
1994-07-02,54,If You Came Back From Heaven,Lorrie Morgan,58,7,
1994-07-02,55,The Man In Love With You,George Strait,75,2,Gains In Performance
1994-07-02,56,What's In It For Me,John Berry,66,2,Gains In Performance
1994-07-02,57,In My Own Backyard,Joe Diffie,55,17,
1994-07-02,58,You Wouldn't Say That To A Stranger,Suzy Bogguss,47,9,
1994-07-02,59,"Woman, Sensuous Woman",Mark Chesnutt,57,14,
1994-07-02,60,I'll Go Down Loving You,Shenandoah,68,2,Gains In Performance
1994-07-09,1,Wink,Neal McCoy,1,12,
1994-07-09,2,They Don't Make 'Em Like That Anymore,Boy Howdy,3,15,Gains In Performance
1994-07-09,3,I Take My Chances,Mary Chapin Carpenter,4,11,Gains In Performance
1994-07-09,4,Little Rock,Collin Raye,2,14,
1994-07-09,5,Foolish Pride,Travis Tritt,6,12,Gains In Performance
1994-07-09,6,Every Once In A While,BlackHawk,10,13,Gains In Performance
1994-07-09,7,Why Haven't I Heard From You,Reba McEntire,5,14,
1994-07-09,8,I Wish I Could Have Been There,John Anderson,12,12,Gains In Performance
1994-07-09,9,Summertime Blues,Alan Jackson,17,4,Gains In Performance
1994-07-09,10,Lifestyles Of The Not So Rich & Famous,Tracy Byrd,13,11,Gains In Performance
1994-07-09,11,One Night A Day,Garth Brooks,11,10,Gains In Performance
1994-07-09,12,Thinkin' Problem,David Ball,16,13,Gains In Performance
1994-07-09,13,Whenever You Come Around,Vince Gill,7,13,
1994-07-09,14,That's My Baby,Lari White,15,14,Gains In Performance
1994-07-09,15,National Working Woman's Holiday,Sammy Kershaw,21,8,Gains In Performance
1994-07-09,16,Stop On A Dime,Little Texas,22,8,Gains In Performance
1994-07-09,17,Walking Away A Winner,Kathy Mattea,9,16,
1994-07-09,18,"Renegades, Rebels And Rogues",Tracy Lawrence,23,7,Gains In Performance
1994-07-09,19,Love A Little Stronger,Diamond Rio,25,7,Gains In Performance
1994-07-09,20,Dreaming With My Eyes Open,Clay Walker,31,5,Gains In Performance
1994-07-09,21,Girls With Guitars,Wynonna,29,6,Gains In Performance
1994-07-09,22,(Tonight We Just Might) Fall In Love Again,Hal Ketchum,24,12,Gains In Performance
1994-07-09,23,Take These Chains From My Heart,Lee Roy Parnell,27,8,Gains In Performance
1994-07-09,24,Spilled Perfume,Pam Tillis,8,16,
1994-07-09,25,That Ain't No Way To Go,Brooks & Dunn,14,14,
1994-07-09,26,It Won't Be Over You,Steve Wariner,18,14,
1994-07-09,27,Be My Baby Tonight,John Michael Montgomery,37,8,Gains In Performance
1994-07-09,28,Don't Take The Girl,Tim McGraw,20,15,
1994-07-09,29,Hangin' In,Tanya Tucker,34,7,Gains In Performance
1994-07-09,30,Whole Lotta Love On The Line,Aaron Tippin,30,12,Gains In Performance
1994-07-09,31,Half The Man,Clint Black,36,6,Gains In Performance
1994-07-09,32,Wish I Didn't Know Now,Toby Keith,32,17,
1994-07-09,33,Whisper My Name,Randy Travis,40,5,Gains In Performance
1994-07-09,34,Independence Day,Martina McBride,35,10,Gains In Performance
1994-07-09,35,How Can I Help You Say Goodbye,Patty Loveless,33,17,
1994-07-09,36,She Can't Say I Didn't Cry,Rick Trevino,42,6,Gains In Performance
1994-07-09,37,A Good Run Of Bad Luck,Clint Black,38,19,
1994-07-09,38,Daddy Never Was The Cadillac Kind,Confederate Railroad,26,18,
1994-07-09,39,The Cheap Seats,Alabama,19,13,
1994-07-09,40,Before You Kill Us All,Randy Travis,39,18,
1994-07-09,41,Rope The Moon,John Michael Montgomery,41,17,
1994-07-09,42,But I Will,Faith Hill,44,6,Gains In Performance
1994-07-09,43,The Man In Love With You,George Strait,55,3,Gains In Performance
1994-07-09,44,Cowboy Band,Billy Dean,47,6,Gains In Performance
1994-07-09,45,Cowboys Don't Cry,Daron Norwood,28,13,
1994-07-09,46,More Love,Doug Stone,51,4,Gains In Performance
1994-07-09,47,Hard To Say,Sawyer Brown,53,3,Gains In Performance
1994-07-09,48,Addicted To A Dollar,Doug Stone,43,20,
1994-07-09,49,O What A Thrill,The Mavericks,50,9,Gains In Performance
1994-07-09,50,Mammas Don't Let Your Babies Grow Up To Be Cowboys.,Gibson/Miller Band,49,7,Gains In Performance
1994-07-09,51,What's In It For Me,John Berry,56,3,Gains In Performance
1994-07-09,52,Lovebug,George Strait,45,20,
1994-07-09,53,Pocket Of A Clown,Dwight Yoakam,66,2,Gains In Performance
1994-07-09,54,I'll Go Down Loving You,Shenandoah,60,3,Gains In Performance
1994-07-09,55,Where Do I Fit In The Picture,Clay Walker,52,20,
1994-07-09,56,She Loves Me Like She Means It,Orrall & Wright,63,2,Gains In Performance
1994-07-09,57,In My Own Backyard,Joe Diffie,57,18,
1994-07-09,58,Love And Luck,Marty Stuart,64,3,Gains In Performance
1994-07-09,59,Been There,McBride & The Ride,71,2,Gains In Performance
1994-07-09,60,If You Came Back From Heaven,Lorrie Morgan,54,8,
1994-07-16,1,Foolish Pride,Travis Tritt,5,13,Gains In Performance
1994-07-16,2,I Take My Chances,Mary Chapin Carpenter,3,12,Gains In Performance
1994-07-16,3,Every Once In A While,BlackHawk,6,14,Gains In Performance
1994-07-16,4,They Don't Make 'Em Like That Anymore,Boy Howdy,2,16,
1994-07-16,5,Summertime Blues,Alan Jackson,9,5,Gains In Performance
1994-07-16,6,Lifestyles Of The Not So Rich & Famous,Tracy Byrd,10,12,Gains In Performance
1994-07-16,7,I Wish I Could Have Been There,John Anderson,8,13,Gains In Performance
1994-07-16,8,Wink,Neal McCoy,1,13,
1994-07-16,9,Thinkin' Problem,David Ball,12,14,Gains In Performance
1994-07-16,10,One Night A Day,Garth Brooks,11,11,Gains In Performance
1994-07-16,11,Little Rock,Collin Raye,4,15,
1994-07-16,12,That's My Baby,Lari White,14,15,Gains In Performance
1994-07-16,13,National Working Woman's Holiday,Sammy Kershaw,15,9,Gains In Performance
1994-07-16,14,Stop On A Dime,Little Texas,16,9,Gains In Performance
1994-07-16,15,Dreaming With My Eyes Open,Clay Walker,20,6,Gains In Performance
1994-07-16,16,Be My Baby Tonight,John Michael Montgomery,27,9,Gains In Performance
1994-07-16,17,"Renegades, Rebels And Rogues",Tracy Lawrence,18,8,Gains In Performance
1994-07-16,18,Love A Little Stronger,Diamond Rio,19,8,Gains In Performance
1994-07-16,19,Why Haven't I Heard From You,Reba McEntire,7,15,
1994-07-16,20,Girls With Guitars,Wynonna,21,7,Gains In Performance
1994-07-16,21,(Tonight We Just Might) Fall In Love Again,Hal Ketchum,22,13,Gains In Performance
1994-07-16,22,Take These Chains From My Heart,Lee Roy Parnell,23,9,Gains In Performance
1994-07-16,23,Whenever You Come Around,Vince Gill,13,14,
1994-07-16,24,Hangin' In,Tanya Tucker,29,8,Gains In Performance
1994-07-16,25,Half The Man,Clint Black,31,7,Gains In Performance
1994-07-16,26,Whisper My Name,Randy Travis,33,6,Gains In Performance
1994-07-16,27,Independence Day,Martina McBride,34,11,Gains In Performance
1994-07-16,28,That Ain't No Way To Go,Brooks & Dunn,25,15,
1994-07-16,29,Walking Away A Winner,Kathy Mattea,17,17,
1994-07-16,30,Don't Take The Girl,Tim McGraw,28,16,
1994-07-16,31,Whole Lotta Love On The Line,Aaron Tippin,30,13,
1994-07-16,32,She Can't Say I Didn't Cry,Rick Trevino,36,7,Gains In Performance
1994-07-16,33,The Man In Love With You,George Strait,43,4,Gains In Performance
1994-07-16,34,Spilled Perfume,Pam Tillis,24,17,
1994-07-16,35,Wish I Didn't Know Now,Toby Keith,32,18,
1994-07-16,36,More Love,Doug Stone,46,5,Gains In Performance
1994-07-16,37,But I Will,Faith Hill,42,7,Gains In Performance
1994-07-16,38,How Can I Help You Say Goodbye,Patty Loveless,35,18,
1994-07-16,39,A Good Run Of Bad Luck,Clint Black,37,20,
1994-07-16,40,Hard To Say,Sawyer Brown,47,4,Gains In Performance
1994-07-16,41,Cowboy Band,Billy Dean,44,7,Gains In Performance
1994-07-16,42,It Won't Be Over You,Steve Wariner,26,15,
1994-07-16,43,What's In It For Me,John Berry,51,4,Gains In Performance
1994-07-16,44,Before You Kill Us All,Randy Travis,40,19,
1994-07-16,45,Daddy Never Was The Cadillac Kind,Confederate Railroad,38,19,
1994-07-16,46,O What A Thrill,The Mavericks,49,10,Gains In Performance
1994-07-16,47,Pocket Of A Clown,Dwight Yoakam,53,3,Gains In Performance
1994-07-16,48,Rope The Moon,John Michael Montgomery,41,18,
1994-07-16,49,The Cheap Seats,Alabama,39,14,
1994-07-16,50,Mammas Don't Let Your Babies Grow Up To Be Cowboys.,Gibson/Miller Band,50,8,Gains In Performance
1994-07-16,51,XXX's And OOO's (An American Girl),Trisha Yearwood,73,2,Gains In Performance
1994-07-16,52,I'll Go Down Loving You,Shenandoah,54,4,Gains In Performance
1994-07-16,53,Third Rock From The Sun,Joe Diffie,NEW,1,Highest ranking debut|Gains In Performance
1994-07-16,54,What The Cowgirls Do,Vince Gill,71,2,Gains In Performance
1994-07-16,55,Elvis And Andy,Confederate Railroad,67,2,Gains In Performance
1994-07-16,56,She Loves Me Like She Means It,Orrall & Wright,56,3,Gains In Performance
1994-07-16,57,Cowboys Don't Cry,Daron Norwood,45,14,
1994-07-16,58,Been There,McBride & The Ride,59,3,Gains In Performance
1994-07-16,59,Love And Luck,Marty Stuart,58,4,Gains In Performance
1994-07-16,60,Love Didn't Do It,Linda Davis,62,5,Gains In Performance
1994-07-23,1,Summertime Blues,Alan Jackson,5,6,Gains In Performance
1994-07-23,2,Every Once In A While,BlackHawk,3,15,Gains In Performance
1994-07-23,3,Foolish Pride,Travis Tritt,1,14,
1994-07-23,4,I Wish I Could Have Been There,John Anderson,7,14,Gains In Performance
1994-07-23,5,Lifestyles Of The Not So Rich & Famous,Tracy Byrd,6,13,Gains In Performance
1994-07-23,6,Thinkin' Problem,David Ball,9,15,Gains In Performance
1994-07-23,7,One Night A Day,Garth Brooks,10,12,Gains In Performance
1994-07-23,8,I Take My Chances,Mary Chapin Carpenter,2,13,
1994-07-23,9,National Working Woman's Holiday,Sammy Kershaw,13,10,Gains In Performance
1994-07-23,10,That's My Baby,Lari White,12,16,Gains In Performance
1994-07-23,11,Be My Baby Tonight,John Michael Montgomery,16,10,Gains In Performance
1994-07-23,12,Wink,Neal McCoy,8,14,
1994-07-23,13,Dreaming With My Eyes Open,Clay Walker,15,7,Gains In Performance
1994-07-23,14,They Don't Make 'Em Like That Anymore,Boy Howdy,4,17,
1994-07-23,15,Stop On A Dime,Little Texas,14,10,Gains In Performance
1994-07-23,16,"Renegades, Rebels And Rogues",Tracy Lawrence,17,9,Gains In Performance
1994-07-23,17,Love A Little Stronger,Diamond Rio,18,9,Gains In Performance
1994-07-23,18,Girls With Guitars,Wynonna,20,8,Gains In Performance
1994-07-23,19,Half The Man,Clint Black,25,8,Gains In Performance
1994-07-23,20,Hangin' In,Tanya Tucker,24,9,Gains In Performance
1994-07-23,21,(Tonight We Just Might) Fall In Love Again,Hal Ketchum,21,14,Gains In Performance
1994-07-23,22,Whisper My Name,Randy Travis,26,7,Gains In Performance
1994-07-23,23,Take These Chains From My Heart,Lee Roy Parnell,22,10,Gains In Performance
1994-07-23,24,Little Rock,Collin Raye,11,16,
1994-07-23,25,Independence Day,Martina McBride,27,12,Gains In Performance
1994-07-23,26,She Can't Say I Didn't Cry,Rick Trevino,32,8,Gains In Performance
1994-07-23,27,The Man In Love With You,George Strait,33,5,Gains In Performance
1994-07-23,28,Whenever You Come Around,Vince Gill,23,15,
1994-07-23,29,Why Haven't I Heard From You,Reba McEntire,19,16,
1994-07-23,30,That Ain't No Way To Go,Brooks & Dunn,28,16,
1994-07-23,31,Don't Take The Girl,Tim McGraw,30,17,
1994-07-23,32,Walking Away A Winner,Kathy Mattea,29,18,
1994-07-23,33,More Love,Doug Stone,36,6,Gains In Performance
1994-07-23,34,Hard To Say,Sawyer Brown,40,5,Gains In Performance
1994-07-23,35,Cowboy Band,Billy Dean,41,8,Gains In Performance
1994-07-23,36,What's In It For Me,John Berry,43,5,Gains In Performance
1994-07-23,37,But I Will,Faith Hill,37,8,Gains In Performance
1994-07-23,38,What The Cowgirls Do,Vince Gill,54,3,Gains In Performance
1994-07-23,39,Wish I Didn't Know Now,Toby Keith,35,19,
1994-07-23,40,Pocket Of A Clown,Dwight Yoakam,47,4,Gains In Performance
1994-07-23,41,XXX's And OOO's (An American Girl),Trisha Yearwood,51,3,Gains In Performance
1994-07-23,42,O What A Thrill,The Mavericks,46,11,Gains In Performance
1994-07-23,43,Spilled Perfume,Pam Tillis,34,18,
1994-07-23,44,How Can I Help You Say Goodbye,Patty Loveless,38,19,
1994-07-23,45,Third Rock From The Sun,Joe Diffie,53,2,Gains In Performance
1994-07-23,46,Before You Kill Us All,Randy Travis,44,20,
1994-07-23,47,Daddy Never Was The Cadillac Kind,Confederate Railroad,45,20,
1994-07-23,48,I'll Go Down Loving You,Shenandoah,52,5,Gains In Performance
1994-07-23,49,Elvis And Andy,Confederate Railroad,55,3,Gains In Performance
1994-07-23,50,Whole Lotta Love On The Line,Aaron Tippin,31,14,
1994-07-23,51,Rope The Moon,John Michael Montgomery,48,19,
1994-07-23,52,Mammas Don't Let Your Babies Grow Up To Be Cowboys.,Gibson/Miller Band,50,9,
1994-07-23,53,The Cheap Seats,Alabama,49,15,
1994-07-23,54,She Loves Me Like She Means It,Orrall & Wright,56,4,Gains In Performance
1994-07-23,55,It Won't Be Over You,Steve Wariner,42,16,
1994-07-23,56,Down On The Farm,Tim McGraw,67,2,Gains In Performance
1994-07-23,57,Been There,McBride & The Ride,58,4,Gains In Performance
1994-07-23,58,Love And Luck,Marty Stuart,59,5,Gains In Performance
1994-07-23,59,State Fair,Doug Supernaw,62,4,Gains In Performance
1994-07-23,60,Love Didn't Do It,Linda Davis,60,6,Gains In Performance
1994-07-30,1,Summertime Blues,Alan Jackson,1,7,Gains In Performance
1994-07-30,2,Thinkin' Problem,David Ball,6,16,Gains In Performance
1994-07-30,3,Every Once In A While,BlackHawk,2,16,
1994-07-30,4,Lifestyles Of The Not So Rich & Famous,Tracy Byrd,5,14,
1994-07-30,5,National Working Woman's Holiday,Sammy Kershaw,9,11,Gains In Performance
1994-07-30,6,I Wish I Could Have Been There,John Anderson,4,15,
1994-07-30,7,Be My Baby Tonight,John Michael Montgomery,11,11,Gains In Performance
1994-07-30,8,Foolish Pride,Travis Tritt,3,15,
1994-07-30,9,Dreaming With My Eyes Open,Clay Walker,13,8,Gains In Performance
1994-07-30,10,One Night A Day,Garth Brooks,7,13,
1994-07-30,11,Love A Little Stronger,Diamond Rio,17,10,Gains In Performance
1994-07-30,12,That's My Baby,Lari White,10,17,
1994-07-30,13,"Renegades, Rebels And Rogues",Tracy Lawrence,16,10,Gains In Performance
1994-07-30,14,Stop On A Dime,Little Texas,15,11,Gains In Performance
1994-07-30,15,Half The Man,Clint Black,19,9,Gains In Performance
1994-07-30,16,Girls With Guitars,Wynonna,18,9,Gains In Performance
1994-07-30,17,Hangin' In,Tanya Tucker,20,10,Gains In Performance
1994-07-30,18,Whisper My Name,Randy Travis,22,8,Gains In Performance
1994-07-30,19,Wink,Neal McCoy,12,15,
1994-07-30,20,(Tonight We Just Might) Fall In Love Again,Hal Ketchum,21,15,
1994-07-30,21,Take These Chains From My Heart,Lee Roy Parnell,23,11,Gains In Performance
1994-07-30,22,Independence Day,Martina McBride,25,13,Gains In Performance
1994-07-30,23,I Take My Chances,Mary Chapin Carpenter,8,14,
1994-07-30,24,They Don't Make 'Em Like That Anymore,Boy Howdy,14,18,
1994-07-30,25,The Man In Love With You,George Strait,27,6,Gains In Performance
1994-07-30,26,She Can't Say I Didn't Cry,Rick Trevino,26,9,Gains In Performance
1994-07-30,27,What The Cowgirls Do,Vince Gill,38,4,Gains In Performance
1994-07-30,28,Hard To Say,Sawyer Brown,34,6,Gains In Performance
1994-07-30,29,More Love,Doug Stone,33,7,Gains In Performance
1994-07-30,30,Little Rock,Collin Raye,24,17,
1994-07-30,31,XXX's And OOO's (An American Girl),Trisha Yearwood,41,4,Gains In Performance
1994-07-30,32,What's In It For Me,John Berry,36,6,Gains In Performance
1994-07-30,33,Cowboy Band,Billy Dean,35,9,Gains In Performance
1994-07-30,34,Third Rock From The Sun,Joe Diffie,45,3,Gains In Performance
1994-07-30,35,But I Will,Faith Hill,37,9,Gains In Performance
1994-07-30,36,That Ain't No Way To Go,Brooks & Dunn,30,17,
1994-07-30,37,Don't Take The Girl,Tim McGraw,31,18,
1994-07-30,38,Walking Away A Winner,Kathy Mattea,32,19,
1994-07-30,39,Pocket Of A Clown,Dwight Yoakam,40,5,Gains In Performance
1994-07-30,40,Whenever You Come Around,Vince Gill,28,16,
1994-07-30,41,Wish I Didn't Know Now,Toby Keith,39,20,
1994-07-30,42,O What A Thrill,The Mavericks,42,12,Gains In Performance
1994-07-30,43,Why Haven't I Heard From You,Reba McEntire,29,17,
1994-07-30,44,Elvis And Andy,Confederate Railroad,49,4,Gains In Performance
1994-07-30,45,Down On The Farm,Tim McGraw,56,3,Gains In Performance
1994-07-30,46,How Can I Help You Say Goodbye,Patty Loveless,44,20,
1994-07-30,47,Spilled Perfume,Pam Tillis,43,19,
1994-07-30,48,I'll Go Down Loving You,Shenandoah,48,6,Gains In Performance
1994-07-30,49,She Dreams,Mark Chesnutt,64,2,Gains In Performance
1994-07-30,50,Rope The Moon,John Michael Montgomery,51,20,
1994-07-30,51,She Loves Me Like She Means It,Orrall & Wright,54,5,Gains In Performance
1994-07-30,52,Been There,McBride & The Ride,57,5,Gains In Performance
1994-07-30,53,The Cheap Seats,Alabama,53,16,
1994-07-30,54,Love And Luck,Marty Stuart,58,6,
1994-07-30,55,She Thinks His Name Was John,Reba McEntire,NEW,1,Highest ranking debut|Gains In Performance
1994-07-30,56,Nobody's Gonna Rain On Our Parade,Kathy Mattea,71,2,Gains In Performance
1994-07-30,57,State Fair,Doug Supernaw,59,5,Gains In Performance
1994-07-30,58,Love Didn't Do It,Linda Davis,60,7,Gains In Performance
1994-07-30,59,It Won't Be Over You,Steve Wariner,55,17,
1994-07-30,60,Whole Lotta Love On The Line,Aaron Tippin,50,15,
1994-08-06,1,Summertime Blues,Alan Jackson,1,8,Gains In Performance
1994-08-06,2,National Working Woman's Holiday,Sammy Kershaw,5,12,Gains In Performance
1994-08-06,3,Be My Baby Tonight,John Michael Montgomery,7,12,Gains In Performance
1994-08-06,4,Love A Little Stronger,Diamond Rio,11,11,Gains In Performance
1994-08-06,5,Thinkin' Problem,David Ball,2,17,
1994-08-06,6,Dreaming With My Eyes Open,Clay Walker,9,9,Gains In Performance
1994-08-06,7,"Renegades, Rebels And Rogues",Tracy Lawrence,13,11,Gains In Performance
1994-08-06,8,Every Once In A While,BlackHawk,3,17,
1994-08-06,9,Half The Man,Clint Black,15,10,Gains In Performance
1994-08-06,10,Hangin' In,Tanya Tucker,17,11,Gains In Performance
1994-08-06,11,Lifestyles Of The Not So Rich & Famous,Tracy Byrd,4,15,
1994-08-06,12,Whisper My Name,Randy Travis,18,9,Gains In Performance
1994-08-06,13,Girls With Guitars,Wynonna,16,10,Gains In Performance
1994-08-06,14,Foolish Pride,Travis Tritt,8,16,
1994-08-06,15,Stop On A Dime,Little Texas,14,12,
1994-08-06,16,I Wish I Could Have Been There,John Anderson,6,16,
1994-08-06,17,Take These Chains From My Heart,Lee Roy Parnell,21,12,Gains In Performance
1994-08-06,18,What The Cowgirls Do,Vince Gill,27,5,Gains In Performance
1994-08-06,19,Independence Day,Martina McBride,22,14,Gains In Performance
1994-08-06,20,The Man In Love With You,George Strait,25,7,Gains In Performance
1994-08-06,21,She Can't Say I Didn't Cry,Rick Trevino,26,10,Gains In Performance
1994-08-06,22,XXX's And OOO's (An American Girl),Trisha Yearwood,31,5,Gains In Performance
1994-08-06,23,Hard To Say,Sawyer Brown,28,7,Gains In Performance
1994-08-06,24,Wink,Neal McCoy,19,16,
1994-08-06,25,More Love,Doug Stone,29,8,Gains In Performance
1994-08-06,26,That's My Baby,Lari White,12,18,
1994-08-06,27,(Tonight We Just Might) Fall In Love Again,Hal Ketchum,20,16,
1994-08-06,28,What's In It For Me,John Berry,32,7,Gains In Performance
1994-08-06,29,Third Rock From The Sun,Joe Diffie,34,4,Gains In Performance
1994-08-06,30,One Night A Day,Garth Brooks,10,14,
1994-08-06,31,Cowboy Band,Billy Dean,33,10,Gains In Performance
1994-08-06,32,I Take My Chances,Mary Chapin Carpenter,23,15,
1994-08-06,33,They Don't Make 'Em Like That Anymore,Boy Howdy,24,19,
1994-08-06,34,Down On The Farm,Tim McGraw,45,4,Gains In Performance
1994-08-06,35,Pocket Of A Clown,Dwight Yoakam,39,6,Gains In Performance
1994-08-06,36,Little Rock,Collin Raye,30,18,
1994-08-06,37,Elvis And Andy,Confederate Railroad,44,5,Gains In Performance
1994-08-06,38,O What A Thrill,The Mavericks,42,13,Gains In Performance
1994-08-06,39,That Ain't No Way To Go,Brooks & Dunn,36,18,
1994-08-06,40,She Dreams,Mark Chesnutt,49,3,Gains In Performance
1994-08-06,41,Don't Take The Girl,Tim McGraw,37,19,
1994-08-06,42,Whenever You Come Around,Vince Gill,40,17,
1994-08-06,43,But I Will,Faith Hill,35,10,
1994-08-06,44,Walking Away A Winner,Kathy Mattea,38,20,
1994-08-06,45,She Thinks His Name Was John,Reba McEntire,55,2,Gains In Performance
1994-08-06,46,I'll Go Down Loving You,Shenandoah,48,7,Gains In Performance
1994-08-06,47,Spilled Perfume,Pam Tillis,47,20,
1994-08-06,48,Why Haven't I Heard From You,Reba McEntire,43,18,
1994-08-06,49,She Loves Me Like She Means It,Orrall & Wright,51,6,Gains In Performance
1994-08-06,50,I Try To Think About Elvis,Patty Loveless,67,2,Gains In Performance
1994-08-06,51,Who's That Man,Toby Keith,64,2,Gains In Performance
1994-08-06,52,Nobody's Gonna Rain On Our Parade,Kathy Mattea,56,3,Gains In Performance
1994-08-06,53,Been There,McBride & The Ride,52,6,Gains In Performance
1994-08-06,54,The Cheap Seats,Alabama,53,17,
1994-08-06,55,State Fair,Doug Supernaw,57,6,Gains In Performance
1994-08-06,56,The City Put The Country Back In Me,Neal McCoy,NEW,1,Highest ranking debut|Gains In Performance
1994-08-06,57,Love And Luck,Marty Stuart,54,7,
1994-08-06,58,He's A Good Ole Boy,Chely Wright,61,7,Gains In Performance
1994-08-06,59,Labor Of Love,Radney Foster,62,5,
1994-08-06,60,It Won't Be Over You,Steve Wariner,59,18,
1994-08-13,1,Be My Baby Tonight,John Michael Montgomery,3,13,Gains In Performance
1994-08-13,2,Summertime Blues,Alan Jackson,1,9,
1994-08-13,3,Love A Little Stronger,Diamond Rio,4,12,Gains In Performance
1994-08-13,4,Dreaming With My Eyes Open,Clay Walker,6,10,Gains In Performance
1994-08-13,5,National Working Woman's Holiday,Sammy Kershaw,2,13,
1994-08-13,6,Half The Man,Clint Black,9,11,Gains In Performance
1994-08-13,7,"Renegades, Rebels And Rogues",Tracy Lawrence,7,12,Gains In Performance
1994-08-13,8,Hangin' In,Tanya Tucker,10,12,Gains In Performance
1994-08-13,9,Whisper My Name,Randy Travis,12,10,Gains In Performance
1994-08-13,10,Girls With Guitars,Wynonna,13,11,Gains In Performance
1994-08-13,11,Thinkin' Problem,David Ball,5,18,
1994-08-13,12,The Man In Love With You,George Strait,20,8,Gains In Performance
1994-08-13,13,What The Cowgirls Do,Vince Gill,18,6,Gains In Performance
1994-08-13,14,XXX's And OOO's (An American Girl),Trisha Yearwood,22,6,Gains In Performance
1994-08-13,15,She Can't Say I Didn't Cry,Rick Trevino,21,11,Gains In Performance
1994-08-13,16,Independence Day,Martina McBride,19,15,Gains In Performance
1994-08-13,17,Every Once In A While,BlackHawk,8,18,
1994-08-13,18,Third Rock From The Sun,Joe Diffie,29,5,Gains In Performance
1994-08-13,19,Take These Chains From My Heart,Lee Roy Parnell,17,13,
1994-08-13,20,Hard To Say,Sawyer Brown,23,8,Gains In Performance
1994-08-13,21,More Love,Doug Stone,25,9,Gains In Performance
1994-08-13,22,Foolish Pride,Travis Tritt,14,17,
1994-08-13,23,What's In It For Me,John Berry,28,8,Gains In Performance
1994-08-13,24,Cowboy Band,Billy Dean,31,11,Gains In Performance
1994-08-13,25,Down On The Farm,Tim McGraw,34,5,Gains In Performance
1994-08-13,26,I Wish I Could Have Been There,John Anderson,16,17,
1994-08-13,27,Lifestyles Of The Not So Rich & Famous,Tracy Byrd,11,16,
1994-08-13,28,Pocket Of A Clown,Dwight Yoakam,35,7,Gains In Performance
1994-08-13,29,She Dreams,Mark Chesnutt,40,4,Gains In Performance
1994-08-13,30,Stop On A Dime,Little Texas,15,13,
1994-08-13,31,Elvis And Andy,Confederate Railroad,37,6,Gains In Performance
1994-08-13,32,Wink,Neal McCoy,24,17,
1994-08-13,33,She Thinks His Name Was John,Reba McEntire,45,3,Gains In Performance
1994-08-13,34,O What A Thrill,The Mavericks,38,14,Gains In Performance
1994-08-13,35,They Don't Make 'Em Like That Anymore,Boy Howdy,33,20,
1994-08-13,36,I Take My Chances,Mary Chapin Carpenter,32,16,
1994-08-13,37,I Try To Think About Elvis,Patty Loveless,50,3,Gains In Performance
1994-08-13,38,Who's That Man,Toby Keith,51,3,Gains In Performance
1994-08-13,39,Little Rock,Collin Raye,36,19,
1994-08-13,40,That Ain't No Way To Go,Brooks & Dunn,39,19,
1994-08-13,41,That's My Baby,Lari White,26,19,
1994-08-13,42,Don't Take The Girl,Tim McGraw,41,20,
1994-08-13,43,One Night A Day,Garth Brooks,30,15,
1994-08-13,44,Whenever You Come Around,Vince Gill,42,18,
1994-08-13,45,Nobody's Gonna Rain On Our Parade,Kathy Mattea,52,4,Gains In Performance
1994-08-13,46,I'll Go Down Loving You,Shenandoah,46,8,Gains In Performance
1994-08-13,47,(Tonight We Just Might) Fall In Love Again,Hal Ketchum,27,17,
1994-08-13,48,The City Put The Country Back In Me,Neal McCoy,56,2,Gains In Performance
1994-08-13,49,She Loves Me Like She Means It,Orrall & Wright,49,7,Gains In Performance
1994-08-13,50,When You Walk In The Room,Pam Tillis,61,2,Gains In Performance
1994-08-13,51,But I Will,Faith Hill,43,11,
1994-08-13,52,Been There,McBride & The Ride,53,7,Gains In Performance
1994-08-13,53,Why Haven't I Heard From You,Reba McEntire,48,19,
1994-08-13,54,Man Of My Word,Collin Raye,68,2,Gains In Performance
1994-08-13,55,Ten Feet Tall And Bulletproof,Travis Tritt,73,2,Gains In Performance
1994-08-13,56,State Fair,Doug Supernaw,55,7,Gains In Performance
1994-08-13,57,The Cheap Seats,Alabama,54,18,
1994-08-13,58,Labor Of Love,Radney Foster,59,6,Gains In Performance
1994-08-13,59,He's A Good Ole Boy,Chely Wright,58,8,Gains In Performance
1994-08-13,60,Jukebox Junkie,Ken Mellons,62,3,Gains In Performance
1994-08-20,1,Be My Baby Tonight,John Michael Montgomery,1,14,Gains In Performance
1994-08-20,2,Love A Little Stronger,Diamond Rio,3,13,Gains In Performance
1994-08-20,3,Dreaming With My Eyes Open,Clay Walker,4,11,Gains In Performance
1994-08-20,4,Half The Man,Clint Black,6,12,Gains In Performance
1994-08-20,5,Hangin' In,Tanya Tucker,8,13,Gains In Performance
1994-08-20,6,Whisper My Name,Randy Travis,9,11,Gains In Performance
1994-08-20,7,Summertime Blues,Alan Jackson,2,10,
1994-08-20,8,National Working Woman's Holiday,Sammy Kershaw,5,14,
1994-08-20,9,What The Cowgirls Do,Vince Gill,13,7,Gains In Performance
1994-08-20,10,The Man In Love With You,George Strait,12,9,Gains In Performance
1994-08-20,11,XXX's And OOO's (An American Girl),Trisha Yearwood,14,7,Gains In Performance
1994-08-20,12,She Can't Say I Didn't Cry,Rick Trevino,15,12,Gains In Performance
1994-08-20,13,Girls With Guitars,Wynonna,10,12,Gains In Performance
1994-08-20,14,Independence Day,Martina McBride,16,16,Gains In Performance
1994-08-20,15,Third Rock From The Sun,Joe Diffie,18,6,Gains In Performance
1994-08-20,16,"Renegades, Rebels And Rogues",Tracy Lawrence,7,13,
1994-08-20,17,Hard To Say,Sawyer Brown,20,9,Gains In Performance
1994-08-20,18,More Love,Doug Stone,21,10,Gains In Performance
1994-08-20,19,Down On The Farm,Tim McGraw,25,6,Gains In Performance
1994-08-20,20,What's In It For Me,John Berry,23,9,Gains In Performance
1994-08-20,21,She Dreams,Mark Chesnutt,29,5,Gains In Performance
1994-08-20,22,Thinkin' Problem,David Ball,11,19,
1994-08-20,23,O What A Thrill,The Mavericks,34,15,Gains In Performance
1994-08-20,24,Every Once In A While,BlackHawk,17,19,
1994-08-20,25,Pocket Of A Clown,Dwight Yoakam,28,8,Gains In Performance
1994-08-20,26,Elvis And Andy,Confederate Railroad,31,7,Gains In Performance
1994-08-20,27,She Thinks His Name Was John,Reba McEntire,33,4,Gains In Performance
1994-08-20,28,Cowboy Band,Billy Dean,24,12,Gains In Performance
1994-08-20,29,Foolish Pride,Travis Tritt,22,18,
1994-08-20,30,Who's That Man,Toby Keith,38,4,Gains In Performance
1994-08-20,31,I Try To Think About Elvis,Patty Loveless,37,4,Gains In Performance
1994-08-20,32,Take These Chains From My Heart,Lee Roy Parnell,19,14,
1994-08-20,33,Wink,Neal McCoy,32,18,
1994-08-20,34,Nobody's Gonna Rain On Our Parade,Kathy Mattea,45,5,Gains In Performance
1994-08-20,35,I Wish I Could Have Been There,John Anderson,26,18,
1994-08-20,36,The City Put The Country Back In Me,Neal McCoy,48,3,Gains In Performance
1994-08-20,37,Lifestyles Of The Not So Rich & Famous,Tracy Byrd,27,17,
1994-08-20,38,When You Walk In The Room,Pam Tillis,50,3,Gains In Performance
1994-08-20,39,Little Rock,Collin Raye,39,20,
1994-08-20,40,Callin' Baton Rouge,Garth Brooks,61,7,Gains In Performance
1994-08-20,41,I Take My Chances,Mary Chapin Carpenter,36,17,
1994-08-20,42,That Ain't No Way To Go,Brooks & Dunn,40,20,
1994-08-20,43,Stop On A Dime,Little Texas,30,14,
1994-08-20,44,Man Of My Word,Collin Raye,54,3,Gains In Performance
1994-08-20,45,Whenever You Come Around,Vince Gill,44,19,
1994-08-20,46,Ten Feet Tall And Bulletproof,Travis Tritt,55,3,Gains In Performance
1994-08-20,47,I'll Go Down Loving You,Shenandoah,46,9,
1994-08-20,48,That's My Baby,Lari White,41,20,
1994-08-20,49,She Loves Me Like She Means It,Orrall & Wright,49,8,Gains In Performance
1994-08-20,50,Been There,McBride & The Ride,52,8,Gains In Performance
1994-08-20,51,One Night A Day,Garth Brooks,43,16,
1994-08-20,52,Why Haven't I Heard From You,Reba McEntire,53,20,
1994-08-20,53,(Tonight We Just Might) Fall In Love Again,Hal Ketchum,47,18,
1994-08-20,54,Watermelon Crawl,Tracy Byrd,65,2,Gains In Performance
1994-08-20,55,State Fair,Doug Supernaw,56,8,Gains In Performance
1994-08-20,56,Jukebox Junkie,Ken Mellons,60,4,Gains In Performance
1994-08-20,57,The Cheap Seats,Alabama,57,19,
1994-08-20,58,Heart Over Mind,Lorrie Morgan,63,2,Gains In Performance
1994-08-20,59,I Sure Can Smell The Rain,BlackHawk,NEW,1,Highest ranking debut|Gains In Performance
1994-08-20,60,Has Anybody Seen Amy,John & Audrey Wiggins,66,2,Gains In Performance
1994-08-27,1,Dreaming With My Eyes Open,Clay Walker,3,12,Gains In Performance
1994-08-27,2,Love A Little Stronger,Diamond Rio,2,14,
1994-08-27,3,Be My Baby Tonight,John Michael Montgomery,1,15,
1994-08-27,4,Hangin' In,Tanya Tucker,5,14,Gains In Performance
1994-08-27,5,Whisper My Name,Randy Travis,6,12,Gains In Performance
1994-08-27,6,Half The Man,Clint Black,4,13,
1994-08-27,7,She Can't Say I Didn't Cry,Rick Trevino,12,13,Gains In Performance
1994-08-27,8,What The Cowgirls Do,Vince Gill,9,8,Gains In Performance
1994-08-27,9,XXX's And OOO's (An American Girl),Trisha Yearwood,11,8,Gains In Performance
1994-08-27,10,The Man In Love With You,George Strait,10,10,Gains In Performance
1994-08-27,11,Third Rock From The Sun,Joe Diffie,15,7,Gains In Performance
1994-08-27,12,Independence Day,Martina McBride,14,17,Gains In Performance
1994-08-27,13,Summertime Blues,Alan Jackson,7,11,
1994-08-27,14,Girls With Guitars,Wynonna,13,13,
1994-08-27,15,Hard To Say,Sawyer Brown,17,10,Gains In Performance
1994-08-27,16,More Love,Doug Stone,18,11,Gains In Performance
1994-08-27,17,Down On The Farm,Tim McGraw,19,7,Gains In Performance
1994-08-27,18,What's In It For Me,John Berry,20,10,Gains In Performance
1994-08-27,19,She Dreams,Mark Chesnutt,21,6,Gains In Performance
1994-08-27,20,National Working Woman's Holiday,Sammy Kershaw,8,15,
1994-08-27,21,She Thinks His Name Was John,Reba McEntire,27,5,Gains In Performance
1994-08-27,22,Who's That Man,Toby Keith,30,5,Gains In Performance
1994-08-27,23,O What A Thrill,The Mavericks,23,16,Gains In Performance
1994-08-27,24,Pocket Of A Clown,Dwight Yoakam,25,9,Gains In Performance
1994-08-27,25,I Try To Think About Elvis,Patty Loveless,31,5,Gains In Performance
1994-08-27,26,Elvis And Andy,Confederate Railroad,26,8,Gains In Performance
1994-08-27,27,Callin' Baton Rouge,Garth Brooks,40,8,Gains In Performance
1994-08-27,28,Cowboy Band,Billy Dean,28,13,
1994-08-27,29,Nobody's Gonna Rain On Our Parade,Kathy Mattea,34,6,Gains In Performance
1994-08-27,30,Thinkin' Problem,David Ball,22,20,
1994-08-27,31,"Renegades, Rebels And Rogues",Tracy Lawrence,16,14,
1994-08-27,32,Every Once In A While,BlackHawk,24,20,
1994-08-27,33,When You Walk In The Room,Pam Tillis,38,4,Gains In Performance
1994-08-27,34,The City Put The Country Back In Me,Neal McCoy,36,4,Gains In Performance
1994-08-27,35,Wink,Neal McCoy,33,19,
1994-08-27,36,Foolish Pride,Travis Tritt,29,19,
1994-08-27,37,Man Of My Word,Collin Raye,44,4,Gains In Performance
1994-08-27,38,Ten Feet Tall And Bulletproof,Travis Tritt,46,4,Gains In Performance
1994-08-27,39,I Wish I Could Have Been There,John Anderson,35,19,
1994-08-27,40,Lifestyles Of The Not So Rich & Famous,Tracy Byrd,37,18,
1994-08-27,41,Watermelon Crawl,Tracy Byrd,54,3,Gains In Performance
1994-08-27,42,I Take My Chances,Mary Chapin Carpenter,41,18,
1994-08-27,43,Whenever You Come Around,Vince Gill,45,20,
1994-08-27,44,I Sure Can Smell The Rain,BlackHawk,59,2,Gains In Performance
1994-08-27,45,Been There,McBride & The Ride,50,9,
1994-08-27,46,Take These Chains From My Heart,Lee Roy Parnell,32,15,
1994-08-27,47,She Loves Me Like She Means It,Orrall & Wright,49,9,
1994-08-27,48,Jukebox Junkie,Ken Mellons,56,5,Gains In Performance
1994-08-27,49,Stop On A Dime,Little Texas,43,15,
1994-08-27,50,Heart Over Mind,Lorrie Morgan,58,3,Gains In Performance
1994-08-27,51,She's Not The Cheatin' Kind,Brooks & Dunn,NEW,1,Highest ranking debut|Gains In Performance
1994-08-27,52,One Night A Day,Garth Brooks,51,17,
1994-08-27,53,Has Anybody Seen Amy,John & Audrey Wiggins,60,3,Gains In Performance
1994-08-27,54,Where There's Smoke,Archer/Park,74,2,Gains In Performance
1994-08-27,55,(Tonight We Just Might) Fall In Love Again,Hal Ketchum,53,19,
1994-08-27,56,I'll Go Down Loving You,Shenandoah,47,10,
1994-08-27,57,The Cheap Seats,Alabama,57,20,
1994-08-27,58,Heart Like A Hurricane,Larry Stewart,68,2,Gains In Performance
1994-08-27,59,State Fair,Doug Supernaw,55,9,
1994-08-27,60,One Good Man,Michelle Wright,62,5,Gains In Performance
1994-09-03,1,Whisper My Name,Randy Travis,5,13,Gains In Performance
1994-09-03,2,Dreaming With My Eyes Open,Clay Walker,1,13,
1994-09-03,3,XXX's And OOO's (An American Girl),Trisha Yearwood,9,9,Gains In Performance
1994-09-03,4,Hangin' In,Tanya Tucker,4,15,
1994-09-03,5,She Can't Say I Didn't Cry,Rick Trevino,7,14,Gains In Performance
1994-09-03,6,What The Cowgirls Do,Vince Gill,8,9,Gains In Performance
1994-09-03,7,Be My Baby Tonight,John Michael Montgomery,3,16,
1994-09-03,8,Half The Man,Clint Black,6,14,
1994-09-03,9,The Man In Love With You,George Strait,10,11,Gains In Performance
1994-09-03,10,Third Rock From The Sun,Joe Diffie,11,8,Gains In Performance
1994-09-03,11,Love A Little Stronger,Diamond Rio,2,15,
1994-09-03,12,Hard To Say,Sawyer Brown,15,11,Gains In Performance
1994-09-03,13,Down On The Farm,Tim McGraw,17,8,Gains In Performance
1994-09-03,14,More Love,Doug Stone,16,12,Gains In Performance
1994-09-03,15,What's In It For Me,John Berry,18,11,Gains In Performance
1994-09-03,16,Who's That Man,Toby Keith,22,6,Gains In Performance
1994-09-03,17,Callin' Baton Rouge,Garth Brooks,27,9,Gains In Performance
1994-09-03,18,I Try To Think About Elvis,Patty Loveless,25,6,Gains In Performance
1994-09-03,19,She Dreams,Mark Chesnutt,19,7,Gains In Performance
1994-09-03,20,O What A Thrill,The Mavericks,23,17,Gains In Performance
1994-09-03,21,She Thinks His Name Was John,Reba McEntire,21,6,Gains In Performance
1994-09-03,22,Pocket Of A Clown,Dwight Yoakam,24,10,Gains In Performance
1994-09-03,23,Elvis And Andy,Confederate Railroad,26,9,Gains In Performance
1994-09-03,24,Summertime Blues,Alan Jackson,13,12,
1994-09-03,25,Independence Day,Martina McBride,12,18,
1994-09-03,26,Nobody's Gonna Rain On Our Parade,Kathy Mattea,29,7,Gains In Performance
1994-09-03,27,When You Walk In The Room,Pam Tillis,33,5,Gains In Performance
1994-09-03,28,The City Put The Country Back In Me,Neal McCoy,34,5,Gains In Performance
1994-09-03,29,National Working Woman's Holiday,Sammy Kershaw,20,16,
1994-09-03,30,She's Not The Cheatin' Kind,Brooks & Dunn,51,2,Gains In Performance
1994-09-03,31,Man Of My Word,Collin Raye,37,5,Gains In Performance
1994-09-03,32,Ten Feet Tall And Bulletproof,Travis Tritt,38,5,Gains In Performance
1994-09-03,33,Watermelon Crawl,Tracy Byrd,41,4,Gains In Performance
1994-09-03,34,Girls With Guitars,Wynonna,14,14,
1994-09-03,35,Cowboy Band,Billy Dean,28,14,
1994-09-03,36,Wink,Neal McCoy,35,20,
1994-09-03,37,Foolish Pride,Travis Tritt,36,20,
1994-09-03,38,I Sure Can Smell The Rain,BlackHawk,44,3,Gains In Performance
1994-09-03,39,"Renegades, Rebels And Rogues",Tracy Lawrence,31,15,
1994-09-03,40,I Wish I Could Have Been There,John Anderson,39,20,
1994-09-03,41,Jukebox Junkie,Ken Mellons,48,6,Gains In Performance
1994-09-03,42,Lifestyles Of The Not So Rich & Famous,Tracy Byrd,40,19,
1994-09-03,43,I Take My Chances,Mary Chapin Carpenter,42,19,
1994-09-03,44,Where There's Smoke,Archer/Park,54,3,Gains In Performance
1994-09-03,45,Has Anybody Seen Amy,John & Audrey Wiggins,53,4,Gains In Performance
1994-09-03,46,Kick A Little,Little Texas,68,2,Gains In Performance
1994-09-03,47,Heart Over Mind,Lorrie Morgan,50,4,Gains In Performance
1994-09-03,48,Third Rate Romance,Sammy Kershaw,66,2,Gains In Performance
1994-09-03,49,Heart Like A Hurricane,Larry Stewart,58,3,Gains In Performance
1994-09-03,50,Been There,McBride & The Ride,45,10,
1994-09-03,51,Stop On A Dime,Little Texas,49,16,
1994-09-03,52,Baby Likes To Rock It,The Tractors,63,2,Gains In Performance
1994-09-03,53,Take These Chains From My Heart,Lee Roy Parnell,46,16,
1994-09-03,54,One Night A Day,Garth Brooks,52,18,
1994-09-03,55,She Loves Me Like She Means It,Orrall & Wright,47,10,
1994-09-03,56,(Tonight We Just Might) Fall In Love Again,Hal Ketchum,55,20,
1994-09-03,57,If I Ever Love Again,Daron Norwood,61,5,Gains In Performance
1994-09-03,58,One Good Man,Michelle Wright,60,6,Gains In Performance
1994-09-03,59,Give Me A Ring Sometime,Lisa Brokop,64,3,Gains In Performance
1994-09-03,60,A Real Good Way To Wind Up Lonesome,James House,71,2,Gains In Performance
1994-09-10,1,XXX's And OOO's (An American Girl),Trisha Yearwood,3,10,Gains In Performance
1994-09-10,2,What The Cowgirls Do,Vince Gill,6,10,Gains In Performance
1994-09-10,3,She Can't Say I Didn't Cry,Rick Trevino,5,15,Gains In Performance
1994-09-10,4,The Man In Love With You,George Strait,9,12,Gains In Performance
1994-09-10,5,Whisper My Name,Randy Travis,1,14,
1994-09-10,6,Third Rock From The Sun,Joe Diffie,10,9,Gains In Performance
1994-09-10,7,Down On The Farm,Tim McGraw,13,9,Gains In Performance
1994-09-10,8,Dreaming With My Eyes Open,Clay Walker,2,14,
1994-09-10,9,Hard To Say,Sawyer Brown,12,12,Gains In Performance
1994-09-10,10,Be My Baby Tonight,John Michael Montgomery,7,17,
1994-09-10,11,More Love,Doug Stone,14,13,Gains In Performance
1994-09-10,12,Hangin' In,Tanya Tucker,4,16,
1994-09-10,13,Callin' Baton Rouge,Garth Brooks,17,10,Gains In Performance
1994-09-10,14,What's In It For Me,John Berry,15,12,Gains In Performance
1994-09-10,15,I Try To Think About Elvis,Patty Loveless,18,7,Gains In Performance
1994-09-10,16,Who's That Man,Toby Keith,16,7,Gains In Performance
1994-09-10,17,She Dreams,Mark Chesnutt,19,8,Gains In Performance
1994-09-10,18,O What A Thrill,The Mavericks,20,18,Gains In Performance
1994-09-10,19,Love A Little Stronger,Diamond Rio,11,16,
1994-09-10,20,Half The Man,Clint Black,8,15,
1994-09-10,21,She Thinks His Name Was John,Reba McEntire,21,7,Gains In Performance
1994-09-10,22,Pocket Of A Clown,Dwight Yoakam,22,11,Gains In Performance
1994-09-10,23,Elvis And Andy,Confederate Railroad,23,10,Gains In Performance
1994-09-10,24,She's Not The Cheatin' Kind,Brooks & Dunn,30,3,Gains In Performance
1994-09-10,25,Nobody's Gonna Rain On Our Parade,Kathy Mattea,26,8,Gains In Performance
1994-09-10,26,When You Walk In The Room,Pam Tillis,27,6,Gains In Performance
1994-09-10,27,The City Put The Country Back In Me,Neal McCoy,28,6,Gains In Performance
1994-09-10,28,Watermelon Crawl,Tracy Byrd,33,5,Gains In Performance
1994-09-10,29,Man Of My Word,Collin Raye,31,6,Gains In Performance
1994-09-10,30,Ten Feet Tall And Bulletproof,Travis Tritt,32,6,Gains In Performance
1994-09-10,31,Summertime Blues,Alan Jackson,24,13,
1994-09-10,32,National Working Woman's Holiday,Sammy Kershaw,29,17,
1994-09-10,33,I Sure Can Smell The Rain,BlackHawk,38,4,Gains In Performance
1994-09-10,34,Independence Day,Martina McBride,25,19,
1994-09-10,35,Kick A Little,Little Texas,46,3,Gains In Performance
1994-09-10,36,Third Rate Romance,Sammy Kershaw,48,3,Gains In Performance
1994-09-10,37,Jukebox Junkie,Ken Mellons,41,7,Gains In Performance
1994-09-10,38,Where There's Smoke,Archer/Park,44,4,Gains In Performance
1994-09-10,39,Heart Over Mind,Lorrie Morgan,47,5,Gains In Performance
1994-09-10,40,Has Anybody Seen Amy,John & Audrey Wiggins,45,5,Gains In Performance
1994-09-10,41,"Renegades, Rebels And Rogues",Tracy Lawrence,39,16,
1994-09-10,42,Lifestyles Of The Not So Rich & Famous,Tracy Byrd,42,20,
1994-09-10,43,Heart Like A Hurricane,Larry Stewart,49,4,Gains In Performance
1994-09-10,44,Girls With Guitars,Wynonna,34,15,
1994-09-10,45,I Take My Chances,Mary Chapin Carpenter,43,20,
1994-09-10,46,Baby Likes To Rock It,The Tractors,52,3,Gains In Performance
1994-09-10,47,Cowboy Band,Billy Dean,35,15,
1994-09-10,48,If I Ever Love Again,Daron Norwood,57,6,Gains In Performance
1994-09-10,49,Now I Know,Lari White,64,2,Gains In Performance
1994-09-10,50,Shut Up And Kiss Me,Mary Chapin Carpenter,NEW,1,Highest ranking debut|Gains In Performance
1994-09-10,51,Stop On A Dime,Little Texas,51,17,
1994-09-10,52,A Real Good Way To Wind Up Lonesome,James House,60,3,Gains In Performance
1994-09-10,53,Livin' On Love,Alan Jackson,67,2,Gains In Performance
1994-09-10,54,One Night A Day,Garth Brooks,54,19,
1994-09-10,55,Give Me A Ring Sometime,Lisa Brokop,59,4,Gains In Performance
1994-09-10,56,Fish Ain't Bitin',David Lee Murphy,62,4,Gains In Performance
1994-09-10,57,One Good Man,Michelle Wright,58,7,
1994-09-10,58,Take These Chains From My Heart,Lee Roy Parnell,53,17,
1994-09-10,59,When The Thought Of You Catches Up With Me,David Ball,NEW,1,Gains In Performance
1994-09-10,60,I See It Now,Tracy Lawrence,NEW,1,Gains In Performance
1994-09-17,1,XXX's And OOO's (An American Girl),Trisha Yearwood,1,11,Gains In Performance
1994-09-17,2,What The Cowgirls Do,Vince Gill,2,11,
1994-09-17,3,Third Rock From The Sun,Joe Diffie,6,10,Gains In Performance
1994-09-17,4,Down On The Farm,Tim McGraw,7,10,Gains In Performance
1994-09-17,5,The Man In Love With You,George Strait,4,13,
1994-09-17,6,She Can't Say I Didn't Cry,Rick Trevino,3,16,
1994-09-17,7,Hard To Say,Sawyer Brown,9,13,Gains In Performance
1994-09-17,8,More Love,Doug Stone,11,14,Gains In Performance
1994-09-17,9,What's In It For Me,John Berry,14,13,Gains In Performance
1994-09-17,10,Callin' Baton Rouge,Garth Brooks,13,11,Gains In Performance
1994-09-17,11,Who's That Man,Toby Keith,16,8,Gains In Performance
1994-09-17,12,I Try To Think About Elvis,Patty Loveless,15,8,Gains In Performance
1994-09-17,13,She Dreams,Mark Chesnutt,17,9,Gains In Performance
1994-09-17,14,She's Not The Cheatin' Kind,Brooks & Dunn,24,4,Gains In Performance
1994-09-17,15,Whisper My Name,Randy Travis,5,15,
1994-09-17,16,Be My Baby Tonight,John Michael Montgomery,10,18,
1994-09-17,17,Dreaming With My Eyes Open,Clay Walker,8,15,
1994-09-17,18,She Thinks His Name Was John,Reba McEntire,21,8,Gains In Performance
1994-09-17,19,When You Walk In The Room,Pam Tillis,26,7,Gains In Performance
1994-09-17,20,Elvis And Andy,Confederate Railroad,23,11,Gains In Performance
1994-09-17,21,Nobody's Gonna Rain On Our Parade,Kathy Mattea,25,9,Gains In Performance
1994-09-17,22,O What A Thrill,The Mavericks,18,19,
1994-09-17,23,Watermelon Crawl,Tracy Byrd,28,6,Gains In Performance
1994-09-17,24,The City Put The Country Back In Me,Neal McCoy,27,7,Gains In Performance
1994-09-17,25,Pocket Of A Clown,Dwight Yoakam,22,12,
1994-09-17,26,Man Of My Word,Collin Raye,29,7,Gains In Performance
1994-09-17,27,Love A Little Stronger,Diamond Rio,19,17,
1994-09-17,28,Ten Feet Tall And Bulletproof,Travis Tritt,30,7,Gains In Performance
1994-09-17,29,Hangin' In,Tanya Tucker,12,17,
1994-09-17,30,Half The Man,Clint Black,20,16,
1994-09-17,31,I Sure Can Smell The Rain,BlackHawk,33,5,Gains In Performance
1994-09-17,32,Kick A Little,Little Texas,35,4,Gains In Performance
1994-09-17,33,Third Rate Romance,Sammy Kershaw,36,4,Gains In Performance
1994-09-17,34,Summertime Blues,Alan Jackson,31,14,
1994-09-17,35,Shut Up And Kiss Me,Mary Chapin Carpenter,50,2,Gains In Performance
1994-09-17,36,Jukebox Junkie,Ken Mellons,37,8,Gains In Performance
1994-09-17,37,National Working Woman's Holiday,Sammy Kershaw,32,18,
1994-09-17,38,Has Anybody Seen Amy,John & Audrey Wiggins,40,6,Gains In Performance
1994-09-17,39,Where There's Smoke,Archer/Park,38,5,Gains In Performance
1994-09-17,40,Independence Day,Martina McBride,34,20,
1994-09-17,41,Heart Over Mind,Lorrie Morgan,39,6,
1994-09-17,42,Livin' On Love,Alan Jackson,53,3,Gains In Performance
1994-09-17,43,I See It Now,Tracy Lawrence,60,2,Gains In Performance
1994-09-17,44,Baby Likes To Rock It,The Tractors,46,4,Gains In Performance
1994-09-17,45,Heart Like A Hurricane,Larry Stewart,43,5,Gains In Performance
1994-09-17,46,"Renegades, Rebels And Rogues",Tracy Lawrence,41,17,
1994-09-17,47,Now I Know,Lari White,49,3,Gains In Performance
1994-09-17,48,We Can't Love Like This Anymore,Alabama,64,2,Gains In Performance
1994-09-17,49,Girls With Guitars,Wynonna,44,16,
1994-09-17,50,If I Ever Love Again,Daron Norwood,48,7,Gains In Performance
1994-09-17,51,When The Thought Of You Catches Up With Me,David Ball,59,2,Gains In Performance
1994-09-17,52,Fish Ain't Bitin',David Lee Murphy,56,5,Gains In Performance
1994-09-17,53,A Real Good Way To Wind Up Lonesome,James House,52,4,Gains In Performance
1994-09-17,54,Give Me A Ring Sometime,Lisa Brokop,55,5,Gains In Performance
1994-09-17,55,Stop On A Dime,Little Texas,51,18,
1994-09-17,56,Teardrops,George Ducas,62,2,Gains In Performance
1994-09-17,57,One Night A Day,Garth Brooks,54,20,
1994-09-17,58,Take These Chains From My Heart,Lee Roy Parnell,58,18,
1994-09-17,59,Hard Lovin' Woman,Mark Collie,65,2,Gains In Performance
1994-09-17,60,You Never Even Call Me By My Name,Doug Supernaw,68,3,Gains In Performance
1994-09-24,1,Third Rock From The Sun,Joe Diffie,3,11,Gains In Performance
1994-09-24,2,Down On The Farm,Tim McGraw,4,11,Gains In Performance
1994-09-24,3,What The Cowgirls Do,Vince Gill,2,12,Gains In Performance
1994-09-24,4,XXX's And OOO's (An American Girl),Trisha Yearwood,1,12,
1994-09-24,5,Hard To Say,Sawyer Brown,7,14,Gains In Performance
1994-09-24,6,More Love,Doug Stone,8,15,Gains In Performance
1994-09-24,7,What's In It For Me,John Berry,9,14,Gains In Performance
1994-09-24,8,The Man In Love With You,George Strait,5,14,
1994-09-24,9,Who's That Man,Toby Keith,11,9,Gains In Performance
1994-09-24,10,Callin' Baton Rouge,Garth Brooks,10,12,Gains In Performance
1994-09-24,11,I Try To Think About Elvis,Patty Loveless,12,9,Gains In Performance
1994-09-24,12,She Dreams,Mark Chesnutt,13,10,Gains In Performance
1994-09-24,13,She's Not The Cheatin' Kind,Brooks & Dunn,14,5,Gains In Performance
1994-09-24,14,When You Walk In The Room,Pam Tillis,19,8,Gains In Performance
1994-09-24,15,Watermelon Crawl,Tracy Byrd,23,7,Gains In Performance
1994-09-24,16,She Thinks His Name Was John,Reba McEntire,18,9,Gains In Performance
1994-09-24,17,She Can't Say I Didn't Cry,Rick Trevino,6,17,
1994-09-24,18,Nobody's Gonna Rain On Our Parade,Kathy Mattea,21,10,Gains In Performance
1994-09-24,19,The City Put The Country Back In Me,Neal McCoy,24,8,Gains In Performance
1994-09-24,20,Elvis And Andy,Confederate Railroad,20,12,
1994-09-24,21,Whisper My Name,Randy Travis,15,16,
1994-09-24,22,Man Of My Word,Collin Raye,26,8,Gains In Performance
1994-09-24,23,Be My Baby Tonight,John Michael Montgomery,16,19,
1994-09-24,24,Ten Feet Tall And Bulletproof,Travis Tritt,28,8,Gains In Performance
1994-09-24,25,Third Rate Romance,Sammy Kershaw,33,5,Gains In Performance
1994-09-24,26,Kick A Little,Little Texas,32,5,Gains In Performance
1994-09-24,27,Dreaming With My Eyes Open,Clay Walker,17,16,
1994-09-24,28,Shut Up And Kiss Me,Mary Chapin Carpenter,35,3,Gains In Performance
1994-09-24,29,I Sure Can Smell The Rain,BlackHawk,31,6,Gains In Performance
1994-09-24,30,Livin' On Love,Alan Jackson,42,4,Gains In Performance
1994-09-24,31,Love A Little Stronger,Diamond Rio,27,18,
1994-09-24,32,Jukebox Junkie,Ken Mellons,36,9,Gains In Performance
1994-09-24,33,I See It Now,Tracy Lawrence,43,3,Gains In Performance
1994-09-24,34,O What A Thrill,The Mavericks,22,20,
1994-09-24,35,Has Anybody Seen Amy,John & Audrey Wiggins,38,7,Gains In Performance
1994-09-24,36,Pocket Of A Clown,Dwight Yoakam,25,13,
1994-09-24,37,Where There's Smoke,Archer/Park,39,6,Gains In Performance
1994-09-24,38,Hangin' In,Tanya Tucker,29,18,
1994-09-24,39,Summertime Blues,Alan Jackson,34,15,
1994-09-24,40,Half The Man,Clint Black,30,17,
1994-09-24,41,Heart Over Mind,Lorrie Morgan,41,7,Gains In Performance
1994-09-24,42,National Working Woman's Holiday,Sammy Kershaw,37,19,
1994-09-24,43,Baby Likes To Rock It,The Tractors,44,5,Gains In Performance
1994-09-24,44,We Can't Love Like This Anymore,Alabama,48,3,Gains In Performance
1994-09-24,45,Heart Like A Hurricane,Larry Stewart,45,6,Gains In Performance
1994-09-24,46,When The Thought Of You Catches Up With Me,David Ball,51,3,Gains In Performance
1994-09-24,47,Now I Know,Lari White,47,4,Gains In Performance
1994-09-24,48,"Renegades, Rebels And Rogues",Tracy Lawrence,46,18,
1994-09-24,49,If I Could Make A Living,Clay Walker,NEW,1,Highest ranking debut|Gains In Performance
1994-09-24,50,If I Ever Love Again,Daron Norwood,50,8,
1994-09-24,51,Girls With Guitars,Wynonna,49,17,
1994-09-24,52,Give Me A Ring Sometime,Lisa Brokop,54,6,Gains In Performance
1994-09-24,53,Fish Ain't Bitin',David Lee Murphy,52,6,Gains In Performance
1994-09-24,54,Untanglin' My Mind,Clint Black,NEW,1,Gains In Performance
1994-09-24,55,Teardrops,George Ducas,56,3,Gains In Performance
1994-09-24,56,A Real Good Way To Wind Up Lonesome,James House,53,5,Gains In Performance
1994-09-24,57,Hard Lovin' Woman,Mark Collie,59,3,Gains In Performance
1994-09-24,58,Stop On A Dime,Little Texas,55,19,
1994-09-24,59,You Just Watch Me,Tanya Tucker,72,2,Gains In Performance
1994-09-24,60,You Never Even Call Me By My Name,Doug Supernaw,60,4,Gains In Performance
1994-10-01,1,Third Rock From The Sun,Joe Diffie,1,12,Gains In Performance
1994-10-01,2,Down On The Farm,Tim McGraw,2,12,Gains In Performance
1994-10-01,3,Who's That Man,Toby Keith,9,10,Gains In Performance
1994-10-01,4,What The Cowgirls Do,Vince Gill,3,13,
1994-10-01,5,What's In It For Me,John Berry,7,15,Gains In Performance
1994-10-01,6,Callin' Baton Rouge,Garth Brooks,10,13,Gains In Performance
1994-10-01,7,She Dreams,Mark Chesnutt,12,11,Gains In Performance
1994-10-01,8,I Try To Think About Elvis,Patty Loveless,11,10,Gains In Performance
1994-10-01,9,XXX's And OOO's (An American Girl),Trisha Yearwood,4,13,
1994-10-01,10,Hard To Say,Sawyer Brown,5,15,
1994-10-01,11,She's Not The Cheatin' Kind,Brooks & Dunn,13,6,Gains In Performance
1994-10-01,12,More Love,Doug Stone,6,16,
1994-10-01,13,Watermelon Crawl,Tracy Byrd,15,8,Gains In Performance
1994-10-01,14,When You Walk In The Room,Pam Tillis,14,9,Gains In Performance
1994-10-01,15,She Thinks His Name Was John,Reba McEntire,16,10,Gains In Performance
1994-10-01,16,Nobody's Gonna Rain On Our Parade,Kathy Mattea,18,11,Gains In Performance
1994-10-01,17,The City Put The Country Back In Me,Neal McCoy,19,9,Gains In Performance
1994-10-01,18,Livin' On Love,Alan Jackson,30,5,Gains In Performance
1994-10-01,19,Shut Up And Kiss Me,Mary Chapin Carpenter,28,4,Gains In Performance
1994-10-01,20,Man Of My Word,Collin Raye,22,9,Gains In Performance
1994-10-01,21,Third Rate Romance,Sammy Kershaw,25,6,Gains In Performance
1994-10-01,22,I Sure Can Smell The Rain,BlackHawk,29,7,Gains In Performance
1994-10-01,23,The Man In Love With You,George Strait,8,15,
1994-10-01,24,Kick A Little,Little Texas,26,6,Gains In Performance
1994-10-01,25,Ten Feet Tall And Bulletproof,Travis Tritt,24,9,Gains In Performance
1994-10-01,26,Elvis And Andy,Confederate Railroad,20,13,
1994-10-01,27,Be My Baby Tonight,John Michael Montgomery,23,20,
1994-10-01,28,I See It Now,Tracy Lawrence,33,4,Gains In Performance
1994-10-01,29,Whisper My Name,Randy Travis,21,17,
1994-10-01,30,She Can't Say I Didn't Cry,Rick Trevino,17,18,
1994-10-01,31,Jukebox Junkie,Ken Mellons,32,10,Gains In Performance
1994-10-01,32,Dreaming With My Eyes Open,Clay Walker,27,17,
1994-10-01,33,Has Anybody Seen Amy,John & Audrey Wiggins,35,8,Gains In Performance
1994-10-01,34,Love A Little Stronger,Diamond Rio,31,19,
1994-10-01,35,Where There's Smoke,Archer/Park,37,7,
1994-10-01,36,We Can't Love Like This Anymore,Alabama,44,4,Gains In Performance
1994-10-01,37,Baby Likes To Rock It,The Tractors,43,6,Gains In Performance
1994-10-01,38,When The Thought Of You Catches Up With Me,David Ball,46,4,Gains In Performance
1994-10-01,39,Heart Over Mind,Lorrie Morgan,41,8,
1994-10-01,40,If I Could Make A Living,Clay Walker,49,2,Gains In Performance
1994-10-01,41,Summertime Blues,Alan Jackson,39,16,
1994-10-01,42,National Working Woman's Holiday,Sammy Kershaw,42,20,
1994-10-01,43,Hangin' In,Tanya Tucker,38,19,
1994-10-01,44,Untanglin' My Mind,Clint Black,54,2,Gains In Performance
1994-10-01,45,Half The Man,Clint Black,40,18,
1994-10-01,46,Now I Know,Lari White,47,5,Gains In Performance
1994-10-01,47,Heart Like A Hurricane,Larry Stewart,45,7,
1994-10-01,48,If You've Got Love,John Michael Montgomery,62,2,Gains In Performance
1994-10-01,49,"Renegades, Rebels And Rogues",Tracy Lawrence,48,19,
1994-10-01,50,You Just Watch Me,Tanya Tucker,59,3,Gains In Performance
1994-10-01,51,Pocket Of A Clown,Dwight Yoakam,36,14,
1994-10-01,52,Teardrops,George Ducas,55,4,Gains In Performance
1994-10-01,53,Give Me A Ring Sometime,Lisa Brokop,52,7,Gains In Performance
1994-10-01,54,Take Me As I Am,Faith Hill,71,2,Gains In Performance
1994-10-01,55,A Real Good Way To Wind Up Lonesome,James House,56,6,
1994-10-01,56,Girls With Guitars,Wynonna,51,18,
1994-10-01,57,Hard Lovin' Woman,Mark Collie,57,4,Gains In Performance
1994-10-01,58,Country 'til I Die,John Anderson,NEW,1,Highest ranking debut|Gains In Performance
1994-10-01,59,That's What I Get (For Losin' You),Hal Ketchum,67,2,Gains In Performance
1994-10-01,60,Stop On A Dime,Little Texas,58,20,
1994-10-08,1,Who's That Man,Toby Keith,3,11,Gains In Performance
1994-10-08,2,Down On The Farm,Tim McGraw,2,13,
1994-10-08,3,Third Rock From The Sun,Joe Diffie,1,13,
1994-10-08,4,She's Not The Cheatin' Kind,Brooks & Dunn,11,7,Gains In Performance
1994-10-08,5,Callin' Baton Rouge,Garth Brooks,6,14,Gains In Performance
1994-10-08,6,I Try To Think About Elvis,Patty Loveless,8,11,Gains In Performance
1994-10-08,7,She Dreams,Mark Chesnutt,7,12,Gains In Performance
1994-10-08,8,Watermelon Crawl,Tracy Byrd,13,9,Gains In Performance
1994-10-08,9,When You Walk In The Room,Pam Tillis,14,10,Gains In Performance
1994-10-08,10,Livin' On Love,Alan Jackson,18,6,Gains In Performance
1994-10-08,11,What's In It For Me,John Berry,5,16,
1994-10-08,12,Third Rate Romance,Sammy Kershaw,21,7,Gains In Performance
1994-10-08,13,XXX's And OOO's (An American Girl),Trisha Yearwood,9,14,
1994-10-08,14,What The Cowgirls Do,Vince Gill,4,14,
1994-10-08,15,Nobody's Gonna Rain On Our Parade,Kathy Mattea,16,12,Gains In Performance
1994-10-08,16,Shut Up And Kiss Me,Mary Chapin Carpenter,19,5,Gains In Performance
1994-10-08,17,Man Of My Word,Collin Raye,20,10,Gains In Performance
1994-10-08,18,The City Put The Country Back In Me,Neal McCoy,17,10,Gains In Performance
1994-10-08,19,She Thinks His Name Was John,Reba McEntire,15,11,Gains In Performance
1994-10-08,20,Kick A Little,Little Texas,24,7,Gains In Performance
1994-10-08,21,I Sure Can Smell The Rain,BlackHawk,22,8,Gains In Performance
1994-10-08,22,Ten Feet Tall And Bulletproof,Travis Tritt,25,10,Gains In Performance
1994-10-08,23,I See It Now,Tracy Lawrence,28,5,Gains In Performance
1994-10-08,24,Jukebox Junkie,Ken Mellons,31,11,Gains In Performance
1994-10-08,25,More Love,Doug Stone,12,17,
1994-10-08,26,Hard To Say,Sawyer Brown,10,16,
1994-10-08,27,If I Could Make A Living,Clay Walker,40,3,Gains In Performance
1994-10-08,28,Has Anybody Seen Amy,John & Audrey Wiggins,33,9,Gains In Performance
1994-10-08,29,Where There's Smoke,Archer/Park,35,8,Gains In Performance
1994-10-08,30,If You've Got Love,John Michael Montgomery,48,3,Gains In Performance
1994-10-08,31,Baby Likes To Rock It,The Tractors,37,7,Gains In Performance
1994-10-08,32,The Man In Love With You,George Strait,23,16,
1994-10-08,33,We Can't Love Like This Anymore,Alabama,36,5,Gains In Performance
1994-10-08,34,Untanglin' My Mind,Clint Black,44,3,Gains In Performance
1994-10-08,35,When The Thought Of You Catches Up With Me,David Ball,38,5,Gains In Performance
1994-10-08,36,Dreaming With My Eyes Open,Clay Walker,32,18,
1994-10-08,37,Whisper My Name,Randy Travis,29,18,
1994-10-08,38,She Can't Say I Didn't Cry,Rick Trevino,30,19,
1994-10-08,39,Love A Little Stronger,Diamond Rio,34,20,
1994-10-08,40,Hangin' In,Tanya Tucker,43,20,
1994-10-08,41,Now I Know,Lari White,46,6,Gains In Performance
1994-10-08,42,Heart Over Mind,Lorrie Morgan,39,9,
1994-10-08,43,Summertime Blues,Alan Jackson,41,17,
1994-10-08,44,Take Me As I Am,Faith Hill,54,3,Gains In Performance
1994-10-08,45,Elvis And Andy,Confederate Railroad,26,14,
1994-10-08,46,Half The Man,Clint Black,45,19,
1994-10-08,47,You Just Watch Me,Tanya Tucker,50,4,Gains In Performance
1994-10-08,48,Teardrops,George Ducas,52,5,Gains In Performance
1994-10-08,49,Country 'til I Die,John Anderson,58,2,Gains In Performance
1994-10-08,50,Heart Like A Hurricane,Larry Stewart,47,8,
1994-10-08,51,The Big One,George Strait,NEW,1,Highest ranking debut|Gains In Performance
1994-10-08,52,Hard Lovin' Woman,Mark Collie,57,5,Gains In Performance
1994-10-08,53,"Renegades, Rebels And Rogues",Tracy Lawrence,49,20,
1994-10-08,54,That's What I Get (For Losin' You),Hal Ketchum,59,3,Gains In Performance
1994-10-08,55,Give Me A Ring Sometime,Lisa Brokop,53,8,
1994-10-08,56,Girls With Guitars,Wynonna,56,19,Gains In Performance
1994-10-08,57,Wherever She Is,Ricky Van Shelton,63,3,Gains In Performance
1994-10-08,58,There Goes My Heart,The Mavericks,74,2,Gains In Performance
1994-10-08,59,The Power Of Love,Lee Roy Parnell,70,2,Gains In Performance
1994-10-08,60,What They're Talking About,Rhett Akins,75,2,Gains In Performance
1994-10-15,1,She's Not The Cheatin' Kind,Brooks & Dunn,4,8,Gains In Performance
1994-10-15,2,Who's That Man,Toby Keith,1,12,
1994-10-15,3,Callin' Baton Rouge,Garth Brooks,5,15,Gains In Performance
1994-10-15,4,I Try To Think About Elvis,Patty Loveless,6,12,Gains In Performance
1994-10-15,5,Down On The Farm,Tim McGraw,2,14,
1994-10-15,6,She Dreams,Mark Chesnutt,7,13,Gains In Performance
1994-10-15,7,Watermelon Crawl,Tracy Byrd,8,10,Gains In Performance
1994-10-15,8,When You Walk In The Room,Pam Tillis,9,11,Gains In Performance
1994-10-15,9,Livin' On Love,Alan Jackson,10,7,Gains In Performance
1994-10-15,10,Third Rate Romance,Sammy Kershaw,12,8,Gains In Performance
1994-10-15,11,Shut Up And Kiss Me,Mary Chapin Carpenter,16,6,Gains In Performance
1994-10-15,12,Third Rock From The Sun,Joe Diffie,3,14,
1994-10-15,13,Nobody's Gonna Rain On Our Parade,Kathy Mattea,15,13,Gains In Performance
1994-10-15,14,The City Put The Country Back In Me,Neal McCoy,18,11,Gains In Performance
1994-10-15,15,Man Of My Word,Collin Raye,17,11,Gains In Performance
1994-10-15,16,Kick A Little,Little Texas,20,8,Gains In Performance
1994-10-15,17,She Thinks His Name Was John,Reba McEntire,19,12,Gains In Performance
1994-10-15,18,I See It Now,Tracy Lawrence,23,6,Gains In Performance
1994-10-15,19,I Sure Can Smell The Rain,BlackHawk,21,9,Gains In Performance
1994-10-15,20,Jukebox Junkie,Ken Mellons,24,12,Gains In Performance
1994-10-15,21,If I Could Make A Living,Clay Walker,27,4,Gains In Performance
1994-10-15,22,XXX's And OOO's (An American Girl),Trisha Yearwood,13,15,
1994-10-15,23,Ten Feet Tall And Bulletproof,Travis Tritt,22,11,
1994-10-15,24,What The Cowgirls Do,Vince Gill,14,15,
1994-10-15,25,If You've Got Love,John Michael Montgomery,30,4,Gains In Performance
1994-10-15,26,Has Anybody Seen Amy,John & Audrey Wiggins,28,10,Gains In Performance
1994-10-15,27,We Can't Love Like This Anymore,Alabama,33,6,Gains In Performance
1994-10-15,28,Baby Likes To Rock It,The Tractors,31,8,Gains In Performance
1994-10-15,29,Untanglin' My Mind,Clint Black,34,4,Gains In Performance
1994-10-15,30,What's In It For Me,John Berry,11,17,
1994-10-15,31,When The Thought Of You Catches Up With Me,David Ball,35,6,Gains In Performance
1994-10-15,32,Where There's Smoke,Archer/Park,29,9,Gains In Performance
1994-10-15,33,The Big One,George Strait,51,2,Gains In Performance
1994-10-15,34,Take Me As I Am,Faith Hill,44,4,Gains In Performance
1994-10-15,35,Dreaming With My Eyes Open,Clay Walker,36,19,
1994-10-15,36,Whisper My Name,Randy Travis,37,19,
1994-10-15,37,Now I Know,Lari White,41,7,Gains In Performance
1994-10-15,38,She Can't Say I Didn't Cry,Rick Trevino,38,20,
1994-10-15,39,More Love,Doug Stone,25,18,
1994-10-15,40,You Just Watch Me,Tanya Tucker,47,5,Gains In Performance
1994-10-15,41,The Man In Love With You,George Strait,32,17,
1994-10-15,42,Hard To Say,Sawyer Brown,26,17,
1994-10-15,43,Summertime Blues,Alan Jackson,43,18,
1994-10-15,44,Country 'til I Die,John Anderson,49,3,Gains In Performance
1994-10-15,45,Teardrops,George Ducas,48,6,Gains In Performance
1994-10-15,46,That's What I Get (For Losin' You),Hal Ketchum,54,4,Gains In Performance
1994-10-15,47,Half The Man,Clint Black,46,20,
1994-10-15,48,Heart Over Mind,Lorrie Morgan,42,10,
1994-10-15,49,Hard Lovin' Woman,Mark Collie,52,6,Gains In Performance
1994-10-15,50,There Goes My Heart,The Mavericks,58,3,Gains In Performance
1994-10-15,51,The Power Of Love,Lee Roy Parnell,59,3,Gains In Performance
1994-10-15,52,Wherever She Is,Ricky Van Shelton,57,4,Gains In Performance
1994-10-15,53,Doctor Time,Rick Trevino,66,2,Gains In Performance
1994-10-15,54,I Got It Honest,Aaron Tippin,67,2,Gains In Performance
1994-10-15,55,Girls With Guitars,Wynonna,56,20,Gains In Performance
1994-10-15,56,Eugene You Genius,Bryan White,64,2,Gains In Performance
1994-10-15,57,What They're Talking About,Rhett Akins,60,3,Gains In Performance
1994-10-15,58,When Love Finds You,Vince Gill,NEW,1,Highest ranking debut|Gains In Performance
1994-10-15,59,Elvis And Andy,Confederate Railroad,45,15,
1994-10-15,60,Give Me A Ring Sometime,Lisa Brokop,55,9,
1994-10-22,1,She's Not The Cheatin' Kind,Brooks & Dunn,1,9,Gains In Performance
1994-10-22,2,Callin' Baton Rouge,Garth Brooks,3,16,
1994-10-22,3,I Try To Think About Elvis,Patty Loveless,4,13,
1994-10-22,4,When You Walk In The Room,Pam Tillis,8,12,Gains In Performance
1994-10-22,5,Watermelon Crawl,Tracy Byrd,7,11,Gains In Performance
1994-10-22,6,Livin' On Love,Alan Jackson,9,8,Gains In Performance
1994-10-22,7,She Dreams,Mark Chesnutt,6,14,
1994-10-22,8,Third Rate Romance,Sammy Kershaw,10,9,Gains In Performance
1994-10-22,9,Man Of My Word,Collin Raye,15,12,Gains In Performance
1994-10-22,10,Who's That Man,Toby Keith,2,13,
1994-10-22,11,The City Put The Country Back In Me,Neal McCoy,14,12,Gains In Performance
1994-10-22,12,Shut Up And Kiss Me,Mary Chapin Carpenter,11,7,Gains In Performance
1994-10-22,13,Nobody's Gonna Rain On Our Parade,Kathy Mattea,13,14,
1994-10-22,14,Kick A Little,Little Texas,16,9,Gains In Performance
1994-10-22,15,I See It Now,Tracy Lawrence,18,7,Gains In Performance
1994-10-22,16,Down On The Farm,Tim McGraw,5,15,
1994-10-22,17,If I Could Make A Living,Clay Walker,21,5,Gains In Performance
1994-10-22,18,I Sure Can Smell The Rain,BlackHawk,19,10,
1994-10-22,19,Jukebox Junkie,Ken Mellons,20,13,Gains In Performance
1994-10-22,20,If You've Got Love,John Michael Montgomery,25,5,Gains In Performance
1994-10-22,21,Third Rock From The Sun,Joe Diffie,12,15,
1994-10-22,22,Baby Likes To Rock It,The Tractors,28,9,Gains In Performance
1994-10-22,23,Has Anybody Seen Amy,John & Audrey Wiggins,26,11,Gains In Performance
1994-10-22,24,Untanglin' My Mind,Clint Black,29,5,Gains In Performance
1994-10-22,25,The Big One,George Strait,33,3,Gains In Performance
1994-10-22,26,When The Thought Of You Catches Up With Me,David Ball,31,7,Gains In Performance
1994-10-22,27,She Thinks His Name Was John,Reba McEntire,17,13,
1994-10-22,28,We Can't Love Like This Anymore,Alabama,27,7,Gains In Performance
1994-10-22,29,XXX's And OOO's (An American Girl),Trisha Yearwood,22,16,
1994-10-22,30,Where There's Smoke,Archer/Park,32,10,Gains In Performance
1994-10-22,31,What The Cowgirls Do,Vince Gill,24,16,
1994-10-22,32,Take Me As I Am,Faith Hill,34,5,Gains In Performance
1994-10-22,33,Now I Know,Lari White,37,8,Gains In Performance
1994-10-22,34,Ten Feet Tall And Bulletproof,Travis Tritt,23,12,
1994-10-22,35,When Love Finds You,Vince Gill,58,2,Gains In Performance
1994-10-22,36,You Just Watch Me,Tanya Tucker,40,6,Gains In Performance
1994-10-22,37,Dreaming With My Eyes Open,Clay Walker,35,20,
1994-10-22,38,What's In It For Me,John Berry,30,18,
1994-10-22,39,Whisper My Name,Randy Travis,36,20,
1994-10-22,40,That's What I Get (For Losin' You),Hal Ketchum,46,5,Gains In Performance
1994-10-22,41,The Man In Love With You,George Strait,41,18,
1994-10-22,42,Country 'til I Die,John Anderson,44,4,Gains In Performance
1994-10-22,43,More Love,Doug Stone,39,19,
1994-10-22,44,Hard To Say,Sawyer Brown,42,18,
1994-10-22,45,Teardrops,George Ducas,45,7,Gains In Performance
1994-10-22,46,There Goes My Heart,The Mavericks,50,4,Gains In Performance
1994-10-22,47,Summertime Blues,Alan Jackson,43,19,
1994-10-22,48,Hard Lovin' Woman,Mark Collie,49,7,Gains In Performance
1994-10-22,49,This Is Me,Randy Travis,NEW,1,Highest ranking debut|Gains In Performance
1994-10-22,50,Eugene You Genius,Bryan White,56,3,Gains In Performance
1994-10-22,51,Doctor Time,Rick Trevino,53,3,Gains In Performance
1994-10-22,52,I Got It Honest,Aaron Tippin,54,3,Gains In Performance
1994-10-22,53,The Power Of Love,Lee Roy Parnell,51,4,Gains In Performance
1994-10-22,54,Wherever She Is,Ricky Van Shelton,52,5,Gains In Performance
1994-10-22,55,What They're Talking About,Rhett Akins,57,4,Gains In Performance
1994-10-22,56,Pickup Man,Joe Diffie,NEW,1,Gains In Performance
1994-10-22,57,Heart Over Mind,Lorrie Morgan,48,11,
1994-10-22,58,Night Is Fallin' In My Heart,Diamond Rio,NEW,1,Gains In Performance
1994-10-22,59,"Red, White And Blue Collar",Gibson/Miller Band,61,5,Gains In Performance
1994-10-22,60,Men Will Be Boys,Billy Dean,64,3,Gains In Performance
1994-10-29,1,Livin' On Love,Alan Jackson,6,9,Gains In Performance
1994-10-29,2,When You Walk In The Room,Pam Tillis,4,13,Gains In Performance
1994-10-29,3,She's Not The Cheatin' Kind,Brooks & Dunn,1,10,
1994-10-29,4,Watermelon Crawl,Tracy Byrd,5,12,Gains In Performance
1994-10-29,5,Third Rate Romance,Sammy Kershaw,8,10,Gains In Performance
1994-10-29,6,Callin' Baton Rouge,Garth Brooks,2,17,
1994-10-29,7,I Try To Think About Elvis,Patty Loveless,3,14,
1994-10-29,8,The City Put The Country Back In Me,Neal McCoy,11,13,Gains In Performance
1994-10-29,9,Shut Up And Kiss Me,Mary Chapin Carpenter,12,8,Gains In Performance
1994-10-29,10,Man Of My Word,Collin Raye,9,13,Gains In Performance
1994-10-29,11,I See It Now,Tracy Lawrence,15,8,Gains In Performance
1994-10-29,12,If I Could Make A Living,Clay Walker,17,6,Gains In Performance
1994-10-29,13,Kick A Little,Little Texas,14,10,Gains In Performance
1994-10-29,14,I Sure Can Smell The Rain,BlackHawk,18,11,Gains In Performance
1994-10-29,15,Jukebox Junkie,Ken Mellons,19,14,Gains In Performance
1994-10-29,16,Who's That Man,Toby Keith,10,14,
1994-10-29,17,If You've Got Love,John Michael Montgomery,20,6,Gains In Performance
1994-10-29,18,The Big One,George Strait,25,4,Gains In Performance
1994-10-29,19,Baby Likes To Rock It,The Tractors,22,10,Gains In Performance
1994-10-29,20,When The Thought Of You Catches Up With Me,David Ball,26,8,Gains In Performance
1994-10-29,21,Untanglin' My Mind,Clint Black,24,6,Gains In Performance
1994-10-29,22,Has Anybody Seen Amy,John & Audrey Wiggins,23,12,Gains In Performance
1994-10-29,23,We Can't Love Like This Anymore,Alabama,28,8,Gains In Performance
1994-10-29,24,Down On The Farm,Tim McGraw,16,16,
1994-10-29,25,She Dreams,Mark Chesnutt,7,15,
1994-10-29,26,Take Me As I Am,Faith Hill,32,6,Gains In Performance
1994-10-29,27,When Love Finds You,Vince Gill,35,3,Gains In Performance
1994-10-29,28,Nobody's Gonna Rain On Our Parade,Kathy Mattea,13,15,
1994-10-29,29,Third Rock From The Sun,Joe Diffie,21,16,
1994-10-29,30,XXX's And OOO's (An American Girl),Trisha Yearwood,29,17,
1994-10-29,31,Now I Know,Lari White,33,9,Gains In Performance
1994-10-29,32,You Just Watch Me,Tanya Tucker,36,7,Gains In Performance
1994-10-29,33,Where There's Smoke,Archer/Park,30,11,
1994-10-29,34,What The Cowgirls Do,Vince Gill,31,17,
1994-10-29,35,There Goes My Heart,The Mavericks,46,5,Gains In Performance
1994-10-29,36,Pickup Man,Joe Diffie,56,2,Gains In Performance
1994-10-29,37,That's What I Get (For Losin' You),Hal Ketchum,40,6,Gains In Performance
1994-10-29,38,This Is Me,Randy Travis,49,2,Gains In Performance
1994-10-29,39,Country 'til I Die,John Anderson,42,5,Gains In Performance
1994-10-29,40,Teardrops,George Ducas,45,8,Gains In Performance
1994-10-29,41,She Thinks His Name Was John,Reba McEntire,27,14,
1994-10-29,42,What's In It For Me,John Berry,38,19,
1994-10-29,43,More Love,Doug Stone,43,20,
1994-10-29,44,Summertime Blues,Alan Jackson,47,20,Gains In Performance
1994-10-29,45,Hard Lovin' Woman,Mark Collie,48,8,Gains In Performance
1994-10-29,46,The Man In Love With You,George Strait,41,19,
1994-10-29,47,Doctor Time,Rick Trevino,51,4,Gains In Performance
1994-10-29,48,Hard To Say,Sawyer Brown,44,19,
1994-10-29,49,I Got It Honest,Aaron Tippin,52,4,Gains In Performance
1994-10-29,50,Wherever She Is,Ricky Van Shelton,54,6,Gains In Performance
1994-10-29,51,Eugene You Genius,Bryan White,50,4,Gains In Performance
1994-10-29,52,What They're Talking About,Rhett Akins,55,5,Gains In Performance
1994-10-29,53,The Power Of Love,Lee Roy Parnell,53,5,Gains In Performance
1994-10-29,54,Night Is Fallin' In My Heart,Diamond Rio,58,2,Gains In Performance
1994-10-29,55,Ten Feet Tall And Bulletproof,Travis Tritt,34,13,
1994-10-29,56,Storm In The Heartland,Billy Ray Cyrus,61,2,Gains In Performance
1994-10-29,57,You And Only You,John Berry,63,3,Gains In Performance
1994-10-29,58,Goin' Through The Big D,Mark Chesnutt,NEW,1,Highest ranking debut|Gains In Performance
1994-10-29,59,Heart Trouble,Martina McBride,65,2,Gains In Performance
1994-10-29,60,Men Will Be Boys,Billy Dean,60,4,Gains In Performance
1994-11-05,1,Livin' On Love,Alan Jackson,1,10,Gains In Performance
1994-11-05,2,Third Rate Romance,Sammy Kershaw,5,11,Gains In Performance
1994-11-05,3,When You Walk In The Room,Pam Tillis,2,14,
1994-11-05,4,Shut Up And Kiss Me,Mary Chapin Carpenter,9,9,Gains In Performance
1994-11-05,5,The City Put The Country Back In Me,Neal McCoy,8,14,Gains In Performance
1994-11-05,6,She's Not The Cheatin' Kind,Brooks & Dunn,3,11,
1994-11-05,7,Watermelon Crawl,Tracy Byrd,4,13,
1994-11-05,8,Man Of My Word,Collin Raye,10,14,Gains In Performance
1994-11-05,9,I See It Now,Tracy Lawrence,11,9,Gains In Performance
1994-11-05,10,If I Could Make A Living,Clay Walker,12,7,Gains In Performance
1994-11-05,11,Kick A Little,Little Texas,13,11,Gains In Performance
1994-11-05,12,Jukebox Junkie,Ken Mellons,15,15,Gains In Performance
1994-11-05,13,I Sure Can Smell The Rain,BlackHawk,14,12,Gains In Performance
1994-11-05,14,The Big One,George Strait,18,5,Gains In Performance
1994-11-05,15,If You've Got Love,John Michael Montgomery,17,7,Gains In Performance
1994-11-05,16,Baby Likes To Rock It,The Tractors,19,11,Gains In Performance
1994-11-05,17,Untanglin' My Mind,Clint Black,21,7,Gains In Performance
1994-11-05,18,I Try To Think About Elvis,Patty Loveless,7,15,
1994-11-05,19,When Love Finds You,Vince Gill,27,4,Gains In Performance
1994-11-05,20,We Can't Love Like This Anymore,Alabama,23,9,Gains In Performance
1994-11-05,21,When The Thought Of You Catches Up With Me,David Ball,20,9,Gains In Performance
1994-11-05,22,Callin' Baton Rouge,Garth Brooks,6,18,
1994-11-05,23,Take Me As I Am,Faith Hill,26,7,Gains In Performance
1994-11-05,24,Who's That Man,Toby Keith,16,15,
1994-11-05,25,Has Anybody Seen Amy,John & Audrey Wiggins,22,13,
1994-11-05,26,You Just Watch Me,Tanya Tucker,32,8,Gains In Performance
1994-11-05,27,Now I Know,Lari White,31,10,Gains In Performance
1994-11-05,28,Pickup Man,Joe Diffie,36,3,Gains In Performance
1994-11-05,29,Down On The Farm,Tim McGraw,24,17,
1994-11-05,30,Third Rock From The Sun,Joe Diffie,29,17,
1994-11-05,31,This Is Me,Randy Travis,38,3,Gains In Performance
1994-11-05,32,XXX's And OOO's (An American Girl),Trisha Yearwood,30,18,
1994-11-05,33,That's What I Get (For Losin' You),Hal Ketchum,37,7,Gains In Performance
1994-11-05,34,There Goes My Heart,The Mavericks,35,6,Gains In Performance
1994-11-05,35,What The Cowgirls Do,Vince Gill,34,18,
1994-11-05,36,Country 'til I Die,John Anderson,39,6,Gains In Performance
1994-11-05,37,She Dreams,Mark Chesnutt,25,16,
1994-11-05,38,Doctor Time,Rick Trevino,47,5,Gains In Performance
1994-11-05,39,Not A Moment Too Soon,Tim McGraw,61,2,Gains In Performance
1994-11-05,40,Teardrops,George Ducas,40,9,Gains In Performance
1994-11-05,41,Nobody's Gonna Rain On Our Parade,Kathy Mattea,28,16,
1994-11-05,42,Hard Lovin' Woman,Mark Collie,45,9,Gains In Performance
1994-11-05,43,Night Is Fallin' In My Heart,Diamond Rio,54,3,Gains In Performance
1994-11-05,44,I Got It Honest,Aaron Tippin,49,5,Gains In Performance
1994-11-05,45,Goin' Through The Big D,Mark Chesnutt,58,2,Gains In Performance
1994-11-05,46,What's In It For Me,John Berry,42,20,
1994-11-05,47,The Man In Love With You,George Strait,46,20,
1994-11-05,48,Storm In The Heartland,Billy Ray Cyrus,56,3,Gains In Performance
1994-11-05,49,Wherever She Is,Ricky Van Shelton,50,7,Gains In Performance
1994-11-05,50,What They're Talking About,Rhett Akins,52,6,Gains In Performance
1994-11-05,51,Eugene You Genius,Bryan White,51,5,Gains In Performance
1994-11-05,52,Hard To Say,Sawyer Brown,48,20,
1994-11-05,53,The Power Of Love,Lee Roy Parnell,53,6,Gains In Performance
1994-11-05,54,You And Only You,John Berry,57,4,Gains In Performance
1994-11-05,55,Where There's Smoke,Archer/Park,33,12,
1994-11-05,56,She Thinks His Name Was John,Reba McEntire,41,15,
1994-11-05,57,Heart Trouble,Martina McBride,59,3,Gains In Performance
1994-11-05,58,Little Houses,Doug Stone,71,2,Gains In Performance
1994-11-05,59,Till You Love Me,Reba McEntire,NEW,1,Highest ranking debut|Gains In Performance
1994-11-05,60,Men Will Be Boys,Billy Dean,60,5,Gains In Performance
1994-11-12,1,Livin' On Love,Alan Jackson,1,11,
1994-11-12,2,Third Rate Romance,Sammy Kershaw,2,12,Gains In Performance
1994-11-12,3,Shut Up And Kiss Me,Mary Chapin Carpenter,4,10,Gains In Performance
1994-11-12,4,I See It Now,Tracy Lawrence,9,10,Gains In Performance
1994-11-12,5,If I Could Make A Living,Clay Walker,10,8,Gains In Performance
1994-11-12,6,The City Put The Country Back In Me,Neal McCoy,5,15,Gains In Performance
1994-11-12,7,Kick A Little,Little Texas,11,12,Gains In Performance
1994-11-12,8,Jukebox Junkie,Ken Mellons,12,16,Gains In Performance
1994-11-12,9,I Sure Can Smell The Rain,BlackHawk,13,13,Gains In Performance
1994-11-12,10,Man Of My Word,Collin Raye,8,15,
1994-11-12,11,The Big One,George Strait,14,6,Gains In Performance
1994-11-12,12,If You've Got Love,John Michael Montgomery,15,8,Gains In Performance
1994-11-12,13,Baby Likes To Rock It,The Tractors,16,12,Gains In Performance
1994-11-12,14,She's Not The Cheatin' Kind,Brooks & Dunn,6,12,
1994-11-12,15,We Can't Love Like This Anymore,Alabama,20,10,Gains In Performance
1994-11-12,16,Untanglin' My Mind,Clint Black,17,8,Gains In Performance
1994-11-12,17,When Love Finds You,Vince Gill,19,5,Gains In Performance
1994-11-12,18,Take Me As I Am,Faith Hill,23,8,Gains In Performance
1994-11-12,19,When You Walk In The Room,Pam Tillis,3,15,
1994-11-12,20,When The Thought Of You Catches Up With Me,David Ball,21,10,Gains In Performance
1994-11-12,21,Pickup Man,Joe Diffie,28,4,Gains In Performance
1994-11-12,22,Watermelon Crawl,Tracy Byrd,7,14,
1994-11-12,23,Now I Know,Lari White,27,11,Gains In Performance
1994-11-12,24,You Just Watch Me,Tanya Tucker,26,9,Gains In Performance
1994-11-12,25,This Is Me,Randy Travis,31,4,Gains In Performance
1994-11-12,26,I Try To Think About Elvis,Patty Loveless,18,16,
1994-11-12,27,That's What I Get (For Losin' You),Hal Ketchum,33,8,Gains In Performance
1994-11-12,28,There Goes My Heart,The Mavericks,34,7,Gains In Performance
1994-11-12,29,Who's That Man,Toby Keith,24,16,
1994-11-12,30,Callin' Baton Rouge,Garth Brooks,22,19,
1994-11-12,31,Not A Moment Too Soon,Tim McGraw,39,3,Gains In Performance
1994-11-12,32,Doctor Time,Rick Trevino,38,6,Gains In Performance
1994-11-12,33,Down On The Farm,Tim McGraw,29,18,
1994-11-12,34,Third Rock From The Sun,Joe Diffie,30,18,
1994-11-12,35,Goin' Through The Big D,Mark Chesnutt,45,3,Gains In Performance
1994-11-12,36,XXX's And OOO's (An American Girl),Trisha Yearwood,32,19,
1994-11-12,37,Country 'til I Die,John Anderson,36,7,Gains In Performance
1994-11-12,38,Teardrops,George Ducas,40,10,Gains In Performance
1994-11-12,39,Night Is Fallin' In My Heart,Diamond Rio,43,4,Gains In Performance
1994-11-12,40,What The Cowgirls Do,Vince Gill,35,19,
1994-11-12,41,I Got It Honest,Aaron Tippin,44,6,Gains In Performance
1994-11-12,42,Hard Lovin' Woman,Mark Collie,42,10,Gains In Performance
1994-11-12,43,Till You Love Me,Reba McEntire,59,2,Gains In Performance
1994-11-12,44,Has Anybody Seen Amy,John & Audrey Wiggins,25,14,
1994-11-12,45,Storm In The Heartland,Billy Ray Cyrus,48,4,Gains In Performance
1994-11-12,46,What They're Talking About,Rhett Akins,50,7,Gains In Performance
1994-11-12,47,She Dreams,Mark Chesnutt,37,17,
1994-11-12,48,Eugene You Genius,Bryan White,51,6,Gains In Performance
1994-11-12,49,You And Only You,John Berry,54,5,Gains In Performance
1994-11-12,50,Wherever She Is,Ricky Van Shelton,49,8,
1994-11-12,51,Nobody's Gonna Rain On Our Parade,Kathy Mattea,41,17,
1994-11-12,52,Little Houses,Doug Stone,58,3,Gains In Performance
1994-11-12,53,Heart Trouble,Martina McBride,57,4,Gains In Performance
1994-11-12,54,The Power Of Love,Lee Roy Parnell,53,7,
1994-11-12,55,"Long Legged Hannah (From Butte, Montana)",Jesse Hunter,61,4,Gains In Performance
1994-11-12,56,She Thinks His Name Was John,Reba McEntire,56,16,
1994-11-12,57,Till I Was Loved By You,Chely Wright,62,4,Gains In Performance
1994-11-12,58,I'll Never Forgive My Heart,Brooks & Dunn,NEW,1,Highest ranking debut|Gains In Performance
1994-11-12,59,Maybe She's Human,Kathy Mattea,NEW,1,Gains In Performance
1994-11-12,60,Summer In Dixie,Confederate Railroad,63,2,Gains In Performance
1994-11-19,1,Shut Up And Kiss Me,Mary Chapin Carpenter,3,11,Gains In Performance
1994-11-19,2,I See It Now,Tracy Lawrence,4,11,Gains In Performance
1994-11-19,3,If I Could Make A Living,Clay Walker,5,9,Gains In Performance
1994-11-19,4,Livin' On Love,Alan Jackson,1,12,
1994-11-19,5,Kick A Little,Little Texas,7,13,Gains In Performance
1994-11-19,6,Third Rate Romance,Sammy Kershaw,2,13,
1994-11-19,7,The Big One,George Strait,11,7,Gains In Performance
1994-11-19,8,If You've Got Love,John Michael Montgomery,12,9,Gains In Performance
1994-11-19,9,I Sure Can Smell The Rain,BlackHawk,9,14,Gains In Performance
1994-11-19,10,Jukebox Junkie,Ken Mellons,8,17,
1994-11-19,11,We Can't Love Like This Anymore,Alabama,15,11,Gains In Performance
1994-11-19,12,The City Put The Country Back In Me,Neal McCoy,6,16,
1994-11-19,13,Baby Likes To Rock It,The Tractors,13,13,Gains In Performance
1994-11-19,14,Untanglin' My Mind,Clint Black,16,9,Gains In Performance
1994-11-19,15,When Love Finds You,Vince Gill,17,6,Gains In Performance
1994-11-19,16,Take Me As I Am,Faith Hill,18,9,Gains In Performance
1994-11-19,17,When The Thought Of You Catches Up With Me,David Ball,20,11,Gains In Performance
1994-11-19,18,Pickup Man,Joe Diffie,21,5,Gains In Performance
1994-11-19,19,Now I Know,Lari White,23,12,Gains In Performance
1994-11-19,20,This Is Me,Randy Travis,25,5,Gains In Performance
1994-11-19,21,You Just Watch Me,Tanya Tucker,24,10,Gains In Performance
1994-11-19,22,That's What I Get (For Losin' You),Hal Ketchum,27,9,Gains In Performance
1994-11-19,23,Man Of My Word,Collin Raye,10,16,
1994-11-19,24,Not A Moment Too Soon,Tim McGraw,31,4,Gains In Performance
1994-11-19,25,She's Not The Cheatin' Kind,Brooks & Dunn,14,13,
1994-11-19,26,Doctor Time,Rick Trevino,32,7,Gains In Performance
1994-11-19,27,When You Walk In The Room,Pam Tillis,19,16,
1994-11-19,28,There Goes My Heart,The Mavericks,28,8,Gains In Performance
1994-11-19,29,Goin' Through The Big D,Mark Chesnutt,35,4,Gains In Performance
1994-11-19,30,Till You Love Me,Reba McEntire,43,3,Gains In Performance
1994-11-19,31,Watermelon Crawl,Tracy Byrd,22,15,
1994-11-19,32,Who's That Man,Toby Keith,29,17,
1994-11-19,33,Night Is Fallin' In My Heart,Diamond Rio,39,5,Gains In Performance
1994-11-19,34,I Try To Think About Elvis,Patty Loveless,26,17,
1994-11-19,35,Country 'til I Die,John Anderson,37,8,Gains In Performance
1994-11-19,36,Down On The Farm,Tim McGraw,33,19,
1994-11-19,37,XXX's And OOO's (An American Girl),Trisha Yearwood,36,20,
1994-11-19,38,Third Rock From The Sun,Joe Diffie,34,19,
1994-11-19,39,I'll Never Forgive My Heart,Brooks & Dunn,58,2,Gains In Performance
1994-11-19,40,I Got It Honest,Aaron Tippin,41,7,Gains In Performance
1994-11-19,41,Callin' Baton Rouge,Garth Brooks,30,20,
1994-11-19,42,Teardrops,George Ducas,38,11,
1994-11-19,43,Hard Lovin' Woman,Mark Collie,42,11,Gains In Performance
1994-11-19,44,What The Cowgirls Do,Vince Gill,40,20,
1994-11-19,45,You And Only You,John Berry,49,6,Gains In Performance
1994-11-19,46,Storm In The Heartland,Billy Ray Cyrus,45,5,Gains In Performance
1994-11-19,47,Little Houses,Doug Stone,52,4,Gains In Performance
1994-11-19,48,What They're Talking About,Rhett Akins,46,8,Gains In Performance
1994-11-19,49,Heart Trouble,Martina McBride,53,5,Gains In Performance
1994-11-19,50,She Dreams,Mark Chesnutt,47,18,
1994-11-19,51,Nobody's Gonna Rain On Our Parade,Kathy Mattea,51,18,
1994-11-19,52,Eugene You Genius,Bryan White,48,7,
1994-11-19,53,"Long Legged Hannah (From Butte, Montana)",Jesse Hunter,55,5,Gains In Performance
1994-11-19,54,Till I Was Loved By You,Chely Wright,57,5,Gains In Performance
1994-11-19,55,Mi Vida Loca (My Crazy Life),Pam Tillis,NEW,1,Highest ranking debut|Gains In Performance
1994-11-19,56,Maybe She's Human,Kathy Mattea,59,2,Gains In Performance
1994-11-19,57,Wherever She Is,Ricky Van Shelton,50,9,
1994-11-19,58,Has Anybody Seen Amy,John & Audrey Wiggins,44,15,
1994-11-19,59,Here I Am,Patty Loveless,68,2,Gains In Performance
1994-11-19,60,Summer In Dixie,Confederate Railroad,60,3,Gains In Performance
1994-11-26,1,If I Could Make A Living,Clay Walker,3,10,Gains In Performance
1994-11-26,2,Shut Up And Kiss Me,Mary Chapin Carpenter,1,12,Gains In Performance
1994-11-26,3,I See It Now,Tracy Lawrence,2,12,
1994-11-26,4,The Big One,George Strait,7,8,Gains In Performance
1994-11-26,5,If You've Got Love,John Michael Montgomery,8,10,Gains In Performance
1994-11-26,6,Kick A Little,Little Texas,5,14,Gains In Performance
1994-11-26,7,Livin' On Love,Alan Jackson,4,13,
1994-11-26,8,When Love Finds You,Vince Gill,15,7,Gains In Performance
1994-11-26,9,We Can't Love Like This Anymore,Alabama,11,12,Gains In Performance
1994-11-26,10,Untanglin' My Mind,Clint Black,14,10,Gains In Performance
1994-11-26,11,Take Me As I Am,Faith Hill,16,10,Gains In Performance
1994-11-26,12,Pickup Man,Joe Diffie,18,6,Gains In Performance
1994-11-26,13,Baby Likes To Rock It,The Tractors,13,14,
1994-11-26,14,I Sure Can Smell The Rain,BlackHawk,9,15,
1994-11-26,15,When The Thought Of You Catches Up With Me,David Ball,17,12,Gains In Performance
1994-11-26,16,Now I Know,Lari White,19,13,Gains In Performance
1994-11-26,17,Not A Moment Too Soon,Tim McGraw,24,5,Gains In Performance
1994-11-26,18,This Is Me,Randy Travis,20,6,Gains In Performance
1994-11-26,19,Goin' Through The Big D,Mark Chesnutt,29,5,Gains In Performance
1994-11-26,20,You Just Watch Me,Tanya Tucker,21,11,Gains In Performance
1994-11-26,21,Jukebox Junkie,Ken Mellons,10,18,
1994-11-26,22,Third Rate Romance,Sammy Kershaw,6,14,
1994-11-26,23,That's What I Get (For Losin' You),Hal Ketchum,22,10,Gains In Performance
1994-11-26,24,Doctor Time,Rick Trevino,26,8,Gains In Performance
1994-11-26,25,There Goes My Heart,The Mavericks,28,9,Gains In Performance
1994-11-26,26,Till You Love Me,Reba McEntire,30,4,Gains In Performance
1994-11-26,27,The City Put The Country Back In Me,Neal McCoy,12,17,
1994-11-26,28,I'll Never Forgive My Heart,Brooks & Dunn,39,3,Gains In Performance
1994-11-26,29,Night Is Fallin' In My Heart,Diamond Rio,33,6,Gains In Performance
1994-11-26,30,She's Not The Cheatin' Kind,Brooks & Dunn,25,14,
1994-11-26,31,Man Of My Word,Collin Raye,23,17,
1994-11-26,32,I Got It Honest,Aaron Tippin,40,8,Gains In Performance
1994-11-26,33,When You Walk In The Room,Pam Tillis,27,17,
1994-11-26,34,Down On The Farm,Tim McGraw,36,20,
1994-11-26,35,Who's That Man,Toby Keith,32,18,
1994-11-26,36,I Try To Think About Elvis,Patty Loveless,34,18,
1994-11-26,37,Third Rock From The Sun,Joe Diffie,38,20,
1994-11-26,38,Hard Lovin' Woman,Mark Collie,43,12,Gains In Performance
1994-11-26,39,You And Only You,John Berry,45,7,Gains In Performance
1994-11-26,40,Little Houses,Doug Stone,47,5,Gains In Performance
1994-11-26,41,Watermelon Crawl,Tracy Byrd,31,16,
1994-11-26,42,Mi Vida Loca (My Crazy Life),Pam Tillis,55,2,Gains In Performance
1994-11-26,43,Storm In The Heartland,Billy Ray Cyrus,46,6,Gains In Performance
1994-11-26,44,Heart Trouble,Martina McBride,49,6,Gains In Performance
1994-11-26,45,Country 'til I Die,John Anderson,35,9,
1994-11-26,46,What They're Talking About,Rhett Akins,48,9,Gains In Performance
1994-11-26,47,This Time,Sawyer Brown,61,2,Gains In Performance
1994-11-26,48,Here I Am,Patty Loveless,59,3,Gains In Performance
1994-11-26,49,Maybe She's Human,Kathy Mattea,56,3,Gains In Performance
1994-11-26,50,Old Enough To Know Better,Wade Hayes,64,2,Gains In Performance
1994-11-26,51,"Long Legged Hannah (From Butte, Montana)",Jesse Hunter,53,6,Gains In Performance
1994-11-26,52,Till I Was Loved By You,Chely Wright,54,6,Gains In Performance
1994-11-26,53,She Dreams,Mark Chesnutt,50,19,
1994-11-26,54,Nobody's Gonna Rain On Our Parade,Kathy Mattea,51,19,
1994-11-26,55,Teardrops,George Ducas,42,12,
1994-11-26,56,The First Step,Tracy Byrd,71,2,Gains In Performance
1994-11-26,57,Gone Country,Alan Jackson,65,14,Gains In Performance
1994-11-26,58,Summer In Dixie,Confederate Railroad,60,4,Gains In Performance
1994-11-26,59,A Good Year For The Roses,George Jones & Alan Jackson,66,3,Gains In Performance
1994-11-26,60,She Thinks His Name Was John,Reba McEntire,63,18,
1994-12-03,1,The Big One,George Strait,4,9,Gains In Performance
1994-12-03,2,If You've Got Love,John Michael Montgomery,5,11,Gains In Performance
1994-12-03,3,If I Could Make A Living,Clay Walker,1,11,
1994-12-03,4,Shut Up And Kiss Me,Mary Chapin Carpenter,2,13,
1994-12-03,5,When Love Finds You,Vince Gill,8,8,Gains In Performance
1994-12-03,6,Untanglin' My Mind,Clint Black,10,11,Gains In Performance
1994-12-03,7,We Can't Love Like This Anymore,Alabama,9,13,Gains In Performance
1994-12-03,8,Kick A Little,Little Texas,6,15,
1994-12-03,9,Take Me As I Am,Faith Hill,11,11,Gains In Performance
1994-12-03,10,Pickup Man,Joe Diffie,12,7,Gains In Performance
1994-12-03,11,I See It Now,Tracy Lawrence,3,13,
1994-12-03,12,When The Thought Of You Catches Up With Me,David Ball,15,13,Gains In Performance
1994-12-03,13,Baby Likes To Rock It,The Tractors,13,15,Gains In Performance
1994-12-03,14,Now I Know,Lari White,16,14,Gains In Performance
1994-12-03,15,Not A Moment Too Soon,Tim McGraw,17,6,Gains In Performance
1994-12-03,16,Livin' On Love,Alan Jackson,7,14,
1994-12-03,17,Goin' Through The Big D,Mark Chesnutt,19,6,Gains In Performance
1994-12-03,18,This Is Me,Randy Travis,18,7,Gains In Performance
1994-12-03,19,Till You Love Me,Reba McEntire,26,5,Gains In Performance
1994-12-03,20,You Just Watch Me,Tanya Tucker,20,12,Gains In Performance
1994-12-03,21,Doctor Time,Rick Trevino,24,9,Gains In Performance
1994-12-03,22,I'll Never Forgive My Heart,Brooks & Dunn,28,4,Gains In Performance
1994-12-03,23,There Goes My Heart,The Mavericks,25,10,Gains In Performance
1994-12-03,24,That's What I Get (For Losin' You),Hal Ketchum,23,11,
1994-12-03,25,Night Is Fallin' In My Heart,Diamond Rio,29,7,Gains In Performance
1994-12-03,26,I Sure Can Smell The Rain,BlackHawk,14,16,
1994-12-03,27,Third Rate Romance,Sammy Kershaw,22,15,
1994-12-03,28,Mi Vida Loca (My Crazy Life),Pam Tillis,42,3,Gains In Performance
1994-12-03,29,I Got It Honest,Aaron Tippin,32,9,Gains In Performance
1994-12-03,30,Hard Lovin' Woman,Mark Collie,38,13,Gains In Performance
1994-12-03,31,You And Only You,John Berry,39,8,Gains In Performance
1994-12-03,32,Jukebox Junkie,Ken Mellons,21,19,
1994-12-03,33,She's Not The Cheatin' Kind,Brooks & Dunn,30,15,
1994-12-03,34,Little Houses,Doug Stone,40,6,Gains In Performance
1994-12-03,35,The City Put The Country Back In Me,Neal McCoy,27,18,
1994-12-03,36,Heart Trouble,Martina McBride,44,7,Gains In Performance
1994-12-03,37,Storm In The Heartland,Billy Ray Cyrus,43,7,Gains In Performance
1994-12-03,38,Who's That Man,Toby Keith,35,19,
1994-12-03,39,When You Walk In The Room,Pam Tillis,33,18,
1994-12-03,40,I Try To Think About Elvis,Patty Loveless,36,19,
1994-12-03,41,Gone Country,Alan Jackson,57,15,Gains In Performance
1994-12-03,42,Watermelon Crawl,Tracy Byrd,41,17,
1994-12-03,43,Man Of My Word,Collin Raye,31,18,
1994-12-03,44,What They're Talking About,Rhett Akins,46,10,Gains In Performance
1994-12-03,45,This Time,Sawyer Brown,47,3,Gains In Performance
1994-12-03,46,Here I Am,Patty Loveless,48,4,Gains In Performance
1994-12-03,47,"Long Legged Hannah (From Butte, Montana)",Jesse Hunter,51,7,Gains In Performance
1994-12-03,48,Old Enough To Know Better,Wade Hayes,50,3,Gains In Performance
1994-12-03,49,Maybe She's Human,Kathy Mattea,49,4,Gains In Performance
1994-12-03,50,The First Step,Tracy Byrd,56,3,Gains In Performance
1994-12-03,51,Till I Was Loved By You,Chely Wright,52,7,Gains In Performance
1994-12-03,52,Between An Old Memory And Me,Travis Tritt,63,2,Gains In Performance
1994-12-03,53,Nobody's Gonna Rain On Our Parade,Kathy Mattea,54,20,
1994-12-03,54,She Dreams,Mark Chesnutt,53,20,
1994-12-03,55,Summer In Dixie,Confederate Railroad,58,5,
1994-12-03,56,A Good Year For The Roses,George Jones & Alan Jackson,59,4,Gains In Performance
1994-12-03,57,Country 'til I Die,John Anderson,45,10,
1994-12-03,58,She Thinks His Name Was John,Reba McEntire,60,19,
1994-12-03,59,The Girl From Yesterday,Eagles,61,4,Gains In Performance
1994-12-03,60,Somewhere In The Vicinity Of The Heart,Shenandoah/Alison Krauss,NEW,1,Highest ranking debut|Gains In Performance
1994-12-10,1,If You've Got Love,John Michael Montgomery,2,12,Gains In Performance
1994-12-10,2,The Big One,George Strait,1,10,Gains In Performance
1994-12-10,3,When Love Finds You,Vince Gill,5,9,Gains In Performance
1994-12-10,4,Take Me As I Am,Faith Hill,9,12,Gains In Performance
1994-12-10,5,Untanglin' My Mind,Clint Black,6,12,Gains In Performance
1994-12-10,6,We Can't Love Like This Anymore,Alabama,7,14,Gains In Performance
1994-12-10,7,Pickup Man,Joe Diffie,10,8,Gains In Performance
1994-12-10,8,When The Thought Of You Catches Up With Me,David Ball,12,14,Gains In Performance
1994-12-10,9,Now I Know,Lari White,14,15,Gains In Performance
1994-12-10,10,Not A Moment Too Soon,Tim McGraw,15,7,Gains In Performance
1994-12-10,11,Baby Likes To Rock It,The Tractors,13,16,
1994-12-10,12,Goin' Through The Big D,Mark Chesnutt,17,7,Gains In Performance
1994-12-10,13,This Is Me,Randy Travis,18,8,Gains In Performance
1994-12-10,14,If I Could Make A Living,Clay Walker,3,12,
1994-12-10,15,Till You Love Me,Reba McEntire,19,6,Gains In Performance
1994-12-10,16,Doctor Time,Rick Trevino,21,10,Gains In Performance
1994-12-10,17,Kick A Little,Little Texas,8,16,
1994-12-10,18,I'll Never Forgive My Heart,Brooks & Dunn,22,5,Gains In Performance
1994-12-10,19,I See It Now,Tracy Lawrence,11,14,
1994-12-10,20,Shut Up And Kiss Me,Mary Chapin Carpenter,4,14,
1994-12-10,21,There Goes My Heart,The Mavericks,23,11,Gains In Performance
1994-12-10,22,Night Is Fallin' In My Heart,Diamond Rio,25,8,Gains In Performance
1994-12-10,23,Mi Vida Loca (My Crazy Life),Pam Tillis,28,4,Gains In Performance
1994-12-10,24,Livin' On Love,Alan Jackson,16,15,
1994-12-10,25,Hard Lovin' Woman,Mark Collie,30,14,Gains In Performance
1994-12-10,26,Gone Country,Alan Jackson,41,16,Gains In Performance
1994-12-10,27,You And Only You,John Berry,31,9,Gains In Performance
1994-12-10,28,I Got It Honest,Aaron Tippin,29,10,Gains In Performance
1994-12-10,29,You Just Watch Me,Tanya Tucker,20,13,
1994-12-10,30,Little Houses,Doug Stone,34,7,Gains In Performance
1994-12-10,31,That's What I Get (For Losin' You),Hal Ketchum,24,12,
1994-12-10,32,Heart Trouble,Martina McBride,36,8,Gains In Performance
1994-12-10,33,Storm In The Heartland,Billy Ray Cyrus,37,8,Gains In Performance
1994-12-10,34,Third Rate Romance,Sammy Kershaw,27,16,
1994-12-10,35,This Time,Sawyer Brown,45,4,Gains In Performance
1994-12-10,36,Here I Am,Patty Loveless,46,5,Gains In Performance
1994-12-10,37,She's Not The Cheatin' Kind,Brooks & Dunn,33,16,
1994-12-10,38,I Sure Can Smell The Rain,BlackHawk,26,17,
1994-12-10,39,What They're Talking About,Rhett Akins,44,11,Gains In Performance
1994-12-10,40,Jukebox Junkie,Ken Mellons,32,20,
1994-12-10,41,Who's That Man,Toby Keith,38,20,
1994-12-10,42,The City Put The Country Back In Me,Neal McCoy,35,19,
1994-12-10,43,When You Walk In The Room,Pam Tillis,39,19,
1994-12-10,44,I Try To Think About Elvis,Patty Loveless,40,20,
1994-12-10,45,The First Step,Tracy Byrd,50,4,Gains In Performance
1994-12-10,46,Old Enough To Know Better,Wade Hayes,48,4,Gains In Performance
1994-12-10,47,"Long Legged Hannah (From Butte, Montana)",Jesse Hunter,47,8,Gains In Performance
1994-12-10,48,Watermelon Crawl,Tracy Byrd,42,18,
1994-12-10,49,Man Of My Word,Collin Raye,43,19,
1994-12-10,50,Maybe She's Human,Kathy Mattea,49,5,Gains In Performance
1994-12-10,51,Till I Was Loved By You,Chely Wright,51,8,Gains In Performance
1994-12-10,52,My Kind Of Girl,Collin Raye,61,2,Gains In Performance
1994-12-10,53,Between An Old Memory And Me,Travis Tritt,52,3,Gains In Performance
1994-12-10,54,Somewhere In The Vicinity Of The Heart,Shenandoah/Alison Krauss,60,2,Gains In Performance
1994-12-10,55,Upstairs Downtown,Toby Keith,73,2,Gains In Performance
1994-12-10,56,A Good Year For The Roses,George Jones & Alan Jackson,56,5,
1994-12-10,57,Summer In Dixie,Confederate Railroad,55,6,
1994-12-10,58,The Girl From Yesterday,Eagles,59,5,Gains In Performance
1994-12-10,59,Tender When I Want To Be,Mary Chapin Carpenter,NEW,1,Highest ranking debut|Gains In Performance
1994-12-10,60,Southbound,Sammy Kershaw,69,2,Gains In Performance
1994-12-17,1,Pickup Man,Joe Diffie,7,9,Gains In Performance
1994-12-17,2,Take Me As I Am,Faith Hill,4,13,Gains In Performance
1994-12-17,3,When Love Finds You,Vince Gill,3,10,Gains In Performance
1994-12-17,4,Untanglin' My Mind,Clint Black,5,13,Gains In Performance
1994-12-17,5,The Big One,George Strait,2,11,
1994-12-17,6,Now I Know,Lari White,9,16,Gains In Performance
1994-12-17,7,When The Thought Of You Catches Up With Me,David Ball,8,15,Gains In Performance
1994-12-17,8,If You've Got Love,John Michael Montgomery,1,13,
1994-12-17,9,Not A Moment Too Soon,Tim McGraw,10,8,Gains In Performance
1994-12-17,10,We Can't Love Like This Anymore,Alabama,6,15,
1994-12-17,11,Goin' Through The Big D,Mark Chesnutt,12,8,Gains In Performance
1994-12-17,12,This Is Me,Randy Travis,13,9,Gains In Performance
1994-12-17,13,Till You Love Me,Reba McEntire,15,7,Gains In Performance
1994-12-17,14,Doctor Time,Rick Trevino,16,11,Gains In Performance
1994-12-17,15,Mi Vida Loca (My Crazy Life),Pam Tillis,23,5,Gains In Performance
1994-12-17,16,I'll Never Forgive My Heart,Brooks & Dunn,18,6,Gains In Performance
1994-12-17,17,Gone Country,Alan Jackson,26,17,Gains In Performance
1994-12-17,18,Baby Likes To Rock It,The Tractors,11,17,
1994-12-17,19,Night Is Fallin' In My Heart,Diamond Rio,22,9,Gains In Performance
1994-12-17,20,There Goes My Heart,The Mavericks,21,12,Gains In Performance
1994-12-17,21,If I Could Make A Living,Clay Walker,14,13,
1994-12-17,22,Hard Lovin' Woman,Mark Collie,25,15,Gains In Performance
1994-12-17,23,You And Only You,John Berry,27,10,Gains In Performance
1994-12-17,24,I Got It Honest,Aaron Tippin,28,11,Gains In Performance
1994-12-17,25,Little Houses,Doug Stone,30,8,Gains In Performance
1994-12-17,26,I See It Now,Tracy Lawrence,19,15,
1994-12-17,27,This Time,Sawyer Brown,35,5,Gains In Performance
1994-12-17,28,Livin' On Love,Alan Jackson,24,16,
1994-12-17,29,Kick A Little,Little Texas,17,17,
1994-12-17,30,Heart Trouble,Martina McBride,32,9,Gains In Performance
1994-12-17,31,Here I Am,Patty Loveless,36,6,Gains In Performance
1994-12-17,32,Shut Up And Kiss Me,Mary Chapin Carpenter,20,15,
1994-12-17,33,Storm In The Heartland,Billy Ray Cyrus,33,9,Gains In Performance
1994-12-17,34,The First Step,Tracy Byrd,45,5,Gains In Performance
1994-12-17,35,What They're Talking About,Rhett Akins,39,12,Gains In Performance
1994-12-17,36,Third Rate Romance,Sammy Kershaw,34,17,
1994-12-17,37,She's Not The Cheatin' Kind,Brooks & Dunn,37,17,
1994-12-17,38,Old Enough To Know Better,Wade Hayes,46,5,Gains In Performance
1994-12-17,39,My Kind Of Girl,Collin Raye,52,3,Gains In Performance
1994-12-17,40,The City Put The Country Back In Me,Neal McCoy,42,20,
1994-12-17,41,Maybe She's Human,Kathy Mattea,50,6,Gains In Performance
1994-12-17,42,"Long Legged Hannah (From Butte, Montana)",Jesse Hunter,47,9,Gains In Performance
1994-12-17,43,Between An Old Memory And Me,Travis Tritt,53,4,Gains In Performance
1994-12-17,44,When You Walk In The Room,Pam Tillis,43,20,
1994-12-17,45,Tender When I Want To Be,Mary Chapin Carpenter,59,2,Gains In Performance
1994-12-17,46,Watermelon Crawl,Tracy Byrd,48,19,
1994-12-17,47,I Sure Can Smell The Rain,BlackHawk,38,18,
1994-12-17,48,Till I Was Loved By You,Chely Wright,51,9,Gains In Performance
1994-12-17,49,You Just Watch Me,Tanya Tucker,29,14,
1994-12-17,50,Somewhere In The Vicinity Of The Heart,Shenandoah/Alison Krauss,54,3,Gains In Performance
1994-12-17,51,Man Of My Word,Collin Raye,49,20,
1994-12-17,52,That's What I Get (For Losin' You),Hal Ketchum,31,13,
1994-12-17,53,Upstairs Downtown,Toby Keith,55,3,Gains In Performance
1994-12-17,54,Bend It Until It Breaks,John Anderson,72,2,Gains In Performance
1994-12-17,55,Southbound,Sammy Kershaw,60,3,Gains In Performance
1994-12-17,56,A Good Year For The Roses,George Jones & Alan Jackson,56,6,
1994-12-17,57,Workin' Man Blues,Jed Zeppelin,69,2,Gains In Performance
1994-12-17,58,Little By Little,James House,62,4,Gains In Performance
1994-12-17,59,The Red Strokes,Garth Brooks,66,4,Gains In Performance
1994-12-17,60,She's In The Bedroom Crying,John & Audrey Wiggins,68,4,Gains In Performance
1994-12-24,1,Pickup Man,Joe Diffie,1,10,Gains In Performance
1994-12-24,2,Take Me As I Am,Faith Hill,2,14,Gains In Performance
1994-12-24,3,When Love Finds You,Vince Gill,3,11,
1994-12-24,4,Not A Moment Too Soon,Tim McGraw,9,9,Gains In Performance
1994-12-24,5,Now I Know,Lari White,6,17,
1994-12-24,6,This Is Me,Randy Travis,12,10,Gains In Performance
1994-12-24,7,Goin' Through The Big D,Mark Chesnutt,11,9,Gains In Performance
1994-12-24,8,Untanglin' My Mind,Clint Black,4,14,
1994-12-24,9,When The Thought Of You Catches Up With Me,David Ball,7,16,
1994-12-24,10,Till You Love Me,Reba McEntire,13,8,Gains In Performance
1994-12-24,11,Doctor Time,Rick Trevino,14,12,Gains In Performance
1994-12-24,12,Gone Country,Alan Jackson,17,18,Gains In Performance
1994-12-24,13,The Big One,George Strait,5,12,
1994-12-24,14,Mi Vida Loca (My Crazy Life),Pam Tillis,15,6,Gains In Performance
1994-12-24,15,If You've Got Love,John Michael Montgomery,8,14,
1994-12-24,16,I'll Never Forgive My Heart,Brooks & Dunn,16,7,Gains In Performance
1994-12-24,17,Night Is Fallin' In My Heart,Diamond Rio,19,10,Gains In Performance
1994-12-24,18,Hard Lovin' Woman,Mark Collie,22,16,Gains In Performance
1994-12-24,19,You And Only You,John Berry,23,11,Gains In Performance
1994-12-24,20,I Got It Honest,Aaron Tippin,24,12,Gains In Performance
1994-12-24,21,Little Houses,Doug Stone,25,9,Gains In Performance
1994-12-24,22,There Goes My Heart,The Mavericks,20,13,
1994-12-24,23,This Time,Sawyer Brown,27,6,Gains In Performance
1994-12-24,24,If I Could Make A Living,Clay Walker,21,14,
1994-12-24,25,We Can't Love Like This Anymore,Alabama,10,16,
1994-12-24,26,Here I Am,Patty Loveless,31,7,Gains In Performance
1994-12-24,27,Heart Trouble,Martina McBride,30,10,Gains In Performance
1994-12-24,28,The First Step,Tracy Byrd,34,6,Gains In Performance
1994-12-24,29,Baby Likes To Rock It,The Tractors,18,18,
1994-12-24,30,My Kind Of Girl,Collin Raye,39,4,Gains In Performance
1994-12-24,31,I See It Now,Tracy Lawrence,26,16,
1994-12-24,32,Livin' On Love,Alan Jackson,28,17,
1994-12-24,33,Storm In The Heartland,Billy Ray Cyrus,33,10,
1994-12-24,34,Tender When I Want To Be,Mary Chapin Carpenter,45,3,Gains In Performance
1994-12-24,35,Old Enough To Know Better,Wade Hayes,38,6,Gains In Performance
1994-12-24,36,Between An Old Memory And Me,Travis Tritt,43,5,Gains In Performance
1994-12-24,37,Kick A Little,Little Texas,29,18,
1994-12-24,38,What They're Talking About,Rhett Akins,35,13,
1994-12-24,39,She's Not The Cheatin' Kind,Brooks & Dunn,37,18,
1994-12-24,40,Third Rate Romance,Sammy Kershaw,36,18,
1994-12-24,41,Shut Up And Kiss Me,Mary Chapin Carpenter,32,16,
1994-12-24,42,Maybe She's Human,Kathy Mattea,41,7,Gains In Performance
1994-12-24,43,Bend It Until It Breaks,John Anderson,54,3,Gains In Performance
1994-12-24,44,Upstairs Downtown,Toby Keith,53,4,Gains In Performance
1994-12-24,45,"Long Legged Hannah (From Butte, Montana)",Jesse Hunter,42,10,
1994-12-24,46,Somewhere In The Vicinity Of The Heart,Shenandoah/Alison Krauss,50,4,Gains In Performance
1994-12-24,47,Watermelon Crawl,Tracy Byrd,46,20,
1994-12-24,48,Till I Was Loved By You,Chely Wright,48,10,
1994-12-24,49,I Sure Can Smell The Rain,BlackHawk,47,19,
1994-12-24,50,Southbound,Sammy Kershaw,55,4,Gains In Performance
1994-12-24,51,For A Change,Neal McCoy,73,2,Gains In Performance
1994-12-24,52,Down In Flames,BlackHawk,70,2,Gains In Performance
1994-12-24,53,Little By Little,James House,58,5,Gains In Performance
1994-12-24,54,True To His Word,Boy Howdy,64,3,Gains In Performance
1994-12-24,55,Workin' Man Blues,Jed Zeppelin,57,3,Gains In Performance
1994-12-24,56,The Santa Claus Boogie,The Tractors,68,2,Gains In Performance
1994-12-24,57,I Can Bring Her Back,Ken Mellons,66,2,Gains In Performance
1994-12-24,58,She's In The Bedroom Crying,John & Audrey Wiggins,60,5,Gains In Performance
1994-12-24,59,You Can't Make A Heart Love Somebody,George Strait,NEW,1,Highest ranking debut|Gains In Performance
1994-12-24,60,That's What I Get (For Losin' You),Hal Ketchum,52,14,
1994-12-31,1,Pickup Man,Joe Diffie,1,11,Gains In Performance
1994-12-31,2,Not A Moment Too Soon,Tim McGraw,4,10,Gains In Performance
1994-12-31,3,Take Me As I Am,Faith Hill,2,15,
1994-12-31,4,Goin' Through The Big D,Mark Chesnutt,7,10,Gains In Performance
1994-12-31,5,This Is Me,Randy Travis,6,11,Gains In Performance
1994-12-31,6,Doctor Time,Rick Trevino,11,13,Gains In Performance
1994-12-31,7,Till You Love Me,Reba McEntire,10,9,Gains In Performance
1994-12-31,8,Gone Country,Alan Jackson,12,19,Gains In Performance
1994-12-31,9,When Love Finds You,Vince Gill,3,12,
1994-12-31,10,I'll Never Forgive My Heart,Brooks & Dunn,16,8,Gains In Performance
1994-12-31,11,Mi Vida Loca (My Crazy Life),Pam Tillis,14,7,Gains In Performance
1994-12-31,12,Now I Know,Lari White,5,18,
1994-12-31,13,Night Is Fallin' In My Heart,Diamond Rio,17,11,Gains In Performance
1994-12-31,14,Hard Lovin' Woman,Mark Collie,18,17,Gains In Performance
1994-12-31,15,You And Only You,John Berry,19,12,Gains In Performance
1994-12-31,16,I Got It Honest,Aaron Tippin,20,13,Gains In Performance
1994-12-31,17,This Time,Sawyer Brown,23,7,Gains In Performance
1994-12-31,18,If You've Got Love,John Michael Montgomery,15,15,
1994-12-31,19,Little Houses,Doug Stone,21,10,Gains In Performance
1994-12-31,20,The First Step,Tracy Byrd,28,7,Gains In Performance
1994-12-31,21,When The Thought Of You Catches Up With Me,David Ball,9,17,
1994-12-31,22,Here I Am,Patty Loveless,26,8,Gains In Performance
1994-12-31,23,Untanglin' My Mind,Clint Black,8,15,
1994-12-31,24,My Kind Of Girl,Collin Raye,30,5,Gains In Performance
1994-12-31,25,The Big One,George Strait,13,13,
1994-12-31,26,Heart Trouble,Martina McBride,27,11,Gains In Performance
1994-12-31,27,Old Enough To Know Better,Wade Hayes,35,7,Gains In Performance
1994-12-31,28,Tender When I Want To Be,Mary Chapin Carpenter,34,4,Gains In Performance
1994-12-31,29,If I Could Make A Living,Clay Walker,24,15,
1994-12-31,30,Between An Old Memory And Me,Travis Tritt,36,6,Gains In Performance
1994-12-31,31,There Goes My Heart,The Mavericks,22,14,
1994-12-31,32,Bend It Until It Breaks,John Anderson,43,4,Gains In Performance
1994-12-31,33,We Can't Love Like This Anymore,Alabama,25,17,
1994-12-31,34,Livin' On Love,Alan Jackson,32,18,
1994-12-31,35,I See It Now,Tracy Lawrence,31,17,
1994-12-31,36,Baby Likes To Rock It,The Tractors,29,19,
1994-12-31,37,Somewhere In The Vicinity Of The Heart,Shenandoah/Alison Krauss,46,5,Gains In Performance
1994-12-31,38,Kick A Little,Little Texas,37,19,
1994-12-31,39,Upstairs Downtown,Toby Keith,44,5,Gains In Performance
1994-12-31,40,Maybe She's Human,Kathy Mattea,42,8,Gains In Performance
1994-12-31,41,Storm In The Heartland,Billy Ray Cyrus,33,11,
1994-12-31,42,She's Not The Cheatin' Kind,Brooks & Dunn,39,19,
1994-12-31,43,For A Change,Neal McCoy,51,3,Gains In Performance
1994-12-31,44,Third Rate Romance,Sammy Kershaw,40,19,
1994-12-31,45,Shut Up And Kiss Me,Mary Chapin Carpenter,41,17,
1994-12-31,46,You Can't Make A Heart Love Somebody,George Strait,59,2,Gains In Performance
1994-12-31,47,What They're Talking About,Rhett Akins,38,14,
1994-12-31,48,Angels Among Us,Alabama,RE,7,Gains In Performance
1994-12-31,49,"Long Legged Hannah (From Butte, Montana)",Jesse Hunter,45,11,
1994-12-31,50,Down In Flames,BlackHawk,52,3,Gains In Performance
1994-12-31,51,Southbound,Sammy Kershaw,50,5,Gains In Performance
1994-12-31,52,Amy's Back In Austin,Little Texas,66,2,Gains In Performance
1994-12-31,53,Little By Little,James House,53,6,Gains In Performance
1994-12-31,54,I Sure Can Smell The Rain,BlackHawk,49,20,
1994-12-31,55,True To His Word,Boy Howdy,54,4,Gains In Performance
1994-12-31,56,Workin' Man Blues,Jed Zeppelin,55,4,Gains In Performance
1994-12-31,57,The Santa Claus Boogie,The Tractors,56,3,Gains In Performance
1994-12-31,58,I Can Bring Her Back,Ken Mellons,57,3,Gains In Performance
1994-12-31,59,As Any Fool Can See,Tracy Lawrence,NEW,1,Highest ranking debut|Gains In Performance
1994-12-31,60,Lipstick Promises,George Ducas,65,4,Gains In Performance
1995-01-07,1,Pickup Man,Joe Diffie,1,12,
1995-01-07,2,Not A Moment Too Soon,Tim McGraw,2,11,
1995-01-07,3,Goin' Through The Big D,Mark Chesnutt,4,11,
1995-01-07,4,Gone Country,Alan Jackson,8,20,
1995-01-07,5,Till You Love Me,Reba McEntire,7,10,
1995-01-07,6,Doctor Time,Rick Trevino,6,14,
1995-01-07,7,This Is Me,Randy Travis,5,12,
1995-01-07,8,Take Me As I Am,Faith Hill,3,16,
1995-01-07,9,Mi Vida Loca (My Crazy Life),Pam Tillis,11,8,
1995-01-07,10,I'll Never Forgive My Heart,Brooks & Dunn,10,9,
1995-01-07,11,Night Is Fallin' In My Heart,Diamond Rio,13,12,
1995-01-07,12,You And Only You,John Berry,15,13,
1995-01-07,13,Hard Lovin' Woman,Mark Collie,14,18,
1995-01-07,14,Now I Know,Lari White,12,19,
1995-01-07,15,This Time,Sawyer Brown,17,8,
1995-01-07,16,Little Houses,Doug Stone,19,11,
1995-01-07,17,I Got It Honest,Aaron Tippin,16,14,
1995-01-07,18,When Love Finds You,Vince Gill,9,13,
1995-01-07,19,The First Step,Tracy Byrd,20,8,
1995-01-07,20,Here I Am,Patty Loveless,22,9,
1995-01-07,21,My Kind Of Girl,Collin Raye,24,6,
1995-01-07,22,Tender When I Want To Be,Mary Chapin Carpenter,28,5,Gains In Performance
1995-01-07,23,If You've Got Love,John Michael Montgomery,18,16,
1995-01-07,24,Heart Trouble,Martina McBride,26,12,
1995-01-07,25,The Big One,George Strait,25,14,
1995-01-07,26,Old Enough To Know Better,Wade Hayes,27,8,
1995-01-07,27,Between An Old Memory And Me,Travis Tritt,30,7,
1995-01-07,28,Angels Among Us,Alabama,48,8,Gains In Performance
1995-01-07,29,Bend It Until It Breaks,John Anderson,32,5,
1995-01-07,30,When The Thought Of You Catches Up With Me,David Ball,21,18,
1995-01-07,31,If I Could Make A Living,Clay Walker,29,16,
1995-01-07,32,Untanglin' My Mind,Clint Black,23,16,
1995-01-07,33,For A Change,Neal McCoy,43,4,Gains In Performance
1995-01-07,34,Upstairs Downtown,Toby Keith,39,6,
1995-01-07,35,Somewhere In The Vicinity Of The Heart,Shenandoah/Alison Krauss,37,6,
1995-01-07,36,I See It Now,Tracy Lawrence,35,18,
1995-01-07,37,You Can't Make A Heart Love Somebody,George Strait,46,3,Gains In Performance
1995-01-07,38,Livin' On Love,Alan Jackson,34,19,
1995-01-07,39,Maybe She's Human,Kathy Mattea,40,9,
1995-01-07,40,She's Not The Cheatin' Kind,Brooks & Dunn,42,20,
1995-01-07,41,The Santa Claus Boogie,The Tractors,57,4,Gains In Performance
1995-01-07,42,We Can't Love Like This Anymore,Alabama,33,18,
1995-01-07,43,Kick A Little,Little Texas,38,20,
1995-01-07,44,Baby Likes To Rock It,The Tractors,36,20,
1995-01-07,45,Third Rate Romance,Sammy Kershaw,44,20,
1995-01-07,46,Amy's Back In Austin,Little Texas,52,3,Gains In Performance
1995-01-07,47,Down In Flames,BlackHawk,50,4,Gains In Performance
1995-01-07,48,As Any Fool Can See,Tracy Lawrence,59,2,Gains In Performance
1995-01-07,49,Shut Up And Kiss Me,Mary Chapin Carpenter,45,18,
1995-01-07,50,Christmas Time's A Comin',Sammy Kershaw,68,3,Gains In Performance
1995-01-07,51,Southbound,Sammy Kershaw,51,6,Gains In Performance
1995-01-07,52,All I Want For Christmas Is You,Vince Vance & The Valiants,61,6,Gains In Performance
1995-01-07,53,There Goes My Heart,The Mavericks,31,15,
1995-01-07,54,Have Yourself A Merry Little Christmas,Vince Gill,70,7,Gains In Performance
1995-01-07,55,Little By Little,James House,53,7,
1995-01-07,56,Storm In The Heartland,Billy Ray Cyrus,41,12,
1995-01-07,57,Christmas Time,John Anderson,72,2,Gains In Performance
1995-01-07,58,True To His Word,Boy Howdy,55,5,
1995-01-07,59,Honky Tonk Christmas,Alan Jackson,RE,5,Gains In Performance
1995-01-07,60,It Wasn't His Child,Trisha Yearwood,71,4,Gains In Performance
1995-01-14,1,Not A Moment Too Soon,Tim McGraw,2,12,Gains In Performance
1995-01-14,2,Goin' Through The Big D,Mark Chesnutt,3,12,Gains In Performance
1995-01-14,3,Pickup Man,Joe Diffie,1,13,Gains In Performance
1995-01-14,4,Till You Love Me,Reba McEntire,5,11,Gains In Performance
1995-01-14,5,Gone Country,Alan Jackson,4,21,Gains In Performance
1995-01-14,6,Doctor Time,Rick Trevino,6,15,Gains In Performance
1995-01-14,7,This Is Me,Randy Travis,7,13,Gains In Performance
1995-01-14,8,Mi Vida Loca (My Crazy Life),Pam Tillis,9,9,Gains In Performance
1995-01-14,9,I'll Never Forgive My Heart,Brooks & Dunn,10,10,Gains In Performance
1995-01-14,10,Take Me As I Am,Faith Hill,8,17,
1995-01-14,11,Night Is Fallin' In My Heart,Diamond Rio,11,13,Gains In Performance
1995-01-14,12,You And Only You,John Berry,12,14,Gains In Performance
1995-01-14,13,Little Houses,Doug Stone,16,12,Gains In Performance
1995-01-14,14,This Time,Sawyer Brown,15,9,Gains In Performance
1995-01-14,15,I Got It Honest,Aaron Tippin,17,15,Gains In Performance
1995-01-14,16,My Kind Of Girl,Collin Raye,21,7,Gains In Performance
1995-01-14,17,The First Step,Tracy Byrd,19,9,Gains In Performance
1995-01-14,18,Here I Am,Patty Loveless,20,10,Gains In Performance
1995-01-14,19,Tender When I Want To Be,Mary Chapin Carpenter,22,6,Gains In Performance
1995-01-14,20,Now I Know,Lari White,14,20,Gains In Performance
1995-01-14,21,When Love Finds You,Vince Gill,18,14,Gains In Performance
1995-01-14,22,Hard Lovin' Woman,Mark Collie,13,19,
1995-01-14,23,If You've Got Love,John Michael Montgomery,23,17,Gains In Performance
1995-01-14,24,Heart Trouble,Martina McBride,24,13,Gains In Performance
1995-01-14,25,Old Enough To Know Better,Wade Hayes,26,9,Gains In Performance
1995-01-14,26,Between An Old Memory And Me,Travis Tritt,27,8,Gains In Performance
1995-01-14,27,Bend It Until It Breaks,John Anderson,29,6,Gains In Performance
1995-01-14,28,If I Could Make A Living,Clay Walker,31,17,Gains In Performance
1995-01-14,29,The Big One,George Strait,25,15,
1995-01-14,30,For A Change,Neal McCoy,33,5,Gains In Performance
1995-01-14,31,You Can't Make A Heart Love Somebody,George Strait,37,4,Gains In Performance
1995-01-14,32,I See It Now,Tracy Lawrence,36,19,Gains In Performance
1995-01-14,33,Somewhere In The Vicinity Of The Heart,Shenandoah/Alison Krauss,35,7,Gains In Performance
1995-01-14,34,Livin' On Love,Alan Jackson,38,20,Gains In Performance
1995-01-14,35,Upstairs Downtown,Toby Keith,34,7,Gains In Performance
1995-01-14,36,When The Thought Of You Catches Up With Me,David Ball,30,19,
1995-01-14,37,Maybe She's Human,Kathy Mattea,39,10,Gains In Performance
1995-01-14,38,Amy's Back In Austin,Little Texas,46,4,Gains In Performance
1995-01-14,39,Shut Up And Kiss Me,Mary Chapin Carpenter,49,19,Gains In Performance
1995-01-14,40,Untanglin' My Mind,Clint Black,32,17,
1995-01-14,41,As Any Fool Can See,Tracy Lawrence,48,3,Gains In Performance
1995-01-14,42,We Can't Love Like This Anymore,Alabama,42,19,Gains In Performance
1995-01-14,43,Down In Flames,BlackHawk,47,5,Gains In Performance
1995-01-14,44,Southbound,Sammy Kershaw,51,7,Gains In Performance
1995-01-14,45,Wherever You Go,Clint Black,65,3,Gains In Performance
1995-01-14,46,Little By Little,James House,55,8,Gains In Performance
1995-01-14,47,True To His Word,Boy Howdy,58,6,Gains In Performance
1995-01-14,48,I Can Bring Her Back,Ken Mellons,63,5,Gains In Performance
1995-01-14,49,Workin' Man Blues,Jed Zeppelin,62,6,Gains In Performance
1995-01-14,50,Look At Me Now,Bryan White,64,4,Gains In Performance
1995-01-14,51,There Goes My Heart,The Mavericks,53,16,
1995-01-14,52,Lipstick Promises,George Ducas,67,6,Gains In Performance
1995-01-14,53,This Woman And This Man,Clay Walker,NEW,1,Highest ranking debut|Gains In Performance
1995-01-14,54,Storm In The Heartland,Billy Ray Cyrus,56,13,
1995-01-14,55,Angels Among Us,Alabama,28,9,
1995-01-14,56,Losing Your Love,Larry Stewart,68,7,Gains In Performance
1995-01-14,57,Take That,Lisa Brokop,72,8,Gains In Performance
1995-01-14,58,Tryin' To Get To New Orleans,The Tractors,71,3,Gains In Performance
1995-01-14,59,What They're Talking About,Rhett Akins,61,16,
1995-01-14,60,The Red Strokes,Garth Brooks,69,8,Gains In Performance
1995-01-21,1,Not A Moment Too Soon,Tim McGraw,1,13,Gains In Performance
1995-01-21,2,Goin' Through The Big D,Mark Chesnutt,2,13,Gains In Performance
1995-01-21,3,Till You Love Me,Reba McEntire,4,12,Gains In Performance
1995-01-21,4,Gone Country,Alan Jackson,5,22,Gains In Performance
1995-01-21,5,Doctor Time,Rick Trevino,6,16,Gains In Performance
1995-01-21,6,Mi Vida Loca (My Crazy Life),Pam Tillis,8,10,Gains In Performance
1995-01-21,7,Pickup Man,Joe Diffie,3,14,
1995-01-21,8,This Is Me,Randy Travis,7,14,Gains In Performance
1995-01-21,9,I'll Never Forgive My Heart,Brooks & Dunn,9,11,Gains In Performance
1995-01-21,10,Night Is Fallin' In My Heart,Diamond Rio,11,14,Gains In Performance
1995-01-21,11,You And Only You,John Berry,12,15,Gains In Performance
1995-01-21,12,Little Houses,Doug Stone,13,13,Gains In Performance
1995-01-21,13,This Time,Sawyer Brown,14,10,Gains In Performance
1995-01-21,14,Tender When I Want To Be,Mary Chapin Carpenter,19,7,Gains In Performance
1995-01-21,15,The First Step,Tracy Byrd,17,10,Gains In Performance
1995-01-21,16,My Kind Of Girl,Collin Raye,16,8,Gains In Performance
1995-01-21,17,Here I Am,Patty Loveless,18,11,Gains In Performance
1995-01-21,18,Take Me As I Am,Faith Hill,10,18,
1995-01-21,19,I Got It Honest,Aaron Tippin,15,16,Gains In Performance
1995-01-21,20,Old Enough To Know Better,Wade Hayes,25,10,Gains In Performance
1995-01-21,21,Heart Trouble,Martina McBride,24,14,Gains In Performance
1995-01-21,22,Bend It Until It Breaks,John Anderson,27,7,Gains In Performance
1995-01-21,23,Between An Old Memory And Me,Travis Tritt,26,9,Gains In Performance
1995-01-21,24,You Can't Make A Heart Love Somebody,George Strait,31,5,Gains In Performance
1995-01-21,25,When Love Finds You,Vince Gill,21,15,
1995-01-21,26,Hard Lovin' Woman,Mark Collie,22,20,
1995-01-21,27,For A Change,Neal McCoy,30,6,Gains In Performance
1995-01-21,28,Somewhere In The Vicinity Of The Heart,Shenandoah/Alison Krauss,33,8,Gains In Performance
1995-01-21,29,Upstairs Downtown,Toby Keith,35,8,Gains In Performance
1995-01-21,30,If You've Got Love,John Michael Montgomery,23,18,
1995-01-21,31,If I Could Make A Living,Clay Walker,28,18,
1995-01-21,32,As Any Fool Can See,Tracy Lawrence,41,4,Gains In Performance
1995-01-21,33,Amy's Back In Austin,Little Texas,38,5,Gains In Performance
1995-01-21,34,Maybe She's Human,Kathy Mattea,37,11,Gains In Performance
1995-01-21,35,Down In Flames,BlackHawk,43,6,Gains In Performance
1995-01-21,36,The Big One,George Strait,29,16,
1995-01-21,37,Wherever You Go,Clint Black,45,4,Gains In Performance
1995-01-21,38,I See It Now,Tracy Lawrence,32,20,
1995-01-21,39,When The Thought Of You Catches Up With Me,David Ball,36,20,
1995-01-21,40,Southbound,Sammy Kershaw,44,8,Gains In Performance
1995-01-21,41,This Woman And This Man,Clay Walker,53,2,Gains In Performance
1995-01-21,42,Untanglin' My Mind,Clint Black,40,18,
1995-01-21,43,We Can't Love Like This Anymore,Alabama,42,20,
1995-01-21,44,Shut Up And Kiss Me,Mary Chapin Carpenter,39,20,
1995-01-21,45,Little By Little,James House,46,9,Gains In Performance
1995-01-21,46,True To His Word,Boy Howdy,47,7,Gains In Performance
1995-01-21,47,Lipstick Promises,George Ducas,52,7,Gains In Performance
1995-01-21,48,Thinkin' About You,Trisha Yearwood,66,2,Gains In Performance
1995-01-21,49,I Can Bring Her Back,Ken Mellons,48,6,Gains In Performance
1995-01-21,50,Look At Me Now,Bryan White,50,5,Gains In Performance
1995-01-21,51,Workin' Man Blues,Jed Zeppelin,49,7,Gains In Performance
1995-01-21,52,Angels Among Us,Alabama,55,10,Gains In Performance
1995-01-21,53,Losing Your Love,Larry Stewart,56,8,Gains In Performance
1995-01-21,54,Take That,Lisa Brokop,57,9,Gains In Performance
1995-01-21,55,There Goes My Heart,The Mavericks,51,17,
1995-01-21,56,Look What Followed Me Home,David Ball,63,2,Gains In Performance
1995-01-21,57,The Red Strokes,Garth Brooks,60,9,Gains In Performance
1995-01-21,58,Tryin' To Get To New Orleans,The Tractors,58,4,Gains In Performance
1995-01-21,59,What'll You Do About Me,Doug Supernaw,62,2,Gains In Performance
1995-01-21,60,Storm In The Heartland,Billy Ray Cyrus,54,14,
1995-01-28,1,Gone Country,Alan Jackson,4,23,Gains In Performance
1995-01-28,2,Mi Vida Loca (My Crazy Life),Pam Tillis,6,11,Gains In Performance
1995-01-28,3,Till You Love Me,Reba McEntire,3,13,
1995-01-28,4,Goin' Through The Big D,Mark Chesnutt,2,14,
1995-01-28,5,Not A Moment Too Soon,Tim McGraw,1,14,
1995-01-28,6,I'll Never Forgive My Heart,Brooks & Dunn,9,12,Gains In Performance
1995-01-28,7,You And Only You,John Berry,11,16,Gains In Performance
1995-01-28,8,Doctor Time,Rick Trevino,5,17,
1995-01-28,9,Night Is Fallin' In My Heart,Diamond Rio,10,15,
1995-01-28,10,This Time,Sawyer Brown,13,11,Gains In Performance
1995-01-28,11,Little Houses,Doug Stone,12,14,Gains In Performance
1995-01-28,12,The First Step,Tracy Byrd,15,11,Gains In Performance
1995-01-28,13,My Kind Of Girl,Collin Raye,16,9,Gains In Performance
1995-01-28,14,This Is Me,Randy Travis,8,15,
1995-01-28,15,Here I Am,Patty Loveless,17,12,Gains In Performance
1995-01-28,16,Tender When I Want To Be,Mary Chapin Carpenter,14,8,Gains In Performance
1995-01-28,17,Pickup Man,Joe Diffie,7,15,
1995-01-28,18,Old Enough To Know Better,Wade Hayes,20,11,Gains In Performance
1995-01-28,19,Bend It Until It Breaks,John Anderson,22,8,Gains In Performance
1995-01-28,20,I Got It Honest,Aaron Tippin,19,17,Gains In Performance
1995-01-28,21,You Can't Make A Heart Love Somebody,George Strait,24,6,Gains In Performance
1995-01-28,22,Heart Trouble,Martina McBride,21,15,
1995-01-28,23,Between An Old Memory And Me,Travis Tritt,23,10,Gains In Performance
1995-01-28,24,For A Change,Neal McCoy,27,7,Gains In Performance
1995-01-28,25,Somewhere In The Vicinity Of The Heart,Shenandoah/Alison Krauss,28,9,Gains In Performance
1995-01-28,26,Upstairs Downtown,Toby Keith,29,9,Gains In Performance
1995-01-28,27,Take Me As I Am,Faith Hill,18,19,
1995-01-28,28,As Any Fool Can See,Tracy Lawrence,32,5,Gains In Performance
1995-01-28,29,Amy's Back In Austin,Little Texas,33,6,Gains In Performance
1995-01-28,30,This Woman And This Man,Clay Walker,41,3,Gains In Performance
1995-01-28,31,Wherever You Go,Clint Black,37,5,Gains In Performance
1995-01-28,32,When Love Finds You,Vince Gill,25,16,
1995-01-28,33,Down In Flames,BlackHawk,35,7,Gains In Performance
1995-01-28,34,If You've Got Love,John Michael Montgomery,30,19,
1995-01-28,35,Southbound,Sammy Kershaw,40,9,Gains In Performance
1995-01-28,36,Thinkin' About You,Trisha Yearwood,48,3,Gains In Performance
1995-01-28,37,If I Could Make A Living,Clay Walker,31,19,
1995-01-28,38,The Big One,George Strait,36,17,
1995-01-28,39,Maybe She's Human,Kathy Mattea,34,12,
1995-01-28,40,True To His Word,Boy Howdy,46,8,Gains In Performance
1995-01-28,41,Little By Little,James House,45,10,Gains In Performance
1995-01-28,42,Lipstick Promises,George Ducas,47,8,Gains In Performance
1995-01-28,43,Look At Me Now,Bryan White,50,6,Gains In Performance
1995-01-28,44,What'll You Do About Me,Doug Supernaw,59,3,Gains In Performance
1995-01-28,45,I Can Bring Her Back,Ken Mellons,49,7,Gains In Performance
1995-01-28,46,Untanglin' My Mind,Clint Black,42,19,
1995-01-28,47,Look What Followed Me Home,David Ball,56,3,Gains In Performance
1995-01-28,48,Workin' Man Blues,Jed Zeppelin,51,8,
1995-01-28,49,Losing Your Love,Larry Stewart,53,9,Gains In Performance
1995-01-28,50,The Red Strokes,Garth Brooks,57,10,Gains In Performance
1995-01-28,51,Tryin' To Get To New Orleans,The Tractors,58,5,Gains In Performance
1995-01-28,52,Take That,Lisa Brokop,54,10,Gains In Performance
1995-01-28,53,Angels Among Us,Alabama,52,11,
1995-01-28,54,I Brake For Brunettes,Rhett Akins,66,2,Gains In Performance
1995-01-28,55,I Should Have Been True,The Mavericks,NEW,1,Highest ranking debut|Gains In Performance
1995-01-28,56,Whose Bed Have Your Boots Been Under,Shania Twain,64,3,Gains In Performance
1995-01-28,57,That's How You Know (When You're In Love),Lari White,73,2,Gains In Performance
1995-01-28,58,Love Is Not A Thing,Russ Taff,63,3,Gains In Performance
1995-01-28,59,There Goes My Heart,The Mavericks,55,18,
1995-01-28,60,Storm In The Heartland,Billy Ray Cyrus,60,15,
1995-02-04,1,Mi Vida Loca (My Crazy Life),Pam Tillis,2,12,Gains In Performance
1995-02-04,2,Till You Love Me,Reba McEntire,3,14,
1995-02-04,3,Gone Country,Alan Jackson,1,24,
1995-02-04,4,You And Only You,John Berry,7,17,Gains In Performance
1995-02-04,5,This Time,Sawyer Brown,10,12,Gains In Performance
1995-02-04,6,I'll Never Forgive My Heart,Brooks & Dunn,6,13,Gains In Performance
1995-02-04,7,Little Houses,Doug Stone,11,15,Gains In Performance
1995-02-04,8,Not A Moment Too Soon,Tim McGraw,5,15,
1995-02-04,9,My Kind Of Girl,Collin Raye,13,10,Gains In Performance
1995-02-04,10,Here I Am,Patty Loveless,15,13,Gains In Performance
1995-02-04,11,The First Step,Tracy Byrd,12,12,Gains In Performance
1995-02-04,12,Tender When I Want To Be,Mary Chapin Carpenter,16,9,Gains In Performance
1995-02-04,13,Goin' Through The Big D,Mark Chesnutt,4,15,
1995-02-04,14,Old Enough To Know Better,Wade Hayes,18,12,Gains In Performance
1995-02-04,15,Bend It Until It Breaks,John Anderson,19,9,Gains In Performance
1995-02-04,16,You Can't Make A Heart Love Somebody,George Strait,21,7,Gains In Performance
1995-02-04,17,Night Is Fallin' In My Heart,Diamond Rio,9,16,
1995-02-04,18,For A Change,Neal McCoy,24,8,Gains In Performance
1995-02-04,19,Between An Old Memory And Me,Travis Tritt,23,11,Gains In Performance
1995-02-04,20,Upstairs Downtown,Toby Keith,26,10,Gains In Performance
1995-02-04,21,As Any Fool Can See,Tracy Lawrence,28,6,Gains In Performance
1995-02-04,22,Somewhere In The Vicinity Of The Heart,Shenandoah/Alison Krauss,25,10,Gains In Performance
1995-02-04,23,This Woman And This Man,Clay Walker,30,4,Gains In Performance
1995-02-04,24,Wherever You Go,Clint Black,31,6,Gains In Performance
1995-02-04,25,Doctor Time,Rick Trevino,8,18,
1995-02-04,26,Amy's Back In Austin,Little Texas,29,7,Gains In Performance
1995-02-04,27,Pickup Man,Joe Diffie,17,16,
1995-02-04,28,Thinkin' About You,Trisha Yearwood,36,4,Gains In Performance
1995-02-04,29,This Is Me,Randy Travis,14,16,
1995-02-04,30,Down In Flames,BlackHawk,33,8,Gains In Performance
1995-02-04,31,I Got It Honest,Aaron Tippin,20,18,
1995-02-04,32,Heart Trouble,Martina McBride,22,16,
1995-02-04,33,Take Me As I Am,Faith Hill,27,20,
1995-02-04,34,Southbound,Sammy Kershaw,35,10,Gains In Performance
1995-02-04,35,If You've Got Love,John Michael Montgomery,34,20,
1995-02-04,36,What'll You Do About Me,Doug Supernaw,44,4,Gains In Performance
1995-02-04,37,If I Could Make A Living,Clay Walker,37,20,
1995-02-04,38,True To His Word,Boy Howdy,40,9,Gains In Performance
1995-02-04,39,When Love Finds You,Vince Gill,32,17,
1995-02-04,40,Lipstick Promises,George Ducas,42,9,Gains In Performance
1995-02-04,41,Look What Followed Me Home,David Ball,47,4,Gains In Performance
1995-02-04,42,Little By Little,James House,41,11,Gains In Performance
1995-02-04,43,Look At Me Now,Bryan White,43,7,Gains In Performance
1995-02-04,44,The Big One,George Strait,38,18,
1995-02-04,45,I Can Bring Her Back,Ken Mellons,45,8,Gains In Performance
1995-02-04,46,Losing Your Love,Larry Stewart,49,10,Gains In Performance
1995-02-04,47,I Brake For Brunettes,Rhett Akins,54,3,Gains In Performance
1995-02-04,48,That's How You Know (When You're In Love),Lari White,57,3,Gains In Performance
1995-02-04,49,The Red Strokes,Garth Brooks,50,11,Gains In Performance
1995-02-04,50,Tryin' To Get To New Orleans,The Tractors,51,6,Gains In Performance
1995-02-04,51,I Should Have Been True,The Mavericks,55,2,Gains In Performance
1995-02-04,52,Take That,Lisa Brokop,52,11,Gains In Performance
1995-02-04,53,Untanglin' My Mind,Clint Black,46,20,
1995-02-04,54,Whose Bed Have Your Boots Been Under,Shania Twain,56,4,Gains In Performance
1995-02-04,55,Workin' Man Blues,Jed Zeppelin,48,9,
1995-02-04,56,Angels Among Us,Alabama,53,12,
1995-02-04,57,Maybe She's Human,Kathy Mattea,39,13,
1995-02-04,58,Bubba Hyde,Diamond Rio,NEW,1,Highest ranking debut|Gains In Performance
1995-02-04,59,So Help Me Girl,Joe Diffie,NEW,1,Gains In Performance
1995-02-04,60,Love Is Not A Thing,Russ Taff,58,4,Gains In Performance
1995-02-11,1,Mi Vida Loca (My Crazy Life),Pam Tillis,1,13,
1995-02-11,2,This Time,Sawyer Brown,5,13,Gains In Performance
1995-02-11,3,My Kind Of Girl,Collin Raye,9,11,Gains In Performance
1995-02-11,4,You And Only You,John Berry,4,18,
1995-02-11,5,The First Step,Tracy Byrd,11,13,Gains In Performance
1995-02-11,6,Here I Am,Patty Loveless,10,14,Gains In Performance
1995-02-11,7,Gone Country,Alan Jackson,3,25,
1995-02-11,8,Little Houses,Doug Stone,7,16,Gains In Performance
1995-02-11,9,Old Enough To Know Better,Wade Hayes,14,13,Gains In Performance
1995-02-11,10,Till You Love Me,Reba McEntire,2,15,
1995-02-11,11,I'll Never Forgive My Heart,Brooks & Dunn,6,14,
1995-02-11,12,Tender When I Want To Be,Mary Chapin Carpenter,12,10,Gains In Performance
1995-02-11,13,Bend It Until It Breaks,John Anderson,15,10,Gains In Performance
1995-02-11,14,You Can't Make A Heart Love Somebody,George Strait,16,8,Gains In Performance
1995-02-11,15,This Woman And This Man,Clay Walker,23,5,Gains In Performance
1995-02-11,16,As Any Fool Can See,Tracy Lawrence,21,7,Gains In Performance
1995-02-11,17,For A Change,Neal McCoy,18,9,Gains In Performance
1995-02-11,18,Between An Old Memory And Me,Travis Tritt,19,12,Gains In Performance
1995-02-11,19,Wherever You Go,Clint Black,24,7,Gains In Performance
1995-02-11,20,Upstairs Downtown,Toby Keith,20,11,Gains In Performance
1995-02-11,21,Somewhere In The Vicinity Of The Heart,Shenandoah/Alison Krauss,22,11,Gains In Performance
1995-02-11,22,Not A Moment Too Soon,Tim McGraw,8,16,
1995-02-11,23,Amy's Back In Austin,Little Texas,26,8,Gains In Performance
1995-02-11,24,Thinkin' About You,Trisha Yearwood,28,5,Gains In Performance
1995-02-11,25,Goin' Through The Big D,Mark Chesnutt,13,16,
1995-02-11,26,Down In Flames,BlackHawk,30,9,Gains In Performance
1995-02-11,27,Pickup Man,Joe Diffie,27,17,
1995-02-11,28,Southbound,Sammy Kershaw,34,11,Gains In Performance
1995-02-11,29,Night Is Fallin' In My Heart,Diamond Rio,17,17,
1995-02-11,30,Doctor Time,Rick Trevino,25,19,
1995-02-11,31,What'll You Do About Me,Doug Supernaw,36,5,Gains In Performance
1995-02-11,32,Lipstick Promises,George Ducas,40,10,Gains In Performance
1995-02-11,33,This Is Me,Randy Travis,29,17,
1995-02-11,34,True To His Word,Boy Howdy,38,10,Gains In Performance
1995-02-11,35,Look What Followed Me Home,David Ball,41,5,Gains In Performance
1995-02-11,36,Look At Me Now,Bryan White,43,8,Gains In Performance
1995-02-11,37,Little By Little,James House,42,12,Gains In Performance
1995-02-11,38,Which Bridge To Cross (Which Bridge To Burn),Vince Gill,61,2,Gains In Performance
1995-02-11,39,When Love Finds You,Vince Gill,39,18,
1995-02-11,40,I Got It Honest,Aaron Tippin,31,19,
1995-02-11,41,That's How You Know (When You're In Love),Lari White,48,4,Gains In Performance
1995-02-11,42,I Can Bring Her Back,Ken Mellons,45,9,Gains In Performance
1995-02-11,43,So Help Me Girl,Joe Diffie,59,2,Gains In Performance
1995-02-11,44,The Big One,George Strait,44,19,
1995-02-11,45,I Brake For Brunettes,Rhett Akins,47,4,Gains In Performance
1995-02-11,46,Losing Your Love,Larry Stewart,46,11,Gains In Performance
1995-02-11,47,I Should Have Been True,The Mavericks,51,3,Gains In Performance
1995-02-11,48,Heart Trouble,Martina McBride,32,17,
1995-02-11,49,Bubba Hyde,Diamond Rio,58,2,Gains In Performance
1995-02-11,50,Whose Bed Have Your Boots Been Under,Shania Twain,54,5,Gains In Performance
1995-02-11,51,Tryin' To Get To New Orleans,The Tractors,50,7,Gains In Performance
1995-02-11,52,The Red Strokes,Garth Brooks,49,12,Gains In Performance
1995-02-11,53,Take That,Lisa Brokop,52,12,Gains In Performance
1995-02-11,54,Love Is Not A Thing,Russ Taff,60,5,Gains In Performance
1995-02-11,55,"Bad Dog, No Biscuit",Daron Norwood,68,2,Gains In Performance
1995-02-11,56,Give Me One More Shot,Alabama,NEW,1,Highest ranking debut|Gains In Performance
1995-02-11,57,Angels Among Us,Alabama,56,13,
1995-02-11,58,Tyler,Davis Daniel,63,3,Gains In Performance
1995-02-11,59,The Box,Randy Travis,NEW,1,Gains In Performance
1995-02-11,60,There Goes My Heart,The Mavericks,62,20,
1995-02-18,1,My Kind Of Girl,Collin Raye,3,12,Gains In Performance
1995-02-18,2,This Time,Sawyer Brown,2,14,Gains In Performance
1995-02-18,3,Old Enough To Know Better,Wade Hayes,9,14,Gains In Performance
1995-02-18,4,Here I Am,Patty Loveless,6,15,Gains In Performance
1995-02-18,5,The First Step,Tracy Byrd,5,14,Gains In Performance
1995-02-18,6,You Can't Make A Heart Love Somebody,George Strait,14,9,Gains In Performance
1995-02-18,7,Bend It Until It Breaks,John Anderson,13,11,Gains In Performance
1995-02-18,8,Tender When I Want To Be,Mary Chapin Carpenter,12,11,Gains In Performance
1995-02-18,9,Little Houses,Doug Stone,8,17,
1995-02-18,10,This Woman And This Man,Clay Walker,15,6,Gains In Performance
1995-02-18,11,Gone Country,Alan Jackson,7,26,
1995-02-18,12,For A Change,Neal McCoy,17,10,Gains In Performance
1995-02-18,13,As Any Fool Can See,Tracy Lawrence,16,8,Gains In Performance
1995-02-18,14,Wherever You Go,Clint Black,19,8,Gains In Performance
1995-02-18,15,Upstairs Downtown,Toby Keith,20,12,Gains In Performance
1995-02-18,16,Mi Vida Loca (My Crazy Life),Pam Tillis,1,14,
1995-02-18,17,Thinkin' About You,Trisha Yearwood,24,6,Gains In Performance
1995-02-18,18,Between An Old Memory And Me,Travis Tritt,18,13,Gains In Performance
1995-02-18,19,Amy's Back In Austin,Little Texas,23,9,Gains In Performance
1995-02-18,20,Somewhere In The Vicinity Of The Heart,Shenandoah/Alison Krauss,21,12,Gains In Performance
1995-02-18,21,You And Only You,John Berry,4,19,
1995-02-18,22,Down In Flames,BlackHawk,26,10,Gains In Performance
1995-02-18,23,Till You Love Me,Reba McEntire,10,16,
1995-02-18,24,What'll You Do About Me,Doug Supernaw,31,6,Gains In Performance
1995-02-18,25,Lipstick Promises,George Ducas,32,11,Gains In Performance
1995-02-18,26,Not A Moment Too Soon,Tim McGraw,22,17,
1995-02-18,27,Southbound,Sammy Kershaw,28,12,Gains In Performance
1995-02-18,28,Which Bridge To Cross (Which Bridge To Burn),Vince Gill,38,3,Gains In Performance
1995-02-18,29,Goin' Through The Big D,Mark Chesnutt,25,17,
1995-02-18,30,True To His Word,Boy Howdy,34,11,Gains In Performance
1995-02-18,31,I'll Never Forgive My Heart,Brooks & Dunn,11,15,
1995-02-18,32,Look What Followed Me Home,David Ball,35,6,Gains In Performance
1995-02-18,33,Pickup Man,Joe Diffie,27,18,
1995-02-18,34,Little By Little,James House,37,13,Gains In Performance
1995-02-18,35,Look At Me Now,Bryan White,36,9,Gains In Performance
1995-02-18,36,So Help Me Girl,Joe Diffie,43,3,Gains In Performance
1995-02-18,37,Doctor Time,Rick Trevino,30,20,
1995-02-18,38,Night Is Fallin' In My Heart,Diamond Rio,29,18,
1995-02-18,39,That's How You Know (When You're In Love),Lari White,41,5,Gains In Performance
1995-02-18,40,This Is Me,Randy Travis,33,18,
1995-02-18,41,Bubba Hyde,Diamond Rio,49,3,Gains In Performance
1995-02-18,42,I Brake For Brunettes,Rhett Akins,45,5,Gains In Performance
1995-02-18,43,When Love Finds You,Vince Gill,39,19,Gains In Performance
1995-02-18,44,I Can Bring Her Back,Ken Mellons,42,10,Gains In Performance
1995-02-18,45,I Should Have Been True,The Mavericks,47,4,Gains In Performance
1995-02-18,46,Losing Your Love,Larry Stewart,46,12,Gains In Performance
1995-02-18,47,The Box,Randy Travis,59,2,Gains In Performance
1995-02-18,48,Whose Bed Have Your Boots Been Under,Shania Twain,50,6,Gains In Performance
1995-02-18,49,The Big One,George Strait,44,20,
1995-02-18,50,Give Me One More Shot,Alabama,56,2,Gains In Performance
1995-02-18,51,I Got It Honest,Aaron Tippin,40,20,
1995-02-18,52,Tryin' To Get To New Orleans,The Tractors,51,8,
1995-02-18,53,The Red Strokes,Garth Brooks,52,13,
1995-02-18,54,Take That,Lisa Brokop,53,13,
1995-02-18,55,Love Is Not A Thing,Russ Taff,54,6,Gains In Performance
1995-02-18,56,Song For The Life,Alan Jackson,73,2,Gains In Performance
1995-02-18,57,"Bad Dog, No Biscuit",Daron Norwood,55,3,Gains In Performance
1995-02-18,58,The Heart Is A Lonely Hunter,Reba McEntire,NEW,1,Highest ranking debut|Gains In Performance
1995-02-18,59,Between The Two Of Them,Tanya Tucker,72,2,Gains In Performance
1995-02-18,60,Stay Forever,Hal Ketchum,69,2,Gains In Performance
1995-02-25,1,Old Enough To Know Better,Wade Hayes,3,15,Gains In Performance
1995-02-25,2,My Kind Of Girl,Collin Raye,1,13,Gains In Performance
1995-02-25,3,Bend It Until It Breaks,John Anderson,7,12,Gains In Performance
1995-02-25,4,You Can't Make A Heart Love Somebody,George Strait,6,10,Gains In Performance
1995-02-25,5,Here I Am,Patty Loveless,4,16,
1995-02-25,6,Tender When I Want To Be,Mary Chapin Carpenter,8,12,
1995-02-25,7,This Time,Sawyer Brown,2,15,
1995-02-25,8,This Woman And This Man,Clay Walker,10,7,Gains In Performance
1995-02-25,9,For A Change,Neal McCoy,12,11,Gains In Performance
1995-02-25,10,As Any Fool Can See,Tracy Lawrence,13,9,Gains In Performance
1995-02-25,11,The First Step,Tracy Byrd,5,15,
1995-02-25,12,Wherever You Go,Clint Black,14,9,Gains In Performance
1995-02-25,13,Between An Old Memory And Me,Travis Tritt,18,14,Gains In Performance
1995-02-25,14,Thinkin' About You,Trisha Yearwood,17,7,Gains In Performance
1995-02-25,15,Upstairs Downtown,Toby Keith,15,13,Gains In Performance
1995-02-25,16,Amy's Back In Austin,Little Texas,19,10,Gains In Performance
1995-02-25,17,Somewhere In The Vicinity Of The Heart,Shenandoah/Alison Krauss,20,13,Gains In Performance
1995-02-25,18,Little Houses,Doug Stone,9,18,
1995-02-25,19,Down In Flames,BlackHawk,22,11,Gains In Performance
1995-02-25,20,What'll You Do About Me,Doug Supernaw,24,7,Gains In Performance
1995-02-25,21,Which Bridge To Cross (Which Bridge To Burn),Vince Gill,28,4,Gains In Performance
1995-02-25,22,Lipstick Promises,George Ducas,25,12,Gains In Performance
1995-02-25,23,Mi Vida Loca (My Crazy Life),Pam Tillis,16,15,
1995-02-25,24,True To His Word,Boy Howdy,30,12,Gains In Performance
1995-02-25,25,Look What Followed Me Home,David Ball,32,7,Gains In Performance
1995-02-25,26,Look At Me Now,Bryan White,35,10,Gains In Performance
1995-02-25,27,You And Only You,John Berry,21,20,
1995-02-25,28,So Help Me Girl,Joe Diffie,36,4,Gains In Performance
1995-02-25,29,Little By Little,James House,34,14,Gains In Performance
1995-02-25,30,Southbound,Sammy Kershaw,27,13,
1995-02-25,31,Till You Love Me,Reba McEntire,23,17,
1995-02-25,32,Not A Moment Too Soon,Tim McGraw,26,18,
1995-02-25,33,That's How You Know (When You're In Love),Lari White,39,6,Gains In Performance
1995-02-25,34,Goin' Through The Big D,Mark Chesnutt,29,18,
1995-02-25,35,Pickup Man,Joe Diffie,33,19,
1995-02-25,36,Bubba Hyde,Diamond Rio,41,4,Gains In Performance
1995-02-25,37,The Box,Randy Travis,47,3,Gains In Performance
1995-02-25,38,The Heart Is A Lonely Hunter,Reba McEntire,58,2,Gains In Performance
1995-02-25,39,I Brake For Brunettes,Rhett Akins,42,6,Gains In Performance
1995-02-25,40,Give Me One More Shot,Alabama,50,3,Gains In Performance
1995-02-25,41,Song For The Life,Alan Jackson,56,3,Gains In Performance
1995-02-25,42,I Should Have Been True,The Mavericks,45,5,Gains In Performance
1995-02-25,43,Whose Bed Have Your Boots Been Under,Shania Twain,48,7,Gains In Performance
1995-02-25,44,I'll Never Forgive My Heart,Brooks & Dunn,31,16,
1995-02-25,45,This Is Me,Randy Travis,40,19,
1995-02-25,46,Night Is Fallin' In My Heart,Diamond Rio,38,19,
1995-02-25,47,When Love Finds You,Vince Gill,43,20,
1995-02-25,48,Losing Your Love,Larry Stewart,46,13,
1995-02-25,49,I Can Bring Her Back,Ken Mellons,44,11,
1995-02-25,50,Between The Two Of Them,Tanya Tucker,59,3,Gains In Performance
1995-02-25,51,"Bad Dog, No Biscuit",Daron Norwood,57,4,Gains In Performance
1995-02-25,52,Tryin' To Get To New Orleans,The Tractors,52,9,
1995-02-25,53,Love Is Not A Thing,Russ Taff,55,7,
1995-02-25,54,The Red Strokes,Garth Brooks,53,14,
1995-02-25,55,Stay Forever,Hal Ketchum,60,3,Gains In Performance
1995-02-25,56,Looking For The Light,Rick Trevino,63,3,Gains In Performance
1995-02-25,57,Refried Dreams,Tim McGraw,NEW,1,Highest ranking debut|Gains In Performance
1995-02-25,58,The Keeper Of The Stars,Tracy Byrd,67,6,Gains In Performance
1995-02-25,59,Tyler,Davis Daniel,61,5,Gains In Performance
1995-02-25,60,Little Miss Honky Tonk,Brooks & Dunn,70,2,Gains In Performance
1995-03-04,1,Old Enough To Know Better,Wade Hayes,1,16,
1995-03-04,2,You Can't Make A Heart Love Somebody,George Strait,4,11,Gains In Performance
1995-03-04,3,Bend It Until It Breaks,John Anderson,3,13,Gains In Performance
1995-03-04,4,My Kind Of Girl,Collin Raye,2,14,
1995-03-04,5,As Any Fool Can See,Tracy Lawrence,10,10,Gains In Performance
1995-03-04,6,This Woman And This Man,Clay Walker,8,8,Gains In Performance
1995-03-04,7,Wherever You Go,Clint Black,12,10,Gains In Performance
1995-03-04,8,For A Change,Neal McCoy,9,12,Gains In Performance
1995-03-04,9,Thinkin' About You,Trisha Yearwood,14,8,Gains In Performance
1995-03-04,10,Upstairs Downtown,Toby Keith,15,14,Gains In Performance
1995-03-04,11,Between An Old Memory And Me,Travis Tritt,13,15,Gains In Performance
1995-03-04,12,Amy's Back In Austin,Little Texas,16,11,Gains In Performance
1995-03-04,13,Tender When I Want To Be,Mary Chapin Carpenter,6,13,
1995-03-04,14,Somewhere In The Vicinity Of The Heart,Shenandoah/Alison Krauss,17,14,Gains In Performance
1995-03-04,15,Down In Flames,BlackHawk,19,12,Gains In Performance
1995-03-04,16,Here I Am,Patty Loveless,5,17,
1995-03-04,17,Which Bridge To Cross (Which Bridge To Burn),Vince Gill,21,5,Gains In Performance
1995-03-04,18,What'll You Do About Me,Doug Supernaw,20,8,Gains In Performance
1995-03-04,19,Lipstick Promises,George Ducas,22,13,Gains In Performance
1995-03-04,20,This Time,Sawyer Brown,7,16,
1995-03-04,21,So Help Me Girl,Joe Diffie,28,5,Gains In Performance
1995-03-04,22,Look What Followed Me Home,David Ball,25,8,Gains In Performance
1995-03-04,23,True To His Word,Boy Howdy,24,13,Gains In Performance
1995-03-04,24,Look At Me Now,Bryan White,26,11,Gains In Performance
1995-03-04,25,Little By Little,James House,29,15,Gains In Performance
1995-03-04,26,The Heart Is A Lonely Hunter,Reba McEntire,38,3,Gains In Performance
1995-03-04,27,That's How You Know (When You're In Love),Lari White,33,7,Gains In Performance
1995-03-04,28,The First Step,Tracy Byrd,11,16,
1995-03-04,29,The Box,Randy Travis,37,4,Gains In Performance
1995-03-04,30,Bubba Hyde,Diamond Rio,36,5,Gains In Performance
1995-03-04,31,Give Me One More Shot,Alabama,40,4,Gains In Performance
1995-03-04,32,Song For The Life,Alan Jackson,41,4,Gains In Performance
1995-03-04,33,Little Houses,Doug Stone,18,19,
1995-03-04,34,Mi Vida Loca (My Crazy Life),Pam Tillis,23,16,
1995-03-04,35,Not A Moment Too Soon,Tim McGraw,32,19,
1995-03-04,36,Pickup Man,Joe Diffie,35,20,
1995-03-04,37,I Should Have Been True,The Mavericks,42,6,Gains In Performance
1995-03-04,38,Goin' Through The Big D,Mark Chesnutt,34,19,
1995-03-04,39,I Brake For Brunettes,Rhett Akins,39,7,Gains In Performance
1995-03-04,40,Till You Love Me,Reba McEntire,31,18,
1995-03-04,41,Whose Bed Have Your Boots Been Under,Shania Twain,43,8,Gains In Performance
1995-03-04,42,Refried Dreams,Tim McGraw,57,2,Gains In Performance
1995-03-04,43,Little Miss Honky Tonk,Brooks & Dunn,60,3,Gains In Performance
1995-03-04,44,The Keeper Of The Stars,Tracy Byrd,58,7,Gains In Performance
1995-03-04,45,This Is Me,Randy Travis,45,20,
1995-03-04,46,Southbound,Sammy Kershaw,30,14,
1995-03-04,47,Between The Two Of Them,Tanya Tucker,50,4,Gains In Performance
1995-03-04,48,Night Is Fallin' In My Heart,Diamond Rio,46,20,
1995-03-04,49,I'll Never Forgive My Heart,Brooks & Dunn,44,17,
1995-03-04,50,Stay Forever,Hal Ketchum,55,4,Gains In Performance
1995-03-04,51,What Mattered Most,Ty Herndon,62,2,Gains In Performance
1995-03-04,52,"Bad Dog, No Biscuit",Daron Norwood,51,5,Gains In Performance
1995-03-04,53,Gonna Get A Life,Mark Chesnutt,68,2,Gains In Performance
1995-03-04,54,Looking For The Light,Rick Trevino,56,4,Gains In Performance
1995-03-04,55,The Red Strokes,Garth Brooks,54,15,
1995-03-04,56,Love Is Not A Thing,Russ Taff,53,8,
1995-03-04,57,Anyway The Wind Blows,Brother Phelps,64,3,Gains In Performance
1995-03-04,58,Tyler,Davis Daniel,59,6,
1995-03-04,59,I Can Love You Like That,John Michael Montgomery,NEW,1,Highest ranking debut|Gains In Performance
1995-03-04,60,Take That,Lisa Brokop,61,15,
1995-03-11,1,You Can't Make A Heart Love Somebody,George Strait,2,12,Gains In Performance
1995-03-11,2,As Any Fool Can See,Tracy Lawrence,5,11,Gains In Performance
1995-03-11,3,Bend It Until It Breaks,John Anderson,3,14,Gains In Performance
1995-03-11,4,This Woman And This Man,Clay Walker,6,9,Gains In Performance
1995-03-11,5,Wherever You Go,Clint Black,7,11,Gains In Performance
1995-03-11,6,For A Change,Neal McCoy,8,13,Gains In Performance
1995-03-11,7,Old Enough To Know Better,Wade Hayes,1,17,
1995-03-11,8,Thinkin' About You,Trisha Yearwood,9,9,Gains In Performance
1995-03-11,9,Amy's Back In Austin,Little Texas,12,12,Gains In Performance
1995-03-11,10,Upstairs Downtown,Toby Keith,10,15,Gains In Performance
1995-03-11,11,Between An Old Memory And Me,Travis Tritt,11,16,
1995-03-11,12,Somewhere In The Vicinity Of The Heart,Shenandoah/Alison Krauss,14,15,Gains In Performance
1995-03-11,13,Down In Flames,BlackHawk,15,13,Gains In Performance
1995-03-11,14,My Kind Of Girl,Collin Raye,4,15,
1995-03-11,15,Which Bridge To Cross (Which Bridge To Burn),Vince Gill,17,6,Gains In Performance
1995-03-11,16,What'll You Do About Me,Doug Supernaw,18,9,Gains In Performance
1995-03-11,17,Lipstick Promises,George Ducas,19,14,Gains In Performance
1995-03-11,18,So Help Me Girl,Joe Diffie,21,6,Gains In Performance
1995-03-11,19,The Heart Is A Lonely Hunter,Reba McEntire,26,4,Gains In Performance
1995-03-11,20,Give Me One More Shot,Alabama,31,5,Gains In Performance
1995-03-11,21,Look What Followed Me Home,David Ball,22,9,Gains In Performance
1995-03-11,22,The Box,Randy Travis,29,5,Gains In Performance
1995-03-11,23,True To His Word,Boy Howdy,23,14,Gains In Performance
1995-03-11,24,Bubba Hyde,Diamond Rio,30,6,Gains In Performance
1995-03-11,25,Look At Me Now,Bryan White,24,12,Gains In Performance
1995-03-11,26,That's How You Know (When You're In Love),Lari White,27,8,Gains In Performance
1995-03-11,27,Here I Am,Patty Loveless,16,18,
1995-03-11,28,This Time,Sawyer Brown,20,17,
1995-03-11,29,Tender When I Want To Be,Mary Chapin Carpenter,13,14,
1995-03-11,30,Song For The Life,Alan Jackson,32,5,Gains In Performance
1995-03-11,31,Little By Little,James House,25,16,
1995-03-11,32,Little Miss Honky Tonk,Brooks & Dunn,43,4,Gains In Performance
1995-03-11,33,Refried Dreams,Tim McGraw,42,3,Gains In Performance
1995-03-11,34,The Keeper Of The Stars,Tracy Byrd,44,8,Gains In Performance
1995-03-11,35,I Should Have Been True,The Mavericks,37,7,Gains In Performance
1995-03-11,36,I Brake For Brunettes,Rhett Akins,39,8,Gains In Performance
1995-03-11,37,The First Step,Tracy Byrd,28,17,
1995-03-11,38,Not A Moment Too Soon,Tim McGraw,35,20,
1995-03-11,39,I Can Love You Like That,John Michael Montgomery,59,2,Gains In Performance
1995-03-11,40,Whose Bed Have Your Boots Been Under,Shania Twain,41,9,Gains In Performance
1995-03-11,41,Goin' Through The Big D,Mark Chesnutt,38,20,
1995-03-11,42,Mi Vida Loca (My Crazy Life),Pam Tillis,34,17,
1995-03-11,43,Till You Love Me,Reba McEntire,40,19,
1995-03-11,44,Little Houses,Doug Stone,33,20,
1995-03-11,45,Between The Two Of Them,Tanya Tucker,47,5,Gains In Performance
1995-03-11,46,What Mattered Most,Ty Herndon,51,3,Gains In Performance
1995-03-11,47,Gonna Get A Life,Mark Chesnutt,53,3,Gains In Performance
1995-03-11,48,Stay Forever,Hal Ketchum,50,5,Gains In Performance
1995-03-11,49,Looking For The Light,Rick Trevino,54,5,Gains In Performance
1995-03-11,50,"Bad Dog, No Biscuit",Daron Norwood,52,6,Gains In Performance
1995-03-11,51,I'll Never Forgive My Heart,Brooks & Dunn,49,18,
1995-03-11,52,She Feels Like A Brand New Man Tonight,Aaron Tippin,62,3,Gains In Performance
1995-03-11,53,"Faith In Me, Faith In You",Doug Stone,71,2,Gains In Performance
1995-03-11,54,Anyway The Wind Blows,Brother Phelps,57,4,Gains In Performance
1995-03-11,55,The Red Strokes,Garth Brooks,55,16,
1995-03-11,56,Sea Of Cowboy Hats,Chely Wright,61,6,Gains In Performance
1995-03-11,57,When You Say Nothing At All,Alison Krauss + Union Station,66,3,Gains In Performance
1995-03-11,58,Somebody Will,McBride & The Ride,65,4,Gains In Performance
1995-03-11,59,Southbound,Sammy Kershaw,46,15,
1995-03-11,60,Standing On The Edge Of Goodbye,John Berry,73,2,Gains In Performance
1995-03-18,1,This Woman And This Man,Clay Walker,4,10,Gains In Performance
1995-03-18,2,As Any Fool Can See,Tracy Lawrence,2,12,Gains In Performance
1995-03-18,3,Wherever You Go,Clint Black,5,12,Gains In Performance
1995-03-18,4,For A Change,Neal McCoy,6,14,Gains In Performance
1995-03-18,5,Thinkin' About You,Trisha Yearwood,8,10,Gains In Performance
1995-03-18,6,Bend It Until It Breaks,John Anderson,3,15,
1995-03-18,7,Amy's Back In Austin,Little Texas,9,13,Gains In Performance
1995-03-18,8,You Can't Make A Heart Love Somebody,George Strait,1,13,
1995-03-18,9,Somewhere In The Vicinity Of The Heart,Shenandoah/Alison Krauss,12,16,Gains In Performance
1995-03-18,10,Down In Flames,BlackHawk,13,14,Gains In Performance
1995-03-18,11,Upstairs Downtown,Toby Keith,10,16,
1995-03-18,12,Which Bridge To Cross (Which Bridge To Burn),Vince Gill,15,7,Gains In Performance
1995-03-18,13,So Help Me Girl,Joe Diffie,18,7,Gains In Performance
1995-03-18,14,Lipstick Promises,George Ducas,17,15,Gains In Performance
1995-03-18,15,The Heart Is A Lonely Hunter,Reba McEntire,19,5,Gains In Performance
1995-03-18,16,Old Enough To Know Better,Wade Hayes,7,18,
1995-03-18,17,What'll You Do About Me,Doug Supernaw,16,10,
1995-03-18,18,Give Me One More Shot,Alabama,20,6,Gains In Performance
1995-03-18,19,Between An Old Memory And Me,Travis Tritt,11,17,
1995-03-18,20,Look What Followed Me Home,David Ball,21,10,Gains In Performance
1995-03-18,21,The Box,Randy Travis,22,6,Gains In Performance
1995-03-18,22,Bubba Hyde,Diamond Rio,24,7,Gains In Performance
1995-03-18,23,True To His Word,Boy Howdy,23,15,Gains In Performance
1995-03-18,24,My Kind Of Girl,Collin Raye,14,16,
1995-03-18,25,Look At Me Now,Bryan White,25,13,Gains In Performance
1995-03-18,26,That's How You Know (When You're In Love),Lari White,26,9,Gains In Performance
1995-03-18,27,Song For The Life,Alan Jackson,30,6,Gains In Performance
1995-03-18,28,Little Miss Honky Tonk,Brooks & Dunn,32,5,Gains In Performance
1995-03-18,29,Refried Dreams,Tim McGraw,33,4,Gains In Performance
1995-03-18,30,The Keeper Of The Stars,Tracy Byrd,34,9,Gains In Performance
1995-03-18,31,I Can Love You Like That,John Michael Montgomery,39,3,Gains In Performance
1995-03-18,32,I Should Have Been True,The Mavericks,35,8,Gains In Performance
1995-03-18,33,This Time,Sawyer Brown,28,18,
1995-03-18,34,Whose Bed Have Your Boots Been Under,Shania Twain,40,10,Gains In Performance
1995-03-18,35,Here I Am,Patty Loveless,27,19,
1995-03-18,36,Little By Little,James House,31,17,
1995-03-18,37,What Mattered Most,Ty Herndon,46,4,Gains In Performance
1995-03-18,38,Gonna Get A Life,Mark Chesnutt,47,4,Gains In Performance
1995-03-18,39,I Brake For Brunettes,Rhett Akins,36,9,
1995-03-18,40,Mi Vida Loca (My Crazy Life),Pam Tillis,42,18,
1995-03-18,41,Stay Forever,Hal Ketchum,48,6,Gains In Performance
1995-03-18,42,Tender When I Want To Be,Mary Chapin Carpenter,29,15,
1995-03-18,43,Between The Two Of Them,Tanya Tucker,45,6,Gains In Performance
1995-03-18,44,Till You Love Me,Reba McEntire,43,20,
1995-03-18,45,The First Step,Tracy Byrd,37,18,
1995-03-18,46,I Was Blown Away,Pam Tillis,61,2,Gains In Performance
1995-03-18,47,Looking For The Light,Rick Trevino,49,6,Gains In Performance
1995-03-18,48,Standing On The Edge Of Goodbye,John Berry,60,3,Gains In Performance
1995-03-18,49,"Faith In Me, Faith In You",Doug Stone,53,3,Gains In Performance
1995-03-18,50,She Feels Like A Brand New Man Tonight,Aaron Tippin,52,4,Gains In Performance
1995-03-18,51,"Bad Dog, No Biscuit",Daron Norwood,50,7,
1995-03-18,52,I'll Never Forgive My Heart,Brooks & Dunn,51,19,
1995-03-18,53,When You Say Nothing At All,Alison Krauss + Union Station,57,4,Gains In Performance
1995-03-18,54,Anyway The Wind Blows,Brother Phelps,54,5,Gains In Performance
1995-03-18,55,I Don't Believe In Goodbye,Sawyer Brown,NEW,1,Highest ranking debut|Gains In Performance
1995-03-18,56,I Don't Know (But I've Been Told),Wesley Dennis,62,4,Gains In Performance
1995-03-18,57,Somebody Will,McBride & The Ride,58,5,Gains In Performance
1995-03-18,58,Sea Of Cowboy Hats,Chely Wright,56,7,
1995-03-18,59,The Red Strokes,Garth Brooks,55,17,
1995-03-18,60,Take That,Lisa Brokop,63,17,
1995-03-25,1,This Woman And This Man,Clay Walker,1,11,Gains In Performance
1995-03-25,2,Thinkin' About You,Trisha Yearwood,5,11,Gains In Performance
1995-03-25,3,For A Change,Neal McCoy,4,15,Gains In Performance
1995-03-25,4,Wherever You Go,Clint Black,3,13,
1995-03-25,5,Amy's Back In Austin,Little Texas,7,14,Gains In Performance
1995-03-25,6,As Any Fool Can See,Tracy Lawrence,2,13,
1995-03-25,7,Somewhere In The Vicinity Of The Heart,Shenandoah/Alison Krauss,9,17,Gains In Performance
1995-03-25,8,Which Bridge To Cross (Which Bridge To Burn),Vince Gill,12,8,Gains In Performance
1995-03-25,9,So Help Me Girl,Joe Diffie,13,8,Gains In Performance
1995-03-25,10,Down In Flames,BlackHawk,10,15,Gains In Performance
1995-03-25,11,The Heart Is A Lonely Hunter,Reba McEntire,15,6,Gains In Performance
1995-03-25,12,Bend It Until It Breaks,John Anderson,6,16,
1995-03-25,13,Lipstick Promises,George Ducas,14,16,Gains In Performance
1995-03-25,14,You Can't Make A Heart Love Somebody,George Strait,8,14,
1995-03-25,15,Give Me One More Shot,Alabama,18,7,Gains In Performance
1995-03-25,16,Look What Followed Me Home,David Ball,20,11,Gains In Performance
1995-03-25,17,The Box,Randy Travis,21,7,Gains In Performance
1995-03-25,18,Bubba Hyde,Diamond Rio,22,8,Gains In Performance
1995-03-25,19,Little Miss Honky Tonk,Brooks & Dunn,28,6,Gains In Performance
1995-03-25,20,I Can Love You Like That,John Michael Montgomery,31,4,Gains In Performance
1995-03-25,21,What'll You Do About Me,Doug Supernaw,17,11,
1995-03-25,22,Refried Dreams,Tim McGraw,29,5,Gains In Performance
1995-03-25,23,Song For The Life,Alan Jackson,27,7,Gains In Performance
1995-03-25,24,That's How You Know (When You're In Love),Lari White,26,10,Gains In Performance
1995-03-25,25,Look At Me Now,Bryan White,25,14,Gains In Performance
1995-03-25,26,The Keeper Of The Stars,Tracy Byrd,30,10,Gains In Performance
1995-03-25,27,Old Enough To Know Better,Wade Hayes,16,19,
1995-03-25,28,Upstairs Downtown,Toby Keith,11,17,
1995-03-25,29,My Kind Of Girl,Collin Raye,24,17,
1995-03-25,30,True To His Word,Boy Howdy,23,16,
1995-03-25,31,I Should Have Been True,The Mavericks,32,9,Gains In Performance
1995-03-25,32,Whose Bed Have Your Boots Been Under,Shania Twain,34,11,Gains In Performance
1995-03-25,33,Between An Old Memory And Me,Travis Tritt,19,18,
1995-03-25,34,Gonna Get A Life,Mark Chesnutt,38,5,Gains In Performance
1995-03-25,35,What Mattered Most,Ty Herndon,37,5,Gains In Performance
1995-03-25,36,This Time,Sawyer Brown,33,19,
1995-03-25,37,I Was Blown Away,Pam Tillis,46,3,Gains In Performance
1995-03-25,38,Stay Forever,Hal Ketchum,41,7,Gains In Performance
1995-03-25,39,Between The Two Of Them,Tanya Tucker,43,7,Gains In Performance
1995-03-25,40,Here I Am,Patty Loveless,35,20,
1995-03-25,41,Standing On The Edge Of Goodbye,John Berry,48,4,Gains In Performance
1995-03-25,42,I Brake For Brunettes,Rhett Akins,39,10,
1995-03-25,43,Mi Vida Loca (My Crazy Life),Pam Tillis,40,19,
1995-03-25,44,"Faith In Me, Faith In You",Doug Stone,49,4,Gains In Performance
1995-03-25,45,The First Step,Tracy Byrd,45,19,
1995-03-25,46,Looking For The Light,Rick Trevino,47,7,Gains In Performance
1995-03-25,47,She Feels Like A Brand New Man Tonight,Aaron Tippin,50,5,Gains In Performance
1995-03-25,48,Little By Little,James House,36,18,
1995-03-25,49,Tender When I Want To Be,Mary Chapin Carpenter,42,16,
1995-03-25,50,I Don't Believe In Goodbye,Sawyer Brown,55,2,Gains In Performance
1995-03-25,51,When You Say Nothing At All,Alison Krauss + Union Station,53,5,Gains In Performance
1995-03-25,52,I Don't Know (But I've Been Told),Wesley Dennis,56,5,Gains In Performance
1995-03-25,53,I'll Never Forgive My Heart,Brooks & Dunn,52,20,
1995-03-25,54,You Don't Even Know Who I Am,Patty Loveless,61,2,Gains In Performance
1995-03-25,55,I'm Still Dancin' With You,Wade Hayes,62,2,Gains In Performance
1995-03-25,56,Anyway The Wind Blows,Brother Phelps,54,6,Gains In Performance
1995-03-25,57,"If You're Gonna Walk, I'm Gonna Crawl",Sammy Kershaw,65,2,Gains In Performance
1995-03-25,58,Somebody Will,McBride & The Ride,57,6,
1995-03-25,59,Sea Of Cowboy Hats,Chely Wright,58,8,
1995-03-25,60,"Bad Dog, No Biscuit",Daron Norwood,51,8,
1995-04-01,1,Thinkin' About You,Trisha Yearwood,2,12,Gains In Performance
1995-04-01,2,This Woman And This Man,Clay Walker,1,12,
1995-04-01,3,For A Change,Neal McCoy,3,16,
1995-04-01,4,Amy's Back In Austin,Little Texas,5,15,Gains In Performance
1995-04-01,5,So Help Me Girl,Joe Diffie,9,9,Gains In Performance
1995-04-01,6,Which Bridge To Cross (Which Bridge To Burn),Vince Gill,8,9,Gains In Performance
1995-04-01,7,The Heart Is A Lonely Hunter,Reba McEntire,11,7,Gains In Performance
1995-04-01,8,Wherever You Go,Clint Black,4,14,
1995-04-01,9,Give Me One More Shot,Alabama,15,8,Gains In Performance
1995-04-01,10,Lipstick Promises,George Ducas,13,17,Gains In Performance
1995-04-01,11,As Any Fool Can See,Tracy Lawrence,6,14,
1995-04-01,12,Down In Flames,BlackHawk,10,16,
1995-04-01,13,I Can Love You Like That,John Michael Montgomery,20,5,Gains In Performance
1995-04-01,14,Look What Followed Me Home,David Ball,16,12,Gains In Performance
1995-04-01,15,Little Miss Honky Tonk,Brooks & Dunn,19,7,Gains In Performance
1995-04-01,16,Somewhere In The Vicinity Of The Heart,Shenandoah/Alison Krauss,7,18,
1995-04-01,17,The Box,Randy Travis,17,8,Gains In Performance
1995-04-01,18,The Keeper Of The Stars,Tracy Byrd,26,11,Gains In Performance
1995-04-01,19,Refried Dreams,Tim McGraw,22,6,Gains In Performance
1995-04-01,20,Bubba Hyde,Diamond Rio,18,9,Gains In Performance
1995-04-01,21,That's How You Know (When You're In Love),Lari White,24,11,Gains In Performance
1995-04-01,22,Song For The Life,Alan Jackson,23,8,Gains In Performance
1995-04-01,23,You Can't Make A Heart Love Somebody,George Strait,14,15,
1995-04-01,24,Gonna Get A Life,Mark Chesnutt,34,6,Gains In Performance
1995-04-01,25,Whose Bed Have Your Boots Been Under,Shania Twain,32,12,Gains In Performance
1995-04-01,26,Look At Me Now,Bryan White,25,15,
1995-04-01,27,What Mattered Most,Ty Herndon,35,6,Gains In Performance
1995-04-01,28,Old Enough To Know Better,Wade Hayes,27,20,
1995-04-01,29,Bend It Until It Breaks,John Anderson,12,17,
1995-04-01,30,I Should Have Been True,The Mavericks,31,10,
1995-04-01,31,I Was Blown Away,Pam Tillis,37,4,Gains In Performance
1995-04-01,32,My Kind Of Girl,Collin Raye,29,18,
1995-04-01,33,What'll You Do About Me,Doug Supernaw,21,12,
1995-04-01,34,Between The Two Of Them,Tanya Tucker,39,8,Gains In Performance
1995-04-01,35,Stay Forever,Hal Ketchum,38,8,Gains In Performance
1995-04-01,36,Standing On The Edge Of Goodbye,John Berry,41,5,Gains In Performance
1995-04-01,37,"Faith In Me, Faith In You",Doug Stone,44,5,Gains In Performance
1995-04-01,38,This Time,Sawyer Brown,36,20,
1995-04-01,39,Upstairs Downtown,Toby Keith,28,18,
1995-04-01,40,I Don't Believe In Goodbye,Sawyer Brown,50,3,Gains In Performance
1995-04-01,41,Between An Old Memory And Me,Travis Tritt,33,19,
1995-04-01,42,Mi Vida Loca (My Crazy Life),Pam Tillis,43,20,
1995-04-01,43,She Feels Like A Brand New Man Tonight,Aaron Tippin,47,6,Gains In Performance
1995-04-01,44,True To His Word,Boy Howdy,30,17,
1995-04-01,45,Looking For The Light,Rick Trevino,46,8,Gains In Performance
1995-04-01,46,I'm Still Dancin' With You,Wade Hayes,55,3,Gains In Performance
1995-04-01,47,You Don't Even Know Who I Am,Patty Loveless,54,3,Gains In Performance
1995-04-01,48,The First Step,Tracy Byrd,45,20,
1995-04-01,49,You Ain't Much Fun,Toby Keith,63,2,Gains In Performance
1995-04-01,50,When You Say Nothing At All,Alison Krauss + Union Station,51,6,Gains In Performance
1995-04-01,51,"If You're Gonna Walk, I'm Gonna Crawl",Sammy Kershaw,57,3,Gains In Performance
1995-04-01,52,Tender When I Want To Be,Mary Chapin Carpenter,49,17,
1995-04-01,53,I Don't Know (But I've Been Told),Wesley Dennis,52,6,Gains In Performance
1995-04-01,54,House Of Cards,Mary Chapin Carpenter,71,2,Gains In Performance
1995-04-01,55,I Brake For Brunettes,Rhett Akins,42,11,
1995-04-01,56,Adalida,George Strait,72,2,Gains In Performance
1995-04-01,57,Little By Little,James House,48,19,
1995-04-01,58,Anyway The Wind Blows,Brother Phelps,56,7,Gains In Performance
1995-04-01,59,Where I Used To Have A Heart,Martina McBride,61,4,Gains In Performance
1995-04-01,60,Workin' For The Weekend,Ken Mellons,67,2,Gains In Performance
1995-04-08,1,Thinkin' About You,Trisha Yearwood,1,13,
1995-04-08,2,So Help Me Girl,Joe Diffie,5,10,Gains In Performance
1995-04-08,3,The Heart Is A Lonely Hunter,Reba McEntire,7,8,Gains In Performance
1995-04-08,4,Which Bridge To Cross (Which Bridge To Burn),Vince Gill,6,10,Gains In Performance
1995-04-08,5,Give Me One More Shot,Alabama,9,9,Gains In Performance
1995-04-08,6,This Woman And This Man,Clay Walker,2,13,
1995-04-08,7,I Can Love You Like That,John Michael Montgomery,13,6,Gains In Performance
1995-04-08,8,Amy's Back In Austin,Little Texas,4,16,
1995-04-08,9,Little Miss Honky Tonk,Brooks & Dunn,15,8,Gains In Performance
1995-04-08,10,Lipstick Promises,George Ducas,10,18,Gains In Performance
1995-04-08,11,The Keeper Of The Stars,Tracy Byrd,18,12,Gains In Performance
1995-04-08,12,For A Change,Neal McCoy,3,17,
1995-04-08,13,Look What Followed Me Home,David Ball,14,13,Gains In Performance
1995-04-08,14,Refried Dreams,Tim McGraw,19,7,Gains In Performance
1995-04-08,15,The Box,Randy Travis,17,9,Gains In Performance
1995-04-08,16,Bubba Hyde,Diamond Rio,20,10,Gains In Performance
1995-04-08,17,Song For The Life,Alan Jackson,22,9,Gains In Performance
1995-04-08,18,That's How You Know (When You're In Love),Lari White,21,12,Gains In Performance
1995-04-08,19,Gonna Get A Life,Mark Chesnutt,24,7,Gains In Performance
1995-04-08,20,As Any Fool Can See,Tracy Lawrence,11,15,
1995-04-08,21,Whose Bed Have Your Boots Been Under,Shania Twain,25,13,Gains In Performance
1995-04-08,22,What Mattered Most,Ty Herndon,27,7,Gains In Performance
1995-04-08,23,Wherever You Go,Clint Black,8,15,
1995-04-08,24,I Was Blown Away,Pam Tillis,31,5,Gains In Performance
1995-04-08,25,Standing On The Edge Of Goodbye,John Berry,36,6,Gains In Performance
1995-04-08,26,Somewhere In The Vicinity Of The Heart,Shenandoah/Alison Krauss,16,19,
1995-04-08,27,Stay Forever,Hal Ketchum,35,9,Gains In Performance
1995-04-08,28,Between The Two Of Them,Tanya Tucker,34,9,Gains In Performance
1995-04-08,29,"Faith In Me, Faith In You",Doug Stone,37,6,Gains In Performance
1995-04-08,30,You Can't Make A Heart Love Somebody,George Strait,23,16,
1995-04-08,31,Down In Flames,BlackHawk,12,17,
1995-04-08,32,I Don't Believe In Goodbye,Sawyer Brown,40,4,Gains In Performance
1995-04-08,33,Adalida,George Strait,56,3,Gains In Performance
1995-04-08,34,My Kind Of Girl,Collin Raye,32,19,
1995-04-08,35,I'm Still Dancin' With You,Wade Hayes,46,4,Gains In Performance
1995-04-08,36,You Ain't Much Fun,Toby Keith,49,3,Gains In Performance
1995-04-08,37,Bend It Until It Breaks,John Anderson,29,18,
1995-04-08,38,I Should Have Been True,The Mavericks,30,11,
1995-04-08,39,You Don't Even Know Who I Am,Patty Loveless,47,4,Gains In Performance
1995-04-08,40,Look At Me Now,Bryan White,26,16,
1995-04-08,41,House Of Cards,Mary Chapin Carpenter,54,3,Gains In Performance
1995-04-08,42,She Feels Like A Brand New Man Tonight,Aaron Tippin,43,7,Gains In Performance
1995-04-08,43,Looking For The Light,Rick Trevino,45,9,Gains In Performance
1995-04-08,44,"If You're Gonna Walk, I'm Gonna Crawl",Sammy Kershaw,51,4,Gains In Performance
1995-04-08,45,What'll You Do About Me,Doug Supernaw,33,13,
1995-04-08,46,When You Say Nothing At All,Alison Krauss + Union Station,50,7,Gains In Performance
1995-04-08,47,Upstairs Downtown,Toby Keith,39,19,
1995-04-08,48,Between An Old Memory And Me,Travis Tritt,41,20,
1995-04-08,49,I Don't Know (But I've Been Told),Wesley Dennis,53,7,Gains In Performance
1995-04-08,50,Cain's Blood,4 Runner,61,4,Gains In Performance
1995-04-08,51,Summer's Comin',Clint Black,NEW,1,Highest ranking debut|Gains In Performance
1995-04-08,52,Where I Used To Have A Heart,Martina McBride,59,5,Gains In Performance
1995-04-08,53,Tender When I Want To Be,Mary Chapin Carpenter,52,18,
1995-04-08,54,Workin' For The Weekend,Ken Mellons,60,3,Gains In Performance
1995-04-08,55,Fall In Love,Kenny Chesney,66,2,Gains In Performance
1995-04-08,56,True To His Word,Boy Howdy,44,18,
1995-04-08,57,Clown In Your Rodeo,Kathy Mattea,71,2,Gains In Performance
1995-04-08,58,Party Crowd,David Lee Murphy,62,4,Gains In Performance
1995-04-08,59,Anyway The Wind Blows,Brother Phelps,58,8,
1995-04-08,60,Get Over It,Woody Lee,63,3,Gains In Performance
1995-04-15,1,The Heart Is A Lonely Hunter,Reba McEntire,3,9,Gains In Performance
1995-04-15,2,So Help Me Girl,Joe Diffie,2,11,Gains In Performance
1995-04-15,3,Give Me One More Shot,Alabama,5,10,Gains In Performance
1995-04-15,4,I Can Love You Like That,John Michael Montgomery,7,7,Gains In Performance
1995-04-15,5,Which Bridge To Cross (Which Bridge To Burn),Vince Gill,4,11,
1995-04-15,6,Little Miss Honky Tonk,Brooks & Dunn,9,9,Gains In Performance
1995-04-15,7,Thinkin' About You,Trisha Yearwood,1,14,
1995-04-15,8,The Keeper Of The Stars,Tracy Byrd,11,13,Gains In Performance
1995-04-15,9,Lipstick Promises,George Ducas,10,19,
1995-04-15,10,Refried Dreams,Tim McGraw,14,8,Gains In Performance
1995-04-15,11,Look What Followed Me Home,David Ball,13,14,Gains In Performance
1995-04-15,12,The Box,Randy Travis,15,10,Gains In Performance
1995-04-15,13,Song For The Life,Alan Jackson,17,10,Gains In Performance
1995-04-15,14,Gonna Get A Life,Mark Chesnutt,19,8,Gains In Performance
1995-04-15,15,This Woman And This Man,Clay Walker,6,14,
1995-04-15,16,That's How You Know (When You're In Love),Lari White,18,13,Gains In Performance
1995-04-15,17,Whose Bed Have Your Boots Been Under,Shania Twain,21,14,Gains In Performance
1995-04-15,18,Bubba Hyde,Diamond Rio,16,11,
1995-04-15,19,What Mattered Most,Ty Herndon,22,8,Gains In Performance
1995-04-15,20,I Was Blown Away,Pam Tillis,24,6,Gains In Performance
1995-04-15,21,Standing On The Edge Of Goodbye,John Berry,25,7,Gains In Performance
1995-04-15,22,For A Change,Neal McCoy,12,18,
1995-04-15,23,"Faith In Me, Faith In You",Doug Stone,29,7,Gains In Performance
1995-04-15,24,Amy's Back In Austin,Little Texas,8,17,
1995-04-15,25,Adalida,George Strait,33,4,Gains In Performance
1995-04-15,26,Stay Forever,Hal Ketchum,27,10,Gains In Performance
1995-04-15,27,I Don't Believe In Goodbye,Sawyer Brown,32,5,Gains In Performance
1995-04-15,28,As Any Fool Can See,Tracy Lawrence,20,16,
1995-04-15,29,Between The Two Of Them,Tanya Tucker,28,10,Gains In Performance
1995-04-15,30,Wherever You Go,Clint Black,23,16,
1995-04-15,31,You Ain't Much Fun,Toby Keith,36,4,Gains In Performance
1995-04-15,32,I'm Still Dancin' With You,Wade Hayes,35,5,Gains In Performance
1995-04-15,33,You Don't Even Know Who I Am,Patty Loveless,39,5,Gains In Performance
1995-04-15,34,Summer's Comin',Clint Black,51,2,Gains In Performance
1995-04-15,35,Somewhere In The Vicinity Of The Heart,Shenandoah/Alison Krauss,26,20,
1995-04-15,36,House Of Cards,Mary Chapin Carpenter,41,4,Gains In Performance
1995-04-15,37,You Can't Make A Heart Love Somebody,George Strait,30,17,
1995-04-15,38,My Kind Of Girl,Collin Raye,34,20,
1995-04-15,39,She Feels Like A Brand New Man Tonight,Aaron Tippin,42,8,Gains In Performance
1995-04-15,40,"If You're Gonna Walk, I'm Gonna Crawl",Sammy Kershaw,44,5,Gains In Performance
1995-04-15,41,Bend It Until It Breaks,John Anderson,37,19,
1995-04-15,42,When You Say Nothing At All,Alison Krauss + Union Station,46,8,Gains In Performance
1995-04-15,43,Down In Flames,BlackHawk,31,18,
1995-04-15,44,Looking For The Light,Rick Trevino,43,10,
1995-04-15,45,Cain's Blood,4 Runner,50,5,Gains In Performance
1995-04-15,46,Upstairs Downtown,Toby Keith,47,20,
1995-04-15,47,I Don't Know (But I've Been Told),Wesley Dennis,49,8,Gains In Performance
1995-04-15,48,Workin' For The Weekend,Ken Mellons,54,4,Gains In Performance
1995-04-15,49,Fall In Love,Kenny Chesney,55,3,Gains In Performance
1995-04-15,50,I Should Have Been True,The Mavericks,38,12,
1995-04-15,51,Where I Used To Have A Heart,Martina McBride,52,6,Gains In Performance
1995-04-15,52,Look At Me Now,Bryan White,40,17,
1995-04-15,53,Clown In Your Rodeo,Kathy Mattea,57,3,Gains In Performance
1995-04-15,54,What'll You Do About Me,Doug Supernaw,45,14,
1995-04-15,55,If I Were You,Collin Raye,62,2,Gains In Performance
1995-04-15,56,Tender When I Want To Be,Mary Chapin Carpenter,53,19,
1995-04-15,57,Party Crowd,David Lee Murphy,58,5,Gains In Performance
1995-04-15,58,Get Over It,Woody Lee,60,4,Gains In Performance
1995-04-15,59,Bigger Fish To Fry,Boy Howdy,63,2,Gains In Performance
1995-04-15,60,I'm Living Up To Her Low Expectations,Daryle Singletary,74,2,Gains In Performance
1995-04-22,1,I Can Love You Like That,John Michael Montgomery,4,8,Gains In Performance
1995-04-22,2,The Heart Is A Lonely Hunter,Reba McEntire,1,10,Gains In Performance
1995-04-22,3,Little Miss Honky Tonk,Brooks & Dunn,6,10,Gains In Performance
1995-04-22,4,Give Me One More Shot,Alabama,3,11,Gains In Performance
1995-04-22,5,The Keeper Of The Stars,Tracy Byrd,8,14,Gains In Performance
1995-04-22,6,So Help Me Girl,Joe Diffie,2,12,
1995-04-22,7,Refried Dreams,Tim McGraw,10,9,Gains In Performance
1995-04-22,8,Song For The Life,Alan Jackson,13,11,Gains In Performance
1995-04-22,9,The Box,Randy Travis,12,11,Gains In Performance
1995-04-22,10,Which Bridge To Cross (Which Bridge To Burn),Vince Gill,5,12,
1995-04-22,11,Gonna Get A Life,Mark Chesnutt,14,9,Gains In Performance
1995-04-22,12,That's How You Know (When You're In Love),Lari White,16,14,Gains In Performance
1995-04-22,13,Whose Bed Have Your Boots Been Under,Shania Twain,17,15,Gains In Performance
1995-04-22,14,Look What Followed Me Home,David Ball,11,15,
1995-04-22,15,What Mattered Most,Ty Herndon,19,9,Gains In Performance
1995-04-22,16,Adalida,George Strait,25,5,Gains In Performance
1995-04-22,17,Thinkin' About You,Trisha Yearwood,7,15,
1995-04-22,18,Standing On The Edge Of Goodbye,John Berry,21,8,Gains In Performance
1995-04-22,19,Bubba Hyde,Diamond Rio,18,12,
1995-04-22,20,I Was Blown Away,Pam Tillis,20,7,Gains In Performance
1995-04-22,21,You Ain't Much Fun,Toby Keith,31,5,Gains In Performance
1995-04-22,22,"Faith In Me, Faith In You",Doug Stone,23,8,Gains In Performance
1995-04-22,23,I Don't Believe In Goodbye,Sawyer Brown,27,6,Gains In Performance
1995-04-22,24,Stay Forever,Hal Ketchum,26,11,Gains In Performance
1995-04-22,25,Lipstick Promises,George Ducas,9,20,
1995-04-22,26,This Woman And This Man,Clay Walker,15,15,
1995-04-22,27,Between The Two Of Them,Tanya Tucker,29,11,Gains In Performance
1995-04-22,28,Summer's Comin',Clint Black,34,3,Gains In Performance
1995-04-22,29,I'm Still Dancin' With You,Wade Hayes,32,6,Gains In Performance
1995-04-22,30,You Don't Even Know Who I Am,Patty Loveless,33,6,Gains In Performance
1995-04-22,31,As Any Fool Can See,Tracy Lawrence,28,17,
1995-04-22,32,For A Change,Neal McCoy,22,19,
1995-04-22,33,House Of Cards,Mary Chapin Carpenter,36,5,Gains In Performance
1995-04-22,34,When You Say Nothing At All,Alison Krauss + Union Station,42,9,Gains In Performance
1995-04-22,35,Amy's Back In Austin,Little Texas,24,18,
1995-04-22,36,Wherever You Go,Clint Black,30,17,
1995-04-22,37,"If You're Gonna Walk, I'm Gonna Crawl",Sammy Kershaw,40,6,Gains In Performance
1995-04-22,38,You Can't Make A Heart Love Somebody,George Strait,37,18,
1995-04-22,39,She Feels Like A Brand New Man Tonight,Aaron Tippin,39,9,
1995-04-22,40,Cain's Blood,4 Runner,45,6,Gains In Performance
1995-04-22,41,If I Were You,Collin Raye,55,3,Gains In Performance
1995-04-22,42,Bend It Until It Breaks,John Anderson,41,20,
1995-04-22,43,Fall In Love,Kenny Chesney,49,4,Gains In Performance
1995-04-22,44,Workin' For The Weekend,Ken Mellons,48,5,Gains In Performance
1995-04-22,45,Texas Tornado,Tracy Lawrence,64,2,Gains In Performance
1995-04-22,46,I Don't Know (But I've Been Told),Wesley Dennis,47,9,Gains In Performance
1995-04-22,47,Clown In Your Rodeo,Kathy Mattea,53,4,Gains In Performance
1995-04-22,48,Down In Flames,BlackHawk,43,19,
1995-04-22,49,Where I Used To Have A Heart,Martina McBride,51,7,Gains In Performance
1995-04-22,50,Party Crowd,David Lee Murphy,57,6,Gains In Performance
1995-04-22,51,I'm Living Up To Her Low Expectations,Daryle Singletary,60,3,Gains In Performance
1995-04-22,52,Tell Me I Was Dreaming,Travis Tritt,73,2,Gains In Performance
1995-04-22,53,Look At Me Now,Bryan White,52,18,
1995-04-22,54,Get Over It,Woody Lee,58,5,Gains In Performance
1995-04-22,55,What'll You Do About Me,Doug Supernaw,54,15,
1995-04-22,56,Tender When I Want To Be,Mary Chapin Carpenter,56,20,
1995-04-22,57,That's Just About Right,BlackHawk,70,2,Gains In Performance
1995-04-22,58,One And Only Love,Russ Taff,61,4,Gains In Performance
1995-04-22,59,Looking For The Light,Rick Trevino,44,11,
1995-04-22,60,Willin' To Walk,Radney Foster,62,4,Gains In Performance
1995-04-29,1,Little Miss Honky Tonk,Brooks & Dunn,3,11,Gains In Performance
1995-04-29,2,I Can Love You Like That,John Michael Montgomery,1,9,
1995-04-29,3,The Keeper Of The Stars,Tracy Byrd,5,15,Gains In Performance
1995-04-29,4,Give Me One More Shot,Alabama,4,12,
1995-04-29,5,The Heart Is A Lonely Hunter,Reba McEntire,2,11,
1995-04-29,6,Refried Dreams,Tim McGraw,7,10,Gains In Performance
1995-04-29,7,The Box,Randy Travis,9,12,Gains In Performance
1995-04-29,8,Song For The Life,Alan Jackson,8,12,Gains In Performance
1995-04-29,9,Gonna Get A Life,Mark Chesnutt,11,10,Gains In Performance
1995-04-29,10,What Mattered Most,Ty Herndon,15,10,Gains In Performance
1995-04-29,11,Whose Bed Have Your Boots Been Under,Shania Twain,13,16,Gains In Performance
1995-04-29,12,That's How You Know (When You're In Love),Lari White,12,15,Gains In Performance
1995-04-29,13,Adalida,George Strait,16,6,Gains In Performance
1995-04-29,14,So Help Me Girl,Joe Diffie,6,13,
1995-04-29,15,Standing On The Edge Of Goodbye,John Berry,18,9,Gains In Performance
1995-04-29,16,I Was Blown Away,Pam Tillis,20,8,Gains In Performance
1995-04-29,17,Summer's Comin',Clint Black,28,4,Gains In Performance
1995-04-29,18,You Ain't Much Fun,Toby Keith,21,6,Gains In Performance
1995-04-29,19,I Don't Believe In Goodbye,Sawyer Brown,23,7,Gains In Performance
1995-04-29,20,Stay Forever,Hal Ketchum,24,12,Gains In Performance
1995-04-29,21,"Faith In Me, Faith In You",Doug Stone,22,9,Gains In Performance
1995-04-29,22,I'm Still Dancin' With You,Wade Hayes,29,7,Gains In Performance
1995-04-29,23,Thinkin' About You,Trisha Yearwood,17,16,
1995-04-29,24,You Don't Even Know Who I Am,Patty Loveless,30,7,Gains In Performance
1995-04-29,25,House Of Cards,Mary Chapin Carpenter,33,6,Gains In Performance
1995-04-29,26,Look What Followed Me Home,David Ball,14,16,
1995-04-29,27,Which Bridge To Cross (Which Bridge To Burn),Vince Gill,10,13,
1995-04-29,28,This Woman And This Man,Clay Walker,26,16,
1995-04-29,29,When You Say Nothing At All,Alison Krauss + Union Station,34,10,Gains In Performance
1995-04-29,30,As Any Fool Can See,Tracy Lawrence,31,18,
1995-04-29,31,"If You're Gonna Walk, I'm Gonna Crawl",Sammy Kershaw,37,7,Gains In Performance
1995-04-29,32,Texas Tornado,Tracy Lawrence,45,3,Gains In Performance
1995-04-29,33,Bubba Hyde,Diamond Rio,19,13,
1995-04-29,34,Between The Two Of Them,Tanya Tucker,27,12,
1995-04-29,35,Cain's Blood,4 Runner,40,7,Gains In Performance
1995-04-29,36,For A Change,Neal McCoy,32,20,
1995-04-29,37,If I Were You,Collin Raye,41,4,Gains In Performance
1995-04-29,38,Wherever You Go,Clint Black,36,18,
1995-04-29,39,Fall In Love,Kenny Chesney,43,5,Gains In Performance
1995-04-29,40,Clown In Your Rodeo,Kathy Mattea,47,5,Gains In Performance
1995-04-29,41,You Can't Make A Heart Love Somebody,George Strait,38,19,
1995-04-29,42,Amy's Back In Austin,Little Texas,35,19,
1995-04-29,43,Workin' For The Weekend,Ken Mellons,44,6,Gains In Performance
1995-04-29,44,Party Crowd,David Lee Murphy,50,7,Gains In Performance
1995-04-29,45,Tell Me I Was Dreaming,Travis Tritt,52,3,Gains In Performance
1995-04-29,46,I'm Living Up To Her Low Expectations,Daryle Singletary,51,4,Gains In Performance
1995-04-29,47,That's Just About Right,BlackHawk,57,3,Gains In Performance
1995-04-29,48,Mississippi Moon,John Anderson,65,2,Gains In Performance
1995-04-29,49,Get Over It,Woody Lee,54,6,Gains In Performance
1995-04-29,50,Down In Flames,BlackHawk,48,20,
1995-04-29,51,She Feels Like A Brand New Man Tonight,Aaron Tippin,39,10,
1995-04-29,52,I Don't Know (But I've Been Told),Wesley Dennis,46,10,
1995-04-29,53,Darned If I Don't (Danged If I Do),Shenandoah,68,2,Gains In Performance
1995-04-29,54,Where I Used To Have A Heart,Martina McBride,49,8,
1995-04-29,55,One And Only Love,Russ Taff,58,5,Gains In Performance
1995-04-29,56,Willin' To Walk,Radney Foster,60,5,Gains In Performance
1995-04-29,57,Bigger Fish To Fry,Boy Howdy,61,4,Gains In Performance
1995-04-29,58,What'll You Do About Me,Doug Supernaw,55,16,
1995-04-29,59,I Am Who I Am,Holly Dunn,66,4,Gains In Performance
1995-04-29,60,Look At Me Now,Bryan White,53,19,
1995-05-06,1,I Can Love You Like That,John Michael Montgomery,2,10,Gains In Performance
1995-05-06,2,The Keeper Of The Stars,Tracy Byrd,3,16,Gains In Performance
1995-05-06,3,Little Miss Honky Tonk,Brooks & Dunn,1,12,
1995-05-06,4,Gonna Get A Life,Mark Chesnutt,9,11,Gains In Performance
1995-05-06,5,Refried Dreams,Tim McGraw,6,11,Gains In Performance
1995-05-06,6,Song For The Life,Alan Jackson,8,13,Gains In Performance
1995-05-06,7,What Mattered Most,Ty Herndon,10,11,Gains In Performance
1995-05-06,8,The Box,Randy Travis,7,13,
1995-05-06,9,Give Me One More Shot,Alabama,4,13,
1995-05-06,10,That's How You Know (When You're In Love),Lari White,12,16,Gains In Performance
1995-05-06,11,Whose Bed Have Your Boots Been Under,Shania Twain,11,17,Gains In Performance
1995-05-06,12,Adalida,George Strait,13,7,Gains In Performance
1995-05-06,13,The Heart Is A Lonely Hunter,Reba McEntire,5,12,
1995-05-06,14,Summer's Comin',Clint Black,17,5,Gains In Performance
1995-05-06,15,Standing On The Edge Of Goodbye,John Berry,15,10,Gains In Performance
1995-05-06,16,You Ain't Much Fun,Toby Keith,18,7,Gains In Performance
1995-05-06,17,Stay Forever,Hal Ketchum,20,13,Gains In Performance
1995-05-06,18,I Don't Believe In Goodbye,Sawyer Brown,19,8,Gains In Performance
1995-05-06,19,I Was Blown Away,Pam Tillis,16,9,
1995-05-06,20,"Faith In Me, Faith In You",Doug Stone,21,10,Gains In Performance
1995-05-06,21,I'm Still Dancin' With You,Wade Hayes,22,8,Gains In Performance
1995-05-06,22,So Help Me Girl,Joe Diffie,14,14,
1995-05-06,23,You Don't Even Know Who I Am,Patty Loveless,24,8,Gains In Performance
1995-05-06,24,When You Say Nothing At All,Alison Krauss + Union Station,29,11,Gains In Performance
1995-05-06,25,Texas Tornado,Tracy Lawrence,32,4,Gains In Performance
1995-05-06,26,House Of Cards,Mary Chapin Carpenter,25,7,Gains In Performance
1995-05-06,27,"If You're Gonna Walk, I'm Gonna Crawl",Sammy Kershaw,31,8,Gains In Performance
1995-05-06,28,If I Were You,Collin Raye,37,5,Gains In Performance
1995-05-06,29,Thinkin' About You,Trisha Yearwood,23,17,
1995-05-06,30,Cain's Blood,4 Runner,35,8,Gains In Performance
1995-05-06,31,This Woman And This Man,Clay Walker,28,17,
1995-05-06,32,Tell Me I Was Dreaming,Travis Tritt,45,4,Gains In Performance
1995-05-06,33,As Any Fool Can See,Tracy Lawrence,30,19,
1995-05-06,34,Fall In Love,Kenny Chesney,39,6,Gains In Performance
1995-05-06,35,Clown In Your Rodeo,Kathy Mattea,40,6,Gains In Performance
1995-05-06,36,Which Bridge To Cross (Which Bridge To Burn),Vince Gill,27,14,
1995-05-06,37,Party Crowd,David Lee Murphy,44,8,Gains In Performance
1995-05-06,38,Look What Followed Me Home,David Ball,26,17,
1995-05-06,39,Wherever You Go,Clint Black,38,19,
1995-05-06,40,Workin' For The Weekend,Ken Mellons,43,7,Gains In Performance
1995-05-06,41,You Can't Make A Heart Love Somebody,George Strait,41,20,
1995-05-06,42,Mississippi Moon,John Anderson,48,3,Gains In Performance
1995-05-06,43,Amy's Back In Austin,Little Texas,42,20,
1995-05-06,44,That's Just About Right,BlackHawk,47,4,Gains In Performance
1995-05-06,45,They're Playin' Our Song,Neal McCoy,63,2,Gains In Performance
1995-05-06,46,I'm Living Up To Her Low Expectations,Daryle Singletary,46,5,Gains In Performance
1995-05-06,47,Darned If I Don't (Danged If I Do),Shenandoah,53,3,Gains In Performance
1995-05-06,48,Bubba Hyde,Diamond Rio,33,14,
1995-05-06,49,Get Over It,Woody Lee,49,7,Gains In Performance
1995-05-06,50,Southern Grace,Little Texas,64,2,Gains In Performance
1995-05-06,51,You Can Sleep While I Drive,Trisha Yearwood,68,2,Gains In Performance
1995-05-06,52,One And Only Love,Russ Taff,55,6,Gains In Performance
1995-05-06,53,Between The Two Of Them,Tanya Tucker,34,13,
1995-05-06,54,Willin' To Walk,Radney Foster,56,6,
1995-05-06,55,This Is Me Missing You,James House,70,2,Gains In Performance
1995-05-06,56,Rockin' The Rock,Larry Stewart,61,5,Gains In Performance
1995-05-06,57,I Am Who I Am,Holly Dunn,59,5,Gains In Performance
1995-05-06,58,The Likes Of Me,Marty Stuart,62,6,Gains In Performance
1995-05-06,59,Look At Me Now,Bryan White,60,20,
1995-05-06,60,What'll You Do About Me,Doug Supernaw,58,17,
1995-05-13,1,I Can Love You Like That,John Michael Montgomery,1,11,
1995-05-13,2,The Keeper Of The Stars,Tracy Byrd,2,17,
1995-05-13,3,Gonna Get A Life,Mark Chesnutt,4,12,Gains In Performance
1995-05-13,4,What Mattered Most,Ty Herndon,7,12,Gains In Performance
1995-05-13,5,Refried Dreams,Tim McGraw,5,12,
1995-05-13,6,Song For The Life,Alan Jackson,6,14,
1995-05-13,7,Little Miss Honky Tonk,Brooks & Dunn,3,13,
1995-05-13,8,Adalida,George Strait,12,8,Gains In Performance
1995-05-13,9,Standing On The Edge Of Goodbye,John Berry,15,11,Gains In Performance
1995-05-13,10,Summer's Comin',Clint Black,14,6,Gains In Performance
1995-05-13,11,You Ain't Much Fun,Toby Keith,16,8,Gains In Performance
1995-05-13,12,Stay Forever,Hal Ketchum,17,14,Gains In Performance
1995-05-13,13,The Box,Randy Travis,8,14,
1995-05-13,14,That's How You Know (When You're In Love),Lari White,10,17,
1995-05-13,15,Give Me One More Shot,Alabama,9,14,
1995-05-13,16,I Don't Believe In Goodbye,Sawyer Brown,18,9,Gains In Performance
1995-05-13,17,Whose Bed Have Your Boots Been Under,Shania Twain,11,18,
1995-05-13,18,When You Say Nothing At All,Alison Krauss + Union Station,24,12,Gains In Performance
1995-05-13,19,I'm Still Dancin' With You,Wade Hayes,21,9,Gains In Performance
1995-05-13,20,Texas Tornado,Tracy Lawrence,25,5,Gains In Performance
1995-05-13,21,"Faith In Me, Faith In You",Doug Stone,20,11,Gains In Performance
1995-05-13,22,You Don't Even Know Who I Am,Patty Loveless,23,9,Gains In Performance
1995-05-13,23,The Heart Is A Lonely Hunter,Reba McEntire,13,13,
1995-05-13,24,If I Were You,Collin Raye,28,6,Gains In Performance
1995-05-13,25,House Of Cards,Mary Chapin Carpenter,26,8,Gains In Performance
1995-05-13,26,"If You're Gonna Walk, I'm Gonna Crawl",Sammy Kershaw,27,9,Gains In Performance
1995-05-13,27,Tell Me I Was Dreaming,Travis Tritt,32,5,Gains In Performance
1995-05-13,28,So Help Me Girl,Joe Diffie,22,15,
1995-05-13,29,Cain's Blood,4 Runner,30,9,Gains In Performance
1995-05-13,30,Fall In Love,Kenny Chesney,34,7,Gains In Performance
1995-05-13,31,Clown In Your Rodeo,Kathy Mattea,35,7,Gains In Performance
1995-05-13,32,Thinkin' About You,Trisha Yearwood,29,18,
1995-05-13,33,They're Playin' Our Song,Neal McCoy,45,3,Gains In Performance
1995-05-13,34,This Woman And This Man,Clay Walker,31,18,
1995-05-13,35,As Any Fool Can See,Tracy Lawrence,33,20,
1995-05-13,36,Party Crowd,David Lee Murphy,37,9,Gains In Performance
1995-05-13,37,I Was Blown Away,Pam Tillis,19,10,
1995-05-13,38,That's Just About Right,BlackHawk,44,5,Gains In Performance
1995-05-13,39,Mississippi Moon,John Anderson,42,4,Gains In Performance
1995-05-13,40,Darned If I Don't (Danged If I Do),Shenandoah,47,4,Gains In Performance
1995-05-13,41,Workin' For The Weekend,Ken Mellons,40,8,Gains In Performance
1995-05-13,42,Wherever You Go,Clint Black,39,20,
1995-05-13,43,I'm Living Up To Her Low Expectations,Daryle Singletary,46,6,Gains In Performance
1995-05-13,44,Which Bridge To Cross (Which Bridge To Burn),Vince Gill,36,15,
1995-05-13,45,You Can Sleep While I Drive,Trisha Yearwood,51,3,Gains In Performance
1995-05-13,46,Look What Followed Me Home,David Ball,38,18,
1995-05-13,47,Southern Grace,Little Texas,50,3,Gains In Performance
1995-05-13,48,Get Over It,Woody Lee,49,8,Gains In Performance
1995-05-13,49,My Heart Will Never Know,Clay Walker,66,2,Gains In Performance
1995-05-13,50,Bubba Hyde,Diamond Rio,48,15,
1995-05-13,51,One And Only Love,Russ Taff,52,7,Gains In Performance
1995-05-13,52,Sold (The Grundy County Auction Incident),John Michael Montgomery,71,2,Gains In Performance
1995-05-13,53,I Didn't Know My Own Strength,Lorrie Morgan,62,2,Gains In Performance
1995-05-13,54,This Is Me Missing You,James House,55,3,Gains In Performance
1995-05-13,55,Didn't Have You,Billy Montana,61,6,Gains In Performance
1995-05-13,56,I Am Who I Am,Holly Dunn,57,6,Gains In Performance
1995-05-13,57,Rockin' The Rock,Larry Stewart,56,6,Gains In Performance
1995-05-13,58,You Have The Right To Remain Silent,Perfect Stranger,65,5,Gains In Performance
1995-05-13,59,Willin' To Walk,Radney Foster,54,7,
1995-05-13,60,The Likes Of Me,Marty Stuart,58,7,
1995-05-20,1,Gonna Get A Life,Mark Chesnutt,3,13,Gains In Performance
1995-05-20,2,What Mattered Most,Ty Herndon,4,13,Gains In Performance
1995-05-20,3,Adalida,George Strait,8,9,Gains In Performance
1995-05-20,4,Standing On The Edge Of Goodbye,John Berry,9,12,Gains In Performance
1995-05-20,5,The Keeper Of The Stars,Tracy Byrd,2,18,
1995-05-20,6,Summer's Comin',Clint Black,10,7,Gains In Performance
1995-05-20,7,I Can Love You Like That,John Michael Montgomery,1,12,
1995-05-20,8,Song For The Life,Alan Jackson,6,15,
1995-05-20,9,You Ain't Much Fun,Toby Keith,11,9,Gains In Performance
1995-05-20,10,Stay Forever,Hal Ketchum,12,15,Gains In Performance
1995-05-20,11,Refried Dreams,Tim McGraw,5,13,
1995-05-20,12,I Don't Believe In Goodbye,Sawyer Brown,16,10,Gains In Performance
1995-05-20,13,Little Miss Honky Tonk,Brooks & Dunn,7,14,
1995-05-20,14,When You Say Nothing At All,Alison Krauss + Union Station,18,13,Gains In Performance
1995-05-20,15,Texas Tornado,Tracy Lawrence,20,6,Gains In Performance
1995-05-20,16,I'm Still Dancin' With You,Wade Hayes,19,10,Gains In Performance
1995-05-20,17,"Faith In Me, Faith In You",Doug Stone,21,12,Gains In Performance
1995-05-20,18,You Don't Even Know Who I Am,Patty Loveless,22,10,Gains In Performance
1995-05-20,19,If I Were You,Collin Raye,24,7,Gains In Performance
1995-05-20,20,Tell Me I Was Dreaming,Travis Tritt,27,6,Gains In Performance
1995-05-20,21,House Of Cards,Mary Chapin Carpenter,25,9,Gains In Performance
1995-05-20,22,"If You're Gonna Walk, I'm Gonna Crawl",Sammy Kershaw,26,10,Gains In Performance
1995-05-20,23,Give Me One More Shot,Alabama,15,15,
1995-05-20,24,Fall In Love,Kenny Chesney,30,8,Gains In Performance
1995-05-20,25,They're Playin' Our Song,Neal McCoy,33,4,Gains In Performance
1995-05-20,26,Clown In Your Rodeo,Kathy Mattea,31,8,Gains In Performance
1995-05-20,27,The Heart Is A Lonely Hunter,Reba McEntire,23,14,
1995-05-20,28,Cain's Blood,4 Runner,29,10,Gains In Performance
1995-05-20,29,Whose Bed Have Your Boots Been Under,Shania Twain,17,19,
1995-05-20,30,That's How You Know (When You're In Love),Lari White,14,18,
1995-05-20,31,Party Crowd,David Lee Murphy,36,10,Gains In Performance
1995-05-20,32,Mississippi Moon,John Anderson,39,5,Gains In Performance
1995-05-20,33,Thinkin' About You,Trisha Yearwood,32,19,
1995-05-20,34,So Help Me Girl,Joe Diffie,28,16,
1995-05-20,35,That's Just About Right,BlackHawk,38,6,Gains In Performance
1995-05-20,36,The Box,Randy Travis,13,15,
1995-05-20,37,Darned If I Don't (Danged If I Do),Shenandoah,40,5,Gains In Performance
1995-05-20,38,This Woman And This Man,Clay Walker,34,19,
1995-05-20,39,My Heart Will Never Know,Clay Walker,49,3,Gains In Performance
1995-05-20,40,You Can Sleep While I Drive,Trisha Yearwood,45,4,Gains In Performance
1995-05-20,41,Workin' For The Weekend,Ken Mellons,41,9,Gains In Performance
1995-05-20,42,I'm Living Up To Her Low Expectations,Daryle Singletary,43,7,Gains In Performance
1995-05-20,43,Southern Grace,Little Texas,47,4,Gains In Performance
1995-05-20,44,You Better Think Twice,Vince Gill,63,2,Gains In Performance
1995-05-20,45,I Didn't Know My Own Strength,Lorrie Morgan,53,3,Gains In Performance
1995-05-20,46,Get Over It,Woody Lee,48,9,Gains In Performance
1995-05-20,47,Look What Followed Me Home,David Ball,46,19,
1995-05-20,48,Which Bridge To Cross (Which Bridge To Burn),Vince Gill,44,16,
1995-05-20,49,This Is Me Missing You,James House,54,4,Gains In Performance
1995-05-20,50,Sold (The Grundy County Auction Incident),John Michael Montgomery,52,3,Gains In Performance
1995-05-20,51,Any Man Of Mine,Shania Twain,66,2,Gains In Performance
1995-05-20,52,Bobbie Ann Mason,Rick Trevino,61,3,Gains In Performance
1995-05-20,53,One And Only Love,Russ Taff,51,8,
1995-05-20,54,I Was Blown Away,Pam Tillis,37,11,
1995-05-20,55,Finish What We Started,Diamond Rio,NEW,1,Highest ranking debut|Gains In Performance
1995-05-20,56,Bubba Hyde,Diamond Rio,50,16,
1995-05-20,57,When And Where,Confederate Railroad,73,2,Gains In Performance
1995-05-20,58,You Have The Right To Remain Silent,Perfect Stranger,58,6,Gains In Performance
1995-05-20,59,Didn't Have You,Billy Montana,55,7,Gains In Performance
1995-05-20,60,That Ain't My Truck,Rhett Akins,65,2,Gains In Performance
1995-05-27,1,What Mattered Most,Ty Herndon,2,14,
1995-05-27,2,Standing On The Edge Of Goodbye,John Berry,4,13,Gains In Performance
1995-05-27,3,Summer's Comin',Clint Black,6,8,Gains In Performance
1995-05-27,4,Adalida,George Strait,3,10,Gains In Performance
1995-05-27,5,You Ain't Much Fun,Toby Keith,9,10,Gains In Performance
1995-05-27,6,Gonna Get A Life,Mark Chesnutt,1,14,
1995-05-27,7,I Don't Believe In Goodbye,Sawyer Brown,12,11,Gains In Performance
1995-05-27,8,Stay Forever,Hal Ketchum,10,16,Gains In Performance
1995-05-27,9,When You Say Nothing At All,Alison Krauss + Union Station,14,14,Gains In Performance
1995-05-27,10,I Can Love You Like That,John Michael Montgomery,7,13,
1995-05-27,11,Texas Tornado,Tracy Lawrence,15,7,Gains In Performance
1995-05-27,12,I'm Still Dancin' With You,Wade Hayes,16,11,Gains In Performance
1995-05-27,13,"Faith In Me, Faith In You",Doug Stone,17,13,Gains In Performance
1995-05-27,14,You Don't Even Know Who I Am,Patty Loveless,18,11,Gains In Performance
1995-05-27,15,If I Were You,Collin Raye,19,8,Gains In Performance
1995-05-27,16,The Keeper Of The Stars,Tracy Byrd,5,19,
1995-05-27,17,Tell Me I Was Dreaming,Travis Tritt,20,7,Gains In Performance
1995-05-27,18,"If You're Gonna Walk, I'm Gonna Crawl",Sammy Kershaw,22,11,Gains In Performance
1995-05-27,19,Fall In Love,Kenny Chesney,24,9,Gains In Performance
1995-05-27,20,They're Playin' Our Song,Neal McCoy,25,5,Gains In Performance
1995-05-27,21,Song For The Life,Alan Jackson,8,16,
1995-05-27,22,House Of Cards,Mary Chapin Carpenter,21,10,
1995-05-27,23,Little Miss Honky Tonk,Brooks & Dunn,13,15,
1995-05-27,24,Clown In Your Rodeo,Kathy Mattea,26,9,Gains In Performance
1995-05-27,25,Party Crowd,David Lee Murphy,31,11,Gains In Performance
1995-05-27,26,Cain's Blood,4 Runner,28,11,Gains In Performance
1995-05-27,27,Mississippi Moon,John Anderson,32,6,Gains In Performance
1995-05-27,28,That's Just About Right,BlackHawk,35,7,Gains In Performance
1995-05-27,29,Give Me One More Shot,Alabama,23,16,
1995-05-27,30,Darned If I Don't (Danged If I Do),Shenandoah,37,6,Gains In Performance
1995-05-27,31,You Better Think Twice,Vince Gill,44,3,Gains In Performance
1995-05-27,32,Refried Dreams,Tim McGraw,11,14,
1995-05-27,33,The Heart Is A Lonely Hunter,Reba McEntire,27,15,
1995-05-27,34,You Can Sleep While I Drive,Trisha Yearwood,40,5,Gains In Performance
1995-05-27,35,My Heart Will Never Know,Clay Walker,39,4,Gains In Performance
1995-05-27,36,Sold (The Grundy County Auction Incident),John Michael Montgomery,50,4,Gains In Performance
1995-05-27,37,Thinkin' About You,Trisha Yearwood,33,20,
1995-05-27,38,So Help Me Girl,Joe Diffie,34,17,
1995-05-27,39,I'm Living Up To Her Low Expectations,Daryle Singletary,42,8,Gains In Performance
1995-05-27,40,Southern Grace,Little Texas,43,5,Gains In Performance
1995-05-27,41,This Woman And This Man,Clay Walker,38,20,
1995-05-27,42,Whose Bed Have Your Boots Been Under,Shania Twain,29,20,
1995-05-27,43,That's How You Know (When You're In Love),Lari White,30,19,
1995-05-27,44,I Didn't Know My Own Strength,Lorrie Morgan,45,4,Gains In Performance
1995-05-27,45,Any Man Of Mine,Shania Twain,51,3,Gains In Performance
1995-05-27,46,The Box,Randy Travis,36,16,
1995-05-27,47,Workin' For The Weekend,Ken Mellons,41,10,
1995-05-27,48,This Is Me Missing You,James House,49,5,Gains In Performance
1995-05-27,49,Bobbie Ann Mason,Rick Trevino,52,4,Gains In Performance
1995-05-27,50,Get Over It,Woody Lee,46,10,
1995-05-27,51,Look What Followed Me Home,David Ball,47,20,
1995-05-27,52,Finish What We Started,Diamond Rio,55,2,Gains In Performance
1995-05-27,53,A Little Bit Of You,Lee Roy Parnell,67,2,Gains In Performance
1995-05-27,54,Which Bridge To Cross (Which Bridge To Burn),Vince Gill,48,17,
1995-05-27,55,That Ain't My Truck,Rhett Akins,60,3,Gains In Performance
1995-05-27,56,You Have The Right To Remain Silent,Perfect Stranger,58,7,Gains In Performance
1995-05-27,57,When And Where,Confederate Railroad,57,3,Gains In Performance
1995-05-27,58,And Still,Reba McEntire,NEW,1,Highest ranking debut|Gains In Performance
1995-05-27,59,What Do You Want With His Love,David Ball,63,2,Gains In Performance
1995-05-27,60,Someone Else's Star,Bryan White,65,3,Gains In Performance
1995-06-03,1,Summer's Comin',Clint Black,3,9,Gains In Performance
1995-06-03,2,You Ain't Much Fun,Toby Keith,5,11,Gains In Performance
1995-06-03,3,Standing On The Edge Of Goodbye,John Berry,2,14,
1995-06-03,4,Adalida,George Strait,4,11,
1995-06-03,5,When You Say Nothing At All,Alison Krauss + Union Station,9,15,Gains In Performance
1995-06-03,6,I Don't Believe In Goodbye,Sawyer Brown,7,12,Gains In Performance
1995-06-03,7,What Mattered Most,Ty Herndon,1,15,
1995-06-03,8,Stay Forever,Hal Ketchum,8,17,
1995-06-03,9,Texas Tornado,Tracy Lawrence,11,8,Gains In Performance
1995-06-03,10,I'm Still Dancin' With You,Wade Hayes,12,12,Gains In Performance
1995-06-03,11,You Don't Even Know Who I Am,Patty Loveless,14,12,Gains In Performance
1995-06-03,12,If I Were You,Collin Raye,15,9,Gains In Performance
1995-06-03,13,"Faith In Me, Faith In You",Doug Stone,13,14,Gains In Performance
1995-06-03,14,Gonna Get A Life,Mark Chesnutt,6,15,
1995-06-03,15,Tell Me I Was Dreaming,Travis Tritt,17,8,Gains In Performance
1995-06-03,16,They're Playin' Our Song,Neal McCoy,20,6,Gains In Performance
1995-06-03,17,Fall In Love,Kenny Chesney,19,10,Gains In Performance
1995-06-03,18,Sold (The Grundy County Auction Incident),John Michael Montgomery,36,5,Gains In Performance
1995-06-03,19,"If You're Gonna Walk, I'm Gonna Crawl",Sammy Kershaw,18,12,Gains In Performance
1995-06-03,20,Clown In Your Rodeo,Kathy Mattea,24,10,Gains In Performance
1995-06-03,21,You Better Think Twice,Vince Gill,31,4,Gains In Performance
1995-06-03,22,I Can Love You Like That,John Michael Montgomery,10,14,
1995-06-03,23,That's Just About Right,BlackHawk,28,8,Gains In Performance
1995-06-03,24,The Keeper Of The Stars,Tracy Byrd,16,20,
1995-06-03,25,Party Crowd,David Lee Murphy,25,12,Gains In Performance
1995-06-03,26,Mississippi Moon,John Anderson,27,7,Gains In Performance
1995-06-03,27,Darned If I Don't (Danged If I Do),Shenandoah,30,7,Gains In Performance
1995-06-03,28,My Heart Will Never Know,Clay Walker,35,5,Gains In Performance
1995-06-03,29,Little Miss Honky Tonk,Brooks & Dunn,23,16,
1995-06-03,30,Cain's Blood,4 Runner,26,12,
1995-06-03,31,Any Man Of Mine,Shania Twain,45,4,Gains In Performance
1995-06-03,32,You Can Sleep While I Drive,Trisha Yearwood,34,6,Gains In Performance
1995-06-03,33,Give Me One More Shot,Alabama,29,17,
1995-06-03,34,I Didn't Know My Own Strength,Lorrie Morgan,44,5,Gains In Performance
1995-06-03,35,House Of Cards,Mary Chapin Carpenter,22,11,
1995-06-03,36,The Heart Is A Lonely Hunter,Reba McEntire,33,16,
1995-06-03,37,Southern Grace,Little Texas,40,6,Gains In Performance
1995-06-03,38,Song For The Life,Alan Jackson,21,17,
1995-06-03,39,And Still,Reba McEntire,58,2,Gains In Performance
1995-06-03,40,Refried Dreams,Tim McGraw,32,15,
1995-06-03,41,So Help Me Girl,Joe Diffie,38,18,
1995-06-03,42,I'm Living Up To Her Low Expectations,Daryle Singletary,39,9,
1995-06-03,43,This Is Me Missing You,James House,48,6,Gains In Performance
1995-06-03,44,Bobbie Ann Mason,Rick Trevino,49,5,Gains In Performance
1995-06-03,45,That's How You Know (When You're In Love),Lari White,43,20,
1995-06-03,46,Finish What We Started,Diamond Rio,52,3,Gains In Performance
1995-06-03,47,The Box,Randy Travis,46,17,
1995-06-03,48,"I'm In Love With A Capital ""U""",Joe Diffie,67,2,Gains In Performance
1995-06-03,49,You Have The Right To Remain Silent,Perfect Stranger,56,8,Gains In Performance
1995-06-03,50,A Little Bit Of You,Lee Roy Parnell,53,3,Gains In Performance
1995-06-03,51,When And Where,Confederate Railroad,57,4,Gains In Performance
1995-06-03,52,Get Over It,Woody Lee,50,11,
1995-06-03,53,That Ain't My Truck,Rhett Akins,55,4,Gains In Performance
1995-06-03,54,What Do You Want With His Love,David Ball,59,3,Gains In Performance
1995-06-03,55,I Don't Even Know Your Name,Alan Jackson,69,4,Gains In Performance
1995-06-03,56,In Between Dances,Pam Tillis,NEW,1,Highest ranking debut|Gains In Performance
1995-06-03,57,Someone Else's Star,Bryan White,60,4,Gains In Performance
1995-06-03,58,Which Bridge To Cross (Which Bridge To Burn),Vince Gill,54,18,
1995-06-03,59,I Am Who I Am,Holly Dunn,62,9,Gains In Performance
1995-06-03,60,Didn't Have You,Billy Montana,61,9,Gains In Performance
1995-06-10,1,Summer's Comin',Clint Black,1,10,Gains In Performance
1995-06-10,2,You Ain't Much Fun,Toby Keith,2,12,Gains In Performance
1995-06-10,3,When You Say Nothing At All,Alison Krauss + Union Station,5,16,
1995-06-10,4,I Don't Believe In Goodbye,Sawyer Brown,6,13,
1995-06-10,5,Texas Tornado,Tracy Lawrence,9,9,Gains In Performance
1995-06-10,6,I'm Still Dancin' With You,Wade Hayes,10,13,Gains In Performance
1995-06-10,7,You Don't Even Know Who I Am,Patty Loveless,11,13,Gains In Performance
1995-06-10,8,Standing On The Edge Of Goodbye,John Berry,3,15,
1995-06-10,9,Tell Me I Was Dreaming,Travis Tritt,15,9,Gains In Performance
1995-06-10,10,If I Were You,Collin Raye,12,10,Gains In Performance
1995-06-10,11,Sold (The Grundy County Auction Incident),John Michael Montgomery,18,6,Gains In Performance
1995-06-10,12,Adalida,George Strait,4,12,
1995-06-10,13,Fall In Love,Kenny Chesney,17,11,Gains In Performance
1995-06-10,14,They're Playin' Our Song,Neal McCoy,16,7,Gains In Performance
1995-06-10,15,What Mattered Most,Ty Herndon,7,16,
1995-06-10,16,"Faith In Me, Faith In You",Doug Stone,13,15,
1995-06-10,17,You Better Think Twice,Vince Gill,21,5,Gains In Performance
1995-06-10,18,That's Just About Right,BlackHawk,23,9,Gains In Performance
1995-06-10,19,Party Crowd,David Lee Murphy,25,13,Gains In Performance
1995-06-10,20,Darned If I Don't (Danged If I Do),Shenandoah,27,8,Gains In Performance
1995-06-10,21,Clown In Your Rodeo,Kathy Mattea,20,11,
1995-06-10,22,Gonna Get A Life,Mark Chesnutt,14,16,
1995-06-10,23,Any Man Of Mine,Shania Twain,31,5,Gains In Performance
1995-06-10,24,Mississippi Moon,John Anderson,26,8,Gains In Performance
1995-06-10,25,Stay Forever,Hal Ketchum,8,18,
1995-06-10,26,My Heart Will Never Know,Clay Walker,28,6,Gains In Performance
1995-06-10,27,And Still,Reba McEntire,39,3,Gains In Performance
1995-06-10,28,You Can Sleep While I Drive,Trisha Yearwood,32,7,Gains In Performance
1995-06-10,29,"If You're Gonna Walk, I'm Gonna Crawl",Sammy Kershaw,19,13,
1995-06-10,30,I Can Love You Like That,John Michael Montgomery,22,15,
1995-06-10,31,I Didn't Know My Own Strength,Lorrie Morgan,34,6,Gains In Performance
1995-06-10,32,Southern Grace,Little Texas,37,7,Gains In Performance
1995-06-10,33,Little Miss Honky Tonk,Brooks & Dunn,29,17,
1995-06-10,34,Give Me One More Shot,Alabama,33,18,
1995-06-10,35,I Don't Even Know Your Name,Alan Jackson,55,5,Gains In Performance
1995-06-10,36,Bobbie Ann Mason,Rick Trevino,44,6,Gains In Performance
1995-06-10,37,The Heart Is A Lonely Hunter,Reba McEntire,36,17,
1995-06-10,38,This Is Me Missing You,James House,43,7,Gains In Performance
1995-06-10,39,So Help Me Girl,Joe Diffie,41,19,
1995-06-10,40,"I'm In Love With A Capital ""U""",Joe Diffie,48,3,Gains In Performance
1995-06-10,41,Finish What We Started,Diamond Rio,46,4,Gains In Performance
1995-06-10,42,Refried Dreams,Tim McGraw,40,16,
1995-06-10,43,A Little Bit Of You,Lee Roy Parnell,50,4,Gains In Performance
1995-06-10,44,Cain's Blood,4 Runner,30,13,
1995-06-10,45,I'm Living Up To Her Low Expectations,Daryle Singletary,42,10,
1995-06-10,46,You Have The Right To Remain Silent,Perfect Stranger,49,9,Gains In Performance
1995-06-10,47,In Between Dances,Pam Tillis,56,2,Gains In Performance
1995-06-10,48,Song For The Life,Alan Jackson,38,18,
1995-06-10,49,When And Where,Confederate Railroad,51,5,Gains In Performance
1995-06-10,50,What Do You Want With His Love,David Ball,54,4,Gains In Performance
1995-06-10,51,That Ain't My Truck,Rhett Akins,53,5,Gains In Performance
1995-06-10,52,Someone Else's Star,Bryan White,57,5,Gains In Performance
1995-06-10,53,The Box,Randy Travis,47,18,
1995-06-10,54,Walking To Jerusalem,Tracy Byrd,68,2,Gains In Performance
1995-06-10,55,All That Heaven Will Allow,The Mavericks,62,5,Gains In Performance
1995-06-10,56,Hello Cruel World,George Ducas,61,5,Gains In Performance
1995-06-10,57,Find Out What's Happenin',Tanya Tucker,66,3,Gains In Performance
1995-06-10,58,Which Bridge To Cross (Which Bridge To Burn),Vince Gill,58,19,
1995-06-10,59,Didn't Have You,Billy Montana,60,10,
1995-06-10,60,Not On Your Love,Jeff Carson,67,2,Gains In Performance
1995-06-17,1,Summer's Comin',Clint Black,1,11,
1995-06-17,2,You Ain't Much Fun,Toby Keith,2,13,
1995-06-17,3,Texas Tornado,Tracy Lawrence,5,10,Gains In Performance
1995-06-17,4,I'm Still Dancin' With You,Wade Hayes,6,14,Gains In Performance
1995-06-17,5,You Don't Even Know Who I Am,Patty Loveless,7,14,Gains In Performance
1995-06-17,6,Tell Me I Was Dreaming,Travis Tritt,9,10,Gains In Performance
1995-06-17,7,When You Say Nothing At All,Alison Krauss + Union Station,3,17,
1995-06-17,8,If I Were You,Collin Raye,10,11,Gains In Performance
1995-06-17,9,Sold (The Grundy County Auction Incident),John Michael Montgomery,11,7,Gains In Performance
1995-06-17,10,I Don't Believe In Goodbye,Sawyer Brown,4,14,
1995-06-17,11,They're Playin' Our Song,Neal McCoy,14,8,Gains In Performance
1995-06-17,12,Fall In Love,Kenny Chesney,13,12,Gains In Performance
1995-06-17,13,You Better Think Twice,Vince Gill,17,6,Gains In Performance
1995-06-17,14,Any Man Of Mine,Shania Twain,23,6,Gains In Performance
1995-06-17,15,That's Just About Right,BlackHawk,18,10,Gains In Performance
1995-06-17,16,Party Crowd,David Lee Murphy,19,14,Gains In Performance
1995-06-17,17,Standing On The Edge Of Goodbye,John Berry,8,16,
1995-06-17,18,Darned If I Don't (Danged If I Do),Shenandoah,20,9,Gains In Performance
1995-06-17,19,And Still,Reba McEntire,27,4,Gains In Performance
1995-06-17,20,Mississippi Moon,John Anderson,24,9,Gains In Performance
1995-06-17,21,I Don't Even Know Your Name,Alan Jackson,35,6,Gains In Performance
1995-06-17,22,My Heart Will Never Know,Clay Walker,26,7,Gains In Performance
1995-06-17,23,What Mattered Most,Ty Herndon,15,17,
1995-06-17,24,I Didn't Know My Own Strength,Lorrie Morgan,31,7,Gains In Performance
1995-06-17,25,Adalida,George Strait,12,13,
1995-06-17,26,You Can Sleep While I Drive,Trisha Yearwood,28,8,Gains In Performance
1995-06-17,27,Clown In Your Rodeo,Kathy Mattea,21,12,
1995-06-17,28,Southern Grace,Little Texas,32,8,Gains In Performance
1995-06-17,29,Gonna Get A Life,Mark Chesnutt,22,17,
1995-06-17,30,Bobbie Ann Mason,Rick Trevino,36,7,Gains In Performance
1995-06-17,31,"Faith In Me, Faith In You",Doug Stone,16,16,
1995-06-17,32,"I'm In Love With A Capital ""U""",Joe Diffie,40,4,Gains In Performance
1995-06-17,33,I Can Love You Like That,John Michael Montgomery,30,16,
1995-06-17,34,This Is Me Missing You,James House,38,8,Gains In Performance
1995-06-17,35,Little Miss Honky Tonk,Brooks & Dunn,33,18,
1995-06-17,36,A Little Bit Of You,Lee Roy Parnell,43,5,Gains In Performance
1995-06-17,37,Give Me One More Shot,Alabama,34,19,
1995-06-17,38,Stay Forever,Hal Ketchum,25,19,
1995-06-17,39,Finish What We Started,Diamond Rio,41,5,Gains In Performance
1995-06-17,40,The Heart Is A Lonely Hunter,Reba McEntire,37,18,Gains In Performance
1995-06-17,41,In Between Dances,Pam Tillis,47,3,Gains In Performance
1995-06-17,42,Walking To Jerusalem,Tracy Byrd,54,3,Gains In Performance
1995-06-17,43,You Have The Right To Remain Silent,Perfect Stranger,46,10,Gains In Performance
1995-06-17,44,When And Where,Confederate Railroad,49,6,Gains In Performance
1995-06-17,45,So Help Me Girl,Joe Diffie,39,20,
1995-06-17,46,Refried Dreams,Tim McGraw,42,17,
1995-06-17,47,Someone Else's Star,Bryan White,52,6,Gains In Performance
1995-06-17,48,What Do You Want With His Love,David Ball,50,5,Gains In Performance
1995-06-17,49,That Ain't My Truck,Rhett Akins,51,6,Gains In Performance
1995-06-17,50,"If You're Gonna Walk, I'm Gonna Crawl",Sammy Kershaw,29,14,
1995-06-17,51,Not On Your Love,Jeff Carson,60,3,Gains In Performance
1995-06-17,52,Hello Cruel World,George Ducas,56,6,Gains In Performance
1995-06-17,53,Find Out What's Happenin',Tanya Tucker,57,4,Gains In Performance
1995-06-17,54,Song For The Life,Alan Jackson,48,19,
1995-06-17,55,I Want My Goodbye Back,Ty Herndon,66,2,Gains In Performance
1995-06-17,56,All That Heaven Will Allow,The Mavericks,55,6,Gains In Performance
1995-06-17,57,The Box,Randy Travis,53,19,
1995-06-17,58,Cain's Blood,4 Runner,44,14,
1995-06-17,59,Which Bridge To Cross (Which Bridge To Burn),Vince Gill,58,20,
1995-06-17,60,Don't Make Me Feel At Home,Wesley Dennis,65,3,Gains In Performance
1995-06-24,1,Texas Tornado,Tracy Lawrence,3,11,Gains In Performance
1995-06-24,2,Sold (The Grundy County Auction Incident),John Michael Montgomery,9,8,Gains In Performance
1995-06-24,3,Tell Me I Was Dreaming,Travis Tritt,6,11,Gains In Performance
1995-06-24,4,If I Were You,Collin Raye,8,12,Gains In Performance
1995-06-24,5,They're Playin' Our Song,Neal McCoy,11,9,Gains In Performance
1995-06-24,6,You Ain't Much Fun,Toby Keith,2,14,
1995-06-24,7,You Don't Even Know Who I Am,Patty Loveless,5,15,
1995-06-24,8,Fall In Love,Kenny Chesney,12,13,Gains In Performance
1995-06-24,9,Summer's Comin',Clint Black,1,12,
1995-06-24,10,I'm Still Dancin' With You,Wade Hayes,4,15,
1995-06-24,11,You Better Think Twice,Vince Gill,13,7,Gains In Performance
1995-06-24,12,Any Man Of Mine,Shania Twain,14,7,Gains In Performance
1995-06-24,13,That's Just About Right,BlackHawk,15,11,Gains In Performance
1995-06-24,14,Party Crowd,David Lee Murphy,16,15,Gains In Performance
1995-06-24,15,Darned If I Don't (Danged If I Do),Shenandoah,18,10,Gains In Performance
1995-06-24,16,I Don't Even Know Your Name,Alan Jackson,21,7,Gains In Performance
1995-06-24,17,When You Say Nothing At All,Alison Krauss + Union Station,7,18,
1995-06-24,18,And Still,Reba McEntire,19,5,Gains In Performance
1995-06-24,19,Mississippi Moon,John Anderson,20,10,Gains In Performance
1995-06-24,20,My Heart Will Never Know,Clay Walker,22,8,Gains In Performance
1995-06-24,21,I Didn't Know My Own Strength,Lorrie Morgan,24,8,Gains In Performance
1995-06-24,22,Standing On The Edge Of Goodbye,John Berry,17,17,
1995-06-24,23,Bobbie Ann Mason,Rick Trevino,30,8,Gains In Performance
1995-06-24,24,You Can Sleep While I Drive,Trisha Yearwood,26,9,Gains In Performance
1995-06-24,25,I Don't Believe In Goodbye,Sawyer Brown,10,15,
1995-06-24,26,This Is Me Missing You,James House,34,9,Gains In Performance
1995-06-24,27,Southern Grace,Little Texas,28,9,Gains In Performance
1995-06-24,28,"I'm In Love With A Capital ""U""",Joe Diffie,32,5,Gains In Performance
1995-06-24,29,A Little Bit Of You,Lee Roy Parnell,36,6,Gains In Performance
1995-06-24,30,What Mattered Most,Ty Herndon,23,18,
1995-06-24,31,Walking To Jerusalem,Tracy Byrd,42,4,Gains In Performance
1995-06-24,32,Gonna Get A Life,Mark Chesnutt,29,18,
1995-06-24,33,Finish What We Started,Diamond Rio,39,6,Gains In Performance
1995-06-24,34,In Between Dances,Pam Tillis,41,4,Gains In Performance
1995-06-24,35,You Have The Right To Remain Silent,Perfect Stranger,43,11,Gains In Performance
1995-06-24,36,Adalida,George Strait,25,14,
1995-06-24,37,I Can Love You Like That,John Michael Montgomery,33,17,
1995-06-24,38,Little Miss Honky Tonk,Brooks & Dunn,35,19,
1995-06-24,39,I Want My Goodbye Back,Ty Herndon,55,3,Gains In Performance
1995-06-24,40,When And Where,Confederate Railroad,44,7,Gains In Performance
1995-06-24,41,Give Me One More Shot,Alabama,37,20,
1995-06-24,42,The Heart Is A Lonely Hunter,Reba McEntire,40,19,
1995-06-24,43,You're Gonna Miss Me When I'm Gone,Brooks & Dunn,62,3,Gains In Performance
1995-06-24,44,Not On Your Love,Jeff Carson,51,4,Gains In Performance
1995-06-24,45,That Ain't My Truck,Rhett Akins,49,7,Gains In Performance
1995-06-24,46,Refried Dreams,Tim McGraw,46,18,
1995-06-24,47,Stay Forever,Hal Ketchum,38,20,
1995-06-24,48,"Faith In Me, Faith In You",Doug Stone,31,17,
1995-06-24,49,Someone Else's Star,Bryan White,47,7,Gains In Performance
1995-06-24,50,What Do You Want With His Love,David Ball,48,6,Gains In Performance
1995-06-24,51,All That Heaven Will Allow,The Mavericks,56,7,Gains In Performance
1995-06-24,52,Find Out What's Happenin',Tanya Tucker,53,5,Gains In Performance
1995-06-24,53,Hello Cruel World,George Ducas,52,7,Gains In Performance
1995-06-24,54,Clown In Your Rodeo,Kathy Mattea,27,13,
1995-06-24,55,Should've Asked Her Faster,Ty England,61,3,Gains In Performance
1995-06-24,56,Song For The Life,Alan Jackson,54,20,
1995-06-24,57,Down In Tennessee,Mark Chesnutt,66,2,Gains In Performance
1995-06-24,58,Don't Make Me Feel At Home,Wesley Dennis,60,4,Gains In Performance
1995-06-24,59,The Box,Randy Travis,57,20,
1995-06-24,60,"If You're Gonna Walk, I'm Gonna Crawl",Sammy Kershaw,50,15,
1995-07-01,1,Sold (The Grundy County Auction Incident),John Michael Montgomery,2,9,Gains In Performance
1995-07-01,2,Tell Me I Was Dreaming,Travis Tritt,3,12,Gains In Performance
1995-07-01,3,They're Playin' Our Song,Neal McCoy,5,10,Gains In Performance
1995-07-01,4,Texas Tornado,Tracy Lawrence,1,12,
1995-07-01,5,If I Were You,Collin Raye,4,13,Gains In Performance
1995-07-01,6,Fall In Love,Kenny Chesney,8,14,Gains In Performance
1995-07-01,7,Any Man Of Mine,Shania Twain,12,8,Gains In Performance
1995-07-01,8,You Better Think Twice,Vince Gill,11,8,Gains In Performance
1995-07-01,9,That's Just About Right,BlackHawk,13,12,Gains In Performance
1995-07-01,10,Darned If I Don't (Danged If I Do),Shenandoah,15,11,Gains In Performance
1995-07-01,11,Party Crowd,David Lee Murphy,14,16,Gains In Performance
1995-07-01,12,I Don't Even Know Your Name,Alan Jackson,16,8,Gains In Performance
1995-07-01,13,Summer's Comin',Clint Black,9,13,
1995-07-01,14,And Still,Reba McEntire,18,6,Gains In Performance
1995-07-01,15,Mississippi Moon,John Anderson,19,11,Gains In Performance
1995-07-01,16,I Didn't Know My Own Strength,Lorrie Morgan,21,9,Gains In Performance
1995-07-01,17,You Don't Even Know Who I Am,Patty Loveless,7,16,
1995-07-01,18,My Heart Will Never Know,Clay Walker,20,9,Gains In Performance
1995-07-01,19,You Ain't Much Fun,Toby Keith,6,15,
1995-07-01,20,When You Say Nothing At All,Alison Krauss + Union Station,17,19,
1995-07-01,21,Bobbie Ann Mason,Rick Trevino,23,9,Gains In Performance
1995-07-01,22,I'm Still Dancin' With You,Wade Hayes,10,16,
1995-07-01,23,A Little Bit Of You,Lee Roy Parnell,29,7,Gains In Performance
1995-07-01,24,You Can Sleep While I Drive,Trisha Yearwood,24,10,Gains In Performance
1995-07-01,25,This Is Me Missing You,James House,26,10,Gains In Performance
1995-07-01,26,"I'm In Love With A Capital ""U""",Joe Diffie,28,6,Gains In Performance
1995-07-01,27,Walking To Jerusalem,Tracy Byrd,31,5,Gains In Performance
1995-07-01,28,Southern Grace,Little Texas,27,10,Gains In Performance
1995-07-01,29,In Between Dances,Pam Tillis,34,5,Gains In Performance
1995-07-01,30,Finish What We Started,Diamond Rio,33,7,Gains In Performance
1995-07-01,31,You Have The Right To Remain Silent,Perfect Stranger,35,12,Gains In Performance
1995-07-01,32,Standing On The Edge Of Goodbye,John Berry,22,18,
1995-07-01,33,You're Gonna Miss Me When I'm Gone,Brooks & Dunn,43,4,Gains In Performance
1995-07-01,34,Gonna Get A Life,Mark Chesnutt,32,19,
1995-07-01,35,I Want My Goodbye Back,Ty Herndon,39,4,Gains In Performance
1995-07-01,36,When And Where,Confederate Railroad,40,8,Gains In Performance
1995-07-01,37,Not On Your Love,Jeff Carson,44,5,Gains In Performance
1995-07-01,38,What Mattered Most,Ty Herndon,30,19,
1995-07-01,39,Little Miss Honky Tonk,Brooks & Dunn,38,20,
1995-07-01,40,I Can Love You Like That,John Michael Montgomery,37,18,
1995-07-01,41,That Ain't My Truck,Rhett Akins,45,8,Gains In Performance
1995-07-01,42,I Don't Believe In Goodbye,Sawyer Brown,25,16,
1995-07-01,43,The Heart Is A Lonely Hunter,Reba McEntire,42,20,
1995-07-01,44,Adalida,George Strait,36,15,
1995-07-01,45,Someone Else's Star,Bryan White,49,8,Gains In Performance
1995-07-01,46,Find Out What's Happenin',Tanya Tucker,52,6,Gains In Performance
1995-07-01,47,Should've Asked Her Faster,Ty England,55,4,Gains In Performance
1995-07-01,48,Down In Tennessee,Mark Chesnutt,57,3,Gains In Performance
1995-07-01,49,All That Heaven Will Allow,The Mavericks,51,8,Gains In Performance
1995-07-01,50,What Do You Want With His Love,David Ball,50,7,
1995-07-01,51,Refried Dreams,Tim McGraw,46,19,
1995-07-01,52,Hello Cruel World,George Ducas,53,8,Gains In Performance
1995-07-01,53,"Faith In Me, Faith In You",Doug Stone,48,18,
1995-07-01,54,She Ain't Your Ordinary Girl,Alabama,NEW,1,Highest ranking debut|Gains In Performance
1995-07-01,55,Don't Make Me Feel At Home,Wesley Dennis,58,5,
1995-07-01,56,"Three Words, Two Hearts, One Night",Mark Collie,61,3,Gains In Performance
1995-07-01,57,Sometimes I Forget,Doug Stone,63,2,Gains In Performance
1995-07-01,58,My Girl Friday,Daron Norwood,62,5,Gains In Performance
1995-07-01,59,Just My Luck,Kim Richey,64,2,Gains In Performance
1995-07-01,60,Forgiveness,Victoria Shaw,65,4,Gains In Performance
1995-07-08,1,Sold (The Grundy County Auction Incident),John Michael Montgomery,1,10,Gains In Performance
1995-07-08,2,Any Man Of Mine,Shania Twain,7,9,Gains In Performance
1995-07-08,3,They're Playin' Our Song,Neal McCoy,3,11,Gains In Performance
1995-07-08,4,Tell Me I Was Dreaming,Travis Tritt,2,13,Gains In Performance
1995-07-08,5,You Better Think Twice,Vince Gill,8,9,Gains In Performance
1995-07-08,6,Fall In Love,Kenny Chesney,6,15,Gains In Performance
1995-07-08,7,Darned If I Don't (Danged If I Do),Shenandoah,10,12,Gains In Performance
1995-07-08,8,If I Were You,Collin Raye,5,14,
1995-07-08,9,That's Just About Right,BlackHawk,9,13,Gains In Performance
1995-07-08,10,Party Crowd,David Lee Murphy,11,17,Gains In Performance
1995-07-08,11,I Don't Even Know Your Name,Alan Jackson,12,9,Gains In Performance
1995-07-08,12,And Still,Reba McEntire,14,7,Gains In Performance
1995-07-08,13,Texas Tornado,Tracy Lawrence,4,13,
1995-07-08,14,I Didn't Know My Own Strength,Lorrie Morgan,16,10,Gains In Performance
1995-07-08,15,Mississippi Moon,John Anderson,15,12,
1995-07-08,16,My Heart Will Never Know,Clay Walker,18,10,Gains In Performance
1995-07-08,17,Bobbie Ann Mason,Rick Trevino,21,10,Gains In Performance
1995-07-08,18,A Little Bit Of You,Lee Roy Parnell,23,8,Gains In Performance
1995-07-08,19,This Is Me Missing You,James House,25,11,Gains In Performance
1995-07-08,20,Walking To Jerusalem,Tracy Byrd,27,6,Gains In Performance
1995-07-08,21,"I'm In Love With A Capital ""U""",Joe Diffie,26,7,Gains In Performance
1995-07-08,22,You're Gonna Miss Me When I'm Gone,Brooks & Dunn,33,5,Gains In Performance
1995-07-08,23,You Can Sleep While I Drive,Trisha Yearwood,24,11,
1995-07-08,24,Summer's Comin',Clint Black,13,14,
1995-07-08,25,In Between Dances,Pam Tillis,29,6,Gains In Performance
1995-07-08,26,You Have The Right To Remain Silent,Perfect Stranger,31,13,Gains In Performance
1995-07-08,27,When You Say Nothing At All,Alison Krauss + Union Station,20,20,
1995-07-08,28,Finish What We Started,Diamond Rio,30,8,Gains In Performance
1995-07-08,29,You Don't Even Know Who I Am,Patty Loveless,17,17,
1995-07-08,30,You Ain't Much Fun,Toby Keith,19,16,
1995-07-08,31,Southern Grace,Little Texas,28,11,
1995-07-08,32,When And Where,Confederate Railroad,36,9,Gains In Performance
1995-07-08,33,Not On Your Love,Jeff Carson,37,6,Gains In Performance
1995-07-08,34,I'm Still Dancin' With You,Wade Hayes,22,17,
1995-07-08,35,Standing On The Edge Of Goodbye,John Berry,32,19,
1995-07-08,36,I Want My Goodbye Back,Ty Herndon,35,5,Gains In Performance
1995-07-08,37,That Ain't My Truck,Rhett Akins,41,9,Gains In Performance
1995-07-08,38,Gonna Get A Life,Mark Chesnutt,34,20,
1995-07-08,39,She Ain't Your Ordinary Girl,Alabama,54,2,Gains In Performance
1995-07-08,40,Should've Asked Her Faster,Ty England,47,5,Gains In Performance
1995-07-08,41,Someone Else's Star,Bryan White,45,9,Gains In Performance
1995-07-08,42,I Can Love You Like That,John Michael Montgomery,40,19,
1995-07-08,43,Find Out What's Happenin',Tanya Tucker,46,7,Gains In Performance
1995-07-08,44,Down In Tennessee,Mark Chesnutt,48,4,Gains In Performance
1995-07-08,45,What Mattered Most,Ty Herndon,38,20,
1995-07-08,46,Adalida,George Strait,44,16,
1995-07-08,47,I Don't Believe In Goodbye,Sawyer Brown,42,17,
1995-07-08,48,Lead On,George Strait,63,3,Gains In Performance
1995-07-08,49,All That Heaven Will Allow,The Mavericks,49,9,
1995-07-08,50,Refried Dreams,Tim McGraw,51,20,
1995-07-08,51,What Do You Want With His Love,David Ball,50,8,
1995-07-08,52,Hello Cruel World,George Ducas,52,9,
1995-07-08,53,Sometimes I Forget,Doug Stone,57,3,Gains In Performance
1995-07-08,54,"Three Words, Two Hearts, One Night",Mark Collie,56,4,Gains In Performance
1995-07-08,55,Don't Make Me Feel At Home,Wesley Dennis,55,6,Gains In Performance
1995-07-08,56,"Faith In Me, Faith In You",Doug Stone,53,19,
1995-07-08,57,Just My Luck,Kim Richey,59,3,Gains In Performance
1995-07-08,58,Forgiveness,Victoria Shaw,60,5,
1995-07-08,59,I Think About It All The Time,John Berry,NEW,1,Highest ranking debut|Gains In Performance
1995-07-08,60,My Girl Friday,Daron Norwood,58,6,
1995-07-15,1,Sold (The Grundy County Auction Incident),John Michael Montgomery,1,11,
1995-07-15,2,Any Man Of Mine,Shania Twain,2,10,Gains In Performance
1995-07-15,3,They're Playin' Our Song,Neal McCoy,3,12,Gains In Performance
1995-07-15,4,You Better Think Twice,Vince Gill,5,10,Gains In Performance
1995-07-15,5,Darned If I Don't (Danged If I Do),Shenandoah,7,13,Gains In Performance
1995-07-15,6,Tell Me I Was Dreaming,Travis Tritt,4,14,
1995-07-15,7,That's Just About Right,BlackHawk,9,14,Gains In Performance
1995-07-15,8,Party Crowd,David Lee Murphy,10,18,Gains In Performance
1995-07-15,9,Fall In Love,Kenny Chesney,6,16,
1995-07-15,10,I Don't Even Know Your Name,Alan Jackson,11,10,Gains In Performance
1995-07-15,11,And Still,Reba McEntire,12,8,Gains In Performance
1995-07-15,12,I Didn't Know My Own Strength,Lorrie Morgan,14,11,Gains In Performance
1995-07-15,13,Bobbie Ann Mason,Rick Trevino,17,11,Gains In Performance
1995-07-15,14,A Little Bit Of You,Lee Roy Parnell,18,9,Gains In Performance
1995-07-15,15,If I Were You,Collin Raye,8,15,
1995-07-15,16,You're Gonna Miss Me When I'm Gone,Brooks & Dunn,22,6,Gains In Performance
1995-07-15,17,My Heart Will Never Know,Clay Walker,16,11,Gains In Performance
1995-07-15,18,Mississippi Moon,John Anderson,15,13,
1995-07-15,19,This Is Me Missing You,James House,19,12,Gains In Performance
1995-07-15,20,Walking To Jerusalem,Tracy Byrd,20,7,Gains In Performance
1995-07-15,21,Texas Tornado,Tracy Lawrence,13,14,
1995-07-15,22,In Between Dances,Pam Tillis,25,7,Gains In Performance
1995-07-15,23,"I'm In Love With A Capital ""U""",Joe Diffie,21,8,Gains In Performance
1995-07-15,24,You Have The Right To Remain Silent,Perfect Stranger,26,14,Gains In Performance
1995-07-15,25,Finish What We Started,Diamond Rio,28,9,Gains In Performance
1995-07-15,26,Not On Your Love,Jeff Carson,33,7,Gains In Performance
1995-07-15,27,She Ain't Your Ordinary Girl,Alabama,39,3,Gains In Performance
1995-07-15,28,When And Where,Confederate Railroad,32,10,Gains In Performance
1995-07-15,29,I Want My Goodbye Back,Ty Herndon,36,6,Gains In Performance
1995-07-15,30,Summer's Comin',Clint Black,24,15,
1995-07-15,31,Lead On,George Strait,48,4,Gains In Performance
1995-07-15,32,Should've Asked Her Faster,Ty England,40,6,Gains In Performance
1995-07-15,33,That Ain't My Truck,Rhett Akins,37,10,Gains In Performance
1995-07-15,34,You Ain't Much Fun,Toby Keith,30,17,
1995-07-15,35,You Can Sleep While I Drive,Trisha Yearwood,23,12,
1995-07-15,36,Someone Else's Star,Bryan White,41,10,Gains In Performance
1995-07-15,37,Down In Tennessee,Mark Chesnutt,44,5,Gains In Performance
1995-07-15,38,You Don't Even Know Who I Am,Patty Loveless,29,18,
1995-07-15,39,Standing On The Edge Of Goodbye,John Berry,35,20,
1995-07-15,40,Find Out What's Happenin',Tanya Tucker,43,8,Gains In Performance
1995-07-15,41,I Can Love You Like That,John Michael Montgomery,42,20,Gains In Performance
1995-07-15,42,I'm Still Dancin' With You,Wade Hayes,34,18,
1995-07-15,43,Adalida,George Strait,46,17,
1995-07-15,44,One Emotion,Clint Black,64,2,Gains In Performance
1995-07-15,45,I Think About It All The Time,John Berry,59,2,Gains In Performance
1995-07-15,46,I Don't Believe In Goodbye,Sawyer Brown,47,18,
1995-07-15,47,Sometimes I Forget,Doug Stone,53,4,Gains In Performance
1995-07-15,48,Halfway Down,Patty Loveless,61,2,Gains In Performance
1995-07-15,49,"Three Words, Two Hearts, One Night",Mark Collie,54,5,Gains In Performance
1995-07-15,50,Just My Luck,Kim Richey,57,4,Gains In Performance
1995-07-15,51,Don't Make Me Feel At Home,Wesley Dennis,55,7,
1995-07-15,52,Southern Grace,Little Texas,31,12,
1995-07-15,53,Why Walk When You Can Fly,Mary Chapin Carpenter,62,3,Gains In Performance
1995-07-15,54,Don't Stop,Wade Hayes,NEW,1,Highest ranking debut|Gains In Performance
1995-07-15,55,"Faith In Me, Faith In You",Doug Stone,56,20,
1995-07-15,56,All That Heaven Will Allow,The Mavericks,49,10,
1995-07-15,57,A Heart With 4 Wheel Drive,4 Runner,66,3,Gains In Performance
1995-07-15,58,If I Ain't Got You,Marty Stuart,63,4,Gains In Performance
1995-07-15,59,Party All Night,Jeff Foxworthy With Little Texas & S. Rouse,70,2,Gains In Performance
1995-07-15,60,Forgiveness,Victoria Shaw,58,6,
1995-07-22,1,Any Man Of Mine,Shania Twain,2,11,Gains In Performance
1995-07-22,2,Sold (The Grundy County Auction Incident),John Michael Montgomery,1,12,
1995-07-22,3,You Better Think Twice,Vince Gill,4,11,Gains In Performance
1995-07-22,4,Darned If I Don't (Danged If I Do),Shenandoah,5,14,Gains In Performance
1995-07-22,5,And Still,Reba McEntire,11,9,Gains In Performance
1995-07-22,6,I Don't Even Know Your Name,Alan Jackson,10,11,Gains In Performance
1995-07-22,7,They're Playin' Our Song,Neal McCoy,3,13,
1995-07-22,8,Party Crowd,David Lee Murphy,8,19,Gains In Performance
1995-07-22,9,That's Just About Right,BlackHawk,7,15,
1995-07-22,10,I Didn't Know My Own Strength,Lorrie Morgan,12,12,Gains In Performance
1995-07-22,11,Tell Me I Was Dreaming,Travis Tritt,6,15,
1995-07-22,12,You're Gonna Miss Me When I'm Gone,Brooks & Dunn,16,7,Gains In Performance
1995-07-22,13,A Little Bit Of You,Lee Roy Parnell,14,10,Gains In Performance
1995-07-22,14,Bobbie Ann Mason,Rick Trevino,13,12,Gains In Performance
1995-07-22,15,Walking To Jerusalem,Tracy Byrd,20,8,Gains In Performance
1995-07-22,16,You Have The Right To Remain Silent,Perfect Stranger,24,15,Gains In Performance
1995-07-22,17,My Heart Will Never Know,Clay Walker,17,12,Gains In Performance
1995-07-22,18,In Between Dances,Pam Tillis,22,8,Gains In Performance
1995-07-22,19,This Is Me Missing You,James House,19,13,Gains In Performance
1995-07-22,20,Fall In Love,Kenny Chesney,9,17,
1995-07-22,21,Not On Your Love,Jeff Carson,26,8,Gains In Performance
1995-07-22,22,"I'm In Love With A Capital ""U""",Joe Diffie,23,9,Gains In Performance
1995-07-22,23,She Ain't Your Ordinary Girl,Alabama,27,4,Gains In Performance
1995-07-22,24,Finish What We Started,Diamond Rio,25,10,Gains In Performance
1995-07-22,25,Lead On,George Strait,31,5,Gains In Performance
1995-07-22,26,Texas Tornado,Tracy Lawrence,21,15,
1995-07-22,27,If I Were You,Collin Raye,15,16,
1995-07-22,28,When And Where,Confederate Railroad,28,11,Gains In Performance
1995-07-22,29,I Want My Goodbye Back,Ty Herndon,29,7,Gains In Performance
1995-07-22,30,That Ain't My Truck,Rhett Akins,33,11,Gains In Performance
1995-07-22,31,Should've Asked Her Faster,Ty England,32,7,Gains In Performance
1995-07-22,32,Someone Else's Star,Bryan White,36,11,Gains In Performance
1995-07-22,33,Summer's Comin',Clint Black,30,16,
1995-07-22,34,Mississippi Moon,John Anderson,18,14,
1995-07-22,35,Down In Tennessee,Mark Chesnutt,37,6,Gains In Performance
1995-07-22,36,You Ain't Much Fun,Toby Keith,34,18,
1995-07-22,37,One Emotion,Clint Black,44,3,Gains In Performance
1995-07-22,38,I Think About It All The Time,John Berry,45,3,Gains In Performance
1995-07-22,39,You Don't Even Know Who I Am,Patty Loveless,38,19,
1995-07-22,40,Find Out What's Happenin',Tanya Tucker,40,9,
1995-07-22,41,Don't Stop,Wade Hayes,54,2,Gains In Performance
1995-07-22,42,Halfway Down,Patty Loveless,48,3,Gains In Performance
1995-07-22,43,I'm Still Dancin' With You,Wade Hayes,42,19,
1995-07-22,44,Sometimes I Forget,Doug Stone,47,5,Gains In Performance
1995-07-22,45,Adalida,George Strait,43,18,
1995-07-22,46,I Don't Believe In Goodbye,Sawyer Brown,46,19,Gains In Performance
1995-07-22,47,"Three Words, Two Hearts, One Night",Mark Collie,49,6,Gains In Performance
1995-07-22,48,Why Walk When You Can Fly,Mary Chapin Carpenter,53,4,Gains In Performance
1995-07-22,49,Just My Luck,Kim Richey,50,5,Gains In Performance
1995-07-22,50,You Can Sleep While I Drive,Trisha Yearwood,35,13,
1995-07-22,51,A Heart With 4 Wheel Drive,4 Runner,57,4,Gains In Performance
1995-07-22,52,Don't Make Me Feel At Home,Wesley Dennis,51,8,
1995-07-22,53,She Can't Love You,Boy Howdy,61,4,Gains In Performance
1995-07-22,54,Party All Night,Jeff Foxworthy With Little Texas & S. Rouse,59,3,Gains In Performance
1995-07-22,55,If I Ain't Got You,Marty Stuart,58,5,Gains In Performance
1995-07-22,56,Big Ol' Truck,Toby Keith,75,2,Gains In Performance
1995-07-22,57,(This Thing Called) Wantin' And Havin' It All,Sawyer Brown,NEW,1,Highest ranking debut|Gains In Performance
1995-07-22,58,I Like The Sound Of That,Woody Lee,69,2,Gains In Performance
1995-07-22,59,Slow Me Down,Shelby Lynne,62,5,Gains In Performance
1995-07-22,60,Female Bonding,Brett James,64,2,Gains In Performance
1995-07-29,1,Any Man Of Mine,Shania Twain,1,12,
1995-07-29,2,You Better Think Twice,Vince Gill,3,12,
1995-07-29,3,And Still,Reba McEntire,5,10,Gains In Performance
1995-07-29,4,I Don't Even Know Your Name,Alan Jackson,6,12,Gains In Performance
1995-07-29,5,Darned If I Don't (Danged If I Do),Shenandoah,4,15,
1995-07-29,6,Sold (The Grundy County Auction Incident),John Michael Montgomery,2,13,
1995-07-29,7,Party Crowd,David Lee Murphy,8,20,Gains In Performance
1995-07-29,8,I Didn't Know My Own Strength,Lorrie Morgan,10,13,Gains In Performance
1995-07-29,9,A Little Bit Of You,Lee Roy Parnell,13,11,Gains In Performance
1995-07-29,10,You're Gonna Miss Me When I'm Gone,Brooks & Dunn,12,8,Gains In Performance
1995-07-29,11,Bobbie Ann Mason,Rick Trevino,14,13,Gains In Performance
1995-07-29,12,They're Playin' Our Song,Neal McCoy,7,14,
1995-07-29,13,That's Just About Right,BlackHawk,9,16,
1995-07-29,14,You Have The Right To Remain Silent,Perfect Stranger,16,16,Gains In Performance
1995-07-29,15,Walking To Jerusalem,Tracy Byrd,15,9,Gains In Performance
1995-07-29,16,This Is Me Missing You,James House,19,14,Gains In Performance
1995-07-29,17,Not On Your Love,Jeff Carson,21,9,Gains In Performance
1995-07-29,18,She Ain't Your Ordinary Girl,Alabama,23,5,Gains In Performance
1995-07-29,19,In Between Dances,Pam Tillis,18,9,Gains In Performance
1995-07-29,20,My Heart Will Never Know,Clay Walker,17,13,
1995-07-29,21,Lead On,George Strait,25,6,Gains In Performance
1995-07-29,22,Finish What We Started,Diamond Rio,24,11,Gains In Performance
1995-07-29,23,Tell Me I Was Dreaming,Travis Tritt,11,16,
1995-07-29,24,When And Where,Confederate Railroad,28,12,Gains In Performance
1995-07-29,25,Someone Else's Star,Bryan White,32,12,Gains In Performance
1995-07-29,26,I Want My Goodbye Back,Ty Herndon,29,8,Gains In Performance
1995-07-29,27,"I'm In Love With A Capital ""U""",Joe Diffie,22,10,
1995-07-29,28,That Ain't My Truck,Rhett Akins,30,12,Gains In Performance
1995-07-29,29,Should've Asked Her Faster,Ty England,31,8,Gains In Performance
1995-07-29,30,Down In Tennessee,Mark Chesnutt,35,7,Gains In Performance
1995-07-29,31,One Emotion,Clint Black,37,4,Gains In Performance
1995-07-29,32,Fall In Love,Kenny Chesney,20,18,
1995-07-29,33,Texas Tornado,Tracy Lawrence,26,16,
1995-07-29,34,I Think About It All The Time,John Berry,38,4,Gains In Performance
1995-07-29,35,Don't Stop,Wade Hayes,41,3,Gains In Performance
1995-07-29,36,Summer's Comin',Clint Black,33,17,
1995-07-29,37,If I Were You,Collin Raye,27,17,
1995-07-29,38,Halfway Down,Patty Loveless,42,4,Gains In Performance
1995-07-29,39,You Ain't Much Fun,Toby Keith,36,19,
1995-07-29,40,You Don't Even Know Who I Am,Patty Loveless,39,20,
1995-07-29,41,"Three Words, Two Hearts, One Night",Mark Collie,47,7,Gains In Performance
1995-07-29,42,Sometimes I Forget,Doug Stone,44,6,
1995-07-29,43,Big Ol' Truck,Toby Keith,56,3,Gains In Performance
1995-07-29,44,Find Out What's Happenin',Tanya Tucker,40,10,
1995-07-29,45,Mississippi Moon,John Anderson,34,15,
1995-07-29,46,Adalida,George Strait,45,19,
1995-07-29,47,I'm Still Dancin' With You,Wade Hayes,43,20,
1995-07-29,48,Why Walk When You Can Fly,Mary Chapin Carpenter,48,5,Gains In Performance
1995-07-29,49,I Don't Believe In Goodbye,Sawyer Brown,46,20,
1995-07-29,50,Just My Luck,Kim Richey,49,6,Gains In Performance
1995-07-29,51,(This Thing Called) Wantin' And Havin' It All,Sawyer Brown,57,2,Gains In Performance
1995-07-29,52,"One Boy, One Girl",Collin Raye,NEW,1,Highest ranking debut|Gains In Performance
1995-07-29,53,She Can't Love You,Boy Howdy,53,5,Gains In Performance
1995-07-29,54,A Heart With 4 Wheel Drive,4 Runner,51,5,Gains In Performance
1995-07-29,55,Better Things To Do,Terri Clark,62,3,Gains In Performance
1995-07-29,56,Party All Night,Jeff Foxworthy With Little Texas & S. Rouse,54,4,Gains In Performance
1995-07-29,57,If I Ain't Got You,Marty Stuart,55,6,Gains In Performance
1995-07-29,58,"Baby, Now That I've Found You",Alison Krauss + Union Station,61,3,Gains In Performance
1995-07-29,59,I Like The Sound Of That,Woody Lee,58,3,Gains In Performance
1995-07-29,60,Slow Me Down,Shelby Lynne,59,6,Gains In Performance
1995-08-05,1,I Don't Even Know Your Name,Alan Jackson,4,13,Gains In Performance
1995-08-05,2,And Still,Reba McEntire,3,11,Gains In Performance
1995-08-05,3,I Didn't Know My Own Strength,Lorrie Morgan,8,14,Gains In Performance
1995-08-05,4,Any Man Of Mine,Shania Twain,1,13,
1995-08-05,5,A Little Bit Of You,Lee Roy Parnell,9,12,Gains In Performance
1995-08-05,6,Party Crowd,David Lee Murphy,7,21,
1995-08-05,7,You're Gonna Miss Me When I'm Gone,Brooks & Dunn,10,9,Gains In Performance
1995-08-05,8,You Better Think Twice,Vince Gill,2,13,
1995-08-05,9,Sold (The Grundy County Auction Incident),John Michael Montgomery,6,14,
1995-08-05,10,You Have The Right To Remain Silent,Perfect Stranger,14,17,Gains In Performance
1995-08-05,11,Not On Your Love,Jeff Carson,17,10,Gains In Performance
1995-08-05,12,Bobbie Ann Mason,Rick Trevino,11,14,Gains In Performance
1995-08-05,13,This Is Me Missing You,James House,16,15,Gains In Performance
1995-08-05,14,Darned If I Don't (Danged If I Do),Shenandoah,5,16,
1995-08-05,15,Walking To Jerusalem,Tracy Byrd,15,10,Gains In Performance
1995-08-05,16,In Between Dances,Pam Tillis,19,10,Gains In Performance
1995-08-05,17,She Ain't Your Ordinary Girl,Alabama,18,6,Gains In Performance
1995-08-05,18,Lead On,George Strait,21,7,Gains In Performance
1995-08-05,19,One Emotion,Clint Black,31,5,Gains In Performance
1995-08-05,20,Someone Else's Star,Bryan White,25,13,Gains In Performance
1995-08-05,21,Finish What We Started,Diamond Rio,22,12,
1995-08-05,22,I Want My Goodbye Back,Ty Herndon,26,9,Gains In Performance
1995-08-05,23,I Think About It All The Time,John Berry,34,5,Gains In Performance
1995-08-05,24,When And Where,Confederate Railroad,24,13,Gains In Performance
1995-08-05,25,Down In Tennessee,Mark Chesnutt,30,8,Gains In Performance
1995-08-05,26,They're Playin' Our Song,Neal McCoy,12,15,
1995-08-05,27,That Ain't My Truck,Rhett Akins,28,13,Gains In Performance
1995-08-05,28,Should've Asked Her Faster,Ty England,29,9,Gains In Performance
1995-08-05,29,That's Just About Right,BlackHawk,13,17,
1995-08-05,30,Don't Stop,Wade Hayes,35,4,Gains In Performance
1995-08-05,31,Halfway Down,Patty Loveless,38,5,Gains In Performance
1995-08-05,32,Tell Me I Was Dreaming,Travis Tritt,23,17,
1995-08-05,33,My Heart Will Never Know,Clay Walker,20,14,
1995-08-05,34,Texas Tornado,Tracy Lawrence,33,17,
1995-08-05,35,Big Ol' Truck,Toby Keith,43,4,Gains In Performance
1995-08-05,36,Fall In Love,Kenny Chesney,32,19,
1995-08-05,37,Summer's Comin',Clint Black,36,18,
1995-08-05,38,"One Boy, One Girl",Collin Raye,52,2,Gains In Performance
1995-08-05,39,If I Were You,Collin Raye,37,18,
1995-08-05,40,You Ain't Much Fun,Toby Keith,39,20,
1995-08-05,41,"Three Words, Two Hearts, One Night",Mark Collie,41,8,Gains In Performance
1995-08-05,42,Sometimes I Forget,Doug Stone,42,7,Gains In Performance
1995-08-05,43,If The World Had A Front Porch,Tracy Lawrence,62,2,Gains In Performance
1995-08-05,44,(This Thing Called) Wantin' And Havin' It All,Sawyer Brown,51,3,Gains In Performance
1995-08-05,45,Why Walk When You Can Fly,Mary Chapin Carpenter,48,6,Gains In Performance
1995-08-05,46,Better Things To Do,Terri Clark,55,4,Gains In Performance
1995-08-05,47,Just My Luck,Kim Richey,50,7,Gains In Performance
1995-08-05,48,Adalida,George Strait,46,20,
1995-08-05,49,"I'm In Love With A Capital ""U""",Joe Diffie,27,11,
1995-08-05,50,She Can't Love You,Boy Howdy,53,6,Gains In Performance
1995-08-05,51,All I Need To Know,Kenny Chesney,65,2,Gains In Performance
1995-08-05,52,A Heart With 4 Wheel Drive,4 Runner,54,6,Gains In Performance
1995-08-05,53,Party All Night,Jeff Foxworthy With Little Texas & S. Rouse,56,5,Gains In Performance
1995-08-05,54,If I Ain't Got You,Marty Stuart,57,7,Gains In Performance
1995-08-05,55,"Baby, Now That I've Found You",Alison Krauss + Union Station,58,4,Gains In Performance
1995-08-05,56,Safe In The Arms Of Love,Martina McBride,68,2,Gains In Performance
1995-08-05,57,Mississippi Moon,John Anderson,45,16,
1995-08-05,58,Let's Go To Vegas,Faith Hill,NEW,1,Highest ranking debut|Gains In Performance
1995-08-05,59,I'm Not Strong Enough To Say No,BlackHawk,73,2,Gains In Performance
1995-08-05,60,I Like The Sound Of That,Woody Lee,59,4,Gains In Performance
1995-08-12,1,I Didn't Know My Own Strength,Lorrie Morgan,3,15,Gains In Performance
1995-08-12,2,A Little Bit Of You,Lee Roy Parnell,5,13,Gains In Performance
1995-08-12,3,I Don't Even Know Your Name,Alan Jackson,1,14,
1995-08-12,4,You're Gonna Miss Me When I'm Gone,Brooks & Dunn,7,10,Gains In Performance
1995-08-12,5,Not On Your Love,Jeff Carson,11,11,Gains In Performance
1995-08-12,6,Bobbie Ann Mason,Rick Trevino,12,15,Gains In Performance
1995-08-12,7,This Is Me Missing You,James House,13,16,Gains In Performance
1995-08-12,8,You Have The Right To Remain Silent,Perfect Stranger,10,18,Gains In Performance
1995-08-12,9,Any Man Of Mine,Shania Twain,4,14,
1995-08-12,10,And Still,Reba McEntire,2,12,
1995-08-12,11,In Between Dances,Pam Tillis,16,11,Gains In Performance
1995-08-12,12,She Ain't Your Ordinary Girl,Alabama,17,7,Gains In Performance
1995-08-12,13,Party Crowd,David Lee Murphy,6,22,
1995-08-12,14,Sold (The Grundy County Auction Incident),John Michael Montgomery,9,15,
1995-08-12,15,Lead On,George Strait,18,8,Gains In Performance
1995-08-12,16,Walking To Jerusalem,Tracy Byrd,15,11,
1995-08-12,17,One Emotion,Clint Black,19,6,Gains In Performance
1995-08-12,18,Someone Else's Star,Bryan White,20,14,Gains In Performance
1995-08-12,19,Finish What We Started,Diamond Rio,21,13,Gains In Performance
1995-08-12,20,You Better Think Twice,Vince Gill,8,14,
1995-08-12,21,I Want My Goodbye Back,Ty Herndon,22,10,Gains In Performance
1995-08-12,22,I Think About It All The Time,John Berry,23,6,Gains In Performance
1995-08-12,23,Don't Stop,Wade Hayes,30,5,Gains In Performance
1995-08-12,24,That Ain't My Truck,Rhett Akins,27,14,Gains In Performance
1995-08-12,25,Should've Asked Her Faster,Ty England,28,10,Gains In Performance
1995-08-12,26,Down In Tennessee,Mark Chesnutt,25,9,Gains In Performance
1995-08-12,27,Halfway Down,Patty Loveless,31,6,Gains In Performance
1995-08-12,28,When And Where,Confederate Railroad,24,14,
1995-08-12,29,Darned If I Don't (Danged If I Do),Shenandoah,14,17,
1995-08-12,30,"One Boy, One Girl",Collin Raye,38,3,Gains In Performance
1995-08-12,31,That's Just About Right,BlackHawk,29,18,
1995-08-12,32,They're Playin' Our Song,Neal McCoy,26,16,
1995-08-12,33,Big Ol' Truck,Toby Keith,35,5,Gains In Performance
1995-08-12,34,If The World Had A Front Porch,Tracy Lawrence,43,3,Gains In Performance
1995-08-12,35,Tell Me I Was Dreaming,Travis Tritt,32,18,
1995-08-12,36,(This Thing Called) Wantin' And Havin' It All,Sawyer Brown,44,4,Gains In Performance
1995-08-12,37,Texas Tornado,Tracy Lawrence,34,18,
1995-08-12,38,Summer's Comin',Clint Black,37,19,
1995-08-12,39,"Three Words, Two Hearts, One Night",Mark Collie,41,9,Gains In Performance
1995-08-12,40,If I Were You,Collin Raye,39,19,
1995-08-12,41,Sometimes I Forget,Doug Stone,42,8,Gains In Performance
1995-08-12,42,Better Things To Do,Terri Clark,46,5,Gains In Performance
1995-08-12,43,Fall In Love,Kenny Chesney,36,20,
1995-08-12,44,Let's Go To Vegas,Faith Hill,58,2,Gains In Performance
1995-08-12,45,Why Walk When You Can Fly,Mary Chapin Carpenter,45,7,Gains In Performance
1995-08-12,46,All I Need To Know,Kenny Chesney,51,3,Gains In Performance
1995-08-12,47,Just My Luck,Kim Richey,47,8,
1995-08-12,48,I'm Not Strong Enough To Say No,BlackHawk,59,3,Gains In Performance
1995-08-12,49,She Can't Love You,Boy Howdy,50,7,Gains In Performance
1995-08-12,50,"I Like It, I Love It",Tim McGraw,NEW,1,Highest ranking debut|Gains In Performance
1995-08-12,51,My Heart Will Never Know,Clay Walker,33,15,
1995-08-12,52,Safe In The Arms Of Love,Martina McBride,56,3,Gains In Performance
1995-08-12,53,A Heart With 4 Wheel Drive,4 Runner,52,7,Gains In Performance
1995-08-12,54,I Wanna Go Too Far,Trisha Yearwood,68,2,Gains In Performance
1995-08-12,55,"Baby, Now That I've Found You",Alison Krauss + Union Station,55,5,Gains In Performance
1995-08-12,56,If I Ain't Got You,Marty Stuart,54,8,Gains In Performance
1995-08-12,57,Party All Night,Jeff Foxworthy With Little Texas & S. Rouse,53,6,
1995-08-12,58,I Let Her Lie,Daryle Singletary,62,3,Gains In Performance
1995-08-12,59,Heaven Bound (I'm Ready),Shenandoah,67,2,Gains In Performance
1995-08-12,60,Any Gal Of Mine,Gino The New Guy,NEW,1,Gains In Performance
1995-08-19,1,You're Gonna Miss Me When I'm Gone,Brooks & Dunn,4,11,Gains In Performance
1995-08-19,2,Not On Your Love,Jeff Carson,5,12,Gains In Performance
1995-08-19,3,A Little Bit Of You,Lee Roy Parnell,2,14,Gains In Performance
1995-08-19,4,I Didn't Know My Own Strength,Lorrie Morgan,1,16,
1995-08-19,5,You Have The Right To Remain Silent,Perfect Stranger,8,19,Gains In Performance
1995-08-19,6,This Is Me Missing You,James House,7,17,Gains In Performance
1995-08-19,7,Bobbie Ann Mason,Rick Trevino,6,16,Gains In Performance
1995-08-19,8,She Ain't Your Ordinary Girl,Alabama,12,8,Gains In Performance
1995-08-19,9,In Between Dances,Pam Tillis,11,12,Gains In Performance
1995-08-19,10,Lead On,George Strait,15,9,Gains In Performance
1995-08-19,11,Someone Else's Star,Bryan White,18,15,Gains In Performance
1995-08-19,12,One Emotion,Clint Black,17,7,Gains In Performance
1995-08-19,13,I Don't Even Know Your Name,Alan Jackson,3,15,
1995-08-19,14,Any Man Of Mine,Shania Twain,9,15,
1995-08-19,15,I Think About It All The Time,John Berry,22,7,Gains In Performance
1995-08-19,16,That Ain't My Truck,Rhett Akins,24,15,Gains In Performance
1995-08-19,17,Should've Asked Her Faster,Ty England,25,11,Gains In Performance
1995-08-19,18,Don't Stop,Wade Hayes,23,6,Gains In Performance
1995-08-19,19,I Want My Goodbye Back,Ty Herndon,21,11,Gains In Performance
1995-08-19,20,And Still,Reba McEntire,10,13,
1995-08-19,21,Sold (The Grundy County Auction Incident),John Michael Montgomery,14,16,
1995-08-19,22,Halfway Down,Patty Loveless,27,7,Gains In Performance
1995-08-19,23,Down In Tennessee,Mark Chesnutt,26,10,Gains In Performance
1995-08-19,24,"One Boy, One Girl",Collin Raye,30,4,Gains In Performance
1995-08-19,25,Finish What We Started,Diamond Rio,19,14,
1995-08-19,26,"I Like It, I Love It",Tim McGraw,50,2,Gains In Performance
1995-08-19,27,Big Ol' Truck,Toby Keith,33,6,Gains In Performance
1995-08-19,28,Walking To Jerusalem,Tracy Byrd,16,12,
1995-08-19,29,If The World Had A Front Porch,Tracy Lawrence,34,4,Gains In Performance
1995-08-19,30,You Better Think Twice,Vince Gill,20,15,
1995-08-19,31,Let's Go To Vegas,Faith Hill,44,3,Gains In Performance
1995-08-19,32,Darned If I Don't (Danged If I Do),Shenandoah,29,18,
1995-08-19,33,(This Thing Called) Wantin' And Havin' It All,Sawyer Brown,36,5,Gains In Performance
1995-08-19,34,Better Things To Do,Terri Clark,42,6,Gains In Performance
1995-08-19,35,They're Playin' Our Song,Neal McCoy,32,17,
1995-08-19,36,That's Just About Right,BlackHawk,31,19,
1995-08-19,37,Tell Me I Was Dreaming,Travis Tritt,35,19,
1995-08-19,38,When And Where,Confederate Railroad,28,15,
1995-08-19,39,"Three Words, Two Hearts, One Night",Mark Collie,39,10,Gains In Performance
1995-08-19,40,Texas Tornado,Tracy Lawrence,37,19,
1995-08-19,41,I'm Not Strong Enough To Say No,BlackHawk,48,4,Gains In Performance
1995-08-19,42,All I Need To Know,Kenny Chesney,46,4,Gains In Performance
1995-08-19,43,Summer's Comin',Clint Black,38,20,
1995-08-19,44,Sometimes I Forget,Doug Stone,41,9,Gains In Performance
1995-08-19,45,Safe In The Arms Of Love,Martina McBride,52,4,Gains In Performance
1995-08-19,46,If I Were You,Collin Raye,40,20,
1995-08-19,47,I Wanna Go Too Far,Trisha Yearwood,54,3,Gains In Performance
1995-08-19,48,She Can't Love You,Boy Howdy,49,8,Gains In Performance
1995-08-19,49,Just My Luck,Kim Richey,47,9,
1995-08-19,50,Heaven Bound (I'm Ready),Shenandoah,59,3,Gains In Performance
1995-08-19,51,If I Ain't Got You,Marty Stuart,56,9,Gains In Performance
1995-08-19,52,I Let Her Lie,Daryle Singletary,58,4,Gains In Performance
1995-08-19,53,Why Walk When You Can Fly,Mary Chapin Carpenter,45,8,
1995-08-19,54,A Heart With 4 Wheel Drive,4 Runner,53,8,Gains In Performance
1995-08-19,55,"Baby, Now That I've Found You",Alison Krauss + Union Station,55,6,Gains In Performance
1995-08-19,56,If I Was A Drinkin' Man,Neal McCoy,71,2,Gains In Performance
1995-08-19,57,Party All Night,Jeff Foxworthy With Little Texas & S. Rouse,57,7,Gains In Performance
1995-08-19,58,The Woman In Me (Needs The Man In You),Shania Twain,65,2,Gains In Performance
1995-08-19,59,My Heart Will Never Know,Clay Walker,51,16,
1995-08-19,60,Dust On The Bottle,David Lee Murphy,72,2,Gains In Performance
1995-08-26,1,You're Gonna Miss Me When I'm Gone,Brooks & Dunn,1,12,
1995-08-26,2,Not On Your Love,Jeff Carson,2,13,Gains In Performance
1995-08-26,3,She Ain't Your Ordinary Girl,Alabama,8,9,Gains In Performance
1995-08-26,4,You Have The Right To Remain Silent,Perfect Stranger,5,20,
1995-08-26,5,In Between Dances,Pam Tillis,9,13,Gains In Performance
1995-08-26,6,This Is Me Missing You,James House,6,18,
1995-08-26,7,A Little Bit Of You,Lee Roy Parnell,3,15,
1995-08-26,8,Someone Else's Star,Bryan White,11,16,Gains In Performance
1995-08-26,9,Lead On,George Strait,10,10,Gains In Performance
1995-08-26,10,One Emotion,Clint Black,12,8,Gains In Performance
1995-08-26,11,Bobbie Ann Mason,Rick Trevino,7,17,
1995-08-26,12,I Think About It All The Time,John Berry,15,8,Gains In Performance
1995-08-26,13,"I Like It, I Love It",Tim McGraw,26,3,Gains In Performance
1995-08-26,14,That Ain't My Truck,Rhett Akins,16,16,Gains In Performance
1995-08-26,15,Should've Asked Her Faster,Ty England,17,12,Gains In Performance
1995-08-26,16,I Want My Goodbye Back,Ty Herndon,19,12,Gains In Performance
1995-08-26,17,Don't Stop,Wade Hayes,18,7,Gains In Performance
1995-08-26,18,"One Boy, One Girl",Collin Raye,24,5,Gains In Performance
1995-08-26,19,Halfway Down,Patty Loveless,22,8,Gains In Performance
1995-08-26,20,I Didn't Know My Own Strength,Lorrie Morgan,4,17,
1995-08-26,21,Any Man Of Mine,Shania Twain,14,16,
1995-08-26,22,If The World Had A Front Porch,Tracy Lawrence,29,5,Gains In Performance
1995-08-26,23,Big Ol' Truck,Toby Keith,27,7,Gains In Performance
1995-08-26,24,Down In Tennessee,Mark Chesnutt,23,11,
1995-08-26,25,I Don't Even Know Your Name,Alan Jackson,13,16,
1995-08-26,26,Sold (The Grundy County Auction Incident),John Michael Montgomery,21,17,
1995-08-26,27,Let's Go To Vegas,Faith Hill,31,4,Gains In Performance
1995-08-26,28,And Still,Reba McEntire,20,14,
1995-08-26,29,(This Thing Called) Wantin' And Havin' It All,Sawyer Brown,33,6,Gains In Performance
1995-08-26,30,I'm Not Strong Enough To Say No,BlackHawk,41,5,Gains In Performance
1995-08-26,31,Better Things To Do,Terri Clark,34,7,Gains In Performance
1995-08-26,32,"Three Words, Two Hearts, One Night",Mark Collie,39,11,Gains In Performance
1995-08-26,33,Safe In The Arms Of Love,Martina McBride,45,5,Gains In Performance
1995-08-26,34,Finish What We Started,Diamond Rio,25,15,
1995-08-26,35,I Wanna Go Too Far,Trisha Yearwood,47,4,Gains In Performance
1995-08-26,36,You Better Think Twice,Vince Gill,30,16,
1995-08-26,37,Darned If I Don't (Danged If I Do),Shenandoah,32,19,
1995-08-26,38,They're Playin' Our Song,Neal McCoy,35,18,
1995-08-26,39,All I Need To Know,Kenny Chesney,42,5,Gains In Performance
1995-08-26,40,That's Just About Right,BlackHawk,36,20,
1995-08-26,41,Tell Me I Was Dreaming,Travis Tritt,37,20,
1995-08-26,42,Texas Tornado,Tracy Lawrence,40,20,
1995-08-26,43,I Let Her Lie,Daryle Singletary,52,5,Gains In Performance
1995-08-26,44,Heaven Bound (I'm Ready),Shenandoah,50,4,Gains In Performance
1995-08-26,45,If I Was A Drinkin' Man,Neal McCoy,56,3,Gains In Performance
1995-08-26,46,Sometimes She Forgets,Travis Tritt,63,2,Gains In Performance
1995-08-26,47,The Woman In Me (Needs The Man In You),Shania Twain,58,3,Gains In Performance
1995-08-26,48,Sometimes I Forget,Doug Stone,44,10,
1995-08-26,49,If I Ain't Got You,Marty Stuart,51,10,Gains In Performance
1995-08-26,50,Walking To Jerusalem,Tracy Byrd,28,13,
1995-08-26,51,Dust On The Bottle,David Lee Murphy,60,3,Gains In Performance
1995-08-26,52,"Baby, Now That I've Found You",Alison Krauss + Union Station,55,7,
1995-08-26,53,She Can't Love You,Boy Howdy,48,9,
1995-08-26,54,When And Where,Confederate Railroad,38,16,
1995-08-26,55,That Road Not Taken,Joe Diffie,65,3,Gains In Performance
1995-08-26,56,Any Gal Of Mine,Gino The New Guy,61,3,Gains In Performance
1995-08-26,57,Here Comes The Rain,The Mavericks,72,2,Gains In Performance
1995-08-26,58,A Heart With 4 Wheel Drive,4 Runner,54,9,
1995-08-26,59,Party All Night,Jeff Foxworthy With Little Texas & S. Rouse,57,8,
1995-08-26,60,Just My Luck,Kim Richey,49,10,
1995-09-02,1,Not On Your Love,Jeff Carson,2,14,
1995-09-02,2,She Ain't Your Ordinary Girl,Alabama,3,10,Gains In Performance
1995-09-02,3,In Between Dances,Pam Tillis,5,14,Gains In Performance
1995-09-02,4,Someone Else's Star,Bryan White,8,17,Gains In Performance
1995-09-02,5,One Emotion,Clint Black,10,9,Gains In Performance
1995-09-02,6,You're Gonna Miss Me When I'm Gone,Brooks & Dunn,1,13,
1995-09-02,7,Lead On,George Strait,9,11,Gains In Performance
1995-09-02,8,"I Like It, I Love It",Tim McGraw,13,4,Gains In Performance
1995-09-02,9,That Ain't My Truck,Rhett Akins,14,17,Gains In Performance
1995-09-02,10,I Want My Goodbye Back,Ty Herndon,16,13,Gains In Performance
1995-09-02,11,Should've Asked Her Faster,Ty England,15,13,Gains In Performance
1995-09-02,12,You Have The Right To Remain Silent,Perfect Stranger,4,21,
1995-09-02,13,I Think About It All The Time,John Berry,12,9,Gains In Performance
1995-09-02,14,"One Boy, One Girl",Collin Raye,18,6,Gains In Performance
1995-09-02,15,Don't Stop,Wade Hayes,17,8,Gains In Performance
1995-09-02,16,If The World Had A Front Porch,Tracy Lawrence,22,6,Gains In Performance
1995-09-02,17,This Is Me Missing You,James House,6,19,
1995-09-02,18,Halfway Down,Patty Loveless,19,9,Gains In Performance
1995-09-02,19,A Little Bit Of You,Lee Roy Parnell,7,16,
1995-09-02,20,Let's Go To Vegas,Faith Hill,27,5,Gains In Performance
1995-09-02,21,Big Ol' Truck,Toby Keith,23,8,Gains In Performance
1995-09-02,22,I'm Not Strong Enough To Say No,BlackHawk,30,6,Gains In Performance
1995-09-02,23,Any Man Of Mine,Shania Twain,21,17,
1995-09-02,24,(This Thing Called) Wantin' And Havin' It All,Sawyer Brown,29,7,Gains In Performance
1995-09-02,25,Better Things To Do,Terri Clark,31,8,Gains In Performance
1995-09-02,26,Down In Tennessee,Mark Chesnutt,24,12,
1995-09-02,27,Sold (The Grundy County Auction Incident),John Michael Montgomery,26,18,
1995-09-02,28,I Didn't Know My Own Strength,Lorrie Morgan,20,18,
1995-09-02,29,Bobbie Ann Mason,Rick Trevino,11,18,
1995-09-02,30,"Three Words, Two Hearts, One Night",Mark Collie,32,12,Gains In Performance
1995-09-02,31,Safe In The Arms Of Love,Martina McBride,33,6,Gains In Performance
1995-09-02,32,I Wanna Go Too Far,Trisha Yearwood,35,5,Gains In Performance
1995-09-02,33,I Don't Even Know Your Name,Alan Jackson,25,17,
1995-09-02,34,All I Need To Know,Kenny Chesney,39,6,Gains In Performance
1995-09-02,35,Sometimes She Forgets,Travis Tritt,46,3,Gains In Performance
1995-09-02,36,And Still,Reba McEntire,28,15,
1995-09-02,37,I Let Her Lie,Daryle Singletary,43,6,Gains In Performance
1995-09-02,38,Dust On The Bottle,David Lee Murphy,51,4,Gains In Performance
1995-09-02,39,The Woman In Me (Needs The Man In You),Shania Twain,47,4,Gains In Performance
1995-09-02,40,If I Was A Drinkin' Man,Neal McCoy,45,4,Gains In Performance
1995-09-02,41,Heaven Bound (I'm Ready),Shenandoah,44,5,Gains In Performance
1995-09-02,42,No Man's Land,John Michael Montgomery,63,2,Gains In Performance
1995-09-02,43,They're Playin' Our Song,Neal McCoy,38,19,
1995-09-02,44,Darned If I Don't (Danged If I Do),Shenandoah,37,20,
1995-09-02,45,You Better Think Twice,Vince Gill,36,17,
1995-09-02,46,If I Ain't Got You,Marty Stuart,49,11,Gains In Performance
1995-09-02,47,Finish What We Started,Diamond Rio,34,16,
1995-09-02,48,That Road Not Taken,Joe Diffie,55,4,Gains In Performance
1995-09-02,49,"Baby, Now That I've Found You",Alison Krauss + Union Station,52,8,
1995-09-02,50,Here Comes The Rain,The Mavericks,57,3,Gains In Performance
1995-09-02,51,Tequila Talkin',Lonestar,61,3,Gains In Performance
1995-09-02,52,Walking To Jerusalem,Tracy Byrd,50,14,
1995-09-02,53,Every Little Word,Hal Ketchum,64,2,Gains In Performance
1995-09-02,54,Your Tattoo,Sammy Kershaw,69,2,Gains In Performance
1995-09-02,55,Party All Night,Jeff Foxworthy With Little Texas & S. Rouse,59,9,
1995-09-02,56,It's Not The End Of The World,Emilio,70,3,Gains In Performance
1995-09-02,57,When And Where,Confederate Railroad,54,17,
1995-09-02,58,Any Gal Of Mine,Gino The New Guy,56,4,
1995-09-02,59,Life Goes On,Little Texas,NEW,1,Highest ranking debut|Gains In Performance
1995-09-02,60,Who Needs You,Lisa Brokop,62,6,
1995-09-09,1,Someone Else's Star,Bryan White,4,18,Gains In Performance
1995-09-09,2,One Emotion,Clint Black,5,10,Gains In Performance
1995-09-09,3,"I Like It, I Love It",Tim McGraw,8,5,Gains In Performance
1995-09-09,4,She Ain't Your Ordinary Girl,Alabama,2,11,
1995-09-09,5,That Ain't My Truck,Rhett Akins,9,18,Gains In Performance
1995-09-09,6,Not On Your Love,Jeff Carson,1,15,
1995-09-09,7,In Between Dances,Pam Tillis,3,15,
1995-09-09,8,I Want My Goodbye Back,Ty Herndon,10,14,Gains In Performance
1995-09-09,9,Lead On,George Strait,7,12,Gains In Performance
1995-09-09,10,"One Boy, One Girl",Collin Raye,14,7,Gains In Performance
1995-09-09,11,Should've Asked Her Faster,Ty England,11,14,Gains In Performance
1995-09-09,12,I Think About It All The Time,John Berry,13,10,Gains In Performance
1995-09-09,13,If The World Had A Front Porch,Tracy Lawrence,16,7,Gains In Performance
1995-09-09,14,Don't Stop,Wade Hayes,15,9,Gains In Performance
1995-09-09,15,Let's Go To Vegas,Faith Hill,20,6,Gains In Performance
1995-09-09,16,You're Gonna Miss Me When I'm Gone,Brooks & Dunn,6,14,
1995-09-09,17,Halfway Down,Patty Loveless,18,10,Gains In Performance
1995-09-09,18,Big Ol' Truck,Toby Keith,21,9,Gains In Performance
1995-09-09,19,I'm Not Strong Enough To Say No,BlackHawk,22,7,Gains In Performance
1995-09-09,20,You Have The Right To Remain Silent,Perfect Stranger,12,22,
1995-09-09,21,Better Things To Do,Terri Clark,25,9,Gains In Performance
1995-09-09,22,(This Thing Called) Wantin' And Havin' It All,Sawyer Brown,24,8,Gains In Performance
1995-09-09,23,A Little Bit Of You,Lee Roy Parnell,19,17,
1995-09-09,24,I Wanna Go Too Far,Trisha Yearwood,32,6,Gains In Performance
1995-09-09,25,This Is Me Missing You,James House,17,20,
1995-09-09,26,"Three Words, Two Hearts, One Night",Mark Collie,30,13,Gains In Performance
1995-09-09,27,Safe In The Arms Of Love,Martina McBride,31,7,Gains In Performance
1995-09-09,28,Any Man Of Mine,Shania Twain,23,18,
1995-09-09,29,Sold (The Grundy County Auction Incident),John Michael Montgomery,27,19,
1995-09-09,30,Sometimes She Forgets,Travis Tritt,35,4,Gains In Performance
1995-09-09,31,No Man's Land,John Michael Montgomery,42,3,Gains In Performance
1995-09-09,32,Dust On The Bottle,David Lee Murphy,38,5,Gains In Performance
1995-09-09,33,All I Need To Know,Kenny Chesney,34,7,Gains In Performance
1995-09-09,34,I Let Her Lie,Daryle Singletary,37,7,Gains In Performance
1995-09-09,35,If I Was A Drinkin' Man,Neal McCoy,40,5,Gains In Performance
1995-09-09,36,I Didn't Know My Own Strength,Lorrie Morgan,28,19,
1995-09-09,37,The Woman In Me (Needs The Man In You),Shania Twain,39,5,Gains In Performance
1995-09-09,38,She's Every Woman,Garth Brooks,NEW,1,Highest ranking debut|Gains In Performance
1995-09-09,39,Heaven Bound (I'm Ready),Shenandoah,41,6,Gains In Performance
1995-09-09,40,I Don't Even Know Your Name,Alan Jackson,33,18,
1995-09-09,41,Bobbie Ann Mason,Rick Trevino,29,19,
1995-09-09,42,And Still,Reba McEntire,36,16,
1995-09-09,43,They're Playin' Our Song,Neal McCoy,43,20,
1995-09-09,44,You Better Think Twice,Vince Gill,45,18,
1995-09-09,45,Down In Tennessee,Mark Chesnutt,26,13,
1995-09-09,46,If I Ain't Got You,Marty Stuart,46,12,
1995-09-09,47,That Road Not Taken,Joe Diffie,48,5,Gains In Performance
1995-09-09,48,Life Goes On,Little Texas,59,2,Gains In Performance
1995-09-09,49,Here Comes The Rain,The Mavericks,50,4,Gains In Performance
1995-09-09,50,Tequila Talkin',Lonestar,51,4,Gains In Performance
1995-09-09,51,Go Rest High On That Mountain,Vince Gill,70,2,Gains In Performance
1995-09-09,52,Back In Your Arms Again,Lorrie Morgan,68,2,Gains In Performance
1995-09-09,53,Every Little Word,Hal Ketchum,53,3,Gains In Performance
1995-09-09,54,Your Tattoo,Sammy Kershaw,54,3,Gains In Performance
1995-09-09,55,That's As Close As I'll Get To Loving You,Aaron Tippin,72,2,Gains In Performance
1995-09-09,56,It's Not The End Of The World,Emilio,56,4,Gains In Performance
1995-09-09,57,"Baby, Now That I've Found You",Alison Krauss + Union Station,49,9,
1995-09-09,58,Finish What We Started,Diamond Rio,47,17,
1995-09-09,59,Walking To Jerusalem,Tracy Byrd,52,15,
1995-09-09,60,Party All Night,Jeff Foxworthy With Little Texas & S. Rouse,55,10,
1995-09-16,1,"I Like It, I Love It",Tim McGraw,3,6,Gains In Performance
1995-09-16,2,One Emotion,Clint Black,2,11,
1995-09-16,3,That Ain't My Truck,Rhett Akins,5,19,Gains In Performance
1995-09-16,4,Someone Else's Star,Bryan White,1,19,
1995-09-16,5,"One Boy, One Girl",Collin Raye,10,8,Gains In Performance
1995-09-16,6,Should've Asked Her Faster,Ty England,11,15,Gains In Performance
1995-09-16,7,I Want My Goodbye Back,Ty Herndon,8,15,Gains In Performance
1995-09-16,8,I Think About It All The Time,John Berry,12,11,Gains In Performance
1995-09-16,9,If The World Had A Front Porch,Tracy Lawrence,13,8,Gains In Performance
1995-09-16,10,She's Every Woman,Garth Brooks,38,2,Gains In Performance
1995-09-16,11,Lead On,George Strait,9,13,
1995-09-16,12,Don't Stop,Wade Hayes,14,10,Gains In Performance
1995-09-16,13,Not On Your Love,Jeff Carson,6,16,
1995-09-16,14,Let's Go To Vegas,Faith Hill,15,7,Gains In Performance
1995-09-16,15,Halfway Down,Patty Loveless,17,11,Gains In Performance
1995-09-16,16,I'm Not Strong Enough To Say No,BlackHawk,19,8,Gains In Performance
1995-09-16,17,Big Ol' Truck,Toby Keith,18,10,Gains In Performance
1995-09-16,18,She Ain't Your Ordinary Girl,Alabama,4,12,
1995-09-16,19,Better Things To Do,Terri Clark,21,10,Gains In Performance
1995-09-16,20,In Between Dances,Pam Tillis,7,16,
1995-09-16,21,(This Thing Called) Wantin' And Havin' It All,Sawyer Brown,22,9,Gains In Performance
1995-09-16,22,You're Gonna Miss Me When I'm Gone,Brooks & Dunn,16,15,
1995-09-16,23,No Man's Land,John Michael Montgomery,31,4,Gains In Performance
1995-09-16,24,I Wanna Go Too Far,Trisha Yearwood,24,7,Gains In Performance
1995-09-16,25,Dust On The Bottle,David Lee Murphy,32,6,Gains In Performance
1995-09-16,26,Sometimes She Forgets,Travis Tritt,30,5,Gains In Performance
1995-09-16,27,Safe In The Arms Of Love,Martina McBride,27,8,Gains In Performance
1995-09-16,28,"Three Words, Two Hearts, One Night",Mark Collie,26,14,Gains In Performance
1995-09-16,29,All I Need To Know,Kenny Chesney,33,8,Gains In Performance
1995-09-16,30,The Woman In Me (Needs The Man In You),Shania Twain,37,6,Gains In Performance
1995-09-16,31,I Let Her Lie,Daryle Singletary,34,8,Gains In Performance
1995-09-16,32,If I Was A Drinkin' Man,Neal McCoy,35,6,Gains In Performance
1995-09-16,33,Any Man Of Mine,Shania Twain,28,19,
1995-09-16,34,Sold (The Grundy County Auction Incident),John Michael Montgomery,29,20,
1995-09-16,35,A Little Bit Of You,Lee Roy Parnell,23,18,
1995-09-16,36,Heaven Bound (I'm Ready),Shenandoah,39,7,Gains In Performance
1995-09-16,37,I Didn't Know My Own Strength,Lorrie Morgan,36,20,
1995-09-16,38,I Don't Even Know Your Name,Alan Jackson,40,19,
1995-09-16,39,And Still,Reba McEntire,42,17,
1995-09-16,40,Bobbie Ann Mason,Rick Trevino,41,20,
1995-09-16,41,Life Goes On,Little Texas,48,3,Gains In Performance
1995-09-16,42,That Road Not Taken,Joe Diffie,47,6,Gains In Performance
1995-09-16,43,You Better Think Twice,Vince Gill,44,19,
1995-09-16,44,Back In Your Arms Again,Lorrie Morgan,52,3,Gains In Performance
1995-09-16,45,Here Comes The Rain,The Mavericks,49,5,Gains In Performance
1995-09-16,46,Tequila Talkin',Lonestar,50,5,Gains In Performance
1995-09-16,47,That's As Close As I'll Get To Loving You,Aaron Tippin,55,3,Gains In Performance
1995-09-16,48,Go Rest High On That Mountain,Vince Gill,51,3,Gains In Performance
1995-09-16,49,Your Tattoo,Sammy Kershaw,54,4,Gains In Performance
1995-09-16,50,If I Ain't Got You,Marty Stuart,46,13,
1995-09-16,51,Every Little Word,Hal Ketchum,53,4,Gains In Performance
1995-09-16,52,It's Not The End Of The World,Emilio,56,5,Gains In Performance
1995-09-16,53,I Will Always Love You,Dolly Parton & Vince Gill,NEW,1,Highest ranking debut|Gains In Performance
1995-09-16,54,Down In Tennessee,Mark Chesnutt,45,14,
1995-09-16,55,When A Woman Loves A Man,Lee Roy Parnell,67,2,Gains In Performance
1995-09-16,56,Love Lessons,Tracy Byrd,68,2,Gains In Performance
1995-09-16,57,On My Own,Reba McEntire,NEW,1,Gains In Performance
1995-09-16,58,"Bill's Laundromat, Bar And Grill",Confederate Railroad,72,2,Gains In Performance
1995-09-16,59,If It Were Me,Radney Foster,66,3,Gains In Performance
1995-09-16,60,Finish What We Started,Diamond Rio,58,18,
1995-09-23,1,"I Like It, I Love It",Tim McGraw,1,7,Gains In Performance
1995-09-23,2,"One Boy, One Girl",Collin Raye,5,9,Gains In Performance
1995-09-23,3,Should've Asked Her Faster,Ty England,6,16,Gains In Performance
1995-09-23,4,If The World Had A Front Porch,Tracy Lawrence,9,9,Gains In Performance
1995-09-23,5,That Ain't My Truck,Rhett Akins,3,20,
1995-09-23,6,I Think About It All The Time,John Berry,8,12,Gains In Performance
1995-09-23,7,One Emotion,Clint Black,2,12,
1995-09-23,8,She's Every Woman,Garth Brooks,10,3,Gains In Performance
1995-09-23,9,Halfway Down,Patty Loveless,15,12,Gains In Performance
1995-09-23,10,Don't Stop,Wade Hayes,12,11,Gains In Performance
1995-09-23,11,Someone Else's Star,Bryan White,4,20,
1995-09-23,12,Let's Go To Vegas,Faith Hill,14,8,Gains In Performance
1995-09-23,13,I'm Not Strong Enough To Say No,BlackHawk,16,9,Gains In Performance
1995-09-23,14,Better Things To Do,Terri Clark,19,11,Gains In Performance
1995-09-23,15,Big Ol' Truck,Toby Keith,17,11,Gains In Performance
1995-09-23,16,(This Thing Called) Wantin' And Havin' It All,Sawyer Brown,21,10,Gains In Performance
1995-09-23,17,Dust On The Bottle,David Lee Murphy,25,7,Gains In Performance
1995-09-23,18,No Man's Land,John Michael Montgomery,23,5,Gains In Performance
1995-09-23,19,I Want My Goodbye Back,Ty Herndon,7,16,
1995-09-23,20,Not On Your Love,Jeff Carson,13,17,
1995-09-23,21,Safe In The Arms Of Love,Martina McBride,27,9,Gains In Performance
1995-09-23,22,I Wanna Go Too Far,Trisha Yearwood,24,8,Gains In Performance
1995-09-23,23,Sometimes She Forgets,Travis Tritt,26,6,Gains In Performance
1995-09-23,24,All I Need To Know,Kenny Chesney,29,9,Gains In Performance
1995-09-23,25,"Three Words, Two Hearts, One Night",Mark Collie,28,15,Gains In Performance
1995-09-23,26,I Let Her Lie,Daryle Singletary,31,9,Gains In Performance
1995-09-23,27,The Woman In Me (Needs The Man In You),Shania Twain,30,7,Gains In Performance
1995-09-23,28,If I Was A Drinkin' Man,Neal McCoy,32,7,Gains In Performance
1995-09-23,29,She Ain't Your Ordinary Girl,Alabama,18,13,
1995-09-23,30,You're Gonna Miss Me When I'm Gone,Brooks & Dunn,22,16,
1995-09-23,31,Lead On,George Strait,11,14,
1995-09-23,32,Any Man Of Mine,Shania Twain,33,20,
1995-09-23,33,Heaven Bound (I'm Ready),Shenandoah,36,8,Gains In Performance
1995-09-23,34,In Between Dances,Pam Tillis,20,17,
1995-09-23,35,Life Goes On,Little Texas,41,4,Gains In Performance
1995-09-23,36,On My Own,Reba McEntire,57,2,Gains In Performance
1995-09-23,37,A Little Bit Of You,Lee Roy Parnell,35,19,
1995-09-23,38,Back In Your Arms Again,Lorrie Morgan,44,4,Gains In Performance
1995-09-23,39,I Don't Even Know Your Name,Alan Jackson,38,20,
1995-09-23,40,Tequila Talkin',Lonestar,46,6,Gains In Performance
1995-09-23,41,That Road Not Taken,Joe Diffie,42,7,Gains In Performance
1995-09-23,42,I Will Always Love You,Dolly Parton & Vince Gill,53,2,Gains In Performance
1995-09-23,43,And Still,Reba McEntire,39,18,
1995-09-23,44,Go Rest High On That Mountain,Vince Gill,48,4,Gains In Performance
1995-09-23,45,That's As Close As I'll Get To Loving You,Aaron Tippin,47,4,Gains In Performance
1995-09-23,46,Here Comes The Rain,The Mavericks,45,6,Gains In Performance
1995-09-23,47,You Better Think Twice,Vince Gill,43,20,
1995-09-23,48,Who Needs You Baby,Clay Walker,67,2,Gains In Performance
1995-09-23,49,Your Tattoo,Sammy Kershaw,49,5,Gains In Performance
1995-09-23,50,Every Little Word,Hal Ketchum,51,5,Gains In Performance
1995-09-23,51,It's Not The End Of The World,Emilio,52,6,Gains In Performance
1995-09-23,52,Love Lessons,Tracy Byrd,56,3,Gains In Performance
1995-09-23,53,Whiskey Under The Bridge,Brooks & Dunn,NEW,1,Highest ranking debut|Gains In Performance
1995-09-23,54,When A Woman Loves A Man,Lee Roy Parnell,55,3,Gains In Performance
1995-09-23,55,"Bill's Laundromat, Bar And Grill",Confederate Railroad,58,3,Gains In Performance
1995-09-23,56,Save This One For Me,Rick Trevino,63,3,Gains In Performance
1995-09-23,57,Trouble,Mark Chesnutt,NEW,1,Gains In Performance
1995-09-23,58,Rain Through The Roof,Billy Montana,61,6,Gains In Performance
1995-09-23,59,Anything For Love,James House,65,2,Gains In Performance
1995-09-23,60,If It Were Me,Radney Foster,59,4,
1995-09-30,1,"I Like It, I Love It",Tim McGraw,1,8,
1995-09-30,2,"One Boy, One Girl",Collin Raye,2,10,Gains In Performance
1995-09-30,3,If The World Had A Front Porch,Tracy Lawrence,4,10,Gains In Performance
1995-09-30,4,I Think About It All The Time,John Berry,6,13,Gains In Performance
1995-09-30,5,Should've Asked Her Faster,Ty England,3,17,
1995-09-30,6,She's Every Woman,Garth Brooks,8,4,Gains In Performance
1995-09-30,7,Halfway Down,Patty Loveless,9,13,Gains In Performance
1995-09-30,8,Better Things To Do,Terri Clark,14,12,Gains In Performance
1995-09-30,9,Let's Go To Vegas,Faith Hill,12,9,Gains In Performance
1995-09-30,10,Don't Stop,Wade Hayes,10,12,Gains In Performance
1995-09-30,11,I'm Not Strong Enough To Say No,BlackHawk,13,10,Gains In Performance
1995-09-30,12,One Emotion,Clint Black,7,13,
1995-09-30,13,Dust On The Bottle,David Lee Murphy,17,8,Gains In Performance
1995-09-30,14,No Man's Land,John Michael Montgomery,18,6,Gains In Performance
1995-09-30,15,That Ain't My Truck,Rhett Akins,5,21,
1995-09-30,16,(This Thing Called) Wantin' And Havin' It All,Sawyer Brown,16,11,Gains In Performance
1995-09-30,17,Safe In The Arms Of Love,Martina McBride,21,10,Gains In Performance
1995-09-30,18,Sometimes She Forgets,Travis Tritt,23,7,Gains In Performance
1995-09-30,19,All I Need To Know,Kenny Chesney,24,10,Gains In Performance
1995-09-30,20,I Wanna Go Too Far,Trisha Yearwood,22,9,Gains In Performance
1995-09-30,21,Big Ol' Truck,Toby Keith,15,12,
1995-09-30,22,The Woman In Me (Needs The Man In You),Shania Twain,27,8,Gains In Performance
1995-09-30,23,I Let Her Lie,Daryle Singletary,26,10,Gains In Performance
1995-09-30,24,If I Was A Drinkin' Man,Neal McCoy,28,8,Gains In Performance
1995-09-30,25,"Three Words, Two Hearts, One Night",Mark Collie,25,16,
1995-09-30,26,Heaven Bound (I'm Ready),Shenandoah,33,9,Gains In Performance
1995-09-30,27,Not On Your Love,Jeff Carson,20,18,
1995-09-30,28,I Want My Goodbye Back,Ty Herndon,19,17,
1995-09-30,29,On My Own,Reba McEntire,36,3,Gains In Performance
1995-09-30,30,Life Goes On,Little Texas,35,5,Gains In Performance
1995-09-30,31,Back In Your Arms Again,Lorrie Morgan,38,5,Gains In Performance
1995-09-30,32,You're Gonna Miss Me When I'm Gone,Brooks & Dunn,30,17,
1995-09-30,33,Whiskey Under The Bridge,Brooks & Dunn,53,2,Gains In Performance
1995-09-30,34,She Ain't Your Ordinary Girl,Alabama,29,14,
1995-09-30,35,A Little Bit Of You,Lee Roy Parnell,37,20,
1995-09-30,36,Who Needs You Baby,Clay Walker,48,3,Gains In Performance
1995-09-30,37,That's As Close As I'll Get To Loving You,Aaron Tippin,45,5,Gains In Performance
1995-09-30,38,I Will Always Love You,Dolly Parton & Vince Gill,42,3,Gains In Performance
1995-09-30,39,In Between Dances,Pam Tillis,34,18,
1995-09-30,40,Tequila Talkin',Lonestar,40,7,Gains In Performance
1995-09-30,41,Check Yes Or No,George Strait,63,2,Gains In Performance
1995-09-30,42,Go Rest High On That Mountain,Vince Gill,44,5,Gains In Performance
1995-09-30,43,That Road Not Taken,Joe Diffie,41,8,
1995-09-30,44,Here Comes The Rain,The Mavericks,46,7,Gains In Performance
1995-09-30,45,Lead On,George Strait,31,15,
1995-09-30,46,And Still,Reba McEntire,43,19,
1995-09-30,47,Your Tattoo,Sammy Kershaw,49,6,
1995-09-30,48,Love Lessons,Tracy Byrd,52,4,Gains In Performance
1995-09-30,49,Every Little Word,Hal Ketchum,50,6,
1995-09-30,50,It's Not The End Of The World,Emilio,51,7,Gains In Performance
1995-09-30,51,When A Woman Loves A Man,Lee Roy Parnell,54,4,Gains In Performance
1995-09-30,52,Trouble,Mark Chesnutt,57,2,Gains In Performance
1995-09-30,53,Save This One For Me,Rick Trevino,56,4,Gains In Performance
1995-09-30,54,"Bill's Laundromat, Bar And Grill",Confederate Railroad,55,4,Gains In Performance
1995-09-30,55,Anything For Love,James House,59,3,Gains In Performance
1995-09-30,56,In Pictures,Alabama,NEW,1,Highest ranking debut|Gains In Performance
1995-09-30,57,Born In The Dark,Doug Stone,73,2,Gains In Performance
1995-09-30,58,I'm A Stranger Here Myself,Perfect Stranger,NEW,1,Gains In Performance
1995-09-30,59,Honky Tonk Healin',David Ball,62,3,Gains In Performance
1995-09-30,60,If It Were Me,Radney Foster,60,5,
1995-10-07,1,"I Like It, I Love It",Tim McGraw,1,9,
1995-10-07,2,If The World Had A Front Porch,Tracy Lawrence,3,11,Gains In Performance
1995-10-07,3,"One Boy, One Girl",Collin Raye,2,11,
1995-10-07,4,She's Every Woman,Garth Brooks,6,5,Gains In Performance
1995-10-07,5,Better Things To Do,Terri Clark,8,13,Gains In Performance
1995-10-07,6,Halfway Down,Patty Loveless,7,14,Gains In Performance
1995-10-07,7,I'm Not Strong Enough To Say No,BlackHawk,11,11,Gains In Performance
1995-10-07,8,Let's Go To Vegas,Faith Hill,9,10,Gains In Performance
1995-10-07,9,I Think About It All The Time,John Berry,4,14,
1995-10-07,10,Dust On The Bottle,David Lee Murphy,13,9,Gains In Performance
1995-10-07,11,Don't Stop,Wade Hayes,10,13,
1995-10-07,12,No Man's Land,John Michael Montgomery,14,7,Gains In Performance
1995-10-07,13,(This Thing Called) Wantin' And Havin' It All,Sawyer Brown,16,12,Gains In Performance
1995-10-07,14,Safe In The Arms Of Love,Martina McBride,17,11,Gains In Performance
1995-10-07,15,All I Need To Know,Kenny Chesney,19,11,Gains In Performance
1995-10-07,16,Sometimes She Forgets,Travis Tritt,18,8,Gains In Performance
1995-10-07,17,I Wanna Go Too Far,Trisha Yearwood,20,10,Gains In Performance
1995-10-07,18,I Let Her Lie,Daryle Singletary,23,11,Gains In Performance
1995-10-07,19,The Woman In Me (Needs The Man In You),Shania Twain,22,9,Gains In Performance
1995-10-07,20,Should've Asked Her Faster,Ty England,5,18,
1995-10-07,21,One Emotion,Clint Black,12,14,
1995-10-07,22,If I Was A Drinkin' Man,Neal McCoy,24,9,Gains In Performance
1995-10-07,23,Check Yes Or No,George Strait,41,3,Gains In Performance
1995-10-07,24,On My Own,Reba McEntire,29,4,Gains In Performance
1995-10-07,25,Whiskey Under The Bridge,Brooks & Dunn,33,3,Gains In Performance
1995-10-07,26,Heaven Bound (I'm Ready),Shenandoah,26,10,Gains In Performance
1995-10-07,27,Life Goes On,Little Texas,30,6,Gains In Performance
1995-10-07,28,Back In Your Arms Again,Lorrie Morgan,31,6,Gains In Performance
1995-10-07,29,Who Needs You Baby,Clay Walker,36,4,Gains In Performance
1995-10-07,30,Not On Your Love,Jeff Carson,27,19,
1995-10-07,31,I Will Always Love You,Dolly Parton & Vince Gill,38,4,Gains In Performance
1995-10-07,32,That's As Close As I'll Get To Loving You,Aaron Tippin,37,6,Gains In Performance
1995-10-07,33,Tequila Talkin',Lonestar,40,8,Gains In Performance
1995-10-07,34,You're Gonna Miss Me When I'm Gone,Brooks & Dunn,32,18,
1995-10-07,35,I Want My Goodbye Back,Ty Herndon,28,18,
1995-10-07,36,Go Rest High On That Mountain,Vince Gill,42,6,Gains In Performance
1995-10-07,37,"Three Words, Two Hearts, One Night",Mark Collie,25,17,
1995-10-07,38,In Pictures,Alabama,56,2,Gains In Performance
1995-10-07,39,Big Ol' Truck,Toby Keith,21,13,
1995-10-07,40,That Road Not Taken,Joe Diffie,43,9,
1995-10-07,41,She Ain't Your Ordinary Girl,Alabama,34,15,
1995-10-07,42,Here Comes The Rain,The Mavericks,44,8,
1995-10-07,43,Love Lessons,Tracy Byrd,48,5,Gains In Performance
1995-10-07,44,In Between Dances,Pam Tillis,39,19,
1995-10-07,45,It's Not The End Of The World,Emilio,50,8,Gains In Performance
1995-10-07,46,And Still,Reba McEntire,46,20,
1995-10-07,47,Trouble,Mark Chesnutt,52,3,Gains In Performance
1995-10-07,48,When A Woman Loves A Man,Lee Roy Parnell,51,5,Gains In Performance
1995-10-07,49,Your Tattoo,Sammy Kershaw,47,7,
1995-10-07,50,Save This One For Me,Rick Trevino,53,5,Gains In Performance
1995-10-07,51,Lead On,George Strait,45,16,
1995-10-07,52,Born In The Dark,Doug Stone,57,3,Gains In Performance
1995-10-07,53,Anything For Love,James House,55,4,Gains In Performance
1995-10-07,54,Every Little Word,Hal Ketchum,49,7,
1995-10-07,55,I'm A Stranger Here Myself,Perfect Stranger,58,2,Gains In Performance
1995-10-07,56,"Bill's Laundromat, Bar And Grill",Confederate Railroad,54,5,
1995-10-07,57,Rub-A-Dubbin',Ken Mellons,75,2,Gains In Performance
1995-10-07,58,Honky Tonk Healin',David Ball,59,4,Gains In Performance
1995-10-07,59,Deep Down,Pam Tillis,NEW,1,Highest ranking debut|Gains In Performance
1995-10-07,60,Feel Like Makin' Love,Philip Claypool,63,6,Gains In Performance
1995-10-14,1,"I Like It, I Love It",Tim McGraw,1,10,
1995-10-14,2,She's Every Woman,Garth Brooks,4,6,Gains In Performance
1995-10-14,3,If The World Had A Front Porch,Tracy Lawrence,2,12,
1995-10-14,4,Better Things To Do,Terri Clark,5,14,Gains In Performance
1995-10-14,5,I'm Not Strong Enough To Say No,BlackHawk,7,12,Gains In Performance
1995-10-14,6,Let's Go To Vegas,Faith Hill,8,11,Gains In Performance
1995-10-14,7,Dust On The Bottle,David Lee Murphy,10,10,Gains In Performance
1995-10-14,8,Halfway Down,Patty Loveless,6,15,
1995-10-14,9,"One Boy, One Girl",Collin Raye,3,12,
1995-10-14,10,No Man's Land,John Michael Montgomery,12,8,Gains In Performance
1995-10-14,11,(This Thing Called) Wantin' And Havin' It All,Sawyer Brown,13,13,Gains In Performance
1995-10-14,12,Safe In The Arms Of Love,Martina McBride,14,12,Gains In Performance
1995-10-14,13,Check Yes Or No,George Strait,23,4,Gains In Performance
1995-10-14,14,All I Need To Know,Kenny Chesney,15,12,Gains In Performance
1995-10-14,15,I Wanna Go Too Far,Trisha Yearwood,17,11,Gains In Performance
1995-10-14,16,I Let Her Lie,Daryle Singletary,18,12,Gains In Performance
1995-10-14,17,Sometimes She Forgets,Travis Tritt,16,9,Gains In Performance
1995-10-14,18,Whiskey Under The Bridge,Brooks & Dunn,25,4,Gains In Performance
1995-10-14,19,The Woman In Me (Needs The Man In You),Shania Twain,19,10,Gains In Performance
1995-10-14,20,On My Own,Reba McEntire,24,5,Gains In Performance
1995-10-14,21,If I Was A Drinkin' Man,Neal McCoy,22,10,Gains In Performance
1995-10-14,22,Who Needs You Baby,Clay Walker,29,5,Gains In Performance
1995-10-14,23,Life Goes On,Little Texas,27,7,Gains In Performance
1995-10-14,24,Heaven Bound (I'm Ready),Shenandoah,26,11,Gains In Performance
1995-10-14,25,Back In Your Arms Again,Lorrie Morgan,28,7,Gains In Performance
1995-10-14,26,Don't Stop,Wade Hayes,11,14,
1995-10-14,27,I Will Always Love You,Dolly Parton & Vince Gill,31,5,Gains In Performance
1995-10-14,28,I Think About It All The Time,John Berry,9,15,
1995-10-14,29,That's As Close As I'll Get To Loving You,Aaron Tippin,32,7,Gains In Performance
1995-10-14,30,One Emotion,Clint Black,21,15,
1995-10-14,31,In Pictures,Alabama,38,3,Gains In Performance
1995-10-14,32,Should've Asked Her Faster,Ty England,20,19,
1995-10-14,33,Not On Your Love,Jeff Carson,30,20,
1995-10-14,34,Tequila Talkin',Lonestar,33,9,Gains In Performance
1995-10-14,35,Go Rest High On That Mountain,Vince Gill,36,7,Gains In Performance
1995-10-14,36,You're Gonna Miss Me When I'm Gone,Brooks & Dunn,34,19,
1995-10-14,37,Love Lessons,Tracy Byrd,43,6,Gains In Performance
1995-10-14,38,It's Not The End Of The World,Emilio,45,9,Gains In Performance
1995-10-14,39,Here Comes The Rain,The Mavericks,42,9,Gains In Performance
1995-10-14,40,I Want My Goodbye Back,Ty Herndon,35,19,
1995-10-14,41,Trouble,Mark Chesnutt,47,4,Gains In Performance
1995-10-14,42,She Ain't Your Ordinary Girl,Alabama,41,16,
1995-10-14,43,When A Woman Loves A Man,Lee Roy Parnell,48,6,Gains In Performance
1995-10-14,44,Born In The Dark,Doug Stone,52,4,Gains In Performance
1995-10-14,45,In Between Dances,Pam Tillis,44,20,
1995-10-14,46,Deep Down,Pam Tillis,59,2,Gains In Performance
1995-10-14,47,That Road Not Taken,Joe Diffie,40,10,
1995-10-14,48,Save This One For Me,Rick Trevino,50,6,Gains In Performance
1995-10-14,49,Anything For Love,James House,53,5,Gains In Performance
1995-10-14,50,"Three Words, Two Hearts, One Night",Mark Collie,37,18,
1995-10-14,51,Rub-A-Dubbin',Ken Mellons,57,3,Gains In Performance
1995-10-14,52,Big Ol' Truck,Toby Keith,39,14,
1995-10-14,53,Rebecca Lynn,Bryan White,63,2,Gains In Performance
1995-10-14,54,Lead On,George Strait,51,17,
1995-10-14,55,The Car,Jeff Carson,64,2,Gains In Performance
1995-10-14,56,I'm A Stranger Here Myself,Perfect Stranger,55,3,
1995-10-14,57,Honky Tonk Healin',David Ball,58,5,Gains In Performance
1995-10-14,58,Who's Counting,Wesley Dennis,61,6,Gains In Performance
1995-10-14,59,Nothing,Dwight Yoakam,NEW,1,Highest ranking debut|Gains In Performance
1995-10-14,60,"Bill's Laundromat, Bar And Grill",Confederate Railroad,56,6,
1995-10-21,1,She's Every Woman,Garth Brooks,2,7,Gains In Performance
1995-10-21,2,I'm Not Strong Enough To Say No,BlackHawk,5,13,Gains In Performance
1995-10-21,3,Better Things To Do,Terri Clark,4,15,
1995-10-21,4,Dust On The Bottle,David Lee Murphy,7,11,Gains In Performance
1995-10-21,5,Let's Go To Vegas,Faith Hill,6,12,
1995-10-21,6,"I Like It, I Love It",Tim McGraw,1,11,
1995-10-21,7,If The World Had A Front Porch,Tracy Lawrence,3,13,
1995-10-21,8,Check Yes Or No,George Strait,13,5,Gains In Performance
1995-10-21,9,No Man's Land,John Michael Montgomery,10,9,Gains In Performance
1995-10-21,10,Safe In The Arms Of Love,Martina McBride,12,13,Gains In Performance
1995-10-21,11,(This Thing Called) Wantin' And Havin' It All,Sawyer Brown,11,14,
1995-10-21,12,All I Need To Know,Kenny Chesney,14,13,Gains In Performance
1995-10-21,13,I Let Her Lie,Daryle Singletary,16,13,Gains In Performance
1995-10-21,14,Halfway Down,Patty Loveless,8,16,
1995-10-21,15,I Wanna Go Too Far,Trisha Yearwood,15,12,Gains In Performance
1995-10-21,16,Sometimes She Forgets,Travis Tritt,17,10,Gains In Performance
1995-10-21,17,Whiskey Under The Bridge,Brooks & Dunn,18,5,Gains In Performance
1995-10-21,18,Who Needs You Baby,Clay Walker,22,6,Gains In Performance
1995-10-21,19,"One Boy, One Girl",Collin Raye,9,13,
1995-10-21,20,The Woman In Me (Needs The Man In You),Shania Twain,19,11,Gains In Performance
1995-10-21,21,Back In Your Arms Again,Lorrie Morgan,25,8,Gains In Performance
1995-10-21,22,On My Own,Reba McEntire,20,6,
1995-10-21,23,If I Was A Drinkin' Man,Neal McCoy,21,11,Gains In Performance
1995-10-21,24,Life Goes On,Little Texas,23,8,Gains In Performance
1995-10-21,25,Heaven Bound (I'm Ready),Shenandoah,24,12,
1995-10-21,26,I Will Always Love You,Dolly Parton & Vince Gill,27,6,Gains In Performance
1995-10-21,27,That's As Close As I'll Get To Loving You,Aaron Tippin,29,8,Gains In Performance
1995-10-21,28,In Pictures,Alabama,31,4,Gains In Performance
1995-10-21,29,Tequila Talkin',Lonestar,34,10,Gains In Performance
1995-10-21,30,Go Rest High On That Mountain,Vince Gill,35,8,Gains In Performance
1995-10-21,31,One Emotion,Clint Black,30,16,
1995-10-21,32,Love Lessons,Tracy Byrd,37,7,Gains In Performance
1995-10-21,33,I Think About It All The Time,John Berry,28,16,
1995-10-21,34,You're Gonna Miss Me When I'm Gone,Brooks & Dunn,36,20,
1995-10-21,35,Should've Asked Her Faster,Ty England,32,20,
1995-10-21,36,Here Comes The Rain,The Mavericks,39,10,Gains In Performance
1995-10-21,37,It's Not The End Of The World,Emilio,38,10,Gains In Performance
1995-10-21,38,Trouble,Mark Chesnutt,41,5,Gains In Performance
1995-10-21,39,Deep Down,Pam Tillis,46,3,Gains In Performance
1995-10-21,40,Born In The Dark,Doug Stone,44,5,Gains In Performance
1995-10-21,41,Don't Stop,Wade Hayes,26,15,
1995-10-21,42,When A Woman Loves A Man,Lee Roy Parnell,43,7,Gains In Performance
1995-10-21,43,I Want My Goodbye Back,Ty Herndon,40,20,
1995-10-21,44,Rebecca Lynn,Bryan White,53,3,Gains In Performance
1995-10-21,45,Life Gets Away,Clint Black,64,2,Gains In Performance
1995-10-21,46,She Ain't Your Ordinary Girl,Alabama,42,17,
1995-10-21,47,Save This One For Me,Rick Trevino,48,7,Gains In Performance
1995-10-21,48,The Car,Jeff Carson,55,3,Gains In Performance
1995-10-21,49,Rub-A-Dubbin',Ken Mellons,51,4,Gains In Performance
1995-10-21,50,Anything For Love,James House,49,6,
1995-10-21,51,"Tall, Tall Trees",Alan Jackson,NEW,1,Highest ranking debut|Gains In Performance
1995-10-21,52,Nothing,Dwight Yoakam,59,2,Gains In Performance
1995-10-21,53,Big Ol' Truck,Toby Keith,52,15,
1995-10-21,54,Honky Tonk Healin',David Ball,57,6,Gains In Performance
1995-10-21,55,"Three Words, Two Hearts, One Night",Mark Collie,50,19,
1995-10-21,56,I'm A Stranger Here Myself,Perfect Stranger,56,4,Gains In Performance
1995-10-21,57,Lead On,George Strait,54,18,
1995-10-21,58,Who's Counting,Wesley Dennis,58,7,Gains In Performance
1995-10-21,59,Heart Half Empty,Ty Herndon Featuring Stephanie Bentley,72,2,Gains In Performance
1995-10-21,60,"Knock, Knock",The Hutchens,61,3,Gains In Performance
1995-10-28,1,Dust On The Bottle,David Lee Murphy,4,12,Gains In Performance
1995-10-28,2,I'm Not Strong Enough To Say No,BlackHawk,2,14,Gains In Performance
1995-10-28,3,She's Every Woman,Garth Brooks,1,8,
1995-10-28,4,Check Yes Or No,George Strait,8,6,Gains In Performance
1995-10-28,5,No Man's Land,John Michael Montgomery,9,10,Gains In Performance
1995-10-28,6,Safe In The Arms Of Love,Martina McBride,10,14,Gains In Performance
1995-10-28,7,Better Things To Do,Terri Clark,3,16,
1995-10-28,8,Let's Go To Vegas,Faith Hill,5,13,
1995-10-28,9,I Let Her Lie,Daryle Singletary,13,14,Gains In Performance
1995-10-28,10,"I Like It, I Love It",Tim McGraw,6,12,
1995-10-28,11,All I Need To Know,Kenny Chesney,12,14,Gains In Performance
1995-10-28,12,I Wanna Go Too Far,Trisha Yearwood,15,13,Gains In Performance
1995-10-28,13,If The World Had A Front Porch,Tracy Lawrence,7,14,
1995-10-28,14,Whiskey Under The Bridge,Brooks & Dunn,17,6,Gains In Performance
1995-10-28,15,Who Needs You Baby,Clay Walker,18,7,Gains In Performance
1995-10-28,16,(This Thing Called) Wantin' And Havin' It All,Sawyer Brown,11,15,
1995-10-28,17,Sometimes She Forgets,Travis Tritt,16,11,Gains In Performance
1995-10-28,18,The Woman In Me (Needs The Man In You),Shania Twain,20,12,Gains In Performance
1995-10-28,19,Back In Your Arms Again,Lorrie Morgan,21,9,Gains In Performance
1995-10-28,20,Life Goes On,Little Texas,24,9,Gains In Performance
1995-10-28,21,If I Was A Drinkin' Man,Neal McCoy,23,12,Gains In Performance
1995-10-28,22,On My Own,Reba McEntire,22,7,
1995-10-28,23,I Will Always Love You,Dolly Parton & Vince Gill,26,7,Gains In Performance
1995-10-28,24,That's As Close As I'll Get To Loving You,Aaron Tippin,27,9,Gains In Performance
1995-10-28,25,In Pictures,Alabama,28,5,Gains In Performance
1995-10-28,26,"One Boy, One Girl",Collin Raye,19,14,
1995-10-28,27,"Tall, Tall Trees",Alan Jackson,51,2,Gains In Performance
1995-10-28,28,Tequila Talkin',Lonestar,29,11,Gains In Performance
1995-10-28,29,Go Rest High On That Mountain,Vince Gill,30,9,Gains In Performance
1995-10-28,30,Heaven Bound (I'm Ready),Shenandoah,25,13,
1995-10-28,31,Love Lessons,Tracy Byrd,32,8,Gains In Performance
1995-10-28,32,Halfway Down,Patty Loveless,14,17,
1995-10-28,33,Deep Down,Pam Tillis,39,4,Gains In Performance
1995-10-28,34,Trouble,Mark Chesnutt,38,6,Gains In Performance
1995-10-28,35,Here Comes The Rain,The Mavericks,36,11,Gains In Performance
1995-10-28,36,Life Gets Away,Clint Black,45,3,Gains In Performance
1995-10-28,37,It's Not The End Of The World,Emilio,37,11,Gains In Performance
1995-10-28,38,One Emotion,Clint Black,31,17,
1995-10-28,39,Born In The Dark,Doug Stone,40,6,Gains In Performance
1995-10-28,40,When A Woman Loves A Man,Lee Roy Parnell,42,8,Gains In Performance
1995-10-28,41,I Think About It All The Time,John Berry,33,17,
1995-10-28,42,Rebecca Lynn,Bryan White,44,4,Gains In Performance
1995-10-28,43,The Car,Jeff Carson,48,4,Gains In Performance
1995-10-28,44,Nothing,Dwight Yoakam,52,3,Gains In Performance
1995-10-28,45,Don't Stop,Wade Hayes,41,16,
1995-10-28,46,Rub-A-Dubbin',Ken Mellons,49,5,Gains In Performance
1995-10-28,47,She Ain't Your Ordinary Girl,Alabama,46,18,Gains In Performance
1995-10-28,48,Save This One For Me,Rick Trevino,47,8,Gains In Performance
1995-10-28,49,Anything For Love,James House,50,7,Gains In Performance
1995-10-28,50,Honky Tonk Healin',David Ball,54,7,
1995-10-28,51,Heart Half Empty,Ty Herndon Featuring Stephanie Bentley,59,3,Gains In Performance
1995-10-28,52,I'm A Stranger Here Myself,Perfect Stranger,56,5,Gains In Performance
1995-10-28,53,Can't Be Really Gone,Tim McGraw,67,3,Gains In Performance
1995-10-28,54,Lead On,George Strait,57,19,
1995-10-28,55,If I Had Any Pride Left At All,John Berry,71,2,Gains In Performance
1995-10-28,56,Big Ol' Truck,Toby Keith,53,16,
1995-10-28,57,Not Enough Hours In The Night,Doug Supernaw,62,3,Gains In Performance
1995-10-28,58,"Knock, Knock",The Hutchens,60,4,Gains In Performance
1995-10-28,59,She Said Yes,Rhett Akins,63,2,Gains In Performance
1995-10-28,60,"Three Words, Two Hearts, One Night",Mark Collie,55,20,
1995-11-04,1,Dust On The Bottle,David Lee Murphy,1,13,Gains In Performance
1995-11-04,2,Check Yes Or No,George Strait,4,7,Gains In Performance
1995-11-04,3,No Man's Land,John Michael Montgomery,5,11,Gains In Performance
1995-11-04,4,She's Every Woman,Garth Brooks,3,9,
1995-11-04,5,Safe In The Arms Of Love,Martina McBride,6,15,Gains In Performance
1995-11-04,6,I Let Her Lie,Daryle Singletary,9,15,Gains In Performance
1995-11-04,7,I'm Not Strong Enough To Say No,BlackHawk,2,15,
1995-11-04,8,All I Need To Know,Kenny Chesney,11,15,Gains In Performance
1995-11-04,9,I Wanna Go Too Far,Trisha Yearwood,12,14,Gains In Performance
1995-11-04,10,Who Needs You Baby,Clay Walker,15,8,Gains In Performance
1995-11-04,11,Whiskey Under The Bridge,Brooks & Dunn,14,7,Gains In Performance
1995-11-04,12,Sometimes She Forgets,Travis Tritt,17,12,Gains In Performance
1995-11-04,13,Back In Your Arms Again,Lorrie Morgan,19,10,Gains In Performance
1995-11-04,14,The Woman In Me (Needs The Man In You),Shania Twain,18,13,Gains In Performance
1995-11-04,15,Life Goes On,Little Texas,20,10,Gains In Performance
1995-11-04,16,"I Like It, I Love It",Tim McGraw,10,13,
1995-11-04,17,"Tall, Tall Trees",Alan Jackson,27,3,Gains In Performance
1995-11-04,18,If I Was A Drinkin' Man,Neal McCoy,21,13,Gains In Performance
1995-11-04,19,In Pictures,Alabama,25,6,Gains In Performance
1995-11-04,20,That's As Close As I'll Get To Loving You,Aaron Tippin,24,10,Gains In Performance
1995-11-04,21,If The World Had A Front Porch,Tracy Lawrence,13,15,
1995-11-04,22,Better Things To Do,Terri Clark,7,17,
1995-11-04,23,I Will Always Love You,Dolly Parton & Vince Gill,23,8,
1995-11-04,24,Tequila Talkin',Lonestar,28,12,Gains In Performance
1995-11-04,25,Let's Go To Vegas,Faith Hill,8,14,
1995-11-04,26,Go Rest High On That Mountain,Vince Gill,29,10,Gains In Performance
1995-11-04,27,Life Gets Away,Clint Black,36,4,Gains In Performance
1995-11-04,28,Love Lessons,Tracy Byrd,31,9,Gains In Performance
1995-11-04,29,On My Own,Reba McEntire,22,8,
1995-11-04,30,Trouble,Mark Chesnutt,34,7,Gains In Performance
1995-11-04,31,Deep Down,Pam Tillis,33,5,Gains In Performance
1995-11-04,32,"One Boy, One Girl",Collin Raye,26,15,
1995-11-04,33,Here Comes The Rain,The Mavericks,35,12,Gains In Performance
1995-11-04,34,(This Thing Called) Wantin' And Havin' It All,Sawyer Brown,16,16,
1995-11-04,35,Born In The Dark,Doug Stone,39,7,Gains In Performance
1995-11-04,36,It's Not The End Of The World,Emilio,37,12,Gains In Performance
1995-11-04,37,Nothing,Dwight Yoakam,44,4,Gains In Performance
1995-11-04,38,Rebecca Lynn,Bryan White,42,5,Gains In Performance
1995-11-04,39,When A Woman Loves A Man,Lee Roy Parnell,40,9,Gains In Performance
1995-11-04,40,The Car,Jeff Carson,43,5,Gains In Performance
1995-11-04,41,One Emotion,Clint Black,38,18,
1995-11-04,42,Halfway Down,Patty Loveless,32,18,
1995-11-04,43,I Think About It All The Time,John Berry,41,18,
1995-11-04,44,If I Had Any Pride Left At All,John Berry,55,3,Gains In Performance
1995-11-04,45,Save This One For Me,Rick Trevino,48,9,Gains In Performance
1995-11-04,46,Rub-A-Dubbin',Ken Mellons,46,6,
1995-11-04,47,She Ain't Your Ordinary Girl,Alabama,47,19,
1995-11-04,48,Don't Stop,Wade Hayes,45,17,
1995-11-04,49,Heaven Bound (I'm Ready),Shenandoah,30,14,
1995-11-04,50,Can't Be Really Gone,Tim McGraw,53,4,Gains In Performance
1995-11-04,51,Anything For Love,James House,49,8,
1995-11-04,52,Not Enough Hours In The Night,Doug Supernaw,57,4,Gains In Performance
1995-11-04,53,Heart Half Empty,Ty Herndon Featuring Stephanie Bentley,51,4,Gains In Performance
1995-11-04,54,I'm A Stranger Here Myself,Perfect Stranger,52,6,Gains In Performance
1995-11-04,55,What I Meant To Say,Wade Hayes,69,2,Gains In Performance
1995-11-04,56,"Knock, Knock",The Hutchens,58,5,Gains In Performance
1995-11-04,57,She Said Yes,Rhett Akins,59,3,Gains In Performance
1995-11-04,58,When Boy Meets Girl,Terri Clark,75,2,Gains In Performance
1995-11-04,59,Honky Tonk Healin',David Ball,50,8,
1995-11-04,60,Big Ol' Truck,Toby Keith,56,17,
1995-11-11,1,Check Yes Or No,George Strait,2,8,Gains In Performance
1995-11-11,2,Dust On The Bottle,David Lee Murphy,1,14,
1995-11-11,3,No Man's Land,John Michael Montgomery,3,12,Gains In Performance
1995-11-11,4,I Let Her Lie,Daryle Singletary,6,16,Gains In Performance
1995-11-11,5,Safe In The Arms Of Love,Martina McBride,5,16,Gains In Performance
1995-11-11,6,Who Needs You Baby,Clay Walker,10,9,Gains In Performance
1995-11-11,7,She's Every Woman,Garth Brooks,4,10,
1995-11-11,8,All I Need To Know,Kenny Chesney,8,16,
1995-11-11,9,Whiskey Under The Bridge,Brooks & Dunn,11,8,Gains In Performance
1995-11-11,10,"Tall, Tall Trees",Alan Jackson,17,4,Gains In Performance
1995-11-11,11,I Wanna Go Too Far,Trisha Yearwood,9,15,
1995-11-11,12,Sometimes She Forgets,Travis Tritt,12,13,Gains In Performance
1995-11-11,13,Back In Your Arms Again,Lorrie Morgan,13,11,Gains In Performance
1995-11-11,14,I'm Not Strong Enough To Say No,BlackHawk,7,16,
1995-11-11,15,Life Goes On,Little Texas,15,11,Gains In Performance
1995-11-11,16,The Woman In Me (Needs The Man In You),Shania Twain,14,14,Gains In Performance
1995-11-11,17,In Pictures,Alabama,19,7,Gains In Performance
1995-11-11,18,If I Was A Drinkin' Man,Neal McCoy,18,14,Gains In Performance
1995-11-11,19,That's As Close As I'll Get To Loving You,Aaron Tippin,20,11,Gains In Performance
1995-11-11,20,I Will Always Love You,Dolly Parton & Vince Gill,23,9,Gains In Performance
1995-11-11,21,"I Like It, I Love It",Tim McGraw,16,14,
1995-11-11,22,Tequila Talkin',Lonestar,24,13,Gains In Performance
1995-11-11,23,Life Gets Away,Clint Black,27,5,Gains In Performance
1995-11-11,24,Go Rest High On That Mountain,Vince Gill,26,11,Gains In Performance
1995-11-11,25,Deep Down,Pam Tillis,31,6,Gains In Performance
1995-11-11,26,Trouble,Mark Chesnutt,30,8,Gains In Performance
1995-11-11,27,Love Lessons,Tracy Byrd,28,10,Gains In Performance
1995-11-11,28,If The World Had A Front Porch,Tracy Lawrence,21,16,
1995-11-11,29,Better Things To Do,Terri Clark,22,18,
1995-11-11,30,Here Comes The Rain,The Mavericks,33,13,Gains In Performance
1995-11-11,31,Born In The Dark,Doug Stone,35,8,Gains In Performance
1995-11-11,32,Rebecca Lynn,Bryan White,38,6,Gains In Performance
1995-11-11,33,The Car,Jeff Carson,40,6,Gains In Performance
1995-11-11,34,Nothing,Dwight Yoakam,37,5,Gains In Performance
1995-11-11,35,It's Not The End Of The World,Emilio,36,13,Gains In Performance
1995-11-11,36,Can't Be Really Gone,Tim McGraw,50,5,Gains In Performance
1995-11-11,37,When A Woman Loves A Man,Lee Roy Parnell,39,10,Gains In Performance
1995-11-11,38,"One Boy, One Girl",Collin Raye,32,16,
1995-11-11,39,Let's Go To Vegas,Faith Hill,25,15,
1995-11-11,40,(This Thing Called) Wantin' And Havin' It All,Sawyer Brown,34,17,
1995-11-11,41,One Emotion,Clint Black,41,19,
1995-11-11,42,If I Had Any Pride Left At All,John Berry,44,4,Gains In Performance
1995-11-11,43,Halfway Down,Patty Loveless,42,19,
1995-11-11,44,Rub-A-Dubbin',Ken Mellons,46,7,Gains In Performance
1995-11-11,45,Not Enough Hours In The Night,Doug Supernaw,52,5,Gains In Performance
1995-11-11,46,I Think About It All The Time,John Berry,43,19,
1995-11-11,47,Heart Half Empty,Ty Herndon Featuring Stephanie Bentley,53,5,Gains In Performance
1995-11-11,48,On My Own,Reba McEntire,29,9,
1995-11-11,49,When Boy Meets Girl,Terri Clark,58,3,Gains In Performance
1995-11-11,50,She Ain't Your Ordinary Girl,Alabama,47,20,
1995-11-11,51,What I Meant To Say,Wade Hayes,55,3,Gains In Performance
1995-11-11,52,Don't Stop,Wade Hayes,48,18,
1995-11-11,53,Save This One For Me,Rick Trevino,45,10,
1995-11-11,54,Anything For Love,James House,51,9,
1995-11-11,55,I'm A Stranger Here Myself,Perfect Stranger,54,7,Gains In Performance
1995-11-11,56,Heaven Bound (I'm Ready),Shenandoah,49,15,
1995-11-11,57,She Said Yes,Rhett Akins,57,4,Gains In Performance
1995-11-11,58,Smoke In Her Eyes,Ty England,62,3,Gains In Performance
1995-11-11,59,"Knock, Knock",The Hutchens,56,6,
1995-11-11,60,It Matters To Me,Faith Hill,NEW,1,Highest ranking debut|Gains In Performance
1995-11-18,1,Check Yes Or No,George Strait,1,9,Gains In Performance
1995-11-18,2,I Let Her Lie,Daryle Singletary,4,17,Gains In Performance
1995-11-18,3,Who Needs You Baby,Clay Walker,6,10,Gains In Performance
1995-11-18,4,Safe In The Arms Of Love,Martina McBride,5,17,
1995-11-18,5,Dust On The Bottle,David Lee Murphy,2,15,
1995-11-18,6,"Tall, Tall Trees",Alan Jackson,10,5,Gains In Performance
1995-11-18,7,Whiskey Under The Bridge,Brooks & Dunn,9,9,Gains In Performance
1995-11-18,8,No Man's Land,John Michael Montgomery,3,13,
1995-11-18,9,Back In Your Arms Again,Lorrie Morgan,13,12,Gains In Performance
1995-11-18,10,Sometimes She Forgets,Travis Tritt,12,14,Gains In Performance
1995-11-18,11,Life Goes On,Little Texas,15,12,Gains In Performance
1995-11-18,12,I Wanna Go Too Far,Trisha Yearwood,11,16,
1995-11-18,13,In Pictures,Alabama,17,8,Gains In Performance
1995-11-18,14,That's As Close As I'll Get To Loving You,Aaron Tippin,19,12,Gains In Performance
1995-11-18,15,She's Every Woman,Garth Brooks,7,11,
1995-11-18,16,If I Was A Drinkin' Man,Neal McCoy,18,15,
1995-11-18,17,The Woman In Me (Needs The Man In You),Shania Twain,16,15,
1995-11-18,18,Tequila Talkin',Lonestar,22,14,Gains In Performance
1995-11-18,19,Life Gets Away,Clint Black,23,6,Gains In Performance
1995-11-18,20,I Will Always Love You,Dolly Parton & Vince Gill,20,10,Gains In Performance
1995-11-18,21,All I Need To Know,Kenny Chesney,8,17,
1995-11-18,22,Deep Down,Pam Tillis,25,7,Gains In Performance
1995-11-18,23,I'm Not Strong Enough To Say No,BlackHawk,14,17,
1995-11-18,24,Go Rest High On That Mountain,Vince Gill,24,12,Gains In Performance
1995-11-18,25,Love Lessons,Tracy Byrd,27,11,Gains In Performance
1995-11-18,26,Trouble,Mark Chesnutt,26,9,Gains In Performance
1995-11-18,27,"I Like It, I Love It",Tim McGraw,21,15,
1995-11-18,28,The Car,Jeff Carson,33,7,Gains In Performance
1995-11-18,29,Rebecca Lynn,Bryan White,32,7,Gains In Performance
1995-11-18,30,Can't Be Really Gone,Tim McGraw,36,6,Gains In Performance
1995-11-18,31,Born In The Dark,Doug Stone,31,9,Gains In Performance
1995-11-18,32,Here Comes The Rain,The Mavericks,30,14,Gains In Performance
1995-11-18,33,Nothing,Dwight Yoakam,34,6,Gains In Performance
1995-11-18,34,If The World Had A Front Porch,Tracy Lawrence,28,17,
1995-11-18,35,When A Woman Loves A Man,Lee Roy Parnell,37,11,Gains In Performance
1995-11-18,36,It's Not The End Of The World,Emilio,35,14,Gains In Performance
1995-11-18,37,Better Things To Do,Terri Clark,29,19,
1995-11-18,38,If I Had Any Pride Left At All,John Berry,42,5,Gains In Performance
1995-11-18,39,"One Boy, One Girl",Collin Raye,38,17,
1995-11-18,40,When Boy Meets Girl,Terri Clark,49,4,Gains In Performance
1995-11-18,41,Rub-A-Dubbin',Ken Mellons,44,8,Gains In Performance
1995-11-18,42,Not Enough Hours In The Night,Doug Supernaw,45,6,Gains In Performance
1995-11-18,43,Heart Half Empty,Ty Herndon Featuring Stephanie Bentley,47,6,Gains In Performance
1995-11-18,44,One Emotion,Clint Black,41,20,
1995-11-18,45,Let's Go To Vegas,Faith Hill,39,16,
1995-11-18,46,What I Meant To Say,Wade Hayes,51,4,Gains In Performance
1995-11-18,47,(This Thing Called) Wantin' And Havin' It All,Sawyer Brown,40,18,
1995-11-18,48,Halfway Down,Patty Loveless,43,20,
1995-11-18,49,"Ring On Her Finger, Time On Her Hands",Reba McEntire,63,2,Gains In Performance
1995-11-18,50,I Think About It All The Time,John Berry,46,20,
1995-11-18,51,It Matters To Me,Faith Hill,60,2,Gains In Performance
1995-11-18,52,Don't Stop,Wade Hayes,52,19,
1995-11-18,53,I'm A Stranger Here Myself,Perfect Stranger,55,8,Gains In Performance
1995-11-18,54,Smoke In Her Eyes,Ty England,58,4,Gains In Performance
1995-11-18,55,She Said Yes,Rhett Akins,57,5,Gains In Performance
1995-11-18,56,Like There Ain't No Yesterday,BlackHawk,71,2,Gains In Performance
1995-11-18,57,Anything For Love,James House,54,10,
1995-11-18,58,Not That Different,Collin Raye,NEW,1,Highest ranking debut|Gains In Performance
1995-11-18,59,On My Own,Reba McEntire,48,10,
1995-11-18,60,"Always Have, Always Will",Shenandoah,65,3,Gains In Performance
1995-11-25,1,Check Yes Or No,George Strait,1,10,
1995-11-25,2,Who Needs You Baby,Clay Walker,3,11,Gains In Performance
1995-11-25,3,"Tall, Tall Trees",Alan Jackson,6,6,Gains In Performance
1995-11-25,4,Back In Your Arms Again,Lorrie Morgan,9,13,Gains In Performance
1995-11-25,5,Whiskey Under The Bridge,Brooks & Dunn,7,10,Gains In Performance
1995-11-25,6,Life Goes On,Little Texas,11,13,Gains In Performance
1995-11-25,7,Sometimes She Forgets,Travis Tritt,10,15,Gains In Performance
1995-11-25,8,That's As Close As I'll Get To Loving You,Aaron Tippin,14,13,Gains In Performance
1995-11-25,9,I Let Her Lie,Daryle Singletary,2,18,
1995-11-25,10,In Pictures,Alabama,13,9,Gains In Performance
1995-11-25,11,Dust On The Bottle,David Lee Murphy,5,16,
1995-11-25,12,Life Gets Away,Clint Black,19,7,Gains In Performance
1995-11-25,13,Tequila Talkin',Lonestar,18,15,Gains In Performance
1995-11-25,14,Deep Down,Pam Tillis,22,8,Gains In Performance
1995-11-25,15,I Will Always Love You,Dolly Parton & Vince Gill,20,11,
1995-11-25,16,If I Was A Drinkin' Man,Neal McCoy,16,16,
1995-11-25,17,Love Lessons,Tracy Byrd,25,12,Gains In Performance
1995-11-25,18,Can't Be Really Gone,Tim McGraw,30,7,Gains In Performance
1995-11-25,19,Go Rest High On That Mountain,Vince Gill,24,13,Gains In Performance
1995-11-25,20,Safe In The Arms Of Love,Martina McBride,4,18,
1995-11-25,21,The Car,Jeff Carson,28,8,Gains In Performance
1995-11-25,22,No Man's Land,John Michael Montgomery,8,14,
1995-11-25,23,Rebecca Lynn,Bryan White,29,8,Gains In Performance
1995-11-25,24,Trouble,Mark Chesnutt,26,10,Gains In Performance
1995-11-25,25,Born In The Dark,Doug Stone,31,10,Gains In Performance
1995-11-25,26,"I Like It, I Love It",Tim McGraw,27,16,
1995-11-25,27,The Fever,Garth Brooks,NEW,1,Highest ranking debut|Gains In Performance
1995-11-25,28,I'm Not Strong Enough To Say No,BlackHawk,23,18,
1995-11-25,29,Here Comes The Rain,The Mavericks,32,15,Gains In Performance
1995-11-25,30,She's Every Woman,Garth Brooks,15,12,
1995-11-25,31,When A Woman Loves A Man,Lee Roy Parnell,35,12,Gains In Performance
1995-11-25,32,Nothing,Dwight Yoakam,33,7,
1995-11-25,33,All I Need To Know,Kenny Chesney,21,18,
1995-11-25,34,It's Not The End Of The World,Emilio,36,15,Gains In Performance
1995-11-25,35,I Wanna Go Too Far,Trisha Yearwood,12,17,
1995-11-25,36,When Boy Meets Girl,Terri Clark,40,5,Gains In Performance
1995-11-25,37,If The World Had A Front Porch,Tracy Lawrence,34,18,
1995-11-25,38,Better Things To Do,Terri Clark,37,20,Gains In Performance
1995-11-25,39,If I Had Any Pride Left At All,John Berry,38,6,Gains In Performance
1995-11-25,40,It Matters To Me,Faith Hill,51,3,Gains In Performance
1995-11-25,41,The Woman In Me (Needs The Man In You),Shania Twain,17,16,
1995-11-25,42,"Ring On Her Finger, Time On Her Hands",Reba McEntire,49,3,Gains In Performance
1995-11-25,43,"One Boy, One Girl",Collin Raye,39,18,
1995-11-25,44,Heart Half Empty,Ty Herndon Featuring Stephanie Bentley,43,7,Gains In Performance
1995-11-25,45,Rub-A-Dubbin',Ken Mellons,41,9,Gains In Performance
1995-11-25,46,Not Enough Hours In The Night,Doug Supernaw,42,7,Gains In Performance
1995-11-25,47,What I Meant To Say,Wade Hayes,46,5,Gains In Performance
1995-11-25,48,Like There Ain't No Yesterday,BlackHawk,56,3,Gains In Performance
1995-11-25,49,Cowboy Love,John Michael Montgomery,65,2,Gains In Performance
1995-11-25,50,Not That Different,Collin Raye,58,2,Gains In Performance
1995-11-25,51,Let's Go To Vegas,Faith Hill,45,17,
1995-11-25,52,(This Thing Called) Wantin' And Havin' It All,Sawyer Brown,47,19,
1995-11-25,53,(If You're Not In It For Love) I'm Outta Here!,Shania Twain,68,2,Gains In Performance
1995-11-25,54,She Said Yes,Rhett Akins,55,6,Gains In Performance
1995-11-25,55,Smoke In Her Eyes,Ty England,54,5,Gains In Performance
1995-11-25,56,I'm A Stranger Here Myself,Perfect Stranger,53,9,
1995-11-25,57,"Always Have, Always Will",Shenandoah,60,4,Gains In Performance
1995-11-25,58,Don't Stop,Wade Hayes,52,20,
1995-11-25,59,Grandpa Told Me So,Kenny Chesney,75,3,Gains In Performance
1995-11-25,60,Veil Of Tears,Hal Ketchum,64,2,Gains In Performance
1995-12-02,1,Check Yes Or No,George Strait,1,11,
1995-12-02,2,Who Needs You Baby,Clay Walker,2,12,Gains In Performance
1995-12-02,3,"Tall, Tall Trees",Alan Jackson,3,7,Gains In Performance
1995-12-02,4,Back In Your Arms Again,Lorrie Morgan,4,14,Gains In Performance
1995-12-02,5,Life Goes On,Little Texas,6,14,Gains In Performance
1995-12-02,6,In Pictures,Alabama,10,10,Gains In Performance
1995-12-02,7,That's As Close As I'll Get To Loving You,Aaron Tippin,8,14,Gains In Performance
1995-12-02,8,Whiskey Under The Bridge,Brooks & Dunn,5,11,
1995-12-02,9,Life Gets Away,Clint Black,12,8,Gains In Performance
1995-12-02,10,Deep Down,Pam Tillis,14,9,Gains In Performance
1995-12-02,11,Tequila Talkin',Lonestar,13,16,Gains In Performance
1995-12-02,12,Sometimes She Forgets,Travis Tritt,7,16,
1995-12-02,13,Can't Be Really Gone,Tim McGraw,18,8,Gains In Performance
1995-12-02,14,Rebecca Lynn,Bryan White,23,9,Gains In Performance
1995-12-02,15,Go Rest High On That Mountain,Vince Gill,19,14,Gains In Performance
1995-12-02,16,The Car,Jeff Carson,21,9,Gains In Performance
1995-12-02,17,Love Lessons,Tracy Byrd,17,13,Gains In Performance
1995-12-02,18,Dust On The Bottle,David Lee Murphy,11,17,
1995-12-02,19,I Will Always Love You,Dolly Parton & Vince Gill,15,12,
1995-12-02,20,Trouble,Mark Chesnutt,24,11,Gains In Performance
1995-12-02,21,Born In The Dark,Doug Stone,25,11,Gains In Performance
1995-12-02,22,Here Comes The Rain,The Mavericks,29,16,Gains In Performance
1995-12-02,23,I Let Her Lie,Daryle Singletary,9,19,
1995-12-02,24,The Fever,Garth Brooks,27,2,
1995-12-02,25,When A Woman Loves A Man,Lee Roy Parnell,31,13,Gains In Performance
1995-12-02,26,Nothing,Dwight Yoakam,32,8,Gains In Performance
1995-12-02,27,When Boy Meets Girl,Terri Clark,36,6,Gains In Performance
1995-12-02,28,Safe In The Arms Of Love,Martina McBride,20,19,
1995-12-02,29,"I Like It, I Love It",Tim McGraw,26,17,
1995-12-02,30,It Matters To Me,Faith Hill,40,4,Gains In Performance
1995-12-02,31,It's Not The End Of The World,Emilio,34,16,Gains In Performance
1995-12-02,32,I'm Not Strong Enough To Say No,BlackHawk,28,19,
1995-12-02,33,"Ring On Her Finger, Time On Her Hands",Reba McEntire,42,4,Gains In Performance
1995-12-02,34,If I Had Any Pride Left At All,John Berry,39,7,Gains In Performance
1995-12-02,35,She's Every Woman,Garth Brooks,30,13,
1995-12-02,36,If The World Had A Front Porch,Tracy Lawrence,37,19,
1995-12-02,37,No Man's Land,John Michael Montgomery,22,15,
1995-12-02,38,Cowboy Love,John Michael Montgomery,49,3,Gains In Performance
1995-12-02,39,If I Was A Drinkin' Man,Neal McCoy,16,17,
1995-12-02,40,(If You're Not In It For Love) I'm Outta Here!,Shania Twain,53,3,Gains In Performance
1995-12-02,41,Heart Half Empty,Ty Herndon Featuring Stephanie Bentley,44,8,Gains In Performance
1995-12-02,42,Not Enough Hours In The Night,Doug Supernaw,46,8,Gains In Performance
1995-12-02,43,All I Need To Know,Kenny Chesney,33,19,
1995-12-02,44,What I Meant To Say,Wade Hayes,47,6,Gains In Performance
1995-12-02,45,Like There Ain't No Yesterday,BlackHawk,48,4,Gains In Performance
1995-12-02,46,Rub-A-Dubbin',Ken Mellons,45,10,Gains In Performance
1995-12-02,47,"One Boy, One Girl",Collin Raye,43,19,
1995-12-02,48,I Wanna Go Too Far,Trisha Yearwood,35,18,
1995-12-02,49,Not That Different,Collin Raye,50,3,Gains In Performance
1995-12-02,50,Let's Go To Vegas,Faith Hill,51,18,
1995-12-02,51,She Said Yes,Rhett Akins,54,7,Gains In Performance
1995-12-02,52,Smoke In Her Eyes,Ty England,55,6,Gains In Performance
1995-12-02,53,(This Thing Called) Wantin' And Havin' It All,Sawyer Brown,52,20,
1995-12-02,54,The Woman In Me (Needs The Man In You),Shania Twain,41,17,
1995-12-02,55,Grandpa Told Me So,Kenny Chesney,59,4,Gains In Performance
1995-12-02,56,Out With A Bang,David Lee Murphy,70,2,Gains In Performance
1995-12-02,57,"Always Have, Always Will",Shenandoah,57,5,Gains In Performance
1995-12-02,58,Bigger Than The Beatles,Joe Diffie,NEW,1,Highest ranking debut|Gains In Performance
1995-12-02,59,Veil Of Tears,Hal Ketchum,60,3,Gains In Performance
1995-12-02,60,'Round Here,Sawyer Brown,73,2,Gains In Performance
1995-12-09,1,"Tall, Tall Trees",Alan Jackson,3,8,Gains In Performance
1995-12-09,2,Check Yes Or No,George Strait,1,12,
1995-12-09,3,That's As Close As I'll Get To Loving You,Aaron Tippin,7,15,Gains In Performance
1995-12-09,4,Back In Your Arms Again,Lorrie Morgan,4,15,
1995-12-09,5,Who Needs You Baby,Clay Walker,2,13,
1995-12-09,6,In Pictures,Alabama,6,11,Gains In Performance
1995-12-09,7,Life Goes On,Little Texas,5,15,
1995-12-09,8,Life Gets Away,Clint Black,9,9,Gains In Performance
1995-12-09,9,Deep Down,Pam Tillis,10,10,Gains In Performance
1995-12-09,10,Tequila Talkin',Lonestar,11,17,Gains In Performance
1995-12-09,11,Rebecca Lynn,Bryan White,14,10,Gains In Performance
1995-12-09,12,The Car,Jeff Carson,16,10,Gains In Performance
1995-12-09,13,Can't Be Really Gone,Tim McGraw,13,9,Gains In Performance
1995-12-09,14,Go Rest High On That Mountain,Vince Gill,15,15,Gains In Performance
1995-12-09,15,Love Lessons,Tracy Byrd,17,14,Gains In Performance
1995-12-09,16,Born In The Dark,Doug Stone,21,12,Gains In Performance
1995-12-09,17,It Matters To Me,Faith Hill,30,5,Gains In Performance
1995-12-09,18,Trouble,Mark Chesnutt,20,12,Gains In Performance
1995-12-09,19,Whiskey Under The Bridge,Brooks & Dunn,8,12,
1995-12-09,20,When A Woman Loves A Man,Lee Roy Parnell,25,14,Gains In Performance
1995-12-09,21,When Boy Meets Girl,Terri Clark,27,7,Gains In Performance
1995-12-09,22,Here Comes The Rain,The Mavericks,22,17,Gains In Performance
1995-12-09,23,The Fever,Garth Brooks,24,3,Gains In Performance
1995-12-09,24,Dust On The Bottle,David Lee Murphy,18,18,
1995-12-09,25,Nothing,Dwight Yoakam,26,9,Gains In Performance
1995-12-09,26,Cowboy Love,John Michael Montgomery,38,4,Gains In Performance
1995-12-09,27,"Ring On Her Finger, Time On Her Hands",Reba McEntire,33,5,Gains In Performance
1995-12-09,28,It's Not The End Of The World,Emilio,31,17,Gains In Performance
1995-12-09,29,"I Like It, I Love It",Tim McGraw,29,18,
1995-12-09,30,(If You're Not In It For Love) I'm Outta Here!,Shania Twain,40,4,Gains In Performance
1995-12-09,31,If I Had Any Pride Left At All,John Berry,34,8,Gains In Performance
1995-12-09,32,I Let Her Lie,Daryle Singletary,23,20,
1995-12-09,33,Like There Ain't No Yesterday,BlackHawk,45,5,Gains In Performance
1995-12-09,34,Sometimes She Forgets,Travis Tritt,12,17,
1995-12-09,35,I'm Not Strong Enough To Say No,BlackHawk,32,20,
1995-12-09,36,Not Enough Hours In The Night,Doug Supernaw,42,9,Gains In Performance
1995-12-09,37,I Will Always Love You,Dolly Parton & Vince Gill,19,13,
1995-12-09,38,Safe In The Arms Of Love,Martina McBride,28,20,
1995-12-09,39,If The World Had A Front Porch,Tracy Lawrence,36,20,
1995-12-09,40,She's Every Woman,Garth Brooks,35,14,
1995-12-09,41,Heart Half Empty,Ty Herndon Featuring Stephanie Bentley,41,9,Gains In Performance
1995-12-09,42,Not That Different,Collin Raye,49,4,Gains In Performance
1995-12-09,43,What I Meant To Say,Wade Hayes,44,7,Gains In Performance
1995-12-09,44,Rub-A-Dubbin',Ken Mellons,46,11,
1995-12-09,45,Bigger Than The Beatles,Joe Diffie,58,2,Gains In Performance
1995-12-09,46,No Man's Land,John Michael Montgomery,37,16,
1995-12-09,47,All I Need To Know,Kenny Chesney,43,20,
1995-12-09,48,"One Boy, One Girl",Collin Raye,47,20,
1995-12-09,49,If I Was A Drinkin' Man,Neal McCoy,39,18,
1995-12-09,50,I Wanna Go Too Far,Trisha Yearwood,48,19,
1995-12-09,51,Out With A Bang,David Lee Murphy,56,3,Gains In Performance
1995-12-09,52,She Said Yes,Rhett Akins,51,8,Gains In Performance
1995-12-09,53,Grandpa Told Me So,Kenny Chesney,55,5,Gains In Performance
1995-12-09,54,Smoke In Her Eyes,Ty England,52,7,Gains In Performance
1995-12-09,55,'Round Here,Sawyer Brown,60,3,Gains In Performance
1995-12-09,56,"Always Have, Always Will",Shenandoah,57,6,Gains In Performance
1995-12-09,57,Let's Go To Vegas,Faith Hill,50,19,
1995-12-09,58,Wild Angels,Martina McBride,73,2,Gains In Performance
1995-12-09,59,Veil Of Tears,Hal Ketchum,59,4,Gains In Performance
1995-12-09,60,Those Words We Said,Kim Richey,61,10,Gains In Performance
1995-12-16,1,"Tall, Tall Trees",Alan Jackson,1,9,
1995-12-16,2,That's As Close As I'll Get To Loving You,Aaron Tippin,3,16,Gains In Performance
1995-12-16,3,Check Yes Or No,George Strait,2,13,
1995-12-16,4,In Pictures,Alabama,6,12,Gains In Performance
1995-12-16,5,Life Gets Away,Clint Black,8,10,Gains In Performance
1995-12-16,6,Who Needs You Baby,Clay Walker,5,14,
1995-12-16,7,Deep Down,Pam Tillis,9,11,Gains In Performance
1995-12-16,8,Tequila Talkin',Lonestar,10,18,Gains In Performance
1995-12-16,9,The Car,Jeff Carson,12,11,Gains In Performance
1995-12-16,10,Can't Be Really Gone,Tim McGraw,13,10,Gains In Performance
1995-12-16,11,Rebecca Lynn,Bryan White,11,11,Gains In Performance
1995-12-16,12,Life Goes On,Little Texas,7,16,
1995-12-16,13,Back In Your Arms Again,Lorrie Morgan,4,16,
1995-12-16,14,Go Rest High On That Mountain,Vince Gill,14,16,Gains In Performance
1995-12-16,15,It Matters To Me,Faith Hill,17,6,Gains In Performance
1995-12-16,16,Love Lessons,Tracy Byrd,15,15,Gains In Performance
1995-12-16,17,Born In The Dark,Doug Stone,16,13,Gains In Performance
1995-12-16,18,Cowboy Love,John Michael Montgomery,26,5,Gains In Performance
1995-12-16,19,When A Woman Loves A Man,Lee Roy Parnell,20,15,Gains In Performance
1995-12-16,20,When Boy Meets Girl,Terri Clark,21,8,Gains In Performance
1995-12-16,21,(If You're Not In It For Love) I'm Outta Here!,Shania Twain,30,5,Gains In Performance
1995-12-16,22,Here Comes The Rain,The Mavericks,22,18,Gains In Performance
1995-12-16,23,Nothing,Dwight Yoakam,25,10,Gains In Performance
1995-12-16,24,"Ring On Her Finger, Time On Her Hands",Reba McEntire,27,6,Gains In Performance
1995-12-16,25,Trouble,Mark Chesnutt,18,13,
1995-12-16,26,The Fever,Garth Brooks,23,4,
1995-12-16,27,It's Not The End Of The World,Emilio,28,18,Gains In Performance
1995-12-16,28,Dust On The Bottle,David Lee Murphy,24,19,
1995-12-16,29,Like There Ain't No Yesterday,BlackHawk,33,6,Gains In Performance
1995-12-16,30,If I Had Any Pride Left At All,John Berry,31,9,Gains In Performance
1995-12-16,31,Bigger Than The Beatles,Joe Diffie,45,3,Gains In Performance
1995-12-16,32,Not Enough Hours In The Night,Doug Supernaw,36,10,Gains In Performance
1995-12-16,33,"I Like It, I Love It",Tim McGraw,29,19,
1995-12-16,34,Whiskey Under The Bridge,Brooks & Dunn,19,13,
1995-12-16,35,Not That Different,Collin Raye,42,5,Gains In Performance
1995-12-16,36,Heart Half Empty,Ty Herndon Featuring Stephanie Bentley,41,10,Gains In Performance
1995-12-16,37,What I Meant To Say,Wade Hayes,43,8,Gains In Performance
1995-12-16,38,She's Every Woman,Garth Brooks,40,15,
1995-12-16,39,Rub-A-Dubbin',Ken Mellons,44,12,
1995-12-16,40,Sometimes She Forgets,Travis Tritt,34,18,
1995-12-16,41,Out With A Bang,David Lee Murphy,51,4,Gains In Performance
1995-12-16,42,No Man's Land,John Michael Montgomery,46,17,
1995-12-16,43,'Round Here,Sawyer Brown,55,4,Gains In Performance
1995-12-16,44,I Will Always Love You,Dolly Parton & Vince Gill,37,14,
1995-12-16,45,Grandpa Told Me So,Kenny Chesney,53,6,Gains In Performance
1995-12-16,46,She Said Yes,Rhett Akins,52,9,Gains In Performance
1995-12-16,47,Wild Angels,Martina McBride,58,3,Gains In Performance
1995-12-16,48,Smoke In Her Eyes,Ty England,54,8,Gains In Performance
1995-12-16,49,If I Was A Drinkin' Man,Neal McCoy,49,19,
1995-12-16,50,Redneck 12 Days Of Christmas,Jeff Foxworthy,NEW,1,Highest ranking debut|Gains In Performance
1995-12-16,51,"Always Have, Always Will",Shenandoah,56,7,Gains In Performance
1995-12-16,52,I Wanna Go Too Far,Trisha Yearwood,50,20,
1995-12-16,53,Paradise,John Anderson,74,2,Gains In Performance
1995-12-16,54,Some Things Are Meant To Be,Linda Davis,66,3,Gains In Performance
1995-12-16,55,Let's Go To Vegas,Faith Hill,57,20,
1995-12-16,56,Veil Of Tears,Hal Ketchum,59,5,Gains In Performance
1995-12-16,57,What If Jesus Comes Back Like That,Collin Raye,62,4,Gains In Performance
1995-12-16,58,Too Much Fun,Daryle Singletary,63,2,Gains In Performance
1995-12-16,59,Those Words We Said,Kim Richey,60,11,
1995-12-16,60,Solid Ground,Ricky Skaggs,68,4,Gains In Performance
1995-12-23,1,That's As Close As I'll Get To Loving You,Aaron Tippin,2,17,
1995-12-23,2,"Tall, Tall Trees",Alan Jackson,1,10,
1995-12-23,3,The Car,Jeff Carson,9,12,Gains In Performance
1995-12-23,4,Can't Be Really Gone,Tim McGraw,10,11,Gains In Performance
1995-12-23,5,Rebecca Lynn,Bryan White,11,12,Gains In Performance
1995-12-23,6,Life Gets Away,Clint Black,5,11,Gains In Performance
1995-12-23,7,Check Yes Or No,George Strait,3,14,
1995-12-23,8,Deep Down,Pam Tillis,7,12,Gains In Performance
1995-12-23,9,It Matters To Me,Faith Hill,15,7,Gains In Performance
1995-12-23,10,In Pictures,Alabama,4,13,
1995-12-23,11,Tequila Talkin',Lonestar,8,19,
1995-12-23,12,Love Lessons,Tracy Byrd,16,16,Gains In Performance
1995-12-23,13,Cowboy Love,John Michael Montgomery,18,6,Gains In Performance
1995-12-23,14,Who Needs You Baby,Clay Walker,6,15,
1995-12-23,15,(If You're Not In It For Love) I'm Outta Here!,Shania Twain,21,6,Gains In Performance
1995-12-23,16,When A Woman Loves A Man,Lee Roy Parnell,19,16,Gains In Performance
1995-12-23,17,When Boy Meets Girl,Terri Clark,20,9,Gains In Performance
1995-12-23,18,Born In The Dark,Doug Stone,17,14,Gains In Performance
1995-12-23,19,Go Rest High On That Mountain,Vince Gill,14,17,
1995-12-23,20,"Ring On Her Finger, Time On Her Hands",Reba McEntire,24,7,Gains In Performance
1995-12-23,21,Nothing,Dwight Yoakam,23,11,
1995-12-23,22,Here Comes The Rain,The Mavericks,22,19,
1995-12-23,23,Life Goes On,Little Texas,12,17,
1995-12-23,24,Like There Ain't No Yesterday,BlackHawk,29,7,Gains In Performance
1995-12-23,25,Not Enough Hours In The Night,Doug Supernaw,32,11,Gains In Performance
1995-12-23,26,Bigger Than The Beatles,Joe Diffie,31,4,Gains In Performance
1995-12-23,27,Back In Your Arms Again,Lorrie Morgan,13,17,
1995-12-23,28,The Fever,Garth Brooks,26,5,
1995-12-23,29,If I Had Any Pride Left At All,John Berry,30,10,Gains In Performance
1995-12-23,30,Not That Different,Collin Raye,35,6,Gains In Performance
1995-12-23,31,What I Meant To Say,Wade Hayes,37,9,Gains In Performance
1995-12-23,32,It's Not The End Of The World,Emilio,27,19,
1995-12-23,33,Dust On The Bottle,David Lee Murphy,28,20,
1995-12-23,34,"I Like It, I Love It",Tim McGraw,33,20,
1995-12-23,35,Heart Half Empty,Ty Herndon Featuring Stephanie Bentley,36,11,Gains In Performance
1995-12-23,36,'Round Here,Sawyer Brown,43,5,Gains In Performance
1995-12-23,37,Redneck 12 Days Of Christmas,Jeff Foxworthy,50,2,Gains In Performance
1995-12-23,38,Out With A Bang,David Lee Murphy,41,5,Gains In Performance
1995-12-23,39,She's Every Woman,Garth Brooks,38,16,
1995-12-23,40,Whiskey Under The Bridge,Brooks & Dunn,34,14,
1995-12-23,41,Trouble,Mark Chesnutt,25,14,
1995-12-23,42,Wild Angels,Martina McBride,47,4,Gains In Performance
1995-12-23,43,Grandpa Told Me So,Kenny Chesney,45,7,Gains In Performance
1995-12-23,44,She Said Yes,Rhett Akins,46,10,Gains In Performance
1995-12-23,45,Paradise,John Anderson,53,3,Gains In Performance
1995-12-23,46,No Man's Land,John Michael Montgomery,42,18,
1995-12-23,47,"Always Have, Always Will",Shenandoah,51,8,Gains In Performance
1995-12-23,48,Smoke In Her Eyes,Ty England,48,9,Gains In Performance
1995-12-23,49,Some Things Are Meant To Be,Linda Davis,54,4,Gains In Performance
1995-12-23,50,Rub-A-Dubbin',Ken Mellons,39,13,
1995-12-23,51,Sometimes She Forgets,Travis Tritt,40,19,
1995-12-23,52,I Will Always Love You,Dolly Parton & Vince Gill,44,15,
1995-12-23,53,Too Much Fun,Daryle Singletary,58,3,Gains In Performance
1995-12-23,54,If You Loved Me,Tracy Lawrence,68,2,Gains In Performance
1995-12-23,55,Walkin' Away,Diamond Rio,66,2,Gains In Performance
1995-12-23,56,Leroy The Redneck Reindeer,Joe Diffie,61,2,Gains In Performance
1995-12-23,57,I Know She Still Loves Me,George Strait,NEW,1,Highest ranking debut|Gains In Performance
1995-12-23,58,What If Jesus Comes Back Like That,Collin Raye,57,5,
1995-12-23,59,Veil Of Tears,Hal Ketchum,56,6,
1995-12-23,60,What Do I Know,Ricochet,62,3,Gains In Performance
1995-12-30,1,That's As Close As I'll Get To Loving You,Aaron Tippin,1,18,
1995-12-30,2,Can't Be Really Gone,Tim McGraw,4,12,Gains In Performance
1995-12-30,3,Rebecca Lynn,Bryan White,5,13,Gains In Performance
1995-12-30,4,Life Gets Away,Clint Black,6,12,Gains In Performance
1995-12-30,5,The Car,Jeff Carson,3,13,Gains In Performance
1995-12-30,6,It Matters To Me,Faith Hill,9,8,Gains In Performance
1995-12-30,7,Deep Down,Pam Tillis,8,13,Gains In Performance
1995-12-30,8,"Tall, Tall Trees",Alan Jackson,2,11,
1995-12-30,9,Love Lessons,Tracy Byrd,12,17,Gains In Performance
1995-12-30,10,Check Yes Or No,George Strait,7,15,
1995-12-30,11,Cowboy Love,John Michael Montgomery,13,7,Gains In Performance
1995-12-30,12,(If You're Not In It For Love) I'm Outta Here!,Shania Twain,15,7,Gains In Performance
1995-12-30,13,When Boy Meets Girl,Terri Clark,17,10,Gains In Performance
1995-12-30,14,When A Woman Loves A Man,Lee Roy Parnell,16,17,Gains In Performance
1995-12-30,15,Born In The Dark,Doug Stone,18,15,Gains In Performance
1995-12-30,16,"Ring On Her Finger, Time On Her Hands",Reba McEntire,20,8,Gains In Performance
1995-12-30,17,Bigger Than The Beatles,Joe Diffie,26,5,Gains In Performance
1995-12-30,18,Not Enough Hours In The Night,Doug Supernaw,25,12,Gains In Performance
1995-12-30,19,In Pictures,Alabama,10,14,
1995-12-30,20,Nothing,Dwight Yoakam,21,12,Gains In Performance
1995-12-30,21,Like There Ain't No Yesterday,BlackHawk,24,8,Gains In Performance
1995-12-30,22,Not That Different,Collin Raye,30,7,Gains In Performance
1995-12-30,23,What I Meant To Say,Wade Hayes,31,10,Gains In Performance
1995-12-30,24,Who Needs You Baby,Clay Walker,14,16,
1995-12-30,25,If I Had Any Pride Left At All,John Berry,29,11,
1995-12-30,26,Tequila Talkin',Lonestar,11,20,
1995-12-30,27,Heart Half Empty,Ty Herndon Featuring Stephanie Bentley,35,12,Gains In Performance
1995-12-30,28,Redneck 12 Days Of Christmas,Jeff Foxworthy,37,3,Gains In Performance
1995-12-30,29,Go Rest High On That Mountain,Vince Gill,19,18,
1995-12-30,30,Back In Your Arms Again,Lorrie Morgan,27,18,
1995-12-30,31,Life Goes On,Little Texas,23,18,
1995-12-30,32,Out With A Bang,David Lee Murphy,38,6,Gains In Performance
1995-12-30,33,Wild Angels,Martina McBride,42,5,Gains In Performance
1995-12-30,34,The Fever,Garth Brooks,28,6,
1995-12-30,35,'Round Here,Sawyer Brown,36,6,Gains In Performance
1995-12-30,36,I Know She Still Loves Me,George Strait,57,2,Gains In Performance
1995-12-30,37,Here Comes The Rain,The Mavericks,22,20,
1995-12-30,38,Grandpa Told Me So,Kenny Chesney,43,8,Gains In Performance
1995-12-30,39,If You Loved Me,Tracy Lawrence,54,3,Gains In Performance
1995-12-30,40,Paradise,John Anderson,45,4,Gains In Performance
1995-12-30,41,She's Every Woman,Garth Brooks,39,17,
1995-12-30,42,Some Things Are Meant To Be,Linda Davis,49,5,Gains In Performance
1995-12-30,43,She Said Yes,Rhett Akins,44,11,Gains In Performance
1995-12-30,44,Walkin' Away,Diamond Rio,55,3,Gains In Performance
1995-12-30,45,Whiskey Under The Bridge,Brooks & Dunn,40,15,
1995-12-30,46,"Always Have, Always Will",Shenandoah,47,9,Gains In Performance
1995-12-30,47,Smoke In Her Eyes,Ty England,48,10,Gains In Performance
1995-12-30,48,It's Not The End Of The World,Emilio,32,20,
1995-12-30,49,Too Much Fun,Daryle Singletary,53,4,Gains In Performance
1995-12-30,50,No Man's Land,John Michael Montgomery,46,19,
1995-12-30,51,Leroy The Redneck Reindeer,Joe Diffie,56,3,Gains In Performance
1995-12-30,52,Sometimes She Forgets,Travis Tritt,51,20,
1995-12-30,53,Santa Claus Is Comin' (In A Boogie Woogie Choo Choo Train),The Tractors,61,3,Gains In Performance
1995-12-30,54,You Can Feel Bad,Patty Loveless,NEW,1,Highest ranking debut|Gains In Performance
1995-12-30,55,What Do I Know,Ricochet,60,4,Gains In Performance
1995-12-30,56,I Will Always Love You,Dolly Parton & Vince Gill,52,16,
1995-12-30,57,Trouble,Mark Chesnutt,41,15,
1995-12-30,58,All I Want For Christmas Is You,Vince Vance & The Valiants,64,8,Gains In Performance
1995-12-30,59,What If Jesus Comes Back Like That,Collin Raye,58,6,Gains In Performance
1995-12-30,60,It Wouldn't Hurt To Have Wings,Mark Chesnutt,NEW,1,Gains In Performance
1996-01-06,1,Rebecca Lynn,Bryan White,3,14,
1996-01-06,2,Can't Be Really Gone,Tim McGraw,2,13,
1996-01-06,3,It Matters To Me,Faith Hill,6,9,
1996-01-06,4,Life Gets Away,Clint Black,4,13,
1996-01-06,5,The Car,Jeff Carson,5,14,
1996-01-06,6,Deep Down,Pam Tillis,7,14,
1996-01-06,7,(If You're Not In It For Love) I'm Outta Here!,Shania Twain,12,8,Gains In Performance
1996-01-06,8,That's As Close As I'll Get To Loving You,Aaron Tippin,1,19,
1996-01-06,9,Love Lessons,Tracy Byrd,9,18,
1996-01-06,10,When Boy Meets Girl,Terri Clark,13,11,Gains In Performance
1996-01-06,11,Cowboy Love,John Michael Montgomery,11,8,
1996-01-06,12,When A Woman Loves A Man,Lee Roy Parnell,14,18,
1996-01-06,13,Born In The Dark,Doug Stone,15,16,
1996-01-06,14,Not Enough Hours In The Night,Doug Supernaw,18,13,Gains In Performance
1996-01-06,15,"Tall, Tall Trees",Alan Jackson,8,12,
1996-01-06,16,Bigger Than The Beatles,Joe Diffie,17,6,
1996-01-06,17,"Ring On Her Finger, Time On Her Hands",Reba McEntire,16,9,
1996-01-06,18,Redneck 12 Days Of Christmas,Jeff Foxworthy,28,4,Gains In Performance
1996-01-06,19,Check Yes Or No,George Strait,10,16,
1996-01-06,20,Like There Ain't No Yesterday,BlackHawk,21,9,
1996-01-06,21,Not That Different,Collin Raye,22,8,
1996-01-06,22,What I Meant To Say,Wade Hayes,23,11,
1996-01-06,23,Wild Angels,Martina McBride,33,6,Gains In Performance
1996-01-06,24,Out With A Bang,David Lee Murphy,32,7,Gains In Performance
1996-01-06,25,Nothing,Dwight Yoakam,20,13,
1996-01-06,26,Heart Half Empty,Ty Herndon Featuring Stephanie Bentley,27,13,
1996-01-06,27,'Round Here,Sawyer Brown,35,7,Gains In Performance
1996-01-06,28,If I Had Any Pride Left At All,John Berry,25,12,
1996-01-06,29,In Pictures,Alabama,19,15,
1996-01-06,30,I Know She Still Loves Me,George Strait,36,3,Gains In Performance
1996-01-06,31,If You Loved Me,Tracy Lawrence,39,4,Gains In Performance
1996-01-06,32,Who Needs You Baby,Clay Walker,24,17,
1996-01-06,33,Leroy The Redneck Reindeer,Joe Diffie,51,4,Gains In Performance
1996-01-06,34,Grandpa Told Me So,Kenny Chesney,38,9,Gains In Performance
1996-01-06,35,Go Rest High On That Mountain,Vince Gill,29,19,
1996-01-06,36,Life Goes On,Little Texas,31,19,
1996-01-06,37,Walkin' Away,Diamond Rio,44,4,Gains In Performance
1996-01-06,38,Back In Your Arms Again,Lorrie Morgan,30,19,
1996-01-06,39,Some Things Are Meant To Be,Linda Davis,42,6,Gains In Performance
1996-01-06,40,Paradise,John Anderson,40,5,
1996-01-06,41,I'll Try,Alan Jackson,67,2,Gains In Performance
1996-01-06,42,She Said Yes,Rhett Akins,43,12,
1996-01-06,43,Santa Claus Is Comin' (In A Boogie Woogie Choo Choo Train),The Tractors,53,4,Gains In Performance
1996-01-06,44,She's Every Woman,Garth Brooks,41,18,
1996-01-06,45,Too Much Fun,Daryle Singletary,49,5,Gains In Performance
1996-01-06,46,You Can Feel Bad,Patty Loveless,54,2,Gains In Performance
1996-01-06,47,"Always Have, Always Will",Shenandoah,46,10,
1996-01-06,48,I Only Want You For Christmas,Alan Jackson,63,9,Gains In Performance
1996-01-06,49,Whiskey Under The Bridge,Brooks & Dunn,45,16,
1996-01-06,50,Santa I'm Right Here,Toby Keith,69,4,Gains In Performance
1996-01-06,51,Smoke In Her Eyes,Ty England,47,11,
1996-01-06,52,All I Want For Christmas Is You,Vince Vance & The Valiants,58,9,Gains In Performance
1996-01-06,53,What Do I Know,Ricochet,55,5,Gains In Performance
1996-01-06,54,No Man's Land,John Michael Montgomery,50,20,
1996-01-06,55,O Holy Night,John Berry,NEW,1,Highest ranking debut|Gains In Performance
1996-01-06,56,It Wouldn't Hurt To Have Wings,Mark Chesnutt,60,2,Gains In Performance
1996-01-06,57,The Beaches Of Cheyenne,Garth Brooks,72,5,Gains In Performance
1996-01-06,58,Til' Santa's Gone (I Just Can't Wait),Clint Black,74,3,Gains In Performance
1996-01-06,59,To Be Loved By You,Wynonna,NEW,1,Gains In Performance
1996-01-06,60,"Ready, Willing And Able",Lari White,62,4,Gains In Performance
1996-01-13,1,It Matters To Me,Faith Hill,3,10,Gains In Performance
1996-01-13,2,Rebecca Lynn,Bryan White,1,15,
1996-01-13,3,Can't Be Really Gone,Tim McGraw,2,14,
1996-01-13,4,(If You're Not In It For Love) I'm Outta Here!,Shania Twain,7,9,Gains In Performance
1996-01-13,5,The Car,Jeff Carson,5,15,
1996-01-13,6,When Boy Meets Girl,Terri Clark,10,12,Gains In Performance
1996-01-13,7,Life Gets Away,Clint Black,4,14,
1996-01-13,8,Cowboy Love,John Michael Montgomery,11,9,
1996-01-13,9,Love Lessons,Tracy Byrd,9,19,
1996-01-13,10,Not Enough Hours In The Night,Doug Supernaw,14,14,Gains In Performance
1996-01-13,11,Deep Down,Pam Tillis,6,15,
1996-01-13,12,Born In The Dark,Doug Stone,13,17,
1996-01-13,13,Bigger Than The Beatles,Joe Diffie,16,7,Gains In Performance
1996-01-13,14,That's As Close As I'll Get To Loving You,Aaron Tippin,8,20,
1996-01-13,15,"Ring On Her Finger, Time On Her Hands",Reba McEntire,17,10,
1996-01-13,16,Like There Ain't No Yesterday,BlackHawk,20,10,Gains In Performance
1996-01-13,17,When A Woman Loves A Man,Lee Roy Parnell,12,19,
1996-01-13,18,"Tall, Tall Trees",Alan Jackson,15,13,
1996-01-13,19,Check Yes Or No,George Strait,19,17,
1996-01-13,20,Not That Different,Collin Raye,21,9,Gains In Performance
1996-01-13,21,What I Meant To Say,Wade Hayes,22,12,Gains In Performance
1996-01-13,22,Wild Angels,Martina McBride,23,7,Gains In Performance
1996-01-13,23,Out With A Bang,David Lee Murphy,24,8,Gains In Performance
1996-01-13,24,I Know She Still Loves Me,George Strait,30,4,Gains In Performance
1996-01-13,25,Heart Half Empty,Ty Herndon Featuring Stephanie Bentley,26,14,Gains In Performance
1996-01-13,26,'Round Here,Sawyer Brown,27,8,
1996-01-13,27,If You Loved Me,Tracy Lawrence,31,5,Gains In Performance
1996-01-13,28,If I Had Any Pride Left At All,John Berry,28,13,
1996-01-13,29,I'll Try,Alan Jackson,41,3,Gains In Performance
1996-01-13,30,In Pictures,Alabama,29,16,
1996-01-13,31,Grandpa Told Me So,Kenny Chesney,34,10,Gains In Performance
1996-01-13,32,Who Needs You Baby,Clay Walker,32,18,
1996-01-13,33,Walkin' Away,Diamond Rio,37,5,Gains In Performance
1996-01-13,34,Some Things Are Meant To Be,Linda Davis,39,7,Gains In Performance
1996-01-13,35,Life Goes On,Little Texas,36,20,Gains In Performance
1996-01-13,36,Paradise,John Anderson,40,6,Gains In Performance
1996-01-13,37,She Said Yes,Rhett Akins,42,13,Gains In Performance
1996-01-13,38,Back In Your Arms Again,Lorrie Morgan,38,20,
1996-01-13,39,The Beaches Of Cheyenne,Garth Brooks,57,6,Gains In Performance
1996-01-13,40,You Can Feel Bad,Patty Loveless,46,3,Gains In Performance
1996-01-13,41,Too Much Fun,Daryle Singletary,45,6,Gains In Performance
1996-01-13,42,She's Every Woman,Garth Brooks,44,19,Gains In Performance
1996-01-13,43,Nothing,Dwight Yoakam,25,14,
1996-01-13,44,Go Rest High On That Mountain,Vince Gill,35,20,
1996-01-13,45,To Be Loved By You,Wynonna,59,2,Gains In Performance
1996-01-13,46,"Always Have, Always Will",Shenandoah,47,11,Gains In Performance
1996-01-13,47,Smoke In Her Eyes,Ty England,51,12,Gains In Performance
1996-01-13,48,What Do I Know,Ricochet,53,6,Gains In Performance
1996-01-13,49,It Wouldn't Hurt To Have Wings,Mark Chesnutt,56,3,Gains In Performance
1996-01-13,50,Whiskey Under The Bridge,Brooks & Dunn,49,17,
1996-01-13,51,"Ready, Willing And Able",Lari White,60,5,Gains In Performance
1996-01-13,52,You Gotta Love That,Neal McCoy,64,2,Gains In Performance
1996-01-13,53,I Will Always Love You,Dolly Parton & Vince Gill,65,18,Gains In Performance
1996-01-13,54,She's Got A Mind Of Her Own,James Bonamy,66,5,Gains In Performance
1996-01-13,55,Hypnotize The Moon,Clay Walker,NEW,1,Highest ranking debut|Gains In Performance
1996-01-13,56,Standing Tall,Lorrie Morgan,69,4,Gains In Performance
1996-01-13,57,No News,Lonestar,NEW,1,Gains In Performance
1996-01-13,58,Redneck 12 Days Of Christmas,Jeff Foxworthy,18,5,
1996-01-13,59,Country Crazy,Little Texas,74,3,Gains In Performance
1996-01-13,60,Solid Ground,Ricky Skaggs,75,8,Gains In Performance
1996-01-20,1,It Matters To Me,Faith Hill,1,11,Gains In Performance
1996-01-20,2,(If You're Not In It For Love) I'm Outta Here!,Shania Twain,4,10,Gains In Performance
1996-01-20,3,Can't Be Really Gone,Tim McGraw,3,15,Gains In Performance
1996-01-20,4,Rebecca Lynn,Bryan White,2,16,Gains In Performance
1996-01-20,5,When Boy Meets Girl,Terri Clark,6,13,Gains In Performance
1996-01-20,6,Cowboy Love,John Michael Montgomery,8,10,Gains In Performance
1996-01-20,7,Not Enough Hours In The Night,Doug Supernaw,10,15,Gains In Performance
1996-01-20,8,Life Gets Away,Clint Black,7,15,Gains In Performance
1996-01-20,9,The Car,Jeff Carson,5,16,Gains In Performance
1996-01-20,10,Bigger Than The Beatles,Joe Diffie,13,8,Gains In Performance
1996-01-20,11,Love Lessons,Tracy Byrd,9,20,Gains In Performance
1996-01-20,12,"Ring On Her Finger, Time On Her Hands",Reba McEntire,15,11,Gains In Performance
1996-01-20,13,Like There Ain't No Yesterday,BlackHawk,16,11,Gains In Performance
1996-01-20,14,Not That Different,Collin Raye,20,10,Gains In Performance
1996-01-20,15,Born In The Dark,Doug Stone,12,18,Gains In Performance
1996-01-20,16,That's As Close As I'll Get To Loving You,Aaron Tippin,14,21,Gains In Performance
1996-01-20,17,Wild Angels,Martina McBride,22,8,Gains In Performance
1996-01-20,18,What I Meant To Say,Wade Hayes,21,13,Gains In Performance
1996-01-20,19,Deep Down,Pam Tillis,11,16,
1996-01-20,20,I Know She Still Loves Me,George Strait,24,5,Gains In Performance
1996-01-20,21,Heart Half Empty,Ty Herndon Featuring Stephanie Bentley,25,15,Gains In Performance
1996-01-20,22,Out With A Bang,David Lee Murphy,23,9,Gains In Performance
1996-01-20,23,Check Yes Or No,George Strait,19,18,Gains In Performance
1996-01-20,24,"Tall, Tall Trees",Alan Jackson,18,14,Gains In Performance
1996-01-20,25,If You Loved Me,Tracy Lawrence,27,6,Gains In Performance
1996-01-20,26,'Round Here,Sawyer Brown,26,9,Gains In Performance
1996-01-20,27,When A Woman Loves A Man,Lee Roy Parnell,17,20,
1996-01-20,28,I'll Try,Alan Jackson,29,4,Gains In Performance
1996-01-20,29,If I Had Any Pride Left At All,John Berry,28,14,Gains In Performance
1996-01-20,30,The Beaches Of Cheyenne,Garth Brooks,39,7,Gains In Performance
1996-01-20,31,Grandpa Told Me So,Kenny Chesney,31,11,Gains In Performance
1996-01-20,32,Some Things Are Meant To Be,Linda Davis,34,8,Gains In Performance
1996-01-20,33,You Can Feel Bad,Patty Loveless,40,4,Gains In Performance
1996-01-20,34,Paradise,John Anderson,36,7,Gains In Performance
1996-01-20,35,Walkin' Away,Diamond Rio,33,6,Gains In Performance
1996-01-20,36,In Pictures,Alabama,30,17,Gains In Performance
1996-01-20,37,To Be Loved By You,Wynonna,45,3,Gains In Performance
1996-01-20,38,Who Needs You Baby,Clay Walker,32,19,Gains In Performance
1996-01-20,39,She Said Yes,Rhett Akins,37,14,Gains In Performance
1996-01-20,40,Too Much Fun,Daryle Singletary,41,7,Gains In Performance
1996-01-20,41,What Do I Know,Ricochet,48,7,Gains In Performance
1996-01-20,42,"Always Have, Always Will",Shenandoah,46,12,Gains In Performance
1996-01-20,43,She's Every Woman,Garth Brooks,42,20,
1996-01-20,44,Smoke In Her Eyes,Ty England,47,13,Gains In Performance
1996-01-20,45,You Gotta Love That,Neal McCoy,52,3,Gains In Performance
1996-01-20,46,It Wouldn't Hurt To Have Wings,Mark Chesnutt,49,4,Gains In Performance
1996-01-20,47,Nothing,Dwight Yoakam,43,15,
1996-01-20,48,Hypnotize The Moon,Clay Walker,55,2,Gains In Performance
1996-01-20,49,"Ready, Willing And Able",Lari White,51,6,Gains In Performance
1996-01-20,50,Whiskey Under The Bridge,Brooks & Dunn,50,18,Gains In Performance
1996-01-20,51,Standing Tall,Lorrie Morgan,56,5,Gains In Performance
1996-01-20,52,No News,Lonestar,57,2,Gains In Performance
1996-01-20,53,I Will Always Love You,Dolly Parton & Vince Gill,53,19,Gains In Performance
1996-01-20,54,She's Got A Mind Of Her Own,James Bonamy,54,6,Gains In Performance
1996-01-20,55,Country Crazy,Little Texas,59,4,Gains In Performance
1996-01-20,56,It Works,Alabama,74,2,Gains In Performance
1996-01-20,57,Solid Ground,Ricky Skaggs,60,9,Gains In Performance
1996-01-20,58,She Can't Save Him,Lisa Brokop,63,9,Gains In Performance
1996-01-20,59,On A Bus To St. Cloud,Trisha Yearwood,64,7,Gains In Performance
1996-01-20,60,Let Your Heart Lead Your Mind,Smokin' Armadillos,66,2,Gains In Performance
1996-01-27,1,It Matters To Me,Faith Hill,1,12,Gains In Performance
1996-01-27,2,(If You're Not In It For Love) I'm Outta Here!,Shania Twain,2,11,Gains In Performance
1996-01-27,3,When Boy Meets Girl,Terri Clark,5,14,Gains In Performance
1996-01-27,4,Cowboy Love,John Michael Montgomery,6,11,Gains In Performance
1996-01-27,5,Not Enough Hours In The Night,Doug Supernaw,7,16,Gains In Performance
1996-01-27,6,Bigger Than The Beatles,Joe Diffie,10,9,Gains In Performance
1996-01-27,7,Like There Ain't No Yesterday,BlackHawk,13,12,Gains In Performance
1996-01-27,8,Can't Be Really Gone,Tim McGraw,3,16,
1996-01-27,9,Not That Different,Collin Raye,14,11,Gains In Performance
1996-01-27,10,Rebecca Lynn,Bryan White,4,17,
1996-01-27,11,"Ring On Her Finger, Time On Her Hands",Reba McEntire,12,12,Gains In Performance
1996-01-27,12,Wild Angels,Martina McBride,17,9,Gains In Performance
1996-01-27,13,What I Meant To Say,Wade Hayes,18,14,Gains In Performance
1996-01-27,14,The Car,Jeff Carson,9,17,
1996-01-27,15,I Know She Still Loves Me,George Strait,20,6,Gains In Performance
1996-01-27,16,Life Gets Away,Clint Black,8,16,
1996-01-27,17,I'll Try,Alan Jackson,28,5,Gains In Performance
1996-01-27,18,The Beaches Of Cheyenne,Garth Brooks,30,8,Gains In Performance
1996-01-27,19,If You Loved Me,Tracy Lawrence,25,7,Gains In Performance
1996-01-27,20,Out With A Bang,David Lee Murphy,22,10,Gains In Performance
1996-01-27,21,Heart Half Empty,Ty Herndon Featuring Stephanie Bentley,21,16,Gains In Performance
1996-01-27,22,'Round Here,Sawyer Brown,26,10,Gains In Performance
1996-01-27,23,Check Yes Or No,George Strait,23,19,
1996-01-27,24,You Can Feel Bad,Patty Loveless,33,5,Gains In Performance
1996-01-27,25,Grandpa Told Me So,Kenny Chesney,31,12,Gains In Performance
1996-01-27,26,To Be Loved By You,Wynonna,37,4,Gains In Performance
1996-01-27,27,Some Things Are Meant To Be,Linda Davis,32,9,Gains In Performance
1996-01-27,28,Born In The Dark,Doug Stone,15,19,
1996-01-27,29,Walkin' Away,Diamond Rio,35,7,Gains In Performance
1996-01-27,30,"Tall, Tall Trees",Alan Jackson,24,15,
1996-01-27,31,Paradise,John Anderson,34,8,Gains In Performance
1996-01-27,32,Deep Down,Pam Tillis,19,17,
1996-01-27,33,She Said Yes,Rhett Akins,39,15,Gains In Performance
1996-01-27,34,Too Much Fun,Daryle Singletary,40,8,Gains In Performance
1996-01-27,35,If I Had Any Pride Left At All,John Berry,29,15,
1996-01-27,36,You Gotta Love That,Neal McCoy,45,4,Gains In Performance
1996-01-27,37,Hypnotize The Moon,Clay Walker,48,3,Gains In Performance
1996-01-27,38,Who Needs You Baby,Clay Walker,38,20,
1996-01-27,39,It Wouldn't Hurt To Have Wings,Mark Chesnutt,46,5,Gains In Performance
1996-01-27,40,What Do I Know,Ricochet,41,8,Gains In Performance
1996-01-27,41,In Pictures,Alabama,36,18,
1996-01-27,42,"Always Have, Always Will",Shenandoah,42,13,Gains In Performance
1996-01-27,43,"Ready, Willing And Able",Lari White,49,7,Gains In Performance
1996-01-27,44,No News,Lonestar,52,3,Gains In Performance
1996-01-27,45,It Works,Alabama,56,3,Gains In Performance
1996-01-27,46,Standing Tall,Lorrie Morgan,51,6,Gains In Performance
1996-01-27,47,Smoke In Her Eyes,Ty England,44,14,
1996-01-27,48,Whiskey Under The Bridge,Brooks & Dunn,50,19,
1996-01-27,49,She's Got A Mind Of Her Own,James Bonamy,54,7,Gains In Performance
1996-01-27,50,Country Crazy,Little Texas,55,5,Gains In Performance
1996-01-27,51,Nothing,Dwight Yoakam,47,16,
1996-01-27,52,Heart's Desire,Lee Roy Parnell,64,2,Gains In Performance
1996-01-27,53,I Will Always Love You,Dolly Parton & Vince Gill,53,20,
1996-01-27,54,All You Ever Do Is Bring Me Down,The Mavericks (Featuring Flaco Jimenez),66,2,Gains In Performance
1996-01-27,55,She Can't Save Him,Lisa Brokop,58,10,
1996-01-27,56,Let Your Heart Lead Your Mind,Smokin' Armadillos,60,3,Gains In Performance
1996-01-27,57,Solid Ground,Ricky Skaggs,57,10,
1996-01-27,58,Now That's All Right With Me,Mandy Barnett,67,3,Gains In Performance
1996-01-27,59,Even If I Tried,Emilio,69,2,Gains In Performance
1996-01-27,60,Only You (And You Alone),Travis Tritt,68,2,Gains In Performance
1996-02-03,1,(If You're Not In It For Love) I'm Outta Here!,Shania Twain,2,12,Gains In Performance
1996-02-03,2,It Matters To Me,Faith Hill,1,13,
1996-02-03,3,When Boy Meets Girl,Terri Clark,3,15,Gains In Performance
1996-02-03,4,Cowboy Love,John Michael Montgomery,4,12,Gains In Performance
1996-02-03,5,Not Enough Hours In The Night,Doug Supernaw,5,17,Gains In Performance
1996-02-03,6,Bigger Than The Beatles,Joe Diffie,6,10,Gains In Performance
1996-02-03,7,Like There Ain't No Yesterday,BlackHawk,7,13,Gains In Performance
1996-02-03,8,Not That Different,Collin Raye,9,12,Gains In Performance
1996-02-03,9,"Ring On Her Finger, Time On Her Hands",Reba McEntire,11,13,Gains In Performance
1996-02-03,10,What I Meant To Say,Wade Hayes,13,15,Gains In Performance
1996-02-03,11,Wild Angels,Martina McBride,12,10,Gains In Performance
1996-02-03,12,The Beaches Of Cheyenne,Garth Brooks,18,9,Gains In Performance
1996-02-03,13,I Know She Still Loves Me,George Strait,15,7,Gains In Performance
1996-02-03,14,I'll Try,Alan Jackson,17,6,Gains In Performance
1996-02-03,15,Can't Be Really Gone,Tim McGraw,8,17,
1996-02-03,16,If You Loved Me,Tracy Lawrence,19,8,Gains In Performance
1996-02-03,17,Out With A Bang,David Lee Murphy,20,11,Gains In Performance
1996-02-03,18,You Can Feel Bad,Patty Loveless,24,6,Gains In Performance
1996-02-03,19,'Round Here,Sawyer Brown,22,11,Gains In Performance
1996-02-03,20,To Be Loved By You,Wynonna,26,5,Gains In Performance
1996-02-03,21,Heart Half Empty,Ty Herndon Featuring Stephanie Bentley,21,17,
1996-02-03,22,Rebecca Lynn,Bryan White,10,18,
1996-02-03,23,Grandpa Told Me So,Kenny Chesney,25,13,Gains In Performance
1996-02-03,24,Walkin' Away,Diamond Rio,29,8,Gains In Performance
1996-02-03,25,The Car,Jeff Carson,14,18,
1996-02-03,26,Some Things Are Meant To Be,Linda Davis,27,10,Gains In Performance
1996-02-03,27,Check Yes Or No,George Strait,23,20,
1996-02-03,28,Paradise,John Anderson,31,9,Gains In Performance
1996-02-03,29,She Said Yes,Rhett Akins,33,16,Gains In Performance
1996-02-03,30,Too Much Fun,Daryle Singletary,34,9,Gains In Performance
1996-02-03,31,Hypnotize The Moon,Clay Walker,37,4,Gains In Performance
1996-02-03,32,Life Gets Away,Clint Black,16,17,
1996-02-03,33,You Gotta Love That,Neal McCoy,36,5,Gains In Performance
1996-02-03,34,"Tall, Tall Trees",Alan Jackson,30,16,
1996-02-03,35,It Wouldn't Hurt To Have Wings,Mark Chesnutt,39,6,Gains In Performance
1996-02-03,36,No News,Lonestar,44,4,Gains In Performance
1996-02-03,37,What Do I Know,Ricochet,40,9,Gains In Performance
1996-02-03,38,It Works,Alabama,45,4,Gains In Performance
1996-02-03,39,Deep Down,Pam Tillis,32,18,
1996-02-03,40,"Always Have, Always Will",Shenandoah,42,14,
1996-02-03,41,In Pictures,Alabama,41,19,
1996-02-03,42,"Ready, Willing And Able",Lari White,43,8,
1996-02-03,43,Born In The Dark,Doug Stone,28,20,
1996-02-03,44,Heart's Desire,Lee Roy Parnell,52,3,Gains In Performance
1996-02-03,45,Standing Tall,Lorrie Morgan,46,7,Gains In Performance
1996-02-03,46,She's Got A Mind Of Her Own,James Bonamy,49,8,Gains In Performance
1996-02-03,47,All You Ever Do Is Bring Me Down,The Mavericks (Featuring Flaco Jimenez),54,3,Gains In Performance
1996-02-03,48,Whiskey Under The Bridge,Brooks & Dunn,48,20,
1996-02-03,49,Country Crazy,Little Texas,50,6,Gains In Performance
1996-02-03,50,If I Had Any Pride Left At All,John Berry,35,16,
1996-02-03,51,Even If I Tried,Emilio,59,3,Gains In Performance
1996-02-03,52,The River And The Highway,Pam Tillis,62,2,Gains In Performance
1996-02-03,53,Only You (And You Alone),Travis Tritt,60,3,Gains In Performance
1996-02-03,54,Let Your Heart Lead Your Mind,Smokin' Armadillos,56,4,Gains In Performance
1996-02-03,55,Now That's All Right With Me,Mandy Barnett,58,4,Gains In Performance
1996-02-03,56,She Can't Save Him,Lisa Brokop,55,11,
1996-02-03,57,Smoke In Her Eyes,Ty England,47,15,
1996-02-03,58,Without Your Love,Aaron Tippin,NEW,1,Highest ranking debut|Gains In Performance
1996-02-03,59,Nothing,Dwight Yoakam,51,17,
1996-02-03,60,Gone (That'll Be Me),Dwight Yoakam,NEW,1,Gains In Performance
1996-02-10,1,(If You're Not In It For Love) I'm Outta Here!,Shania Twain,1,13,
1996-02-10,2,Bigger Than The Beatles,Joe Diffie,6,11,Gains In Performance
1996-02-10,3,Not Enough Hours In The Night,Doug Supernaw,5,18,Gains In Performance
1996-02-10,4,Cowboy Love,John Michael Montgomery,4,13,
1996-02-10,5,Like There Ain't No Yesterday,BlackHawk,7,14,Gains In Performance
1996-02-10,6,It Matters To Me,Faith Hill,2,14,
1996-02-10,7,When Boy Meets Girl,Terri Clark,3,16,
1996-02-10,8,Not That Different,Collin Raye,8,13,Gains In Performance
1996-02-10,9,Wild Angels,Martina McBride,11,11,Gains In Performance
1996-02-10,10,"Ring On Her Finger, Time On Her Hands",Reba McEntire,9,14,Gains In Performance
1996-02-10,11,What I Meant To Say,Wade Hayes,10,16,Gains In Performance
1996-02-10,12,The Beaches Of Cheyenne,Garth Brooks,12,10,Gains In Performance
1996-02-10,13,I'll Try,Alan Jackson,14,7,Gains In Performance
1996-02-10,14,I Know She Still Loves Me,George Strait,13,8,Gains In Performance
1996-02-10,15,You Can Feel Bad,Patty Loveless,18,7,Gains In Performance
1996-02-10,16,If You Loved Me,Tracy Lawrence,16,9,Gains In Performance
1996-02-10,17,Out With A Bang,David Lee Murphy,17,12,Gains In Performance
1996-02-10,18,To Be Loved By You,Wynonna,20,6,Gains In Performance
1996-02-10,19,'Round Here,Sawyer Brown,19,12,Gains In Performance
1996-02-10,20,Walkin' Away,Diamond Rio,24,9,Gains In Performance
1996-02-10,21,Hypnotize The Moon,Clay Walker,31,5,Gains In Performance
1996-02-10,22,Some Things Are Meant To Be,Linda Davis,26,11,Gains In Performance
1996-02-10,23,Grandpa Told Me So,Kenny Chesney,23,14,Gains In Performance
1996-02-10,24,Can't Be Really Gone,Tim McGraw,15,18,
1996-02-10,25,Too Much Fun,Daryle Singletary,30,10,Gains In Performance
1996-02-10,26,Heart Half Empty,Ty Herndon Featuring Stephanie Bentley,21,18,
1996-02-10,27,Paradise,John Anderson,28,10,Gains In Performance
1996-02-10,28,She Said Yes,Rhett Akins,29,17,Gains In Performance
1996-02-10,29,You Gotta Love That,Neal McCoy,33,6,Gains In Performance
1996-02-10,30,Rebecca Lynn,Bryan White,22,19,
1996-02-10,31,It Wouldn't Hurt To Have Wings,Mark Chesnutt,35,7,Gains In Performance
1996-02-10,32,No News,Lonestar,36,5,Gains In Performance
1996-02-10,33,"Tall, Tall Trees",Alan Jackson,34,17,
1996-02-10,34,What Do I Know,Ricochet,37,10,Gains In Performance
1996-02-10,35,The Car,Jeff Carson,25,19,
1996-02-10,36,It Works,Alabama,38,5,Gains In Performance
1996-02-10,37,Heart's Desire,Lee Roy Parnell,44,4,Gains In Performance
1996-02-10,38,Life Gets Away,Clint Black,32,18,
1996-02-10,39,"Ready, Willing And Able",Lari White,42,9,Gains In Performance
1996-02-10,40,Standing Tall,Lorrie Morgan,45,8,Gains In Performance
1996-02-10,41,Deep Down,Pam Tillis,39,19,
1996-02-10,42,In Pictures,Alabama,41,20,
1996-02-10,43,She's Got A Mind Of Her Own,James Bonamy,46,9,Gains In Performance
1996-02-10,44,All You Ever Do Is Bring Me Down,The Mavericks (Featuring Flaco Jimenez),47,4,Gains In Performance
1996-02-10,45,Country Crazy,Little Texas,49,7,Gains In Performance
1996-02-10,46,Without Your Love,Aaron Tippin,58,2,Gains In Performance
1996-02-10,47,The River And The Highway,Pam Tillis,52,3,Gains In Performance
1996-02-10,48,"Always Have, Always Will",Shenandoah,40,15,
1996-02-10,49,Even If I Tried,Emilio,51,4,Gains In Performance
1996-02-10,50,It's What I Do,Billy Dean,70,2,Gains In Performance
1996-02-10,51,Now That's All Right With Me,Mandy Barnett,55,5,Gains In Performance
1996-02-10,52,Only You (And You Alone),Travis Tritt,53,4,Gains In Performance
1996-02-10,53,Let Your Heart Lead Your Mind,Smokin' Armadillos,54,5,Gains In Performance
1996-02-10,54,"Heads Carolina, Tails California",Jo Dee Messina,62,3,Gains In Performance
1996-02-10,55,Heaven In My Woman's Eyes,Tracy Byrd,72,2,Gains In Performance
1996-02-10,56,Gone (That'll Be Me),Dwight Yoakam,60,2,Gains In Performance
1996-02-10,57,1969,Keith Stegall,61,3,Gains In Performance
1996-02-10,58,If I Had Any Pride Left At All,John Berry,50,17,
1996-02-10,59,Hangin' On,Rich McCready,63,3,Gains In Performance
1996-02-10,60,The Love That We Lost,Chely Wright,NEW,1,Highest ranking debut|Gains In Performance
1996-02-17,1,Bigger Than The Beatles,Joe Diffie,2,12,Gains In Performance
1996-02-17,2,(If You're Not In It For Love) I'm Outta Here!,Shania Twain,1,14,
1996-02-17,3,Like There Ain't No Yesterday,BlackHawk,5,15,Gains In Performance
1996-02-17,4,Not Enough Hours In The Night,Doug Supernaw,3,19,
1996-02-17,5,Not That Different,Collin Raye,8,14,Gains In Performance
1996-02-17,6,Wild Angels,Martina McBride,9,12,Gains In Performance
1996-02-17,7,What I Meant To Say,Wade Hayes,11,17,Gains In Performance
1996-02-17,8,I'll Try,Alan Jackson,13,8,Gains In Performance
1996-02-17,9,"Ring On Her Finger, Time On Her Hands",Reba McEntire,10,15,Gains In Performance
1996-02-17,10,Cowboy Love,John Michael Montgomery,4,14,
1996-02-17,11,It Matters To Me,Faith Hill,6,15,
1996-02-17,12,The Beaches Of Cheyenne,Garth Brooks,12,11,Gains In Performance
1996-02-17,13,I Know She Still Loves Me,George Strait,14,9,Gains In Performance
1996-02-17,14,You Can Feel Bad,Patty Loveless,15,8,Gains In Performance
1996-02-17,15,To Be Loved By You,Wynonna,18,7,Gains In Performance
1996-02-17,16,Out With A Bang,David Lee Murphy,17,13,Gains In Performance
1996-02-17,17,If You Loved Me,Tracy Lawrence,16,10,
1996-02-17,18,Hypnotize The Moon,Clay Walker,21,6,Gains In Performance
1996-02-17,19,Walkin' Away,Diamond Rio,20,10,Gains In Performance
1996-02-17,20,'Round Here,Sawyer Brown,19,13,Gains In Performance
1996-02-17,21,Some Things Are Meant To Be,Linda Davis,22,12,Gains In Performance
1996-02-17,22,When Boy Meets Girl,Terri Clark,7,17,
1996-02-17,23,Grandpa Told Me So,Kenny Chesney,23,15,Gains In Performance
1996-02-17,24,Too Much Fun,Daryle Singletary,25,11,Gains In Performance
1996-02-17,25,She Said Yes,Rhett Akins,28,18,Gains In Performance
1996-02-17,26,Paradise,John Anderson,27,11,Gains In Performance
1996-02-17,27,You Gotta Love That,Neal McCoy,29,7,Gains In Performance
1996-02-17,28,No News,Lonestar,32,6,Gains In Performance
1996-02-17,29,It Wouldn't Hurt To Have Wings,Mark Chesnutt,31,8,Gains In Performance
1996-02-17,30,Can't Be Really Gone,Tim McGraw,24,19,
1996-02-17,31,What Do I Know,Ricochet,34,11,Gains In Performance
1996-02-17,32,It Works,Alabama,36,6,Gains In Performance
1996-02-17,33,Rebecca Lynn,Bryan White,30,20,
1996-02-17,34,Heart's Desire,Lee Roy Parnell,37,5,Gains In Performance
1996-02-17,35,"Tall, Tall Trees",Alan Jackson,33,18,Gains In Performance
1996-02-17,36,"Ready, Willing And Able",Lari White,39,10,Gains In Performance
1996-02-17,37,Life Gets Away,Clint Black,38,19,
1996-02-17,38,Standing Tall,Lorrie Morgan,40,9,Gains In Performance
1996-02-17,39,The Car,Jeff Carson,35,20,
1996-02-17,40,All You Ever Do Is Bring Me Down,The Mavericks (Featuring Flaco Jimenez),44,5,Gains In Performance
1996-02-17,41,Without Your Love,Aaron Tippin,46,3,Gains In Performance
1996-02-17,42,Heart Half Empty,Ty Herndon Featuring Stephanie Bentley,26,19,
1996-02-17,43,She's Got A Mind Of Her Own,James Bonamy,43,10,Gains In Performance
1996-02-17,44,The River And The Highway,Pam Tillis,47,4,Gains In Performance
1996-02-17,45,Deep Down,Pam Tillis,41,20,
1996-02-17,46,Country Crazy,Little Texas,45,8,Gains In Performance
1996-02-17,47,Heaven In My Woman's Eyes,Tracy Byrd,55,3,Gains In Performance
1996-02-17,48,Even If I Tried,Emilio,49,5,Gains In Performance
1996-02-17,49,It's What I Do,Billy Dean,50,3,Gains In Performance
1996-02-17,50,"Heads Carolina, Tails California",Jo Dee Messina,54,4,Gains In Performance
1996-02-17,51,Only You (And You Alone),Travis Tritt,52,5,Gains In Performance
1996-02-17,52,Now That's All Right With Me,Mandy Barnett,51,6,Gains In Performance
1996-02-17,53,Let Your Heart Lead Your Mind,Smokin' Armadillos,53,6,Gains In Performance
1996-02-17,54,Gone (That'll Be Me),Dwight Yoakam,56,3,Gains In Performance
1996-02-17,55,1969,Keith Stegall,57,4,Gains In Performance
1996-02-17,56,"Always Have, Always Will",Shenandoah,48,16,
1996-02-17,57,All I Want Is A Life,Tim McGraw,62,6,Gains In Performance
1996-02-17,58,Ripples,4 Runner,61,5,Gains In Performance
1996-02-17,59,Who's That Girl,Stephanie Bentley,63,3,Gains In Performance
1996-02-17,60,Ten Thousand Angels,Mindy McCready,65,3,Gains In Performance
1996-02-24,1,Bigger Than The Beatles,Joe Diffie,1,13,Gains In Performance
1996-02-24,2,Wild Angels,Martina McBride,6,13,Gains In Performance
1996-02-24,3,Not That Different,Collin Raye,5,15,Gains In Performance
1996-02-24,4,I'll Try,Alan Jackson,8,9,Gains In Performance
1996-02-24,5,What I Meant To Say,Wade Hayes,7,18,Gains In Performance
1996-02-24,6,The Beaches Of Cheyenne,Garth Brooks,12,12,Gains In Performance
1996-02-24,7,(If You're Not In It For Love) I'm Outta Here!,Shania Twain,2,15,
1996-02-24,8,I Know She Still Loves Me,George Strait,13,10,Gains In Performance
1996-02-24,9,You Can Feel Bad,Patty Loveless,14,9,Gains In Performance
1996-02-24,10,Not Enough Hours In The Night,Doug Supernaw,4,20,
1996-02-24,11,To Be Loved By You,Wynonna,15,8,Gains In Performance
1996-02-24,12,If You Loved Me,Tracy Lawrence,17,11,Gains In Performance
1996-02-24,13,Hypnotize The Moon,Clay Walker,18,7,Gains In Performance
1996-02-24,14,Out With A Bang,David Lee Murphy,16,14,Gains In Performance
1996-02-24,15,Walkin' Away,Diamond Rio,19,11,Gains In Performance
1996-02-24,16,Like There Ain't No Yesterday,BlackHawk,3,16,
1996-02-24,17,Some Things Are Meant To Be,Linda Davis,21,13,Gains In Performance
1996-02-24,18,It Matters To Me,Faith Hill,11,16,
1996-02-24,19,"Ring On Her Finger, Time On Her Hands",Reba McEntire,9,16,
1996-02-24,20,Too Much Fun,Daryle Singletary,24,12,Gains In Performance
1996-02-24,21,You Gotta Love That,Neal McCoy,27,8,Gains In Performance
1996-02-24,22,She Said Yes,Rhett Akins,25,19,Gains In Performance
1996-02-24,23,It Wouldn't Hurt To Have Wings,Mark Chesnutt,29,9,Gains In Performance
1996-02-24,24,No News,Lonestar,28,7,Gains In Performance
1996-02-24,25,'Round Here,Sawyer Brown,20,14,
1996-02-24,26,Cowboy Love,John Michael Montgomery,10,15,
1996-02-24,27,Paradise,John Anderson,26,12,Gains In Performance
1996-02-24,28,Heart's Desire,Lee Roy Parnell,34,6,Gains In Performance
1996-02-24,29,What Do I Know,Ricochet,31,12,Gains In Performance
1996-02-24,30,It Works,Alabama,32,7,Gains In Performance
1996-02-24,31,When Boy Meets Girl,Terri Clark,22,18,
1996-02-24,32,Can't Be Really Gone,Tim McGraw,30,20,
1996-02-24,33,"Ready, Willing And Able",Lari White,36,11,Gains In Performance
1996-02-24,34,"Tall, Tall Trees",Alan Jackson,35,19,
1996-02-24,35,Grandpa Told Me So,Kenny Chesney,23,16,
1996-02-24,36,Standing Tall,Lorrie Morgan,38,10,Gains In Performance
1996-02-24,37,All You Ever Do Is Bring Me Down,The Mavericks (Featuring Flaco Jimenez),40,6,Gains In Performance
1996-02-24,38,Without Your Love,Aaron Tippin,41,4,Gains In Performance
1996-02-24,39,Heaven In My Woman's Eyes,Tracy Byrd,47,4,Gains In Performance
1996-02-24,40,Life Gets Away,Clint Black,37,20,
1996-02-24,41,The River And The Highway,Pam Tillis,44,5,Gains In Performance
1996-02-24,42,She's Got A Mind Of Her Own,James Bonamy,43,11,Gains In Performance
1996-02-24,43,It's What I Do,Billy Dean,49,4,Gains In Performance
1996-02-24,44,Country Crazy,Little Texas,46,9,Gains In Performance
1996-02-24,45,"Heads Carolina, Tails California",Jo Dee Messina,50,5,Gains In Performance
1996-02-24,46,Even If I Tried,Emilio,48,6,Gains In Performance
1996-02-24,47,You Win My Love,Shania Twain,NEW,1,Highest ranking debut|Gains In Performance
1996-02-24,48,Heart Half Empty,Ty Herndon Featuring Stephanie Bentley,42,20,
1996-02-24,49,Every Time My Heart Calls Your Name,John Berry,62,2,Gains In Performance
1996-02-24,50,Now That's All Right With Me,Mandy Barnett,52,7,Gains In Performance
1996-02-24,51,Gone (That'll Be Me),Dwight Yoakam,54,4,Gains In Performance
1996-02-24,52,Only You (And You Alone),Travis Tritt,51,6,
1996-02-24,53,Let Your Heart Lead Your Mind,Smokin' Armadillos,53,7,
1996-02-24,54,1969,Keith Stegall,55,5,Gains In Performance
1996-02-24,55,Who's That Girl,Stephanie Bentley,59,4,Gains In Performance
1996-02-24,56,All I Want Is A Life,Tim McGraw,57,7,Gains In Performance
1996-02-24,57,Ripples,4 Runner,58,6,Gains In Performance
1996-02-24,58,Ten Thousand Angels,Mindy McCready,60,4,Gains In Performance
1996-02-24,59,The Love That We Lost,Chely Wright,63,3,Gains In Performance
1996-02-24,60,Hangin' On,Rich McCready,61,5,Gains In Performance
1996-03-02,1,Wild Angels,Martina McBride,2,14,Gains In Performance
1996-03-02,2,I'll Try,Alan Jackson,4,10,Gains In Performance
1996-03-02,3,The Beaches Of Cheyenne,Garth Brooks,6,13,Gains In Performance
1996-03-02,4,Not That Different,Collin Raye,3,16,
1996-03-02,5,What I Meant To Say,Wade Hayes,5,19,Gains In Performance
1996-03-02,6,Bigger Than The Beatles,Joe Diffie,1,14,
1996-03-02,7,I Know She Still Loves Me,George Strait,8,11,Gains In Performance
1996-03-02,8,You Can Feel Bad,Patty Loveless,9,10,Gains In Performance
1996-03-02,9,If You Loved Me,Tracy Lawrence,12,12,Gains In Performance
1996-03-02,10,To Be Loved By You,Wynonna,11,9,Gains In Performance
1996-03-02,11,Hypnotize The Moon,Clay Walker,13,8,Gains In Performance
1996-03-02,12,Walkin' Away,Diamond Rio,15,12,Gains In Performance
1996-03-02,13,Out With A Bang,David Lee Murphy,14,15,Gains In Performance
1996-03-02,14,Too Much Fun,Daryle Singletary,20,13,Gains In Performance
1996-03-02,15,Not Enough Hours In The Night,Doug Supernaw,10,21,
1996-03-02,16,(If You're Not In It For Love) I'm Outta Here!,Shania Twain,7,16,
1996-03-02,17,Some Things Are Meant To Be,Linda Davis,17,14,Gains In Performance
1996-03-02,18,You Gotta Love That,Neal McCoy,21,9,Gains In Performance
1996-03-02,19,No News,Lonestar,24,8,Gains In Performance
1996-03-02,20,She Said Yes,Rhett Akins,22,20,Gains In Performance
1996-03-02,21,It Wouldn't Hurt To Have Wings,Mark Chesnutt,23,10,Gains In Performance
1996-03-02,22,It Matters To Me,Faith Hill,18,17,
1996-03-02,23,Heart's Desire,Lee Roy Parnell,28,7,Gains In Performance
1996-03-02,24,What Do I Know,Ricochet,29,13,Gains In Performance
1996-03-02,25,It Works,Alabama,30,8,Gains In Performance
1996-03-02,26,Paradise,John Anderson,27,13,
1996-03-02,27,Like There Ain't No Yesterday,BlackHawk,16,17,
1996-03-02,28,"Ready, Willing And Able",Lari White,33,12,Gains In Performance
1996-03-02,29,Cowboy Love,John Michael Montgomery,26,16,
1996-03-02,30,Without Your Love,Aaron Tippin,38,5,Gains In Performance
1996-03-02,31,You Win My Love,Shania Twain,47,2,Gains In Performance
1996-03-02,32,Heaven In My Woman's Eyes,Tracy Byrd,39,5,Gains In Performance
1996-03-02,33,All You Ever Do Is Bring Me Down,The Mavericks (Featuring Flaco Jimenez),37,7,Gains In Performance
1996-03-02,34,"Tall, Tall Trees",Alan Jackson,34,20,
1996-03-02,35,When Boy Meets Girl,Terri Clark,31,19,
1996-03-02,36,The River And The Highway,Pam Tillis,41,6,Gains In Performance
1996-03-02,37,Standing Tall,Lorrie Morgan,36,11,Gains In Performance
1996-03-02,38,It's What I Do,Billy Dean,43,5,Gains In Performance
1996-03-02,39,"Ring On Her Finger, Time On Her Hands",Reba McEntire,19,17,
1996-03-02,40,She's Got A Mind Of Her Own,James Bonamy,42,12,Gains In Performance
1996-03-02,41,"Heads Carolina, Tails California",Jo Dee Messina,45,6,Gains In Performance
1996-03-02,42,'Round Here,Sawyer Brown,25,15,
1996-03-02,43,Every Time My Heart Calls Your Name,John Berry,49,3,Gains In Performance
1996-03-02,44,Grandpa Told Me So,Kenny Chesney,35,17,
1996-03-02,45,Even If I Tried,Emilio,46,7,Gains In Performance
1996-03-02,46,Country Crazy,Little Texas,44,10,
1996-03-02,47,Almost A Memory Now,BlackHawk,61,2,Gains In Performance
1996-03-02,48,Now That's All Right With Me,Mandy Barnett,50,8,Gains In Performance
1996-03-02,49,Someone Else's Dream,Faith Hill,66,2,Gains In Performance
1996-03-02,50,1969,Keith Stegall,54,6,Gains In Performance
1996-03-02,51,Who's That Girl,Stephanie Bentley,55,5,Gains In Performance
1996-03-02,52,Gone (That'll Be Me),Dwight Yoakam,51,5,Gains In Performance
1996-03-02,53,All I Want Is A Life,Tim McGraw,56,8,Gains In Performance
1996-03-02,54,Ten Thousand Angels,Mindy McCready,58,5,Gains In Performance
1996-03-02,55,Let Your Heart Lead Your Mind,Smokin' Armadillos,53,8,
1996-03-02,56,Only You (And You Alone),Travis Tritt,52,7,
1996-03-02,57,Long As I Live,John Michael Montgomery,NEW,1,Highest ranking debut|Gains In Performance
1996-03-02,58,Ripples,4 Runner,57,7,
1996-03-02,59,Hangin' On,Rich McCready,60,6,Gains In Performance
1996-03-02,60,The Love That We Lost,Chely Wright,59,4,Gains In Performance
1996-03-09,1,I'll Try,Alan Jackson,2,11,Gains In Performance
1996-03-09,2,Wild Angels,Martina McBride,1,15,Gains In Performance
1996-03-09,3,The Beaches Of Cheyenne,Garth Brooks,3,14,Gains In Performance
1996-03-09,4,You Can Feel Bad,Patty Loveless,8,11,Gains In Performance
1996-03-09,5,I Know She Still Loves Me,George Strait,7,12,Gains In Performance
1996-03-09,6,If You Loved Me,Tracy Lawrence,9,13,Gains In Performance
1996-03-09,7,To Be Loved By You,Wynonna,10,10,Gains In Performance
1996-03-09,8,Walkin' Away,Diamond Rio,12,13,Gains In Performance
1996-03-09,9,Hypnotize The Moon,Clay Walker,11,9,Gains In Performance
1996-03-09,10,Not That Different,Collin Raye,4,17,
1996-03-09,11,Too Much Fun,Daryle Singletary,14,14,Gains In Performance
1996-03-09,12,What I Meant To Say,Wade Hayes,5,20,
1996-03-09,13,No News,Lonestar,19,9,Gains In Performance
1996-03-09,14,Some Things Are Meant To Be,Linda Davis,17,15,Gains In Performance
1996-03-09,15,You Gotta Love That,Neal McCoy,18,10,Gains In Performance
1996-03-09,16,Bigger Than The Beatles,Joe Diffie,6,15,
1996-03-09,17,Out With A Bang,David Lee Murphy,13,16,
1996-03-09,18,She Said Yes,Rhett Akins,20,21,Gains In Performance
1996-03-09,19,It Wouldn't Hurt To Have Wings,Mark Chesnutt,21,11,Gains In Performance
1996-03-09,20,Heart's Desire,Lee Roy Parnell,23,8,Gains In Performance
1996-03-09,21,What Do I Know,Ricochet,24,14,Gains In Performance
1996-03-09,22,You Win My Love,Shania Twain,31,3,Gains In Performance
1996-03-09,23,(If You're Not In It For Love) I'm Outta Here!,Shania Twain,16,17,
1996-03-09,24,It Works,Alabama,25,9,Gains In Performance
1996-03-09,25,Heaven In My Woman's Eyes,Tracy Byrd,32,6,Gains In Performance
1996-03-09,26,Without Your Love,Aaron Tippin,30,6,Gains In Performance
1996-03-09,27,"Ready, Willing And Able",Lari White,28,13,Gains In Performance
1996-03-09,28,It Matters To Me,Faith Hill,22,18,
1996-03-09,29,The River And The Highway,Pam Tillis,36,7,Gains In Performance
1996-03-09,30,All You Ever Do Is Bring Me Down,The Mavericks (Featuring Flaco Jimenez),33,8,Gains In Performance
1996-03-09,31,It's What I Do,Billy Dean,38,6,Gains In Performance
1996-03-09,32,Standing Tall,Lorrie Morgan,37,12,Gains In Performance
1996-03-09,33,When Boy Meets Girl,Terri Clark,35,20,Gains In Performance
1996-03-09,34,She's Got A Mind Of Her Own,James Bonamy,40,13,Gains In Performance
1996-03-09,35,Cowboy Love,John Michael Montgomery,29,17,
1996-03-09,36,"Heads Carolina, Tails California",Jo Dee Messina,41,7,Gains In Performance
1996-03-09,37,Someone Else's Dream,Faith Hill,49,3,Gains In Performance
1996-03-09,38,Like There Ain't No Yesterday,BlackHawk,27,18,
1996-03-09,39,Every Time My Heart Calls Your Name,John Berry,43,4,Gains In Performance
1996-03-09,40,Long As I Live,John Michael Montgomery,57,2,Gains In Performance
1996-03-09,41,All I Want Is A Life,Tim McGraw,53,9,Gains In Performance
1996-03-09,42,Almost A Memory Now,BlackHawk,47,3,Gains In Performance
1996-03-09,43,Even If I Tried,Emilio,45,8,Gains In Performance
1996-03-09,44,Paradise,John Anderson,26,14,
1996-03-09,45,"Ring On Her Finger, Time On Her Hands",Reba McEntire,39,18,
1996-03-09,46,Now That's All Right With Me,Mandy Barnett,48,9,Gains In Performance
1996-03-09,47,1969,Keith Stegall,50,7,Gains In Performance
1996-03-09,48,Ten Thousand Angels,Mindy McCready,54,6,Gains In Performance
1996-03-09,49,Who's That Girl,Stephanie Bentley,51,6,Gains In Performance
1996-03-09,50,Grandpa Told Me So,Kenny Chesney,44,18,
1996-03-09,51,'Round Here,Sawyer Brown,42,16,
1996-03-09,52,Gone (That'll Be Me),Dwight Yoakam,52,6,Gains In Performance
1996-03-09,53,I'm Not Supposed To Love You Anymore,Bryan White,61,2,Gains In Performance
1996-03-09,54,All Over But The Shoutin',Shenandoah,67,3,Gains In Performance
1996-03-09,55,Country Crazy,Little Texas,46,11,
1996-03-09,56,The Love That We Lost,Chely Wright,60,5,Gains In Performance
1996-03-09,57,C-O-U-N-T-R-Y,Joe Diffie,68,2,Gains In Performance
1996-03-09,58,If I Were You,Terri Clark,NEW,1,Highest ranking debut|Gains In Performance
1996-03-09,59,Hangin' On,Rich McCready,59,7,Gains In Performance
1996-03-09,60,Remember The Ride,Perfect Stranger,66,4,Gains In Performance
1996-03-16,1,The Beaches Of Cheyenne,Garth Brooks,3,15,Gains In Performance
1996-03-16,2,You Can Feel Bad,Patty Loveless,4,12,Gains In Performance
1996-03-16,3,I'll Try,Alan Jackson,1,12,
1996-03-16,4,Wild Angels,Martina McBride,2,16,
1996-03-16,5,I Know She Still Loves Me,George Strait,5,13,Gains In Performance
1996-03-16,6,Walkin' Away,Diamond Rio,8,14,Gains In Performance
1996-03-16,7,If You Loved Me,Tracy Lawrence,6,14,Gains In Performance
1996-03-16,8,To Be Loved By You,Wynonna,7,11,Gains In Performance
1996-03-16,9,Hypnotize The Moon,Clay Walker,9,10,Gains In Performance
1996-03-16,10,Too Much Fun,Daryle Singletary,11,15,Gains In Performance
1996-03-16,11,No News,Lonestar,13,10,Gains In Performance
1996-03-16,12,You Gotta Love That,Neal McCoy,15,11,Gains In Performance
1996-03-16,13,Some Things Are Meant To Be,Linda Davis,14,16,Gains In Performance
1996-03-16,14,You Win My Love,Shania Twain,22,4,Gains In Performance
1996-03-16,15,It Wouldn't Hurt To Have Wings,Mark Chesnutt,19,12,Gains In Performance
1996-03-16,16,Heart's Desire,Lee Roy Parnell,20,9,Gains In Performance
1996-03-16,17,She Said Yes,Rhett Akins,18,22,Gains In Performance
1996-03-16,18,What Do I Know,Ricochet,21,15,Gains In Performance
1996-03-16,19,It Works,Alabama,24,10,Gains In Performance
1996-03-16,20,Heaven In My Woman's Eyes,Tracy Byrd,25,7,Gains In Performance
1996-03-16,21,Not That Different,Collin Raye,10,18,
1996-03-16,22,"Ready, Willing And Able",Lari White,27,14,Gains In Performance
1996-03-16,23,Bigger Than The Beatles,Joe Diffie,16,16,
1996-03-16,24,Without Your Love,Aaron Tippin,26,7,Gains In Performance
1996-03-16,25,The River And The Highway,Pam Tillis,29,8,Gains In Performance
1996-03-16,26,All You Ever Do Is Bring Me Down,The Mavericks (Featuring Flaco Jimenez),30,9,Gains In Performance
1996-03-16,27,(If You're Not In It For Love) I'm Outta Here!,Shania Twain,23,18,
1996-03-16,28,It's What I Do,Billy Dean,31,7,Gains In Performance
1996-03-16,29,It Matters To Me,Faith Hill,28,19,
1996-03-16,30,Someone Else's Dream,Faith Hill,37,4,Gains In Performance
1996-03-16,31,All I Want Is A Life,Tim McGraw,41,10,Gains In Performance
1996-03-16,32,Out With A Bang,David Lee Murphy,17,17,
1996-03-16,33,She's Got A Mind Of Her Own,James Bonamy,34,14,Gains In Performance
1996-03-16,34,"Heads Carolina, Tails California",Jo Dee Messina,36,8,Gains In Performance
1996-03-16,35,Long As I Live,John Michael Montgomery,40,3,Gains In Performance
1996-03-16,36,Every Time My Heart Calls Your Name,John Berry,39,5,Gains In Performance
1996-03-16,37,Almost A Memory Now,BlackHawk,42,4,Gains In Performance
1996-03-16,38,Cowboy Love,John Michael Montgomery,35,18,
1996-03-16,39,Standing Tall,Lorrie Morgan,32,13,
1996-03-16,40,Like There Ain't No Yesterday,BlackHawk,38,19,
1996-03-16,41,Even If I Tried,Emilio,43,9,
1996-03-16,42,Ten Thousand Angels,Mindy McCready,48,7,Gains In Performance
1996-03-16,43,Now That's All Right With Me,Mandy Barnett,46,10,Gains In Performance
1996-03-16,44,1969,Keith Stegall,47,8,Gains In Performance
1996-03-16,45,Who's That Girl,Stephanie Bentley,49,7,Gains In Performance
1996-03-16,46,C-O-U-N-T-R-Y,Joe Diffie,57,3,Gains In Performance
1996-03-16,47,If I Were You,Terri Clark,58,2,Gains In Performance
1996-03-16,48,"Ring On Her Finger, Time On Her Hands",Reba McEntire,45,19,
1996-03-16,49,I'm Not Supposed To Love You Anymore,Bryan White,53,3,Gains In Performance
1996-03-16,50,Does That Blue Moon Ever Shine On You,Toby Keith,65,2,Gains In Performance
1996-03-16,51,All Over But The Shoutin',Shenandoah,54,4,Gains In Performance
1996-03-16,52,Gone (That'll Be Me),Dwight Yoakam,52,7,
1996-03-16,53,Grandpa Told Me So,Kenny Chesney,50,19,
1996-03-16,54,Paradise,John Anderson,44,15,
1996-03-16,55,I Think About You,Collin Raye,67,2,Gains In Performance
1996-03-16,56,The Love That We Lost,Chely Wright,56,6,Gains In Performance
1996-03-16,57,Redneck Son,Ty England,61,4,Gains In Performance
1996-03-16,58,Hangin' On,Rich McCready,59,8,Gains In Performance
1996-03-16,59,Holdin' On To Something,Jeff Carson,66,3,Gains In Performance
1996-03-16,60,Years From Here,Baker & Myers,63,6,Gains In Performance
1996-03-23,1,You Can Feel Bad,Patty Loveless,2,13,Gains In Performance
1996-03-23,2,The Beaches Of Cheyenne,Garth Brooks,1,16,
1996-03-23,3,Walkin' Away,Diamond Rio,6,15,Gains In Performance
1996-03-23,4,If You Loved Me,Tracy Lawrence,7,15,Gains In Performance
1996-03-23,5,To Be Loved By You,Wynonna,8,12,Gains In Performance
1996-03-23,6,Hypnotize The Moon,Clay Walker,9,11,Gains In Performance
1996-03-23,7,Too Much Fun,Daryle Singletary,10,16,Gains In Performance
1996-03-23,8,I Know She Still Loves Me,George Strait,5,14,
1996-03-23,9,I'll Try,Alan Jackson,3,13,
1996-03-23,10,No News,Lonestar,11,11,Gains In Performance
1996-03-23,11,You Gotta Love That,Neal McCoy,12,12,Gains In Performance
1996-03-23,12,Heart's Desire,Lee Roy Parnell,16,10,Gains In Performance
1996-03-23,13,You Win My Love,Shania Twain,14,5,Gains In Performance
1996-03-23,14,Some Things Are Meant To Be,Linda Davis,13,17,Gains In Performance
1996-03-23,15,Wild Angels,Martina McBride,4,17,
1996-03-23,16,It Wouldn't Hurt To Have Wings,Mark Chesnutt,15,13,Gains In Performance
1996-03-23,17,What Do I Know,Ricochet,18,16,Gains In Performance
1996-03-23,18,Heaven In My Woman's Eyes,Tracy Byrd,20,8,Gains In Performance
1996-03-23,19,It Works,Alabama,19,11,Gains In Performance
1996-03-23,20,Someone Else's Dream,Faith Hill,30,5,Gains In Performance
1996-03-23,21,"Ready, Willing And Able",Lari White,22,15,Gains In Performance
1996-03-23,22,Without Your Love,Aaron Tippin,24,8,Gains In Performance
1996-03-23,23,All I Want Is A Life,Tim McGraw,31,11,Gains In Performance
1996-03-23,24,Long As I Live,John Michael Montgomery,35,4,Gains In Performance
1996-03-23,25,It's What I Do,Billy Dean,28,8,Gains In Performance
1996-03-23,26,The River And The Highway,Pam Tillis,25,9,Gains In Performance
1996-03-23,27,All You Ever Do Is Bring Me Down,The Mavericks (Featuring Flaco Jimenez),26,10,Gains In Performance
1996-03-23,28,"Heads Carolina, Tails California",Jo Dee Messina,34,9,Gains In Performance
1996-03-23,29,Bigger Than The Beatles,Joe Diffie,23,17,
1996-03-23,30,She's Got A Mind Of Her Own,James Bonamy,33,15,Gains In Performance
1996-03-23,31,(If You're Not In It For Love) I'm Outta Here!,Shania Twain,27,19,
1996-03-23,32,Not That Different,Collin Raye,21,19,
1996-03-23,33,It Matters To Me,Faith Hill,29,20,
1996-03-23,34,Almost A Memory Now,BlackHawk,37,5,Gains In Performance
1996-03-23,35,Every Time My Heart Calls Your Name,John Berry,36,6,Gains In Performance
1996-03-23,36,Out With A Bang,David Lee Murphy,32,18,
1996-03-23,37,Cowboy Love,John Michael Montgomery,38,19,
1996-03-23,38,If I Were You,Terri Clark,47,3,Gains In Performance
1996-03-23,39,Ten Thousand Angels,Mindy McCready,42,8,Gains In Performance
1996-03-23,40,Like There Ain't No Yesterday,BlackHawk,40,20,
1996-03-23,41,C-O-U-N-T-R-Y,Joe Diffie,46,4,Gains In Performance
1996-03-23,42,I'm Not Supposed To Love You Anymore,Bryan White,49,4,Gains In Performance
1996-03-23,43,Who's That Girl,Stephanie Bentley,45,8,Gains In Performance
1996-03-23,44,I Think About You,Collin Raye,55,3,Gains In Performance
1996-03-23,45,1969,Keith Stegall,44,9,Gains In Performance
1996-03-23,46,Does That Blue Moon Ever Shine On You,Toby Keith,50,3,Gains In Performance
1996-03-23,47,Even If I Tried,Emilio,41,10,
1996-03-23,48,Standing Tall,Lorrie Morgan,39,14,
1996-03-23,49,Now That's All Right With Me,Mandy Barnett,43,11,
1996-03-23,50,All Over But The Shoutin',Shenandoah,51,5,Gains In Performance
1996-03-23,51,Years From Here,Baker & Myers,60,7,Gains In Performance
1996-03-23,52,Holdin' On To Something,Jeff Carson,59,4,Gains In Performance
1996-03-23,53,The Love That We Lost,Chely Wright,56,7,Gains In Performance
1996-03-23,54,"Ring On Her Finger, Time On Her Hands",Reba McEntire,48,20,
1996-03-23,55,Redneck Son,Ty England,57,5,
1996-03-23,56,Remember The Ride,Perfect Stranger,61,6,Gains In Performance
1996-03-23,57,She Got What She Deserves,Frazier River,62,7,Gains In Performance
1996-03-23,58,Long Hard Lesson Learned,John Anderson,70,3,Gains In Performance
1996-03-23,59,Grandpa Told Me So,Kenny Chesney,53,20,
1996-03-23,60,She Never Looks Back,Doug Supernaw,68,3,Gains In Performance
1996-03-30,1,You Can Feel Bad,Patty Loveless,1,14,Gains In Performance
1996-03-30,2,To Be Loved By You,Wynonna,5,13,Gains In Performance
1996-03-30,3,Walkin' Away,Diamond Rio,3,16,Gains In Performance
1996-03-30,4,Too Much Fun,Daryle Singletary,7,17,Gains In Performance
1996-03-30,5,If You Loved Me,Tracy Lawrence,4,16,
1996-03-30,6,Hypnotize The Moon,Clay Walker,6,12,Gains In Performance
1996-03-30,7,You Gotta Love That,Neal McCoy,11,13,Gains In Performance
1996-03-30,8,No News,Lonestar,10,12,Gains In Performance
1996-03-30,9,You Win My Love,Shania Twain,13,6,Gains In Performance
1996-03-30,10,The Beaches Of Cheyenne,Garth Brooks,2,17,
1996-03-30,11,Heart's Desire,Lee Roy Parnell,12,11,Gains In Performance
1996-03-30,12,What Do I Know,Ricochet,17,17,Gains In Performance
1996-03-30,13,It Wouldn't Hurt To Have Wings,Mark Chesnutt,16,14,Gains In Performance
1996-03-30,14,I'll Try,Alan Jackson,9,14,
1996-03-30,15,Some Things Are Meant To Be,Linda Davis,14,18,
1996-03-30,16,All I Want Is A Life,Tim McGraw,23,12,Gains In Performance
1996-03-30,17,Heaven In My Woman's Eyes,Tracy Byrd,18,9,Gains In Performance
1996-03-30,18,I Know She Still Loves Me,George Strait,8,15,
1996-03-30,19,Someone Else's Dream,Faith Hill,20,6,Gains In Performance
1996-03-30,20,It Works,Alabama,19,12,Gains In Performance
1996-03-30,21,Long As I Live,John Michael Montgomery,24,5,Gains In Performance
1996-03-30,22,"Ready, Willing And Able",Lari White,21,16,Gains In Performance
1996-03-30,23,Without Your Love,Aaron Tippin,22,9,Gains In Performance
1996-03-30,24,The River And The Highway,Pam Tillis,26,10,Gains In Performance
1996-03-30,25,"Heads Carolina, Tails California",Jo Dee Messina,28,10,Gains In Performance
1996-03-30,26,Wild Angels,Martina McBride,15,18,
1996-03-30,27,All You Ever Do Is Bring Me Down,The Mavericks (Featuring Flaco Jimenez),27,11,Gains In Performance
1996-03-30,28,It's What I Do,Billy Dean,25,9,Gains In Performance
1996-03-30,29,She's Got A Mind Of Her Own,James Bonamy,30,16,Gains In Performance
1996-03-30,30,Almost A Memory Now,BlackHawk,34,6,Gains In Performance
1996-03-30,31,(If You're Not In It For Love) I'm Outta Here!,Shania Twain,31,20,
1996-03-30,32,Bigger Than The Beatles,Joe Diffie,29,18,
1996-03-30,33,Not That Different,Collin Raye,32,20,
1996-03-30,34,Every Time My Heart Calls Your Name,John Berry,35,7,Gains In Performance
1996-03-30,35,If I Were You,Terri Clark,38,4,Gains In Performance
1996-03-30,36,I'm Not Supposed To Love You Anymore,Bryan White,42,5,Gains In Performance
1996-03-30,37,C-O-U-N-T-R-Y,Joe Diffie,41,5,Gains In Performance
1996-03-30,38,Ten Thousand Angels,Mindy McCready,39,9,Gains In Performance
1996-03-30,39,I Think About You,Collin Raye,44,4,Gains In Performance
1996-03-30,40,Does That Blue Moon Ever Shine On You,Toby Keith,46,4,Gains In Performance
1996-03-30,41,Who's That Girl,Stephanie Bentley,43,9,Gains In Performance
1996-03-30,42,Cowboy Love,John Michael Montgomery,37,20,
1996-03-30,43,1969,Keith Stegall,45,10,Gains In Performance
1996-03-30,44,Out With A Bang,David Lee Murphy,36,19,
1996-03-30,45,All Over But The Shoutin',Shenandoah,50,6,Gains In Performance
1996-03-30,46,Holdin' On To Something,Jeff Carson,52,5,Gains In Performance
1996-03-30,47,Every Time I Get Around You,David Lee Murphy,63,2,Gains In Performance
1996-03-30,48,Years From Here,Baker & Myers,51,8,Gains In Performance
1996-03-30,49,The Love That We Lost,Chely Wright,53,8,Gains In Performance
1996-03-30,50,My Heart Has A History,Paul Brandt,65,4,Gains In Performance
1996-03-30,51,Long Hard Lesson Learned,John Anderson,58,4,Gains In Performance
1996-03-30,52,She Never Looks Back,Doug Supernaw,60,4,Gains In Performance
1996-03-30,53,Now That's All Right With Me,Mandy Barnett,49,12,
1996-03-30,54,Even If I Tried,Emilio,47,11,
1996-03-30,55,Meant To Be,Sammy Kershaw,66,2,Gains In Performance
1996-03-30,56,You'd Think He'd Know Me Better,Bobbie Cryner,61,5,Gains In Performance
1996-03-30,57,Time Marches On,Tracy Lawrence,64,2,Gains In Performance
1996-03-30,58,Standing Tall,Lorrie Morgan,48,15,
1996-03-30,59,Remember The Ride,Perfect Stranger,56,7,
1996-03-30,60,Redneck Son,Ty England,55,6,
1996-04-06,1,To Be Loved By You,Wynonna,2,14,Gains In Performance
1996-04-06,2,Walkin' Away,Diamond Rio,3,17,Gains In Performance
1996-04-06,3,Hypnotize The Moon,Clay Walker,6,13,Gains In Performance
1996-04-06,4,Too Much Fun,Daryle Singletary,4,18,Gains In Performance
1996-04-06,5,No News,Lonestar,8,13,Gains In Performance
1996-04-06,6,You Gotta Love That,Neal McCoy,7,14,Gains In Performance
1996-04-06,7,You Can Feel Bad,Patty Loveless,1,15,
1996-04-06,8,You Win My Love,Shania Twain,9,7,Gains In Performance
1996-04-06,9,What Do I Know,Ricochet,12,18,Gains In Performance
1996-04-06,10,Heart's Desire,Lee Roy Parnell,11,12,Gains In Performance
1996-04-06,11,It Wouldn't Hurt To Have Wings,Mark Chesnutt,13,15,Gains In Performance
1996-04-06,12,All I Want Is A Life,Tim McGraw,16,13,Gains In Performance
1996-04-06,13,If You Loved Me,Tracy Lawrence,5,17,
1996-04-06,14,Heaven In My Woman's Eyes,Tracy Byrd,17,10,Gains In Performance
1996-04-06,15,Long As I Live,John Michael Montgomery,21,6,Gains In Performance
1996-04-06,16,Someone Else's Dream,Faith Hill,19,7,Gains In Performance
1996-04-06,17,The Beaches Of Cheyenne,Garth Brooks,10,18,
1996-04-06,18,"Heads Carolina, Tails California",Jo Dee Messina,25,11,Gains In Performance
1996-04-06,19,It Works,Alabama,20,13,Gains In Performance
1996-04-06,20,It's What I Do,Billy Dean,28,10,Gains In Performance
1996-04-06,21,The River And The Highway,Pam Tillis,24,11,Gains In Performance
1996-04-06,22,"Ready, Willing And Able",Lari White,22,17,Gains In Performance
1996-04-06,23,Without Your Love,Aaron Tippin,23,10,
1996-04-06,24,All You Ever Do Is Bring Me Down,The Mavericks (Featuring Flaco Jimenez),27,12,Gains In Performance
1996-04-06,25,I'll Try,Alan Jackson,14,15,
1996-04-06,26,She's Got A Mind Of Her Own,James Bonamy,29,17,Gains In Performance
1996-04-06,27,Wild Angels,Martina McBride,26,19,
1996-04-06,28,Almost A Memory Now,BlackHawk,30,7,Gains In Performance
1996-04-06,29,Some Things Are Meant To Be,Linda Davis,15,19,
1996-04-06,30,My Maria,Brooks & Dunn,NEW,1,Highest ranking debut|Gains In Performance
1996-04-06,31,If I Were You,Terri Clark,35,5,Gains In Performance
1996-04-06,32,I Know She Still Loves Me,George Strait,18,16,
1996-04-06,33,I'm Not Supposed To Love You Anymore,Bryan White,36,6,Gains In Performance
1996-04-06,34,Bigger Than The Beatles,Joe Diffie,32,19,
1996-04-06,35,I Think About You,Collin Raye,39,5,Gains In Performance
1996-04-06,36,Every Time My Heart Calls Your Name,John Berry,34,8,Gains In Performance
1996-04-06,37,Does That Blue Moon Ever Shine On You,Toby Keith,40,5,Gains In Performance
1996-04-06,38,Ten Thousand Angels,Mindy McCready,38,10,Gains In Performance
1996-04-06,39,C-O-U-N-T-R-Y,Joe Diffie,37,6,Gains In Performance
1996-04-06,40,Who's That Girl,Stephanie Bentley,41,10,Gains In Performance
1996-04-06,41,Blue Clear Sky,George Strait,NEW,1,Gains In Performance
1996-04-06,42,Every Time I Get Around You,David Lee Murphy,47,3,Gains In Performance
1996-04-06,43,All Over But The Shoutin',Shenandoah,45,7,Gains In Performance
1996-04-06,44,Holdin' On To Something,Jeff Carson,46,6,Gains In Performance
1996-04-06,45,My Heart Has A History,Paul Brandt,50,5,Gains In Performance
1996-04-06,46,1969,Keith Stegall,43,11,
1996-04-06,47,The Change,Garth Brooks,71,4,Gains In Performance
1996-04-06,48,Out With A Bang,David Lee Murphy,44,20,
1996-04-06,49,Starting Over Again,Reba McEntire,69,2,Gains In Performance
1996-04-06,50,The Love That We Lost,Chely Wright,49,9,Gains In Performance
1996-04-06,51,Years From Here,Baker & Myers,48,9,Gains In Performance
1996-04-06,52,Long Hard Lesson Learned,John Anderson,51,5,Gains In Performance
1996-04-06,53,Time Marches On,Tracy Lawrence,57,3,Gains In Performance
1996-04-06,54,Meant To Be,Sammy Kershaw,55,3,Gains In Performance
1996-04-06,55,She Never Looks Back,Doug Supernaw,52,5,Gains In Performance
1996-04-06,56,Treat Her Right,Sawyer Brown,61,3,Gains In Performance
1996-04-06,57,Don't Get Me Started,Rhett Akins,65,2,Gains In Performance
1996-04-06,58,You'd Think He'd Know Me Better,Bobbie Cryner,56,6,
1996-04-06,59,Remember The Ride,Perfect Stranger,59,8,Gains In Performance
1996-04-06,60,Someday,Steve Azar,63,4,Gains In Performance
1996-04-13,1,No News,Lonestar,5,14,Gains In Performance
1996-04-13,2,Hypnotize The Moon,Clay Walker,3,14,Gains In Performance
1996-04-13,3,Walkin' Away,Diamond Rio,2,18,
1996-04-13,4,You Gotta Love That,Neal McCoy,6,15,Gains In Performance
1996-04-13,5,What Do I Know,Ricochet,9,19,Gains In Performance
1996-04-13,6,You Win My Love,Shania Twain,8,8,Gains In Performance
1996-04-13,7,Heart's Desire,Lee Roy Parnell,10,13,Gains In Performance
1996-04-13,8,Too Much Fun,Daryle Singletary,4,19,
1996-04-13,9,To Be Loved By You,Wynonna,1,15,
1996-04-13,10,It Wouldn't Hurt To Have Wings,Mark Chesnutt,11,16,Gains In Performance
1996-04-13,11,All I Want Is A Life,Tim McGraw,12,14,Gains In Performance
1996-04-13,12,You Can Feel Bad,Patty Loveless,7,16,
1996-04-13,13,Long As I Live,John Michael Montgomery,15,7,Gains In Performance
1996-04-13,14,Someone Else's Dream,Faith Hill,16,8,Gains In Performance
1996-04-13,15,My Maria,Brooks & Dunn,30,2,Gains In Performance
1996-04-13,16,"Heads Carolina, Tails California",Jo Dee Messina,18,12,Gains In Performance
1996-04-13,17,Heaven In My Woman's Eyes,Tracy Byrd,14,11,
1996-04-13,18,The River And The Highway,Pam Tillis,21,12,Gains In Performance
1996-04-13,19,It's What I Do,Billy Dean,20,11,Gains In Performance
1996-04-13,20,"Ready, Willing And Able",Lari White,22,18,Gains In Performance
1996-04-13,21,All You Ever Do Is Bring Me Down,The Mavericks (Featuring Flaco Jimenez),24,13,Gains In Performance
1996-04-13,22,Blue Clear Sky,George Strait,41,2,Gains In Performance
1996-04-13,23,It Works,Alabama,19,14,
1996-04-13,24,Almost A Memory Now,BlackHawk,28,8,Gains In Performance
1996-04-13,25,I'm Not Supposed To Love You Anymore,Bryan White,33,7,Gains In Performance
1996-04-13,26,The Beaches Of Cheyenne,Garth Brooks,17,19,
1996-04-13,27,I Think About You,Collin Raye,35,6,Gains In Performance
1996-04-13,28,If I Were You,Terri Clark,31,6,Gains In Performance
1996-04-13,29,If You Loved Me,Tracy Lawrence,13,18,
1996-04-13,30,I'll Try,Alan Jackson,25,16,
1996-04-13,31,Wild Angels,Martina McBride,27,20,
1996-04-13,32,Does That Blue Moon Ever Shine On You,Toby Keith,37,6,Gains In Performance
1996-04-13,33,She's Got A Mind Of Her Own,James Bonamy,26,18,
1996-04-13,34,Ten Thousand Angels,Mindy McCready,38,11,Gains In Performance
1996-04-13,35,Without Your Love,Aaron Tippin,23,11,
1996-04-13,36,Bigger Than The Beatles,Joe Diffie,34,20,Gains In Performance
1996-04-13,37,The Change,Garth Brooks,47,5,Gains In Performance
1996-04-13,38,C-O-U-N-T-R-Y,Joe Diffie,39,7,Gains In Performance
1996-04-13,39,I Know She Still Loves Me,George Strait,32,17,
1996-04-13,40,Every Time My Heart Calls Your Name,John Berry,36,9,
1996-04-13,41,Some Things Are Meant To Be,Linda Davis,29,20,
1996-04-13,42,Who's That Girl,Stephanie Bentley,40,11,Gains In Performance
1996-04-13,43,Every Time I Get Around You,David Lee Murphy,42,4,Gains In Performance
1996-04-13,44,Starting Over Again,Reba McEntire,49,3,Gains In Performance
1996-04-13,45,Time Marches On,Tracy Lawrence,53,4,Gains In Performance
1996-04-13,46,Holdin' On To Something,Jeff Carson,44,7,Gains In Performance
1996-04-13,47,My Heart Has A History,Paul Brandt,45,6,Gains In Performance
1996-04-13,48,All Over But The Shoutin',Shenandoah,43,8,Gains In Performance
1996-04-13,49,The Love That We Lost,Chely Wright,50,10,Gains In Performance
1996-04-13,50,High Lonesome Sound,Vince Gill,NEW,1,Highest ranking debut|Gains In Performance
1996-04-13,51,Years From Here,Baker & Myers,51,10,Gains In Performance
1996-04-13,52,Long Hard Lesson Learned,John Anderson,52,6,
1996-04-13,53,Meant To Be,Sammy Kershaw,54,4,Gains In Performance
1996-04-13,54,Treat Her Right,Sawyer Brown,56,4,Gains In Performance
1996-04-13,55,She Never Looks Back,Doug Supernaw,55,6,
1996-04-13,56,Don't Get Me Started,Rhett Akins,57,3,Gains In Performance
1996-04-13,57,Someday,Steve Azar,60,5,Gains In Performance
1996-04-13,58,1969,Keith Stegall,46,12,
1996-04-13,59,Remember The Ride,Perfect Stranger,59,9,
1996-04-13,60,You'd Think He'd Know Me Better,Bobbie Cryner,58,7,
1996-04-20,1,No News,Lonestar,1,15,Gains In Performance
1996-04-20,2,You Win My Love,Shania Twain,6,9,Gains In Performance
1996-04-20,3,You Gotta Love That,Neal McCoy,4,16,Gains In Performance
1996-04-20,4,Hypnotize The Moon,Clay Walker,2,15,
1996-04-20,5,Heart's Desire,Lee Roy Parnell,7,14,Gains In Performance
1996-04-20,6,What Do I Know,Ricochet,5,20,
1996-04-20,7,It Wouldn't Hurt To Have Wings,Mark Chesnutt,10,17,Gains In Performance
1996-04-20,8,My Maria,Brooks & Dunn,15,3,Gains In Performance
1996-04-20,9,All I Want Is A Life,Tim McGraw,11,15,Gains In Performance
1996-04-20,10,Walkin' Away,Diamond Rio,3,19,
1996-04-20,11,Long As I Live,John Michael Montgomery,13,8,Gains In Performance
1996-04-20,12,Someone Else's Dream,Faith Hill,14,9,Gains In Performance
1996-04-20,13,"Heads Carolina, Tails California",Jo Dee Messina,16,13,Gains In Performance
1996-04-20,14,The River And The Highway,Pam Tillis,18,13,Gains In Performance
1996-04-20,15,Blue Clear Sky,George Strait,22,3,Gains In Performance
1996-04-20,16,To Be Loved By You,Wynonna,9,16,
1996-04-20,17,It's What I Do,Billy Dean,19,12,Gains In Performance
1996-04-20,18,Too Much Fun,Daryle Singletary,8,20,
1996-04-20,19,You Can Feel Bad,Patty Loveless,12,17,
1996-04-20,20,Heaven In My Woman's Eyes,Tracy Byrd,17,12,
1996-04-20,21,All You Ever Do Is Bring Me Down,The Mavericks (Featuring Flaco Jimenez),21,14,Gains In Performance
1996-04-20,22,I'm Not Supposed To Love You Anymore,Bryan White,25,8,Gains In Performance
1996-04-20,23,Almost A Memory Now,BlackHawk,24,9,Gains In Performance
1996-04-20,24,Does That Blue Moon Ever Shine On You,Toby Keith,32,7,Gains In Performance
1996-04-20,25,I Think About You,Collin Raye,27,7,Gains In Performance
1996-04-20,26,If I Were You,Terri Clark,28,7,Gains In Performance
1996-04-20,27,The Change,Garth Brooks,37,6,Gains In Performance
1996-04-20,28,Ten Thousand Angels,Mindy McCready,34,12,Gains In Performance
1996-04-20,29,"Ready, Willing And Able",Lari White,20,19,
1996-04-20,30,C-O-U-N-T-R-Y,Joe Diffie,38,8,Gains In Performance
1996-04-20,31,I'll Try,Alan Jackson,30,17,
1996-04-20,32,Time Marches On,Tracy Lawrence,45,5,Gains In Performance
1996-04-20,33,The Beaches Of Cheyenne,Garth Brooks,26,20,
1996-04-20,34,If You Loved Me,Tracy Lawrence,29,19,
1996-04-20,35,High Lonesome Sound,Vince Gill,50,2,Gains In Performance
1996-04-20,36,Who's That Girl,Stephanie Bentley,42,12,Gains In Performance
1996-04-20,37,Starting Over Again,Reba McEntire,44,4,Gains In Performance
1996-04-20,38,Every Time I Get Around You,David Lee Murphy,43,5,Gains In Performance
1996-04-20,39,Holdin' On To Something,Jeff Carson,46,8,Gains In Performance
1996-04-20,40,It Works,Alabama,23,15,
1996-04-20,41,I Know She Still Loves Me,George Strait,39,18,
1996-04-20,42,My Heart Has A History,Paul Brandt,47,7,Gains In Performance
1996-04-20,43,She's Got A Mind Of Her Own,James Bonamy,33,19,
1996-04-20,44,The Love That We Lost,Chely Wright,49,11,
1996-04-20,45,Meant To Be,Sammy Kershaw,53,5,Gains In Performance
1996-04-20,46,Treat Her Right,Sawyer Brown,54,5,Gains In Performance
1996-04-20,47,All Over But The Shoutin',Shenandoah,48,9,
1996-04-20,48,Without Your Love,Aaron Tippin,35,12,
1996-04-20,49,Years From Here,Baker & Myers,51,11,Gains In Performance
1996-04-20,50,Don't Get Me Started,Rhett Akins,56,4,Gains In Performance
1996-04-20,51,Long Hard Lesson Learned,John Anderson,52,7,Gains In Performance
1996-04-20,52,Every Time My Heart Calls Your Name,John Berry,40,10,
1996-04-20,53,She Never Looks Back,Doug Supernaw,55,7,Gains In Performance
1996-04-20,54,Phones Are Ringin' All Over Town,Martina McBride,68,3,Gains In Performance
1996-04-20,55,A Love Story In The Making,Linda Davis,70,2,Gains In Performance
1996-04-20,56,Someday,Steve Azar,57,6,Gains In Performance
1996-04-20,57,By My Side,Lorrie Morgan & Jon Randall,62,3,Gains In Performance
1996-04-20,58,There's A Girl In Texas,Trace Adkins,72,2,Gains In Performance
1996-04-20,59,Back In My Arms Again,Kenny Chesney,66,3,Gains In Performance
1996-04-20,60,Cat's In The Cradle,Ricky Skaggs,NEW,1,Highest ranking debut|Gains In Performance
1996-04-27,1,No News,Lonestar,1,16,
1996-04-27,2,You Win My Love,Shania Twain,2,10,Gains In Performance
1996-04-27,3,Heart's Desire,Lee Roy Parnell,5,15,Gains In Performance
1996-04-27,4,My Maria,Brooks & Dunn,8,4,Gains In Performance
1996-04-27,5,You Gotta Love That,Neal McCoy,3,17,
1996-04-27,6,All I Want Is A Life,Tim McGraw,9,16,Gains In Performance
1996-04-27,7,It Wouldn't Hurt To Have Wings,Mark Chesnutt,7,18,Gains In Performance
1996-04-27,8,"Heads Carolina, Tails California",Jo Dee Messina,13,14,Gains In Performance
1996-04-27,9,Hypnotize The Moon,Clay Walker,4,16,
1996-04-27,10,Blue Clear Sky,George Strait,15,4,Gains In Performance
1996-04-27,11,The River And The Highway,Pam Tillis,14,14,Gains In Performance
1996-04-27,12,Someone Else's Dream,Faith Hill,12,10,Gains In Performance
1996-04-27,13,What Do I Know,Ricochet,6,21,
1996-04-27,14,Long As I Live,John Michael Montgomery,11,9,Gains In Performance
1996-04-27,15,It's What I Do,Billy Dean,17,13,Gains In Performance
1996-04-27,16,I'm Not Supposed To Love You Anymore,Bryan White,22,9,Gains In Performance
1996-04-27,17,All You Ever Do Is Bring Me Down,The Mavericks (Featuring Flaco Jimenez),21,15,Gains In Performance
1996-04-27,18,I Think About You,Collin Raye,25,8,Gains In Performance
1996-04-27,19,Walkin' Away,Diamond Rio,10,20,
1996-04-27,20,If I Were You,Terri Clark,26,8,Gains In Performance
1996-04-27,21,Almost A Memory Now,BlackHawk,23,10,Gains In Performance
1996-04-27,22,Does That Blue Moon Ever Shine On You,Toby Keith,24,8,Gains In Performance
1996-04-27,23,The Change,Garth Brooks,27,7,Gains In Performance
1996-04-27,24,Time Marches On,Tracy Lawrence,32,6,Gains In Performance
1996-04-27,25,You Can Feel Bad,Patty Loveless,19,18,
1996-04-27,26,Ten Thousand Angels,Mindy McCready,28,13,Gains In Performance
1996-04-27,27,High Lonesome Sound,Vince Gill,35,3,Gains In Performance
1996-04-27,28,To Be Loved By You,Wynonna,16,17,
1996-04-27,29,C-O-U-N-T-R-Y,Joe Diffie,30,9,Gains In Performance
1996-04-27,30,Heaven In My Woman's Eyes,Tracy Byrd,20,13,
1996-04-27,31,Starting Over Again,Reba McEntire,37,5,Gains In Performance
1996-04-27,32,I'll Try,Alan Jackson,31,18,
1996-04-27,33,Every Time I Get Around You,David Lee Murphy,38,6,Gains In Performance
1996-04-27,34,If You Loved Me,Tracy Lawrence,34,20,
1996-04-27,35,Who's That Girl,Stephanie Bentley,36,13,
1996-04-27,36,Holdin' On To Something,Jeff Carson,39,9,Gains In Performance
1996-04-27,37,My Heart Has A History,Paul Brandt,42,8,Gains In Performance
1996-04-27,38,Meant To Be,Sammy Kershaw,45,6,Gains In Performance
1996-04-27,39,Treat Her Right,Sawyer Brown,46,6,Gains In Performance
1996-04-27,40,I Know She Still Loves Me,George Strait,41,19,
1996-04-27,41,The Love That We Lost,Chely Wright,44,12,Gains In Performance
1996-04-27,42,Home,Alan Jackson,67,2,Gains In Performance
1996-04-27,43,It Works,Alabama,40,16,
1996-04-27,44,Don't Get Me Started,Rhett Akins,50,5,Gains In Performance
1996-04-27,45,"Ready, Willing And Able",Lari White,29,20,
1996-04-27,46,A Thousand Times A Day,Patty Loveless,61,3,Gains In Performance
1996-04-27,47,Honky Tonkin's What I Do Best,Marty Stuart & Travis Tritt,63,2,Gains In Performance
1996-04-27,48,Phones Are Ringin' All Over Town,Martina McBride,54,4,Gains In Performance
1996-04-27,49,She's Got A Mind Of Her Own,James Bonamy,43,20,
1996-04-27,50,Years From Here,Baker & Myers,49,12,
1996-04-27,51,She Never Looks Back,Doug Supernaw,53,8,Gains In Performance
1996-04-27,52,By My Side,Lorrie Morgan & Jon Randall,57,4,Gains In Performance
1996-04-27,53,A Love Story In The Making,Linda Davis,55,3,Gains In Performance
1996-04-27,54,Back In My Arms Again,Kenny Chesney,59,4,Gains In Performance
1996-04-27,55,Heaven Help My Heart,Wynonna,NEW,1,Highest ranking debut|Gains In Performance
1996-04-27,56,Long Hard Lesson Learned,John Anderson,51,8,
1996-04-27,57,Someday,Steve Azar,56,7,Gains In Performance
1996-04-27,58,All Over But The Shoutin',Shenandoah,47,10,
1996-04-27,59,There's A Girl In Texas,Trace Adkins,58,3,Gains In Performance
1996-04-27,60,Cat's In The Cradle,Ricky Skaggs,60,2,Gains In Performance
1996-05-04,1,You Win My Love,Shania Twain,2,11,Gains In Performance
1996-05-04,2,My Maria,Brooks & Dunn,4,5,Gains In Performance
1996-05-04,3,Heart's Desire,Lee Roy Parnell,3,16,
1996-05-04,4,"Heads Carolina, Tails California",Jo Dee Messina,8,15,Gains In Performance
1996-05-04,5,All I Want Is A Life,Tim McGraw,6,17,Gains In Performance
1996-05-04,6,No News,Lonestar,1,17,
1996-05-04,7,Long As I Live,John Michael Montgomery,14,10,Gains In Performance
1996-05-04,8,Blue Clear Sky,George Strait,10,5,Gains In Performance
1996-05-04,9,Someone Else's Dream,Faith Hill,12,11,Gains In Performance
1996-05-04,10,The River And The Highway,Pam Tillis,11,15,Gains In Performance
1996-05-04,11,It Wouldn't Hurt To Have Wings,Mark Chesnutt,7,19,
1996-05-04,12,It's What I Do,Billy Dean,15,14,Gains In Performance
1996-05-04,13,I'm Not Supposed To Love You Anymore,Bryan White,16,10,Gains In Performance
1996-05-04,14,Time Marches On,Tracy Lawrence,24,7,Gains In Performance
1996-05-04,15,I Think About You,Collin Raye,18,9,Gains In Performance
1996-05-04,16,All You Ever Do Is Bring Me Down,The Mavericks (Featuring Flaco Jimenez),17,16,Gains In Performance
1996-05-04,17,Hypnotize The Moon,Clay Walker,9,17,
1996-05-04,18,You Gotta Love That,Neal McCoy,5,18,
1996-05-04,19,Does That Blue Moon Ever Shine On You,Toby Keith,22,9,Gains In Performance
1996-05-04,20,High Lonesome Sound,Vince Gill,27,4,Gains In Performance
1996-05-04,21,If I Were You,Terri Clark,20,9,Gains In Performance
1996-05-04,22,Ten Thousand Angels,Mindy McCready,26,14,Gains In Performance
1996-05-04,23,The Change,Garth Brooks,23,8,Gains In Performance
1996-05-04,24,Almost A Memory Now,BlackHawk,21,11,Gains In Performance
1996-05-04,25,C-O-U-N-T-R-Y,Joe Diffie,29,10,Gains In Performance
1996-05-04,26,You Can Feel Bad,Patty Loveless,25,19,
1996-05-04,27,Every Time I Get Around You,David Lee Murphy,33,7,Gains In Performance
1996-05-04,28,Starting Over Again,Reba McEntire,31,6,Gains In Performance
1996-05-04,29,Holdin' On To Something,Jeff Carson,36,10,Gains In Performance
1996-05-04,30,Home,Alan Jackson,42,3,Gains In Performance
1996-05-04,31,To Be Loved By You,Wynonna,28,18,
1996-05-04,32,Who's That Girl,Stephanie Bentley,35,14,Gains In Performance
1996-05-04,33,My Heart Has A History,Paul Brandt,37,9,Gains In Performance
1996-05-04,34,I'll Try,Alan Jackson,32,19,
1996-05-04,35,Meant To Be,Sammy Kershaw,38,7,Gains In Performance
1996-05-04,36,Treat Her Right,Sawyer Brown,39,7,Gains In Performance
1996-05-04,37,Heaven Help My Heart,Wynonna,55,2,Gains In Performance
1996-05-04,38,Heaven In My Woman's Eyes,Tracy Byrd,30,14,
1996-05-04,39,A Thousand Times A Day,Patty Loveless,46,4,Gains In Performance
1996-05-04,40,Don't Get Me Started,Rhett Akins,44,6,Gains In Performance
1996-05-04,41,The Love That We Lost,Chely Wright,41,13,Gains In Performance
1996-05-04,42,Honky Tonkin's What I Do Best,Marty Stuart & Travis Tritt,47,3,Gains In Performance
1996-05-04,43,Phones Are Ringin' All Over Town,Martina McBride,48,5,Gains In Performance
1996-05-04,44,I Know She Still Loves Me,George Strait,40,20,
1996-05-04,45,By My Side,Lorrie Morgan & Jon Randall,52,5,Gains In Performance
1996-05-04,46,Back In My Arms Again,Kenny Chesney,54,5,Gains In Performance
1996-05-04,47,Daddy's Money,Ricochet,63,2,Gains In Performance
1996-05-04,48,A Love Story In The Making,Linda Davis,53,4,Gains In Performance
1996-05-04,49,There's A Girl In Texas,Trace Adkins,59,4,Gains In Performance
1996-05-04,50,It Works,Alabama,43,17,
1996-05-04,51,Someday,Steve Azar,57,8,Gains In Performance
1996-05-04,52,Cat's In The Cradle,Ricky Skaggs,60,3,Gains In Performance
1996-05-04,53,Years From Here,Baker & Myers,50,13,
1996-05-04,54,She Never Looks Back,Doug Supernaw,51,9,
1996-05-04,55,Little Drops Of My Heart,Keith Gattis,64,6,Gains In Performance
1996-05-04,56,That's What I Get For Lovin' You,Diamond Rio,NEW,1,Highest ranking debut|Gains In Performance
1996-05-04,57,Picture Perfect,The Sky Kings,62,3,
1996-05-04,58,Thinkin' Strait,Rich McCready,70,2,Gains In Performance
1996-05-04,59,Sorry You Asked?,Dwight Yoakam,65,3,Gains In Performance
1996-05-04,60,Long Hard Lesson Learned,John Anderson,56,9,
1996-05-11,1,You Win My Love,Shania Twain,1,12,
1996-05-11,2,My Maria,Brooks & Dunn,2,6,Gains In Performance
1996-05-11,3,"Heads Carolina, Tails California",Jo Dee Messina,4,16,Gains In Performance
1996-05-11,4,Long As I Live,John Michael Montgomery,7,11,Gains In Performance
1996-05-11,5,Blue Clear Sky,George Strait,8,6,Gains In Performance
1996-05-11,6,Someone Else's Dream,Faith Hill,9,12,Gains In Performance
1996-05-11,7,All I Want Is A Life,Tim McGraw,5,18,Gains In Performance
1996-05-11,8,The River And The Highway,Pam Tillis,10,16,
1996-05-11,9,It's What I Do,Billy Dean,12,15,Gains In Performance
1996-05-11,10,Heart's Desire,Lee Roy Parnell,3,17,
1996-05-11,11,I'm Not Supposed To Love You Anymore,Bryan White,13,11,Gains In Performance
1996-05-11,12,I Think About You,Collin Raye,15,10,Gains In Performance
1996-05-11,13,Time Marches On,Tracy Lawrence,14,8,Gains In Performance
1996-05-11,14,No News,Lonestar,6,18,
1996-05-11,15,Does That Blue Moon Ever Shine On You,Toby Keith,19,10,Gains In Performance
1996-05-11,16,Ten Thousand Angels,Mindy McCready,22,15,Gains In Performance
1996-05-11,17,All You Ever Do Is Bring Me Down,The Mavericks (Featuring Flaco Jimenez),16,17,
1996-05-11,18,Almost A Memory Now,BlackHawk,24,12,Gains In Performance
1996-05-11,19,High Lonesome Sound,Vince Gill,20,5,Gains In Performance
1996-05-11,20,If I Were You,Terri Clark,21,10,Gains In Performance
1996-05-11,21,It Wouldn't Hurt To Have Wings,Mark Chesnutt,11,20,
1996-05-11,22,The Change,Garth Brooks,23,9,
1996-05-11,23,C-O-U-N-T-R-Y,Joe Diffie,25,11,Gains In Performance
1996-05-11,24,Every Time I Get Around You,David Lee Murphy,27,8,Gains In Performance
1996-05-11,25,Hypnotize The Moon,Clay Walker,17,18,
1996-05-11,26,You Gotta Love That,Neal McCoy,18,19,
1996-05-11,27,Home,Alan Jackson,30,4,Gains In Performance
1996-05-11,28,Starting Over Again,Reba McEntire,28,7,Gains In Performance
1996-05-11,29,Holdin' On To Something,Jeff Carson,29,11,Gains In Performance
1996-05-11,30,You Can Feel Bad,Patty Loveless,26,20,
1996-05-11,31,Heaven Help My Heart,Wynonna,37,3,Gains In Performance
1996-05-11,32,My Heart Has A History,Paul Brandt,33,10,Gains In Performance
1996-05-11,33,Meant To Be,Sammy Kershaw,35,8,Gains In Performance
1996-05-11,34,Treat Her Right,Sawyer Brown,36,8,Gains In Performance
1996-05-11,35,Who's That Girl,Stephanie Bentley,32,15,
1996-05-11,36,To Be Loved By You,Wynonna,31,19,
1996-05-11,37,A Thousand Times A Day,Patty Loveless,39,5,Gains In Performance
1996-05-11,38,I'll Try,Alan Jackson,34,20,
1996-05-11,39,Don't Get Me Started,Rhett Akins,40,7,Gains In Performance
1996-05-11,40,Honky Tonkin's What I Do Best,Marty Stuart & Travis Tritt,42,4,Gains In Performance
1996-05-11,41,Daddy's Money,Ricochet,47,3,Gains In Performance
1996-05-11,42,Phones Are Ringin' All Over Town,Martina McBride,43,6,Gains In Performance
1996-05-11,43,By My Side,Lorrie Morgan & Jon Randall,45,6,Gains In Performance
1996-05-11,44,Back In My Arms Again,Kenny Chesney,46,6,Gains In Performance
1996-05-11,45,There's A Girl In Texas,Trace Adkins,49,5,Gains In Performance
1996-05-11,46,A Love Story In The Making,Linda Davis,48,5,Gains In Performance
1996-05-11,47,The Love That We Lost,Chely Wright,41,14,
1996-05-11,48,Heaven In My Woman's Eyes,Tracy Byrd,38,15,
1996-05-11,49,That's What I Get For Lovin' You,Diamond Rio,56,2,Gains In Performance
1996-05-11,50,Cat's In The Cradle,Ricky Skaggs,52,4,Gains In Performance
1996-05-11,51,Someday,Steve Azar,51,9,Gains In Performance
1996-05-11,52,It Works,Alabama,50,18,
1996-05-11,53,Picture Perfect,The Sky Kings,57,4,Gains In Performance
1996-05-11,54,Little Drops Of My Heart,Keith Gattis,55,7,Gains In Performance
1996-05-11,55,Circle Of Friends,David Ball,61,2,Gains In Performance
1996-05-11,56,Years From Here,Baker & Myers,53,14,
1996-05-11,57,Hope,Various Artists,62,2,Gains In Performance
1996-05-11,58,Thinkin' Strait,Rich McCready,58,3,Gains In Performance
1996-05-11,59,Stranger In Your Eyes,Ken Mellons,69,3,Gains In Performance
1996-05-11,60,Sorry You Asked?,Dwight Yoakam,59,4,
1996-05-18,1,My Maria,Brooks & Dunn,2,7,Gains In Performance
1996-05-18,2,"Heads Carolina, Tails California",Jo Dee Messina,3,17,Gains In Performance
1996-05-18,3,Blue Clear Sky,George Strait,5,7,Gains In Performance
1996-05-18,4,Someone Else's Dream,Faith Hill,6,13,Gains In Performance
1996-05-18,5,Long As I Live,John Michael Montgomery,4,12,Gains In Performance
1996-05-18,6,It's What I Do,Billy Dean,9,16,Gains In Performance
1996-05-18,7,All I Want Is A Life,Tim McGraw,7,19,
1996-05-18,8,I Think About You,Collin Raye,12,11,Gains In Performance
1996-05-18,9,I'm Not Supposed To Love You Anymore,Bryan White,11,12,Gains In Performance
1996-05-18,10,Time Marches On,Tracy Lawrence,13,9,Gains In Performance
1996-05-18,11,You Win My Love,Shania Twain,1,13,
1996-05-18,12,Does That Blue Moon Ever Shine On You,Toby Keith,15,11,Gains In Performance
1996-05-18,13,All You Ever Do Is Bring Me Down,The Mavericks (Featuring Flaco Jimenez),17,18,Gains In Performance
1996-05-18,14,The River And The Highway,Pam Tillis,8,17,
1996-05-18,15,Almost A Memory Now,BlackHawk,18,13,Gains In Performance
1996-05-18,16,Ten Thousand Angels,Mindy McCready,16,16,Gains In Performance
1996-05-18,17,High Lonesome Sound,Vince Gill,19,6,Gains In Performance
1996-05-18,18,If I Were You,Terri Clark,20,11,Gains In Performance
1996-05-18,19,The Change,Garth Brooks,22,10,Gains In Performance
1996-05-18,20,Home,Alan Jackson,27,5,Gains In Performance
1996-05-18,21,No News,Lonestar,14,19,
1996-05-18,22,Heart's Desire,Lee Roy Parnell,10,18,
1996-05-18,23,Every Time I Get Around You,David Lee Murphy,24,9,Gains In Performance
1996-05-18,24,C-O-U-N-T-R-Y,Joe Diffie,23,12,Gains In Performance
1996-05-18,25,Heaven Help My Heart,Wynonna,31,4,Gains In Performance
1996-05-18,26,Starting Over Again,Reba McEntire,28,8,Gains In Performance
1996-05-18,27,Holdin' On To Something,Jeff Carson,29,12,Gains In Performance
1996-05-18,28,Hypnotize The Moon,Clay Walker,25,19,
1996-05-18,29,Meant To Be,Sammy Kershaw,33,9,Gains In Performance
1996-05-18,30,My Heart Has A History,Paul Brandt,32,11,Gains In Performance
1996-05-18,31,Treat Her Right,Sawyer Brown,34,9,Gains In Performance
1996-05-18,32,You Gotta Love That,Neal McCoy,26,20,
1996-05-18,33,A Thousand Times A Day,Patty Loveless,37,6,Gains In Performance
1996-05-18,34,Daddy's Money,Ricochet,41,4,Gains In Performance
1996-05-18,35,Don't Get Me Started,Rhett Akins,39,8,Gains In Performance
1996-05-18,36,Honky Tonkin's What I Do Best,Marty Stuart & Travis Tritt,40,5,Gains In Performance
1996-05-18,37,To Be Loved By You,Wynonna,36,20,
1996-05-18,38,Phones Are Ringin' All Over Town,Martina McBride,42,7,Gains In Performance
1996-05-18,39,By My Side,Lorrie Morgan & Jon Randall,43,7,Gains In Performance
1996-05-18,40,That's What I Get For Lovin' You,Diamond Rio,49,3,Gains In Performance
1996-05-18,41,There's A Girl In Texas,Trace Adkins,45,6,Gains In Performance
1996-05-18,42,No One Needs To Know,Shania Twain,62,2,Gains In Performance
1996-05-18,43,A Love Story In The Making,Linda Davis,46,6,Gains In Performance
1996-05-18,44,Back In My Arms Again,Kenny Chesney,44,7,Gains In Performance
1996-05-18,45,Who's That Girl,Stephanie Bentley,35,16,
1996-05-18,46,On A Good Night,Wade Hayes,61,2,Gains In Performance
1996-05-18,47,Then You Can Tell Me Goodbye,Neal McCoy,NEW,1,Highest ranking debut|Gains In Performance
1996-05-18,48,Cat's In The Cradle,Ricky Skaggs,50,5,Gains In Performance
1996-05-18,49,Heaven In My Woman's Eyes,Tracy Byrd,48,16,
1996-05-18,50,Circle Of Friends,David Ball,55,3,Gains In Performance
1996-05-18,51,Someday,Steve Azar,51,10,
1996-05-18,52,Picture Perfect,The Sky Kings,53,5,
1996-05-18,53,Little Drops Of My Heart,Keith Gattis,54,8,
1996-05-18,54,It Works,Alabama,52,19,
1996-05-18,55,Say I,Alabama,NEW,1,Gains In Performance
1996-05-18,56,Givin' Water To A Drowning Man,Lee Roy Parnell,NEW,1,Gains In Performance
1996-05-18,57,The Love That We Lost,Chely Wright,47,15,
1996-05-18,58,Thinkin' Strait,Rich McCready,58,4,Gains In Performance
1996-05-18,59,Stranger In Your Eyes,Ken Mellons,59,4,Gains In Performance
1996-05-18,60,I Think We're On To Something,Emilio,70,2,Gains In Performance
1996-05-25,1,My Maria,Brooks & Dunn,1,8,Gains In Performance
1996-05-25,2,Blue Clear Sky,George Strait,3,8,Gains In Performance
1996-05-25,3,Someone Else's Dream,Faith Hill,4,14,Gains In Performance
1996-05-25,4,"Heads Carolina, Tails California",Jo Dee Messina,2,18,
1996-05-25,5,It's What I Do,Billy Dean,6,17,Gains In Performance
1996-05-25,6,I Think About You,Collin Raye,8,12,Gains In Performance
1996-05-25,7,I'm Not Supposed To Love You Anymore,Bryan White,9,13,Gains In Performance
1996-05-25,8,Time Marches On,Tracy Lawrence,10,10,Gains In Performance
1996-05-25,9,Does That Blue Moon Ever Shine On You,Toby Keith,12,12,Gains In Performance
1996-05-25,10,All I Want Is A Life,Tim McGraw,7,20,
1996-05-25,11,Long As I Live,John Michael Montgomery,5,13,
1996-05-25,12,Almost A Memory Now,BlackHawk,15,14,Gains In Performance
1996-05-25,13,Ten Thousand Angels,Mindy McCready,16,17,Gains In Performance
1996-05-25,14,If I Were You,Terri Clark,18,12,Gains In Performance
1996-05-25,15,High Lonesome Sound,Vince Gill,17,7,Gains In Performance
1996-05-25,16,Every Time I Get Around You,David Lee Murphy,23,10,Gains In Performance
1996-05-25,17,Home,Alan Jackson,20,6,Gains In Performance
1996-05-25,18,All You Ever Do Is Bring Me Down,The Mavericks (Featuring Flaco Jimenez),13,19,
1996-05-25,19,The Change,Garth Brooks,19,11,
1996-05-25,20,You Win My Love,Shania Twain,11,14,
1996-05-25,21,Heaven Help My Heart,Wynonna,25,5,Gains In Performance
1996-05-25,22,Holdin' On To Something,Jeff Carson,27,13,Gains In Performance
1996-05-25,23,Starting Over Again,Reba McEntire,26,9,Gains In Performance
1996-05-25,24,No News,Lonestar,21,20,
1996-05-25,25,Heart's Desire,Lee Roy Parnell,22,19,
1996-05-25,26,My Heart Has A History,Paul Brandt,30,12,Gains In Performance
1996-05-25,27,The River And The Highway,Pam Tillis,14,18,
1996-05-25,28,Meant To Be,Sammy Kershaw,29,10,Gains In Performance
1996-05-25,29,Treat Her Right,Sawyer Brown,31,10,Gains In Performance
1996-05-25,30,C-O-U-N-T-R-Y,Joe Diffie,24,13,
1996-05-25,31,A Thousand Times A Day,Patty Loveless,33,7,Gains In Performance
1996-05-25,32,Daddy's Money,Ricochet,34,5,Gains In Performance
1996-05-25,33,Don't Get Me Started,Rhett Akins,35,9,Gains In Performance
1996-05-25,34,Honky Tonkin's What I Do Best,Marty Stuart & Travis Tritt,36,6,Gains In Performance
1996-05-25,35,Hypnotize The Moon,Clay Walker,28,20,
1996-05-25,36,No One Needs To Know,Shania Twain,42,3,Gains In Performance
1996-05-25,37,Phones Are Ringin' All Over Town,Martina McBride,38,8,Gains In Performance
1996-05-25,38,By My Side,Lorrie Morgan & Jon Randall,39,8,Gains In Performance
1996-05-25,39,That's What I Get For Lovin' You,Diamond Rio,40,4,Gains In Performance
1996-05-25,40,On A Good Night,Wade Hayes,46,3,Gains In Performance
1996-05-25,41,There's A Girl In Texas,Trace Adkins,41,7,Gains In Performance
1996-05-25,42,A Love Story In The Making,Linda Davis,43,7,Gains In Performance
1996-05-25,43,Back In My Arms Again,Kenny Chesney,44,8,Gains In Performance
1996-05-25,44,Then You Can Tell Me Goodbye,Neal McCoy,47,2,Gains In Performance
1996-05-25,45,Cat's In The Cradle,Ricky Skaggs,48,6,Gains In Performance
1996-05-25,46,Say I,Alabama,55,2,Gains In Performance
1996-05-25,47,Givin' Water To A Drowning Man,Lee Roy Parnell,56,2,Gains In Performance
1996-05-25,48,Heaven In My Woman's Eyes,Tracy Byrd,49,17,
1996-05-25,49,Blue,LeAnn Rimes,NEW,1,Highest ranking debut|Gains In Performance
1996-05-25,50,Circle Of Friends,David Ball,50,4,Gains In Performance
1996-05-25,51,I Don't Think I Will,James Bonamy,69,3,Gains In Performance
1996-05-25,52,Who's That Girl,Stephanie Bentley,45,17,
1996-05-25,53,Thinkin' Strait,Rich McCready,58,5,Gains In Performance
1996-05-25,54,Check Please,Paul Jefferson,68,2,Gains In Performance
1996-05-25,55,Stranger In Your Eyes,Ken Mellons,59,5,Gains In Performance
1996-05-25,56,"Only On Days That End In ""Y""",Clay Walker,NEW,1,Gains In Performance
1996-05-25,57,It Works,Alabama,54,20,
1996-05-25,58,I Think We're On To Something,Emilio,60,3,Gains In Performance
1996-05-25,59,Workin' It Out,Daryle Singletary,61,3,Gains In Performance
1996-05-25,60,Wild At Heart,Lari White,62,2,Gains In Performance
1996-06-01,1,My Maria,Brooks & Dunn,1,9,Gains In Performance
1996-06-01,2,Blue Clear Sky,George Strait,2,9,Gains In Performance
1996-06-01,3,I Think About You,Collin Raye,6,13,Gains In Performance
1996-06-01,4,I'm Not Supposed To Love You Anymore,Bryan White,7,14,Gains In Performance
1996-06-01,5,Time Marches On,Tracy Lawrence,8,11,Gains In Performance
1996-06-01,6,It's What I Do,Billy Dean,5,18,Gains In Performance
1996-06-01,7,Someone Else's Dream,Faith Hill,3,15,
1996-06-01,8,Does That Blue Moon Ever Shine On You,Toby Keith,9,13,Gains In Performance
1996-06-01,9,Ten Thousand Angels,Mindy McCready,13,18,Gains In Performance
1996-06-01,10,If I Were You,Terri Clark,14,13,Gains In Performance
1996-06-01,11,Almost A Memory Now,BlackHawk,12,15,
1996-06-01,12,"Heads Carolina, Tails California",Jo Dee Messina,4,19,
1996-06-01,13,High Lonesome Sound,Vince Gill,15,8,Gains In Performance
1996-06-01,14,Every Time I Get Around You,David Lee Murphy,16,11,Gains In Performance
1996-06-01,15,Home,Alan Jackson,17,7,Gains In Performance
1996-06-01,16,All I Want Is A Life,Tim McGraw,10,21,
1996-06-01,17,Long As I Live,John Michael Montgomery,11,14,
1996-06-01,18,Heaven Help My Heart,Wynonna,21,6,Gains In Performance
1996-06-01,19,Holdin' On To Something,Jeff Carson,22,14,Gains In Performance
1996-06-01,20,Starting Over Again,Reba McEntire,23,10,Gains In Performance
1996-06-01,21,Meant To Be,Sammy Kershaw,28,11,Gains In Performance
1996-06-01,22,My Heart Has A History,Paul Brandt,26,13,Gains In Performance
1996-06-01,23,No One Needs To Know,Shania Twain,36,4,Gains In Performance
1996-06-01,24,Daddy's Money,Ricochet,32,6,Gains In Performance
1996-06-01,25,The Change,Garth Brooks,19,12,
1996-06-01,26,Treat Her Right,Sawyer Brown,29,11,Gains In Performance
1996-06-01,27,A Thousand Times A Day,Patty Loveless,31,8,Gains In Performance
1996-06-01,28,You Win My Love,Shania Twain,20,15,
1996-06-01,29,Honky Tonkin's What I Do Best,Marty Stuart & Travis Tritt,34,7,Gains In Performance
1996-06-01,30,Don't Get Me Started,Rhett Akins,33,10,Gains In Performance
1996-06-01,31,Heart's Desire,Lee Roy Parnell,25,20,
1996-06-01,32,The River And The Highway,Pam Tillis,27,19,
1996-06-01,33,Phones Are Ringin' All Over Town,Martina McBride,37,9,Gains In Performance
1996-06-01,34,That's What I Get For Lovin' You,Diamond Rio,39,5,Gains In Performance
1996-06-01,35,By My Side,Lorrie Morgan & Jon Randall,38,9,Gains In Performance
1996-06-01,36,All You Ever Do Is Bring Me Down,The Mavericks (Featuring Flaco Jimenez),18,20,
1996-06-01,37,On A Good Night,Wade Hayes,40,4,Gains In Performance
1996-06-01,38,Blue,LeAnn Rimes,49,2,Gains In Performance
1996-06-01,39,There's A Girl In Texas,Trace Adkins,41,8,Gains In Performance
1996-06-01,40,A Love Story In The Making,Linda Davis,42,8,Gains In Performance
1996-06-01,41,Then You Can Tell Me Goodbye,Neal McCoy,44,3,Gains In Performance
1996-06-01,42,Back In My Arms Again,Kenny Chesney,43,9,Gains In Performance
1996-06-01,43,Say I,Alabama,46,3,Gains In Performance
1996-06-01,44,C-O-U-N-T-R-Y,Joe Diffie,30,14,
1996-06-01,45,"Only On Days That End In ""Y""",Clay Walker,56,2,Gains In Performance
1996-06-01,46,Givin' Water To A Drowning Man,Lee Roy Parnell,47,3,Gains In Performance
1996-06-01,47,Cat's In The Cradle,Ricky Skaggs,45,7,Gains In Performance
1996-06-01,48,4 To 1 In Atlanta,Tracy Byrd,61,2,Gains In Performance
1996-06-01,49,I Don't Think I Will,James Bonamy,51,4,Gains In Performance
1996-06-01,50,Circle Of Friends,David Ball,50,5,Gains In Performance
1996-06-01,51,"Wrong Place, Wrong Time",Mark Chesnutt,65,3,Gains In Performance
1996-06-01,52,Heaven In My Woman's Eyes,Tracy Byrd,48,18,
1996-06-01,53,Workin' It Out,Daryle Singletary,59,4,Gains In Performance
1996-06-01,54,Check Please,Paul Jefferson,54,3,Gains In Performance
1996-06-01,55,Wild At Heart,Lari White,60,3,Gains In Performance
1996-06-01,56,See Ya,Confederate Railroad,63,2,Gains In Performance
1996-06-01,57,Runnin' Away With My Heart,Lonestar,73,2,Gains In Performance
1996-06-01,58,I Think We're On To Something,Emilio,58,4,Gains In Performance
1996-06-01,59,Stranger In Your Eyes,Ken Mellons,55,6,
1996-06-01,60,Who's That Girl,Stephanie Bentley,52,18,
1996-06-08,1,Blue Clear Sky,George Strait,2,10,Gains In Performance
1996-06-08,2,My Maria,Brooks & Dunn,1,10,
1996-06-08,3,I Think About You,Collin Raye,3,14,Gains In Performance
1996-06-08,4,Time Marches On,Tracy Lawrence,5,12,Gains In Performance
1996-06-08,5,I'm Not Supposed To Love You Anymore,Bryan White,4,15,Gains In Performance
1996-06-08,6,Does That Blue Moon Ever Shine On You,Toby Keith,8,14,Gains In Performance
1996-06-08,7,Ten Thousand Angels,Mindy McCready,9,19,Gains In Performance
1996-06-08,8,If I Were You,Terri Clark,10,14,Gains In Performance
1996-06-08,9,Home,Alan Jackson,15,8,Gains In Performance
1996-06-08,10,It's What I Do,Billy Dean,6,19,
1996-06-08,11,Every Time I Get Around You,David Lee Murphy,14,12,Gains In Performance
1996-06-08,12,High Lonesome Sound,Vince Gill,13,9,
1996-06-08,13,Holdin' On To Something,Jeff Carson,19,15,Gains In Performance
1996-06-08,14,No One Needs To Know,Shania Twain,23,5,Gains In Performance
1996-06-08,15,Heaven Help My Heart,Wynonna,18,7,
1996-06-08,16,Someone Else's Dream,Faith Hill,7,16,
1996-06-08,17,Daddy's Money,Ricochet,24,7,Gains In Performance
1996-06-08,18,Meant To Be,Sammy Kershaw,21,12,Gains In Performance
1996-06-08,19,"Heads Carolina, Tails California",Jo Dee Messina,12,20,
1996-06-08,20,My Heart Has A History,Paul Brandt,22,14,Gains In Performance
1996-06-08,21,Starting Over Again,Reba McEntire,20,11,Gains In Performance
1996-06-08,22,Treat Her Right,Sawyer Brown,26,12,Gains In Performance
1996-06-08,23,A Thousand Times A Day,Patty Loveless,27,9,Gains In Performance
1996-06-08,24,Honky Tonkin's What I Do Best,Marty Stuart & Travis Tritt,29,8,Gains In Performance
1996-06-08,25,Long As I Live,John Michael Montgomery,17,15,
1996-06-08,26,Blue,LeAnn Rimes,38,3,Gains In Performance
1996-06-08,27,Don't Get Me Started,Rhett Akins,30,11,Gains In Performance
1996-06-08,28,Almost A Memory Now,BlackHawk,11,16,
1996-06-08,29,Phones Are Ringin' All Over Town,Martina McBride,33,10,Gains In Performance
1996-06-08,30,That's What I Get For Lovin' You,Diamond Rio,34,6,Gains In Performance
1996-06-08,31,On A Good Night,Wade Hayes,37,5,Gains In Performance
1996-06-08,32,By My Side,Lorrie Morgan & Jon Randall,35,10,Gains In Performance
1996-06-08,33,You Win My Love,Shania Twain,28,16,
1996-06-08,34,"Only On Days That End In ""Y""",Clay Walker,45,3,Gains In Performance
1996-06-08,35,The River And The Highway,Pam Tillis,32,20,
1996-06-08,36,There's A Girl In Texas,Trace Adkins,39,9,Gains In Performance
1996-06-08,37,Then You Can Tell Me Goodbye,Neal McCoy,41,4,Gains In Performance
1996-06-08,38,A Love Story In The Making,Linda Davis,40,9,Gains In Performance
1996-06-08,39,Givin' Water To A Drowning Man,Lee Roy Parnell,46,4,Gains In Performance
1996-06-08,40,The Change,Garth Brooks,25,13,
1996-06-08,41,Back In My Arms Again,Kenny Chesney,42,10,Gains In Performance
1996-06-08,42,Say I,Alabama,43,4,Gains In Performance
1996-06-08,43,4 To 1 In Atlanta,Tracy Byrd,48,3,Gains In Performance
1996-06-08,44,I Don't Think I Will,James Bonamy,49,5,Gains In Performance
1996-06-08,45,"Wrong Place, Wrong Time",Mark Chesnutt,51,4,Gains In Performance
1996-06-08,46,Learning As You Go,Rick Trevino,63,2,Gains In Performance
1996-06-08,47,Runnin' Away With My Heart,Lonestar,57,3,Gains In Performance
1996-06-08,48,Redneck Games,Jeff Foxworthy With Alan Jackson,NEW,1,Highest ranking debut|Gains In Performance
1996-06-08,49,Cat's In The Cradle,Ricky Skaggs,47,8,
1996-06-08,50,Circle Of Friends,David Ball,50,6,Gains In Performance
1996-06-08,51,Check Please,Paul Jefferson,54,4,Gains In Performance
1996-06-08,52,C-O-U-N-T-R-Y,Joe Diffie,44,15,
1996-06-08,53,Workin' It Out,Daryle Singletary,53,5,Gains In Performance
1996-06-08,54,See Ya,Confederate Railroad,56,3,Gains In Performance
1996-06-08,55,Wild At Heart,Lari White,55,4,Gains In Performance
1996-06-08,56,Jacob's Ladder,Mark Wills,NEW,1,Gains In Performance
1996-06-08,57,Heaven In My Woman's Eyes,Tracy Byrd,52,19,
1996-06-08,58,It's Lonely Out There,Pam Tillis,NEW,1,Gains In Performance
1996-06-08,59,I Think We're On To Something,Emilio,58,5,Gains In Performance
1996-06-08,60,Carried Away,George Strait,64,4,Gains In Performance
1996-06-15,1,Blue Clear Sky,George Strait,1,11,
1996-06-15,2,Time Marches On,Tracy Lawrence,4,13,Gains In Performance
1996-06-15,3,I Think About You,Collin Raye,3,15,Gains In Performance
1996-06-15,4,I'm Not Supposed To Love You Anymore,Bryan White,5,16,Gains In Performance
1996-06-15,5,Does That Blue Moon Ever Shine On You,Toby Keith,6,15,Gains In Performance
1996-06-15,6,My Maria,Brooks & Dunn,2,11,
1996-06-15,7,Ten Thousand Angels,Mindy McCready,7,20,Gains In Performance
1996-06-15,8,If I Were You,Terri Clark,8,15,Gains In Performance
1996-06-15,9,Home,Alan Jackson,9,9,Gains In Performance
1996-06-15,10,Every Time I Get Around You,David Lee Murphy,11,13,Gains In Performance
1996-06-15,11,No One Needs To Know,Shania Twain,14,6,Gains In Performance
1996-06-15,12,Holdin' On To Something,Jeff Carson,13,16,Gains In Performance
1996-06-15,13,High Lonesome Sound,Vince Gill,12,10,Gains In Performance
1996-06-15,14,Heaven Help My Heart,Wynonna,15,8,Gains In Performance
1996-06-15,15,Daddy's Money,Ricochet,17,8,Gains In Performance
1996-06-15,16,Blue,LeAnn Rimes,26,4,Gains In Performance
1996-06-15,17,Meant To Be,Sammy Kershaw,18,13,Gains In Performance
1996-06-15,18,My Heart Has A History,Paul Brandt,20,15,Gains In Performance
1996-06-15,19,Starting Over Again,Reba McEntire,21,12,Gains In Performance
1996-06-15,20,Treat Her Right,Sawyer Brown,22,13,Gains In Performance
1996-06-15,21,Don't Get Me Started,Rhett Akins,27,12,Gains In Performance
1996-06-15,22,A Thousand Times A Day,Patty Loveless,23,10,Gains In Performance
1996-06-15,23,Honky Tonkin's What I Do Best,Marty Stuart & Travis Tritt,24,9,Gains In Performance
1996-06-15,24,That's What I Get For Lovin' You,Diamond Rio,30,7,Gains In Performance
1996-06-15,25,It's What I Do,Billy Dean,10,20,
1996-06-15,26,Someone Else's Dream,Faith Hill,16,17,
1996-06-15,27,On A Good Night,Wade Hayes,31,6,Gains In Performance
1996-06-15,28,Phones Are Ringin' All Over Town,Martina McBride,29,11,Gains In Performance
1996-06-15,29,By My Side,Lorrie Morgan & Jon Randall,32,11,Gains In Performance
1996-06-15,30,Long As I Live,John Michael Montgomery,25,16,
1996-06-15,31,"Only On Days That End In ""Y""",Clay Walker,34,4,Gains In Performance
1996-06-15,32,You Win My Love,Shania Twain,33,17,
1996-06-15,33,Almost A Memory Now,BlackHawk,28,17,
1996-06-15,34,Then You Can Tell Me Goodbye,Neal McCoy,37,5,Gains In Performance
1996-06-15,35,There's A Girl In Texas,Trace Adkins,36,10,Gains In Performance
1996-06-15,36,A Love Story In The Making,Linda Davis,38,10,Gains In Performance
1996-06-15,37,Givin' Water To A Drowning Man,Lee Roy Parnell,39,5,Gains In Performance
1996-06-15,38,Say I,Alabama,42,5,Gains In Performance
1996-06-15,39,Runnin' Away With My Heart,Lonestar,47,4,Gains In Performance
1996-06-15,40,I Don't Think I Will,James Bonamy,44,6,Gains In Performance
1996-06-15,41,Back In My Arms Again,Kenny Chesney,41,11,
1996-06-15,42,"Wrong Place, Wrong Time",Mark Chesnutt,45,5,Gains In Performance
1996-06-15,43,4 To 1 In Atlanta,Tracy Byrd,43,4,Gains In Performance
1996-06-15,44,Learning As You Go,Rick Trevino,46,3,Gains In Performance
1996-06-15,45,Redneck Games,Jeff Foxworthy With Alan Jackson,48,2,Gains In Performance
1996-06-15,46,The Change,Garth Brooks,40,14,
1996-06-15,47,It's Lonely Out There,Pam Tillis,58,2,Gains In Performance
1996-06-15,48,Jacob's Ladder,Mark Wills,56,2,Gains In Performance
1996-06-15,49,Circle Of Friends,David Ball,50,7,Gains In Performance
1996-06-15,50,Check Please,Paul Jefferson,51,5,Gains In Performance
1996-06-15,51,See Ya,Confederate Railroad,54,4,Gains In Performance
1996-06-15,52,Workin' It Out,Daryle Singletary,53,6,Gains In Performance
1996-06-15,53,Carried Away,George Strait,60,5,Gains In Performance
1996-06-15,54,Wild At Heart,Lari White,55,5,Gains In Performance
1996-06-15,55,Everything I Own,Aaron Tippin,61,3,Gains In Performance
1996-06-15,56,I Think We're On To Something,Emilio,59,6,Gains In Performance
1996-06-15,57,Every Time She Passes By,George Ducas,65,2,Gains In Performance
1996-06-15,58,Cat's In The Cradle,Ricky Skaggs,49,9,
1996-06-15,59,Heaven In My Woman's Eyes,Tracy Byrd,57,20,
1996-06-15,60,C-O-U-N-T-R-Y,Joe Diffie,52,16,
1996-06-22,1,Time Marches On,Tracy Lawrence,2,14,Gains In Performance
1996-06-22,2,Does That Blue Moon Ever Shine On You,Toby Keith,5,16,Gains In Performance
1996-06-22,3,I Think About You,Collin Raye,3,16,
1996-06-22,4,I'm Not Supposed To Love You Anymore,Bryan White,4,17,
1996-06-22,5,Blue Clear Sky,George Strait,1,12,
1996-06-22,6,Ten Thousand Angels,Mindy McCready,7,21,
1996-06-22,7,Every Time I Get Around You,David Lee Murphy,10,14,Gains In Performance
1996-06-22,8,If I Were You,Terri Clark,8,16,Gains In Performance
1996-06-22,9,Home,Alan Jackson,9,10,Gains In Performance
1996-06-22,10,My Maria,Brooks & Dunn,6,12,
1996-06-22,11,No One Needs To Know,Shania Twain,11,7,Gains In Performance
1996-06-22,12,Holdin' On To Something,Jeff Carson,12,17,Gains In Performance
1996-06-22,13,Blue,LeAnn Rimes,16,5,Gains In Performance
1996-06-22,14,Daddy's Money,Ricochet,15,9,Gains In Performance
1996-06-22,15,High Lonesome Sound,Vince Gill,13,11,
1996-06-22,16,Meant To Be,Sammy Kershaw,17,14,Gains In Performance
1996-06-22,17,Heaven Help My Heart,Wynonna,14,9,Gains In Performance
1996-06-22,18,My Heart Has A History,Paul Brandt,18,16,Gains In Performance
1996-06-22,19,Don't Get Me Started,Rhett Akins,21,13,Gains In Performance
1996-06-22,20,Starting Over Again,Reba McEntire,19,13,Gains In Performance
1996-06-22,21,Treat Her Right,Sawyer Brown,20,14,Gains In Performance
1996-06-22,22,A Thousand Times A Day,Patty Loveless,22,11,Gains In Performance
1996-06-22,23,Honky Tonkin's What I Do Best,Marty Stuart & Travis Tritt,23,10,Gains In Performance
1996-06-22,24,That's What I Get For Lovin' You,Diamond Rio,24,8,Gains In Performance
1996-06-22,25,On A Good Night,Wade Hayes,27,7,Gains In Performance
1996-06-22,26,By My Side,Lorrie Morgan & Jon Randall,29,12,Gains In Performance
1996-06-22,27,"Only On Days That End In ""Y""",Clay Walker,31,5,Gains In Performance
1996-06-22,28,Phones Are Ringin' All Over Town,Martina McBride,28,12,
1996-06-22,29,Someone Else's Dream,Faith Hill,26,18,
1996-06-22,30,Then You Can Tell Me Goodbye,Neal McCoy,34,6,Gains In Performance
1996-06-22,31,There's A Girl In Texas,Trace Adkins,35,11,Gains In Performance
1996-06-22,32,Givin' Water To A Drowning Man,Lee Roy Parnell,37,6,Gains In Performance
1996-06-22,33,You Win My Love,Shania Twain,32,18,
1996-06-22,34,A Love Story In The Making,Linda Davis,36,11,Gains In Performance
1996-06-22,35,Long As I Live,John Michael Montgomery,30,17,
1996-06-22,36,Runnin' Away With My Heart,Lonestar,39,5,Gains In Performance
1996-06-22,37,Almost A Memory Now,BlackHawk,33,18,
1996-06-22,38,"Wrong Place, Wrong Time",Mark Chesnutt,42,6,Gains In Performance
1996-06-22,39,4 To 1 In Atlanta,Tracy Byrd,43,5,Gains In Performance
1996-06-22,40,I Don't Think I Will,James Bonamy,40,7,Gains In Performance
1996-06-22,41,Learning As You Go,Rick Trevino,44,4,Gains In Performance
1996-06-22,42,Redneck Games,Jeff Foxworthy With Alan Jackson,45,3,Gains In Performance
1996-06-22,43,It's Lonely Out There,Pam Tillis,47,3,Gains In Performance
1996-06-22,44,Say I,Alabama,38,6,
1996-06-22,45,Big Guitar,BlackHawk,62,2,Gains In Performance
1996-06-22,46,Carried Away,George Strait,53,6,Gains In Performance
1996-06-22,47,Jacob's Ladder,Mark Wills,48,3,Gains In Performance
1996-06-22,48,The Change,Garth Brooks,46,15,
1996-06-22,49,Circle Of Friends,David Ball,49,8,Gains In Performance
1996-06-22,50,Workin' It Out,Daryle Singletary,52,7,Gains In Performance
1996-06-22,51,Are We In Trouble Now,Randy Travis,68,2,Gains In Performance
1996-06-22,52,Wild At Heart,Lari White,54,6,Gains In Performance
1996-06-22,53,I Am That Man,Brooks & Dunn,66,5,Gains In Performance
1996-06-22,54,Check Please,Paul Jefferson,50,6,
1996-06-22,55,Everything I Own,Aaron Tippin,55,4,Gains In Performance
1996-06-22,56,Back In My Arms Again,Kenny Chesney,41,12,
1996-06-22,57,See Ya,Confederate Railroad,51,5,
1996-06-22,58,Guys Do It All The Time,Mindy McCready,67,3,Gains In Performance
1996-06-22,59,Every Time She Passes By,George Ducas,57,3,
1996-06-22,60,Give Me Some Wheels,Suzy Bogguss,61,4,
1996-06-29,1,Time Marches On,Tracy Lawrence,1,15,Gains In Performance
1996-06-29,2,Does That Blue Moon Ever Shine On You,Toby Keith,2,17,
1996-06-29,3,Every Time I Get Around You,David Lee Murphy,7,15,Gains In Performance
1996-06-29,4,Home,Alan Jackson,9,11,Gains In Performance
1996-06-29,5,No One Needs To Know,Shania Twain,11,8,Gains In Performance
1996-06-29,6,Holdin' On To Something,Jeff Carson,12,18,Gains In Performance
1996-06-29,7,Blue Clear Sky,George Strait,5,13,
1996-06-29,8,Daddy's Money,Ricochet,14,10,Gains In Performance
1996-06-29,9,If I Were You,Terri Clark,8,17,
1996-06-29,10,I Think About You,Collin Raye,3,17,
1996-06-29,11,Meant To Be,Sammy Kershaw,16,15,Gains In Performance
1996-06-29,12,Blue,LeAnn Rimes,13,6,Gains In Performance
1996-06-29,13,I'm Not Supposed To Love You Anymore,Bryan White,4,18,
1996-06-29,14,Ten Thousand Angels,Mindy McCready,6,22,
1996-06-29,15,My Heart Has A History,Paul Brandt,18,17,Gains In Performance
1996-06-29,16,Don't Get Me Started,Rhett Akins,19,14,Gains In Performance
1996-06-29,17,Treat Her Right,Sawyer Brown,21,15,Gains In Performance
1996-06-29,18,My Maria,Brooks & Dunn,10,13,
1996-06-29,19,Heaven Help My Heart,Wynonna,17,10,
1996-06-29,20,Starting Over Again,Reba McEntire,20,14,
1996-06-29,21,High Lonesome Sound,Vince Gill,15,12,
1996-06-29,22,A Thousand Times A Day,Patty Loveless,22,12,
1996-06-29,23,On A Good Night,Wade Hayes,25,8,Gains In Performance
1996-06-29,24,That's What I Get For Lovin' You,Diamond Rio,24,9,Gains In Performance
1996-06-29,25,"Only On Days That End In ""Y""",Clay Walker,27,6,Gains In Performance
1996-06-29,26,Honky Tonkin's What I Do Best,Marty Stuart & Travis Tritt,23,11,
1996-06-29,27,By My Side,Lorrie Morgan & Jon Randall,26,13,Gains In Performance
1996-06-29,28,Phones Are Ringin' All Over Town,Martina McBride,28,13,Gains In Performance
1996-06-29,29,Then You Can Tell Me Goodbye,Neal McCoy,30,7,Gains In Performance
1996-06-29,30,There's A Girl In Texas,Trace Adkins,31,12,Gains In Performance
1996-06-29,31,Givin' Water To A Drowning Man,Lee Roy Parnell,32,7,Gains In Performance
1996-06-29,32,Someone Else's Dream,Faith Hill,29,19,
1996-06-29,33,A Love Story In The Making,Linda Davis,34,12,Gains In Performance
1996-06-29,34,Runnin' Away With My Heart,Lonestar,36,6,Gains In Performance
1996-06-29,35,Carried Away,George Strait,46,7,Gains In Performance
1996-06-29,36,You Win My Love,Shania Twain,33,19,
1996-06-29,37,I Don't Think I Will,James Bonamy,40,8,Gains In Performance
1996-06-29,38,"Wrong Place, Wrong Time",Mark Chesnutt,38,7,Gains In Performance
1996-06-29,39,4 To 1 In Atlanta,Tracy Byrd,39,6,Gains In Performance
1996-06-29,40,Long As I Live,John Michael Montgomery,35,18,
1996-06-29,41,Learning As You Go,Rick Trevino,41,5,Gains In Performance
1996-06-29,42,It's Lonely Out There,Pam Tillis,43,4,Gains In Performance
1996-06-29,43,Big Guitar,BlackHawk,45,3,Gains In Performance
1996-06-29,44,I Am That Man,Brooks & Dunn,53,6,Gains In Performance
1996-06-29,45,Redneck Games,Jeff Foxworthy With Alan Jackson,42,4,Gains In Performance
1996-06-29,46,Almost A Memory Now,BlackHawk,37,19,
1996-06-29,47,She Never Lets It Go To Her Heart,Tim McGraw,73,2,Gains In Performance
1996-06-29,48,Are We In Trouble Now,Randy Travis,51,3,Gains In Performance
1996-06-29,49,Jacob's Ladder,Mark Wills,47,4,Gains In Performance
1996-06-29,50,Workin' It Out,Daryle Singletary,50,8,Gains In Performance
1996-06-29,51,Guys Do It All The Time,Mindy McCready,58,4,Gains In Performance
1996-06-29,52,See Ya,Confederate Railroad,57,6,Gains In Performance
1996-06-29,53,Everything I Own,Aaron Tippin,55,5,
1996-06-29,54,Circle Of Friends,David Ball,49,9,
1996-06-29,55,The Change,Garth Brooks,48,16,
1996-06-29,56,Living In A Moment,Ty Herndon,NEW,1,Highest ranking debut|Gains In Performance
1996-06-29,57,Check Please,Paul Jefferson,54,7,
1996-06-29,58,Say I,Alabama,44,7,
1996-06-29,59,You Still Got Me,Doug Supernaw,66,3,Gains In Performance
1996-06-29,60,Whole Lotta Gone,Joe Diffie,69,2,Gains In Performance
1996-07-06,1,Time Marches On,Tracy Lawrence,1,16,
1996-07-06,2,Every Time I Get Around You,David Lee Murphy,3,16,Gains In Performance
1996-07-06,3,Home,Alan Jackson,4,12,Gains In Performance
1996-07-06,4,No One Needs To Know,Shania Twain,5,9,Gains In Performance
1996-07-06,5,Daddy's Money,Ricochet,8,11,Gains In Performance
1996-07-06,6,Meant To Be,Sammy Kershaw,11,16,Gains In Performance
1996-07-06,7,Holdin' On To Something,Jeff Carson,6,19,
1996-07-06,8,Treat Her Right,Sawyer Brown,17,16,Gains In Performance
1996-07-06,9,Don't Get Me Started,Rhett Akins,16,15,Gains In Performance
1996-07-06,10,Blue,LeAnn Rimes,12,7,Gains In Performance
1996-07-06,11,My Heart Has A History,Paul Brandt,15,18,Gains In Performance
1996-07-06,12,Does That Blue Moon Ever Shine On You,Toby Keith,2,18,
1996-07-06,13,Blue Clear Sky,George Strait,7,14,
1996-07-06,14,Heaven Help My Heart,Wynonna,19,11,Gains In Performance
1996-07-06,15,That's What I Get For Lovin' You,Diamond Rio,24,10,Gains In Performance
1996-07-06,16,On A Good Night,Wade Hayes,23,9,Gains In Performance
1996-07-06,17,Ten Thousand Angels,Mindy McCready,14,23,
1996-07-06,18,A Thousand Times A Day,Patty Loveless,22,13,Gains In Performance
1996-07-06,19,I Think About You,Collin Raye,10,18,
1996-07-06,20,"Only On Days That End In ""Y""",Clay Walker,25,7,Gains In Performance
1996-07-06,21,My Maria,Brooks & Dunn,18,14,
1996-07-06,22,I'm Not Supposed To Love You Anymore,Bryan White,13,19,
1996-07-06,23,By My Side,Lorrie Morgan & Jon Randall,27,14,Gains In Performance
1996-07-06,24,Honky Tonkin's What I Do Best,Marty Stuart & Travis Tritt,26,12,Gains In Performance
1996-07-06,25,Starting Over Again,Reba McEntire,20,15,
1996-07-06,26,Carried Away,George Strait,35,8,Gains In Performance
1996-07-06,27,If I Were You,Terri Clark,9,18,
1996-07-06,28,Phones Are Ringin' All Over Town,Martina McBride,28,14,
1996-07-06,29,Then You Can Tell Me Goodbye,Neal McCoy,29,8,Gains In Performance
1996-07-06,30,There's A Girl In Texas,Trace Adkins,30,13,Gains In Performance
1996-07-06,31,Givin' Water To A Drowning Man,Lee Roy Parnell,31,8,Gains In Performance
1996-07-06,32,Runnin' Away With My Heart,Lonestar,34,7,Gains In Performance
1996-07-06,33,I Am That Man,Brooks & Dunn,44,7,Gains In Performance
1996-07-06,34,A Love Story In The Making,Linda Davis,33,13,Gains In Performance
1996-07-06,35,She Never Lets It Go To Her Heart,Tim McGraw,47,3,Gains In Performance
1996-07-06,36,I Don't Think I Will,James Bonamy,37,9,Gains In Performance
1996-07-06,37,Big Guitar,BlackHawk,43,4,Gains In Performance
1996-07-06,38,Someone Else's Dream,Faith Hill,32,20,
1996-07-06,39,"Wrong Place, Wrong Time",Mark Chesnutt,38,8,Gains In Performance
1996-07-06,40,High Lonesome Sound,Vince Gill,21,13,
1996-07-06,41,4 To 1 In Atlanta,Tracy Byrd,39,7,Gains In Performance
1996-07-06,42,Learning As You Go,Rick Trevino,41,6,Gains In Performance
1996-07-06,43,You Win My Love,Shania Twain,36,20,
1996-07-06,44,It's Lonely Out There,Pam Tillis,42,5,Gains In Performance
1996-07-06,45,Long As I Live,John Michael Montgomery,40,19,
1996-07-06,46,Are We In Trouble Now,Randy Travis,48,4,Gains In Performance
1996-07-06,47,Redneck Games,Jeff Foxworthy With Alan Jackson,45,5,Gains In Performance
1996-07-06,48,Jacob's Ladder,Mark Wills,49,5,Gains In Performance
1996-07-06,49,Guys Do It All The Time,Mindy McCready,51,5,Gains In Performance
1996-07-06,50,Almost A Memory Now,BlackHawk,46,20,
1996-07-06,51,Living In A Moment,Ty Herndon,56,2,Gains In Performance
1996-07-06,52,That Girl's Been Spyin' On Me,Billy Dean,65,4,Gains In Performance
1996-07-06,53,Workin' It Out,Daryle Singletary,50,9,
1996-07-06,54,Whole Lotta Gone,Joe Diffie,60,3,Gains In Performance
1996-07-06,55,Everything I Own,Aaron Tippin,53,6,Gains In Performance
1996-07-06,56,It's Midnight Cinderella,Garth Brooks,RE,21,Gains In Performance
1996-07-06,57,See Ya,Confederate Railroad,52,7,
1996-07-06,58,You Still Got Me,Doug Supernaw,59,4,Gains In Performance
1996-07-06,59,So Much For Pretending,Bryan White,72,2,Gains In Performance
1996-07-06,60,Dancin' With The Wind,Great Plains,62,7,Gains In Performance
1996-07-13,1,No One Needs To Know,Shania Twain,4,10,Gains In Performance
1996-07-13,2,Daddy's Money,Ricochet,5,12,Gains In Performance
1996-07-13,3,Every Time I Get Around You,David Lee Murphy,2,17,Gains In Performance
1996-07-13,4,Home,Alan Jackson,3,13,
1996-07-13,5,Meant To Be,Sammy Kershaw,6,17,Gains In Performance
1996-07-13,6,Time Marches On,Tracy Lawrence,1,17,
1996-07-13,7,My Heart Has A History,Paul Brandt,11,19,Gains In Performance
1996-07-13,8,Treat Her Right,Sawyer Brown,8,17,Gains In Performance
1996-07-13,9,Don't Get Me Started,Rhett Akins,9,16,Gains In Performance
1996-07-13,10,Blue,LeAnn Rimes,10,8,
1996-07-13,11,Carried Away,George Strait,26,9,Gains In Performance
1996-07-13,12,On A Good Night,Wade Hayes,16,10,Gains In Performance
1996-07-13,13,That's What I Get For Lovin' You,Diamond Rio,15,11,Gains In Performance
1996-07-13,14,Heaven Help My Heart,Wynonna,14,12,
1996-07-13,15,"Only On Days That End In ""Y""",Clay Walker,20,8,Gains In Performance
1996-07-13,16,A Thousand Times A Day,Patty Loveless,18,14,Gains In Performance
1996-07-13,17,Does That Blue Moon Ever Shine On You,Toby Keith,12,19,
1996-07-13,18,By My Side,Lorrie Morgan & Jon Randall,23,15,Gains In Performance
1996-07-13,19,I Am That Man,Brooks & Dunn,33,8,Gains In Performance
1996-07-13,20,Blue Clear Sky,George Strait,13,15,
1996-07-13,21,Then You Can Tell Me Goodbye,Neal McCoy,29,9,Gains In Performance
1996-07-13,22,I Think About You,Collin Raye,19,19,
1996-07-13,23,Holdin' On To Something,Jeff Carson,7,20,
1996-07-13,24,My Maria,Brooks & Dunn,21,15,
1996-07-13,25,Honky Tonkin's What I Do Best,Marty Stuart & Travis Tritt,24,13,
1996-07-13,26,Givin' Water To A Drowning Man,Lee Roy Parnell,31,9,Gains In Performance
1996-07-13,27,She Never Lets It Go To Her Heart,Tim McGraw,35,4,Gains In Performance
1996-07-13,28,I'm Not Supposed To Love You Anymore,Bryan White,22,20,
1996-07-13,29,Phones Are Ringin' All Over Town,Martina McBride,28,15,
1996-07-13,30,There's A Girl In Texas,Trace Adkins,30,14,Gains In Performance
1996-07-13,31,Runnin' Away With My Heart,Lonestar,32,8,Gains In Performance
1996-07-13,32,I Don't Think I Will,James Bonamy,36,10,Gains In Performance
1996-07-13,33,If I Were You,Terri Clark,27,19,
1996-07-13,34,Big Guitar,BlackHawk,37,5,Gains In Performance
1996-07-13,35,4 To 1 In Atlanta,Tracy Byrd,41,8,Gains In Performance
1996-07-13,36,Learning As You Go,Rick Trevino,42,7,Gains In Performance
1996-07-13,37,"Wrong Place, Wrong Time",Mark Chesnutt,39,9,Gains In Performance
1996-07-13,38,It's Lonely Out There,Pam Tillis,44,6,Gains In Performance
1996-07-13,39,Guys Do It All The Time,Mindy McCready,49,6,Gains In Performance
1996-07-13,40,Are We In Trouble Now,Randy Travis,46,5,Gains In Performance
1996-07-13,41,A Love Story In The Making,Linda Davis,34,14,
1996-07-13,42,Living In A Moment,Ty Herndon,51,3,Gains In Performance
1996-07-13,43,Long As I Live,John Michael Montgomery,45,20,
1996-07-13,44,Starting Over Again,Reba McEntire,25,16,
1996-07-13,45,It's Midnight Cinderella,Garth Brooks,56,22,Gains In Performance
1996-07-13,46,That Girl's Been Spyin' On Me,Billy Dean,52,5,Gains In Performance
1996-07-13,47,Jacob's Ladder,Mark Wills,48,6,Gains In Performance
1996-07-13,48,Redneck Games,Jeff Foxworthy With Alan Jackson,47,6,
1996-07-13,49,High Lonesome Sound,Vince Gill,40,14,
1996-07-13,50,So Much For Pretending,Bryan White,59,3,Gains In Performance
1996-07-13,51,Whole Lotta Gone,Joe Diffie,54,4,Gains In Performance
1996-07-13,52,You're Not In Kansas Anymore,Jo Dee Messina,66,2,Gains In Performance
1996-07-13,53,Everything I Own,Aaron Tippin,55,7,Gains In Performance
1996-07-13,54,Suddenly Single,Terri Clark,NEW,1,Highest ranking debut|Gains In Performance
1996-07-13,55,You Still Got Me,Doug Supernaw,58,5,Gains In Performance
1996-07-13,56,You Can't Lose Me,Faith Hill,NEW,1,Gains In Performance
1996-07-13,57,Every Time She Passes By,George Ducas,61,6,Gains In Performance
1996-07-13,58,Dancin' With The Wind,Great Plains,60,8,
1996-07-13,59,Missing You,The Mavericks,68,4,Gains In Performance
1996-07-13,60,Why Can't You,Larry Stewart,70,2,Gains In Performance
1996-07-20,1,Daddy's Money,Ricochet,2,13,Gains In Performance
1996-07-20,2,No One Needs To Know,Shania Twain,1,11,
1996-07-20,3,Treat Her Right,Sawyer Brown,8,18,Gains In Performance
1996-07-20,4,Don't Get Me Started,Rhett Akins,9,17,Gains In Performance
1996-07-20,5,My Heart Has A History,Paul Brandt,7,20,Gains In Performance
1996-07-20,6,Meant To Be,Sammy Kershaw,5,18,
1996-07-20,7,Every Time I Get Around You,David Lee Murphy,3,18,
1996-07-20,8,That's What I Get For Lovin' You,Diamond Rio,13,12,Gains In Performance
1996-07-20,9,Home,Alan Jackson,4,14,
1996-07-20,10,On A Good Night,Wade Hayes,12,11,Gains In Performance
1996-07-20,11,Carried Away,George Strait,11,10,Gains In Performance
1996-07-20,12,Blue,LeAnn Rimes,10,9,
1996-07-20,13,"Only On Days That End In ""Y""",Clay Walker,15,9,Gains In Performance
1996-07-20,14,Heaven Help My Heart,Wynonna,14,13,Gains In Performance
1996-07-20,15,Time Marches On,Tracy Lawrence,6,18,
1996-07-20,16,A Thousand Times A Day,Patty Loveless,16,15,Gains In Performance
1996-07-20,17,I Am That Man,Brooks & Dunn,19,9,Gains In Performance
1996-07-20,18,By My Side,Lorrie Morgan & Jon Randall,18,16,Gains In Performance
1996-07-20,19,Then You Can Tell Me Goodbye,Neal McCoy,21,10,Gains In Performance
1996-07-20,20,She Never Lets It Go To Her Heart,Tim McGraw,27,5,Gains In Performance
1996-07-20,21,Givin' Water To A Drowning Man,Lee Roy Parnell,26,10,Gains In Performance
1996-07-20,22,There's A Girl In Texas,Trace Adkins,30,15,Gains In Performance
1996-07-20,23,Runnin' Away With My Heart,Lonestar,31,9,Gains In Performance
1996-07-20,24,Does That Blue Moon Ever Shine On You,Toby Keith,17,20,
1996-07-20,25,Blue Clear Sky,George Strait,20,16,
1996-07-20,26,I Don't Think I Will,James Bonamy,32,11,Gains In Performance
1996-07-20,27,My Maria,Brooks & Dunn,24,16,
1996-07-20,28,Big Guitar,BlackHawk,34,6,Gains In Performance
1996-07-20,29,Honky Tonkin's What I Do Best,Marty Stuart & Travis Tritt,25,14,
1996-07-20,30,I Think About You,Collin Raye,22,20,
1996-07-20,31,It's Midnight Cinderella,Garth Brooks,45,23,Gains In Performance
1996-07-20,32,Guys Do It All The Time,Mindy McCready,39,7,Gains In Performance
1996-07-20,33,Learning As You Go,Rick Trevino,36,8,Gains In Performance
1996-07-20,34,4 To 1 In Atlanta,Tracy Byrd,35,9,Gains In Performance
1996-07-20,35,Phones Are Ringin' All Over Town,Martina McBride,29,16,
1996-07-20,36,It's Lonely Out There,Pam Tillis,38,7,Gains In Performance
1996-07-20,37,"Wrong Place, Wrong Time",Mark Chesnutt,37,10,Gains In Performance
1996-07-20,38,Living In A Moment,Ty Herndon,42,4,Gains In Performance
1996-07-20,39,Are We In Trouble Now,Randy Travis,40,6,Gains In Performance
1996-07-20,40,If I Were You,Terri Clark,33,20,
1996-07-20,41,That Girl's Been Spyin' On Me,Billy Dean,46,6,Gains In Performance
1996-07-20,42,So Much For Pretending,Bryan White,50,4,Gains In Performance
1996-07-20,43,Jacob's Ladder,Mark Wills,47,7,Gains In Performance
1996-07-20,44,You're Not In Kansas Anymore,Jo Dee Messina,52,3,Gains In Performance
1996-07-20,45,Whole Lotta Gone,Joe Diffie,51,5,Gains In Performance
1996-07-20,46,You Can't Lose Me,Faith Hill,56,2,Gains In Performance
1996-07-20,47,Redneck Games,Jeff Foxworthy With Alan Jackson,48,7,
1996-07-20,48,Love Remains,Collin Raye,62,2,Gains In Performance
1996-07-20,49,High Lonesome Sound,Vince Gill,49,15,
1996-07-20,50,Starting Over Again,Reba McEntire,44,17,
1996-07-20,51,Believe Me Baby (I Lied),Trisha Yearwood,66,2,Gains In Performance
1996-07-20,52,A Woman's Touch,Toby Keith,73,2,Gains In Performance
1996-07-20,53,Suddenly Single,Terri Clark,54,2,Gains In Performance
1996-07-20,54,Everything I Own,Aaron Tippin,53,8,Gains In Performance
1996-07-20,55,You Still Got Me,Doug Supernaw,55,6,Gains In Performance
1996-07-20,56,A Love Story In The Making,Linda Davis,41,15,
1996-07-20,57,Why Can't You,Larry Stewart,60,3,Gains In Performance
1996-07-20,58,The Star Spangled Banner,Ricochet,NEW,1,Highest ranking debut|Gains In Performance
1996-07-20,59,Every Time She Passes By,George Ducas,57,7,Gains In Performance
1996-07-20,60,Missing You,The Mavericks,59,5,Gains In Performance
1996-07-27,1,Daddy's Money,Ricochet,1,14,Gains In Performance
1996-07-27,2,Don't Get Me Started,Rhett Akins,4,18,Gains In Performance
1996-07-27,3,Treat Her Right,Sawyer Brown,3,19,Gains In Performance
1996-07-27,4,No One Needs To Know,Shania Twain,2,12,
1996-07-27,5,That's What I Get For Lovin' You,Diamond Rio,8,13,Gains In Performance
1996-07-27,6,Carried Away,George Strait,11,11,Gains In Performance
1996-07-27,7,On A Good Night,Wade Hayes,10,12,Gains In Performance
1996-07-27,8,My Heart Has A History,Paul Brandt,5,21,
1996-07-27,9,Meant To Be,Sammy Kershaw,6,19,
1996-07-27,10,"Only On Days That End In ""Y""",Clay Walker,13,10,Gains In Performance
1996-07-27,11,I Am That Man,Brooks & Dunn,17,10,Gains In Performance
1996-07-27,12,Home,Alan Jackson,9,15,
1996-07-27,13,A Thousand Times A Day,Patty Loveless,16,16,Gains In Performance
1996-07-27,14,Then You Can Tell Me Goodbye,Neal McCoy,19,11,Gains In Performance
1996-07-27,15,Every Time I Get Around You,David Lee Murphy,7,19,
1996-07-27,16,She Never Lets It Go To Her Heart,Tim McGraw,20,6,Gains In Performance
1996-07-27,17,It's Midnight Cinderella,Garth Brooks,31,24,Gains In Performance
1996-07-27,18,Heaven Help My Heart,Wynonna,14,14,
1996-07-27,19,Time Marches On,Tracy Lawrence,15,19,
1996-07-27,20,Givin' Water To A Drowning Man,Lee Roy Parnell,21,11,Gains In Performance
1996-07-27,21,I Don't Think I Will,James Bonamy,26,12,Gains In Performance
1996-07-27,22,Runnin' Away With My Heart,Lonestar,23,10,Gains In Performance
1996-07-27,23,There's A Girl In Texas,Trace Adkins,22,16,Gains In Performance
1996-07-27,24,Blue,LeAnn Rimes,12,10,
1996-07-27,25,Guys Do It All The Time,Mindy McCready,32,8,Gains In Performance
1996-07-27,26,By My Side,Lorrie Morgan & Jon Randall,18,17,
1996-07-27,27,Big Guitar,BlackHawk,28,7,Gains In Performance
1996-07-27,28,Learning As You Go,Rick Trevino,33,9,Gains In Performance
1996-07-27,29,Blue Clear Sky,George Strait,25,17,
1996-07-27,30,My Maria,Brooks & Dunn,27,17,
1996-07-27,31,It's Lonely Out There,Pam Tillis,36,8,Gains In Performance
1996-07-27,32,Are We In Trouble Now,Randy Travis,39,7,Gains In Performance
1996-07-27,33,4 To 1 In Atlanta,Tracy Byrd,34,10,Gains In Performance
1996-07-27,34,So Much For Pretending,Bryan White,42,5,Gains In Performance
1996-07-27,35,Living In A Moment,Ty Herndon,38,5,Gains In Performance
1996-07-27,36,That Girl's Been Spyin' On Me,Billy Dean,41,7,Gains In Performance
1996-07-27,37,"Wrong Place, Wrong Time",Mark Chesnutt,37,11,
1996-07-27,38,Jacob's Ladder,Mark Wills,43,8,Gains In Performance
1996-07-27,39,You Can't Lose Me,Faith Hill,46,3,Gains In Performance
1996-07-27,40,You're Not In Kansas Anymore,Jo Dee Messina,44,4,Gains In Performance
1996-07-27,41,Honky Tonkin's What I Do Best,Marty Stuart & Travis Tritt,29,15,
1996-07-27,42,Love Remains,Collin Raye,48,3,Gains In Performance
1996-07-27,43,Whole Lotta Gone,Joe Diffie,45,6,Gains In Performance
1996-07-27,44,A Woman's Touch,Toby Keith,52,3,Gains In Performance
1996-07-27,45,Believe Me Baby (I Lied),Trisha Yearwood,51,3,Gains In Performance
1996-07-27,46,Suddenly Single,Terri Clark,53,3,Gains In Performance
1996-07-27,47,Worlds Apart,Vince Gill,69,2,Gains In Performance
1996-07-27,48,Redneck Games,Jeff Foxworthy With Alan Jackson,47,8,
1996-07-27,49,Phones Are Ringin' All Over Town,Martina McBride,35,17,
1996-07-27,50,I Do,Paul Brandt,61,8,Gains In Performance
1996-07-27,51,Everything I Own,Aaron Tippin,54,9,
1996-07-27,52,High Lonesome Sound,Vince Gill,49,16,
1996-07-27,53,You Still Got Me,Doug Supernaw,55,7,
1996-07-27,54,Why Can't You,Larry Stewart,57,4,Gains In Performance
1996-07-27,55,Missing You,The Mavericks,60,6,Gains In Performance
1996-07-27,56,The Maker Said Take Her,Alabama,65,2,Gains In Performance
1996-07-27,57,Vidalia,Sammy Kershaw,NEW,1,Highest ranking debut|Gains In Performance
1996-07-27,58,Me And You,Kenny Chesney,68,2,Gains In Performance
1996-07-27,59,Starting Over Again,Reba McEntire,50,18,
1996-07-27,60,That Was Him (This Is Now),4 Runner,62,4,Gains In Performance
1996-08-03,1,Don't Get Me Started,Rhett Akins,2,19,Gains In Performance
1996-08-03,2,Daddy's Money,Ricochet,1,15,
1996-08-03,3,Carried Away,George Strait,6,12,Gains In Performance
1996-08-03,4,That's What I Get For Lovin' You,Diamond Rio,5,14,Gains In Performance
1996-08-03,5,On A Good Night,Wade Hayes,7,13,Gains In Performance
1996-08-03,6,Treat Her Right,Sawyer Brown,3,20,
1996-08-03,7,No One Needs To Know,Shania Twain,4,13,
1996-08-03,8,"Only On Days That End In ""Y""",Clay Walker,10,11,Gains In Performance
1996-08-03,9,I Am That Man,Brooks & Dunn,11,11,Gains In Performance
1996-08-03,10,Then You Can Tell Me Goodbye,Neal McCoy,14,12,Gains In Performance
1996-08-03,11,She Never Lets It Go To Her Heart,Tim McGraw,16,7,Gains In Performance
1996-08-03,12,It's Midnight Cinderella,Garth Brooks,17,25,Gains In Performance
1996-08-03,13,Guys Do It All The Time,Mindy McCready,25,9,Gains In Performance
1996-08-03,14,I Don't Think I Will,James Bonamy,21,13,Gains In Performance
1996-08-03,15,Givin' Water To A Drowning Man,Lee Roy Parnell,20,12,Gains In Performance
1996-08-03,16,A Thousand Times A Day,Patty Loveless,13,17,
1996-08-03,17,Runnin' Away With My Heart,Lonestar,22,11,Gains In Performance
1996-08-03,18,My Heart Has A History,Paul Brandt,8,22,
1996-08-03,19,Meant To Be,Sammy Kershaw,9,20,
1996-08-03,20,There's A Girl In Texas,Trace Adkins,23,17,Gains In Performance
1996-08-03,21,Home,Alan Jackson,12,16,
1996-08-03,22,Big Guitar,BlackHawk,27,8,Gains In Performance
1996-08-03,23,Learning As You Go,Rick Trevino,28,10,Gains In Performance
1996-08-03,24,Time Marches On,Tracy Lawrence,19,20,
1996-08-03,25,Every Time I Get Around You,David Lee Murphy,15,20,
1996-08-03,26,It's Lonely Out There,Pam Tillis,31,9,Gains In Performance
1996-08-03,27,So Much For Pretending,Bryan White,34,6,Gains In Performance
1996-08-03,28,Living In A Moment,Ty Herndon,35,6,Gains In Performance
1996-08-03,29,That Girl's Been Spyin' On Me,Billy Dean,36,8,Gains In Performance
1996-08-03,30,Blue Clear Sky,George Strait,29,18,
1996-08-03,31,My Maria,Brooks & Dunn,30,18,
1996-08-03,32,Are We In Trouble Now,Randy Travis,32,8,Gains In Performance
1996-08-03,33,4 To 1 In Atlanta,Tracy Byrd,33,11,Gains In Performance
1996-08-03,34,You Can't Lose Me,Faith Hill,39,4,Gains In Performance
1996-08-03,35,By My Side,Lorrie Morgan & Jon Randall,26,18,
1996-08-03,36,Heaven Help My Heart,Wynonna,18,15,
1996-08-03,37,Jacob's Ladder,Mark Wills,38,9,Gains In Performance
1996-08-03,38,Blue,LeAnn Rimes,24,11,
1996-08-03,39,You're Not In Kansas Anymore,Jo Dee Messina,40,5,Gains In Performance
1996-08-03,40,"Wrong Place, Wrong Time",Mark Chesnutt,37,12,
1996-08-03,41,Love Remains,Collin Raye,42,4,Gains In Performance
1996-08-03,42,A Woman's Touch,Toby Keith,44,4,Gains In Performance
1996-08-03,43,Worlds Apart,Vince Gill,47,3,Gains In Performance
1996-08-03,44,Believe Me Baby (I Lied),Trisha Yearwood,45,4,Gains In Performance
1996-08-03,45,Whole Lotta Gone,Joe Diffie,43,7,Gains In Performance
1996-08-03,46,Suddenly Single,Terri Clark,46,4,Gains In Performance
1996-08-03,47,Redneck Games,Jeff Foxworthy With Alan Jackson,48,9,Gains In Performance
1996-08-03,48,I Do,Paul Brandt,50,9,Gains In Performance
1996-08-03,49,The Maker Said Take Her,Alabama,56,3,Gains In Performance
1996-08-03,50,Vidalia,Sammy Kershaw,57,2,Gains In Performance
1996-08-03,51,Stars Over Texas,Tracy Lawrence,66,2,Gains In Performance
1996-08-03,52,More Than You'll Ever Know,Travis Tritt,62,2,Gains In Performance
1996-08-03,53,Honky Tonkin's What I Do Best,Marty Stuart & Travis Tritt,41,16,
1996-08-03,54,Me And You,Kenny Chesney,58,3,Gains In Performance
1996-08-03,55,Why Can't You,Larry Stewart,54,5,Gains In Performance
1996-08-03,56,Change My Mind,John Berry,65,2,Gains In Performance
1996-08-03,57,Missing You,The Mavericks,55,7,Gains In Performance
1996-08-03,58,High Lonesome Sound,Vince Gill,52,17,
1996-08-03,59,That Was Him (This Is Now),4 Runner,60,5,Gains In Performance
1996-08-03,60,Nobody's Girl,Michelle Wright,63,4,Gains In Performance
1996-08-10,1,Carried Away,George Strait,3,13,Gains In Performance
1996-08-10,2,On A Good Night,Wade Hayes,5,14,Gains In Performance
1996-08-10,3,Don't Get Me Started,Rhett Akins,1,20,
1996-08-10,4,That's What I Get For Lovin' You,Diamond Rio,4,15,
1996-08-10,5,Then You Can Tell Me Goodbye,Neal McCoy,10,13,Gains In Performance
1996-08-10,6,Daddy's Money,Ricochet,2,16,
1996-08-10,7,"Only On Days That End In ""Y""",Clay Walker,8,12,Gains In Performance
1996-08-10,8,I Am That Man,Brooks & Dunn,9,12,Gains In Performance
1996-08-10,9,She Never Lets It Go To Her Heart,Tim McGraw,11,8,Gains In Performance
1996-08-10,10,It's Midnight Cinderella,Garth Brooks,12,26,Gains In Performance
1996-08-10,11,Guys Do It All The Time,Mindy McCready,13,10,Gains In Performance
1996-08-10,12,No One Needs To Know,Shania Twain,7,14,
1996-08-10,13,I Don't Think I Will,James Bonamy,14,14,Gains In Performance
1996-08-10,14,Treat Her Right,Sawyer Brown,6,21,
1996-08-10,15,Givin' Water To A Drowning Man,Lee Roy Parnell,15,13,Gains In Performance
1996-08-10,16,Runnin' Away With My Heart,Lonestar,17,12,Gains In Performance
1996-08-10,17,Big Guitar,BlackHawk,22,9,Gains In Performance
1996-08-10,18,So Much For Pretending,Bryan White,27,7,Gains In Performance
1996-08-10,19,Learning As You Go,Rick Trevino,23,11,Gains In Performance
1996-08-10,20,Living In A Moment,Ty Herndon,28,7,Gains In Performance
1996-08-10,21,There's A Girl In Texas,Trace Adkins,20,18,
1996-08-10,22,That Girl's Been Spyin' On Me,Billy Dean,29,9,Gains In Performance
1996-08-10,23,It's Lonely Out There,Pam Tillis,26,10,Gains In Performance
1996-08-10,24,You Can't Lose Me,Faith Hill,34,5,Gains In Performance
1996-08-10,25,Home,Alan Jackson,21,17,
1996-08-10,26,Are We In Trouble Now,Randy Travis,32,9,Gains In Performance
1996-08-10,27,4 To 1 In Atlanta,Tracy Byrd,33,12,Gains In Performance
1996-08-10,28,Jacob's Ladder,Mark Wills,37,10,Gains In Performance
1996-08-10,29,My Maria,Brooks & Dunn,31,19,
1996-08-10,30,Blue Clear Sky,George Strait,30,19,
1996-08-10,31,You're Not In Kansas Anymore,Jo Dee Messina,39,6,Gains In Performance
1996-08-10,32,Worlds Apart,Vince Gill,43,4,Gains In Performance
1996-08-10,33,Love Remains,Collin Raye,41,5,Gains In Performance
1996-08-10,34,Believe Me Baby (I Lied),Trisha Yearwood,44,5,Gains In Performance
1996-08-10,35,A Thousand Times A Day,Patty Loveless,16,18,
1996-08-10,36,A Woman's Touch,Toby Keith,42,5,Gains In Performance
1996-08-10,37,Whole Lotta Gone,Joe Diffie,45,8,Gains In Performance
1996-08-10,38,I Do,Paul Brandt,48,10,Gains In Performance
1996-08-10,39,Suddenly Single,Terri Clark,46,5,Gains In Performance
1996-08-10,40,Vidalia,Sammy Kershaw,50,3,Gains In Performance
1996-08-10,41,Stars Over Texas,Tracy Lawrence,51,3,Gains In Performance
1996-08-10,42,The Maker Said Take Her,Alabama,49,4,Gains In Performance
1996-08-10,43,Heaven Help My Heart,Wynonna,36,16,
1996-08-10,44,Blue,LeAnn Rimes,38,12,
1996-08-10,45,By My Side,Lorrie Morgan & Jon Randall,35,19,
1996-08-10,46,"Wrong Place, Wrong Time",Mark Chesnutt,40,13,
1996-08-10,47,Me And You,Kenny Chesney,54,4,Gains In Performance
1996-08-10,48,Redneck Games,Jeff Foxworthy With Alan Jackson,47,10,
1996-08-10,49,Change My Mind,John Berry,56,3,Gains In Performance
1996-08-10,50,More Than You'll Ever Know,Travis Tritt,52,3,Gains In Performance
1996-08-10,51,The Road You Leave Behind,David Lee Murphy,62,2,Gains In Performance
1996-08-10,52,Why Can't You,Larry Stewart,55,6,Gains In Performance
1996-08-10,53,Hurt Me,LeAnn Rimes,65,3,Gains In Performance
1996-08-10,54,Missing You,The Mavericks,57,8,Gains In Performance
1996-08-10,55,Nobody's Girl,Michelle Wright,60,5,Gains In Performance
1996-08-10,56,That Was Him (This Is Now),4 Runner,59,6,Gains In Performance
1996-08-10,57,High Lonesome Sound,Vince Gill,58,18,
1996-08-10,58,I Never Stopped Lovin' You,Steve Azar,63,6,Gains In Performance
1996-08-10,59,Honky Tonkin's What I Do Best,Marty Stuart & Travis Tritt,53,17,
1996-08-10,60,Irresistible You,Ty England,NEW,1,Highest ranking debut|Gains In Performance
1996-08-17,1,Carried Away,George Strait,1,14,Gains In Performance
1996-08-17,2,On A Good Night,Wade Hayes,2,15,Gains In Performance
1996-08-17,3,I Am That Man,Brooks & Dunn,8,13,Gains In Performance
1996-08-17,4,Then You Can Tell Me Goodbye,Neal McCoy,5,14,Gains In Performance
1996-08-17,5,"Only On Days That End In ""Y""",Clay Walker,7,13,Gains In Performance
1996-08-17,6,She Never Lets It Go To Her Heart,Tim McGraw,9,9,Gains In Performance
1996-08-17,7,I Don't Think I Will,James Bonamy,13,15,Gains In Performance
1996-08-17,8,It's Midnight Cinderella,Garth Brooks,10,27,Gains In Performance
1996-08-17,9,Guys Do It All The Time,Mindy McCready,11,11,Gains In Performance
1996-08-17,10,That's What I Get For Lovin' You,Diamond Rio,4,16,
1996-08-17,11,Daddy's Money,Ricochet,6,17,
1996-08-17,12,Givin' Water To A Drowning Man,Lee Roy Parnell,15,14,Gains In Performance
1996-08-17,13,So Much For Pretending,Bryan White,18,8,Gains In Performance
1996-08-17,14,Don't Get Me Started,Rhett Akins,3,21,
1996-08-17,15,Runnin' Away With My Heart,Lonestar,16,13,Gains In Performance
1996-08-17,16,Learning As You Go,Rick Trevino,19,12,Gains In Performance
1996-08-17,17,Living In A Moment,Ty Herndon,20,8,Gains In Performance
1996-08-17,18,No One Needs To Know,Shania Twain,12,15,
1996-08-17,19,That Girl's Been Spyin' On Me,Billy Dean,22,10,Gains In Performance
1996-08-17,20,Big Guitar,BlackHawk,17,10,Gains In Performance
1996-08-17,21,It's Lonely Out There,Pam Tillis,23,11,Gains In Performance
1996-08-17,22,You Can't Lose Me,Faith Hill,24,6,Gains In Performance
1996-08-17,23,4 To 1 In Atlanta,Tracy Byrd,27,13,Gains In Performance
1996-08-17,24,Are We In Trouble Now,Randy Travis,26,10,Gains In Performance
1996-08-17,25,Jacob's Ladder,Mark Wills,28,11,Gains In Performance
1996-08-17,26,Worlds Apart,Vince Gill,32,5,Gains In Performance
1996-08-17,27,Believe Me Baby (I Lied),Trisha Yearwood,34,6,Gains In Performance
1996-08-17,28,You're Not In Kansas Anymore,Jo Dee Messina,31,7,Gains In Performance
1996-08-17,29,Love Remains,Collin Raye,33,6,Gains In Performance
1996-08-17,30,A Woman's Touch,Toby Keith,36,6,Gains In Performance
1996-08-17,31,Blue Clear Sky,George Strait,30,20,
1996-08-17,32,My Maria,Brooks & Dunn,29,20,
1996-08-17,33,Home,Alan Jackson,25,18,
1996-08-17,34,Vidalia,Sammy Kershaw,40,4,Gains In Performance
1996-08-17,35,There's A Girl In Texas,Trace Adkins,21,19,
1996-08-17,36,Stars Over Texas,Tracy Lawrence,41,4,Gains In Performance
1996-08-17,37,I Do,Paul Brandt,38,11,Gains In Performance
1996-08-17,38,Whole Lotta Gone,Joe Diffie,37,9,Gains In Performance
1996-08-17,39,The Maker Said Take Her,Alabama,42,5,Gains In Performance
1996-08-17,40,Suddenly Single,Terri Clark,39,6,Gains In Performance
1996-08-17,41,Me And You,Kenny Chesney,47,5,Gains In Performance
1996-08-17,42,Change My Mind,John Berry,49,4,Gains In Performance
1996-08-17,43,More Than You'll Ever Know,Travis Tritt,50,4,Gains In Performance
1996-08-17,44,The Road You Leave Behind,David Lee Murphy,51,3,Gains In Performance
1996-08-17,45,A Thousand Times A Day,Patty Loveless,35,19,
1996-08-17,46,Blue,LeAnn Rimes,44,13,
1996-08-17,47,Heaven Help My Heart,Wynonna,43,17,
1996-08-17,48,Why Can't You,Larry Stewart,52,7,Gains In Performance
1996-08-17,49,Hurt Me,LeAnn Rimes,53,4,Gains In Performance
1996-08-17,50,Nobody's Girl,Michelle Wright,55,6,Gains In Performance
1996-08-17,51,Irresistible You,Ty England,60,2,Gains In Performance
1996-08-17,52,By My Side,Lorrie Morgan & Jon Randall,45,20,
1996-08-17,53,"Wrong Place, Wrong Time",Mark Chesnutt,46,14,
1996-08-17,54,That Was Him (This Is Now),4 Runner,56,7,Gains In Performance
1996-08-17,55,I Never Stopped Lovin' You,Steve Azar,58,7,Gains In Performance
1996-08-17,56,Home Ain't Where His Heart Is (Anymore),Shania Twain,66,2,Gains In Performance
1996-08-17,57,Redneck Games,Jeff Foxworthy With Alan Jackson,48,11,
1996-08-17,58,What Will You Do With M-e,Western Flyer,61,3,Gains In Performance
1996-08-17,59,Goodnight Sweetheart,David Kersh,63,3,Gains In Performance
1996-08-17,60,High Lonesome Sound,Vince Gill,57,19,
1996-08-24,1,Carried Away,George Strait,1,15,
1996-08-24,2,I Am That Man,Brooks & Dunn,3,14,Gains In Performance
1996-08-24,3,On A Good Night,Wade Hayes,2,16,
1996-08-24,4,She Never Lets It Go To Her Heart,Tim McGraw,6,10,Gains In Performance
1996-08-24,5,I Don't Think I Will,James Bonamy,7,16,Gains In Performance
1996-08-24,6,Then You Can Tell Me Goodbye,Neal McCoy,4,15,
1996-08-24,7,Guys Do It All The Time,Mindy McCready,9,12,Gains In Performance
1996-08-24,8,"Only On Days That End In ""Y""",Clay Walker,5,14,
1996-08-24,9,It's Midnight Cinderella,Garth Brooks,8,28,Gains In Performance
1996-08-24,10,Learning As You Go,Rick Trevino,16,13,Gains In Performance
1996-08-24,11,So Much For Pretending,Bryan White,13,9,Gains In Performance
1996-08-24,12,Runnin' Away With My Heart,Lonestar,15,14,Gains In Performance
1996-08-24,13,Living In A Moment,Ty Herndon,17,9,Gains In Performance
1996-08-24,14,That Girl's Been Spyin' On Me,Billy Dean,19,11,Gains In Performance
1996-08-24,15,Givin' Water To A Drowning Man,Lee Roy Parnell,12,15,
1996-08-24,16,That's What I Get For Lovin' You,Diamond Rio,10,17,
1996-08-24,17,It's Lonely Out There,Pam Tillis,21,12,Gains In Performance
1996-08-24,18,Big Guitar,BlackHawk,20,11,Gains In Performance
1996-08-24,19,You Can't Lose Me,Faith Hill,22,7,Gains In Performance
1996-08-24,20,Daddy's Money,Ricochet,11,18,
1996-08-24,21,Jacob's Ladder,Mark Wills,25,12,Gains In Performance
1996-08-24,22,4 To 1 In Atlanta,Tracy Byrd,23,14,Gains In Performance
1996-08-24,23,Believe Me Baby (I Lied),Trisha Yearwood,27,7,Gains In Performance
1996-08-24,24,No One Needs To Know,Shania Twain,18,16,
1996-08-24,25,You're Not In Kansas Anymore,Jo Dee Messina,28,8,Gains In Performance
1996-08-24,26,A Woman's Touch,Toby Keith,30,7,Gains In Performance
1996-08-24,27,Are We In Trouble Now,Randy Travis,24,11,
1996-08-24,28,Worlds Apart,Vince Gill,26,6,Gains In Performance
1996-08-24,29,Love Remains,Collin Raye,29,7,Gains In Performance
1996-08-24,30,Stars Over Texas,Tracy Lawrence,36,5,Gains In Performance
1996-08-24,31,Vidalia,Sammy Kershaw,34,5,Gains In Performance
1996-08-24,32,I Do,Paul Brandt,37,12,Gains In Performance
1996-08-24,33,Whole Lotta Gone,Joe Diffie,38,10,Gains In Performance
1996-08-24,34,Suddenly Single,Terri Clark,40,7,Gains In Performance
1996-08-24,35,Home,Alan Jackson,33,19,
1996-08-24,36,Me And You,Kenny Chesney,41,6,Gains In Performance
1996-08-24,37,The Maker Said Take Her,Alabama,39,6,Gains In Performance
1996-08-24,38,The Road You Leave Behind,David Lee Murphy,44,4,Gains In Performance
1996-08-24,39,More Than You'll Ever Know,Travis Tritt,43,5,Gains In Performance
1996-08-24,40,Change My Mind,John Berry,42,5,Gains In Performance
1996-08-24,41,Home Ain't Where His Heart Is (Anymore),Shania Twain,56,3,Gains In Performance
1996-08-24,42,There's A Girl In Texas,Trace Adkins,35,20,
1996-08-24,43,Hurt Me,LeAnn Rimes,49,5,Gains In Performance
1996-08-24,44,Blue,LeAnn Rimes,46,14,
1996-08-24,45,Irresistible You,Ty England,51,3,Gains In Performance
1996-08-24,46,Why Can't You,Larry Stewart,48,8,
1996-08-24,47,A Thousand Times A Day,Patty Loveless,45,20,
1996-08-24,48,Heaven Help My Heart,Wynonna,47,18,
1996-08-24,49,What Will You Do With M-e,Western Flyer,58,4,Gains In Performance
1996-08-24,50,I Never Stopped Lovin' You,Steve Azar,55,8,Gains In Performance
1996-08-24,51,Nobody's Girl,Michelle Wright,50,7,
1996-08-24,52,Love Is Stronger Than Pride,Ricochet,66,2,Gains In Performance
1996-08-24,53,Goodnight Sweetheart,David Kersh,59,4,Gains In Performance
1996-08-24,54,That Was Him (This Is Now),4 Runner,54,8,
1996-08-24,55,I Just Might Be,Lorrie Morgan,61,3,Gains In Performance
1996-08-24,56,High Lonesome Sound,Vince Gill,60,20,
1996-08-24,57,Strawberry Wine,Deana Carter,70,2,Gains In Performance
1996-08-24,58,"Wrong Place, Wrong Time",Mark Chesnutt,53,15,
1996-08-24,59,That's Enough Of That,Mila Mason,67,2,Gains In Performance
1996-08-24,60,Once I Was The Light Of Your Life,Stephanie Bentley,63,5,
1996-08-31,1,She Never Lets It Go To Her Heart,Tim McGraw,4,11,Gains In Performance
1996-08-31,2,I Am That Man,Brooks & Dunn,2,15,Gains In Performance
1996-08-31,3,Guys Do It All The Time,Mindy McCready,7,13,Gains In Performance
1996-08-31,4,Carried Away,George Strait,1,16,
1996-08-31,5,I Don't Think I Will,James Bonamy,5,17,Gains In Performance
1996-08-31,6,It's Midnight Cinderella,Garth Brooks,9,29,Gains In Performance
1996-08-31,7,Learning As You Go,Rick Trevino,10,14,Gains In Performance
1996-08-31,8,So Much For Pretending,Bryan White,11,10,Gains In Performance
1996-08-31,9,Then You Can Tell Me Goodbye,Neal McCoy,6,16,
1996-08-31,10,Living In A Moment,Ty Herndon,13,10,Gains In Performance
1996-08-31,11,Runnin' Away With My Heart,Lonestar,12,15,Gains In Performance
1996-08-31,12,On A Good Night,Wade Hayes,3,17,
1996-08-31,13,That Girl's Been Spyin' On Me,Billy Dean,14,12,Gains In Performance
1996-08-31,14,You Can't Lose Me,Faith Hill,19,8,Gains In Performance
1996-08-31,15,"Only On Days That End In ""Y""",Clay Walker,8,15,
1996-08-31,16,It's Lonely Out There,Pam Tillis,17,13,Gains In Performance
1996-08-31,17,Jacob's Ladder,Mark Wills,21,13,Gains In Performance
1996-08-31,18,Big Guitar,BlackHawk,18,12,
1996-08-31,19,Believe Me Baby (I Lied),Trisha Yearwood,23,8,Gains In Performance
1996-08-31,20,Worlds Apart,Vince Gill,28,7,Gains In Performance
1996-08-31,21,4 To 1 In Atlanta,Tracy Byrd,22,15,
1996-08-31,22,You're Not In Kansas Anymore,Jo Dee Messina,25,9,Gains In Performance
1996-08-31,23,A Woman's Touch,Toby Keith,26,8,Gains In Performance
1996-08-31,24,Daddy's Money,Ricochet,20,19,
1996-08-31,25,Love Remains,Collin Raye,29,8,Gains In Performance
1996-08-31,26,Stars Over Texas,Tracy Lawrence,30,6,Gains In Performance
1996-08-31,27,Vidalia,Sammy Kershaw,31,6,Gains In Performance
1996-08-31,28,That's What I Get For Lovin' You,Diamond Rio,16,18,
1996-08-31,29,Givin' Water To A Drowning Man,Lee Roy Parnell,15,16,
1996-08-31,30,No One Needs To Know,Shania Twain,24,17,
1996-08-31,31,I Do,Paul Brandt,32,13,Gains In Performance
1996-08-31,32,Are We In Trouble Now,Randy Travis,27,12,
1996-08-31,33,Whole Lotta Gone,Joe Diffie,33,11,Gains In Performance
1996-08-31,34,Me And You,Kenny Chesney,36,7,Gains In Performance
1996-08-31,35,The Maker Said Take Her,Alabama,37,7,Gains In Performance
1996-08-31,36,Suddenly Single,Terri Clark,34,8,Gains In Performance
1996-08-31,37,The Road You Leave Behind,David Lee Murphy,38,5,Gains In Performance
1996-08-31,38,Home,Alan Jackson,35,20,
1996-08-31,39,More Than You'll Ever Know,Travis Tritt,39,6,Gains In Performance
1996-08-31,40,Change My Mind,John Berry,40,6,Gains In Performance
1996-08-31,41,Home Ain't Where His Heart Is (Anymore),Shania Twain,41,4,Gains In Performance
1996-08-31,42,Irresistible You,Ty England,45,4,Gains In Performance
1996-08-31,43,What Will You Do With M-e,Western Flyer,49,5,Gains In Performance
1996-08-31,44,Love Is Stronger Than Pride,Ricochet,52,3,Gains In Performance
1996-08-31,45,Hurt Me,LeAnn Rimes,43,6,Gains In Performance
1996-08-31,46,Why Can't You,Larry Stewart,46,9,Gains In Performance
1996-08-31,47,Lonely Too Long,Patty Loveless,65,2,Gains In Performance
1996-08-31,48,Blue,LeAnn Rimes,44,15,
1996-08-31,49,Goodnight Sweetheart,David Kersh,53,5,Gains In Performance
1996-08-31,50,That's Enough Of That,Mila Mason,59,3,Gains In Performance
1996-08-31,51,Nobody's Girl,Michelle Wright,51,8,
1996-08-31,52,Heaven Help My Heart,Wynonna,48,19,
1996-08-31,53,I Never Stopped Lovin' You,Steve Azar,50,9,
1996-08-31,54,Strawberry Wine,Deana Carter,57,3,Gains In Performance
1996-08-31,55,That Was Him (This Is Now),4 Runner,54,9,Gains In Performance
1996-08-31,56,I Just Might Be,Lorrie Morgan,55,4,Gains In Performance
1996-08-31,57,She's Gettin' There,Sawyer Brown,61,3,Gains In Performance
1996-08-31,58,Every Light In The House,Trace Adkins,72,2,Gains In Performance
1996-08-31,59,It's All In Your Head,Diamond Rio,70,2,Gains In Performance
1996-08-31,60,Her Man,Gary Allan,67,2,Gains In Performance
1996-09-07,1,She Never Lets It Go To Her Heart,Tim McGraw,1,12,Gains In Performance
1996-09-07,2,I Don't Think I Will,James Bonamy,5,18,Gains In Performance
1996-09-07,3,Guys Do It All The Time,Mindy McCready,3,14,Gains In Performance
1996-09-07,4,Learning As You Go,Rick Trevino,7,15,Gains In Performance
1996-09-07,5,It's Midnight Cinderella,Garth Brooks,6,30,Gains In Performance
1996-09-07,6,I Am That Man,Brooks & Dunn,2,16,
1996-09-07,7,Carried Away,George Strait,4,17,
1996-09-07,8,So Much For Pretending,Bryan White,8,11,Gains In Performance
1996-09-07,9,Living In A Moment,Ty Herndon,10,11,Gains In Performance
1996-09-07,10,Runnin' Away With My Heart,Lonestar,11,16,Gains In Performance
1996-09-07,11,That Girl's Been Spyin' On Me,Billy Dean,13,13,Gains In Performance
1996-09-07,12,Jacob's Ladder,Mark Wills,17,14,Gains In Performance
1996-09-07,13,You Can't Lose Me,Faith Hill,14,9,Gains In Performance
1996-09-07,14,It's Lonely Out There,Pam Tillis,16,14,Gains In Performance
1996-09-07,15,Believe Me Baby (I Lied),Trisha Yearwood,19,9,Gains In Performance
1996-09-07,16,You're Not In Kansas Anymore,Jo Dee Messina,22,10,Gains In Performance
1996-09-07,17,Worlds Apart,Vince Gill,20,8,Gains In Performance
1996-09-07,18,A Woman's Touch,Toby Keith,23,9,Gains In Performance
1996-09-07,19,Vidalia,Sammy Kershaw,27,7,Gains In Performance
1996-09-07,20,Then You Can Tell Me Goodbye,Neal McCoy,9,17,
1996-09-07,21,Love Remains,Collin Raye,25,9,Gains In Performance
1996-09-07,22,Stars Over Texas,Tracy Lawrence,26,7,Gains In Performance
1996-09-07,23,I Do,Paul Brandt,31,14,Gains In Performance
1996-09-07,24,On A Good Night,Wade Hayes,12,18,
1996-09-07,25,4 To 1 In Atlanta,Tracy Byrd,21,16,
1996-09-07,26,Daddy's Money,Ricochet,24,20,
1996-09-07,27,Me And You,Kenny Chesney,34,8,Gains In Performance
1996-09-07,28,Whole Lotta Gone,Joe Diffie,33,12,Gains In Performance
1996-09-07,29,The Road You Leave Behind,David Lee Murphy,37,6,Gains In Performance
1996-09-07,30,The Maker Said Take Her,Alabama,35,8,Gains In Performance
1996-09-07,31,"Only On Days That End In ""Y""",Clay Walker,15,16,
1996-09-07,32,No One Needs To Know,Shania Twain,30,18,
1996-09-07,33,That's What I Get For Lovin' You,Diamond Rio,28,19,
1996-09-07,34,Big Guitar,BlackHawk,18,13,
1996-09-07,35,More Than You'll Ever Know,Travis Tritt,39,7,Gains In Performance
1996-09-07,36,Suddenly Single,Terri Clark,36,9,Gains In Performance
1996-09-07,37,Change My Mind,John Berry,40,7,Gains In Performance
1996-09-07,38,Home Ain't Where His Heart Is (Anymore),Shania Twain,41,5,Gains In Performance
1996-09-07,39,Givin' Water To A Drowning Man,Lee Roy Parnell,29,17,
1996-09-07,40,Lonely Too Long,Patty Loveless,47,3,Gains In Performance
1996-09-07,41,Irresistible You,Ty England,42,5,Gains In Performance
1996-09-07,42,Like The Rain,Clint Black,NEW,1,Highest ranking debut|Gains In Performance
1996-09-07,43,Love Is Stronger Than Pride,Ricochet,44,4,Gains In Performance
1996-09-07,44,What Will You Do With M-e,Western Flyer,43,6,Gains In Performance
1996-09-07,45,Are We In Trouble Now,Randy Travis,32,13,
1996-09-07,46,Hurt Me,LeAnn Rimes,45,7,Gains In Performance
1996-09-07,47,Strawberry Wine,Deana Carter,54,4,Gains In Performance
1996-09-07,48,That's Enough Of That,Mila Mason,50,4,Gains In Performance
1996-09-07,49,Goodnight Sweetheart,David Kersh,49,6,Gains In Performance
1996-09-07,50,Every Light In The House,Trace Adkins,58,3,Gains In Performance
1996-09-07,51,Blue,LeAnn Rimes,48,16,
1996-09-07,52,It's All In Your Head,Diamond Rio,59,3,Gains In Performance
1996-09-07,53,Why Can't You,Larry Stewart,46,10,
1996-09-07,54,I Just Might Be,Lorrie Morgan,56,5,Gains In Performance
1996-09-07,55,That Was Him (This Is Now),4 Runner,55,10,Gains In Performance
1996-09-07,56,Her Man,Gary Allan,60,3,Gains In Performance
1996-09-07,57,I Never Stopped Lovin' You,Steve Azar,53,10,
1996-09-07,58,Nobody's Girl,Michelle Wright,51,9,
1996-09-07,59,She's Gettin' There,Sawyer Brown,57,4,Gains In Performance
1996-09-07,60,Heaven Help My Heart,Wynonna,52,20,
1996-09-14,1,Guys Do It All The Time,Mindy McCready,3,15,Gains In Performance
1996-09-14,2,Learning As You Go,Rick Trevino,4,16,Gains In Performance
1996-09-14,3,I Don't Think I Will,James Bonamy,2,19,
1996-09-14,4,She Never Lets It Go To Her Heart,Tim McGraw,1,13,
1996-09-14,5,So Much For Pretending,Bryan White,8,12,Gains In Performance
1996-09-14,6,It's Midnight Cinderella,Garth Brooks,5,31,
1996-09-14,7,Living In A Moment,Ty Herndon,9,12,Gains In Performance
1996-09-14,8,Runnin' Away With My Heart,Lonestar,10,17,
1996-09-14,9,Carried Away,George Strait,7,18,
1996-09-14,10,Jacob's Ladder,Mark Wills,12,15,Gains In Performance
1996-09-14,11,I Am That Man,Brooks & Dunn,6,17,
1996-09-14,12,That Girl's Been Spyin' On Me,Billy Dean,11,14,Gains In Performance
1996-09-14,13,You Can't Lose Me,Faith Hill,13,10,Gains In Performance
1996-09-14,14,Believe Me Baby (I Lied),Trisha Yearwood,15,10,Gains In Performance
1996-09-14,15,It's Lonely Out There,Pam Tillis,14,15,
1996-09-14,16,You're Not In Kansas Anymore,Jo Dee Messina,16,11,Gains In Performance
1996-09-14,17,Vidalia,Sammy Kershaw,19,8,Gains In Performance
1996-09-14,18,A Woman's Touch,Toby Keith,18,10,Gains In Performance
1996-09-14,19,Worlds Apart,Vince Gill,17,9,Gains In Performance
1996-09-14,20,I Do,Paul Brandt,23,15,Gains In Performance
1996-09-14,21,Stars Over Texas,Tracy Lawrence,22,8,Gains In Performance
1996-09-14,22,Love Remains,Collin Raye,21,10,Gains In Performance
1996-09-14,23,The Road You Leave Behind,David Lee Murphy,29,7,Gains In Performance
1996-09-14,24,Whole Lotta Gone,Joe Diffie,28,13,Gains In Performance
1996-09-14,25,Me And You,Kenny Chesney,27,9,Gains In Performance
1996-09-14,26,The Maker Said Take Her,Alabama,30,9,Gains In Performance
1996-09-14,27,Then You Can Tell Me Goodbye,Neal McCoy,20,18,
1996-09-14,28,On A Good Night,Wade Hayes,24,19,
1996-09-14,29,Like The Rain,Clint Black,42,2,Gains In Performance
1996-09-14,30,More Than You'll Ever Know,Travis Tritt,35,8,Gains In Performance
1996-09-14,31,No One Needs To Know,Shania Twain,32,19,
1996-09-14,32,Lonely Too Long,Patty Loveless,40,4,Gains In Performance
1996-09-14,33,Change My Mind,John Berry,37,8,Gains In Performance
1996-09-14,34,That's What I Get For Lovin' You,Diamond Rio,33,20,
1996-09-14,35,Home Ain't Where His Heart Is (Anymore),Shania Twain,38,6,Gains In Performance
1996-09-14,36,"Only On Days That End In ""Y""",Clay Walker,31,17,
1996-09-14,37,Suddenly Single,Terri Clark,36,10,
1996-09-14,38,Ain't Got Nothin' On Us,John Michael Montgomery,NEW,1,Highest ranking debut|Gains In Performance
1996-09-14,39,Love Is Stronger Than Pride,Ricochet,43,5,Gains In Performance
1996-09-14,40,Irresistible You,Ty England,41,6,Gains In Performance
1996-09-14,41,4 To 1 In Atlanta,Tracy Byrd,25,17,
1996-09-14,42,What Will You Do With M-e,Western Flyer,44,7,Gains In Performance
1996-09-14,43,Strawberry Wine,Deana Carter,47,5,Gains In Performance
1996-09-14,44,It's All In Your Head,Diamond Rio,52,4,Gains In Performance
1996-09-14,45,Big Guitar,BlackHawk,34,14,
1996-09-14,46,That's Enough Of That,Mila Mason,48,5,Gains In Performance
1996-09-14,47,Every Light In The House,Trace Adkins,50,4,Gains In Performance
1996-09-14,48,Givin' Water To A Drowning Man,Lee Roy Parnell,39,18,
1996-09-14,49,I Can Still Make Cheyenne,George Strait,64,4,Gains In Performance
1996-09-14,50,I Just Might Be,Lorrie Morgan,54,6,Gains In Performance
1996-09-14,51,Hurt Me,LeAnn Rimes,46,8,
1996-09-14,52,Goodnight Sweetheart,David Kersh,49,7,Gains In Performance
1996-09-14,53,Her Man,Gary Allan,56,4,Gains In Performance
1996-09-14,54,Blue,LeAnn Rimes,51,17,
1996-09-14,55,She's Gettin' There,Sawyer Brown,59,5,Gains In Performance
1996-09-14,56,Swingin' Doors,Martina McBride,61,3,Gains In Performance
1996-09-14,57,My Angel Is Here,Wynonna,63,3,Gains In Performance
1996-09-14,58,Are We In Trouble Now,Randy Travis,45,14,
1996-09-14,59,Thanks To You,Marty Stuart,62,5,Gains In Performance
1996-09-14,60,That Was Him (This Is Now),4 Runner,55,11,
1996-09-21,1,So Much For Pretending,Bryan White,5,13,Gains In Performance
1996-09-21,2,Learning As You Go,Rick Trevino,2,17,
1996-09-21,3,Guys Do It All The Time,Mindy McCready,1,16,
1996-09-21,4,Living In A Moment,Ty Herndon,7,13,Gains In Performance
1996-09-21,5,I Don't Think I Will,James Bonamy,3,20,
1996-09-21,6,She Never Lets It Go To Her Heart,Tim McGraw,4,14,
1996-09-21,7,Jacob's Ladder,Mark Wills,10,16,Gains In Performance
1996-09-21,8,That Girl's Been Spyin' On Me,Billy Dean,12,15,Gains In Performance
1996-09-21,9,It's Midnight Cinderella,Garth Brooks,6,32,
1996-09-21,10,You Can't Lose Me,Faith Hill,13,11,Gains In Performance
1996-09-21,11,Believe Me Baby (I Lied),Trisha Yearwood,14,11,Gains In Performance
1996-09-21,12,Carried Away,George Strait,9,19,
1996-09-21,13,Worlds Apart,Vince Gill,19,10,Gains In Performance
1996-09-21,14,I Do,Paul Brandt,20,16,Gains In Performance
1996-09-21,15,Stars Over Texas,Tracy Lawrence,21,9,Gains In Performance
1996-09-21,16,Vidalia,Sammy Kershaw,17,9,Gains In Performance
1996-09-21,17,A Woman's Touch,Toby Keith,18,11,Gains In Performance
1996-09-21,18,I Am That Man,Brooks & Dunn,11,18,
1996-09-21,19,You're Not In Kansas Anymore,Jo Dee Messina,16,12,Gains In Performance
1996-09-21,20,Love Remains,Collin Raye,22,11,Gains In Performance
1996-09-21,21,It's Lonely Out There,Pam Tillis,15,16,
1996-09-21,22,The Road You Leave Behind,David Lee Murphy,23,8,Gains In Performance
1996-09-21,23,Like The Rain,Clint Black,29,3,Gains In Performance
1996-09-21,24,The Maker Said Take Her,Alabama,26,10,Gains In Performance
1996-09-21,25,Me And You,Kenny Chesney,25,10,Gains In Performance
1996-09-21,26,Whole Lotta Gone,Joe Diffie,24,14,Gains In Performance
1996-09-21,27,Runnin' Away With My Heart,Lonestar,8,18,
1996-09-21,28,More Than You'll Ever Know,Travis Tritt,30,9,Gains In Performance
1996-09-21,29,Ain't Got Nothin' On Us,John Michael Montgomery,38,2,Gains In Performance
1996-09-21,30,Lonely Too Long,Patty Loveless,32,5,Gains In Performance
1996-09-21,31,Change My Mind,John Berry,33,9,Gains In Performance
1996-09-21,32,Then You Can Tell Me Goodbye,Neal McCoy,27,19,
1996-09-21,33,On A Good Night,Wade Hayes,28,20,
1996-09-21,34,Home Ain't Where His Heart Is (Anymore),Shania Twain,35,7,Gains In Performance
1996-09-21,35,No One Needs To Know,Shania Twain,31,20,
1996-09-21,36,Love Is Stronger Than Pride,Ricochet,39,6,Gains In Performance
1996-09-21,37,I Can Still Make Cheyenne,George Strait,49,5,Gains In Performance
1996-09-21,38,Irresistible You,Ty England,40,7,Gains In Performance
1996-09-21,39,"Only On Days That End In ""Y""",Clay Walker,36,18,
1996-09-21,40,Strawberry Wine,Deana Carter,43,6,Gains In Performance
1996-09-21,41,It's All In Your Head,Diamond Rio,44,5,Gains In Performance
1996-09-21,42,What Will You Do With M-e,Western Flyer,42,8,Gains In Performance
1996-09-21,43,That's Enough Of That,Mila Mason,46,6,Gains In Performance
1996-09-21,44,Every Light In The House,Trace Adkins,47,5,Gains In Performance
1996-09-21,45,I Just Might Be,Lorrie Morgan,50,7,Gains In Performance
1996-09-21,46,Goodnight Sweetheart,David Kersh,52,8,Gains In Performance
1996-09-21,47,Her Man,Gary Allan,53,5,Gains In Performance
1996-09-21,48,4 To 1 In Atlanta,Tracy Byrd,41,18,
1996-09-21,49,Givin' Water To A Drowning Man,Lee Roy Parnell,48,19,
1996-09-21,50,Swingin' Doors,Martina McBride,56,4,Gains In Performance
1996-09-21,51,Mama Don't Get Dressed Up For Nothing,Brooks & Dunn,74,2,Gains In Performance
1996-09-21,52,Big Guitar,BlackHawk,45,15,
1996-09-21,53,Blue,LeAnn Rimes,54,18,Gains In Performance
1996-09-21,54,My Angel Is Here,Wynonna,57,4,Gains In Performance
1996-09-21,55,Suddenly Single,Terri Clark,37,11,
1996-09-21,56,She's Gettin' There,Sawyer Brown,55,6,Gains In Performance
1996-09-21,57,Love You Back,Rhett Akins,61,3,Gains In Performance
1996-09-21,58,Hurt Me,LeAnn Rimes,51,9,
1996-09-21,59,Thanks To You,Marty Stuart,59,6,Gains In Performance
1996-09-21,60,"Another You, Another Me",Brady Seals,64,3,Gains In Performance
1996-09-28,1,So Much For Pretending,Bryan White,1,14,Gains In Performance
1996-09-28,2,Living In A Moment,Ty Herndon,4,14,Gains In Performance
1996-09-28,3,Guys Do It All The Time,Mindy McCready,3,17,
1996-09-28,4,Learning As You Go,Rick Trevino,2,18,
1996-09-28,5,That Girl's Been Spyin' On Me,Billy Dean,8,16,Gains In Performance
1996-09-28,6,Jacob's Ladder,Mark Wills,7,17,Gains In Performance
1996-09-28,7,You Can't Lose Me,Faith Hill,10,12,Gains In Performance
1996-09-28,8,Believe Me Baby (I Lied),Trisha Yearwood,11,12,Gains In Performance
1996-09-28,9,Stars Over Texas,Tracy Lawrence,15,10,Gains In Performance
1996-09-28,10,She Never Lets It Go To Her Heart,Tim McGraw,6,15,
1996-09-28,11,Worlds Apart,Vince Gill,13,11,Gains In Performance
1996-09-28,12,I Don't Think I Will,James Bonamy,5,21,
1996-09-28,13,I Do,Paul Brandt,14,17,Gains In Performance
1996-09-28,14,You're Not In Kansas Anymore,Jo Dee Messina,19,13,Gains In Performance
1996-09-28,15,Vidalia,Sammy Kershaw,16,10,Gains In Performance
1996-09-28,16,A Woman's Touch,Toby Keith,17,12,Gains In Performance
1996-09-28,17,Like The Rain,Clint Black,23,4,Gains In Performance
1996-09-28,18,Love Remains,Collin Raye,20,12,Gains In Performance
1996-09-28,19,The Maker Said Take Her,Alabama,24,11,Gains In Performance
1996-09-28,20,The Road You Leave Behind,David Lee Murphy,22,9,Gains In Performance
1996-09-28,21,Me And You,Kenny Chesney,25,11,Gains In Performance
1996-09-28,22,Carried Away,George Strait,12,20,
1996-09-28,23,Whole Lotta Gone,Joe Diffie,26,15,Gains In Performance
1996-09-28,24,Ain't Got Nothin' On Us,John Michael Montgomery,29,3,Gains In Performance
1996-09-28,25,More Than You'll Ever Know,Travis Tritt,28,10,Gains In Performance
1996-09-28,26,Lonely Too Long,Patty Loveless,30,6,Gains In Performance
1996-09-28,27,I Am That Man,Brooks & Dunn,18,19,
1996-09-28,28,I Can Still Make Cheyenne,George Strait,37,6,Gains In Performance
1996-09-28,29,Change My Mind,John Berry,31,10,Gains In Performance
1996-09-28,30,Home Ain't Where His Heart Is (Anymore),Shania Twain,34,8,Gains In Performance
1996-09-28,31,Love Is Stronger Than Pride,Ricochet,36,7,Gains In Performance
1996-09-28,32,Strawberry Wine,Deana Carter,40,7,Gains In Performance
1996-09-28,33,It's All In Your Head,Diamond Rio,41,6,Gains In Performance
1996-09-28,34,What Will You Do With M-e,Western Flyer,42,9,Gains In Performance
1996-09-28,35,Irresistible You,Ty England,38,8,Gains In Performance
1996-09-28,36,Then You Can Tell Me Goodbye,Neal McCoy,32,20,
1996-09-28,37,Runnin' Away With My Heart,Lonestar,27,19,
1996-09-28,38,Every Light In The House,Trace Adkins,44,6,Gains In Performance
1996-09-28,39,It's Lonely Out There,Pam Tillis,21,17,
1996-09-28,40,Mama Don't Get Dressed Up For Nothing,Brooks & Dunn,51,3,Gains In Performance
1996-09-28,41,That's Enough Of That,Mila Mason,43,7,Gains In Performance
1996-09-28,42,"Only On Days That End In ""Y""",Clay Walker,39,19,
1996-09-28,43,Goodnight Sweetheart,David Kersh,46,9,Gains In Performance
1996-09-28,44,Her Man,Gary Allan,47,6,Gains In Performance
1996-09-28,45,I Just Might Be,Lorrie Morgan,45,8,
1996-09-28,46,Swingin' Doors,Martina McBride,50,5,Gains In Performance
1996-09-28,47,She's Gettin' There,Sawyer Brown,56,7,Gains In Performance
1996-09-28,48,Love You Back,Rhett Akins,57,4,Gains In Performance
1996-09-28,49,My Angel Is Here,Wynonna,54,5,Gains In Performance
1996-09-28,50,Big Love,Tracy Byrd,65,2,Gains In Performance
1996-09-28,51,Blue,LeAnn Rimes,53,19,
1996-09-28,52,Thanks To You,Marty Stuart,59,7,Gains In Performance
1996-09-28,53,Givin' Water To A Drowning Man,Lee Roy Parnell,49,20,
1996-09-28,54,"Another You, Another Me",Brady Seals,60,4,Gains In Performance
1996-09-28,55,Big Guitar,BlackHawk,52,16,
1996-09-28,56,4 To 1 In Atlanta,Tracy Byrd,48,19,
1996-09-28,57,Cherokee Boogie,BR549,67,2,Gains In Performance
1996-09-28,58,Bury The Shovel,Clay Walker,NEW,1,Highest ranking debut|Gains In Performance
1996-09-28,59,No Way Out,Suzy Bogguss,64,3,Gains In Performance
1996-09-28,60,When Cowboys Didn't Dance,Lonestar,NEW,1,Gains In Performance
1996-10-05,1,Living In A Moment,Ty Herndon,2,15,Gains In Performance
1996-10-05,2,So Much For Pretending,Bryan White,1,15,
1996-10-05,3,Believe Me Baby (I Lied),Trisha Yearwood,8,13,Gains In Performance
1996-10-05,4,That Girl's Been Spyin' On Me,Billy Dean,5,17,
1996-10-05,5,Stars Over Texas,Tracy Lawrence,9,11,Gains In Performance
1996-10-05,6,You Can't Lose Me,Faith Hill,7,13,
1996-10-05,7,I Do,Paul Brandt,13,18,Gains In Performance
1996-10-05,8,Worlds Apart,Vince Gill,11,12,Gains In Performance
1996-10-05,9,Jacob's Ladder,Mark Wills,6,18,
1996-10-05,10,Like The Rain,Clint Black,17,5,Gains In Performance
1996-10-05,11,A Woman's Touch,Toby Keith,16,13,Gains In Performance
1996-10-05,12,You're Not In Kansas Anymore,Jo Dee Messina,14,14,Gains In Performance
1996-10-05,13,Vidalia,Sammy Kershaw,15,11,Gains In Performance
1996-10-05,14,Learning As You Go,Rick Trevino,4,19,
1996-10-05,15,The Maker Said Take Her,Alabama,19,12,Gains In Performance
1996-10-05,16,The Road You Leave Behind,David Lee Murphy,20,10,Gains In Performance
1996-10-05,17,Guys Do It All The Time,Mindy McCready,3,18,
1996-10-05,18,Love Remains,Collin Raye,18,13,Gains In Performance
1996-10-05,19,Me And You,Kenny Chesney,21,12,Gains In Performance
1996-10-05,20,More Than You'll Ever Know,Travis Tritt,25,11,Gains In Performance
1996-10-05,21,She Never Lets It Go To Her Heart,Tim McGraw,10,16,
1996-10-05,22,Ain't Got Nothin' On Us,John Michael Montgomery,24,4,Gains In Performance
1996-10-05,23,Lonely Too Long,Patty Loveless,26,7,Gains In Performance
1996-10-05,24,I Can Still Make Cheyenne,George Strait,28,7,Gains In Performance
1996-10-05,25,Whole Lotta Gone,Joe Diffie,23,16,
1996-10-05,26,Strawberry Wine,Deana Carter,32,8,Gains In Performance
1996-10-05,27,Change My Mind,John Berry,29,11,Gains In Performance
1996-10-05,28,Home Ain't Where His Heart Is (Anymore),Shania Twain,30,9,Gains In Performance
1996-10-05,29,Love Is Stronger Than Pride,Ricochet,31,8,Gains In Performance
1996-10-05,30,Mama Don't Get Dressed Up For Nothing,Brooks & Dunn,40,4,Gains In Performance
1996-10-05,31,It's All In Your Head,Diamond Rio,33,7,Gains In Performance
1996-10-05,32,I Am That Man,Brooks & Dunn,27,20,
1996-10-05,33,What Will You Do With M-e,Western Flyer,34,10,Gains In Performance
1996-10-05,34,Every Light In The House,Trace Adkins,38,7,Gains In Performance
1996-10-05,35,Irresistible You,Ty England,35,9,
1996-10-05,36,That's Enough Of That,Mila Mason,41,8,Gains In Performance
1996-10-05,37,Goodnight Sweetheart,David Kersh,43,10,Gains In Performance
1996-10-05,38,"Only On Days That End In ""Y""",Clay Walker,42,20,
1996-10-05,39,Runnin' Away With My Heart,Lonestar,37,20,
1996-10-05,40,Her Man,Gary Allan,44,7,Gains In Performance
1996-10-05,41,The Fear Of Being Alone,Reba McEntire,NEW,1,Highest ranking debut|Gains In Performance
1996-10-05,42,Big Love,Tracy Byrd,50,3,Gains In Performance
1996-10-05,43,It's Lonely Out There,Pam Tillis,39,18,
1996-10-05,44,Swingin' Doors,Martina McBride,46,6,Gains In Performance
1996-10-05,45,Love You Back,Rhett Akins,48,5,Gains In Performance
1996-10-05,46,Bury The Shovel,Clay Walker,58,2,Gains In Performance
1996-10-05,47,She's Gettin' There,Sawyer Brown,47,8,Gains In Performance
1996-10-05,48,My Angel Is Here,Wynonna,49,6,Gains In Performance
1996-10-05,49,I Just Might Be,Lorrie Morgan,45,9,
1996-10-05,50,Thanks To You,Marty Stuart,52,8,Gains In Performance
1996-10-05,51,"Going, Going, Gone",Neal McCoy,68,2,Gains In Performance
1996-10-05,52,Blue,LeAnn Rimes,51,20,
1996-10-05,53,"Another You, Another Me",Brady Seals,54,5,Gains In Performance
1996-10-05,54,Cherokee Boogie,BR549,57,3,Gains In Performance
1996-10-05,55,Where Do I Go To Start All Over,Wade Hayes,NEW,1,Gains In Performance
1996-10-05,56,When Cowboys Didn't Dance,Lonestar,60,2,Gains In Performance
1996-10-05,57,No Way Out,Suzy Bogguss,59,4,Gains In Performance
1996-10-05,58,Big Guitar,BlackHawk,55,17,
1996-10-05,59,We All Get Lucky Sometimes,Lee Roy Parnell,62,3,Gains In Performance
1996-10-05,60,4 To 1 In Atlanta,Tracy Byrd,56,20,
1996-10-12,1,Believe Me Baby (I Lied),Trisha Yearwood,3,14,Gains In Performance
1996-10-12,2,Stars Over Texas,Tracy Lawrence,5,12,Gains In Performance
1996-10-12,3,Living In A Moment,Ty Herndon,1,16,
1996-10-12,4,I Do,Paul Brandt,7,19,Gains In Performance
1996-10-12,5,Like The Rain,Clint Black,10,6,Gains In Performance
1996-10-12,6,Worlds Apart,Vince Gill,8,13,Gains In Performance
1996-10-12,7,You're Not In Kansas Anymore,Jo Dee Messina,12,15,Gains In Performance
1996-10-12,8,A Woman's Touch,Toby Keith,11,14,Gains In Performance
1996-10-12,9,So Much For Pretending,Bryan White,2,16,
1996-10-12,10,You Can't Lose Me,Faith Hill,6,14,
1996-10-12,11,Vidalia,Sammy Kershaw,13,12,Gains In Performance
1996-10-12,12,The Maker Said Take Her,Alabama,15,13,Gains In Performance
1996-10-12,13,That Girl's Been Spyin' On Me,Billy Dean,4,18,
1996-10-12,14,The Road You Leave Behind,David Lee Murphy,16,11,Gains In Performance
1996-10-12,15,Me And You,Kenny Chesney,19,13,Gains In Performance
1996-10-12,16,Love Remains,Collin Raye,18,14,Gains In Performance
1996-10-12,17,I Can Still Make Cheyenne,George Strait,24,8,Gains In Performance
1996-10-12,18,Lonely Too Long,Patty Loveless,23,8,Gains In Performance
1996-10-12,19,More Than You'll Ever Know,Travis Tritt,20,12,Gains In Performance
1996-10-12,20,Ain't Got Nothin' On Us,John Michael Montgomery,22,5,Gains In Performance
1996-10-12,21,Strawberry Wine,Deana Carter,26,9,Gains In Performance
1996-10-12,22,Jacob's Ladder,Mark Wills,9,19,
1996-10-12,23,Learning As You Go,Rick Trevino,14,20,
1996-10-12,24,Guys Do It All The Time,Mindy McCready,17,19,
1996-10-12,25,She Never Lets It Go To Her Heart,Tim McGraw,21,17,
1996-10-12,26,Change My Mind,John Berry,27,12,Gains In Performance
1996-10-12,27,Mama Don't Get Dressed Up For Nothing,Brooks & Dunn,30,5,Gains In Performance
1996-10-12,28,Love Is Stronger Than Pride,Ricochet,29,9,Gains In Performance
1996-10-12,29,The Fear Of Being Alone,Reba McEntire,41,2,Gains In Performance
1996-10-12,30,It's All In Your Head,Diamond Rio,31,8,Gains In Performance
1996-10-12,31,Every Light In The House,Trace Adkins,34,8,Gains In Performance
1996-10-12,32,Home Ain't Where His Heart Is (Anymore),Shania Twain,28,10,
1996-10-12,33,Irresistible You,Ty England,35,10,Gains In Performance
1996-10-12,34,What Will You Do With M-e,Western Flyer,33,11,Gains In Performance
1996-10-12,35,That's Enough Of That,Mila Mason,36,9,Gains In Performance
1996-10-12,36,Goodnight Sweetheart,David Kersh,37,11,Gains In Performance
1996-10-12,37,Whole Lotta Gone,Joe Diffie,25,17,
1996-10-12,38,Bury The Shovel,Clay Walker,46,3,Gains In Performance
1996-10-12,39,Big Love,Tracy Byrd,42,4,Gains In Performance
1996-10-12,40,Her Man,Gary Allan,40,8,Gains In Performance
1996-10-12,41,That Ol' Wind,Garth Brooks,61,3,Gains In Performance
1996-10-12,42,Love You Back,Rhett Akins,45,6,Gains In Performance
1996-10-12,43,Swingin' Doors,Martina McBride,44,7,Gains In Performance
1996-10-12,44,My Angel Is Here,Wynonna,48,7,Gains In Performance
1996-10-12,45,"Going, Going, Gone",Neal McCoy,51,3,Gains In Performance
1996-10-12,46,She's Gettin' There,Sawyer Brown,47,9,
1996-10-12,47,"Poor, Poor Pitiful Me",Terri Clark,NEW,1,Highest ranking debut|Gains In Performance
1996-10-12,48,It's Lonely Out There,Pam Tillis,43,19,
1996-10-12,49,Where Do I Go To Start All Over,Wade Hayes,55,2,Gains In Performance
1996-10-12,50,When Cowboys Didn't Dance,Lonestar,56,3,Gains In Performance
1996-10-12,51,"Another You, Another Me",Brady Seals,53,6,Gains In Performance
1996-10-12,52,Would I,Randy Travis,67,2,Gains In Performance
1996-10-12,53,No Way Out,Suzy Bogguss,57,5,Gains In Performance
1996-10-12,54,Let Me Into Your Heart,Mary Chapin Carpenter,64,2,Gains In Performance
1996-10-12,55,Cherokee Boogie,BR549,54,4,Gains In Performance
1996-10-12,56,We All Get Lucky Sometimes,Lee Roy Parnell,59,4,Gains In Performance
1996-10-12,57,Nobody Knows,Kevin Sharp,62,3,Gains In Performance
1996-10-12,58,Thanks To You,Marty Stuart,50,9,
1996-10-12,59,It's A Little Too Late,Mark Chesnutt,63,2,Gains In Performance
1996-10-12,60,One Way Ticket (Because I Can),LeAnn Rimes,65,3,Gains In Performance
1996-10-19,1,Believe Me Baby (I Lied),Trisha Yearwood,1,15,Gains In Performance
1996-10-19,2,I Do,Paul Brandt,4,20,Gains In Performance
1996-10-19,3,Like The Rain,Clint Black,5,7,Gains In Performance
1996-10-19,4,Stars Over Texas,Tracy Lawrence,2,13,
1996-10-19,5,Worlds Apart,Vince Gill,6,14,Gains In Performance
1996-10-19,6,A Woman's Touch,Toby Keith,8,15,Gains In Performance
1996-10-19,7,You're Not In Kansas Anymore,Jo Dee Messina,7,16,
1996-10-19,8,The Maker Said Take Her,Alabama,12,14,Gains In Performance
1996-10-19,9,The Road You Leave Behind,David Lee Murphy,14,12,Gains In Performance
1996-10-19,10,Vidalia,Sammy Kershaw,11,13,
1996-10-19,11,Living In A Moment,Ty Herndon,3,17,
1996-10-19,12,Lonely Too Long,Patty Loveless,18,9,Gains In Performance
1996-10-19,13,More Than You'll Ever Know,Travis Tritt,19,13,Gains In Performance
1996-10-19,14,Me And You,Kenny Chesney,15,14,Gains In Performance
1996-10-19,15,Love Remains,Collin Raye,16,15,Gains In Performance
1996-10-19,16,I Can Still Make Cheyenne,George Strait,17,9,Gains In Performance
1996-10-19,17,Strawberry Wine,Deana Carter,21,10,Gains In Performance
1996-10-19,18,Ain't Got Nothin' On Us,John Michael Montgomery,20,6,Gains In Performance
1996-10-19,19,So Much For Pretending,Bryan White,9,17,
1996-10-19,20,The Fear Of Being Alone,Reba McEntire,29,3,Gains In Performance
1996-10-19,21,Mama Don't Get Dressed Up For Nothing,Brooks & Dunn,27,6,Gains In Performance
1996-10-19,22,Change My Mind,John Berry,26,13,Gains In Performance
1996-10-19,23,Love Is Stronger Than Pride,Ricochet,28,10,Gains In Performance
1996-10-19,24,It's All In Your Head,Diamond Rio,30,9,Gains In Performance
1996-10-19,25,Every Light In The House,Trace Adkins,31,9,Gains In Performance
1996-10-19,26,She Never Lets It Go To Her Heart,Tim McGraw,25,18,
1996-10-19,27,You Can't Lose Me,Faith Hill,10,15,
1996-10-19,28,Guys Do It All The Time,Mindy McCready,24,20,
1996-10-19,29,Irresistible You,Ty England,33,11,Gains In Performance
1996-10-19,30,That Girl's Been Spyin' On Me,Billy Dean,13,19,
1996-10-19,31,Jacob's Ladder,Mark Wills,22,20,
1996-10-19,32,What Will You Do With M-e,Western Flyer,34,12,Gains In Performance
1996-10-19,33,That's Enough Of That,Mila Mason,35,10,Gains In Performance
1996-10-19,34,Goodnight Sweetheart,David Kersh,36,12,Gains In Performance
1996-10-19,35,That Ol' Wind,Garth Brooks,41,4,Gains In Performance
1996-10-19,36,"Poor, Poor Pitiful Me",Terri Clark,47,2,Gains In Performance
1996-10-19,37,Bury The Shovel,Clay Walker,38,4,Gains In Performance
1996-10-19,38,Big Love,Tracy Byrd,39,5,Gains In Performance
1996-10-19,39,Her Man,Gary Allan,40,9,Gains In Performance
1996-10-19,40,Home Ain't Where His Heart Is (Anymore),Shania Twain,32,11,
1996-10-19,41,Swingin' Doors,Martina McBride,43,8,Gains In Performance
1996-10-19,42,Love You Back,Rhett Akins,42,7,Gains In Performance
1996-10-19,43,Let Me Into Your Heart,Mary Chapin Carpenter,54,3,Gains In Performance
1996-10-19,44,"Going, Going, Gone",Neal McCoy,45,4,Gains In Performance
1996-10-19,45,Maybe We Should Just Sleep On It,Tim McGraw,64,2,Gains In Performance
1996-10-19,46,When Cowboys Didn't Dance,Lonestar,50,4,Gains In Performance
1996-10-19,47,My Angel Is Here,Wynonna,44,8,Gains In Performance
1996-10-19,48,Would I,Randy Travis,52,3,Gains In Performance
1996-10-19,49,Where Do I Go To Start All Over,Wade Hayes,49,3,Gains In Performance
1996-10-19,50,Whole Lotta Gone,Joe Diffie,37,18,
1996-10-19,51,Nobody Knows,Kevin Sharp,57,4,Gains In Performance
1996-10-19,52,"Another You, Another Me",Brady Seals,51,7,Gains In Performance
1996-10-19,53,We All Get Lucky Sometimes,Lee Roy Parnell,56,5,Gains In Performance
1996-10-19,54,One Way Ticket (Because I Can),LeAnn Rimes,60,4,Gains In Performance
1996-10-19,55,Cherokee Boogie,BR549,55,5,Gains In Performance
1996-10-19,56,No Way Out,Suzy Bogguss,53,6,Gains In Performance
1996-10-19,57,It's Lonely Out There,Pam Tillis,48,20,
1996-10-19,58,It's A Little Too Late,Mark Chesnutt,59,3,Gains In Performance
1996-10-19,59,She's Gettin' There,Sawyer Brown,46,10,
1996-10-19,60,That's Another Song,Bryan White,NEW,1,Highest ranking debut|Gains In Performance
1996-10-26,1,Like The Rain,Clint Black,3,8,Gains In Performance
1996-10-26,2,I Do,Paul Brandt,2,21,Gains In Performance
1996-10-26,3,Believe Me Baby (I Lied),Trisha Yearwood,1,16,
1996-10-26,4,The Maker Said Take Her,Alabama,8,15,Gains In Performance
1996-10-26,5,More Than You'll Ever Know,Travis Tritt,13,14,Gains In Performance
1996-10-26,6,Me And You,Kenny Chesney,14,15,Gains In Performance
1996-10-26,7,Lonely Too Long,Patty Loveless,12,10,Gains In Performance
1996-10-26,8,I Can Still Make Cheyenne,George Strait,16,10,Gains In Performance
1996-10-26,9,The Road You Leave Behind,David Lee Murphy,9,13,Gains In Performance
1996-10-26,10,Stars Over Texas,Tracy Lawrence,4,14,
1996-10-26,11,Worlds Apart,Vince Gill,5,15,
1996-10-26,12,Strawberry Wine,Deana Carter,17,11,Gains In Performance
1996-10-26,13,The Fear Of Being Alone,Reba McEntire,20,4,Gains In Performance
1996-10-26,14,Love Remains,Collin Raye,15,16,Gains In Performance
1996-10-26,15,Ain't Got Nothin' On Us,John Michael Montgomery,18,7,Gains In Performance
1996-10-26,16,Living In A Moment,Ty Herndon,11,18,
1996-10-26,17,Vidalia,Sammy Kershaw,10,14,
1996-10-26,18,Change My Mind,John Berry,22,14,Gains In Performance
1996-10-26,19,You're Not In Kansas Anymore,Jo Dee Messina,7,17,
1996-10-26,20,Mama Don't Get Dressed Up For Nothing,Brooks & Dunn,21,7,Gains In Performance
1996-10-26,21,Every Light In The House,Trace Adkins,25,10,Gains In Performance
1996-10-26,22,It's All In Your Head,Diamond Rio,24,10,Gains In Performance
1996-10-26,23,Love Is Stronger Than Pride,Ricochet,23,11,Gains In Performance
1996-10-26,24,A Woman's Touch,Toby Keith,6,16,
1996-10-26,25,So Much For Pretending,Bryan White,19,18,
1996-10-26,26,That Ol' Wind,Garth Brooks,35,5,Gains In Performance
1996-10-26,27,Irresistible You,Ty England,29,12,Gains In Performance
1996-10-26,28,Goodnight Sweetheart,David Kersh,34,13,Gains In Performance
1996-10-26,29,"Poor, Poor Pitiful Me",Terri Clark,36,3,Gains In Performance
1996-10-26,30,Bury The Shovel,Clay Walker,37,5,Gains In Performance
1996-10-26,31,That's Enough Of That,Mila Mason,33,11,Gains In Performance
1996-10-26,32,She Never Lets It Go To Her Heart,Tim McGraw,26,19,
1996-10-26,33,What Will You Do With M-e,Western Flyer,32,13,
1996-10-26,34,Big Love,Tracy Byrd,38,6,Gains In Performance
1996-10-26,35,You Can't Lose Me,Faith Hill,27,16,
1996-10-26,36,Her Man,Gary Allan,39,10,Gains In Performance
1996-10-26,37,Maybe We Should Just Sleep On It,Tim McGraw,45,3,Gains In Performance
1996-10-26,38,That Girl's Been Spyin' On Me,Billy Dean,30,20,
1996-10-26,39,Let Me Into Your Heart,Mary Chapin Carpenter,43,4,Gains In Performance
1996-10-26,40,Swingin' Doors,Martina McBride,41,9,Gains In Performance
1996-10-26,41,Little Bitty,Alan Jackson,NEW,1,Highest ranking debut|Gains In Performance
1996-10-26,42,Love You Back,Rhett Akins,42,8,
1996-10-26,43,Nobody Knows,Kevin Sharp,51,5,Gains In Performance
1996-10-26,44,One Way Ticket (Because I Can),LeAnn Rimes,54,5,Gains In Performance
1996-10-26,45,"Going, Going, Gone",Neal McCoy,44,5,Gains In Performance
1996-10-26,46,When Cowboys Didn't Dance,Lonestar,46,5,Gains In Performance
1996-10-26,47,Would I,Randy Travis,48,4,Gains In Performance
1996-10-26,48,Where Do I Go To Start All Over,Wade Hayes,49,4,
1996-10-26,49,"Another You, Another Me",Brady Seals,52,8,Gains In Performance
1996-10-26,50,It's A Little Too Late,Mark Chesnutt,58,4,Gains In Performance
1996-10-26,51,We All Get Lucky Sometimes,Lee Roy Parnell,53,6,Gains In Performance
1996-10-26,52,My Angel Is Here,Wynonna,47,9,
1996-10-26,53,Cherokee Boogie,BR549,55,6,Gains In Performance
1996-10-26,54,That's Another Song,Bryan White,60,2,Gains In Performance
1996-10-26,55,No Way Out,Suzy Bogguss,56,7,
1996-10-26,56,Home Ain't Where His Heart Is (Anymore),Shania Twain,40,12,
1996-10-26,57,Whole Lotta Gone,Joe Diffie,50,19,
1996-10-26,58,I Can't Do That Anymore,Faith Hill,66,2,Gains In Performance
1996-10-26,59,Amen Kind Of Love,Daryle Singletary,63,3,Gains In Performance
1996-10-26,60,Maybe He'll Notice Her Now,Mindy McCready (Featuring Lonestar's Richie McDonald),61,3,Gains In Performance
1996-11-02,1,Like The Rain,Clint Black,1,9,Gains In Performance
1996-11-02,2,Me And You,Kenny Chesney,6,16,Gains In Performance
1996-11-02,3,More Than You'll Ever Know,Travis Tritt,5,15,Gains In Performance
1996-11-02,4,Lonely Too Long,Patty Loveless,7,11,Gains In Performance
1996-11-02,5,The Road You Leave Behind,David Lee Murphy,9,14,Gains In Performance
1996-11-02,6,I Can Still Make Cheyenne,George Strait,8,11,Gains In Performance
1996-11-02,7,Strawberry Wine,Deana Carter,12,12,Gains In Performance
1996-11-02,8,I Do,Paul Brandt,2,22,
1996-11-02,9,The Maker Said Take Her,Alabama,4,16,
1996-11-02,10,The Fear Of Being Alone,Reba McEntire,13,5,Gains In Performance
1996-11-02,11,Believe Me Baby (I Lied),Trisha Yearwood,3,17,
1996-11-02,12,Love Remains,Collin Raye,14,17,
1996-11-02,13,Change My Mind,John Berry,18,15,Gains In Performance
1996-11-02,14,Stars Over Texas,Tracy Lawrence,10,15,
1996-11-02,15,Ain't Got Nothin' On Us,John Michael Montgomery,15,8,
1996-11-02,16,Every Light In The House,Trace Adkins,21,11,Gains In Performance
1996-11-02,17,Mama Don't Get Dressed Up For Nothing,Brooks & Dunn,20,8,Gains In Performance
1996-11-02,18,That Ol' Wind,Garth Brooks,26,6,Gains In Performance
1996-11-02,19,It's All In Your Head,Diamond Rio,22,11,Gains In Performance
1996-11-02,20,"Poor, Poor Pitiful Me",Terri Clark,29,4,Gains In Performance
1996-11-02,21,Love Is Stronger Than Pride,Ricochet,23,12,Gains In Performance
1996-11-02,22,Goodnight Sweetheart,David Kersh,28,14,Gains In Performance
1996-11-02,23,Living In A Moment,Ty Herndon,16,19,
1996-11-02,24,Little Bitty,Alan Jackson,41,2,Gains In Performance
1996-11-02,25,Irresistible You,Ty England,27,13,Gains In Performance
1996-11-02,26,Bury The Shovel,Clay Walker,30,6,Gains In Performance
1996-11-02,27,Worlds Apart,Vince Gill,11,16,
1996-11-02,28,That's Enough Of That,Mila Mason,31,12,Gains In Performance
1996-11-02,29,So Much For Pretending,Bryan White,25,19,
1996-11-02,30,Big Love,Tracy Byrd,34,7,Gains In Performance
1996-11-02,31,Maybe We Should Just Sleep On It,Tim McGraw,37,4,Gains In Performance
1996-11-02,32,She Never Lets It Go To Her Heart,Tim McGraw,32,20,
1996-11-02,33,Her Man,Gary Allan,36,11,Gains In Performance
1996-11-02,34,You're Not In Kansas Anymore,Jo Dee Messina,19,18,
1996-11-02,35,A Woman's Touch,Toby Keith,24,17,
1996-11-02,36,What Will You Do With M-e,Western Flyer,33,14,
1996-11-02,37,Let Me Into Your Heart,Mary Chapin Carpenter,39,5,Gains In Performance
1996-11-02,38,Vidalia,Sammy Kershaw,17,15,
1996-11-02,39,One Way Ticket (Because I Can),LeAnn Rimes,44,6,Gains In Performance
1996-11-02,40,Swingin' Doors,Martina McBride,40,10,Gains In Performance
1996-11-02,41,Love You Back,Rhett Akins,42,9,Gains In Performance
1996-11-02,42,"Going, Going, Gone",Neal McCoy,45,6,Gains In Performance
1996-11-02,43,Nobody Knows,Kevin Sharp,43,6,Gains In Performance
1996-11-02,44,You Can't Lose Me,Faith Hill,35,17,
1996-11-02,45,Would I,Randy Travis,47,5,Gains In Performance
1996-11-02,46,When Cowboys Didn't Dance,Lonestar,46,6,Gains In Performance
1996-11-02,47,I Can't Do That Anymore,Faith Hill,58,3,Gains In Performance
1996-11-02,48,That's Another Song,Bryan White,54,3,Gains In Performance
1996-11-02,49,Where Do I Go To Start All Over,Wade Hayes,48,5,Gains In Performance
1996-11-02,50,It's A Little Too Late,Mark Chesnutt,50,5,Gains In Performance
1996-11-02,51,"Another You, Another Me",Brady Seals,49,9,
1996-11-02,52,Cherokee Boogie,BR549,53,7,Gains In Performance
1996-11-02,53,We All Get Lucky Sometimes,Lee Roy Parnell,51,7,Gains In Performance
1996-11-02,54,Maybe He'll Notice Her Now,Mindy McCready (Featuring Lonestar's Richie McDonald),60,4,Gains In Performance
1996-11-02,55,Is That A Tear,Tracy Lawrence,NEW,1,Highest ranking debut|Gains In Performance
1996-11-02,56,No Way Out,Suzy Bogguss,55,8,
1996-11-02,57,Amen Kind Of Love,Daryle Singletary,59,4,
1996-11-02,58,Running Out Of Reasons To Run,Rick Trevino,65,2,Gains In Performance
1996-11-02,59,King Of The World,BlackHawk,61,2,Gains In Performance
1996-11-02,60,All I Do Is Love Her,James Bonamy,66,2,Gains In Performance
1996-11-09,1,Like The Rain,Clint Black,1,10,Gains In Performance
1996-11-09,2,Lonely Too Long,Patty Loveless,4,12,Gains In Performance
1996-11-09,3,Me And You,Kenny Chesney,2,17,Gains In Performance
1996-11-09,4,More Than You'll Ever Know,Travis Tritt,3,16,Gains In Performance
1996-11-09,5,The Road You Leave Behind,David Lee Murphy,5,15,Gains In Performance
1996-11-09,6,Strawberry Wine,Deana Carter,7,13,Gains In Performance
1996-11-09,7,I Can Still Make Cheyenne,George Strait,6,12,Gains In Performance
1996-11-09,8,The Fear Of Being Alone,Reba McEntire,10,6,Gains In Performance
1996-11-09,9,Little Bitty,Alan Jackson,24,3,Gains In Performance
1996-11-09,10,Change My Mind,John Berry,13,16,Gains In Performance
1996-11-09,11,I Do,Paul Brandt,8,23,
1996-11-09,12,Every Light In The House,Trace Adkins,16,12,Gains In Performance
1996-11-09,13,"Poor, Poor Pitiful Me",Terri Clark,20,5,Gains In Performance
1996-11-09,14,The Maker Said Take Her,Alabama,9,17,
1996-11-09,15,Mama Don't Get Dressed Up For Nothing,Brooks & Dunn,17,9,Gains In Performance
1996-11-09,16,That Ol' Wind,Garth Brooks,18,7,Gains In Performance
1996-11-09,17,It's All In Your Head,Diamond Rio,19,12,Gains In Performance
1996-11-09,18,Love Is Stronger Than Pride,Ricochet,21,13,Gains In Performance
1996-11-09,19,Goodnight Sweetheart,David Kersh,22,15,Gains In Performance
1996-11-09,20,Believe Me Baby (I Lied),Trisha Yearwood,11,18,
1996-11-09,21,Bury The Shovel,Clay Walker,26,7,Gains In Performance
1996-11-09,22,Irresistible You,Ty England,25,14,Gains In Performance
1996-11-09,23,Maybe We Should Just Sleep On It,Tim McGraw,31,5,Gains In Performance
1996-11-09,24,That's Enough Of That,Mila Mason,28,13,Gains In Performance
1996-11-09,25,Big Love,Tracy Byrd,30,8,Gains In Performance
1996-11-09,26,Living In A Moment,Ty Herndon,23,20,
1996-11-09,27,Stars Over Texas,Tracy Lawrence,14,16,
1996-11-09,28,One Way Ticket (Because I Can),LeAnn Rimes,39,7,Gains In Performance
1996-11-09,29,Let Me Into Your Heart,Mary Chapin Carpenter,37,6,Gains In Performance
1996-11-09,30,Her Man,Gary Allan,33,12,Gains In Performance
1996-11-09,31,So Much For Pretending,Bryan White,29,20,
1996-11-09,32,Love Remains,Collin Raye,12,18,
1996-11-09,33,Ain't Got Nothin' On Us,John Michael Montgomery,15,9,
1996-11-09,34,Worlds Apart,Vince Gill,27,17,
1996-11-09,35,Nobody Knows,Kevin Sharp,43,7,Gains In Performance
1996-11-09,36,Would I,Randy Travis,45,6,Gains In Performance
1996-11-09,37,"Going, Going, Gone",Neal McCoy,42,7,Gains In Performance
1996-11-09,38,Swingin' Doors,Martina McBride,40,11,
1996-11-09,39,That's Another Song,Bryan White,48,4,Gains In Performance
1996-11-09,40,I Can't Do That Anymore,Faith Hill,47,4,Gains In Performance
1996-11-09,41,Love You Back,Rhett Akins,41,10,Gains In Performance
1996-11-09,42,You're Not In Kansas Anymore,Jo Dee Messina,34,19,
1996-11-09,43,Is That A Tear,Tracy Lawrence,55,2,Gains In Performance
1996-11-09,44,A Woman's Touch,Toby Keith,35,18,
1996-11-09,45,When Cowboys Didn't Dance,Lonestar,46,7,
1996-11-09,46,What Will You Do With M-e,Western Flyer,36,15,
1996-11-09,47,Vidalia,Sammy Kershaw,38,16,
1996-11-09,48,You Can't Lose Me,Faith Hill,44,18,
1996-11-09,49,Where Do I Go To Start All Over,Wade Hayes,49,6,Gains In Performance
1996-11-09,50,It's A Little Too Late,Mark Chesnutt,50,6,Gains In Performance
1996-11-09,51,Friends,John Michael Montgomery,64,4,Gains In Performance
1996-11-09,52,Cherokee Boogie,BR549,52,8,Gains In Performance
1996-11-09,53,We All Get Lucky Sometimes,Lee Roy Parnell,53,8,Gains In Performance
1996-11-09,54,"Another You, Another Me",Brady Seals,51,10,
1996-11-09,55,Maybe He'll Notice Her Now,Mindy McCready (Featuring Lonestar's Richie McDonald),54,5,Gains In Performance
1996-11-09,56,Running Out Of Reasons To Run,Rick Trevino,58,3,Gains In Performance
1996-11-09,57,Everybody Knows,Trisha Yearwood,NEW,1,Highest ranking debut|Gains In Performance
1996-11-09,58,Amen Kind Of Love,Daryle Singletary,57,5,Gains In Performance
1996-11-09,59,All I Do Is Love Her,James Bonamy,60,3,Gains In Performance
1996-11-09,60,High Low And In Between,Mark Wills,62,4,Gains In Performance
1996-11-16,1,Lonely Too Long,Patty Loveless,2,13,Gains In Performance
1996-11-16,2,Like The Rain,Clint Black,1,11,
1996-11-16,3,Strawberry Wine,Deana Carter,6,14,Gains In Performance
1996-11-16,4,Me And You,Kenny Chesney,3,18,
1996-11-16,5,More Than You'll Ever Know,Travis Tritt,4,17,
1996-11-16,6,I Can Still Make Cheyenne,George Strait,7,13,Gains In Performance
1996-11-16,7,The Road You Leave Behind,David Lee Murphy,5,16,
1996-11-16,8,The Fear Of Being Alone,Reba McEntire,8,7,Gains In Performance
1996-11-16,9,Little Bitty,Alan Jackson,9,4,Gains In Performance
1996-11-16,10,Change My Mind,John Berry,10,17,Gains In Performance
1996-11-16,11,Every Light In The House,Trace Adkins,12,13,Gains In Performance
1996-11-16,12,"Poor, Poor Pitiful Me",Terri Clark,13,6,Gains In Performance
1996-11-16,13,That Ol' Wind,Garth Brooks,16,8,Gains In Performance
1996-11-16,14,Mama Don't Get Dressed Up For Nothing,Brooks & Dunn,15,10,Gains In Performance
1996-11-16,15,It's All In Your Head,Diamond Rio,17,13,Gains In Performance
1996-11-16,16,Goodnight Sweetheart,David Kersh,19,16,Gains In Performance
1996-11-16,17,Love Is Stronger Than Pride,Ricochet,18,14,Gains In Performance
1996-11-16,18,Bury The Shovel,Clay Walker,21,8,Gains In Performance
1996-11-16,19,One Way Ticket (Because I Can),LeAnn Rimes,28,8,Gains In Performance
1996-11-16,20,Big Love,Tracy Byrd,25,9,Gains In Performance
1996-11-16,21,Maybe We Should Just Sleep On It,Tim McGraw,23,6,Gains In Performance
1996-11-16,22,Irresistible You,Ty England,22,15,
1996-11-16,23,That's Enough Of That,Mila Mason,24,14,Gains In Performance
1996-11-16,24,Let Me Into Your Heart,Mary Chapin Carpenter,29,7,Gains In Performance
1996-11-16,25,Believe Me Baby (I Lied),Trisha Yearwood,20,19,
1996-11-16,26,The Maker Said Take Her,Alabama,14,18,
1996-11-16,27,Her Man,Gary Allan,30,13,Gains In Performance
1996-11-16,28,Stars Over Texas,Tracy Lawrence,27,17,
1996-11-16,29,Nobody Knows,Kevin Sharp,35,8,Gains In Performance
1996-11-16,30,Is That A Tear,Tracy Lawrence,43,3,Gains In Performance
1996-11-16,31,That's Another Song,Bryan White,39,5,Gains In Performance
1996-11-16,32,Friends,John Michael Montgomery,51,5,Gains In Performance
1996-11-16,33,I Can't Do That Anymore,Faith Hill,40,5,Gains In Performance
1996-11-16,34,Would I,Randy Travis,36,7,Gains In Performance
1996-11-16,35,"Going, Going, Gone",Neal McCoy,37,8,Gains In Performance
1996-11-16,36,Love Remains,Collin Raye,32,19,
1996-11-16,37,Worlds Apart,Vince Gill,34,18,
1996-11-16,38,Love You Back,Rhett Akins,41,11,
1996-11-16,39,You're Not In Kansas Anymore,Jo Dee Messina,42,20,
1996-11-16,40,A Woman's Touch,Toby Keith,44,19,
1996-11-16,41,It's A Little Too Late,Mark Chesnutt,50,7,Gains In Performance
1996-11-16,42,Where Do I Go To Start All Over,Wade Hayes,49,7,Gains In Performance
1996-11-16,43,Ain't Got Nothin' On Us,John Michael Montgomery,33,10,
1996-11-16,44,Pretty Little Adriana,Vince Gill,63,2,Gains In Performance
1996-11-16,45,Everybody Knows,Trisha Yearwood,57,2,Gains In Performance
1996-11-16,46,Swingin' Doors,Martina McBride,38,12,
1996-11-16,47,Vidalia,Sammy Kershaw,47,17,
1996-11-16,48,Running Out Of Reasons To Run,Rick Trevino,56,4,Gains In Performance
1996-11-16,49,You Can't Lose Me,Faith Hill,48,19,
1996-11-16,50,Cherokee Boogie,BR549,52,9,Gains In Performance
1996-11-16,51,We All Get Lucky Sometimes,Lee Roy Parnell,53,9,Gains In Performance
1996-11-16,52,When Cowboys Didn't Dance,Lonestar,45,8,
1996-11-16,53,Maybe He'll Notice Her Now,Mindy McCready (Featuring Lonestar's Richie McDonald),55,6,Gains In Performance
1996-11-16,54,"Another You, Another Me",Brady Seals,54,11,Gains In Performance
1996-11-16,55,All I Do Is Love Her,James Bonamy,59,4,Gains In Performance
1996-11-16,56,Amen Kind Of Love,Daryle Singletary,58,6,Gains In Performance
1996-11-16,57,What Will You Do With M-e,Western Flyer,46,16,
1996-11-16,58,High Low And In Between,Mark Wills,60,5,Gains In Performance
1996-11-16,59,King Of The World,BlackHawk,61,4,Gains In Performance
1996-11-16,60,She Wants To Be Wanted Again,Ty Herndon,64,3,Gains In Performance
1996-11-23,1,Strawberry Wine,Deana Carter,3,15,Gains In Performance
1996-11-23,2,Lonely Too Long,Patty Loveless,1,14,Gains In Performance
1996-11-23,3,Little Bitty,Alan Jackson,9,5,Gains In Performance
1996-11-23,4,I Can Still Make Cheyenne,George Strait,6,14,Gains In Performance
1996-11-23,5,The Fear Of Being Alone,Reba McEntire,8,8,Gains In Performance
1996-11-23,6,Me And You,Kenny Chesney,4,19,
1996-11-23,7,Every Light In The House,Trace Adkins,11,14,Gains In Performance
1996-11-23,8,Like The Rain,Clint Black,2,12,
1996-11-23,9,More Than You'll Ever Know,Travis Tritt,5,18,
1996-11-23,10,"Poor, Poor Pitiful Me",Terri Clark,12,7,Gains In Performance
1996-11-23,11,Change My Mind,John Berry,10,18,
1996-11-23,12,That Ol' Wind,Garth Brooks,13,9,Gains In Performance
1996-11-23,13,Mama Don't Get Dressed Up For Nothing,Brooks & Dunn,14,11,
1996-11-23,14,Love Is Stronger Than Pride,Ricochet,17,15,Gains In Performance
1996-11-23,15,Goodnight Sweetheart,David Kersh,16,17,Gains In Performance
1996-11-23,16,One Way Ticket (Because I Can),LeAnn Rimes,19,9,Gains In Performance
1996-11-23,17,It's All In Your Head,Diamond Rio,15,14,
1996-11-23,18,Big Love,Tracy Byrd,20,10,Gains In Performance
1996-11-23,19,The Road You Leave Behind,David Lee Murphy,7,17,
1996-11-23,20,Maybe We Should Just Sleep On It,Tim McGraw,21,7,Gains In Performance
1996-11-23,21,Bury The Shovel,Clay Walker,18,9,
1996-11-23,22,That's Enough Of That,Mila Mason,23,15,Gains In Performance
1996-11-23,23,Let Me Into Your Heart,Mary Chapin Carpenter,24,8,Gains In Performance
1996-11-23,24,Her Man,Gary Allan,27,14,Gains In Performance
1996-11-23,25,Is That A Tear,Tracy Lawrence,30,4,Gains In Performance
1996-11-23,26,Friends,John Michael Montgomery,32,6,Gains In Performance
1996-11-23,27,Nobody Knows,Kevin Sharp,29,9,Gains In Performance
1996-11-23,28,Believe Me Baby (I Lied),Trisha Yearwood,25,20,
1996-11-23,29,Irresistible You,Ty England,22,16,
1996-11-23,30,I Can't Do That Anymore,Faith Hill,33,6,Gains In Performance
1996-11-23,31,That's Another Song,Bryan White,31,6,Gains In Performance
1996-11-23,32,The Maker Said Take Her,Alabama,26,19,
1996-11-23,33,Would I,Randy Travis,34,8,Gains In Performance
1996-11-23,34,Stars Over Texas,Tracy Lawrence,28,18,
1996-11-23,35,Pretty Little Adriana,Vince Gill,44,3,Gains In Performance
1996-11-23,36,"Going, Going, Gone",Neal McCoy,35,9,
1996-11-23,37,It's A Little Too Late,Mark Chesnutt,41,8,Gains In Performance
1996-11-23,38,Everybody Knows,Trisha Yearwood,45,3,Gains In Performance
1996-11-23,39,Running Out Of Reasons To Run,Rick Trevino,48,5,Gains In Performance
1996-11-23,40,Worlds Apart,Vince Gill,37,19,
1996-11-23,41,Love Remains,Collin Raye,36,20,
1996-11-23,42,Maybe He'll Notice Her Now,Mindy McCready (Featuring Lonestar's Richie McDonald),53,7,Gains In Performance
1996-11-23,43,A Woman's Touch,Toby Keith,40,20,
1996-11-23,44,Cherokee Boogie,BR549,50,10,Gains In Performance
1996-11-23,45,You Can't Lose Me,Faith Hill,49,20,
1996-11-23,46,We All Get Lucky Sometimes,Lee Roy Parnell,51,10,Gains In Performance
1996-11-23,47,"Another You, Another Me",Brady Seals,54,12,Gains In Performance
1996-11-23,48,High Low And In Between,Mark Wills,58,6,Gains In Performance
1996-11-23,49,Where Do I Go To Start All Over,Wade Hayes,42,8,
1996-11-23,50,Amen Kind Of Love,Daryle Singletary,56,7,Gains In Performance
1996-11-23,51,Vidalia,Sammy Kershaw,47,18,
1996-11-23,52,All I Do Is Love Her,James Bonamy,55,5,Gains In Performance
1996-11-23,53,What If Jesus Comes Back Like That,Collin Raye,63,14,Gains In Performance
1996-11-23,54,Love You Back,Rhett Akins,38,12,
1996-11-23,55,She Wants To Be Wanted Again,Ty Herndon,60,4,Gains In Performance
1996-11-23,56,King Of The World,BlackHawk,59,5,Gains In Performance
1996-11-23,57,You Can't Stop Love,Marty Stuart,61,5,Gains In Performance
1996-11-23,58,Swingin' Doors,Martina McBride,46,13,
1996-11-23,59,Love Worth Fighting For,Burnin' Daylight,66,6,Gains In Performance
1996-11-23,60,"Politics, Religion And Her",Sammy Kershaw,67,3,Gains In Performance
1996-11-30,1,Strawberry Wine,Deana Carter,1,16,
1996-11-30,2,Little Bitty,Alan Jackson,3,6,Gains In Performance
1996-11-30,3,The Fear Of Being Alone,Reba McEntire,5,9,Gains In Performance
1996-11-30,4,I Can Still Make Cheyenne,George Strait,4,15,
1996-11-30,5,Every Light In The House,Trace Adkins,7,15,Gains In Performance
1996-11-30,6,Lonely Too Long,Patty Loveless,2,15,
1996-11-30,7,"Poor, Poor Pitiful Me",Terri Clark,10,8,Gains In Performance
1996-11-30,8,That Ol' Wind,Garth Brooks,12,10,Gains In Performance
1996-11-30,9,Love Is Stronger Than Pride,Ricochet,14,16,Gains In Performance
1996-11-30,10,Goodnight Sweetheart,David Kersh,15,18,Gains In Performance
1996-11-30,11,Like The Rain,Clint Black,8,13,
1996-11-30,12,One Way Ticket (Because I Can),LeAnn Rimes,16,10,Gains In Performance
1996-11-30,13,Big Love,Tracy Byrd,18,11,Gains In Performance
1996-11-30,14,Me And You,Kenny Chesney,6,20,
1996-11-30,15,Change My Mind,John Berry,11,19,
1996-11-30,16,Let Me Into Your Heart,Mary Chapin Carpenter,23,9,Gains In Performance
1996-11-30,17,Friends,John Michael Montgomery,26,7,Gains In Performance
1996-11-30,18,That's Enough Of That,Mila Mason,22,16,Gains In Performance
1996-11-30,19,Mama Don't Get Dressed Up For Nothing,Brooks & Dunn,13,12,
1996-11-30,20,Maybe We Should Just Sleep On It,Tim McGraw,20,8,Gains In Performance
1996-11-30,21,Is That A Tear,Tracy Lawrence,25,5,Gains In Performance
1996-11-30,22,Bury The Shovel,Clay Walker,21,10,
1996-11-30,23,Her Man,Gary Allan,24,15,Gains In Performance
1996-11-30,24,More Than You'll Ever Know,Travis Tritt,9,19,
1996-11-30,25,Nobody Knows,Kevin Sharp,27,10,Gains In Performance
1996-11-30,26,It's All In Your Head,Diamond Rio,17,15,
1996-11-30,27,I Can't Do That Anymore,Faith Hill,30,7,Gains In Performance
1996-11-30,28,The Road You Leave Behind,David Lee Murphy,19,18,
1996-11-30,29,That's Another Song,Bryan White,31,7,Gains In Performance
1996-11-30,30,Pretty Little Adriana,Vince Gill,35,4,Gains In Performance
1996-11-30,31,Would I,Randy Travis,33,9,Gains In Performance
1996-11-30,32,Everybody Knows,Trisha Yearwood,38,4,Gains In Performance
1996-11-30,33,It's A Little Too Late,Mark Chesnutt,37,9,Gains In Performance
1996-11-30,34,The Maker Said Take Her,Alabama,32,20,
1996-11-30,35,Stars Over Texas,Tracy Lawrence,34,19,
1996-11-30,36,Running Out Of Reasons To Run,Rick Trevino,39,6,Gains In Performance
1996-11-30,37,Maybe He'll Notice Her Now,Mindy McCready (Featuring Lonestar's Richie McDonald),42,8,Gains In Performance
1996-11-30,38,Amen Kind Of Love,Daryle Singletary,50,8,Gains In Performance
1996-11-30,39,Irresistible You,Ty England,29,17,
1996-11-30,40,High Low And In Between,Mark Wills,48,7,Gains In Performance
1996-11-30,41,Worlds Apart,Vince Gill,40,20,
1996-11-30,42,"Another You, Another Me",Brady Seals,47,13,Gains In Performance
1996-11-30,43,What If Jesus Comes Back Like That,Collin Raye,53,15,Gains In Performance
1996-11-30,44,All I Do Is Love Her,James Bonamy,52,6,Gains In Performance
1996-11-30,45,She Wants To Be Wanted Again,Ty Herndon,55,5,Gains In Performance
1996-11-30,46,"Going, Going, Gone",Neal McCoy,36,10,
1996-11-30,47,Half Way Up,Clint Black,NEW,1,Highest ranking debut|Gains In Performance
1996-11-30,48,Vidalia,Sammy Kershaw,51,19,
1996-11-30,49,Me Too,Toby Keith,72,2,Gains In Performance
1996-11-30,50,You Can't Stop Love,Marty Stuart,57,6,Gains In Performance
1996-11-30,51,Cherokee Boogie,BR549,44,11,
1996-11-30,52,"Politics, Religion And Her",Sammy Kershaw,60,4,Gains In Performance
1996-11-30,53,We All Get Lucky Sometimes,Lee Roy Parnell,46,11,
1996-11-30,54,King Of The World,BlackHawk,56,6,Gains In Performance
1996-11-30,55,Where Corn Don't Grow,Travis Tritt,73,2,Gains In Performance
1996-11-30,56,I Meant To Do That,Paul Brandt,64,3,Gains In Performance
1996-11-30,57,I Wouldn't Be A Man,Billy Dean,63,5,Gains In Performance
1996-11-30,58,Love Worth Fighting For,Burnin' Daylight,59,7,Gains In Performance
1996-11-30,59,That's How I Got To Memphis,Deryl Dodd,67,4,Gains In Performance
1996-11-30,60,Somebody To Love You,Wynonna,71,3,Gains In Performance
1996-12-07,1,Little Bitty,Alan Jackson,2,7,Gains In Performance
1996-12-07,2,The Fear Of Being Alone,Reba McEntire,3,10,Gains In Performance
1996-12-07,3,Strawberry Wine,Deana Carter,1,17,
1996-12-07,4,Every Light In The House,Trace Adkins,5,16,Gains In Performance
1996-12-07,5,"Poor, Poor Pitiful Me",Terri Clark,7,9,Gains In Performance
1996-12-07,6,That Ol' Wind,Garth Brooks,8,11,Gains In Performance
1996-12-07,7,One Way Ticket (Because I Can),LeAnn Rimes,12,11,Gains In Performance
1996-12-07,8,I Can Still Make Cheyenne,George Strait,4,16,
1996-12-07,9,Goodnight Sweetheart,David Kersh,10,19,Gains In Performance
1996-12-07,10,Love Is Stronger Than Pride,Ricochet,9,17,Gains In Performance
1996-12-07,11,Lonely Too Long,Patty Loveless,6,16,
1996-12-07,12,Friends,John Michael Montgomery,17,8,Gains In Performance
1996-12-07,13,Big Love,Tracy Byrd,13,12,Gains In Performance
1996-12-07,14,Nobody Knows,Kevin Sharp,25,11,Gains In Performance
1996-12-07,15,Maybe We Should Just Sleep On It,Tim McGraw,20,9,Gains In Performance
1996-12-07,16,Let Me Into Your Heart,Mary Chapin Carpenter,16,10,Gains In Performance
1996-12-07,17,Is That A Tear,Tracy Lawrence,21,6,Gains In Performance
1996-12-07,18,That's Enough Of That,Mila Mason,18,17,Gains In Performance
1996-12-07,19,Her Man,Gary Allan,23,16,Gains In Performance
1996-12-07,20,I Can't Do That Anymore,Faith Hill,27,8,Gains In Performance
1996-12-07,21,Pretty Little Adriana,Vince Gill,30,5,Gains In Performance
1996-12-07,22,Everybody Knows,Trisha Yearwood,32,5,Gains In Performance
1996-12-07,23,That's Another Song,Bryan White,29,8,Gains In Performance
1996-12-07,24,Like The Rain,Clint Black,11,14,
1996-12-07,25,More Than You'll Ever Know,Travis Tritt,24,20,
1996-12-07,26,Bury The Shovel,Clay Walker,22,11,
1996-12-07,27,It's A Little Too Late,Mark Chesnutt,33,10,Gains In Performance
1996-12-07,28,Would I,Randy Travis,31,10,Gains In Performance
1996-12-07,29,Change My Mind,John Berry,15,20,
1996-12-07,30,The Road You Leave Behind,David Lee Murphy,28,19,
1996-12-07,31,Mama Don't Get Dressed Up For Nothing,Brooks & Dunn,19,13,
1996-12-07,32,Running Out Of Reasons To Run,Rick Trevino,36,7,Gains In Performance
1996-12-07,33,Maybe He'll Notice Her Now,Mindy McCready (Featuring Lonestar's Richie McDonald),37,9,Gains In Performance
1996-12-07,34,Half Way Up,Clint Black,47,2,Gains In Performance
1996-12-07,35,Amen Kind Of Love,Daryle Singletary,38,9,Gains In Performance
1996-12-07,36,Stars Over Texas,Tracy Lawrence,35,20,
1996-12-07,37,High Low And In Between,Mark Wills,40,8,Gains In Performance
1996-12-07,38,"Another You, Another Me",Brady Seals,42,14,Gains In Performance
1996-12-07,39,What If Jesus Comes Back Like That,Collin Raye,43,16,Gains In Performance
1996-12-07,40,She Wants To Be Wanted Again,Ty Herndon,45,6,Gains In Performance
1996-12-07,41,It's All In Your Head,Diamond Rio,26,16,
1996-12-07,42,All I Do Is Love Her,James Bonamy,44,7,Gains In Performance
1996-12-07,43,Where Corn Don't Grow,Travis Tritt,55,3,Gains In Performance
1996-12-07,44,Me Too,Toby Keith,49,3,Gains In Performance
1996-12-07,45,You Can't Stop Love,Marty Stuart,50,7,Gains In Performance
1996-12-07,46,I Meant To Do That,Paul Brandt,56,4,Gains In Performance
1996-12-07,47,"Politics, Religion And Her",Sammy Kershaw,52,5,Gains In Performance
1996-12-07,48,I Wouldn't Be A Man,Billy Dean,57,6,Gains In Performance
1996-12-07,49,Vidalia,Sammy Kershaw,48,20,
1996-12-07,50,King Of The World,BlackHawk,54,7,Gains In Performance
1996-12-07,51,A Man This Lonely,Brooks & Dunn,NEW,1,Highest ranking debut|Gains In Performance
1996-12-07,52,Irresistible You,Ty England,39,18,
1996-12-07,53,Love Worth Fighting For,Burnin' Daylight,58,8,Gains In Performance
1996-12-07,54,That's How I Got To Memphis,Deryl Dodd,59,5,Gains In Performance
1996-12-07,55,Do You Wanna Make Something Of It,Jo Dee Messina,61,4,Gains In Performance
1996-12-07,56,Somebody To Love You,Wynonna,60,4,Gains In Performance
1996-12-07,57,Heartbroke Every Day,Lonestar,NEW,1,Gains In Performance
1996-12-07,58,Have We Forgotten What Love Is,Crystal Bernard,67,6,Gains In Performance
1996-12-07,59,Cherokee Boogie,BR549,51,12,
1996-12-07,60,Remember When,Ray Vega,65,4,Gains In Performance
1996-12-14,1,Little Bitty,Alan Jackson,1,8,Gains In Performance
1996-12-14,2,The Fear Of Being Alone,Reba McEntire,2,11,Gains In Performance
1996-12-14,3,Every Light In The House,Trace Adkins,4,17,Gains In Performance
1996-12-14,4,One Way Ticket (Because I Can),LeAnn Rimes,7,12,Gains In Performance
1996-12-14,5,That Ol' Wind,Garth Brooks,6,12,Gains In Performance
1996-12-14,6,Goodnight Sweetheart,David Kersh,9,20,Gains In Performance
1996-12-14,7,Strawberry Wine,Deana Carter,3,18,
1996-12-14,8,"Poor, Poor Pitiful Me",Terri Clark,5,10,
1996-12-14,9,Love Is Stronger Than Pride,Ricochet,10,18,
1996-12-14,10,Big Love,Tracy Byrd,13,13,Gains In Performance
1996-12-14,11,Friends,John Michael Montgomery,12,9,Gains In Performance
1996-12-14,12,Nobody Knows,Kevin Sharp,14,12,Gains In Performance
1996-12-14,13,Maybe We Should Just Sleep On It,Tim McGraw,15,10,Gains In Performance
1996-12-14,14,I Can Still Make Cheyenne,George Strait,8,17,
1996-12-14,15,Let Me Into Your Heart,Mary Chapin Carpenter,16,11,Gains In Performance
1996-12-14,16,Her Man,Gary Allan,19,17,Gains In Performance
1996-12-14,17,Is That A Tear,Tracy Lawrence,17,7,Gains In Performance
1996-12-14,18,That's Enough Of That,Mila Mason,18,18,
1996-12-14,19,I Can't Do That Anymore,Faith Hill,20,9,Gains In Performance
1996-12-14,20,Everybody Knows,Trisha Yearwood,22,6,Gains In Performance
1996-12-14,21,Pretty Little Adriana,Vince Gill,21,6,Gains In Performance
1996-12-14,22,That's Another Song,Bryan White,23,9,Gains In Performance
1996-12-14,23,Lonely Too Long,Patty Loveless,11,17,
1996-12-14,24,It's A Little Too Late,Mark Chesnutt,27,11,Gains In Performance
1996-12-14,25,Would I,Randy Travis,28,11,Gains In Performance
1996-12-14,26,Like The Rain,Clint Black,24,15,
1996-12-14,27,Running Out Of Reasons To Run,Rick Trevino,32,8,Gains In Performance
1996-12-14,28,Maybe He'll Notice Her Now,Mindy McCready (Featuring Lonestar's Richie McDonald),33,10,Gains In Performance
1996-12-14,29,Half Way Up,Clint Black,34,3,Gains In Performance
1996-12-14,30,Amen Kind Of Love,Daryle Singletary,35,10,Gains In Performance
1996-12-14,31,What If Jesus Comes Back Like That,Collin Raye,39,17,Gains In Performance
1996-12-14,32,The Road You Leave Behind,David Lee Murphy,30,20,
1996-12-14,33,High Low And In Between,Mark Wills,37,9,Gains In Performance
1996-12-14,34,Me Too,Toby Keith,44,4,Gains In Performance
1996-12-14,35,A Man This Lonely,Brooks & Dunn,51,2,Gains In Performance
1996-12-14,36,Where Corn Don't Grow,Travis Tritt,43,4,Gains In Performance
1996-12-14,37,She Wants To Be Wanted Again,Ty Herndon,40,7,Gains In Performance
1996-12-14,38,"Another You, Another Me",Brady Seals,38,15,
1996-12-14,39,All I Do Is Love Her,James Bonamy,42,8,Gains In Performance
1996-12-14,40,Mama Don't Get Dressed Up For Nothing,Brooks & Dunn,31,14,
1996-12-14,41,You Can't Stop Love,Marty Stuart,45,8,Gains In Performance
1996-12-14,42,Bury The Shovel,Clay Walker,26,12,
1996-12-14,43,"Politics, Religion And Her",Sammy Kershaw,47,6,Gains In Performance
1996-12-14,44,I Meant To Do That,Paul Brandt,46,5,Gains In Performance
1996-12-14,45,Heartbroke Every Day,Lonestar,57,2,Gains In Performance
1996-12-14,46,I Wouldn't Be A Man,Billy Dean,48,7,Gains In Performance
1996-12-14,47,That's How I Got To Memphis,Deryl Dodd,54,6,Gains In Performance
1996-12-14,48,It's All In Your Head,Diamond Rio,41,17,
1996-12-14,49,King Of The World,BlackHawk,50,8,
1996-12-14,50,Love Worth Fighting For,Burnin' Daylight,53,9,
1996-12-14,51,She's Taken A Shine,John Berry,61,2,Gains In Performance
1996-12-14,52,Irresistible You,Ty England,52,19,
1996-12-14,53,Do You Wanna Make Something Of It,Jo Dee Messina,55,5,
1996-12-14,54,God Bless The Child,Shania Twain,68,3,Gains In Performance
1996-12-14,55,Somebody To Love You,Wynonna,56,5,
1996-12-14,56,Remember When,Ray Vega,60,5,Gains In Performance
1996-12-14,57,Have We Forgotten What Love Is,Crystal Bernard,58,7,
1996-12-14,58,We Danced Anyway,Deana Carter,NEW,1,Highest ranking debut|Gains In Performance
1996-12-14,59,You Just Get One,Jeff Wood,64,7,Gains In Performance
1996-12-14,60,Kiss The Girl,Little Texas,62,8,Gains In Performance
1996-12-21,1,Little Bitty,Alan Jackson,1,9,
1996-12-21,2,The Fear Of Being Alone,Reba McEntire,2,12,Gains In Performance
1996-12-21,3,One Way Ticket (Because I Can),LeAnn Rimes,4,13,Gains In Performance
1996-12-21,4,Every Light In The House,Trace Adkins,3,18,Gains In Performance
1996-12-21,5,That Ol' Wind,Garth Brooks,5,13,Gains In Performance
1996-12-21,6,Big Love,Tracy Byrd,10,14,Gains In Performance
1996-12-21,7,Nobody Knows,Kevin Sharp,12,13,Gains In Performance
1996-12-21,8,Goodnight Sweetheart,David Kersh,6,21,
1996-12-21,9,Friends,John Michael Montgomery,11,10,Gains In Performance
1996-12-21,10,Maybe We Should Just Sleep On It,Tim McGraw,13,11,Gains In Performance
1996-12-21,11,Her Man,Gary Allan,16,18,Gains In Performance
1996-12-21,12,Is That A Tear,Tracy Lawrence,17,8,Gains In Performance
1996-12-21,13,Strawberry Wine,Deana Carter,7,19,
1996-12-21,14,Let Me Into Your Heart,Mary Chapin Carpenter,15,12,Gains In Performance
1996-12-21,15,Everybody Knows,Trisha Yearwood,20,7,Gains In Performance
1996-12-21,16,Pretty Little Adriana,Vince Gill,21,7,Gains In Performance
1996-12-21,17,"Poor, Poor Pitiful Me",Terri Clark,8,11,
1996-12-21,18,I Can't Do That Anymore,Faith Hill,19,10,Gains In Performance
1996-12-21,19,It's A Little Too Late,Mark Chesnutt,24,12,Gains In Performance
1996-12-21,20,That's Another Song,Bryan White,22,10,
1996-12-21,21,Love Is Stronger Than Pride,Ricochet,9,19,
1996-12-21,22,I Can Still Make Cheyenne,George Strait,14,18,
1996-12-21,23,Half Way Up,Clint Black,29,4,Gains In Performance
1996-12-21,24,Lonely Too Long,Patty Loveless,23,18,
1996-12-21,25,Running Out Of Reasons To Run,Rick Trevino,27,9,Gains In Performance
1996-12-21,26,Would I,Randy Travis,25,12,Gains In Performance
1996-12-21,27,Maybe He'll Notice Her Now,Mindy McCready (Featuring Lonestar's Richie McDonald),28,11,Gains In Performance
1996-12-21,28,What If Jesus Comes Back Like That,Collin Raye,31,18,Gains In Performance
1996-12-21,29,Amen Kind Of Love,Daryle Singletary,30,11,Gains In Performance
1996-12-21,30,That's Enough Of That,Mila Mason,18,19,
1996-12-21,31,A Man This Lonely,Brooks & Dunn,35,3,Gains In Performance
1996-12-21,32,Like The Rain,Clint Black,26,16,
1996-12-21,33,Where Corn Don't Grow,Travis Tritt,36,5,Gains In Performance
1996-12-21,34,Me Too,Toby Keith,34,5,Gains In Performance
1996-12-21,35,She Wants To Be Wanted Again,Ty Herndon,37,8,Gains In Performance
1996-12-21,36,High Low And In Between,Mark Wills,33,10,Gains In Performance
1996-12-21,37,"Another You, Another Me",Brady Seals,38,16,Gains In Performance
1996-12-21,38,All I Do Is Love Her,James Bonamy,39,9,Gains In Performance
1996-12-21,39,You Can't Stop Love,Marty Stuart,41,9,Gains In Performance
1996-12-21,40,"Politics, Religion And Her",Sammy Kershaw,43,7,Gains In Performance
1996-12-21,41,I Meant To Do That,Paul Brandt,44,6,Gains In Performance
1996-12-21,42,She's Taken A Shine,John Berry,51,3,Gains In Performance
1996-12-21,43,Heartbroke Every Day,Lonestar,45,3,Gains In Performance
1996-12-21,44,That's How I Got To Memphis,Deryl Dodd,47,7,Gains In Performance
1996-12-21,45,I Wouldn't Be A Man,Billy Dean,46,8,Gains In Performance
1996-12-21,46,Redneck 12 Days Of Christmas,Jeff Foxworthy,61,7,Gains In Performance
1996-12-21,47,Mama Don't Get Dressed Up For Nothing,Brooks & Dunn,40,15,
1996-12-21,48,King Of The Mountain,George Strait,NEW,1,Highest ranking debut|Gains In Performance
1996-12-21,49,Love Worth Fighting For,Burnin' Daylight,50,10,
1996-12-21,50,We Danced Anyway,Deana Carter,58,2,Gains In Performance
1996-12-21,51,God Bless The Child,Shania Twain,54,4,Gains In Performance
1996-12-21,52,Bury The Shovel,Clay Walker,42,13,
1996-12-21,53,Do You Wanna Make Something Of It,Jo Dee Messina,53,6,Gains In Performance
1996-12-21,54,That Woman Of Mine,Neal McCoy,66,2,Gains In Performance
1996-12-21,55,King Of The World,BlackHawk,49,9,
1996-12-21,56,It's Over My Head,Wade Hayes,NEW,1,Gains In Performance
1996-12-21,57,Remember When,Ray Vega,56,6,Gains In Performance
1996-12-21,58,You Just Get One,Jeff Wood,59,8,Gains In Performance
1996-12-21,59,Unchained Melody,LeAnn Rimes,NEW,1,Gains In Performance
1996-12-21,60,Have We Forgotten What Love Is,Crystal Bernard,57,8,Gains In Performance
1996-12-28,1,One Way Ticket (Because I Can),LeAnn Rimes,3,14,Gains In Performance
1996-12-28,2,Little Bitty,Alan Jackson,1,10,
1996-12-28,3,The Fear Of Being Alone,Reba McEntire,2,13,
1996-12-28,4,That Ol' Wind,Garth Brooks,5,14,Gains In Performance
1996-12-28,5,Big Love,Tracy Byrd,6,15,Gains In Performance
1996-12-28,6,Nobody Knows,Kevin Sharp,7,14,Gains In Performance
1996-12-28,7,Every Light In The House,Trace Adkins,4,19,
1996-12-28,8,Friends,John Michael Montgomery,9,11,Gains In Performance
1996-12-28,9,Maybe We Should Just Sleep On It,Tim McGraw,10,12,Gains In Performance
1996-12-28,10,Her Man,Gary Allan,11,19,Gains In Performance
1996-12-28,11,Is That A Tear,Tracy Lawrence,12,9,Gains In Performance
1996-12-28,12,Let Me Into Your Heart,Mary Chapin Carpenter,14,13,Gains In Performance
1996-12-28,13,Everybody Knows,Trisha Yearwood,15,8,Gains In Performance
1996-12-28,14,It's A Little Too Late,Mark Chesnutt,19,13,Gains In Performance
1996-12-28,15,Pretty Little Adriana,Vince Gill,16,8,Gains In Performance
1996-12-28,16,Goodnight Sweetheart,David Kersh,8,22,
1996-12-28,17,I Can't Do That Anymore,Faith Hill,18,11,Gains In Performance
1996-12-28,18,Half Way Up,Clint Black,23,5,Gains In Performance
1996-12-28,19,That's Another Song,Bryan White,20,11,Gains In Performance
1996-12-28,20,Strawberry Wine,Deana Carter,13,20,
1996-12-28,21,A Man This Lonely,Brooks & Dunn,31,4,Gains In Performance
1996-12-28,22,Running Out Of Reasons To Run,Rick Trevino,25,10,Gains In Performance
1996-12-28,23,Amen Kind Of Love,Daryle Singletary,29,12,Gains In Performance
1996-12-28,24,Maybe He'll Notice Her Now,Mindy McCready (Featuring Lonestar's Richie McDonald),27,12,Gains In Performance
1996-12-28,25,Would I,Randy Travis,26,13,Gains In Performance
1996-12-28,26,What If Jesus Comes Back Like That,Collin Raye,28,19,Gains In Performance
1996-12-28,27,I Can Still Make Cheyenne,George Strait,22,19,
1996-12-28,28,Where Corn Don't Grow,Travis Tritt,33,6,Gains In Performance
1996-12-28,29,Me Too,Toby Keith,34,6,Gains In Performance
1996-12-28,30,"Poor, Poor Pitiful Me",Terri Clark,17,12,
1996-12-28,31,Lonely Too Long,Patty Loveless,24,19,
1996-12-28,32,Love Is Stronger Than Pride,Ricochet,21,20,
1996-12-28,33,Like The Rain,Clint Black,32,17,
1996-12-28,34,She Wants To Be Wanted Again,Ty Herndon,35,9,Gains In Performance
1996-12-28,35,All I Do Is Love Her,James Bonamy,38,10,Gains In Performance
1996-12-28,36,"Another You, Another Me",Brady Seals,37,17,Gains In Performance
1996-12-28,37,High Low And In Between,Mark Wills,36,11,Gains In Performance
1996-12-28,38,King Of The Mountain,George Strait,48,2,Gains In Performance
1996-12-28,39,You Can't Stop Love,Marty Stuart,39,10,Gains In Performance
1996-12-28,40,She's Taken A Shine,John Berry,42,4,Gains In Performance
1996-12-28,41,That's Enough Of That,Mila Mason,30,20,
1996-12-28,42,We Danced Anyway,Deana Carter,50,3,Gains In Performance
1996-12-28,43,"Politics, Religion And Her",Sammy Kershaw,40,8,Gains In Performance
1996-12-28,44,Heartbroke Every Day,Lonestar,43,4,Gains In Performance
1996-12-28,45,I Meant To Do That,Paul Brandt,41,7,
1996-12-28,46,Redneck 12 Days Of Christmas,Jeff Foxworthy,46,8,Gains In Performance
1996-12-28,47,That's How I Got To Memphis,Deryl Dodd,44,8,Gains In Performance
1996-12-28,48,I Wouldn't Be A Man,Billy Dean,45,9,Gains In Performance
1996-12-28,49,That Woman Of Mine,Neal McCoy,54,3,Gains In Performance
1996-12-28,50,God Bless The Child,Shania Twain,51,5,Gains In Performance
1996-12-28,51,"Let It Snow, Let It Snow, Let It Snow",Ricochet,63,3,Gains In Performance
1996-12-28,52,Holdin',Diamond Rio,61,3,Gains In Performance
1996-12-28,53,She Drew A Broken Heart,Patty Loveless,68,2,Gains In Performance
1996-12-28,54,All I Want For Christmas Is You,Vince Vance & The Valiants,RE,10,Gains In Performance
1996-12-28,55,It's Over My Head,Wade Hayes,56,2,Gains In Performance
1996-12-28,56,Leroy The Redneck Reindeer,Joe Diffie,70,7,Gains In Performance
1996-12-28,57,Do You Wanna Make Something Of It,Jo Dee Messina,53,7,Gains In Performance
1996-12-28,58,Mama Don't Get Dressed Up For Nothing,Brooks & Dunn,47,16,
1996-12-28,59,Remember When,Ray Vega,57,7,Gains In Performance
1996-12-28,60,Unchained Melody,LeAnn Rimes,59,2,Gains In Performance
1997-01-04,1,One Way Ticket (Because I Can),LeAnn Rimes,1,15,
1997-01-04,2,Nobody Knows,Kevin Sharp,6,15,Gains In Performance
1997-01-04,3,Big Love,Tracy Byrd,5,16,Gains In Performance
1997-01-04,4,Friends,John Michael Montgomery,8,12,Gains In Performance
1997-01-04,5,Maybe We Should Just Sleep On It,Tim McGraw,9,13,Gains In Performance
1997-01-04,6,Little Bitty,Alan Jackson,2,11,
1997-01-04,7,That Ol' Wind,Garth Brooks,4,15,
1997-01-04,8,Her Man,Gary Allan,10,20,Gains In Performance
1997-01-04,9,Is That A Tear,Tracy Lawrence,11,10,Gains In Performance
1997-01-04,10,The Fear Of Being Alone,Reba McEntire,3,14,
1997-01-04,11,Let Me Into Your Heart,Mary Chapin Carpenter,12,14,Gains In Performance
1997-01-04,12,Everybody Knows,Trisha Yearwood,13,9,Gains In Performance
1997-01-04,13,It's A Little Too Late,Mark Chesnutt,14,14,Gains In Performance
1997-01-04,14,Pretty Little Adriana,Vince Gill,15,9,Gains In Performance
1997-01-04,15,Every Light In The House,Trace Adkins,7,20,
1997-01-04,16,I Can't Do That Anymore,Faith Hill,17,12,
1997-01-04,17,Half Way Up,Clint Black,18,6,
1997-01-04,18,That's Another Song,Bryan White,19,12,Gains In Performance
1997-01-04,19,A Man This Lonely,Brooks & Dunn,21,5,Gains In Performance
1997-01-04,20,Running Out Of Reasons To Run,Rick Trevino,22,11,Gains In Performance
1997-01-04,21,What If Jesus Comes Back Like That,Collin Raye,26,20,Gains In Performance
1997-01-04,22,Amen Kind Of Love,Daryle Singletary,23,13,Gains In Performance
1997-01-04,23,Where Corn Don't Grow,Travis Tritt,28,7,Gains In Performance
1997-01-04,24,Maybe He'll Notice Her Now,Mindy McCready (Featuring Lonestar's Richie McDonald),24,13,
1997-01-04,25,Me Too,Toby Keith,29,7,Gains In Performance
1997-01-04,26,I Can Still Make Cheyenne,George Strait,27,20,
1997-01-04,27,King Of The Mountain,George Strait,38,3,Gains In Performance
1997-01-04,28,Would I,Randy Travis,25,14,
1997-01-04,29,Lonely Too Long,Patty Loveless,31,20,
1997-01-04,30,She Wants To Be Wanted Again,Ty Herndon,34,10,Gains In Performance
1997-01-04,31,All I Do Is Love Her,James Bonamy,35,11,Gains In Performance
1997-01-04,32,"Another You, Another Me",Brady Seals,36,18,Gains In Performance
1997-01-04,33,She's Taken A Shine,John Berry,40,5,Gains In Performance
1997-01-04,34,Like The Rain,Clint Black,33,18,
1997-01-04,35,We Danced Anyway,Deana Carter,42,4,Gains In Performance
1997-01-04,36,You Can't Stop Love,Marty Stuart,39,11,Gains In Performance
1997-01-04,37,"Poor, Poor Pitiful Me",Terri Clark,30,13,
1997-01-04,38,High Low And In Between,Mark Wills,37,12,
1997-01-04,39,Redneck 12 Days Of Christmas,Jeff Foxworthy,46,9,Gains In Performance
1997-01-04,40,"Politics, Religion And Her",Sammy Kershaw,43,9,Gains In Performance
1997-01-04,41,Heartbroke Every Day,Lonestar,44,5,Gains In Performance
1997-01-04,42,I Meant To Do That,Paul Brandt,45,8,Gains In Performance
1997-01-04,43,"Let It Snow, Let It Snow, Let It Snow",Ricochet,51,4,Gains In Performance
1997-01-04,44,That's How I Got To Memphis,Deryl Dodd,47,9,Gains In Performance
1997-01-04,45,Unchained Melody,LeAnn Rimes,60,3,Gains In Performance
1997-01-04,46,She Drew A Broken Heart,Patty Loveless,53,3,Gains In Performance
1997-01-04,47,Holdin',Diamond Rio,52,4,Gains In Performance
1997-01-04,48,I Wouldn't Be A Man,Billy Dean,48,10,Gains In Performance
1997-01-04,49,All I Want For Christmas Is You,Vince Vance & The Valiants,54,11,Gains In Performance
1997-01-04,50,Leroy The Redneck Reindeer,Joe Diffie,56,8,Gains In Performance
1997-01-04,51,That Woman Of Mine,Neal McCoy,49,4,Gains In Performance
1997-01-04,52,God Bless The Child,Shania Twain,50,6,Gains In Performance
1997-01-04,53,It's Over My Head,Wade Hayes,55,3,Gains In Performance
1997-01-04,54,Put A Little Holiday In Your Heart,LeAnn Rimes,72,2,Gains In Performance
1997-01-04,55,When I Close My Eyes,Kenny Chesney,64,3,Gains In Performance
1997-01-04,56,Rudolph The Red-Nosed Reindeer,Alan Jackson,69,2,Gains In Performance
1997-01-04,57,You Just Get One,Jeff Wood,62,10,Gains In Performance
1997-01-04,58,All Of The Above,Ty England,68,2,Gains In Performance
1997-01-04,59,Do You Wanna Make Something Of It,Jo Dee Messina,57,8,
1997-01-04,60,Remember When,Ray Vega,59,8,
1997-01-11,1,Nobody Knows,Kevin Sharp,2,16,
1997-01-11,2,Friends,John Michael Montgomery,4,13,
1997-01-11,3,One Way Ticket (Because I Can),LeAnn Rimes,1,16,
1997-01-11,4,Big Love,Tracy Byrd,3,17,
1997-01-11,5,Maybe We Should Just Sleep On It,Tim McGraw,5,14,
1997-01-11,6,Is That A Tear,Tracy Lawrence,9,11,
1997-01-11,7,Her Man,Gary Allan,8,21,
1997-01-11,8,Everybody Knows,Trisha Yearwood,12,10,
1997-01-11,9,Little Bitty,Alan Jackson,6,12,
1997-01-11,10,It's A Little Too Late,Mark Chesnutt,13,15,
1997-01-11,11,That Ol' Wind,Garth Brooks,7,16,
1997-01-11,12,Let Me Into Your Heart,Mary Chapin Carpenter,11,15,
1997-01-11,13,Pretty Little Adriana,Vince Gill,14,10,
1997-01-11,14,The Fear Of Being Alone,Reba McEntire,10,15,
1997-01-11,15,I Can't Do That Anymore,Faith Hill,16,13,
1997-01-11,16,Half Way Up,Clint Black,17,7,
1997-01-11,17,Every Light In The House,Trace Adkins,15,21,
1997-01-11,18,A Man This Lonely,Brooks & Dunn,19,6,
1997-01-11,19,That's Another Song,Bryan White,18,13,
1997-01-11,20,Running Out Of Reasons To Run,Rick Trevino,20,12,
1997-01-11,21,Amen Kind Of Love,Daryle Singletary,22,14,
1997-01-11,22,What If Jesus Comes Back Like That,Collin Raye,21,21,
1997-01-11,23,Maybe He'll Notice Her Now,Mindy McCready (Featuring Lonestar's Richie McDonald),24,14,
1997-01-11,24,Where Corn Don't Grow,Travis Tritt,23,8,
1997-01-11,25,Me Too,Toby Keith,25,8,
1997-01-11,26,King Of The Mountain,George Strait,27,4,Gains In Performance
1997-01-11,27,We Danced Anyway,Deana Carter,35,5,Gains In Performance
1997-01-11,28,She's Taken A Shine,John Berry,33,6,
1997-01-11,29,She Wants To Be Wanted Again,Ty Herndon,30,11,
1997-01-11,30,All I Do Is Love Her,James Bonamy,31,12,
1997-01-11,31,Like The Rain,Clint Black,34,19,
1997-01-11,32,"Another You, Another Me",Brady Seals,32,19,
1997-01-11,33,You Can't Stop Love,Marty Stuart,36,12,
1997-01-11,34,Heartbroke Every Day,Lonestar,41,6,Gains In Performance
1997-01-11,35,High Low And In Between,Mark Wills,38,13,
1997-01-11,36,"Poor, Poor Pitiful Me",Terri Clark,37,14,
1997-01-11,37,Unchained Melody,LeAnn Rimes,45,4,Gains In Performance
1997-01-11,38,She Drew A Broken Heart,Patty Loveless,46,4,Gains In Performance
1997-01-11,39,"Politics, Religion And Her",Sammy Kershaw,40,10,
1997-01-11,40,Holdin',Diamond Rio,47,5,Gains In Performance
1997-01-11,41,Would I,Randy Travis,28,15,
1997-01-11,42,Redneck 12 Days Of Christmas,Jeff Foxworthy,39,10,
1997-01-11,43,I Meant To Do That,Paul Brandt,42,9,
1997-01-11,44,That's How I Got To Memphis,Deryl Dodd,44,10,
1997-01-11,45,That Woman Of Mine,Neal McCoy,51,5,Gains In Performance
1997-01-11,46,Leroy The Redneck Reindeer,Joe Diffie,50,9,
1997-01-11,47,"Let It Snow, Let It Snow, Let It Snow",Ricochet,43,5,
1997-01-11,48,God Bless The Child,Shania Twain,52,7,Gains In Performance
1997-01-11,49,I Wouldn't Be A Man,Billy Dean,48,11,
1997-01-11,50,How Was I To Know,Reba McEntire,61,3,Gains In Performance
1997-01-11,51,Put A Little Holiday In Your Heart,LeAnn Rimes,54,3,Gains In Performance
1997-01-11,52,When I Close My Eyes,Kenny Chesney,55,4,Gains In Performance
1997-01-11,53,All I Want For Christmas Is You,Vince Vance & The Valiants,49,12,
1997-01-11,54,It's Over My Head,Wade Hayes,53,4,
1997-01-11,55,"Mary, Did You Know?",Kenny Rogers With Wynonna,62,2,Gains In Performance
1997-01-11,56,You Just Get One,Jeff Wood,57,11,Gains In Performance
1997-01-11,57,Rudolph The Red-Nosed Reindeer,Alan Jackson,56,3,
1997-01-11,58,Every Cowboy's Dream,Rhett Akins,63,6,Gains In Performance
1997-01-11,59,All Of The Above,Ty England,58,3,
1997-01-11,60,Jingle Bell Rock,Bobby Helms,73,2,Gains In Performance
1997-01-18,1,Nobody Knows,Kevin Sharp,1,17,Gains In Performance
1997-01-18,2,Friends,John Michael Montgomery,2,14,Gains In Performance
1997-01-18,3,Big Love,Tracy Byrd,4,18,Gains In Performance
1997-01-18,4,Maybe We Should Just Sleep On It,Tim McGraw,5,15,Gains In Performance
1997-01-18,5,One Way Ticket (Because I Can),LeAnn Rimes,3,17,Gains In Performance
1997-01-18,6,Is That A Tear,Tracy Lawrence,6,12,Gains In Performance
1997-01-18,7,Her Man,Gary Allan,7,22,Gains In Performance
1997-01-18,8,Everybody Knows,Trisha Yearwood,8,11,Gains In Performance
1997-01-18,9,It's A Little Too Late,Mark Chesnutt,10,16,Gains In Performance
1997-01-18,10,Pretty Little Adriana,Vince Gill,13,11,Gains In Performance
1997-01-18,11,That Ol' Wind,Garth Brooks,11,17,Gains In Performance
1997-01-18,12,Let Me Into Your Heart,Mary Chapin Carpenter,12,16,Gains In Performance
1997-01-18,13,Little Bitty,Alan Jackson,9,13,Gains In Performance
1997-01-18,14,Half Way Up,Clint Black,16,8,Gains In Performance
1997-01-18,15,I Can't Do That Anymore,Faith Hill,15,14,Gains In Performance
1997-01-18,16,A Man This Lonely,Brooks & Dunn,18,7,Gains In Performance
1997-01-18,17,That's Another Song,Bryan White,19,14,Gains In Performance
1997-01-18,18,Running Out Of Reasons To Run,Rick Trevino,20,13,Gains In Performance
1997-01-18,19,The Fear Of Being Alone,Reba McEntire,14,16,Gains In Performance
1997-01-18,20,Amen Kind Of Love,Daryle Singletary,21,15,Gains In Performance
1997-01-18,21,Where Corn Don't Grow,Travis Tritt,24,9,Gains In Performance
1997-01-18,22,Maybe He'll Notice Her Now,Mindy McCready (Featuring Lonestar's Richie McDonald),23,15,Gains In Performance
1997-01-18,23,Me Too,Toby Keith,25,9,Gains In Performance
1997-01-18,24,What If Jesus Comes Back Like That,Collin Raye,22,22,Gains In Performance
1997-01-18,25,King Of The Mountain,George Strait,26,5,Gains In Performance
1997-01-18,26,We Danced Anyway,Deana Carter,27,6,Gains In Performance
1997-01-18,27,She's Taken A Shine,John Berry,28,7,Gains In Performance
1997-01-18,28,She Wants To Be Wanted Again,Ty Herndon,29,12,Gains In Performance
1997-01-18,29,All I Do Is Love Her,James Bonamy,30,13,Gains In Performance
1997-01-18,30,Like The Rain,Clint Black,31,20,Gains In Performance
1997-01-18,31,She Drew A Broken Heart,Patty Loveless,38,5,Gains In Performance
1997-01-18,32,You Can't Stop Love,Marty Stuart,33,13,Gains In Performance
1997-01-18,33,"Another You, Another Me",Brady Seals,32,20,Gains In Performance
1997-01-18,34,Unchained Melody,LeAnn Rimes,37,5,Gains In Performance
1997-01-18,35,Heartbroke Every Day,Lonestar,34,7,Gains In Performance
1997-01-18,36,"Poor, Poor Pitiful Me",Terri Clark,36,15,Gains In Performance
1997-01-18,37,"Politics, Religion And Her",Sammy Kershaw,39,11,Gains In Performance
1997-01-18,38,High Low And In Between,Mark Wills,35,14,Gains In Performance
1997-01-18,39,Holdin',Diamond Rio,40,6,Gains In Performance
1997-01-18,40,How Was I To Know,Reba McEntire,50,4,Gains In Performance
1997-01-18,41,I Meant To Do That,Paul Brandt,43,10,Gains In Performance
1997-01-18,42,That's How I Got To Memphis,Deryl Dodd,44,11,Gains In Performance
1997-01-18,43,Would I,Randy Travis,41,16,
1997-01-18,44,You Just Get One,Jeff Wood,56,12,Gains In Performance
1997-01-18,45,When I Close My Eyes,Kenny Chesney,52,5,Gains In Performance
1997-01-18,46,That Woman Of Mine,Neal McCoy,45,6,Gains In Performance
1997-01-18,47,I Wouldn't Be A Man,Billy Dean,49,12,Gains In Performance
1997-01-18,48,It's Over My Head,Wade Hayes,54,5,Gains In Performance
1997-01-18,49,All Of The Above,Ty England,59,4,Gains In Performance
1997-01-18,50,Emotional Girl,Terri Clark,66,2,Gains In Performance
1997-01-18,51,Every Cowboy's Dream,Rhett Akins,58,7,Gains In Performance
1997-01-18,52,Mama Don't Get Dressed Up For Nothing,Brooks & Dunn,62,19,Gains In Performance
1997-01-18,53,Kiss The Girl,Little Texas,61,13,Gains In Performance
1997-01-18,54,Ease My Troubled Mind,Ricochet,NEW,1,Highest ranking debut|Gains In Performance
1997-01-18,55,God Bless The Child,Shania Twain,48,8,
1997-01-18,56,Do You Wanna Make Something Of It,Jo Dee Messina,69,10,Gains In Performance
1997-01-18,57,Remember When,Ray Vega,68,10,Gains In Performance
1997-01-18,58,More Than I Wanted To Know,Regina Regina,NEW,1,Gains In Performance
1997-01-18,59,Love Worth Fighting For,Burnin' Daylight,73,14,Gains In Performance
1997-01-18,60,Have We Forgotten What Love Is,Crystal Bernard,RE,11,Gains In Performance
1997-01-25,1,Nobody Knows,Kevin Sharp,1,18,Gains In Performance
1997-01-25,2,Friends,John Michael Montgomery,2,15,Gains In Performance
1997-01-25,3,Is That A Tear,Tracy Lawrence,6,13,Gains In Performance
1997-01-25,4,Big Love,Tracy Byrd,3,19,
1997-01-25,5,Everybody Knows,Trisha Yearwood,8,12,Gains In Performance
1997-01-25,6,Maybe We Should Just Sleep On It,Tim McGraw,4,16,
1997-01-25,7,It's A Little Too Late,Mark Chesnutt,9,17,Gains In Performance
1997-01-25,8,Pretty Little Adriana,Vince Gill,10,12,Gains In Performance
1997-01-25,9,One Way Ticket (Because I Can),LeAnn Rimes,5,18,
1997-01-25,10,Her Man,Gary Allan,7,23,
1997-01-25,11,I Can't Do That Anymore,Faith Hill,15,15,Gains In Performance
1997-01-25,12,Half Way Up,Clint Black,14,9,Gains In Performance
1997-01-25,13,A Man This Lonely,Brooks & Dunn,16,8,Gains In Performance
1997-01-25,14,Amen Kind Of Love,Daryle Singletary,20,16,Gains In Performance
1997-01-25,15,That's Another Song,Bryan White,17,15,Gains In Performance
1997-01-25,16,Running Out Of Reasons To Run,Rick Trevino,18,14,Gains In Performance
1997-01-25,17,Let Me Into Your Heart,Mary Chapin Carpenter,12,17,
1997-01-25,18,Where Corn Don't Grow,Travis Tritt,21,10,Gains In Performance
1997-01-25,19,That Ol' Wind,Garth Brooks,11,18,
1997-01-25,20,Me Too,Toby Keith,23,10,Gains In Performance
1997-01-25,21,We Danced Anyway,Deana Carter,26,7,Gains In Performance
1997-01-25,22,Maybe He'll Notice Her Now,Mindy McCready (Featuring Lonestar's Richie McDonald),22,16,Gains In Performance
1997-01-25,23,Little Bitty,Alan Jackson,13,14,
1997-01-25,24,King Of The Mountain,George Strait,25,6,Gains In Performance
1997-01-25,25,She Drew A Broken Heart,Patty Loveless,31,6,Gains In Performance
1997-01-25,26,The Fear Of Being Alone,Reba McEntire,19,17,
1997-01-25,27,She's Taken A Shine,John Berry,27,8,Gains In Performance
1997-01-25,28,Unchained Melody,LeAnn Rimes,34,6,Gains In Performance
1997-01-25,29,She Wants To Be Wanted Again,Ty Herndon,28,13,Gains In Performance
1997-01-25,30,All I Do Is Love Her,James Bonamy,29,14,Gains In Performance
1997-01-25,31,How Was I To Know,Reba McEntire,40,5,Gains In Performance
1997-01-25,32,Heartbroke Every Day,Lonestar,35,8,Gains In Performance
1997-01-25,33,Holdin',Diamond Rio,39,7,Gains In Performance
1997-01-25,34,You Can't Stop Love,Marty Stuart,32,14,Gains In Performance
1997-01-25,35,Everything I Love,Alan Jackson,73,2,Gains In Performance
1997-01-25,36,"Politics, Religion And Her",Sammy Kershaw,37,12,Gains In Performance
1997-01-25,37,"Poor, Poor Pitiful Me",Terri Clark,36,16,
1997-01-25,38,That's How I Got To Memphis,Deryl Dodd,42,12,Gains In Performance
1997-01-25,39,I Meant To Do That,Paul Brandt,41,11,Gains In Performance
1997-01-25,40,High Low And In Between,Mark Wills,38,15,
1997-01-25,41,When I Close My Eyes,Kenny Chesney,45,6,Gains In Performance
1997-01-25,42,That Woman Of Mine,Neal McCoy,46,7,Gains In Performance
1997-01-25,43,Emotional Girl,Terri Clark,50,3,Gains In Performance
1997-01-25,44,(This Ain't) No Thinkin' Thing,Trace Adkins,NEW,1,Highest ranking debut|Gains In Performance
1997-01-25,45,You Just Get One,Jeff Wood,44,13,
1997-01-25,46,All Of The Above,Ty England,49,5,Gains In Performance
1997-01-25,47,It's Over My Head,Wade Hayes,48,6,Gains In Performance
1997-01-25,48,Ease My Troubled Mind,Ricochet,54,2,Gains In Performance
1997-01-25,49,Would I,Randy Travis,43,17,
1997-01-25,50,I Wouldn't Be A Man,Billy Dean,47,13,
1997-01-25,51,Every Cowboy's Dream,Rhett Akins,51,8,Gains In Performance
1997-01-25,52,Kiss The Girl,Little Texas,53,14,Gains In Performance
1997-01-25,53,Cry On The Shoulder Of The Road,Martina McBride,NEW,1,Gains In Performance
1997-01-25,54,Mama Don't Get Dressed Up For Nothing,Brooks & Dunn,52,20,
1997-01-25,55,Another You,David Kersh,65,2,Gains In Performance
1997-01-25,56,More Than I Wanted To Know,Regina Regina,58,2,Gains In Performance
1997-01-25,57,If She Don't Love You,The Buffalo Club,75,2,Gains In Performance
1997-01-25,58,Forever And A Day,Gary Allan,70,2,Gains In Performance
1997-01-25,59,Genuine Rednecks,David Lee Murphy,NEW,1,Gains In Performance
1997-01-25,60,Do You Wanna Make Something Of It,Jo Dee Messina,56,11,
1997-02-01,1,Nobody Knows,Kevin Sharp,1,19,
1997-02-01,2,Is That A Tear,Tracy Lawrence,3,14,Gains In Performance
1997-02-01,3,Friends,John Michael Montgomery,2,16,
1997-02-01,4,It's A Little Too Late,Mark Chesnutt,7,18,Gains In Performance
1997-02-01,5,Everybody Knows,Trisha Yearwood,5,13,Gains In Performance
1997-02-01,6,Pretty Little Adriana,Vince Gill,8,13,Gains In Performance
1997-02-01,7,A Man This Lonely,Brooks & Dunn,13,9,Gains In Performance
1997-02-01,8,Half Way Up,Clint Black,12,10,Gains In Performance
1997-02-01,9,I Can't Do That Anymore,Faith Hill,11,16,Gains In Performance
1997-02-01,10,Big Love,Tracy Byrd,4,20,
1997-02-01,11,Running Out Of Reasons To Run,Rick Trevino,16,15,Gains In Performance
1997-02-01,12,Amen Kind Of Love,Daryle Singletary,14,17,Gains In Performance
1997-02-01,13,We Danced Anyway,Deana Carter,21,8,Gains In Performance
1997-02-01,14,She Drew A Broken Heart,Patty Loveless,25,7,Gains In Performance
1997-02-01,15,Where Corn Don't Grow,Travis Tritt,18,11,Gains In Performance
1997-02-01,16,One Way Ticket (Because I Can),LeAnn Rimes,9,19,
1997-02-01,17,That's Another Song,Bryan White,15,16,
1997-02-01,18,Me Too,Toby Keith,20,11,Gains In Performance
1997-02-01,19,King Of The Mountain,George Strait,24,7,Gains In Performance
1997-02-01,20,Maybe He'll Notice Her Now,Mindy McCready (Featuring Lonestar's Richie McDonald),22,17,Gains In Performance
1997-02-01,21,Maybe We Should Just Sleep On It,Tim McGraw,6,17,
1997-02-01,22,Unchained Melody,LeAnn Rimes,28,7,Gains In Performance
1997-02-01,23,How Was I To Know,Reba McEntire,31,6,Gains In Performance
1997-02-01,24,She's Taken A Shine,John Berry,27,9,Gains In Performance
1997-02-01,25,Everything I Love,Alan Jackson,35,3,Gains In Performance
1997-02-01,26,Little Bitty,Alan Jackson,23,15,
1997-02-01,27,That Ol' Wind,Garth Brooks,19,19,
1997-02-01,28,She Wants To Be Wanted Again,Ty Herndon,29,14,Gains In Performance
1997-02-01,29,The Fear Of Being Alone,Reba McEntire,26,18,
1997-02-01,30,All I Do Is Love Her,James Bonamy,30,15,Gains In Performance
1997-02-01,31,Holdin',Diamond Rio,33,8,Gains In Performance
1997-02-01,32,Heartbroke Every Day,Lonestar,32,9,Gains In Performance
1997-02-01,33,You Can't Stop Love,Marty Stuart,34,15,Gains In Performance
1997-02-01,34,"Politics, Religion And Her",Sammy Kershaw,36,13,Gains In Performance
1997-02-01,35,(This Ain't) No Thinkin' Thing,Trace Adkins,44,2,Gains In Performance
1997-02-01,36,Let Me Into Your Heart,Mary Chapin Carpenter,17,18,
1997-02-01,37,When I Close My Eyes,Kenny Chesney,41,7,Gains In Performance
1997-02-01,38,That's How I Got To Memphis,Deryl Dodd,38,13,Gains In Performance
1997-02-01,39,Emotional Girl,Terri Clark,43,4,Gains In Performance
1997-02-01,40,I Meant To Do That,Paul Brandt,39,12,Gains In Performance
1997-02-01,41,"Poor, Poor Pitiful Me",Terri Clark,37,17,
1997-02-01,42,That Woman Of Mine,Neal McCoy,42,8,Gains In Performance
1997-02-01,43,Ease My Troubled Mind,Ricochet,48,3,Gains In Performance
1997-02-01,44,Here's Your Sign (Get The Picture),Bill Engvall With Special Guest Travis Tritt,62,2,Gains In Performance
1997-02-01,45,You Just Get One,Jeff Wood,45,14,Gains In Performance
1997-02-01,46,It's Over My Head,Wade Hayes,47,7,Gains In Performance
1997-02-01,47,All Of The Above,Ty England,46,6,Gains In Performance
1997-02-01,48,Rumor Has It,Clay Walker,NEW,1,Highest ranking debut|Gains In Performance
1997-02-01,49,If She Don't Love You,The Buffalo Club,57,3,Gains In Performance
1997-02-01,50,Another You,David Kersh,55,3,Gains In Performance
1997-02-01,51,Don't Take Her She's All I Got,Tracy Byrd,68,2,Gains In Performance
1997-02-01,52,Good As I Was To You,Lorrie Morgan,64,2,Gains In Performance
1997-02-01,53,High Low And In Between,Mark Wills,40,16,
1997-02-01,54,Cry On The Shoulder Of The Road,Martina McBride,53,2,Gains In Performance
1997-02-01,55,Every Cowboy's Dream,Rhett Akins,51,9,
1997-02-01,56,Kiss The Girl,Little Texas,52,15,Gains In Performance
1997-02-01,57,Genuine Rednecks,David Lee Murphy,59,2,Gains In Performance
1997-02-01,58,More Than I Wanted To Know,Regina Regina,56,3,Gains In Performance
1997-02-01,59,Would I,Randy Travis,49,18,
1997-02-01,60,455 Rocket,Kathy Mattea,65,3,Gains In Performance
1997-02-08,1,It's A Little Too Late,Mark Chesnutt,4,19,Gains In Performance
1997-02-08,2,Is That A Tear,Tracy Lawrence,2,15,
1997-02-08,3,Everybody Knows,Trisha Yearwood,5,14,Gains In Performance
1997-02-08,4,Pretty Little Adriana,Vince Gill,6,14,Gains In Performance
1997-02-08,5,Nobody Knows,Kevin Sharp,1,20,
1997-02-08,6,A Man This Lonely,Brooks & Dunn,7,10,Gains In Performance
1997-02-08,7,Half Way Up,Clint Black,8,11,Gains In Performance
1997-02-08,8,I Can't Do That Anymore,Faith Hill,9,17,Gains In Performance
1997-02-08,9,Amen Kind Of Love,Daryle Singletary,12,18,Gains In Performance
1997-02-08,10,Friends,John Michael Montgomery,3,17,
1997-02-08,11,Running Out Of Reasons To Run,Rick Trevino,11,16,Gains In Performance
1997-02-08,12,We Danced Anyway,Deana Carter,13,9,Gains In Performance
1997-02-08,13,She Drew A Broken Heart,Patty Loveless,14,8,Gains In Performance
1997-02-08,14,Where Corn Don't Grow,Travis Tritt,15,12,Gains In Performance
1997-02-08,15,Me Too,Toby Keith,18,12,Gains In Performance
1997-02-08,16,Unchained Melody,LeAnn Rimes,22,8,Gains In Performance
1997-02-08,17,How Was I To Know,Reba McEntire,23,7,Gains In Performance
1997-02-08,18,That's Another Song,Bryan White,17,17,
1997-02-08,19,Maybe He'll Notice Her Now,Mindy McCready (Featuring Lonestar's Richie McDonald),20,18,Gains In Performance
1997-02-08,20,She's Taken A Shine,John Berry,24,10,Gains In Performance
1997-02-08,21,Everything I Love,Alan Jackson,25,4,Gains In Performance
1997-02-08,22,King Of The Mountain,George Strait,19,8,
1997-02-08,23,One Way Ticket (Because I Can),LeAnn Rimes,16,20,
1997-02-08,24,She Wants To Be Wanted Again,Ty Herndon,28,15,Gains In Performance
1997-02-08,25,Little Bitty,Alan Jackson,26,16,
1997-02-08,26,Holdin',Diamond Rio,31,9,Gains In Performance
1997-02-08,27,Maybe We Should Just Sleep On It,Tim McGraw,21,18,
1997-02-08,28,All I Do Is Love Her,James Bonamy,30,16,Gains In Performance
1997-02-08,29,(This Ain't) No Thinkin' Thing,Trace Adkins,35,3,Gains In Performance
1997-02-08,30,Heartbroke Every Day,Lonestar,32,10,Gains In Performance
1997-02-08,31,The Fear Of Being Alone,Reba McEntire,29,19,
1997-02-08,32,You Can't Stop Love,Marty Stuart,33,16,Gains In Performance
1997-02-08,33,"Politics, Religion And Her",Sammy Kershaw,34,14,Gains In Performance
1997-02-08,34,That Ol' Wind,Garth Brooks,27,20,
1997-02-08,35,Emotional Girl,Terri Clark,39,5,Gains In Performance
1997-02-08,36,When I Close My Eyes,Kenny Chesney,37,8,Gains In Performance
1997-02-08,37,That's How I Got To Memphis,Deryl Dodd,38,14,Gains In Performance
1997-02-08,38,Ease My Troubled Mind,Ricochet,43,4,Gains In Performance
1997-02-08,39,I Meant To Do That,Paul Brandt,40,13,Gains In Performance
1997-02-08,40,Rumor Has It,Clay Walker,48,2,Gains In Performance
1997-02-08,41,Here's Your Sign (Get The Picture),Bill Engvall With Special Guest Travis Tritt,44,3,Gains In Performance
1997-02-08,42,That Woman Of Mine,Neal McCoy,42,9,
1997-02-08,43,"Poor, Poor Pitiful Me",Terri Clark,41,18,
1997-02-08,44,Don't Take Her She's All I Got,Tracy Byrd,51,3,Gains In Performance
1997-02-08,45,Another You,David Kersh,50,4,Gains In Performance
1997-02-08,46,Let Me Into Your Heart,Mary Chapin Carpenter,36,19,
1997-02-08,47,It's Over My Head,Wade Hayes,46,8,Gains In Performance
1997-02-08,48,If She Don't Love You,The Buffalo Club,49,4,Gains In Performance
1997-02-08,49,You Just Get One,Jeff Wood,45,15,
1997-02-08,50,Good As I Was To You,Lorrie Morgan,52,3,Gains In Performance
1997-02-08,51,All Of The Above,Ty England,47,7,
1997-02-08,52,Cry On The Shoulder Of The Road,Martina McBride,54,3,Gains In Performance
1997-02-08,53,455 Rocket,Kathy Mattea,60,4,Gains In Performance
1997-02-08,54,Genuine Rednecks,David Lee Murphy,57,3,Gains In Performance
1997-02-08,55,More Than I Wanted To Know,Regina Regina,58,4,
1997-02-08,56,Kiss The Girl,Little Texas,56,16,
1997-02-08,57,Forever And A Day,Gary Allan,61,4,Gains In Performance
1997-02-08,58,I Want To Be Your Girlfriend,Mary Chapin Carpenter,62,2,Gains In Performance
1997-02-08,59,High Low And In Between,Mark Wills,53,17,
1997-02-08,60,Dark Horse,Mila Mason,NEW,1,Highest ranking debut|Gains In Performance
1997-02-15,1,It's A Little Too Late,Mark Chesnutt,1,20,
1997-02-15,2,A Man This Lonely,Brooks & Dunn,6,11,Gains In Performance
1997-02-15,3,Pretty Little Adriana,Vince Gill,4,15,Gains In Performance
1997-02-15,4,Everybody Knows,Trisha Yearwood,3,15,
1997-02-15,5,Is That A Tear,Tracy Lawrence,2,16,
1997-02-15,6,Amen Kind Of Love,Daryle Singletary,9,19,Gains In Performance
1997-02-15,7,Running Out Of Reasons To Run,Rick Trevino,11,17,Gains In Performance
1997-02-15,8,Half Way Up,Clint Black,7,12,Gains In Performance
1997-02-15,9,Nobody Knows,Kevin Sharp,5,21,
1997-02-15,10,I Can't Do That Anymore,Faith Hill,8,18,
1997-02-15,11,We Danced Anyway,Deana Carter,12,10,Gains In Performance
1997-02-15,12,Me Too,Toby Keith,15,13,Gains In Performance
1997-02-15,13,Where Corn Don't Grow,Travis Tritt,14,13,Gains In Performance
1997-02-15,14,She Drew A Broken Heart,Patty Loveless,13,9,Gains In Performance
1997-02-15,15,Unchained Melody,LeAnn Rimes,16,9,Gains In Performance
1997-02-15,16,How Was I To Know,Reba McEntire,17,8,Gains In Performance
1997-02-15,17,She's Taken A Shine,John Berry,20,11,Gains In Performance
1997-02-15,18,Maybe He'll Notice Her Now,Mindy McCready (Featuring Lonestar's Richie McDonald),19,19,Gains In Performance
1997-02-15,19,Everything I Love,Alan Jackson,21,5,Gains In Performance
1997-02-15,20,Friends,John Michael Montgomery,10,18,
1997-02-15,21,(This Ain't) No Thinkin' Thing,Trace Adkins,29,4,Gains In Performance
1997-02-15,22,Holdin',Diamond Rio,26,10,Gains In Performance
1997-02-15,23,She Wants To Be Wanted Again,Ty Herndon,24,16,Gains In Performance
1997-02-15,24,King Of The Mountain,George Strait,22,9,
1997-02-15,25,Heartbroke Every Day,Lonestar,30,11,Gains In Performance
1997-02-15,26,That's Another Song,Bryan White,18,18,
1997-02-15,27,All I Do Is Love Her,James Bonamy,28,17,Gains In Performance
1997-02-15,28,When I Close My Eyes,Kenny Chesney,36,9,Gains In Performance
1997-02-15,29,Little Bitty,Alan Jackson,25,17,
1997-02-15,30,Emotional Girl,Terri Clark,35,6,Gains In Performance
1997-02-15,31,Rumor Has It,Clay Walker,40,3,Gains In Performance
1997-02-15,32,"Politics, Religion And Her",Sammy Kershaw,33,15,Gains In Performance
1997-02-15,33,You Can't Stop Love,Marty Stuart,32,17,Gains In Performance
1997-02-15,34,Maybe We Should Just Sleep On It,Tim McGraw,27,19,
1997-02-15,35,Ease My Troubled Mind,Ricochet,38,5,Gains In Performance
1997-02-15,36,The Fear Of Being Alone,Reba McEntire,31,20,
1997-02-15,37,Don't Take Her She's All I Got,Tracy Byrd,44,4,Gains In Performance
1997-02-15,38,Here's Your Sign (Get The Picture),Bill Engvall With Special Guest Travis Tritt,41,4,Gains In Performance
1997-02-15,39,That's How I Got To Memphis,Deryl Dodd,37,15,Gains In Performance
1997-02-15,40,I Meant To Do That,Paul Brandt,39,14,Gains In Performance
1997-02-15,41,Another You,David Kersh,45,5,Gains In Performance
1997-02-15,42,That Woman Of Mine,Neal McCoy,42,10,Gains In Performance
1997-02-15,43,If She Don't Love You,The Buffalo Club,48,5,Gains In Performance
1997-02-15,44,Good As I Was To You,Lorrie Morgan,50,4,Gains In Performance
1997-02-15,45,"Poor, Poor Pitiful Me",Terri Clark,43,19,
1997-02-15,46,Let Me Into Your Heart,Mary Chapin Carpenter,46,20,
1997-02-15,47,It's Over My Head,Wade Hayes,47,9,
1997-02-15,48,Cry On The Shoulder Of The Road,Martina McBride,52,4,Gains In Performance
1997-02-15,49,455 Rocket,Kathy Mattea,53,5,Gains In Performance
1997-02-15,50,I Want To Be Your Girlfriend,Mary Chapin Carpenter,58,3,Gains In Performance
1997-02-15,51,Dark Horse,Mila Mason,60,2,Gains In Performance
1997-02-15,52,Forever And A Day,Gary Allan,57,5,Gains In Performance
1997-02-15,53,Genuine Rednecks,David Lee Murphy,54,4,Gains In Performance
1997-02-15,54,You Just Get One,Jeff Wood,49,16,
1997-02-15,55,More Than I Wanted To Know,Regina Regina,55,5,Gains In Performance
1997-02-15,56,Kiss The Girl,Little Texas,56,17,Gains In Performance
1997-02-15,57,Cold Outside,Big House,64,2,Gains In Performance
1997-02-15,58,All Of The Above,Ty England,51,8,
1997-02-15,59,Change Her Mind,Gene Watson,61,4,Gains In Performance
1997-02-15,60,Long Trail Of Tears,George Ducas,68,2,Gains In Performance
1997-02-22,1,A Man This Lonely,Brooks & Dunn,2,12,Gains In Performance
1997-02-22,2,Pretty Little Adriana,Vince Gill,3,16,Gains In Performance
1997-02-22,3,Running Out Of Reasons To Run,Rick Trevino,7,18,Gains In Performance
1997-02-22,4,Amen Kind Of Love,Daryle Singletary,6,20,Gains In Performance
1997-02-22,5,It's A Little Too Late,Mark Chesnutt,1,21,
1997-02-22,6,Half Way Up,Clint Black,8,13,Gains In Performance
1997-02-22,7,Me Too,Toby Keith,12,14,Gains In Performance
1997-02-22,8,We Danced Anyway,Deana Carter,11,11,Gains In Performance
1997-02-22,9,Where Corn Don't Grow,Travis Tritt,13,14,Gains In Performance
1997-02-22,10,Unchained Melody,LeAnn Rimes,15,10,Gains In Performance
1997-02-22,11,She Drew A Broken Heart,Patty Loveless,14,10,Gains In Performance
1997-02-22,12,How Was I To Know,Reba McEntire,16,9,Gains In Performance
1997-02-22,13,Is That A Tear,Tracy Lawrence,5,17,
1997-02-22,14,She's Taken A Shine,John Berry,17,12,Gains In Performance
1997-02-22,15,Everybody Knows,Trisha Yearwood,4,16,
1997-02-22,16,I Can't Do That Anymore,Faith Hill,10,19,
1997-02-22,17,Everything I Love,Alan Jackson,19,6,Gains In Performance
1997-02-22,18,Nobody Knows,Kevin Sharp,9,22,
1997-02-22,19,(This Ain't) No Thinkin' Thing,Trace Adkins,21,5,Gains In Performance
1997-02-22,20,Holdin',Diamond Rio,22,11,Gains In Performance
1997-02-22,21,Maybe He'll Notice Her Now,Mindy McCready (Featuring Lonestar's Richie McDonald),18,20,
1997-02-22,22,She Wants To Be Wanted Again,Ty Herndon,23,17,Gains In Performance
1997-02-22,23,Rumor Has It,Clay Walker,31,4,Gains In Performance
1997-02-22,24,Heartbroke Every Day,Lonestar,25,12,Gains In Performance
1997-02-22,25,Emotional Girl,Terri Clark,30,7,Gains In Performance
1997-02-22,26,When I Close My Eyes,Kenny Chesney,28,10,Gains In Performance
1997-02-22,27,Friends,John Michael Montgomery,20,19,
1997-02-22,28,Don't Take Her She's All I Got,Tracy Byrd,37,5,Gains In Performance
1997-02-22,29,You Can't Stop Love,Marty Stuart,33,18,Gains In Performance
1997-02-22,30,"Politics, Religion And Her",Sammy Kershaw,32,16,Gains In Performance
1997-02-22,31,All I Do Is Love Her,James Bonamy,27,18,
1997-02-22,32,Little Bitty,Alan Jackson,29,18,
1997-02-22,33,Ease My Troubled Mind,Ricochet,35,6,Gains In Performance
1997-02-22,34,Here's Your Sign (Get The Picture),Bill Engvall With Special Guest Travis Tritt,38,5,Gains In Performance
1997-02-22,35,King Of The Mountain,George Strait,24,10,
1997-02-22,36,Another You,David Kersh,41,6,Gains In Performance
1997-02-22,37,That's How I Got To Memphis,Deryl Dodd,39,16,Gains In Performance
1997-02-22,38,If She Don't Love You,The Buffalo Club,43,6,Gains In Performance
1997-02-22,39,Maybe We Should Just Sleep On It,Tim McGraw,34,20,
1997-02-22,40,I Meant To Do That,Paul Brandt,40,15,
1997-02-22,41,That's Another Song,Bryan White,26,19,
1997-02-22,42,That Woman Of Mine,Neal McCoy,42,11,Gains In Performance
1997-02-22,43,Good As I Was To You,Lorrie Morgan,44,5,Gains In Performance
1997-02-22,44,On The Verge,Collin Raye,NEW,1,Highest ranking debut|Gains In Performance
1997-02-22,45,Cry On The Shoulder Of The Road,Martina McBride,48,5,Gains In Performance
1997-02-22,46,455 Rocket,Kathy Mattea,49,6,Gains In Performance
1997-02-22,47,Dark Horse,Mila Mason,51,3,Gains In Performance
1997-02-22,48,"Poor, Poor Pitiful Me",Terri Clark,45,20,
1997-02-22,49,I Want To Be Your Girlfriend,Mary Chapin Carpenter,50,4,Gains In Performance
1997-02-22,50,Cold Outside,Big House,57,3,Gains In Performance
1997-02-22,51,Forever And A Day,Gary Allan,52,6,Gains In Performance
1997-02-22,52,Change Her Mind,Gene Watson,59,5,Gains In Performance
1997-02-22,53,More Than I Wanted To Know,Regina Regina,55,6,Gains In Performance
1997-02-22,54,Kiss The Girl,Little Texas,56,18,Gains In Performance
1997-02-22,55,"Better Man, Better Off",Tracy Lawrence,NEW,1,Gains In Performance
1997-02-22,56,Genuine Rednecks,David Lee Murphy,53,5,
1997-02-22,57,She's Sure Taking It Well,Kevin Sharp,63,3,Gains In Performance
1997-02-22,58,It's Over My Head,Wade Hayes,47,10,
1997-02-22,59,That's What Happens When I Hold You,Aaron Tippin,64,2,Gains In Performance
1997-02-22,60,Long Trail Of Tears,George Ducas,60,3,Gains In Performance
1997-03-01,1,Running Out Of Reasons To Run,Rick Trevino,3,19,Gains In Performance
1997-03-01,2,Amen Kind Of Love,Daryle Singletary,4,21,Gains In Performance
1997-03-01,3,A Man This Lonely,Brooks & Dunn,1,13,
1997-03-01,4,Pretty Little Adriana,Vince Gill,2,17,
1997-03-01,5,We Danced Anyway,Deana Carter,8,12,Gains In Performance
1997-03-01,6,Me Too,Toby Keith,7,15,Gains In Performance
1997-03-01,7,Unchained Melody,LeAnn Rimes,10,11,Gains In Performance
1997-03-01,8,Half Way Up,Clint Black,6,14,
1997-03-01,9,She Drew A Broken Heart,Patty Loveless,11,11,Gains In Performance
1997-03-01,10,Where Corn Don't Grow,Travis Tritt,9,15,Gains In Performance
1997-03-01,11,How Was I To Know,Reba McEntire,12,10,Gains In Performance
1997-03-01,12,She's Taken A Shine,John Berry,14,13,Gains In Performance
1997-03-01,13,It's A Little Too Late,Mark Chesnutt,5,22,
1997-03-01,14,(This Ain't) No Thinkin' Thing,Trace Adkins,19,6,Gains In Performance
1997-03-01,15,Everything I Love,Alan Jackson,17,7,
1997-03-01,16,Holdin',Diamond Rio,20,12,Gains In Performance
1997-03-01,17,Rumor Has It,Clay Walker,23,5,Gains In Performance
1997-03-01,18,Is That A Tear,Tracy Lawrence,13,18,
1997-03-01,19,Don't Take Her She's All I Got,Tracy Byrd,28,6,Gains In Performance
1997-03-01,20,When I Close My Eyes,Kenny Chesney,26,11,Gains In Performance
1997-03-01,21,She Wants To Be Wanted Again,Ty Herndon,22,18,Gains In Performance
1997-03-01,22,Heartbroke Every Day,Lonestar,24,13,Gains In Performance
1997-03-01,23,Emotional Girl,Terri Clark,25,8,Gains In Performance
1997-03-01,24,Ease My Troubled Mind,Ricochet,33,7,Gains In Performance
1997-03-01,25,Everybody Knows,Trisha Yearwood,15,17,
1997-03-01,26,You Can't Stop Love,Marty Stuart,29,19,Gains In Performance
1997-03-01,27,I Can't Do That Anymore,Faith Hill,16,20,
1997-03-01,28,"Politics, Religion And Her",Sammy Kershaw,30,17,
1997-03-01,29,Here's Your Sign (Get The Picture),Bill Engvall With Special Guest Travis Tritt,34,6,Gains In Performance
1997-03-01,30,Little Bitty,Alan Jackson,32,19,
1997-03-01,31,Another You,David Kersh,36,7,Gains In Performance
1997-03-01,32,Friends,John Michael Montgomery,27,20,
1997-03-01,33,If She Don't Love You,The Buffalo Club,38,7,Gains In Performance
1997-03-01,34,Good As I Was To You,Lorrie Morgan,43,6,Gains In Performance
1997-03-01,35,On The Verge,Collin Raye,44,2,Gains In Performance
1997-03-01,36,That's How I Got To Memphis,Deryl Dodd,37,17,
1997-03-01,37,That Woman Of Mine,Neal McCoy,42,12,Gains In Performance
1997-03-01,38,"Better Man, Better Off",Tracy Lawrence,55,2,Gains In Performance
1997-03-01,39,455 Rocket,Kathy Mattea,46,7,Gains In Performance
1997-03-01,40,Dark Horse,Mila Mason,47,4,Gains In Performance
1997-03-01,41,Cry On The Shoulder Of The Road,Martina McBride,45,6,Gains In Performance
1997-03-01,42,I Meant To Do That,Paul Brandt,40,16,
1997-03-01,43,All I Do Is Love Her,James Bonamy,31,19,
1997-03-01,44,That's Another Song,Bryan White,41,20,
1997-03-01,45,Sad Lookin' Moon,Alabama,NEW,1,Highest ranking debut|Gains In Performance
1997-03-01,46,I Want To Be Your Girlfriend,Mary Chapin Carpenter,49,5,Gains In Performance
1997-03-01,47,Cold Outside,Big House,50,4,Gains In Performance
1997-03-01,48,Forever And A Day,Gary Allan,51,7,Gains In Performance
1997-03-01,49,King Of The Mountain,George Strait,35,11,
1997-03-01,50,Change Her Mind,Gene Watson,52,6,Gains In Performance
1997-03-01,51,She's Sure Taking It Well,Kevin Sharp,57,4,Gains In Performance
1997-03-01,52,That's What Happens When I Hold You,Aaron Tippin,59,3,Gains In Performance
1997-03-01,53,Valentine,Martina McBride With Jim Brickman,69,2,Gains In Performance
1997-03-01,54,Kiss The Girl,Little Texas,54,19,
1997-03-01,55,Long Trail Of Tears,George Ducas,60,4,Gains In Performance
1997-03-01,56,I'd Love You To Love Me,Emilio,62,3,Gains In Performance
1997-03-01,57,Daddy's Little Girl,Kippi Brannon,61,4,Gains In Performance
1997-03-01,58,Places I've Never Been,Mark Wills,NEW,1,Gains In Performance
1997-03-01,59,A Girl's Gotta Do (What A Girl's Gotta Do),Mindy McCready,NEW,1,Gains In Performance
1997-03-01,60,More Than I Wanted To Know,Regina Regina,53,7,
1997-03-08,1,Me Too,Toby Keith,6,16,Gains In Performance
1997-03-08,2,We Danced Anyway,Deana Carter,5,13,Gains In Performance
1997-03-08,3,Running Out Of Reasons To Run,Rick Trevino,1,20,
1997-03-08,4,Amen Kind Of Love,Daryle Singletary,2,22,
1997-03-08,5,Unchained Melody,LeAnn Rimes,7,12,Gains In Performance
1997-03-08,6,Where Corn Don't Grow,Travis Tritt,10,16,Gains In Performance
1997-03-08,7,She Drew A Broken Heart,Patty Loveless,9,12,Gains In Performance
1997-03-08,8,How Was I To Know,Reba McEntire,11,11,Gains In Performance
1997-03-08,9,She's Taken A Shine,John Berry,12,14,Gains In Performance
1997-03-08,10,A Man This Lonely,Brooks & Dunn,3,14,
1997-03-08,11,(This Ain't) No Thinkin' Thing,Trace Adkins,14,7,Gains In Performance
1997-03-08,12,Half Way Up,Clint Black,8,15,
1997-03-08,13,Holdin',Diamond Rio,16,13,Gains In Performance
1997-03-08,14,Rumor Has It,Clay Walker,17,6,Gains In Performance
1997-03-08,15,Everything I Love,Alan Jackson,15,8,Gains In Performance
1997-03-08,16,Pretty Little Adriana,Vince Gill,4,18,
1997-03-08,17,Don't Take Her She's All I Got,Tracy Byrd,19,7,Gains In Performance
1997-03-08,18,When I Close My Eyes,Kenny Chesney,20,12,Gains In Performance
1997-03-08,19,It's A Little Too Late,Mark Chesnutt,13,23,
1997-03-08,20,Heartbroke Every Day,Lonestar,22,14,Gains In Performance
1997-03-08,21,Emotional Girl,Terri Clark,23,9,Gains In Performance
1997-03-08,22,She Wants To Be Wanted Again,Ty Herndon,21,19,Gains In Performance
1997-03-08,23,Ease My Troubled Mind,Ricochet,24,8,Gains In Performance
1997-03-08,24,Is That A Tear,Tracy Lawrence,18,19,
1997-03-08,25,Another You,David Kersh,31,8,Gains In Performance
1997-03-08,26,You Can't Stop Love,Marty Stuart,26,20,Gains In Performance
1997-03-08,27,If She Don't Love You,The Buffalo Club,33,8,Gains In Performance
1997-03-08,28,On The Verge,Collin Raye,35,3,Gains In Performance
1997-03-08,29,Here's Your Sign (Get The Picture),Bill Engvall With Special Guest Travis Tritt,29,7,Gains In Performance
1997-03-08,30,"Better Man, Better Off",Tracy Lawrence,38,3,Gains In Performance
1997-03-08,31,Little Bitty,Alan Jackson,30,20,
1997-03-08,32,"Politics, Religion And Her",Sammy Kershaw,28,18,
1997-03-08,33,Good As I Was To You,Lorrie Morgan,34,7,Gains In Performance
1997-03-08,34,Everybody Knows,Trisha Yearwood,25,18,
1997-03-08,35,That Woman Of Mine,Neal McCoy,37,13,Gains In Performance
1997-03-08,36,Dark Horse,Mila Mason,40,5,Gains In Performance
1997-03-08,37,455 Rocket,Kathy Mattea,39,8,Gains In Performance
1997-03-08,38,Sad Lookin' Moon,Alabama,45,2,Gains In Performance
1997-03-08,39,Cry On The Shoulder Of The Road,Martina McBride,41,7,Gains In Performance
1997-03-08,40,She's Sure Taking It Well,Kevin Sharp,51,5,Gains In Performance
1997-03-08,41,That's How I Got To Memphis,Deryl Dodd,36,18,
1997-03-08,42,I Want To Be Your Girlfriend,Mary Chapin Carpenter,46,6,Gains In Performance
1997-03-08,43,Cold Outside,Big House,47,5,Gains In Performance
1997-03-08,44,Forever And A Day,Gary Allan,48,8,
1997-03-08,45,Change Her Mind,Gene Watson,50,7,Gains In Performance
1997-03-08,46,A Girl's Gotta Do (What A Girl's Gotta Do),Mindy McCready,59,2,Gains In Performance
1997-03-08,47,Six Days On The Road,Sawyer Brown,68,2,Gains In Performance
1997-03-08,48,I Meant To Do That,Paul Brandt,42,17,
1997-03-08,49,All I Do Is Love Her,James Bonamy,43,20,
1997-03-08,50,That's What Happens When I Hold You,Aaron Tippin,52,4,Gains In Performance
1997-03-08,51,I Miss You A Little,John Michael Montgomery,67,2,Gains In Performance
1997-03-08,52,Places I've Never Been,Mark Wills,58,2,Gains In Performance
1997-03-08,53,Sittin' On Go,Bryan White,75,2,Gains In Performance
1997-03-08,54,Whatever Comes First,Sons Of The Desert,NEW,1,Highest ranking debut|Gains In Performance
1997-03-08,55,Little Things,Tanya Tucker,64,2,Gains In Performance
1997-03-08,56,I Need You,Trisha Yearwood,70,2,Gains In Performance
1997-03-08,57,Daddy's Little Girl,Kippi Brannon,57,5,Gains In Performance
1997-03-08,58,Long Trail Of Tears,George Ducas,55,5,Gains In Performance
1997-03-08,59,I'd Love You To Love Me,Emilio,56,4,Gains In Performance
1997-03-08,60,The Hopechest Song,Stephanie Bentley,69,3,Gains In Performance
1997-03-15,1,We Danced Anyway,Deana Carter,2,14,Gains In Performance
1997-03-15,2,Me Too,Toby Keith,1,17,
1997-03-15,3,Unchained Melody,LeAnn Rimes,5,13,Gains In Performance
1997-03-15,4,She Drew A Broken Heart,Patty Loveless,7,13,Gains In Performance
1997-03-15,5,She's Taken A Shine,John Berry,9,15,Gains In Performance
1997-03-15,6,Where Corn Don't Grow,Travis Tritt,6,17,Gains In Performance
1997-03-15,7,How Was I To Know,Reba McEntire,8,12,Gains In Performance
1997-03-15,8,Rumor Has It,Clay Walker,14,7,Gains In Performance
1997-03-15,9,Running Out Of Reasons To Run,Rick Trevino,3,21,
1997-03-15,10,Holdin',Diamond Rio,13,14,Gains In Performance
1997-03-15,11,(This Ain't) No Thinkin' Thing,Trace Adkins,11,8,Gains In Performance
1997-03-15,12,Everything I Love,Alan Jackson,15,9,Gains In Performance
1997-03-15,13,Don't Take Her She's All I Got,Tracy Byrd,17,8,Gains In Performance
1997-03-15,14,When I Close My Eyes,Kenny Chesney,18,13,Gains In Performance
1997-03-15,15,Amen Kind Of Love,Daryle Singletary,4,23,
1997-03-15,16,A Man This Lonely,Brooks & Dunn,10,15,
1997-03-15,17,Emotional Girl,Terri Clark,21,10,Gains In Performance
1997-03-15,18,Heartbroke Every Day,Lonestar,20,15,
1997-03-15,19,On The Verge,Collin Raye,28,4,Gains In Performance
1997-03-15,20,Another You,David Kersh,25,9,Gains In Performance
1997-03-15,21,"Better Man, Better Off",Tracy Lawrence,30,4,Gains In Performance
1997-03-15,22,Ease My Troubled Mind,Ricochet,23,9,Gains In Performance
1997-03-15,23,She Wants To Be Wanted Again,Ty Herndon,22,20,
1997-03-15,24,Pretty Little Adriana,Vince Gill,16,19,
1997-03-15,25,If She Don't Love You,The Buffalo Club,27,9,Gains In Performance
1997-03-15,26,Good As I Was To You,Lorrie Morgan,33,8,Gains In Performance
1997-03-15,27,Half Way Up,Clint Black,12,16,
1997-03-15,28,Is That A Tear,Tracy Lawrence,24,20,
1997-03-15,29,Here's Your Sign (Get The Picture),Bill Engvall With Special Guest Travis Tritt,29,8,
1997-03-15,30,Sad Lookin' Moon,Alabama,38,3,Gains In Performance
1997-03-15,31,455 Rocket,Kathy Mattea,37,9,Gains In Performance
1997-03-15,32,Dark Horse,Mila Mason,36,6,Gains In Performance
1997-03-15,33,She's Sure Taking It Well,Kevin Sharp,40,6,Gains In Performance
1997-03-15,34,Everybody Knows,Trisha Yearwood,34,19,
1997-03-15,35,Cry On The Shoulder Of The Road,Martina McBride,39,8,Gains In Performance
1997-03-15,36,That Woman Of Mine,Neal McCoy,35,14,
1997-03-15,37,One Night At A Time,George Strait,NEW,1,Highest ranking debut|Gains In Performance
1997-03-15,38,I Miss You A Little,John Michael Montgomery,51,3,Gains In Performance
1997-03-15,39,I Want To Be Your Girlfriend,Mary Chapin Carpenter,42,7,Gains In Performance
1997-03-15,40,Sittin' On Go,Bryan White,53,3,Gains In Performance
1997-03-15,41,A Girl's Gotta Do (What A Girl's Gotta Do),Mindy McCready,46,3,Gains In Performance
1997-03-15,42,Cold Outside,Big House,43,6,Gains In Performance
1997-03-15,43,Six Days On The Road,Sawyer Brown,47,3,Gains In Performance
1997-03-15,44,"Politics, Religion And Her",Sammy Kershaw,32,19,
1997-03-15,45,Little Things,Tanya Tucker,55,3,Gains In Performance
1997-03-15,46,Places I've Never Been,Mark Wills,52,3,Gains In Performance
1997-03-15,47,Change Her Mind,Gene Watson,45,8,
1997-03-15,48,I Need You,Trisha Yearwood,56,3,Gains In Performance
1997-03-15,49,Daddy's Little Girl,Kippi Brannon,57,6,Gains In Performance
1997-03-15,50,Forever And A Day,Gary Allan,44,9,
1997-03-15,51,That's What Happens When I Hold You,Aaron Tippin,50,5,
1997-03-15,52,Whatever Comes First,Sons Of The Desert,54,2,Gains In Performance
1997-03-15,53,Bad For Us,Little Texas,65,3,Gains In Performance
1997-03-15,54,Say Yes,Burnin' Daylight,61,5,Gains In Performance
1997-03-15,55,That's How I Got To Memphis,Deryl Dodd,41,19,
1997-03-15,56,Be Honest,Thrasher Shiver,63,4,Gains In Performance
1997-03-15,57,The Hopechest Song,Stephanie Bentley,60,4,Gains In Performance
1997-03-15,58,Long Trail Of Tears,George Ducas,58,6,Gains In Performance
1997-03-15,59,I'd Love You To Love Me,Emilio,59,5,Gains In Performance
1997-03-15,60,Price To Pay,Randy Travis,66,4,Gains In Performance
1997-03-22,1,We Danced Anyway,Deana Carter,1,15,
1997-03-22,2,She's Taken A Shine,John Berry,5,16,Gains In Performance
1997-03-22,3,How Was I To Know,Reba McEntire,7,13,Gains In Performance
1997-03-22,4,She Drew A Broken Heart,Patty Loveless,4,14,
1997-03-22,5,(This Ain't) No Thinkin' Thing,Trace Adkins,11,9,Gains In Performance
1997-03-22,6,Holdin',Diamond Rio,10,15,Gains In Performance
1997-03-22,7,Rumor Has It,Clay Walker,8,8,Gains In Performance
1997-03-22,8,Where Corn Don't Grow,Travis Tritt,6,18,
1997-03-22,9,Unchained Melody,LeAnn Rimes,3,14,
1997-03-22,10,Everything I Love,Alan Jackson,12,10,Gains In Performance
1997-03-22,11,Me Too,Toby Keith,2,18,
1997-03-22,12,Don't Take Her She's All I Got,Tracy Byrd,13,9,Gains In Performance
1997-03-22,13,When I Close My Eyes,Kenny Chesney,14,14,Gains In Performance
1997-03-22,14,Emotional Girl,Terri Clark,17,11,Gains In Performance
1997-03-22,15,On The Verge,Collin Raye,19,5,Gains In Performance
1997-03-22,16,"Better Man, Better Off",Tracy Lawrence,21,5,Gains In Performance
1997-03-22,17,Running Out Of Reasons To Run,Rick Trevino,9,22,
1997-03-22,18,Another You,David Kersh,20,10,Gains In Performance
1997-03-22,19,Heartbroke Every Day,Lonestar,18,16,
1997-03-22,20,Ease My Troubled Mind,Ricochet,22,10,Gains In Performance
1997-03-22,21,One Night At A Time,George Strait,37,2,Gains In Performance
1997-03-22,22,Good As I Was To You,Lorrie Morgan,26,9,Gains In Performance
1997-03-22,23,If She Don't Love You,The Buffalo Club,25,10,Gains In Performance
1997-03-22,24,A Man This Lonely,Brooks & Dunn,16,16,
1997-03-22,25,Sad Lookin' Moon,Alabama,30,4,Gains In Performance
1997-03-22,26,455 Rocket,Kathy Mattea,31,10,Gains In Performance
1997-03-22,27,Dark Horse,Mila Mason,32,7,Gains In Performance
1997-03-22,28,She's Sure Taking It Well,Kevin Sharp,33,7,Gains In Performance
1997-03-22,29,Pretty Little Adriana,Vince Gill,24,20,
1997-03-22,30,I Miss You A Little,John Michael Montgomery,38,4,Gains In Performance
1997-03-22,31,Here's Your Sign (Get The Picture),Bill Engvall With Special Guest Travis Tritt,29,9,
1997-03-22,32,Sittin' On Go,Bryan White,40,4,Gains In Performance
1997-03-22,33,Cry On The Shoulder Of The Road,Martina McBride,35,9,Gains In Performance
1997-03-22,34,Half Way Up,Clint Black,27,17,
1997-03-22,35,A Girl's Gotta Do (What A Girl's Gotta Do),Mindy McCready,41,4,Gains In Performance
1997-03-22,36,I Want To Be Your Girlfriend,Mary Chapin Carpenter,39,8,Gains In Performance
1997-03-22,37,Cold Outside,Big House,42,7,Gains In Performance
1997-03-22,38,Six Days On The Road,Sawyer Brown,43,4,Gains In Performance
1997-03-22,39,Everybody Knows,Trisha Yearwood,34,20,
1997-03-22,40,Little Things,Tanya Tucker,45,4,Gains In Performance
1997-03-22,41,I Need You,Trisha Yearwood,48,4,Gains In Performance
1997-03-22,42,Places I've Never Been,Mark Wills,46,4,Gains In Performance
1997-03-22,43,That Woman Of Mine,Neal McCoy,36,15,
1997-03-22,44,Change Her Mind,Gene Watson,47,9,Gains In Performance
1997-03-22,45,Daddy's Little Girl,Kippi Brannon,49,7,Gains In Performance
1997-03-22,46,Whatever Comes First,Sons Of The Desert,52,3,Gains In Performance
1997-03-22,47,Say Yes,Burnin' Daylight,54,6,Gains In Performance
1997-03-22,48,This Is Your Brain,Joe Diffie,61,3,Gains In Performance
1997-03-22,49,Bad For Us,Little Texas,53,4,Gains In Performance
1997-03-22,50,Why Would I Say Goodbye,Brooks & Dunn,NEW,1,Highest ranking debut|Gains In Performance
1997-03-22,51,Be Honest,Thrasher Shiver,56,5,Gains In Performance
1997-03-22,52,The Hopechest Song,Stephanie Bentley,57,5,Gains In Performance
1997-03-22,53,Breakfast In Birmingham,David Lee Murphy,63,2,Gains In Performance
1997-03-22,54,"Politics, Religion And Her",Sammy Kershaw,44,20,
1997-03-22,55,Long Trail Of Tears,George Ducas,58,7,Gains In Performance
1997-03-22,56,I'd Love You To Love Me,Emilio,59,6,
1997-03-22,57,"Never Again, Again",Lee Ann Womack,71,2,Gains In Performance
1997-03-22,58,The Used To Be's,Daryle Singletary,65,2,Gains In Performance
1997-03-22,59,That's What Happens When I Hold You,Aaron Tippin,51,6,
1997-03-22,60,A Girl Like You,Jeffrey Steele,NEW,1,Gains In Performance
1997-03-29,1,How Was I To Know,Reba McEntire,3,14,Gains In Performance
1997-03-29,2,She's Taken A Shine,John Berry,2,17,Gains In Performance
1997-03-29,3,(This Ain't) No Thinkin' Thing,Trace Adkins,5,10,Gains In Performance
1997-03-29,4,Holdin',Diamond Rio,6,16,Gains In Performance
1997-03-29,5,She Drew A Broken Heart,Patty Loveless,4,15,Gains In Performance
1997-03-29,6,We Danced Anyway,Deana Carter,1,16,
1997-03-29,7,Rumor Has It,Clay Walker,7,9,Gains In Performance
1997-03-29,8,Don't Take Her She's All I Got,Tracy Byrd,12,10,Gains In Performance
1997-03-29,9,Everything I Love,Alan Jackson,10,11,Gains In Performance
1997-03-29,10,When I Close My Eyes,Kenny Chesney,13,15,Gains In Performance
1997-03-29,11,One Night At A Time,George Strait,21,3,Gains In Performance
1997-03-29,12,On The Verge,Collin Raye,15,6,Gains In Performance
1997-03-29,13,Emotional Girl,Terri Clark,14,12,Gains In Performance
1997-03-29,14,"Better Man, Better Off",Tracy Lawrence,16,6,Gains In Performance
1997-03-29,15,Another You,David Kersh,18,11,Gains In Performance
1997-03-29,16,Unchained Melody,LeAnn Rimes,9,15,
1997-03-29,17,Me Too,Toby Keith,11,19,
1997-03-29,18,Good As I Was To You,Lorrie Morgan,22,10,Gains In Performance
1997-03-29,19,Sad Lookin' Moon,Alabama,25,5,Gains In Performance
1997-03-29,20,If She Don't Love You,The Buffalo Club,23,11,Gains In Performance
1997-03-29,21,Where Corn Don't Grow,Travis Tritt,8,19,
1997-03-29,22,I Miss You A Little,John Michael Montgomery,30,5,Gains In Performance
1997-03-29,23,She's Sure Taking It Well,Kevin Sharp,28,8,Gains In Performance
1997-03-29,24,455 Rocket,Kathy Mattea,26,11,Gains In Performance
1997-03-29,25,Sittin' On Go,Bryan White,32,5,Gains In Performance
1997-03-29,26,Dark Horse,Mila Mason,27,8,Gains In Performance
1997-03-29,27,Ease My Troubled Mind,Ricochet,20,11,
1997-03-29,28,Heartbroke Every Day,Lonestar,19,17,
1997-03-29,29,A Girl's Gotta Do (What A Girl's Gotta Do),Mindy McCready,35,5,Gains In Performance
1997-03-29,30,A Man This Lonely,Brooks & Dunn,24,17,
1997-03-29,31,Cry On The Shoulder Of The Road,Martina McBride,33,10,Gains In Performance
1997-03-29,32,Six Days On The Road,Sawyer Brown,38,5,Gains In Performance
1997-03-29,33,Cold Outside,Big House,37,8,Gains In Performance
1997-03-29,34,Why Would I Say Goodbye,Brooks & Dunn,50,2,Gains In Performance
1997-03-29,35,I Want To Be Your Girlfriend,Mary Chapin Carpenter,36,9,Gains In Performance
1997-03-29,36,Half Way Up,Clint Black,34,18,
1997-03-29,37,Little Things,Tanya Tucker,40,5,Gains In Performance
1997-03-29,38,Here's Your Sign (Get The Picture),Bill Engvall With Special Guest Travis Tritt,31,10,
1997-03-29,39,Places I've Never Been,Mark Wills,42,5,Gains In Performance
1997-03-29,40,I Need You,Trisha Yearwood,41,5,Gains In Performance
1997-03-29,41,"Never Again, Again",Lee Ann Womack,57,3,Gains In Performance
1997-03-29,42,This Is Your Brain,Joe Diffie,48,4,Gains In Performance
1997-03-29,43,Whatever Comes First,Sons Of The Desert,46,4,Gains In Performance
1997-03-29,44,Daddy's Little Girl,Kippi Brannon,45,8,Gains In Performance
1997-03-29,45,Bad For Us,Little Texas,49,5,Gains In Performance
1997-03-29,46,The Light In Your Eyes,LeAnn Rimes,75,2,Gains In Performance
1997-03-29,47,The Hopechest Song,Stephanie Bentley,52,6,Gains In Performance
1997-03-29,48,Change Her Mind,Gene Watson,44,10,
1997-03-29,49,Say Yes,Burnin' Daylight,47,7,Gains In Performance
1997-03-29,50,A Little More Love,Vince Gill,NEW,1,Highest ranking debut|Gains In Performance
1997-03-29,51,Be Honest,Thrasher Shiver,51,6,Gains In Performance
1997-03-29,52,Breakfast In Birmingham,David Lee Murphy,53,3,Gains In Performance
1997-03-29,53,The Used To Be's,Daryle Singletary,58,3,Gains In Performance
1997-03-29,54,I Only Get This Way With You,Rick Trevino,67,2,Gains In Performance
1997-03-29,55,That Woman Of Mine,Neal McCoy,43,16,
1997-03-29,56,Loved Too Much,Ty Herndon,73,2,Gains In Performance
1997-03-29,57,I'd Love You To Love Me,Emilio,56,7,
1997-03-29,58,"She Said, He Heard",Suzy Bogguss,62,2,Gains In Performance
1997-03-29,59,Long Trail Of Tears,George Ducas,55,8,
1997-03-29,60,Use Mine,Jeff Wood,65,3,Gains In Performance
1997-04-05,1,(This Ain't) No Thinkin' Thing,Trace Adkins,3,11,Gains In Performance
1997-04-05,2,Rumor Has It,Clay Walker,7,10,Gains In Performance
1997-04-05,3,How Was I To Know,Reba McEntire,1,15,
1997-04-05,4,Holdin',Diamond Rio,4,17,Gains In Performance
1997-04-05,5,Don't Take Her She's All I Got,Tracy Byrd,8,11,Gains In Performance
1997-04-05,6,When I Close My Eyes,Kenny Chesney,10,16,Gains In Performance
1997-04-05,7,She Drew A Broken Heart,Patty Loveless,5,16,
1997-04-05,8,She's Taken A Shine,John Berry,2,18,
1997-04-05,9,One Night At A Time,George Strait,11,4,Gains In Performance
1997-04-05,10,Everything I Love,Alan Jackson,9,12,
1997-04-05,11,On The Verge,Collin Raye,12,7,Gains In Performance
1997-04-05,12,Another You,David Kersh,15,12,Gains In Performance
1997-04-05,13,Emotional Girl,Terri Clark,13,13,Gains In Performance
1997-04-05,14,"Better Man, Better Off",Tracy Lawrence,14,7,Gains In Performance
1997-04-05,15,We Danced Anyway,Deana Carter,6,17,
1997-04-05,16,Sad Lookin' Moon,Alabama,19,6,Gains In Performance
1997-04-05,17,Good As I Was To You,Lorrie Morgan,18,11,Gains In Performance
1997-04-05,18,If She Don't Love You,The Buffalo Club,20,12,Gains In Performance
1997-04-05,19,I Miss You A Little,John Michael Montgomery,22,6,Gains In Performance
1997-04-05,20,She's Sure Taking It Well,Kevin Sharp,23,9,Gains In Performance
1997-04-05,21,Sittin' On Go,Bryan White,25,6,Gains In Performance
1997-04-05,22,Dark Horse,Mila Mason,26,9,Gains In Performance
1997-04-05,23,455 Rocket,Kathy Mattea,24,12,Gains In Performance
1997-04-05,24,Me Too,Toby Keith,17,20,
1997-04-05,25,A Girl's Gotta Do (What A Girl's Gotta Do),Mindy McCready,29,6,Gains In Performance
1997-04-05,26,Why Would I Say Goodbye,Brooks & Dunn,34,3,Gains In Performance
1997-04-05,27,Unchained Melody,LeAnn Rimes,16,16,
1997-04-05,28,Where Corn Don't Grow,Travis Tritt,21,20,
1997-04-05,29,Six Days On The Road,Sawyer Brown,32,6,Gains In Performance
1997-04-05,30,Cry On The Shoulder Of The Road,Martina McBride,31,11,Gains In Performance
1997-04-05,31,Cold Outside,Big House,33,9,Gains In Performance
1997-04-05,32,A Man This Lonely,Brooks & Dunn,30,18,
1997-04-05,33,A Little More Love,Vince Gill,50,2,Gains In Performance
1997-04-05,34,The Light In Your Eyes,LeAnn Rimes,46,3,Gains In Performance
1997-04-05,35,Little Things,Tanya Tucker,37,6,Gains In Performance
1997-04-05,36,Here's Your Sign (Get The Picture),Bill Engvall With Special Guest Travis Tritt,38,11,Gains In Performance
1997-04-05,37,Places I've Never Been,Mark Wills,39,6,Gains In Performance
1997-04-05,38,Heartbroke Every Day,Lonestar,28,18,
1997-04-05,39,I Want To Be Your Girlfriend,Mary Chapin Carpenter,35,10,
1997-04-05,40,I Need You,Trisha Yearwood,40,6,Gains In Performance
1997-04-05,41,"Never Again, Again",Lee Ann Womack,41,4,Gains In Performance
1997-04-05,42,Half Way Up,Clint Black,36,19,
1997-04-05,43,This Is Your Brain,Joe Diffie,42,5,Gains In Performance
1997-04-05,44,Whatever Comes First,Sons Of The Desert,43,5,Gains In Performance
1997-04-05,45,Count Me In,Deana Carter,61,2,Gains In Performance
1997-04-05,46,Ease My Troubled Mind,Ricochet,27,12,
1997-04-05,47,Daddy's Little Girl,Kippi Brannon,44,9,Gains In Performance
1997-04-05,48,Say Yes,Burnin' Daylight,49,8,Gains In Performance
1997-04-05,49,Bad For Us,Little Texas,45,6,Gains In Performance
1997-04-05,50,The Hopechest Song,Stephanie Bentley,47,7,
1997-04-05,51,Be Honest,Thrasher Shiver,51,7,Gains In Performance
1997-04-05,52,Loved Too Much,Ty Herndon,56,3,Gains In Performance
1997-04-05,53,Breakfast In Birmingham,David Lee Murphy,52,4,Gains In Performance
1997-04-05,54,I Only Get This Way With You,Rick Trevino,54,3,Gains In Performance
1997-04-05,55,The Used To Be's,Daryle Singletary,53,4,Gains In Performance
1997-04-05,56,Change Her Mind,Gene Watson,48,11,
1997-04-05,57,Let It Rain,Mark Chesnutt,64,4,Gains In Performance
1997-04-05,58,"She Said, He Heard",Suzy Bogguss,58,3,Gains In Performance
1997-04-05,59,A Dozen Red Roses,Tammy Graham,68,3,Gains In Performance
1997-04-05,60,Use Mine,Jeff Wood,60,4,Gains In Performance
1997-04-12,1,Rumor Has It,Clay Walker,2,11,Gains In Performance
1997-04-12,2,(This Ain't) No Thinkin' Thing,Trace Adkins,1,12,Gains In Performance
1997-04-12,3,When I Close My Eyes,Kenny Chesney,6,17,Gains In Performance
1997-04-12,4,Don't Take Her She's All I Got,Tracy Byrd,5,12,Gains In Performance
1997-04-12,5,Holdin',Diamond Rio,4,18,
1997-04-12,6,How Was I To Know,Reba McEntire,3,16,
1997-04-12,7,One Night At A Time,George Strait,9,5,Gains In Performance
1997-04-12,8,On The Verge,Collin Raye,11,8,Gains In Performance
1997-04-12,9,Another You,David Kersh,12,13,Gains In Performance
1997-04-12,10,"Better Man, Better Off",Tracy Lawrence,14,8,Gains In Performance
1997-04-12,11,Emotional Girl,Terri Clark,13,14,Gains In Performance
1997-04-12,12,She's Taken A Shine,John Berry,8,19,
1997-04-12,13,Sad Lookin' Moon,Alabama,16,7,Gains In Performance
1997-04-12,14,If She Don't Love You,The Buffalo Club,18,13,Gains In Performance
1997-04-12,15,I Miss You A Little,John Michael Montgomery,19,7,Gains In Performance
1997-04-12,16,Good As I Was To You,Lorrie Morgan,17,12,Gains In Performance
1997-04-12,17,Sittin' On Go,Bryan White,21,7,Gains In Performance
1997-04-12,18,She's Sure Taking It Well,Kevin Sharp,20,10,Gains In Performance
1997-04-12,19,She Drew A Broken Heart,Patty Loveless,7,17,
1997-04-12,20,Everything I Love,Alan Jackson,10,13,
1997-04-12,21,Dark Horse,Mila Mason,22,10,Gains In Performance
1997-04-12,22,A Girl's Gotta Do (What A Girl's Gotta Do),Mindy McCready,25,7,Gains In Performance
1997-04-12,23,455 Rocket,Kathy Mattea,23,13,Gains In Performance
1997-04-12,24,Why Would I Say Goodbye,Brooks & Dunn,26,4,Gains In Performance
1997-04-12,25,We Danced Anyway,Deana Carter,15,18,
1997-04-12,26,Six Days On The Road,Sawyer Brown,29,7,Gains In Performance
1997-04-12,27,A Little More Love,Vince Gill,33,3,Gains In Performance
1997-04-12,28,Cry On The Shoulder Of The Road,Martina McBride,30,12,Gains In Performance
1997-04-12,29,The Light In Your Eyes,LeAnn Rimes,34,4,Gains In Performance
1997-04-12,30,Cold Outside,Big House,31,10,Gains In Performance
1997-04-12,31,Little Things,Tanya Tucker,35,7,Gains In Performance
1997-04-12,32,Unchained Melody,LeAnn Rimes,27,17,
1997-04-12,33,Here's Your Sign (Get The Picture),Bill Engvall With Special Guest Travis Tritt,36,12,Gains In Performance
1997-04-12,34,A Man This Lonely,Brooks & Dunn,32,19,
1997-04-12,35,Places I've Never Been,Mark Wills,37,7,Gains In Performance
1997-04-12,36,"Never Again, Again",Lee Ann Womack,41,5,Gains In Performance
1997-04-12,37,Count Me In,Deana Carter,45,3,Gains In Performance
1997-04-12,38,I Need You,Trisha Yearwood,40,7,Gains In Performance
1997-04-12,39,This Is Your Brain,Joe Diffie,43,6,Gains In Performance
1997-04-12,40,Whatever Comes First,Sons Of The Desert,44,6,Gains In Performance
1997-04-12,41,Say Yes,Burnin' Daylight,48,9,Gains In Performance
1997-04-12,42,Loved Too Much,Ty Herndon,52,4,Gains In Performance
1997-04-12,43,Half Way Up,Clint Black,42,20,
1997-04-12,44,Daddy's Little Girl,Kippi Brannon,47,10,Gains In Performance
1997-04-12,45,Bad For Us,Little Texas,49,7,Gains In Performance
1997-04-12,46,Let It Rain,Mark Chesnutt,57,5,Gains In Performance
1997-04-12,47,I Only Get This Way With You,Rick Trevino,54,4,Gains In Performance
1997-04-12,48,Ease My Troubled Mind,Ricochet,46,13,
1997-04-12,49,Heartbroke Every Day,Lonestar,38,19,
1997-04-12,50,Be Honest,Thrasher Shiver,51,8,Gains In Performance
1997-04-12,51,Breakfast In Birmingham,David Lee Murphy,53,5,Gains In Performance
1997-04-12,52,The Hopechest Song,Stephanie Bentley,50,8,
1997-04-12,53,The Used To Be's,Daryle Singletary,55,5,Gains In Performance
1997-04-12,54,I Want To Be Your Girlfriend,Mary Chapin Carpenter,39,11,
1997-04-12,55,A Dozen Red Roses,Tammy Graham,59,4,Gains In Performance
1997-04-12,56,Use Mine,Jeff Wood,60,5,Gains In Performance
1997-04-12,57,Change Her Mind,Gene Watson,56,12,
1997-04-12,58,"She Said, He Heard",Suzy Bogguss,58,4,Gains In Performance
1997-04-12,59,Take It From Me,Paul Brandt,61,3,Gains In Performance
1997-04-12,60,Somewhere In Love,John & Audrey Wiggins,65,2,Gains In Performance
1997-04-19,1,Rumor Has It,Clay Walker,1,12,Gains In Performance
1997-04-19,2,When I Close My Eyes,Kenny Chesney,3,18,Gains In Performance
1997-04-19,3,One Night At A Time,George Strait,7,6,Gains In Performance
1997-04-19,4,Don't Take Her She's All I Got,Tracy Byrd,4,13,Gains In Performance
1997-04-19,5,Another You,David Kersh,9,14,Gains In Performance
1997-04-19,6,On The Verge,Collin Raye,8,9,Gains In Performance
1997-04-19,7,(This Ain't) No Thinkin' Thing,Trace Adkins,2,13,
1997-04-19,8,"Better Man, Better Off",Tracy Lawrence,10,9,Gains In Performance
1997-04-19,9,Sad Lookin' Moon,Alabama,13,8,Gains In Performance
1997-04-19,10,Emotional Girl,Terri Clark,11,15,Gains In Performance
1997-04-19,11,How Was I To Know,Reba McEntire,6,17,
1997-04-19,12,Holdin',Diamond Rio,5,19,
1997-04-19,13,Sittin' On Go,Bryan White,17,8,Gains In Performance
1997-04-19,14,I Miss You A Little,John Michael Montgomery,15,8,Gains In Performance
1997-04-19,15,If She Don't Love You,The Buffalo Club,14,14,Gains In Performance
1997-04-19,16,Good As I Was To You,Lorrie Morgan,16,13,Gains In Performance
1997-04-19,17,She's Sure Taking It Well,Kevin Sharp,18,11,Gains In Performance
1997-04-19,18,A Girl's Gotta Do (What A Girl's Gotta Do),Mindy McCready,22,8,Gains In Performance
1997-04-19,19,A Little More Love,Vince Gill,27,4,Gains In Performance
1997-04-19,20,Why Would I Say Goodbye,Brooks & Dunn,24,5,Gains In Performance
1997-04-19,21,455 Rocket,Kathy Mattea,23,14,Gains In Performance
1997-04-19,22,Dark Horse,Mila Mason,21,11,Gains In Performance
1997-04-19,23,She's Taken A Shine,John Berry,12,20,
1997-04-19,24,Six Days On The Road,Sawyer Brown,26,8,Gains In Performance
1997-04-19,25,The Light In Your Eyes,LeAnn Rimes,29,5,Gains In Performance
1997-04-19,26,Cry On The Shoulder Of The Road,Martina McBride,28,13,
1997-04-19,27,We Danced Anyway,Deana Carter,25,19,
1997-04-19,28,She Drew A Broken Heart,Patty Loveless,19,18,
1997-04-19,29,Little Things,Tanya Tucker,31,8,Gains In Performance
1997-04-19,30,Cold Outside,Big House,30,11,Gains In Performance
1997-04-19,31,Everything I Love,Alan Jackson,20,14,
1997-04-19,32,Count Me In,Deana Carter,37,4,Gains In Performance
1997-04-19,33,"Never Again, Again",Lee Ann Womack,36,6,Gains In Performance
1997-04-19,34,Places I've Never Been,Mark Wills,35,8,Gains In Performance
1997-04-19,35,A Man This Lonely,Brooks & Dunn,34,20,
1997-04-19,36,This Is Your Brain,Joe Diffie,39,7,Gains In Performance
1997-04-19,37,I Need You,Trisha Yearwood,38,8,Gains In Performance
1997-04-19,38,Here's Your Sign (Get The Picture),Bill Engvall With Special Guest Travis Tritt,33,13,
1997-04-19,39,Unchained Melody,LeAnn Rimes,32,18,
1997-04-19,40,Whatever Comes First,Sons Of The Desert,40,7,Gains In Performance
1997-04-19,41,Loved Too Much,Ty Herndon,42,5,Gains In Performance
1997-04-19,42,Let It Rain,Mark Chesnutt,46,6,Gains In Performance
1997-04-19,43,Say Yes,Burnin' Daylight,41,10,Gains In Performance
1997-04-19,44,I Only Get This Way With You,Rick Trevino,47,5,Gains In Performance
1997-04-19,45,Daddy's Little Girl,Kippi Brannon,44,11,Gains In Performance
1997-04-19,46,Bad For Us,Little Texas,45,8,
1997-04-19,47,A Dozen Red Roses,Tammy Graham,55,5,Gains In Performance
1997-04-19,48,Take It From Me,Paul Brandt,59,4,Gains In Performance
1997-04-19,49,Be Honest,Thrasher Shiver,50,9,Gains In Performance
1997-04-19,50,The Used To Be's,Daryle Singletary,53,6,Gains In Performance
1997-04-19,51,Who's Cheatin' Who,Alan Jackson,61,2,Gains In Performance
1997-04-19,52,Breakfast In Birmingham,David Lee Murphy,51,6,
1997-04-19,53,Fit To Be Tied Down,Sammy Kershaw,65,2,Gains In Performance
1997-04-19,54,The Hopechest Song,Stephanie Bentley,52,9,
1997-04-19,55,Heartbroke Every Day,Lonestar,49,20,
1997-04-19,56,She's Going Home With Me,Travis Tritt,NEW,1,Highest ranking debut|Gains In Performance
1997-04-19,57,Use Mine,Jeff Wood,56,6,Gains In Performance
1997-04-19,58,"She Said, He Heard",Suzy Bogguss,58,5,Gains In Performance
1997-04-19,59,True Lies,Sara Evans,63,4,Gains In Performance
1997-04-19,60,The Swing,James Bonamy,71,3,Gains In Performance
1997-04-26,1,One Night At A Time,George Strait,3,7,Gains In Performance
1997-04-26,2,When I Close My Eyes,Kenny Chesney,2,19,Gains In Performance
1997-04-26,3,On The Verge,Collin Raye,6,10,Gains In Performance
1997-04-26,4,Rumor Has It,Clay Walker,1,13,
1997-04-26,5,Another You,David Kersh,5,15,Gains In Performance
1997-04-26,6,Don't Take Her She's All I Got,Tracy Byrd,4,14,
1997-04-26,7,"Better Man, Better Off",Tracy Lawrence,8,10,Gains In Performance
1997-04-26,8,Sad Lookin' Moon,Alabama,9,9,Gains In Performance
1997-04-26,9,(This Ain't) No Thinkin' Thing,Trace Adkins,7,14,
1997-04-26,10,Good As I Was To You,Lorrie Morgan,16,14,Gains In Performance
1997-04-26,11,If She Don't Love You,The Buffalo Club,15,15,Gains In Performance
1997-04-26,12,I Miss You A Little,John Michael Montgomery,14,9,Gains In Performance
1997-04-26,13,Sittin' On Go,Bryan White,13,9,Gains In Performance
1997-04-26,14,She's Sure Taking It Well,Kevin Sharp,17,12,Gains In Performance
1997-04-26,15,A Girl's Gotta Do (What A Girl's Gotta Do),Mindy McCready,18,9,Gains In Performance
1997-04-26,16,A Little More Love,Vince Gill,19,5,Gains In Performance
1997-04-26,17,Why Would I Say Goodbye,Brooks & Dunn,20,6,Gains In Performance
1997-04-26,18,How Was I To Know,Reba McEntire,11,18,
1997-04-26,19,Six Days On The Road,Sawyer Brown,24,9,Gains In Performance
1997-04-26,20,The Light In Your Eyes,LeAnn Rimes,25,6,Gains In Performance
1997-04-26,21,455 Rocket,Kathy Mattea,21,15,Gains In Performance
1997-04-26,22,Dark Horse,Mila Mason,22,12,Gains In Performance
1997-04-26,23,Emotional Girl,Terri Clark,10,16,
1997-04-26,24,Holdin',Diamond Rio,12,20,
1997-04-26,25,Little Things,Tanya Tucker,29,9,Gains In Performance
1997-04-26,26,Who's Cheatin' Who,Alan Jackson,51,3,Gains In Performance
1997-04-26,27,Count Me In,Deana Carter,32,5,Gains In Performance
1997-04-26,28,"Never Again, Again",Lee Ann Womack,33,7,Gains In Performance
1997-04-26,29,We Danced Anyway,Deana Carter,27,20,
1997-04-26,30,Cold Outside,Big House,30,12,
1997-04-26,31,Cry On The Shoulder Of The Road,Martina McBride,26,14,
1997-04-26,32,This Is Your Brain,Joe Diffie,36,8,Gains In Performance
1997-04-26,33,Loved Too Much,Ty Herndon,41,6,Gains In Performance
1997-04-26,34,Places I've Never Been,Mark Wills,34,9,Gains In Performance
1997-04-26,35,She Drew A Broken Heart,Patty Loveless,28,19,
1997-04-26,36,Let It Rain,Mark Chesnutt,42,7,Gains In Performance
1997-04-26,37,Whatever Comes First,Sons Of The Desert,40,8,Gains In Performance
1997-04-26,38,I Need You,Trisha Yearwood,37,9,
1997-04-26,39,Here's Your Sign (Get The Picture),Bill Engvall With Special Guest Travis Tritt,38,14,
1997-04-26,40,Unchained Melody,LeAnn Rimes,39,19,
1997-04-26,41,Everything I Love,Alan Jackson,31,15,
1997-04-26,42,Say Yes,Burnin' Daylight,43,11,Gains In Performance
1997-04-26,43,I Only Get This Way With You,Rick Trevino,44,6,Gains In Performance
1997-04-26,44,A Dozen Red Roses,Tammy Graham,47,6,Gains In Performance
1997-04-26,45,Daddy's Little Girl,Kippi Brannon,45,12,Gains In Performance
1997-04-26,46,She's Going Home With Me,Travis Tritt,56,2,Gains In Performance
1997-04-26,47,Take It From Me,Paul Brandt,48,5,Gains In Performance
1997-04-26,48,The Used To Be's,Daryle Singletary,50,7,Gains In Performance
1997-04-26,49,Fit To Be Tied Down,Sammy Kershaw,53,3,
1997-04-26,50,Bad For Us,Little Texas,46,9,
1997-04-26,51,Be Honest,Thrasher Shiver,49,10,
1997-04-26,52,All The Good Ones Are Gone,Pam Tillis,NEW,1,Highest ranking debut|Gains In Performance
1997-04-26,53,The Swing,James Bonamy,60,4,Gains In Performance
1997-04-26,54,"I Will, If You Will",John Berry,65,2,Gains In Performance
1997-04-26,55,Use Mine,Jeff Wood,57,7,Gains In Performance
1997-04-26,56,From Where I'm Sitting,Gary Allan,66,3,Gains In Performance
1997-04-26,57,"She Said, He Heard",Suzy Bogguss,58,6,Gains In Performance
1997-04-26,58,Somewhere In Love,John & Audrey Wiggins,61,4,Gains In Performance
1997-04-26,59,"King Of The Road (From ""Traveller"")",Randy Travis,NEW,1,Gains In Performance
1997-04-26,60,True Lies,Sara Evans,59,5,
1997-05-03,1,One Night At A Time,George Strait,1,8,Gains In Performance
1997-05-03,2,On The Verge,Collin Raye,3,11,Gains In Performance
1997-05-03,3,Another You,David Kersh,5,16,
1997-05-03,4,Sad Lookin' Moon,Alabama,8,10,Gains In Performance
1997-05-03,5,"Better Man, Better Off",Tracy Lawrence,7,11,Gains In Performance
1997-05-03,6,Rumor Has It,Clay Walker,4,14,
1997-05-03,7,When I Close My Eyes,Kenny Chesney,2,20,
1997-05-03,8,Good As I Was To You,Lorrie Morgan,10,15,Gains In Performance
1997-05-03,9,If She Don't Love You,The Buffalo Club,11,16,Gains In Performance
1997-05-03,10,I Miss You A Little,John Michael Montgomery,12,10,Gains In Performance
1997-05-03,11,Sittin' On Go,Bryan White,13,10,Gains In Performance
1997-05-03,12,A Girl's Gotta Do (What A Girl's Gotta Do),Mindy McCready,15,10,Gains In Performance
1997-05-03,13,She's Sure Taking It Well,Kevin Sharp,14,13,Gains In Performance
1997-05-03,14,A Little More Love,Vince Gill,16,6,Gains In Performance
1997-05-03,15,Don't Take Her She's All I Got,Tracy Byrd,6,15,
1997-05-03,16,(This Ain't) No Thinkin' Thing,Trace Adkins,9,15,
1997-05-03,17,Six Days On The Road,Sawyer Brown,19,10,Gains In Performance
1997-05-03,18,The Light In Your Eyes,LeAnn Rimes,20,7,Gains In Performance
1997-05-03,19,Why Would I Say Goodbye,Brooks & Dunn,17,7,Gains In Performance
1997-05-03,20,Who's Cheatin' Who,Alan Jackson,26,4,Gains In Performance
1997-05-03,21,Dark Horse,Mila Mason,22,13,
1997-05-03,22,455 Rocket,Kathy Mattea,21,16,
1997-05-03,23,Little Things,Tanya Tucker,25,10,Gains In Performance
1997-05-03,24,Count Me In,Deana Carter,27,6,Gains In Performance
1997-05-03,25,How Was I To Know,Reba McEntire,18,19,
1997-05-03,26,"Never Again, Again",Lee Ann Womack,28,8,Gains In Performance
1997-05-03,27,Loved Too Much,Ty Herndon,33,7,Gains In Performance
1997-05-03,28,Let It Rain,Mark Chesnutt,36,8,Gains In Performance
1997-05-03,29,Places I've Never Been,Mark Wills,34,10,Gains In Performance
1997-05-03,30,Emotional Girl,Terri Clark,23,17,
1997-05-03,31,This Is Your Brain,Joe Diffie,32,9,Gains In Performance
1997-05-03,32,Whatever Comes First,Sons Of The Desert,37,9,Gains In Performance
1997-05-03,33,I Only Get This Way With You,Rick Trevino,43,7,Gains In Performance
1997-05-03,34,Cold Outside,Big House,30,13,
1997-05-03,35,She Drew A Broken Heart,Patty Loveless,35,20,
1997-05-03,36,I Need You,Trisha Yearwood,38,10,
1997-05-03,37,She's Going Home With Me,Travis Tritt,46,3,Gains In Performance
1997-05-03,38,Unchained Melody,LeAnn Rimes,40,20,
1997-05-03,39,Say Yes,Burnin' Daylight,42,12,Gains In Performance
1997-05-03,40,Here's Your Sign (Get The Picture),Bill Engvall With Special Guest Travis Tritt,39,15,
1997-05-03,41,A Dozen Red Roses,Tammy Graham,44,7,Gains In Performance
1997-05-03,42,Daddy's Little Girl,Kippi Brannon,45,13,Gains In Performance
1997-05-03,43,Take It From Me,Paul Brandt,47,6,Gains In Performance
1997-05-03,44,Everything I Love,Alan Jackson,41,16,
1997-05-03,45,All The Good Ones Are Gone,Pam Tillis,52,2,Gains In Performance
1997-05-03,46,Cry On The Shoulder Of The Road,Martina McBride,31,15,
1997-05-03,47,I'd Rather Ride Around With You,Reba McEntire,68,4,Gains In Performance
1997-05-03,48,"I Will, If You Will",John Berry,54,3,Gains In Performance
1997-05-03,49,The Swing,James Bonamy,53,5,Gains In Performance
1997-05-03,50,Fit To Be Tied Down,Sammy Kershaw,49,4,Gains In Performance
1997-05-03,51,The Used To Be's,Daryle Singletary,48,8,
1997-05-03,52,The Trouble With The Truth,Patty Loveless,66,2,Gains In Performance
1997-05-03,53,"Lucky Me, Lucky You",Lee Roy Parnell,63,3,Gains In Performance
1997-05-03,54,From Where I'm Sitting,Gary Allan,56,4,Gains In Performance
1997-05-03,55,I Left Something Turned On At Home,Trace Adkins,73,2,Gains In Performance
1997-05-03,56,"One, Two, I Love You",Clay Walker,70,2,Gains In Performance
1997-05-03,57,"King Of The Road (From ""Traveller"")",Randy Travis,59,2,Gains In Performance
1997-05-03,58,Somewhere In Love,John & Audrey Wiggins,58,5,Gains In Performance
1997-05-03,59,"She Said, He Heard",Suzy Bogguss,57,7,Gains In Performance
1997-05-03,60,Do It Again,Jeff Carson,61,5,Gains In Performance
1997-05-10,1,One Night At A Time,George Strait,1,9,
1997-05-10,2,On The Verge,Collin Raye,2,12,Gains In Performance
1997-05-10,3,Sad Lookin' Moon,Alabama,4,11,Gains In Performance
1997-05-10,4,"Better Man, Better Off",Tracy Lawrence,5,12,Gains In Performance
1997-05-10,5,Another You,David Kersh,3,17,
1997-05-10,6,Good As I Was To You,Lorrie Morgan,8,16,Gains In Performance
1997-05-10,7,I Miss You A Little,John Michael Montgomery,10,11,Gains In Performance
1997-05-10,8,Sittin' On Go,Bryan White,11,11,Gains In Performance
1997-05-10,9,She's Sure Taking It Well,Kevin Sharp,13,14,Gains In Performance
1997-05-10,10,A Girl's Gotta Do (What A Girl's Gotta Do),Mindy McCready,12,11,Gains In Performance
1997-05-10,11,If She Don't Love You,The Buffalo Club,9,17,
1997-05-10,12,Who's Cheatin' Who,Alan Jackson,20,5,Gains In Performance
1997-05-10,13,A Little More Love,Vince Gill,14,7,Gains In Performance
1997-05-10,14,The Light In Your Eyes,LeAnn Rimes,18,8,Gains In Performance
1997-05-10,15,Six Days On The Road,Sawyer Brown,17,11,Gains In Performance
1997-05-10,16,Why Would I Say Goodbye,Brooks & Dunn,19,8,Gains In Performance
1997-05-10,17,Rumor Has It,Clay Walker,6,15,
1997-05-10,18,When I Close My Eyes,Kenny Chesney,7,21,
1997-05-10,19,Little Things,Tanya Tucker,23,11,Gains In Performance
1997-05-10,20,Count Me In,Deana Carter,24,7,Gains In Performance
1997-05-10,21,Don't Take Her She's All I Got,Tracy Byrd,15,16,
1997-05-10,22,Loved Too Much,Ty Herndon,27,8,Gains In Performance
1997-05-10,23,Dark Horse,Mila Mason,21,14,
1997-05-10,24,(This Ain't) No Thinkin' Thing,Trace Adkins,16,16,
1997-05-10,25,Let It Rain,Mark Chesnutt,28,9,Gains In Performance
1997-05-10,26,"Never Again, Again",Lee Ann Womack,26,9,Gains In Performance
1997-05-10,27,455 Rocket,Kathy Mattea,22,17,
1997-05-10,28,This Is Your Brain,Joe Diffie,31,10,Gains In Performance
1997-05-10,29,How Was I To Know,Reba McEntire,25,20,
1997-05-10,30,Places I've Never Been,Mark Wills,29,11,Gains In Performance
1997-05-10,31,Whatever Comes First,Sons Of The Desert,32,10,Gains In Performance
1997-05-10,32,I'd Rather Ride Around With You,Reba McEntire,47,5,Gains In Performance
1997-05-10,33,She's Going Home With Me,Travis Tritt,37,4,Gains In Performance
1997-05-10,34,I Only Get This Way With You,Rick Trevino,33,8,Gains In Performance
1997-05-10,35,It's Your Love,Tim McGraw With Faith Hill,NEW,1,Highest ranking debut|Gains In Performance
1997-05-10,36,All The Good Ones Are Gone,Pam Tillis,45,3,Gains In Performance
1997-05-10,37,Say Yes,Burnin' Daylight,39,13,
1997-05-10,38,Emotional Girl,Terri Clark,30,18,
1997-05-10,39,I Left Something Turned On At Home,Trace Adkins,55,3,Gains In Performance
1997-05-10,40,A Dozen Red Roses,Tammy Graham,41,8,Gains In Performance
1997-05-10,41,"I Will, If You Will",John Berry,48,4,Gains In Performance
1997-05-10,42,I Need You,Trisha Yearwood,36,11,
1997-05-10,43,Daddy's Little Girl,Kippi Brannon,42,14,Gains In Performance
1997-05-10,44,The Trouble With The Truth,Patty Loveless,52,3,Gains In Performance
1997-05-10,45,Take It From Me,Paul Brandt,43,7,Gains In Performance
1997-05-10,46,Here's Your Sign (Get The Picture),Bill Engvall With Special Guest Travis Tritt,40,16,
1997-05-10,47,The Swing,James Bonamy,49,6,Gains In Performance
1997-05-10,48,Fit To Be Tied Down,Sammy Kershaw,50,5,Gains In Performance
1997-05-10,49,"One, Two, I Love You",Clay Walker,56,3,Gains In Performance
1997-05-10,50,Cold Outside,Big House,34,14,
1997-05-10,51,Come Cryin' To Me,Lonestar,62,2,Gains In Performance
1997-05-10,52,"Lucky Me, Lucky You",Lee Roy Parnell,53,4,Gains In Performance
1997-05-10,53,From Where I'm Sitting,Gary Allan,54,5,Gains In Performance
1997-05-10,54,Everything I Love,Alan Jackson,44,17,
1997-05-10,55,He Left A Lot To Be Desired,Ricochet,63,2,Gains In Performance
1997-05-10,56,The Used To Be's,Daryle Singletary,51,9,
1997-05-10,57,"King Of The Road (From ""Traveller"")",Randy Travis,57,3,Gains In Performance
1997-05-10,58,Do It Again,Jeff Carson,60,6,Gains In Performance
1997-05-10,59,Somewhere In Love,John & Audrey Wiggins,58,6,Gains In Performance
1997-05-10,60,"She Said, He Heard",Suzy Bogguss,59,8,
1997-05-17,1,One Night At A Time,George Strait,1,10,
1997-05-17,2,Sad Lookin' Moon,Alabama,3,12,Gains In Performance
1997-05-17,3,"Better Man, Better Off",Tracy Lawrence,4,13,Gains In Performance
1997-05-17,4,On The Verge,Collin Raye,2,13,
1997-05-17,5,Good As I Was To You,Lorrie Morgan,6,17,Gains In Performance
1997-05-17,6,I Miss You A Little,John Michael Montgomery,7,12,Gains In Performance
1997-05-17,7,Sittin' On Go,Bryan White,8,12,Gains In Performance
1997-05-17,8,She's Sure Taking It Well,Kevin Sharp,9,15,Gains In Performance
1997-05-17,9,A Girl's Gotta Do (What A Girl's Gotta Do),Mindy McCready,10,12,Gains In Performance
1997-05-17,10,A Little More Love,Vince Gill,13,8,Gains In Performance
1997-05-17,11,Who's Cheatin' Who,Alan Jackson,12,6,Gains In Performance
1997-05-17,12,The Light In Your Eyes,LeAnn Rimes,14,9,Gains In Performance
1997-05-17,13,Six Days On The Road,Sawyer Brown,15,12,Gains In Performance
1997-05-17,14,Why Would I Say Goodbye,Brooks & Dunn,16,9,Gains In Performance
1997-05-17,15,It's Your Love,Tim McGraw With Faith Hill,35,2,Gains In Performance
1997-05-17,16,Another You,David Kersh,5,18,
1997-05-17,17,Little Things,Tanya Tucker,19,12,Gains In Performance
1997-05-17,18,Count Me In,Deana Carter,20,8,Gains In Performance
1997-05-17,19,Loved Too Much,Ty Herndon,22,9,Gains In Performance
1997-05-17,20,I'd Rather Ride Around With You,Reba McEntire,32,6,Gains In Performance
1997-05-17,21,Rumor Has It,Clay Walker,17,16,
1997-05-17,22,Let It Rain,Mark Chesnutt,25,10,Gains In Performance
1997-05-17,23,If She Don't Love You,The Buffalo Club,11,18,
1997-05-17,24,"Never Again, Again",Lee Ann Womack,26,10,Gains In Performance
1997-05-17,25,(This Ain't) No Thinkin' Thing,Trace Adkins,24,17,
1997-05-17,26,Places I've Never Been,Mark Wills,30,12,Gains In Performance
1997-05-17,27,This Is Your Brain,Joe Diffie,28,11,Gains In Performance
1997-05-17,28,Don't Take Her She's All I Got,Tracy Byrd,21,17,
1997-05-17,29,I Only Get This Way With You,Rick Trevino,34,9,Gains In Performance
1997-05-17,30,She's Going Home With Me,Travis Tritt,33,5,Gains In Performance
1997-05-17,31,Whatever Comes First,Sons Of The Desert,31,11,Gains In Performance
1997-05-17,32,Dark Horse,Mila Mason,23,15,
1997-05-17,33,All The Good Ones Are Gone,Pam Tillis,36,4,Gains In Performance
1997-05-17,34,I Left Something Turned On At Home,Trace Adkins,39,4,Gains In Performance
1997-05-17,35,The Trouble With The Truth,Patty Loveless,44,4,Gains In Performance
1997-05-17,36,"I Will, If You Will",John Berry,41,5,Gains In Performance
1997-05-17,37,455 Rocket,Kathy Mattea,27,18,
1997-05-17,38,A Dozen Red Roses,Tammy Graham,40,9,Gains In Performance
1997-05-17,39,Take It From Me,Paul Brandt,45,8,Gains In Performance
1997-05-17,40,"One, Two, I Love You",Clay Walker,49,4,Gains In Performance
1997-05-17,41,Come Cryin' To Me,Lonestar,51,3,Gains In Performance
1997-05-17,42,Say Yes,Burnin' Daylight,37,14,
1997-05-17,43,Emotional Girl,Terri Clark,38,19,
1997-05-17,44,The Swing,James Bonamy,47,7,Gains In Performance
1997-05-17,45,Fit To Be Tied Down,Sammy Kershaw,48,6,Gains In Performance
1997-05-17,46,Here's Your Sign (Get The Picture),Bill Engvall With Special Guest Travis Tritt,46,17,
1997-05-17,47,Daddy's Little Girl,Kippi Brannon,43,15,
1997-05-17,48,"Lucky Me, Lucky You",Lee Roy Parnell,52,5,Gains In Performance
1997-05-17,49,From Where I'm Sitting,Gary Allan,53,6,Gains In Performance
1997-05-17,50,He Left A Lot To Be Desired,Ricochet,55,3,Gains In Performance
1997-05-17,51,"King Of The Road (From ""Traveller"")",Randy Travis,57,4,Gains In Performance
1997-05-17,52,Somewhere In Love,John & Audrey Wiggins,59,7,Gains In Performance
1997-05-17,53,Everything I Love,Alan Jackson,54,18,
1997-05-17,54,Don't Love Make A Diamond Shine,Tracy Byrd,NEW,1,Highest ranking debut|Gains In Performance
1997-05-17,55,Do It Again,Jeff Carson,58,7,
1997-05-17,56,Cold Outside,Big House,50,15,
1997-05-17,57,"I Broke It, I'll Fix It",River Road,64,2,Gains In Performance
1997-05-17,58,I Need You,Trisha Yearwood,42,12,
1997-05-17,59,Mary Go Round,Skip Ewing,62,4,Gains In Performance
1997-05-17,60,"Drink, Swear, Steal & Lie",Michael Peterson,NEW,1,Gains In Performance
1997-05-24,1,One Night At A Time,George Strait,1,11,
1997-05-24,2,"Better Man, Better Off",Tracy Lawrence,3,14,
1997-05-24,3,Sad Lookin' Moon,Alabama,2,13,
1997-05-24,4,Good As I Was To You,Lorrie Morgan,5,18,Gains In Performance
1997-05-24,5,On The Verge,Collin Raye,4,14,
1997-05-24,6,Sittin' On Go,Bryan White,7,13,Gains In Performance
1997-05-24,7,I Miss You A Little,John Michael Montgomery,6,13,Gains In Performance
1997-05-24,8,A Girl's Gotta Do (What A Girl's Gotta Do),Mindy McCready,9,13,Gains In Performance
1997-05-24,9,She's Sure Taking It Well,Kevin Sharp,8,16,Gains In Performance
1997-05-24,10,It's Your Love,Tim McGraw With Faith Hill,15,3,Gains In Performance
1997-05-24,11,Who's Cheatin' Who,Alan Jackson,11,7,Gains In Performance
1997-05-24,12,A Little More Love,Vince Gill,10,9,Gains In Performance
1997-05-24,13,The Light In Your Eyes,LeAnn Rimes,12,10,Gains In Performance
1997-05-24,14,Six Days On The Road,Sawyer Brown,13,13,
1997-05-24,15,Why Would I Say Goodbye,Brooks & Dunn,14,10,Gains In Performance
1997-05-24,16,Loved Too Much,Ty Herndon,19,10,Gains In Performance
1997-05-24,17,Little Things,Tanya Tucker,17,13,Gains In Performance
1997-05-24,18,I'd Rather Ride Around With You,Reba McEntire,20,7,Gains In Performance
1997-05-24,19,Count Me In,Deana Carter,18,9,Gains In Performance
1997-05-24,20,Let It Rain,Mark Chesnutt,22,11,Gains In Performance
1997-05-24,21,Places I've Never Been,Mark Wills,26,13,Gains In Performance
1997-05-24,22,Another You,David Kersh,16,19,
1997-05-24,23,"Never Again, Again",Lee Ann Womack,24,11,Gains In Performance
1997-05-24,24,Rumor Has It,Clay Walker,21,17,
1997-05-24,25,This Is Your Brain,Joe Diffie,27,12,Gains In Performance
1997-05-24,26,(This Ain't) No Thinkin' Thing,Trace Adkins,25,18,
1997-05-24,27,I Only Get This Way With You,Rick Trevino,29,10,Gains In Performance
1997-05-24,28,All The Good Ones Are Gone,Pam Tillis,33,5,Gains In Performance
1997-05-24,29,Whatever Comes First,Sons Of The Desert,31,12,Gains In Performance
1997-05-24,30,I Left Something Turned On At Home,Trace Adkins,34,5,Gains In Performance
1997-05-24,31,She's Going Home With Me,Travis Tritt,30,6,Gains In Performance
1997-05-24,32,Don't Take Her She's All I Got,Tracy Byrd,28,18,
1997-05-24,33,The Trouble With The Truth,Patty Loveless,35,5,Gains In Performance
1997-05-24,34,If She Don't Love You,The Buffalo Club,23,19,
1997-05-24,35,Come Cryin' To Me,Lonestar,41,4,Gains In Performance
1997-05-24,36,"I Will, If You Will",John Berry,36,6,Gains In Performance
1997-05-24,37,"One, Two, I Love You",Clay Walker,40,5,Gains In Performance
1997-05-24,38,A Dozen Red Roses,Tammy Graham,38,10,Gains In Performance
1997-05-24,39,Take It From Me,Paul Brandt,39,9,Gains In Performance
1997-05-24,40,Fit To Be Tied Down,Sammy Kershaw,45,7,Gains In Performance
1997-05-24,41,The Swing,James Bonamy,44,8,Gains In Performance
1997-05-24,42,"Lucky Me, Lucky You",Lee Roy Parnell,48,6,Gains In Performance
1997-05-24,43,He Left A Lot To Be Desired,Ricochet,50,4,Gains In Performance
1997-05-24,44,Emotional Girl,Terri Clark,43,20,
1997-05-24,45,Dark Horse,Mila Mason,32,16,
1997-05-24,46,From Where I'm Sitting,Gary Allan,49,7,Gains In Performance
1997-05-24,47,455 Rocket,Kathy Mattea,37,19,
1997-05-24,48,Don't Love Make A Diamond Shine,Tracy Byrd,54,2,Gains In Performance
1997-05-24,49,"Drink, Swear, Steal & Lie",Michael Peterson,60,2,Gains In Performance
1997-05-24,50,Here's Your Sign (Get The Picture),Bill Engvall With Special Guest Travis Tritt,46,18,
1997-05-24,51,Say Yes,Burnin' Daylight,42,15,
1997-05-24,52,"King Of The Road (From ""Traveller"")",Randy Travis,51,5,
1997-05-24,53,Somewhere In Love,John & Audrey Wiggins,52,8,Gains In Performance
1997-05-24,54,Everything I Love,Alan Jackson,53,19,
1997-05-24,55,Do It Again,Jeff Carson,55,8,Gains In Performance
1997-05-24,56,"I Broke It, I'll Fix It",River Road,57,3,Gains In Performance
1997-05-24,57,Daddy's Little Girl,Kippi Brannon,47,16,
1997-05-24,58,Just The Same,Terri Clark,63,2,Gains In Performance
1997-05-24,59,Carrying Your Love With Me,George Strait,62,4,Gains In Performance
1997-05-24,60,Cold Outside,Big House,56,16,
1997-05-31,1,Sittin' On Go,Bryan White,6,14,Gains In Performance
1997-05-31,2,One Night At A Time,George Strait,1,12,
1997-05-31,3,It's Your Love,Tim McGraw With Faith Hill,10,4,Gains In Performance
1997-05-31,4,A Girl's Gotta Do (What A Girl's Gotta Do),Mindy McCready,8,14,Gains In Performance
1997-05-31,5,Who's Cheatin' Who,Alan Jackson,11,8,Gains In Performance
1997-05-31,6,I Miss You A Little,John Michael Montgomery,7,14,
1997-05-31,7,She's Sure Taking It Well,Kevin Sharp,9,17,Gains In Performance
1997-05-31,8,A Little More Love,Vince Gill,12,10,Gains In Performance
1997-05-31,9,Sad Lookin' Moon,Alabama,3,14,
1997-05-31,10,The Light In Your Eyes,LeAnn Rimes,13,11,Gains In Performance
1997-05-31,11,Good As I Was To You,Lorrie Morgan,4,19,
1997-05-31,12,"Better Man, Better Off",Tracy Lawrence,2,15,
1997-05-31,13,Why Would I Say Goodbye,Brooks & Dunn,15,11,Gains In Performance
1997-05-31,14,Six Days On The Road,Sawyer Brown,14,14,
1997-05-31,15,On The Verge,Collin Raye,5,15,
1997-05-31,16,I'd Rather Ride Around With You,Reba McEntire,18,8,Gains In Performance
1997-05-31,17,Loved Too Much,Ty Herndon,16,11,Gains In Performance
1997-05-31,18,Little Things,Tanya Tucker,17,14,Gains In Performance
1997-05-31,19,Count Me In,Deana Carter,19,10,Gains In Performance
1997-05-31,20,Let It Rain,Mark Chesnutt,20,12,Gains In Performance
1997-05-31,21,Places I've Never Been,Mark Wills,21,14,Gains In Performance
1997-05-31,22,All The Good Ones Are Gone,Pam Tillis,28,6,Gains In Performance
1997-05-31,23,"Never Again, Again",Lee Ann Womack,23,12,Gains In Performance
1997-05-31,24,I Left Something Turned On At Home,Trace Adkins,30,6,Gains In Performance
1997-05-31,25,Whatever Comes First,Sons Of The Desert,29,13,Gains In Performance
1997-05-31,26,I Only Get This Way With You,Rick Trevino,27,11,Gains In Performance
1997-05-31,27,Rumor Has It,Clay Walker,24,18,
1997-05-31,28,The Trouble With The Truth,Patty Loveless,33,6,Gains In Performance
1997-05-31,29,(This Ain't) No Thinkin' Thing,Trace Adkins,26,19,
1997-05-31,30,Another You,David Kersh,22,20,
1997-05-31,31,She's Going Home With Me,Travis Tritt,31,7,Gains In Performance
1997-05-31,32,This Is Your Brain,Joe Diffie,25,13,
1997-05-31,33,Don't Take Her She's All I Got,Tracy Byrd,32,19,
1997-05-31,34,Come Cryin' To Me,Lonestar,35,5,Gains In Performance
1997-05-31,35,"I Will, If You Will",John Berry,36,7,Gains In Performance
1997-05-31,36,"One, Two, I Love You",Clay Walker,37,6,Gains In Performance
1997-05-31,37,A Dozen Red Roses,Tammy Graham,38,11,
1997-05-31,38,Take It From Me,Paul Brandt,39,10,Gains In Performance
1997-05-31,39,The Swing,James Bonamy,41,9,Gains In Performance
1997-05-31,40,Fit To Be Tied Down,Sammy Kershaw,40,8,Gains In Performance
1997-05-31,41,"Drink, Swear, Steal & Lie",Michael Peterson,49,3,Gains In Performance
1997-05-31,42,If She Don't Love You,The Buffalo Club,34,20,
1997-05-31,43,He Left A Lot To Be Desired,Ricochet,43,5,Gains In Performance
1997-05-31,44,Don't Love Make A Diamond Shine,Tracy Byrd,48,3,Gains In Performance
1997-05-31,45,"Lucky Me, Lucky You",Lee Roy Parnell,42,7,Gains In Performance
1997-05-31,46,From Where I'm Sitting,Gary Allan,46,8,
1997-05-31,47,455 Rocket,Kathy Mattea,47,20,
1997-05-31,48,Carrying Your Love With Me,George Strait,59,5,Gains In Performance
1997-05-31,49,Somewhere In Love,John & Audrey Wiggins,53,9,Gains In Performance
1997-05-31,50,Here's Your Sign (Get The Picture),Bill Engvall With Special Guest Travis Tritt,50,19,
1997-05-31,51,Flowers,Billy Yates,62,2,Gains In Performance
1997-05-31,52,"King Of The Road (From ""Traveller"")",Randy Travis,52,6,
1997-05-31,53,"I Broke It, I'll Fix It",River Road,56,4,Gains In Performance
1997-05-31,54,Dark Horse,Mila Mason,45,17,
1997-05-31,55,Just The Same,Terri Clark,58,3,Gains In Performance
1997-05-31,56,Everything I Love,Alan Jackson,54,20,
1997-05-31,57,Lucky In Love,Sherrie Austin,64,2,Gains In Performance
1997-05-31,58,Down Came A Blackbird,Lila McCann,63,3,Gains In Performance
1997-05-31,59,"Day In, Day Out",David Kersh,NEW,1,Highest ranking debut|Gains In Performance
1997-05-31,60,She's Got It All,Kenny Chesney,NEW,1,Gains In Performance
1997-06-07,1,It's Your Love,Tim McGraw With Faith Hill,3,5,Gains In Performance
1997-06-07,2,Who's Cheatin' Who,Alan Jackson,5,9,Gains In Performance
1997-06-07,3,Sittin' On Go,Bryan White,1,15,
1997-06-07,4,A Girl's Gotta Do (What A Girl's Gotta Do),Mindy McCready,4,15,Gains In Performance
1997-06-07,5,She's Sure Taking It Well,Kevin Sharp,7,18,Gains In Performance
1997-06-07,6,A Little More Love,Vince Gill,8,11,Gains In Performance
1997-06-07,7,The Light In Your Eyes,LeAnn Rimes,10,12,Gains In Performance
1997-06-07,8,One Night At A Time,George Strait,2,13,
1997-06-07,9,Why Would I Say Goodbye,Brooks & Dunn,13,12,Gains In Performance
1997-06-07,10,I Miss You A Little,John Michael Montgomery,6,15,
1997-06-07,11,I'd Rather Ride Around With You,Reba McEntire,16,9,Gains In Performance
1997-06-07,12,Loved Too Much,Ty Herndon,17,12,Gains In Performance
1997-06-07,13,Little Things,Tanya Tucker,18,15,Gains In Performance
1997-06-07,14,Sad Lookin' Moon,Alabama,9,15,
1997-06-07,15,Count Me In,Deana Carter,19,11,
1997-06-07,16,Places I've Never Been,Mark Wills,21,15,Gains In Performance
1997-06-07,17,Six Days On The Road,Sawyer Brown,14,15,
1997-06-07,18,"Better Man, Better Off",Tracy Lawrence,12,16,
1997-06-07,19,Let It Rain,Mark Chesnutt,20,13,
1997-06-07,20,I Left Something Turned On At Home,Trace Adkins,24,7,Gains In Performance
1997-06-07,21,Good As I Was To You,Lorrie Morgan,11,20,
1997-06-07,22,All The Good Ones Are Gone,Pam Tillis,22,7,Gains In Performance
1997-06-07,23,On The Verge,Collin Raye,15,16,
1997-06-07,24,I Only Get This Way With You,Rick Trevino,26,12,Gains In Performance
1997-06-07,25,Whatever Comes First,Sons Of The Desert,25,14,Gains In Performance
1997-06-07,26,The Trouble With The Truth,Patty Loveless,28,7,Gains In Performance
1997-06-07,27,Come Cryin' To Me,Lonestar,34,6,Gains In Performance
1997-06-07,28,She's Going Home With Me,Travis Tritt,31,8,Gains In Performance
1997-06-07,29,Rumor Has It,Clay Walker,27,19,
1997-06-07,30,"I Will, If You Will",John Berry,35,8,Gains In Performance
1997-06-07,31,(This Ain't) No Thinkin' Thing,Trace Adkins,29,20,
1997-06-07,32,"Never Again, Again",Lee Ann Womack,23,13,
1997-06-07,33,"One, Two, I Love You",Clay Walker,36,7,Gains In Performance
1997-06-07,34,Don't Take Her She's All I Got,Tracy Byrd,33,20,
1997-06-07,35,"Drink, Swear, Steal & Lie",Michael Peterson,41,4,Gains In Performance
1997-06-07,36,Carrying Your Love With Me,George Strait,48,6,Gains In Performance
1997-06-07,37,Fit To Be Tied Down,Sammy Kershaw,40,9,Gains In Performance
1997-06-07,38,He Left A Lot To Be Desired,Ricochet,43,6,Gains In Performance
1997-06-07,39,Don't Love Make A Diamond Shine,Tracy Byrd,44,4,Gains In Performance
1997-06-07,40,The Swing,James Bonamy,39,10,
1997-06-07,41,"Lucky Me, Lucky You",Lee Roy Parnell,45,8,Gains In Performance
1997-06-07,42,A Dozen Red Roses,Tammy Graham,37,12,
1997-06-07,43,Take It From Me,Paul Brandt,38,11,
1997-06-07,44,This Is Your Brain,Joe Diffie,32,14,
1997-06-07,45,Butterfly Kisses,Raybon Bros.,66,2,Gains In Performance
1997-06-07,46,From Where I'm Sitting,Gary Allan,46,9,Gains In Performance
1997-06-07,47,Flowers,Billy Yates,51,3,Gains In Performance
1997-06-07,48,Lucky In Love,Sherrie Austin,57,3,Gains In Performance
1997-06-07,49,How A Cowgirl Says Goodbye,Tracy Lawrence,67,2,Gains In Performance
1997-06-07,50,The Shake,Neal McCoy,63,3,Gains In Performance
1997-06-07,51,Somewhere In Love,John & Audrey Wiggins,49,10,Gains In Performance
1997-06-07,52,Butterfly Kisses,Bob Carlisle,65,3,Gains In Performance
1997-06-07,53,Just The Same,Terri Clark,55,4,Gains In Performance
1997-06-07,54,"I Broke It, I'll Fix It",River Road,53,5,Gains In Performance
1997-06-07,55,Down Came A Blackbird,Lila McCann,58,4,Gains In Performance
1997-06-07,56,"Day In, Day Out",David Kersh,59,2,Gains In Performance
1997-06-07,57,She's Got It All,Kenny Chesney,60,2,Gains In Performance
1997-06-07,58,Here's Your Sign (Get The Picture),Bill Engvall With Special Guest Travis Tritt,50,20,
1997-06-07,59,Mary Go Round,Skip Ewing,61,7,Gains In Performance
1997-06-07,60,"King Of The Road (From ""Traveller"")",Randy Travis,52,7,
1997-06-14,1,It's Your Love,Tim McGraw With Faith Hill,1,6,Gains In Performance
1997-06-14,2,Who's Cheatin' Who,Alan Jackson,2,10,Gains In Performance
1997-06-14,3,She's Sure Taking It Well,Kevin Sharp,5,19,Gains In Performance
1997-06-14,4,A Little More Love,Vince Gill,6,12,Gains In Performance
1997-06-14,5,The Light In Your Eyes,LeAnn Rimes,7,13,Gains In Performance
1997-06-14,6,Sittin' On Go,Bryan White,3,16,
1997-06-14,7,A Girl's Gotta Do (What A Girl's Gotta Do),Mindy McCready,4,16,
1997-06-14,8,Why Would I Say Goodbye,Brooks & Dunn,9,13,Gains In Performance
1997-06-14,9,I'd Rather Ride Around With You,Reba McEntire,11,10,Gains In Performance
1997-06-14,10,Loved Too Much,Ty Herndon,12,13,Gains In Performance
1997-06-14,11,Little Things,Tanya Tucker,13,16,Gains In Performance
1997-06-14,12,One Night At A Time,George Strait,8,14,
1997-06-14,13,Places I've Never Been,Mark Wills,16,16,Gains In Performance
1997-06-14,14,Count Me In,Deana Carter,15,12,Gains In Performance
1997-06-14,15,I Left Something Turned On At Home,Trace Adkins,20,8,Gains In Performance
1997-06-14,16,All The Good Ones Are Gone,Pam Tillis,22,8,Gains In Performance
1997-06-14,17,Let It Rain,Mark Chesnutt,19,14,Gains In Performance
1997-06-14,18,I Only Get This Way With You,Rick Trevino,24,13,Gains In Performance
1997-06-14,19,Whatever Comes First,Sons Of The Desert,25,15,Gains In Performance
1997-06-14,20,Carrying Your Love With Me,George Strait,36,7,Gains In Performance
1997-06-14,21,The Trouble With The Truth,Patty Loveless,26,8,Gains In Performance
1997-06-14,22,Come Cryin' To Me,Lonestar,27,7,Gains In Performance
1997-06-14,23,Sad Lookin' Moon,Alabama,14,16,
1997-06-14,24,I Miss You A Little,John Michael Montgomery,10,16,
1997-06-14,25,"Better Man, Better Off",Tracy Lawrence,18,17,
1997-06-14,26,On The Verge,Collin Raye,23,17,
1997-06-14,27,"I Will, If You Will",John Berry,30,9,Gains In Performance
1997-06-14,28,She's Going Home With Me,Travis Tritt,28,9,Gains In Performance
1997-06-14,29,"One, Two, I Love You",Clay Walker,33,8,Gains In Performance
1997-06-14,30,"Drink, Swear, Steal & Lie",Michael Peterson,35,5,Gains In Performance
1997-06-14,31,Rumor Has It,Clay Walker,29,20,
1997-06-14,32,Fit To Be Tied Down,Sammy Kershaw,37,10,Gains In Performance
1997-06-14,33,He Left A Lot To Be Desired,Ricochet,38,7,Gains In Performance
1997-06-14,34,Six Days On The Road,Sawyer Brown,17,16,
1997-06-14,35,Don't Love Make A Diamond Shine,Tracy Byrd,39,5,Gains In Performance
1997-06-14,36,How A Cowgirl Says Goodbye,Tracy Lawrence,49,3,Gains In Performance
1997-06-14,37,The Swing,James Bonamy,40,11,Gains In Performance
1997-06-14,38,"Lucky Me, Lucky You",Lee Roy Parnell,41,9,Gains In Performance
1997-06-14,39,Butterfly Kisses,Raybon Bros.,45,3,Gains In Performance
1997-06-14,40,"Never Again, Again",Lee Ann Womack,32,14,
1997-06-14,41,Flowers,Billy Yates,47,4,Gains In Performance
1997-06-14,42,Still Holding On,Clint Black & Martina McBride,NEW,1,Highest ranking debut|Gains In Performance
1997-06-14,43,From Where I'm Sitting,Gary Allan,46,10,Gains In Performance
1997-06-14,44,She's Got It All,Kenny Chesney,57,3,Gains In Performance
1997-06-14,45,The Shake,Neal McCoy,50,4,Gains In Performance
1997-06-14,46,Butterfly Kisses,Bob Carlisle,52,4,Gains In Performance
1997-06-14,47,Lucky In Love,Sherrie Austin,48,4,Gains In Performance
1997-06-14,48,"Day In, Day Out",David Kersh,56,3,Gains In Performance
1997-06-14,49,Just The Same,Terri Clark,53,5,Gains In Performance
1997-06-14,50,"I Broke It, I'll Fix It",River Road,54,6,Gains In Performance
1997-06-14,51,Down Came A Blackbird,Lila McCann,55,5,Gains In Performance
1997-06-14,52,"How Do I Live (From ""Con Air"")",Trisha Yearwood,61,2,Gains In Performance
1997-06-14,53,What The Heart Wants,Collin Raye,69,2,Gains In Performance
1997-06-14,54,Somewhere In Love,John & Audrey Wiggins,51,11,
1997-06-14,55,A Dozen Red Roses,Tammy Graham,42,13,
1997-06-14,56,How Your Love Makes Me Feel,Diamond Rio,74,2,Gains In Performance
1997-06-14,57,Take It From Me,Paul Brandt,43,12,
1997-06-14,58,This Is Your Brain,Joe Diffie,44,15,
1997-06-14,59,Mary Go Round,Skip Ewing,59,8,Gains In Performance
1997-06-14,60,You Ain't Lonely Yet,Big House,62,4,Gains In Performance
1997-06-21,1,It's Your Love,Tim McGraw With Faith Hill,1,7,Gains In Performance
1997-06-21,2,A Little More Love,Vince Gill,4,13,Gains In Performance
1997-06-21,3,Who's Cheatin' Who,Alan Jackson,2,11,
1997-06-21,4,Loved Too Much,Ty Herndon,10,14,Gains In Performance
1997-06-21,5,The Light In Your Eyes,LeAnn Rimes,5,14,
1997-06-21,6,I'd Rather Ride Around With You,Reba McEntire,9,11,Gains In Performance
1997-06-21,7,She's Sure Taking It Well,Kevin Sharp,3,20,
1997-06-21,8,Places I've Never Been,Mark Wills,13,17,Gains In Performance
1997-06-21,9,Little Things,Tanya Tucker,11,17,Gains In Performance
1997-06-21,10,Count Me In,Deana Carter,14,13,Gains In Performance
1997-06-21,11,Carrying Your Love With Me,George Strait,20,8,Gains In Performance
1997-06-21,12,I Left Something Turned On At Home,Trace Adkins,15,9,Gains In Performance
1997-06-21,13,Sittin' On Go,Bryan White,6,17,
1997-06-21,14,Why Would I Say Goodbye,Brooks & Dunn,8,14,
1997-06-21,15,All The Good Ones Are Gone,Pam Tillis,16,9,Gains In Performance
1997-06-21,16,Let It Rain,Mark Chesnutt,17,15,Gains In Performance
1997-06-21,17,Whatever Comes First,Sons Of The Desert,19,16,Gains In Performance
1997-06-21,18,Come Cryin' To Me,Lonestar,22,8,Gains In Performance
1997-06-21,19,I Only Get This Way With You,Rick Trevino,18,14,Gains In Performance
1997-06-21,20,One Night At A Time,George Strait,12,15,
1997-06-21,21,The Trouble With The Truth,Patty Loveless,21,9,Gains In Performance
1997-06-21,22,A Girl's Gotta Do (What A Girl's Gotta Do),Mindy McCready,7,17,
1997-06-21,23,"One, Two, I Love You",Clay Walker,29,9,Gains In Performance
1997-06-21,24,"I Will, If You Will",John Berry,27,10,Gains In Performance
1997-06-21,25,"Drink, Swear, Steal & Lie",Michael Peterson,30,6,Gains In Performance
1997-06-21,26,She's Going Home With Me,Travis Tritt,28,10,Gains In Performance
1997-06-21,27,"Better Man, Better Off",Tracy Lawrence,25,18,
1997-06-21,28,On The Verge,Collin Raye,26,18,
1997-06-21,29,Sad Lookin' Moon,Alabama,23,17,
1997-06-21,30,I Miss You A Little,John Michael Montgomery,24,17,
1997-06-21,31,He Left A Lot To Be Desired,Ricochet,33,8,Gains In Performance
1997-06-21,32,How A Cowgirl Says Goodbye,Tracy Lawrence,36,4,Gains In Performance
1997-06-21,33,Fit To Be Tied Down,Sammy Kershaw,32,11,Gains In Performance
1997-06-21,34,Don't Love Make A Diamond Shine,Tracy Byrd,35,6,Gains In Performance
1997-06-21,35,Still Holding On,Clint Black & Martina McBride,42,2,Gains In Performance
1997-06-21,36,The Swing,James Bonamy,37,12,Gains In Performance
1997-06-21,37,Butterfly Kisses,Raybon Bros.,39,4,Gains In Performance
1997-06-21,38,She's Got It All,Kenny Chesney,44,4,Gains In Performance
1997-06-21,39,"Lucky Me, Lucky You",Lee Roy Parnell,38,10,Gains In Performance
1997-06-21,40,Flowers,Billy Yates,41,5,Gains In Performance
1997-06-21,41,"How Do I Live (From ""Con Air"")",Trisha Yearwood,52,3,Gains In Performance
1997-06-21,42,Six Days On The Road,Sawyer Brown,34,17,
1997-06-21,43,From Where I'm Sitting,Gary Allan,43,11,Gains In Performance
1997-06-21,44,"Day In, Day Out",David Kersh,48,4,Gains In Performance
1997-06-21,45,Butterfly Kisses,Bob Carlisle,46,5,Gains In Performance
1997-06-21,46,The Shake,Neal McCoy,45,5,Gains In Performance
1997-06-21,47,We Were In Love,Toby Keith,61,2,Gains In Performance
1997-06-21,48,Lucky In Love,Sherrie Austin,47,5,Gains In Performance
1997-06-21,49,Just The Same,Terri Clark,49,6,Gains In Performance
1997-06-21,50,"I Broke It, I'll Fix It",River Road,50,7,Gains In Performance
1997-06-21,51,What The Heart Wants,Collin Raye,53,3,Gains In Performance
1997-06-21,52,How Was I To Know,John Michael Montgomery,67,2,Gains In Performance
1997-06-21,53,Down Came A Blackbird,Lila McCann,51,6,Gains In Performance
1997-06-21,54,How Your Love Makes Me Feel,Diamond Rio,56,3,Gains In Performance
1997-06-21,55,"Never Again, Again",Lee Ann Womack,40,15,
1997-06-21,56,Nothin' Less Than Love,The Buffalo Club,63,3,Gains In Performance
1997-06-21,57,You Ain't Lonely Yet,Big House,60,5,Gains In Performance
1997-06-21,58,Mary Go Round,Skip Ewing,59,9,
1997-06-21,59,How Do I Live,LeAnn Rimes,70,2,Gains In Performance
1997-06-21,60,Dark Horse,Mila Mason,62,20,Gains In Performance
1997-06-28,1,It's Your Love,Tim McGraw With Faith Hill,1,8,Gains In Performance
1997-06-28,2,Loved Too Much,Ty Herndon,4,15,Gains In Performance
1997-06-28,3,A Little More Love,Vince Gill,2,14,
1997-06-28,4,I'd Rather Ride Around With You,Reba McEntire,6,12,Gains In Performance
1997-06-28,5,Places I've Never Been,Mark Wills,8,18,Gains In Performance
1997-06-28,6,Carrying Your Love With Me,George Strait,11,9,Gains In Performance
1997-06-28,7,Count Me In,Deana Carter,10,14,Gains In Performance
1997-06-28,8,Who's Cheatin' Who,Alan Jackson,3,12,
1997-06-28,9,Little Things,Tanya Tucker,9,18,Gains In Performance
1997-06-28,10,I Left Something Turned On At Home,Trace Adkins,12,10,Gains In Performance
1997-06-28,11,The Light In Your Eyes,LeAnn Rimes,5,15,
1997-06-28,12,All The Good Ones Are Gone,Pam Tillis,15,10,Gains In Performance
1997-06-28,13,She's Sure Taking It Well,Kevin Sharp,7,21,
1997-06-28,14,Let It Rain,Mark Chesnutt,16,16,Gains In Performance
1997-06-28,15,Whatever Comes First,Sons Of The Desert,17,17,Gains In Performance
1997-06-28,16,Come Cryin' To Me,Lonestar,18,9,Gains In Performance
1997-06-28,17,I Only Get This Way With You,Rick Trevino,19,15,Gains In Performance
1997-06-28,18,The Trouble With The Truth,Patty Loveless,21,10,Gains In Performance
1997-06-28,19,"Drink, Swear, Steal & Lie",Michael Peterson,25,7,Gains In Performance
1997-06-28,20,"One, Two, I Love You",Clay Walker,23,10,Gains In Performance
1997-06-28,21,Sittin' On Go,Bryan White,13,18,
1997-06-28,22,"I Will, If You Will",John Berry,24,11,Gains In Performance
1997-06-28,23,How A Cowgirl Says Goodbye,Tracy Lawrence,32,5,Gains In Performance
1997-06-28,24,One Night At A Time,George Strait,20,16,
1997-06-28,25,She's Going Home With Me,Travis Tritt,26,11,
1997-06-28,26,Why Would I Say Goodbye,Brooks & Dunn,14,15,
1997-06-28,27,He Left A Lot To Be Desired,Ricochet,31,9,Gains In Performance
1997-06-28,28,Still Holding On,Clint Black & Martina McBride,35,3,Gains In Performance
1997-06-28,29,A Girl's Gotta Do (What A Girl's Gotta Do),Mindy McCready,22,18,
1997-06-28,30,Don't Love Make A Diamond Shine,Tracy Byrd,34,7,Gains In Performance
1997-06-28,31,"Better Man, Better Off",Tracy Lawrence,27,19,
1997-06-28,32,On The Verge,Collin Raye,28,19,
1997-06-28,33,Fit To Be Tied Down,Sammy Kershaw,33,12,Gains In Performance
1997-06-28,34,I Miss You A Little,John Michael Montgomery,30,18,
1997-06-28,35,Sad Lookin' Moon,Alabama,29,18,
1997-06-28,36,The Swing,James Bonamy,36,13,Gains In Performance
1997-06-28,37,She's Got It All,Kenny Chesney,38,5,Gains In Performance
1997-06-28,38,"How Do I Live (From ""Con Air"")",Trisha Yearwood,41,4,Gains In Performance
1997-06-28,39,Butterfly Kisses,Raybon Bros.,37,5,Gains In Performance
1997-06-28,40,"Lucky Me, Lucky You",Lee Roy Parnell,39,11,Gains In Performance
1997-06-28,41,We Were In Love,Toby Keith,47,3,Gains In Performance
1997-06-28,42,Flowers,Billy Yates,40,6,Gains In Performance
1997-06-28,43,"Day In, Day Out",David Kersh,44,5,Gains In Performance
1997-06-28,44,What The Heart Wants,Collin Raye,51,4,Gains In Performance
1997-06-28,45,The Shake,Neal McCoy,46,6,Gains In Performance
1997-06-28,46,How Was I To Know,John Michael Montgomery,52,3,Gains In Performance
1997-06-28,47,Six Days On The Road,Sawyer Brown,42,18,
1997-06-28,48,Lucky In Love,Sherrie Austin,48,6,Gains In Performance
1997-06-28,49,"I Broke It, I'll Fix It",River Road,50,8,Gains In Performance
1997-06-28,50,How Your Love Makes Me Feel,Diamond Rio,54,4,Gains In Performance
1997-06-28,51,Butterfly Kisses,Bob Carlisle,45,6,
1997-06-28,52,Just The Same,Terri Clark,49,7,
1997-06-28,53,Down Came A Blackbird,Lila McCann,53,7,Gains In Performance
1997-06-28,54,From Where I'm Sitting,Gary Allan,43,12,
1997-06-28,55,Nothin' Less Than Love,The Buffalo Club,56,4,Gains In Performance
1997-06-28,56,How Do I Live,LeAnn Rimes,59,3,Gains In Performance
1997-06-28,57,"Never Again, Again",Lee Ann Womack,55,16,
1997-06-28,58,It's All The Same To Me,Billy Ray Cyrus,62,4,Gains In Performance
1997-06-28,59,You Ain't Lonely Yet,Big House,57,6,
1997-06-28,60,The Fool,Lee Ann Womack,69,2,Gains In Performance
1997-07-05,1,It's Your Love,Tim McGraw With Faith Hill,1,9,
1997-07-05,2,Loved Too Much,Ty Herndon,2,16,Gains In Performance
1997-07-05,3,I'd Rather Ride Around With You,Reba McEntire,4,13,Gains In Performance
1997-07-05,4,Carrying Your Love With Me,George Strait,6,10,Gains In Performance
1997-07-05,5,Count Me In,Deana Carter,7,15,Gains In Performance
1997-07-05,6,Places I've Never Been,Mark Wills,5,19,Gains In Performance
1997-07-05,7,I Left Something Turned On At Home,Trace Adkins,10,11,Gains In Performance
1997-07-05,8,All The Good Ones Are Gone,Pam Tillis,12,11,Gains In Performance
1997-07-05,9,A Little More Love,Vince Gill,3,15,
1997-07-05,10,Who's Cheatin' Who,Alan Jackson,8,13,
1997-07-05,11,Let It Rain,Mark Chesnutt,14,17,Gains In Performance
1997-07-05,12,Come Cryin' To Me,Lonestar,16,10,Gains In Performance
1997-07-05,13,Whatever Comes First,Sons Of The Desert,15,18,Gains In Performance
1997-07-05,14,The Light In Your Eyes,LeAnn Rimes,11,16,
1997-07-05,15,I Only Get This Way With You,Rick Trevino,17,16,Gains In Performance
1997-07-05,16,"Drink, Swear, Steal & Lie",Michael Peterson,19,8,Gains In Performance
1997-07-05,17,The Trouble With The Truth,Patty Loveless,18,11,Gains In Performance
1997-07-05,18,How A Cowgirl Says Goodbye,Tracy Lawrence,23,6,Gains In Performance
1997-07-05,19,Little Things,Tanya Tucker,9,19,
1997-07-05,20,"One, Two, I Love You",Clay Walker,20,11,Gains In Performance
1997-07-05,21,"I Will, If You Will",John Berry,22,12,Gains In Performance
1997-07-05,22,Still Holding On,Clint Black & Martina McBride,28,4,Gains In Performance
1997-07-05,23,He Left A Lot To Be Desired,Ricochet,27,10,Gains In Performance
1997-07-05,24,She's Going Home With Me,Travis Tritt,25,12,Gains In Performance
1997-07-05,25,One Night At A Time,George Strait,24,17,
1997-07-05,26,Don't Love Make A Diamond Shine,Tracy Byrd,30,8,Gains In Performance
1997-07-05,27,Sittin' On Go,Bryan White,21,19,
1997-07-05,28,She's Got It All,Kenny Chesney,37,6,Gains In Performance
1997-07-05,29,Fit To Be Tied Down,Sammy Kershaw,33,13,Gains In Performance
1997-07-05,30,"How Do I Live (From ""Con Air"")",Trisha Yearwood,38,5,Gains In Performance
1997-07-05,31,The Swing,James Bonamy,36,14,Gains In Performance
1997-07-05,32,On The Verge,Collin Raye,32,20,
1997-07-05,33,We Were In Love,Toby Keith,41,4,Gains In Performance
1997-07-05,34,"Better Man, Better Off",Tracy Lawrence,31,20,
1997-07-05,35,A Girl's Gotta Do (What A Girl's Gotta Do),Mindy McCready,29,19,
1997-07-05,36,Sad Lookin' Moon,Alabama,35,19,
1997-07-05,37,Why Would I Say Goodbye,Brooks & Dunn,26,16,
1997-07-05,38,Butterfly Kisses,Raybon Bros.,39,6,Gains In Performance
1997-07-05,39,"Lucky Me, Lucky You",Lee Roy Parnell,40,12,Gains In Performance
1997-07-05,40,I Miss You A Little,John Michael Montgomery,34,19,
1997-07-05,41,How Was I To Know,John Michael Montgomery,46,4,Gains In Performance
1997-07-05,42,Flowers,Billy Yates,42,7,Gains In Performance
1997-07-05,43,What The Heart Wants,Collin Raye,44,5,Gains In Performance
1997-07-05,44,How Your Love Makes Me Feel,Diamond Rio,50,5,Gains In Performance
1997-07-05,45,"Day In, Day Out",David Kersh,43,6,Gains In Performance
1997-07-05,46,The Shake,Neal McCoy,45,7,Gains In Performance
1997-07-05,47,Lucky In Love,Sherrie Austin,48,7,Gains In Performance
1997-07-05,48,"I Broke It, I'll Fix It",River Road,49,9,Gains In Performance
1997-07-05,49,Down Came A Blackbird,Lila McCann,53,8,Gains In Performance
1997-07-05,50,"Dancin', Shaggin' On The Boulevard",Alabama,61,2,Gains In Performance
1997-07-05,51,Six Days On The Road,Sawyer Brown,47,19,
1997-07-05,52,How Do I Live,LeAnn Rimes,56,4,Gains In Performance
1997-07-05,53,Just The Same,Terri Clark,52,8,
1997-07-05,54,Nothin' Less Than Love,The Buffalo Club,55,5,Gains In Performance
1997-07-05,55,Butterfly Kisses,Bob Carlisle,51,7,
1997-07-05,56,It's All The Same To Me,Billy Ray Cyrus,58,5,Gains In Performance
1997-07-05,57,The Fool,Lee Ann Womack,60,3,Gains In Performance
1997-07-05,58,Hole In My Heart,BlackHawk,62,2,Gains In Performance
1997-07-05,59,You Ain't Lonely Yet,Big House,59,7,
1997-07-05,60,"Never Again, Again",Lee Ann Womack,57,17,
1997-07-12,1,It's Your Love,Tim McGraw With Faith Hill,1,10,
1997-07-12,2,Carrying Your Love With Me,George Strait,4,11,Gains In Performance
1997-07-12,3,Loved Too Much,Ty Herndon,2,17,Gains In Performance
1997-07-12,4,I'd Rather Ride Around With You,Reba McEntire,3,14,Gains In Performance
1997-07-12,5,Count Me In,Deana Carter,5,16,Gains In Performance
1997-07-12,6,Places I've Never Been,Mark Wills,6,20,
1997-07-12,7,I Left Something Turned On At Home,Trace Adkins,7,12,Gains In Performance
1997-07-12,8,All The Good Ones Are Gone,Pam Tillis,8,12,Gains In Performance
1997-07-12,9,Let It Rain,Mark Chesnutt,11,18,Gains In Performance
1997-07-12,10,Whatever Comes First,Sons Of The Desert,13,19,Gains In Performance
1997-07-12,11,Come Cryin' To Me,Lonestar,12,11,Gains In Performance
1997-07-12,12,I Only Get This Way With You,Rick Trevino,15,17,Gains In Performance
1997-07-12,13,How A Cowgirl Says Goodbye,Tracy Lawrence,18,7,Gains In Performance
1997-07-12,14,"Drink, Swear, Steal & Lie",Michael Peterson,16,9,Gains In Performance
1997-07-12,15,The Trouble With The Truth,Patty Loveless,17,12,Gains In Performance
1997-07-12,16,Still Holding On,Clint Black & Martina McBride,22,5,Gains In Performance
1997-07-12,17,Who's Cheatin' Who,Alan Jackson,10,14,
1997-07-12,18,"One, Two, I Love You",Clay Walker,20,12,
1997-07-12,19,"I Will, If You Will",John Berry,21,13,Gains In Performance
1997-07-12,20,The Light In Your Eyes,LeAnn Rimes,14,17,
1997-07-12,21,Don't Love Make A Diamond Shine,Tracy Byrd,26,9,Gains In Performance
1997-07-12,22,He Left A Lot To Be Desired,Ricochet,23,11,Gains In Performance
1997-07-12,23,She's Got It All,Kenny Chesney,28,7,Gains In Performance
1997-07-12,24,"How Do I Live (From ""Con Air"")",Trisha Yearwood,30,6,Gains In Performance
1997-07-12,25,We Were In Love,Toby Keith,33,5,Gains In Performance
1997-07-12,26,A Little More Love,Vince Gill,9,16,
1997-07-12,27,Little Things,Tanya Tucker,19,20,
1997-07-12,28,One Night At A Time,George Strait,25,18,
1997-07-12,29,Fit To Be Tied Down,Sammy Kershaw,29,14,Gains In Performance
1997-07-12,30,Sittin' On Go,Bryan White,27,20,
1997-07-12,31,The Swing,James Bonamy,31,15,
1997-07-12,32,How Was I To Know,John Michael Montgomery,41,5,Gains In Performance
1997-07-12,33,She's Going Home With Me,Travis Tritt,24,13,
1997-07-12,34,What The Heart Wants,Collin Raye,43,6,Gains In Performance
1997-07-12,35,A Girl's Gotta Do (What A Girl's Gotta Do),Mindy McCready,35,20,
1997-07-12,36,"Lucky Me, Lucky You",Lee Roy Parnell,39,13,Gains In Performance
1997-07-12,37,How Your Love Makes Me Feel,Diamond Rio,44,6,Gains In Performance
1997-07-12,38,Sad Lookin' Moon,Alabama,36,20,
1997-07-12,39,Butterfly Kisses,Raybon Bros.,38,7,
1997-07-12,40,Flowers,Billy Yates,42,8,
1997-07-12,41,"Dancin', Shaggin' On The Boulevard",Alabama,50,3,Gains In Performance
1997-07-12,42,I Miss You A Little,John Michael Montgomery,40,20,
1997-07-12,43,The Shake,Neal McCoy,46,8,Gains In Performance
1997-07-12,44,"Day In, Day Out",David Kersh,45,7,Gains In Performance
1997-07-12,45,Why Would I Say Goodbye,Brooks & Dunn,37,17,
1997-07-12,46,Lucky In Love,Sherrie Austin,47,8,Gains In Performance
1997-07-12,47,Down Came A Blackbird,Lila McCann,49,9,Gains In Performance
1997-07-12,48,The Fool,Lee Ann Womack,57,4,Gains In Performance
1997-07-12,49,Six Days On The Road,Sawyer Brown,51,20,Gains In Performance
1997-07-12,50,Nothin' Less Than Love,The Buffalo Club,54,6,Gains In Performance
1997-07-12,51,It's All The Same To Me,Billy Ray Cyrus,56,6,Gains In Performance
1997-07-12,52,"I Broke It, I'll Fix It",River Road,48,10,
1997-07-12,53,How Do I Live,LeAnn Rimes,52,5,
1997-07-12,54,Somebody Slap Me,John Anderson,62,2,Gains In Performance
1997-07-12,55,Go Away,Lorrie Morgan,61,2,Gains In Performance
1997-07-12,56,Hole In My Heart,BlackHawk,58,3,Gains In Performance
1997-07-12,57,Butterfly Kisses,Bob Carlisle,55,8,
1997-07-12,58,There Goes,Alan Jackson,NEW,1,Highest ranking debut|Gains In Performance
1997-07-12,59,This Night Won't Last Forever,Sawyer Brown,65,3,Gains In Performance
1997-07-12,60,All Lit Up In Love,David Lee Murphy,68,2,Gains In Performance
1997-07-19,1,Carrying Your Love With Me,George Strait,2,12,Gains In Performance
1997-07-19,2,It's Your Love,Tim McGraw With Faith Hill,1,11,
1997-07-19,3,I'd Rather Ride Around With You,Reba McEntire,4,15,
1997-07-19,4,Loved Too Much,Ty Herndon,3,18,
1997-07-19,5,Count Me In,Deana Carter,5,17,
1997-07-19,6,I Left Something Turned On At Home,Trace Adkins,7,13,Gains In Performance
1997-07-19,7,All The Good Ones Are Gone,Pam Tillis,8,13,Gains In Performance
1997-07-19,8,Let It Rain,Mark Chesnutt,9,19,Gains In Performance
1997-07-19,9,Come Cryin' To Me,Lonestar,11,12,Gains In Performance
1997-07-19,10,Whatever Comes First,Sons Of The Desert,10,20,Gains In Performance
1997-07-19,11,Places I've Never Been,Mark Wills,6,21,
1997-07-19,12,I Only Get This Way With You,Rick Trevino,12,18,Gains In Performance
1997-07-19,13,How A Cowgirl Says Goodbye,Tracy Lawrence,13,8,Gains In Performance
1997-07-19,14,"Drink, Swear, Steal & Lie",Michael Peterson,14,10,Gains In Performance
1997-07-19,15,The Trouble With The Truth,Patty Loveless,15,13,Gains In Performance
1997-07-19,16,Still Holding On,Clint Black & Martina McBride,16,6,Gains In Performance
1997-07-19,17,"How Do I Live (From ""Con Air"")",Trisha Yearwood,24,7,Gains In Performance
1997-07-19,18,She's Got It All,Kenny Chesney,23,8,Gains In Performance
1997-07-19,19,We Were In Love,Toby Keith,25,6,Gains In Performance
1997-07-19,20,"I Will, If You Will",John Berry,19,14,Gains In Performance
1997-07-19,21,He Left A Lot To Be Desired,Ricochet,22,12,Gains In Performance
1997-07-19,22,Don't Love Make A Diamond Shine,Tracy Byrd,21,10,Gains In Performance
1997-07-19,23,"One, Two, I Love You",Clay Walker,18,13,
1997-07-19,24,Who's Cheatin' Who,Alan Jackson,17,15,
1997-07-19,25,The Light In Your Eyes,LeAnn Rimes,20,18,
1997-07-19,26,How Was I To Know,John Michael Montgomery,32,6,Gains In Performance
1997-07-19,27,One Night At A Time,George Strait,28,19,
1997-07-19,28,What The Heart Wants,Collin Raye,34,7,Gains In Performance
1997-07-19,29,How Your Love Makes Me Feel,Diamond Rio,37,7,Gains In Performance
1997-07-19,30,"Dancin', Shaggin' On The Boulevard",Alabama,41,4,Gains In Performance
1997-07-19,31,A Little More Love,Vince Gill,26,17,
1997-07-19,32,Fit To Be Tied Down,Sammy Kershaw,29,15,
1997-07-19,33,The Swing,James Bonamy,31,16,
1997-07-19,34,The Shake,Neal McCoy,43,9,Gains In Performance
1997-07-19,35,"Lucky Me, Lucky You",Lee Roy Parnell,36,14,
1997-07-19,36,Flowers,Billy Yates,40,9,
1997-07-19,37,"Day In, Day Out",David Kersh,44,8,Gains In Performance
1997-07-19,38,Butterfly Kisses,Raybon Bros.,39,8,
1997-07-19,39,The Fool,Lee Ann Womack,48,5,Gains In Performance
1997-07-19,40,There Goes,Alan Jackson,58,2,Gains In Performance
1997-07-19,41,Lucky In Love,Sherrie Austin,46,9,Gains In Performance
1997-07-19,42,Why Would I Say Goodbye,Brooks & Dunn,45,18,
1997-07-19,43,It's All The Same To Me,Billy Ray Cyrus,51,7,Gains In Performance
1997-07-19,44,Down Came A Blackbird,Lila McCann,47,10,Gains In Performance
1997-07-19,45,Nothin' Less Than Love,The Buffalo Club,50,7,Gains In Performance
1997-07-19,46,Somebody Slap Me,John Anderson,54,3,Gains In Performance
1997-07-19,47,She's Going Home With Me,Travis Tritt,33,14,
1997-07-19,48,Go Away,Lorrie Morgan,55,3,Gains In Performance
1997-07-19,49,How Do I Live,LeAnn Rimes,53,6,Gains In Performance
1997-07-19,50,Hole In My Heart,BlackHawk,56,4,Gains In Performance
1997-07-19,51,This Night Won't Last Forever,Sawyer Brown,59,4,Gains In Performance
1997-07-19,52,All Lit Up In Love,David Lee Murphy,60,3,Gains In Performance
1997-07-19,53,"I Broke It, I'll Fix It",River Road,52,11,
1997-07-19,54,You And You Alone,Vince Gill,NEW,1,Highest ranking debut|Gains In Performance
1997-07-19,55,Somethin' Like This,Joe Diffie,65,3,Gains In Performance
1997-07-19,56,Butterfly Kisses,Bob Carlisle,57,9,
1997-07-19,57,"Never Again, Again",Lee Ann Womack,61,19,
1997-07-19,58,Live To Love Again,Burnin' Daylight,68,4,Gains In Performance
1997-07-19,59,That's The Kinda Love (That I'm Talkin' About),Mila Mason,67,4,Gains In Performance
1997-07-19,60,I'd Be With You,Kippi Brannon,66,4,
1997-07-26,1,Carrying Your Love With Me,George Strait,1,13,Gains In Performance
1997-07-26,2,I'd Rather Ride Around With You,Reba McEntire,3,16,Gains In Performance
1997-07-26,3,It's Your Love,Tim McGraw With Faith Hill,2,12,Gains In Performance
1997-07-26,4,I Left Something Turned On At Home,Trace Adkins,6,14,Gains In Performance
1997-07-26,5,All The Good Ones Are Gone,Pam Tillis,7,14,Gains In Performance
1997-07-26,6,Come Cryin' To Me,Lonestar,9,13,Gains In Performance
1997-07-26,7,I Only Get This Way With You,Rick Trevino,12,19,Gains In Performance
1997-07-26,8,Count Me In,Deana Carter,5,18,
1997-07-26,9,"Drink, Swear, Steal & Lie",Michael Peterson,14,11,Gains In Performance
1997-07-26,10,Loved Too Much,Ty Herndon,4,19,
1997-07-26,11,How A Cowgirl Says Goodbye,Tracy Lawrence,13,9,Gains In Performance
1997-07-26,12,"How Do I Live (From ""Con Air"")",Trisha Yearwood,17,8,Gains In Performance
1997-07-26,13,Let It Rain,Mark Chesnutt,8,20,
1997-07-26,14,She's Got It All,Kenny Chesney,18,9,Gains In Performance
1997-07-26,15,Whatever Comes First,Sons Of The Desert,10,21,
1997-07-26,16,Still Holding On,Clint Black & Martina McBride,16,7,Gains In Performance
1997-07-26,17,We Were In Love,Toby Keith,19,7,Gains In Performance
1997-07-26,18,The Trouble With The Truth,Patty Loveless,15,14,
1997-07-26,19,Don't Love Make A Diamond Shine,Tracy Byrd,22,11,Gains In Performance
1997-07-26,20,He Left A Lot To Be Desired,Ricochet,21,13,Gains In Performance
1997-07-26,21,"I Will, If You Will",John Berry,20,15,
1997-07-26,22,How Was I To Know,John Michael Montgomery,26,7,Gains In Performance
1997-07-26,23,What The Heart Wants,Collin Raye,28,8,Gains In Performance
1997-07-26,24,"Dancin', Shaggin' On The Boulevard",Alabama,30,5,Gains In Performance
1997-07-26,25,How Your Love Makes Me Feel,Diamond Rio,29,8,Gains In Performance
1997-07-26,26,There Goes,Alan Jackson,40,3,Gains In Performance
1997-07-26,27,Who's Cheatin' Who,Alan Jackson,24,16,
1997-07-26,28,The Light In Your Eyes,LeAnn Rimes,25,19,
1997-07-26,29,The Shake,Neal McCoy,34,10,Gains In Performance
1997-07-26,30,One Night At A Time,George Strait,27,20,
1997-07-26,31,The Fool,Lee Ann Womack,39,6,Gains In Performance
1997-07-26,32,Somebody Slap Me,John Anderson,46,4,Gains In Performance
1997-07-26,33,"Day In, Day Out",David Kersh,37,9,Gains In Performance
1997-07-26,34,It's All The Same To Me,Billy Ray Cyrus,43,8,Gains In Performance
1997-07-26,35,A Little More Love,Vince Gill,31,18,
1997-07-26,36,"One, Two, I Love You",Clay Walker,23,14,
1997-07-26,37,Nothin' Less Than Love,The Buffalo Club,45,8,Gains In Performance
1997-07-26,38,Down Came A Blackbird,Lila McCann,44,11,Gains In Performance
1997-07-26,39,Go Away,Lorrie Morgan,48,4,Gains In Performance
1997-07-26,40,Lucky In Love,Sherrie Austin,41,10,Gains In Performance
1997-07-26,41,Flowers,Billy Yates,36,10,
1997-07-26,42,You And You Alone,Vince Gill,54,2,Gains In Performance
1997-07-26,43,Fit To Be Tied Down,Sammy Kershaw,32,16,
1997-07-26,44,Why Would I Say Goodbye,Brooks & Dunn,42,19,
1997-07-26,45,The Swing,James Bonamy,33,17,
1997-07-26,46,Butterfly Kisses,Raybon Bros.,38,9,
1997-07-26,47,All Lit Up In Love,David Lee Murphy,52,4,Gains In Performance
1997-07-26,48,"Lucky Me, Lucky You",Lee Roy Parnell,35,15,
1997-07-26,49,Hole In My Heart,BlackHawk,50,5,Gains In Performance
1997-07-26,50,How Do I Live,LeAnn Rimes,49,7,
1997-07-26,51,This Night Won't Last Forever,Sawyer Brown,51,5,Gains In Performance
1997-07-26,52,Somethin' Like This,Joe Diffie,55,4,Gains In Performance
1997-07-26,53,She's Going Home With Me,Travis Tritt,47,15,
1997-07-26,54,Shut Up And Drive,Chely Wright,73,2,Gains In Performance
1997-07-26,55,"I Broke It, I'll Fix It",River Road,53,12,
1997-07-26,56,Ridin' Out The Heartache,Tanya Tucker,62,2,Gains In Performance
1997-07-26,57,Claudette,Dwight Yoakam,67,3,Gains In Performance
1997-07-26,58,Three Chords And The Truth,Sara Evans,64,3,Gains In Performance
1997-07-26,59,I'd Be With You,Kippi Brannon,60,5,Gains In Performance
1997-07-26,60,That's The Kinda Love (That I'm Talkin' About),Mila Mason,59,5,Gains In Performance
1997-08-02,1,Carrying Your Love With Me,George Strait,1,14,
1997-08-02,2,I Left Something Turned On At Home,Trace Adkins,4,15,Gains In Performance
1997-08-02,3,It's Your Love,Tim McGraw With Faith Hill,3,13,
1997-08-02,4,I'd Rather Ride Around With You,Reba McEntire,2,17,
1997-08-02,5,All The Good Ones Are Gone,Pam Tillis,5,15,Gains In Performance
1997-08-02,6,Come Cryin' To Me,Lonestar,6,14,Gains In Performance
1997-08-02,7,I Only Get This Way With You,Rick Trevino,7,20,Gains In Performance
1997-08-02,8,"Drink, Swear, Steal & Lie",Michael Peterson,9,12,Gains In Performance
1997-08-02,9,How A Cowgirl Says Goodbye,Tracy Lawrence,11,10,Gains In Performance
1997-08-02,10,"How Do I Live (From ""Con Air"")",Trisha Yearwood,12,9,Gains In Performance
1997-08-02,11,She's Got It All,Kenny Chesney,14,10,Gains In Performance
1997-08-02,12,Still Holding On,Clint Black & Martina McBride,16,8,Gains In Performance
1997-08-02,13,We Were In Love,Toby Keith,17,8,Gains In Performance
1997-08-02,14,Loved Too Much,Ty Herndon,10,20,
1997-08-02,15,Count Me In,Deana Carter,8,19,
1997-08-02,16,"Dancin', Shaggin' On The Boulevard",Alabama,24,6,Gains In Performance
1997-08-02,17,Don't Love Make A Diamond Shine,Tracy Byrd,19,12,Gains In Performance
1997-08-02,18,How Was I To Know,John Michael Montgomery,22,8,Gains In Performance
1997-08-02,19,He Left A Lot To Be Desired,Ricochet,20,14,Gains In Performance
1997-08-02,20,There Goes,Alan Jackson,26,4,Gains In Performance
1997-08-02,21,What The Heart Wants,Collin Raye,23,9,Gains In Performance
1997-08-02,22,How Your Love Makes Me Feel,Diamond Rio,25,9,Gains In Performance
1997-08-02,23,"I Will, If You Will",John Berry,21,16,
1997-08-02,24,The Shake,Neal McCoy,29,11,Gains In Performance
1997-08-02,25,The Fool,Lee Ann Womack,31,7,Gains In Performance
1997-08-02,26,Somebody Slap Me,John Anderson,32,5,Gains In Performance
1997-08-02,27,Who's Cheatin' Who,Alan Jackson,27,17,
1997-08-02,28,The Light In Your Eyes,LeAnn Rimes,28,20,
1997-08-02,29,It's All The Same To Me,Billy Ray Cyrus,34,9,Gains In Performance
1997-08-02,30,"Day In, Day Out",David Kersh,33,10,Gains In Performance
1997-08-02,31,The Trouble With The Truth,Patty Loveless,18,15,
1997-08-02,32,Go Away,Lorrie Morgan,39,5,Gains In Performance
1997-08-02,33,You And You Alone,Vince Gill,42,3,Gains In Performance
1997-08-02,34,Nothin' Less Than Love,The Buffalo Club,37,9,Gains In Performance
1997-08-02,35,Down Came A Blackbird,Lila McCann,38,12,Gains In Performance
1997-08-02,36,A Little More Love,Vince Gill,35,19,
1997-08-02,37,Lucky In Love,Sherrie Austin,40,11,Gains In Performance
1997-08-02,38,All Lit Up In Love,David Lee Murphy,47,5,Gains In Performance
1997-08-02,39,Hole In My Heart,BlackHawk,49,6,Gains In Performance
1997-08-02,40,This Night Won't Last Forever,Sawyer Brown,51,6,Gains In Performance
1997-08-02,41,"One, Two, I Love You",Clay Walker,36,15,
1997-08-02,42,Why Would I Say Goodbye,Brooks & Dunn,44,20,
1997-08-02,43,How Do I Live,LeAnn Rimes,50,8,
1997-08-02,44,Flowers,Billy Yates,41,11,
1997-08-02,45,If You Love Somebody,Kevin Sharp,65,2,Gains In Performance
1997-08-02,46,Helping Me Get Over You,Travis Tritt Featuring Lari White,68,2,Gains In Performance
1997-08-02,47,Somethin' Like This,Joe Diffie,52,5,Gains In Performance
1997-08-02,48,Shut Up And Drive,Chely Wright,54,3,Gains In Performance
1997-08-02,49,Butterfly Kisses,Raybon Bros.,46,10,
1997-08-02,50,"Lucky Me, Lucky You",Lee Roy Parnell,48,16,
1997-08-02,51,The Swing,James Bonamy,45,18,
1997-08-02,52,How Do I Get There,Deana Carter,NEW,1,Highest ranking debut|Gains In Performance
1997-08-02,53,I'd Be With You,Kippi Brannon,59,6,Gains In Performance
1997-08-02,54,Fit To Be Tied Down,Sammy Kershaw,43,17,
1997-08-02,55,Claudette,Dwight Yoakam,57,4,Gains In Performance
1997-08-02,56,Ridin' Out The Heartache,Tanya Tucker,56,3,Gains In Performance
1997-08-02,57,Three Chords And The Truth,Sara Evans,58,4,Gains In Performance
1997-08-02,58,Everywhere,Tim McGraw,66,5,Gains In Performance
1997-08-02,59,Keeping The Faith,Mary Chapin Carpenter,63,3,Gains In Performance
1997-08-02,60,Flutter,Jack Ingram,64,3,Gains In Performance
1997-08-09,1,Carrying Your Love With Me,George Strait,1,15,
1997-08-09,2,I Left Something Turned On At Home,Trace Adkins,2,16,
1997-08-09,3,Come Cryin' To Me,Lonestar,6,15,Gains In Performance
1997-08-09,4,All The Good Ones Are Gone,Pam Tillis,5,16,Gains In Performance
1997-08-09,5,How A Cowgirl Says Goodbye,Tracy Lawrence,9,11,Gains In Performance
1997-08-09,6,"How Do I Live (From ""Con Air"")",Trisha Yearwood,10,10,Gains In Performance
1997-08-09,7,"Drink, Swear, Steal & Lie",Michael Peterson,8,13,Gains In Performance
1997-08-09,8,She's Got It All,Kenny Chesney,11,11,Gains In Performance
1997-08-09,9,It's Your Love,Tim McGraw With Faith Hill,3,14,
1997-08-09,10,I Only Get This Way With You,Rick Trevino,7,21,
1997-08-09,11,Still Holding On,Clint Black & Martina McBride,12,9,Gains In Performance
1997-08-09,12,We Were In Love,Toby Keith,13,9,Gains In Performance
1997-08-09,13,I'd Rather Ride Around With You,Reba McEntire,4,18,
1997-08-09,14,"Dancin', Shaggin' On The Boulevard",Alabama,16,7,Gains In Performance
1997-08-09,15,There Goes,Alan Jackson,20,5,Gains In Performance
1997-08-09,16,How Was I To Know,John Michael Montgomery,18,9,Gains In Performance
1997-08-09,17,How Your Love Makes Me Feel,Diamond Rio,22,10,Gains In Performance
1997-08-09,18,He Left A Lot To Be Desired,Ricochet,19,15,Gains In Performance
1997-08-09,19,What The Heart Wants,Collin Raye,21,10,Gains In Performance
1997-08-09,20,Don't Love Make A Diamond Shine,Tracy Byrd,17,13,
1997-08-09,21,The Shake,Neal McCoy,24,12,Gains In Performance
1997-08-09,22,The Fool,Lee Ann Womack,25,8,Gains In Performance
1997-08-09,23,Count Me In,Deana Carter,15,20,
1997-08-09,24,Somebody Slap Me,John Anderson,26,6,Gains In Performance
1997-08-09,25,"Day In, Day Out",David Kersh,30,11,Gains In Performance
1997-08-09,26,It's All The Same To Me,Billy Ray Cyrus,29,10,Gains In Performance
1997-08-09,27,You And You Alone,Vince Gill,33,4,Gains In Performance
1997-08-09,28,Go Away,Lorrie Morgan,32,6,Gains In Performance
1997-08-09,29,Who's Cheatin' Who,Alan Jackson,27,18,
1997-08-09,30,"I Will, If You Will",John Berry,23,17,
1997-08-09,31,Nothin' Less Than Love,The Buffalo Club,34,10,Gains In Performance
1997-08-09,32,Down Came A Blackbird,Lila McCann,35,13,Gains In Performance
1997-08-09,33,All Lit Up In Love,David Lee Murphy,38,6,Gains In Performance
1997-08-09,34,Lucky In Love,Sherrie Austin,37,12,Gains In Performance
1997-08-09,35,A Little More Love,Vince Gill,36,20,
1997-08-09,36,If You Love Somebody,Kevin Sharp,45,3,Gains In Performance
1997-08-09,37,This Night Won't Last Forever,Sawyer Brown,40,7,Gains In Performance
1997-08-09,38,Hole In My Heart,BlackHawk,39,7,Gains In Performance
1997-08-09,39,Helping Me Get Over You,Travis Tritt Featuring Lari White,46,3,Gains In Performance
1997-08-09,40,How Do I Get There,Deana Carter,52,2,Gains In Performance
1997-08-09,41,The Trouble With The Truth,Patty Loveless,31,16,
1997-08-09,42,Shut Up And Drive,Chely Wright,48,4,Gains In Performance
1997-08-09,43,Somethin' Like This,Joe Diffie,47,6,Gains In Performance
1997-08-09,44,How Do I Live,LeAnn Rimes,43,9,
1997-08-09,45,Love Is The Right Place,Bryan White,65,2,Gains In Performance
1997-08-09,46,"One, Two, I Love You",Clay Walker,41,16,
1997-08-09,47,Claudette,Dwight Yoakam,55,5,Gains In Performance
1997-08-09,48,Please,The Kinleys,68,2,Gains In Performance
1997-08-09,49,Ridin' Out The Heartache,Tanya Tucker,56,4,Gains In Performance
1997-08-09,50,Flowers,Billy Yates,44,12,
1997-08-09,51,Three Chords And The Truth,Sara Evans,57,5,Gains In Performance
1997-08-09,52,Everywhere,Tim McGraw,58,6,Gains In Performance
1997-08-09,53,Butterfly Kisses,Raybon Bros.,49,11,
1997-08-09,54,Thank God For Believers,Mark Chesnutt,69,2,Gains In Performance
1997-08-09,55,Flutter,Jack Ingram,60,4,Gains In Performance
1997-08-09,56,I'm Your Man,Jason Sellers,67,2,Gains In Performance
1997-08-09,57,The Swing,James Bonamy,51,19,
1997-08-09,58,Another Perfect Day,Blake & Brian,61,4,
1997-08-09,59,Keeping The Faith,Mary Chapin Carpenter,59,4,
1997-08-09,60,"Nowhere, USA",Dean Miller,63,3,Gains In Performance
1997-08-16,1,Come Cryin' To Me,Lonestar,3,16,Gains In Performance
1997-08-16,2,Carrying Your Love With Me,George Strait,1,16,
1997-08-16,3,I Left Something Turned On At Home,Trace Adkins,2,17,
1997-08-16,4,How A Cowgirl Says Goodbye,Tracy Lawrence,5,12,Gains In Performance
1997-08-16,5,"How Do I Live (From ""Con Air"")",Trisha Yearwood,6,11,Gains In Performance
1997-08-16,6,She's Got It All,Kenny Chesney,8,12,Gains In Performance
1997-08-16,7,"Drink, Swear, Steal & Lie",Michael Peterson,7,14,Gains In Performance
1997-08-16,8,All The Good Ones Are Gone,Pam Tillis,4,17,
1997-08-16,9,It's Your Love,Tim McGraw With Faith Hill,9,15,
1997-08-16,10,We Were In Love,Toby Keith,12,10,Gains In Performance
1997-08-16,11,Still Holding On,Clint Black & Martina McBride,11,10,Gains In Performance
1997-08-16,12,There Goes,Alan Jackson,15,6,Gains In Performance
1997-08-16,13,"Dancin', Shaggin' On The Boulevard",Alabama,14,8,Gains In Performance
1997-08-16,14,How Was I To Know,John Michael Montgomery,16,10,Gains In Performance
1997-08-16,15,The Shake,Neal McCoy,21,13,Gains In Performance
1997-08-16,16,How Your Love Makes Me Feel,Diamond Rio,17,11,Gains In Performance
1997-08-16,17,What The Heart Wants,Collin Raye,19,11,Gains In Performance
1997-08-16,18,He Left A Lot To Be Desired,Ricochet,18,16,Gains In Performance
1997-08-16,19,The Fool,Lee Ann Womack,22,9,Gains In Performance
1997-08-16,20,I Only Get This Way With You,Rick Trevino,10,22,
1997-08-16,21,"Day In, Day Out",David Kersh,25,12,Gains In Performance
1997-08-16,22,It's All The Same To Me,Billy Ray Cyrus,26,11,Gains In Performance
1997-08-16,23,You And You Alone,Vince Gill,27,5,Gains In Performance
1997-08-16,24,Somebody Slap Me,John Anderson,24,7,Gains In Performance
1997-08-16,25,Go Away,Lorrie Morgan,28,7,Gains In Performance
1997-08-16,26,I'd Rather Ride Around With You,Reba McEntire,13,19,
1997-08-16,27,Don't Love Make A Diamond Shine,Tracy Byrd,20,14,
1997-08-16,28,Down Came A Blackbird,Lila McCann,32,14,Gains In Performance
1997-08-16,29,Nothin' Less Than Love,The Buffalo Club,31,11,Gains In Performance
1997-08-16,30,Who's Cheatin' Who,Alan Jackson,29,19,
1997-08-16,31,How Do I Get There,Deana Carter,40,3,Gains In Performance
1997-08-16,32,If You Love Somebody,Kevin Sharp,36,4,Gains In Performance
1997-08-16,33,This Night Won't Last Forever,Sawyer Brown,37,8,Gains In Performance
1997-08-16,34,All Lit Up In Love,David Lee Murphy,33,7,Gains In Performance
1997-08-16,35,Hole In My Heart,BlackHawk,38,8,Gains In Performance
1997-08-16,36,Helping Me Get Over You,Travis Tritt Featuring Lari White,39,4,Gains In Performance
1997-08-16,37,Lucky In Love,Sherrie Austin,34,13,
1997-08-16,38,Love Is The Right Place,Bryan White,45,3,Gains In Performance
1997-08-16,39,Shut Up And Drive,Chely Wright,42,5,Gains In Performance
1997-08-16,40,"I Will, If You Will",John Berry,30,18,
1997-08-16,41,Somethin' Like This,Joe Diffie,43,7,Gains In Performance
1997-08-16,42,Thank God For Believers,Mark Chesnutt,54,3,Gains In Performance
1997-08-16,43,Please,The Kinleys,48,3,Gains In Performance
1997-08-16,44,How Do I Live,LeAnn Rimes,44,10,Gains In Performance
1997-08-16,45,Everywhere,Tim McGraw,52,7,Gains In Performance
1997-08-16,46,The Trouble With The Truth,Patty Loveless,41,17,
1997-08-16,47,I'm Your Man,Jason Sellers,56,3,Gains In Performance
1997-08-16,48,Claudette,Dwight Yoakam,47,6,Gains In Performance
1997-08-16,49,"One, Two, I Love You",Clay Walker,46,17,
1997-08-16,50,Ridin' Out The Heartache,Tanya Tucker,49,5,Gains In Performance
1997-08-16,51,Watch This,Clay Walker,61,2,Gains In Performance
1997-08-16,52,Three Chords And The Truth,Sara Evans,51,6,Gains In Performance
1997-08-16,53,Flutter,Jack Ingram,55,5,Gains In Performance
1997-08-16,54,"Nowhere, USA",Dean Miller,60,4,Gains In Performance
1997-08-16,55,Another Perfect Day,Blake & Brian,58,5,Gains In Performance
1997-08-16,56,Butterfly Kisses,Raybon Bros.,53,12,
1997-08-16,57,Warning Signs,Bill Engvall With Special Guest John Michael Montgomery,NEW,1,Highest ranking debut|Gains In Performance
1997-08-16,58,Keeping The Faith,Mary Chapin Carpenter,59,5,
1997-08-16,59,The Swing,James Bonamy,57,20,
1997-08-16,60,Flowers,Billy Yates,50,13,
1997-08-23,1,Come Cryin' To Me,Lonestar,1,17,
1997-08-23,2,She's Got It All,Kenny Chesney,6,13,Gains In Performance
1997-08-23,3,"How Do I Live (From ""Con Air"")",Trisha Yearwood,5,12,Gains In Performance
1997-08-23,4,How A Cowgirl Says Goodbye,Tracy Lawrence,4,13,Gains In Performance
1997-08-23,5,"Drink, Swear, Steal & Lie",Michael Peterson,7,15,Gains In Performance
1997-08-23,6,Carrying Your Love With Me,George Strait,2,17,
1997-08-23,7,We Were In Love,Toby Keith,10,11,Gains In Performance
1997-08-23,8,"Dancin', Shaggin' On The Boulevard",Alabama,13,9,Gains In Performance
1997-08-23,9,How Was I To Know,John Michael Montgomery,14,11,Gains In Performance
1997-08-23,10,There Goes,Alan Jackson,12,7,Gains In Performance
1997-08-23,11,I Left Something Turned On At Home,Trace Adkins,3,18,
1997-08-23,12,How Your Love Makes Me Feel,Diamond Rio,16,12,Gains In Performance
1997-08-23,13,The Shake,Neal McCoy,15,14,Gains In Performance
1997-08-23,14,It's Your Love,Tim McGraw With Faith Hill,9,16,
1997-08-23,15,Still Holding On,Clint Black & Martina McBride,11,11,
1997-08-23,16,What The Heart Wants,Collin Raye,17,12,Gains In Performance
1997-08-23,17,The Fool,Lee Ann Womack,19,10,Gains In Performance
1997-08-23,18,All The Good Ones Are Gone,Pam Tillis,8,18,
1997-08-23,19,He Left A Lot To Be Desired,Ricochet,18,17,
1997-08-23,20,"Day In, Day Out",David Kersh,21,13,Gains In Performance
1997-08-23,21,Go Away,Lorrie Morgan,25,8,Gains In Performance
1997-08-23,22,You And You Alone,Vince Gill,23,6,Gains In Performance
1997-08-23,23,It's All The Same To Me,Billy Ray Cyrus,22,12,Gains In Performance
1997-08-23,24,Somebody Slap Me,John Anderson,24,8,Gains In Performance
1997-08-23,25,How Do I Get There,Deana Carter,31,4,Gains In Performance
1997-08-23,26,If You Love Somebody,Kevin Sharp,32,5,Gains In Performance
1997-08-23,27,Nothin' Less Than Love,The Buffalo Club,29,12,Gains In Performance
1997-08-23,28,This Night Won't Last Forever,Sawyer Brown,33,9,Gains In Performance
1997-08-23,29,Down Came A Blackbird,Lila McCann,28,15,Gains In Performance
1997-08-23,30,I'd Rather Ride Around With You,Reba McEntire,26,20,
1997-08-23,31,Helping Me Get Over You,Travis Tritt Featuring Lari White,36,5,Gains In Performance
1997-08-23,32,Who's Cheatin' Who,Alan Jackson,30,20,
1997-08-23,33,All Lit Up In Love,David Lee Murphy,34,8,Gains In Performance
1997-08-23,34,Love Is The Right Place,Bryan White,38,4,Gains In Performance
1997-08-23,35,Hole In My Heart,BlackHawk,35,9,Gains In Performance
1997-08-23,36,Shut Up And Drive,Chely Wright,39,6,Gains In Performance
1997-08-23,37,Thank God For Believers,Mark Chesnutt,42,4,Gains In Performance
1997-08-23,38,Don't Love Make A Diamond Shine,Tracy Byrd,27,15,
1997-08-23,39,Please,The Kinleys,43,4,Gains In Performance
1997-08-23,40,Everywhere,Tim McGraw,45,8,Gains In Performance
1997-08-23,41,Somethin' Like This,Joe Diffie,41,8,Gains In Performance
1997-08-23,42,Watch This,Clay Walker,51,3,Gains In Performance
1997-08-23,43,I'm Your Man,Jason Sellers,47,4,Gains In Performance
1997-08-23,44,How Do I Live,LeAnn Rimes,44,11,
1997-08-23,45,Lucky In Love,Sherrie Austin,37,14,
1997-08-23,46,Ridin' Out The Heartache,Tanya Tucker,50,6,Gains In Performance
1997-08-23,47,Claudette,Dwight Yoakam,48,7,
1997-08-23,48,Three Chords And The Truth,Sara Evans,52,7,Gains In Performance
1997-08-23,49,You Light Up My Life,LeAnn Rimes,NEW,1,Highest ranking debut|Gains In Performance
1997-08-23,50,"I Will, If You Will",John Berry,40,19,
1997-08-23,51,"One, Two, I Love You",Clay Walker,49,18,
1997-08-23,52,Flutter,Jack Ingram,53,6,Gains In Performance
1997-08-23,53,The Trouble With The Truth,Patty Loveless,46,18,
1997-08-23,54,"Nowhere, USA",Dean Miller,54,5,Gains In Performance
1997-08-23,55,Another Perfect Day,Blake & Brian,55,6,Gains In Performance
1997-08-23,56,Warning Signs,Bill Engvall With Special Guest John Michael Montgomery,57,2,Gains In Performance
1997-08-23,57,You Can't Get There From Here,Lee Roy Parnell,72,2,Gains In Performance
1997-08-23,58,Love Travels,Kathy Mattea,61,2,Gains In Performance
1997-08-23,59,Cool Water,Tammy Graham,65,4,Gains In Performance
1997-08-23,60,Butterfly Kisses,Raybon Bros.,56,13,
1997-08-30,1,She's Got It All,Kenny Chesney,2,14,Gains In Performance
1997-08-30,2,"How Do I Live (From ""Con Air"")",Trisha Yearwood,3,13,Gains In Performance
1997-08-30,3,"Drink, Swear, Steal & Lie",Michael Peterson,5,16,Gains In Performance
1997-08-30,4,How A Cowgirl Says Goodbye,Tracy Lawrence,4,14,Gains In Performance
1997-08-30,5,We Were In Love,Toby Keith,7,12,Gains In Performance
1997-08-30,6,Carrying Your Love With Me,George Strait,6,18,
1997-08-30,7,Come Cryin' To Me,Lonestar,1,18,
1997-08-30,8,"Dancin', Shaggin' On The Boulevard",Alabama,8,10,Gains In Performance
1997-08-30,9,How Was I To Know,John Michael Montgomery,9,12,Gains In Performance
1997-08-30,10,There Goes,Alan Jackson,10,8,Gains In Performance
1997-08-30,11,How Your Love Makes Me Feel,Diamond Rio,12,13,Gains In Performance
1997-08-30,12,The Shake,Neal McCoy,13,15,Gains In Performance
1997-08-30,13,What The Heart Wants,Collin Raye,16,13,Gains In Performance
1997-08-30,14,The Fool,Lee Ann Womack,17,11,Gains In Performance
1997-08-30,15,"Day In, Day Out",David Kersh,20,14,Gains In Performance
1997-08-30,16,Go Away,Lorrie Morgan,21,9,Gains In Performance
1997-08-30,17,It's Your Love,Tim McGraw With Faith Hill,14,17,
1997-08-30,18,You And You Alone,Vince Gill,22,7,Gains In Performance
1997-08-30,19,It's All The Same To Me,Billy Ray Cyrus,23,13,Gains In Performance
1997-08-30,20,I Left Something Turned On At Home,Trace Adkins,11,19,
1997-08-30,21,How Do I Get There,Deana Carter,25,5,Gains In Performance
1997-08-30,22,Somebody Slap Me,John Anderson,24,9,
1997-08-30,23,If You Love Somebody,Kevin Sharp,26,6,Gains In Performance
1997-08-30,24,Still Holding On,Clint Black & Martina McBride,15,12,
1997-08-30,25,This Night Won't Last Forever,Sawyer Brown,28,10,Gains In Performance
1997-08-30,26,All The Good Ones Are Gone,Pam Tillis,18,19,
1997-08-30,27,Nothin' Less Than Love,The Buffalo Club,27,13,Gains In Performance
1997-08-30,28,Love Is The Right Place,Bryan White,34,5,Gains In Performance
1997-08-30,29,Down Came A Blackbird,Lila McCann,29,16,Gains In Performance
1997-08-30,30,Helping Me Get Over You,Travis Tritt Featuring Lari White,31,6,Gains In Performance
1997-08-30,31,All Lit Up In Love,David Lee Murphy,33,9,Gains In Performance
1997-08-30,32,Everywhere,Tim McGraw,40,9,Gains In Performance
1997-08-30,33,Shut Up And Drive,Chely Wright,36,7,Gains In Performance
1997-08-30,34,He Left A Lot To Be Desired,Ricochet,19,18,
1997-08-30,35,Hole In My Heart,BlackHawk,35,10,Gains In Performance
1997-08-30,36,In Another's Eyes,Trisha Yearwood And Garth Brooks,62,2,Gains In Performance
1997-08-30,37,Thank God For Believers,Mark Chesnutt,37,5,Gains In Performance
1997-08-30,38,Please,The Kinleys,39,5,Gains In Performance
1997-08-30,39,Watch This,Clay Walker,42,4,Gains In Performance
1997-08-30,40,Somethin' Like This,Joe Diffie,41,9,
1997-08-30,41,Honky Tonk Truth,Brooks & Dunn,NEW,1,Highest ranking debut|Gains In Performance
1997-08-30,42,I'm Your Man,Jason Sellers,43,5,Gains In Performance
1997-08-30,43,How Do I Live,LeAnn Rimes,44,12,
1997-08-30,44,Don't Love Make A Diamond Shine,Tracy Byrd,38,16,
1997-08-30,45,Ridin' Out The Heartache,Tanya Tucker,46,7,Gains In Performance
1997-08-30,46,Three Chords And The Truth,Sara Evans,48,8,Gains In Performance
1997-08-30,47,Claudette,Dwight Yoakam,47,8,Gains In Performance
1997-08-30,48,You Can't Get There From Here,Lee Roy Parnell,57,3,Gains In Performance
1997-08-30,49,You Light Up My Life,LeAnn Rimes,49,2,Gains In Performance
1997-08-30,50,Nickajack,River Road,63,2,Gains In Performance
1997-08-30,51,Flutter,Jack Ingram,52,7,
1997-08-30,52,Lucky In Love,Sherrie Austin,45,15,
1997-08-30,53,"One, Two, I Love You",Clay Walker,51,19,
1997-08-30,54,"Nowhere, USA",Dean Miller,54,6,
1997-08-30,55,Another Perfect Day,Blake & Brian,55,7,Gains In Performance
1997-08-30,56,Love Travels,Kathy Mattea,58,3,Gains In Performance
1997-08-30,57,"I Will, If You Will",John Berry,50,20,
1997-08-30,58,Wichita Lineman,Wade Hayes,61,4,Gains In Performance
1997-08-30,59,The Trouble With The Truth,Patty Loveless,53,19,
1997-08-30,60,Warning Signs,Bill Engvall With Special Guest John Michael Montgomery,56,3,
1997-09-06,1,She's Got It All,Kenny Chesney,1,15,Gains In Performance
1997-09-06,2,We Were In Love,Toby Keith,5,13,Gains In Performance
1997-09-06,3,How Was I To Know,John Michael Montgomery,9,13,Gains In Performance
1997-09-06,4,"How Do I Live (From ""Con Air"")",Trisha Yearwood,2,14,
1997-09-06,5,"Drink, Swear, Steal & Lie",Michael Peterson,3,17,
1997-09-06,6,"Dancin', Shaggin' On The Boulevard",Alabama,8,11,Gains In Performance
1997-09-06,7,How A Cowgirl Says Goodbye,Tracy Lawrence,4,15,
1997-09-06,8,There Goes,Alan Jackson,10,9,Gains In Performance
1997-09-06,9,How Your Love Makes Me Feel,Diamond Rio,11,14,Gains In Performance
1997-09-06,10,What The Heart Wants,Collin Raye,13,14,Gains In Performance
1997-09-06,11,Carrying Your Love With Me,George Strait,6,19,
1997-09-06,12,The Shake,Neal McCoy,12,16,Gains In Performance
1997-09-06,13,The Fool,Lee Ann Womack,14,12,Gains In Performance
1997-09-06,14,Come Cryin' To Me,Lonestar,7,19,
1997-09-06,15,"Day In, Day Out",David Kersh,15,15,Gains In Performance
1997-09-06,16,Go Away,Lorrie Morgan,16,10,Gains In Performance
1997-09-06,17,How Do I Get There,Deana Carter,21,6,Gains In Performance
1997-09-06,18,You And You Alone,Vince Gill,18,8,Gains In Performance
1997-09-06,19,It's All The Same To Me,Billy Ray Cyrus,19,14,Gains In Performance
1997-09-06,20,If You Love Somebody,Kevin Sharp,23,7,Gains In Performance
1997-09-06,21,Everywhere,Tim McGraw,32,10,Gains In Performance
1997-09-06,22,It's Your Love,Tim McGraw With Faith Hill,17,18,
1997-09-06,23,This Night Won't Last Forever,Sawyer Brown,25,11,Gains In Performance
1997-09-06,24,I Left Something Turned On At Home,Trace Adkins,20,20,
1997-09-06,25,Love Is The Right Place,Bryan White,28,6,Gains In Performance
1997-09-06,26,In Another's Eyes,Trisha Yearwood And Garth Brooks,36,3,Gains In Performance
1997-09-06,27,Nothin' Less Than Love,The Buffalo Club,27,14,Gains In Performance
1997-09-06,28,Helping Me Get Over You,Travis Tritt Featuring Lari White,30,7,Gains In Performance
1997-09-06,29,Honky Tonk Truth,Brooks & Dunn,41,2,Gains In Performance
1997-09-06,30,Somebody Slap Me,John Anderson,22,10,
1997-09-06,31,All Lit Up In Love,David Lee Murphy,31,10,Gains In Performance
1997-09-06,32,All The Good Ones Are Gone,Pam Tillis,26,20,
1997-09-06,33,Shut Up And Drive,Chely Wright,33,8,Gains In Performance
1997-09-06,34,Down Came A Blackbird,Lila McCann,29,17,
1997-09-06,35,Hole In My Heart,BlackHawk,35,11,Gains In Performance
1997-09-06,36,Thank God For Believers,Mark Chesnutt,37,6,Gains In Performance
1997-09-06,37,Please,The Kinleys,38,6,Gains In Performance
1997-09-06,38,Watch This,Clay Walker,39,5,Gains In Performance
1997-09-06,39,Still Holding On,Clint Black & Martina McBride,24,13,
1997-09-06,40,He Left A Lot To Be Desired,Ricochet,34,19,
1997-09-06,41,Something That We Do,Clint Black,62,2,Gains In Performance
1997-09-06,42,I'm Your Man,Jason Sellers,42,6,Gains In Performance
1997-09-06,43,You Can't Get There From Here,Lee Roy Parnell,48,4,Gains In Performance
1997-09-06,44,Three Chords And The Truth,Sara Evans,46,9,Gains In Performance
1997-09-06,45,Nickajack,River Road,50,3,Gains In Performance
1997-09-06,46,Ridin' Out The Heartache,Tanya Tucker,45,8,
1997-09-06,47,How Do I Live,LeAnn Rimes,43,13,
1997-09-06,48,You Light Up My Life,LeAnn Rimes,49,3,Gains In Performance
1997-09-06,49,Don't Love Make A Diamond Shine,Tracy Byrd,44,17,
1997-09-06,50,What If It's You,Reba McEntire,NEW,1,Highest ranking debut|Gains In Performance
1997-09-06,51,Love Travels,Kathy Mattea,56,4,Gains In Performance
1997-09-06,52,Claudette,Dwight Yoakam,47,9,
1997-09-06,53,Flutter,Jack Ingram,51,8,
1997-09-06,54,The Rest Of Mine,Trace Adkins,NEW,1,Gains In Performance
1997-09-06,55,Another Perfect Day,Blake & Brian,55,8,Gains In Performance
1997-09-06,56,"Nowhere, USA",Dean Miller,54,7,
1997-09-06,57,Wichita Lineman,Wade Hayes,58,5,Gains In Performance
1997-09-06,58,"One, Two, I Love You",Clay Walker,53,20,
1997-09-06,59,You Walked In,Lonestar,70,2,Gains In Performance
1997-09-06,60,Somethin' Like This,Joe Diffie,40,10,
1997-09-13,1,She's Got It All,Kenny Chesney,1,16,
1997-09-13,2,We Were In Love,Toby Keith,2,14,Gains In Performance
1997-09-13,3,There Goes,Alan Jackson,8,10,Gains In Performance
1997-09-13,4,How Was I To Know,John Michael Montgomery,3,14,Gains In Performance
1997-09-13,5,"Dancin', Shaggin' On The Boulevard",Alabama,6,12,Gains In Performance
1997-09-13,6,How Your Love Makes Me Feel,Diamond Rio,9,15,Gains In Performance
1997-09-13,7,What The Heart Wants,Collin Raye,10,15,Gains In Performance
1997-09-13,8,"How Do I Live (From ""Con Air"")",Trisha Yearwood,4,15,
1997-09-13,9,The Shake,Neal McCoy,12,17,Gains In Performance
1997-09-13,10,The Fool,Lee Ann Womack,13,13,Gains In Performance
1997-09-13,11,"Day In, Day Out",David Kersh,15,16,Gains In Performance
1997-09-13,12,How Do I Get There,Deana Carter,17,7,Gains In Performance
1997-09-13,13,Go Away,Lorrie Morgan,16,11,Gains In Performance
1997-09-13,14,Carrying Your Love With Me,George Strait,11,20,
1997-09-13,15,Everywhere,Tim McGraw,21,11,Gains In Performance
1997-09-13,16,You And You Alone,Vince Gill,18,9,Gains In Performance
1997-09-13,17,"Drink, Swear, Steal & Lie",Michael Peterson,5,18,
1997-09-13,18,If You Love Somebody,Kevin Sharp,20,8,Gains In Performance
1997-09-13,19,It's All The Same To Me,Billy Ray Cyrus,19,15,Gains In Performance
1997-09-13,20,How A Cowgirl Says Goodbye,Tracy Lawrence,7,16,
1997-09-13,21,In Another's Eyes,Trisha Yearwood And Garth Brooks,26,4,Gains In Performance
1997-09-13,22,Honky Tonk Truth,Brooks & Dunn,29,3,Gains In Performance
1997-09-13,23,Come Cryin' To Me,Lonestar,14,20,
1997-09-13,24,This Night Won't Last Forever,Sawyer Brown,23,12,Gains In Performance
1997-09-13,25,Love Is The Right Place,Bryan White,25,7,Gains In Performance
1997-09-13,26,Nothin' Less Than Love,The Buffalo Club,27,15,Gains In Performance
1997-09-13,27,Helping Me Get Over You,Travis Tritt Featuring Lari White,28,8,Gains In Performance
1997-09-13,28,It's Your Love,Tim McGraw With Faith Hill,22,19,
1997-09-13,29,All Lit Up In Love,David Lee Murphy,31,11,Gains In Performance
1997-09-13,30,Thank God For Believers,Mark Chesnutt,36,7,Gains In Performance
1997-09-13,31,Shut Up And Drive,Chely Wright,33,9,Gains In Performance
1997-09-13,32,Something That We Do,Clint Black,41,3,Gains In Performance
1997-09-13,33,Hole In My Heart,BlackHawk,35,12,
1997-09-13,34,Watch This,Clay Walker,38,6,Gains In Performance
1997-09-13,35,Please,The Kinleys,37,7,Gains In Performance
1997-09-13,36,Down Came A Blackbird,Lila McCann,34,18,
1997-09-13,37,What If It's You,Reba McEntire,50,2,Gains In Performance
1997-09-13,38,Somebody Slap Me,John Anderson,30,11,
1997-09-13,39,The Rest Of Mine,Trace Adkins,54,2,Gains In Performance
1997-09-13,40,I'm Your Man,Jason Sellers,42,7,Gains In Performance
1997-09-13,41,Still Holding On,Clint Black & Martina McBride,39,14,
1997-09-13,42,You Can't Get There From Here,Lee Roy Parnell,43,5,Gains In Performance
1997-09-13,43,Nickajack,River Road,45,4,Gains In Performance
1997-09-13,44,You Walked In,Lonestar,59,3,Gains In Performance
1997-09-13,45,Land Of The Living,Pam Tillis,62,2,Gains In Performance
1997-09-13,46,He Left A Lot To Be Desired,Ricochet,40,20,
1997-09-13,47,Three Chords And The Truth,Sara Evans,44,10,
1997-09-13,48,Another Perfect Day,Blake & Brian,55,9,Gains In Performance
1997-09-13,49,Love Travels,Kathy Mattea,51,5,Gains In Performance
1997-09-13,50,You Light Up My Life,LeAnn Rimes,48,4,
1997-09-13,51,How Do I Live,LeAnn Rimes,47,14,
1997-09-13,52,Living In A House Full Of Love,Gary Allan,61,4,Gains In Performance
1997-09-13,53,Ridin' Out The Heartache,Tanya Tucker,46,9,
1997-09-13,54,Hand Of Fate,Sons Of The Desert,64,3,Gains In Performance
1997-09-13,55,Wichita Lineman,Wade Hayes,57,6,Gains In Performance
1997-09-13,56,From Here To Eternity,Michael Peterson,NEW,1,Highest ranking debut|Gains In Performance
1997-09-13,57,Today My World Slipped Away,George Strait,65,2,Gains In Performance
1997-09-13,58,Don't Love Make A Diamond Shine,Tracy Byrd,49,18,
1997-09-13,59,Blink Of An Eye,Ricochet,NEW,1,Gains In Performance
1997-09-13,60,Flutter,Jack Ingram,53,9,
1997-09-20,1,There Goes,Alan Jackson,3,11,Gains In Performance
1997-09-20,2,How Was I To Know,John Michael Montgomery,4,15,Gains In Performance
1997-09-20,3,"Dancin', Shaggin' On The Boulevard",Alabama,5,13,Gains In Performance
1997-09-20,4,How Your Love Makes Me Feel,Diamond Rio,6,16,Gains In Performance
1997-09-20,5,What The Heart Wants,Collin Raye,7,16,Gains In Performance
1997-09-20,6,We Were In Love,Toby Keith,2,15,
1997-09-20,7,She's Got It All,Kenny Chesney,1,17,
1997-09-20,8,The Fool,Lee Ann Womack,10,14,Gains In Performance
1997-09-20,9,The Shake,Neal McCoy,9,18,Gains In Performance
1997-09-20,10,How Do I Get There,Deana Carter,12,8,Gains In Performance
1997-09-20,11,"Day In, Day Out",David Kersh,11,17,Gains In Performance
1997-09-20,12,Everywhere,Tim McGraw,15,12,Gains In Performance
1997-09-20,13,Go Away,Lorrie Morgan,13,12,Gains In Performance
1997-09-20,14,"How Do I Live (From ""Con Air"")",Trisha Yearwood,8,16,
1997-09-20,15,If You Love Somebody,Kevin Sharp,18,9,Gains In Performance
1997-09-20,16,You And You Alone,Vince Gill,16,10,Gains In Performance
1997-09-20,17,Honky Tonk Truth,Brooks & Dunn,22,4,Gains In Performance
1997-09-20,18,In Another's Eyes,Trisha Yearwood And Garth Brooks,21,5,Gains In Performance
1997-09-20,19,Carrying Your Love With Me,George Strait,14,21,
1997-09-20,20,This Night Won't Last Forever,Sawyer Brown,24,13,Gains In Performance
1997-09-20,21,It's All The Same To Me,Billy Ray Cyrus,19,16,
1997-09-20,22,Love Is The Right Place,Bryan White,25,8,Gains In Performance
1997-09-20,23,"Drink, Swear, Steal & Lie",Michael Peterson,17,19,
1997-09-20,24,Helping Me Get Over You,Travis Tritt Featuring Lari White,27,9,Gains In Performance
1997-09-20,25,Shut Up And Drive,Chely Wright,31,10,Gains In Performance
1997-09-20,26,How A Cowgirl Says Goodbye,Tracy Lawrence,20,17,
1997-09-20,27,Something That We Do,Clint Black,32,4,Gains In Performance
1997-09-20,28,It's Your Love,Tim McGraw With Faith Hill,28,20,
1997-09-20,29,Nothin' Less Than Love,The Buffalo Club,26,16,
1997-09-20,30,Thank God For Believers,Mark Chesnutt,30,8,Gains In Performance
1997-09-20,31,All Lit Up In Love,David Lee Murphy,29,12,Gains In Performance
1997-09-20,32,Hole In My Heart,BlackHawk,33,13,Gains In Performance
1997-09-20,33,Watch This,Clay Walker,34,7,Gains In Performance
1997-09-20,34,What If It's You,Reba McEntire,37,3,Gains In Performance
1997-09-20,35,Please,The Kinleys,35,8,Gains In Performance
1997-09-20,36,The Rest Of Mine,Trace Adkins,39,3,Gains In Performance
1997-09-20,37,Land Of The Living,Pam Tillis,45,3,Gains In Performance
1997-09-20,38,I'm Your Man,Jason Sellers,40,8,Gains In Performance
1997-09-20,39,You Can't Get There From Here,Lee Roy Parnell,42,6,Gains In Performance
1997-09-20,40,You Walked In,Lonestar,44,4,Gains In Performance
1997-09-20,41,Down Came A Blackbird,Lila McCann,36,19,
1997-09-20,42,Nickajack,River Road,43,5,Gains In Performance
1997-09-20,43,Today My World Slipped Away,George Strait,57,3,Gains In Performance
1997-09-20,44,Still Holding On,Clint Black & Martina McBride,41,15,
1997-09-20,45,Living In A House Full Of Love,Gary Allan,52,5,Gains In Performance
1997-09-20,46,Love Travels,Kathy Mattea,49,6,Gains In Performance
1997-09-20,47,Another Perfect Day,Blake & Brian,48,10,Gains In Performance
1997-09-20,48,From Here To Eternity,Michael Peterson,56,2,Gains In Performance
1997-09-20,49,Somebody Slap Me,John Anderson,38,12,
1997-09-20,50,You Light Up My Life,LeAnn Rimes,50,5,Gains In Performance
1997-09-20,51,Hand Of Fate,Sons Of The Desert,54,4,Gains In Performance
1997-09-20,52,Blink Of An Eye,Ricochet,59,2,Gains In Performance
1997-09-20,53,How Do I Live,LeAnn Rimes,51,15,
1997-09-20,54,A Broken Wing,Martina McBride,71,2,Gains In Performance
1997-09-20,55,I Have To Surrender,Ty Herndon,NEW,1,Highest ranking debut|Gains In Performance
1997-09-20,56,Wichita Lineman,Wade Hayes,55,7,
1997-09-20,57,Don't Love Make A Diamond Shine,Tracy Byrd,58,19,
1997-09-20,58,A Woman Like You,Matt King,61,5,Gains In Performance
1997-09-20,59,What If I Do,Mindy McCready,NEW,1,Gains In Performance
1997-09-20,60,That Train Don't Run,Matraca Berg,63,2,Gains In Performance
1997-09-27,1,How Your Love Makes Me Feel,Diamond Rio,4,17,Gains In Performance
1997-09-27,2,What The Heart Wants,Collin Raye,5,17,Gains In Performance
1997-09-27,3,There Goes,Alan Jackson,1,12,
1997-09-27,4,How Was I To Know,John Michael Montgomery,2,16,
1997-09-27,5,The Fool,Lee Ann Womack,8,15,Gains In Performance
1997-09-27,6,The Shake,Neal McCoy,9,19,Gains In Performance
1997-09-27,7,"Dancin', Shaggin' On The Boulevard",Alabama,3,14,
1997-09-27,8,She's Got It All,Kenny Chesney,7,18,
1997-09-27,9,How Do I Get There,Deana Carter,10,9,Gains In Performance
1997-09-27,10,Everywhere,Tim McGraw,12,13,Gains In Performance
1997-09-27,11,Go Away,Lorrie Morgan,13,13,Gains In Performance
1997-09-27,12,We Were In Love,Toby Keith,6,16,
1997-09-27,13,You And You Alone,Vince Gill,16,11,Gains In Performance
1997-09-27,14,Honky Tonk Truth,Brooks & Dunn,17,5,Gains In Performance
1997-09-27,15,If You Love Somebody,Kevin Sharp,15,10,Gains In Performance
1997-09-27,16,In Another's Eyes,Trisha Yearwood And Garth Brooks,18,6,Gains In Performance
1997-09-27,17,"How Do I Live (From ""Con Air"")",Trisha Yearwood,14,17,
1997-09-27,18,This Night Won't Last Forever,Sawyer Brown,20,14,Gains In Performance
1997-09-27,19,"Day In, Day Out",David Kersh,11,18,
1997-09-27,20,Love Is The Right Place,Bryan White,22,9,Gains In Performance
1997-09-27,21,Something That We Do,Clint Black,27,5,Gains In Performance
1997-09-27,22,Helping Me Get Over You,Travis Tritt Featuring Lari White,24,10,Gains In Performance
1997-09-27,23,Shut Up And Drive,Chely Wright,25,11,Gains In Performance
1997-09-27,24,Thank God For Believers,Mark Chesnutt,30,9,Gains In Performance
1997-09-27,25,What If It's You,Reba McEntire,34,4,Gains In Performance
1997-09-27,26,All Lit Up In Love,David Lee Murphy,31,13,Gains In Performance
1997-09-27,27,"Drink, Swear, Steal & Lie",Michael Peterson,23,20,
1997-09-27,28,Watch This,Clay Walker,33,8,Gains In Performance
1997-09-27,29,Please,The Kinleys,35,9,Gains In Performance
1997-09-27,30,It's All The Same To Me,Billy Ray Cyrus,21,17,
1997-09-27,31,Hole In My Heart,BlackHawk,32,14,Gains In Performance
1997-09-27,32,How A Cowgirl Says Goodbye,Tracy Lawrence,26,18,
1997-09-27,33,The Rest Of Mine,Trace Adkins,36,4,Gains In Performance
1997-09-27,34,Today My World Slipped Away,George Strait,43,4,Gains In Performance
1997-09-27,35,Land Of The Living,Pam Tillis,37,4,Gains In Performance
1997-09-27,36,You Walked In,Lonestar,40,5,Gains In Performance
1997-09-27,37,I'm Your Man,Jason Sellers,38,9,Gains In Performance
1997-09-27,38,From Here To Eternity,Michael Peterson,48,3,Gains In Performance
1997-09-27,39,Nothin' Less Than Love,The Buffalo Club,29,17,
1997-09-27,40,You Can't Get There From Here,Lee Roy Parnell,39,7,
1997-09-27,41,Nickajack,River Road,42,6,Gains In Performance
1997-09-27,42,Love Travels,Kathy Mattea,46,7,Gains In Performance
1997-09-27,43,Living In A House Full Of Love,Gary Allan,45,6,Gains In Performance
1997-09-27,44,A Broken Wing,Martina McBride,54,3,Gains In Performance
1997-09-27,45,Another Perfect Day,Blake & Brian,47,11,Gains In Performance
1997-09-27,46,Hand Of Fate,Sons Of The Desert,51,5,Gains In Performance
1997-09-27,47,What If I Do,Mindy McCready,59,2,Gains In Performance
1997-09-27,48,The Coast Is Clear,Tracy Lawrence,63,2,Gains In Performance
1997-09-27,49,I Have To Surrender,Ty Herndon,55,2,Gains In Performance
1997-09-27,50,Blink Of An Eye,Ricochet,52,3,Gains In Performance
1997-09-27,51,Down Came A Blackbird,Lila McCann,41,20,
1997-09-27,52,Still Holding On,Clint Black & Martina McBride,44,16,
1997-09-27,53,You Don't Seem To Miss Me,Patty Loveless,62,2,Gains In Performance
1997-09-27,54,How Do I Live,LeAnn Rimes,53,16,
1997-09-27,55,Somebody Slap Me,John Anderson,49,13,
1997-09-27,56,A Woman Like You,Matt King,58,6,Gains In Performance
1997-09-27,57,You Light Up My Life,LeAnn Rimes,50,6,
1997-09-27,58,Don't Love Make A Diamond Shine,Tracy Byrd,57,20,
1997-09-27,59,That Train Don't Run,Matraca Berg,60,3,Gains In Performance
1997-09-27,60,One Solitary Tear,Sherrie Austin,73,3,Gains In Performance
1997-10-04,1,How Your Love Makes Me Feel,Diamond Rio,1,18,Gains In Performance
1997-10-04,2,The Fool,Lee Ann Womack,5,16,Gains In Performance
1997-10-04,3,What The Heart Wants,Collin Raye,2,18,
1997-10-04,4,How Do I Get There,Deana Carter,9,10,Gains In Performance
1997-10-04,5,The Shake,Neal McCoy,6,20,
1997-10-04,6,Everywhere,Tim McGraw,10,14,Gains In Performance
1997-10-04,7,There Goes,Alan Jackson,3,13,
1997-10-04,8,Go Away,Lorrie Morgan,11,14,Gains In Performance
1997-10-04,9,Honky Tonk Truth,Brooks & Dunn,14,6,Gains In Performance
1997-10-04,10,If You Love Somebody,Kevin Sharp,15,11,Gains In Performance
1997-10-04,11,In Another's Eyes,Trisha Yearwood And Garth Brooks,16,7,Gains In Performance
1997-10-04,12,How Was I To Know,John Michael Montgomery,4,17,
1997-10-04,13,This Night Won't Last Forever,Sawyer Brown,18,15,Gains In Performance
1997-10-04,14,You And You Alone,Vince Gill,13,12,Gains In Performance
1997-10-04,15,She's Got It All,Kenny Chesney,8,19,
1997-10-04,16,"Dancin', Shaggin' On The Boulevard",Alabama,7,15,
1997-10-04,17,Love Is The Right Place,Bryan White,20,10,Gains In Performance
1997-10-04,18,Something That We Do,Clint Black,21,6,Gains In Performance
1997-10-04,19,Helping Me Get Over You,Travis Tritt Featuring Lari White,22,11,Gains In Performance
1997-10-04,20,Thank God For Believers,Mark Chesnutt,24,10,Gains In Performance
1997-10-04,21,Shut Up And Drive,Chely Wright,23,12,Gains In Performance
1997-10-04,22,What If It's You,Reba McEntire,25,5,Gains In Performance
1997-10-04,23,"How Do I Live (From ""Con Air"")",Trisha Yearwood,17,18,
1997-10-04,24,We Were In Love,Toby Keith,12,17,
1997-10-04,25,Watch This,Clay Walker,28,9,Gains In Performance
1997-10-04,26,All Lit Up In Love,David Lee Murphy,26,14,Gains In Performance
1997-10-04,27,Today My World Slipped Away,George Strait,34,5,Gains In Performance
1997-10-04,28,Please,The Kinleys,29,10,Gains In Performance
1997-10-04,29,Love Gets Me Every Time,Shania Twain,NEW,1,Highest ranking debut|Gains In Performance
1997-10-04,30,The Rest Of Mine,Trace Adkins,33,5,Gains In Performance
1997-10-04,31,Land Of The Living,Pam Tillis,35,5,Gains In Performance
1997-10-04,32,"Day In, Day Out",David Kersh,19,19,
1997-10-04,33,You Walked In,Lonestar,36,6,Gains In Performance
1997-10-04,34,How A Cowgirl Says Goodbye,Tracy Lawrence,32,19,
1997-10-04,35,From Here To Eternity,Michael Peterson,38,4,Gains In Performance
1997-10-04,36,Hole In My Heart,BlackHawk,31,15,
1997-10-04,37,The Coast Is Clear,Tracy Lawrence,48,3,Gains In Performance
1997-10-04,38,I'm Your Man,Jason Sellers,37,10,Gains In Performance
1997-10-04,39,A Broken Wing,Martina McBride,44,4,Gains In Performance
1997-10-04,40,It's All The Same To Me,Billy Ray Cyrus,30,18,
1997-10-04,41,Love Travels,Kathy Mattea,42,8,Gains In Performance
1997-10-04,42,You Can't Get There From Here,Lee Roy Parnell,40,8,Gains In Performance
1997-10-04,43,What If I Do,Mindy McCready,47,3,Gains In Performance
1997-10-04,44,I Have To Surrender,Ty Herndon,49,3,Gains In Performance
1997-10-04,45,Nickajack,River Road,41,7,
1997-10-04,46,You Don't Seem To Miss Me,Patty Loveless,53,3,Gains In Performance
1997-10-04,47,Living In A House Full Of Love,Gary Allan,43,7,Gains In Performance
1997-10-04,48,Blink Of An Eye,Ricochet,50,4,Gains In Performance
1997-10-04,49,Hand Of Fate,Sons Of The Desert,46,6,
1997-10-04,50,Another Perfect Day,Blake & Brian,45,12,
1997-10-04,51,Still Holding On,Clint Black & Martina McBride,52,17,
1997-10-04,52,Nothin' Less Than Love,The Buffalo Club,39,18,
1997-10-04,53,When Love Starts Talkin',Wynonna,NEW,1,Gains In Performance
1997-10-04,54,I Wanna Fall In Love,Lila McCann,61,2,Gains In Performance
1997-10-04,55,A Woman Like You,Matt King,56,7,Gains In Performance
1997-10-04,56,One Solitary Tear,Sherrie Austin,60,4,Gains In Performance
1997-10-04,57,Small Town,John Anderson,62,2,Gains In Performance
1997-10-04,58,How Do I Live,LeAnn Rimes,54,17,
1997-10-04,59,The Stone,John Berry,64,3,Gains In Performance
1997-10-04,60,Somebody Slap Me,John Anderson,55,14,
1997-10-11,1,How Your Love Makes Me Feel,Diamond Rio,1,19,
1997-10-11,2,How Do I Get There,Deana Carter,4,11,Gains In Performance
1997-10-11,3,The Fool,Lee Ann Womack,2,17,
1997-10-11,4,Everywhere,Tim McGraw,6,15,Gains In Performance
1997-10-11,5,Go Away,Lorrie Morgan,8,15,Gains In Performance
1997-10-11,6,This Night Won't Last Forever,Sawyer Brown,13,16,Gains In Performance
1997-10-11,7,If You Love Somebody,Kevin Sharp,10,12,Gains In Performance
1997-10-11,8,You And You Alone,Vince Gill,14,13,Gains In Performance
1997-10-11,9,Honky Tonk Truth,Brooks & Dunn,9,7,Gains In Performance
1997-10-11,10,In Another's Eyes,Trisha Yearwood And Garth Brooks,11,8,Gains In Performance
1997-10-11,11,What The Heart Wants,Collin Raye,3,19,
1997-10-11,12,There Goes,Alan Jackson,7,14,
1997-10-11,13,Love Is The Right Place,Bryan White,17,11,Gains In Performance
1997-10-11,14,The Shake,Neal McCoy,5,21,
1997-10-11,15,Love Gets Me Every Time,Shania Twain,29,2,Gains In Performance
1997-10-11,16,Something That We Do,Clint Black,18,7,Gains In Performance
1997-10-11,17,Thank God For Believers,Mark Chesnutt,20,11,Gains In Performance
1997-10-11,18,Shut Up And Drive,Chely Wright,21,13,Gains In Performance
1997-10-11,19,Helping Me Get Over You,Travis Tritt Featuring Lari White,19,12,Gains In Performance
1997-10-11,20,She's Got It All,Kenny Chesney,15,20,
1997-10-11,21,What If It's You,Reba McEntire,22,6,Gains In Performance
1997-10-11,22,Today My World Slipped Away,George Strait,27,6,Gains In Performance
1997-10-11,23,Watch This,Clay Walker,25,10,Gains In Performance
1997-10-11,24,How Was I To Know,John Michael Montgomery,12,18,
1997-10-11,25,All Lit Up In Love,David Lee Murphy,26,15,Gains In Performance
1997-10-11,26,"How Do I Live (From ""Con Air"")",Trisha Yearwood,23,19,
1997-10-11,27,Please,The Kinleys,28,11,Gains In Performance
1997-10-11,28,The Rest Of Mine,Trace Adkins,30,6,Gains In Performance
1997-10-11,29,Land Of The Living,Pam Tillis,31,6,Gains In Performance
1997-10-11,30,"Dancin', Shaggin' On The Boulevard",Alabama,16,16,
1997-10-11,31,We Were In Love,Toby Keith,24,18,
1997-10-11,32,From Here To Eternity,Michael Peterson,35,5,Gains In Performance
1997-10-11,33,You Walked In,Lonestar,33,7,Gains In Performance
1997-10-11,34,The Coast Is Clear,Tracy Lawrence,37,4,Gains In Performance
1997-10-11,35,A Broken Wing,Martina McBride,39,5,Gains In Performance
1997-10-11,36,How A Cowgirl Says Goodbye,Tracy Lawrence,34,20,
1997-10-11,37,You Don't Seem To Miss Me,Patty Loveless,46,4,Gains In Performance
1997-10-11,38,"Day In, Day Out",David Kersh,32,20,
1997-10-11,39,When Love Starts Talkin',Wynonna,53,2,Gains In Performance
1997-10-11,40,What If I Do,Mindy McCready,43,4,Gains In Performance
1997-10-11,41,I Have To Surrender,Ty Herndon,44,4,Gains In Performance
1997-10-11,42,Love Travels,Kathy Mattea,41,9,Gains In Performance
1997-10-11,43,Nickajack,River Road,45,8,Gains In Performance
1997-10-11,44,I'm Your Man,Jason Sellers,38,11,
1997-10-11,45,You Can't Get There From Here,Lee Roy Parnell,42,9,Gains In Performance
1997-10-11,46,Living In A House Full Of Love,Gary Allan,47,8,Gains In Performance
1997-10-11,47,Hole In My Heart,BlackHawk,36,16,
1997-10-11,48,Hand Of Fate,Sons Of The Desert,49,7,Gains In Performance
1997-10-11,49,It's All The Same To Me,Billy Ray Cyrus,40,19,
1997-10-11,50,Blink Of An Eye,Ricochet,48,5,
1997-10-11,51,Another Perfect Day,Blake & Brian,50,13,Gains In Performance
1997-10-11,52,Angel In My Eyes,John Michael Montgomery,63,2,Gains In Performance
1997-10-11,53,I'm So Happy I Can't Stop Crying,Toby Keith With Sting,NEW,1,Highest ranking debut|Gains In Performance
1997-10-11,54,Still Holding On,Clint Black & Martina McBride,51,18,
1997-10-11,55,One Solitary Tear,Sherrie Austin,56,5,Gains In Performance
1997-10-11,56,I Wanna Fall In Love,Lila McCann,54,3,Gains In Performance
1997-10-11,57,A Woman Like You,Matt King,55,8,Gains In Performance
1997-10-11,58,How Do I Live,LeAnn Rimes,58,18,Gains In Performance
1997-10-11,59,Small Town,John Anderson,57,3,Gains In Performance
1997-10-11,60,Good Ol' Fashioned Love,Tracy Byrd,62,3,Gains In Performance
1997-10-18,1,How Do I Get There,Deana Carter,2,12,Gains In Performance
1997-10-18,2,Everywhere,Tim McGraw,4,16,Gains In Performance
1997-10-18,3,Go Away,Lorrie Morgan,5,16,Gains In Performance
1997-10-18,4,How Your Love Makes Me Feel,Diamond Rio,1,20,
1997-10-18,5,If You Love Somebody,Kevin Sharp,7,13,Gains In Performance
1997-10-18,6,This Night Won't Last Forever,Sawyer Brown,6,17,Gains In Performance
1997-10-18,7,In Another's Eyes,Trisha Yearwood And Garth Brooks,10,9,Gains In Performance
1997-10-18,8,The Fool,Lee Ann Womack,3,18,
1997-10-18,9,Honky Tonk Truth,Brooks & Dunn,9,8,Gains In Performance
1997-10-18,10,You And You Alone,Vince Gill,8,14,Gains In Performance
1997-10-18,11,Love Gets Me Every Time,Shania Twain,15,3,Gains In Performance
1997-10-18,12,Love Is The Right Place,Bryan White,13,12,Gains In Performance
1997-10-18,13,Thank God For Believers,Mark Chesnutt,17,12,Gains In Performance
1997-10-18,14,Something That We Do,Clint Black,16,8,Gains In Performance
1997-10-18,15,Shut Up And Drive,Chely Wright,18,14,Gains In Performance
1997-10-18,16,Today My World Slipped Away,George Strait,22,7,Gains In Performance
1997-10-18,17,What If It's You,Reba McEntire,21,7,Gains In Performance
1997-10-18,18,Helping Me Get Over You,Travis Tritt Featuring Lari White,19,13,Gains In Performance
1997-10-18,19,Watch This,Clay Walker,23,11,Gains In Performance
1997-10-18,20,There Goes,Alan Jackson,12,15,
1997-10-18,21,Land Of The Living,Pam Tillis,29,7,Gains In Performance
1997-10-18,22,Please,The Kinleys,27,12,Gains In Performance
1997-10-18,23,What The Heart Wants,Collin Raye,11,20,
1997-10-18,24,The Rest Of Mine,Trace Adkins,28,7,Gains In Performance
1997-10-18,25,How Was I To Know,John Michael Montgomery,24,19,
1997-10-18,26,From Here To Eternity,Michael Peterson,32,6,Gains In Performance
1997-10-18,27,All Lit Up In Love,David Lee Murphy,25,16,
1997-10-18,28,"How Do I Live (From ""Con Air"")",Trisha Yearwood,26,20,
1997-10-18,29,You Walked In,Lonestar,33,8,Gains In Performance
1997-10-18,30,The Coast Is Clear,Tracy Lawrence,34,5,Gains In Performance
1997-10-18,31,We Were In Love,Toby Keith,31,19,
1997-10-18,32,A Broken Wing,Martina McBride,35,6,Gains In Performance
1997-10-18,33,When Love Starts Talkin',Wynonna,39,3,Gains In Performance
1997-10-18,34,"Dancin', Shaggin' On The Boulevard",Alabama,30,17,
1997-10-18,35,You Don't Seem To Miss Me,Patty Loveless,37,5,Gains In Performance
1997-10-18,36,I Have To Surrender,Ty Herndon,41,5,Gains In Performance
1997-10-18,37,What If I Do,Mindy McCready,40,5,Gains In Performance
1997-10-18,38,Between The Devil And Me,Alan Jackson,63,2,Gains In Performance
1997-10-18,39,Love Travels,Kathy Mattea,42,10,Gains In Performance
1997-10-18,40,I'm So Happy I Can't Stop Crying,Toby Keith With Sting,53,2,Gains In Performance
1997-10-18,41,Nickajack,River Road,43,9,
1997-10-18,42,Angel In My Eyes,John Michael Montgomery,52,3,Gains In Performance
1997-10-18,43,Living In A House Full Of Love,Gary Allan,46,9,
1997-10-18,44,Hand Of Fate,Sons Of The Desert,48,8,Gains In Performance
1997-10-18,45,You Can't Get There From Here,Lee Roy Parnell,45,10,
1997-10-18,46,Blink Of An Eye,Ricochet,50,6,Gains In Performance
1997-10-18,47,I Wanna Fall In Love,Lila McCann,56,4,Gains In Performance
1997-10-18,48,I'm Your Man,Jason Sellers,44,12,
1997-10-18,49,One Solitary Tear,Sherrie Austin,55,6,Gains In Performance
1997-10-18,50,Of Course I'm Alright,Alabama,66,2,Gains In Performance
1997-10-18,51,It's All The Same To Me,Billy Ray Cyrus,49,20,
1997-10-18,52,Hole In My Heart,BlackHawk,47,17,
1997-10-18,53,See Rock City,Rick Trevino,65,4,Gains In Performance
1997-10-18,54,On The Side Of Angels,LeAnn Rimes,67,2,Gains In Performance
1997-10-18,55,Another Perfect Day,Blake & Brian,51,14,
1997-10-18,56,Small Town,John Anderson,59,4,Gains In Performance
1997-10-18,57,A Woman Like You,Matt King,57,9,
1997-10-18,58,Good Ol' Fashioned Love,Tracy Byrd,60,4,Gains In Performance
1997-10-18,59,Still Holding On,Clint Black & Martina McBride,54,19,
1997-10-18,60,How Do I Live,LeAnn Rimes,58,19,
1997-10-25,1,Everywhere,Tim McGraw,2,17,Gains In Performance
1997-10-25,2,How Do I Get There,Deana Carter,1,13,
1997-10-25,3,In Another's Eyes,Trisha Yearwood And Garth Brooks,7,10,Gains In Performance
1997-10-25,4,If You Love Somebody,Kevin Sharp,5,14,Gains In Performance
1997-10-25,5,Go Away,Lorrie Morgan,3,17,
1997-10-25,6,This Night Won't Last Forever,Sawyer Brown,6,18,Gains In Performance
1997-10-25,7,Love Gets Me Every Time,Shania Twain,11,4,Gains In Performance
1997-10-25,8,Honky Tonk Truth,Brooks & Dunn,9,9,Gains In Performance
1997-10-25,9,You And You Alone,Vince Gill,10,15,
1997-10-25,10,Love Is The Right Place,Bryan White,12,13,Gains In Performance
1997-10-25,11,Thank God For Believers,Mark Chesnutt,13,13,Gains In Performance
1997-10-25,12,How Your Love Makes Me Feel,Diamond Rio,4,21,
1997-10-25,13,Something That We Do,Clint Black,14,9,Gains In Performance
1997-10-25,14,The Fool,Lee Ann Womack,8,19,
1997-10-25,15,Today My World Slipped Away,George Strait,16,8,Gains In Performance
1997-10-25,16,Watch This,Clay Walker,19,12,Gains In Performance
1997-10-25,17,Shut Up And Drive,Chely Wright,15,15,
1997-10-25,18,What If It's You,Reba McEntire,17,8,
1997-10-25,19,Please,The Kinleys,22,13,Gains In Performance
1997-10-25,20,Land Of The Living,Pam Tillis,21,8,Gains In Performance
1997-10-25,21,Helping Me Get Over You,Travis Tritt Featuring Lari White,18,14,
1997-10-25,22,The Rest Of Mine,Trace Adkins,24,8,Gains In Performance
1997-10-25,23,From Here To Eternity,Michael Peterson,26,7,Gains In Performance
1997-10-25,24,When Love Starts Talkin',Wynonna,33,4,Gains In Performance
1997-10-25,25,A Broken Wing,Martina McBride,32,7,Gains In Performance
1997-10-25,26,There Goes,Alan Jackson,20,16,
1997-10-25,27,You Walked In,Lonestar,29,9,Gains In Performance
1997-10-25,28,How Was I To Know,John Michael Montgomery,25,20,
1997-10-25,29,The Coast Is Clear,Tracy Lawrence,30,6,
1997-10-25,30,Between The Devil And Me,Alan Jackson,38,3,Gains In Performance
1997-10-25,31,You Don't Seem To Miss Me,Patty Loveless,35,6,Gains In Performance
1997-10-25,32,We Were In Love,Toby Keith,31,20,
1997-10-25,33,"Dancin', Shaggin' On The Boulevard",Alabama,34,18,
1997-10-25,34,I Have To Surrender,Ty Herndon,36,6,Gains In Performance
1997-10-25,35,What If I Do,Mindy McCready,37,6,Gains In Performance
1997-10-25,36,All Lit Up In Love,David Lee Murphy,27,17,
1997-10-25,37,I'm So Happy I Can't Stop Crying,Toby Keith With Sting,40,3,Gains In Performance
1997-10-25,38,Angel In My Eyes,John Michael Montgomery,42,4,Gains In Performance
1997-10-25,39,Nickajack,River Road,41,10,Gains In Performance
1997-10-25,40,Love Travels,Kathy Mattea,39,11,
1997-10-25,41,Hand Of Fate,Sons Of The Desert,44,9,Gains In Performance
1997-10-25,42,Of Course I'm Alright,Alabama,50,3,Gains In Performance
1997-10-25,43,On The Side Of Angels,LeAnn Rimes,54,3,Gains In Performance
1997-10-25,44,Blink Of An Eye,Ricochet,46,7,Gains In Performance
1997-10-25,45,See Rock City,Rick Trevino,53,5,Gains In Performance
1997-10-25,46,I Wanna Fall In Love,Lila McCann,47,5,Gains In Performance
1997-10-25,47,Living In A House Full Of Love,Gary Allan,43,10,
1997-10-25,48,One Solitary Tear,Sherrie Austin,49,7,Gains In Performance
1997-10-25,49,Small Town,John Anderson,56,5,Gains In Performance
1997-10-25,50,Good Ol' Fashioned Love,Tracy Byrd,58,5,Gains In Performance
1997-10-25,51,A Chance,Kenny Chesney,66,3,Gains In Performance
1997-10-25,52,Walkin' The Country,The Ranch,61,5,Gains In Performance
1997-10-25,53,Heart Hold On,The Buffalo Club,62,3,Gains In Performance
1997-10-25,54,A Woman Like You,Matt King,57,10,
1997-10-25,55,How Do I Live,LeAnn Rimes,60,20,Gains In Performance
1997-10-25,56,Hole In My Heart,BlackHawk,52,18,
1997-10-25,57,Postmarked Birmingham,BlackHawk,68,2,Gains In Performance
1997-10-25,58,Still Holding On,Clint Black & Martina McBride,59,20,
1997-10-25,59,If You Can't Be Good (Be Good At It),Neal McCoy,72,2,Gains In Performance
1997-10-25,60,More Than Everything,Rhett Akins,65,4,Gains In Performance
1997-11-01,1,Everywhere,Tim McGraw,1,18,
1997-11-01,2,In Another's Eyes,Trisha Yearwood And Garth Brooks,3,11,Gains In Performance
1997-11-01,3,Love Gets Me Every Time,Shania Twain,7,5,Gains In Performance
1997-11-01,4,Honky Tonk Truth,Brooks & Dunn,8,10,Gains In Performance
1997-11-01,5,If You Love Somebody,Kevin Sharp,4,15,Gains In Performance
1997-11-01,6,How Do I Get There,Deana Carter,2,14,
1997-11-01,7,This Night Won't Last Forever,Sawyer Brown,6,19,
1997-11-01,8,Love Is The Right Place,Bryan White,10,14,Gains In Performance
1997-11-01,9,Thank God For Believers,Mark Chesnutt,11,14,Gains In Performance
1997-11-01,10,Something That We Do,Clint Black,13,10,Gains In Performance
1997-11-01,11,Go Away,Lorrie Morgan,5,18,
1997-11-01,12,Today My World Slipped Away,George Strait,15,9,Gains In Performance
1997-11-01,13,Watch This,Clay Walker,16,13,Gains In Performance
1997-11-01,14,Shut Up And Drive,Chely Wright,17,16,Gains In Performance
1997-11-01,15,What If It's You,Reba McEntire,18,9,Gains In Performance
1997-11-01,16,From Here To Eternity,Michael Peterson,23,8,Gains In Performance
1997-11-01,17,Land Of The Living,Pam Tillis,20,9,Gains In Performance
1997-11-01,18,Please,The Kinleys,19,14,Gains In Performance
1997-11-01,19,The Rest Of Mine,Trace Adkins,22,9,Gains In Performance
1997-11-01,20,How Your Love Makes Me Feel,Diamond Rio,12,22,
1997-11-01,21,You And You Alone,Vince Gill,9,16,
1997-11-01,22,When Love Starts Talkin',Wynonna,24,5,Gains In Performance
1997-11-01,23,The Fool,Lee Ann Womack,14,20,
1997-11-01,24,A Broken Wing,Martina McBride,25,8,Gains In Performance
1997-11-01,25,Between The Devil And Me,Alan Jackson,30,4,Gains In Performance
1997-11-01,26,You Don't Seem To Miss Me,Patty Loveless,31,7,Gains In Performance
1997-11-01,27,You Walked In,Lonestar,27,10,Gains In Performance
1997-11-01,28,The Coast Is Clear,Tracy Lawrence,29,7,Gains In Performance
1997-11-01,29,There Goes,Alan Jackson,26,17,
1997-11-01,30,I'm So Happy I Can't Stop Crying,Toby Keith With Sting,37,4,Gains In Performance
1997-11-01,31,I Have To Surrender,Ty Herndon,34,7,Gains In Performance
1997-11-01,32,Helping Me Get Over You,Travis Tritt Featuring Lari White,21,15,
1997-11-01,33,Angel In My Eyes,John Michael Montgomery,38,5,Gains In Performance
1997-11-01,34,What If I Do,Mindy McCready,35,7,Gains In Performance
1997-11-01,35,"Dancin', Shaggin' On The Boulevard",Alabama,33,19,
1997-11-01,36,Of Course I'm Alright,Alabama,42,4,Gains In Performance
1997-11-01,37,On The Side Of Angels,LeAnn Rimes,43,4,Gains In Performance
1997-11-01,38,Nickajack,River Road,39,11,Gains In Performance
1997-11-01,39,Hand Of Fate,Sons Of The Desert,41,10,Gains In Performance
1997-11-01,40,I Wanna Fall In Love,Lila McCann,46,6,Gains In Performance
1997-11-01,41,Blink Of An Eye,Ricochet,44,8,Gains In Performance
1997-11-01,42,All Lit Up In Love,David Lee Murphy,36,18,
1997-11-01,43,Love Travels,Kathy Mattea,40,12,
1997-11-01,44,See Rock City,Rick Trevino,45,6,Gains In Performance
1997-11-01,45,A Chance,Kenny Chesney,51,4,Gains In Performance
1997-11-01,46,One Solitary Tear,Sherrie Austin,48,8,Gains In Performance
1997-11-01,47,Good Ol' Fashioned Love,Tracy Byrd,50,6,Gains In Performance
1997-11-01,48,If You Can't Be Good (Be Good At It),Neal McCoy,59,3,Gains In Performance
1997-11-01,49,Small Town,John Anderson,49,6,Gains In Performance
1997-11-01,50,Walkin' The Country,The Ranch,52,6,Gains In Performance
1997-11-01,51,Postmarked Birmingham,BlackHawk,57,3,Gains In Performance
1997-11-01,52,You've Got To Talk To Me,Lee Ann Womack,NEW,1,Highest ranking debut|Gains In Performance
1997-11-01,53,Heart Hold On,The Buffalo Club,53,4,Gains In Performance
1997-11-01,54,A Little In Love,Paul Brandt,61,3,Gains In Performance
1997-11-01,55,More Than Everything,Rhett Akins,60,5,Gains In Performance
1997-11-01,56,Love Of My Life,Sammy Kershaw,63,2,Gains In Performance
1997-11-01,57,Living In A House Full Of Love,Gary Allan,47,11,
1997-11-01,58,Hole In My Heart,BlackHawk,56,19,
1997-11-01,59,Did I Shave My Legs For This?,Deana Carter,NEW,1,Gains In Performance
1997-11-01,60,He's Got You,Brooks & Dunn,70,3,Gains In Performance
1997-11-08,1,Love Gets Me Every Time,Shania Twain,3,6,Gains In Performance
1997-11-08,2,In Another's Eyes,Trisha Yearwood And Garth Brooks,2,12,Gains In Performance
1997-11-08,3,Honky Tonk Truth,Brooks & Dunn,4,11,Gains In Performance
1997-11-08,4,Everywhere,Tim McGraw,1,19,
1997-11-08,5,Thank God For Believers,Mark Chesnutt,9,15,Gains In Performance
1997-11-08,6,Love Is The Right Place,Bryan White,8,15,Gains In Performance
1997-11-08,7,If You Love Somebody,Kevin Sharp,5,16,
1997-11-08,8,Something That We Do,Clint Black,10,11,Gains In Performance
1997-11-08,9,How Do I Get There,Deana Carter,6,15,
1997-11-08,10,Today My World Slipped Away,George Strait,12,10,Gains In Performance
1997-11-08,11,Watch This,Clay Walker,13,14,Gains In Performance
1997-11-08,12,From Here To Eternity,Michael Peterson,16,9,Gains In Performance
1997-11-08,13,This Night Won't Last Forever,Sawyer Brown,7,20,
1997-11-08,14,Shut Up And Drive,Chely Wright,14,17,Gains In Performance
1997-11-08,15,What If It's You,Reba McEntire,15,10,Gains In Performance
1997-11-08,16,Land Of The Living,Pam Tillis,17,10,Gains In Performance
1997-11-08,17,Please,The Kinleys,18,15,Gains In Performance
1997-11-08,18,When Love Starts Talkin',Wynonna,22,6,Gains In Performance
1997-11-08,19,The Rest Of Mine,Trace Adkins,19,10,Gains In Performance
1997-11-08,20,A Broken Wing,Martina McBride,24,9,Gains In Performance
1997-11-08,21,Between The Devil And Me,Alan Jackson,25,5,Gains In Performance
1997-11-08,22,You Don't Seem To Miss Me,Patty Loveless,26,8,Gains In Performance
1997-11-08,23,I'm So Happy I Can't Stop Crying,Toby Keith With Sting,30,5,Gains In Performance
1997-11-08,24,Go Away,Lorrie Morgan,11,19,
1997-11-08,25,You Walked In,Lonestar,27,11,Gains In Performance
1997-11-08,26,The Coast Is Clear,Tracy Lawrence,28,8,Gains In Performance
1997-11-08,27,Angel In My Eyes,John Michael Montgomery,33,6,Gains In Performance
1997-11-08,28,I Have To Surrender,Ty Herndon,31,8,Gains In Performance
1997-11-08,29,There Goes,Alan Jackson,29,18,
1997-11-08,30,What If I Do,Mindy McCready,34,8,Gains In Performance
1997-11-08,31,On The Side Of Angels,LeAnn Rimes,37,5,Gains In Performance
1997-11-08,32,You And You Alone,Vince Gill,21,17,
1997-11-08,33,Of Course I'm Alright,Alabama,36,5,Gains In Performance
1997-11-08,34,"Dancin', Shaggin' On The Boulevard",Alabama,35,20,
1997-11-08,35,I Wanna Fall In Love,Lila McCann,40,7,Gains In Performance
1997-11-08,36,Hand Of Fate,Sons Of The Desert,39,11,Gains In Performance
1997-11-08,37,Nickajack,River Road,38,12,
1997-11-08,38,Helping Me Get Over You,Travis Tritt Featuring Lari White,32,16,
1997-11-08,39,Blink Of An Eye,Ricochet,41,9,Gains In Performance
1997-11-08,40,A Chance,Kenny Chesney,45,5,Gains In Performance
1997-11-08,41,If You Can't Be Good (Be Good At It),Neal McCoy,48,4,Gains In Performance
1997-11-08,42,One Solitary Tear,Sherrie Austin,46,9,Gains In Performance
1997-11-08,43,Imagine That,Diamond Rio,65,2,Gains In Performance
1997-11-08,44,Postmarked Birmingham,BlackHawk,51,4,Gains In Performance
1997-11-08,45,You've Got To Talk To Me,Lee Ann Womack,52,2,Gains In Performance
1997-11-08,46,Small Town,John Anderson,49,7,Gains In Performance
1997-11-08,47,Good Ol' Fashioned Love,Tracy Byrd,47,7,Gains In Performance
1997-11-08,48,All Lit Up In Love,David Lee Murphy,42,19,
1997-11-08,49,Love Of My Life,Sammy Kershaw,56,3,Gains In Performance
1997-11-08,50,Walkin' The Country,The Ranch,50,7,Gains In Performance
1997-11-08,51,A Little In Love,Paul Brandt,54,4,Gains In Performance
1997-11-08,52,Did I Shave My Legs For This?,Deana Carter,59,2,Gains In Performance
1997-11-08,53,See Rock City,Rick Trevino,44,7,
1997-11-08,54,More Than Everything,Rhett Akins,55,6,Gains In Performance
1997-11-08,55,Heart Hold On,The Buffalo Club,53,5,Gains In Performance
1997-11-08,56,Love Travels,Kathy Mattea,43,13,
1997-11-08,57,He's Got You,Brooks & Dunn,60,4,Gains In Performance
1997-11-08,58,One Of Those Nights Tonight,Lorrie Morgan,NEW,1,Highest ranking debut|Gains In Performance
1997-11-08,59,The Gift,Collin Raye Featuring Jim Brickman,64,3,Gains In Performance
1997-11-08,60,Nights Like These,The Lynns,66,3,Gains In Performance
1997-11-15,1,Love Gets Me Every Time,Shania Twain,1,7,Gains In Performance
1997-11-15,2,Thank God For Believers,Mark Chesnutt,5,16,Gains In Performance
1997-11-15,3,Something That We Do,Clint Black,8,12,Gains In Performance
1997-11-15,4,Love Is The Right Place,Bryan White,6,16,Gains In Performance
1997-11-15,5,In Another's Eyes,Trisha Yearwood And Garth Brooks,2,13,
1997-11-15,6,Everywhere,Tim McGraw,4,20,
1997-11-15,7,Watch This,Clay Walker,11,15,Gains In Performance
1997-11-15,8,Today My World Slipped Away,George Strait,10,11,Gains In Performance
1997-11-15,9,Honky Tonk Truth,Brooks & Dunn,3,12,
1997-11-15,10,From Here To Eternity,Michael Peterson,12,10,Gains In Performance
1997-11-15,11,Land Of The Living,Pam Tillis,16,11,Gains In Performance
1997-11-15,12,Please,The Kinleys,17,16,Gains In Performance
1997-11-15,13,A Broken Wing,Martina McBride,20,10,Gains In Performance
1997-11-15,14,Between The Devil And Me,Alan Jackson,21,6,Gains In Performance
1997-11-15,15,When Love Starts Talkin',Wynonna,18,7,Gains In Performance
1997-11-15,16,What If It's You,Reba McEntire,15,11,
1997-11-15,17,How Do I Get There,Deana Carter,9,16,
1997-11-15,18,The Rest Of Mine,Trace Adkins,19,11,Gains In Performance
1997-11-15,19,Shut Up And Drive,Chely Wright,14,18,
1997-11-15,20,I'm So Happy I Can't Stop Crying,Toby Keith With Sting,23,6,Gains In Performance
1997-11-15,21,You Don't Seem To Miss Me,Patty Loveless,22,9,Gains In Performance
1997-11-15,22,If You Love Somebody,Kevin Sharp,7,17,
1997-11-15,23,You Walked In,Lonestar,25,12,Gains In Performance
1997-11-15,24,Angel In My Eyes,John Michael Montgomery,27,7,Gains In Performance
1997-11-15,25,I Have To Surrender,Ty Herndon,28,9,Gains In Performance
1997-11-15,26,The Coast Is Clear,Tracy Lawrence,26,9,
1997-11-15,27,Go Away,Lorrie Morgan,24,20,
1997-11-15,28,On The Side Of Angels,LeAnn Rimes,31,6,Gains In Performance
1997-11-15,29,What If I Do,Mindy McCready,30,9,Gains In Performance
1997-11-15,30,There Goes,Alan Jackson,29,19,
1997-11-15,31,Of Course I'm Alright,Alabama,33,6,Gains In Performance
1997-11-15,32,I Wanna Fall In Love,Lila McCann,35,8,Gains In Performance
1997-11-15,33,Hand Of Fate,Sons Of The Desert,36,12,Gains In Performance
1997-11-15,34,Imagine That,Diamond Rio,43,3,Gains In Performance
1997-11-15,35,A Chance,Kenny Chesney,40,6,Gains In Performance
1997-11-15,36,You've Got To Talk To Me,Lee Ann Womack,45,3,Gains In Performance
1997-11-15,37,Did I Shave My Legs For This?,Deana Carter,52,3,Gains In Performance
1997-11-15,38,Love Of My Life,Sammy Kershaw,49,4,Gains In Performance
1997-11-15,39,You And You Alone,Vince Gill,32,18,
1997-11-15,40,If You Can't Be Good (Be Good At It),Neal McCoy,41,5,Gains In Performance
1997-11-15,41,Blink Of An Eye,Ricochet,39,10,Gains In Performance
1997-11-15,42,Postmarked Birmingham,BlackHawk,44,5,Gains In Performance
1997-11-15,43,One Solitary Tear,Sherrie Austin,42,10,Gains In Performance
1997-11-15,44,Small Town,John Anderson,46,8,Gains In Performance
1997-11-15,45,He's Got You,Brooks & Dunn,57,5,Gains In Performance
1997-11-15,46,Nickajack,River Road,37,13,
1997-11-15,47,Helping Me Get Over You,Travis Tritt Featuring Lari White,38,17,
1997-11-15,48,A Little In Love,Paul Brandt,51,5,Gains In Performance
1997-11-15,49,Good Ol' Fashioned Love,Tracy Byrd,47,8,
1997-11-15,50,Walkin' The Country,The Ranch,50,8,
1997-11-15,51,Don't Be Stupid (You Know I Love You),Shania Twain,NEW,1,Highest ranking debut|Gains In Performance
1997-11-15,52,More Than Everything,Rhett Akins,54,7,Gains In Performance
1997-11-15,53,One Of Those Nights Tonight,Lorrie Morgan,58,2,Gains In Performance
1997-11-15,54,What If I Said,Anita Cochran (Duet With Steve Wariner),65,2,Gains In Performance
1997-11-15,55,All Lit Up In Love,David Lee Murphy,48,20,
1997-11-15,56,The Gift,Collin Raye Featuring Jim Brickman,59,4,Gains In Performance
1997-11-15,57,Nights Like These,The Lynns,60,4,Gains In Performance
1997-11-15,58,Heart Hold On,The Buffalo Club,55,6,
1997-11-15,59,The Day That She Left Tulsa (In A Chevy),Wade Hayes,66,3,Gains In Performance
1997-11-15,60,I Can Love You Better,Dixie Chicks,68,4,Gains In Performance
1997-11-22,1,Love Gets Me Every Time,Shania Twain,1,8,Gains In Performance
1997-11-22,2,Something That We Do,Clint Black,3,13,Gains In Performance
1997-11-22,3,Thank God For Believers,Mark Chesnutt,2,17,
1997-11-22,4,Watch This,Clay Walker,7,16,Gains In Performance
1997-11-22,5,Love Is The Right Place,Bryan White,4,17,
1997-11-22,6,Today My World Slipped Away,George Strait,8,12,Gains In Performance
1997-11-22,7,From Here To Eternity,Michael Peterson,10,11,Gains In Performance
1997-11-22,8,Everywhere,Tim McGraw,6,21,
1997-11-22,9,Please,The Kinleys,12,17,Gains In Performance
1997-11-22,10,Between The Devil And Me,Alan Jackson,14,7,Gains In Performance
1997-11-22,11,Land Of The Living,Pam Tillis,11,12,Gains In Performance
1997-11-22,12,A Broken Wing,Martina McBride,13,11,Gains In Performance
1997-11-22,13,The Rest Of Mine,Trace Adkins,18,12,Gains In Performance
1997-11-22,14,When Love Starts Talkin',Wynonna,15,8,Gains In Performance
1997-11-22,15,In Another's Eyes,Trisha Yearwood And Garth Brooks,5,14,
1997-11-22,16,What If It's You,Reba McEntire,16,12,Gains In Performance
1997-11-22,17,I'm So Happy I Can't Stop Crying,Toby Keith With Sting,20,7,Gains In Performance
1997-11-22,18,You Don't Seem To Miss Me,Patty Loveless,21,10,Gains In Performance
1997-11-22,19,Honky Tonk Truth,Brooks & Dunn,9,13,
1997-11-22,20,You Walked In,Lonestar,23,13,Gains In Performance
1997-11-22,21,How Do I Get There,Deana Carter,17,17,
1997-11-22,22,Angel In My Eyes,John Michael Montgomery,24,8,Gains In Performance
1997-11-22,23,I Have To Surrender,Ty Herndon,25,10,Gains In Performance
1997-11-22,24,On The Side Of Angels,LeAnn Rimes,28,7,Gains In Performance
1997-11-22,25,Of Course I'm Alright,Alabama,31,7,Gains In Performance
1997-11-22,26,What If I Do,Mindy McCready,29,10,Gains In Performance
1997-11-22,27,Longneck Bottle,Garth Brooks,NEW,1,Highest ranking debut|Gains In Performance
1997-11-22,28,If You Love Somebody,Kevin Sharp,22,18,
1997-11-22,29,I Wanna Fall In Love,Lila McCann,32,9,Gains In Performance
1997-11-22,30,Shut Up And Drive,Chely Wright,19,19,
1997-11-22,31,Imagine That,Diamond Rio,34,4,Gains In Performance
1997-11-22,32,He's Got You,Brooks & Dunn,45,6,Gains In Performance
1997-11-22,33,There Goes,Alan Jackson,30,20,
1997-11-22,34,Did I Shave My Legs For This?,Deana Carter,37,4,Gains In Performance
1997-11-22,35,You've Got To Talk To Me,Lee Ann Womack,36,4,Gains In Performance
1997-11-22,36,Hand Of Fate,Sons Of The Desert,33,13,Gains In Performance
1997-11-22,37,Love Of My Life,Sammy Kershaw,38,5,Gains In Performance
1997-11-22,38,A Chance,Kenny Chesney,35,7,Gains In Performance
1997-11-22,39,The Coast Is Clear,Tracy Lawrence,26,10,
1997-11-22,40,Blink Of An Eye,Ricochet,41,11,Gains In Performance
1997-11-22,41,Postmarked Birmingham,BlackHawk,42,6,Gains In Performance
1997-11-22,42,If You Can't Be Good (Be Good At It),Neal McCoy,40,6,Gains In Performance
1997-11-22,43,One Solitary Tear,Sherrie Austin,43,11,Gains In Performance
1997-11-22,44,Don't Be Stupid (You Know I Love You),Shania Twain,51,2,Gains In Performance
1997-11-22,45,Small Town,John Anderson,44,9,
1997-11-22,46,You And You Alone,Vince Gill,39,19,
1997-11-22,47,A Little In Love,Paul Brandt,48,6,Gains In Performance
1997-11-22,48,More Than Everything,Rhett Akins,52,8,Gains In Performance
1997-11-22,49,What If I Said,Anita Cochran (Duet With Steve Wariner),54,3,Gains In Performance
1997-11-22,50,One Of Those Nights Tonight,Lorrie Morgan,53,3,Gains In Performance
1997-11-22,51,Walkin' The Country,The Ranch,50,9,Gains In Performance
1997-11-22,52,Good Ol' Fashioned Love,Tracy Byrd,49,9,
1997-11-22,53,The Gift,Collin Raye Featuring Jim Brickman,56,5,Gains In Performance
1997-11-22,54,Helping Me Get Over You,Travis Tritt Featuring Lari White,47,18,
1997-11-22,55,The Day That She Left Tulsa (In A Chevy),Wade Hayes,59,4,Gains In Performance
1997-11-22,56,Nights Like These,The Lynns,57,5,Gains In Performance
1997-11-22,57,Nickajack,River Road,46,14,
1997-11-22,58,I Can Love You Better,Dixie Chicks,60,5,Gains In Performance
1997-11-22,59,Still In Love With You,Travis Tritt,NEW,1,Gains In Performance
1997-11-22,60,Just To See You Smile,Tim McGraw,64,16,Gains In Performance
1997-11-29,1,Love Gets Me Every Time,Shania Twain,1,9,Gains In Performance
1997-11-29,2,Something That We Do,Clint Black,2,14,Gains In Performance
1997-11-29,3,Today My World Slipped Away,George Strait,6,13,Gains In Performance
1997-11-29,4,From Here To Eternity,Michael Peterson,7,12,Gains In Performance
1997-11-29,5,Watch This,Clay Walker,4,17,Gains In Performance
1997-11-29,6,Longneck Bottle,Garth Brooks,27,2,Gains In Performance
1997-11-29,7,Please,The Kinleys,9,18,Gains In Performance
1997-11-29,8,Land Of The Living,Pam Tillis,11,13,Gains In Performance
1997-11-29,9,A Broken Wing,Martina McBride,12,12,Gains In Performance
1997-11-29,10,The Rest Of Mine,Trace Adkins,13,13,Gains In Performance
1997-11-29,11,Between The Devil And Me,Alan Jackson,10,8,Gains In Performance
1997-11-29,12,Thank God For Believers,Mark Chesnutt,3,18,
1997-11-29,13,I'm So Happy I Can't Stop Crying,Toby Keith With Sting,17,8,Gains In Performance
1997-11-29,14,When Love Starts Talkin',Wynonna,14,9,
1997-11-29,15,Everywhere,Tim McGraw,8,22,
1997-11-29,16,What If It's You,Reba McEntire,16,13,
1997-11-29,17,You Walked In,Lonestar,20,14,Gains In Performance
1997-11-29,18,You Don't Seem To Miss Me,Patty Loveless,18,11,
1997-11-29,19,Angel In My Eyes,John Michael Montgomery,22,9,Gains In Performance
1997-11-29,20,In Another's Eyes,Trisha Yearwood And Garth Brooks,15,15,
1997-11-29,21,I Have To Surrender,Ty Herndon,23,11,Gains In Performance
1997-11-29,22,On The Side Of Angels,LeAnn Rimes,24,8,Gains In Performance
1997-11-29,23,Love Is The Right Place,Bryan White,5,18,
1997-11-29,24,How Do I Get There,Deana Carter,21,18,
1997-11-29,25,Imagine That,Diamond Rio,31,5,Gains In Performance
1997-11-29,26,Of Course I'm Alright,Alabama,25,8,Gains In Performance
1997-11-29,27,He's Got You,Brooks & Dunn,32,7,Gains In Performance
1997-11-29,28,I Wanna Fall In Love,Lila McCann,29,10,Gains In Performance
1997-11-29,29,Honky Tonk Truth,Brooks & Dunn,19,14,
1997-11-29,30,What If I Do,Mindy McCready,26,11,
1997-11-29,31,Did I Shave My Legs For This?,Deana Carter,34,5,Gains In Performance
1997-11-29,32,You've Got To Talk To Me,Lee Ann Womack,35,5,Gains In Performance
1997-11-29,33,Love Of My Life,Sammy Kershaw,37,6,Gains In Performance
1997-11-29,34,If You Love Somebody,Kevin Sharp,28,19,
1997-11-29,35,Hand Of Fate,Sons Of The Desert,36,14,Gains In Performance
1997-11-29,36,A Chance,Kenny Chesney,38,8,Gains In Performance
1997-11-29,37,Don't Be Stupid (You Know I Love You),Shania Twain,44,3,Gains In Performance
1997-11-29,38,If You Can't Be Good (Be Good At It),Neal McCoy,42,7,Gains In Performance
1997-11-29,39,Shut Up And Drive,Chely Wright,30,20,
1997-11-29,40,Postmarked Birmingham,BlackHawk,41,7,Gains In Performance
1997-11-29,41,One Solitary Tear,Sherrie Austin,43,12,Gains In Performance
1997-11-29,42,What If I Said,Anita Cochran (Duet With Steve Wariner),49,4,Gains In Performance
1997-11-29,43,One Of Those Nights Tonight,Lorrie Morgan,50,4,Gains In Performance
1997-11-29,44,Just To See You Smile,Tim McGraw,60,17,Gains In Performance
1997-11-29,45,A Little In Love,Paul Brandt,47,7,Gains In Performance
1997-11-29,46,More Than Everything,Rhett Akins,48,9,Gains In Performance
1997-11-29,47,You And You Alone,Vince Gill,46,20,
1997-11-29,48,Blink Of An Eye,Ricochet,40,12,
1997-11-29,49,Still In Love With You,Travis Tritt,59,2,Gains In Performance
1997-11-29,50,Walkin' The Country,The Ranch,51,10,
1997-11-29,51,The Day That She Left Tulsa (In A Chevy),Wade Hayes,55,5,Gains In Performance
1997-11-29,52,The Gift,Collin Raye Featuring Jim Brickman,53,6,Gains In Performance
1997-11-29,53,Small Town,John Anderson,45,10,
1997-11-29,54,I Can Love You Better,Dixie Chicks,58,6,Gains In Performance
1997-11-29,55,Good Ol' Fashioned Love,Tracy Byrd,52,10,
1997-11-29,56,The Coast Is Clear,Tracy Lawrence,39,11,
1997-11-29,57,Nights Like These,The Lynns,56,6,Gains In Performance
1997-11-29,58,The Note,Daryle Singletary,66,4,Gains In Performance
1997-11-29,59,Just Don't Wait Around Til She's Leavin',David Lee Murphy,64,3,Gains In Performance
1997-11-29,60,Helping Me Get Over You,Travis Tritt Featuring Lari White,54,19,
1997-12-06,1,Love Gets Me Every Time,Shania Twain,1,10,
1997-12-06,2,Something That We Do,Clint Black,2,15,
1997-12-06,3,From Here To Eternity,Michael Peterson,4,13,Gains In Performance
1997-12-06,4,Longneck Bottle,Garth Brooks,6,3,Gains In Performance
1997-12-06,5,Today My World Slipped Away,George Strait,3,14,Gains In Performance
1997-12-06,6,Watch This,Clay Walker,5,18,
1997-12-06,7,Between The Devil And Me,Alan Jackson,11,9,Gains In Performance
1997-12-06,8,Land Of The Living,Pam Tillis,8,14,Gains In Performance
1997-12-06,9,The Rest Of Mine,Trace Adkins,10,14,Gains In Performance
1997-12-06,10,Please,The Kinleys,7,19,Gains In Performance
1997-12-06,11,A Broken Wing,Martina McBride,9,13,Gains In Performance
1997-12-06,12,I'm So Happy I Can't Stop Crying,Toby Keith With Sting,13,9,Gains In Performance
1997-12-06,13,When Love Starts Talkin',Wynonna,14,10,
1997-12-06,14,You Walked In,Lonestar,17,15,Gains In Performance
1997-12-06,15,Angel In My Eyes,John Michael Montgomery,19,10,Gains In Performance
1997-12-06,16,You Don't Seem To Miss Me,Patty Loveless,18,12,Gains In Performance
1997-12-06,17,Thank God For Believers,Mark Chesnutt,12,19,
1997-12-06,18,I Have To Surrender,Ty Herndon,21,12,Gains In Performance
1997-12-06,19,He's Got You,Brooks & Dunn,27,8,Gains In Performance
1997-12-06,20,Everywhere,Tim McGraw,15,23,
1997-12-06,21,On The Side Of Angels,LeAnn Rimes,22,9,Gains In Performance
1997-12-06,22,Imagine That,Diamond Rio,25,6,Gains In Performance
1997-12-06,23,Of Course I'm Alright,Alabama,26,9,Gains In Performance
1997-12-06,24,Love Of My Life,Sammy Kershaw,33,7,Gains In Performance
1997-12-06,25,I Wanna Fall In Love,Lila McCann,28,11,Gains In Performance
1997-12-06,26,How Do I Get There,Deana Carter,24,19,
1997-12-06,27,Did I Shave My Legs For This?,Deana Carter,31,6,Gains In Performance
1997-12-06,28,You've Got To Talk To Me,Lee Ann Womack,32,6,Gains In Performance
1997-12-06,29,What If It's You,Reba McEntire,16,14,
1997-12-06,30,In Another's Eyes,Trisha Yearwood And Garth Brooks,20,16,
1997-12-06,31,Just To See You Smile,Tim McGraw,44,18,Gains In Performance
1997-12-06,32,Don't Be Stupid (You Know I Love You),Shania Twain,37,4,Gains In Performance
1997-12-06,33,Love Is The Right Place,Bryan White,23,19,
1997-12-06,34,Honky Tonk Truth,Brooks & Dunn,29,15,
1997-12-06,35,A Chance,Kenny Chesney,36,9,Gains In Performance
1997-12-06,36,What If I Said,Anita Cochran (Duet With Steve Wariner),42,5,Gains In Performance
1997-12-06,37,If You Love Somebody,Kevin Sharp,34,20,
1997-12-06,38,If You Can't Be Good (Be Good At It),Neal McCoy,38,8,Gains In Performance
1997-12-06,39,Hand Of Fate,Sons Of The Desert,35,15,
1997-12-06,40,What If I Do,Mindy McCready,30,12,
1997-12-06,41,One Of Those Nights Tonight,Lorrie Morgan,43,5,Gains In Performance
1997-12-06,42,Postmarked Birmingham,BlackHawk,40,8,
1997-12-06,43,One Solitary Tear,Sherrie Austin,41,13,
1997-12-06,44,More Than Everything,Rhett Akins,46,10,Gains In Performance
1997-12-06,45,Still In Love With You,Travis Tritt,49,3,Gains In Performance
1997-12-06,46,I Can Love You Better,Dixie Chicks,54,7,Gains In Performance
1997-12-06,47,The Day That She Left Tulsa (In A Chevy),Wade Hayes,51,6,Gains In Performance
1997-12-06,48,One Small Miracle,Bryan White,70,2,Gains In Performance
1997-12-06,49,The Note,Daryle Singletary,58,5,Gains In Performance
1997-12-06,50,Two Pina Coladas,Garth Brooks,NEW,1,Highest ranking debut|Gains In Performance
1997-12-06,51,The Gift,Collin Raye Featuring Jim Brickman,52,7,
1997-12-06,52,Cowboy Cadillac,Garth Brooks,NEW,1,Gains In Performance
1997-12-06,53,Walkin' The Country,The Ranch,50,11,
1997-12-06,54,A Little In Love,Paul Brandt,45,8,
1997-12-06,55,Just Don't Wait Around Til She's Leavin',David Lee Murphy,59,4,Gains In Performance
1997-12-06,56,Nights Like These,The Lynns,57,7,
1997-12-06,57,Take The Keys To My Heart,Garth Brooks,NEW,1,Gains In Performance
1997-12-06,58,The Coast Is Clear,Tracy Lawrence,56,12,
1997-12-06,59,How You Ever Gonna Know,Garth Brooks,NEW,1,Gains In Performance
1997-12-06,60,What A Woman Knows,Kris Tyler,61,5,Gains In Performance
1997-12-13,1,From Here To Eternity,Michael Peterson,3,14,Gains In Performance
1997-12-13,2,Longneck Bottle,Garth Brooks,4,4,Gains In Performance
1997-12-13,3,Love Gets Me Every Time,Shania Twain,1,11,
1997-12-13,4,The Rest Of Mine,Trace Adkins,9,15,Gains In Performance
1997-12-13,5,Land Of The Living,Pam Tillis,8,15,Gains In Performance
1997-12-13,6,Between The Devil And Me,Alan Jackson,7,10,Gains In Performance
1997-12-13,7,A Broken Wing,Martina McBride,11,14,Gains In Performance
1997-12-13,8,Today My World Slipped Away,George Strait,5,15,
1997-12-13,9,Something That We Do,Clint Black,2,16,
1997-12-13,10,I'm So Happy I Can't Stop Crying,Toby Keith With Sting,12,10,Gains In Performance
1997-12-13,11,Please,The Kinleys,10,20,
1997-12-13,12,Angel In My Eyes,John Michael Montgomery,15,11,Gains In Performance
1997-12-13,13,Watch This,Clay Walker,6,19,
1997-12-13,14,You Don't Seem To Miss Me,Patty Loveless,16,13,Gains In Performance
1997-12-13,15,He's Got You,Brooks & Dunn,19,9,Gains In Performance
1997-12-13,16,You Walked In,Lonestar,14,16,Gains In Performance
1997-12-13,17,I Have To Surrender,Ty Herndon,18,13,Gains In Performance
1997-12-13,18,Imagine That,Diamond Rio,22,7,Gains In Performance
1997-12-13,19,On The Side Of Angels,LeAnn Rimes,21,10,Gains In Performance
1997-12-13,20,Love Of My Life,Sammy Kershaw,24,8,Gains In Performance
1997-12-13,21,Just To See You Smile,Tim McGraw,31,19,Gains In Performance
1997-12-13,22,Of Course I'm Alright,Alabama,23,10,Gains In Performance
1997-12-13,23,You've Got To Talk To Me,Lee Ann Womack,28,7,Gains In Performance
1997-12-13,24,I Wanna Fall In Love,Lila McCann,25,12,Gains In Performance
1997-12-13,25,Don't Be Stupid (You Know I Love You),Shania Twain,32,5,Gains In Performance
1997-12-13,26,Thank God For Believers,Mark Chesnutt,17,20,
1997-12-13,27,Did I Shave My Legs For This?,Deana Carter,27,7,Gains In Performance
1997-12-13,28,Everywhere,Tim McGraw,20,24,
1997-12-13,29,When Love Starts Talkin',Wynonna,13,11,
1997-12-13,30,How Do I Get There,Deana Carter,26,20,
1997-12-13,31,A Chance,Kenny Chesney,35,10,Gains In Performance
1997-12-13,32,What If I Said,Anita Cochran (Duet With Steve Wariner),36,6,Gains In Performance
1997-12-13,33,If You Can't Be Good (Be Good At It),Neal McCoy,38,9,Gains In Performance
1997-12-13,34,In Another's Eyes,Trisha Yearwood And Garth Brooks,30,17,
1997-12-13,35,Love Is The Right Place,Bryan White,33,20,
1997-12-13,36,What If It's You,Reba McEntire,29,15,
1997-12-13,37,One Of Those Nights Tonight,Lorrie Morgan,41,6,Gains In Performance
1997-12-13,38,Honky Tonk Truth,Brooks & Dunn,34,16,
1997-12-13,39,Postmarked Birmingham,BlackHawk,42,9,Gains In Performance
1997-12-13,40,Still In Love With You,Travis Tritt,45,4,Gains In Performance
1997-12-13,41,The Note,Daryle Singletary,49,6,Gains In Performance
1997-12-13,42,More Than Everything,Rhett Akins,44,11,Gains In Performance
1997-12-13,43,The Day That She Left Tulsa (In A Chevy),Wade Hayes,47,7,Gains In Performance
1997-12-13,44,One Small Miracle,Bryan White,48,3,Gains In Performance
1997-12-13,45,I Can Love You Better,Dixie Chicks,46,8,Gains In Performance
1997-12-13,46,Hand Of Fate,Sons Of The Desert,39,16,
1997-12-13,47,What If I Do,Mindy McCready,40,13,
1997-12-13,48,One Solitary Tear,Sherrie Austin,43,14,
1997-12-13,49,Just Don't Wait Around Til She's Leavin',David Lee Murphy,55,5,Gains In Performance
1997-12-13,50,Two Pina Coladas,Garth Brooks,50,2,
1997-12-13,51,Nights Like These,The Lynns,56,8,Gains In Performance
1997-12-13,52,Just Another Heartache,Chely Wright,71,3,Gains In Performance
1997-12-13,53,It's Not Over,Mark Chesnutt (Featuring Vince Gill And Alison Krauss),NEW,1,Highest ranking debut|Gains In Performance
1997-12-13,54,What A Woman Knows,Kris Tyler,60,6,Gains In Performance
1997-12-13,55,The Gift,Collin Raye Featuring Jim Brickman,51,8,
1997-12-13,56,That Does It,Jason Sellers,65,4,Gains In Performance
1997-12-13,57,Drive Me Crazy,The Thompson Brothers Band,63,5,Gains In Performance
1997-12-13,58,There's Only You,Kevin Sharp,69,4,Gains In Performance
1997-12-13,59,Closer To Heaven,Mila Mason,RE,2,Gains In Performance
1997-12-13,60,Walkin' The Country,The Ranch,53,12,
1997-12-20,1,Longneck Bottle,Garth Brooks,2,5,Gains In Performance
1997-12-20,2,From Here To Eternity,Michael Peterson,1,15,Gains In Performance
1997-12-20,3,A Broken Wing,Martina McBride,7,15,Gains In Performance
1997-12-20,4,Between The Devil And Me,Alan Jackson,6,11,Gains In Performance
1997-12-20,5,Land Of The Living,Pam Tillis,5,16,Gains In Performance
1997-12-20,6,The Rest Of Mine,Trace Adkins,4,16,Gains In Performance
1997-12-20,7,Love Gets Me Every Time,Shania Twain,3,12,
1997-12-20,8,I'm So Happy I Can't Stop Crying,Toby Keith With Sting,10,11,Gains In Performance
1997-12-20,9,Angel In My Eyes,John Michael Montgomery,12,12,Gains In Performance
1997-12-20,10,He's Got You,Brooks & Dunn,15,10,Gains In Performance
1997-12-20,11,Today My World Slipped Away,George Strait,8,16,
1997-12-20,12,Just To See You Smile,Tim McGraw,21,20,Gains In Performance
1997-12-20,13,You Walked In,Lonestar,16,17,Gains In Performance
1997-12-20,14,You Don't Seem To Miss Me,Patty Loveless,14,14,
1997-12-20,15,Love Of My Life,Sammy Kershaw,20,9,Gains In Performance
1997-12-20,16,Imagine That,Diamond Rio,18,8,Gains In Performance
1997-12-20,17,On The Side Of Angels,LeAnn Rimes,19,11,Gains In Performance
1997-12-20,18,I Have To Surrender,Ty Herndon,17,14,Gains In Performance
1997-12-20,19,Something That We Do,Clint Black,9,17,
1997-12-20,20,Don't Be Stupid (You Know I Love You),Shania Twain,25,6,Gains In Performance
1997-12-20,21,You've Got To Talk To Me,Lee Ann Womack,23,8,Gains In Performance
1997-12-20,22,I Wanna Fall In Love,Lila McCann,24,13,Gains In Performance
1997-12-20,23,Of Course I'm Alright,Alabama,22,11,Gains In Performance
1997-12-20,24,Please,The Kinleys,11,21,
1997-12-20,25,Did I Shave My Legs For This?,Deana Carter,27,8,Gains In Performance
1997-12-20,26,Watch This,Clay Walker,13,20,
1997-12-20,27,What If I Said,Anita Cochran (Duet With Steve Wariner),32,7,Gains In Performance
1997-12-20,28,A Chance,Kenny Chesney,31,11,Gains In Performance
1997-12-20,29,Everywhere,Tim McGraw,28,25,
1997-12-20,30,Thank God For Believers,Mark Chesnutt,26,21,
1997-12-20,31,If You Can't Be Good (Be Good At It),Neal McCoy,33,10,Gains In Performance
1997-12-20,32,One Of Those Nights Tonight,Lorrie Morgan,37,7,Gains In Performance
1997-12-20,33,Still In Love With You,Travis Tritt,40,5,Gains In Performance
1997-12-20,34,In Another's Eyes,Trisha Yearwood And Garth Brooks,34,18,
1997-12-20,35,One Small Miracle,Bryan White,44,4,Gains In Performance
1997-12-20,36,Honky Tonk Truth,Brooks & Dunn,38,17,
1997-12-20,37,Postmarked Birmingham,BlackHawk,39,10,
1997-12-20,38,The Day That She Left Tulsa (In A Chevy),Wade Hayes,43,8,Gains In Performance
1997-12-20,39,When Love Starts Talkin',Wynonna,29,12,
1997-12-20,40,The Note,Daryle Singletary,41,7,Gains In Performance
1997-12-20,41,I Can Love You Better,Dixie Chicks,45,9,Gains In Performance
1997-12-20,42,More Than Everything,Rhett Akins,42,12,Gains In Performance
1997-12-20,43,What If It's You,Reba McEntire,36,16,
1997-12-20,44,It's Not Over,Mark Chesnutt (Featuring Vince Gill And Alison Krauss),53,2,Gains In Performance
1997-12-20,45,Just Don't Wait Around Til She's Leavin',David Lee Murphy,49,6,Gains In Performance
1997-12-20,46,Little Red Rodeo,Collin Raye,74,2,Gains In Performance
1997-12-20,47,Come Some Rainy Day,Wynonna,61,2,Gains In Performance
1997-12-20,48,Nights Like These,The Lynns,51,9,Gains In Performance
1997-12-20,49,Just Another Heartache,Chely Wright,52,4,Gains In Performance
1997-12-20,50,If I Never Stop Loving You,David Kersh,62,3,Gains In Performance
1997-12-20,51,Closer To Heaven,Mila Mason,59,3,Gains In Performance
1997-12-20,52,What A Woman Knows,Kris Tyler,54,7,
1997-12-20,53,What If I Do,Mindy McCready,47,14,
1997-12-20,54,There's Only You,Kevin Sharp,58,5,Gains In Performance
1997-12-20,55,Two Pina Coladas,Garth Brooks,50,3,
1997-12-20,56,Drive Me Crazy,The Thompson Brothers Band,57,6,Gains In Performance
1997-12-20,57,"Let It Snow, Let It Snow, Let It Snow",Ricochet,72,7,Gains In Performance
1997-12-20,58,What If,Reba McEntire,NEW,1,Highest ranking debut|Gains In Performance
1997-12-20,59,That Does It,Jason Sellers,56,5,Gains In Performance
1997-12-20,60,Hand Of Fate,Sons Of The Desert,46,17,
1997-12-27,1,Longneck Bottle,Garth Brooks,1,6,
1997-12-27,2,A Broken Wing,Martina McBride,3,16,Gains In Performance
1997-12-27,3,Between The Devil And Me,Alan Jackson,4,12,Gains In Performance
1997-12-27,4,From Here To Eternity,Michael Peterson,2,16,
1997-12-27,5,The Rest Of Mine,Trace Adkins,6,17,
1997-12-27,6,Land Of The Living,Pam Tillis,5,17,
1997-12-27,7,I'm So Happy I Can't Stop Crying,Toby Keith With Sting,8,12,Gains In Performance
1997-12-27,8,Angel In My Eyes,John Michael Montgomery,9,13,Gains In Performance
1997-12-27,9,He's Got You,Brooks & Dunn,10,11,Gains In Performance
1997-12-27,10,Just To See You Smile,Tim McGraw,12,21,Gains In Performance
1997-12-27,11,Love Of My Life,Sammy Kershaw,15,10,Gains In Performance
1997-12-27,12,Love Gets Me Every Time,Shania Twain,7,13,
1997-12-27,13,On The Side Of Angels,LeAnn Rimes,17,12,Gains In Performance
1997-12-27,14,You Walked In,Lonestar,13,18,Gains In Performance
1997-12-27,15,Imagine That,Diamond Rio,16,9,Gains In Performance
1997-12-27,16,You Don't Seem To Miss Me,Patty Loveless,14,15,
1997-12-27,17,I Have To Surrender,Ty Herndon,18,15,Gains In Performance
1997-12-27,18,Don't Be Stupid (You Know I Love You),Shania Twain,20,7,Gains In Performance
1997-12-27,19,I Wanna Fall In Love,Lila McCann,22,14,Gains In Performance
1997-12-27,20,You've Got To Talk To Me,Lee Ann Womack,21,9,Gains In Performance
1997-12-27,21,Today My World Slipped Away,George Strait,11,17,
1997-12-27,22,What If I Said,Anita Cochran (Duet With Steve Wariner),27,8,Gains In Performance
1997-12-27,23,Of Course I'm Alright,Alabama,23,12,
1997-12-27,24,A Chance,Kenny Chesney,28,12,Gains In Performance
1997-12-27,25,Something That We Do,Clint Black,19,18,
1997-12-27,26,Did I Shave My Legs For This?,Deana Carter,25,9,
1997-12-27,27,One Of Those Nights Tonight,Lorrie Morgan,32,8,Gains In Performance
1997-12-27,28,Everywhere,Tim McGraw,29,26,
1997-12-27,29,If You Can't Be Good (Be Good At It),Neal McCoy,31,11,Gains In Performance
1997-12-27,30,Please,The Kinleys,24,22,
1997-12-27,31,Still In Love With You,Travis Tritt,33,6,Gains In Performance
1997-12-27,32,One Small Miracle,Bryan White,35,5,Gains In Performance
1997-12-27,33,In Another's Eyes,Trisha Yearwood And Garth Brooks,34,19,
1997-12-27,34,The Day That She Left Tulsa (In A Chevy),Wade Hayes,38,9,Gains In Performance
1997-12-27,35,I Can Love You Better,Dixie Chicks,41,10,Gains In Performance
1997-12-27,36,What If,Reba McEntire,58,2,Gains In Performance
1997-12-27,37,The Note,Daryle Singletary,40,8,Gains In Performance
1997-12-27,38,Postmarked Birmingham,BlackHawk,37,11,
1997-12-27,39,Little Red Rodeo,Collin Raye,46,3,Gains In Performance
1997-12-27,40,Honky Tonk Truth,Brooks & Dunn,36,18,
1997-12-27,41,More Than Everything,Rhett Akins,42,13,Gains In Performance
1997-12-27,42,Come Some Rainy Day,Wynonna,47,3,Gains In Performance
1997-12-27,43,It's Not Over,Mark Chesnutt (Featuring Vince Gill And Alison Krauss),44,3,Gains In Performance
1997-12-27,44,What If It's You,Reba McEntire,43,17,
1997-12-27,45,When Love Starts Talkin',Wynonna,39,13,
1997-12-27,46,Just Another Heartache,Chely Wright,49,5,Gains In Performance
1997-12-27,47,If I Never Stop Loving You,David Kersh,50,4,Gains In Performance
1997-12-27,48,Just Don't Wait Around Til She's Leavin',David Lee Murphy,45,7,
1997-12-27,49,Belleau Wood,Garth Brooks,62,4,Gains In Performance
1997-12-27,50,Closer To Heaven,Mila Mason,51,4,Gains In Performance
1997-12-27,51,"Let It Snow, Let It Snow, Let It Snow",Ricochet,57,8,Gains In Performance
1997-12-27,52,Just Between You And Me,The Kinleys,72,2,Gains In Performance
1997-12-27,53,Nights Like These,The Lynns,48,10,
1997-12-27,54,That Does It,Jason Sellers,59,6,Gains In Performance
1997-12-27,55,There's Only You,Kevin Sharp,54,6,Gains In Performance
1997-12-27,56,Redneck 12 Days Of Christmas,Jeff Foxworthy,RE,11,Gains In Performance
1997-12-27,57,What A Woman Knows,Kris Tyler,52,8,
1997-12-27,58,Drive Me Crazy,The Thompson Brothers Band,56,7,
1997-12-27,59,All I Want For Christmas Is You,Vince Vance & The Valiants,RE,13,Gains In Performance
1997-12-27,60,Then What?,Clay Walker,74,2,Gains In Performance
1998-01-03,1,Longneck Bottle,Garth Brooks,1,7,
1998-01-03,2,A Broken Wing,Martina McBride,2,17,
1998-01-03,3,Between The Devil And Me,Alan Jackson,3,13,Gains In Performance
1998-01-03,4,Angel In My Eyes,John Michael Montgomery,8,14,Gains In Performance
1998-01-03,5,I'm So Happy I Can't Stop Crying,Toby Keith With Sting,7,13,Gains In Performance
1998-01-03,6,He's Got You,Brooks & Dunn,9,12,Gains In Performance
1998-01-03,7,Just To See You Smile,Tim McGraw,10,22,Gains In Performance
1998-01-03,8,From Here To Eternity,Michael Peterson,4,17,
1998-01-03,9,Love Of My Life,Sammy Kershaw,11,11,Gains In Performance
1998-01-03,10,On The Side Of Angels,LeAnn Rimes,13,13,Gains In Performance
1998-01-03,11,The Rest Of Mine,Trace Adkins,5,18,
1998-01-03,12,You Walked In,Lonestar,14,19,Gains In Performance
1998-01-03,13,Land Of The Living,Pam Tillis,6,18,
1998-01-03,14,Imagine That,Diamond Rio,15,10,Gains In Performance
1998-01-03,15,I Wanna Fall In Love,Lila McCann,19,15,Gains In Performance
1998-01-03,16,Don't Be Stupid (You Know I Love You),Shania Twain,18,8,Gains In Performance
1998-01-03,17,You've Got To Talk To Me,Lee Ann Womack,20,10,Gains In Performance
1998-01-03,18,I Have To Surrender,Ty Herndon,17,16,
1998-01-03,19,Love Gets Me Every Time,Shania Twain,12,14,
1998-01-03,20,What If I Said,Anita Cochran (Duet With Steve Wariner),22,9,Gains In Performance
1998-01-03,21,You Don't Seem To Miss Me,Patty Loveless,16,16,
1998-01-03,22,A Chance,Kenny Chesney,24,13,Gains In Performance
1998-01-03,23,One Of Those Nights Tonight,Lorrie Morgan,27,9,Gains In Performance
1998-01-03,24,Today My World Slipped Away,George Strait,21,18,
1998-01-03,25,Something That We Do,Clint Black,25,19,
1998-01-03,26,What If,Reba McEntire,36,3,Gains In Performance
1998-01-03,27,One Small Miracle,Bryan White,32,6,Gains In Performance
1998-01-03,28,If You Can't Be Good (Be Good At It),Neal McCoy,29,12,Gains In Performance
1998-01-03,29,Still In Love With You,Travis Tritt,31,7,Gains In Performance
1998-01-03,30,Of Course I'm Alright,Alabama,23,13,
1998-01-03,31,Little Red Rodeo,Collin Raye,39,4,Gains In Performance
1998-01-03,32,Come Some Rainy Day,Wynonna,42,4,Gains In Performance
1998-01-03,33,I Can Love You Better,Dixie Chicks,35,11,Gains In Performance
1998-01-03,34,The Day That She Left Tulsa (In A Chevy),Wade Hayes,34,10,Gains In Performance
1998-01-03,35,The Note,Daryle Singletary,37,9,Gains In Performance
1998-01-03,36,In Another's Eyes,Trisha Yearwood And Garth Brooks,33,20,
1998-01-03,37,Honky Tonk Truth,Brooks & Dunn,40,19,
1998-01-03,38,It's Not Over,Mark Chesnutt (Featuring Vince Gill And Alison Krauss),43,4,Gains In Performance
1998-01-03,39,Just Between You And Me,The Kinleys,52,3,Gains In Performance
1998-01-03,40,Redneck 12 Days Of Christmas,Jeff Foxworthy,56,12,Gains In Performance
1998-01-03,41,If I Never Stop Loving You,David Kersh,47,5,Gains In Performance
1998-01-03,42,More Than Everything,Rhett Akins,41,14,
1998-01-03,43,Did I Shave My Legs For This?,Deana Carter,26,10,
1998-01-03,44,All I Want For Christmas Is You,Vince Vance & The Valiants,59,14,Gains In Performance
1998-01-03,45,Belleau Wood,Garth Brooks,49,5,Gains In Performance
1998-01-03,46,"Let It Snow, Let It Snow, Let It Snow",Ricochet,51,9,Gains In Performance
1998-01-03,47,Just Don't Wait Around Til She's Leavin',David Lee Murphy,48,8,Gains In Performance
1998-01-03,48,Just Another Heartache,Chely Wright,46,6,Gains In Performance
1998-01-03,49,Postmarked Birmingham,BlackHawk,38,12,
1998-01-03,50,Christmas In Dixie,Alabama,65,2,Gains In Performance
1998-01-03,51,Closer To Heaven,Mila Mason,50,5,Gains In Performance
1998-01-03,52,Til' Santa's Gone (I Just Can't Wait),Clint Black,RE,7,Gains In Performance
1998-01-03,53,A Holly Jolly Christmas,Alan Jackson,70,2,Gains In Performance
1998-01-03,54,What A Woman Knows,Kris Tyler,57,9,Gains In Performance
1998-01-03,55,I Only Want You For Christmas,Alan Jackson,RE,11,Gains In Performance
1998-01-03,56,Then What?,Clay Walker,60,3,Gains In Performance
1998-01-03,57,When Love Starts Talkin',Wynonna,45,14,
1998-01-03,58,Leroy The Redneck Reindeer,Joe Diffie,63,12,Gains In Performance
1998-01-03,59,That Does It,Jason Sellers,54,7,Gains In Performance
1998-01-03,60,Christmas Carol,Skip Ewing,61,3,Gains In Performance
1998-01-10,1,A Broken Wing,Martina McBride,2,18,
1998-01-10,2,Between The Devil And Me,Alan Jackson,3,14,
1998-01-10,3,I'm So Happy I Can't Stop Crying,Toby Keith With Sting,5,14,
1998-01-10,4,Longneck Bottle,Garth Brooks,1,8,
1998-01-10,5,He's Got You,Brooks & Dunn,6,13,
1998-01-10,6,Just To See You Smile,Tim McGraw,7,23,
1998-01-10,7,Angel In My Eyes,John Michael Montgomery,4,15,
1998-01-10,8,Love Of My Life,Sammy Kershaw,9,12,
1998-01-10,9,On The Side Of Angels,LeAnn Rimes,10,14,
1998-01-10,10,Imagine That,Diamond Rio,14,11,
1998-01-10,11,I Wanna Fall In Love,Lila McCann,15,16,
1998-01-10,12,From Here To Eternity,Michael Peterson,8,18,
1998-01-10,13,Don't Be Stupid (You Know I Love You),Shania Twain,16,9,
1998-01-10,14,You've Got To Talk To Me,Lee Ann Womack,17,11,
1998-01-10,15,The Rest Of Mine,Trace Adkins,11,19,
1998-01-10,16,You Walked In,Lonestar,12,20,
1998-01-10,17,What If I Said,Anita Cochran (Duet With Steve Wariner),20,10,
1998-01-10,18,Land Of The Living,Pam Tillis,13,19,
1998-01-10,19,Love Gets Me Every Time,Shania Twain,19,15,
1998-01-10,20,I Have To Surrender,Ty Herndon,18,17,
1998-01-10,21,A Chance,Kenny Chesney,22,14,
1998-01-10,22,You Don't Seem To Miss Me,Patty Loveless,21,17,
1998-01-10,23,One Of Those Nights Tonight,Lorrie Morgan,23,10,
1998-01-10,24,One Small Miracle,Bryan White,27,7,
1998-01-10,25,What If,Reba McEntire,26,4,
1998-01-10,26,If You Can't Be Good (Be Good At It),Neal McCoy,28,13,
1998-01-10,27,Something That We Do,Clint Black,25,20,
1998-01-10,28,Still In Love With You,Travis Tritt,29,8,
1998-01-10,29,Little Red Rodeo,Collin Raye,31,5,
1998-01-10,30,I Can Love You Better,Dixie Chicks,33,12,Gains In Performance
1998-01-10,31,Come Some Rainy Day,Wynonna,32,5,
1998-01-10,32,Today My World Slipped Away,George Strait,24,19,
1998-01-10,33,The Day That She Left Tulsa (In A Chevy),Wade Hayes,34,11,
1998-01-10,34,The Note,Daryle Singletary,35,10,
1998-01-10,35,Just Between You And Me,The Kinleys,39,4,Gains In Performance
1998-01-10,36,It's Not Over,Mark Chesnutt (Featuring Vince Gill And Alison Krauss),38,5,Gains In Performance
1998-01-10,37,Of Course I'm Alright,Alabama,30,14,
1998-01-10,38,If I Never Stop Loving You,David Kersh,41,6,Gains In Performance
1998-01-10,39,Redneck 12 Days Of Christmas,Jeff Foxworthy,40,13,Gains In Performance
1998-01-10,40,Til' Santa's Gone (I Just Can't Wait),Clint Black,52,8,Gains In Performance
1998-01-10,41,Belleau Wood,Garth Brooks,45,6,Gains In Performance
1998-01-10,42,Honky Tonk Truth,Brooks & Dunn,37,20,
1998-01-10,43,All I Want For Christmas Is You,Vince Vance & The Valiants,44,15,
1998-01-10,44,"Let It Snow, Let It Snow, Let It Snow",Ricochet,46,10,Gains In Performance
1998-01-10,45,Round About Way,George Strait,72,3,Gains In Performance
1998-01-10,46,Just Don't Wait Around Til She's Leavin',David Lee Murphy,47,9,Gains In Performance
1998-01-10,47,Christmas In Dixie,Alabama,50,3,Gains In Performance
1998-01-10,48,I Only Want You For Christmas,Alan Jackson,55,12,Gains In Performance
1998-01-10,49,More Than Everything,Rhett Akins,42,15,
1998-01-10,50,Just Another Heartache,Chely Wright,48,7,
1998-01-10,51,A Holly Jolly Christmas,Alan Jackson,53,3,Gains In Performance
1998-01-10,52,Closer To Heaven,Mila Mason,51,6,Gains In Performance
1998-01-10,53,Christmas Time's A Comin',Sammy Kershaw,63,5,Gains In Performance
1998-01-10,54,Leroy The Redneck Reindeer,Joe Diffie,58,13,Gains In Performance
1998-01-10,55,Blue Christmas,Elvis Presley,71,2,Gains In Performance
1998-01-10,56,Santa Looked A Lot Like Daddy,Garth Brooks,69,2,Gains In Performance
1998-01-10,57,Then What?,Clay Walker,56,4,Gains In Performance
1998-01-10,58,Merry Christmas Strait To You,George Strait,75,2,Gains In Performance
1998-01-10,59,The Old Man's Back In Town,Garth Brooks,67,5,Gains In Performance
1998-01-10,60,Santa Claus Is Back In Town,Dwight Yoakam,73,2,Gains In Performance
1998-01-17,1,Just To See You Smile,Tim McGraw,6,24,Gains In Performance
1998-01-17,2,I'm So Happy I Can't Stop Crying,Toby Keith With Sting,3,15,Gains In Performance
1998-01-17,3,Between The Devil And Me,Alan Jackson,2,15,Gains In Performance
1998-01-17,4,A Broken Wing,Martina McBride,1,19,Gains In Performance
1998-01-17,5,He's Got You,Brooks & Dunn,5,14,Gains In Performance
1998-01-17,6,Longneck Bottle,Garth Brooks,4,9,Gains In Performance
1998-01-17,7,Angel In My Eyes,John Michael Montgomery,7,16,Gains In Performance
1998-01-17,8,Love Of My Life,Sammy Kershaw,8,13,Gains In Performance
1998-01-17,9,On The Side Of Angels,LeAnn Rimes,9,15,Gains In Performance
1998-01-17,10,I Wanna Fall In Love,Lila McCann,11,17,Gains In Performance
1998-01-17,11,Imagine That,Diamond Rio,10,12,Gains In Performance
1998-01-17,12,Don't Be Stupid (You Know I Love You),Shania Twain,13,10,Gains In Performance
1998-01-17,13,You've Got To Talk To Me,Lee Ann Womack,14,12,Gains In Performance
1998-01-17,14,What If I Said,Anita Cochran (Duet With Steve Wariner),17,11,Gains In Performance
1998-01-17,15,From Here To Eternity,Michael Peterson,12,19,Gains In Performance
1998-01-17,16,The Rest Of Mine,Trace Adkins,15,20,Gains In Performance
1998-01-17,17,You Walked In,Lonestar,16,21,Gains In Performance
1998-01-17,18,Love Gets Me Every Time,Shania Twain,19,16,Gains In Performance
1998-01-17,19,Land Of The Living,Pam Tillis,18,20,Gains In Performance
1998-01-17,20,I Have To Surrender,Ty Herndon,20,18,Gains In Performance
1998-01-17,21,A Chance,Kenny Chesney,21,15,Gains In Performance
1998-01-17,22,One Small Miracle,Bryan White,24,8,Gains In Performance
1998-01-17,23,One Of Those Nights Tonight,Lorrie Morgan,23,11,Gains In Performance
1998-01-17,24,Little Red Rodeo,Collin Raye,29,6,Gains In Performance
1998-01-17,25,If You Can't Be Good (Be Good At It),Neal McCoy,26,14,Gains In Performance
1998-01-17,26,What If,Reba McEntire,25,5,Gains In Performance
1998-01-17,27,Still In Love With You,Travis Tritt,28,9,Gains In Performance
1998-01-17,28,Something That We Do,Clint Black,27,21,Gains In Performance
1998-01-17,29,Come Some Rainy Day,Wynonna,31,6,Gains In Performance
1998-01-17,30,You Don't Seem To Miss Me,Patty Loveless,22,18,
1998-01-17,31,I Can Love You Better,Dixie Chicks,30,13,Gains In Performance
1998-01-17,32,The Day That She Left Tulsa (In A Chevy),Wade Hayes,33,12,Gains In Performance
1998-01-17,33,Today My World Slipped Away,George Strait,32,20,Gains In Performance
1998-01-17,34,The Note,Daryle Singletary,34,11,Gains In Performance
1998-01-17,35,Just Between You And Me,The Kinleys,35,5,Gains In Performance
1998-01-17,36,Round About Way,George Strait,45,4,Gains In Performance
1998-01-17,37,It's Not Over,Mark Chesnutt (Featuring Vince Gill And Alison Krauss),36,6,Gains In Performance
1998-01-17,38,If I Never Stop Loving You,David Kersh,38,7,Gains In Performance
1998-01-17,39,Of Course I'm Alright,Alabama,37,15,
1998-01-17,40,Just Don't Wait Around Til She's Leavin',David Lee Murphy,46,10,Gains In Performance
1998-01-17,41,Just Another Heartache,Chely Wright,50,8,Gains In Performance
1998-01-17,42,Then What?,Clay Walker,57,5,Gains In Performance
1998-01-17,43,Nothin' But The Taillights,Clint Black,RE,10,Gains In Performance
1998-01-17,44,Closer To Heaven,Mila Mason,52,7,Gains In Performance
1998-01-17,45,There's Only You,Kevin Sharp,RE,8,Gains In Performance
1998-01-17,46,What A Woman Knows,Kris Tyler,61,11,Gains In Performance
1998-01-17,47,More Than Everything,Rhett Akins,49,16,
1998-01-17,48,What If It's You,Reba McEntire,RE,19,Gains In Performance
1998-01-17,49,When Love Starts Talkin',Wynonna,72,16,Gains In Performance
1998-01-17,50,That Does It,Jason Sellers,RE,8,Gains In Performance
1998-01-17,51,Did I Shave My Legs For This?,Deana Carter,74,12,Gains In Performance
1998-01-17,52,You'll Never Know,Mindy McCready,NEW,1,Highest ranking debut|Gains In Performance
1998-01-17,53,She's Gonna Make It,Garth Brooks,RE,2,Gains In Performance
1998-01-17,54,The Kind Of Heart That Breaks,Chris Cummings,RE,3,Gains In Performance
1998-01-17,55,The Next Step,Jim Collins,RE,5,Gains In Performance
1998-01-17,56,Somebody Will,River Road,RE,4,Gains In Performance
1998-01-17,57,Postmarked Birmingham,BlackHawk,RE,13,Gains In Performance
1998-01-17,58,Shame About That,Sara Evans,RE,2,Gains In Performance
1998-01-17,59,Bye Bye,Jo Dee Messina,NEW,1,Gains In Performance
1998-01-17,60,Belleau Wood,Garth Brooks,41,7,
1998-01-24,1,Just To See You Smile,Tim McGraw,1,25,Gains In Performance
1998-01-24,2,He's Got You,Brooks & Dunn,5,15,Gains In Performance
1998-01-24,3,Love Of My Life,Sammy Kershaw,8,14,Gains In Performance
1998-01-24,4,I'm So Happy I Can't Stop Crying,Toby Keith With Sting,2,16,Gains In Performance
1998-01-24,5,Between The Devil And Me,Alan Jackson,3,16,Gains In Performance
1998-01-24,6,Angel In My Eyes,John Michael Montgomery,7,17,Gains In Performance
1998-01-24,7,A Broken Wing,Martina McBride,4,20,
1998-01-24,8,On The Side Of Angels,LeAnn Rimes,9,16,Gains In Performance
1998-01-24,9,I Wanna Fall In Love,Lila McCann,10,18,Gains In Performance
1998-01-24,10,Imagine That,Diamond Rio,11,13,Gains In Performance
1998-01-24,11,Don't Be Stupid (You Know I Love You),Shania Twain,12,11,Gains In Performance
1998-01-24,12,What If I Said,Anita Cochran (Duet With Steve Wariner),14,12,Gains In Performance
1998-01-24,13,You've Got To Talk To Me,Lee Ann Womack,13,13,Gains In Performance
1998-01-24,14,Longneck Bottle,Garth Brooks,6,10,
1998-01-24,15,A Chance,Kenny Chesney,21,16,Gains In Performance
1998-01-24,16,From Here To Eternity,Michael Peterson,15,20,
1998-01-24,17,One Of Those Nights Tonight,Lorrie Morgan,23,12,Gains In Performance
1998-01-24,18,One Small Miracle,Bryan White,22,9,Gains In Performance
1998-01-24,19,Little Red Rodeo,Collin Raye,24,7,Gains In Performance
1998-01-24,20,Love Gets Me Every Time,Shania Twain,18,17,
1998-01-24,21,The Rest Of Mine,Trace Adkins,16,21,
1998-01-24,22,Come Some Rainy Day,Wynonna,29,7,Gains In Performance
1998-01-24,23,What If,Reba McEntire,26,6,Gains In Performance
1998-01-24,24,Land Of The Living,Pam Tillis,19,21,
1998-01-24,25,You Walked In,Lonestar,17,22,
1998-01-24,26,Still In Love With You,Travis Tritt,27,10,Gains In Performance
1998-01-24,27,If You Can't Be Good (Be Good At It),Neal McCoy,25,15,Gains In Performance
1998-01-24,28,I Have To Surrender,Ty Herndon,20,19,
1998-01-24,29,Round About Way,George Strait,36,5,Gains In Performance
1998-01-24,30,I Can Love You Better,Dixie Chicks,31,14,Gains In Performance
1998-01-24,31,The Day That She Left Tulsa (In A Chevy),Wade Hayes,32,13,Gains In Performance
1998-01-24,32,Just Between You And Me,The Kinleys,35,6,Gains In Performance
1998-01-24,33,If I Never Stop Loving You,David Kersh,38,8,Gains In Performance
1998-01-24,34,The Note,Daryle Singletary,34,12,Gains In Performance
1998-01-24,35,It's Not Over,Mark Chesnutt (Featuring Vince Gill And Alison Krauss),37,7,Gains In Performance
1998-01-24,36,She's Gonna Make It,Garth Brooks,53,3,Gains In Performance
1998-01-24,37,Nothin' But The Taillights,Clint Black,43,11,Gains In Performance
1998-01-24,38,You Don't Seem To Miss Me,Patty Loveless,30,19,
1998-01-24,39,Then What?,Clay Walker,42,6,Gains In Performance
1998-01-24,40,Just Another Heartache,Chely Wright,41,9,Gains In Performance
1998-01-24,41,Just Don't Wait Around Til She's Leavin',David Lee Murphy,40,11,
1998-01-24,42,Closer To Heaven,Mila Mason,44,8,Gains In Performance
1998-01-24,43,Perfect Love,Trisha Yearwood,61,2,Gains In Performance
1998-01-24,44,Of Course I'm Alright,Alabama,39,16,
1998-01-24,45,What A Woman Knows,Kris Tyler,46,12,Gains In Performance
1998-01-24,46,You'll Never Know,Mindy McCready,52,2,Gains In Performance
1998-01-24,47,Bye Bye,Jo Dee Messina,59,2,Gains In Performance
1998-01-24,48,There's Only You,Kevin Sharp,45,9,Gains In Performance
1998-01-24,49,That Does It,Jason Sellers,50,9,Gains In Performance
1998-01-24,50,What If It's You,Reba McEntire,48,20,
1998-01-24,51,More Than Everything,Rhett Akins,47,17,
1998-01-24,52,The Kind Of Heart That Breaks,Chris Cummings,54,4,Gains In Performance
1998-01-24,53,Somebody Will,River Road,56,5,Gains In Performance
1998-01-24,54,When Love Starts Talkin',Wynonna,49,17,
1998-01-24,55,Shame About That,Sara Evans,58,3,Gains In Performance
1998-01-24,56,The Next Step,Jim Collins,55,6,
1998-01-24,57,A House With No Curtains,Alan Jackson,NEW,1,Highest ranking debut|Gains In Performance
1998-01-24,58,Did I Shave My Legs For This?,Deana Carter,51,13,
1998-01-24,59,Lonely Won't Leave Me Alone,Trace Adkins,67,2,Gains In Performance
1998-01-24,60,Broken Road,Melodie Crittenden,63,2,Gains In Performance
1998-01-31,1,Just To See You Smile,Tim McGraw,1,26,Gains In Performance
1998-01-31,2,He's Got You,Brooks & Dunn,2,16,Gains In Performance
1998-01-31,3,Love Of My Life,Sammy Kershaw,3,15,Gains In Performance
1998-01-31,4,On The Side Of Angels,LeAnn Rimes,8,17,Gains In Performance
1998-01-31,5,Imagine That,Diamond Rio,10,14,Gains In Performance
1998-01-31,6,Don't Be Stupid (You Know I Love You),Shania Twain,11,12,Gains In Performance
1998-01-31,7,I Wanna Fall In Love,Lila McCann,9,19,Gains In Performance
1998-01-31,8,Angel In My Eyes,John Michael Montgomery,6,18,
1998-01-31,9,What If I Said,Anita Cochran (Duet With Steve Wariner),12,13,Gains In Performance
1998-01-31,10,You've Got To Talk To Me,Lee Ann Womack,13,14,Gains In Performance
1998-01-31,11,A Broken Wing,Martina McBride,7,21,
1998-01-31,12,I'm So Happy I Can't Stop Crying,Toby Keith With Sting,4,17,
1998-01-31,13,Between The Devil And Me,Alan Jackson,5,17,
1998-01-31,14,Round About Way,George Strait,29,6,Gains In Performance
1998-01-31,15,A Chance,Kenny Chesney,15,17,Gains In Performance
1998-01-31,16,Little Red Rodeo,Collin Raye,19,8,Gains In Performance
1998-01-31,17,One Small Miracle,Bryan White,18,10,Gains In Performance
1998-01-31,18,One Of Those Nights Tonight,Lorrie Morgan,17,13,Gains In Performance
1998-01-31,19,Come Some Rainy Day,Wynonna,22,8,Gains In Performance
1998-01-31,20,Longneck Bottle,Garth Brooks,14,11,
1998-01-31,21,She's Gonna Make It,Garth Brooks,36,4,Gains In Performance
1998-01-31,22,If You Can't Be Good (Be Good At It),Neal McCoy,27,16,Gains In Performance
1998-01-31,23,Still In Love With You,Travis Tritt,26,11,Gains In Performance
1998-01-31,24,I Can Love You Better,Dixie Chicks,30,15,Gains In Performance
1998-01-31,25,What If,Reba McEntire,23,7,
1998-01-31,26,From Here To Eternity,Michael Peterson,16,21,
1998-01-31,27,Nothin' But The Taillights,Clint Black,37,12,Gains In Performance
1998-01-31,28,Love Gets Me Every Time,Shania Twain,20,18,
1998-01-31,29,The Day That She Left Tulsa (In A Chevy),Wade Hayes,31,14,Gains In Performance
1998-01-31,30,The Rest Of Mine,Trace Adkins,21,22,
1998-01-31,31,If I Never Stop Loving You,David Kersh,33,9,Gains In Performance
1998-01-31,32,Just Between You And Me,The Kinleys,32,7,Gains In Performance
1998-01-31,33,The Note,Daryle Singletary,34,13,Gains In Performance
1998-01-31,34,It's Not Over,Mark Chesnutt (Featuring Vince Gill And Alison Krauss),35,8,Gains In Performance
1998-01-31,35,Then What?,Clay Walker,39,7,Gains In Performance
1998-01-31,36,Perfect Love,Trisha Yearwood,43,3,Gains In Performance
1998-01-31,37,Just Don't Wait Around Til She's Leavin',David Lee Murphy,41,12,Gains In Performance
1998-01-31,38,I Have To Surrender,Ty Herndon,28,20,
1998-01-31,39,Just Another Heartache,Chely Wright,40,10,
1998-01-31,40,Bye Bye,Jo Dee Messina,47,3,Gains In Performance
1998-01-31,41,Closer To Heaven,Mila Mason,42,9,
1998-01-31,42,A House With No Curtains,Alan Jackson,57,2,Gains In Performance
1998-01-31,43,You Don't Seem To Miss Me,Patty Loveless,38,20,
1998-01-31,44,You'll Never Know,Mindy McCready,46,3,Gains In Performance
1998-01-31,45,What A Woman Knows,Kris Tyler,45,13,Gains In Performance
1998-01-31,46,There's Only You,Kevin Sharp,48,10,Gains In Performance
1998-01-31,47,Lonely Won't Leave Me Alone,Trace Adkins,59,3,Gains In Performance
1998-01-31,48,That Does It,Jason Sellers,49,10,Gains In Performance
1998-01-31,49,Shame About That,Sara Evans,55,4,Gains In Performance
1998-01-31,50,The Kind Of Heart That Breaks,Chris Cummings,52,5,
1998-01-31,51,Somebody Will,River Road,53,6,
1998-01-31,52,When Love Starts Talkin',Wynonna,54,18,
1998-01-31,53,Leaving October,Sons Of The Desert,63,3,Gains In Performance
1998-01-31,54,Valentine,Martina McBride With Jim Brickman,RE,5,Gains In Performance
1998-01-31,55,Too Good To Be True,Michael Peterson,NEW,1,Highest ranking debut|Gains In Performance
1998-01-31,56,Of Course I'm Alright,Alabama,44,17,
1998-01-31,57,Takin' The Country Back,John Anderson,62,3,Gains In Performance
1998-01-31,58,The Next Step,Jim Collins,56,7,
1998-01-31,59,More Than Everything,Rhett Akins,51,18,
1998-01-31,60,Broken Road,Melodie Crittenden,60,3,Gains In Performance
1998-02-07,1,Just To See You Smile,Tim McGraw,1,27,Gains In Performance
1998-02-07,2,Love Of My Life,Sammy Kershaw,3,16,Gains In Performance
1998-02-07,3,I Wanna Fall In Love,Lila McCann,7,20,Gains In Performance
1998-02-07,4,Imagine That,Diamond Rio,5,15,Gains In Performance
1998-02-07,5,He's Got You,Brooks & Dunn,2,17,
1998-02-07,6,Don't Be Stupid (You Know I Love You),Shania Twain,6,13,Gains In Performance
1998-02-07,7,What If I Said,Anita Cochran (Duet With Steve Wariner),9,14,Gains In Performance
1998-02-07,8,On The Side Of Angels,LeAnn Rimes,4,18,Gains In Performance
1998-02-07,9,You've Got To Talk To Me,Lee Ann Womack,10,15,Gains In Performance
1998-02-07,10,Round About Way,George Strait,14,7,Gains In Performance
1998-02-07,11,Little Red Rodeo,Collin Raye,16,9,Gains In Performance
1998-02-07,12,Angel In My Eyes,John Michael Montgomery,8,19,
1998-02-07,13,A Chance,Kenny Chesney,15,18,Gains In Performance
1998-02-07,14,She's Gonna Make It,Garth Brooks,21,5,Gains In Performance
1998-02-07,15,One Of Those Nights Tonight,Lorrie Morgan,18,14,Gains In Performance
1998-02-07,16,A Broken Wing,Martina McBride,11,22,
1998-02-07,17,One Small Miracle,Bryan White,17,11,Gains In Performance
1998-02-07,18,Come Some Rainy Day,Wynonna,19,9,Gains In Performance
1998-02-07,19,Nothin' But The Taillights,Clint Black,27,13,Gains In Performance
1998-02-07,20,Between The Devil And Me,Alan Jackson,13,18,
1998-02-07,21,The Day That She Left Tulsa (In A Chevy),Wade Hayes,29,15,Gains In Performance
1998-02-07,22,I Can Love You Better,Dixie Chicks,24,16,Gains In Performance
1998-02-07,23,Still In Love With You,Travis Tritt,23,12,Gains In Performance
1998-02-07,24,If You Can't Be Good (Be Good At It),Neal McCoy,22,17,
1998-02-07,25,If I Never Stop Loving You,David Kersh,31,10,Gains In Performance
1998-02-07,26,I'm So Happy I Can't Stop Crying,Toby Keith With Sting,12,18,
1998-02-07,27,Just Between You And Me,The Kinleys,32,8,Gains In Performance
1998-02-07,28,From Here To Eternity,Michael Peterson,26,22,
1998-02-07,29,Longneck Bottle,Garth Brooks,20,12,
1998-02-07,30,Love Gets Me Every Time,Shania Twain,28,19,
1998-02-07,31,Perfect Love,Trisha Yearwood,36,4,Gains In Performance
1998-02-07,32,The Note,Daryle Singletary,33,14,Gains In Performance
1998-02-07,33,What If,Reba McEntire,25,8,
1998-02-07,34,Then What?,Clay Walker,35,8,Gains In Performance
1998-02-07,35,It's Not Over,Mark Chesnutt (Featuring Vince Gill And Alison Krauss),34,9,Gains In Performance
1998-02-07,36,A House With No Curtains,Alan Jackson,42,3,Gains In Performance
1998-02-07,37,Bye Bye,Jo Dee Messina,40,4,Gains In Performance
1998-02-07,38,Just Don't Wait Around Til She's Leavin',David Lee Murphy,37,13,Gains In Performance
1998-02-07,39,Lonely Won't Leave Me Alone,Trace Adkins,47,4,Gains In Performance
1998-02-07,40,Just Another Heartache,Chely Wright,39,11,Gains In Performance
1998-02-07,41,Closer To Heaven,Mila Mason,41,10,Gains In Performance
1998-02-07,42,You'll Never Know,Mindy McCready,44,4,Gains In Performance
1998-02-07,43,There's Only You,Kevin Sharp,46,11,
1998-02-07,44,Valentine,Martina McBride With Jim Brickman,54,6,Gains In Performance
1998-02-07,45,What A Woman Knows,Kris Tyler,45,14,
1998-02-07,46,That Does It,Jason Sellers,48,11,
1998-02-07,47,Too Good To Be True,Michael Peterson,55,2,Gains In Performance
1998-02-07,48,Shame About That,Sara Evans,49,5,Gains In Performance
1998-02-07,49,Leaving October,Sons Of The Desert,53,4,Gains In Performance
1998-02-07,50,Dream Walkin',Toby Keith,75,2,Gains In Performance
1998-02-07,51,To Have You Back Again,Patty Loveless,66,2,Gains In Performance
1998-02-07,52,Takin' The Country Back,John Anderson,57,4,Gains In Performance
1998-02-07,53,Somebody Will,River Road,51,7,Gains In Performance
1998-02-07,54,The Kind Of Heart That Breaks,Chris Cummings,50,6,
1998-02-07,55,When Love Starts Talkin',Wynonna,52,19,Gains In Performance
1998-02-07,56,Broken Road,Melodie Crittenden,60,4,Gains In Performance
1998-02-07,57,Say When,Lonestar,65,2,Gains In Performance
1998-02-07,58,You're Still The One,Shania Twain,68,3,Gains In Performance
1998-02-07,59,Better Than It Used To Be,Rhett Akins,61,3,
1998-02-07,60,Cheatin' On Her Heart,Jeff Carson,64,3,Gains In Performance
1998-02-14,1,Just To See You Smile,Tim McGraw,1,28,
1998-02-14,2,Love Of My Life,Sammy Kershaw,2,17,
1998-02-14,3,I Wanna Fall In Love,Lila McCann,3,21,Gains In Performance
1998-02-14,4,Imagine That,Diamond Rio,4,16,Gains In Performance
1998-02-14,5,What If I Said,Anita Cochran (Duet With Steve Wariner),7,15,Gains In Performance
1998-02-14,6,You've Got To Talk To Me,Lee Ann Womack,9,16,Gains In Performance
1998-02-14,7,Don't Be Stupid (You Know I Love You),Shania Twain,6,14,Gains In Performance
1998-02-14,8,On The Side Of Angels,LeAnn Rimes,8,19,
1998-02-14,9,Round About Way,George Strait,10,8,Gains In Performance
1998-02-14,10,He's Got You,Brooks & Dunn,5,18,
1998-02-14,11,She's Gonna Make It,Garth Brooks,14,6,Gains In Performance
1998-02-14,12,Little Red Rodeo,Collin Raye,11,10,Gains In Performance
1998-02-14,13,A Chance,Kenny Chesney,13,19,Gains In Performance
1998-02-14,14,Nothin' But The Taillights,Clint Black,19,14,Gains In Performance
1998-02-14,15,One Of Those Nights Tonight,Lorrie Morgan,15,15,Gains In Performance
1998-02-14,16,One Small Miracle,Bryan White,17,12,Gains In Performance
1998-02-14,17,Come Some Rainy Day,Wynonna,18,10,Gains In Performance
1998-02-14,18,I Can Love You Better,Dixie Chicks,22,17,Gains In Performance
1998-02-14,19,The Day That She Left Tulsa (In A Chevy),Wade Hayes,21,16,Gains In Performance
1998-02-14,20,If I Never Stop Loving You,David Kersh,25,11,Gains In Performance
1998-02-14,21,Perfect Love,Trisha Yearwood,31,5,Gains In Performance
1998-02-14,22,Just Between You And Me,The Kinleys,27,9,Gains In Performance
1998-02-14,23,Still In Love With You,Travis Tritt,23,13,Gains In Performance
1998-02-14,24,If You Can't Be Good (Be Good At It),Neal McCoy,24,18,
1998-02-14,25,A Broken Wing,Martina McBride,16,23,
1998-02-14,26,Angel In My Eyes,John Michael Montgomery,12,20,
1998-02-14,27,Then What?,Clay Walker,34,9,Gains In Performance
1998-02-14,28,Between The Devil And Me,Alan Jackson,20,19,
1998-02-14,29,Love Gets Me Every Time,Shania Twain,30,20,Gains In Performance
1998-02-14,30,A House With No Curtains,Alan Jackson,36,4,Gains In Performance
1998-02-14,31,The Note,Daryle Singletary,32,15,Gains In Performance
1998-02-14,32,Longneck Bottle,Garth Brooks,29,13,
1998-02-14,33,Bye Bye,Jo Dee Messina,37,5,Gains In Performance
1998-02-14,34,It's Not Over,Mark Chesnutt (Featuring Vince Gill And Alison Krauss),35,10,
1998-02-14,35,I'm So Happy I Can't Stop Crying,Toby Keith With Sting,26,19,
1998-02-14,36,Lonely Won't Leave Me Alone,Trace Adkins,39,5,Gains In Performance
1998-02-14,37,Valentine,Martina McBride With Jim Brickman,44,7,Gains In Performance
1998-02-14,38,Just Don't Wait Around Til She's Leavin',David Lee Murphy,38,14,Gains In Performance
1998-02-14,39,Closer To Heaven,Mila Mason,41,11,Gains In Performance
1998-02-14,40,Just Another Heartache,Chely Wright,40,12,
1998-02-14,41,You'll Never Know,Mindy McCready,42,5,Gains In Performance
1998-02-14,42,Too Good To Be True,Michael Peterson,47,3,Gains In Performance
1998-02-14,43,Dream Walkin',Toby Keith,50,3,Gains In Performance
1998-02-14,44,To Have You Back Again,Patty Loveless,51,3,Gains In Performance
1998-02-14,45,What If,Reba McEntire,33,9,
1998-02-14,46,Leaving October,Sons Of The Desert,49,5,Gains In Performance
1998-02-14,47,Takin' The Country Back,John Anderson,52,5,Gains In Performance
1998-02-14,48,Say When,Lonestar,57,3,Gains In Performance
1998-02-14,49,There's Only You,Kevin Sharp,43,12,
1998-02-14,50,Shame About That,Sara Evans,48,6,
1998-02-14,51,Somebody Will,River Road,53,8,
1998-02-14,52,You're Still The One,Shania Twain,58,4,Gains In Performance
1998-02-14,53,What A Woman Knows,Kris Tyler,45,15,
1998-02-14,54,Broken Road,Melodie Crittenden,56,5,Gains In Performance
1998-02-14,55,When Love Starts Talkin',Wynonna,55,20,
1998-02-14,56,Put Your Heart Into It,Sherrie Austin,72,3,Gains In Performance
1998-02-14,57,I'm From The Country,Tracy Byrd,64,2,Gains In Performance
1998-02-14,58,Better Than It Used To Be,Rhett Akins,59,4,Gains In Performance
1998-02-14,59,That Does It,Jason Sellers,46,12,
1998-02-14,60,The Kind Of Heart That Breaks,Chris Cummings,54,7,
1998-02-21,1,Just To See You Smile,Tim McGraw,1,29,
1998-02-21,2,What If I Said,Anita Cochran (Duet With Steve Wariner),5,16,Gains In Performance
1998-02-21,3,I Wanna Fall In Love,Lila McCann,3,22,Gains In Performance
1998-02-21,4,You've Got To Talk To Me,Lee Ann Womack,6,17,Gains In Performance
1998-02-21,5,Imagine That,Diamond Rio,4,17,
1998-02-21,6,Love Of My Life,Sammy Kershaw,2,18,
1998-02-21,7,Round About Way,George Strait,9,9,Gains In Performance
1998-02-21,8,She's Gonna Make It,Garth Brooks,11,7,Gains In Performance
1998-02-21,9,Don't Be Stupid (You Know I Love You),Shania Twain,7,15,
1998-02-21,10,Little Red Rodeo,Collin Raye,12,11,Gains In Performance
1998-02-21,11,Nothin' But The Taillights,Clint Black,14,15,Gains In Performance
1998-02-21,12,A Chance,Kenny Chesney,13,20,Gains In Performance
1998-02-21,13,On The Side Of Angels,LeAnn Rimes,8,20,
1998-02-21,14,One Of Those Nights Tonight,Lorrie Morgan,15,16,Gains In Performance
1998-02-21,15,He's Got You,Brooks & Dunn,10,19,
1998-02-21,16,The Day That She Left Tulsa (In A Chevy),Wade Hayes,19,17,Gains In Performance
1998-02-21,17,One Small Miracle,Bryan White,16,13,
1998-02-21,18,I Can Love You Better,Dixie Chicks,18,18,Gains In Performance
1998-02-21,19,If I Never Stop Loving You,David Kersh,20,12,Gains In Performance
1998-02-21,20,Come Some Rainy Day,Wynonna,17,11,
1998-02-21,21,Perfect Love,Trisha Yearwood,21,6,Gains In Performance
1998-02-21,22,Just Between You And Me,The Kinleys,22,10,Gains In Performance
1998-02-21,23,A House With No Curtains,Alan Jackson,30,5,Gains In Performance
1998-02-21,24,Then What?,Clay Walker,27,10,Gains In Performance
1998-02-21,25,Lonely Won't Leave Me Alone,Trace Adkins,36,6,Gains In Performance
1998-02-21,26,Bye Bye,Jo Dee Messina,33,6,Gains In Performance
1998-02-21,27,Valentine,Martina McBride With Jim Brickman,37,8,Gains In Performance
1998-02-21,28,A Broken Wing,Martina McBride,25,24,
1998-02-21,29,The Note,Daryle Singletary,31,16,Gains In Performance
1998-02-21,30,Angel In My Eyes,John Michael Montgomery,26,21,
1998-02-21,31,If You Can't Be Good (Be Good At It),Neal McCoy,24,19,
1998-02-21,32,Still In Love With You,Travis Tritt,23,14,
1998-02-21,33,Between The Devil And Me,Alan Jackson,28,20,
1998-02-21,34,Longneck Bottle,Garth Brooks,32,14,
1998-02-21,35,I'm So Happy I Can't Stop Crying,Toby Keith With Sting,35,20,
1998-02-21,36,To Have You Back Again,Patty Loveless,44,4,Gains In Performance
1998-02-21,37,Dream Walkin',Toby Keith,43,4,Gains In Performance
1998-02-21,38,Just Don't Wait Around Til She's Leavin',David Lee Murphy,38,15,
1998-02-21,39,Closer To Heaven,Mila Mason,39,12,Gains In Performance
1998-02-21,40,Too Good To Be True,Michael Peterson,42,4,Gains In Performance
1998-02-21,41,You'll Never Know,Mindy McCready,41,6,Gains In Performance
1998-02-21,42,It's Not Over,Mark Chesnutt (Featuring Vince Gill And Alison Krauss),34,11,
1998-02-21,43,You're Still The One,Shania Twain,52,5,Gains In Performance
1998-02-21,44,Leaving October,Sons Of The Desert,46,6,Gains In Performance
1998-02-21,45,Takin' The Country Back,John Anderson,47,6,Gains In Performance
1998-02-21,46,Say When,Lonestar,48,4,Gains In Performance
1998-02-21,47,I'm From The Country,Tracy Byrd,57,3,Gains In Performance
1998-02-21,48,Put Your Heart Into It,Sherrie Austin,56,4,Gains In Performance
1998-02-21,49,She's Got That Look In Her Eyes,Alabama,67,2,Gains In Performance
1998-02-21,50,Just Another Heartache,Chely Wright,40,13,
1998-02-21,51,What If,Reba McEntire,45,10,
1998-02-21,52,Broken Road,Melodie Crittenden,54,6,Gains In Performance
1998-02-21,53,Better Than It Used To Be,Rhett Akins,58,5,Gains In Performance
1998-02-21,54,Connected At The Heart,Ricochet,69,3,Gains In Performance
1998-02-21,55,Shame About That,Sara Evans,50,7,
1998-02-21,56,Cheatin' On Her Heart,Jeff Carson,61,5,Gains In Performance
1998-02-21,57,It Would Be You,Gary Allan,64,2,Gains In Performance
1998-02-21,58,Somebody Will,River Road,51,9,
1998-02-21,59,To Be With You,The Mavericks,71,3,Gains In Performance
1998-02-21,60,That Does It,Jason Sellers,59,13,
1998-02-28,1,What If I Said,Anita Cochran (Duet With Steve Wariner),2,17,
1998-02-28,2,You've Got To Talk To Me,Lee Ann Womack,4,18,Gains In Performance
1998-02-28,3,Just To See You Smile,Tim McGraw,1,30,
1998-02-28,4,Round About Way,George Strait,7,10,Gains In Performance
1998-02-28,5,She's Gonna Make It,Garth Brooks,8,8,Gains In Performance
1998-02-28,6,I Wanna Fall In Love,Lila McCann,3,23,
1998-02-28,7,Little Red Rodeo,Collin Raye,10,12,Gains In Performance
1998-02-28,8,Nothin' But The Taillights,Clint Black,11,16,Gains In Performance
1998-02-28,9,Love Of My Life,Sammy Kershaw,6,19,
1998-02-28,10,Imagine That,Diamond Rio,5,18,
1998-02-28,11,A Chance,Kenny Chesney,12,21,
1998-02-28,12,The Day That She Left Tulsa (In A Chevy),Wade Hayes,16,18,Gains In Performance
1998-02-28,13,Perfect Love,Trisha Yearwood,21,7,Gains In Performance
1998-02-28,14,I Can Love You Better,Dixie Chicks,18,19,Gains In Performance
1998-02-28,15,Valentine,Martina McBride With Jim Brickman,27,9,Gains In Performance
1998-02-28,16,If I Never Stop Loving You,David Kersh,19,13,Gains In Performance
1998-02-28,17,Just Between You And Me,The Kinleys,22,11,Gains In Performance
1998-02-28,18,Come Some Rainy Day,Wynonna,20,12,Gains In Performance
1998-02-28,19,One Of Those Nights Tonight,Lorrie Morgan,14,17,
1998-02-28,20,Then What?,Clay Walker,24,11,Gains In Performance
1998-02-28,21,Don't Be Stupid (You Know I Love You),Shania Twain,9,16,
1998-02-28,22,One Small Miracle,Bryan White,17,14,
1998-02-28,23,He's Got You,Brooks & Dunn,15,20,
1998-02-28,24,Lonely Won't Leave Me Alone,Trace Adkins,25,7,Gains In Performance
1998-02-28,25,A House With No Curtains,Alan Jackson,23,6,Gains In Performance
1998-02-28,26,Bye Bye,Jo Dee Messina,26,7,Gains In Performance
1998-02-28,27,On The Side Of Angels,LeAnn Rimes,13,21,
1998-02-28,28,The Note,Daryle Singletary,29,17,
1998-02-28,29,To Have You Back Again,Patty Loveless,36,5,Gains In Performance
1998-02-28,30,A Broken Wing,Martina McBride,28,25,
1998-02-28,31,Dream Walkin',Toby Keith,37,5,Gains In Performance
1998-02-28,32,Too Good To Be True,Michael Peterson,40,5,Gains In Performance
1998-02-28,33,You're Still The One,Shania Twain,43,6,Gains In Performance
1998-02-28,34,Longneck Bottle,Garth Brooks,34,15,
1998-02-28,35,Closer To Heaven,Mila Mason,39,13,Gains In Performance
1998-02-28,36,You'll Never Know,Mindy McCready,41,7,Gains In Performance
1998-02-28,37,Just Don't Wait Around Til She's Leavin',David Lee Murphy,38,16,
1998-02-28,38,Leaving October,Sons Of The Desert,44,7,Gains In Performance
1998-02-28,39,I'm From The Country,Tracy Byrd,47,4,Gains In Performance
1998-02-28,40,If You Can't Be Good (Be Good At It),Neal McCoy,31,20,
1998-02-28,41,This Kiss,Faith Hill,NEW,1,Highest ranking debut|Gains In Performance
1998-02-28,42,Say When,Lonestar,46,5,Gains In Performance
1998-02-28,43,She's Got That Look In Her Eyes,Alabama,49,3,Gains In Performance
1998-02-28,44,Still In Love With You,Travis Tritt,32,15,
1998-02-28,45,Takin' The Country Back,John Anderson,45,7,Gains In Performance
1998-02-28,46,Put Your Heart Into It,Sherrie Austin,48,5,Gains In Performance
1998-02-28,47,Broken Road,Melodie Crittenden,52,7,Gains In Performance
1998-02-28,48,It Would Be You,Gary Allan,57,3,Gains In Performance
1998-02-28,49,Connected At The Heart,Ricochet,54,4,Gains In Performance
1998-02-28,50,Better Than It Used To Be,Rhett Akins,53,6,Gains In Performance
1998-02-28,51,It's Not Over,Mark Chesnutt (Featuring Vince Gill And Alison Krauss),42,12,
1998-02-28,52,Cheatin' On Her Heart,Jeff Carson,56,6,Gains In Performance
1998-02-28,53,Just Another Heartache,Chely Wright,50,14,
1998-02-28,54,All That Matters Anymore,Lee Roy Parnell,66,3,Gains In Performance
1998-02-28,55,To Be With You,The Mavericks,59,4,Gains In Performance
1998-02-28,56,Woman To Woman,The Lynns,NEW,1,Gains In Performance
1998-02-28,57,Another Side,Sawyer Brown,62,3,Gains In Performance
1998-02-28,58,What If,Reba McEntire,51,11,
1998-02-28,59,I Do [Cherish You],Mark Wills,NEW,1,Gains In Performance
1998-02-28,60,Back In The Saddle,Matraca Berg,65,3,Gains In Performance
1998-03-07,1,Round About Way,George Strait,4,11,Gains In Performance
1998-03-07,2,She's Gonna Make It,Garth Brooks,5,9,Gains In Performance
1998-03-07,3,You've Got To Talk To Me,Lee Ann Womack,2,19,
1998-03-07,4,What If I Said,Anita Cochran (Duet With Steve Wariner),1,18,
1998-03-07,5,Nothin' But The Taillights,Clint Black,8,17,Gains In Performance
1998-03-07,6,Little Red Rodeo,Collin Raye,7,13,Gains In Performance
1998-03-07,7,Just To See You Smile,Tim McGraw,3,31,
1998-03-07,8,The Day That She Left Tulsa (In A Chevy),Wade Hayes,12,19,Gains In Performance
1998-03-07,9,Perfect Love,Trisha Yearwood,13,8,Gains In Performance
1998-03-07,10,Love Of My Life,Sammy Kershaw,9,20,
1998-03-07,11,If I Never Stop Loving You,David Kersh,16,14,Gains In Performance
1998-03-07,12,I Can Love You Better,Dixie Chicks,14,20,Gains In Performance
1998-03-07,13,I Wanna Fall In Love,Lila McCann,6,24,
1998-03-07,14,Then What?,Clay Walker,20,12,Gains In Performance
1998-03-07,15,Just Between You And Me,The Kinleys,17,12,Gains In Performance
1998-03-07,16,Come Some Rainy Day,Wynonna,18,13,Gains In Performance
1998-03-07,17,Valentine,Martina McBride With Jim Brickman,15,10,
1998-03-07,18,A Chance,Kenny Chesney,11,22,
1998-03-07,19,Bye Bye,Jo Dee Messina,26,8,Gains In Performance
1998-03-07,20,Lonely Won't Leave Me Alone,Trace Adkins,24,8,Gains In Performance
1998-03-07,21,A House With No Curtains,Alan Jackson,25,7,Gains In Performance
1998-03-07,22,Imagine That,Diamond Rio,10,19,
1998-03-07,23,You're Still The One,Shania Twain,33,7,Gains In Performance
1998-03-07,24,He's Got You,Brooks & Dunn,23,21,
1998-03-07,25,Dream Walkin',Toby Keith,31,6,Gains In Performance
1998-03-07,26,Don't Be Stupid (You Know I Love You),Shania Twain,21,17,
1998-03-07,27,One Small Miracle,Bryan White,22,15,
1998-03-07,28,To Have You Back Again,Patty Loveless,29,6,Gains In Performance
1998-03-07,29,The Note,Daryle Singletary,28,18,Gains In Performance
1998-03-07,30,Too Good To Be True,Michael Peterson,32,6,Gains In Performance
1998-03-07,31,This Kiss,Faith Hill,41,2,Gains In Performance
1998-03-07,32,One Of Those Nights Tonight,Lorrie Morgan,19,18,
1998-03-07,33,Closer To Heaven,Mila Mason,35,14,Gains In Performance
1998-03-07,34,You'll Never Know,Mindy McCready,36,8,Gains In Performance
1998-03-07,35,I'm From The Country,Tracy Byrd,39,5,Gains In Performance
1998-03-07,36,Longneck Bottle,Garth Brooks,34,16,
1998-03-07,37,Leaving October,Sons Of The Desert,38,8,Gains In Performance
1998-03-07,38,She's Got That Look In Her Eyes,Alabama,43,4,Gains In Performance
1998-03-07,39,Out Of My Bones,Randy Travis,NEW,1,Highest ranking debut|Gains In Performance
1998-03-07,40,Say When,Lonestar,42,6,Gains In Performance
1998-03-07,41,Takin' The Country Back,John Anderson,45,8,Gains In Performance
1998-03-07,42,Put Your Heart Into It,Sherrie Austin,46,6,Gains In Performance
1998-03-07,43,It Would Be You,Gary Allan,48,4,Gains In Performance
1998-03-07,44,Just Don't Wait Around Til She's Leavin',David Lee Murphy,37,17,
1998-03-07,45,Connected At The Heart,Ricochet,49,5,Gains In Performance
1998-03-07,46,Broken Road,Melodie Crittenden,47,8,Gains In Performance
1998-03-07,47,Better Than It Used To Be,Rhett Akins,50,7,Gains In Performance
1998-03-07,48,Still In Love With You,Travis Tritt,44,16,
1998-03-07,49,Woman To Woman,The Lynns,56,2,Gains In Performance
1998-03-07,50,All That Matters Anymore,Lee Roy Parnell,54,4,Gains In Performance
1998-03-07,51,I Do [Cherish You],Mark Wills,59,2,Gains In Performance
1998-03-07,52,Back In The Saddle,Matraca Berg,60,4,Gains In Performance
1998-03-07,53,To Be With You,The Mavericks,55,5,Gains In Performance
1998-03-07,54,Cheatin' On Her Heart,Jeff Carson,52,7,Gains In Performance
1998-03-07,55,Another Side,Sawyer Brown,57,4,Gains In Performance
1998-03-07,56,I Saw The Light,Hal Ketchum,61,2,Gains In Performance
1998-03-07,57,Wake Up And Smell The Whiskey,Dean Miller,62,3,Gains In Performance
1998-03-07,58,Papa Bear,Keith Harling,NEW,1,Gains In Performance
1998-03-07,59,What If,Reba McEntire,58,12,
1998-03-07,60,A Woman's Tears,Matt King,RE,2,Gains In Performance
1998-03-14,1,Round About Way,George Strait,1,12,Gains In Performance
1998-03-14,2,Nothin' But The Taillights,Clint Black,5,18,Gains In Performance
1998-03-14,3,Little Red Rodeo,Collin Raye,6,14,Gains In Performance
1998-03-14,4,She's Gonna Make It,Garth Brooks,2,10,
1998-03-14,5,The Day That She Left Tulsa (In A Chevy),Wade Hayes,8,20,Gains In Performance
1998-03-14,6,Perfect Love,Trisha Yearwood,9,9,Gains In Performance
1998-03-14,7,Just To See You Smile,Tim McGraw,7,32,
1998-03-14,8,What If I Said,Anita Cochran (Duet With Steve Wariner),4,19,
1998-03-14,9,You've Got To Talk To Me,Lee Ann Womack,3,20,
1998-03-14,10,If I Never Stop Loving You,David Kersh,11,15,Gains In Performance
1998-03-14,11,I Can Love You Better,Dixie Chicks,12,21,Gains In Performance
1998-03-14,12,Then What?,Clay Walker,14,13,Gains In Performance
1998-03-14,13,Love Of My Life,Sammy Kershaw,10,21,
1998-03-14,14,Bye Bye,Jo Dee Messina,19,9,Gains In Performance
1998-03-14,15,Just Between You And Me,The Kinleys,15,13,Gains In Performance
1998-03-14,16,Come Some Rainy Day,Wynonna,16,14,Gains In Performance
1998-03-14,17,Lonely Won't Leave Me Alone,Trace Adkins,20,9,Gains In Performance
1998-03-14,18,A House With No Curtains,Alan Jackson,21,8,Gains In Performance
1998-03-14,19,Valentine,Martina McBride With Jim Brickman,17,11,
1998-03-14,20,You're Still The One,Shania Twain,23,8,Gains In Performance
1998-03-14,21,Dream Walkin',Toby Keith,25,7,Gains In Performance
1998-03-14,22,I Wanna Fall In Love,Lila McCann,13,25,
1998-03-14,23,This Kiss,Faith Hill,31,3,Gains In Performance
1998-03-14,24,To Have You Back Again,Patty Loveless,28,7,Gains In Performance
1998-03-14,25,Too Good To Be True,Michael Peterson,30,7,Gains In Performance
1998-03-14,26,Imagine That,Diamond Rio,22,20,
1998-03-14,27,He's Got You,Brooks & Dunn,24,22,
1998-03-14,28,The Note,Daryle Singletary,29,19,
1998-03-14,29,Don't Be Stupid (You Know I Love You),Shania Twain,26,18,
1998-03-14,30,Out Of My Bones,Randy Travis,39,2,Gains In Performance
1998-03-14,31,Closer To Heaven,Mila Mason,33,15,Gains In Performance
1998-03-14,32,You'll Never Know,Mindy McCready,34,9,Gains In Performance
1998-03-14,33,I'm From The Country,Tracy Byrd,35,6,Gains In Performance
1998-03-14,34,She's Got That Look In Her Eyes,Alabama,38,5,Gains In Performance
1998-03-14,35,Leaving October,Sons Of The Desert,37,9,Gains In Performance
1998-03-14,36,Longneck Bottle,Garth Brooks,36,17,
1998-03-14,37,Say When,Lonestar,40,7,Gains In Performance
1998-03-14,38,One Small Miracle,Bryan White,27,16,
1998-03-14,39,Put Your Heart Into It,Sherrie Austin,42,7,Gains In Performance
1998-03-14,40,One Of Those Nights Tonight,Lorrie Morgan,32,19,
1998-03-14,41,Takin' The Country Back,John Anderson,41,9,Gains In Performance
1998-03-14,42,It Would Be You,Gary Allan,43,5,Gains In Performance
1998-03-14,43,Holes In The Floor Of Heaven,Steve Wariner,63,2,Gains In Performance
1998-03-14,44,Broken Road,Melodie Crittenden,46,9,Gains In Performance
1998-03-14,45,Connected At The Heart,Ricochet,45,6,Gains In Performance
1998-03-14,46,Woman To Woman,The Lynns,49,3,Gains In Performance
1998-03-14,47,Better Than It Used To Be,Rhett Akins,47,8,Gains In Performance
1998-03-14,48,I Do [Cherish You],Mark Wills,51,3,Gains In Performance
1998-03-14,49,I Saw The Light,Hal Ketchum,56,3,Gains In Performance
1998-03-14,50,All That Matters Anymore,Lee Roy Parnell,50,5,
1998-03-14,51,Back In The Saddle,Matraca Berg,52,5,Gains In Performance
1998-03-14,52,Just Don't Wait Around Til She's Leavin',David Lee Murphy,44,18,
1998-03-14,53,Papa Bear,Keith Harling,58,2,Gains In Performance
1998-03-14,54,Cheatin' On Her Heart,Jeff Carson,54,8,Gains In Performance
1998-03-14,55,To Be With You,The Mavericks,53,6,
1998-03-14,56,Almost Over You,Lila McCann,69,2,Gains In Performance
1998-03-14,57,Another Side,Sawyer Brown,55,5,Gains In Performance
1998-03-14,58,That's Why I'm Here,Kenny Chesney,68,2,Gains In Performance
1998-03-14,59,Wake Up And Smell The Whiskey,Dean Miller,57,4,Gains In Performance
1998-03-14,60,Bang Bang Bang,Nitty Gritty Dirt Band,61,3,Gains In Performance
1998-03-21,1,Nothin' But The Taillights,Clint Black,2,19,Gains In Performance
1998-03-21,2,Round About Way,George Strait,1,13,
1998-03-21,3,Little Red Rodeo,Collin Raye,3,15,Gains In Performance
1998-03-21,4,Perfect Love,Trisha Yearwood,6,10,Gains In Performance
1998-03-21,5,The Day That She Left Tulsa (In A Chevy),Wade Hayes,5,21,Gains In Performance
1998-03-21,6,If I Never Stop Loving You,David Kersh,10,16,Gains In Performance
1998-03-21,7,She's Gonna Make It,Garth Brooks,4,11,
1998-03-21,8,I Can Love You Better,Dixie Chicks,11,22,Gains In Performance
1998-03-21,9,Just To See You Smile,Tim McGraw,7,33,
1998-03-21,10,What If I Said,Anita Cochran (Duet With Steve Wariner),8,20,
1998-03-21,11,Then What?,Clay Walker,12,14,Gains In Performance
1998-03-21,12,Bye Bye,Jo Dee Messina,14,10,Gains In Performance
1998-03-21,13,Just Between You And Me,The Kinleys,15,14,Gains In Performance
1998-03-21,14,Come Some Rainy Day,Wynonna,16,15,Gains In Performance
1998-03-21,15,This Kiss,Faith Hill,23,4,Gains In Performance
1998-03-21,16,Lonely Won't Leave Me Alone,Trace Adkins,17,10,Gains In Performance
1998-03-21,17,You're Still The One,Shania Twain,20,9,Gains In Performance
1998-03-21,18,Valentine,Martina McBride With Jim Brickman,19,12,Gains In Performance
1998-03-21,19,Dream Walkin',Toby Keith,21,8,Gains In Performance
1998-03-21,20,A House With No Curtains,Alan Jackson,18,9,
1998-03-21,21,You've Got To Talk To Me,Lee Ann Womack,9,21,
1998-03-21,22,Love Of My Life,Sammy Kershaw,13,22,
1998-03-21,23,Out Of My Bones,Randy Travis,30,3,Gains In Performance
1998-03-21,24,To Have You Back Again,Patty Loveless,24,8,Gains In Performance
1998-03-21,25,Too Good To Be True,Michael Peterson,25,8,Gains In Performance
1998-03-21,26,I Wanna Fall In Love,Lila McCann,22,26,
1998-03-21,27,He's Got You,Brooks & Dunn,27,23,
1998-03-21,28,I'm From The Country,Tracy Byrd,33,7,Gains In Performance
1998-03-21,29,Imagine That,Diamond Rio,26,21,
1998-03-21,30,You'll Never Know,Mindy McCready,32,10,Gains In Performance
1998-03-21,31,Closer To Heaven,Mila Mason,31,16,
1998-03-21,32,The Note,Daryle Singletary,28,20,
1998-03-21,33,She's Got That Look In Her Eyes,Alabama,34,6,Gains In Performance
1998-03-21,34,Don't Be Stupid (You Know I Love You),Shania Twain,29,19,
1998-03-21,35,Leaving October,Sons Of The Desert,35,10,Gains In Performance
1998-03-21,36,Say When,Lonestar,37,8,Gains In Performance
1998-03-21,37,Longneck Bottle,Garth Brooks,36,18,
1998-03-21,38,It Would Be You,Gary Allan,42,6,Gains In Performance
1998-03-21,39,Two Pina Coladas,Garth Brooks,64,14,Gains In Performance
1998-03-21,40,Put Your Heart Into It,Sherrie Austin,39,8,Gains In Performance
1998-03-21,41,Holes In The Floor Of Heaven,Steve Wariner,43,3,Gains In Performance
1998-03-21,42,Takin' The Country Back,John Anderson,41,10,
1998-03-21,43,One Small Miracle,Bryan White,38,17,
1998-03-21,44,Love Working On You,John Michael Montgomery,74,2,Gains In Performance
1998-03-21,45,I Do [Cherish You],Mark Wills,48,4,Gains In Performance
1998-03-21,46,One Of Those Nights Tonight,Lorrie Morgan,40,20,
1998-03-21,47,Broken Road,Melodie Crittenden,44,10,Gains In Performance
1998-03-21,48,Connected At The Heart,Ricochet,45,7,Gains In Performance
1998-03-21,49,Woman To Woman,The Lynns,46,4,Gains In Performance
1998-03-21,50,That's Why I'm Here,Kenny Chesney,58,3,Gains In Performance
1998-03-21,51,Papa Bear,Keith Harling,53,3,Gains In Performance
1998-03-21,52,I Saw The Light,Hal Ketchum,49,4,Gains In Performance
1998-03-21,53,Better Than It Used To Be,Rhett Akins,47,9,
1998-03-21,54,Almost Over You,Lila McCann,56,3,Gains In Performance
1998-03-21,55,Back In The Saddle,Matraca Berg,51,6,Gains In Performance
1998-03-21,56,To Be With You,The Mavericks,55,7,Gains In Performance
1998-03-21,57,I Might Even Quit Lovin' You,Mark Chesnutt,62,2,Gains In Performance
1998-03-21,58,All That Matters Anymore,Lee Roy Parnell,50,6,
1998-03-21,59,A Woman's Tears,Matt King,63,4,Gains In Performance
1998-03-21,60,Bang Bang Bang,Nitty Gritty Dirt Band,60,4,Gains In Performance
1998-03-28,1,Nothin' But The Taillights,Clint Black,1,20,Gains In Performance
1998-03-28,2,Perfect Love,Trisha Yearwood,4,11,Gains In Performance
1998-03-28,3,Little Red Rodeo,Collin Raye,3,16,
1998-03-28,4,If I Never Stop Loving You,David Kersh,6,17,Gains In Performance
1998-03-28,5,The Day That She Left Tulsa (In A Chevy),Wade Hayes,5,22,
1998-03-28,6,Round About Way,George Strait,2,14,
1998-03-28,7,Then What?,Clay Walker,11,15,Gains In Performance
1998-03-28,8,I Can Love You Better,Dixie Chicks,8,23,Gains In Performance
1998-03-28,9,Bye Bye,Jo Dee Messina,12,11,Gains In Performance
1998-03-28,10,This Kiss,Faith Hill,15,5,Gains In Performance
1998-03-28,11,She's Gonna Make It,Garth Brooks,7,12,
1998-03-28,12,Just Between You And Me,The Kinleys,13,15,Gains In Performance
1998-03-28,13,Valentine,Martina McBride With Jim Brickman,18,13,Gains In Performance
1998-03-28,14,You're Still The One,Shania Twain,17,10,Gains In Performance
1998-03-28,15,Just To See You Smile,Tim McGraw,9,34,
1998-03-28,16,Come Some Rainy Day,Wynonna,14,16,
1998-03-28,17,What If I Said,Anita Cochran (Duet With Steve Wariner),10,21,
1998-03-28,18,Dream Walkin',Toby Keith,19,9,Gains In Performance
1998-03-28,19,Lonely Won't Leave Me Alone,Trace Adkins,16,11,
1998-03-28,20,Out Of My Bones,Randy Travis,23,4,Gains In Performance
1998-03-28,21,To Have You Back Again,Patty Loveless,24,9,Gains In Performance
1998-03-28,22,Too Good To Be True,Michael Peterson,25,9,Gains In Performance
1998-03-28,23,Love Of My Life,Sammy Kershaw,22,23,
1998-03-28,24,Two Pina Coladas,Garth Brooks,39,15,Gains In Performance
1998-03-28,25,A House With No Curtains,Alan Jackson,20,10,
1998-03-28,26,I'm From The Country,Tracy Byrd,28,8,Gains In Performance
1998-03-28,27,You've Got To Talk To Me,Lee Ann Womack,21,22,
1998-03-28,28,I Wanna Fall In Love,Lila McCann,26,27,
1998-03-28,29,You'll Never Know,Mindy McCready,30,11,Gains In Performance
1998-03-28,30,He's Got You,Brooks & Dunn,27,24,
1998-03-28,31,She's Got That Look In Her Eyes,Alabama,33,7,Gains In Performance
1998-03-28,32,Closer To Heaven,Mila Mason,31,17,Gains In Performance
1998-03-28,33,Holes In The Floor Of Heaven,Steve Wariner,41,4,Gains In Performance
1998-03-28,34,Leaving October,Sons Of The Desert,35,11,Gains In Performance
1998-03-28,35,Say When,Lonestar,36,9,Gains In Performance
1998-03-28,36,Don't Be Stupid (You Know I Love You),Shania Twain,34,20,
1998-03-28,37,Love Working On You,John Michael Montgomery,44,3,Gains In Performance
1998-03-28,38,It Would Be You,Gary Allan,38,7,Gains In Performance
1998-03-28,39,Put Your Heart Into It,Sherrie Austin,40,9,Gains In Performance
1998-03-28,40,Longneck Bottle,Garth Brooks,37,19,
1998-03-28,41,I Do [Cherish You],Mark Wills,45,5,Gains In Performance
1998-03-28,42,Broken Road,Melodie Crittenden,47,11,Gains In Performance
1998-03-28,43,That's Why I'm Here,Kenny Chesney,50,4,Gains In Performance
1998-03-28,44,Connected At The Heart,Ricochet,48,8,Gains In Performance
1998-03-28,45,Woman To Woman,The Lynns,49,5,Gains In Performance
1998-03-28,46,Papa Bear,Keith Harling,51,4,Gains In Performance
1998-03-28,47,Matches,Sammy Kershaw,61,3,Gains In Performance
1998-03-28,48,I Saw The Light,Hal Ketchum,52,5,Gains In Performance
1998-03-28,49,Takin' The Country Back,John Anderson,42,11,
1998-03-28,50,I Might Even Quit Lovin' You,Mark Chesnutt,57,3,Gains In Performance
1998-03-28,51,Commitment,LeAnn Rimes,NEW,1,Highest ranking debut|Gains In Performance
1998-03-28,52,One Small Miracle,Bryan White,43,18,
1998-03-28,53,Almost Over You,Lila McCann,54,4,Gains In Performance
1998-03-28,54,To Be With You,The Mavericks,56,8,Gains In Performance
1998-03-28,55,Back In The Saddle,Matraca Berg,55,7,
1998-03-28,56,Bang Bang Bang,Nitty Gritty Dirt Band,60,5,Gains In Performance
1998-03-28,57,A Woman's Tears,Matt King,59,5,Gains In Performance
1998-03-28,58,From This Moment On,Shania Twain,64,11,Gains In Performance
1998-03-28,59,Love Is All That Really Matters,Kevin Sharp,72,2,Gains In Performance
1998-03-28,60,One Of These Days,Tim McGraw,68,3,Gains In Performance
1998-04-04,1,Perfect Love,Trisha Yearwood,2,12,Gains In Performance
1998-04-04,2,Nothin' But The Taillights,Clint Black,1,21,
1998-04-04,3,If I Never Stop Loving You,David Kersh,4,18,Gains In Performance
1998-04-04,4,Little Red Rodeo,Collin Raye,3,17,
1998-04-04,5,Then What?,Clay Walker,7,16,Gains In Performance
1998-04-04,6,Bye Bye,Jo Dee Messina,9,12,Gains In Performance
1998-04-04,7,I Can Love You Better,Dixie Chicks,8,24,Gains In Performance
1998-04-04,8,The Day That She Left Tulsa (In A Chevy),Wade Hayes,5,23,
1998-04-04,9,This Kiss,Faith Hill,10,6,Gains In Performance
1998-04-04,10,You're Still The One,Shania Twain,14,11,Gains In Performance
1998-04-04,11,Valentine,Martina McBride With Jim Brickman,13,14,Gains In Performance
1998-04-04,12,Just Between You And Me,The Kinleys,12,16,Gains In Performance
1998-04-04,13,Two Pina Coladas,Garth Brooks,24,16,Gains In Performance
1998-04-04,14,Round About Way,George Strait,6,15,
1998-04-04,15,Out Of My Bones,Randy Travis,20,5,Gains In Performance
1998-04-04,16,Lonely Won't Leave Me Alone,Trace Adkins,19,12,Gains In Performance
1998-04-04,17,Dream Walkin',Toby Keith,18,10,Gains In Performance
1998-04-04,18,To Have You Back Again,Patty Loveless,21,10,Gains In Performance
1998-04-04,19,She's Gonna Make It,Garth Brooks,11,13,
1998-04-04,20,Too Good To Be True,Michael Peterson,22,10,Gains In Performance
1998-04-04,21,I'm From The Country,Tracy Byrd,26,9,Gains In Performance
1998-04-04,22,Just To See You Smile,Tim McGraw,15,35,
1998-04-04,23,Come Some Rainy Day,Wynonna,16,17,
1998-04-04,24,You'll Never Know,Mindy McCready,29,12,Gains In Performance
1998-04-04,25,What If I Said,Anita Cochran (Duet With Steve Wariner),17,22,
1998-04-04,26,Love Of My Life,Sammy Kershaw,23,24,
1998-04-04,27,Holes In The Floor Of Heaven,Steve Wariner,33,5,Gains In Performance
1998-04-04,28,I Wanna Fall In Love,Lila McCann,28,28,
1998-04-04,29,Love Working On You,John Michael Montgomery,37,4,Gains In Performance
1998-04-04,30,She's Got That Look In Her Eyes,Alabama,31,8,Gains In Performance
1998-04-04,31,Leaving October,Sons Of The Desert,34,12,
1998-04-04,32,Say When,Lonestar,35,10,Gains In Performance
1998-04-04,33,It Would Be You,Gary Allan,38,8,Gains In Performance
1998-04-04,34,Closer To Heaven,Mila Mason,32,18,
1998-04-04,35,Put Your Heart Into It,Sherrie Austin,39,10,Gains In Performance
1998-04-04,36,A House With No Curtains,Alan Jackson,25,11,
1998-04-04,37,I Do [Cherish You],Mark Wills,41,6,Gains In Performance
1998-04-04,38,Commitment,LeAnn Rimes,51,2,Gains In Performance
1998-04-04,39,That's Why I'm Here,Kenny Chesney,43,5,Gains In Performance
1998-04-04,40,Longneck Bottle,Garth Brooks,40,20,
1998-04-04,41,Matches,Sammy Kershaw,47,4,Gains In Performance
1998-04-04,42,I Might Even Quit Lovin' You,Mark Chesnutt,50,4,Gains In Performance
1998-04-04,43,Woman To Woman,The Lynns,45,6,Gains In Performance
1998-04-04,44,I Saw The Light,Hal Ketchum,48,6,Gains In Performance
1998-04-04,45,Papa Bear,Keith Harling,46,5,Gains In Performance
1998-04-04,46,Broken Road,Melodie Crittenden,42,12,
1998-04-04,47,One Of These Days,Tim McGraw,60,4,Gains In Performance
1998-04-04,48,Almost Over You,Lila McCann,53,5,Gains In Performance
1998-04-04,49,Connected At The Heart,Ricochet,44,9,
1998-04-04,50,A Man Holdin' On (To A Woman Lettin' Go),Ty Herndon,74,2,Gains In Performance
1998-04-04,51,To Be With You,The Mavericks,54,9,
1998-04-04,52,Bang Bang Bang,Nitty Gritty Dirt Band,56,6,Gains In Performance
1998-04-04,53,A Woman's Tears,Matt King,57,6,Gains In Performance
1998-04-04,54,Love Is All That Really Matters,Kevin Sharp,59,3,Gains In Performance
1998-04-04,55,One Small Miracle,Bryan White,52,19,
1998-04-04,56,Party On,Neal McCoy,69,2,Gains In Performance
1998-04-04,57,From This Moment On,Shania Twain,58,12,Gains In Performance
1998-04-04,58,What If I'm Right,Shane Stockton,61,2,Gains In Performance
1998-04-04,59,Back In The Saddle,Matraca Berg,55,8,
1998-04-04,60,Back On The Farm,The Thompson Brothers Band,66,6,Gains In Performance
1998-04-11,1,Perfect Love,Trisha Yearwood,1,13,Gains In Performance
1998-04-11,2,Then What?,Clay Walker,5,17,Gains In Performance
1998-04-11,3,If I Never Stop Loving You,David Kersh,3,19,Gains In Performance
1998-04-11,4,Bye Bye,Jo Dee Messina,6,13,Gains In Performance
1998-04-11,5,Nothin' But The Taillights,Clint Black,2,22,
1998-04-11,6,You're Still The One,Shania Twain,10,12,Gains In Performance
1998-04-11,7,This Kiss,Faith Hill,9,7,Gains In Performance
1998-04-11,8,Two Pina Coladas,Garth Brooks,13,17,Gains In Performance
1998-04-11,9,Valentine,Martina McBride With Jim Brickman,11,15,Gains In Performance
1998-04-11,10,Dream Walkin',Toby Keith,17,11,Gains In Performance
1998-04-11,11,Out Of My Bones,Randy Travis,15,6,Gains In Performance
1998-04-11,12,Lonely Won't Leave Me Alone,Trace Adkins,16,13,Gains In Performance
1998-04-11,13,Just Between You And Me,The Kinleys,12,17,
1998-04-11,14,Little Red Rodeo,Collin Raye,4,18,
1998-04-11,15,I Can Love You Better,Dixie Chicks,7,25,
1998-04-11,16,Too Good To Be True,Michael Peterson,20,11,Gains In Performance
1998-04-11,17,I'm From The Country,Tracy Byrd,21,10,Gains In Performance
1998-04-11,18,To Have You Back Again,Patty Loveless,18,11,Gains In Performance
1998-04-11,19,Holes In The Floor Of Heaven,Steve Wariner,27,6,Gains In Performance
1998-04-11,20,Love Working On You,John Michael Montgomery,29,5,Gains In Performance
1998-04-11,21,You'll Never Know,Mindy McCready,24,13,Gains In Performance
1998-04-11,22,The Day That She Left Tulsa (In A Chevy),Wade Hayes,8,24,
1998-04-11,23,She's Gonna Make It,Garth Brooks,19,14,
1998-04-11,24,Just To See You Smile,Tim McGraw,22,36,
1998-04-11,25,Round About Way,George Strait,14,16,
1998-04-11,26,She's Got That Look In Her Eyes,Alabama,30,9,Gains In Performance
1998-04-11,27,Love Of My Life,Sammy Kershaw,26,25,
1998-04-11,28,What If I Said,Anita Cochran (Duet With Steve Wariner),25,23,
1998-04-11,29,Commitment,LeAnn Rimes,38,3,Gains In Performance
1998-04-11,30,I Wanna Fall In Love,Lila McCann,28,29,
1998-04-11,31,One Of These Days,Tim McGraw,47,5,Gains In Performance
1998-04-11,32,Say When,Lonestar,32,11,Gains In Performance
1998-04-11,33,It Would Be You,Gary Allan,33,9,Gains In Performance
1998-04-11,34,Leaving October,Sons Of The Desert,31,13,Gains In Performance
1998-04-11,35,Put Your Heart Into It,Sherrie Austin,35,11,Gains In Performance
1998-04-11,36,I Do [Cherish You],Mark Wills,37,7,Gains In Performance
1998-04-11,37,That's Why I'm Here,Kenny Chesney,39,6,Gains In Performance
1998-04-11,38,Come Some Rainy Day,Wynonna,23,18,
1998-04-11,39,Matches,Sammy Kershaw,41,5,Gains In Performance
1998-04-11,40,I Might Even Quit Lovin' You,Mark Chesnutt,42,5,Gains In Performance
1998-04-11,41,Papa Bear,Keith Harling,45,6,Gains In Performance
1998-04-11,42,I Saw The Light,Hal Ketchum,44,7,Gains In Performance
1998-04-11,43,A Man Holdin' On (To A Woman Lettin' Go),Ty Herndon,50,3,Gains In Performance
1998-04-11,44,Woman To Woman,The Lynns,43,7,Gains In Performance
1998-04-11,45,Closer To Heaven,Mila Mason,34,19,
1998-04-11,46,A House With No Curtains,Alan Jackson,36,12,
1998-04-11,47,Almost Over You,Lila McCann,48,6,Gains In Performance
1998-04-11,48,Bad Day To Let You Go,Bryan White,NEW,1,Highest ranking debut|Gains In Performance
1998-04-11,49,A Woman's Tears,Matt King,53,7,Gains In Performance
1998-04-11,50,Party On,Neal McCoy,56,3,Gains In Performance
1998-04-11,51,Love Is All That Really Matters,Kevin Sharp,54,4,Gains In Performance
1998-04-11,52,The Shoes You're Wearing,Clint Black,NEW,1,Gains In Performance
1998-04-11,53,Buckaroo,Lee Ann Womack,66,2,Gains In Performance
1998-04-11,54,Texas Size Heartache,Joe Diffie,69,2,Gains In Performance
1998-04-11,55,To Be With You,The Mavericks,51,10,
1998-04-11,56,I Already Do,Chely Wright,62,3,Gains In Performance
1998-04-11,57,Broken Road,Melodie Crittenden,46,13,
1998-04-11,58,I'm Not That Easy To Forget,Lorrie Morgan,63,2,Gains In Performance
1998-04-11,59,Now That I Found You,Terri Clark,74,2,Gains In Performance
1998-04-11,60,That's Where You're Wrong,Daryle Singletary,65,2,Gains In Performance
1998-04-18,1,Bye Bye,Jo Dee Messina,4,14,Gains In Performance
1998-04-18,2,Perfect Love,Trisha Yearwood,1,14,
1998-04-18,3,Then What?,Clay Walker,2,18,
1998-04-18,4,If I Never Stop Loving You,David Kersh,3,20,
1998-04-18,5,You're Still The One,Shania Twain,6,13,Gains In Performance
1998-04-18,6,This Kiss,Faith Hill,7,8,Gains In Performance
1998-04-18,7,Two Pina Coladas,Garth Brooks,8,18,Gains In Performance
1998-04-18,8,Dream Walkin',Toby Keith,10,12,Gains In Performance
1998-04-18,9,Out Of My Bones,Randy Travis,11,7,Gains In Performance
1998-04-18,10,Nothin' But The Taillights,Clint Black,5,23,
1998-04-18,11,Lonely Won't Leave Me Alone,Trace Adkins,12,14,Gains In Performance
1998-04-18,12,Valentine,Martina McBride With Jim Brickman,9,16,
1998-04-18,13,I'm From The Country,Tracy Byrd,17,11,Gains In Performance
1998-04-18,14,Too Good To Be True,Michael Peterson,16,12,Gains In Performance
1998-04-18,15,Just Between You And Me,The Kinleys,13,18,
1998-04-18,16,Holes In The Floor Of Heaven,Steve Wariner,19,7,Gains In Performance
1998-04-18,17,To Have You Back Again,Patty Loveless,18,12,Gains In Performance
1998-04-18,18,Love Working On You,John Michael Montgomery,20,6,Gains In Performance
1998-04-18,19,You'll Never Know,Mindy McCready,21,14,Gains In Performance
1998-04-18,20,One Of These Days,Tim McGraw,31,6,Gains In Performance
1998-04-18,21,Little Red Rodeo,Collin Raye,14,19,
1998-04-18,22,Commitment,LeAnn Rimes,29,4,Gains In Performance
1998-04-18,23,She's Got That Look In Her Eyes,Alabama,26,10,Gains In Performance
1998-04-18,24,Just To See You Smile,Tim McGraw,24,37,
1998-04-18,25,I Can Love You Better,Dixie Chicks,15,26,
1998-04-18,26,She's Gonna Make It,Garth Brooks,23,15,
1998-04-18,27,I Do [Cherish You],Mark Wills,36,8,Gains In Performance
1998-04-18,28,Love Of My Life,Sammy Kershaw,27,26,
1998-04-18,29,Say When,Lonestar,32,12,Gains In Performance
1998-04-18,30,The Day That She Left Tulsa (In A Chevy),Wade Hayes,22,25,
1998-04-18,31,It Would Be You,Gary Allan,33,10,Gains In Performance
1998-04-18,32,Round About Way,George Strait,25,17,
1998-04-18,33,That's Why I'm Here,Kenny Chesney,37,7,Gains In Performance
1998-04-18,34,Put Your Heart Into It,Sherrie Austin,35,12,
1998-04-18,35,Matches,Sammy Kershaw,39,6,Gains In Performance
1998-04-18,36,I Might Even Quit Lovin' You,Mark Chesnutt,40,6,Gains In Performance
1998-04-18,37,Leaving October,Sons Of The Desert,34,14,
1998-04-18,38,I Just Want To Dance With You,George Strait,NEW,1,Highest ranking debut|Gains In Performance
1998-04-18,39,A Man Holdin' On (To A Woman Lettin' Go),Ty Herndon,43,4,Gains In Performance
1998-04-18,40,Papa Bear,Keith Harling,41,7,Gains In Performance
1998-04-18,41,I Saw The Light,Hal Ketchum,42,8,Gains In Performance
1998-04-18,42,The Shoes You're Wearing,Clint Black,52,2,Gains In Performance
1998-04-18,43,Come Some Rainy Day,Wynonna,38,19,
1998-04-18,44,Bad Day To Let You Go,Bryan White,48,2,Gains In Performance
1998-04-18,45,Woman To Woman,The Lynns,44,8,
1998-04-18,46,Almost Over You,Lila McCann,47,7,Gains In Performance
1998-04-18,47,Buckaroo,Lee Ann Womack,53,3,Gains In Performance
1998-04-18,48,Now That I Found You,Terri Clark,59,3,Gains In Performance
1998-04-18,49,Texas Size Heartache,Joe Diffie,54,3,Gains In Performance
1998-04-18,50,There's Your Trouble,Dixie Chicks,66,2,Gains In Performance
1998-04-18,51,Party On,Neal McCoy,50,4,Gains In Performance
1998-04-18,52,A Woman's Tears,Matt King,49,8,Gains In Performance
1998-04-18,53,Closer To Heaven,Mila Mason,45,20,
1998-04-18,54,I Already Do,Chely Wright,56,4,Gains In Performance
1998-04-18,55,I'm Not That Easy To Forget,Lorrie Morgan,58,3,Gains In Performance
1998-04-18,56,Love Is All That Really Matters,Kevin Sharp,51,5,
1998-04-18,57,A House With No Curtains,Alan Jackson,46,13,
1998-04-18,58,That's Where You're Wrong,Daryle Singletary,60,3,Gains In Performance
1998-04-18,59,What If I'm Right,Shane Stockton,61,4,Gains In Performance
1998-04-18,60,Somebody To Love,Suzy Bogguss,72,2,Gains In Performance
1998-04-25,1,Bye Bye,Jo Dee Messina,1,15,
1998-04-25,2,You're Still The One,Shania Twain,5,14,Gains In Performance
1998-04-25,3,Then What?,Clay Walker,3,19,
1998-04-25,4,This Kiss,Faith Hill,6,9,Gains In Performance
1998-04-25,5,Perfect Love,Trisha Yearwood,2,15,
1998-04-25,6,Two Pina Coladas,Garth Brooks,7,19,Gains In Performance
1998-04-25,7,Dream Walkin',Toby Keith,8,13,Gains In Performance
1998-04-25,8,If I Never Stop Loving You,David Kersh,4,21,
1998-04-25,9,Out Of My Bones,Randy Travis,9,8,Gains In Performance
1998-04-25,10,I'm From The Country,Tracy Byrd,13,12,Gains In Performance
1998-04-25,11,Lonely Won't Leave Me Alone,Trace Adkins,11,15,
1998-04-25,12,Holes In The Floor Of Heaven,Steve Wariner,16,8,Gains In Performance
1998-04-25,13,Too Good To Be True,Michael Peterson,14,13,Gains In Performance
1998-04-25,14,To Have You Back Again,Patty Loveless,17,13,Gains In Performance
1998-04-25,15,Nothin' But The Taillights,Clint Black,10,24,
1998-04-25,16,One Of These Days,Tim McGraw,20,7,Gains In Performance
1998-04-25,17,Love Working On You,John Michael Montgomery,18,7,Gains In Performance
1998-04-25,18,Commitment,LeAnn Rimes,22,5,Gains In Performance
1998-04-25,19,You'll Never Know,Mindy McCready,19,15,
1998-04-25,20,Valentine,Martina McBride With Jim Brickman,12,17,
1998-04-25,21,She's Got That Look In Her Eyes,Alabama,23,11,Gains In Performance
1998-04-25,22,I Just Want To Dance With You,George Strait,38,2,Gains In Performance
1998-04-25,23,Little Red Rodeo,Collin Raye,21,20,
1998-04-25,24,I Do [Cherish You],Mark Wills,27,9,Gains In Performance
1998-04-25,25,Just To See You Smile,Tim McGraw,24,38,
1998-04-25,26,Say When,Lonestar,29,13,Gains In Performance
1998-04-25,27,She's Gonna Make It,Garth Brooks,26,16,
1998-04-25,28,It Would Be You,Gary Allan,31,11,Gains In Performance
1998-04-25,29,Just Between You And Me,The Kinleys,15,19,
1998-04-25,30,That's Why I'm Here,Kenny Chesney,33,8,Gains In Performance
1998-04-25,31,Matches,Sammy Kershaw,35,7,Gains In Performance
1998-04-25,32,I Might Even Quit Lovin' You,Mark Chesnutt,36,7,Gains In Performance
1998-04-25,33,Round About Way,George Strait,32,18,
1998-04-25,34,The Shoes You're Wearing,Clint Black,42,3,Gains In Performance
1998-04-25,35,Put Your Heart Into It,Sherrie Austin,34,13,
1998-04-25,36,A Man Holdin' On (To A Woman Lettin' Go),Ty Herndon,39,5,Gains In Performance
1998-04-25,37,Papa Bear,Keith Harling,40,8,Gains In Performance
1998-04-25,38,I Saw The Light,Hal Ketchum,41,9,Gains In Performance
1998-04-25,39,Bad Day To Let You Go,Bryan White,44,3,Gains In Performance
1998-04-25,40,Now That I Found You,Terri Clark,48,4,Gains In Performance
1998-04-25,41,Buckaroo,Lee Ann Womack,47,4,Gains In Performance
1998-04-25,42,Almost Over You,Lila McCann,46,8,Gains In Performance
1998-04-25,43,Texas Size Heartache,Joe Diffie,49,4,Gains In Performance
1998-04-25,44,There's Your Trouble,Dixie Chicks,50,3,Gains In Performance
1998-04-25,45,Woman To Woman,The Lynns,45,9,
1998-04-25,46,Leaving October,Sons Of The Desert,37,15,
1998-04-25,47,A Woman's Tears,Matt King,52,9,Gains In Performance
1998-04-25,48,Come Some Rainy Day,Wynonna,43,20,
1998-04-25,49,I'm Not That Easy To Forget,Lorrie Morgan,55,4,Gains In Performance
1998-04-25,50,I Already Do,Chely Wright,54,5,Gains In Performance
1998-04-25,51,Party On,Neal McCoy,51,5,Gains In Performance
1998-04-25,52,I Can Still Feel You,Collin Raye,NEW,1,Highest ranking debut|Gains In Performance
1998-04-25,53,Somebody To Love,Suzy Bogguss,60,3,Gains In Performance
1998-04-25,54,Love Is All That Really Matters,Kevin Sharp,56,6,
1998-04-25,55,That's Where You're Wrong,Daryle Singletary,58,4,Gains In Performance
1998-04-25,56,Stand By Your Man,Tammy Wynette,NEW,1,Gains In Performance
1998-04-25,57,What If I'm Right,Shane Stockton,59,5,Gains In Performance
1998-04-25,58,When The Wrong One Loves You Right,Wade Hayes,61,3,Gains In Performance
1998-04-25,59,Back On The Farm,The Thompson Brothers Band,62,9,Gains In Performance
1998-04-25,60,Small Talk,Sawyer Brown,69,3,Gains In Performance
1998-05-02,1,You're Still The One,Shania Twain,2,15,Gains In Performance
1998-05-02,2,Bye Bye,Jo Dee Messina,1,16,
1998-05-02,3,Two Pina Coladas,Garth Brooks,6,20,Gains In Performance
1998-05-02,4,This Kiss,Faith Hill,4,10,Gains In Performance
1998-05-02,5,Dream Walkin',Toby Keith,7,14,Gains In Performance
1998-05-02,6,Out Of My Bones,Randy Travis,9,9,Gains In Performance
1998-05-02,7,I'm From The Country,Tracy Byrd,10,13,Gains In Performance
1998-05-02,8,Then What?,Clay Walker,3,20,
1998-05-02,9,Perfect Love,Trisha Yearwood,5,16,
1998-05-02,10,Holes In The Floor Of Heaven,Steve Wariner,12,9,Gains In Performance
1998-05-02,11,Too Good To Be True,Michael Peterson,13,14,Gains In Performance
1998-05-02,12,If I Never Stop Loving You,David Kersh,8,22,
1998-05-02,13,I Just Want To Dance With You,George Strait,22,3,Gains In Performance
1998-05-02,14,One Of These Days,Tim McGraw,16,8,Gains In Performance
1998-05-02,15,To Have You Back Again,Patty Loveless,14,14,Gains In Performance
1998-05-02,16,Love Working On You,John Michael Montgomery,17,8,
1998-05-02,17,Commitment,LeAnn Rimes,18,6,Gains In Performance
1998-05-02,18,I Do [Cherish You],Mark Wills,24,10,Gains In Performance
1998-05-02,19,You'll Never Know,Mindy McCready,19,16,
1998-05-02,20,Nothin' But The Taillights,Clint Black,15,25,
1998-05-02,21,She's Got That Look In Her Eyes,Alabama,21,12,
1998-05-02,22,Lonely Won't Leave Me Alone,Trace Adkins,11,16,
1998-05-02,23,It Would Be You,Gary Allan,28,12,Gains In Performance
1998-05-02,24,Say When,Lonestar,26,14,Gains In Performance
1998-05-02,25,That's Why I'm Here,Kenny Chesney,30,9,Gains In Performance
1998-05-02,26,Just To See You Smile,Tim McGraw,25,39,
1998-05-02,27,Little Red Rodeo,Collin Raye,23,21,
1998-05-02,28,The Shoes You're Wearing,Clint Black,34,4,Gains In Performance
1998-05-02,29,Valentine,Martina McBride With Jim Brickman,20,18,
1998-05-02,30,Matches,Sammy Kershaw,31,8,Gains In Performance
1998-05-02,31,I Might Even Quit Lovin' You,Mark Chesnutt,32,8,Gains In Performance
1998-05-02,32,If You See Him/If You See Her,Reba/Brooks & Dunn,NEW,1,Highest ranking debut|Gains In Performance
1998-05-02,33,She's Gonna Make It,Garth Brooks,27,17,
1998-05-02,34,A Man Holdin' On (To A Woman Lettin' Go),Ty Herndon,36,6,Gains In Performance
1998-05-02,35,Papa Bear,Keith Harling,37,9,Gains In Performance
1998-05-02,36,Round About Way,George Strait,33,19,
1998-05-02,37,Bad Day To Let You Go,Bryan White,39,4,Gains In Performance
1998-05-02,38,I Saw The Light,Hal Ketchum,38,10,Gains In Performance
1998-05-02,39,Just Between You And Me,The Kinleys,29,20,
1998-05-02,40,Now That I Found You,Terri Clark,40,5,Gains In Performance
1998-05-02,41,Buckaroo,Lee Ann Womack,41,5,Gains In Performance
1998-05-02,42,Put Your Heart Into It,Sherrie Austin,35,14,
1998-05-02,43,Texas Size Heartache,Joe Diffie,43,5,Gains In Performance
1998-05-02,44,There's Your Trouble,Dixie Chicks,44,4,Gains In Performance
1998-05-02,45,Almost Over You,Lila McCann,42,9,Gains In Performance
1998-05-02,46,I Can Still Feel You,Collin Raye,52,2,Gains In Performance
1998-05-02,47,A Woman's Tears,Matt King,47,10,Gains In Performance
1998-05-02,48,I Already Do,Chely Wright,50,6,Gains In Performance
1998-05-02,49,I'm Not That Easy To Forget,Lorrie Morgan,49,5,Gains In Performance
1998-05-02,50,Party On,Neal McCoy,51,6,Gains In Performance
1998-05-02,51,Somebody To Love,Suzy Bogguss,53,4,Gains In Performance
1998-05-02,52,That's Where You're Wrong,Daryle Singletary,55,5,Gains In Performance
1998-05-02,53,When The Wrong One Loves You Right,Wade Hayes,58,4,Gains In Performance
1998-05-02,54,Always Will,Wynonna,61,2,Gains In Performance
1998-05-02,55,What If I'm Right,Shane Stockton,57,6,Gains In Performance
1998-05-02,56,Leaving October,Sons Of The Desert,46,16,
1998-05-02,57,Drivin' My Life Away,Rhett Akins,64,3,Gains In Performance
1998-05-02,58,Back On The Farm,The Thompson Brothers Band,59,10,
1998-05-02,59,Happy Girl,Martina McBride,70,2,Gains In Performance
1998-05-02,60,Love Is All That Really Matters,Kevin Sharp,54,7,
1998-05-09,1,Two Pina Coladas,Garth Brooks,3,21,Gains In Performance
1998-05-09,2,This Kiss,Faith Hill,4,11,Gains In Performance
1998-05-09,3,You're Still The One,Shania Twain,1,16,
1998-05-09,4,Out Of My Bones,Randy Travis,6,10,Gains In Performance
1998-05-09,5,I'm From The Country,Tracy Byrd,7,14,Gains In Performance
1998-05-09,6,Dream Walkin',Toby Keith,5,15,
1998-05-09,7,Bye Bye,Jo Dee Messina,2,17,
1998-05-09,8,Holes In The Floor Of Heaven,Steve Wariner,10,10,Gains In Performance
1998-05-09,9,I Just Want To Dance With You,George Strait,13,4,Gains In Performance
1998-05-09,10,Too Good To Be True,Michael Peterson,11,15,Gains In Performance
1998-05-09,11,One Of These Days,Tim McGraw,14,9,Gains In Performance
1998-05-09,12,To Have You Back Again,Patty Loveless,15,15,Gains In Performance
1998-05-09,13,Perfect Love,Trisha Yearwood,9,17,
1998-05-09,14,Love Working On You,John Michael Montgomery,16,9,Gains In Performance
1998-05-09,15,Then What?,Clay Walker,8,21,
1998-05-09,16,I Do [Cherish You],Mark Wills,18,11,Gains In Performance
1998-05-09,17,Commitment,LeAnn Rimes,17,7,Gains In Performance
1998-05-09,18,If I Never Stop Loving You,David Kersh,12,23,
1998-05-09,19,If You See Him/If You See Her,Reba/Brooks & Dunn,32,2,Gains In Performance
1998-05-09,20,The Shoes You're Wearing,Clint Black,28,5,Gains In Performance
1998-05-09,21,It Would Be You,Gary Allan,23,13,Gains In Performance
1998-05-09,22,She's Got That Look In Her Eyes,Alabama,21,13,
1998-05-09,23,That's Why I'm Here,Kenny Chesney,25,10,Gains In Performance
1998-05-09,24,Say When,Lonestar,24,15,Gains In Performance
1998-05-09,25,Nothin' But The Taillights,Clint Black,20,26,
1998-05-09,26,Just To See You Smile,Tim McGraw,26,40,
1998-05-09,27,Matches,Sammy Kershaw,30,9,Gains In Performance
1998-05-09,28,I Might Even Quit Lovin' You,Mark Chesnutt,31,9,Gains In Performance
1998-05-09,29,A Man Holdin' On (To A Woman Lettin' Go),Ty Herndon,34,7,Gains In Performance
1998-05-09,30,Little Red Rodeo,Collin Raye,27,22,
1998-05-09,31,Bad Day To Let You Go,Bryan White,37,5,Gains In Performance
1998-05-09,32,Papa Bear,Keith Harling,35,10,Gains In Performance
1998-05-09,33,You'll Never Know,Mindy McCready,19,17,
1998-05-09,34,Valentine,Martina McBride With Jim Brickman,29,19,
1998-05-09,35,Now That I Found You,Terri Clark,40,6,Gains In Performance
1998-05-09,36,I Saw The Light,Hal Ketchum,38,11,Gains In Performance
1998-05-09,37,Lonely Won't Leave Me Alone,Trace Adkins,22,17,
1998-05-09,38,She's Gonna Make It,Garth Brooks,33,18,
1998-05-09,39,Buckaroo,Lee Ann Womack,41,6,Gains In Performance
1998-05-09,40,Texas Size Heartache,Joe Diffie,43,6,Gains In Performance
1998-05-09,41,There's Your Trouble,Dixie Chicks,44,5,Gains In Performance
1998-05-09,42,Round About Way,George Strait,36,20,
1998-05-09,43,I Can Still Feel You,Collin Raye,46,3,Gains In Performance
1998-05-09,44,Almost Over You,Lila McCann,45,10,
1998-05-09,45,I Already Do,Chely Wright,48,7,Gains In Performance
1998-05-09,46,A Woman's Tears,Matt King,47,11,
1998-05-09,47,Somebody To Love,Suzy Bogguss,51,5,Gains In Performance
1998-05-09,48,Happy Girl,Martina McBride,59,3,Gains In Performance
1998-05-09,49,Always Will,Wynonna,54,3,Gains In Performance
1998-05-09,50,Put Your Heart Into It,Sherrie Austin,42,15,
1998-05-09,51,When The Wrong One Loves You Right,Wade Hayes,53,5,Gains In Performance
1998-05-09,52,Party On,Neal McCoy,50,7,
1998-05-09,53,That's Where You're Wrong,Daryle Singletary,52,6,Gains In Performance
1998-05-09,54,I'm Not That Easy To Forget,Lorrie Morgan,49,6,
1998-05-09,55,What If I'm Right,Shane Stockton,55,7,Gains In Performance
1998-05-09,56,Drivin' My Life Away,Rhett Akins,57,4,Gains In Performance
1998-05-09,57,There Goes My Baby,Trisha Yearwood,NEW,1,Highest ranking debut|Gains In Performance
1998-05-09,58,Wonderful Tonight,David Kersh,65,8,Gains In Performance
1998-05-09,59,Big Time,Trace Adkins,NEW,1,Gains In Performance
1998-05-09,60,Ordinary People,Clay Walker,62,2,Gains In Performance
1998-05-16,1,This Kiss,Faith Hill,2,12,Gains In Performance
1998-05-16,2,Two Pina Coladas,Garth Brooks,1,22,
1998-05-16,3,Out Of My Bones,Randy Travis,4,11,Gains In Performance
1998-05-16,4,I'm From The Country,Tracy Byrd,5,15,Gains In Performance
1998-05-16,5,Holes In The Floor Of Heaven,Steve Wariner,8,11,Gains In Performance
1998-05-16,6,Dream Walkin',Toby Keith,6,16,
1998-05-16,7,I Just Want To Dance With You,George Strait,9,5,Gains In Performance
1998-05-16,8,You're Still The One,Shania Twain,3,17,
1998-05-16,9,Too Good To Be True,Michael Peterson,10,16,Gains In Performance
1998-05-16,10,Bye Bye,Jo Dee Messina,7,18,
1998-05-16,11,One Of These Days,Tim McGraw,11,10,Gains In Performance
1998-05-16,12,I Do [Cherish You],Mark Wills,16,12,Gains In Performance
1998-05-16,13,If You See Him/If You See Her,Reba/Brooks & Dunn,19,3,Gains In Performance
1998-05-16,14,Commitment,LeAnn Rimes,17,8,Gains In Performance
1998-05-16,15,To Have You Back Again,Patty Loveless,12,16,
1998-05-16,16,Love Working On You,John Michael Montgomery,14,10,Gains In Performance
1998-05-16,17,That's Why I'm Here,Kenny Chesney,23,11,Gains In Performance
1998-05-16,18,The Shoes You're Wearing,Clint Black,20,6,Gains In Performance
1998-05-16,19,Perfect Love,Trisha Yearwood,13,18,
1998-05-16,20,It Would Be You,Gary Allan,21,14,Gains In Performance
1998-05-16,21,Then What?,Clay Walker,15,22,
1998-05-16,22,Say When,Lonestar,24,16,Gains In Performance
1998-05-16,23,If I Never Stop Loving You,David Kersh,18,24,
1998-05-16,24,I Might Even Quit Lovin' You,Mark Chesnutt,28,10,Gains In Performance
1998-05-16,25,Nothin' But The Taillights,Clint Black,25,27,Gains In Performance
1998-05-16,26,Matches,Sammy Kershaw,27,10,Gains In Performance
1998-05-16,27,A Man Holdin' On (To A Woman Lettin' Go),Ty Herndon,29,8,Gains In Performance
1998-05-16,28,Just To See You Smile,Tim McGraw,26,41,
1998-05-16,29,Now That I Found You,Terri Clark,35,7,Gains In Performance
1998-05-16,30,Bad Day To Let You Go,Bryan White,31,6,Gains In Performance
1998-05-16,31,She's Got That Look In Her Eyes,Alabama,22,14,
1998-05-16,32,Texas Size Heartache,Joe Diffie,40,7,Gains In Performance
1998-05-16,33,There's Your Trouble,Dixie Chicks,41,6,Gains In Performance
1998-05-16,34,Papa Bear,Keith Harling,32,11,Gains In Performance
1998-05-16,35,Buckaroo,Lee Ann Womack,39,7,Gains In Performance
1998-05-16,36,I Saw The Light,Hal Ketchum,36,12,Gains In Performance
1998-05-16,37,Valentine,Martina McBride With Jim Brickman,34,20,
1998-05-16,38,I Can Still Feel You,Collin Raye,43,4,Gains In Performance
1998-05-16,39,She's Gonna Make It,Garth Brooks,38,19,
1998-05-16,40,There Goes My Baby,Trisha Yearwood,57,2,Gains In Performance
1998-05-16,41,Lonely Won't Leave Me Alone,Trace Adkins,37,18,
1998-05-16,42,Happy Girl,Martina McBride,48,4,Gains In Performance
1998-05-16,43,You'll Never Know,Mindy McCready,33,18,
1998-05-16,44,I Already Do,Chely Wright,45,8,Gains In Performance
1998-05-16,45,From This Moment On,Shania Twain,64,18,Gains In Performance
1998-05-16,46,Somebody To Love,Suzy Bogguss,47,6,Gains In Performance
1998-05-16,47,Always Will,Wynonna,49,4,Gains In Performance
1998-05-16,48,Almost Over You,Lila McCann,44,11,
1998-05-16,49,Big Time,Trace Adkins,59,2,Gains In Performance
1998-05-16,50,When The Wrong One Loves You Right,Wade Hayes,51,6,Gains In Performance
1998-05-16,51,To Make You Feel My Love,Garth Brooks,NEW,1,Highest ranking debut|Gains In Performance
1998-05-16,52,That's Where You're Wrong,Daryle Singletary,53,7,Gains In Performance
1998-05-16,53,Ordinary People,Clay Walker,60,3,Gains In Performance
1998-05-16,54,What If I'm Right,Shane Stockton,55,8,
1998-05-16,55,Things Change,Dwight Yoakam,65,3,Gains In Performance
1998-05-16,56,A Woman's Tears,Matt King,46,12,
1998-05-16,57,Party On,Neal McCoy,52,8,
1998-05-16,58,Drivin' My Life Away,Rhett Akins,56,5,Gains In Performance
1998-05-16,59,No End To This Road,Restless Heart,NEW,1,Gains In Performance
1998-05-16,60,Wonderful Tonight,David Kersh,58,9,Gains In Performance
1998-05-23,1,This Kiss,Faith Hill,1,13,Gains In Performance
1998-05-23,2,Out Of My Bones,Randy Travis,3,12,Gains In Performance
1998-05-23,3,Holes In The Floor Of Heaven,Steve Wariner,5,12,Gains In Performance
1998-05-23,4,I'm From The Country,Tracy Byrd,4,16,Gains In Performance
1998-05-23,5,I Just Want To Dance With You,George Strait,7,6,Gains In Performance
1998-05-23,6,Two Pina Coladas,Garth Brooks,2,23,
1998-05-23,7,One Of These Days,Tim McGraw,11,11,Gains In Performance
1998-05-23,8,Too Good To Be True,Michael Peterson,9,17,
1998-05-23,9,I Do [Cherish You],Mark Wills,12,13,Gains In Performance
1998-05-23,10,If You See Him/If You See Her,Reba/Brooks & Dunn,13,4,Gains In Performance
1998-05-23,11,Bye Bye,Jo Dee Messina,10,19,
1998-05-23,12,Dream Walkin',Toby Keith,6,17,
1998-05-23,13,You're Still The One,Shania Twain,8,18,
1998-05-23,14,Commitment,LeAnn Rimes,14,9,Gains In Performance
1998-05-23,15,The Shoes You're Wearing,Clint Black,18,7,Gains In Performance
1998-05-23,16,It Would Be You,Gary Allan,20,15,Gains In Performance
1998-05-23,17,Love Working On You,John Michael Montgomery,16,11,
1998-05-23,18,That's Why I'm Here,Kenny Chesney,17,12,Gains In Performance
1998-05-23,19,Say When,Lonestar,22,17,Gains In Performance
1998-05-23,20,Then What?,Clay Walker,21,23,
1998-05-23,21,I Might Even Quit Lovin' You,Mark Chesnutt,24,11,Gains In Performance
1998-05-23,22,Perfect Love,Trisha Yearwood,19,19,
1998-05-23,23,A Man Holdin' On (To A Woman Lettin' Go),Ty Herndon,27,9,Gains In Performance
1998-05-23,24,Matches,Sammy Kershaw,26,11,Gains In Performance
1998-05-23,25,Now That I Found You,Terri Clark,29,8,Gains In Performance
1998-05-23,26,Nothin' But The Taillights,Clint Black,25,28,
1998-05-23,27,If I Never Stop Loving You,David Kersh,23,25,
1998-05-23,28,Texas Size Heartache,Joe Diffie,32,8,Gains In Performance
1998-05-23,29,There's Your Trouble,Dixie Chicks,33,7,Gains In Performance
1998-05-23,30,Just To See You Smile,Tim McGraw,28,42,
1998-05-23,31,To Have You Back Again,Patty Loveless,15,17,
1998-05-23,32,Papa Bear,Keith Harling,34,12,Gains In Performance
1998-05-23,33,Buckaroo,Lee Ann Womack,35,8,Gains In Performance
1998-05-23,34,Bad Day To Let You Go,Bryan White,30,7,
1998-05-23,35,I Can Still Feel You,Collin Raye,38,5,Gains In Performance
1998-05-23,36,I Saw The Light,Hal Ketchum,36,13,Gains In Performance
1998-05-23,37,There Goes My Baby,Trisha Yearwood,40,3,Gains In Performance
1998-05-23,38,From This Moment On,Shania Twain,45,19,Gains In Performance
1998-05-23,39,Happy Girl,Martina McBride,42,5,Gains In Performance
1998-05-23,40,She's Gonna Make It,Garth Brooks,39,20,
1998-05-23,41,To Make You Feel My Love,Garth Brooks,51,2,Gains In Performance
1998-05-23,42,I Already Do,Chely Wright,44,9,Gains In Performance
1998-05-23,43,Big Time,Trace Adkins,49,3,Gains In Performance
1998-05-23,44,Somebody To Love,Suzy Bogguss,46,7,Gains In Performance
1998-05-23,45,Lonely Won't Leave Me Alone,Trace Adkins,41,19,
1998-05-23,46,Always Will,Wynonna,47,5,Gains In Performance
1998-05-23,47,She's Got That Look In Her Eyes,Alabama,31,15,
1998-05-23,48,I Said A Prayer,Pam Tillis,63,2,Gains In Performance
1998-05-23,49,Ordinary People,Clay Walker,53,4,Gains In Performance
1998-05-23,50,You'll Never Know,Mindy McCready,43,19,
1998-05-23,51,When The Wrong One Loves You Right,Wade Hayes,50,7,Gains In Performance
1998-05-23,52,That's Where You're Wrong,Daryle Singletary,52,8,Gains In Performance
1998-05-23,53,Stepping Stone,Lari White,62,2,Gains In Performance
1998-05-23,54,Things Change,Dwight Yoakam,55,4,Gains In Performance
1998-05-23,55,Wonderful Tonight,David Kersh,60,10,Gains In Performance
1998-05-23,56,No End To This Road,Restless Heart,59,2,Gains In Performance
1998-05-23,57,Dance In The Boat,The Kinleys,66,4,Gains In Performance
1998-05-23,58,What If I'm Right,Shane Stockton,54,9,
1998-05-23,59,I'm Alright,Jo Dee Messina,NEW,1,Highest ranking debut|Gains In Performance
1998-05-23,60,Drivin' My Life Away,Rhett Akins,58,6,
1998-05-30,1,This Kiss,Faith Hill,1,14,
1998-05-30,2,Holes In The Floor Of Heaven,Steve Wariner,3,13,Gains In Performance
1998-05-30,3,I'm From The Country,Tracy Byrd,4,17,Gains In Performance
1998-05-30,4,I Just Want To Dance With You,George Strait,5,7,Gains In Performance
1998-05-30,5,One Of These Days,Tim McGraw,7,12,Gains In Performance
1998-05-30,6,Out Of My Bones,Randy Travis,2,13,
1998-05-30,7,I Do [Cherish You],Mark Wills,9,14,Gains In Performance
1998-05-30,8,If You See Him/If You See Her,Reba/Brooks & Dunn,10,5,Gains In Performance
1998-05-30,9,Commitment,LeAnn Rimes,14,10,Gains In Performance
1998-05-30,10,Two Pina Coladas,Garth Brooks,6,24,
1998-05-30,11,That's Why I'm Here,Kenny Chesney,18,13,Gains In Performance
1998-05-30,12,The Shoes You're Wearing,Clint Black,15,8,Gains In Performance
1998-05-30,13,Bye Bye,Jo Dee Messina,11,20,
1998-05-30,14,It Would Be You,Gary Allan,16,16,Gains In Performance
1998-05-30,15,Say When,Lonestar,19,18,Gains In Performance
1998-05-30,16,Too Good To Be True,Michael Peterson,8,18,
1998-05-30,17,Dream Walkin',Toby Keith,12,18,
1998-05-30,18,You're Still The One,Shania Twain,13,19,
1998-05-30,19,Now That I Found You,Terri Clark,25,9,Gains In Performance
1998-05-30,20,I Might Even Quit Lovin' You,Mark Chesnutt,21,12,Gains In Performance
1998-05-30,21,A Man Holdin' On (To A Woman Lettin' Go),Ty Herndon,23,10,Gains In Performance
1998-05-30,22,Matches,Sammy Kershaw,24,12,Gains In Performance
1998-05-30,23,Texas Size Heartache,Joe Diffie,28,9,Gains In Performance
1998-05-30,24,I Can Still Feel You,Collin Raye,35,6,Gains In Performance
1998-05-30,25,There's Your Trouble,Dixie Chicks,29,8,Gains In Performance
1998-05-30,26,Then What?,Clay Walker,20,24,
1998-05-30,27,Papa Bear,Keith Harling,32,13,Gains In Performance
1998-05-30,28,There Goes My Baby,Trisha Yearwood,37,4,Gains In Performance
1998-05-30,29,Nothin' But The Taillights,Clint Black,26,29,
1998-05-30,30,Perfect Love,Trisha Yearwood,22,20,
1998-05-30,31,From This Moment On,Shania Twain,38,20,Gains In Performance
1998-05-30,32,Buckaroo,Lee Ann Womack,33,9,Gains In Performance
1998-05-30,33,To Make You Feel My Love,Garth Brooks,41,3,Gains In Performance
1998-05-30,34,Happy Girl,Martina McBride,39,6,Gains In Performance
1998-05-30,35,Love Working On You,John Michael Montgomery,17,12,
1998-05-30,36,Bad Day To Let You Go,Bryan White,34,8,
1998-05-30,37,I Saw The Light,Hal Ketchum,36,14,
1998-05-30,38,To Have You Back Again,Patty Loveless,31,18,
1998-05-30,39,I Already Do,Chely Wright,42,10,Gains In Performance
1998-05-30,40,I Said A Prayer,Pam Tillis,48,3,Gains In Performance
1998-05-30,41,Big Time,Trace Adkins,43,4,Gains In Performance
1998-05-30,42,Things Change,Dwight Yoakam,54,5,Gains In Performance
1998-05-30,43,Somebody To Love,Suzy Bogguss,44,8,Gains In Performance
1998-05-30,44,Stepping Stone,Lari White,53,3,Gains In Performance
1998-05-30,45,Always Will,Wynonna,46,6,Gains In Performance
1998-05-30,46,Ordinary People,Clay Walker,49,5,Gains In Performance
1998-05-30,47,Lonely Won't Leave Me Alone,Trace Adkins,45,20,
1998-05-30,48,No End To This Road,Restless Heart,56,3,Gains In Performance
1998-05-30,49,That's Where You're Wrong,Daryle Singletary,52,9,
1998-05-30,50,When The Wrong One Loves You Right,Wade Hayes,51,8,
1998-05-30,51,I'm Alright,Jo Dee Messina,59,2,Gains In Performance
1998-05-30,52,Wonderful Tonight,David Kersh,55,11,Gains In Performance
1998-05-30,53,Dance In The Boat,The Kinleys,57,5,Gains In Performance
1998-05-30,54,Double Wide Paradise,Toby Keith,70,2,Gains In Performance
1998-05-30,55,Just To Hear You Say That You Love Me,Faith Hill With Tim McGraw,NEW,1,Highest ranking debut|Gains In Performance
1998-05-30,56,You'll Never Know,Mindy McCready,50,20,
1998-05-30,57,Why'd You Start Lookin' So Good,Monty Holmes,61,3,Gains In Performance
1998-05-30,58,This Small Divide,Jason Sellers Featuring Martina McBride,64,4,Gains In Performance
1998-05-30,59,She's Got That Look In Her Eyes,Alabama,47,16,
1998-05-30,60,The Strong One,Mila Mason,66,2,Gains In Performance
1998-06-06,1,I Just Want To Dance With You,George Strait,4,8,Gains In Performance
1998-06-06,2,Holes In The Floor Of Heaven,Steve Wariner,2,14,
1998-06-06,3,I'm From The Country,Tracy Byrd,3,18,
1998-06-06,4,One Of These Days,Tim McGraw,5,13,Gains In Performance
1998-06-06,5,This Kiss,Faith Hill,1,15,
1998-06-06,6,I Do [Cherish You],Mark Wills,7,15,Gains In Performance
1998-06-06,7,If You See Him/If You See Her,Reba/Brooks & Dunn,8,6,Gains In Performance
1998-06-06,8,Commitment,LeAnn Rimes,9,11,Gains In Performance
1998-06-06,9,Out Of My Bones,Randy Travis,6,14,
1998-06-06,10,That's Why I'm Here,Kenny Chesney,11,14,Gains In Performance
1998-06-06,11,The Shoes You're Wearing,Clint Black,12,9,Gains In Performance
1998-06-06,12,It Would Be You,Gary Allan,14,17,Gains In Performance
1998-06-06,13,Say When,Lonestar,15,19,Gains In Performance
1998-06-06,14,Two Pina Coladas,Garth Brooks,10,25,
1998-06-06,15,Bye Bye,Jo Dee Messina,13,21,
1998-06-06,16,Now That I Found You,Terri Clark,19,10,Gains In Performance
1998-06-06,17,I Can Still Feel You,Collin Raye,24,7,Gains In Performance
1998-06-06,18,I Might Even Quit Lovin' You,Mark Chesnutt,20,13,Gains In Performance
1998-06-06,19,A Man Holdin' On (To A Woman Lettin' Go),Ty Herndon,21,11,Gains In Performance
1998-06-06,20,From This Moment On,Shania Twain,31,21,Gains In Performance
1998-06-06,21,To Make You Feel My Love,Garth Brooks,33,4,Gains In Performance
1998-06-06,22,There Goes My Baby,Trisha Yearwood,28,5,Gains In Performance
1998-06-06,23,Texas Size Heartache,Joe Diffie,23,10,Gains In Performance
1998-06-06,24,Matches,Sammy Kershaw,22,13,
1998-06-06,25,There's Your Trouble,Dixie Chicks,25,9,Gains In Performance
1998-06-06,26,Dream Walkin',Toby Keith,17,19,
1998-06-06,27,Papa Bear,Keith Harling,27,14,Gains In Performance
1998-06-06,28,You're Still The One,Shania Twain,18,20,
1998-06-06,29,Buckaroo,Lee Ann Womack,32,10,Gains In Performance
1998-06-06,30,Then What?,Clay Walker,26,25,
1998-06-06,31,Happy Girl,Martina McBride,34,7,Gains In Performance
1998-06-06,32,Too Good To Be True,Michael Peterson,16,19,
1998-06-06,33,I Said A Prayer,Pam Tillis,40,4,Gains In Performance
1998-06-06,34,Big Time,Trace Adkins,41,5,Gains In Performance
1998-06-06,35,Things Change,Dwight Yoakam,42,6,Gains In Performance
1998-06-06,36,I Already Do,Chely Wright,39,11,
1998-06-06,37,Just To Hear You Say That You Love Me,Faith Hill With Tim McGraw,55,2,Gains In Performance
1998-06-06,38,Stepping Stone,Lari White,44,4,Gains In Performance
1998-06-06,39,Somebody To Love,Suzy Bogguss,43,9,Gains In Performance
1998-06-06,40,Love Working On You,John Michael Montgomery,35,13,
1998-06-06,41,To Have You Back Again,Patty Loveless,38,19,
1998-06-06,42,I Saw The Light,Hal Ketchum,37,15,
1998-06-06,43,I'm Alright,Jo Dee Messina,51,3,Gains In Performance
1998-06-06,44,Ordinary People,Clay Walker,46,6,Gains In Performance
1998-06-06,45,Bad Day To Let You Go,Bryan White,36,9,
1998-06-06,46,Always Will,Wynonna,45,7,
1998-06-06,47,No End To This Road,Restless Heart,48,4,Gains In Performance
1998-06-06,48,If You Ever Have Forever In Mind,Vince Gill,61,2,Gains In Performance
1998-06-06,49,Double Wide Paradise,Toby Keith,54,3,Gains In Performance
1998-06-06,50,Dance In The Boat,The Kinleys,53,6,Gains In Performance
1998-06-06,51,Wonderful Tonight,David Kersh,52,12,Gains In Performance
1998-06-06,52,You're Gone,Diamond Rio,65,2,Gains In Performance
1998-06-06,53,Why'd You Start Lookin' So Good,Monty Holmes,57,4,Gains In Performance
1998-06-06,54,That's Where You're Wrong,Daryle Singletary,49,10,
1998-06-06,55,This Small Divide,Jason Sellers Featuring Martina McBride,58,5,Gains In Performance
1998-06-06,56,Cover You In Kisses,John Michael Montgomery,68,2,Gains In Performance
1998-06-06,57,When The Bartender Cries,Michael Peterson,67,2,Gains In Performance
1998-06-06,58,High On Love,Patty Loveless,NEW,1,Highest ranking debut|Gains In Performance
1998-06-06,59,I Wanna Remember This,Linda Davis,64,4,Gains In Performance
1998-06-06,60,When The Wrong One Loves You Right,Wade Hayes,50,9,
1998-06-13,1,I Just Want To Dance With You,George Strait,1,9,Gains In Performance
1998-06-13,2,One Of These Days,Tim McGraw,4,14,Gains In Performance
1998-06-13,3,I Do [Cherish You],Mark Wills,6,16,Gains In Performance
1998-06-13,4,If You See Him/If You See Her,Reba/Brooks & Dunn,7,7,Gains In Performance
1998-06-13,5,Commitment,LeAnn Rimes,8,12,Gains In Performance
1998-06-13,6,Holes In The Floor Of Heaven,Steve Wariner,2,15,
1998-06-13,7,I'm From The Country,Tracy Byrd,3,19,
1998-06-13,8,That's Why I'm Here,Kenny Chesney,10,15,Gains In Performance
1998-06-13,9,This Kiss,Faith Hill,5,16,
1998-06-13,10,The Shoes You're Wearing,Clint Black,11,10,Gains In Performance
1998-06-13,11,It Would Be You,Gary Allan,12,18,Gains In Performance
1998-06-13,12,I Can Still Feel You,Collin Raye,17,8,Gains In Performance
1998-06-13,13,Now That I Found You,Terri Clark,16,11,Gains In Performance
1998-06-13,14,Say When,Lonestar,13,20,Gains In Performance
1998-06-13,15,A Man Holdin' On (To A Woman Lettin' Go),Ty Herndon,19,12,Gains In Performance
1998-06-13,16,From This Moment On,Shania Twain,20,22,Gains In Performance
1998-06-13,17,To Make You Feel My Love,Garth Brooks,21,5,Gains In Performance
1998-06-13,18,There Goes My Baby,Trisha Yearwood,22,6,Gains In Performance
1998-06-13,19,I Might Even Quit Lovin' You,Mark Chesnutt,18,14,Gains In Performance
1998-06-13,20,Texas Size Heartache,Joe Diffie,23,11,Gains In Performance
1998-06-13,21,There's Your Trouble,Dixie Chicks,25,10,Gains In Performance
1998-06-13,22,Bye Bye,Jo Dee Messina,15,22,
1998-06-13,23,Two Pina Coladas,Garth Brooks,14,26,
1998-06-13,24,Out Of My Bones,Randy Travis,9,15,
1998-06-13,25,Papa Bear,Keith Harling,27,15,Gains In Performance
1998-06-13,26,Happy Girl,Martina McBride,31,8,Gains In Performance
1998-06-13,27,Buckaroo,Lee Ann Womack,29,11,
1998-06-13,28,Then What?,Clay Walker,30,26,
1998-06-13,29,You're Still The One,Shania Twain,28,21,
1998-06-13,30,Matches,Sammy Kershaw,24,14,
1998-06-13,31,Dream Walkin',Toby Keith,26,20,
1998-06-13,32,Just To Hear You Say That You Love Me,Faith Hill With Tim McGraw,37,3,Gains In Performance
1998-06-13,33,I Said A Prayer,Pam Tillis,33,5,Gains In Performance
1998-06-13,34,Things Change,Dwight Yoakam,35,7,Gains In Performance
1998-06-13,35,Big Time,Trace Adkins,34,6,Gains In Performance
1998-06-13,36,Too Good To Be True,Michael Peterson,32,20,
1998-06-13,37,If You Ever Have Forever In Mind,Vince Gill,48,3,Gains In Performance
1998-06-13,38,I Already Do,Chely Wright,36,12,Gains In Performance
1998-06-13,39,Stepping Stone,Lari White,38,5,Gains In Performance
1998-06-13,40,I'm Alright,Jo Dee Messina,43,4,Gains In Performance
1998-06-13,41,Somebody To Love,Suzy Bogguss,39,10,Gains In Performance
1998-06-13,42,Love Working On You,John Michael Montgomery,40,14,
1998-06-13,43,Ordinary People,Clay Walker,44,7,Gains In Performance
1998-06-13,44,No End To This Road,Restless Heart,47,5,Gains In Performance
1998-06-13,45,Double Wide Paradise,Toby Keith,49,4,Gains In Performance
1998-06-13,46,Always Will,Wynonna,46,8,
1998-06-13,47,To Have You Back Again,Patty Loveless,41,20,
1998-06-13,48,You're Gone,Diamond Rio,52,3,Gains In Performance
1998-06-13,49,Cover You In Kisses,John Michael Montgomery,56,3,Gains In Performance
1998-06-13,50,Dance In The Boat,The Kinleys,50,7,Gains In Performance
1998-06-13,51,Wonderful Tonight,David Kersh,51,13,Gains In Performance
1998-06-13,52,High On Love,Patty Loveless,58,2,Gains In Performance
1998-06-13,53,I Saw The Light,Hal Ketchum,42,16,
1998-06-13,54,Why'd You Start Lookin' So Good,Monty Holmes,53,5,Gains In Performance
1998-06-13,55,When The Bartender Cries,Michael Peterson,57,3,Gains In Performance
1998-06-13,56,I Wanna Remember This,Linda Davis,59,5,Gains In Performance
1998-06-13,57,Bad Day To Let You Go,Bryan White,45,10,
1998-06-13,58,The Strong One,Mila Mason,61,4,Gains In Performance
1998-06-13,59,This Small Divide,Jason Sellers Featuring Martina McBride,55,6,
1998-06-13,60,The Other Side Of This Kiss,Mindy McCready,63,2,Gains In Performance
1998-06-20,1,I Just Want To Dance With You,George Strait,1,10,
1998-06-20,2,I Do [Cherish You],Mark Wills,3,17,Gains In Performance
1998-06-20,3,If You See Him/If You See Her,Reba/Brooks & Dunn,4,8,Gains In Performance
1998-06-20,4,One Of These Days,Tim McGraw,2,15,
1998-06-20,5,Commitment,LeAnn Rimes,5,13,Gains In Performance
1998-06-20,6,That's Why I'm Here,Kenny Chesney,8,16,Gains In Performance
1998-06-20,7,The Shoes You're Wearing,Clint Black,10,11,Gains In Performance
1998-06-20,8,It Would Be You,Gary Allan,11,19,Gains In Performance
1998-06-20,9,Holes In The Floor Of Heaven,Steve Wariner,6,16,
1998-06-20,10,I'm From The Country,Tracy Byrd,7,20,
1998-06-20,11,I Can Still Feel You,Collin Raye,12,9,Gains In Performance
1998-06-20,12,This Kiss,Faith Hill,9,17,
1998-06-20,13,Now That I Found You,Terri Clark,13,12,Gains In Performance
1998-06-20,14,To Make You Feel My Love,Garth Brooks,17,6,Gains In Performance
1998-06-20,15,A Man Holdin' On (To A Woman Lettin' Go),Ty Herndon,15,13,Gains In Performance
1998-06-20,16,There Goes My Baby,Trisha Yearwood,18,7,Gains In Performance
1998-06-20,17,From This Moment On,Shania Twain,16,23,Gains In Performance
1998-06-20,18,There's Your Trouble,Dixie Chicks,21,11,Gains In Performance
1998-06-20,19,Texas Size Heartache,Joe Diffie,20,12,Gains In Performance
1998-06-20,20,I Might Even Quit Lovin' You,Mark Chesnutt,19,15,
1998-06-20,21,Happy Girl,Martina McBride,26,9,Gains In Performance
1998-06-20,22,Say When,Lonestar,14,21,
1998-06-20,23,Bye Bye,Jo Dee Messina,22,23,
1998-06-20,24,Papa Bear,Keith Harling,25,16,Gains In Performance
1998-06-20,25,Just To Hear You Say That You Love Me,Faith Hill With Tim McGraw,32,4,Gains In Performance
1998-06-20,26,Two Pina Coladas,Garth Brooks,23,27,
1998-06-20,27,You're Still The One,Shania Twain,29,22,
1998-06-20,28,I Said A Prayer,Pam Tillis,33,6,Gains In Performance
1998-06-20,29,Then What?,Clay Walker,28,27,
1998-06-20,30,If You Ever Have Forever In Mind,Vince Gill,37,4,Gains In Performance
1998-06-20,31,Buckaroo,Lee Ann Womack,27,12,
1998-06-20,32,Out Of My Bones,Randy Travis,24,16,
1998-06-20,33,Things Change,Dwight Yoakam,34,8,Gains In Performance
1998-06-20,34,Big Time,Trace Adkins,35,7,Gains In Performance
1998-06-20,35,I'm Alright,Jo Dee Messina,40,5,Gains In Performance
1998-06-20,36,Stepping Stone,Lari White,39,6,Gains In Performance
1998-06-20,37,Somebody To Love,Suzy Bogguss,41,11,Gains In Performance
1998-06-20,38,I Already Do,Chely Wright,38,13,
1998-06-20,39,Ordinary People,Clay Walker,43,8,Gains In Performance
1998-06-20,40,Double Wide Paradise,Toby Keith,45,5,Gains In Performance
1998-06-20,41,Cover You In Kisses,John Michael Montgomery,49,4,Gains In Performance
1998-06-20,42,No End To This Road,Restless Heart,44,6,Gains In Performance
1998-06-20,43,You're Gone,Diamond Rio,48,4,Gains In Performance
1998-06-20,44,Love Working On You,John Michael Montgomery,42,15,
1998-06-20,45,High On Love,Patty Loveless,52,3,Gains In Performance
1998-06-20,46,Matches,Sammy Kershaw,30,15,
1998-06-20,47,Wonderful Tonight,David Kersh,51,14,Gains In Performance
1998-06-20,48,Why'd You Start Lookin' So Good,Monty Holmes,54,6,Gains In Performance
1998-06-20,49,Dance In The Boat,The Kinleys,50,8,
1998-06-20,50,When The Bartender Cries,Michael Peterson,55,4,Gains In Performance
1998-06-20,51,I Wanna Remember This,Linda Davis,56,6,Gains In Performance
1998-06-20,52,The Hole,Randy Travis,72,2,Gains In Performance
1998-06-20,53,The Other Side Of This Kiss,Mindy McCready,60,3,Gains In Performance
1998-06-20,54,26 Cents,The Wilkinsons,75,2,Gains In Performance
1998-06-20,55,Always Will,Wynonna,46,9,
1998-06-20,56,True,George Strait,64,4,Gains In Performance
1998-06-20,57,The Strong One,Mila Mason,58,5,Gains In Performance
1998-06-20,58,Used To The Pain,Mark Nesler,62,3,Gains In Performance
1998-06-20,59,I Saw The Light,Hal Ketchum,53,17,
1998-06-20,60,How Do I Let Go,Lisa Brokop,61,5,Gains In Performance
1998-06-27,1,If You See Him/If You See Her,Reba/Brooks & Dunn,3,9,Gains In Performance
1998-06-27,2,I Do [Cherish You],Mark Wills,2,18,Gains In Performance
1998-06-27,3,I Just Want To Dance With You,George Strait,1,11,
1998-06-27,4,Commitment,LeAnn Rimes,5,14,Gains In Performance
1998-06-27,5,The Shoes You're Wearing,Clint Black,7,12,Gains In Performance
1998-06-27,6,That's Why I'm Here,Kenny Chesney,6,17,Gains In Performance
1998-06-27,7,It Would Be You,Gary Allan,8,20,Gains In Performance
1998-06-27,8,I Can Still Feel You,Collin Raye,11,10,Gains In Performance
1998-06-27,9,One Of These Days,Tim McGraw,4,16,
1998-06-27,10,A Man Holdin' On (To A Woman Lettin' Go),Ty Herndon,15,14,Gains In Performance
1998-06-27,11,Now That I Found You,Terri Clark,13,13,Gains In Performance
1998-06-27,12,To Make You Feel My Love,Garth Brooks,14,7,Gains In Performance
1998-06-27,13,From This Moment On,Shania Twain,17,24,Gains In Performance
1998-06-27,14,There's Your Trouble,Dixie Chicks,18,12,Gains In Performance
1998-06-27,15,There Goes My Baby,Trisha Yearwood,16,8,Gains In Performance
1998-06-27,16,I'm From The Country,Tracy Byrd,10,21,
1998-06-27,17,Texas Size Heartache,Joe Diffie,19,13,Gains In Performance
1998-06-27,18,Holes In The Floor Of Heaven,Steve Wariner,9,17,
1998-06-27,19,Happy Girl,Martina McBride,21,10,Gains In Performance
1998-06-27,20,Just To Hear You Say That You Love Me,Faith Hill With Tim McGraw,25,5,Gains In Performance
1998-06-27,21,This Kiss,Faith Hill,12,18,
1998-06-27,22,If You Ever Have Forever In Mind,Vince Gill,30,5,Gains In Performance
1998-06-27,23,I Said A Prayer,Pam Tillis,28,7,Gains In Performance
1998-06-27,24,I Might Even Quit Lovin' You,Mark Chesnutt,20,16,
1998-06-27,25,Things Change,Dwight Yoakam,33,9,Gains In Performance
1998-06-27,26,Bye Bye,Jo Dee Messina,23,24,
1998-06-27,27,Papa Bear,Keith Harling,24,17,
1998-06-27,28,I'm Alright,Jo Dee Messina,35,6,Gains In Performance
1998-06-27,29,You're Still The One,Shania Twain,27,23,Gains In Performance
1998-06-27,30,Two Pina Coladas,Garth Brooks,26,28,
1998-06-27,31,Big Time,Trace Adkins,34,8,Gains In Performance
1998-06-27,32,Out Of My Bones,Randy Travis,32,17,
1998-06-27,33,Stepping Stone,Lari White,36,7,Gains In Performance
1998-06-27,34,Cover You In Kisses,John Michael Montgomery,41,5,Gains In Performance
1998-06-27,35,Somebody To Love,Suzy Bogguss,37,12,Gains In Performance
1998-06-27,36,Ordinary People,Clay Walker,39,9,Gains In Performance
1998-06-27,37,The Hole,Randy Travis,52,3,Gains In Performance
1998-06-27,38,You're Gone,Diamond Rio,43,5,Gains In Performance
1998-06-27,39,No End To This Road,Restless Heart,42,7,Gains In Performance
1998-06-27,40,Double Wide Paradise,Toby Keith,40,6,Gains In Performance
1998-06-27,41,High On Love,Patty Loveless,45,4,Gains In Performance
1998-06-27,42,Buckaroo,Lee Ann Womack,31,13,
1998-06-27,43,26 Cents,The Wilkinsons,54,3,Gains In Performance
1998-06-27,44,I Already Do,Chely Wright,38,14,
1998-06-27,45,Wonderful Tonight,David Kersh,47,15,Gains In Performance
1998-06-27,46,Why'd You Start Lookin' So Good,Monty Holmes,48,7,Gains In Performance
1998-06-27,47,When The Bartender Cries,Michael Peterson,50,5,Gains In Performance
1998-06-27,48,Love Working On You,John Michael Montgomery,44,16,
1998-06-27,49,I Wanna Remember This,Linda Davis,51,7,Gains In Performance
1998-06-27,50,The Other Side Of This Kiss,Mindy McCready,53,4,Gains In Performance
1998-06-27,51,True,George Strait,56,5,Gains In Performance
1998-06-27,52,Gone Out Of My Mind,Doug Stone,61,2,Gains In Performance
1998-06-27,53,Used To The Pain,Mark Nesler,58,4,Gains In Performance
1998-06-27,54,Matches,Sammy Kershaw,46,16,
1998-06-27,55,A Fool's Progress,Clint Daniels,64,3,Gains In Performance
1998-06-27,56,Dance In The Boat,The Kinleys,49,9,
1998-06-27,57,I Wanna Feel That Way Again,Tracy Byrd,75,2,Gains In Performance
1998-06-27,58,Gonna Have To Fall,Shane Stockton,NEW,1,Highest ranking debut|Gains In Performance
1998-06-27,59,How Do I Let Go,Lisa Brokop,60,6,
1998-06-27,60,The Strong One,Mila Mason,57,6,
1998-07-04,1,If You See Him/If You See Her,Reba/Brooks & Dunn,1,10,
1998-07-04,2,The Shoes You're Wearing,Clint Black,5,13,Gains In Performance
1998-07-04,3,That's Why I'm Here,Kenny Chesney,6,18,Gains In Performance
1998-07-04,4,I Just Want To Dance With You,George Strait,3,12,
1998-07-04,5,Commitment,LeAnn Rimes,4,15,
1998-07-04,6,I Can Still Feel You,Collin Raye,8,11,Gains In Performance
1998-07-04,7,I Do [Cherish You],Mark Wills,2,19,
1998-07-04,8,It Would Be You,Gary Allan,7,21,Gains In Performance
1998-07-04,9,A Man Holdin' On (To A Woman Lettin' Go),Ty Herndon,10,15,Gains In Performance
1998-07-04,10,Now That I Found You,Terri Clark,11,14,Gains In Performance
1998-07-04,11,To Make You Feel My Love,Garth Brooks,12,8,Gains In Performance
1998-07-04,12,There Goes My Baby,Trisha Yearwood,15,9,Gains In Performance
1998-07-04,13,From This Moment On,Shania Twain,13,25,Gains In Performance
1998-07-04,14,There's Your Trouble,Dixie Chicks,14,13,Gains In Performance
1998-07-04,15,Texas Size Heartache,Joe Diffie,17,14,Gains In Performance
1998-07-04,16,One Of These Days,Tim McGraw,9,17,
1998-07-04,17,Just To Hear You Say That You Love Me,Faith Hill With Tim McGraw,20,6,Gains In Performance
1998-07-04,18,Happy Girl,Martina McBride,19,11,Gains In Performance
1998-07-04,19,If You Ever Have Forever In Mind,Vince Gill,22,6,Gains In Performance
1998-07-04,20,I Said A Prayer,Pam Tillis,23,8,Gains In Performance
1998-07-04,21,I'm From The Country,Tracy Byrd,16,22,
1998-07-04,22,This Kiss,Faith Hill,21,19,
1998-07-04,23,Things Change,Dwight Yoakam,25,10,Gains In Performance
1998-07-04,24,I'm Alright,Jo Dee Messina,28,7,Gains In Performance
1998-07-04,25,Holes In The Floor Of Heaven,Steve Wariner,18,18,
1998-07-04,26,Bye Bye,Jo Dee Messina,26,25,
1998-07-04,27,Big Time,Trace Adkins,31,9,Gains In Performance
1998-07-04,28,Stepping Stone,Lari White,33,8,Gains In Performance
1998-07-04,29,Cover You In Kisses,John Michael Montgomery,34,6,Gains In Performance
1998-07-04,30,You're Still The One,Shania Twain,29,24,
1998-07-04,31,The Hole,Randy Travis,37,4,Gains In Performance
1998-07-04,32,Out Of My Bones,Randy Travis,32,18,Gains In Performance
1998-07-04,33,Somebody To Love,Suzy Bogguss,35,13,Gains In Performance
1998-07-04,34,26 Cents,The Wilkinsons,43,4,Gains In Performance
1998-07-04,35,Ordinary People,Clay Walker,36,10,Gains In Performance
1998-07-04,36,You're Gone,Diamond Rio,38,6,Gains In Performance
1998-07-04,37,High On Love,Patty Loveless,41,5,Gains In Performance
1998-07-04,38,I Might Even Quit Lovin' You,Mark Chesnutt,24,17,
1998-07-04,39,No End To This Road,Restless Heart,39,8,Gains In Performance
1998-07-04,40,Papa Bear,Keith Harling,27,18,
1998-07-04,41,True,George Strait,51,6,Gains In Performance
1998-07-04,42,Wonderful Tonight,David Kersh,45,16,Gains In Performance
1998-07-04,43,Double Wide Paradise,Toby Keith,40,7,
1998-07-04,44,When The Bartender Cries,Michael Peterson,47,6,Gains In Performance
1998-07-04,45,Why'd You Start Lookin' So Good,Monty Holmes,46,8,Gains In Performance
1998-07-04,46,The Other Side Of This Kiss,Mindy McCready,50,5,Gains In Performance
1998-07-04,47,I Wanna Remember This,Linda Davis,49,8,Gains In Performance
1998-07-04,48,Gone Out Of My Mind,Doug Stone,52,3,Gains In Performance
1998-07-04,49,Buckaroo,Lee Ann Womack,42,14,
1998-07-04,50,Love Working On You,John Michael Montgomery,48,17,
1998-07-04,51,I Wanna Feel That Way Again,Tracy Byrd,57,3,Gains In Performance
1998-07-04,52,I Already Do,Chely Wright,44,15,
1998-07-04,53,Used To The Pain,Mark Nesler,53,5,Gains In Performance
1998-07-04,54,A Fool's Progress,Clint Daniels,55,4,Gains In Performance
1998-07-04,55,Gonna Have To Fall,Shane Stockton,58,2,Gains In Performance
1998-07-04,56,Road Trippin',Steve Wariner,61,2,Gains In Performance
1998-07-04,57,Honky Tonk America,Sammy Kershaw,73,2,Gains In Performance
1998-07-04,58,Cryin' Game,Sara Evans,67,3,Gains In Performance
1998-07-04,59,Love Happens Like That,Neal McCoy,69,2,Gains In Performance
1998-07-04,60,The Devil Went Down To Georgia,The Charlie Daniels Band,64,3,Gains In Performance
1998-07-11,1,The Shoes You're Wearing,Clint Black,2,14,Gains In Performance
1998-07-11,2,That's Why I'm Here,Kenny Chesney,3,19,Gains In Performance
1998-07-11,3,I Can Still Feel You,Collin Raye,6,12,Gains In Performance
1998-07-11,4,If You See Him/If You See Her,Reba/Brooks & Dunn,1,11,
1998-07-11,5,A Man Holdin' On (To A Woman Lettin' Go),Ty Herndon,9,16,Gains In Performance
1998-07-11,6,Now That I Found You,Terri Clark,10,15,Gains In Performance
1998-07-11,7,There Goes My Baby,Trisha Yearwood,12,10,Gains In Performance
1998-07-11,8,To Make You Feel My Love,Garth Brooks,11,9,Gains In Performance
1998-07-11,9,I Just Want To Dance With You,George Strait,4,13,
1998-07-11,10,From This Moment On,Shania Twain,13,26,Gains In Performance
1998-07-11,11,There's Your Trouble,Dixie Chicks,14,14,Gains In Performance
1998-07-11,12,I Do [Cherish You],Mark Wills,7,20,
1998-07-11,13,It Would Be You,Gary Allan,8,22,
1998-07-11,14,Happy Girl,Martina McBride,18,12,Gains In Performance
1998-07-11,15,Commitment,LeAnn Rimes,5,16,
1998-07-11,16,Just To Hear You Say That You Love Me,Faith Hill With Tim McGraw,17,7,Gains In Performance
1998-07-11,17,Texas Size Heartache,Joe Diffie,15,15,Gains In Performance
1998-07-11,18,If You Ever Have Forever In Mind,Vince Gill,19,7,Gains In Performance
1998-07-11,19,I Said A Prayer,Pam Tillis,20,9,Gains In Performance
1998-07-11,20,I'm Alright,Jo Dee Messina,24,8,Gains In Performance
1998-07-11,21,Things Change,Dwight Yoakam,23,11,Gains In Performance
1998-07-11,22,This Kiss,Faith Hill,22,20,
1998-07-11,23,I'm From The Country,Tracy Byrd,21,23,
1998-07-11,24,One Of These Days,Tim McGraw,16,18,
1998-07-11,25,Cover You In Kisses,John Michael Montgomery,29,7,Gains In Performance
1998-07-11,26,The Hole,Randy Travis,31,5,Gains In Performance
1998-07-11,27,Stepping Stone,Lari White,28,9,Gains In Performance
1998-07-11,28,Big Time,Trace Adkins,27,10,Gains In Performance
1998-07-11,29,Holes In The Floor Of Heaven,Steve Wariner,25,19,
1998-07-11,30,Bye Bye,Jo Dee Messina,26,26,
1998-07-11,31,True,George Strait,41,7,Gains In Performance
1998-07-11,32,26 Cents,The Wilkinsons,34,5,Gains In Performance
1998-07-11,33,Somebody To Love,Suzy Bogguss,33,14,Gains In Performance
1998-07-11,34,You're Gone,Diamond Rio,36,7,Gains In Performance
1998-07-11,35,Out Of My Bones,Randy Travis,32,19,
1998-07-11,36,High On Love,Patty Loveless,37,6,Gains In Performance
1998-07-11,37,Ordinary People,Clay Walker,35,11,Gains In Performance
1998-07-11,38,No End To This Road,Restless Heart,39,9,Gains In Performance
1998-07-11,39,Wonderful Tonight,David Kersh,42,17,Gains In Performance
1998-07-11,40,When The Bartender Cries,Michael Peterson,44,7,Gains In Performance
1998-07-11,41,The Other Side Of This Kiss,Mindy McCready,46,6,Gains In Performance
1998-07-11,42,I Wanna Remember This,Linda Davis,47,9,Gains In Performance
1998-07-11,43,Why'd You Start Lookin' So Good,Monty Holmes,45,9,
1998-07-11,44,I Might Even Quit Lovin' You,Mark Chesnutt,38,18,
1998-07-11,45,Papa Bear,Keith Harling,40,19,
1998-07-11,46,I Wanna Feel That Way Again,Tracy Byrd,51,4,Gains In Performance
1998-07-11,47,How Long Gone,Brooks & Dunn,70,2,Gains In Performance
1998-07-11,48,Gone Out Of My Mind,Doug Stone,48,4,Gains In Performance
1998-07-11,49,Used To The Pain,Mark Nesler,53,6,Gains In Performance
1998-07-11,50,Honky Tonk America,Sammy Kershaw,57,3,Gains In Performance
1998-07-11,51,A Fool's Progress,Clint Daniels,54,5,Gains In Performance
1998-07-11,52,Gonna Have To Fall,Shane Stockton,55,3,Gains In Performance
1998-07-11,53,Double Wide Paradise,Toby Keith,43,8,
1998-07-11,54,Love Working On You,John Michael Montgomery,50,18,
1998-07-11,55,Road Trippin',Steve Wariner,56,3,Gains In Performance
1998-07-11,56,Everything's Changed,Lonestar,73,2,Gains In Performance
1998-07-11,57,Love Happens Like That,Neal McCoy,59,3,Gains In Performance
1998-07-11,58,How Do You Sleep At Night,Wade Hayes,62,2,Gains In Performance
1998-07-11,59,Cryin' Game,Sara Evans,58,4,Gains In Performance
1998-07-11,60,Buckaroo,Lee Ann Womack,49,15,
1998-07-18,1,I Can Still Feel You,Collin Raye,3,13,Gains In Performance
1998-07-18,2,The Shoes You're Wearing,Clint Black,1,15,
1998-07-18,3,That's Why I'm Here,Kenny Chesney,2,20,
1998-07-18,4,Now That I Found You,Terri Clark,6,16,Gains In Performance
1998-07-18,5,There Goes My Baby,Trisha Yearwood,7,11,Gains In Performance
1998-07-18,6,A Man Holdin' On (To A Woman Lettin' Go),Ty Herndon,5,17,Gains In Performance
1998-07-18,7,To Make You Feel My Love,Garth Brooks,8,10,Gains In Performance
1998-07-18,8,From This Moment On,Shania Twain,10,27,Gains In Performance
1998-07-18,9,There's Your Trouble,Dixie Chicks,11,15,Gains In Performance
1998-07-18,10,If You See Him/If You See Her,Reba/Brooks & Dunn,4,12,
1998-07-18,11,Just To Hear You Say That You Love Me,Faith Hill With Tim McGraw,16,8,Gains In Performance
1998-07-18,12,Happy Girl,Martina McBride,14,13,Gains In Performance
1998-07-18,13,I Just Want To Dance With You,George Strait,9,14,
1998-07-18,14,Texas Size Heartache,Joe Diffie,17,16,Gains In Performance
1998-07-18,15,I'm Alright,Jo Dee Messina,20,9,Gains In Performance
1998-07-18,16,If You Ever Have Forever In Mind,Vince Gill,18,8,Gains In Performance
1998-07-18,17,I Said A Prayer,Pam Tillis,19,10,Gains In Performance
1998-07-18,18,I Do [Cherish You],Mark Wills,12,21,
1998-07-18,19,Things Change,Dwight Yoakam,21,12,Gains In Performance
1998-07-18,20,Cover You In Kisses,John Michael Montgomery,25,8,Gains In Performance
1998-07-18,21,The Hole,Randy Travis,26,6,Gains In Performance
1998-07-18,22,True,George Strait,31,8,Gains In Performance
1998-07-18,23,Commitment,LeAnn Rimes,15,17,
1998-07-18,24,Stepping Stone,Lari White,27,10,Gains In Performance
1998-07-18,25,It Would Be You,Gary Allan,13,23,
1998-07-18,26,I'm From The Country,Tracy Byrd,23,24,
1998-07-18,27,Big Time,Trace Adkins,28,11,Gains In Performance
1998-07-18,28,This Kiss,Faith Hill,22,21,
1998-07-18,29,26 Cents,The Wilkinsons,32,6,Gains In Performance
1998-07-18,30,Bye Bye,Jo Dee Messina,30,27,
1998-07-18,31,One Of These Days,Tim McGraw,24,19,
1998-07-18,32,Holes In The Floor Of Heaven,Steve Wariner,29,20,
1998-07-18,33,You're Gone,Diamond Rio,34,8,Gains In Performance
1998-07-18,34,Somebody To Love,Suzy Bogguss,33,15,Gains In Performance
1998-07-18,35,High On Love,Patty Loveless,36,7,Gains In Performance
1998-07-18,36,Ordinary People,Clay Walker,37,12,Gains In Performance
1998-07-18,37,Out Of My Bones,Randy Travis,35,20,
1998-07-18,38,How Long Gone,Brooks & Dunn,47,3,Gains In Performance
1998-07-18,39,No End To This Road,Restless Heart,38,10,Gains In Performance
1998-07-18,40,Wonderful Tonight,David Kersh,39,18,Gains In Performance
1998-07-18,41,When The Bartender Cries,Michael Peterson,40,8,Gains In Performance
1998-07-18,42,I Wanna Remember This,Linda Davis,42,10,Gains In Performance
1998-07-18,43,The Other Side Of This Kiss,Mindy McCready,41,7,Gains In Performance
1998-07-18,44,Honky Tonk America,Sammy Kershaw,50,4,Gains In Performance
1998-07-18,45,Why'd You Start Lookin' So Good,Monty Holmes,43,10,Gains In Performance
1998-07-18,46,I Wanna Feel That Way Again,Tracy Byrd,46,5,Gains In Performance
1998-07-18,47,Used To The Pain,Mark Nesler,49,7,Gains In Performance
1998-07-18,48,Gone Out Of My Mind,Doug Stone,48,5,Gains In Performance
1998-07-18,49,A Fool's Progress,Clint Daniels,51,6,Gains In Performance
1998-07-18,50,How Do You Sleep At Night,Wade Hayes,58,3,Gains In Performance
1998-07-18,51,Love Happens Like That,Neal McCoy,57,4,Gains In Performance
1998-07-18,52,Everything's Changed,Lonestar,56,3,Gains In Performance
1998-07-18,53,Gonna Have To Fall,Shane Stockton,52,4,Gains In Performance
1998-07-18,54,I Might Even Quit Lovin' You,Mark Chesnutt,44,19,
1998-07-18,55,Papa Bear,Keith Harling,45,20,
1998-07-18,56,Love Working On You,John Michael Montgomery,54,19,
1998-07-18,57,Real Man,Billy Dean,64,3,Gains In Performance
1998-07-18,58,Cryin' Game,Sara Evans,59,5,Gains In Performance
1998-07-18,59,I Fell,Brady Seals,62,5,Gains In Performance
1998-07-18,60,Heaven Bound,Shana Petrone,66,4,Gains In Performance
1998-07-25,1,I Can Still Feel You,Collin Raye,1,14,
1998-07-25,2,Now That I Found You,Terri Clark,4,17,Gains In Performance
1998-07-25,3,To Make You Feel My Love,Garth Brooks,7,11,Gains In Performance
1998-07-25,4,There's Your Trouble,Dixie Chicks,9,16,Gains In Performance
1998-07-25,5,There Goes My Baby,Trisha Yearwood,5,12,Gains In Performance
1998-07-25,6,From This Moment On,Shania Twain,8,28,Gains In Performance
1998-07-25,7,A Man Holdin' On (To A Woman Lettin' Go),Ty Herndon,6,18,
1998-07-25,8,Happy Girl,Martina McBride,12,14,Gains In Performance
1998-07-25,9,Just To Hear You Say That You Love Me,Faith Hill With Tim McGraw,11,9,Gains In Performance
1998-07-25,10,The Shoes You're Wearing,Clint Black,2,16,
1998-07-25,11,That's Why I'm Here,Kenny Chesney,3,21,
1998-07-25,12,Texas Size Heartache,Joe Diffie,14,17,Gains In Performance
1998-07-25,13,I'm Alright,Jo Dee Messina,15,10,Gains In Performance
1998-07-25,14,I Said A Prayer,Pam Tillis,17,11,Gains In Performance
1998-07-25,15,True,George Strait,22,9,Gains In Performance
1998-07-25,16,If You Ever Have Forever In Mind,Vince Gill,16,9,Gains In Performance
1998-07-25,17,Things Change,Dwight Yoakam,19,13,Gains In Performance
1998-07-25,18,The Hole,Randy Travis,21,7,Gains In Performance
1998-07-25,19,I Just Want To Dance With You,George Strait,13,15,
1998-07-25,20,If You See Him/If You See Her,Reba/Brooks & Dunn,10,13,
1998-07-25,21,Cover You In Kisses,John Michael Montgomery,20,9,Gains In Performance
1998-07-25,22,Stepping Stone,Lari White,24,11,Gains In Performance
1998-07-25,23,26 Cents,The Wilkinsons,29,7,Gains In Performance
1998-07-25,24,I Do [Cherish You],Mark Wills,18,22,
1998-07-25,25,How Long Gone,Brooks & Dunn,38,4,Gains In Performance
1998-07-25,26,This Kiss,Faith Hill,28,22,
1998-07-25,27,Commitment,LeAnn Rimes,23,18,
1998-07-25,28,I'm From The Country,Tracy Byrd,26,25,
1998-07-25,29,Bye Bye,Jo Dee Messina,30,28,
1998-07-25,30,Holes In The Floor Of Heaven,Steve Wariner,32,21,
1998-07-25,31,One Of These Days,Tim McGraw,31,20,
1998-07-25,32,High On Love,Patty Loveless,35,8,Gains In Performance
1998-07-25,33,You're Gone,Diamond Rio,33,9,
1998-07-25,34,Somebody To Love,Suzy Bogguss,34,16,Gains In Performance
1998-07-25,35,Ordinary People,Clay Walker,36,13,Gains In Performance
1998-07-25,36,Big Time,Trace Adkins,27,12,
1998-07-25,37,No End To This Road,Restless Heart,39,11,Gains In Performance
1998-07-25,38,Wonderful Tonight,David Kersh,40,19,Gains In Performance
1998-07-25,39,When The Bartender Cries,Michael Peterson,41,9,Gains In Performance
1998-07-25,40,I Wanna Remember This,Linda Davis,42,11,Gains In Performance
1998-07-25,41,The Other Side Of This Kiss,Mindy McCready,43,8,Gains In Performance
1998-07-25,42,Honky Tonk America,Sammy Kershaw,44,5,Gains In Performance
1998-07-25,43,Everything's Changed,Lonestar,52,4,Gains In Performance
1998-07-25,44,I Wanna Feel That Way Again,Tracy Byrd,46,6,Gains In Performance
1998-07-25,45,Love Happens Like That,Neal McCoy,51,5,Gains In Performance
1998-07-25,46,How Do You Sleep At Night,Wade Hayes,50,4,Gains In Performance
1998-07-25,47,Used To The Pain,Mark Nesler,47,8,Gains In Performance
1998-07-25,48,A Fool's Progress,Clint Daniels,49,7,Gains In Performance
1998-07-25,49,Why'd You Start Lookin' So Good,Monty Holmes,45,11,
1998-07-25,50,Don't Laugh At Me,Mark Wills,69,2,Gains In Performance
1998-07-25,51,Gonna Have To Fall,Shane Stockton,53,5,Gains In Performance
1998-07-25,52,Gone Out Of My Mind,Doug Stone,48,6,
1998-07-25,53,Burnin' The Roadhouse Down,Steve Wariner With Garth Brooks,73,3,Gains In Performance
1998-07-25,54,Real Man,Billy Dean,57,4,Gains In Performance
1998-07-25,55,Forever Love,Reba,NEW,1,Highest ranking debut|Gains In Performance
1998-07-25,56,I Fell,Brady Seals,59,6,Gains In Performance
1998-07-25,57,Love Working On You,John Michael Montgomery,56,20,
1998-07-25,58,I Might Even Quit Lovin' You,Mark Chesnutt,54,20,
1998-07-25,59,Cryin' Game,Sara Evans,58,6,
1998-07-25,60,You Make It Seem So Easy,The Kinleys,62,3,Gains In Performance
1998-08-01,1,To Make You Feel My Love,Garth Brooks,3,12,Gains In Performance
1998-08-01,2,Now That I Found You,Terri Clark,2,18,Gains In Performance
1998-08-01,3,There's Your Trouble,Dixie Chicks,4,17,Gains In Performance
1998-08-01,4,I Can Still Feel You,Collin Raye,1,15,
1998-08-01,5,There Goes My Baby,Trisha Yearwood,5,13,Gains In Performance
1998-08-01,6,Happy Girl,Martina McBride,8,15,Gains In Performance
1998-08-01,7,From This Moment On,Shania Twain,6,29,Gains In Performance
1998-08-01,8,Just To Hear You Say That You Love Me,Faith Hill With Tim McGraw,9,10,Gains In Performance
1998-08-01,9,I'm Alright,Jo Dee Messina,13,11,Gains In Performance
1998-08-01,10,True,George Strait,15,10,Gains In Performance
1998-08-01,11,Texas Size Heartache,Joe Diffie,12,18,Gains In Performance
1998-08-01,12,If You Ever Have Forever In Mind,Vince Gill,16,10,Gains In Performance
1998-08-01,13,The Hole,Randy Travis,18,8,Gains In Performance
1998-08-01,14,I Said A Prayer,Pam Tillis,14,12,Gains In Performance
1998-08-01,15,A Man Holdin' On (To A Woman Lettin' Go),Ty Herndon,7,19,
1998-08-01,16,Cover You In Kisses,John Michael Montgomery,21,10,Gains In Performance
1998-08-01,17,How Long Gone,Brooks & Dunn,25,5,Gains In Performance
1998-08-01,18,Things Change,Dwight Yoakam,17,14,
1998-08-01,19,I Just Want To Dance With You,George Strait,19,16,
1998-08-01,20,That's Why I'm Here,Kenny Chesney,11,22,
1998-08-01,21,26 Cents,The Wilkinsons,23,8,Gains In Performance
1998-08-01,22,Stepping Stone,Lari White,22,12,Gains In Performance
1998-08-01,23,The Shoes You're Wearing,Clint Black,10,17,
1998-08-01,24,If You See Him/If You See Her,Reba/Brooks & Dunn,20,14,
1998-08-01,25,I Do [Cherish You],Mark Wills,24,23,
1998-08-01,26,This Kiss,Faith Hill,26,23,
1998-08-01,27,You're Gone,Diamond Rio,33,10,Gains In Performance
1998-08-01,28,I'm From The Country,Tracy Byrd,28,26,
1998-08-01,29,Bye Bye,Jo Dee Messina,29,29,
1998-08-01,30,Commitment,LeAnn Rimes,27,19,
1998-08-01,31,High On Love,Patty Loveless,32,9,Gains In Performance
1998-08-01,32,Wonderful Tonight,David Kersh,38,20,Gains In Performance
1998-08-01,33,No End To This Road,Restless Heart,37,12,
1998-08-01,34,Somebody To Love,Suzy Bogguss,34,17,
1998-08-01,35,I'll Go On Loving You,Alan Jackson,NEW,1,Highest ranking debut|Gains In Performance
1998-08-01,36,I Wanna Remember This,Linda Davis,40,12,Gains In Performance
1998-08-01,37,When The Bartender Cries,Michael Peterson,39,10,Gains In Performance
1998-08-01,38,Forever Love,Reba,55,2,Gains In Performance
1998-08-01,39,Everything's Changed,Lonestar,43,5,Gains In Performance
1998-08-01,40,Ordinary People,Clay Walker,35,14,
1998-08-01,41,Don't Laugh At Me,Mark Wills,50,3,Gains In Performance
1998-08-01,42,Honky Tonk America,Sammy Kershaw,42,6,Gains In Performance
1998-08-01,43,The Other Side Of This Kiss,Mindy McCready,41,9,Gains In Performance
1998-08-01,44,Burnin' The Roadhouse Down,Steve Wariner With Garth Brooks,53,4,Gains In Performance
1998-08-01,45,Love Happens Like That,Neal McCoy,45,6,Gains In Performance
1998-08-01,46,I Wanna Feel That Way Again,Tracy Byrd,44,7,Gains In Performance
1998-08-01,47,How Do You Sleep At Night,Wade Hayes,46,5,Gains In Performance
1998-08-01,48,A Fool's Progress,Clint Daniels,48,8,Gains In Performance
1998-08-01,49,Used To The Pain,Mark Nesler,47,9,Gains In Performance
1998-08-01,50,Real Man,Billy Dean,54,5,Gains In Performance
1998-08-01,51,Big Time,Trace Adkins,36,13,
1998-08-01,52,Where The Green Grass Grows,Tim McGraw,61,4,Gains In Performance
1998-08-01,53,Gonna Have To Fall,Shane Stockton,51,6,
1998-08-01,54,Why'd You Start Lookin' So Good,Monty Holmes,49,12,
1998-08-01,55,Nothin' New Under The Moon,LeAnn Rimes,NEW,1,Gains In Performance
1998-08-01,56,Cryin' Game,Sara Evans,59,7,Gains In Performance
1998-08-01,57,How Do You Fall In Love,Alabama,NEW,1,Gains In Performance
1998-08-01,58,I Fell,Brady Seals,56,7,
1998-08-01,59,You Make It Seem So Easy,The Kinleys,60,4,Gains In Performance
1998-08-01,60,My Baby's Lovin',Daryle Singletary,71,3,Gains In Performance
1998-08-08,1,There's Your Trouble,Dixie Chicks,3,18,Gains In Performance
1998-08-08,2,Happy Girl,Martina McBride,6,16,Gains In Performance
1998-08-08,3,To Make You Feel My Love,Garth Brooks,1,13,
1998-08-08,4,There Goes My Baby,Trisha Yearwood,5,14,
1998-08-08,5,Just To Hear You Say That You Love Me,Faith Hill With Tim McGraw,8,11,Gains In Performance
1998-08-08,6,I'm Alright,Jo Dee Messina,9,12,Gains In Performance
1998-08-08,7,Now That I Found You,Terri Clark,2,19,
1998-08-08,8,From This Moment On,Shania Twain,7,30,
1998-08-08,9,I Can Still Feel You,Collin Raye,4,16,
1998-08-08,10,Texas Size Heartache,Joe Diffie,11,19,Gains In Performance
1998-08-08,11,True,George Strait,10,11,Gains In Performance
1998-08-08,12,If You Ever Have Forever In Mind,Vince Gill,12,11,Gains In Performance
1998-08-08,13,How Long Gone,Brooks & Dunn,17,6,Gains In Performance
1998-08-08,14,Cover You In Kisses,John Michael Montgomery,16,11,Gains In Performance
1998-08-08,15,The Hole,Randy Travis,13,9,Gains In Performance
1998-08-08,16,I Said A Prayer,Pam Tillis,14,13,Gains In Performance
1998-08-08,17,Things Change,Dwight Yoakam,18,15,Gains In Performance
1998-08-08,18,26 Cents,The Wilkinsons,21,9,Gains In Performance
1998-08-08,19,Stepping Stone,Lari White,22,13,Gains In Performance
1998-08-08,20,I Just Want To Dance With You,George Strait,19,17,
1998-08-08,21,A Man Holdin' On (To A Woman Lettin' Go),Ty Herndon,15,20,
1998-08-08,22,You're Gone,Diamond Rio,27,11,Gains In Performance
1998-08-08,23,That's Why I'm Here,Kenny Chesney,20,23,
1998-08-08,24,High On Love,Patty Loveless,31,10,Gains In Performance
1998-08-08,25,I'll Go On Loving You,Alan Jackson,35,2,Gains In Performance
1998-08-08,26,I Do [Cherish You],Mark Wills,25,24,
1998-08-08,27,I'm From The Country,Tracy Byrd,28,27,Gains In Performance
1998-08-08,28,This Kiss,Faith Hill,26,24,
1998-08-08,29,The Shoes You're Wearing,Clint Black,23,18,
1998-08-08,30,Bye Bye,Jo Dee Messina,29,30,
1998-08-08,31,Forever Love,Reba,38,3,Gains In Performance
1998-08-08,32,If You See Him/If You See Her,Reba/Brooks & Dunn,24,15,
1998-08-08,33,Commitment,LeAnn Rimes,30,20,
1998-08-08,34,Wonderful Tonight,David Kersh,32,21,Gains In Performance
1998-08-08,35,I Wanna Remember This,Linda Davis,36,13,Gains In Performance
1998-08-08,36,Don't Laugh At Me,Mark Wills,41,4,Gains In Performance
1998-08-08,37,No End To This Road,Restless Heart,33,13,
1998-08-08,38,When The Bartender Cries,Michael Peterson,37,11,Gains In Performance
1998-08-08,39,Everything's Changed,Lonestar,39,6,Gains In Performance
1998-08-08,40,Burnin' The Roadhouse Down,Steve Wariner With Garth Brooks,44,5,Gains In Performance
1998-08-08,41,Where The Green Grass Grows,Tim McGraw,52,5,Gains In Performance
1998-08-08,42,Honky Tonk America,Sammy Kershaw,42,7,Gains In Performance
1998-08-08,43,I Wanna Feel That Way Again,Tracy Byrd,46,8,Gains In Performance
1998-08-08,44,Love Happens Like That,Neal McCoy,45,7,Gains In Performance
1998-08-08,45,How Do You Sleep At Night,Wade Hayes,47,6,Gains In Performance
1998-08-08,46,A Fool's Progress,Clint Daniels,48,9,Gains In Performance
1998-08-08,47,Nothin' New Under The Moon,LeAnn Rimes,55,2,Gains In Performance
1998-08-08,48,The Other Side Of This Kiss,Mindy McCready,43,10,
1998-08-08,49,Used To The Pain,Mark Nesler,49,10,
1998-08-08,50,Real Man,Billy Dean,50,6,Gains In Performance
1998-08-08,51,Ordinary People,Clay Walker,40,15,
1998-08-08,52,Somebody To Love,Suzy Bogguss,34,18,
1998-08-08,53,How Do You Fall In Love,Alabama,57,2,Gains In Performance
1998-08-08,54,While You Sleep,Tracy Lawrence,61,3,Gains In Performance
1998-08-08,55,My Baby's Lovin',Daryle Singletary,60,4,Gains In Performance
1998-08-08,56,I Fell,Brady Seals,58,8,Gains In Performance
1998-08-08,57,Big Time,Trace Adkins,51,14,
1998-08-08,58,Cryin' Game,Sara Evans,56,8,Gains In Performance
1998-08-08,59,You Make It Seem So Easy,The Kinleys,59,5,Gains In Performance
1998-08-08,60,Coming Back For You,Keith Harling,66,2,Gains In Performance
1998-08-15,1,There's Your Trouble,Dixie Chicks,1,19,
1998-08-15,2,Happy Girl,Martina McBride,2,17,Gains In Performance
1998-08-15,3,There Goes My Baby,Trisha Yearwood,4,15,Gains In Performance
1998-08-15,4,I'm Alright,Jo Dee Messina,6,13,Gains In Performance
1998-08-15,5,Just To Hear You Say That You Love Me,Faith Hill With Tim McGraw,5,12,Gains In Performance
1998-08-15,6,To Make You Feel My Love,Garth Brooks,3,14,
1998-08-15,7,True,George Strait,11,12,Gains In Performance
1998-08-15,8,Texas Size Heartache,Joe Diffie,10,20,Gains In Performance
1998-08-15,9,How Long Gone,Brooks & Dunn,13,7,Gains In Performance
1998-08-15,10,If You Ever Have Forever In Mind,Vince Gill,12,12,Gains In Performance
1998-08-15,11,I Can Still Feel You,Collin Raye,9,17,
1998-08-15,12,Cover You In Kisses,John Michael Montgomery,14,12,Gains In Performance
1998-08-15,13,From This Moment On,Shania Twain,8,31,
1998-08-15,14,I Said A Prayer,Pam Tillis,16,14,Gains In Performance
1998-08-15,15,The Hole,Randy Travis,15,10,Gains In Performance
1998-08-15,16,Now That I Found You,Terri Clark,7,20,
1998-08-15,17,26 Cents,The Wilkinsons,18,10,Gains In Performance
1998-08-15,18,I'll Go On Loving You,Alan Jackson,25,3,Gains In Performance
1998-08-15,19,Things Change,Dwight Yoakam,17,16,
1998-08-15,20,Stepping Stone,Lari White,19,14,Gains In Performance
1998-08-15,21,You're Gone,Diamond Rio,22,12,Gains In Performance
1998-08-15,22,Forever Love,Reba,31,4,Gains In Performance
1998-08-15,23,I Just Want To Dance With You,George Strait,20,18,
1998-08-15,24,High On Love,Patty Loveless,24,11,Gains In Performance
1998-08-15,25,A Man Holdin' On (To A Woman Lettin' Go),Ty Herndon,21,21,
1998-08-15,26,Where The Green Grass Grows,Tim McGraw,41,6,Gains In Performance
1998-08-15,27,That's Why I'm Here,Kenny Chesney,23,24,
1998-08-15,28,I'm From The Country,Tracy Byrd,27,28,
1998-08-15,29,I Do [Cherish You],Mark Wills,26,25,
1998-08-15,30,This Kiss,Faith Hill,28,25,
1998-08-15,31,Don't Laugh At Me,Mark Wills,36,5,Gains In Performance
1998-08-15,32,Wonderful Tonight,David Kersh,34,22,Gains In Performance
1998-08-15,33,Everything's Changed,Lonestar,39,7,Gains In Performance
1998-08-15,34,I Wanna Remember This,Linda Davis,35,14,Gains In Performance
1998-08-15,35,If You See Him/If You See Her,Reba/Brooks & Dunn,32,16,
1998-08-15,36,The Shoes You're Wearing,Clint Black,29,19,
1998-08-15,37,Burnin' The Roadhouse Down,Steve Wariner With Garth Brooks,40,6,Gains In Performance
1998-08-15,38,When The Bartender Cries,Michael Peterson,38,12,
1998-08-15,39,Honky Tonk America,Sammy Kershaw,42,8,Gains In Performance
1998-08-15,40,I Wanna Feel That Way Again,Tracy Byrd,43,9,Gains In Performance
1998-08-15,41,Love Happens Like That,Neal McCoy,44,8,Gains In Performance
1998-08-15,42,Nothin' New Under The Moon,LeAnn Rimes,47,3,Gains In Performance
1998-08-15,43,How Do You Sleep At Night,Wade Hayes,45,7,Gains In Performance
1998-08-15,44,A Fool's Progress,Clint Daniels,46,10,Gains In Performance
1998-08-15,45,No End To This Road,Restless Heart,37,14,
1998-08-15,46,How Do You Fall In Love,Alabama,53,3,Gains In Performance
1998-08-15,47,Real Man,Billy Dean,50,7,Gains In Performance
1998-08-15,48,A Little Past Little Rock,Lee Ann Womack,65,2,Gains In Performance
1998-08-15,49,My Baby's Lovin',Daryle Singletary,55,5,Gains In Performance
1998-08-15,50,Coming Back For You,Keith Harling,60,3,Gains In Performance
1998-08-15,51,While You Sleep,Tracy Lawrence,54,4,Gains In Performance
1998-08-15,52,You Make It Seem So Easy,The Kinleys,59,6,Gains In Performance
1998-08-15,53,"Honey, I'm Home",Shania Twain,70,4,Gains In Performance
1998-08-15,54,Ordinary People,Clay Walker,51,16,
1998-08-15,55,I Fell,Brady Seals,56,9,Gains In Performance
1998-08-15,56,Used To The Pain,Mark Nesler,49,11,
1998-08-15,57,Loosen Up My Strings,Clint Black,NEW,1,Highest ranking debut|Gains In Performance
1998-08-15,58,Honky Tonk Baby,Ricochet,64,3,Gains In Performance
1998-08-15,59,No Man In His Wrong Heart,Gary Allan,62,3,Gains In Performance
1998-08-15,60,Shine On,Jeff Carson,63,5,Gains In Performance
1998-08-22,1,I'm Alright,Jo Dee Messina,4,14,Gains In Performance
1998-08-22,2,There Goes My Baby,Trisha Yearwood,3,16,Gains In Performance
1998-08-22,3,Just To Hear You Say That You Love Me,Faith Hill With Tim McGraw,5,13,Gains In Performance
1998-08-22,4,Happy Girl,Martina McBride,2,18,
1998-08-22,5,True,George Strait,7,13,Gains In Performance
1998-08-22,6,There's Your Trouble,Dixie Chicks,1,20,
1998-08-22,7,Texas Size Heartache,Joe Diffie,8,21,Gains In Performance
1998-08-22,8,If You Ever Have Forever In Mind,Vince Gill,10,13,Gains In Performance
1998-08-22,9,How Long Gone,Brooks & Dunn,9,8,Gains In Performance
1998-08-22,10,To Make You Feel My Love,Garth Brooks,6,15,
1998-08-22,11,Cover You In Kisses,John Michael Montgomery,12,13,Gains In Performance
1998-08-22,12,I Said A Prayer,Pam Tillis,14,15,Gains In Performance
1998-08-22,13,I'll Go On Loving You,Alan Jackson,18,4,Gains In Performance
1998-08-22,14,26 Cents,The Wilkinsons,17,11,Gains In Performance
1998-08-22,15,The Hole,Randy Travis,15,11,Gains In Performance
1998-08-22,16,Stepping Stone,Lari White,20,15,Gains In Performance
1998-08-22,17,You're Gone,Diamond Rio,21,13,Gains In Performance
1998-08-22,18,I Can Still Feel You,Collin Raye,11,18,
1998-08-22,19,Where The Green Grass Grows,Tim McGraw,26,7,Gains In Performance
1998-08-22,20,Now That I Found You,Terri Clark,16,21,
1998-08-22,21,From This Moment On,Shania Twain,13,32,
1998-08-22,22,Forever Love,Reba,22,5,Gains In Performance
1998-08-22,23,Things Change,Dwight Yoakam,19,17,
1998-08-22,24,High On Love,Patty Loveless,24,12,Gains In Performance
1998-08-22,25,Don't Laugh At Me,Mark Wills,31,6,Gains In Performance
1998-08-22,26,I Just Want To Dance With You,George Strait,23,19,
1998-08-22,27,A Man Holdin' On (To A Woman Lettin' Go),Ty Herndon,25,22,
1998-08-22,28,That's Why I'm Here,Kenny Chesney,27,25,
1998-08-22,29,Wonderful Tonight,David Kersh,32,23,Gains In Performance
1998-08-22,30,Everything's Changed,Lonestar,33,8,Gains In Performance
1998-08-22,31,I Wanna Remember This,Linda Davis,34,15,Gains In Performance
1998-08-22,32,Burnin' The Roadhouse Down,Steve Wariner With Garth Brooks,37,7,Gains In Performance
1998-08-22,33,If You See Him/If You See Her,Reba/Brooks & Dunn,35,17,
1998-08-22,34,Nothin' New Under The Moon,LeAnn Rimes,42,4,Gains In Performance
1998-08-22,35,Honky Tonk America,Sammy Kershaw,39,9,Gains In Performance
1998-08-22,36,The Shoes You're Wearing,Clint Black,36,20,
1998-08-22,37,I Wanna Feel That Way Again,Tracy Byrd,40,10,Gains In Performance
1998-08-22,38,Love Happens Like That,Neal McCoy,41,9,Gains In Performance
1998-08-22,39,How Do You Fall In Love,Alabama,46,4,Gains In Performance
1998-08-22,40,"Honey, I'm Home",Shania Twain,53,5,Gains In Performance
1998-08-22,41,A Little Past Little Rock,Lee Ann Womack,48,3,Gains In Performance
1998-08-22,42,How Do You Sleep At Night,Wade Hayes,43,8,Gains In Performance
1998-08-22,43,Loosen Up My Strings,Clint Black,57,2,Gains In Performance
1998-08-22,44,When The Bartender Cries,Michael Peterson,38,13,
1998-08-22,45,A Fool's Progress,Clint Daniels,44,11,
1998-08-22,46,Real Man,Billy Dean,47,8,
1998-08-22,47,Coming Back For You,Keith Harling,50,4,Gains In Performance
1998-08-22,48,While You Sleep,Tracy Lawrence,51,5,Gains In Performance
1998-08-22,49,No Man In His Wrong Heart,Gary Allan,59,4,Gains In Performance
1998-08-22,50,My Baby's Lovin',Daryle Singletary,49,6,
1998-08-22,51,It Must Be Love,Ty Herndon,62,2,Gains In Performance
1998-08-22,52,You Make It Seem So Easy,The Kinleys,52,7,Gains In Performance
1998-08-22,53,I Will Stand,Kenny Chesney,70,2,Gains In Performance
1998-08-22,54,No End To This Road,Restless Heart,45,15,
1998-08-22,55,Shine On,Jeff Carson,60,6,Gains In Performance
1998-08-22,56,For You I Will,Aaron Tippin,68,3,Gains In Performance
1998-08-22,57,I Fell,Brady Seals,55,10,
1998-08-22,58,Evangeline,Chad Brock,65,4,Gains In Performance
1998-08-22,59,Tree Of Hearts,Bryan White,66,4,Gains In Performance
1998-08-22,60,Honky Tonk Baby,Ricochet,58,4,
1998-08-29,1,I'm Alright,Jo Dee Messina,1,15,Gains In Performance
1998-08-29,2,True,George Strait,5,14,Gains In Performance
1998-08-29,3,Just To Hear You Say That You Love Me,Faith Hill With Tim McGraw,3,14,
1998-08-29,4,Texas Size Heartache,Joe Diffie,7,22,
1998-08-29,5,How Long Gone,Brooks & Dunn,9,9,Gains In Performance
1998-08-29,6,If You Ever Have Forever In Mind,Vince Gill,8,14,Gains In Performance
1998-08-29,7,Cover You In Kisses,John Michael Montgomery,11,14,Gains In Performance
1998-08-29,8,Happy Girl,Martina McBride,4,19,
1998-08-29,9,There's Your Trouble,Dixie Chicks,6,21,
1998-08-29,10,There Goes My Baby,Trisha Yearwood,2,17,
1998-08-29,11,I'll Go On Loving You,Alan Jackson,13,5,Gains In Performance
1998-08-29,12,26 Cents,The Wilkinsons,14,12,Gains In Performance
1998-08-29,13,The Hole,Randy Travis,15,12,Gains In Performance
1998-08-29,14,I Said A Prayer,Pam Tillis,12,16,
1998-08-29,15,Where The Green Grass Grows,Tim McGraw,19,8,Gains In Performance
1998-08-29,16,You're Gone,Diamond Rio,17,14,Gains In Performance
1998-08-29,17,Stepping Stone,Lari White,16,16,Gains In Performance
1998-08-29,18,To Make You Feel My Love,Garth Brooks,10,16,
1998-08-29,19,Don't Laugh At Me,Mark Wills,25,7,Gains In Performance
1998-08-29,20,Forever Love,Reba,22,6,Gains In Performance
1998-08-29,21,I Can Still Feel You,Collin Raye,18,19,
1998-08-29,22,High On Love,Patty Loveless,24,13,Gains In Performance
1998-08-29,23,Now That I Found You,Terri Clark,20,22,
1998-08-29,24,I Just Want To Dance With You,George Strait,26,20,
1998-08-29,25,Everything's Changed,Lonestar,30,9,Gains In Performance
1998-08-29,26,Nothin' New Under The Moon,LeAnn Rimes,34,5,Gains In Performance
1998-08-29,27,"Honey, I'm Home",Shania Twain,40,6,Gains In Performance
1998-08-29,28,I Wanna Remember This,Linda Davis,31,16,Gains In Performance
1998-08-29,29,A Man Holdin' On (To A Woman Lettin' Go),Ty Herndon,27,23,
1998-08-29,30,Burnin' The Roadhouse Down,Steve Wariner With Garth Brooks,32,8,Gains In Performance
1998-08-29,31,Honky Tonk America,Sammy Kershaw,35,10,Gains In Performance
1998-08-29,32,Loosen Up My Strings,Clint Black,43,3,Gains In Performance
1998-08-29,33,I Wanna Feel That Way Again,Tracy Byrd,37,11,Gains In Performance
1998-08-29,34,If You See Him/If You See Her,Reba/Brooks & Dunn,33,18,
1998-08-29,35,How Do You Fall In Love,Alabama,39,5,Gains In Performance
1998-08-29,36,A Little Past Little Rock,Lee Ann Womack,41,4,Gains In Performance
1998-08-29,37,Love Happens Like That,Neal McCoy,38,10,Gains In Performance
1998-08-29,38,Things Change,Dwight Yoakam,23,18,
1998-08-29,39,How Do You Sleep At Night,Wade Hayes,42,9,Gains In Performance
1998-08-29,40,Coming Back For You,Keith Harling,47,5,Gains In Performance
1998-08-29,41,Real Man,Billy Dean,46,9,Gains In Performance
1998-08-29,42,It Must Be Love,Ty Herndon,51,3,Gains In Performance
1998-08-29,43,No Man In His Wrong Heart,Gary Allan,49,5,Gains In Performance
1998-08-29,44,My Baby's Lovin',Daryle Singletary,50,7,Gains In Performance
1998-08-29,45,I Will Stand,Kenny Chesney,53,3,Gains In Performance
1998-08-29,46,While You Sleep,Tracy Lawrence,48,6,
1998-08-29,47,Someone You Used To Know,Collin Raye,65,2,Gains In Performance
1998-08-29,48,For You I Will,Aaron Tippin,56,4,Gains In Performance
1998-08-29,49,Shine On,Jeff Carson,55,7,Gains In Performance
1998-08-29,50,You Make It Seem So Easy,The Kinleys,52,8,Gains In Performance
1998-08-29,51,Evangeline,Chad Brock,58,5,Gains In Performance
1998-08-29,52,Wide Open Spaces,Dixie Chicks,67,2,Gains In Performance
1998-08-29,53,Tree Of Hearts,Bryan White,59,5,Gains In Performance
1998-08-29,54,When The Bartender Cries,Michael Peterson,44,14,
1998-08-29,55,You're Easy On The Eyes,Terri Clark,NEW,1,Highest ranking debut|Gains In Performance
1998-08-29,56,There You Have It,BlackHawk,NEW,1,Gains In Performance
1998-08-29,57,You're Beginning To Get To Me,Clay Walker,63,2,Gains In Performance
1998-08-29,58,Only Lonely Me,Rick Trevino,RE,2,Gains In Performance
1998-08-29,59,Pour Me A Vacation,The Great Divide,62,3,
1998-08-29,60,Ordinary People,Clay Walker,61,18,
1998-09-05,1,I'm Alright,Jo Dee Messina,1,16,
1998-09-05,2,True,George Strait,2,15,Gains In Performance
1998-09-05,3,How Long Gone,Brooks & Dunn,5,10,Gains In Performance
1998-09-05,4,Cover You In Kisses,John Michael Montgomery,7,15,Gains In Performance
1998-09-05,5,If You Ever Have Forever In Mind,Vince Gill,6,15,Gains In Performance
1998-09-05,6,Just To Hear You Say That You Love Me,Faith Hill With Tim McGraw,3,15,
1998-09-05,7,26 Cents,The Wilkinsons,12,13,Gains In Performance
1998-09-05,8,I'll Go On Loving You,Alan Jackson,11,6,Gains In Performance
1998-09-05,9,Where The Green Grass Grows,Tim McGraw,15,9,Gains In Performance
1998-09-05,10,The Hole,Randy Travis,13,13,Gains In Performance
1998-09-05,11,There Goes My Baby,Trisha Yearwood,10,18,
1998-09-05,12,You're Gone,Diamond Rio,16,15,Gains In Performance
1998-09-05,13,There's Your Trouble,Dixie Chicks,9,22,
1998-09-05,14,Don't Laugh At Me,Mark Wills,19,8,Gains In Performance
1998-09-05,15,Texas Size Heartache,Joe Diffie,4,23,
1998-09-05,16,Happy Girl,Martina McBride,8,20,
1998-09-05,17,Forever Love,Reba,20,7,Gains In Performance
1998-09-05,18,Stepping Stone,Lari White,17,17,
1998-09-05,19,"Honey, I'm Home",Shania Twain,27,7,Gains In Performance
1998-09-05,20,High On Love,Patty Loveless,22,14,Gains In Performance
1998-09-05,21,Everything's Changed,Lonestar,25,10,Gains In Performance
1998-09-05,22,Nothin' New Under The Moon,LeAnn Rimes,26,6,Gains In Performance
1998-09-05,23,I Can Still Feel You,Collin Raye,21,20,
1998-09-05,24,To Make You Feel My Love,Garth Brooks,18,17,
1998-09-05,25,Loosen Up My Strings,Clint Black,32,4,Gains In Performance
1998-09-05,26,Now That I Found You,Terri Clark,23,23,
1998-09-05,27,I Said A Prayer,Pam Tillis,14,17,
1998-09-05,28,Burnin' The Roadhouse Down,Steve Wariner With Garth Brooks,30,9,Gains In Performance
1998-09-05,29,I Just Want To Dance With You,George Strait,24,21,
1998-09-05,30,I Wanna Remember This,Linda Davis,28,17,Gains In Performance
1998-09-05,31,Honky Tonk America,Sammy Kershaw,31,11,Gains In Performance
1998-09-05,32,How Do You Fall In Love,Alabama,35,6,Gains In Performance
1998-09-05,33,I Wanna Feel That Way Again,Tracy Byrd,33,12,Gains In Performance
1998-09-05,34,A Little Past Little Rock,Lee Ann Womack,36,5,Gains In Performance
1998-09-05,35,Love Happens Like That,Neal McCoy,37,11,Gains In Performance
1998-09-05,36,If You See Him/If You See Her,Reba/Brooks & Dunn,34,19,
1998-09-05,37,How Do You Sleep At Night,Wade Hayes,39,10,Gains In Performance
1998-09-05,38,It Must Be Love,Ty Herndon,42,4,Gains In Performance
1998-09-05,39,Someone You Used To Know,Collin Raye,47,3,Gains In Performance
1998-09-05,40,Real Man,Billy Dean,41,10,Gains In Performance
1998-09-05,41,Wide Open Spaces,Dixie Chicks,52,3,Gains In Performance
1998-09-05,42,I Will Stand,Kenny Chesney,45,4,Gains In Performance
1998-09-05,43,Coming Back For You,Keith Harling,40,6,Gains In Performance
1998-09-05,44,You Move Me,Garth Brooks,72,3,Gains In Performance
1998-09-05,45,My Baby's Lovin',Daryle Singletary,44,8,Gains In Performance
1998-09-05,46,Things Change,Dwight Yoakam,38,19,
1998-09-05,47,For You I Will,Aaron Tippin,48,5,Gains In Performance
1998-09-05,48,You're Easy On The Eyes,Terri Clark,55,2,Gains In Performance
1998-09-05,49,No Man In His Wrong Heart,Gary Allan,43,6,
1998-09-05,50,You Make It Seem So Easy,The Kinleys,50,9,Gains In Performance
1998-09-05,51,Shine On,Jeff Carson,49,8,Gains In Performance
1998-09-05,52,Evangeline,Chad Brock,51,6,Gains In Performance
1998-09-05,53,You're Beginning To Get To Me,Clay Walker,57,3,Gains In Performance
1998-09-05,54,Tree Of Hearts,Bryan White,53,6,Gains In Performance
1998-09-05,55,While You Sleep,Tracy Lawrence,46,7,
1998-09-05,56,There You Have It,BlackHawk,56,2,Gains In Performance
1998-09-05,57,If I Lost You,Travis Tritt,68,2,Gains In Performance
1998-09-05,58,Only Lonely Me,Rick Trevino,58,3,Gains In Performance
1998-09-05,59,Pour Me A Vacation,The Great Divide,59,4,Gains In Performance
1998-09-05,60,Guilty,The Warren Brothers,73,2,Gains In Performance
1998-09-12,1,How Long Gone,Brooks & Dunn,3,11,Gains In Performance
1998-09-12,2,True,George Strait,2,16,
1998-09-12,3,Cover You In Kisses,John Michael Montgomery,4,16,Gains In Performance
1998-09-12,4,I'm Alright,Jo Dee Messina,1,17,
1998-09-12,5,26 Cents,The Wilkinsons,7,14,Gains In Performance
1998-09-12,6,If You Ever Have Forever In Mind,Vince Gill,5,16,Gains In Performance
1998-09-12,7,Where The Green Grass Grows,Tim McGraw,9,10,Gains In Performance
1998-09-12,8,I'll Go On Loving You,Alan Jackson,8,7,Gains In Performance
1998-09-12,9,The Hole,Randy Travis,10,14,Gains In Performance
1998-09-12,10,Just To Hear You Say That You Love Me,Faith Hill With Tim McGraw,6,16,
1998-09-12,11,You're Gone,Diamond Rio,12,16,Gains In Performance
1998-09-12,12,Don't Laugh At Me,Mark Wills,14,9,Gains In Performance
1998-09-12,13,"Honey, I'm Home",Shania Twain,19,8,Gains In Performance
1998-09-12,14,Forever Love,Reba,17,8,Gains In Performance
1998-09-12,15,Everything's Changed,Lonestar,21,11,Gains In Performance
1998-09-12,16,There Goes My Baby,Trisha Yearwood,11,19,
1998-09-12,17,There's Your Trouble,Dixie Chicks,13,23,
1998-09-12,18,Nothin' New Under The Moon,LeAnn Rimes,22,7,Gains In Performance
1998-09-12,19,Stepping Stone,Lari White,18,18,
1998-09-12,20,Loosen Up My Strings,Clint Black,25,5,Gains In Performance
1998-09-12,21,High On Love,Patty Loveless,20,15,
1998-09-12,22,Texas Size Heartache,Joe Diffie,15,24,
1998-09-12,23,Happy Girl,Martina McBride,16,21,
1998-09-12,24,I Can Still Feel You,Collin Raye,23,21,
1998-09-12,25,A Little Past Little Rock,Lee Ann Womack,34,6,Gains In Performance
1998-09-12,26,Burnin' The Roadhouse Down,Steve Wariner With Garth Brooks,28,10,Gains In Performance
1998-09-12,27,I Wanna Remember This,Linda Davis,30,18,Gains In Performance
1998-09-12,28,I Wanna Feel That Way Again,Tracy Byrd,33,13,Gains In Performance
1998-09-12,29,Now That I Found You,Terri Clark,26,24,
1998-09-12,30,How Do You Fall In Love,Alabama,32,7,Gains In Performance
1998-09-12,31,Honky Tonk America,Sammy Kershaw,31,12,Gains In Performance
1998-09-12,32,To Make You Feel My Love,Garth Brooks,24,18,
1998-09-12,33,You Move Me,Garth Brooks,44,4,Gains In Performance
1998-09-12,34,Love Happens Like That,Neal McCoy,35,12,Gains In Performance
1998-09-12,35,Wide Open Spaces,Dixie Chicks,41,4,Gains In Performance
1998-09-12,36,I Said A Prayer,Pam Tillis,27,18,
1998-09-12,37,How Do You Sleep At Night,Wade Hayes,37,11,Gains In Performance
1998-09-12,38,It Must Be Love,Ty Herndon,38,5,Gains In Performance
1998-09-12,39,Someone You Used To Know,Collin Raye,39,4,Gains In Performance
1998-09-12,40,If You See Him/If You See Her,Reba/Brooks & Dunn,36,20,
1998-09-12,41,Real Man,Billy Dean,40,11,Gains In Performance
1998-09-12,42,Coming Back For You,Keith Harling,43,7,Gains In Performance
1998-09-12,43,I Will Stand,Kenny Chesney,42,5,Gains In Performance
1998-09-12,44,You're Easy On The Eyes,Terri Clark,48,3,Gains In Performance
1998-09-12,45,No Man In His Wrong Heart,Gary Allan,49,7,Gains In Performance
1998-09-12,46,For You I Will,Aaron Tippin,47,6,Gains In Performance
1998-09-12,47,My Baby's Lovin',Daryle Singletary,45,9,
1998-09-12,48,You Make It Seem So Easy,The Kinleys,50,10,Gains In Performance
1998-09-12,49,Shine On,Jeff Carson,51,9,Gains In Performance
1998-09-12,50,There You Have It,BlackHawk,56,3,Gains In Performance
1998-09-12,51,Tree Of Hearts,Bryan White,54,7,Gains In Performance
1998-09-12,52,Evangeline,Chad Brock,52,7,Gains In Performance
1998-09-12,53,Things Change,Dwight Yoakam,46,20,
1998-09-12,54,You're Beginning To Get To Me,Clay Walker,53,4,Gains In Performance
1998-09-12,55,If I Lost You,Travis Tritt,57,3,Gains In Performance
1998-09-12,56,Only Lonely Me,Rick Trevino,58,4,Gains In Performance
1998-09-12,57,Guilty,The Warren Brothers,60,3,Gains In Performance
1998-09-12,58,Straight Tequila,Trini Triggs,64,2,Gains In Performance
1998-09-12,59,If The Jukebox Took Teardrops,Danni Leigh,NEW,1,Highest ranking debut|Gains In Performance
1998-09-12,60,Pour Me A Vacation,The Great Divide,59,5,
1998-09-19,1,How Long Gone,Brooks & Dunn,1,12,Gains In Performance
1998-09-19,2,True,George Strait,2,17,
1998-09-19,3,26 Cents,The Wilkinsons,5,15,Gains In Performance
1998-09-19,4,Cover You In Kisses,John Michael Montgomery,3,17,
1998-09-19,5,Where The Green Grass Grows,Tim McGraw,7,11,Gains In Performance
1998-09-19,6,I'll Go On Loving You,Alan Jackson,8,8,Gains In Performance
1998-09-19,7,I'm Alright,Jo Dee Messina,4,18,
1998-09-19,8,You're Gone,Diamond Rio,11,17,Gains In Performance
1998-09-19,9,Don't Laugh At Me,Mark Wills,12,10,Gains In Performance
1998-09-19,10,If You Ever Have Forever In Mind,Vince Gill,6,17,
1998-09-19,11,"Honey, I'm Home",Shania Twain,13,9,Gains In Performance
1998-09-19,12,The Hole,Randy Travis,9,15,
1998-09-19,13,Forever Love,Reba,14,9,Gains In Performance
1998-09-19,14,Everything's Changed,Lonestar,15,12,Gains In Performance
1998-09-19,15,Just To Hear You Say That You Love Me,Faith Hill With Tim McGraw,10,17,
1998-09-19,16,Loosen Up My Strings,Clint Black,20,6,Gains In Performance
1998-09-19,17,Nothin' New Under The Moon,LeAnn Rimes,18,8,Gains In Performance
1998-09-19,18,A Little Past Little Rock,Lee Ann Womack,25,7,Gains In Performance
1998-09-19,19,There's Your Trouble,Dixie Chicks,17,24,
1998-09-19,20,You Move Me,Garth Brooks,33,5,Gains In Performance
1998-09-19,21,I Wanna Remember This,Linda Davis,27,19,Gains In Performance
1998-09-19,22,There Goes My Baby,Trisha Yearwood,16,20,
1998-09-19,23,I Wanna Feel That Way Again,Tracy Byrd,28,14,Gains In Performance
1998-09-19,24,How Do You Fall In Love,Alabama,30,8,Gains In Performance
1998-09-19,25,I Can Still Feel You,Collin Raye,24,22,
1998-09-19,26,Wide Open Spaces,Dixie Chicks,35,5,Gains In Performance
1998-09-19,27,Texas Size Heartache,Joe Diffie,22,25,
1998-09-19,28,Burnin' The Roadhouse Down,Steve Wariner With Garth Brooks,26,11,
1998-09-19,29,Happy Girl,Martina McBride,23,22,
1998-09-19,30,Now That I Found You,Terri Clark,29,25,
1998-09-19,31,Honky Tonk America,Sammy Kershaw,31,13,
1998-09-19,32,To Make You Feel My Love,Garth Brooks,32,19,
1998-09-19,33,It Must Be Love,Ty Herndon,38,6,Gains In Performance
1998-09-19,34,Love Happens Like That,Neal McCoy,34,13,Gains In Performance
1998-09-19,35,How Do You Sleep At Night,Wade Hayes,37,12,Gains In Performance
1998-09-19,36,Someone You Used To Know,Collin Raye,39,5,Gains In Performance
1998-09-19,37,High On Love,Patty Loveless,21,16,
1998-09-19,38,You're Easy On The Eyes,Terri Clark,44,4,Gains In Performance
1998-09-19,39,Stepping Stone,Lari White,19,19,
1998-09-19,40,Real Man,Billy Dean,41,12,Gains In Performance
1998-09-19,41,I Will Stand,Kenny Chesney,43,6,Gains In Performance
1998-09-19,42,I Said A Prayer,Pam Tillis,36,19,
1998-09-19,43,Coming Back For You,Keith Harling,42,8,Gains In Performance
1998-09-19,44,For You I Will,Aaron Tippin,46,7,Gains In Performance
1998-09-19,45,No Man In His Wrong Heart,Gary Allan,45,8,Gains In Performance
1998-09-19,46,There You Have It,BlackHawk,50,4,Gains In Performance
1998-09-19,47,If I Lost You,Travis Tritt,55,4,Gains In Performance
1998-09-19,48,You're Beginning To Get To Me,Clay Walker,54,5,Gains In Performance
1998-09-19,49,You Make It Seem So Easy,The Kinleys,48,11,Gains In Performance
1998-09-19,50,Tree Of Hearts,Bryan White,51,8,Gains In Performance
1998-09-19,51,Guilty,The Warren Brothers,57,4,Gains In Performance
1998-09-19,52,Evangeline,Chad Brock,52,8,Gains In Performance
1998-09-19,53,Shine On,Jeff Carson,49,10,
1998-09-19,54,Every Time,Pam Tillis,64,2,Gains In Performance
1998-09-19,55,Getcha Some,Toby Keith,63,2,Gains In Performance
1998-09-19,56,Only Lonely Me,Rick Trevino,56,5,
1998-09-19,57,My Baby's Lovin',Daryle Singletary,47,10,
1998-09-19,58,Where Your Road Leads,Trisha Yearwood With Garth Brooks,NEW,1,Highest ranking debut|Gains In Performance
1998-09-19,59,Let Me Let Go,Faith Hill,75,2,Gains In Performance
1998-09-19,60,If The Jukebox Took Teardrops,Danni Leigh,59,2,Gains In Performance
1998-09-26,1,How Long Gone,Brooks & Dunn,1,13,Gains In Performance
1998-09-26,2,Where The Green Grass Grows,Tim McGraw,5,12,Gains In Performance
1998-09-26,3,26 Cents,The Wilkinsons,3,16,Gains In Performance
1998-09-26,4,I'll Go On Loving You,Alan Jackson,6,9,Gains In Performance
1998-09-26,5,True,George Strait,2,18,
1998-09-26,6,Don't Laugh At Me,Mark Wills,9,11,Gains In Performance
1998-09-26,7,You're Gone,Diamond Rio,8,18,Gains In Performance
1998-09-26,8,Cover You In Kisses,John Michael Montgomery,4,18,
1998-09-26,9,"Honey, I'm Home",Shania Twain,11,10,Gains In Performance
1998-09-26,10,I'm Alright,Jo Dee Messina,7,19,
1998-09-26,11,Forever Love,Reba,13,10,Gains In Performance
1998-09-26,12,Everything's Changed,Lonestar,14,13,Gains In Performance
1998-09-26,13,Loosen Up My Strings,Clint Black,16,7,Gains In Performance
1998-09-26,14,You Move Me,Garth Brooks,20,6,Gains In Performance
1998-09-26,15,A Little Past Little Rock,Lee Ann Womack,18,8,Gains In Performance
1998-09-26,16,Nothin' New Under The Moon,LeAnn Rimes,17,9,Gains In Performance
1998-09-26,17,Wide Open Spaces,Dixie Chicks,26,6,Gains In Performance
1998-09-26,18,I Wanna Feel That Way Again,Tracy Byrd,23,15,Gains In Performance
1998-09-26,19,How Do You Fall In Love,Alabama,24,9,Gains In Performance
1998-09-26,20,I Wanna Remember This,Linda Davis,21,20,Gains In Performance
1998-09-26,21,If You Ever Have Forever In Mind,Vince Gill,10,18,
1998-09-26,22,Just To Hear You Say That You Love Me,Faith Hill With Tim McGraw,15,18,
1998-09-26,23,There's Your Trouble,Dixie Chicks,19,25,
1998-09-26,24,The Hole,Randy Travis,12,16,
1998-09-26,25,There Goes My Baby,Trisha Yearwood,22,21,
1998-09-26,26,I Can Still Feel You,Collin Raye,25,23,
1998-09-26,27,It Must Be Love,Ty Herndon,33,7,Gains In Performance
1998-09-26,28,Someone You Used To Know,Collin Raye,36,6,Gains In Performance
1998-09-26,29,Now That I Found You,Terri Clark,30,26,
1998-09-26,30,Love Happens Like That,Neal McCoy,34,14,Gains In Performance
1998-09-26,31,How Do You Sleep At Night,Wade Hayes,35,13,Gains In Performance
1998-09-26,32,Burnin' The Roadhouse Down,Steve Wariner With Garth Brooks,28,12,
1998-09-26,33,To Make You Feel My Love,Garth Brooks,32,20,
1998-09-26,34,You're Easy On The Eyes,Terri Clark,38,5,Gains In Performance
1998-09-26,35,I Will Stand,Kenny Chesney,41,7,Gains In Performance
1998-09-26,36,Real Man,Billy Dean,40,13,Gains In Performance
1998-09-26,37,Honky Tonk America,Sammy Kershaw,31,14,
1998-09-26,38,For You I Will,Aaron Tippin,44,8,Gains In Performance
1998-09-26,39,Coming Back For You,Keith Harling,43,9,Gains In Performance
1998-09-26,40,You're Beginning To Get To Me,Clay Walker,48,6,Gains In Performance
1998-09-26,41,There You Have It,BlackHawk,46,5,Gains In Performance
1998-09-26,42,Stepping Stone,Lari White,39,20,
1998-09-26,43,I Said A Prayer,Pam Tillis,42,20,
1998-09-26,44,If I Lost You,Travis Tritt,47,5,Gains In Performance
1998-09-26,45,Where Your Road Leads,Trisha Yearwood With Garth Brooks,58,2,Gains In Performance
1998-09-26,46,No Man In His Wrong Heart,Gary Allan,45,9,
1998-09-26,47,Getcha Some,Toby Keith,55,3,Gains In Performance
1998-09-26,48,High On Love,Patty Loveless,37,17,
1998-09-26,49,Guilty,The Warren Brothers,51,5,Gains In Performance
1998-09-26,50,Tree Of Hearts,Bryan White,50,9,Gains In Performance
1998-09-26,51,You Make It Seem So Easy,The Kinleys,49,12,
1998-09-26,52,Let Me Let Go,Faith Hill,59,3,Gains In Performance
1998-09-26,53,Every Time,Pam Tillis,54,3,Gains In Performance
1998-09-26,54,We Really Shouldn't Be Doing This,George Strait,65,7,Gains In Performance
1998-09-26,55,Poor Me,Joe Diffie,62,3,Gains In Performance
1998-09-26,56,Evangeline,Chad Brock,52,9,
1998-09-26,57,Only Lonely Me,Rick Trevino,56,6,Gains In Performance
1998-09-26,58,Wrong Again,Martina McBride,70,2,Gains In Performance
1998-09-26,59,Absence Of The Heart,Deana Carter,NEW,1,Highest ranking debut|Gains In Performance
1998-09-26,60,Straight Tequila,Trini Triggs,61,4,Gains In Performance
1998-10-03,1,Where The Green Grass Grows,Tim McGraw,2,13,Gains In Performance
1998-10-03,2,How Long Gone,Brooks & Dunn,1,14,
1998-10-03,3,26 Cents,The Wilkinsons,3,17,
1998-10-03,4,I'll Go On Loving You,Alan Jackson,4,10,Gains In Performance
1998-10-03,5,Don't Laugh At Me,Mark Wills,6,12,Gains In Performance
1998-10-03,6,You're Gone,Diamond Rio,7,19,Gains In Performance
1998-10-03,7,"Honey, I'm Home",Shania Twain,9,11,Gains In Performance
1998-10-03,8,True,George Strait,5,19,
1998-10-03,9,Everything's Changed,Lonestar,12,14,Gains In Performance
1998-10-03,10,Forever Love,Reba,11,11,Gains In Performance
1998-10-03,11,You Move Me,Garth Brooks,14,7,Gains In Performance
1998-10-03,12,Loosen Up My Strings,Clint Black,13,8,Gains In Performance
1998-10-03,13,Cover You In Kisses,John Michael Montgomery,8,19,
1998-10-03,14,I'm Alright,Jo Dee Messina,10,20,
1998-10-03,15,Wide Open Spaces,Dixie Chicks,17,7,Gains In Performance
1998-10-03,16,A Little Past Little Rock,Lee Ann Womack,15,9,Gains In Performance
1998-10-03,17,Nothin' New Under The Moon,LeAnn Rimes,16,10,Gains In Performance
1998-10-03,18,How Do You Fall In Love,Alabama,19,10,Gains In Performance
1998-10-03,19,I Wanna Feel That Way Again,Tracy Byrd,18,16,Gains In Performance
1998-10-03,20,It Must Be Love,Ty Herndon,27,8,Gains In Performance
1998-10-03,21,There's Your Trouble,Dixie Chicks,23,26,
1998-10-03,22,I Wanna Remember This,Linda Davis,20,21,
1998-10-03,23,Someone You Used To Know,Collin Raye,28,7,Gains In Performance
1998-10-03,24,Just To Hear You Say That You Love Me,Faith Hill With Tim McGraw,22,19,
1998-10-03,25,You're Easy On The Eyes,Terri Clark,34,6,Gains In Performance
1998-10-03,26,There Goes My Baby,Trisha Yearwood,25,22,
1998-10-03,27,I Can Still Feel You,Collin Raye,26,24,
1998-10-03,28,If You Ever Have Forever In Mind,Vince Gill,21,19,
1998-10-03,29,Love Happens Like That,Neal McCoy,30,15,Gains In Performance
1998-10-03,30,How Do You Sleep At Night,Wade Hayes,31,14,Gains In Performance
1998-10-03,31,Where Your Road Leads,Trisha Yearwood With Garth Brooks,45,3,Gains In Performance
1998-10-03,32,I Will Stand,Kenny Chesney,35,8,Gains In Performance
1998-10-03,33,Real Man,Billy Dean,36,14,Gains In Performance
1998-10-03,34,The Hole,Randy Travis,24,17,
1998-10-03,35,For You I Will,Aaron Tippin,38,9,Gains In Performance
1998-10-03,36,We Really Shouldn't Be Doing This,George Strait,54,8,Gains In Performance
1998-10-03,37,You're Beginning To Get To Me,Clay Walker,40,7,Gains In Performance
1998-10-03,38,Let Me Let Go,Faith Hill,52,4,Gains In Performance
1998-10-03,39,There You Have It,BlackHawk,41,6,Gains In Performance
1998-10-03,40,Coming Back For You,Keith Harling,39,10,Gains In Performance
1998-10-03,41,Getcha Some,Toby Keith,47,4,Gains In Performance
1998-10-03,42,If I Lost You,Travis Tritt,44,6,Gains In Performance
1998-10-03,43,Guilty,The Warren Brothers,49,6,Gains In Performance
1998-10-03,44,Absence Of The Heart,Deana Carter,59,2,Gains In Performance
1998-10-03,45,Tree Of Hearts,Bryan White,50,10,Gains In Performance
1998-10-03,46,Burnin' The Roadhouse Down,Steve Wariner With Garth Brooks,32,13,
1998-10-03,47,Every Time,Pam Tillis,53,4,Gains In Performance
1998-10-03,48,Husbands And Wives,Brooks & Dunn,64,2,Gains In Performance
1998-10-03,49,Wrong Again,Martina McBride,58,3,Gains In Performance
1998-10-03,50,Poor Me,Joe Diffie,55,4,Gains In Performance
1998-10-03,51,Honky Tonk America,Sammy Kershaw,37,15,
1998-10-03,52,Only Lonely Me,Rick Trevino,57,7,
1998-10-03,53,High On Love,Patty Loveless,48,18,
1998-10-03,54,You Make It Seem So Easy,The Kinleys,51,13,
1998-10-03,55,A Bitter End,Deryl Dodd,71,4,Gains In Performance
1998-10-03,56,No Man In His Wrong Heart,Gary Allan,46,10,
1998-10-03,57,Straight Tequila,Trini Triggs,60,5,Gains In Performance
1998-10-03,58,If The Jukebox Took Teardrops,Danni Leigh,62,4,Gains In Performance
1998-10-03,59,Wherever You Are,Mark Chesnutt,66,2,Gains In Performance
1998-10-03,60,These Arms,Dwight Yoakam,65,3,Gains In Performance
1998-10-10,1,Where The Green Grass Grows,Tim McGraw,1,14,
1998-10-10,2,Don't Laugh At Me,Mark Wills,5,13,Gains In Performance
1998-10-10,3,I'll Go On Loving You,Alan Jackson,4,11,
1998-10-10,4,You're Gone,Diamond Rio,6,20,Gains In Performance
1998-10-10,5,"Honey, I'm Home",Shania Twain,7,12,Gains In Performance
1998-10-10,6,How Long Gone,Brooks & Dunn,2,15,
1998-10-10,7,Everything's Changed,Lonestar,9,15,Gains In Performance
1998-10-10,8,26 Cents,The Wilkinsons,3,18,
1998-10-10,9,Forever Love,Reba,10,12,Gains In Performance
1998-10-10,10,You Move Me,Garth Brooks,11,8,Gains In Performance
1998-10-10,11,True,George Strait,8,20,
1998-10-10,12,A Little Past Little Rock,Lee Ann Womack,16,10,Gains In Performance
1998-10-10,13,Wide Open Spaces,Dixie Chicks,15,8,Gains In Performance
1998-10-10,14,How Do You Fall In Love,Alabama,18,11,Gains In Performance
1998-10-10,15,Loosen Up My Strings,Clint Black,12,9,Gains In Performance
1998-10-10,16,Nothin' New Under The Moon,LeAnn Rimes,17,11,Gains In Performance
1998-10-10,17,I Wanna Feel That Way Again,Tracy Byrd,19,17,Gains In Performance
1998-10-10,18,It Must Be Love,Ty Herndon,20,9,Gains In Performance
1998-10-10,19,I'm Alright,Jo Dee Messina,14,21,
1998-10-10,20,Someone You Used To Know,Collin Raye,23,8,Gains In Performance
1998-10-10,21,Cover You In Kisses,John Michael Montgomery,13,20,
1998-10-10,22,There's Your Trouble,Dixie Chicks,21,27,
1998-10-10,23,You're Easy On The Eyes,Terri Clark,25,7,Gains In Performance
1998-10-10,24,Where Your Road Leads,Trisha Yearwood With Garth Brooks,31,4,Gains In Performance
1998-10-10,25,We Really Shouldn't Be Doing This,George Strait,36,9,Gains In Performance
1998-10-10,26,Just To Hear You Say That You Love Me,Faith Hill With Tim McGraw,24,20,
1998-10-10,27,How Do You Sleep At Night,Wade Hayes,30,15,Gains In Performance
1998-10-10,28,I Can Still Feel You,Collin Raye,27,25,
1998-10-10,29,There Goes My Baby,Trisha Yearwood,26,23,
1998-10-10,30,Love Happens Like That,Neal McCoy,29,16,
1998-10-10,31,Let Me Let Go,Faith Hill,38,5,Gains In Performance
1998-10-10,32,I Will Stand,Kenny Chesney,32,9,Gains In Performance
1998-10-10,33,If You Ever Have Forever In Mind,Vince Gill,28,20,
1998-10-10,34,For You I Will,Aaron Tippin,35,10,Gains In Performance
1998-10-10,35,You're Beginning To Get To Me,Clay Walker,37,8,Gains In Performance
1998-10-10,36,Husbands And Wives,Brooks & Dunn,48,3,Gains In Performance
1998-10-10,37,Getcha Some,Toby Keith,41,5,Gains In Performance
1998-10-10,38,Real Man,Billy Dean,33,15,
1998-10-10,39,There You Have It,BlackHawk,39,7,Gains In Performance
1998-10-10,40,If I Lost You,Travis Tritt,42,7,Gains In Performance
1998-10-10,41,Absence Of The Heart,Deana Carter,44,3,Gains In Performance
1998-10-10,42,Coming Back For You,Keith Harling,40,11,Gains In Performance
1998-10-10,43,The Hole,Randy Travis,34,18,
1998-10-10,44,Wrong Again,Martina McBride,49,4,Gains In Performance
1998-10-10,45,Every Time,Pam Tillis,47,5,Gains In Performance
1998-10-10,46,Guilty,The Warren Brothers,43,7,
1998-10-10,47,Poor Me,Joe Diffie,50,5,Gains In Performance
1998-10-10,48,Tree Of Hearts,Bryan White,45,11,
1998-10-10,49,A Bitter End,Deryl Dodd,55,5,Gains In Performance
1998-10-10,50,Straight Tequila,Trini Triggs,57,6,Gains In Performance
1998-10-10,51,Burnin' The Roadhouse Down,Steve Wariner With Garth Brooks,46,14,
1998-10-10,52,By The Book,Michael Peterson,71,3,Gains In Performance
1998-10-10,53,"Spirit Of A Boy, Wisdom Of A Man",Randy Travis,NEW,1,Highest ranking debut|Gains In Performance
1998-10-10,54,Only Lonely Me,Rick Trevino,52,8,
1998-10-10,55,Honky Tonk America,Sammy Kershaw,51,16,
1998-10-10,56,Wherever You Are,Mark Chesnutt,59,3,Gains In Performance
1998-10-10,57,These Arms,Dwight Yoakam,60,4,Gains In Performance
1998-10-10,58,If The Jukebox Took Teardrops,Danni Leigh,58,5,Gains In Performance
1998-10-10,59,Same Old Train,Various Artists,66,4,Gains In Performance
1998-10-10,60,Hold On To Me,John Michael Montgomery,NEW,1,Gains In Performance
1998-10-17,1,Where The Green Grass Grows,Tim McGraw,1,15,Gains In Performance
1998-10-17,2,Don't Laugh At Me,Mark Wills,2,14,Gains In Performance
1998-10-17,3,"Honey, I'm Home",Shania Twain,5,13,Gains In Performance
1998-10-17,4,I'll Go On Loving You,Alan Jackson,3,12,
1998-10-17,5,Everything's Changed,Lonestar,7,16,Gains In Performance
1998-10-17,6,You're Gone,Diamond Rio,4,21,
1998-10-17,7,Forever Love,Reba,9,13,Gains In Performance
1998-10-17,8,You Move Me,Garth Brooks,10,9,Gains In Performance
1998-10-17,9,How Do You Fall In Love,Alabama,14,12,Gains In Performance
1998-10-17,10,Wide Open Spaces,Dixie Chicks,13,9,Gains In Performance
1998-10-17,11,A Little Past Little Rock,Lee Ann Womack,12,11,Gains In Performance
1998-10-17,12,How Long Gone,Brooks & Dunn,6,16,
1998-10-17,13,Nothin' New Under The Moon,LeAnn Rimes,16,12,Gains In Performance
1998-10-17,14,26 Cents,The Wilkinsons,8,19,
1998-10-17,15,I Wanna Feel That Way Again,Tracy Byrd,17,18,Gains In Performance
1998-10-17,16,It Must Be Love,Ty Herndon,18,10,Gains In Performance
1998-10-17,17,Loosen Up My Strings,Clint Black,15,10,
1998-10-17,18,True,George Strait,11,21,
1998-10-17,19,Someone You Used To Know,Collin Raye,20,9,Gains In Performance
1998-10-17,20,We Really Shouldn't Be Doing This,George Strait,25,10,Gains In Performance
1998-10-17,21,I'm Alright,Jo Dee Messina,19,22,Gains In Performance
1998-10-17,22,You're Easy On The Eyes,Terri Clark,23,8,Gains In Performance
1998-10-17,23,Where Your Road Leads,Trisha Yearwood With Garth Brooks,24,5,Gains In Performance
1998-10-17,24,Let Me Let Go,Faith Hill,31,6,Gains In Performance
1998-10-17,25,Husbands And Wives,Brooks & Dunn,36,4,Gains In Performance
1998-10-17,26,Cover You In Kisses,John Michael Montgomery,21,21,
1998-10-17,27,How Do You Sleep At Night,Wade Hayes,27,16,Gains In Performance
1998-10-17,28,There's Your Trouble,Dixie Chicks,22,28,
1998-10-17,29,I Can Still Feel You,Collin Raye,28,26,
1998-10-17,30,I Will Stand,Kenny Chesney,32,10,Gains In Performance
1998-10-17,31,For You I Will,Aaron Tippin,34,11,Gains In Performance
1998-10-17,32,You're Beginning To Get To Me,Clay Walker,35,9,Gains In Performance
1998-10-17,33,There You Have It,BlackHawk,39,8,Gains In Performance
1998-10-17,34,Getcha Some,Toby Keith,37,6,Gains In Performance
1998-10-17,35,Absence Of The Heart,Deana Carter,41,4,Gains In Performance
1998-10-17,36,Wrong Again,Martina McBride,44,5,Gains In Performance
1998-10-17,37,If I Lost You,Travis Tritt,40,8,Gains In Performance
1998-10-17,38,Love Happens Like That,Neal McCoy,30,17,
1998-10-17,39,Guilty,The Warren Brothers,46,8,Gains In Performance
1998-10-17,40,The Hole,Randy Travis,43,19,
1998-10-17,41,Every Time,Pam Tillis,45,6,Gains In Performance
1998-10-17,42,Coming Back For You,Keith Harling,42,12,
1998-10-17,43,Poor Me,Joe Diffie,47,6,Gains In Performance
1998-10-17,44,"Spirit Of A Boy, Wisdom Of A Man",Randy Travis,53,2,Gains In Performance
1998-10-17,45,A Bitter End,Deryl Dodd,49,6,Gains In Performance
1998-10-17,46,Hold On To Me,John Michael Montgomery,60,2,Gains In Performance
1998-10-17,47,Real Man,Billy Dean,38,16,
1998-10-17,48,Kindly Keep It Country,Vince Gill,61,2,Gains In Performance
1998-10-17,49,By The Book,Michael Peterson,52,4,Gains In Performance
1998-10-17,50,Wherever You Are,Mark Chesnutt,56,4,Gains In Performance
1998-10-17,51,Straight Tequila,Trini Triggs,50,7,Gains In Performance
1998-10-17,52,No Place That Far,Sara Evans,66,3,Gains In Performance
1998-10-17,53,Something To Think About,David Kersh,64,4,Gains In Performance
1998-10-17,54,Tree Of Hearts,Bryan White,48,12,
1998-10-17,55,Slow Down,Mark Nesler,70,3,Gains In Performance
1998-10-17,56,Alone,Monty Holmes,62,8,Gains In Performance
1998-10-17,57,If The Jukebox Took Teardrops,Danni Leigh,58,6,Gains In Performance
1998-10-17,58,Take Me,Lari White,69,3,Gains In Performance
1998-10-17,59,These Arms,Dwight Yoakam,57,5,
1998-10-17,60,Stand Beside Me,Jo Dee Messina,71,2,Gains In Performance
1998-10-24,1,Where The Green Grass Grows,Tim McGraw,1,16,
1998-10-24,2,"Honey, I'm Home",Shania Twain,3,14,Gains In Performance
1998-10-24,3,Don't Laugh At Me,Mark Wills,2,15,
1998-10-24,4,Everything's Changed,Lonestar,5,17,Gains In Performance
1998-10-24,5,How Do You Fall In Love,Alabama,9,13,Gains In Performance
1998-10-24,6,Forever Love,Reba,7,14,Gains In Performance
1998-10-24,7,Wide Open Spaces,Dixie Chicks,10,10,Gains In Performance
1998-10-24,8,You Move Me,Garth Brooks,8,10,Gains In Performance
1998-10-24,9,A Little Past Little Rock,Lee Ann Womack,11,12,Gains In Performance
1998-10-24,10,Nothin' New Under The Moon,LeAnn Rimes,13,13,Gains In Performance
1998-10-24,11,I'll Go On Loving You,Alan Jackson,4,13,
1998-10-24,12,You're Gone,Diamond Rio,6,22,
1998-10-24,13,I Wanna Feel That Way Again,Tracy Byrd,15,19,Gains In Performance
1998-10-24,14,We Really Shouldn't Be Doing This,George Strait,20,11,Gains In Performance
1998-10-24,15,It Must Be Love,Ty Herndon,16,11,Gains In Performance
1998-10-24,16,How Long Gone,Brooks & Dunn,12,17,
1998-10-24,17,You're Easy On The Eyes,Terri Clark,22,9,Gains In Performance
1998-10-24,18,Let Me Let Go,Faith Hill,24,7,Gains In Performance
1998-10-24,19,Someone You Used To Know,Collin Raye,19,10,Gains In Performance
1998-10-24,20,26 Cents,The Wilkinsons,14,20,
1998-10-24,21,Husbands And Wives,Brooks & Dunn,25,5,Gains In Performance
1998-10-24,22,Where Your Road Leads,Trisha Yearwood With Garth Brooks,23,6,Gains In Performance
1998-10-24,23,I'm Alright,Jo Dee Messina,21,23,
1998-10-24,24,True,George Strait,18,22,
1998-10-24,25,How Do You Sleep At Night,Wade Hayes,27,17,Gains In Performance
1998-10-24,26,You're Beginning To Get To Me,Clay Walker,32,10,Gains In Performance
1998-10-24,27,For You I Will,Aaron Tippin,31,12,Gains In Performance
1998-10-24,28,I Will Stand,Kenny Chesney,30,11,Gains In Performance
1998-10-24,29,There's Your Trouble,Dixie Chicks,28,29,
1998-10-24,30,Absence Of The Heart,Deana Carter,35,5,Gains In Performance
1998-10-24,31,Getcha Some,Toby Keith,34,7,Gains In Performance
1998-10-24,32,There You Have It,BlackHawk,33,9,Gains In Performance
1998-10-24,33,If I Lost You,Travis Tritt,37,9,Gains In Performance
1998-10-24,34,Wrong Again,Martina McBride,36,6,Gains In Performance
1998-10-24,35,Loosen Up My Strings,Clint Black,17,11,
1998-10-24,36,Guilty,The Warren Brothers,39,9,Gains In Performance
1998-10-24,37,"Spirit Of A Boy, Wisdom Of A Man",Randy Travis,44,3,Gains In Performance
1998-10-24,38,Every Time,Pam Tillis,41,7,Gains In Performance
1998-10-24,39,Hold On To Me,John Michael Montgomery,46,3,Gains In Performance
1998-10-24,40,Kindly Keep It Country,Vince Gill,48,3,Gains In Performance
1998-10-24,41,A Bitter End,Deryl Dodd,45,7,Gains In Performance
1998-10-24,42,The Hole,Randy Travis,40,20,
1998-10-24,43,Poor Me,Joe Diffie,43,7,Gains In Performance
1998-10-24,44,By The Book,Michael Peterson,49,5,Gains In Performance
1998-10-24,45,No Place That Far,Sara Evans,52,4,Gains In Performance
1998-10-24,46,Stand Beside Me,Jo Dee Messina,60,3,Gains In Performance
1998-10-24,47,Wherever You Are,Mark Chesnutt,50,5,Gains In Performance
1998-10-24,48,Love Happens Like That,Neal McCoy,38,18,
1998-10-24,49,Right On The Money,Alan Jackson,75,2,Gains In Performance
1998-10-24,50,Something To Think About,David Kersh,53,5,Gains In Performance
1998-10-24,51,Straight Tequila,Trini Triggs,51,8,Gains In Performance
1998-10-24,52,Take Me,Lari White,58,4,Gains In Performance
1998-10-24,53,Alone,Monty Holmes,56,9,Gains In Performance
1998-10-24,54,One Day Left To Live,Sammy Kershaw,63,3,Gains In Performance
1998-10-24,55,Wine Into Water,T. Graham Brown,62,6,Gains In Performance
1998-10-24,56,When I Grow Up,Clint Daniels,70,2,Gains In Performance
1998-10-24,57,If The Jukebox Took Teardrops,Danni Leigh,57,7,Gains In Performance
1998-10-24,58,Like Water Into Wine,Patty Loveless,61,2,Gains In Performance
1998-10-24,59,Coming Back For You,Keith Harling,42,13,
1998-10-24,60,Slow Down,Mark Nesler,55,4,
1998-10-31,1,"Honey, I'm Home",Shania Twain,2,15,
1998-10-31,2,Everything's Changed,Lonestar,4,18,Gains In Performance
1998-10-31,3,Wide Open Spaces,Dixie Chicks,7,11,Gains In Performance
1998-10-31,4,Where The Green Grass Grows,Tim McGraw,1,17,
1998-10-31,5,How Do You Fall In Love,Alabama,5,14,Gains In Performance
1998-10-31,6,Don't Laugh At Me,Mark Wills,3,16,
1998-10-31,7,Forever Love,Reba,6,15,Gains In Performance
1998-10-31,8,You Move Me,Garth Brooks,8,11,Gains In Performance
1998-10-31,9,A Little Past Little Rock,Lee Ann Womack,9,13,Gains In Performance
1998-10-31,10,Nothin' New Under The Moon,LeAnn Rimes,10,14,Gains In Performance
1998-10-31,11,I Wanna Feel That Way Again,Tracy Byrd,13,20,Gains In Performance
1998-10-31,12,We Really Shouldn't Be Doing This,George Strait,14,12,Gains In Performance
1998-10-31,13,It Must Be Love,Ty Herndon,15,12,Gains In Performance
1998-10-31,14,Husbands And Wives,Brooks & Dunn,21,6,Gains In Performance
1998-10-31,15,Let Me Let Go,Faith Hill,18,8,Gains In Performance
1998-10-31,16,You're Easy On The Eyes,Terri Clark,17,10,Gains In Performance
1998-10-31,17,Someone You Used To Know,Collin Raye,19,11,Gains In Performance
1998-10-31,18,Where Your Road Leads,Trisha Yearwood With Garth Brooks,22,7,Gains In Performance
1998-10-31,19,You're Gone,Diamond Rio,12,23,
1998-10-31,20,I'll Go On Loving You,Alan Jackson,11,14,
1998-10-31,21,26 Cents,The Wilkinsons,20,21,
1998-10-31,22,How Long Gone,Brooks & Dunn,16,18,
1998-10-31,23,I'm Alright,Jo Dee Messina,23,24,
1998-10-31,24,How Do You Sleep At Night,Wade Hayes,25,18,Gains In Performance
1998-10-31,25,True,George Strait,24,23,
1998-10-31,26,Absence Of The Heart,Deana Carter,30,6,Gains In Performance
1998-10-31,27,You're Beginning To Get To Me,Clay Walker,26,11,Gains In Performance
1998-10-31,28,For You I Will,Aaron Tippin,27,13,Gains In Performance
1998-10-31,29,I Will Stand,Kenny Chesney,28,12,Gains In Performance
1998-10-31,30,Wrong Again,Martina McBride,34,7,Gains In Performance
1998-10-31,31,Getcha Some,Toby Keith,31,8,Gains In Performance
1998-10-31,32,There You Have It,BlackHawk,32,10,Gains In Performance
1998-10-31,33,If I Lost You,Travis Tritt,33,10,Gains In Performance
1998-10-31,34,Right On The Money,Alan Jackson,49,3,Gains In Performance
1998-10-31,35,"Spirit Of A Boy, Wisdom Of A Man",Randy Travis,37,4,Gains In Performance
1998-10-31,36,Guilty,The Warren Brothers,36,10,Gains In Performance
1998-10-31,37,Hold On To Me,John Michael Montgomery,39,4,Gains In Performance
1998-10-31,38,Every Time,Pam Tillis,38,8,Gains In Performance
1998-10-31,39,Kindly Keep It Country,Vince Gill,40,4,Gains In Performance
1998-10-31,40,By The Book,Michael Peterson,44,6,Gains In Performance
1998-10-31,41,A Bitter End,Deryl Dodd,41,8,Gains In Performance
1998-10-31,42,Stand Beside Me,Jo Dee Messina,46,4,Gains In Performance
1998-10-31,43,Poor Me,Joe Diffie,43,8,Gains In Performance
1998-10-31,44,No Place That Far,Sara Evans,45,5,Gains In Performance
1998-10-31,45,Wherever You Are,Mark Chesnutt,47,6,Gains In Performance
1998-10-31,46,Loosen Up My Strings,Clint Black,35,12,
1998-10-31,47,Straight Tequila,Trini Triggs,51,9,Gains In Performance
1998-10-31,48,Something To Think About,David Kersh,50,6,Gains In Performance
1998-10-31,49,Take Me,Lari White,52,5,Gains In Performance
1998-10-31,50,One Day Left To Live,Sammy Kershaw,54,4,Gains In Performance
1998-10-31,51,Unbelievable,Diamond Rio,NEW,1,Highest ranking debut|Gains In Performance
1998-10-31,52,Love Happens Like That,Neal McCoy,48,19,
1998-10-31,53,Wine Into Water,T. Graham Brown,55,7,Gains In Performance
1998-10-31,54,When I Grow Up,Clint Daniels,56,3,Gains In Performance
1998-10-31,55,Ticket Out Of Kansas,Jenny Simpson,70,2,Gains In Performance
1998-10-31,56,Alone,Monty Holmes,53,10,
1998-10-31,57,Like Water Into Wine,Patty Loveless,58,3,Gains In Performance
1998-10-31,58,If The Jukebox Took Teardrops,Danni Leigh,57,8,
1998-10-31,59,Every Little Whisper,Steve Wariner,64,3,Gains In Performance
1998-10-31,60,Slow Down,Mark Nesler,60,5,Gains In Performance
1998-11-07,1,Wide Open Spaces,Dixie Chicks,3,12,Gains In Performance
1998-11-07,2,How Do You Fall In Love,Alabama,5,15,Gains In Performance
1998-11-07,3,You Move Me,Garth Brooks,8,12,Gains In Performance
1998-11-07,4,"Honey, I'm Home",Shania Twain,1,16,
1998-11-07,5,Forever Love,Reba,7,16,Gains In Performance
1998-11-07,6,A Little Past Little Rock,Lee Ann Womack,9,14,Gains In Performance
1998-11-07,7,Where The Green Grass Grows,Tim McGraw,4,18,
1998-11-07,8,Don't Laugh At Me,Mark Wills,6,17,
1998-11-07,9,Everything's Changed,Lonestar,2,19,
1998-11-07,10,I Wanna Feel That Way Again,Tracy Byrd,11,21,Gains In Performance
1998-11-07,11,We Really Shouldn't Be Doing This,George Strait,12,13,Gains In Performance
1998-11-07,12,It Must Be Love,Ty Herndon,13,13,Gains In Performance
1998-11-07,13,Let Me Let Go,Faith Hill,15,9,Gains In Performance
1998-11-07,14,Husbands And Wives,Brooks & Dunn,14,7,Gains In Performance
1998-11-07,15,You're Easy On The Eyes,Terri Clark,16,11,Gains In Performance
1998-11-07,16,Nothin' New Under The Moon,LeAnn Rimes,10,15,
1998-11-07,17,Someone You Used To Know,Collin Raye,17,12,Gains In Performance
1998-11-07,18,Where Your Road Leads,Trisha Yearwood With Garth Brooks,18,8,Gains In Performance
1998-11-07,19,You're Beginning To Get To Me,Clay Walker,27,12,Gains In Performance
1998-11-07,20,Absence Of The Heart,Deana Carter,26,7,Gains In Performance
1998-11-07,21,How Do You Sleep At Night,Wade Hayes,24,19,Gains In Performance
1998-11-07,22,I'm Alright,Jo Dee Messina,23,25,
1998-11-07,23,Right On The Money,Alan Jackson,34,4,Gains In Performance
1998-11-07,24,Wrong Again,Martina McBride,30,8,Gains In Performance
1998-11-07,25,For You I Will,Aaron Tippin,28,14,Gains In Performance
1998-11-07,26,How Long Gone,Brooks & Dunn,22,19,
1998-11-07,27,26 Cents,The Wilkinsons,21,22,
1998-11-07,28,True,George Strait,25,24,
1998-11-07,29,I Will Stand,Kenny Chesney,29,13,Gains In Performance
1998-11-07,30,Getcha Some,Toby Keith,31,9,Gains In Performance
1998-11-07,31,There You Have It,BlackHawk,32,11,Gains In Performance
1998-11-07,32,I'll Go On Loving You,Alan Jackson,20,15,
1998-11-07,33,"Spirit Of A Boy, Wisdom Of A Man",Randy Travis,35,5,Gains In Performance
1998-11-07,34,If I Lost You,Travis Tritt,33,11,
1998-11-07,35,Hold On To Me,John Michael Montgomery,37,5,Gains In Performance
1998-11-07,36,Guilty,The Warren Brothers,36,11,
1998-11-07,37,Kindly Keep It Country,Vince Gill,39,5,Gains In Performance
1998-11-07,38,Every Time,Pam Tillis,38,9,Gains In Performance
1998-11-07,39,Stand Beside Me,Jo Dee Messina,42,5,Gains In Performance
1998-11-07,40,By The Book,Michael Peterson,40,7,Gains In Performance
1998-11-07,41,A Bitter End,Deryl Dodd,41,9,Gains In Performance
1998-11-07,42,Unbelievable,Diamond Rio,51,2,Gains In Performance
1998-11-07,43,No Place That Far,Sara Evans,44,6,Gains In Performance
1998-11-07,44,Poor Me,Joe Diffie,43,9,
1998-11-07,45,Wherever You Are,Mark Chesnutt,45,7,
1998-11-07,46,Something To Think About,David Kersh,48,7,Gains In Performance
1998-11-07,47,Straight Tequila,Trini Triggs,47,10,Gains In Performance
1998-11-07,48,Take Me,Lari White,49,6,Gains In Performance
1998-11-07,49,One Day Left To Live,Sammy Kershaw,50,5,Gains In Performance
1998-11-07,50,Fly (The Angel Song),The Wilkinsons,61,3,Gains In Performance
1998-11-07,51,Loosen Up My Strings,Clint Black,46,13,
1998-11-07,52,Wine Into Water,T. Graham Brown,53,8,Gains In Performance
1998-11-07,53,Every Little Whisper,Steve Wariner,59,4,Gains In Performance
1998-11-07,54,When I Grow Up,Clint Daniels,54,4,Gains In Performance
1998-11-07,55,Busy Man,Billy Ray Cyrus,68,2,Gains In Performance
1998-11-07,56,Slow Down,Mark Nesler,60,6,Gains In Performance
1998-11-07,57,Ticket Out Of Kansas,Jenny Simpson,55,3,
1998-11-07,58,Somebody's Out There Watching,The Kinleys,63,3,Gains In Performance
1998-11-07,59,Like Water Into Wine,Patty Loveless,57,4,
1998-11-07,60,I'm A Cowboy,Bill Engvall,62,4,
1998-11-14,1,Wide Open Spaces,Dixie Chicks,1,13,Gains In Performance
1998-11-14,2,A Little Past Little Rock,Lee Ann Womack,6,15,Gains In Performance
1998-11-14,3,How Do You Fall In Love,Alabama,2,16,
1998-11-14,4,Forever Love,Reba,5,17,
1998-11-14,5,You Move Me,Garth Brooks,3,13,
1998-11-14,6,It Must Be Love,Ty Herndon,12,14,Gains In Performance
1998-11-14,7,We Really Shouldn't Be Doing This,George Strait,11,14,Gains In Performance
1998-11-14,8,"Honey, I'm Home",Shania Twain,4,17,
1998-11-14,9,I Wanna Feel That Way Again,Tracy Byrd,10,22,
1998-11-14,10,Don't Laugh At Me,Mark Wills,8,18,
1998-11-14,11,Husbands And Wives,Brooks & Dunn,14,8,Gains In Performance
1998-11-14,12,Where The Green Grass Grows,Tim McGraw,7,19,
1998-11-14,13,Let Me Let Go,Faith Hill,13,10,Gains In Performance
1998-11-14,14,You're Easy On The Eyes,Terri Clark,15,12,Gains In Performance
1998-11-14,15,Someone You Used To Know,Collin Raye,17,13,Gains In Performance
1998-11-14,16,Everything's Changed,Lonestar,9,20,
1998-11-14,17,Right On The Money,Alan Jackson,23,5,Gains In Performance
1998-11-14,18,You're Beginning To Get To Me,Clay Walker,19,13,Gains In Performance
1998-11-14,19,How Do You Sleep At Night,Wade Hayes,21,20,Gains In Performance
1998-11-14,20,Absence Of The Heart,Deana Carter,20,8,Gains In Performance
1998-11-14,21,Wrong Again,Martina McBride,24,9,Gains In Performance
1998-11-14,22,For You I Will,Aaron Tippin,25,15,Gains In Performance
1998-11-14,23,There You Have It,BlackHawk,31,12,Gains In Performance
1998-11-14,24,Where Your Road Leads,Trisha Yearwood With Garth Brooks,18,9,
1998-11-14,25,Getcha Some,Toby Keith,30,10,Gains In Performance
1998-11-14,26,How Long Gone,Brooks & Dunn,26,20,Gains In Performance
1998-11-14,27,I Will Stand,Kenny Chesney,29,14,Gains In Performance
1998-11-14,28,I'm Alright,Jo Dee Messina,22,26,
1998-11-14,29,"Spirit Of A Boy, Wisdom Of A Man",Randy Travis,33,6,Gains In Performance
1998-11-14,30,True,George Strait,28,25,
1998-11-14,31,Hold On To Me,John Michael Montgomery,35,6,Gains In Performance
1998-11-14,32,If I Lost You,Travis Tritt,34,12,Gains In Performance
1998-11-14,33,It's Your Song,Garth Brooks,NEW,1,Highest ranking debut|Gains In Performance
1998-11-14,34,I'll Go On Loving You,Alan Jackson,32,16,
1998-11-14,35,Kindly Keep It Country,Vince Gill,37,6,Gains In Performance
1998-11-14,36,Nothin' New Under The Moon,LeAnn Rimes,16,16,
1998-11-14,37,Stand Beside Me,Jo Dee Messina,39,6,Gains In Performance
1998-11-14,38,Guilty,The Warren Brothers,36,12,Gains In Performance
1998-11-14,39,Unbelievable,Diamond Rio,42,3,Gains In Performance
1998-11-14,40,By The Book,Michael Peterson,40,8,Gains In Performance
1998-11-14,41,A Bitter End,Deryl Dodd,41,10,Gains In Performance
1998-11-14,42,No Place That Far,Sara Evans,43,7,Gains In Performance
1998-11-14,43,Every Time,Pam Tillis,38,10,
1998-11-14,44,Fly (The Angel Song),The Wilkinsons,50,4,Gains In Performance
1998-11-14,45,Take Me,Lari White,48,7,Gains In Performance
1998-11-14,46,For A Little While,Tim McGraw,74,2,Gains In Performance
1998-11-14,47,Straight Tequila,Trini Triggs,47,11,Gains In Performance
1998-11-14,48,Something To Think About,David Kersh,46,8,Gains In Performance
1998-11-14,49,One Day Left To Live,Sammy Kershaw,49,6,Gains In Performance
1998-11-14,50,Every Little Whisper,Steve Wariner,53,5,Gains In Performance
1998-11-14,51,Wine Into Water,T. Graham Brown,52,9,Gains In Performance
1998-11-14,52,Somebody's Out There Watching,The Kinleys,58,4,Gains In Performance
1998-11-14,53,Busy Man,Billy Ray Cyrus,55,3,Gains In Performance
1998-11-14,54,Ticket Out Of Kansas,Jenny Simpson,57,4,Gains In Performance
1998-11-14,55,When I Grow Up,Clint Daniels,54,5,Gains In Performance
1998-11-14,56,I'm Yours,Linda Davis,62,3,Gains In Performance
1998-11-14,57,Slow Down,Mark Nesler,56,7,Gains In Performance
1998-11-14,58,Wherever You Are,Mark Chesnutt,45,8,
1998-11-14,59,Wrong Night,Reba,NEW,1,Gains In Performance
1998-11-14,60,Ordinary Life,Chad Brock,63,2,Gains In Performance
1998-11-21,1,Wide Open Spaces,Dixie Chicks,1,14,Gains In Performance
1998-11-21,2,A Little Past Little Rock,Lee Ann Womack,2,16,Gains In Performance
1998-11-21,3,It Must Be Love,Ty Herndon,6,15,Gains In Performance
1998-11-21,4,We Really Shouldn't Be Doing This,George Strait,7,15,Gains In Performance
1998-11-21,5,Husbands And Wives,Brooks & Dunn,11,9,Gains In Performance
1998-11-21,6,Someone You Used To Know,Collin Raye,15,14,Gains In Performance
1998-11-21,7,Let Me Let Go,Faith Hill,13,11,Gains In Performance
1998-11-21,8,You're Easy On The Eyes,Terri Clark,14,13,Gains In Performance
1998-11-21,9,Right On The Money,Alan Jackson,17,6,Gains In Performance
1998-11-21,10,It's Your Song,Garth Brooks,33,2,Gains In Performance
1998-11-21,11,How Do You Fall In Love,Alabama,3,17,
1998-11-21,12,"Honey, I'm Home",Shania Twain,8,18,
1998-11-21,13,You're Beginning To Get To Me,Clay Walker,18,14,Gains In Performance
1998-11-21,14,Don't Laugh At Me,Mark Wills,10,19,
1998-11-21,15,Where The Green Grass Grows,Tim McGraw,12,20,
1998-11-21,16,You Move Me,Garth Brooks,5,14,
1998-11-21,17,Forever Love,Reba,4,18,
1998-11-21,18,Wrong Again,Martina McBride,21,10,Gains In Performance
1998-11-21,19,How Do You Sleep At Night,Wade Hayes,19,21,Gains In Performance
1998-11-21,20,Absence Of The Heart,Deana Carter,20,9,Gains In Performance
1998-11-21,21,For You I Will,Aaron Tippin,22,16,Gains In Performance
1998-11-21,22,Everything's Changed,Lonestar,16,21,
1998-11-21,23,I Wanna Feel That Way Again,Tracy Byrd,9,23,
1998-11-21,24,There You Have It,BlackHawk,23,13,Gains In Performance
1998-11-21,25,"Spirit Of A Boy, Wisdom Of A Man",Randy Travis,29,7,Gains In Performance
1998-11-21,26,Getcha Some,Toby Keith,25,11,Gains In Performance
1998-11-21,27,I'm Alright,Jo Dee Messina,28,27,
1998-11-21,28,I Will Stand,Kenny Chesney,27,15,
1998-11-21,29,Hold On To Me,John Michael Montgomery,31,7,Gains In Performance
1998-11-21,30,How Long Gone,Brooks & Dunn,26,21,
1998-11-21,31,Stand Beside Me,Jo Dee Messina,37,7,Gains In Performance
1998-11-21,32,If I Lost You,Travis Tritt,32,13,Gains In Performance
1998-11-21,33,Where Your Road Leads,Trisha Yearwood With Garth Brooks,24,10,
1998-11-21,34,Unbelievable,Diamond Rio,39,4,Gains In Performance
1998-11-21,35,For A Little While,Tim McGraw,46,3,Gains In Performance
1998-11-21,36,I'll Go On Loving You,Alan Jackson,34,17,
1998-11-21,37,Kindly Keep It Country,Vince Gill,35,7,Gains In Performance
1998-11-21,38,Guilty,The Warren Brothers,38,13,Gains In Performance
1998-11-21,39,By The Book,Michael Peterson,40,9,Gains In Performance
1998-11-21,40,No Place That Far,Sara Evans,42,8,Gains In Performance
1998-11-21,41,A Bitter End,Deryl Dodd,41,11,Gains In Performance
1998-11-21,42,Fly (The Angel Song),The Wilkinsons,44,5,Gains In Performance
1998-11-21,43,Nothin' New Under The Moon,LeAnn Rimes,36,17,
1998-11-21,44,Wrong Night,Reba,59,2,Gains In Performance
1998-11-21,45,Busy Man,Billy Ray Cyrus,53,4,Gains In Performance
1998-11-21,46,Take Me,Lari White,45,8,Gains In Performance
1998-11-21,47,Every Little Whisper,Steve Wariner,50,6,Gains In Performance
1998-11-21,48,Somebody's Out There Watching,The Kinleys,52,5,Gains In Performance
1998-11-21,49,Straight Tequila,Trini Triggs,47,12,
1998-11-21,50,Something To Think About,David Kersh,48,9,Gains In Performance
1998-11-21,51,One Day Left To Live,Sammy Kershaw,49,7,Gains In Performance
1998-11-21,52,I'm Yours,Linda Davis,56,4,Gains In Performance
1998-11-21,53,Wine Into Water,T. Graham Brown,51,10,Gains In Performance
1998-11-21,54,Ticket Out Of Kansas,Jenny Simpson,54,5,Gains In Performance
1998-11-21,55,When I Grow Up,Clint Daniels,55,6,Gains In Performance
1998-11-21,56,Slow Down,Mark Nesler,57,8,Gains In Performance
1998-11-21,57,Ordinary Life,Chad Brock,60,3,Gains In Performance
1998-11-21,58,Every Time,Pam Tillis,43,11,
1998-11-21,59,Leave My Mama Out Of This,Monty Holmes,71,2,Gains In Performance
1998-11-21,60,Loosen Up My Strings,Clint Black,63,15,Gains In Performance
1998-11-28,1,Wide Open Spaces,Dixie Chicks,1,15,
1998-11-28,2,A Little Past Little Rock,Lee Ann Womack,2,17,
1998-11-28,3,It Must Be Love,Ty Herndon,3,16,Gains In Performance
1998-11-28,4,Let Me Let Go,Faith Hill,7,12,Gains In Performance
1998-11-28,5,We Really Shouldn't Be Doing This,George Strait,4,16,Gains In Performance
1998-11-28,6,Someone You Used To Know,Collin Raye,6,15,Gains In Performance
1998-11-28,7,Husbands And Wives,Brooks & Dunn,5,10,Gains In Performance
1998-11-28,8,You're Easy On The Eyes,Terri Clark,8,14,Gains In Performance
1998-11-28,9,It's Your Song,Garth Brooks,10,3,Gains In Performance
1998-11-28,10,Right On The Money,Alan Jackson,9,7,Gains In Performance
1998-11-28,11,You're Beginning To Get To Me,Clay Walker,13,15,Gains In Performance
1998-11-28,12,How Do You Fall In Love,Alabama,11,18,
1998-11-28,13,How Do You Sleep At Night,Wade Hayes,19,22,Gains In Performance
1998-11-28,14,Wrong Again,Martina McBride,18,11,Gains In Performance
1998-11-28,15,For You I Will,Aaron Tippin,21,17,Gains In Performance
1998-11-28,16,Don't Laugh At Me,Mark Wills,14,20,
1998-11-28,17,Where The Green Grass Grows,Tim McGraw,15,21,
1998-11-28,18,Absence Of The Heart,Deana Carter,20,10,
1998-11-28,19,There You Have It,BlackHawk,24,14,Gains In Performance
1998-11-28,20,"Honey, I'm Home",Shania Twain,12,19,
1998-11-28,21,"Spirit Of A Boy, Wisdom Of A Man",Randy Travis,25,8,Gains In Performance
1998-11-28,22,Getcha Some,Toby Keith,26,12,Gains In Performance
1998-11-28,23,Everything's Changed,Lonestar,22,22,
1998-11-28,24,For A Little While,Tim McGraw,35,4,Gains In Performance
1998-11-28,25,Stand Beside Me,Jo Dee Messina,31,8,Gains In Performance
1998-11-28,26,Hold On To Me,John Michael Montgomery,29,8,Gains In Performance
1998-11-28,27,You Move Me,Garth Brooks,16,15,
1998-11-28,28,Unbelievable,Diamond Rio,34,5,Gains In Performance
1998-11-28,29,I'm Alright,Jo Dee Messina,27,28,
1998-11-28,30,If I Lost You,Travis Tritt,32,14,Gains In Performance
1998-11-28,31,Forever Love,Reba,17,19,
1998-11-28,32,Wrong Night,Reba,44,3,Gains In Performance
1998-11-28,33,Kindly Keep It Country,Vince Gill,37,8,
1998-11-28,34,Guilty,The Warren Brothers,38,14,
1998-11-28,35,I'll Go On Loving You,Alan Jackson,36,18,
1998-11-28,36,Fly (The Angel Song),The Wilkinsons,42,6,Gains In Performance
1998-11-28,37,By The Book,Michael Peterson,39,10,Gains In Performance
1998-11-28,38,No Place That Far,Sara Evans,40,9,Gains In Performance
1998-11-28,39,I Will Stand,Kenny Chesney,28,16,
1998-11-28,40,Busy Man,Billy Ray Cyrus,45,5,Gains In Performance
1998-11-28,41,A Bitter End,Deryl Dodd,41,12,Gains In Performance
1998-11-28,42,Where Your Road Leads,Trisha Yearwood With Garth Brooks,33,11,
1998-11-28,43,Take Me,Lari White,46,9,Gains In Performance
1998-11-28,44,Nothin' New Under The Moon,LeAnn Rimes,43,18,
1998-11-28,45,Somebody's Out There Watching,The Kinleys,48,6,Gains In Performance
1998-11-28,46,I Don't Want To Miss A Thing,Mark Chesnutt,75,2,Gains In Performance
1998-11-28,47,Every Little Whisper,Steve Wariner,47,7,Gains In Performance
1998-11-28,48,Something To Think About,David Kersh,50,10,Gains In Performance
1998-11-28,49,One Day Left To Live,Sammy Kershaw,51,8,Gains In Performance
1998-11-28,50,Straight Tequila,Trini Triggs,49,13,
1998-11-28,51,I'm Yours,Linda Davis,52,5,
1998-11-28,52,Wine Into Water,T. Graham Brown,53,11,
1998-11-28,53,Slow Down,Mark Nesler,56,9,Gains In Performance
1998-11-28,54,When I Grow Up,Clint Daniels,55,7,
1998-11-28,55,Ticket Out Of Kansas,Jenny Simpson,54,6,
1998-11-28,56,Ordinary Life,Chad Brock,57,4,Gains In Performance
1998-11-28,57,Shortenin' Bread,The Tractors,61,2,Gains In Performance
1998-11-28,58,I Won't Lie,Shannon Brown,62,4,Gains In Performance
1998-11-28,59,I'll Take Today,Gary Allan,66,3,Gains In Performance
1998-11-28,60,These Arms Of Mine,LeAnn Rimes,NEW,1,Highest ranking debut|Gains In Performance
1998-12-05,1,It Must Be Love,Ty Herndon,3,17,Gains In Performance
1998-12-05,2,Let Me Let Go,Faith Hill,4,13,Gains In Performance
1998-12-05,3,Wide Open Spaces,Dixie Chicks,1,16,
1998-12-05,4,A Little Past Little Rock,Lee Ann Womack,2,18,
1998-12-05,5,Husbands And Wives,Brooks & Dunn,7,11,Gains In Performance
1998-12-05,6,Someone You Used To Know,Collin Raye,6,16,Gains In Performance
1998-12-05,7,You're Easy On The Eyes,Terri Clark,8,15,Gains In Performance
1998-12-05,8,We Really Shouldn't Be Doing This,George Strait,5,17,Gains In Performance
1998-12-05,9,Right On The Money,Alan Jackson,10,8,Gains In Performance
1998-12-05,10,It's Your Song,Garth Brooks,9,4,
1998-12-05,11,You're Beginning To Get To Me,Clay Walker,11,16,Gains In Performance
1998-12-05,12,For You I Will,Aaron Tippin,15,18,Gains In Performance
1998-12-05,13,Wrong Again,Martina McBride,14,12,Gains In Performance
1998-12-05,14,How Do You Sleep At Night,Wade Hayes,13,23,Gains In Performance
1998-12-05,15,There You Have It,BlackHawk,19,15,Gains In Performance
1998-12-05,16,Absence Of The Heart,Deana Carter,18,11,Gains In Performance
1998-12-05,17,For A Little While,Tim McGraw,24,5,Gains In Performance
1998-12-05,18,Don't Laugh At Me,Mark Wills,16,21,
1998-12-05,19,How Do You Fall In Love,Alabama,12,19,
1998-12-05,20,"Spirit Of A Boy, Wisdom Of A Man",Randy Travis,21,9,Gains In Performance
1998-12-05,21,Getcha Some,Toby Keith,22,13,Gains In Performance
1998-12-05,22,Where The Green Grass Grows,Tim McGraw,17,22,
1998-12-05,23,Stand Beside Me,Jo Dee Messina,25,9,Gains In Performance
1998-12-05,24,"Honey, I'm Home",Shania Twain,20,20,
1998-12-05,25,Everything's Changed,Lonestar,23,23,
1998-12-05,26,Hold On To Me,John Michael Montgomery,26,9,Gains In Performance
1998-12-05,27,Wrong Night,Reba,32,4,Gains In Performance
1998-12-05,28,Unbelievable,Diamond Rio,28,6,Gains In Performance
1998-12-05,29,I'm Alright,Jo Dee Messina,29,29,
1998-12-05,30,If I Lost You,Travis Tritt,30,15,Gains In Performance
1998-12-05,31,You Move Me,Garth Brooks,27,16,
1998-12-05,32,Forever Love,Reba,31,20,
1998-12-05,33,No Place That Far,Sara Evans,38,10,Gains In Performance
1998-12-05,34,Guilty,The Warren Brothers,34,15,Gains In Performance
1998-12-05,35,By The Book,Michael Peterson,37,11,Gains In Performance
1998-12-05,36,Fly (The Angel Song),The Wilkinsons,36,7,Gains In Performance
1998-12-05,37,I'll Go On Loving You,Alan Jackson,35,19,Gains In Performance
1998-12-05,38,Busy Man,Billy Ray Cyrus,40,6,Gains In Performance
1998-12-05,39,Kindly Keep It Country,Vince Gill,33,9,
1998-12-05,40,A Bitter End,Deryl Dodd,41,13,Gains In Performance
1998-12-05,41,I Don't Want To Miss A Thing,Mark Chesnutt,46,3,Gains In Performance
1998-12-05,42,Take Me,Lari White,43,10,Gains In Performance
1998-12-05,43,Somebody's Out There Watching,The Kinleys,45,7,Gains In Performance
1998-12-05,44,Nothin' New Under The Moon,LeAnn Rimes,44,19,
1998-12-05,45,Every Little Whisper,Steve Wariner,47,8,Gains In Performance
1998-12-05,46,Where Your Road Leads,Trisha Yearwood With Garth Brooks,42,12,
1998-12-05,47,One Day Left To Live,Sammy Kershaw,49,9,Gains In Performance
1998-12-05,48,Something To Think About,David Kersh,48,11,Gains In Performance
1998-12-05,49,Wine Into Water,T. Graham Brown,52,12,Gains In Performance
1998-12-05,50,I'm Yours,Linda Davis,51,6,Gains In Performance
1998-12-05,51,I Will Stand,Kenny Chesney,39,17,
1998-12-05,52,Slow Down,Mark Nesler,53,10,Gains In Performance
1998-12-05,53,When I Grow Up,Clint Daniels,54,8,
1998-12-05,54,Ordinary Life,Chad Brock,56,5,Gains In Performance
1998-12-05,55,Powerful Thing,Trisha Yearwood,70,2,Gains In Performance
1998-12-05,56,Straight Tequila,Trini Triggs,50,14,
1998-12-05,57,These Arms Of Mine,LeAnn Rimes,60,2,Gains In Performance
1998-12-05,58,I'll Take Today,Gary Allan,59,4,Gains In Performance
1998-12-05,59,Shortenin' Bread,The Tractors,57,3,Gains In Performance
1998-12-05,60,I Won't Lie,Shannon Brown,58,5,Gains In Performance
1998-12-12,1,Let Me Let Go,Faith Hill,2,14,Gains In Performance
1998-12-12,2,It Must Be Love,Ty Herndon,1,18,Gains In Performance
1998-12-12,3,Husbands And Wives,Brooks & Dunn,5,12,Gains In Performance
1998-12-12,4,You're Easy On The Eyes,Terri Clark,7,16,Gains In Performance
1998-12-12,5,Someone You Used To Know,Collin Raye,6,17,Gains In Performance
1998-12-12,6,We Really Shouldn't Be Doing This,George Strait,8,18,Gains In Performance
1998-12-12,7,Wide Open Spaces,Dixie Chicks,3,17,
1998-12-12,8,Right On The Money,Alan Jackson,9,9,Gains In Performance
1998-12-12,9,You're Beginning To Get To Me,Clay Walker,11,17,Gains In Performance
1998-12-12,10,A Little Past Little Rock,Lee Ann Womack,4,19,
1998-12-12,11,It's Your Song,Garth Brooks,10,5,
1998-12-12,12,For You I Will,Aaron Tippin,12,19,Gains In Performance
1998-12-12,13,Wrong Again,Martina McBride,13,13,Gains In Performance
1998-12-12,14,There You Have It,BlackHawk,15,16,Gains In Performance
1998-12-12,15,For A Little While,Tim McGraw,17,6,Gains In Performance
1998-12-12,16,How Do You Sleep At Night,Wade Hayes,14,24,
1998-12-12,17,"Spirit Of A Boy, Wisdom Of A Man",Randy Travis,20,10,Gains In Performance
1998-12-12,18,Stand Beside Me,Jo Dee Messina,23,10,Gains In Performance
1998-12-12,19,Absence Of The Heart,Deana Carter,16,12,Gains In Performance
1998-12-12,20,Getcha Some,Toby Keith,21,14,Gains In Performance
1998-12-12,21,Wrong Night,Reba,27,5,Gains In Performance
1998-12-12,22,Where The Green Grass Grows,Tim McGraw,22,23,
1998-12-12,23,Hold On To Me,John Michael Montgomery,26,10,Gains In Performance
1998-12-12,24,Unbelievable,Diamond Rio,28,7,Gains In Performance
1998-12-12,25,Don't Laugh At Me,Mark Wills,18,22,
1998-12-12,26,"Honey, I'm Home",Shania Twain,24,21,
1998-12-12,27,How Do You Fall In Love,Alabama,19,20,
1998-12-12,28,Everything's Changed,Lonestar,25,24,
1998-12-12,29,If I Lost You,Travis Tritt,30,16,Gains In Performance
1998-12-12,30,I'm Alright,Jo Dee Messina,29,30,
1998-12-12,31,No Place That Far,Sara Evans,33,11,Gains In Performance
1998-12-12,32,Fly (The Angel Song),The Wilkinsons,36,8,Gains In Performance
1998-12-12,33,By The Book,Michael Peterson,35,12,Gains In Performance
1998-12-12,34,Busy Man,Billy Ray Cyrus,38,7,Gains In Performance
1998-12-12,35,You Move Me,Garth Brooks,31,17,
1998-12-12,36,I Don't Want To Miss A Thing,Mark Chesnutt,41,4,Gains In Performance
1998-12-12,37,Guilty,The Warren Brothers,34,16,
1998-12-12,38,A Bitter End,Deryl Dodd,40,14,Gains In Performance
1998-12-12,39,I'll Go On Loving You,Alan Jackson,37,20,
1998-12-12,40,Take Me,Lari White,42,11,Gains In Performance
1998-12-12,41,Somebody's Out There Watching,The Kinleys,43,8,Gains In Performance
1998-12-12,42,Kindly Keep It Country,Vince Gill,39,10,
1998-12-12,43,Powerful Thing,Trisha Yearwood,55,3,Gains In Performance
1998-12-12,44,Every Little Whisper,Steve Wariner,45,9,Gains In Performance
1998-12-12,45,One Day Left To Live,Sammy Kershaw,47,10,Gains In Performance
1998-12-12,46,I'm Yours,Linda Davis,50,7,Gains In Performance
1998-12-12,47,Wine Into Water,T. Graham Brown,49,13,
1998-12-12,48,Nothin' New Under The Moon,LeAnn Rimes,44,20,
1998-12-12,49,Something To Think About,David Kersh,48,12,
1998-12-12,50,Slow Down,Mark Nesler,52,11,Gains In Performance
1998-12-12,51,These Arms Of Mine,LeAnn Rimes,57,3,Gains In Performance
1998-12-12,52,Ordinary Life,Chad Brock,54,6,Gains In Performance
1998-12-12,53,Keepin' Up,Alabama,70,2,Gains In Performance
1998-12-12,54,Where Your Road Leads,Trisha Yearwood With Garth Brooks,46,13,
1998-12-12,55,I'll Take Today,Gary Allan,58,5,Gains In Performance
1998-12-12,56,I Will Stand,Kenny Chesney,51,18,
1998-12-12,57,Drive Me Wild,Sawyer Brown,61,5,Gains In Performance
1998-12-12,58,Can't Stop Thinkin' 'Bout That,Ricochet,62,4,Gains In Performance
1998-12-12,59,Shortenin' Bread,The Tractors,59,4,Gains In Performance
1998-12-12,60,That Don't Impress Me Much,Shania Twain,NEW,1,Highest ranking debut|Gains In Performance
1998-12-19,1,Husbands And Wives,Brooks & Dunn,3,13,Gains In Performance
1998-12-19,2,Let Me Let Go,Faith Hill,1,15,
1998-12-19,3,You're Easy On The Eyes,Terri Clark,4,17,Gains In Performance
1998-12-19,4,Someone You Used To Know,Collin Raye,5,18,Gains In Performance
1998-12-19,5,We Really Shouldn't Be Doing This,George Strait,6,19,Gains In Performance
1998-12-19,6,You're Beginning To Get To Me,Clay Walker,9,18,Gains In Performance
1998-12-19,7,Right On The Money,Alan Jackson,8,10,Gains In Performance
1998-12-19,8,It Must Be Love,Ty Herndon,2,19,
1998-12-19,9,Wrong Again,Martina McBride,13,14,Gains In Performance
1998-12-19,10,Wide Open Spaces,Dixie Chicks,7,18,
1998-12-19,11,For You I Will,Aaron Tippin,12,20,Gains In Performance
1998-12-19,12,There You Have It,BlackHawk,14,17,Gains In Performance
1998-12-19,13,For A Little While,Tim McGraw,15,7,Gains In Performance
1998-12-19,14,Stand Beside Me,Jo Dee Messina,18,11,Gains In Performance
1998-12-19,15,"Spirit Of A Boy, Wisdom Of A Man",Randy Travis,17,11,Gains In Performance
1998-12-19,16,Wrong Night,Reba,21,6,Gains In Performance
1998-12-19,17,It's Your Song,Garth Brooks,11,6,
1998-12-19,18,Getcha Some,Toby Keith,20,15,Gains In Performance
1998-12-19,19,Hold On To Me,John Michael Montgomery,23,11,Gains In Performance
1998-12-19,20,A Little Past Little Rock,Lee Ann Womack,10,20,
1998-12-19,21,Unbelievable,Diamond Rio,24,8,Gains In Performance
1998-12-19,22,Where The Green Grass Grows,Tim McGraw,22,24,
1998-12-19,23,"Honey, I'm Home",Shania Twain,26,22,
1998-12-19,24,I Don't Want To Miss A Thing,Mark Chesnutt,36,5,Gains In Performance
1998-12-19,25,Absence Of The Heart,Deana Carter,19,13,
1998-12-19,26,Don't Laugh At Me,Mark Wills,25,23,
1998-12-19,27,No Place That Far,Sara Evans,31,12,Gains In Performance
1998-12-19,28,Everything's Changed,Lonestar,28,25,
1998-12-19,29,Fly (The Angel Song),The Wilkinsons,32,9,Gains In Performance
1998-12-19,30,How Do You Fall In Love,Alabama,27,21,
1998-12-19,31,Busy Man,Billy Ray Cyrus,34,8,Gains In Performance
1998-12-19,32,If I Lost You,Travis Tritt,29,17,
1998-12-19,33,By The Book,Michael Peterson,33,13,Gains In Performance
1998-12-19,34,A Bitter End,Deryl Dodd,38,15,Gains In Performance
1998-12-19,35,You Move Me,Garth Brooks,35,18,
1998-12-19,36,Powerful Thing,Trisha Yearwood,43,4,Gains In Performance
1998-12-19,37,Take Me,Lari White,40,12,Gains In Performance
1998-12-19,38,Somebody's Out There Watching,The Kinleys,41,9,Gains In Performance
1998-12-19,39,Guilty,The Warren Brothers,37,17,
1998-12-19,40,That Don't Impress Me Much,Shania Twain,60,2,Gains In Performance
1998-12-19,41,Keepin' Up,Alabama,53,3,Gains In Performance
1998-12-19,42,One Day Left To Live,Sammy Kershaw,45,11,Gains In Performance
1998-12-19,43,Every Little Whisper,Steve Wariner,44,10,
1998-12-19,44,I'm Yours,Linda Davis,46,8,Gains In Performance
1998-12-19,45,Wine Into Water,T. Graham Brown,47,14,Gains In Performance
1998-12-19,46,These Arms Of Mine,LeAnn Rimes,51,4,Gains In Performance
1998-12-19,47,Slow Down,Mark Nesler,50,12,Gains In Performance
1998-12-19,48,Ordinary Life,Chad Brock,52,7,Gains In Performance
1998-12-19,49,You Were Mine,Dixie Chicks,69,2,Gains In Performance
1998-12-19,50,Drive Me Wild,Sawyer Brown,57,6,Gains In Performance
1998-12-19,51,I'll Take Today,Gary Allan,55,6,Gains In Performance
1998-12-19,52,Here's Your Sign Christmas,Bill Engvall,66,2,Gains In Performance
1998-12-19,53,Kindly Keep It Country,Vince Gill,42,11,
1998-12-19,54,How Forever Feels,Kenny Chesney,65,2,Gains In Performance
1998-12-19,55,Something To Think About,David Kersh,49,13,
1998-12-19,56,"Let It Snow, Let It Snow, Let It Snow",Ricochet,62,12,Gains In Performance
1998-12-19,57,Can't Stop Thinkin' 'Bout That,Ricochet,58,5,Gains In Performance
1998-12-19,58,I Won't Lie,Shannon Brown,61,7,Gains In Performance
1998-12-19,59,Where Your Road Leads,Trisha Yearwood With Garth Brooks,54,14,
1998-12-19,60,Shortenin' Bread,The Tractors,59,5,
1998-12-26,1,You're Easy On The Eyes,Terri Clark,3,18,Gains In Performance
1998-12-26,2,Husbands And Wives,Brooks & Dunn,1,14,
1998-12-26,3,Someone You Used To Know,Collin Raye,4,19,
1998-12-26,4,Let Me Let Go,Faith Hill,2,16,
1998-12-26,5,You're Beginning To Get To Me,Clay Walker,6,19,Gains In Performance
1998-12-26,6,Right On The Money,Alan Jackson,7,11,Gains In Performance
1998-12-26,7,Wrong Again,Martina McBride,9,15,Gains In Performance
1998-12-26,8,For You I Will,Aaron Tippin,11,21,Gains In Performance
1998-12-26,9,There You Have It,BlackHawk,12,18,Gains In Performance
1998-12-26,10,We Really Shouldn't Be Doing This,George Strait,5,20,
1998-12-26,11,For A Little While,Tim McGraw,13,8,Gains In Performance
1998-12-26,12,It Must Be Love,Ty Herndon,8,20,
1998-12-26,13,"Spirit Of A Boy, Wisdom Of A Man",Randy Travis,15,12,Gains In Performance
1998-12-26,14,Stand Beside Me,Jo Dee Messina,14,12,Gains In Performance
1998-12-26,15,Wrong Night,Reba,16,7,Gains In Performance
1998-12-26,16,Unbelievable,Diamond Rio,21,9,Gains In Performance
1998-12-26,17,Wide Open Spaces,Dixie Chicks,10,19,
1998-12-26,18,Hold On To Me,John Michael Montgomery,19,12,Gains In Performance
1998-12-26,19,I Don't Want To Miss A Thing,Mark Chesnutt,24,6,Gains In Performance
1998-12-26,20,It's Your Song,Garth Brooks,17,7,
1998-12-26,21,Getcha Some,Toby Keith,18,16,
1998-12-26,22,No Place That Far,Sara Evans,27,13,Gains In Performance
1998-12-26,23,Where The Green Grass Grows,Tim McGraw,22,25,
1998-12-26,24,Busy Man,Billy Ray Cyrus,31,9,Gains In Performance
1998-12-26,25,Fly (The Angel Song),The Wilkinsons,29,10,Gains In Performance
1998-12-26,26,A Little Past Little Rock,Lee Ann Womack,20,21,
1998-12-26,27,Don't Laugh At Me,Mark Wills,26,24,
1998-12-26,28,"Honey, I'm Home",Shania Twain,23,23,
1998-12-26,29,Everything's Changed,Lonestar,28,26,
1998-12-26,30,By The Book,Michael Peterson,33,14,Gains In Performance
1998-12-26,31,Powerful Thing,Trisha Yearwood,36,5,Gains In Performance
1998-12-26,32,That Don't Impress Me Much,Shania Twain,40,3,Gains In Performance
1998-12-26,33,A Bitter End,Deryl Dodd,34,16,Gains In Performance
1998-12-26,34,Somebody's Out There Watching,The Kinleys,38,10,Gains In Performance
1998-12-26,35,Take Me,Lari White,37,13,Gains In Performance
1998-12-26,36,You Were Mine,Dixie Chicks,49,3,Gains In Performance
1998-12-26,37,You Move Me,Garth Brooks,35,19,
1998-12-26,38,Keepin' Up,Alabama,41,4,Gains In Performance
1998-12-26,39,If I Lost You,Travis Tritt,32,18,
1998-12-26,40,Absence Of The Heart,Deana Carter,25,14,
1998-12-26,41,One Day Left To Live,Sammy Kershaw,42,12,Gains In Performance
1998-12-26,42,I'm Yours,Linda Davis,44,9,Gains In Performance
1998-12-26,43,Every Little Whisper,Steve Wariner,43,11,Gains In Performance
1998-12-26,44,How Forever Feels,Kenny Chesney,54,3,Gains In Performance
1998-12-26,45,These Arms Of Mine,LeAnn Rimes,46,5,Gains In Performance
1998-12-26,46,Wine Into Water,T. Graham Brown,45,15,Gains In Performance
1998-12-26,47,Ordinary Life,Chad Brock,48,8,Gains In Performance
1998-12-26,48,Slow Down,Mark Nesler,47,13,Gains In Performance
1998-12-26,49,Drive Me Wild,Sawyer Brown,50,7,Gains In Performance
1998-12-26,50,Here's Your Sign Christmas,Bill Engvall,52,3,Gains In Performance
1998-12-26,51,Guilty,The Warren Brothers,39,18,
1998-12-26,52,"Let It Snow, Let It Snow, Let It Snow",Ricochet,56,13,Gains In Performance
1998-12-26,53,I'll Take Today,Gary Allan,51,7,Gains In Performance
1998-12-26,54,Christmas In Dixie,Alabama,61,5,Gains In Performance
1998-12-26,55,When Mama Ain't Happy,Tracy Byrd,62,2,Gains In Performance
1998-12-26,56,Can't Stop Thinkin' 'Bout That,Ricochet,57,6,Gains In Performance
1998-12-26,57,Til' Santa's Gone (I Just Can't Wait),Clint Black,RE,9,Gains In Performance
1998-12-26,58,I Won't Lie,Shannon Brown,58,8,
1998-12-26,59,A Random Act Of Senseless Kindness,South Sixty Five,63,3,Gains In Performance
1998-12-26,60,You Won't Ever Be Lonely,Andy Griggs,74,3,Gains In Performance
1999-01-02,1,You're Easy On The Eyes,Terri Clark,1,19,
1999-01-02,2,You're Beginning To Get To Me,Clay Walker,5,20,Gains In Performance
1999-01-02,3,Wrong Again,Martina McBride,7,16,Gains In Performance
1999-01-02,4,Right On The Money,Alan Jackson,6,12,
1999-01-02,5,Someone You Used To Know,Collin Raye,3,20,
1999-01-02,6,There You Have It,BlackHawk,9,19,Gains In Performance
1999-01-02,7,Husbands And Wives,Brooks & Dunn,2,15,
1999-01-02,8,For You I Will,Aaron Tippin,8,22,Gains In Performance
1999-01-02,9,Let Me Let Go,Faith Hill,4,17,
1999-01-02,10,"Spirit Of A Boy, Wisdom Of A Man",Randy Travis,13,13,Gains In Performance
1999-01-02,11,For A Little While,Tim McGraw,11,9,Gains In Performance
1999-01-02,12,Stand Beside Me,Jo Dee Messina,14,13,Gains In Performance
1999-01-02,13,Wrong Night,Reba,15,8,Gains In Performance
1999-01-02,14,I Don't Want To Miss A Thing,Mark Chesnutt,19,7,Gains In Performance
1999-01-02,15,Unbelievable,Diamond Rio,16,10,Gains In Performance
1999-01-02,16,Hold On To Me,John Michael Montgomery,18,13,Gains In Performance
1999-01-02,17,It Must Be Love,Ty Herndon,12,21,
1999-01-02,18,Wide Open Spaces,Dixie Chicks,17,20,
1999-01-02,19,No Place That Far,Sara Evans,22,14,Gains In Performance
1999-01-02,20,Busy Man,Billy Ray Cyrus,24,10,Gains In Performance
1999-01-02,21,We Really Shouldn't Be Doing This,George Strait,10,21,
1999-01-02,22,That Don't Impress Me Much,Shania Twain,32,4,Gains In Performance
1999-01-02,23,Fly (The Angel Song),The Wilkinsons,25,11,Gains In Performance
1999-01-02,24,Where The Green Grass Grows,Tim McGraw,23,26,
1999-01-02,25,Powerful Thing,Trisha Yearwood,31,6,Gains In Performance
1999-01-02,26,By The Book,Michael Peterson,30,15,Gains In Performance
1999-01-02,27,It's Your Song,Garth Brooks,20,8,
1999-01-02,28,Don't Laugh At Me,Mark Wills,27,25,
1999-01-02,29,Getcha Some,Toby Keith,21,17,
1999-01-02,30,"Honey, I'm Home",Shania Twain,28,24,
1999-01-02,31,A Bitter End,Deryl Dodd,33,17,Gains In Performance
1999-01-02,32,You Were Mine,Dixie Chicks,36,4,Gains In Performance
1999-01-02,33,Somebody's Out There Watching,The Kinleys,34,11,Gains In Performance
1999-01-02,34,Take Me,Lari White,35,14,Gains In Performance
1999-01-02,35,Keepin' Up,Alabama,38,5,Gains In Performance
1999-01-02,36,How Forever Feels,Kenny Chesney,44,4,Gains In Performance
1999-01-02,37,You Move Me,Garth Brooks,37,20,
1999-01-02,38,One Day Left To Live,Sammy Kershaw,41,13,Gains In Performance
1999-01-02,39,I'm Yours,Linda Davis,42,10,Gains In Performance
1999-01-02,40,Every Little Whisper,Steve Wariner,43,12,Gains In Performance
1999-01-02,41,Ordinary Life,Chad Brock,47,9,Gains In Performance
1999-01-02,42,Here's Your Sign Christmas,Bill Engvall,50,4,Gains In Performance
1999-01-02,43,Drive Me Wild,Sawyer Brown,49,8,Gains In Performance
1999-01-02,44,These Arms Of Mine,LeAnn Rimes,45,6,
1999-01-02,45,Wine Into Water,T. Graham Brown,46,16,Gains In Performance
1999-01-02,46,Til' Santa's Gone (I Just Can't Wait),Clint Black,57,10,Gains In Performance
1999-01-02,47,"Let It Snow, Let It Snow, Let It Snow",Ricochet,52,14,Gains In Performance
1999-01-02,48,Christmas In Dixie,Alabama,54,6,Gains In Performance
1999-01-02,49,Slow Down,Mark Nesler,48,14,Gains In Performance
1999-01-02,50,If I Lost You,Travis Tritt,39,19,
1999-01-02,51,I'll Think Of A Reason Later,Lee Ann Womack,62,2,Gains In Performance
1999-01-02,52,Redneck 12 Days Of Christmas,Jeff Foxworthy,RE,14,Gains In Performance
1999-01-02,53,I'll Take Today,Gary Allan,53,8,Gains In Performance
1999-01-02,54,When Mama Ain't Happy,Tracy Byrd,55,3,Gains In Performance
1999-01-02,55,Absence Of The Heart,Deana Carter,40,15,
1999-01-02,56,Can't Stop Thinkin' 'Bout That,Ricochet,56,7,Gains In Performance
1999-01-02,57,You Won't Ever Be Lonely,Andy Griggs,60,4,Gains In Performance
1999-01-02,58,Guilty,The Warren Brothers,51,19,
1999-01-02,59,O Holy Night,Martina McBride,RE,2,Gains In Performance
1999-01-02,60,No More Looking Over My Shoulder,Travis Tritt,NEW,1,Highest ranking debut|Gains In Performance
1999-01-09,1,You're Easy On The Eyes,Terri Clark,1,20,
1999-01-09,2,Wrong Again,Martina McBride,3,17,
1999-01-09,3,You're Beginning To Get To Me,Clay Walker,2,21,
1999-01-09,4,Right On The Money,Alan Jackson,4,13,
1999-01-09,5,There You Have It,BlackHawk,6,20,
1999-01-09,6,For You I Will,Aaron Tippin,8,23,
1999-01-09,7,"Spirit Of A Boy, Wisdom Of A Man",Randy Travis,10,14,
1999-01-09,8,Let Me Let Go,Faith Hill,9,18,
1999-01-09,9,For A Little While,Tim McGraw,11,10,
1999-01-09,10,Stand Beside Me,Jo Dee Messina,12,14,
1999-01-09,11,Someone You Used To Know,Collin Raye,5,21,
1999-01-09,12,Husbands And Wives,Brooks & Dunn,7,16,
1999-01-09,13,I Don't Want To Miss A Thing,Mark Chesnutt,14,8,
1999-01-09,14,Unbelievable,Diamond Rio,15,11,
1999-01-09,15,Wrong Night,Reba,13,9,
1999-01-09,16,Hold On To Me,John Michael Montgomery,16,14,
1999-01-09,17,No Place That Far,Sara Evans,19,15,
1999-01-09,18,It Must Be Love,Ty Herndon,17,22,
1999-01-09,19,That Don't Impress Me Much,Shania Twain,22,5,
1999-01-09,20,Wide Open Spaces,Dixie Chicks,18,21,
1999-01-09,21,Busy Man,Billy Ray Cyrus,20,11,
1999-01-09,22,Fly (The Angel Song),The Wilkinsons,23,12,
1999-01-09,23,Powerful Thing,Trisha Yearwood,25,7,
1999-01-09,24,Where The Green Grass Grows,Tim McGraw,24,27,
1999-01-09,25,We Really Shouldn't Be Doing This,George Strait,21,22,
1999-01-09,26,You Were Mine,Dixie Chicks,32,5,Gains In Performance
1999-01-09,27,By The Book,Michael Peterson,26,16,
1999-01-09,28,Don't Laugh At Me,Mark Wills,28,26,
1999-01-09,29,"Honey, I'm Home",Shania Twain,30,25,
1999-01-09,30,A Bitter End,Deryl Dodd,31,18,
1999-01-09,31,Keepin' Up,Alabama,35,6,Gains In Performance
1999-01-09,32,How Forever Feels,Kenny Chesney,36,5,Gains In Performance
1999-01-09,33,Somebody's Out There Watching,The Kinleys,33,12,
1999-01-09,34,Take Me,Lari White,34,15,
1999-01-09,35,It's Your Song,Garth Brooks,27,9,
1999-01-09,36,Getcha Some,Toby Keith,29,18,
1999-01-09,37,Redneck 12 Days Of Christmas,Jeff Foxworthy,52,15,Gains In Performance
1999-01-09,38,Til' Santa's Gone (I Just Can't Wait),Clint Black,46,11,Gains In Performance
1999-01-09,39,Here's Your Sign Christmas,Bill Engvall,42,5,Gains In Performance
1999-01-09,40,Christmas In Dixie,Alabama,48,7,Gains In Performance
1999-01-09,41,"Let It Snow, Let It Snow, Let It Snow",Ricochet,47,15,Gains In Performance
1999-01-09,42,One Day Left To Live,Sammy Kershaw,38,14,
1999-01-09,43,I'm Yours,Linda Davis,39,11,
1999-01-09,44,Drive Me Wild,Sawyer Brown,43,9,Gains In Performance
1999-01-09,45,Ordinary Life,Chad Brock,41,10,
1999-01-09,46,Every Little Whisper,Steve Wariner,40,13,
1999-01-09,47,These Arms Of Mine,LeAnn Rimes,44,7,
1999-01-09,48,Wine Into Water,T. Graham Brown,45,17,
1999-01-09,49,O Holy Night,Martina McBride,59,3,Gains In Performance
1999-01-09,50,I'll Think Of A Reason Later,Lee Ann Womack,51,3,Gains In Performance
1999-01-09,51,When Mama Ain't Happy,Tracy Byrd,54,4,Gains In Performance
1999-01-09,52,Slow Down,Mark Nesler,49,15,
1999-01-09,53,I'll Take Today,Gary Allan,53,9,
1999-01-09,54,Have Yourself A Merry Little Christmas,Martina McBride,72,2,Gains In Performance
1999-01-09,55,Rudolph The Red-Nosed Reindeer,Gene Autry & The Pinafores,66,3,Gains In Performance
1999-01-09,56,You Won't Ever Be Lonely,Andy Griggs,57,5,Gains In Performance
1999-01-09,57,Meanwhile,George Strait,NEW,1,Highest ranking debut|Gains In Performance
1999-01-09,58,Little Drummer Boy,Restless Heart,NEW,1,Gains In Performance
1999-01-09,59,I'll Be Home For Christmas,Lonestar,71,3,Gains In Performance
1999-01-09,60,If I Lost You,Travis Tritt,50,20,
1999-01-16,1,Right On The Money,Alan Jackson,4,14,Gains In Performance
1999-01-16,2,Wrong Again,Martina McBride,2,18,Gains In Performance
1999-01-16,3,"Spirit Of A Boy, Wisdom Of A Man",Randy Travis,7,15,Gains In Performance
1999-01-16,4,There You Have It,BlackHawk,5,21,Gains In Performance
1999-01-16,5,You're Beginning To Get To Me,Clay Walker,3,22,Gains In Performance
1999-01-16,6,You're Easy On The Eyes,Terri Clark,1,21,
1999-01-16,7,For You I Will,Aaron Tippin,6,24,Gains In Performance
1999-01-16,8,For A Little While,Tim McGraw,9,11,Gains In Performance
1999-01-16,9,Stand Beside Me,Jo Dee Messina,10,15,Gains In Performance
1999-01-16,10,Let Me Let Go,Faith Hill,8,19,Gains In Performance
1999-01-16,11,Someone You Used To Know,Collin Raye,11,22,Gains In Performance
1999-01-16,12,I Don't Want To Miss A Thing,Mark Chesnutt,13,9,Gains In Performance
1999-01-16,13,Unbelievable,Diamond Rio,14,12,Gains In Performance
1999-01-16,14,Wrong Night,Reba,15,10,Gains In Performance
1999-01-16,15,Hold On To Me,John Michael Montgomery,16,15,Gains In Performance
1999-01-16,16,Husbands And Wives,Brooks & Dunn,12,17,
1999-01-16,17,Wide Open Spaces,Dixie Chicks,20,22,Gains In Performance
1999-01-16,18,No Place That Far,Sara Evans,17,16,Gains In Performance
1999-01-16,19,That Don't Impress Me Much,Shania Twain,19,6,Gains In Performance
1999-01-16,20,Busy Man,Billy Ray Cyrus,21,12,Gains In Performance
1999-01-16,21,Where The Green Grass Grows,Tim McGraw,24,28,Gains In Performance
1999-01-16,22,Fly (The Angel Song),The Wilkinsons,22,13,Gains In Performance
1999-01-16,23,You Were Mine,Dixie Chicks,26,6,Gains In Performance
1999-01-16,24,Powerful Thing,Trisha Yearwood,23,8,Gains In Performance
1999-01-16,25,It Must Be Love,Ty Herndon,18,23,
1999-01-16,26,Don't Laugh At Me,Mark Wills,28,27,Gains In Performance
1999-01-16,27,"Honey, I'm Home",Shania Twain,29,26,Gains In Performance
1999-01-16,28,By The Book,Michael Peterson,27,17,Gains In Performance
1999-01-16,29,We Really Shouldn't Be Doing This,George Strait,25,23,
1999-01-16,30,Keepin' Up,Alabama,31,7,Gains In Performance
1999-01-16,31,A Bitter End,Deryl Dodd,30,19,Gains In Performance
1999-01-16,32,How Forever Feels,Kenny Chesney,32,6,Gains In Performance
1999-01-16,33,Somebody's Out There Watching,The Kinleys,33,13,Gains In Performance
1999-01-16,34,Take Me,Lari White,34,16,Gains In Performance
1999-01-16,35,It's Your Song,Garth Brooks,35,10,Gains In Performance
1999-01-16,36,Meanwhile,George Strait,57,2,Gains In Performance
1999-01-16,37,Getcha Some,Toby Keith,36,19,
1999-01-16,38,One Day Left To Live,Sammy Kershaw,42,15,Gains In Performance
1999-01-16,39,I'm Yours,Linda Davis,43,12,Gains In Performance
1999-01-16,40,Ordinary Life,Chad Brock,45,11,Gains In Performance
1999-01-16,41,Every Little Whisper,Steve Wariner,46,14,Gains In Performance
1999-01-16,42,Drive Me Wild,Sawyer Brown,44,10,Gains In Performance
1999-01-16,43,I'll Think Of A Reason Later,Lee Ann Womack,50,4,Gains In Performance
1999-01-16,44,Wine Into Water,T. Graham Brown,48,18,Gains In Performance
1999-01-16,45,These Arms Of Mine,LeAnn Rimes,47,8,Gains In Performance
1999-01-16,46,When Mama Ain't Happy,Tracy Byrd,51,5,Gains In Performance
1999-01-16,47,Slow Down,Mark Nesler,52,16,Gains In Performance
1999-01-16,48,I'll Take Today,Gary Allan,53,10,Gains In Performance
1999-01-16,49,I Can't Get Over You,Brooks & Dunn,NEW,1,Highest ranking debut|Gains In Performance
1999-01-16,50,You Won't Ever Be Lonely,Andy Griggs,56,6,Gains In Performance
1999-01-16,51,No More Looking Over My Shoulder,Travis Tritt,70,3,Gains In Performance
1999-01-16,52,Hands Of A Working Man,Ty Herndon,75,4,Gains In Performance
1999-01-16,53,Can't Stop Thinkin' 'Bout That,Ricochet,62,9,Gains In Performance
1999-01-16,54,Can't Get Enough,Patty Loveless,NEW,1,Gains In Performance
1999-01-16,55,Absence Of The Heart,Deana Carter,69,17,Gains In Performance
1999-01-16,56,Loosen Up My Strings,Clint Black,RE,20,Gains In Performance
1999-01-16,57,Where Your Road Leads,Trisha Yearwood With Garth Brooks,RE,17,Gains In Performance
1999-01-16,58,A Random Act Of Senseless Kindness,South Sixty Five,RE,5,Gains In Performance
1999-01-16,59,Guilty,The Warren Brothers,RE,20,Gains In Performance
1999-01-16,60,Shortenin' Bread,The Tractors,RE,8,Gains In Performance
1999-01-23,1,Wrong Again,Martina McBride,2,19,Gains In Performance
1999-01-23,2,Right On The Money,Alan Jackson,1,15,Gains In Performance
1999-01-23,3,"Spirit Of A Boy, Wisdom Of A Man",Randy Travis,3,16,Gains In Performance
1999-01-23,4,Stand Beside Me,Jo Dee Messina,9,16,Gains In Performance
1999-01-23,5,You're Beginning To Get To Me,Clay Walker,5,23,Gains In Performance
1999-01-23,6,There You Have It,BlackHawk,4,22,Gains In Performance
1999-01-23,7,For A Little While,Tim McGraw,8,12,Gains In Performance
1999-01-23,8,For You I Will,Aaron Tippin,7,25,Gains In Performance
1999-01-23,9,You're Easy On The Eyes,Terri Clark,6,22,
1999-01-23,10,I Don't Want To Miss A Thing,Mark Chesnutt,12,10,Gains In Performance
1999-01-23,11,Unbelievable,Diamond Rio,13,13,Gains In Performance
1999-01-23,12,Wrong Night,Reba,14,11,Gains In Performance
1999-01-23,13,Hold On To Me,John Michael Montgomery,15,16,Gains In Performance
1999-01-23,14,Let Me Let Go,Faith Hill,10,20,
1999-01-23,15,You Were Mine,Dixie Chicks,23,7,Gains In Performance
1999-01-23,16,That Don't Impress Me Much,Shania Twain,19,7,Gains In Performance
1999-01-23,17,No Place That Far,Sara Evans,18,17,Gains In Performance
1999-01-23,18,Busy Man,Billy Ray Cyrus,20,13,Gains In Performance
1999-01-23,19,Powerful Thing,Trisha Yearwood,24,9,Gains In Performance
1999-01-23,20,Fly (The Angel Song),The Wilkinsons,22,14,Gains In Performance
1999-01-23,21,Someone You Used To Know,Collin Raye,11,23,
1999-01-23,22,Wide Open Spaces,Dixie Chicks,17,23,
1999-01-23,23,By The Book,Michael Peterson,28,18,Gains In Performance
1999-01-23,24,Where The Green Grass Grows,Tim McGraw,21,29,
1999-01-23,25,How Forever Feels,Kenny Chesney,32,7,Gains In Performance
1999-01-23,26,It Must Be Love,Ty Herndon,25,24,
1999-01-23,27,A Bitter End,Deryl Dodd,31,20,Gains In Performance
1999-01-23,28,Keepin' Up,Alabama,30,8,Gains In Performance
1999-01-23,29,Husbands And Wives,Brooks & Dunn,16,18,
1999-01-23,30,Don't Laugh At Me,Mark Wills,26,28,
1999-01-23,31,Somebody's Out There Watching,The Kinleys,33,14,Gains In Performance
1999-01-23,32,Meanwhile,George Strait,36,3,Gains In Performance
1999-01-23,33,Take Me,Lari White,34,17,Gains In Performance
1999-01-23,34,I Can't Get Over You,Brooks & Dunn,49,2,Gains In Performance
1999-01-23,35,One Day Left To Live,Sammy Kershaw,38,16,Gains In Performance
1999-01-23,36,Ordinary Life,Chad Brock,40,12,Gains In Performance
1999-01-23,37,Drive Me Wild,Sawyer Brown,42,11,Gains In Performance
1999-01-23,38,I'm Yours,Linda Davis,39,13,Gains In Performance
1999-01-23,39,I'll Think Of A Reason Later,Lee Ann Womack,43,5,Gains In Performance
1999-01-23,40,Every Little Whisper,Steve Wariner,41,15,Gains In Performance
1999-01-23,41,It's Your Song,Garth Brooks,35,11,
1999-01-23,42,Getcha Some,Toby Keith,37,20,
1999-01-23,43,When Mama Ain't Happy,Tracy Byrd,46,6,Gains In Performance
1999-01-23,44,These Arms Of Mine,LeAnn Rimes,45,9,Gains In Performance
1999-01-23,45,Wine Into Water,T. Graham Brown,44,19,Gains In Performance
1999-01-23,46,Slow Down,Mark Nesler,47,17,Gains In Performance
1999-01-23,47,I'll Take Today,Gary Allan,48,11,Gains In Performance
1999-01-23,48,Can't Get Enough,Patty Loveless,54,2,Gains In Performance
1999-01-23,49,You Won't Ever Be Lonely,Andy Griggs,50,7,Gains In Performance
1999-01-23,50,No More Looking Over My Shoulder,Travis Tritt,51,4,Gains In Performance
1999-01-23,51,Hands Of A Working Man,Ty Herndon,52,5,Gains In Performance
1999-01-23,52,Can't Stop Thinkin' 'Bout That,Ricochet,53,10,Gains In Performance
1999-01-23,53,Love Ain't Like That,Faith Hill,61,2,Gains In Performance
1999-01-23,54,Wish You Were Here,Mark Wills,NEW,1,Highest ranking debut|Gains In Performance
1999-01-23,55,A Random Act Of Senseless Kindness,South Sixty Five,58,6,Gains In Performance
1999-01-23,56,Where Your Road Leads,Trisha Yearwood With Garth Brooks,57,18,
1999-01-23,57,What's The Matter With You Baby,Claudia Church,66,2,Gains In Performance
1999-01-23,58,You Still Shake Me,Deana Carter,NEW,1,Gains In Performance
1999-01-23,59,You Haven't Left Me Yet,George Strait,62,9,Gains In Performance
1999-01-23,60,Absence Of The Heart,Deana Carter,55,18,
1999-01-30,1,Stand Beside Me,Jo Dee Messina,4,17,Gains In Performance
1999-01-30,2,"Spirit Of A Boy, Wisdom Of A Man",Randy Travis,3,17,Gains In Performance
1999-01-30,3,For A Little While,Tim McGraw,7,13,Gains In Performance
1999-01-30,4,Right On The Money,Alan Jackson,2,16,
1999-01-30,5,Wrong Again,Martina McBride,1,20,
1999-01-30,6,There You Have It,BlackHawk,6,23,
1999-01-30,7,I Don't Want To Miss A Thing,Mark Chesnutt,10,11,Gains In Performance
1999-01-30,8,Unbelievable,Diamond Rio,11,14,Gains In Performance
1999-01-30,9,Wrong Night,Reba,12,12,Gains In Performance
1999-01-30,10,Hold On To Me,John Michael Montgomery,13,17,Gains In Performance
1999-01-30,11,For You I Will,Aaron Tippin,8,26,
1999-01-30,12,You're Beginning To Get To Me,Clay Walker,5,24,
1999-01-30,13,No Place That Far,Sara Evans,17,18,Gains In Performance
1999-01-30,14,You Were Mine,Dixie Chicks,15,8,Gains In Performance
1999-01-30,15,You're Easy On The Eyes,Terri Clark,9,23,
1999-01-30,16,That Don't Impress Me Much,Shania Twain,16,8,Gains In Performance
1999-01-30,17,Busy Man,Billy Ray Cyrus,18,14,Gains In Performance
1999-01-30,18,Powerful Thing,Trisha Yearwood,19,10,Gains In Performance
1999-01-30,19,Fly (The Angel Song),The Wilkinsons,20,15,Gains In Performance
1999-01-30,20,By The Book,Michael Peterson,23,19,Gains In Performance
1999-01-30,21,Meanwhile,George Strait,32,4,Gains In Performance
1999-01-30,22,How Forever Feels,Kenny Chesney,25,8,Gains In Performance
1999-01-30,23,Keepin' Up,Alabama,28,9,Gains In Performance
1999-01-30,24,Let Me Let Go,Faith Hill,14,21,
1999-01-30,25,Wide Open Spaces,Dixie Chicks,22,24,
1999-01-30,26,A Bitter End,Deryl Dodd,27,21,
1999-01-30,27,It Must Be Love,Ty Herndon,26,25,
1999-01-30,28,Where The Green Grass Grows,Tim McGraw,24,30,
1999-01-30,29,Someone You Used To Know,Collin Raye,21,24,
1999-01-30,30,Somebody's Out There Watching,The Kinleys,31,15,Gains In Performance
1999-01-30,31,I Can't Get Over You,Brooks & Dunn,34,3,Gains In Performance
1999-01-30,32,Husbands And Wives,Brooks & Dunn,29,19,
1999-01-30,33,Take Me,Lari White,33,18,Gains In Performance
1999-01-30,34,Ordinary Life,Chad Brock,36,13,Gains In Performance
1999-01-30,35,I'll Think Of A Reason Later,Lee Ann Womack,39,6,Gains In Performance
1999-01-30,36,One Day Left To Live,Sammy Kershaw,35,17,Gains In Performance
1999-01-30,37,Drive Me Wild,Sawyer Brown,37,12,Gains In Performance
1999-01-30,38,I'm Yours,Linda Davis,38,14,Gains In Performance
1999-01-30,39,Every Little Whisper,Steve Wariner,40,16,Gains In Performance
1999-01-30,40,When Mama Ain't Happy,Tracy Byrd,43,7,Gains In Performance
1999-01-30,41,These Arms Of Mine,LeAnn Rimes,44,10,Gains In Performance
1999-01-30,42,Can't Get Enough,Patty Loveless,48,3,Gains In Performance
1999-01-30,43,Love Ain't Like That,Faith Hill,53,3,Gains In Performance
1999-01-30,44,Wish You Were Here,Mark Wills,54,2,Gains In Performance
1999-01-30,45,It's Your Song,Garth Brooks,41,12,
1999-01-30,46,Wine Into Water,T. Graham Brown,45,20,
1999-01-30,47,You Won't Ever Be Lonely,Andy Griggs,49,8,Gains In Performance
1999-01-30,48,I'll Take Today,Gary Allan,47,12,
1999-01-30,49,No More Looking Over My Shoulder,Travis Tritt,50,5,Gains In Performance
1999-01-30,50,Slow Down,Mark Nesler,46,18,
1999-01-30,51,Hands Of A Working Man,Ty Herndon,51,6,Gains In Performance
1999-01-30,52,Can't Stop Thinkin' 'Bout That,Ricochet,52,11,
1999-01-30,53,You Still Shake Me,Deana Carter,58,2,Gains In Performance
1999-01-30,54,Don't Come Crying To Me,Vince Gill,72,2,Gains In Performance
1999-01-30,55,What's The Matter With You Baby,Claudia Church,57,3,Gains In Performance
1999-01-30,56,Better Man,The Warren Brothers,63,3,Gains In Performance
1999-01-30,57,Where Your Road Leads,Trisha Yearwood With Garth Brooks,56,19,Gains In Performance
1999-01-30,58,A Random Act Of Senseless Kindness,South Sixty Five,55,7,
1999-01-30,59,Say Anything,Shane McAnally,69,2,Gains In Performance
1999-01-30,60,You Don't Need Me Now,Clint Black,NEW,1,Highest ranking debut|Gains In Performance
1999-02-06,1,Stand Beside Me,Jo Dee Messina,1,18,Gains In Performance
1999-02-06,2,For A Little While,Tim McGraw,3,14,Gains In Performance
1999-02-06,3,I Don't Want To Miss A Thing,Mark Chesnutt,7,12,Gains In Performance
1999-02-06,4,"Spirit Of A Boy, Wisdom Of A Man",Randy Travis,2,18,
1999-02-06,5,Unbelievable,Diamond Rio,8,15,Gains In Performance
1999-02-06,6,Wrong Again,Martina McBride,5,21,
1999-02-06,7,Right On The Money,Alan Jackson,4,17,
1999-02-06,8,Hold On To Me,John Michael Montgomery,10,18,Gains In Performance
1999-02-06,9,Wrong Night,Reba,9,13,Gains In Performance
1999-02-06,10,There You Have It,BlackHawk,6,24,
1999-02-06,11,No Place That Far,Sara Evans,13,19,Gains In Performance
1999-02-06,12,You Were Mine,Dixie Chicks,14,9,Gains In Performance
1999-02-06,13,That Don't Impress Me Much,Shania Twain,16,9,Gains In Performance
1999-02-06,14,Busy Man,Billy Ray Cyrus,17,15,Gains In Performance
1999-02-06,15,Powerful Thing,Trisha Yearwood,18,11,Gains In Performance
1999-02-06,16,Meanwhile,George Strait,21,5,Gains In Performance
1999-02-06,17,For You I Will,Aaron Tippin,11,27,
1999-02-06,18,Fly (The Angel Song),The Wilkinsons,19,16,Gains In Performance
1999-02-06,19,You're Beginning To Get To Me,Clay Walker,12,25,
1999-02-06,20,How Forever Feels,Kenny Chesney,22,9,Gains In Performance
1999-02-06,21,You're Easy On The Eyes,Terri Clark,15,24,
1999-02-06,22,By The Book,Michael Peterson,20,20,
1999-02-06,23,Keepin' Up,Alabama,23,10,Gains In Performance
1999-02-06,24,I Can't Get Over You,Brooks & Dunn,31,4,Gains In Performance
1999-02-06,25,Wide Open Spaces,Dixie Chicks,25,25,
1999-02-06,26,A Bitter End,Deryl Dodd,26,22,Gains In Performance
1999-02-06,27,Somebody's Out There Watching,The Kinleys,30,16,Gains In Performance
1999-02-06,28,Where The Green Grass Grows,Tim McGraw,28,31,
1999-02-06,29,It Must Be Love,Ty Herndon,27,26,
1999-02-06,30,Someone You Used To Know,Collin Raye,29,25,
1999-02-06,31,I'll Think Of A Reason Later,Lee Ann Womack,35,7,Gains In Performance
1999-02-06,32,Take Me,Lari White,33,19,Gains In Performance
1999-02-06,33,Ordinary Life,Chad Brock,34,14,Gains In Performance
1999-02-06,34,Drive Me Wild,Sawyer Brown,37,13,Gains In Performance
1999-02-06,35,Husbands And Wives,Brooks & Dunn,32,20,
1999-02-06,36,Love Ain't Like That,Faith Hill,43,4,Gains In Performance
1999-02-06,37,Wish You Were Here,Mark Wills,44,3,Gains In Performance
1999-02-06,38,Every Little Whisper,Steve Wariner,39,17,Gains In Performance
1999-02-06,39,I'm Yours,Linda Davis,38,15,
1999-02-06,40,One Day Left To Live,Sammy Kershaw,36,18,
1999-02-06,41,When Mama Ain't Happy,Tracy Byrd,40,8,Gains In Performance
1999-02-06,42,Hands Of A Working Man,Ty Herndon,51,7,Gains In Performance
1999-02-06,43,These Arms Of Mine,LeAnn Rimes,41,11,
1999-02-06,44,Can't Get Enough,Patty Loveless,42,4,Gains In Performance
1999-02-06,45,No More Looking Over My Shoulder,Travis Tritt,49,6,Gains In Performance
1999-02-06,46,You Won't Ever Be Lonely,Andy Griggs,47,9,Gains In Performance
1999-02-06,47,I'll Take Today,Gary Allan,48,13,
1999-02-06,48,Don't Come Crying To Me,Vince Gill,54,3,Gains In Performance
1999-02-06,49,It's Your Song,Garth Brooks,45,13,
1999-02-06,50,You Still Shake Me,Deana Carter,53,3,Gains In Performance
1999-02-06,51,I'm Leaving,Aaron Tippin,63,2,Gains In Performance
1999-02-06,52,Say Anything,Shane McAnally,59,3,Gains In Performance
1999-02-06,53,Gone Crazy,Alan Jackson,NEW,1,Highest ranking debut|Gains In Performance
1999-02-06,54,Better Man,The Warren Brothers,56,4,Gains In Performance
1999-02-06,55,Anyone Else,Collin Raye,66,2,Gains In Performance
1999-02-06,56,What's The Matter With You Baby,Claudia Church,55,4,Gains In Performance
1999-02-06,57,Where Your Road Leads,Trisha Yearwood With Garth Brooks,57,20,Gains In Performance
1999-02-06,58,Everytime I Cry,Terri Clark,NEW,1,Gains In Performance
1999-02-06,59,You Don't Need Me Now,Clint Black,60,2,Gains In Performance
1999-02-06,60,Tore Up From The Floor Up,Wade Hayes,61,4,Gains In Performance
1999-02-13,1,Stand Beside Me,Jo Dee Messina,1,19,
1999-02-13,2,I Don't Want To Miss A Thing,Mark Chesnutt,3,13,Gains In Performance
1999-02-13,3,For A Little While,Tim McGraw,2,15,Gains In Performance
1999-02-13,4,Unbelievable,Diamond Rio,5,16,Gains In Performance
1999-02-13,5,Hold On To Me,John Michael Montgomery,8,19,Gains In Performance
1999-02-13,6,Wrong Night,Reba,9,14,Gains In Performance
1999-02-13,7,No Place That Far,Sara Evans,11,20,Gains In Performance
1999-02-13,8,"Spirit Of A Boy, Wisdom Of A Man",Randy Travis,4,19,
1999-02-13,9,You Were Mine,Dixie Chicks,12,10,Gains In Performance
1999-02-13,10,That Don't Impress Me Much,Shania Twain,13,10,Gains In Performance
1999-02-13,11,Wrong Again,Martina McBride,6,22,
1999-02-13,12,Powerful Thing,Trisha Yearwood,15,12,Gains In Performance
1999-02-13,13,Busy Man,Billy Ray Cyrus,14,16,Gains In Performance
1999-02-13,14,Meanwhile,George Strait,16,6,Gains In Performance
1999-02-13,15,There You Have It,BlackHawk,10,25,
1999-02-13,16,How Forever Feels,Kenny Chesney,20,10,Gains In Performance
1999-02-13,17,Fly (The Angel Song),The Wilkinsons,18,17,Gains In Performance
1999-02-13,18,I Can't Get Over You,Brooks & Dunn,24,5,Gains In Performance
1999-02-13,19,By The Book,Michael Peterson,22,21,Gains In Performance
1999-02-13,20,Keepin' Up,Alabama,23,11,Gains In Performance
1999-02-13,21,Right On The Money,Alan Jackson,7,18,
1999-02-13,22,For You I Will,Aaron Tippin,17,28,
1999-02-13,23,Somebody's Out There Watching,The Kinleys,27,17,Gains In Performance
1999-02-13,24,You're Beginning To Get To Me,Clay Walker,19,26,
1999-02-13,25,Wide Open Spaces,Dixie Chicks,25,26,
1999-02-13,26,You're Easy On The Eyes,Terri Clark,21,25,
1999-02-13,27,A Bitter End,Deryl Dodd,26,23,
1999-02-13,28,Where The Green Grass Grows,Tim McGraw,28,32,
1999-02-13,29,I'll Think Of A Reason Later,Lee Ann Womack,31,8,Gains In Performance
1999-02-13,30,Love Ain't Like That,Faith Hill,36,5,Gains In Performance
1999-02-13,31,Ordinary Life,Chad Brock,33,15,Gains In Performance
1999-02-13,32,Take Me,Lari White,32,20,Gains In Performance
1999-02-13,33,Drive Me Wild,Sawyer Brown,34,14,Gains In Performance
1999-02-13,34,Wish You Were Here,Mark Wills,37,4,Gains In Performance
1999-02-13,35,When Mama Ain't Happy,Tracy Byrd,41,9,Gains In Performance
1999-02-13,36,Every Little Whisper,Steve Wariner,38,18,Gains In Performance
1999-02-13,37,Gone Crazy,Alan Jackson,53,2,Gains In Performance
1999-02-13,38,I'm Yours,Linda Davis,39,16,
1999-02-13,39,Hands Of A Working Man,Ty Herndon,42,8,Gains In Performance
1999-02-13,40,Can't Get Enough,Patty Loveless,44,5,Gains In Performance
1999-02-13,41,You Won't Ever Be Lonely,Andy Griggs,46,10,Gains In Performance
1999-02-13,42,No More Looking Over My Shoulder,Travis Tritt,45,7,Gains In Performance
1999-02-13,43,These Arms Of Mine,LeAnn Rimes,43,12,
1999-02-13,44,Don't Come Crying To Me,Vince Gill,48,4,Gains In Performance
1999-02-13,45,One Day Left To Live,Sammy Kershaw,40,19,
1999-02-13,46,I'm Leaving,Aaron Tippin,51,3,Gains In Performance
1999-02-13,47,Anyone Else,Collin Raye,55,3,Gains In Performance
1999-02-13,48,You Still Shake Me,Deana Carter,50,4,Gains In Performance
1999-02-13,49,Everytime I Cry,Terri Clark,58,2,Gains In Performance
1999-02-13,50,Better Man,The Warren Brothers,54,5,Gains In Performance
1999-02-13,51,It's Your Song,Garth Brooks,49,14,
1999-02-13,52,With You,Lila McCann,62,3,Gains In Performance
1999-02-13,53,Say Anything,Shane McAnally,52,4,Gains In Performance
1999-02-13,54,I'll Take Today,Gary Allan,47,14,
1999-02-13,55,You Don't Need Me Now,Clint Black,59,3,Gains In Performance
1999-02-13,56,What's The Matter With You Baby,Claudia Church,56,5,Gains In Performance
1999-02-13,57,Tore Up From The Floor Up,Wade Hayes,60,5,Gains In Performance
1999-02-13,58,Your Own Little Corner Of My Heart,BlackHawk,68,2,Gains In Performance
1999-02-13,59,I Will Be There For You,Jessica Andrews,73,2,Gains In Performance
1999-02-13,60,Faith Of The Heart,Susan Ashton,65,3,Gains In Performance
1999-02-20,1,I Don't Want To Miss A Thing,Mark Chesnutt,2,14,Gains In Performance
1999-02-20,2,Unbelievable,Diamond Rio,4,17,Gains In Performance
1999-02-20,3,For A Little While,Tim McGraw,3,16,
1999-02-20,4,Stand Beside Me,Jo Dee Messina,1,20,
1999-02-20,5,Hold On To Me,John Michael Montgomery,5,20,Gains In Performance
1999-02-20,6,No Place That Far,Sara Evans,7,21,Gains In Performance
1999-02-20,7,You Were Mine,Dixie Chicks,9,11,Gains In Performance
1999-02-20,8,Wrong Night,Reba,6,15,
1999-02-20,9,That Don't Impress Me Much,Shania Twain,10,11,Gains In Performance
1999-02-20,10,Busy Man,Billy Ray Cyrus,13,17,Gains In Performance
1999-02-20,11,Powerful Thing,Trisha Yearwood,12,13,Gains In Performance
1999-02-20,12,Meanwhile,George Strait,14,7,Gains In Performance
1999-02-20,13,"Spirit Of A Boy, Wisdom Of A Man",Randy Travis,8,20,
1999-02-20,14,How Forever Feels,Kenny Chesney,16,11,Gains In Performance
1999-02-20,15,Fly (The Angel Song),The Wilkinsons,17,18,Gains In Performance
1999-02-20,16,I Can't Get Over You,Brooks & Dunn,18,6,Gains In Performance
1999-02-20,17,Wrong Again,Martina McBride,11,23,
1999-02-20,18,Keepin' Up,Alabama,20,12,Gains In Performance
1999-02-20,19,There You Have It,BlackHawk,15,26,
1999-02-20,20,Somebody's Out There Watching,The Kinleys,23,18,Gains In Performance
1999-02-20,21,I'll Think Of A Reason Later,Lee Ann Womack,29,9,Gains In Performance
1999-02-20,22,Love Ain't Like That,Faith Hill,30,6,Gains In Performance
1999-02-20,23,By The Book,Michael Peterson,19,22,
1999-02-20,24,Wide Open Spaces,Dixie Chicks,25,27,
1999-02-20,25,For You I Will,Aaron Tippin,22,29,
1999-02-20,26,Ordinary Life,Chad Brock,31,16,Gains In Performance
1999-02-20,27,You're Easy On The Eyes,Terri Clark,26,26,
1999-02-20,28,Wish You Were Here,Mark Wills,34,5,Gains In Performance
1999-02-20,29,You're Beginning To Get To Me,Clay Walker,24,27,
1999-02-20,30,Right On The Money,Alan Jackson,21,19,
1999-02-20,31,Drive Me Wild,Sawyer Brown,33,15,Gains In Performance
1999-02-20,32,Gone Crazy,Alan Jackson,37,3,Gains In Performance
1999-02-20,33,When Mama Ain't Happy,Tracy Byrd,35,10,
1999-02-20,34,Hands Of A Working Man,Ty Herndon,39,9,Gains In Performance
1999-02-20,35,Can't Get Enough,Patty Loveless,40,6,Gains In Performance
1999-02-20,36,Anyone Else,Collin Raye,47,4,Gains In Performance
1999-02-20,37,Every Little Whisper,Steve Wariner,36,19,
1999-02-20,38,You Won't Ever Be Lonely,Andy Griggs,41,11,Gains In Performance
1999-02-20,39,Don't Come Crying To Me,Vince Gill,44,5,Gains In Performance
1999-02-20,40,I'm Leaving,Aaron Tippin,46,4,Gains In Performance
1999-02-20,41,Everytime I Cry,Terri Clark,49,3,Gains In Performance
1999-02-20,42,No More Looking Over My Shoulder,Travis Tritt,42,8,Gains In Performance
1999-02-20,43,You Still Shake Me,Deana Carter,48,5,Gains In Performance
1999-02-20,44,Better Man,The Warren Brothers,50,6,Gains In Performance
1999-02-20,45,You Don't Need Me Now,Clint Black,55,4,Gains In Performance
1999-02-20,46,I'm Yours,Linda Davis,38,17,
1999-02-20,47,Say Anything,Shane McAnally,53,5,Gains In Performance
1999-02-20,48,With You,Lila McCann,52,4,Gains In Performance
1999-02-20,49,One Day Left To Live,Sammy Kershaw,45,20,
1999-02-20,50,It's Your Song,Garth Brooks,51,15,
1999-02-20,51,What's The Matter With You Baby,Claudia Church,56,6,Gains In Performance
1999-02-20,52,Your Own Little Corner Of My Heart,BlackHawk,58,3,Gains In Performance
1999-02-20,53,Hillbilly Shoes,Montgomery Gentry,70,2,Gains In Performance
1999-02-20,54,I Will Be There For You,Jessica Andrews,59,3,Gains In Performance
1999-02-20,55,I Was,Neal McCoy,61,2,Gains In Performance
1999-02-20,56,Faith Of The Heart,Susan Ashton,60,4,Gains In Performance
1999-02-20,57,These Arms Of Mine,LeAnn Rimes,43,13,
1999-02-20,58,Saturday Night,Lonestar,64,3,Gains In Performance
1999-02-20,59,Tore Up From The Floor Up,Wade Hayes,57,6,
1999-02-20,60,What About You,Sons Of The Desert,NEW,1,Highest ranking debut|Gains In Performance
1999-02-27,1,I Don't Want To Miss A Thing,Mark Chesnutt,1,15,Gains In Performance
1999-02-27,2,Unbelievable,Diamond Rio,2,18,
1999-02-27,3,For A Little While,Tim McGraw,3,17,
1999-02-27,4,Hold On To Me,John Michael Montgomery,5,21,Gains In Performance
1999-02-27,5,No Place That Far,Sara Evans,6,22,Gains In Performance
1999-02-27,6,Stand Beside Me,Jo Dee Messina,4,21,
1999-02-27,7,You Were Mine,Dixie Chicks,7,12,Gains In Performance
1999-02-27,8,That Don't Impress Me Much,Shania Twain,9,12,Gains In Performance
1999-02-27,9,Wrong Night,Reba,8,16,
1999-02-27,10,Busy Man,Billy Ray Cyrus,10,18,Gains In Performance
1999-02-27,11,Powerful Thing,Trisha Yearwood,11,14,Gains In Performance
1999-02-27,12,How Forever Feels,Kenny Chesney,14,12,Gains In Performance
1999-02-27,13,Meanwhile,George Strait,12,8,Gains In Performance
1999-02-27,14,I Can't Get Over You,Brooks & Dunn,16,7,Gains In Performance
1999-02-27,15,Fly (The Angel Song),The Wilkinsons,15,19,
1999-02-27,16,Keepin' Up,Alabama,18,13,Gains In Performance
1999-02-27,17,I'll Think Of A Reason Later,Lee Ann Womack,21,10,Gains In Performance
1999-02-27,18,Wrong Again,Martina McBride,17,24,
1999-02-27,19,Somebody's Out There Watching,The Kinleys,20,19,Gains In Performance
1999-02-27,20,"Spirit Of A Boy, Wisdom Of A Man",Randy Travis,13,21,
1999-02-27,21,Love Ain't Like That,Faith Hill,22,7,Gains In Performance
1999-02-27,22,Wish You Were Here,Mark Wills,28,6,Gains In Performance
1999-02-27,23,Ordinary Life,Chad Brock,26,17,Gains In Performance
1999-02-27,24,There You Have It,BlackHawk,19,27,
1999-02-27,25,Gone Crazy,Alan Jackson,32,4,Gains In Performance
1999-02-27,26,Drive Me Wild,Sawyer Brown,31,16,Gains In Performance
1999-02-27,27,Hands Of A Working Man,Ty Herndon,34,10,Gains In Performance
1999-02-27,28,Can't Get Enough,Patty Loveless,35,7,Gains In Performance
1999-02-27,29,Anyone Else,Collin Raye,36,5,Gains In Performance
1999-02-27,30,Right On The Money,Alan Jackson,30,20,
1999-02-27,31,When Mama Ain't Happy,Tracy Byrd,33,11,Gains In Performance
1999-02-27,32,You Won't Ever Be Lonely,Andy Griggs,38,12,Gains In Performance
1999-02-27,33,I'm Leaving,Aaron Tippin,40,5,Gains In Performance
1999-02-27,34,Everytime I Cry,Terri Clark,41,4,Gains In Performance
1999-02-27,35,Don't Come Crying To Me,Vince Gill,39,6,Gains In Performance
1999-02-27,36,You Still Shake Me,Deana Carter,43,6,Gains In Performance
1999-02-27,37,Better Man,The Warren Brothers,44,7,Gains In Performance
1999-02-27,38,No More Looking Over My Shoulder,Travis Tritt,42,9,
1999-02-27,39,You Don't Need Me Now,Clint Black,45,5,Gains In Performance
1999-02-27,40,Every Little Whisper,Steve Wariner,37,20,
1999-02-27,41,With You,Lila McCann,48,5,Gains In Performance
1999-02-27,42,Your Own Little Corner Of My Heart,BlackHawk,52,4,Gains In Performance
1999-02-27,43,Hillbilly Shoes,Montgomery Gentry,53,3,Gains In Performance
1999-02-27,44,Say Anything,Shane McAnally,47,6,Gains In Performance
1999-02-27,45,What's The Matter With You Baby,Claudia Church,51,7,Gains In Performance
1999-02-27,46,If A Man Answers,Toby Keith,62,2,Gains In Performance
1999-02-27,47,I Will Be There For You,Jessica Andrews,54,4,Gains In Performance
1999-02-27,48,It's Your Song,Garth Brooks,50,16,
1999-02-27,49,Saturday Night,Lonestar,58,4,Gains In Performance
1999-02-27,50,I Was,Neal McCoy,55,3,Gains In Performance
1999-02-27,51,What About You,Sons Of The Desert,60,2,Gains In Performance
1999-02-27,52,Two Teardrops,Steve Wariner,75,2,Gains In Performance
1999-02-27,53,Faith Of The Heart,Susan Ashton,56,5,
1999-02-27,54,She's Always Right,Clay Walker,71,2,Gains In Performance
1999-02-27,55,I'm Yours,Linda Davis,46,18,
1999-02-27,56,Horse To Mexico,Trini Triggs,63,5,Gains In Performance
1999-02-27,57,Let's Start Livin',Gil Grand,64,3,Gains In Performance
1999-02-27,58,Maybe Not Tonight,Sammy Kershaw & Lorrie Morgan,NEW,1,Highest ranking debut|Gains In Performance
1999-02-27,59,There Goes The Neighborhood,Keith Harling,65,2,
1999-02-27,60,Barlight,Charlie Robison,67,7,Gains In Performance
1999-03-06,1,No Place That Far,Sara Evans,5,23,Gains In Performance
1999-03-06,2,I Don't Want To Miss A Thing,Mark Chesnutt,1,16,
1999-03-06,3,Unbelievable,Diamond Rio,2,19,
1999-03-06,4,You Were Mine,Dixie Chicks,7,13,Gains In Performance
1999-03-06,5,Hold On To Me,John Michael Montgomery,4,22,
1999-03-06,6,Busy Man,Billy Ray Cyrus,10,19,Gains In Performance
1999-03-06,7,Stand Beside Me,Jo Dee Messina,6,22,
1999-03-06,8,How Forever Feels,Kenny Chesney,12,13,Gains In Performance
1999-03-06,9,For A Little While,Tim McGraw,3,18,
1999-03-06,10,That Don't Impress Me Much,Shania Twain,8,13,
1999-03-06,11,Meanwhile,George Strait,13,9,Gains In Performance
1999-03-06,12,Powerful Thing,Trisha Yearwood,11,15,
1999-03-06,13,I Can't Get Over You,Brooks & Dunn,14,8,Gains In Performance
1999-03-06,14,I'll Think Of A Reason Later,Lee Ann Womack,17,11,Gains In Performance
1999-03-06,15,Keepin' Up,Alabama,16,14,Gains In Performance
1999-03-06,16,Fly (The Angel Song),The Wilkinsons,15,20,
1999-03-06,17,Wish You Were Here,Mark Wills,22,7,Gains In Performance
1999-03-06,18,Love Ain't Like That,Faith Hill,21,8,Gains In Performance
1999-03-06,19,Wrong Night,Reba,9,17,
1999-03-06,20,Somebody's Out There Watching,The Kinleys,19,20,Gains In Performance
1999-03-06,21,Ordinary Life,Chad Brock,23,18,Gains In Performance
1999-03-06,22,Gone Crazy,Alan Jackson,25,5,Gains In Performance
1999-03-06,23,Drive Me Wild,Sawyer Brown,26,17,Gains In Performance
1999-03-06,24,Wrong Again,Martina McBride,18,25,
1999-03-06,25,There You Have It,BlackHawk,24,28,
1999-03-06,26,Anyone Else,Collin Raye,29,6,Greatest gainer this week|Gains In Performance
1999-03-06,27,Hands Of A Working Man,Ty Herndon,27,11,Gains In Performance
1999-03-06,28,Can't Get Enough,Patty Loveless,28,8,Gains In Performance
1999-03-06,29,I'm Leaving,Aaron Tippin,33,6,Gains In Performance
1999-03-06,30,You Won't Ever Be Lonely,Andy Griggs,32,13,Gains In Performance
1999-03-06,31,Everytime I Cry,Terri Clark,34,5,Gains In Performance
1999-03-06,32,When Mama Ain't Happy,Tracy Byrd,31,12,Gains In Performance
1999-03-06,33,Don't Come Crying To Me,Vince Gill,35,7,Gains In Performance
1999-03-06,34,You Don't Need Me Now,Clint Black,39,6,Gains In Performance
1999-03-06,35,Hillbilly Shoes,Montgomery Gentry,43,4,Gains In Performance
1999-03-06,36,You Still Shake Me,Deana Carter,36,7,Gains In Performance
1999-03-06,37,Better Man,The Warren Brothers,37,8,Gains In Performance
1999-03-06,38,No More Looking Over My Shoulder,Travis Tritt,38,10,Gains In Performance
1999-03-06,39,Your Own Little Corner Of My Heart,BlackHawk,42,5,Gains In Performance
1999-03-06,40,With You,Lila McCann,41,6,Gains In Performance
1999-03-06,41,Two Teardrops,Steve Wariner,52,3,Gains In Performance
1999-03-06,42,Say Anything,Shane McAnally,44,7,Gains In Performance
1999-03-06,43,I Was,Neal McCoy,50,4,Gains In Performance
1999-03-06,44,What's The Matter With You Baby,Claudia Church,45,8,Gains In Performance
1999-03-06,45,If A Man Answers,Toby Keith,46,3,Gains In Performance
1999-03-06,46,I Will Be There For You,Jessica Andrews,47,5,Gains In Performance
1999-03-06,47,Saturday Night,Lonestar,49,5,Gains In Performance
1999-03-06,48,It's Your Song,Garth Brooks,48,17,Gains In Performance
1999-03-06,49,Maybe Not Tonight,Sammy Kershaw & Lorrie Morgan,58,2,Gains In Performance
1999-03-06,50,What About You,Sons Of The Desert,51,3,Gains In Performance
1999-03-06,51,Faith Of The Heart,Susan Ashton,53,6,Gains In Performance
1999-03-06,52,She's Always Right,Clay Walker,54,3,
1999-03-06,53,Horse To Mexico,Trini Triggs,56,6,Gains In Performance
1999-03-06,54,Little Good-byes,SHeDAISY,67,2,Gains In Performance
1999-03-06,55,Let's Start Livin',Gil Grand,57,4,Gains In Performance
1999-03-06,56,No Easy Goodbye,South Sixty Five,NEW,1,Highest ranking debut|Gains In Performance
1999-03-06,57,Who Needs Pictures,Brad Paisley,64,4,Gains In Performance
1999-03-06,58,There Goes The Neighborhood,Keith Harling,59,3,
1999-03-06,59,Life Goes On,James Prosser,61,2,
1999-03-06,60,Barlight,Charlie Robison,60,8,
1999-03-13,1,You Were Mine,Dixie Chicks,4,14,Gains In Performance
1999-03-13,2,I Don't Want To Miss A Thing,Mark Chesnutt,2,17,
1999-03-13,3,Busy Man,Billy Ray Cyrus,6,20,Gains In Performance
1999-03-13,4,No Place That Far,Sara Evans,1,24,
1999-03-13,5,How Forever Feels,Kenny Chesney,8,14,Greatest gainer this week|Gains In Performance
1999-03-13,6,Unbelievable,Diamond Rio,3,20,
1999-03-13,7,Hold On To Me,John Michael Montgomery,5,23,
1999-03-13,8,Meanwhile,George Strait,11,10,Gains In Performance
1999-03-13,9,Powerful Thing,Trisha Yearwood,12,16,Gains In Performance
1999-03-13,10,Stand Beside Me,Jo Dee Messina,7,23,
1999-03-13,11,I'll Think Of A Reason Later,Lee Ann Womack,14,12,Gains In Performance
1999-03-13,12,I Can't Get Over You,Brooks & Dunn,13,9,Gains In Performance
1999-03-13,13,Ordinary Life,Chad Brock,21,19,Gains In Performance
1999-03-13,14,Keepin' Up,Alabama,15,15,Gains In Performance
1999-03-13,15,That Don't Impress Me Much,Shania Twain,10,14,
1999-03-13,16,Wish You Were Here,Mark Wills,17,8,Gains In Performance
1999-03-13,17,Love Ain't Like That,Faith Hill,18,9,Gains In Performance
1999-03-13,18,Gone Crazy,Alan Jackson,22,6,Gains In Performance
1999-03-13,19,Somebody's Out There Watching,The Kinleys,20,21,Gains In Performance
1999-03-13,20,Drive Me Wild,Sawyer Brown,23,18,Gains In Performance
1999-03-13,21,For A Little While,Tim McGraw,9,19,
1999-03-13,22,Anyone Else,Collin Raye,26,7,Gains In Performance
1999-03-13,23,Fly (The Angel Song),The Wilkinsons,16,21,
1999-03-13,24,Hands Of A Working Man,Ty Herndon,27,12,Gains In Performance
1999-03-13,25,Wrong Again,Martina McBride,24,26,
1999-03-13,26,I'm Leaving,Aaron Tippin,29,7,Gains In Performance
1999-03-13,27,Can't Get Enough,Patty Loveless,28,9,Gains In Performance
1999-03-13,28,You Won't Ever Be Lonely,Andy Griggs,30,14,Gains In Performance
1999-03-13,29,Everytime I Cry,Terri Clark,31,6,Gains In Performance
1999-03-13,30,Don't Come Crying To Me,Vince Gill,33,8,Gains In Performance
1999-03-13,31,Hillbilly Shoes,Montgomery Gentry,35,5,Gains In Performance
1999-03-13,32,When Mama Ain't Happy,Tracy Byrd,32,13,
1999-03-13,33,Wrong Night,Reba,19,18,
1999-03-13,34,You Don't Need Me Now,Clint Black,34,7,Gains In Performance
1999-03-13,35,Two Teardrops,Steve Wariner,41,4,Gains In Performance
1999-03-13,36,Better Man,The Warren Brothers,37,9,Gains In Performance
1999-03-13,37,You Still Shake Me,Deana Carter,36,8,Gains In Performance
1999-03-13,38,Your Own Little Corner Of My Heart,BlackHawk,39,6,Gains In Performance
1999-03-13,39,With You,Lila McCann,40,7,Gains In Performance
1999-03-13,40,No More Looking Over My Shoulder,Travis Tritt,38,11,
1999-03-13,41,Maybe Not Tonight,Sammy Kershaw & Lorrie Morgan,49,3,Gains In Performance
1999-03-13,42,Say Anything,Shane McAnally,42,8,Gains In Performance
1999-03-13,43,What's The Matter With You Baby,Claudia Church,44,9,Gains In Performance
1999-03-13,44,If A Man Answers,Toby Keith,45,4,Gains In Performance
1999-03-13,45,I Was,Neal McCoy,43,5,Gains In Performance
1999-03-13,46,She's Always Right,Clay Walker,52,4,Gains In Performance
1999-03-13,47,I Will Be There For You,Jessica Andrews,46,6,Gains In Performance
1999-03-13,48,Stranger In My Mirror,Randy Travis,61,2,Gains In Performance
1999-03-13,49,Little Good-byes,SHeDAISY,54,3,Gains In Performance
1999-03-13,50,What About You,Sons Of The Desert,50,4,Gains In Performance
1999-03-13,51,It's Your Song,Garth Brooks,48,18,
1999-03-13,52,Faith Of The Heart,Susan Ashton,51,7,Gains In Performance
1999-03-13,53,Man! I Feel Like A Woman!,Shania Twain,RE,2,Gains In Performance
1999-03-13,54,Who Needs Pictures,Brad Paisley,57,5,Gains In Performance
1999-03-13,55,Whatever You Say,Martina McBride,62,2,Gains In Performance
1999-03-13,56,Saturday Night,Lonestar,47,6,
1999-03-13,57,Write This Down,George Strait,NEW,1,Highest ranking debut|Gains In Performance
1999-03-13,58,Let's Start Livin',Gil Grand,55,5,
1999-03-13,59,A Night To Remember,Joe Diffie,NEW,1,Gains In Performance
1999-03-13,60,Life Goes On,James Prosser,59,3,Gains In Performance
1999-03-20,1,You Were Mine,Dixie Chicks,1,15,
1999-03-20,2,How Forever Feels,Kenny Chesney,5,15,Greatest gainer this week|Gains In Performance
1999-03-20,3,Busy Man,Billy Ray Cyrus,3,21,Gains In Performance
1999-03-20,4,I Don't Want To Miss A Thing,Mark Chesnutt,2,18,
1999-03-20,5,Meanwhile,George Strait,8,11,Gains In Performance
1999-03-20,6,No Place That Far,Sara Evans,4,25,
1999-03-20,7,Powerful Thing,Trisha Yearwood,9,17,Gains In Performance
1999-03-20,8,I'll Think Of A Reason Later,Lee Ann Womack,11,13,Gains In Performance
1999-03-20,9,I Can't Get Over You,Brooks & Dunn,12,10,Gains In Performance
1999-03-20,10,Unbelievable,Diamond Rio,6,21,
1999-03-20,11,Ordinary Life,Chad Brock,13,20,Gains In Performance
1999-03-20,12,Stand Beside Me,Jo Dee Messina,10,24,
1999-03-20,13,Wish You Were Here,Mark Wills,16,9,Gains In Performance
1999-03-20,14,Keepin' Up,Alabama,14,16,Gains In Performance
1999-03-20,15,Hold On To Me,John Michael Montgomery,7,24,
1999-03-20,16,Gone Crazy,Alan Jackson,18,7,Gains In Performance
1999-03-20,17,Drive Me Wild,Sawyer Brown,20,19,Gains In Performance
1999-03-20,18,Love Ain't Like That,Faith Hill,17,10,Gains In Performance
1999-03-20,19,Anyone Else,Collin Raye,22,8,Gains In Performance
1999-03-20,20,Somebody's Out There Watching,The Kinleys,19,22,
1999-03-20,21,Hands Of A Working Man,Ty Herndon,24,13,Gains In Performance
1999-03-20,22,Can't Get Enough,Patty Loveless,27,10,Gains In Performance
1999-03-20,23,Everytime I Cry,Terri Clark,29,7,Gains In Performance
1999-03-20,24,You Won't Ever Be Lonely,Andy Griggs,28,15,Gains In Performance
1999-03-20,25,For A Little While,Tim McGraw,21,20,
1999-03-20,26,I'm Leaving,Aaron Tippin,26,8,Gains In Performance
1999-03-20,27,That Don't Impress Me Much,Shania Twain,15,15,
1999-03-20,28,Hillbilly Shoes,Montgomery Gentry,31,6,Gains In Performance
1999-03-20,29,Don't Come Crying To Me,Vince Gill,30,9,Gains In Performance
1999-03-20,30,Two Teardrops,Steve Wariner,35,5,Gains In Performance
1999-03-20,31,You Don't Need Me Now,Clint Black,34,8,Gains In Performance
1999-03-20,32,Better Man,The Warren Brothers,36,10,Gains In Performance
1999-03-20,33,With You,Lila McCann,39,8,Gains In Performance
1999-03-20,34,Your Own Little Corner Of My Heart,BlackHawk,38,7,Gains In Performance
1999-03-20,35,Maybe Not Tonight,Sammy Kershaw & Lorrie Morgan,41,4,Gains In Performance
1999-03-20,36,Wrong Night,Reba,33,19,
1999-03-20,37,You Still Shake Me,Deana Carter,37,9,Gains In Performance
1999-03-20,38,She's Always Right,Clay Walker,46,5,Gains In Performance
1999-03-20,39,When Mama Ain't Happy,Tracy Byrd,32,14,
1999-03-20,40,I Was,Neal McCoy,45,6,Gains In Performance
1999-03-20,41,Say Anything,Shane McAnally,42,9,Gains In Performance
1999-03-20,42,I Will Be There For You,Jessica Andrews,47,7,Gains In Performance
1999-03-20,43,Whatever You Say,Martina McBride,55,3,Gains In Performance
1999-03-20,44,No More Looking Over My Shoulder,Travis Tritt,40,12,
1999-03-20,45,What's The Matter With You Baby,Claudia Church,43,10,Gains In Performance
1999-03-20,46,Stranger In My Mirror,Randy Travis,48,3,Gains In Performance
1999-03-20,47,If A Man Answers,Toby Keith,44,5,Gains In Performance
1999-03-20,48,Man! I Feel Like A Woman!,Shania Twain,53,3,Gains In Performance
1999-03-20,49,Little Good-byes,SHeDAISY,49,4,Gains In Performance
1999-03-20,50,What About You,Sons Of The Desert,50,5,Gains In Performance
1999-03-20,51,Please Remember Me,Tim McGraw,NEW,1,Highest ranking debut|Gains In Performance
1999-03-20,52,A Night To Remember,Joe Diffie,59,2,Gains In Performance
1999-03-20,53,Who Needs Pictures,Brad Paisley,54,6,Gains In Performance
1999-03-20,54,It's Your Song,Garth Brooks,51,19,
1999-03-20,55,Write This Down,George Strait,57,2,Gains In Performance
1999-03-20,56,It's About Time,Julie Reeves,63,3,Gains In Performance
1999-03-20,57,Faith Of The Heart,Susan Ashton,52,8,
1999-03-20,58,Somethin' 'Bout A Sunday,Michael Peterson,64,2,Gains In Performance
1999-03-20,59,Let's Start Livin',Gil Grand,58,6,Gains In Performance
1999-03-20,60,Life Goes On,James Prosser,60,4,
1999-03-27,1,How Forever Feels,Kenny Chesney,2,16,
1999-03-27,2,You Were Mine,Dixie Chicks,1,16,
1999-03-27,3,Busy Man,Billy Ray Cyrus,3,22,
1999-03-27,4,Meanwhile,George Strait,5,12,Gains In Performance
1999-03-27,5,I'll Think Of A Reason Later,Lee Ann Womack,8,14,Gains In Performance
1999-03-27,6,Powerful Thing,Trisha Yearwood,7,18,Gains In Performance
1999-03-27,7,Ordinary Life,Chad Brock,11,21,Gains In Performance
1999-03-27,8,I Can't Get Over You,Brooks & Dunn,9,11,Gains In Performance
1999-03-27,9,I Don't Want To Miss A Thing,Mark Chesnutt,4,19,
1999-03-27,10,Wish You Were Here,Mark Wills,13,10,Gains In Performance
1999-03-27,11,No Place That Far,Sara Evans,6,26,
1999-03-27,12,Unbelievable,Diamond Rio,10,22,
1999-03-27,13,Stand Beside Me,Jo Dee Messina,12,25,
1999-03-27,14,Gone Crazy,Alan Jackson,16,8,Gains In Performance
1999-03-27,15,Keepin' Up,Alabama,14,17,
1999-03-27,16,Drive Me Wild,Sawyer Brown,17,20,Gains In Performance
1999-03-27,17,Love Ain't Like That,Faith Hill,18,11,Gains In Performance
1999-03-27,18,Anyone Else,Collin Raye,19,9,Gains In Performance
1999-03-27,19,Hands Of A Working Man,Ty Herndon,21,14,Gains In Performance
1999-03-27,20,Everytime I Cry,Terri Clark,23,8,Gains In Performance
1999-03-27,21,Hold On To Me,John Michael Montgomery,15,25,
1999-03-27,22,Can't Get Enough,Patty Loveless,22,11,Gains In Performance
1999-03-27,23,I'm Leaving,Aaron Tippin,26,9,Gains In Performance
1999-03-27,24,You Won't Ever Be Lonely,Andy Griggs,24,16,Gains In Performance
1999-03-27,25,Two Teardrops,Steve Wariner,30,6,Gains In Performance
1999-03-27,26,Hillbilly Shoes,Montgomery Gentry,28,7,Gains In Performance
1999-03-27,27,Please Remember Me,Tim McGraw,51,2,Gains In Performance
1999-03-27,28,Don't Come Crying To Me,Vince Gill,29,10,Gains In Performance
1999-03-27,29,You Don't Need Me Now,Clint Black,31,9,Gains In Performance
1999-03-27,30,That Don't Impress Me Much,Shania Twain,27,16,
1999-03-27,31,With You,Lila McCann,33,9,Gains In Performance
1999-03-27,32,Better Man,The Warren Brothers,32,11,Gains In Performance
1999-03-27,33,Your Own Little Corner Of My Heart,BlackHawk,34,8,Gains In Performance
1999-03-27,34,Maybe Not Tonight,Sammy Kershaw & Lorrie Morgan,35,5,Gains In Performance
1999-03-27,35,She's Always Right,Clay Walker,38,6,Gains In Performance
1999-03-27,36,Man! I Feel Like A Woman!,Shania Twain,48,4,Gains In Performance
1999-03-27,37,Whatever You Say,Martina McBride,43,4,Gains In Performance
1999-03-27,38,Stranger In My Mirror,Randy Travis,46,4,Gains In Performance
1999-03-27,39,I Was,Neal McCoy,40,7,Gains In Performance
1999-03-27,40,I Will Be There For You,Jessica Andrews,42,8,Gains In Performance
1999-03-27,41,What's The Matter With You Baby,Claudia Church,45,11,Gains In Performance
1999-03-27,42,Wrong Night,Reba,36,20,
1999-03-27,43,Say Anything,Shane McAnally,41,10,Gains In Performance
1999-03-27,44,Little Good-byes,SHeDAISY,49,5,Gains In Performance
1999-03-27,45,A Night To Remember,Joe Diffie,52,3,Gains In Performance
1999-03-27,46,What About You,Sons Of The Desert,50,6,Gains In Performance
1999-03-27,47,You Still Shake Me,Deana Carter,37,10,
1999-03-27,48,When Mama Ain't Happy,Tracy Byrd,39,15,
1999-03-27,49,Who Needs Pictures,Brad Paisley,53,7,Gains In Performance
1999-03-27,50,If A Man Answers,Toby Keith,47,6,
1999-03-27,51,One Honest Heart,Reba,65,2,Gains In Performance
1999-03-27,52,No More Looking Over My Shoulder,Travis Tritt,44,13,
1999-03-27,53,It's About Time,Julie Reeves,56,4,Gains In Performance
1999-03-27,54,Somethin' 'Bout A Sunday,Michael Peterson,58,3,Gains In Performance
1999-03-27,55,Write This Down,George Strait,55,3,
1999-03-27,56,It's Your Song,Garth Brooks,54,20,
1999-03-27,57,Slave To The Habit,Shane Minor,69,3,Gains In Performance
1999-03-27,58,Hello L.O.V.E.,John Michael Montgomery,NEW,1,Highest ranking debut|Gains In Performance
1999-03-27,59,Let's Start Livin',Gil Grand,59,7,Gains In Performance
1999-03-27,60,Horse To Mexico,Trini Triggs,63,9,Gains In Performance
1999-04-03,1,How Forever Feels,Kenny Chesney,1,17,
1999-04-03,2,You Were Mine,Dixie Chicks,2,17,
1999-04-03,3,I'll Think Of A Reason Later,Lee Ann Womack,5,15,Gains In Performance
1999-04-03,4,Meanwhile,George Strait,4,13,
1999-04-03,5,Busy Man,Billy Ray Cyrus,3,23,
1999-04-03,6,I Can't Get Over You,Brooks & Dunn,8,12,Gains In Performance
1999-04-03,7,Ordinary Life,Chad Brock,7,22,Gains In Performance
1999-04-03,8,Powerful Thing,Trisha Yearwood,6,19,
1999-04-03,9,Wish You Were Here,Mark Wills,10,11,Gains In Performance
1999-04-03,10,I Don't Want To Miss A Thing,Mark Chesnutt,9,20,
1999-04-03,11,Gone Crazy,Alan Jackson,14,9,Gains In Performance
1999-04-03,12,Stand Beside Me,Jo Dee Messina,13,26,
1999-04-03,13,Drive Me Wild,Sawyer Brown,16,21,Gains In Performance
1999-04-03,14,Anyone Else,Collin Raye,18,10,Gains In Performance
1999-04-03,15,Love Ain't Like That,Faith Hill,17,12,
1999-04-03,16,Unbelievable,Diamond Rio,12,23,
1999-04-03,17,No Place That Far,Sara Evans,11,27,
1999-04-03,18,Hands Of A Working Man,Ty Herndon,19,15,Gains In Performance
1999-04-03,19,Everytime I Cry,Terri Clark,20,9,Gains In Performance
1999-04-03,20,Two Teardrops,Steve Wariner,25,7,Greatest gainer this week|Gains In Performance
1999-04-03,21,Can't Get Enough,Patty Loveless,22,12,Gains In Performance
1999-04-03,22,You Won't Ever Be Lonely,Andy Griggs,24,17,Gains In Performance
1999-04-03,23,Keepin' Up,Alabama,15,18,
1999-04-03,24,I'm Leaving,Aaron Tippin,23,10,Gains In Performance
1999-04-03,25,Hillbilly Shoes,Montgomery Gentry,26,8,Gains In Performance
1999-04-03,26,Please Remember Me,Tim McGraw,27,3,Gains In Performance
1999-04-03,27,Don't Come Crying To Me,Vince Gill,28,11,
1999-04-03,28,Maybe Not Tonight,Sammy Kershaw & Lorrie Morgan,34,6,Gains In Performance
1999-04-03,29,With You,Lila McCann,31,10,Gains In Performance
1999-04-03,30,Your Own Little Corner Of My Heart,BlackHawk,33,9,Gains In Performance
1999-04-03,31,You Don't Need Me Now,Clint Black,29,10,
1999-04-03,32,Man! I Feel Like A Woman!,Shania Twain,36,5,Gains In Performance
1999-04-03,33,Better Man,The Warren Brothers,32,12,Gains In Performance
1999-04-03,34,She's Always Right,Clay Walker,35,7,Gains In Performance
1999-04-03,35,Stranger In My Mirror,Randy Travis,38,5,Gains In Performance
1999-04-03,36,That Don't Impress Me Much,Shania Twain,30,17,
1999-04-03,37,Whatever You Say,Martina McBride,37,5,Gains In Performance
1999-04-03,38,I Was,Neal McCoy,39,8,Gains In Performance
1999-04-03,39,I Will Be There For You,Jessica Andrews,40,9,Gains In Performance
1999-04-03,40,Little Good-byes,SHeDAISY,44,6,Gains In Performance
1999-04-03,41,What's The Matter With You Baby,Claudia Church,41,12,Gains In Performance
1999-04-03,42,A Night To Remember,Joe Diffie,45,4,Gains In Performance
1999-04-03,43,Say Anything,Shane McAnally,43,11,
1999-04-03,44,Who Needs Pictures,Brad Paisley,49,8,Gains In Performance
1999-04-03,45,What About You,Sons Of The Desert,46,7,Gains In Performance
1999-04-03,46,Slave To The Habit,Shane Minor,57,4,Gains In Performance
1999-04-03,47,One Honest Heart,Reba,51,3,Gains In Performance
1999-04-03,48,Hello L.O.V.E.,John Michael Montgomery,58,2,Gains In Performance
1999-04-03,49,Write This Down,George Strait,55,4,Gains In Performance
1999-04-03,50,Somethin' 'Bout A Sunday,Michael Peterson,54,4,Gains In Performance
1999-04-03,51,It's About Time,Julie Reeves,53,5,
1999-04-03,52,When Mama Ain't Happy,Tracy Byrd,48,16,
1999-04-03,53,You Still Shake Me,Deana Carter,47,11,
1999-04-03,54,Single White Female,Chely Wright,64,4,Gains In Performance
1999-04-03,55,Horse To Mexico,Trini Triggs,60,10,Gains In Performance
1999-04-03,56,If A Man Answers,Toby Keith,50,7,
1999-04-03,57,No More Looking Over My Shoulder,Travis Tritt,52,14,
1999-04-03,58,Let's Start Livin',Gil Grand,59,8,
1999-04-03,59,Sundown,Deryl Dodd,62,5,Gains In Performance
1999-04-03,60,I Know How The River Feels,Diamond Rio,74,2,Gains In Performance
1999-04-10,1,How Forever Feels,Kenny Chesney,1,18,
1999-04-10,2,I'll Think Of A Reason Later,Lee Ann Womack,3,16,Gains In Performance
1999-04-10,3,Ordinary Life,Chad Brock,7,23,Gains In Performance
1999-04-10,4,You Were Mine,Dixie Chicks,2,18,
1999-04-10,5,I Can't Get Over You,Brooks & Dunn,6,13,
1999-04-10,6,Wish You Were Here,Mark Wills,9,12,Gains In Performance
1999-04-10,7,Meanwhile,George Strait,4,14,
1999-04-10,8,Gone Crazy,Alan Jackson,11,10,Gains In Performance
1999-04-10,9,Drive Me Wild,Sawyer Brown,13,22,Gains In Performance
1999-04-10,10,Busy Man,Billy Ray Cyrus,5,24,
1999-04-10,11,Powerful Thing,Trisha Yearwood,8,20,
1999-04-10,12,I Don't Want To Miss A Thing,Mark Chesnutt,10,21,
1999-04-10,13,Hands Of A Working Man,Ty Herndon,18,16,Gains In Performance
1999-04-10,14,Anyone Else,Collin Raye,14,11,Gains In Performance
1999-04-10,15,Please Remember Me,Tim McGraw,26,4,Gains In Performance
1999-04-10,16,Love Ain't Like That,Faith Hill,15,13,Gains In Performance
1999-04-10,17,Stand Beside Me,Jo Dee Messina,12,27,
1999-04-10,18,Everytime I Cry,Terri Clark,19,10,Gains In Performance
1999-04-10,19,Two Teardrops,Steve Wariner,20,8,Gains In Performance
1999-04-10,20,You Won't Ever Be Lonely,Andy Griggs,22,18,Gains In Performance
1999-04-10,21,Hillbilly Shoes,Montgomery Gentry,25,9,Gains In Performance
1999-04-10,22,Unbelievable,Diamond Rio,16,24,
1999-04-10,23,Can't Get Enough,Patty Loveless,21,13,Gains In Performance
1999-04-10,24,No Place That Far,Sara Evans,17,28,
1999-04-10,25,I'm Leaving,Aaron Tippin,24,11,Gains In Performance
1999-04-10,26,Man! I Feel Like A Woman!,Shania Twain,32,6,Gains In Performance
1999-04-10,27,With You,Lila McCann,29,11,Gains In Performance
1999-04-10,28,Maybe Not Tonight,Sammy Kershaw & Lorrie Morgan,28,7,Gains In Performance
1999-04-10,29,Don't Come Crying To Me,Vince Gill,27,12,
1999-04-10,30,Stranger In My Mirror,Randy Travis,35,6,Gains In Performance
1999-04-10,31,Whatever You Say,Martina McBride,37,6,Gains In Performance
1999-04-10,32,Your Own Little Corner Of My Heart,BlackHawk,30,10,Gains In Performance
1999-04-10,33,You Don't Need Me Now,Clint Black,31,11,Gains In Performance
1999-04-10,34,Better Man,The Warren Brothers,33,13,Gains In Performance
1999-04-10,35,Keepin' Up,Alabama,23,19,
1999-04-10,36,She's Always Right,Clay Walker,34,8,
1999-04-10,37,That Don't Impress Me Much,Shania Twain,36,18,
1999-04-10,38,I Was,Neal McCoy,38,9,Gains In Performance
1999-04-10,39,I Will Be There For You,Jessica Andrews,39,10,Gains In Performance
1999-04-10,40,A Night To Remember,Joe Diffie,42,5,Gains In Performance
1999-04-10,41,Little Good-byes,SHeDAISY,40,7,Gains In Performance
1999-04-10,42,Hello L.O.V.E.,John Michael Montgomery,48,3,Gains In Performance
1999-04-10,43,What's The Matter With You Baby,Claudia Church,41,13,
1999-04-10,44,Slave To The Habit,Shane Minor,46,5,Gains In Performance
1999-04-10,45,One Honest Heart,Reba,47,4,Gains In Performance
1999-04-10,46,Who Needs Pictures,Brad Paisley,44,9,Gains In Performance
1999-04-10,47,Write This Down,George Strait,49,5,Gains In Performance
1999-04-10,48,What About You,Sons Of The Desert,45,8,Gains In Performance
1999-04-10,49,Single White Female,Chely Wright,54,5,Gains In Performance
1999-04-10,50,Somethin' 'Bout A Sunday,Michael Peterson,50,5,Gains In Performance
1999-04-10,51,Say Anything,Shane McAnally,43,12,
1999-04-10,52,It's About Time,Julie Reeves,51,6,Gains In Performance
1999-04-10,53,Angels Working Overtime,Deana Carter,63,2,Gains In Performance
1999-04-10,54,Amazed,Lonestar,NEW,1,Highest ranking debut|Gains In Performance
1999-04-10,55,I Know How The River Feels,Diamond Rio,60,3,Gains In Performance
1999-04-10,56,Tonight The Heartache's On Me,Dixie Chicks,62,2,Gains In Performance
1999-04-10,57,"Fool, I'm A Woman",Sara Evans,72,2,Gains In Performance
1999-04-10,58,Boy Oh Boy,The Wilkinsons,75,3,Gains In Performance
1999-04-10,59,Horse To Mexico,Trini Triggs,55,11,Gains In Performance
1999-04-10,60,From The Inside Out,Linda Davis,67,2,Gains In Performance
1999-04-17,1,How Forever Feels,Kenny Chesney,1,19,
1999-04-17,2,I'll Think Of A Reason Later,Lee Ann Womack,2,17,Gains In Performance
1999-04-17,3,Ordinary Life,Chad Brock,3,24,Gains In Performance
1999-04-17,4,Wish You Were Here,Mark Wills,6,13,Gains In Performance
1999-04-17,5,You Were Mine,Dixie Chicks,4,19,
1999-04-17,6,I Can't Get Over You,Brooks & Dunn,5,14,
1999-04-17,7,Drive Me Wild,Sawyer Brown,9,23,Gains In Performance
1999-04-17,8,Gone Crazy,Alan Jackson,8,11,Gains In Performance
1999-04-17,9,Please Remember Me,Tim McGraw,15,5,Gains In Performance
1999-04-17,10,Hands Of A Working Man,Ty Herndon,13,17,Gains In Performance
1999-04-17,11,Anyone Else,Collin Raye,14,12,Gains In Performance
1999-04-17,12,Love Ain't Like That,Faith Hill,16,14,Gains In Performance
1999-04-17,13,Two Teardrops,Steve Wariner,19,9,Gains In Performance
1999-04-17,14,Everytime I Cry,Terri Clark,18,11,Gains In Performance
1999-04-17,15,You Won't Ever Be Lonely,Andy Griggs,20,19,Gains In Performance
1999-04-17,16,I Don't Want To Miss A Thing,Mark Chesnutt,12,22,
1999-04-17,17,Busy Man,Billy Ray Cyrus,10,25,
1999-04-17,18,Hillbilly Shoes,Montgomery Gentry,21,10,Gains In Performance
1999-04-17,19,Stand Beside Me,Jo Dee Messina,17,28,
1999-04-17,20,I'm Leaving,Aaron Tippin,25,12,Gains In Performance
1999-04-17,21,Can't Get Enough,Patty Loveless,23,14,Gains In Performance
1999-04-17,22,Unbelievable,Diamond Rio,22,25,
1999-04-17,23,Man! I Feel Like A Woman!,Shania Twain,26,7,Gains In Performance
1999-04-17,24,No Place That Far,Sara Evans,24,29,
1999-04-17,25,Meanwhile,George Strait,7,15,
1999-04-17,26,Whatever You Say,Martina McBride,31,7,Gains In Performance
1999-04-17,27,With You,Lila McCann,27,12,Gains In Performance
1999-04-17,28,Maybe Not Tonight,Sammy Kershaw & Lorrie Morgan,28,8,Gains In Performance
1999-04-17,29,Stranger In My Mirror,Randy Travis,30,7,Gains In Performance
1999-04-17,30,Your Own Little Corner Of My Heart,BlackHawk,32,11,Gains In Performance
1999-04-17,31,Don't Come Crying To Me,Vince Gill,29,13,
1999-04-17,32,Write This Down,George Strait,47,6,Gains In Performance
1999-04-17,33,Better Man,The Warren Brothers,34,14,Gains In Performance
1999-04-17,34,You Don't Need Me Now,Clint Black,33,12,
1999-04-17,35,She's Always Right,Clay Walker,36,9,Gains In Performance
1999-04-17,36,Little Good-byes,SHeDAISY,41,8,Gains In Performance
1999-04-17,37,A Night To Remember,Joe Diffie,40,6,Gains In Performance
1999-04-17,38,I Was,Neal McCoy,38,10,Gains In Performance
1999-04-17,39,I Will Be There For You,Jessica Andrews,39,11,Gains In Performance
1999-04-17,40,Hello L.O.V.E.,John Michael Montgomery,42,4,Gains In Performance
1999-04-17,41,That Don't Impress Me Much,Shania Twain,37,19,
1999-04-17,42,Slave To The Habit,Shane Minor,44,6,Gains In Performance
1999-04-17,43,One Honest Heart,Reba,45,5,Gains In Performance
1999-04-17,44,Who Needs Pictures,Brad Paisley,46,10,Gains In Performance
1999-04-17,45,Keepin' Up,Alabama,35,20,
1999-04-17,46,Single White Female,Chely Wright,49,6,Gains In Performance
1999-04-17,47,Tonight The Heartache's On Me,Dixie Chicks,56,3,Gains In Performance
1999-04-17,48,What About You,Sons Of The Desert,48,9,
1999-04-17,49,What's The Matter With You Baby,Claudia Church,43,14,
1999-04-17,50,Amazed,Lonestar,54,2,Gains In Performance
1999-04-17,51,Angels Working Overtime,Deana Carter,53,3,Gains In Performance
1999-04-17,52,Somethin' 'Bout A Sunday,Michael Peterson,50,6,Gains In Performance
1999-04-17,53,I Know How The River Feels,Diamond Rio,55,4,Gains In Performance
1999-04-17,54,"Fool, I'm A Woman",Sara Evans,57,3,Gains In Performance
1999-04-17,55,It's About Time,Julie Reeves,52,7,Gains In Performance
1999-04-17,56,Boy Oh Boy,The Wilkinsons,58,4,Gains In Performance
1999-04-17,57,Start The Car,Travis Tritt,68,2,Gains In Performance
1999-04-17,58,Horse To Mexico,Trini Triggs,59,12,Gains In Performance
1999-04-17,59,Almost Home,Mary Chapin Carpenter,66,2,Gains In Performance
1999-04-17,60,Give My Heart To You,Billy Ray Cyrus,72,2,Gains In Performance
1999-04-24,1,How Forever Feels,Kenny Chesney,1,20,Gains In Performance
1999-04-24,2,I'll Think Of A Reason Later,Lee Ann Womack,2,18,Gains In Performance
1999-04-24,3,Ordinary Life,Chad Brock,3,25,Gains In Performance
1999-04-24,4,Wish You Were Here,Mark Wills,4,14,Gains In Performance
1999-04-24,5,Gone Crazy,Alan Jackson,8,12,Gains In Performance
1999-04-24,6,Drive Me Wild,Sawyer Brown,7,24,Gains In Performance
1999-04-24,7,Please Remember Me,Tim McGraw,9,6,Gains In Performance
1999-04-24,8,Hands Of A Working Man,Ty Herndon,10,18,Gains In Performance
1999-04-24,9,You Were Mine,Dixie Chicks,5,20,
1999-04-24,10,Anyone Else,Collin Raye,11,13,Gains In Performance
1999-04-24,11,You Won't Ever Be Lonely,Andy Griggs,15,20,Gains In Performance
1999-04-24,12,Two Teardrops,Steve Wariner,13,10,Gains In Performance
1999-04-24,13,Everytime I Cry,Terri Clark,14,12,Gains In Performance
1999-04-24,14,Love Ain't Like That,Faith Hill,12,15,
1999-04-24,15,I Can't Get Over You,Brooks & Dunn,6,15,
1999-04-24,16,Hillbilly Shoes,Montgomery Gentry,18,11,Gains In Performance
1999-04-24,17,Man! I Feel Like A Woman!,Shania Twain,23,8,Gains In Performance
1999-04-24,18,Stand Beside Me,Jo Dee Messina,19,29,
1999-04-24,19,I'm Leaving,Aaron Tippin,20,13,
1999-04-24,20,I Don't Want To Miss A Thing,Mark Chesnutt,16,23,
1999-04-24,21,Busy Man,Billy Ray Cyrus,17,26,
1999-04-24,22,Can't Get Enough,Patty Loveless,21,15,
1999-04-24,23,Unbelievable,Diamond Rio,22,26,
1999-04-24,24,Whatever You Say,Martina McBride,26,8,Gains In Performance
1999-04-24,25,No Place That Far,Sara Evans,24,30,
1999-04-24,26,With You,Lila McCann,27,13,Gains In Performance
1999-04-24,27,Write This Down,George Strait,32,7,Gains In Performance
1999-04-24,28,Maybe Not Tonight,Sammy Kershaw & Lorrie Morgan,28,9,Gains In Performance
1999-04-24,29,Stranger In My Mirror,Randy Travis,29,8,Gains In Performance
1999-04-24,30,Your Own Little Corner Of My Heart,BlackHawk,30,12,Gains In Performance
1999-04-24,31,She's Always Right,Clay Walker,35,10,Gains In Performance
1999-04-24,32,Meanwhile,George Strait,25,16,
1999-04-24,33,A Night To Remember,Joe Diffie,37,7,Gains In Performance
1999-04-24,34,Better Man,The Warren Brothers,33,15,
1999-04-24,35,Hello L.O.V.E.,John Michael Montgomery,40,5,Gains In Performance
1999-04-24,36,Tonight The Heartache's On Me,Dixie Chicks,47,4,Gains In Performance
1999-04-24,37,I Was,Neal McCoy,38,11,Gains In Performance
1999-04-24,38,Little Good-byes,SHeDAISY,36,9,Gains In Performance
1999-04-24,39,I Will Be There For You,Jessica Andrews,39,12,Gains In Performance
1999-04-24,40,One Honest Heart,Reba,43,6,Gains In Performance
1999-04-24,41,Slave To The Habit,Shane Minor,42,7,Gains In Performance
1999-04-24,42,That Don't Impress Me Much,Shania Twain,41,20,
1999-04-24,43,Single White Female,Chely Wright,46,7,Gains In Performance
1999-04-24,44,Who Needs Pictures,Brad Paisley,44,11,Gains In Performance
1999-04-24,45,Don't Come Crying To Me,Vince Gill,31,14,
1999-04-24,46,You Don't Need Me Now,Clint Black,34,13,
1999-04-24,47,Amazed,Lonestar,50,3,Gains In Performance
1999-04-24,48,Angels Working Overtime,Deana Carter,51,4,Gains In Performance
1999-04-24,49,Somethin' 'Bout A Sunday,Michael Peterson,52,7,Gains In Performance
1999-04-24,50,I Know How The River Feels,Diamond Rio,53,5,Gains In Performance
1999-04-24,51,"Fool, I'm A Woman",Sara Evans,54,4,Gains In Performance
1999-04-24,52,Boy Oh Boy,The Wilkinsons,56,5,Gains In Performance
1999-04-24,53,Almost Home,Mary Chapin Carpenter,59,3,Gains In Performance
1999-04-24,54,What's The Matter With You Baby,Claudia Church,49,15,
1999-04-24,55,The Greatest,Kenny Rogers,65,2,Gains In Performance
1999-04-24,56,What About You,Sons Of The Desert,48,10,
1999-04-24,57,It's About Time,Julie Reeves,55,8,
1999-04-24,58,Horse To Mexico,Trini Triggs,58,13,Gains In Performance
1999-04-24,59,Give My Heart To You,Billy Ray Cyrus,60,3,Gains In Performance
1999-04-24,60,Start The Car,Travis Tritt,57,3,Gains In Performance
1999-05-01,1,How Forever Feels,Kenny Chesney,1,21,
1999-05-01,2,I'll Think Of A Reason Later,Lee Ann Womack,2,19,
1999-05-01,3,Wish You Were Here,Mark Wills,4,15,Gains In Performance
1999-05-01,4,Ordinary Life,Chad Brock,3,26,
1999-05-01,5,Please Remember Me,Tim McGraw,7,7,Gains In Performance
1999-05-01,6,Gone Crazy,Alan Jackson,5,13,Gains In Performance
1999-05-01,7,Drive Me Wild,Sawyer Brown,6,25,Gains In Performance
1999-05-01,8,Hands Of A Working Man,Ty Herndon,8,19,Gains In Performance
1999-05-01,9,You Won't Ever Be Lonely,Andy Griggs,11,21,Gains In Performance
1999-05-01,10,Anyone Else,Collin Raye,10,14,Gains In Performance
1999-05-01,11,Two Teardrops,Steve Wariner,12,11,Gains In Performance
1999-05-01,12,Everytime I Cry,Terri Clark,13,13,Gains In Performance
1999-05-01,13,Man! I Feel Like A Woman!,Shania Twain,17,9,Gains In Performance
1999-05-01,14,You Were Mine,Dixie Chicks,9,21,
1999-05-01,15,Hillbilly Shoes,Montgomery Gentry,16,12,Gains In Performance
1999-05-01,16,Write This Down,George Strait,27,8,Gains In Performance
1999-05-01,17,I'm Leaving,Aaron Tippin,19,14,Gains In Performance
1999-05-01,18,Stand Beside Me,Jo Dee Messina,18,30,
1999-05-01,19,I Don't Want To Miss A Thing,Mark Chesnutt,20,24,
1999-05-01,20,With You,Lila McCann,26,14,Gains In Performance
1999-05-01,21,Whatever You Say,Martina McBride,24,9,Gains In Performance
1999-05-01,22,Can't Get Enough,Patty Loveless,22,16,
1999-05-01,23,Love Ain't Like That,Faith Hill,14,16,
1999-05-01,24,Unbelievable,Diamond Rio,23,27,
1999-05-01,25,Busy Man,Billy Ray Cyrus,21,27,
1999-05-01,26,I Can't Get Over You,Brooks & Dunn,15,16,
1999-05-01,27,Maybe Not Tonight,Sammy Kershaw & Lorrie Morgan,28,10,Gains In Performance
1999-05-01,28,Stranger In My Mirror,Randy Travis,29,9,Gains In Performance
1999-05-01,29,Your Own Little Corner Of My Heart,BlackHawk,30,13,Gains In Performance
1999-05-01,30,She's Always Right,Clay Walker,31,11,Gains In Performance
1999-05-01,31,A Night To Remember,Joe Diffie,33,8,Gains In Performance
1999-05-01,32,Tonight The Heartache's On Me,Dixie Chicks,36,5,Gains In Performance
1999-05-01,33,Hello L.O.V.E.,John Michael Montgomery,35,6,Gains In Performance
1999-05-01,34,One Honest Heart,Reba,40,7,Gains In Performance
1999-05-01,35,Little Good-byes,SHeDAISY,38,10,Gains In Performance
1999-05-01,36,I Will Be There For You,Jessica Andrews,39,13,Gains In Performance
1999-05-01,37,I Was,Neal McCoy,37,12,
1999-05-01,38,Single White Female,Chely Wright,43,8,Gains In Performance
1999-05-01,39,Slave To The Habit,Shane Minor,41,8,Gains In Performance
1999-05-01,40,Who Needs Pictures,Brad Paisley,44,12,Gains In Performance
1999-05-01,41,Amazed,Lonestar,47,4,Gains In Performance
1999-05-01,42,Meanwhile,George Strait,32,17,
1999-05-01,43,Better Man,The Warren Brothers,34,16,
1999-05-01,44,Angels Working Overtime,Deana Carter,48,5,Gains In Performance
1999-05-01,45,Somethin' 'Bout A Sunday,Michael Peterson,49,8,Gains In Performance
1999-05-01,46,I Know How The River Feels,Diamond Rio,50,6,Gains In Performance
1999-05-01,47,Don't Come Crying To Me,Vince Gill,45,15,
1999-05-01,48,"Fool, I'm A Woman",Sara Evans,51,5,Gains In Performance
1999-05-01,49,The Greatest,Kenny Rogers,55,3,Gains In Performance
1999-05-01,50,Boy Oh Boy,The Wilkinsons,52,6,Gains In Performance
1999-05-01,51,Almost Home,Mary Chapin Carpenter,53,4,Gains In Performance
1999-05-01,52,Start The Car,Travis Tritt,60,4,Gains In Performance
1999-05-01,53,You Don't Need Me Now,Clint Black,46,14,
1999-05-01,54,Give My Heart To You,Billy Ray Cyrus,59,4,Gains In Performance
1999-05-01,55,You Had Me From Hello,Kenny Chesney,63,3,Gains In Performance
1999-05-01,56,Lesson In Leavin',Jo Dee Messina,NEW,1,Highest ranking debut|Gains In Performance
1999-05-01,57,Horse To Mexico,Trini Triggs,58,14,
1999-05-01,58,What's The Matter With You Baby,Claudia Church,54,16,
1999-05-01,59,This Heartache Never Sleeps,Mark Chesnutt,75,2,Gains In Performance
1999-05-01,60,Someone Else's Turn To Cry,Chalee Tennison,65,3,Gains In Performance
1999-05-08,1,Wish You Were Here,Mark Wills,3,16,Gains In Performance
1999-05-08,2,Please Remember Me,Tim McGraw,5,8,Gains In Performance
1999-05-08,3,How Forever Feels,Kenny Chesney,1,22,
1999-05-08,4,Gone Crazy,Alan Jackson,6,14,Gains In Performance
1999-05-08,5,You Won't Ever Be Lonely,Andy Griggs,9,22,Gains In Performance
1999-05-08,6,Drive Me Wild,Sawyer Brown,7,26,Gains In Performance
1999-05-08,7,I'll Think Of A Reason Later,Lee Ann Womack,2,20,
1999-05-08,8,Hands Of A Working Man,Ty Herndon,8,20,Gains In Performance
1999-05-08,9,Ordinary Life,Chad Brock,4,27,
1999-05-08,10,Anyone Else,Collin Raye,10,15,Gains In Performance
1999-05-08,11,Two Teardrops,Steve Wariner,11,12,Gains In Performance
1999-05-08,12,Man! I Feel Like A Woman!,Shania Twain,13,10,Gains In Performance
1999-05-08,13,Write This Down,George Strait,16,9,Gains In Performance
1999-05-08,14,Everytime I Cry,Terri Clark,12,14,Gains In Performance
1999-05-08,15,Hillbilly Shoes,Montgomery Gentry,15,13,Gains In Performance
1999-05-08,16,You Were Mine,Dixie Chicks,14,22,
1999-05-08,17,Whatever You Say,Martina McBride,21,10,Gains In Performance
1999-05-08,18,I'm Leaving,Aaron Tippin,17,15,
1999-05-08,19,With You,Lila McCann,20,15,Gains In Performance
1999-05-08,20,Stand Beside Me,Jo Dee Messina,18,31,
1999-05-08,21,I Don't Want To Miss A Thing,Mark Chesnutt,19,25,
1999-05-08,22,Maybe Not Tonight,Sammy Kershaw & Lorrie Morgan,27,11,Gains In Performance
1999-05-08,23,Unbelievable,Diamond Rio,24,28,
1999-05-08,24,Can't Get Enough,Patty Loveless,22,17,
1999-05-08,25,Stranger In My Mirror,Randy Travis,28,10,Gains In Performance
1999-05-08,26,Tonight The Heartache's On Me,Dixie Chicks,32,6,Gains In Performance
1999-05-08,27,Your Own Little Corner Of My Heart,BlackHawk,29,14,Gains In Performance
1999-05-08,28,One Honest Heart,Reba,34,8,Gains In Performance
1999-05-08,29,A Night To Remember,Joe Diffie,31,9,Gains In Performance
1999-05-08,30,Hello L.O.V.E.,John Michael Montgomery,33,7,Gains In Performance
1999-05-08,31,She's Always Right,Clay Walker,30,12,Gains In Performance
1999-05-08,32,Little Good-byes,SHeDAISY,35,11,Gains In Performance
1999-05-08,33,I Can't Get Over You,Brooks & Dunn,26,17,
1999-05-08,34,I Will Be There For You,Jessica Andrews,36,14,Gains In Performance
1999-05-08,35,Slave To The Habit,Shane Minor,39,9,Gains In Performance
1999-05-08,36,Single White Female,Chely Wright,38,9,Gains In Performance
1999-05-08,37,Love Ain't Like That,Faith Hill,23,17,
1999-05-08,38,Amazed,Lonestar,41,5,Gains In Performance
1999-05-08,39,Who Needs Pictures,Brad Paisley,40,13,Gains In Performance
1999-05-08,40,I Was,Neal McCoy,37,13,
1999-05-08,41,God Must Have Spent A Little More Time On You,Alabama Featuring 'N Sync,62,2,Gains In Performance
1999-05-08,42,Angels Working Overtime,Deana Carter,44,6,Gains In Performance
1999-05-08,43,The Greatest,Kenny Rogers,49,4,Gains In Performance
1999-05-08,44,Meanwhile,George Strait,42,18,
1999-05-08,45,Somethin' 'Bout A Sunday,Michael Peterson,45,9,Gains In Performance
1999-05-08,46,"Fool, I'm A Woman",Sara Evans,48,6,Gains In Performance
1999-05-08,47,I Know How The River Feels,Diamond Rio,46,7,Gains In Performance
1999-05-08,48,Lesson In Leavin',Jo Dee Messina,56,2,Gains In Performance
1999-05-08,49,This Heartache Never Sleeps,Mark Chesnutt,59,3,Gains In Performance
1999-05-08,50,You Had Me From Hello,Kenny Chesney,55,4,Gains In Performance
1999-05-08,51,Boy Oh Boy,The Wilkinsons,50,7,Gains In Performance
1999-05-08,52,Almost Home,Mary Chapin Carpenter,51,5,Gains In Performance
1999-05-08,53,Crazy Little Thing Called Love,Dwight Yoakam,65,2,Gains In Performance
1999-05-08,54,Start The Car,Travis Tritt,52,5,
1999-05-08,55,South Of Santa Fe,Brooks & Dunn,61,2,Gains In Performance
1999-05-08,56,Give My Heart To You,Billy Ray Cyrus,54,5,Gains In Performance
1999-05-08,57,Better Man,The Warren Brothers,43,17,
1999-05-08,58,Seven Bridges Road,Ricochet,63,3,Gains In Performance
1999-05-08,59,Don't Come Crying To Me,Vince Gill,47,16,
1999-05-08,60,What's The Matter With You Baby,Claudia Church,58,17,Gains In Performance
1999-05-15,1,Please Remember Me,Tim McGraw,2,9,Gains In Performance
1999-05-15,2,Wish You Were Here,Mark Wills,1,17,Gains In Performance
1999-05-15,3,You Won't Ever Be Lonely,Andy Griggs,5,23,Gains In Performance
1999-05-15,4,Gone Crazy,Alan Jackson,4,15,Gains In Performance
1999-05-15,5,Hands Of A Working Man,Ty Herndon,8,21,Gains In Performance
1999-05-15,6,Two Teardrops,Steve Wariner,11,13,Gains In Performance
1999-05-15,7,Anyone Else,Collin Raye,10,16,Gains In Performance
1999-05-15,8,How Forever Feels,Kenny Chesney,3,23,
1999-05-15,9,Man! I Feel Like A Woman!,Shania Twain,12,11,Gains In Performance
1999-05-15,10,Write This Down,George Strait,13,10,Gains In Performance
1999-05-15,11,Drive Me Wild,Sawyer Brown,6,27,
1999-05-15,12,I'll Think Of A Reason Later,Lee Ann Womack,7,21,
1999-05-15,13,Everytime I Cry,Terri Clark,14,15,
1999-05-15,14,Hillbilly Shoes,Montgomery Gentry,15,14,Gains In Performance
1999-05-15,15,Ordinary Life,Chad Brock,9,28,
1999-05-15,16,Whatever You Say,Martina McBride,17,11,Gains In Performance
1999-05-15,17,With You,Lila McCann,19,16,Gains In Performance
1999-05-15,18,I'm Leaving,Aaron Tippin,18,16,
1999-05-15,19,You Were Mine,Dixie Chicks,16,23,
1999-05-15,20,Maybe Not Tonight,Sammy Kershaw & Lorrie Morgan,22,12,Gains In Performance
1999-05-15,21,Stranger In My Mirror,Randy Travis,25,11,Gains In Performance
1999-05-15,22,Tonight The Heartache's On Me,Dixie Chicks,26,7,Gains In Performance
1999-05-15,23,One Honest Heart,Reba,28,9,Gains In Performance
1999-05-15,24,Unbelievable,Diamond Rio,23,29,
1999-05-15,25,Stand Beside Me,Jo Dee Messina,20,32,
1999-05-15,26,Hello L.O.V.E.,John Michael Montgomery,30,8,Gains In Performance
1999-05-15,27,A Night To Remember,Joe Diffie,29,10,Gains In Performance
1999-05-15,28,Your Own Little Corner Of My Heart,BlackHawk,27,15,
1999-05-15,29,She's Always Right,Clay Walker,31,13,Gains In Performance
1999-05-15,30,Little Good-byes,SHeDAISY,32,12,Gains In Performance
1999-05-15,31,Can't Get Enough,Patty Loveless,24,18,
1999-05-15,32,Single White Female,Chely Wright,36,10,Gains In Performance
1999-05-15,33,God Must Have Spent A Little More Time On You,Alabama Featuring 'N Sync,41,3,Greatest gainer this week|Gains In Performance
1999-05-15,34,I Will Be There For You,Jessica Andrews,34,15,Gains In Performance
1999-05-15,35,Slave To The Habit,Shane Minor,35,10,Gains In Performance
1999-05-15,36,Amazed,Lonestar,38,6,Gains In Performance
1999-05-15,37,I Can't Get Over You,Brooks & Dunn,33,18,
1999-05-15,38,Who Needs Pictures,Brad Paisley,39,14,Gains In Performance
1999-05-15,39,Lesson In Leavin',Jo Dee Messina,48,3,Gains In Performance
1999-05-15,40,The Greatest,Kenny Rogers,43,5,Gains In Performance
1999-05-15,41,Love Ain't Like That,Faith Hill,37,18,
1999-05-15,42,Angels Working Overtime,Deana Carter,42,7,Gains In Performance
1999-05-15,43,This Heartache Never Sleeps,Mark Chesnutt,49,4,Gains In Performance
1999-05-15,44,I Know How The River Feels,Diamond Rio,47,8,Gains In Performance
1999-05-15,45,You Had Me From Hello,Kenny Chesney,50,5,Gains In Performance
1999-05-15,46,Somethin' 'Bout A Sunday,Michael Peterson,45,10,Gains In Performance
1999-05-15,47,"Fool, I'm A Woman",Sara Evans,46,7,Gains In Performance
1999-05-15,48,Crazy Little Thing Called Love,Dwight Yoakam,53,3,Gains In Performance
1999-05-15,49,Meanwhile,George Strait,44,19,
1999-05-15,50,Boy Oh Boy,The Wilkinsons,51,8,Gains In Performance
1999-05-15,51,Almost Home,Mary Chapin Carpenter,52,6,Gains In Performance
1999-05-15,52,I Was,Neal McCoy,40,14,
1999-05-15,53,Seven Bridges Road,Ricochet,58,4,Gains In Performance
1999-05-15,54,South Of Santa Fe,Brooks & Dunn,55,3,Gains In Performance
1999-05-15,55,Give My Heart To You,Billy Ray Cyrus,56,6,Gains In Performance
1999-05-15,56,Start The Car,Travis Tritt,54,6,
1999-05-15,57,The Secret Of Life,Faith Hill,75,2,Gains In Performance
1999-05-15,58,I'll Still Love You More,Trisha Yearwood,63,2,Gains In Performance
1999-05-15,59,Watching My Baby Not Coming Back,David Ball,61,3,Gains In Performance
1999-05-15,60,Make Up In Love,Doug Stone,62,4,Gains In Performance
1999-05-22,1,Please Remember Me,Tim McGraw,1,10,Gains In Performance
1999-05-22,2,You Won't Ever Be Lonely,Andy Griggs,3,24,Gains In Performance
1999-05-22,3,Two Teardrops,Steve Wariner,6,14,Gains In Performance
1999-05-22,4,Anyone Else,Collin Raye,7,17,Gains In Performance
1999-05-22,5,Wish You Were Here,Mark Wills,2,18,
1999-05-22,6,Man! I Feel Like A Woman!,Shania Twain,9,12,Gains In Performance
1999-05-22,7,Write This Down,George Strait,10,11,Gains In Performance
1999-05-22,8,Hands Of A Working Man,Ty Herndon,5,22,
1999-05-22,9,Gone Crazy,Alan Jackson,4,16,
1999-05-22,10,How Forever Feels,Kenny Chesney,8,24,
1999-05-22,11,I'll Think Of A Reason Later,Lee Ann Womack,12,22,
1999-05-22,12,Whatever You Say,Martina McBride,16,12,Gains In Performance
1999-05-22,13,Hillbilly Shoes,Montgomery Gentry,14,15,
1999-05-22,14,With You,Lila McCann,17,17,Gains In Performance
1999-05-22,15,Tonight The Heartache's On Me,Dixie Chicks,22,8,Gains In Performance
1999-05-22,16,Drive Me Wild,Sawyer Brown,11,28,
1999-05-22,17,Maybe Not Tonight,Sammy Kershaw & Lorrie Morgan,20,13,Gains In Performance
1999-05-22,18,Everytime I Cry,Terri Clark,13,16,
1999-05-22,19,Stranger In My Mirror,Randy Travis,21,12,Gains In Performance
1999-05-22,20,One Honest Heart,Reba,23,10,Gains In Performance
1999-05-22,21,Ordinary Life,Chad Brock,15,29,
1999-05-22,22,Hello L.O.V.E.,John Michael Montgomery,26,9,Gains In Performance
1999-05-22,23,You Were Mine,Dixie Chicks,19,24,
1999-05-22,24,I'm Leaving,Aaron Tippin,18,17,
1999-05-22,25,A Night To Remember,Joe Diffie,27,11,Gains In Performance
1999-05-22,26,She's Always Right,Clay Walker,29,14,Gains In Performance
1999-05-22,27,Little Good-byes,SHeDAISY,30,13,Gains In Performance
1999-05-22,28,Amazed,Lonestar,36,7,Gains In Performance
1999-05-22,29,God Must Have Spent A Little More Time On You,Alabama Featuring 'N Sync,33,4,Gains In Performance
1999-05-22,30,Your Own Little Corner Of My Heart,BlackHawk,28,16,
1999-05-22,31,Single White Female,Chely Wright,32,11,Gains In Performance
1999-05-22,32,Slave To The Habit,Shane Minor,35,11,Gains In Performance
1999-05-22,33,I Will Be There For You,Jessica Andrews,34,16,Gains In Performance
1999-05-22,34,Lesson In Leavin',Jo Dee Messina,39,4,Gains In Performance
1999-05-22,35,Who Needs Pictures,Brad Paisley,38,15,Gains In Performance
1999-05-22,36,The Greatest,Kenny Rogers,40,6,Gains In Performance
1999-05-22,37,I Can't Get Over You,Brooks & Dunn,37,19,
1999-05-22,38,Angels Working Overtime,Deana Carter,42,8,Gains In Performance
1999-05-22,39,Crazy Little Thing Called Love,Dwight Yoakam,48,4,Gains In Performance
1999-05-22,40,Can't Get Enough,Patty Loveless,31,19,
1999-05-22,41,You Had Me From Hello,Kenny Chesney,45,6,Gains In Performance
1999-05-22,42,This Heartache Never Sleeps,Mark Chesnutt,43,5,Gains In Performance
1999-05-22,43,"Fool, I'm A Woman",Sara Evans,47,8,Gains In Performance
1999-05-22,44,I Know How The River Feels,Diamond Rio,44,9,Gains In Performance
1999-05-22,45,Love Ain't Like That,Faith Hill,41,19,
1999-05-22,46,Somethin' 'Bout A Sunday,Michael Peterson,46,11,
1999-05-22,47,The Secret Of Life,Faith Hill,57,3,Gains In Performance
1999-05-22,48,South Of Santa Fe,Brooks & Dunn,54,4,Gains In Performance
1999-05-22,49,I'll Still Love You More,Trisha Yearwood,58,3,Gains In Performance
1999-05-22,50,Almost Home,Mary Chapin Carpenter,51,7,Gains In Performance
1999-05-22,51,Meanwhile,George Strait,49,20,
1999-05-22,52,Give My Heart To You,Billy Ray Cyrus,55,7,Gains In Performance
1999-05-22,53,Boy Oh Boy,The Wilkinsons,50,9,
1999-05-22,54,Make Up In Love,Doug Stone,60,5,Gains In Performance
1999-05-22,55,Seven Bridges Road,Ricochet,53,5,
1999-05-22,56,Someone Else's Turn To Cry,Chalee Tennison,61,6,Gains In Performance
1999-05-22,57,Watching My Baby Not Coming Back,David Ball,59,4,Gains In Performance
1999-05-22,58,That's The Truth,Paul Brandt,64,6,Gains In Performance
1999-05-22,59,Start The Car,Travis Tritt,56,7,
1999-05-22,60,I Was,Neal McCoy,52,15,
1999-05-29,1,Please Remember Me,Tim McGraw,1,11,Gains In Performance
1999-05-29,2,You Won't Ever Be Lonely,Andy Griggs,2,25,Gains In Performance
1999-05-29,3,Two Teardrops,Steve Wariner,3,15,Gains In Performance
1999-05-29,4,Write This Down,George Strait,7,12,Gains In Performance
1999-05-29,5,Man! I Feel Like A Woman!,Shania Twain,6,13,Gains In Performance
1999-05-29,6,Anyone Else,Collin Raye,4,18,
1999-05-29,7,Wish You Were Here,Mark Wills,5,19,
1999-05-29,8,Hands Of A Working Man,Ty Herndon,8,23,
1999-05-29,9,Whatever You Say,Martina McBride,12,13,Gains In Performance
1999-05-29,10,How Forever Feels,Kenny Chesney,10,25,
1999-05-29,11,Gone Crazy,Alan Jackson,9,17,
1999-05-29,12,Tonight The Heartache's On Me,Dixie Chicks,15,9,Gains In Performance
1999-05-29,13,With You,Lila McCann,14,18,Gains In Performance
1999-05-29,14,Hillbilly Shoes,Montgomery Gentry,13,16,
1999-05-29,15,I'll Think Of A Reason Later,Lee Ann Womack,11,23,
1999-05-29,16,Stranger In My Mirror,Randy Travis,19,13,Gains In Performance
1999-05-29,17,One Honest Heart,Reba,20,11,Gains In Performance
1999-05-29,18,Maybe Not Tonight,Sammy Kershaw & Lorrie Morgan,17,14,Gains In Performance
1999-05-29,19,Hello L.O.V.E.,John Michael Montgomery,22,10,Gains In Performance
1999-05-29,20,God Must Have Spent A Little More Time On You,Alabama Featuring 'N Sync,29,5,Gains In Performance
1999-05-29,21,A Night To Remember,Joe Diffie,25,12,Gains In Performance
1999-05-29,22,She's Always Right,Clay Walker,26,15,Gains In Performance
1999-05-29,23,Amazed,Lonestar,28,8,Gains In Performance
1999-05-29,24,Lesson In Leavin',Jo Dee Messina,34,5,Greatest gainer this week|Gains In Performance
1999-05-29,25,You Were Mine,Dixie Chicks,23,25,
1999-05-29,26,Little Good-byes,SHeDAISY,27,14,Gains In Performance
1999-05-29,27,Everytime I Cry,Terri Clark,18,17,
1999-05-29,28,Single White Female,Chely Wright,31,12,Gains In Performance
1999-05-29,29,Slave To The Habit,Shane Minor,32,12,Gains In Performance
1999-05-29,30,I Will Be There For You,Jessica Andrews,33,17,Gains In Performance
1999-05-29,31,Who Needs Pictures,Brad Paisley,35,16,Gains In Performance
1999-05-29,32,The Greatest,Kenny Rogers,36,7,Gains In Performance
1999-05-29,33,Crazy Little Thing Called Love,Dwight Yoakam,39,5,Gains In Performance
1999-05-29,34,I'm Leaving,Aaron Tippin,24,18,
1999-05-29,35,You Had Me From Hello,Kenny Chesney,41,7,Gains In Performance
1999-05-29,36,Your Own Little Corner Of My Heart,BlackHawk,30,17,
1999-05-29,37,This Heartache Never Sleeps,Mark Chesnutt,42,6,Gains In Performance
1999-05-29,38,Angels Working Overtime,Deana Carter,38,9,Gains In Performance
1999-05-29,39,The Secret Of Life,Faith Hill,47,4,Gains In Performance
1999-05-29,40,I Can't Get Over You,Brooks & Dunn,37,20,
1999-05-29,41,I'll Still Love You More,Trisha Yearwood,49,4,Gains In Performance
1999-05-29,42,"Fool, I'm A Woman",Sara Evans,43,9,Gains In Performance
1999-05-29,43,Can't Get Enough,Patty Loveless,40,20,
1999-05-29,44,I Know How The River Feels,Diamond Rio,44,10,
1999-05-29,45,South Of Santa Fe,Brooks & Dunn,48,5,Gains In Performance
1999-05-29,46,Almost Home,Mary Chapin Carpenter,50,8,Gains In Performance
1999-05-29,47,Love Ain't Like That,Faith Hill,45,20,
1999-05-29,48,Make Up In Love,Doug Stone,54,6,Gains In Performance
1999-05-29,49,Give My Heart To You,Billy Ray Cyrus,52,8,Gains In Performance
1999-05-29,50,Seven Bridges Road,Ricochet,55,6,Gains In Performance
1999-05-29,51,Choices,George Jones,61,4,Gains In Performance
1999-05-29,52,Watching My Baby Not Coming Back,David Ball,57,5,Gains In Performance
1999-05-29,53,Somethin' 'Bout A Sunday,Michael Peterson,46,12,
1999-05-29,54,Never Been Kissed,Sherrie Austin,63,2,Gains In Performance
1999-05-29,55,Someone Else's Turn To Cry,Chalee Tennison,56,7,Gains In Performance
1999-05-29,56,Boy Oh Boy,The Wilkinsons,53,10,
1999-05-29,57,That's The Truth,Paul Brandt,58,7,Gains In Performance
1999-05-29,58,She Wants To Rock,The Warren Brothers,NEW,1,Highest ranking debut|Gains In Performance
1999-05-29,59,From Your Knees,Matt King,73,2,Gains In Performance
1999-05-29,60,Unsung Hero,Terri Clark,NEW,1,Gains In Performance
1999-06-05,1,Please Remember Me,Tim McGraw,1,12,Gains In Performance
1999-06-05,2,Two Teardrops,Steve Wariner,3,16,Gains In Performance
1999-06-05,3,Write This Down,George Strait,4,13,Gains In Performance
1999-06-05,4,You Won't Ever Be Lonely,Andy Griggs,2,26,
1999-06-05,5,Man! I Feel Like A Woman!,Shania Twain,5,14,Gains In Performance
1999-06-05,6,Anyone Else,Collin Raye,6,19,Gains In Performance
1999-06-05,7,Whatever You Say,Martina McBride,9,14,Gains In Performance
1999-06-05,8,Wish You Were Here,Mark Wills,7,20,
1999-06-05,9,Tonight The Heartache's On Me,Dixie Chicks,12,10,Gains In Performance
1999-06-05,10,With You,Lila McCann,13,19,Gains In Performance
1999-06-05,11,How Forever Feels,Kenny Chesney,10,26,
1999-06-05,12,One Honest Heart,Reba,17,12,Gains In Performance
1999-06-05,13,Hands Of A Working Man,Ty Herndon,8,24,
1999-06-05,14,God Must Have Spent A Little More Time On You,Alabama Featuring 'N Sync,20,6,Gains In Performance
1999-06-05,15,Amazed,Lonestar,23,9,Gains In Performance
1999-06-05,16,Stranger In My Mirror,Randy Travis,16,14,Gains In Performance
1999-06-05,17,Hello L.O.V.E.,John Michael Montgomery,19,11,Gains In Performance
1999-06-05,18,Lesson In Leavin',Jo Dee Messina,24,6,Gains In Performance
1999-06-05,19,A Night To Remember,Joe Diffie,21,13,Gains In Performance
1999-06-05,20,Maybe Not Tonight,Sammy Kershaw & Lorrie Morgan,18,15,Gains In Performance
1999-06-05,21,Gone Crazy,Alan Jackson,11,18,
1999-06-05,22,I'll Think Of A Reason Later,Lee Ann Womack,15,24,
1999-06-05,23,She's Always Right,Clay Walker,22,16,Gains In Performance
1999-06-05,24,Hillbilly Shoes,Montgomery Gentry,14,17,
1999-06-05,25,Little Good-byes,SHeDAISY,26,15,Gains In Performance
1999-06-05,26,Single White Female,Chely Wright,28,13,Gains In Performance
1999-06-05,27,Slave To The Habit,Shane Minor,29,13,Gains In Performance
1999-06-05,28,I Will Be There For You,Jessica Andrews,30,18,Gains In Performance
1999-06-05,29,Crazy Little Thing Called Love,Dwight Yoakam,33,6,Gains In Performance
1999-06-05,30,Who Needs Pictures,Brad Paisley,31,17,Gains In Performance
1999-06-05,31,The Greatest,Kenny Rogers,32,8,Gains In Performance
1999-06-05,32,You Had Me From Hello,Kenny Chesney,35,8,Gains In Performance
1999-06-05,33,The Secret Of Life,Faith Hill,39,5,Gains In Performance
1999-06-05,34,Everytime I Cry,Terri Clark,27,18,
1999-06-05,35,This Heartache Never Sleeps,Mark Chesnutt,37,7,Gains In Performance
1999-06-05,36,Angels Working Overtime,Deana Carter,38,10,Gains In Performance
1999-06-05,37,I'll Still Love You More,Trisha Yearwood,41,5,Gains In Performance
1999-06-05,38,I'm Leaving,Aaron Tippin,34,19,
1999-06-05,39,I Know How The River Feels,Diamond Rio,44,11,Gains In Performance
1999-06-05,40,"Fool, I'm A Woman",Sara Evans,42,10,Gains In Performance
1999-06-05,41,Almost Home,Mary Chapin Carpenter,46,9,Gains In Performance
1999-06-05,42,South Of Santa Fe,Brooks & Dunn,45,6,Gains In Performance
1999-06-05,43,Give My Heart To You,Billy Ray Cyrus,49,9,Gains In Performance
1999-06-05,44,Make Up In Love,Doug Stone,48,7,Gains In Performance
1999-06-05,45,Your Own Little Corner Of My Heart,BlackHawk,36,18,
1999-06-05,46,Choices,George Jones,51,5,Gains In Performance
1999-06-05,47,Watching My Baby Not Coming Back,David Ball,52,6,Gains In Performance
1999-06-05,48,Seven Bridges Road,Ricochet,50,7,
1999-06-05,49,Never Been Kissed,Sherrie Austin,54,3,Gains In Performance
1999-06-05,50,That's The Truth,Paul Brandt,57,8,Gains In Performance
1999-06-05,51,Someone Else's Turn To Cry,Chalee Tennison,55,8,Gains In Performance
1999-06-05,52,Lightning Does The Work,Chad Brock,62,3,Gains In Performance
1999-06-05,53,My Kind Of Woman/My Kind Of Man,Vince Gill With Patty Loveless,67,2,Gains In Performance
1999-06-05,54,You're Lucky I Love You,Susan Ashton,65,2,Gains In Performance
1999-06-05,55,She Wants To Rock,The Warren Brothers,58,2,Gains In Performance
1999-06-05,56,Somethin' 'Bout A Sunday,Michael Peterson,53,13,
1999-06-05,57,From Your Knees,Matt King,59,3,
1999-06-05,58,Little Man,Alan Jackson,68,2,Gains In Performance
1999-06-05,59,Lonely And Gone,Montgomery Gentry,NEW,1,Highest ranking debut|Gains In Performance
1999-06-05,60,Unsung Hero,Terri Clark,60,2,
1999-06-12,1,Please Remember Me,Tim McGraw,1,13,
1999-06-12,2,Write This Down,George Strait,3,14,Gains In Performance
1999-06-12,3,Two Teardrops,Steve Wariner,2,17,
1999-06-12,4,Man! I Feel Like A Woman!,Shania Twain,5,15,
1999-06-12,5,You Won't Ever Be Lonely,Andy Griggs,4,27,
1999-06-12,6,Whatever You Say,Martina McBride,7,15,Gains In Performance
1999-06-12,7,Anyone Else,Collin Raye,6,20,
1999-06-12,8,Tonight The Heartache's On Me,Dixie Chicks,9,11,Gains In Performance
1999-06-12,9,Amazed,Lonestar,15,10,Greatest gainer this week|Gains In Performance
1999-06-12,10,With You,Lila McCann,10,20,Gains In Performance
1999-06-12,11,One Honest Heart,Reba,12,13,Gains In Performance
1999-06-12,12,Lesson In Leavin',Jo Dee Messina,18,7,Gains In Performance
1999-06-12,13,Wish You Were Here,Mark Wills,8,21,
1999-06-12,14,God Must Have Spent A Little More Time On You,Alabama Featuring 'N Sync,14,7,Gains In Performance
1999-06-12,15,A Night To Remember,Joe Diffie,19,14,Gains In Performance
1999-06-12,16,How Forever Feels,Kenny Chesney,11,27,
1999-06-12,17,Hello L.O.V.E.,John Michael Montgomery,17,12,Gains In Performance
1999-06-12,18,She's Always Right,Clay Walker,23,17,Gains In Performance
1999-06-12,19,Stranger In My Mirror,Randy Travis,16,15,
1999-06-12,20,Little Good-byes,SHeDAISY,25,16,Gains In Performance
1999-06-12,21,Maybe Not Tonight,Sammy Kershaw & Lorrie Morgan,20,16,
1999-06-12,22,Hands Of A Working Man,Ty Herndon,13,25,
1999-06-12,23,I'll Think Of A Reason Later,Lee Ann Womack,22,25,
1999-06-12,24,Single White Female,Chely Wright,26,14,Gains In Performance
1999-06-12,25,Crazy Little Thing Called Love,Dwight Yoakam,29,7,Gains In Performance
1999-06-12,26,Slave To The Habit,Shane Minor,27,14,Gains In Performance
1999-06-12,27,Gone Crazy,Alan Jackson,21,19,
1999-06-12,28,Who Needs Pictures,Brad Paisley,30,18,Gains In Performance
1999-06-12,29,I Will Be There For You,Jessica Andrews,28,19,
1999-06-12,30,You Had Me From Hello,Kenny Chesney,32,9,Gains In Performance
1999-06-12,31,The Secret Of Life,Faith Hill,33,6,Gains In Performance
1999-06-12,32,The Greatest,Kenny Rogers,31,9,Gains In Performance
1999-06-12,33,This Heartache Never Sleeps,Mark Chesnutt,35,8,Gains In Performance
1999-06-12,34,Hillbilly Shoes,Montgomery Gentry,24,18,
1999-06-12,35,Angels Working Overtime,Deana Carter,36,11,Gains In Performance
1999-06-12,36,I'll Still Love You More,Trisha Yearwood,37,6,Gains In Performance
1999-06-12,37,Everytime I Cry,Terri Clark,34,19,
1999-06-12,38,"Fool, I'm A Woman",Sara Evans,40,11,Gains In Performance
1999-06-12,39,Almost Home,Mary Chapin Carpenter,41,10,Gains In Performance
1999-06-12,40,I Know How The River Feels,Diamond Rio,39,12,Gains In Performance
1999-06-12,41,South Of Santa Fe,Brooks & Dunn,42,7,
1999-06-12,42,Give My Heart To You,Billy Ray Cyrus,43,10,Gains In Performance
1999-06-12,43,Make Up In Love,Doug Stone,44,8,Gains In Performance
1999-06-12,44,Choices,George Jones,46,6,Gains In Performance
1999-06-12,45,I'm Leaving,Aaron Tippin,38,20,
1999-06-12,46,Never Been Kissed,Sherrie Austin,49,4,Gains In Performance
1999-06-12,47,My Kind Of Woman/My Kind Of Man,Vince Gill With Patty Loveless,53,3,Gains In Performance
1999-06-12,48,She Wants To Rock,The Warren Brothers,55,3,Gains In Performance
1999-06-12,49,That's The Truth,Paul Brandt,50,9,Gains In Performance
1999-06-12,50,Lightning Does The Work,Chad Brock,52,4,Gains In Performance
1999-06-12,51,Someone Else's Turn To Cry,Chalee Tennison,51,9,Gains In Performance
1999-06-12,52,Watching My Baby Not Coming Back,David Ball,47,7,
1999-06-12,53,Seven Bridges Road,Ricochet,48,8,
1999-06-12,54,Your Own Little Corner Of My Heart,BlackHawk,45,19,
1999-06-12,55,Unsung Hero,Terri Clark,60,3,Gains In Performance
1999-06-12,56,Little Man,Alan Jackson,58,3,Gains In Performance
1999-06-12,57,Lonely And Gone,Montgomery Gentry,59,2,Gains In Performance
1999-06-12,58,You're Lucky I Love You,Susan Ashton,54,3,
1999-06-12,59,From Your Knees,Matt King,57,4,Gains In Performance
1999-06-12,60,(Now You See Me) Now You Don't,Lee Ann Womack,61,2,Gains In Performance
1999-06-19,1,Write This Down,George Strait,2,15,Gains In Performance
1999-06-19,2,Please Remember Me,Tim McGraw,1,14,
1999-06-19,3,Two Teardrops,Steve Wariner,3,18,Gains In Performance
1999-06-19,4,Man! I Feel Like A Woman!,Shania Twain,4,16,Gains In Performance
1999-06-19,5,Whatever You Say,Martina McBride,6,16,Gains In Performance
1999-06-19,6,You Won't Ever Be Lonely,Andy Griggs,5,28,
1999-06-19,7,Tonight The Heartache's On Me,Dixie Chicks,8,12,Gains In Performance
1999-06-19,8,Amazed,Lonestar,9,11,Gains In Performance
1999-06-19,9,With You,Lila McCann,10,21,Gains In Performance
1999-06-19,10,One Honest Heart,Reba,11,14,Gains In Performance
1999-06-19,11,Lesson In Leavin',Jo Dee Messina,12,8,Gains In Performance
1999-06-19,12,God Must Have Spent A Little More Time On You,Alabama Featuring 'N Sync,14,8,Gains In Performance
1999-06-19,13,Anyone Else,Collin Raye,7,21,
1999-06-19,14,A Night To Remember,Joe Diffie,15,15,Gains In Performance
1999-06-19,15,Hello L.O.V.E.,John Michael Montgomery,17,13,Gains In Performance
1999-06-19,16,She's Always Right,Clay Walker,18,18,Gains In Performance
1999-06-19,17,Wish You Were Here,Mark Wills,13,22,
1999-06-19,18,How Forever Feels,Kenny Chesney,16,28,
1999-06-19,19,Little Good-byes,SHeDAISY,20,17,Gains In Performance
1999-06-19,20,Single White Female,Chely Wright,24,15,Gains In Performance
1999-06-19,21,Crazy Little Thing Called Love,Dwight Yoakam,25,8,Gains In Performance
1999-06-19,22,Stranger In My Mirror,Randy Travis,19,16,
1999-06-19,23,Hands Of A Working Man,Ty Herndon,22,26,
1999-06-19,24,Slave To The Habit,Shane Minor,26,15,Gains In Performance
1999-06-19,25,Who Needs Pictures,Brad Paisley,28,19,Gains In Performance
1999-06-19,26,The Secret Of Life,Faith Hill,31,7,Gains In Performance
1999-06-19,27,You Had Me From Hello,Kenny Chesney,30,10,Gains In Performance
1999-06-19,28,Maybe Not Tonight,Sammy Kershaw & Lorrie Morgan,21,17,
1999-06-19,29,The Greatest,Kenny Rogers,32,10,Gains In Performance
1999-06-19,30,I Will Be There For You,Jessica Andrews,29,20,
1999-06-19,31,Gone Crazy,Alan Jackson,27,20,
1999-06-19,32,This Heartache Never Sleeps,Mark Chesnutt,33,9,Gains In Performance
1999-06-19,33,I'll Still Love You More,Trisha Yearwood,36,7,Gains In Performance
1999-06-19,34,Hillbilly Shoes,Montgomery Gentry,34,19,
1999-06-19,35,I Know How The River Feels,Diamond Rio,40,13,Gains In Performance
1999-06-19,36,"Fool, I'm A Woman",Sara Evans,38,12,Gains In Performance
1999-06-19,37,Everytime I Cry,Terri Clark,37,20,
1999-06-19,38,Angels Working Overtime,Deana Carter,35,12,
1999-06-19,39,Almost Home,Mary Chapin Carpenter,39,11,Gains In Performance
1999-06-19,40,Little Man,Alan Jackson,56,4,Gains In Performance
1999-06-19,41,Give My Heart To You,Billy Ray Cyrus,42,11,Gains In Performance
1999-06-19,42,My Kind Of Woman/My Kind Of Man,Vince Gill With Patty Loveless,47,4,Gains In Performance
1999-06-19,43,Make Up In Love,Doug Stone,43,9,Gains In Performance
1999-06-19,44,South Of Santa Fe,Brooks & Dunn,41,8,
1999-06-19,45,Choices,George Jones,44,7,Gains In Performance
1999-06-19,46,Lightning Does The Work,Chad Brock,50,5,Gains In Performance
1999-06-19,47,(Now You See Me) Now You Don't,Lee Ann Womack,60,3,Gains In Performance
1999-06-19,48,That's The Truth,Paul Brandt,49,10,Gains In Performance
1999-06-19,49,She Wants To Rock,The Warren Brothers,48,4,Gains In Performance
1999-06-19,50,Never Been Kissed,Sherrie Austin,46,5,Gains In Performance
1999-06-19,51,Someone Else's Turn To Cry,Chalee Tennison,51,10,Gains In Performance
1999-06-19,52,Unsung Hero,Terri Clark,55,4,Gains In Performance
1999-06-19,53,Watching My Baby Not Coming Back,David Ball,52,8,
1999-06-19,54,You're Lucky I Love You,Susan Ashton,58,4,Gains In Performance
1999-06-19,55,Seven Bridges Road,Ricochet,53,9,
1999-06-19,56,Lonely And Gone,Montgomery Gentry,57,3,Gains In Performance
1999-06-19,57,From Your Knees,Matt King,59,5,Gains In Performance
1999-06-19,58,Her,Aaron Tippin,61,3,Gains In Performance
1999-06-19,59,One In A Million,Mindy McCready,65,2,Gains In Performance
1999-06-19,60,This Time,Shana Petrone,71,2,Gains In Performance
1999-06-26,1,Write This Down,George Strait,1,16,Gains In Performance
1999-06-26,2,Please Remember Me,Tim McGraw,2,15,
1999-06-26,3,Whatever You Say,Martina McBride,5,17,Gains In Performance
1999-06-26,4,Two Teardrops,Steve Wariner,3,19,
1999-06-26,5,Amazed,Lonestar,8,12,Gains In Performance
1999-06-26,6,Lesson In Leavin',Jo Dee Messina,11,9,Gains In Performance
1999-06-26,7,Tonight The Heartache's On Me,Dixie Chicks,7,13,Gains In Performance
1999-06-26,8,Man! I Feel Like A Woman!,Shania Twain,4,17,
1999-06-26,9,With You,Lila McCann,9,22,Gains In Performance
1999-06-26,10,One Honest Heart,Reba,10,15,Gains In Performance
1999-06-26,11,God Must Have Spent A Little More Time On You,Alabama Featuring 'N Sync,12,9,Gains In Performance
1999-06-26,12,You Won't Ever Be Lonely,Andy Griggs,6,29,
1999-06-26,13,A Night To Remember,Joe Diffie,14,16,Gains In Performance
1999-06-26,14,Little Good-byes,SHeDAISY,19,18,Gains In Performance
1999-06-26,15,Hello L.O.V.E.,John Michael Montgomery,15,14,
1999-06-26,16,Single White Female,Chely Wright,20,16,Gains In Performance
1999-06-26,17,She's Always Right,Clay Walker,16,19,Gains In Performance
1999-06-26,18,Crazy Little Thing Called Love,Dwight Yoakam,21,9,Gains In Performance
1999-06-26,19,Anyone Else,Collin Raye,13,22,
1999-06-26,20,How Forever Feels,Kenny Chesney,18,29,
1999-06-26,21,Wish You Were Here,Mark Wills,17,23,
1999-06-26,22,The Secret Of Life,Faith Hill,26,8,Gains In Performance
1999-06-26,23,Who Needs Pictures,Brad Paisley,25,20,Gains In Performance
1999-06-26,24,You Had Me From Hello,Kenny Chesney,27,11,Gains In Performance
1999-06-26,25,Slave To The Habit,Shane Minor,24,16,Gains In Performance
1999-06-26,26,The Greatest,Kenny Rogers,29,11,Gains In Performance
1999-06-26,27,This Heartache Never Sleeps,Mark Chesnutt,32,10,Gains In Performance
1999-06-26,28,I'll Still Love You More,Trisha Yearwood,33,8,Gains In Performance
1999-06-26,29,Little Man,Alan Jackson,40,5,Gains In Performance
1999-06-26,30,Stranger In My Mirror,Randy Travis,22,17,
1999-06-26,31,Almost Home,Mary Chapin Carpenter,39,12,Gains In Performance
1999-06-26,32,"Fool, I'm A Woman",Sara Evans,36,13,Gains In Performance
1999-06-26,33,I Know How The River Feels,Diamond Rio,35,14,Gains In Performance
1999-06-26,34,My Kind Of Woman/My Kind Of Man,Vince Gill With Patty Loveless,42,5,Gains In Performance
1999-06-26,35,Maybe Not Tonight,Sammy Kershaw & Lorrie Morgan,28,18,
1999-06-26,36,(Now You See Me) Now You Don't,Lee Ann Womack,47,4,Gains In Performance
1999-06-26,37,Make Up In Love,Doug Stone,43,10,Gains In Performance
1999-06-26,38,Hillbilly Shoes,Montgomery Gentry,34,20,
1999-06-26,39,Choices,George Jones,45,8,Gains In Performance
1999-06-26,40,You've Got A Way,Shania Twain,61,2,Gains In Performance
1999-06-26,41,Lightning Does The Work,Chad Brock,46,6,Gains In Performance
1999-06-26,42,Give My Heart To You,Billy Ray Cyrus,41,12,
1999-06-26,43,She Wants To Rock,The Warren Brothers,49,5,Gains In Performance
1999-06-26,44,Never Been Kissed,Sherrie Austin,50,6,Gains In Performance
1999-06-26,45,Lonely And Gone,Montgomery Gentry,56,4,Gains In Performance
1999-06-26,46,Angels Working Overtime,Deana Carter,38,13,
1999-06-26,47,Unsung Hero,Terri Clark,52,5,Gains In Performance
1999-06-26,48,That's The Truth,Paul Brandt,48,11,Gains In Performance
1999-06-26,49,Someone Else's Turn To Cry,Chalee Tennison,51,11,Gains In Performance
1999-06-26,50,South Of Santa Fe,Brooks & Dunn,44,9,
1999-06-26,51,She's In Love,Mark Wills,65,2,Gains In Performance
1999-06-26,52,You're Lucky I Love You,Susan Ashton,54,5,Gains In Performance
1999-06-26,53,Her,Aaron Tippin,58,4,Gains In Performance
1999-06-26,54,Watching My Baby Not Coming Back,David Ball,53,9,
1999-06-26,55,I'm In Love With Her,Sawyer Brown,62,4,Gains In Performance
1999-06-26,56,From Your Knees,Matt King,57,6,Gains In Performance
1999-06-26,57,The Girls Of Summer,Neal McCoy,63,3,Gains In Performance
1999-06-26,58,This Time,Shana Petrone,60,3,Gains In Performance
1999-06-26,59,Trouble Is A Woman,Julie Reeves,66,3,Gains In Performance
1999-06-26,60,One In A Million,Mindy McCready,59,3,
1999-07-03,1,Write This Down,George Strait,1,17,
1999-07-03,2,Whatever You Say,Martina McBride,3,18,Gains In Performance
1999-07-03,3,Amazed,Lonestar,5,13,Gains In Performance
1999-07-03,4,Please Remember Me,Tim McGraw,2,16,
1999-07-03,5,Lesson In Leavin',Jo Dee Messina,6,10,Gains In Performance
1999-07-03,6,Tonight The Heartache's On Me,Dixie Chicks,7,14,Gains In Performance
1999-07-03,7,One Honest Heart,Reba,10,16,Gains In Performance
1999-07-03,8,God Must Have Spent A Little More Time On You,Alabama Featuring 'N Sync,11,10,Gains In Performance
1999-07-03,9,With You,Lila McCann,9,23,
1999-07-03,10,Two Teardrops,Steve Wariner,4,20,
1999-07-03,11,A Night To Remember,Joe Diffie,13,17,Gains In Performance
1999-07-03,12,Little Good-byes,SHeDAISY,14,19,Gains In Performance
1999-07-03,13,Man! I Feel Like A Woman!,Shania Twain,8,18,
1999-07-03,14,Single White Female,Chely Wright,16,17,Gains In Performance
1999-07-03,15,You Won't Ever Be Lonely,Andy Griggs,12,30,
1999-07-03,16,Crazy Little Thing Called Love,Dwight Yoakam,18,10,Gains In Performance
1999-07-03,17,Hello L.O.V.E.,John Michael Montgomery,15,15,
1999-07-03,18,She's Always Right,Clay Walker,17,20,
1999-07-03,19,The Secret Of Life,Faith Hill,22,9,Gains In Performance
1999-07-03,20,Who Needs Pictures,Brad Paisley,23,21,Gains In Performance
1999-07-03,21,You Had Me From Hello,Kenny Chesney,24,12,Gains In Performance
1999-07-03,22,How Forever Feels,Kenny Chesney,20,30,
1999-07-03,23,Anyone Else,Collin Raye,19,23,
1999-07-03,24,Slave To The Habit,Shane Minor,25,17,Gains In Performance
1999-07-03,25,Wish You Were Here,Mark Wills,21,24,
1999-07-03,26,Little Man,Alan Jackson,29,6,Gains In Performance
1999-07-03,27,The Greatest,Kenny Rogers,26,12,Gains In Performance
1999-07-03,28,This Heartache Never Sleeps,Mark Chesnutt,27,11,Gains In Performance
1999-07-03,29,I'll Still Love You More,Trisha Yearwood,28,9,Gains In Performance
1999-07-03,30,You've Got A Way,Shania Twain,40,3,Gains In Performance
1999-07-03,31,Almost Home,Mary Chapin Carpenter,31,13,Gains In Performance
1999-07-03,32,"Fool, I'm A Woman",Sara Evans,32,14,Gains In Performance
1999-07-03,33,I Know How The River Feels,Diamond Rio,33,15,Gains In Performance
1999-07-03,34,My Kind Of Woman/My Kind Of Man,Vince Gill With Patty Loveless,34,6,Gains In Performance
1999-07-03,35,(Now You See Me) Now You Don't,Lee Ann Womack,36,5,Gains In Performance
1999-07-03,36,Make Up In Love,Doug Stone,37,11,Gains In Performance
1999-07-03,37,Choices,George Jones,39,9,Gains In Performance
1999-07-03,38,Stranger In My Mirror,Randy Travis,30,18,
1999-07-03,39,Lonely And Gone,Montgomery Gentry,45,5,Gains In Performance
1999-07-03,40,Lightning Does The Work,Chad Brock,41,7,Gains In Performance
1999-07-03,41,She Wants To Rock,The Warren Brothers,43,6,Gains In Performance
1999-07-03,42,Never Been Kissed,Sherrie Austin,44,7,Gains In Performance
1999-07-03,43,She's In Love,Mark Wills,51,3,Gains In Performance
1999-07-03,44,Her,Aaron Tippin,53,5,Gains In Performance
1999-07-03,45,Maybe Not Tonight,Sammy Kershaw & Lorrie Morgan,35,19,
1999-07-03,46,Someone Else's Turn To Cry,Chalee Tennison,49,12,Gains In Performance
1999-07-03,47,That's The Truth,Paul Brandt,48,12,
1999-07-03,48,You're Lucky I Love You,Susan Ashton,52,6,Gains In Performance
1999-07-03,49,Unsung Hero,Terri Clark,47,6,
1999-07-03,50,I'm In Love With Her,Sawyer Brown,55,5,Gains In Performance
1999-07-03,51,The Girls Of Summer,Neal McCoy,57,4,Gains In Performance
1999-07-03,52,Give My Heart To You,Billy Ray Cyrus,42,13,
1999-07-03,53,Trouble Is A Woman,Julie Reeves,59,4,Gains In Performance
1999-07-03,54,This Time,Shana Petrone,58,4,Gains In Performance
1999-07-03,55,Angels Working Overtime,Deana Carter,46,14,
1999-07-03,56,From Your Knees,Matt King,56,7,
1999-07-03,57,One In A Million,Mindy McCready,60,4,Gains In Performance
1999-07-03,58,Sure Feels Real Good,Michael Peterson,68,2,Gains In Performance
1999-07-03,59,Watching My Baby Not Coming Back,David Ball,54,10,
1999-07-03,60,You're Still Beautiful To Me,Bryan White,62,3,Gains In Performance
1999-07-10,1,Write This Down,George Strait,1,18,Gains In Performance
1999-07-10,2,Amazed,Lonestar,3,14,Gains In Performance
1999-07-10,3,Whatever You Say,Martina McBride,2,19,Gains In Performance
1999-07-10,4,Lesson In Leavin',Jo Dee Messina,5,11,Gains In Performance
1999-07-10,5,Please Remember Me,Tim McGraw,4,17,
1999-07-10,6,Tonight The Heartache's On Me,Dixie Chicks,6,15,
1999-07-10,7,God Must Have Spent A Little More Time On You,Alabama Featuring 'N Sync,8,11,Gains In Performance
1999-07-10,8,One Honest Heart,Reba,7,17,Gains In Performance
1999-07-10,9,A Night To Remember,Joe Diffie,11,18,Gains In Performance
1999-07-10,10,With You,Lila McCann,9,24,
1999-07-10,11,Little Good-byes,SHeDAISY,12,20,Gains In Performance
1999-07-10,12,Single White Female,Chely Wright,14,18,Gains In Performance
1999-07-10,13,Crazy Little Thing Called Love,Dwight Yoakam,16,11,Gains In Performance
1999-07-10,14,Two Teardrops,Steve Wariner,10,21,
1999-07-10,15,The Secret Of Life,Faith Hill,19,10,Gains In Performance
1999-07-10,16,You Had Me From Hello,Kenny Chesney,21,13,Gains In Performance
1999-07-10,17,She's Always Right,Clay Walker,18,21,
1999-07-10,18,Who Needs Pictures,Brad Paisley,20,22,Gains In Performance
1999-07-10,19,Little Man,Alan Jackson,26,7,Gains In Performance
1999-07-10,20,Man! I Feel Like A Woman!,Shania Twain,13,19,
1999-07-10,21,You Won't Ever Be Lonely,Andy Griggs,15,31,
1999-07-10,22,How Forever Feels,Kenny Chesney,22,31,
1999-07-10,23,Slave To The Habit,Shane Minor,24,18,Gains In Performance
1999-07-10,24,Wish You Were Here,Mark Wills,25,25,
1999-07-10,25,Anyone Else,Collin Raye,23,24,
1999-07-10,26,This Heartache Never Sleeps,Mark Chesnutt,28,12,Gains In Performance
1999-07-10,27,I'll Still Love You More,Trisha Yearwood,29,10,Gains In Performance
1999-07-10,28,The Greatest,Kenny Rogers,27,13,Gains In Performance
1999-07-10,29,Hello L.O.V.E.,John Michael Montgomery,17,16,
1999-07-10,30,You've Got A Way,Shania Twain,30,4,Gains In Performance
1999-07-10,31,Almost Home,Mary Chapin Carpenter,31,14,Gains In Performance
1999-07-10,32,My Kind Of Woman/My Kind Of Man,Vince Gill With Patty Loveless,34,7,Gains In Performance
1999-07-10,33,(Now You See Me) Now You Don't,Lee Ann Womack,35,6,Gains In Performance
1999-07-10,34,Make Up In Love,Doug Stone,36,12,Gains In Performance
1999-07-10,35,"Fool, I'm A Woman",Sara Evans,32,15,
1999-07-10,36,I Know How The River Feels,Diamond Rio,33,16,
1999-07-10,37,Ready To Run,Dixie Chicks,NEW,1,Gains In Performance
1999-07-10,38,Choices,George Jones,37,10,Gains In Performance
1999-07-10,39,Lonely And Gone,Montgomery Gentry,39,6,Gains In Performance
1999-07-10,40,Lightning Does The Work,Chad Brock,40,8,Gains In Performance
1999-07-10,41,She's In Love,Mark Wills,43,4,Gains In Performance
1999-07-10,42,She Wants To Rock,The Warren Brothers,41,7,Gains In Performance
1999-07-10,43,Her,Aaron Tippin,44,6,Gains In Performance
1999-07-10,44,Never Been Kissed,Sherrie Austin,42,8,Gains In Performance
1999-07-10,45,You're Lucky I Love You,Susan Ashton,48,7,Gains In Performance
1999-07-10,46,Stranger In My Mirror,Randy Travis,38,19,
1999-07-10,47,Someone Else's Turn To Cry,Chalee Tennison,46,13,Gains In Performance
1999-07-10,48,The Girls Of Summer,Neal McCoy,51,5,Gains In Performance
1999-07-10,49,That's The Truth,Paul Brandt,47,13,
1999-07-10,50,I'm In Love With Her,Sawyer Brown,50,6,Gains In Performance
1999-07-10,51,Trouble Is A Woman,Julie Reeves,53,5,Gains In Performance
1999-07-10,52,Unsung Hero,Terri Clark,49,7,
1999-07-10,53,This Time,Shana Petrone,54,5,Gains In Performance
1999-07-10,54,From Your Knees,Matt King,56,8,Gains In Performance
1999-07-10,55,Maybe Not Tonight,Sammy Kershaw & Lorrie Morgan,45,20,
1999-07-10,56,You're Still Beautiful To Me,Bryan White,60,4,Gains In Performance
1999-07-10,57,I'm Already Taken,Steve Wariner,61,2,Gains In Performance
1999-07-10,58,Sure Feels Real Good,Michael Peterson,58,3,Gains In Performance
1999-07-10,59,Love Is Forever,John Berry,62,3,Gains In Performance
1999-07-10,60,One In A Million,Mindy McCready,57,5,
1999-07-17,1,Amazed,Lonestar,2,15,Gains In Performance
1999-07-17,2,Write This Down,George Strait,1,19,
1999-07-17,3,Lesson In Leavin',Jo Dee Messina,4,12,Gains In Performance
1999-07-17,4,Whatever You Say,Martina McBride,3,20,
1999-07-17,5,God Must Have Spent A Little More Time On You,Alabama Featuring 'N Sync,7,12,Gains In Performance
1999-07-17,6,A Night To Remember,Joe Diffie,9,19,Gains In Performance
1999-07-17,7,Please Remember Me,Tim McGraw,5,18,
1999-07-17,8,Tonight The Heartache's On Me,Dixie Chicks,6,16,
1999-07-17,9,One Honest Heart,Reba,8,18,
1999-07-17,10,Little Good-byes,SHeDAISY,11,21,Gains In Performance
1999-07-17,11,Single White Female,Chely Wright,12,19,Gains In Performance
1999-07-17,12,Crazy Little Thing Called Love,Dwight Yoakam,13,12,Gains In Performance
1999-07-17,13,With You,Lila McCann,10,25,
1999-07-17,14,The Secret Of Life,Faith Hill,15,11,Gains In Performance
1999-07-17,15,You Had Me From Hello,Kenny Chesney,16,14,Gains In Performance
1999-07-17,16,Little Man,Alan Jackson,19,8,Gains In Performance
1999-07-17,17,Who Needs Pictures,Brad Paisley,18,23,Gains In Performance
1999-07-17,18,Two Teardrops,Steve Wariner,14,22,
1999-07-17,19,You Won't Ever Be Lonely,Andy Griggs,21,32,
1999-07-17,20,Slave To The Habit,Shane Minor,23,19,Gains In Performance
1999-07-17,21,She's Always Right,Clay Walker,17,22,
1999-07-17,22,How Forever Feels,Kenny Chesney,22,32,
1999-07-17,23,You've Got A Way,Shania Twain,30,5,Gains In Performance
1999-07-17,24,Man! I Feel Like A Woman!,Shania Twain,20,20,
1999-07-17,25,Wish You Were Here,Mark Wills,24,26,
1999-07-17,26,I'll Still Love You More,Trisha Yearwood,27,11,Gains In Performance
1999-07-17,27,This Heartache Never Sleeps,Mark Chesnutt,26,13,Gains In Performance
1999-07-17,28,The Greatest,Kenny Rogers,28,14,
1999-07-17,29,Almost Home,Mary Chapin Carpenter,31,15,Gains In Performance
1999-07-17,30,Ready To Run,Dixie Chicks,37,2,Gains In Performance
1999-07-17,31,(Now You See Me) Now You Don't,Lee Ann Womack,33,7,Gains In Performance
1999-07-17,32,My Kind Of Woman/My Kind Of Man,Vince Gill With Patty Loveless,32,8,Gains In Performance
1999-07-17,33,Make Up In Love,Doug Stone,34,13,Gains In Performance
1999-07-17,34,Hello L.O.V.E.,John Michael Montgomery,29,17,
1999-07-17,35,"Fool, I'm A Woman",Sara Evans,35,16,
1999-07-17,36,Choices,George Jones,38,11,Gains In Performance
1999-07-17,37,Lonely And Gone,Montgomery Gentry,39,7,Gains In Performance
1999-07-17,38,Lightning Does The Work,Chad Brock,40,9,Gains In Performance
1999-07-17,39,I Know How The River Feels,Diamond Rio,36,17,
1999-07-17,40,She's In Love,Mark Wills,41,5,Gains In Performance
1999-07-17,41,She Wants To Rock,The Warren Brothers,42,8,Gains In Performance
1999-07-17,42,Her,Aaron Tippin,43,7,Gains In Performance
1999-07-17,43,Never Been Kissed,Sherrie Austin,44,9,Gains In Performance
1999-07-17,44,You're Lucky I Love You,Susan Ashton,45,8,Gains In Performance
1999-07-17,45,The Girls Of Summer,Neal McCoy,48,6,Gains In Performance
1999-07-17,46,This Time,Shana Petrone,53,6,Gains In Performance
1999-07-17,47,I'm In Love With Her,Sawyer Brown,50,7,Gains In Performance
1999-07-17,48,Someone Else's Turn To Cry,Chalee Tennison,47,14,
1999-07-17,49,Trouble Is A Woman,Julie Reeves,51,6,Gains In Performance
1999-07-17,50,I'm Already Taken,Steve Wariner,57,3,Gains In Performance
1999-07-17,51,You Go First (Do You Wanna Kiss),Jessica Andrews,63,2,Gains In Performance
1999-07-17,52,That's The Truth,Paul Brandt,49,14,
1999-07-17,53,Stranger In My Mirror,Randy Travis,46,20,
1999-07-17,54,Love Is Forever,John Berry,59,4,Gains In Performance
1999-07-17,55,Something Like That,Tim McGraw,65,4,Gains In Performance
1999-07-17,56,Sure Feels Real Good,Michael Peterson,58,4,Gains In Performance
1999-07-17,57,From Your Knees,Matt King,54,9,Gains In Performance
1999-07-17,58,You're Still Beautiful To Me,Bryan White,56,5,Gains In Performance
1999-07-17,59,Unsung Hero,Terri Clark,52,8,
1999-07-17,60,I'll Go Crazy,Andy Griggs,NEW,1,Highest ranking debut|Gains In Performance
1999-07-24,1,Amazed,Lonestar,1,16,Gains In Performance
1999-07-24,2,Lesson In Leavin',Jo Dee Messina,3,13,Gains In Performance
1999-07-24,3,Write This Down,George Strait,2,20,
1999-07-24,4,God Must Have Spent A Little More Time On You,Alabama Featuring 'N Sync,5,13,Gains In Performance
1999-07-24,5,Whatever You Say,Martina McBride,4,21,
1999-07-24,6,A Night To Remember,Joe Diffie,6,20,Gains In Performance
1999-07-24,7,Little Good-byes,SHeDAISY,10,22,Gains In Performance
1999-07-24,8,Please Remember Me,Tim McGraw,7,19,
1999-07-24,9,Single White Female,Chely Wright,11,20,Gains In Performance
1999-07-24,10,One Honest Heart,Reba,9,19,
1999-07-24,11,The Secret Of Life,Faith Hill,14,12,Gains In Performance
1999-07-24,12,You Had Me From Hello,Kenny Chesney,15,15,Gains In Performance
1999-07-24,13,Tonight The Heartache's On Me,Dixie Chicks,8,17,
1999-07-24,14,Crazy Little Thing Called Love,Dwight Yoakam,12,13,Gains In Performance
1999-07-24,15,Little Man,Alan Jackson,16,9,Gains In Performance
1999-07-24,16,Who Needs Pictures,Brad Paisley,17,24,Gains In Performance
1999-07-24,17,Two Teardrops,Steve Wariner,18,23,
1999-07-24,18,You've Got A Way,Shania Twain,23,6,Gains In Performance
1999-07-24,19,With You,Lila McCann,13,26,
1999-07-24,20,You Won't Ever Be Lonely,Andy Griggs,19,33,
1999-07-24,21,How Forever Feels,Kenny Chesney,22,33,Gains In Performance
1999-07-24,22,I'll Still Love You More,Trisha Yearwood,26,12,Gains In Performance
1999-07-24,23,Ready To Run,Dixie Chicks,30,3,Gains In Performance
1999-07-24,24,This Heartache Never Sleeps,Mark Chesnutt,27,14,Gains In Performance
1999-07-24,25,Slave To The Habit,Shane Minor,20,20,
1999-07-24,26,The Greatest,Kenny Rogers,28,15,Gains In Performance
1999-07-24,27,(Now You See Me) Now You Don't,Lee Ann Womack,31,8,Gains In Performance
1999-07-24,28,Almost Home,Mary Chapin Carpenter,29,16,Gains In Performance
1999-07-24,29,My Kind Of Woman/My Kind Of Man,Vince Gill With Patty Loveless,32,9,Gains In Performance
1999-07-24,30,Make Up In Love,Doug Stone,33,14,Gains In Performance
1999-07-24,31,Lonely And Gone,Montgomery Gentry,37,8,Gains In Performance
1999-07-24,32,She's In Love,Mark Wills,40,6,Gains In Performance
1999-07-24,33,Choices,George Jones,36,12,Gains In Performance
1999-07-24,34,Lightning Does The Work,Chad Brock,38,10,Gains In Performance
1999-07-24,35,Never Been Kissed,Sherrie Austin,43,10,Gains In Performance
1999-07-24,36,Her,Aaron Tippin,42,8,Gains In Performance
1999-07-24,37,She Wants To Rock,The Warren Brothers,41,9,Gains In Performance
1999-07-24,38,I'm Already Taken,Steve Wariner,50,4,Gains In Performance
1999-07-24,39,"Fool, I'm A Woman",Sara Evans,35,17,
1999-07-24,40,Hello L.O.V.E.,John Michael Montgomery,34,18,
1999-07-24,41,You're Lucky I Love You,Susan Ashton,44,9,Gains In Performance
1999-07-24,42,I Know How The River Feels,Diamond Rio,39,18,
1999-07-24,43,You Go First (Do You Wanna Kiss),Jessica Andrews,51,3,Gains In Performance
1999-07-24,44,Something Like That,Tim McGraw,55,5,Gains In Performance
1999-07-24,45,The Girls Of Summer,Neal McCoy,45,7,Gains In Performance
1999-07-24,46,Trouble Is A Woman,Julie Reeves,49,7,Gains In Performance
1999-07-24,47,I'm In Love With Her,Sawyer Brown,47,8,Gains In Performance
1999-07-24,48,This Time,Shana Petrone,46,7,Gains In Performance
1999-07-24,49,Home To You,John Michael Montgomery,62,2,Gains In Performance
1999-07-24,50,I'll Go Crazy,Andy Griggs,60,2,Gains In Performance
1999-07-24,51,You're Still Beautiful To Me,Bryan White,58,6,Gains In Performance
1999-07-24,52,Sure Feels Real Good,Michael Peterson,56,5,Gains In Performance
1999-07-24,53,All Things Considered,Yankee Grey,61,5,Gains In Performance
1999-07-24,54,Someone Else's Turn To Cry,Chalee Tennison,48,15,
1999-07-24,55,Love Is Forever,John Berry,54,5,Gains In Performance
1999-07-24,56,That's The Truth,Paul Brandt,52,15,
1999-07-24,57,Start Over Georgia,Collin Raye,64,2,Gains In Performance
1999-07-24,58,From Your Knees,Matt King,57,10,
1999-07-24,59,Are Your Eyes Still Blue,Shane McAnally,65,2,Gains In Performance
1999-07-24,60,A Matter Of Time,Jason Sellers,70,3,Gains In Performance
1999-07-31,1,Amazed,Lonestar,1,17,Gains In Performance
1999-07-31,2,Lesson In Leavin',Jo Dee Messina,2,14,Gains In Performance
1999-07-31,3,Write This Down,George Strait,3,21,
1999-07-31,4,God Must Have Spent A Little More Time On You,Alabama Featuring 'N Sync,4,14,Gains In Performance
1999-07-31,5,Little Good-byes,SHeDAISY,7,23,Gains In Performance
1999-07-31,6,A Night To Remember,Joe Diffie,6,21,Gains In Performance
1999-07-31,7,Single White Female,Chely Wright,9,21,Gains In Performance
1999-07-31,8,Whatever You Say,Martina McBride,5,22,
1999-07-31,9,The Secret Of Life,Faith Hill,11,13,Gains In Performance
1999-07-31,10,You Had Me From Hello,Kenny Chesney,12,16,Gains In Performance
1999-07-31,11,Please Remember Me,Tim McGraw,8,20,
1999-07-31,12,Little Man,Alan Jackson,15,10,Gains In Performance
1999-07-31,13,Crazy Little Thing Called Love,Dwight Yoakam,14,14,Gains In Performance
1999-07-31,14,Who Needs Pictures,Brad Paisley,16,25,Gains In Performance
1999-07-31,15,Ready To Run,Dixie Chicks,23,4,Gains In Performance
1999-07-31,16,Tonight The Heartache's On Me,Dixie Chicks,13,18,
1999-07-31,17,You've Got A Way,Shania Twain,18,7,Gains In Performance
1999-07-31,18,This Heartache Never Sleeps,Mark Chesnutt,24,15,Gains In Performance
1999-07-31,19,One Honest Heart,Reba,10,20,
1999-07-31,20,I'll Still Love You More,Trisha Yearwood,22,13,Gains In Performance
1999-07-31,21,You Won't Ever Be Lonely,Andy Griggs,20,34,
1999-07-31,22,How Forever Feels,Kenny Chesney,21,34,
1999-07-31,23,(Now You See Me) Now You Don't,Lee Ann Womack,27,9,Gains In Performance
1999-07-31,24,Two Teardrops,Steve Wariner,17,24,
1999-07-31,25,Almost Home,Mary Chapin Carpenter,28,17,Gains In Performance
1999-07-31,26,The Greatest,Kenny Rogers,26,16,
1999-07-31,27,My Kind Of Woman/My Kind Of Man,Vince Gill With Patty Loveless,29,10,Gains In Performance
1999-07-31,28,Make Up In Love,Doug Stone,30,15,Gains In Performance
1999-07-31,29,Lonely And Gone,Montgomery Gentry,31,9,Gains In Performance
1999-07-31,30,She's In Love,Mark Wills,32,7,Gains In Performance
1999-07-31,31,Choices,George Jones,33,13,Gains In Performance
1999-07-31,32,Something Like That,Tim McGraw,44,6,Gains In Performance
1999-07-31,33,I'm Already Taken,Steve Wariner,38,5,Gains In Performance
1999-07-31,34,Lightning Does The Work,Chad Brock,34,11,Gains In Performance
1999-07-31,35,Her,Aaron Tippin,36,9,Gains In Performance
1999-07-31,36,Never Been Kissed,Sherrie Austin,35,11,Gains In Performance
1999-07-31,37,She Wants To Rock,The Warren Brothers,37,10,Gains In Performance
1999-07-31,38,You Go First (Do You Wanna Kiss),Jessica Andrews,43,4,Gains In Performance
1999-07-31,39,I'll Go Crazy,Andy Griggs,50,3,Gains In Performance
1999-07-31,40,You're Lucky I Love You,Susan Ashton,41,10,Gains In Performance
1999-07-31,41,Home To You,John Michael Montgomery,49,3,Gains In Performance
1999-07-31,42,The Girls Of Summer,Neal McCoy,45,8,Gains In Performance
1999-07-31,43,I Love You,Martina McBride,NEW,1,Gains In Performance
1999-07-31,44,Trouble Is A Woman,Julie Reeves,46,8,Gains In Performance
1999-07-31,45,This Time,Shana Petrone,48,8,Gains In Performance
1999-07-31,46,All Things Considered,Yankee Grey,53,6,Gains In Performance
1999-07-31,47,I'm In Love With Her,Sawyer Brown,47,9,
1999-07-31,48,"Fool, I'm A Woman",Sara Evans,39,18,
1999-07-31,49,Sure Feels Real Good,Michael Peterson,52,6,Gains In Performance
1999-07-31,50,You're Still Beautiful To Me,Bryan White,51,7,Gains In Performance
1999-07-31,51,Hello L.O.V.E.,John Michael Montgomery,40,19,
1999-07-31,52,Start Over Georgia,Collin Raye,57,3,Gains In Performance
1999-07-31,53,I Know How The River Feels,Diamond Rio,42,19,
1999-07-31,54,Are Your Eyes Still Blue,Shane McAnally,59,3,Gains In Performance
1999-07-31,55,Love Is Forever,John Berry,55,6,Gains In Performance
1999-07-31,56,The Yodelin' Blues,The Wilkinsons,64,4,Gains In Performance
1999-07-31,57,A Matter Of Time,Jason Sellers,60,4,Gains In Performance
1999-07-31,58,Ordinary Love,Shane Minor,62,2,Gains In Performance
1999-07-31,59,She Won't Be Lonely Long,Lee Roy Parnell,68,2,Gains In Performance
1999-07-31,60,Albuquerque,Sons Of The Desert,61,6,Gains In Performance
1999-08-07,1,Amazed,Lonestar,1,18,
1999-08-07,2,Lesson In Leavin',Jo Dee Messina,2,15,
1999-08-07,3,God Must Have Spent A Little More Time On You,Alabama Featuring 'N Sync,4,15,Gains In Performance
1999-08-07,4,Little Good-byes,SHeDAISY,5,24,Gains In Performance
1999-08-07,5,Write This Down,George Strait,3,22,
1999-08-07,6,A Night To Remember,Joe Diffie,6,22,Gains In Performance
1999-08-07,7,Single White Female,Chely Wright,7,22,Gains In Performance
1999-08-07,8,You Had Me From Hello,Kenny Chesney,10,17,Gains In Performance
1999-08-07,9,The Secret Of Life,Faith Hill,9,14,Gains In Performance
1999-08-07,10,Little Man,Alan Jackson,12,11,Gains In Performance
1999-08-07,11,Whatever You Say,Martina McBride,8,23,
1999-08-07,12,Who Needs Pictures,Brad Paisley,14,26,Gains In Performance
1999-08-07,13,Please Remember Me,Tim McGraw,11,21,
1999-08-07,14,Crazy Little Thing Called Love,Dwight Yoakam,13,15,
1999-08-07,15,Ready To Run,Dixie Chicks,15,5,Gains In Performance
1999-08-07,16,You've Got A Way,Shania Twain,17,8,Gains In Performance
1999-08-07,17,I'll Still Love You More,Trisha Yearwood,20,14,Gains In Performance
1999-08-07,18,This Heartache Never Sleeps,Mark Chesnutt,18,16,Gains In Performance
1999-08-07,19,(Now You See Me) Now You Don't,Lee Ann Womack,23,10,Gains In Performance
1999-08-07,20,Tonight The Heartache's On Me,Dixie Chicks,16,19,
1999-08-07,21,How Forever Feels,Kenny Chesney,22,35,
1999-08-07,22,You Won't Ever Be Lonely,Andy Griggs,21,35,
1999-08-07,23,Almost Home,Mary Chapin Carpenter,25,18,Gains In Performance
1999-08-07,24,Something Like That,Tim McGraw,32,7,Gains In Performance
1999-08-07,25,Make Up In Love,Doug Stone,28,16,Gains In Performance
1999-08-07,26,She's In Love,Mark Wills,30,8,Gains In Performance
1999-08-07,27,My Kind Of Woman/My Kind Of Man,Vince Gill With Patty Loveless,27,11,
1999-08-07,28,Lonely And Gone,Montgomery Gentry,29,10,Gains In Performance
1999-08-07,29,I'm Already Taken,Steve Wariner,33,6,Gains In Performance
1999-08-07,30,The Greatest,Kenny Rogers,26,17,
1999-08-07,31,Choices,George Jones,31,14,Gains In Performance
1999-08-07,32,Lightning Does The Work,Chad Brock,34,12,Gains In Performance
1999-08-07,33,Her,Aaron Tippin,35,10,Gains In Performance
1999-08-07,34,I'll Go Crazy,Andy Griggs,39,4,Gains In Performance
1999-08-07,35,Never Been Kissed,Sherrie Austin,36,12,Gains In Performance
1999-08-07,36,You Go First (Do You Wanna Kiss),Jessica Andrews,38,5,Gains In Performance
1999-08-07,37,Home To You,John Michael Montgomery,41,4,Gains In Performance
1999-08-07,38,I Love You,Martina McBride,43,2,Gains In Performance
1999-08-07,39,She Wants To Rock,The Warren Brothers,37,11,Gains In Performance
1999-08-07,40,You're Lucky I Love You,Susan Ashton,40,11,Gains In Performance
1999-08-07,41,What Do You Say To That,George Strait,67,4,Gains In Performance
1999-08-07,42,All Things Considered,Yankee Grey,46,7,Gains In Performance
1999-08-07,43,Trouble Is A Woman,Julie Reeves,44,9,Gains In Performance
1999-08-07,44,The Girls Of Summer,Neal McCoy,42,9,
1999-08-07,45,This Time,Shana Petrone,45,9,
1999-08-07,46,Ordinary Love,Shane Minor,58,3,Gains In Performance
1999-08-07,47,Sure Feels Real Good,Michael Peterson,49,7,Gains In Performance
1999-08-07,48,You're Still Beautiful To Me,Bryan White,50,8,Gains In Performance
1999-08-07,49,Are Your Eyes Still Blue,Shane McAnally,54,4,Gains In Performance
1999-08-07,50,I'm In Love With Her,Sawyer Brown,47,10,
1999-08-07,51,Start Over Georgia,Collin Raye,52,4,Gains In Performance
1999-08-07,52,The Yodelin' Blues,The Wilkinsons,56,5,Gains In Performance
1999-08-07,53,Love Is Forever,John Berry,55,7,Gains In Performance
1999-08-07,54,Missing You,Brooks & Dunn,NEW,1,Highest ranking debut|Gains In Performance
1999-08-07,55,A Matter Of Time,Jason Sellers,57,5,Gains In Performance
1999-08-07,56,Hello L.O.V.E.,John Michael Montgomery,51,20,
1999-08-07,57,She Won't Be Lonely Long,Lee Roy Parnell,59,3,Gains In Performance
1999-08-07,58,Albuquerque,Sons Of The Desert,60,7,Gains In Performance
1999-08-07,59,"Fool, I'm A Woman",Sara Evans,48,19,
1999-08-07,60,Rub It In,Matt King,64,4,Gains In Performance
1999-08-14,1,Amazed,Lonestar,1,19,Gains In Performance
1999-08-14,2,Lesson In Leavin',Jo Dee Messina,2,16,Gains In Performance
1999-08-14,3,Little Good-byes,SHeDAISY,4,25,Gains In Performance
1999-08-14,4,God Must Have Spent A Little More Time On You,Alabama Featuring 'N Sync,3,16,
1999-08-14,5,Single White Female,Chely Wright,7,23,Gains In Performance
1999-08-14,6,A Night To Remember,Joe Diffie,6,23,
1999-08-14,7,You Had Me From Hello,Kenny Chesney,8,18,Gains In Performance
1999-08-14,8,Write This Down,George Strait,5,23,
1999-08-14,9,The Secret Of Life,Faith Hill,9,15,Gains In Performance
1999-08-14,10,Little Man,Alan Jackson,10,12,Gains In Performance
1999-08-14,11,Ready To Run,Dixie Chicks,15,6,Gains In Performance
1999-08-14,12,Who Needs Pictures,Brad Paisley,12,27,Gains In Performance
1999-08-14,13,You've Got A Way,Shania Twain,16,9,Gains In Performance
1999-08-14,14,Whatever You Say,Martina McBride,11,24,
1999-08-14,15,Please Remember Me,Tim McGraw,13,22,
1999-08-14,16,I'll Still Love You More,Trisha Yearwood,17,15,Gains In Performance
1999-08-14,17,Something Like That,Tim McGraw,24,8,Gains In Performance
1999-08-14,18,(Now You See Me) Now You Don't,Lee Ann Womack,19,11,Gains In Performance
1999-08-14,19,This Heartache Never Sleeps,Mark Chesnutt,18,17,Gains In Performance
1999-08-14,20,Crazy Little Thing Called Love,Dwight Yoakam,14,16,
1999-08-14,21,How Forever Feels,Kenny Chesney,21,36,
1999-08-14,22,You Won't Ever Be Lonely,Andy Griggs,22,36,
1999-08-14,23,Almost Home,Mary Chapin Carpenter,23,19,Gains In Performance
1999-08-14,24,She's In Love,Mark Wills,26,9,Gains In Performance
1999-08-14,25,Make Up In Love,Doug Stone,25,17,Gains In Performance
1999-08-14,26,I'm Already Taken,Steve Wariner,29,7,Gains In Performance
1999-08-14,27,Lonely And Gone,Montgomery Gentry,28,11,Gains In Performance
1999-08-14,28,Tonight The Heartache's On Me,Dixie Chicks,20,20,
1999-08-14,29,My Kind Of Woman/My Kind Of Man,Vince Gill With Patty Loveless,27,12,
1999-08-14,30,I Love You,Martina McBride,38,3,Gains In Performance
1999-08-14,31,I'll Go Crazy,Andy Griggs,34,5,Gains In Performance
1999-08-14,32,Choices,George Jones,31,15,Gains In Performance
1999-08-14,33,Lightning Does The Work,Chad Brock,32,13,Gains In Performance
1999-08-14,34,What Do You Say To That,George Strait,41,5,Gains In Performance
1999-08-14,35,You Go First (Do You Wanna Kiss),Jessica Andrews,36,6,Gains In Performance
1999-08-14,36,The Greatest,Kenny Rogers,30,18,
1999-08-14,37,Home To You,John Michael Montgomery,37,5,Gains In Performance
1999-08-14,38,Her,Aaron Tippin,33,11,
1999-08-14,39,Never Been Kissed,Sherrie Austin,35,13,Gains In Performance
1999-08-14,40,Missing You,Brooks & Dunn,54,2,Gains In Performance
1999-08-14,41,You're Lucky I Love You,Susan Ashton,40,12,Gains In Performance
1999-08-14,42,All Things Considered,Yankee Grey,42,8,Gains In Performance
1999-08-14,43,Trouble Is A Woman,Julie Reeves,43,10,Gains In Performance
1999-08-14,44,Ordinary Love,Shane Minor,46,4,Gains In Performance
1999-08-14,45,Sure Feels Real Good,Michael Peterson,47,8,Gains In Performance
1999-08-14,46,She Wants To Rock,The Warren Brothers,39,12,
1999-08-14,47,You're Still Beautiful To Me,Bryan White,48,9,Gains In Performance
1999-08-14,48,The Yodelin' Blues,The Wilkinsons,52,6,Gains In Performance
1999-08-14,49,Start Over Georgia,Collin Raye,51,5,Gains In Performance
1999-08-14,50,Are Your Eyes Still Blue,Shane McAnally,49,5,Gains In Performance
1999-08-14,51,The Girls Of Summer,Neal McCoy,44,10,
1999-08-14,52,This Time,Shana Petrone,45,10,
1999-08-14,53,A Matter Of Time,Jason Sellers,55,6,Gains In Performance
1999-08-14,54,Love Is Forever,John Berry,53,8,
1999-08-14,55,I'm In Love With Her,Sawyer Brown,50,11,
1999-08-14,56,"Live, Laugh, Love",Clay Walker,70,2,Gains In Performance
1999-08-14,57,Love Trip,Jerry Kilgore,71,2,Gains In Performance
1999-08-14,58,She Won't Be Lonely Long,Lee Roy Parnell,57,4,
1999-08-14,59,Rub It In,Matt King,60,5,
1999-08-14,60,Albuquerque,Sons Of The Desert,58,8,
1999-08-21,1,Amazed,Lonestar,1,20,
1999-08-21,2,Lesson In Leavin',Jo Dee Messina,2,17,
1999-08-21,3,God Must Have Spent A Little More Time On You,Alabama Featuring 'N Sync,4,17,Gains In Performance
1999-08-21,4,Little Good-byes,SHeDAISY,3,26,
1999-08-21,5,Single White Female,Chely Wright,5,24,Gains In Performance
1999-08-21,6,You Had Me From Hello,Kenny Chesney,7,19,Gains In Performance
1999-08-21,7,The Secret Of Life,Faith Hill,9,16,Gains In Performance
1999-08-21,8,A Night To Remember,Joe Diffie,6,24,
1999-08-21,9,Little Man,Alan Jackson,10,13,Gains In Performance
1999-08-21,10,Ready To Run,Dixie Chicks,11,7,Gains In Performance
1999-08-21,11,Write This Down,George Strait,8,24,
1999-08-21,12,Who Needs Pictures,Brad Paisley,12,28,Gains In Performance
1999-08-21,13,Something Like That,Tim McGraw,17,9,Gains In Performance
1999-08-21,14,You've Got A Way,Shania Twain,13,10,Gains In Performance
1999-08-21,15,I'll Still Love You More,Trisha Yearwood,16,16,Gains In Performance
1999-08-21,16,(Now You See Me) Now You Don't,Lee Ann Womack,18,12,Gains In Performance
1999-08-21,17,This Heartache Never Sleeps,Mark Chesnutt,19,18,Gains In Performance
1999-08-21,18,Please Remember Me,Tim McGraw,15,23,
1999-08-21,19,Whatever You Say,Martina McBride,14,25,
1999-08-21,20,I Love You,Martina McBride,30,4,Greatest gainer this week|Gains In Performance
1999-08-21,21,She's In Love,Mark Wills,24,10,Gains In Performance
1999-08-21,22,Almost Home,Mary Chapin Carpenter,23,20,Gains In Performance
1999-08-21,23,Make Up In Love,Doug Stone,25,18,Gains In Performance
1999-08-21,24,How Forever Feels,Kenny Chesney,21,37,
1999-08-21,25,I'm Already Taken,Steve Wariner,26,8,Gains In Performance
1999-08-21,26,Lonely And Gone,Montgomery Gentry,27,12,Gains In Performance
1999-08-21,27,What Do You Say To That,George Strait,34,6,Gains In Performance
1999-08-21,28,I'll Go Crazy,Andy Griggs,31,6,Gains In Performance
1999-08-21,29,Home To You,John Michael Montgomery,37,6,Gains In Performance
1999-08-21,30,You Go First (Do You Wanna Kiss),Jessica Andrews,35,7,Gains In Performance
1999-08-21,31,Crazy Little Thing Called Love,Dwight Yoakam,20,17,
1999-08-21,32,Lightning Does The Work,Chad Brock,33,14,Gains In Performance
1999-08-21,33,Choices,George Jones,32,16,Gains In Performance
1999-08-21,34,Missing You,Brooks & Dunn,40,3,Gains In Performance
1999-08-21,35,Never Been Kissed,Sherrie Austin,39,14,Gains In Performance
1999-08-21,36,Her,Aaron Tippin,38,12,Gains In Performance
1999-08-21,37,My Kind Of Woman/My Kind Of Man,Vince Gill With Patty Loveless,29,13,
1999-08-21,38,All Things Considered,Yankee Grey,42,9,Gains In Performance
1999-08-21,39,The Greatest,Kenny Rogers,36,19,
1999-08-21,40,You're Lucky I Love You,Susan Ashton,41,13,
1999-08-21,41,Ordinary Love,Shane Minor,44,5,Gains In Performance
1999-08-21,42,Trouble Is A Woman,Julie Reeves,43,11,
1999-08-21,43,Sure Feels Real Good,Michael Peterson,45,9,Gains In Performance
1999-08-21,44,Start Over Georgia,Collin Raye,49,6,Gains In Performance
1999-08-21,45,Are Your Eyes Still Blue,Shane McAnally,50,6,Gains In Performance
1999-08-21,46,The Yodelin' Blues,The Wilkinsons,48,7,Gains In Performance
1999-08-21,47,You're Still Beautiful To Me,Bryan White,47,10,Gains In Performance
1999-08-21,48,A Matter Of Time,Jason Sellers,53,7,Gains In Performance
1999-08-21,49,When You Love Someone,Sammy Kershaw,67,2,Gains In Performance
1999-08-21,50,"Live, Laugh, Love",Clay Walker,56,3,Gains In Performance
1999-08-21,51,Crush,Lila McCann,61,4,Gains In Performance
1999-08-21,52,Love Trip,Jerry Kilgore,57,3,Gains In Performance
1999-08-21,53,She Wants To Rock,The Warren Brothers,46,13,
1999-08-21,54,A Man Ain't Made Of Stone,Randy Travis,68,2,Gains In Performance
1999-08-21,55,The Girls Of Summer,Neal McCoy,51,11,
1999-08-21,56,Rub It In,Matt King,59,6,Gains In Performance
1999-08-21,57,Smoke Rings In The Dark,Gary Allan,71,2,Gains In Performance
1999-08-21,58,Love Is Forever,John Berry,54,9,
1999-08-21,59,This Time,Shana Petrone,52,11,
1999-08-21,60,She Won't Be Lonely Long,Lee Roy Parnell,58,5,
1999-08-28,1,Amazed,Lonestar,1,21,
1999-08-28,2,Lesson In Leavin',Jo Dee Messina,2,18,
1999-08-28,3,God Must Have Spent A Little More Time On You,Alabama Featuring 'N Sync,3,18,
1999-08-28,4,Single White Female,Chely Wright,5,25,Gains In Performance
1999-08-28,5,Little Good-byes,SHeDAISY,4,27,
1999-08-28,6,You Had Me From Hello,Kenny Chesney,6,20,Gains In Performance
1999-08-28,7,The Secret Of Life,Faith Hill,7,17,Gains In Performance
1999-08-28,8,Little Man,Alan Jackson,9,14,Gains In Performance
1999-08-28,9,Ready To Run,Dixie Chicks,10,8,Gains In Performance
1999-08-28,10,A Night To Remember,Joe Diffie,8,25,
1999-08-28,11,Something Like That,Tim McGraw,13,10,Gains In Performance
1999-08-28,12,Write This Down,George Strait,11,25,
1999-08-28,13,Who Needs Pictures,Brad Paisley,12,29,
1999-08-28,14,You've Got A Way,Shania Twain,14,11,
1999-08-28,15,I'll Still Love You More,Trisha Yearwood,15,17,Gains In Performance
1999-08-28,16,(Now You See Me) Now You Don't,Lee Ann Womack,16,13,Gains In Performance
1999-08-28,17,This Heartache Never Sleeps,Mark Chesnutt,17,19,Gains In Performance
1999-08-28,18,I Love You,Martina McBride,20,5,Gains In Performance
1999-08-28,19,Please Remember Me,Tim McGraw,18,24,
1999-08-28,20,She's In Love,Mark Wills,21,11,Gains In Performance
1999-08-28,21,What Do You Say To That,George Strait,27,7,Gains In Performance
1999-08-28,22,Whatever You Say,Martina McBride,19,26,
1999-08-28,23,I'm Already Taken,Steve Wariner,25,9,Gains In Performance
1999-08-28,24,Make Up In Love,Doug Stone,23,19,Gains In Performance
1999-08-28,25,Almost Home,Mary Chapin Carpenter,22,21,
1999-08-28,26,Lonely And Gone,Montgomery Gentry,26,13,Gains In Performance
1999-08-28,27,I'll Go Crazy,Andy Griggs,28,7,Gains In Performance
1999-08-28,28,Missing You,Brooks & Dunn,34,4,Gains In Performance
1999-08-28,29,Home To You,John Michael Montgomery,29,7,Gains In Performance
1999-08-28,30,You Go First (Do You Wanna Kiss),Jessica Andrews,30,8,Gains In Performance
1999-08-28,31,Choices,George Jones,33,17,Gains In Performance
1999-08-28,32,Lightning Does The Work,Chad Brock,32,15,Gains In Performance
1999-08-28,33,Never Been Kissed,Sherrie Austin,35,15,Gains In Performance
1999-08-28,34,Crazy Little Thing Called Love,Dwight Yoakam,31,18,
1999-08-28,35,Her,Aaron Tippin,36,13,
1999-08-28,36,All Things Considered,Yankee Grey,38,10,Gains In Performance
1999-08-28,37,Ordinary Love,Shane Minor,41,6,Gains In Performance
1999-08-28,38,You're Lucky I Love You,Susan Ashton,40,14,
1999-08-28,39,Trouble Is A Woman,Julie Reeves,42,12,
1999-08-28,40,It Don't Matter To The Sun,Garth Brooks as Chris Gaines,NEW,1,Gains In Performance
1999-08-28,41,Are Your Eyes Still Blue,Shane McAnally,45,7,Gains In Performance
1999-08-28,42,Start Over Georgia,Collin Raye,44,7,Gains In Performance
1999-08-28,43,The Greatest,Kenny Rogers,39,20,
1999-08-28,44,Sure Feels Real Good,Michael Peterson,43,10,Gains In Performance
1999-08-28,45,The Yodelin' Blues,The Wilkinsons,46,8,Gains In Performance
1999-08-28,46,You're Still Beautiful To Me,Bryan White,47,11,Gains In Performance
1999-08-28,47,A Matter Of Time,Jason Sellers,48,8,Gains In Performance
1999-08-28,48,My Kind Of Woman/My Kind Of Man,Vince Gill With Patty Loveless,37,14,
1999-08-28,49,"Live, Laugh, Love",Clay Walker,50,4,Gains In Performance
1999-08-28,50,A Man Ain't Made Of Stone,Randy Travis,54,3,Gains In Performance
1999-08-28,51,When You Love Someone,Sammy Kershaw,49,3,Gains In Performance
1999-08-28,52,Crush,Lila McCann,51,5,Gains In Performance
1999-08-28,53,Smoke Rings In The Dark,Gary Allan,57,3,Gains In Performance
1999-08-28,54,Love Trip,Jerry Kilgore,52,4,Gains In Performance
1999-08-28,55,Rub It In,Matt King,56,7,
1999-08-28,56,On My Way To You,Sonya Isaacs,74,2,Gains In Performance
1999-08-28,57,The Girls Of Summer,Neal McCoy,55,12,
1999-08-28,58,She Won't Be Lonely Long,Lee Roy Parnell,60,6,
1999-08-28,59,Steam,Ty Herndon,63,2,Gains In Performance
1999-08-28,60,Baby's Got My Number,South Sixty Five,67,3,Gains In Performance
1999-09-04,1,Amazed,Lonestar,1,22,
1999-09-04,2,Lesson In Leavin',Jo Dee Messina,2,19,
1999-09-04,3,Single White Female,Chely Wright,4,26,Gains In Performance
1999-09-04,4,You Had Me From Hello,Kenny Chesney,6,21,Gains In Performance
1999-09-04,5,God Must Have Spent A Little More Time On You,Alabama Featuring 'N Sync,3,19,
1999-09-04,6,The Secret Of Life,Faith Hill,7,18,Gains In Performance
1999-09-04,7,Little Man,Alan Jackson,8,15,Gains In Performance
1999-09-04,8,Little Good-byes,SHeDAISY,5,28,
1999-09-04,9,Something Like That,Tim McGraw,11,11,Gains In Performance
1999-09-04,10,Ready To Run,Dixie Chicks,9,9,Gains In Performance
1999-09-04,11,Write This Down,George Strait,12,26,
1999-09-04,12,I'll Still Love You More,Trisha Yearwood,15,18,Gains In Performance
1999-09-04,13,I Love You,Martina McBride,18,6,Gains In Performance
1999-09-04,14,A Night To Remember,Joe Diffie,10,26,
1999-09-04,15,(Now You See Me) Now You Don't,Lee Ann Womack,16,14,Gains In Performance
1999-09-04,16,You've Got A Way,Shania Twain,14,12,
1999-09-04,17,Who Needs Pictures,Brad Paisley,13,30,
1999-09-04,18,This Heartache Never Sleeps,Mark Chesnutt,17,20,Gains In Performance
1999-09-04,19,What Do You Say To That,George Strait,21,8,Gains In Performance
1999-09-04,20,She's In Love,Mark Wills,20,12,Gains In Performance
1999-09-04,21,I'm Already Taken,Steve Wariner,23,10,Gains In Performance
1999-09-04,22,Lonely And Gone,Montgomery Gentry,26,14,Gains In Performance
1999-09-04,23,Make Up In Love,Doug Stone,24,20,Gains In Performance
1999-09-04,24,Whatever You Say,Martina McBride,22,27,
1999-09-04,25,I'll Go Crazy,Andy Griggs,27,8,Gains In Performance
1999-09-04,26,Home To You,John Michael Montgomery,29,8,Gains In Performance
1999-09-04,27,Missing You,Brooks & Dunn,28,5,Gains In Performance
1999-09-04,28,You Go First (Do You Wanna Kiss),Jessica Andrews,30,9,Gains In Performance
1999-09-04,29,Lightning Does The Work,Chad Brock,32,16,Gains In Performance
1999-09-04,30,Choices,George Jones,31,18,Gains In Performance
1999-09-04,31,Never Been Kissed,Sherrie Austin,33,16,Gains In Performance
1999-09-04,32,All Things Considered,Yankee Grey,36,11,Gains In Performance
1999-09-04,33,It Don't Matter To The Sun,Garth Brooks as Chris Gaines,40,2,Gains In Performance
1999-09-04,34,Ordinary Love,Shane Minor,37,7,Gains In Performance
1999-09-04,35,Crazy Little Thing Called Love,Dwight Yoakam,34,19,
1999-09-04,36,Are Your Eyes Still Blue,Shane McAnally,41,8,Gains In Performance
1999-09-04,37,You're Lucky I Love You,Susan Ashton,38,15,
1999-09-04,38,A Man Ain't Made Of Stone,Randy Travis,50,4,Gains In Performance
1999-09-04,39,You're Still Beautiful To Me,Bryan White,46,12,Gains In Performance
1999-09-04,40,Start Over Georgia,Collin Raye,42,8,Gains In Performance
1999-09-04,41,Sure Feels Real Good,Michael Peterson,44,11,Gains In Performance
1999-09-04,42,Trouble Is A Woman,Julie Reeves,39,13,
1999-09-04,43,"Live, Laugh, Love",Clay Walker,49,5,Gains In Performance
1999-09-04,44,A Matter Of Time,Jason Sellers,47,9,Gains In Performance
1999-09-04,45,When I Said I Do,Clint Black,NEW,1,Greatest gainer this week|Gains In Performance
1999-09-04,46,Her,Aaron Tippin,35,14,
1999-09-04,47,The Yodelin' Blues,The Wilkinsons,45,9,
1999-09-04,48,When You Love Someone,Sammy Kershaw,51,4,Gains In Performance
1999-09-04,49,Smoke Rings In The Dark,Gary Allan,53,4,Gains In Performance
1999-09-04,50,Crush,Lila McCann,52,6,Gains In Performance
1999-09-04,51,Love Trip,Jerry Kilgore,54,5,Gains In Performance
1999-09-04,52,My Kind Of Woman/My Kind Of Man,Vince Gill With Patty Loveless,48,15,
1999-09-04,53,Steam,Ty Herndon,59,3,Gains In Performance
1999-09-04,54,Rub It In,Matt King,55,8,
1999-09-04,55,It's A Love Thing,Keith Urban,73,2,Gains In Performance
1999-09-04,56,Big Deal,LeAnn Rimes,NEW,1,Gains In Performance
1999-09-04,57,After A Kiss,Pam Tillis,63,2,Gains In Performance
1999-09-04,58,On My Way To You,Sonya Isaacs,56,3,
1999-09-04,59,The Girls Of Summer,Neal McCoy,57,13,
1999-09-04,60,She Won't Be Lonely Long,Lee Roy Parnell,58,7,
1999-09-11,1,Single White Female,Chely Wright,3,27,Gains In Performance
1999-09-11,2,You Had Me From Hello,Kenny Chesney,4,22,Gains In Performance
1999-09-11,3,Amazed,Lonestar,1,23,
1999-09-11,4,Lesson In Leavin',Jo Dee Messina,2,20,
1999-09-11,5,The Secret Of Life,Faith Hill,6,19,Gains In Performance
1999-09-11,6,Something Like That,Tim McGraw,9,12,Gains In Performance
1999-09-11,7,Little Man,Alan Jackson,7,16,Gains In Performance
1999-09-11,8,Ready To Run,Dixie Chicks,10,10,Gains In Performance
1999-09-11,9,God Must Have Spent A Little More Time On You,Alabama Featuring 'N Sync,5,20,
1999-09-11,10,I Love You,Martina McBride,13,7,Gains In Performance
1999-09-11,11,Little Good-byes,SHeDAISY,8,29,
1999-09-11,12,I'll Still Love You More,Trisha Yearwood,12,19,Gains In Performance
1999-09-11,13,Write This Down,George Strait,11,27,
1999-09-11,14,(Now You See Me) Now You Don't,Lee Ann Womack,15,15,Gains In Performance
1999-09-11,15,What Do You Say To That,George Strait,19,9,Gains In Performance
1999-09-11,16,She's In Love,Mark Wills,20,13,Gains In Performance
1999-09-11,17,I'm Already Taken,Steve Wariner,21,11,Gains In Performance
1999-09-11,18,A Night To Remember,Joe Diffie,14,27,
1999-09-11,19,This Heartache Never Sleeps,Mark Chesnutt,18,21,
1999-09-11,20,Lonely And Gone,Montgomery Gentry,22,15,Gains In Performance
1999-09-11,21,Make Up In Love,Doug Stone,23,21,Gains In Performance
1999-09-11,22,I'll Go Crazy,Andy Griggs,25,9,Gains In Performance
1999-09-11,23,You've Got A Way,Shania Twain,16,13,
1999-09-11,24,Home To You,John Michael Montgomery,26,9,Gains In Performance
1999-09-11,25,Who Needs Pictures,Brad Paisley,17,31,
1999-09-11,26,Missing You,Brooks & Dunn,27,6,Gains In Performance
1999-09-11,27,You Go First (Do You Wanna Kiss),Jessica Andrews,28,10,Gains In Performance
1999-09-11,28,Lightning Does The Work,Chad Brock,29,17,Gains In Performance
1999-09-11,29,All Things Considered,Yankee Grey,32,12,Gains In Performance
1999-09-11,30,It Don't Matter To The Sun,Garth Brooks as Chris Gaines,33,3,Gains In Performance
1999-09-11,31,Never Been Kissed,Sherrie Austin,31,17,Gains In Performance
1999-09-11,32,Choices,George Jones,30,19,
1999-09-11,33,Ordinary Love,Shane Minor,34,8,Gains In Performance
1999-09-11,34,When I Said I Do,Clint Black,45,2,Gains In Performance
1999-09-11,35,A Man Ain't Made Of Stone,Randy Travis,38,5,Gains In Performance
1999-09-11,36,Are Your Eyes Still Blue,Shane McAnally,36,9,Gains In Performance
1999-09-11,37,"Live, Laugh, Love",Clay Walker,43,6,Gains In Performance
1999-09-11,38,Crazy Little Thing Called Love,Dwight Yoakam,35,20,
1999-09-11,39,Start Over Georgia,Collin Raye,40,9,
1999-09-11,40,Sure Feels Real Good,Michael Peterson,41,12,Gains In Performance
1999-09-11,41,You're Still Beautiful To Me,Bryan White,39,13,
1999-09-11,42,A Matter Of Time,Jason Sellers,44,10,Gains In Performance
1999-09-11,43,Smoke Rings In The Dark,Gary Allan,49,5,Gains In Performance
1999-09-11,44,When You Love Someone,Sammy Kershaw,48,5,Gains In Performance
1999-09-11,45,Big Deal,LeAnn Rimes,56,2,Gains In Performance
1999-09-11,46,The Yodelin' Blues,The Wilkinsons,47,10,
1999-09-11,47,Trouble Is A Woman,Julie Reeves,42,14,
1999-09-11,48,Steam,Ty Herndon,53,4,Gains In Performance
1999-09-11,49,You're Lucky I Love You,Susan Ashton,37,16,
1999-09-11,50,Crush,Lila McCann,50,7,Gains In Performance
1999-09-11,51,Love Trip,Jerry Kilgore,51,6,Gains In Performance
1999-09-11,52,Come On Over,Shania Twain,RE,2,Gains In Performance
1999-09-11,53,He Didn't Have To Be,Brad Paisley,72,2,Gains In Performance
1999-09-11,54,Her,Aaron Tippin,46,15,
1999-09-11,55,It's A Love Thing,Keith Urban,55,3,Gains In Performance
1999-09-11,56,After A Kiss,Pam Tillis,57,3,Gains In Performance
1999-09-11,57,Goodbye Earl,Dixie Chicks,NEW,1,Highest ranking debut|Gains In Performance
1999-09-11,58,On My Way To You,Sonya Isaacs,58,4,Gains In Performance
1999-09-11,59,My Kind Of Woman/My Kind Of Man,Vince Gill With Patty Loveless,52,16,
1999-09-11,60,Power Windows,John Berry,71,2,Gains In Performance
1999-09-18,1,You Had Me From Hello,Kenny Chesney,2,23,Gains In Performance
1999-09-18,2,Something Like That,Tim McGraw,6,13,Greatest gainer this week|Gains In Performance
1999-09-18,3,Amazed,Lonestar,3,24,
1999-09-18,4,The Secret Of Life,Faith Hill,5,20,Gains In Performance
1999-09-18,5,Single White Female,Chely Wright,1,28,
1999-09-18,6,Little Man,Alan Jackson,7,17,Gains In Performance
1999-09-18,7,Ready To Run,Dixie Chicks,8,11,Gains In Performance
1999-09-18,8,Lesson In Leavin',Jo Dee Messina,4,21,
1999-09-18,9,I Love You,Martina McBride,10,8,Gains In Performance
1999-09-18,10,I'll Still Love You More,Trisha Yearwood,12,20,Gains In Performance
1999-09-18,11,God Must Have Spent A Little More Time On You,Alabama Featuring 'N Sync,9,21,
1999-09-18,12,What Do You Say To That,George Strait,15,10,Gains In Performance
1999-09-18,13,(Now You See Me) Now You Don't,Lee Ann Womack,14,16,Gains In Performance
1999-09-18,14,Write This Down,George Strait,13,28,
1999-09-18,15,She's In Love,Mark Wills,16,14,Gains In Performance
1999-09-18,16,I'm Already Taken,Steve Wariner,17,12,Gains In Performance
1999-09-18,17,Little Good-byes,SHeDAISY,11,30,
1999-09-18,18,Lonely And Gone,Montgomery Gentry,20,16,Gains In Performance
1999-09-18,19,I'll Go Crazy,Andy Griggs,22,10,Gains In Performance
1999-09-18,20,A Night To Remember,Joe Diffie,18,28,
1999-09-18,21,Home To You,John Michael Montgomery,24,10,Gains In Performance
1999-09-18,22,Make Up In Love,Doug Stone,21,22,Gains In Performance
1999-09-18,23,Missing You,Brooks & Dunn,26,7,Gains In Performance
1999-09-18,24,You've Got A Way,Shania Twain,23,14,
1999-09-18,25,You Go First (Do You Wanna Kiss),Jessica Andrews,27,11,Gains In Performance
1999-09-18,26,Lightning Does The Work,Chad Brock,28,18,Gains In Performance
1999-09-18,27,It Don't Matter To The Sun,Garth Brooks as Chris Gaines,30,4,Gains In Performance
1999-09-18,28,All Things Considered,Yankee Grey,29,13,Gains In Performance
1999-09-18,29,Never Been Kissed,Sherrie Austin,31,18,Gains In Performance
1999-09-18,30,When I Said I Do,Clint Black,34,3,Gains In Performance
1999-09-18,31,Ordinary Love,Shane Minor,33,9,Gains In Performance
1999-09-18,32,A Man Ain't Made Of Stone,Randy Travis,35,6,Gains In Performance
1999-09-18,33,Are Your Eyes Still Blue,Shane McAnally,36,10,Gains In Performance
1999-09-18,34,Choices,George Jones,32,20,
1999-09-18,35,Big Deal,LeAnn Rimes,45,3,Gains In Performance
1999-09-18,36,"Live, Laugh, Love",Clay Walker,37,7,Gains In Performance
1999-09-18,37,Come On Over,Shania Twain,52,3,Gains In Performance
1999-09-18,38,He Didn't Have To Be,Brad Paisley,53,3,Gains In Performance
1999-09-18,39,Steam,Ty Herndon,48,5,Gains In Performance
1999-09-18,40,Smoke Rings In The Dark,Gary Allan,43,6,Gains In Performance
1999-09-18,41,Sure Feels Real Good,Michael Peterson,40,13,Gains In Performance
1999-09-18,42,You're Still Beautiful To Me,Bryan White,41,14,Gains In Performance
1999-09-18,43,A Matter Of Time,Jason Sellers,42,11,Gains In Performance
1999-09-18,44,When You Love Someone,Sammy Kershaw,44,6,Gains In Performance
1999-09-18,45,Start Over Georgia,Collin Raye,39,10,
1999-09-18,46,Crush,Lila McCann,50,8,Gains In Performance
1999-09-18,47,Love Trip,Jerry Kilgore,51,7,Gains In Performance
1999-09-18,48,It's A Love Thing,Keith Urban,55,4,Gains In Performance
1999-09-18,49,The Yodelin' Blues,The Wilkinsons,46,11,
1999-09-18,50,Goodbye Earl,Dixie Chicks,57,2,Gains In Performance
1999-09-18,51,After A Kiss,Pam Tillis,56,4,Gains In Performance
1999-09-18,52,The Quittin' Kind,Joe Diffie,62,3,Gains In Performance
1999-09-18,53,You're Lucky I Love You,Susan Ashton,49,17,
1999-09-18,54,On My Way To You,Sonya Isaacs,58,5,Gains In Performance
1999-09-18,55,Power Windows,John Berry,60,3,Gains In Performance
1999-09-18,56,What Do You Say,Reba,NEW,1,Highest ranking debut|Gains In Performance
1999-09-18,57,Trouble Is A Woman,Julie Reeves,47,15,
1999-09-18,58,For Crying Out Loud,Anita Cochran,61,8,Gains In Performance
1999-09-18,59,All I Want Is Everything,Mindy McCready,66,5,Gains In Performance
1999-09-18,60,Her,Aaron Tippin,54,16,
1999-09-25,1,Something Like That,Tim McGraw,2,14,Gains In Performance
1999-09-25,2,You Had Me From Hello,Kenny Chesney,1,24,
1999-09-25,3,Little Man,Alan Jackson,6,18,Gains In Performance
1999-09-25,4,Amazed,Lonestar,3,25,
1999-09-25,5,The Secret Of Life,Faith Hill,4,21,
1999-09-25,6,Ready To Run,Dixie Chicks,7,12,Gains In Performance
1999-09-25,7,I Love You,Martina McBride,9,9,Gains In Performance
1999-09-25,8,Lesson In Leavin',Jo Dee Messina,8,22,
1999-09-25,9,Single White Female,Chely Wright,5,29,
1999-09-25,10,I'll Still Love You More,Trisha Yearwood,10,21,Gains In Performance
1999-09-25,11,What Do You Say To That,George Strait,12,11,Gains In Performance
1999-09-25,12,(Now You See Me) Now You Don't,Lee Ann Womack,13,17,Gains In Performance
1999-09-25,13,She's In Love,Mark Wills,15,15,Gains In Performance
1999-09-25,14,I'm Already Taken,Steve Wariner,16,13,Gains In Performance
1999-09-25,15,God Must Have Spent A Little More Time On You,Alabama Featuring 'N Sync,11,22,
1999-09-25,16,Write This Down,George Strait,14,29,
1999-09-25,17,Lonely And Gone,Montgomery Gentry,18,17,Gains In Performance
1999-09-25,18,I'll Go Crazy,Andy Griggs,19,11,Gains In Performance
1999-09-25,19,Make Up In Love,Doug Stone,22,23,Gains In Performance
1999-09-25,20,Home To You,John Michael Montgomery,21,11,Gains In Performance
1999-09-25,21,Missing You,Brooks & Dunn,23,8,Gains In Performance
1999-09-25,22,Little Good-byes,SHeDAISY,17,31,
1999-09-25,23,Lightning Does The Work,Chad Brock,26,19,Gains In Performance
1999-09-25,24,It Don't Matter To The Sun,Garth Brooks as Chris Gaines,27,5,Gains In Performance
1999-09-25,25,A Night To Remember,Joe Diffie,20,29,
1999-09-25,26,You Go First (Do You Wanna Kiss),Jessica Andrews,25,12,Gains In Performance
1999-09-25,27,When I Said I Do,Clint Black,30,4,Greatest gainer this week|Gains In Performance
1999-09-25,28,All Things Considered,Yankee Grey,28,14,Gains In Performance
1999-09-25,29,Never Been Kissed,Sherrie Austin,29,19,Gains In Performance
1999-09-25,30,A Man Ain't Made Of Stone,Randy Travis,32,7,Gains In Performance
1999-09-25,31,You've Got A Way,Shania Twain,24,15,
1999-09-25,32,Ordinary Love,Shane Minor,31,10,Gains In Performance
1999-09-25,33,Come On Over,Shania Twain,37,4,Gains In Performance
1999-09-25,34,Big Deal,LeAnn Rimes,35,4,Gains In Performance
1999-09-25,35,Are Your Eyes Still Blue,Shane McAnally,33,11,Gains In Performance
1999-09-25,36,He Didn't Have To Be,Brad Paisley,38,4,Gains In Performance
1999-09-25,37,"Live, Laugh, Love",Clay Walker,36,8,Gains In Performance
1999-09-25,38,Smoke Rings In The Dark,Gary Allan,40,7,Gains In Performance
1999-09-25,39,Sure Feels Real Good,Michael Peterson,41,14,Gains In Performance
1999-09-25,40,Steam,Ty Herndon,39,6,Gains In Performance
1999-09-25,41,A Matter Of Time,Jason Sellers,43,12,Gains In Performance
1999-09-25,42,When You Love Someone,Sammy Kershaw,44,7,Gains In Performance
1999-09-25,43,You're Still Beautiful To Me,Bryan White,42,15,
1999-09-25,44,Love Trip,Jerry Kilgore,47,8,Gains In Performance
1999-09-25,45,What Do You Say,Reba,56,2,Gains In Performance
1999-09-25,46,Crush,Lila McCann,46,9,Gains In Performance
1999-09-25,47,It's A Love Thing,Keith Urban,48,5,Gains In Performance
1999-09-25,48,The Quittin' Kind,Joe Diffie,52,4,Gains In Performance
1999-09-25,49,Start Over Georgia,Collin Raye,45,11,
1999-09-25,50,The Yodelin' Blues,The Wilkinsons,49,12,
1999-09-25,51,Goodbye Earl,Dixie Chicks,50,3,
1999-09-25,52,After A Kiss,Pam Tillis,51,5,Gains In Performance
1999-09-25,53,Power Windows,John Berry,55,4,Gains In Performance
1999-09-25,54,Thinking About Leaving,Dwight Yoakam,62,4,Gains In Performance
1999-09-25,55,On My Way To You,Sonya Isaacs,54,6,Gains In Performance
1999-09-25,56,Don't Lie,Trace Adkins,69,2,Gains In Performance
1999-09-25,57,Put Your Hand In Mine,Tracy Byrd,NEW,1,Highest ranking debut|Gains In Performance
1999-09-25,58,All I Want Is Everything,Mindy McCready,59,6,Gains In Performance
1999-09-25,59,This Woman Needs,SHeDAISY,64,4,Gains In Performance
1999-09-25,60,My Kind Of Woman/My Kind Of Man,Vince Gill With Patty Loveless,65,18,Gains In Performance
1999-10-02,1,Something Like That,Tim McGraw,1,15,Gains In Performance
1999-10-02,2,Ready To Run,Dixie Chicks,6,13,Gains In Performance
1999-10-02,3,You Had Me From Hello,Kenny Chesney,2,25,
1999-10-02,4,I Love You,Martina McBride,7,10,Gains In Performance
1999-10-02,5,Little Man,Alan Jackson,3,19,
1999-10-02,6,Amazed,Lonestar,4,26,
1999-10-02,7,The Secret Of Life,Faith Hill,5,22,
1999-10-02,8,Lesson In Leavin',Jo Dee Messina,8,23,
1999-10-02,9,What Do You Say To That,George Strait,11,12,Gains In Performance
1999-10-02,10,I'll Still Love You More,Trisha Yearwood,10,22,Gains In Performance
1999-10-02,11,Single White Female,Chely Wright,9,30,
1999-10-02,12,(Now You See Me) Now You Don't,Lee Ann Womack,12,18,Gains In Performance
1999-10-02,13,I'm Already Taken,Steve Wariner,14,14,Gains In Performance
1999-10-02,14,She's In Love,Mark Wills,13,16,
1999-10-02,15,Lonely And Gone,Montgomery Gentry,17,18,Gains In Performance
1999-10-02,16,Home To You,John Michael Montgomery,20,12,Gains In Performance
1999-10-02,17,Write This Down,George Strait,16,30,
1999-10-02,18,I'll Go Crazy,Andy Griggs,18,12,Gains In Performance
1999-10-02,19,Missing You,Brooks & Dunn,21,9,Gains In Performance
1999-10-02,20,Make Up In Love,Doug Stone,19,24,
1999-10-02,21,When I Said I Do,Clint Black,27,5,Gains In Performance
1999-10-02,22,God Must Have Spent A Little More Time On You,Alabama Featuring 'N Sync,15,23,
1999-10-02,23,Lightning Does The Work,Chad Brock,23,20,Gains In Performance
1999-10-02,24,It Don't Matter To The Sun,Garth Brooks as Chris Gaines,24,6,Gains In Performance
1999-10-02,25,Little Good-byes,SHeDAISY,22,32,
1999-10-02,26,All Things Considered,Yankee Grey,28,15,Gains In Performance
1999-10-02,27,You Go First (Do You Wanna Kiss),Jessica Andrews,26,13,
1999-10-02,28,Come On Over,Shania Twain,33,5,Greatest gainer this week|Gains In Performance
1999-10-02,29,A Man Ain't Made Of Stone,Randy Travis,30,8,Gains In Performance
1999-10-02,30,Never Been Kissed,Sherrie Austin,29,20,Gains In Performance
1999-10-02,31,He Didn't Have To Be,Brad Paisley,36,5,Gains In Performance
1999-10-02,32,Ordinary Love,Shane Minor,32,11,Gains In Performance
1999-10-02,33,Big Deal,LeAnn Rimes,34,5,Gains In Performance
1999-10-02,34,"Live, Laugh, Love",Clay Walker,37,9,Gains In Performance
1999-10-02,35,Steam,Ty Herndon,40,7,Gains In Performance
1999-10-02,36,Are Your Eyes Still Blue,Shane McAnally,35,12,Gains In Performance
1999-10-02,37,You've Got A Way,Shania Twain,31,16,
1999-10-02,38,Smoke Rings In The Dark,Gary Allan,38,8,Gains In Performance
1999-10-02,39,What Do You Say,Reba,45,3,Gains In Performance
1999-10-02,40,When You Love Someone,Sammy Kershaw,42,8,Gains In Performance
1999-10-02,41,A Matter Of Time,Jason Sellers,41,13,Gains In Performance
1999-10-02,42,Love Trip,Jerry Kilgore,44,9,Gains In Performance
1999-10-02,43,Crush,Lila McCann,46,10,Gains In Performance
1999-10-02,44,It's A Love Thing,Keith Urban,47,6,Gains In Performance
1999-10-02,45,Sure Feels Real Good,Michael Peterson,39,15,
1999-10-02,46,The Quittin' Kind,Joe Diffie,48,5,Gains In Performance
1999-10-02,47,Put Your Hand In Mine,Tracy Byrd,57,2,Gains In Performance
1999-10-02,48,Don't Lie,Trace Adkins,56,3,Gains In Performance
1999-10-02,49,Power Windows,John Berry,53,5,Gains In Performance
1999-10-02,50,You're Still Beautiful To Me,Bryan White,43,16,
1999-10-02,51,After A Kiss,Pam Tillis,52,6,Gains In Performance
1999-10-02,52,The Yodelin' Blues,The Wilkinsons,50,13,
1999-10-02,53,She Thinks My Tractor's Sexy,Kenny Chesney,67,5,Gains In Performance
1999-10-02,54,This Woman Needs,SHeDAISY,59,5,Gains In Performance
1999-10-02,55,Goodbye Earl,Dixie Chicks,51,4,
1999-10-02,56,Thinking About Leaving,Dwight Yoakam,54,5,
1999-10-02,57,All I Want Is Everything,Mindy McCready,58,7,Gains In Performance
1999-10-02,58,On My Way To You,Sonya Isaacs,55,7,
1999-10-02,59,That's The Way Love Goes,Merle Haggard With Jewel,64,3,Gains In Performance
1999-10-02,60,When Love Fades,Toby Keith,NEW,1,Highest ranking debut|Gains In Performance
1999-10-09,1,Something Like That,Tim McGraw,1,16,Gains In Performance
1999-10-09,2,I Love You,Martina McBride,4,11,Gains In Performance
1999-10-09,3,Ready To Run,Dixie Chicks,2,14,Gains In Performance
1999-10-09,4,You Had Me From Hello,Kenny Chesney,3,26,
1999-10-09,5,Little Man,Alan Jackson,5,20,
1999-10-09,6,Amazed,Lonestar,6,27,
1999-10-09,7,What Do You Say To That,George Strait,9,13,Gains In Performance
1999-10-09,8,Lesson In Leavin',Jo Dee Messina,8,24,
1999-10-09,9,I'm Already Taken,Steve Wariner,13,15,Gains In Performance
1999-10-09,10,I'll Still Love You More,Trisha Yearwood,10,23,Gains In Performance
1999-10-09,11,The Secret Of Life,Faith Hill,7,23,
1999-10-09,12,She's In Love,Mark Wills,14,17,Gains In Performance
1999-10-09,13,Lonely And Gone,Montgomery Gentry,15,19,Gains In Performance
1999-10-09,14,Home To You,John Michael Montgomery,16,13,Gains In Performance
1999-10-09,15,(Now You See Me) Now You Don't,Lee Ann Womack,12,19,
1999-10-09,16,I'll Go Crazy,Andy Griggs,18,13,Gains In Performance
1999-10-09,17,Missing You,Brooks & Dunn,19,10,Gains In Performance
1999-10-09,18,When I Said I Do,Clint Black,21,6,Gains In Performance
1999-10-09,19,Write This Down,George Strait,17,31,
1999-10-09,20,Make Up In Love,Doug Stone,20,25,
1999-10-09,21,Single White Female,Chely Wright,11,31,
1999-10-09,22,Lightning Does The Work,Chad Brock,23,21,Gains In Performance
1999-10-09,23,All Things Considered,Yankee Grey,26,16,Gains In Performance
1999-10-09,24,It Don't Matter To The Sun,Garth Brooks as Chris Gaines,24,7,
1999-10-09,25,Come On Over,Shania Twain,28,6,Greatest gainer this week|Gains In Performance
1999-10-09,26,He Didn't Have To Be,Brad Paisley,31,6,Gains In Performance
1999-10-09,27,You Go First (Do You Wanna Kiss),Jessica Andrews,27,14,
1999-10-09,28,A Man Ain't Made Of Stone,Randy Travis,29,9,Gains In Performance
1999-10-09,29,Big Deal,LeAnn Rimes,33,6,Gains In Performance
1999-10-09,30,Ordinary Love,Shane Minor,32,12,Gains In Performance
1999-10-09,31,What Do You Say,Reba,39,4,Gains In Performance
1999-10-09,32,"Live, Laugh, Love",Clay Walker,34,10,Gains In Performance
1999-10-09,33,Steam,Ty Herndon,35,8,Gains In Performance
1999-10-09,34,Are Your Eyes Still Blue,Shane McAnally,36,13,Gains In Performance
1999-10-09,35,Smoke Rings In The Dark,Gary Allan,38,9,
1999-10-09,36,A Matter Of Time,Jason Sellers,41,14,Gains In Performance
1999-10-09,37,You've Got A Way,Shania Twain,37,17,
1999-10-09,38,When You Love Someone,Sammy Kershaw,40,9,
1999-10-09,39,It's A Love Thing,Keith Urban,44,7,Gains In Performance
1999-10-09,40,Love Trip,Jerry Kilgore,42,10,Gains In Performance
1999-10-09,41,Put Your Hand In Mine,Tracy Byrd,47,3,Gains In Performance
1999-10-09,42,Don't Lie,Trace Adkins,48,4,Gains In Performance
1999-10-09,43,Crush,Lila McCann,43,11,
1999-10-09,44,The Quittin' Kind,Joe Diffie,46,6,Gains In Performance
1999-10-09,45,Sure Feels Real Good,Michael Peterson,45,16,
1999-10-09,46,Power Windows,John Berry,49,6,Gains In Performance
1999-10-09,47,Breathe,Faith Hill,NEW,1,Highest ranking debut|Gains In Performance
1999-10-09,48,She Thinks My Tractor's Sexy,Kenny Chesney,53,6,Gains In Performance
1999-10-09,49,Pop A Top,Alan Jackson,NEW,1,Gains In Performance
1999-10-09,50,After A Kiss,Pam Tillis,51,7,
1999-10-09,51,You're Still Beautiful To Me,Bryan White,50,17,
1999-10-09,52,This Woman Needs,SHeDAISY,54,6,Gains In Performance
1999-10-09,53,When Love Fades,Toby Keith,60,2,Gains In Performance
1999-10-09,54,Goodbye Earl,Dixie Chicks,55,5,
1999-10-09,55,I'm Diggin' It,Alecia Elliott,75,2,Gains In Performance
1999-10-09,56,That's The Way Love Goes,Merle Haggard With Jewel,59,4,Gains In Performance
1999-10-09,57,Thinking About Leaving,Dwight Yoakam,56,6,
1999-10-09,58,All I Want Is Everything,Mindy McCready,57,8,
1999-10-09,59,Smile,Lonestar,61,4,Gains In Performance
1999-10-09,60,You Can't Hurry Love,Dixie Chicks,63,9,Gains In Performance
1999-10-16,1,Something Like That,Tim McGraw,1,17,
1999-10-16,2,I Love You,Martina McBride,2,12,Gains In Performance
1999-10-16,3,Ready To Run,Dixie Chicks,3,15,Gains In Performance
1999-10-16,4,I'm Already Taken,Steve Wariner,9,16,Gains In Performance
1999-10-16,5,What Do You Say To That,George Strait,7,14,Gains In Performance
1999-10-16,6,You Had Me From Hello,Kenny Chesney,4,27,
1999-10-16,7,Amazed,Lonestar,6,28,
1999-10-16,8,Little Man,Alan Jackson,5,21,
1999-10-16,9,Lonely And Gone,Montgomery Gentry,13,20,Gains In Performance
1999-10-16,10,Lesson In Leavin',Jo Dee Messina,8,25,
1999-10-16,11,I'll Still Love You More,Trisha Yearwood,10,24,
1999-10-16,12,Home To You,John Michael Montgomery,14,14,Gains In Performance
1999-10-16,13,She's In Love,Mark Wills,12,18,Gains In Performance
1999-10-16,14,I'll Go Crazy,Andy Griggs,16,14,Gains In Performance
1999-10-16,15,When I Said I Do,Clint Black,18,7,Gains In Performance
1999-10-16,16,Missing You,Brooks & Dunn,17,11,Gains In Performance
1999-10-16,17,The Secret Of Life,Faith Hill,11,24,
1999-10-16,18,Come On Over,Shania Twain,25,7,Gains In Performance
1999-10-16,19,Lightning Does The Work,Chad Brock,22,22,Gains In Performance
1999-10-16,20,He Didn't Have To Be,Brad Paisley,26,7,Gains In Performance
1999-10-16,21,Write This Down,George Strait,19,32,
1999-10-16,22,All Things Considered,Yankee Grey,23,17,Gains In Performance
1999-10-16,23,(Now You See Me) Now You Don't,Lee Ann Womack,15,20,
1999-10-16,24,Make Up In Love,Doug Stone,20,26,
1999-10-16,25,It Don't Matter To The Sun,Garth Brooks as Chris Gaines,24,8,Gains In Performance
1999-10-16,26,A Man Ain't Made Of Stone,Randy Travis,28,10,Gains In Performance
1999-10-16,27,Ordinary Love,Shane Minor,30,13,Gains In Performance
1999-10-16,28,Big Deal,LeAnn Rimes,29,7,Gains In Performance
1999-10-16,29,What Do You Say,Reba,31,5,Gains In Performance
1999-10-16,30,Steam,Ty Herndon,33,9,Gains In Performance
1999-10-16,31,"Live, Laugh, Love",Clay Walker,32,11,Gains In Performance
1999-10-16,32,Are Your Eyes Still Blue,Shane McAnally,34,14,Gains In Performance
1999-10-16,33,You Go First (Do You Wanna Kiss),Jessica Andrews,27,15,
1999-10-16,34,Smoke Rings In The Dark,Gary Allan,35,10,Gains In Performance
1999-10-16,35,Breathe,Faith Hill,47,2,Gains In Performance
1999-10-16,36,A Matter Of Time,Jason Sellers,36,15,Gains In Performance
1999-10-16,37,When You Love Someone,Sammy Kershaw,38,10,Gains In Performance
1999-10-16,38,Put Your Hand In Mine,Tracy Byrd,41,4,Gains In Performance
1999-10-16,39,Pop A Top,Alan Jackson,49,2,Gains In Performance
1999-10-16,40,She Thinks My Tractor's Sexy,Kenny Chesney,48,7,Gains In Performance
1999-10-16,41,Love Trip,Jerry Kilgore,40,11,Gains In Performance
1999-10-16,42,It's A Love Thing,Keith Urban,39,8,Gains In Performance
1999-10-16,43,The Quittin' Kind,Joe Diffie,44,7,Gains In Performance
1999-10-16,44,Don't Lie,Trace Adkins,42,5,Gains In Performance
1999-10-16,45,You've Got A Way,Shania Twain,37,18,
1999-10-16,46,Crush,Lila McCann,43,12,Gains In Performance
1999-10-16,47,This Woman Needs,SHeDAISY,52,7,Gains In Performance
1999-10-16,48,Power Windows,John Berry,46,7,Gains In Performance
1999-10-16,49,When Love Fades,Toby Keith,53,3,Gains In Performance
1999-10-16,50,Sure Feels Real Good,Michael Peterson,45,17,
1999-10-16,51,After A Kiss,Pam Tillis,50,8,
1999-10-16,52,Smile,Lonestar,59,5,Gains In Performance
1999-10-16,53,Goodbye Earl,Dixie Chicks,54,6,Gains In Performance
1999-10-16,54,It Was,Chely Wright,69,2,Gains In Performance
1999-10-16,55,It's A Beautiful Thing,Paul Brandt,62,4,Gains In Performance
1999-10-16,56,You're Still Beautiful To Me,Bryan White,51,18,
1999-10-16,57,Thinking About Leaving,Dwight Yoakam,57,7,
1999-10-16,58,That's The Way Love Goes,Merle Haggard With Jewel,56,5,
1999-10-16,59,Don't Make Me Beg,Steve Holy,NEW,1,Highest ranking debut|Gains In Performance
1999-10-16,60,Wherever You Are,Mary Chapin Carpenter,68,2,Gains In Performance
1999-10-23,1,Something Like That,Tim McGraw,1,18,Gains In Performance
1999-10-23,2,I Love You,Martina McBride,2,13,Gains In Performance
1999-10-23,3,Ready To Run,Dixie Chicks,3,16,
1999-10-23,4,I'm Already Taken,Steve Wariner,4,17,Gains In Performance
1999-10-23,5,What Do You Say To That,George Strait,5,15,Gains In Performance
1999-10-23,6,Lonely And Gone,Montgomery Gentry,9,21,Gains In Performance
1999-10-23,7,She's In Love,Mark Wills,13,19,Gains In Performance
1999-10-23,8,Home To You,John Michael Montgomery,12,15,Gains In Performance
1999-10-23,9,Amazed,Lonestar,7,29,
1999-10-23,10,Lesson In Leavin',Jo Dee Messina,10,26,
1999-10-23,11,I'll Go Crazy,Andy Griggs,14,15,Gains In Performance
1999-10-23,12,When I Said I Do,Clint Black,15,8,Gains In Performance
1999-10-23,13,You Had Me From Hello,Kenny Chesney,6,28,
1999-10-23,14,Little Man,Alan Jackson,8,22,
1999-10-23,15,Missing You,Brooks & Dunn,16,12,Gains In Performance
1999-10-23,16,I'll Still Love You More,Trisha Yearwood,11,25,
1999-10-23,17,Come On Over,Shania Twain,18,8,Gains In Performance
1999-10-23,18,He Didn't Have To Be,Brad Paisley,20,8,Gains In Performance
1999-10-23,19,All Things Considered,Yankee Grey,22,18,Gains In Performance
1999-10-23,20,Lightning Does The Work,Chad Brock,19,23,Gains In Performance
1999-10-23,21,Write This Down,George Strait,21,33,
1999-10-23,22,A Man Ain't Made Of Stone,Randy Travis,26,11,Gains In Performance
1999-10-23,23,What Do You Say,Reba,29,6,Gains In Performance
1999-10-23,24,Big Deal,LeAnn Rimes,28,8,Gains In Performance
1999-10-23,25,Ordinary Love,Shane Minor,27,14,Gains In Performance
1999-10-23,26,It Don't Matter To The Sun,Garth Brooks as Chris Gaines,25,9,
1999-10-23,27,Breathe,Faith Hill,35,3,Greatest gainer this week|Gains In Performance
1999-10-23,28,Steam,Ty Herndon,30,10,Gains In Performance
1999-10-23,29,"Live, Laugh, Love",Clay Walker,31,12,Gains In Performance
1999-10-23,30,Pop A Top,Alan Jackson,39,3,Gains In Performance
1999-10-23,31,Are Your Eyes Still Blue,Shane McAnally,32,15,Gains In Performance
1999-10-23,32,Smoke Rings In The Dark,Gary Allan,34,11,Gains In Performance
1999-10-23,33,She Thinks My Tractor's Sexy,Kenny Chesney,40,8,Gains In Performance
1999-10-23,34,Put Your Hand In Mine,Tracy Byrd,38,5,Gains In Performance
1999-10-23,35,A Matter Of Time,Jason Sellers,36,16,Gains In Performance
1999-10-23,36,It's A Love Thing,Keith Urban,42,9,Gains In Performance
1999-10-23,37,When You Love Someone,Sammy Kershaw,37,11,Gains In Performance
1999-10-23,38,Love Trip,Jerry Kilgore,41,12,Gains In Performance
1999-10-23,39,The Quittin' Kind,Joe Diffie,43,8,Gains In Performance
1999-10-23,40,Don't Lie,Trace Adkins,44,6,Gains In Performance
1999-10-23,41,Crush,Lila McCann,46,13,Gains In Performance
1999-10-23,42,You've Got A Way,Shania Twain,45,19,
1999-10-23,43,You Go First (Do You Wanna Kiss),Jessica Andrews,33,16,
1999-10-23,44,This Woman Needs,SHeDAISY,47,8,Gains In Performance
1999-10-23,45,Power Windows,John Berry,48,8,Gains In Performance
1999-10-23,46,Smile,Lonestar,52,6,Gains In Performance
1999-10-23,47,When Love Fades,Toby Keith,49,4,Gains In Performance
1999-10-23,48,It Was,Chely Wright,54,3,Gains In Performance
1999-10-23,49,Small Stuff,Alabama,63,2,Gains In Performance
1999-10-23,50,It's A Beautiful Thing,Paul Brandt,55,5,Gains In Performance
1999-10-23,51,Because You Love Me,Jo Dee Messina,NEW,1,Highest ranking debut|Gains In Performance
1999-10-23,52,Sure Feels Real Good,Michael Peterson,50,18,
1999-10-23,53,My Best Friend,Tim McGraw,61,5,Gains In Performance
1999-10-23,54,Don't Make Me Beg,Steve Holy,59,2,Gains In Performance
1999-10-23,55,Wherever You Are,Mary Chapin Carpenter,60,3,Gains In Performance
1999-10-23,56,That's The Way Love Goes,Merle Haggard With Jewel,58,6,Gains In Performance
1999-10-23,57,Goodbye Earl,Dixie Chicks,53,7,
1999-10-23,58,You're Still Beautiful To Me,Bryan White,56,19,
1999-10-23,59,Here Comes My Baby,The Mavericks,65,2,Gains In Performance
1999-10-23,60,After A Kiss,Pam Tillis,51,9,
1999-10-30,1,I Love You,Martina McBride,2,14,Gains In Performance
1999-10-30,2,Something Like That,Tim McGraw,1,19,
1999-10-30,3,I'm Already Taken,Steve Wariner,4,18,Gains In Performance
1999-10-30,4,Ready To Run,Dixie Chicks,3,17,
1999-10-30,5,What Do You Say To That,George Strait,5,16,Gains In Performance
1999-10-30,6,Lonely And Gone,Montgomery Gentry,6,22,Gains In Performance
1999-10-30,7,She's In Love,Mark Wills,7,20,
1999-10-30,8,Home To You,John Michael Montgomery,8,16,Gains In Performance
1999-10-30,9,When I Said I Do,Clint Black,12,9,Gains In Performance
1999-10-30,10,Amazed,Lonestar,9,30,
1999-10-30,11,I'll Go Crazy,Andy Griggs,11,16,Gains In Performance
1999-10-30,12,Come On Over,Shania Twain,17,9,Gains In Performance
1999-10-30,13,Lesson In Leavin',Jo Dee Messina,10,27,
1999-10-30,14,He Didn't Have To Be,Brad Paisley,18,9,Gains In Performance
1999-10-30,15,You Had Me From Hello,Kenny Chesney,13,29,
1999-10-30,16,Missing You,Brooks & Dunn,15,13,
1999-10-30,17,All Things Considered,Yankee Grey,19,19,Gains In Performance
1999-10-30,18,Little Man,Alan Jackson,14,23,
1999-10-30,19,Lightning Does The Work,Chad Brock,20,24,Gains In Performance
1999-10-30,20,What Do You Say,Reba,23,7,Gains In Performance
1999-10-30,21,Write This Down,George Strait,21,34,Gains In Performance
1999-10-30,22,Breathe,Faith Hill,27,4,Greatest gainer this week|Gains In Performance
1999-10-30,23,A Man Ain't Made Of Stone,Randy Travis,22,12,Gains In Performance
1999-10-30,24,Big Deal,LeAnn Rimes,24,9,Gains In Performance
1999-10-30,25,Ordinary Love,Shane Minor,25,15,Gains In Performance
1999-10-30,26,Pop A Top,Alan Jackson,30,4,Gains In Performance
1999-10-30,27,Steam,Ty Herndon,28,11,Gains In Performance
1999-10-30,28,"Live, Laugh, Love",Clay Walker,29,13,Gains In Performance
1999-10-30,29,She Thinks My Tractor's Sexy,Kenny Chesney,33,9,Gains In Performance
1999-10-30,30,It Don't Matter To The Sun,Garth Brooks as Chris Gaines,26,10,
1999-10-30,31,Are Your Eyes Still Blue,Shane McAnally,31,16,Gains In Performance
1999-10-30,32,Put Your Hand In Mine,Tracy Byrd,34,6,Gains In Performance
1999-10-30,33,Smoke Rings In The Dark,Gary Allan,32,12,Gains In Performance
1999-10-30,34,A Matter Of Time,Jason Sellers,35,17,
1999-10-30,35,The Quittin' Kind,Joe Diffie,39,9,Gains In Performance
1999-10-30,36,It's A Love Thing,Keith Urban,36,10,
1999-10-30,37,Don't Lie,Trace Adkins,40,7,Gains In Performance
1999-10-30,38,When You Love Someone,Sammy Kershaw,37,12,
1999-10-30,39,Love Trip,Jerry Kilgore,38,13,
1999-10-30,40,This Woman Needs,SHeDAISY,44,9,Gains In Performance
1999-10-30,41,Crush,Lila McCann,41,14,Gains In Performance
1999-10-30,42,Smile,Lonestar,46,7,Gains In Performance
1999-10-30,43,Power Windows,John Berry,45,9,Gains In Performance
1999-10-30,44,You've Got A Way,Shania Twain,42,20,
1999-10-30,45,When Love Fades,Toby Keith,47,5,Gains In Performance
1999-10-30,46,It Was,Chely Wright,48,4,Gains In Performance
1999-10-30,47,Because You Love Me,Jo Dee Messina,51,2,Gains In Performance
1999-10-30,48,Small Stuff,Alabama,49,3,Gains In Performance
1999-10-30,49,You Go First (Do You Wanna Kiss),Jessica Andrews,43,17,
1999-10-30,50,My Best Friend,Tim McGraw,53,6,Gains In Performance
1999-10-30,51,It's A Beautiful Thing,Paul Brandt,50,6,Gains In Performance
1999-10-30,52,Don't Make Me Beg,Steve Holy,54,3,Gains In Performance
1999-10-30,53,Here Comes My Baby,The Mavericks,59,3,Gains In Performance
1999-10-30,54,Cowboy Take Me Away,Dixie Chicks,62,8,Gains In Performance
1999-10-30,55,Wherever You Are,Mary Chapin Carpenter,55,4,Gains In Performance
1999-10-30,56,I'm Diggin' It,Alecia Elliott,61,5,Gains In Performance
1999-10-30,57,Sure Feels Real Good,Michael Peterson,52,19,
1999-10-30,58,Goodbye Earl,Dixie Chicks,57,8,
1999-10-30,59,What This Country Needs,Aaron Tippin,65,2,Gains In Performance
1999-10-30,60,Beer Thirty,Brooks & Dunn,66,3,Gains In Performance
1999-11-06,1,I Love You,Martina McBride,1,15,
1999-11-06,2,Something Like That,Tim McGraw,2,20,
1999-11-06,3,I'm Already Taken,Steve Wariner,3,19,Gains In Performance
1999-11-06,4,What Do You Say To That,George Strait,5,17,Gains In Performance
1999-11-06,5,Lonely And Gone,Montgomery Gentry,6,23,Gains In Performance
1999-11-06,6,Home To You,John Michael Montgomery,8,17,Gains In Performance
1999-11-06,7,When I Said I Do,Clint Black,9,10,Gains In Performance
1999-11-06,8,Ready To Run,Dixie Chicks,4,18,
1999-11-06,9,She's In Love,Mark Wills,7,21,
1999-11-06,10,He Didn't Have To Be,Brad Paisley,14,10,Gains In Performance
1999-11-06,11,I'll Go Crazy,Andy Griggs,11,17,Gains In Performance
1999-11-06,12,Come On Over,Shania Twain,12,10,Gains In Performance
1999-11-06,13,Amazed,Lonestar,10,31,
1999-11-06,14,Lesson In Leavin',Jo Dee Messina,13,28,
1999-11-06,15,Breathe,Faith Hill,22,5,Gains In Performance
1999-11-06,16,All Things Considered,Yankee Grey,17,20,Gains In Performance
1999-11-06,17,You Had Me From Hello,Kenny Chesney,15,30,
1999-11-06,18,What Do You Say,Reba,20,8,Gains In Performance
1999-11-06,19,Lightning Does The Work,Chad Brock,19,25,Gains In Performance
1999-11-06,20,A Man Ain't Made Of Stone,Randy Travis,23,13,Gains In Performance
1999-11-06,21,Pop A Top,Alan Jackson,26,5,Gains In Performance
1999-11-06,22,Big Deal,LeAnn Rimes,24,10,Gains In Performance
1999-11-06,23,Write This Down,George Strait,21,35,
1999-11-06,24,Ordinary Love,Shane Minor,25,16,Gains In Performance
1999-11-06,25,She Thinks My Tractor's Sexy,Kenny Chesney,29,10,Gains In Performance
1999-11-06,26,Steam,Ty Herndon,27,12,Gains In Performance
1999-11-06,27,"Live, Laugh, Love",Clay Walker,28,14,Gains In Performance
1999-11-06,28,Missing You,Brooks & Dunn,16,14,
1999-11-06,29,Put Your Hand In Mine,Tracy Byrd,32,7,Gains In Performance
1999-11-06,30,Smoke Rings In The Dark,Gary Allan,33,13,Gains In Performance
1999-11-06,31,Are Your Eyes Still Blue,Shane McAnally,31,17,
1999-11-06,32,The Quittin' Kind,Joe Diffie,35,10,Gains In Performance
1999-11-06,33,A Matter Of Time,Jason Sellers,34,18,Gains In Performance
1999-11-06,34,Don't Lie,Trace Adkins,37,8,Gains In Performance
1999-11-06,35,It's A Love Thing,Keith Urban,36,11,Gains In Performance
1999-11-06,36,Love Trip,Jerry Kilgore,39,14,Gains In Performance
1999-11-06,37,Smile,Lonestar,42,8,Gains In Performance
1999-11-06,38,This Woman Needs,SHeDAISY,40,10,Gains In Performance
1999-11-06,39,It Don't Matter To The Sun,Garth Brooks as Chris Gaines,30,11,
1999-11-06,40,My Best Friend,Tim McGraw,50,7,Gains In Performance
1999-11-06,41,Crush,Lila McCann,41,15,
1999-11-06,42,Because You Love Me,Jo Dee Messina,47,3,Gains In Performance
1999-11-06,43,When You Love Someone,Sammy Kershaw,38,13,
1999-11-06,44,Small Stuff,Alabama,48,4,Gains In Performance
1999-11-06,45,When Love Fades,Toby Keith,45,6,Gains In Performance
1999-11-06,46,It Was,Chely Wright,46,5,Gains In Performance
1999-11-06,47,Power Windows,John Berry,43,10,Gains In Performance
1999-11-06,48,Cowboy Take Me Away,Dixie Chicks,54,9,Gains In Performance
1999-11-06,49,Beer Thirty,Brooks & Dunn,60,4,Gains In Performance
1999-11-06,50,It's A Beautiful Thing,Paul Brandt,51,7,Gains In Performance
1999-11-06,51,Don't Make Me Beg,Steve Holy,52,4,Gains In Performance
1999-11-06,52,Here Comes My Baby,The Mavericks,53,4,Gains In Performance
1999-11-06,53,What This Country Needs,Aaron Tippin,59,3,Gains In Performance
1999-11-06,54,Buy Me A Rose,Kenny Rogers With Alison Krauss & Billy Dean,62,2,Gains In Performance
1999-11-06,55,Back At One,Mark Wills,NEW,1,Highest ranking debut|Gains In Performance
1999-11-06,56,You Go First (Do You Wanna Kiss),Jessica Andrews,49,18,
1999-11-06,57,I'm Diggin' It,Alecia Elliott,56,6,Gains In Performance
1999-11-06,58,Don't Tell Me,Lee Ann Womack,68,3,Gains In Performance
1999-11-06,59,Carlene,Phil Vassar,74,2,Gains In Performance
1999-11-06,60,Goodbye Earl,Dixie Chicks,58,9,Gains In Performance
1999-11-13,1,I Love You,Martina McBride,1,16,
1999-11-13,2,Something Like That,Tim McGraw,2,21,
1999-11-13,3,I'm Already Taken,Steve Wariner,3,20,Gains In Performance
1999-11-13,4,What Do You Say To That,George Strait,4,18,Gains In Performance
1999-11-13,5,Lonely And Gone,Montgomery Gentry,5,24,Gains In Performance
1999-11-13,6,When I Said I Do,Clint Black,7,11,Gains In Performance
1999-11-13,7,Home To You,John Michael Montgomery,6,18,Gains In Performance
1999-11-13,8,He Didn't Have To Be,Brad Paisley,10,11,Gains In Performance
1999-11-13,9,Come On Over,Shania Twain,12,11,Gains In Performance
1999-11-13,10,I'll Go Crazy,Andy Griggs,11,18,Gains In Performance
1999-11-13,11,Breathe,Faith Hill,15,6,Gains In Performance
1999-11-13,12,All Things Considered,Yankee Grey,16,21,Gains In Performance
1999-11-13,13,Amazed,Lonestar,13,32,
1999-11-13,14,What Do You Say,Reba,18,9,Gains In Performance
1999-11-13,15,Lesson In Leavin',Jo Dee Messina,14,29,
1999-11-13,16,Ready To Run,Dixie Chicks,8,19,
1999-11-13,17,Pop A Top,Alan Jackson,21,6,Gains In Performance
1999-11-13,18,She's In Love,Mark Wills,9,22,
1999-11-13,19,A Man Ain't Made Of Stone,Randy Travis,20,14,Gains In Performance
1999-11-13,20,Big Deal,LeAnn Rimes,22,11,Gains In Performance
1999-11-13,21,Lightning Does The Work,Chad Brock,19,26,
1999-11-13,22,You Had Me From Hello,Kenny Chesney,17,31,
1999-11-13,23,She Thinks My Tractor's Sexy,Kenny Chesney,25,11,Gains In Performance
1999-11-13,24,Write This Down,George Strait,23,36,Gains In Performance
1999-11-13,25,Steam,Ty Herndon,26,13,Gains In Performance
1999-11-13,26,Ordinary Love,Shane Minor,24,17,Gains In Performance
1999-11-13,27,"Live, Laugh, Love",Clay Walker,27,15,Gains In Performance
1999-11-13,28,Put Your Hand In Mine,Tracy Byrd,29,8,Gains In Performance
1999-11-13,29,Smoke Rings In The Dark,Gary Allan,30,14,Gains In Performance
1999-11-13,30,My Best Friend,Tim McGraw,40,8,Gains In Performance
1999-11-13,31,Smile,Lonestar,37,9,Gains In Performance
1999-11-13,32,The Quittin' Kind,Joe Diffie,32,11,Gains In Performance
1999-11-13,33,Cowboy Take Me Away,Dixie Chicks,48,10,Gains In Performance
1999-11-13,34,Don't Lie,Trace Adkins,34,9,Gains In Performance
1999-11-13,35,It's A Love Thing,Keith Urban,35,12,Gains In Performance
1999-11-13,36,A Matter Of Time,Jason Sellers,33,19,
1999-11-13,37,This Woman Needs,SHeDAISY,38,11,Gains In Performance
1999-11-13,38,Missing You,Brooks & Dunn,28,15,
1999-11-13,39,Love Trip,Jerry Kilgore,36,15,Gains In Performance
1999-11-13,40,Are Your Eyes Still Blue,Shane McAnally,31,18,
1999-11-13,41,Because You Love Me,Jo Dee Messina,42,4,Gains In Performance
1999-11-13,42,It Was,Chely Wright,46,6,Gains In Performance
1999-11-13,43,Small Stuff,Alabama,44,5,Gains In Performance
1999-11-13,44,When Love Fades,Toby Keith,45,7,Gains In Performance
1999-11-13,45,Beer Thirty,Brooks & Dunn,49,5,Gains In Performance
1999-11-13,46,Power Windows,John Berry,47,11,
1999-11-13,47,Don't Make Me Beg,Steve Holy,51,5,Gains In Performance
1999-11-13,48,Crush,Lila McCann,41,16,
1999-11-13,49,It's A Beautiful Thing,Paul Brandt,50,8,Gains In Performance
1999-11-13,50,It Don't Matter To The Sun,Garth Brooks as Chris Gaines,39,12,
1999-11-13,51,Here Comes My Baby,The Mavericks,52,5,Gains In Performance
1999-11-13,52,Back At One,Mark Wills,55,2,Gains In Performance
1999-11-13,53,When You Love Someone,Sammy Kershaw,43,14,
1999-11-13,54,God Gave Me You,Bryan White,61,4,Gains In Performance
1999-11-13,55,What This Country Needs,Aaron Tippin,53,4,
1999-11-13,56,Can't Nobody Love You (Like I Do),Wynonna,NEW,1,Highest ranking debut|Gains In Performance
1999-11-13,57,Little Bird,Sherrie Austin,62,2,Gains In Performance
1999-11-13,58,Buy Me A Rose,Kenny Rogers With Alison Krauss & Billy Dean,54,3,
1999-11-13,59,Wherever You Are,Mary Chapin Carpenter,63,6,Gains In Performance
1999-11-13,60,I'm Diggin' It,Alecia Elliott,57,7,Gains In Performance
1999-11-20,1,I Love You,Martina McBride,1,17,
1999-11-20,2,When I Said I Do,Clint Black,6,12,Gains In Performance
1999-11-20,3,Something Like That,Tim McGraw,2,22,
1999-11-20,4,What Do You Say To That,George Strait,4,19,
1999-11-20,5,I'm Already Taken,Steve Wariner,3,21,
1999-11-20,6,Home To You,John Michael Montgomery,7,19,Gains In Performance
1999-11-20,7,He Didn't Have To Be,Brad Paisley,8,12,Gains In Performance
1999-11-20,8,Lonely And Gone,Montgomery Gentry,5,25,
1999-11-20,9,Come On Over,Shania Twain,9,12,Gains In Performance
1999-11-20,10,Breathe,Faith Hill,11,7,Gains In Performance
1999-11-20,11,I'll Go Crazy,Andy Griggs,10,19,
1999-11-20,12,All Things Considered,Yankee Grey,12,22,Gains In Performance
1999-11-20,13,What Do You Say,Reba,14,10,Gains In Performance
1999-11-20,14,Pop A Top,Alan Jackson,17,7,Gains In Performance
1999-11-20,15,Amazed,Lonestar,13,33,
1999-11-20,16,Big Deal,LeAnn Rimes,20,12,Gains In Performance
1999-11-20,17,A Man Ain't Made Of Stone,Randy Travis,19,15,Gains In Performance
1999-11-20,18,Lesson In Leavin',Jo Dee Messina,15,30,
1999-11-20,19,She Thinks My Tractor's Sexy,Kenny Chesney,23,12,Gains In Performance
1999-11-20,20,Steam,Ty Herndon,25,14,Gains In Performance
1999-11-20,21,You Had Me From Hello,Kenny Chesney,22,32,
1999-11-20,22,"Live, Laugh, Love",Clay Walker,27,16,Gains In Performance
1999-11-20,23,Write This Down,George Strait,24,37,
1999-11-20,24,Ready To Run,Dixie Chicks,16,20,
1999-11-20,25,My Best Friend,Tim McGraw,30,9,Gains In Performance
1999-11-20,26,Cowboy Take Me Away,Dixie Chicks,33,11,Gains In Performance
1999-11-20,27,Put Your Hand In Mine,Tracy Byrd,28,9,Gains In Performance
1999-11-20,28,Ordinary Love,Shane Minor,26,18,
1999-11-20,29,Smoke Rings In The Dark,Gary Allan,29,15,Gains In Performance
1999-11-20,30,Smile,Lonestar,31,10,Gains In Performance
1999-11-20,31,The Quittin' Kind,Joe Diffie,32,12,Gains In Performance
1999-11-20,32,It's A Love Thing,Keith Urban,35,13,Gains In Performance
1999-11-20,33,Don't Lie,Trace Adkins,34,10,Gains In Performance
1999-11-20,34,This Woman Needs,SHeDAISY,37,12,Gains In Performance
1999-11-20,35,Beer Thirty,Brooks & Dunn,45,6,Gains In Performance
1999-11-20,36,A Matter Of Time,Jason Sellers,36,20,
1999-11-20,37,Because You Love Me,Jo Dee Messina,41,5,Gains In Performance
1999-11-20,38,Love Trip,Jerry Kilgore,39,16,
1999-11-20,39,Small Stuff,Alabama,43,6,Gains In Performance
1999-11-20,40,It Was,Chely Wright,42,7,Gains In Performance
1999-11-20,41,Back At One,Mark Wills,52,3,Gains In Performance
1999-11-20,42,Missing You,Brooks & Dunn,38,16,
1999-11-20,43,Don't Make Me Beg,Steve Holy,47,6,Gains In Performance
1999-11-20,44,When Love Fades,Toby Keith,44,8,
1999-11-20,45,Are Your Eyes Still Blue,Shane McAnally,40,19,
1999-11-20,46,It's A Beautiful Thing,Paul Brandt,49,9,Gains In Performance
1999-11-20,47,Power Windows,John Berry,46,12,
1999-11-20,48,Here Comes My Baby,The Mavericks,51,6,Gains In Performance
1999-11-20,49,God Gave Me You,Bryan White,54,5,Gains In Performance
1999-11-20,50,Lessons Learned,Tracy Lawrence,66,3,Gains In Performance
1999-11-20,51,Little Bird,Sherrie Austin,57,3,Gains In Performance
1999-11-20,52,What This Country Needs,Aaron Tippin,55,5,Gains In Performance
1999-11-20,53,Crush,Lila McCann,48,17,
1999-11-20,54,Buy Me A Rose,Kenny Rogers With Alison Krauss & Billy Dean,58,4,Gains In Performance
1999-11-20,55,Carlene,Phil Vassar,61,4,Gains In Performance
1999-11-20,56,The Cold Hard Truth,George Jones,73,3,Gains In Performance
1999-11-20,57,How Do You Like Me Now?!,Toby Keith,NEW,1,Highest ranking debut|Gains In Performance
1999-11-20,58,Can't Nobody Love You (Like I Do),Wynonna,56,2,
1999-11-20,59,I'm Diggin' It,Alecia Elliott,60,8,Gains In Performance
1999-11-20,60,Don't Tell Me,Lee Ann Womack,62,5,Gains In Performance
1999-11-27,1,I Love You,Martina McBride,1,18,
1999-11-27,2,When I Said I Do,Clint Black,2,13,Gains In Performance
1999-11-27,3,Home To You,John Michael Montgomery,6,20,Gains In Performance
1999-11-27,4,He Didn't Have To Be,Brad Paisley,7,13,Gains In Performance
1999-11-27,5,Breathe,Faith Hill,10,8,Gains In Performance
1999-11-27,6,What Do You Say To That,George Strait,4,20,
1999-11-27,7,Something Like That,Tim McGraw,3,23,
1999-11-27,8,Come On Over,Shania Twain,9,13,Gains In Performance
1999-11-27,9,Lonely And Gone,Montgomery Gentry,8,26,
1999-11-27,10,I'm Already Taken,Steve Wariner,5,22,
1999-11-27,11,All Things Considered,Yankee Grey,12,23,Gains In Performance
1999-11-27,12,I'll Go Crazy,Andy Griggs,11,20,
1999-11-27,13,What Do You Say,Reba,13,11,Gains In Performance
1999-11-27,14,Pop A Top,Alan Jackson,14,8,Gains In Performance
1999-11-27,15,Big Deal,LeAnn Rimes,16,13,Gains In Performance
1999-11-27,16,A Man Ain't Made Of Stone,Randy Travis,17,16,Gains In Performance
1999-11-27,17,Amazed,Lonestar,15,34,
1999-11-27,18,Cowboy Take Me Away,Dixie Chicks,26,12,Gains In Performance
1999-11-27,19,My Best Friend,Tim McGraw,25,10,Gains In Performance
1999-11-27,20,She Thinks My Tractor's Sexy,Kenny Chesney,19,13,Gains In Performance
1999-11-27,21,Lesson In Leavin',Jo Dee Messina,18,31,
1999-11-27,22,Steam,Ty Herndon,20,15,Gains In Performance
1999-11-27,23,"Live, Laugh, Love",Clay Walker,22,17,Gains In Performance
1999-11-27,24,Put Your Hand In Mine,Tracy Byrd,27,10,Gains In Performance
1999-11-27,25,Smile,Lonestar,30,11,Gains In Performance
1999-11-27,26,Smoke Rings In The Dark,Gary Allan,29,16,Gains In Performance
1999-11-27,27,The Quittin' Kind,Joe Diffie,31,13,Gains In Performance
1999-11-27,28,It's A Love Thing,Keith Urban,32,14,Gains In Performance
1999-11-27,29,Don't Lie,Trace Adkins,33,11,Gains In Performance
1999-11-27,30,Beer Thirty,Brooks & Dunn,35,7,Gains In Performance
1999-11-27,31,This Woman Needs,SHeDAISY,34,13,Gains In Performance
1999-11-27,32,Because You Love Me,Jo Dee Messina,37,6,Gains In Performance
1999-11-27,33,Ordinary Love,Shane Minor,28,19,
1999-11-27,34,Back At One,Mark Wills,41,4,Gains In Performance
1999-11-27,35,Small Stuff,Alabama,39,7,Gains In Performance
1999-11-27,36,It Was,Chely Wright,40,8,Gains In Performance
1999-11-27,37,Don't Make Me Beg,Steve Holy,43,7,Gains In Performance
1999-11-27,38,Love Trip,Jerry Kilgore,38,17,
1999-11-27,39,Lessons Learned,Tracy Lawrence,50,4,Gains In Performance
1999-11-27,40,How Do You Like Me Now?!,Toby Keith,57,2,Gains In Performance
1999-11-27,41,It's A Beautiful Thing,Paul Brandt,46,10,Gains In Performance
1999-11-27,42,Here Comes My Baby,The Mavericks,48,7,Gains In Performance
1999-11-27,43,Missing You,Brooks & Dunn,42,17,
1999-11-27,44,God Gave Me You,Bryan White,49,6,Gains In Performance
1999-11-27,45,Carlene,Phil Vassar,55,5,Gains In Performance
1999-11-27,46,A Country Boy Can Survive (Y2K Version),Chad Brock With Hank Williams Jr. & George Jones,69,2,Gains In Performance
1999-11-27,47,Can't Nobody Love You (Like I Do),Wynonna,58,3,Gains In Performance
1999-11-27,48,What This Country Needs,Aaron Tippin,52,6,Gains In Performance
1999-11-27,49,Are Your Eyes Still Blue,Shane McAnally,45,20,
1999-11-27,50,Buy Me A Rose,Kenny Rogers With Alison Krauss & Billy Dean,54,5,Gains In Performance
1999-11-27,51,Little Bird,Sherrie Austin,51,4,
1999-11-27,52,Let's Make Love,Faith Hill With Tim McGraw,65,2,Gains In Performance
1999-11-27,53,Power Windows,John Berry,47,13,
1999-11-27,54,Love's The Only House,Martina McBride,62,2,Gains In Performance
1999-11-27,55,The Cold Hard Truth,George Jones,56,4,Gains In Performance
1999-11-27,56,When Love Fades,Toby Keith,44,9,
1999-11-27,57,I'm Diggin' It,Alecia Elliott,59,9,Gains In Performance
1999-11-27,58,Don't Tell Me,Lee Ann Womack,60,6,Gains In Performance
1999-11-27,59,What I Need,Julie Reeves,NEW,1,Highest ranking debut|Gains In Performance
1999-11-27,60,Crush,Lila McCann,53,18,
1999-12-04,1,When I Said I Do,Clint Black,2,14,Gains In Performance
1999-12-04,2,Home To You,John Michael Montgomery,3,21,Gains In Performance
1999-12-04,3,I Love You,Martina McBride,1,19,
1999-12-04,4,He Didn't Have To Be,Brad Paisley,4,14,Gains In Performance
1999-12-04,5,Breathe,Faith Hill,5,9,Gains In Performance
1999-12-04,6,Come On Over,Shania Twain,8,14,
1999-12-04,7,Something Like That,Tim McGraw,7,24,
1999-12-04,8,All Things Considered,Yankee Grey,11,24,Gains In Performance
1999-12-04,9,What Do You Say To That,George Strait,6,21,
1999-12-04,10,What Do You Say,Reba,13,12,Gains In Performance
1999-12-04,11,Pop A Top,Alan Jackson,14,9,Gains In Performance
1999-12-04,12,Big Deal,LeAnn Rimes,15,14,Gains In Performance
1999-12-04,13,Cowboy Take Me Away,Dixie Chicks,18,13,Gains In Performance
1999-12-04,14,I'll Go Crazy,Andy Griggs,12,21,
1999-12-04,15,My Best Friend,Tim McGraw,19,11,Gains In Performance
1999-12-04,16,I'm Already Taken,Steve Wariner,10,23,
1999-12-04,17,She Thinks My Tractor's Sexy,Kenny Chesney,20,14,Gains In Performance
1999-12-04,18,A Man Ain't Made Of Stone,Randy Travis,16,17,
1999-12-04,19,Amazed,Lonestar,17,35,
1999-12-04,20,"Live, Laugh, Love",Clay Walker,23,18,Gains In Performance
1999-12-04,21,Lesson In Leavin',Jo Dee Messina,21,32,
1999-12-04,22,Smile,Lonestar,25,12,Gains In Performance
1999-12-04,23,Steam,Ty Herndon,22,16,Gains In Performance
1999-12-04,24,Put Your Hand In Mine,Tracy Byrd,24,11,Gains In Performance
1999-12-04,25,Smoke Rings In The Dark,Gary Allan,26,17,Gains In Performance
1999-12-04,26,The Quittin' Kind,Joe Diffie,27,14,Gains In Performance
1999-12-04,27,Beer Thirty,Brooks & Dunn,30,8,Greatest gainer this week|Gains In Performance
1999-12-04,28,It's A Love Thing,Keith Urban,28,15,Gains In Performance
1999-12-04,29,Don't Lie,Trace Adkins,29,12,Gains In Performance
1999-12-04,30,This Woman Needs,SHeDAISY,31,14,Gains In Performance
1999-12-04,31,Because You Love Me,Jo Dee Messina,32,7,Gains In Performance
1999-12-04,32,Back At One,Mark Wills,34,5,Gains In Performance
1999-12-04,33,Small Stuff,Alabama,35,8,Gains In Performance
1999-12-04,34,It Was,Chely Wright,36,9,Gains In Performance
1999-12-04,35,Lessons Learned,Tracy Lawrence,39,5,Gains In Performance
1999-12-04,36,Don't Make Me Beg,Steve Holy,37,8,Gains In Performance
1999-12-04,37,How Do You Like Me Now?!,Toby Keith,40,3,Gains In Performance
1999-12-04,38,A Country Boy Can Survive (Y2K Version),Chad Brock With Hank Williams Jr. & George Jones,46,3,Gains In Performance
1999-12-04,39,It's A Beautiful Thing,Paul Brandt,41,11,Gains In Performance
1999-12-04,40,Carlene,Phil Vassar,45,6,Gains In Performance
1999-12-04,41,Ordinary Love,Shane Minor,33,20,
1999-12-04,42,Here Comes My Baby,The Mavericks,42,8,Gains In Performance
1999-12-04,43,Love Trip,Jerry Kilgore,38,18,
1999-12-04,44,Love's The Only House,Martina McBride,54,3,Gains In Performance
1999-12-04,45,God Gave Me You,Bryan White,44,7,Gains In Performance
1999-12-04,46,Can't Nobody Love You (Like I Do),Wynonna,47,4,Gains In Performance
1999-12-04,47,Buy Me A Rose,Kenny Rogers With Alison Krauss & Billy Dean,50,6,Gains In Performance
1999-12-04,48,What This Country Needs,Aaron Tippin,48,7,Gains In Performance
1999-12-04,49,Little Bird,Sherrie Austin,51,5,Gains In Performance
1999-12-04,50,Daddy Won't Sell The Farm,Montgomery Gentry,61,3,Gains In Performance
1999-12-04,51,Missing You,Brooks & Dunn,43,18,
1999-12-04,52,The Cold Hard Truth,George Jones,55,5,Gains In Performance
1999-12-04,53,Power Windows,John Berry,53,14,
1999-12-04,54,I'm Diggin' It,Alecia Elliott,57,10,Gains In Performance
1999-12-04,55,Me And Maxine,Sammy Kershaw,73,2,Gains In Performance
1999-12-04,56,Don't Tell Me,Lee Ann Womack,58,7,
1999-12-04,57,Let's Make Love,Faith Hill With Tim McGraw,52,3,
1999-12-04,58,Bring It On,Keith Harling,64,5,Gains In Performance
1999-12-04,59,Take A Letter Maria,Doug Stone,66,3,Gains In Performance
1999-12-04,60,What I Need,Julie Reeves,59,2,
1999-12-11,1,He Didn't Have To Be,Brad Paisley,4,15,Gains In Performance
1999-12-11,2,When I Said I Do,Clint Black,1,15,Gains In Performance
1999-12-11,3,Breathe,Faith Hill,5,10,Gains In Performance
1999-12-11,4,Home To You,John Michael Montgomery,2,22,
1999-12-11,5,I Love You,Martina McBride,3,20,
1999-12-11,6,Come On Over,Shania Twain,6,15,
1999-12-11,7,What Do You Say,Reba,10,13,Gains In Performance
1999-12-11,8,All Things Considered,Yankee Grey,8,25,Gains In Performance
1999-12-11,9,Pop A Top,Alan Jackson,11,10,Gains In Performance
1999-12-11,10,Something Like That,Tim McGraw,7,25,
1999-12-11,11,Big Deal,LeAnn Rimes,12,15,Gains In Performance
1999-12-11,12,Cowboy Take Me Away,Dixie Chicks,13,14,Gains In Performance
1999-12-11,13,My Best Friend,Tim McGraw,15,12,Gains In Performance
1999-12-11,14,What Do You Say To That,George Strait,9,22,
1999-12-11,15,She Thinks My Tractor's Sexy,Kenny Chesney,17,15,Gains In Performance
1999-12-11,16,Smile,Lonestar,22,13,Gains In Performance
1999-12-11,17,"Live, Laugh, Love",Clay Walker,20,19,Gains In Performance
1999-12-11,18,Steam,Ty Herndon,23,17,Gains In Performance
1999-12-11,19,Amazed,Lonestar,19,36,
1999-12-11,20,Put Your Hand In Mine,Tracy Byrd,24,12,Gains In Performance
1999-12-11,21,I'm Already Taken,Steve Wariner,16,24,
1999-12-11,22,A Man Ain't Made Of Stone,Randy Travis,18,18,
1999-12-11,23,I'll Go Crazy,Andy Griggs,14,22,
1999-12-11,24,Smoke Rings In The Dark,Gary Allan,25,18,Gains In Performance
1999-12-11,25,Lesson In Leavin',Jo Dee Messina,21,33,
1999-12-11,26,The Quittin' Kind,Joe Diffie,26,15,Gains In Performance
1999-12-11,27,It's A Love Thing,Keith Urban,28,16,Gains In Performance
1999-12-11,28,Beer Thirty,Brooks & Dunn,27,9,Gains In Performance
1999-12-11,29,Back At One,Mark Wills,32,6,Greatest gainer this week|Gains In Performance
1999-12-11,30,Don't Lie,Trace Adkins,29,13,Gains In Performance
1999-12-11,31,Because You Love Me,Jo Dee Messina,31,8,Gains In Performance
1999-12-11,32,This Woman Needs,SHeDAISY,30,15,Gains In Performance
1999-12-11,33,Small Stuff,Alabama,33,9,Gains In Performance
1999-12-11,34,Lessons Learned,Tracy Lawrence,35,6,Gains In Performance
1999-12-11,35,It Was,Chely Wright,34,10,Gains In Performance
1999-12-11,36,Don't Make Me Beg,Steve Holy,36,9,Gains In Performance
1999-12-11,37,How Do You Like Me Now?!,Toby Keith,37,4,Gains In Performance
1999-12-11,38,A Country Boy Can Survive (Y2K Version),Chad Brock With Hank Williams Jr. & George Jones,38,4,Gains In Performance
1999-12-11,39,Carlene,Phil Vassar,40,7,Gains In Performance
1999-12-11,40,Love's The Only House,Martina McBride,44,4,Gains In Performance
1999-12-11,41,It's A Beautiful Thing,Paul Brandt,39,12,Gains In Performance
1999-12-11,42,Daddy Won't Sell The Farm,Montgomery Gentry,50,4,Gains In Performance
1999-12-11,43,Here Comes My Baby,The Mavericks,42,9,
1999-12-11,44,God Gave Me You,Bryan White,45,8,Gains In Performance
1999-12-11,45,Can't Nobody Love You (Like I Do),Wynonna,46,5,Gains In Performance
1999-12-11,46,Buy Me A Rose,Kenny Rogers With Alison Krauss & Billy Dean,47,7,Gains In Performance
1999-12-11,47,What This Country Needs,Aaron Tippin,48,8,Gains In Performance
1999-12-11,48,Missing You,Brooks & Dunn,51,19,Gains In Performance
1999-12-11,49,Little Bird,Sherrie Austin,49,6,
1999-12-11,50,The Cold Hard Truth,George Jones,52,6,
1999-12-11,51,Love Trip,Jerry Kilgore,43,19,
1999-12-11,52,Til' Santa's Gone (I Just Can't Wait),Clint Black,RE,12,Gains In Performance
1999-12-11,53,All I Want For Christmas Is You,Vince Vance & The Valiants,RE,16,Gains In Performance
1999-12-11,54,Take A Letter Maria,Doug Stone,59,4,Gains In Performance
1999-12-11,55,I'm Diggin' It,Alecia Elliott,54,11,
1999-12-11,56,Me And Maxine,Sammy Kershaw,55,3,Gains In Performance
1999-12-11,57,Bring It On,Keith Harling,58,6,Gains In Performance
1999-12-11,58,Christmas In Dixie,Alabama,RE,8,Gains In Performance
1999-12-11,59,Secret Of Giving,Reba,67,2,Gains In Performance
1999-12-11,60,What I Need,Julie Reeves,60,3,Gains In Performance
1999-12-18,1,When I Said I Do,Clint Black,2,16,Gains In Performance
1999-12-18,2,He Didn't Have To Be,Brad Paisley,1,16,Gains In Performance
1999-12-18,3,Breathe,Faith Hill,3,11,Gains In Performance
1999-12-18,4,Home To You,John Michael Montgomery,4,23,
1999-12-18,5,What Do You Say,Reba,7,14,Gains In Performance
1999-12-18,6,I Love You,Martina McBride,5,21,
1999-12-18,7,Pop A Top,Alan Jackson,9,11,Gains In Performance
1999-12-18,8,All Things Considered,Yankee Grey,8,26,
1999-12-18,9,Cowboy Take Me Away,Dixie Chicks,12,15,Gains In Performance
1999-12-18,10,Come On Over,Shania Twain,6,16,
1999-12-18,11,My Best Friend,Tim McGraw,13,13,Gains In Performance
1999-12-18,12,Big Deal,LeAnn Rimes,11,16,Gains In Performance
1999-12-18,13,Something Like That,Tim McGraw,10,26,
1999-12-18,14,She Thinks My Tractor's Sexy,Kenny Chesney,15,16,Gains In Performance
1999-12-18,15,Smile,Lonestar,16,14,Gains In Performance
1999-12-18,16,What Do You Say To That,George Strait,14,23,
1999-12-18,17,"Live, Laugh, Love",Clay Walker,17,20,Gains In Performance
1999-12-18,18,Steam,Ty Herndon,18,18,
1999-12-18,19,Put Your Hand In Mine,Tracy Byrd,20,13,Gains In Performance
1999-12-18,20,Amazed,Lonestar,19,37,Gains In Performance
1999-12-18,21,Smoke Rings In The Dark,Gary Allan,24,19,Gains In Performance
1999-12-18,22,Lesson In Leavin',Jo Dee Messina,25,34,
1999-12-18,23,The Quittin' Kind,Joe Diffie,26,16,Gains In Performance
1999-12-18,24,I'm Already Taken,Steve Wariner,21,25,
1999-12-18,25,Beer Thirty,Brooks & Dunn,28,10,Gains In Performance
1999-12-18,26,Back At One,Mark Wills,29,7,Gains In Performance
1999-12-18,27,It's A Love Thing,Keith Urban,27,17,Gains In Performance
1999-12-18,28,Because You Love Me,Jo Dee Messina,31,9,Gains In Performance
1999-12-18,29,Don't Lie,Trace Adkins,30,14,Gains In Performance
1999-12-18,30,This Woman Needs,SHeDAISY,32,16,Gains In Performance
1999-12-18,31,A Man Ain't Made Of Stone,Randy Travis,22,19,
1999-12-18,32,Lessons Learned,Tracy Lawrence,34,7,Gains In Performance
1999-12-18,33,Small Stuff,Alabama,33,10,Gains In Performance
1999-12-18,34,It Was,Chely Wright,35,11,Gains In Performance
1999-12-18,35,How Do You Like Me Now?!,Toby Keith,37,5,Gains In Performance
1999-12-18,36,Don't Make Me Beg,Steve Holy,36,10,Gains In Performance
1999-12-18,37,A Country Boy Can Survive (Y2K Version),Chad Brock With Hank Williams Jr. & George Jones,38,5,Gains In Performance
1999-12-18,38,Love's The Only House,Martina McBride,40,5,Gains In Performance
1999-12-18,39,Carlene,Phil Vassar,39,8,Gains In Performance
1999-12-18,40,Daddy Won't Sell The Farm,Montgomery Gentry,42,5,Gains In Performance
1999-12-18,41,It's A Beautiful Thing,Paul Brandt,41,13,Gains In Performance
1999-12-18,42,God Gave Me You,Bryan White,44,9,Gains In Performance
1999-12-18,43,Can't Nobody Love You (Like I Do),Wynonna,45,6,Gains In Performance
1999-12-18,44,Buy Me A Rose,Kenny Rogers With Alison Krauss & Billy Dean,46,8,Gains In Performance
1999-12-18,45,Here Comes My Baby,The Mavericks,43,10,
1999-12-18,46,All I Want For Christmas Is You,Vince Vance & The Valiants,53,17,Gains In Performance
1999-12-18,47,Me And Maxine,Sammy Kershaw,56,4,Gains In Performance
1999-12-18,48,The Cold Hard Truth,George Jones,50,7,
1999-12-18,49,Til' Santa's Gone (I Just Can't Wait),Clint Black,52,13,Gains In Performance
1999-12-18,50,What This Country Needs,Aaron Tippin,47,9,
1999-12-18,51,Little Bird,Sherrie Austin,49,7,
1999-12-18,52,Christmas In Dixie,Alabama,58,9,Gains In Performance
1999-12-18,53,Take A Letter Maria,Doug Stone,54,5,
1999-12-18,54,I'm Diggin' It,Alecia Elliott,55,12,
1999-12-18,55,Missing You,Brooks & Dunn,48,20,
1999-12-18,56,I Will Be,Lila McCann,65,4,Gains In Performance
1999-12-18,57,What I Need,Julie Reeves,60,4,Gains In Performance
1999-12-18,58,Deck The Halls,SHeDAISY,66,2,Gains In Performance
1999-12-18,59,Bring It On,Keith Harling,57,7,Gains In Performance
1999-12-18,60,Unbreakable Heart,Jessica Andrews,63,2,Gains In Performance
1999-12-25,1,Breathe,Faith Hill,3,12,Gains In Performance
1999-12-25,2,He Didn't Have To Be,Brad Paisley,2,17,
1999-12-25,3,When I Said I Do,Clint Black,1,17,
1999-12-25,4,What Do You Say,Reba,5,15,Gains In Performance
1999-12-25,5,Cowboy Take Me Away,Dixie Chicks,9,16,Gains In Performance
1999-12-25,6,Pop A Top,Alan Jackson,7,12,Gains In Performance
1999-12-25,7,My Best Friend,Tim McGraw,11,14,Gains In Performance
1999-12-25,8,All Things Considered,Yankee Grey,8,27,
1999-12-25,9,Big Deal,LeAnn Rimes,12,17,Gains In Performance
1999-12-25,10,Home To You,John Michael Montgomery,4,24,
1999-12-25,11,I Love You,Martina McBride,6,22,
1999-12-25,12,Something Like That,Tim McGraw,13,27,
1999-12-25,13,She Thinks My Tractor's Sexy,Kenny Chesney,14,17,Gains In Performance
1999-12-25,14,Smile,Lonestar,15,15,Gains In Performance
1999-12-25,15,Come On Over,Shania Twain,10,17,
1999-12-25,16,"Live, Laugh, Love",Clay Walker,17,21,Gains In Performance
1999-12-25,17,Put Your Hand In Mine,Tracy Byrd,19,14,
1999-12-25,18,Smoke Rings In The Dark,Gary Allan,21,20,Gains In Performance
1999-12-25,19,Steam,Ty Herndon,18,19,
1999-12-25,20,Back At One,Mark Wills,26,8,Greatest gainer this week|Gains In Performance
1999-12-25,21,Beer Thirty,Brooks & Dunn,25,11,Gains In Performance
1999-12-25,22,What Do You Say To That,George Strait,16,24,
1999-12-25,23,Amazed,Lonestar,20,38,
1999-12-25,24,The Quittin' Kind,Joe Diffie,23,17,Gains In Performance
1999-12-25,25,Because You Love Me,Jo Dee Messina,28,10,Gains In Performance
1999-12-25,26,It's A Love Thing,Keith Urban,27,18,Gains In Performance
1999-12-25,27,This Woman Needs,SHeDAISY,30,17,Gains In Performance
1999-12-25,28,Don't Lie,Trace Adkins,29,15,Gains In Performance
1999-12-25,29,Lessons Learned,Tracy Lawrence,32,8,Gains In Performance
1999-12-25,30,How Do You Like Me Now?!,Toby Keith,35,6,Gains In Performance
1999-12-25,31,Small Stuff,Alabama,33,11,Gains In Performance
1999-12-25,32,It Was,Chely Wright,34,12,
1999-12-25,33,Love's The Only House,Martina McBride,38,6,Gains In Performance
1999-12-25,34,A Country Boy Can Survive (Y2K Version),Chad Brock With Hank Williams Jr. & George Jones,37,6,Gains In Performance
1999-12-25,35,Don't Make Me Beg,Steve Holy,36,11,Gains In Performance
1999-12-25,36,Carlene,Phil Vassar,39,9,Gains In Performance
1999-12-25,37,Daddy Won't Sell The Farm,Montgomery Gentry,40,6,Gains In Performance
1999-12-25,38,A Man Ain't Made Of Stone,Randy Travis,31,20,
1999-12-25,39,It's A Beautiful Thing,Paul Brandt,41,14,Gains In Performance
1999-12-25,40,Buy Me A Rose,Kenny Rogers With Alison Krauss & Billy Dean,44,9,Gains In Performance
1999-12-25,41,Can't Nobody Love You (Like I Do),Wynonna,43,7,Gains In Performance
1999-12-25,42,God Gave Me You,Bryan White,42,10,Gains In Performance
1999-12-25,43,All I Want For Christmas Is You,Vince Vance & The Valiants,46,18,Gains In Performance
1999-12-25,44,Me And Maxine,Sammy Kershaw,47,5,Gains In Performance
1999-12-25,45,Deck The Halls,SHeDAISY,58,3,Gains In Performance
1999-12-25,46,Redneck 12 Days Of Christmas,Jeff Foxworthy,RE,16,Gains In Performance
1999-12-25,47,"Let It Snow, Let It Snow, Let It Snow",Ricochet,RE,16,Gains In Performance
1999-12-25,48,Til' Santa's Gone (I Just Can't Wait),Clint Black,49,14,Gains In Performance
1999-12-25,49,Here Comes My Baby,The Mavericks,45,11,
1999-12-25,50,Christmas In Dixie,Alabama,52,10,Gains In Performance
1999-12-25,51,The Cold Hard Truth,George Jones,48,8,Gains In Performance
1999-12-25,52,Christmas Carol,Skip Ewing,RE,5,Gains In Performance
1999-12-25,53,I Will Be,Lila McCann,56,5,Gains In Performance
1999-12-25,54,The Fun Of Your Love,Jennifer Day,63,4,Gains In Performance
1999-12-25,55,Take A Letter Maria,Doug Stone,53,6,Gains In Performance
1999-12-25,56,What I Need,Julie Reeves,57,5,Gains In Performance
1999-12-25,57,Unbreakable Heart,Jessica Andrews,60,3,Gains In Performance
1999-12-25,58,I'm Diggin' It,Alecia Elliott,54,13,Gains In Performance
1999-12-25,59,Here's Your Sign Christmas,Bill Engvall,66,8,Gains In Performance
1999-12-25,60,Sleigh Ride,Lorrie Morgan,61,7,Gains In Performance
2000-01-01,1,Breathe,Faith Hill,1,13,Gains In Performance
2000-01-01,2,He Didn't Have To Be,Brad Paisley,2,18,
2000-01-01,3,What Do You Say,Reba,4,16,Gains In Performance
2000-01-01,4,When I Said I Do,Clint Black,3,18,
2000-01-01,5,Cowboy Take Me Away,Dixie Chicks,5,17,Gains In Performance
2000-01-01,6,My Best Friend,Tim McGraw,7,15,Gains In Performance
2000-01-01,7,Pop A Top,Alan Jackson,6,13,Gains In Performance
2000-01-01,8,Big Deal,LeAnn Rimes,9,18,Gains In Performance
2000-01-01,9,All Things Considered,Yankee Grey,8,28,
2000-01-01,10,Smile,Lonestar,14,16,Gains In Performance
2000-01-01,11,She Thinks My Tractor's Sexy,Kenny Chesney,13,18,Gains In Performance
2000-01-01,12,I Love You,Martina McBride,11,23,
2000-01-01,13,Home To You,John Michael Montgomery,10,25,
2000-01-01,14,Something Like That,Tim McGraw,12,28,
2000-01-01,15,"Live, Laugh, Love",Clay Walker,16,22,Gains In Performance
2000-01-01,16,Put Your Hand In Mine,Tracy Byrd,17,15,Gains In Performance
2000-01-01,17,Back At One,Mark Wills,20,9,Gains In Performance
2000-01-01,18,Smoke Rings In The Dark,Gary Allan,18,21,Gains In Performance
2000-01-01,19,Beer Thirty,Brooks & Dunn,21,12,Gains In Performance
2000-01-01,20,Because You Love Me,Jo Dee Messina,25,11,Gains In Performance
2000-01-01,21,The Quittin' Kind,Joe Diffie,24,18,Gains In Performance
2000-01-01,22,It's A Love Thing,Keith Urban,26,19,Gains In Performance
2000-01-01,23,This Woman Needs,SHeDAISY,27,18,Gains In Performance
2000-01-01,24,Amazed,Lonestar,23,39,
2000-01-01,25,Steam,Ty Herndon,19,20,
2000-01-01,26,Come On Over,Shania Twain,15,18,
2000-01-01,27,Don't Lie,Trace Adkins,28,16,Gains In Performance
2000-01-01,28,Lessons Learned,Tracy Lawrence,29,9,Gains In Performance
2000-01-01,29,How Do You Like Me Now?!,Toby Keith,30,7,Gains In Performance
2000-01-01,30,Love's The Only House,Martina McBride,33,7,Gains In Performance
2000-01-01,31,It Was,Chely Wright,32,13,Gains In Performance
2000-01-01,32,Small Stuff,Alabama,31,12,
2000-01-01,33,A Country Boy Can Survive (Y2K Version),Chad Brock With Hank Williams Jr. & George Jones,34,7,Gains In Performance
2000-01-01,34,Don't Make Me Beg,Steve Holy,35,12,
2000-01-01,35,Daddy Won't Sell The Farm,Montgomery Gentry,37,7,Gains In Performance
2000-01-01,36,Carlene,Phil Vassar,36,10,Gains In Performance
2000-01-01,37,All I Want For Christmas Is You,Vince Vance & The Valiants,43,19,Gains In Performance
2000-01-01,38,Buy Me A Rose,Kenny Rogers With Alison Krauss & Billy Dean,40,10,Gains In Performance
2000-01-01,39,It's A Beautiful Thing,Paul Brandt,39,15,
2000-01-01,40,God Gave Me You,Bryan White,42,11,Gains In Performance
2000-01-01,41,Can't Nobody Love You (Like I Do),Wynonna,41,8,Gains In Performance
2000-01-01,42,Redneck 12 Days Of Christmas,Jeff Foxworthy,46,17,Gains In Performance
2000-01-01,43,Deck The Halls,SHeDAISY,45,4,Gains In Performance
2000-01-01,44,Me And Maxine,Sammy Kershaw,44,6,Gains In Performance
2000-01-01,45,"Let It Snow, Let It Snow, Let It Snow",Ricochet,47,17,Gains In Performance
2000-01-01,46,Christmas In Dixie,Alabama,50,11,Gains In Performance
2000-01-01,47,Til' Santa's Gone (I Just Can't Wait),Clint Black,48,15,Gains In Performance
2000-01-01,48,The Best Day,George Strait,NEW,1,Highest ranking debut|Gains In Performance
2000-01-01,49,Christmas Carol,Skip Ewing,52,6,Gains In Performance
2000-01-01,50,The Fun Of Your Love,Jennifer Day,54,5,Gains In Performance
2000-01-01,51,Sleigh Ride,Lorrie Morgan,60,8,Gains In Performance
2000-01-01,52,Unbreakable Heart,Jessica Andrews,57,4,Gains In Performance
2000-01-01,53,The Cold Hard Truth,George Jones,51,9,Gains In Performance
2000-01-01,54,What I Need,Julie Reeves,56,6,Gains In Performance
2000-01-01,55,I Will Be,Lila McCann,53,6,Gains In Performance
2000-01-01,56,Grandma Got Run Over By A Reindeer,Elmo & Patsy,61,4,Gains In Performance
2000-01-01,57,Take A Letter Maria,Doug Stone,55,7,Gains In Performance
2000-01-01,58,Here's Your Sign Christmas,Bill Engvall,59,9,Gains In Performance
2000-01-01,59,Sleigh Ride,Garth Brooks,65,3,Gains In Performance
2000-01-01,60,Santa's Got A Semi,Keith Harling,66,2,Gains In Performance
2000-01-08,1,Breathe,Faith Hill,1,14,
2000-01-08,2,He Didn't Have To Be,Brad Paisley,2,19,
2000-01-08,3,Cowboy Take Me Away,Dixie Chicks,5,18,
2000-01-08,4,What Do You Say,Reba,3,17,
2000-01-08,5,My Best Friend,Tim McGraw,6,16,
2000-01-08,6,When I Said I Do,Clint Black,4,19,
2000-01-08,7,Pop A Top,Alan Jackson,7,14,
2000-01-08,8,Big Deal,LeAnn Rimes,8,19,
2000-01-08,9,Smile,Lonestar,10,17,
2000-01-08,10,All Things Considered,Yankee Grey,9,29,
2000-01-08,11,She Thinks My Tractor's Sexy,Kenny Chesney,11,19,
2000-01-08,12,Something Like That,Tim McGraw,14,29,
2000-01-08,13,I Love You,Martina McBride,12,24,
2000-01-08,14,"Live, Laugh, Love",Clay Walker,15,23,
2000-01-08,15,Back At One,Mark Wills,17,10,
2000-01-08,16,Home To You,John Michael Montgomery,13,26,
2000-01-08,17,Put Your Hand In Mine,Tracy Byrd,16,16,
2000-01-08,18,Smoke Rings In The Dark,Gary Allan,18,22,
2000-01-08,19,Because You Love Me,Jo Dee Messina,20,12,
2000-01-08,20,Beer Thirty,Brooks & Dunn,19,13,
2000-01-08,21,The Quittin' Kind,Joe Diffie,21,19,
2000-01-08,22,It's A Love Thing,Keith Urban,22,20,
2000-01-08,23,This Woman Needs,SHeDAISY,23,19,
2000-01-08,24,Lessons Learned,Tracy Lawrence,28,10,
2000-01-08,25,Amazed,Lonestar,24,40,
2000-01-08,26,How Do You Like Me Now?!,Toby Keith,29,8,
2000-01-08,27,Come On Over,Shania Twain,26,19,
2000-01-08,28,Don't Lie,Trace Adkins,27,17,
2000-01-08,29,Love's The Only House,Martina McBride,30,8,
2000-01-08,30,Small Stuff,Alabama,32,13,
2000-01-08,31,All I Want For Christmas Is You,Vince Vance & The Valiants,37,20,Gains In Performance
2000-01-08,32,A Country Boy Can Survive (Y2K Version),Chad Brock With Hank Williams Jr. & George Jones,33,8,
2000-01-08,33,It Was,Chely Wright,31,14,
2000-01-08,34,Til' Santa's Gone (I Just Can't Wait),Clint Black,47,16,Greatest gainer this week|Gains In Performance
2000-01-08,35,Redneck 12 Days Of Christmas,Jeff Foxworthy,42,18,Gains In Performance
2000-01-08,36,Daddy Won't Sell The Farm,Montgomery Gentry,35,8,
2000-01-08,37,Christmas In Dixie,Alabama,46,12,Gains In Performance
2000-01-08,38,Don't Make Me Beg,Steve Holy,34,13,
2000-01-08,39,"Let It Snow, Let It Snow, Let It Snow",Ricochet,45,18,Gains In Performance
2000-01-08,40,Deck The Halls,SHeDAISY,43,5,Gains In Performance
2000-01-08,41,Carlene,Phil Vassar,36,11,
2000-01-08,42,Sleigh Ride,Lorrie Morgan,51,9,Gains In Performance
2000-01-08,43,The Best Day,George Strait,48,2,Gains In Performance
2000-01-08,44,Christmas Carol,Skip Ewing,49,7,Gains In Performance
2000-01-08,45,Buy Me A Rose,Kenny Rogers With Alison Krauss & Billy Dean,38,11,
2000-01-08,46,Here's Your Sign Christmas,Bill Engvall,58,10,Gains In Performance
2000-01-08,47,It's A Beautiful Thing,Paul Brandt,39,16,
2000-01-08,48,Grandma Got Run Over By A Reindeer,Elmo & Patsy,56,5,Gains In Performance
2000-01-08,49,Can't Nobody Love You (Like I Do),Wynonna,41,9,
2000-01-08,50,I Saw Mama Kissing Santa Claus,Reba,71,3,Gains In Performance
2000-01-08,51,Me And Maxine,Sammy Kershaw,44,7,
2000-01-08,52,God Gave Me You,Bryan White,40,12,
2000-01-08,53,Have Yourself A Merry Little Christmas,Martina McBride,RE,3,Gains In Performance
2000-01-08,54,Sleigh Ride,Garth Brooks,59,4,Gains In Performance
2000-01-08,55,Merry Christmas From Texas Y'all,Tracy Byrd,74,2,Gains In Performance
2000-01-08,56,It's The Most Wonderful Time Of The Year,Garth Brooks,62,3,Gains In Performance
2000-01-08,57,O Holy Night,Martina McBride,RE,4,Gains In Performance
2000-01-08,58,Secret Of Giving,Reba,64,5,Gains In Performance
2000-01-08,59,Unbreakable Heart,Jessica Andrews,52,5,Gains In Performance
2000-01-08,60,Rudolph The Red-Nosed Reindeer,Gene Autry & The Pinafores,RE,5,Gains In Performance
2000-01-15,1,Breathe,Faith Hill,1,15,Gains In Performance
2000-01-15,2,Cowboy Take Me Away,Dixie Chicks,3,19,Gains In Performance
2000-01-15,3,What Do You Say,Reba,4,18,Gains In Performance
2000-01-15,4,He Didn't Have To Be,Brad Paisley,2,20,Gains In Performance
2000-01-15,5,My Best Friend,Tim McGraw,5,17,Gains In Performance
2000-01-15,6,Pop A Top,Alan Jackson,7,15,Gains In Performance
2000-01-15,7,When I Said I Do,Clint Black,6,20,Gains In Performance
2000-01-15,8,Big Deal,LeAnn Rimes,8,20,Gains In Performance
2000-01-15,9,Smile,Lonestar,9,18,Gains In Performance
2000-01-15,10,Something Like That,Tim McGraw,12,30,Gains In Performance
2000-01-15,11,I Love You,Martina McBride,13,25,Gains In Performance
2000-01-15,12,All Things Considered,Yankee Grey,10,30,Gains In Performance
2000-01-15,13,She Thinks My Tractor's Sexy,Kenny Chesney,11,20,Gains In Performance
2000-01-15,14,"Live, Laugh, Love",Clay Walker,14,24,Gains In Performance
2000-01-15,15,Back At One,Mark Wills,15,11,Gains In Performance
2000-01-15,16,Home To You,John Michael Montgomery,16,27,Gains In Performance
2000-01-15,17,Amazed,Lonestar,25,41,Greatest gainer this week|Gains In Performance
2000-01-15,18,Put Your Hand In Mine,Tracy Byrd,17,17,Gains In Performance
2000-01-15,19,Smoke Rings In The Dark,Gary Allan,18,23,Gains In Performance
2000-01-15,20,Beer Thirty,Brooks & Dunn,20,14,Gains In Performance
2000-01-15,21,Because You Love Me,Jo Dee Messina,19,13,Gains In Performance
2000-01-15,22,The Quittin' Kind,Joe Diffie,21,20,Gains In Performance
2000-01-15,23,This Woman Needs,SHeDAISY,23,20,Gains In Performance
2000-01-15,24,It's A Love Thing,Keith Urban,22,21,Gains In Performance
2000-01-15,25,Lessons Learned,Tracy Lawrence,24,11,Gains In Performance
2000-01-15,26,How Do You Like Me Now?!,Toby Keith,26,9,Gains In Performance
2000-01-15,27,Don't Lie,Trace Adkins,28,18,Gains In Performance
2000-01-15,28,Come On Over,Shania Twain,27,20,Gains In Performance
2000-01-15,29,Love's The Only House,Martina McBride,29,9,Gains In Performance
2000-01-15,30,A Country Boy Can Survive (Y2K Version),Chad Brock With Hank Williams Jr. & George Jones,32,9,Gains In Performance
2000-01-15,31,Small Stuff,Alabama,30,14,
2000-01-15,32,It Was,Chely Wright,33,15,Gains In Performance
2000-01-15,33,Daddy Won't Sell The Farm,Montgomery Gentry,36,9,Gains In Performance
2000-01-15,34,Don't Make Me Beg,Steve Holy,38,14,Gains In Performance
2000-01-15,35,Carlene,Phil Vassar,41,12,Gains In Performance
2000-01-15,36,The Best Day,George Strait,43,3,Gains In Performance
2000-01-15,37,Can't Nobody Love You (Like I Do),Wynonna,49,10,Gains In Performance
2000-01-15,38,Me And Maxine,Sammy Kershaw,51,8,Gains In Performance
2000-01-15,39,Buy Me A Rose,Kenny Rogers With Alison Krauss & Billy Dean,45,12,
2000-01-15,40,It's A Beautiful Thing,Paul Brandt,47,17,Gains In Performance
2000-01-15,41,God Gave Me You,Bryan White,52,13,Gains In Performance
2000-01-15,42,Unbreakable Heart,Jessica Andrews,59,6,Gains In Performance
2000-01-15,43,The Fun Of Your Love,Jennifer Day,62,7,Gains In Performance
2000-01-15,44,What I Need,Julie Reeves,68,8,Gains In Performance
2000-01-15,45,She's More,Andy Griggs,RE,3,Gains In Performance
2000-01-15,46,Take A Letter Maria,Doug Stone,RE,8,Gains In Performance
2000-01-15,47,I Will Be,Lila McCann,RE,7,Gains In Performance
2000-01-15,48,The Cold Hard Truth,George Jones,RE,10,Gains In Performance
2000-01-15,49,Auld Lang Syne,Kenny G,NEW,1,Highest ranking debut|Gains In Performance
2000-01-15,50,I'm Diggin' It,Alecia Elliott,RE,15,Gains In Performance
2000-01-15,51,Twentieth Century,Alabama,NEW,1,Gains In Performance
2000-01-15,52,Bring It On,Keith Harling,RE,10,Gains In Performance
2000-01-15,53,Against The Wind,Brooks & Dunn,RE,6,
2000-01-15,54,Another Nine Minutes,Yankee Grey,NEW,1,Gains In Performance
2000-01-15,55,New Year's Eve 1999,Alabama With Gretchen Peters,NEW,1,
2000-01-15,56,Here Comes My Baby,The Mavericks,RE,13,Gains In Performance
2000-01-15,57,Let's Make Love,Faith Hill With Tim McGraw,RE,7,Gains In Performance
2000-01-15,58,Rock This Country!,Shania Twain,NEW,1,Gains In Performance
2000-01-15,59,Just Because She Lives There,Chalee Tennison,RE,2,Gains In Performance
2000-01-15,60,Been There,Clint Black With Steve Wariner,NEW,1,Gains In Performance
2000-01-22,1,Breathe,Faith Hill,1,16,Greatest gainer this week|Gains In Performance
2000-01-22,2,Cowboy Take Me Away,Dixie Chicks,2,20,Gains In Performance
2000-01-22,3,What Do You Say,Reba,3,19,Gains In Performance
2000-01-22,4,My Best Friend,Tim McGraw,5,18,Gains In Performance
2000-01-22,5,He Didn't Have To Be,Brad Paisley,4,21,Gains In Performance
2000-01-22,6,Pop A Top,Alan Jackson,6,16,Gains In Performance
2000-01-22,7,Big Deal,LeAnn Rimes,8,21,Gains In Performance
2000-01-22,8,Smile,Lonestar,9,19,Gains In Performance
2000-01-22,9,When I Said I Do,Clint Black,7,21,Gains In Performance
2000-01-22,10,Back At One,Mark Wills,15,12,Gains In Performance
2000-01-22,11,"Live, Laugh, Love",Clay Walker,14,25,Gains In Performance
2000-01-22,12,She Thinks My Tractor's Sexy,Kenny Chesney,13,21,Gains In Performance
2000-01-22,13,All Things Considered,Yankee Grey,12,31,Gains In Performance
2000-01-22,14,I Love You,Martina McBride,11,26,
2000-01-22,15,Put Your Hand In Mine,Tracy Byrd,18,18,Gains In Performance
2000-01-22,16,Smoke Rings In The Dark,Gary Allan,19,24,Gains In Performance
2000-01-22,17,Something Like That,Tim McGraw,10,31,
2000-01-22,18,Home To You,John Michael Montgomery,16,28,Gains In Performance
2000-01-22,19,Lessons Learned,Tracy Lawrence,25,12,Gains In Performance
2000-01-22,20,This Woman Needs,SHeDAISY,23,21,Gains In Performance
2000-01-22,21,Because You Love Me,Jo Dee Messina,21,14,Gains In Performance
2000-01-22,22,It's A Love Thing,Keith Urban,24,22,Gains In Performance
2000-01-22,23,How Do You Like Me Now?!,Toby Keith,26,10,Gains In Performance
2000-01-22,24,Beer Thirty,Brooks & Dunn,20,15,Gains In Performance
2000-01-22,25,The Quittin' Kind,Joe Diffie,22,21,Gains In Performance
2000-01-22,26,Love's The Only House,Martina McBride,29,10,Gains In Performance
2000-01-22,27,Don't Lie,Trace Adkins,27,19,Gains In Performance
2000-01-22,28,Small Stuff,Alabama,31,15,Gains In Performance
2000-01-22,29,The Best Day,George Strait,36,4,Gains In Performance
2000-01-22,30,It Was,Chely Wright,32,16,Gains In Performance
2000-01-22,31,Daddy Won't Sell The Farm,Montgomery Gentry,33,10,Gains In Performance
2000-01-22,32,Carlene,Phil Vassar,35,13,Gains In Performance
2000-01-22,33,Don't Make Me Beg,Steve Holy,34,15,Gains In Performance
2000-01-22,34,A Country Boy Can Survive (Y2K Version),Chad Brock With Hank Williams Jr. & George Jones,30,10,
2000-01-22,35,Buy Me A Rose,Kenny Rogers With Alison Krauss & Billy Dean,39,13,Gains In Performance
2000-01-22,36,Can't Nobody Love You (Like I Do),Wynonna,37,11,Gains In Performance
2000-01-22,37,Me And Maxine,Sammy Kershaw,38,9,Gains In Performance
2000-01-22,38,It's A Beautiful Thing,Paul Brandt,40,18,Gains In Performance
2000-01-22,39,Unbreakable Heart,Jessica Andrews,42,7,Gains In Performance
2000-01-22,40,God Gave Me You,Bryan White,41,14,Gains In Performance
2000-01-22,41,Do What You Gotta Do,Garth Brooks,61,4,Gains In Performance
2000-01-22,42,She's More,Andy Griggs,45,4,Gains In Performance
2000-01-22,43,The Fun Of Your Love,Jennifer Day,43,8,Gains In Performance
2000-01-22,44,What I Need,Julie Reeves,44,9,Gains In Performance
2000-01-22,45,Take A Letter Maria,Doug Stone,46,9,Gains In Performance
2000-01-22,46,The Cold Hard Truth,George Jones,48,11,Gains In Performance
2000-01-22,47,Real Live Woman,Trisha Yearwood,64,2,Gains In Performance
2000-01-22,48,Rock This Country!,Shania Twain,58,2,Gains In Performance
2000-01-22,49,Another Nine Minutes,Yankee Grey,54,2,Gains In Performance
2000-01-22,50,I Will Be,Lila McCann,47,8,Gains In Performance
2000-01-22,51,I'm Diggin' It,Alecia Elliott,50,16,
2000-01-22,52,Bring It On,Keith Harling,52,11,
2000-01-22,53,Jimmy's Got A Girlfriend,The Wilkinsons,66,2,Gains In Performance
2000-01-22,54,Against The Wind,Brooks & Dunn,53,7,Gains In Performance
2000-01-22,55,Let's Make Love,Faith Hill With Tim McGraw,57,8,Gains In Performance
2000-01-22,56,Been There,Clint Black With Steve Wariner,60,2,Gains In Performance
2000-01-22,57,Unconditional,Clay Davidson,63,2,Gains In Performance
2000-01-22,58,Just Because She Lives There,Chalee Tennison,59,3,Gains In Performance
2000-01-22,59,Here Comes My Baby,The Mavericks,56,14,
2000-01-22,60,I've Forgotten How You Feel,Sonya Isaacs,NEW,1,Highest ranking debut|Gains In Performance
2000-01-29,1,Breathe,Faith Hill,1,17,
2000-01-29,2,Cowboy Take Me Away,Dixie Chicks,2,21,Gains In Performance
2000-01-29,3,My Best Friend,Tim McGraw,4,19,Gains In Performance
2000-01-29,4,What Do You Say,Reba,3,20,Gains In Performance
2000-01-29,5,Smile,Lonestar,8,20,Gains In Performance
2000-01-29,6,Big Deal,LeAnn Rimes,7,22,Gains In Performance
2000-01-29,7,Pop A Top,Alan Jackson,6,17,
2000-01-29,8,He Didn't Have To Be,Brad Paisley,5,22,
2000-01-29,9,Back At One,Mark Wills,10,13,Gains In Performance
2000-01-29,10,When I Said I Do,Clint Black,9,22,
2000-01-29,11,Put Your Hand In Mine,Tracy Byrd,15,19,Gains In Performance
2000-01-29,12,Smoke Rings In The Dark,Gary Allan,16,25,Gains In Performance
2000-01-29,13,Because You Love Me,Jo Dee Messina,21,15,Gains In Performance
2000-01-29,14,Lessons Learned,Tracy Lawrence,19,13,Gains In Performance
2000-01-29,15,"Live, Laugh, Love",Clay Walker,11,26,
2000-01-29,16,How Do You Like Me Now?!,Toby Keith,23,11,Gains In Performance
2000-01-29,17,This Woman Needs,SHeDAISY,20,22,Gains In Performance
2000-01-29,18,The Best Day,George Strait,29,5,Gains In Performance
2000-01-29,19,Love's The Only House,Martina McBride,26,11,Gains In Performance
2000-01-29,20,It's A Love Thing,Keith Urban,22,23,Gains In Performance
2000-01-29,21,I Love You,Martina McBride,14,27,
2000-01-29,22,Something Like That,Tim McGraw,17,32,
2000-01-29,23,Beer Thirty,Brooks & Dunn,24,16,Gains In Performance
2000-01-29,24,The Quittin' Kind,Joe Diffie,25,22,
2000-01-29,25,All Things Considered,Yankee Grey,13,32,
2000-01-29,26,It Was,Chely Wright,30,17,Gains In Performance
2000-01-29,27,Small Stuff,Alabama,28,16,Gains In Performance
2000-01-29,28,Daddy Won't Sell The Farm,Montgomery Gentry,31,11,Gains In Performance
2000-01-29,29,Carlene,Phil Vassar,32,14,Gains In Performance
2000-01-29,30,Don't Make Me Beg,Steve Holy,33,16,Gains In Performance
2000-01-29,31,Do What You Gotta Do,Garth Brooks,41,5,Gains In Performance
2000-01-29,32,Don't Lie,Trace Adkins,27,20,
2000-01-29,33,Can't Nobody Love You (Like I Do),Wynonna,36,12,Gains In Performance
2000-01-29,34,Buy Me A Rose,Kenny Rogers With Alison Krauss & Billy Dean,35,14,Gains In Performance
2000-01-29,35,Me And Maxine,Sammy Kershaw,37,10,Gains In Performance
2000-01-29,36,She's More,Andy Griggs,42,5,Gains In Performance
2000-01-29,37,Unbreakable Heart,Jessica Andrews,39,8,Gains In Performance
2000-01-29,38,Rock This Country!,Shania Twain,48,3,Gains In Performance
2000-01-29,39,Real Live Woman,Trisha Yearwood,47,3,Gains In Performance
2000-01-29,40,A Country Boy Can Survive (Y2K Version),Chad Brock With Hank Williams Jr. & George Jones,34,11,
2000-01-29,41,The Fun Of Your Love,Jennifer Day,43,9,Gains In Performance
2000-01-29,42,God Gave Me You,Bryan White,40,15,
2000-01-29,43,What I Need,Julie Reeves,44,10,Gains In Performance
2000-01-29,44,Another Nine Minutes,Yankee Grey,49,3,Gains In Performance
2000-01-29,45,Been There,Clint Black With Steve Wariner,56,3,Gains In Performance
2000-01-29,46,Take A Letter Maria,Doug Stone,45,10,Gains In Performance
2000-01-29,47,It's A Beautiful Thing,Paul Brandt,38,19,
2000-01-29,48,The Cold Hard Truth,George Jones,46,12,Gains In Performance
2000-01-29,49,No Mercy,Ty Herndon,68,2,Gains In Performance
2000-01-29,50,I Will Be,Lila McCann,50,9,Gains In Performance
2000-01-29,51,What I Need To Do,Kenny Chesney,70,2,Gains In Performance
2000-01-29,52,I'm Diggin' It,Alecia Elliott,51,17,
2000-01-29,53,Jimmy's Got A Girlfriend,The Wilkinsons,53,3,Gains In Performance
2000-01-29,54,The Way You Love Me,Faith Hill,66,4,Gains In Performance
2000-01-29,55,The Look,Jerry Kilgore,61,3,Gains In Performance
2000-01-29,56,Just Because She Lives There,Chalee Tennison,58,4,Gains In Performance
2000-01-29,57,Nothing Catches Jesus By Surprise,John Michael Montgomery,63,2,Gains In Performance
2000-01-29,58,Against The Wind,Brooks & Dunn,54,8,
2000-01-29,59,Let's Make Love,Faith Hill With Tim McGraw,55,9,
2000-01-29,60,Unconditional,Clay Davidson,57,3,
2000-02-05,1,Cowboy Take Me Away,Dixie Chicks,2,22,Gains In Performance
2000-02-05,2,Breathe,Faith Hill,1,18,
2000-02-05,3,My Best Friend,Tim McGraw,3,20,Gains In Performance
2000-02-05,4,What Do You Say,Reba,4,21,
2000-02-05,5,Smile,Lonestar,5,21,Gains In Performance
2000-02-05,6,Big Deal,LeAnn Rimes,6,23,
2000-02-05,7,Back At One,Mark Wills,9,14,Gains In Performance
2000-02-05,8,Pop A Top,Alan Jackson,7,18,
2000-02-05,9,He Didn't Have To Be,Brad Paisley,8,23,
2000-02-05,10,The Best Day,George Strait,18,6,Gains In Performance
2000-02-05,11,How Do You Like Me Now?!,Toby Keith,16,12,Gains In Performance
2000-02-05,12,Lessons Learned,Tracy Lawrence,14,14,Gains In Performance
2000-02-05,13,Love's The Only House,Martina McBride,19,12,Gains In Performance
2000-02-05,14,This Woman Needs,SHeDAISY,17,23,Gains In Performance
2000-02-05,15,Put Your Hand In Mine,Tracy Byrd,11,20,Gains In Performance
2000-02-05,16,Smoke Rings In The Dark,Gary Allan,12,26,Gains In Performance
2000-02-05,17,Because You Love Me,Jo Dee Messina,13,16,Gains In Performance
2000-02-05,18,When I Said I Do,Clint Black,10,23,
2000-02-05,19,It's A Love Thing,Keith Urban,20,24,Gains In Performance
2000-02-05,20,Something Like That,Tim McGraw,22,33,
2000-02-05,21,I Love You,Martina McBride,21,28,
2000-02-05,22,Beer Thirty,Brooks & Dunn,23,17,
2000-02-05,23,The Quittin' Kind,Joe Diffie,24,23,
2000-02-05,24,"Live, Laugh, Love",Clay Walker,15,27,
2000-02-05,25,All Things Considered,Yankee Grey,25,33,
2000-02-05,26,It Was,Chely Wright,26,18,Gains In Performance
2000-02-05,27,Small Stuff,Alabama,27,17,Gains In Performance
2000-02-05,28,Carlene,Phil Vassar,29,15,Gains In Performance
2000-02-05,29,Daddy Won't Sell The Farm,Montgomery Gentry,28,12,Gains In Performance
2000-02-05,30,Do What You Gotta Do,Garth Brooks,31,6,Gains In Performance
2000-02-05,31,Don't Make Me Beg,Steve Holy,30,17,Gains In Performance
2000-02-05,32,Can't Nobody Love You (Like I Do),Wynonna,33,13,Gains In Performance
2000-02-05,33,Buy Me A Rose,Kenny Rogers With Alison Krauss & Billy Dean,34,15,Gains In Performance
2000-02-05,34,Unbreakable Heart,Jessica Andrews,37,9,Gains In Performance
2000-02-05,35,Rock This Country!,Shania Twain,38,4,Gains In Performance
2000-02-05,36,She's More,Andy Griggs,36,6,Gains In Performance
2000-02-05,37,Me And Maxine,Sammy Kershaw,35,11,Gains In Performance
2000-02-05,38,Been There,Clint Black With Steve Wariner,45,4,Gains In Performance
2000-02-05,39,Real Live Woman,Trisha Yearwood,39,4,Gains In Performance
2000-02-05,40,The Fun Of Your Love,Jennifer Day,41,10,Gains In Performance
2000-02-05,41,Another Nine Minutes,Yankee Grey,44,4,Gains In Performance
2000-02-05,42,What I Need,Julie Reeves,43,11,Gains In Performance
2000-02-05,43,God Gave Me You,Bryan White,42,16,
2000-02-05,44,Let's Make Sure We Kiss Goodbye,Vince Gill,62,2,Gains In Performance
2000-02-05,45,The Cold Hard Truth,George Jones,48,13,Gains In Performance
2000-02-05,46,No Mercy,Ty Herndon,49,3,Gains In Performance
2000-02-05,47,What I Need To Do,Kenny Chesney,51,3,Gains In Performance
2000-02-05,48,Take A Letter Maria,Doug Stone,46,11,
2000-02-05,49,I Will Be,Lila McCann,50,10,
2000-02-05,50,Jimmy's Got A Girlfriend,The Wilkinsons,53,4,Gains In Performance
2000-02-05,51,A Country Boy Can Survive (Y2K Version),Chad Brock With Hank Williams Jr. & George Jones,40,12,
2000-02-05,52,The Way You Love Me,Faith Hill,54,5,Gains In Performance
2000-02-05,53,Couldn't Last A Moment,Collin Raye,NEW,1,Highest ranking debut|Gains In Performance
2000-02-05,54,Just Because She Lives There,Chalee Tennison,56,5,Gains In Performance
2000-02-05,55,Nothing Catches Jesus By Surprise,John Michael Montgomery,57,3,Gains In Performance
2000-02-05,56,I'm Diggin' It,Alecia Elliott,52,18,Gains In Performance
2000-02-05,57,The Look,Jerry Kilgore,55,4,Gains In Performance
2000-02-05,58,More,Trace Adkins,65,2,Gains In Performance
2000-02-05,59,It's A Beautiful Thing,Paul Brandt,47,20,
2000-02-05,60,Unconditional,Clay Davidson,60,4,Gains In Performance
2000-02-12,1,Cowboy Take Me Away,Dixie Chicks,1,23,Gains In Performance
2000-02-12,2,My Best Friend,Tim McGraw,3,21,Gains In Performance
2000-02-12,3,Breathe,Faith Hill,2,19,
2000-02-12,4,What Do You Say,Reba,4,22,
2000-02-12,5,Back At One,Mark Wills,7,15,Gains In Performance
2000-02-12,6,Smile,Lonestar,5,22,Gains In Performance
2000-02-12,7,Big Deal,LeAnn Rimes,6,24,
2000-02-12,8,He Didn't Have To Be,Brad Paisley,9,24,
2000-02-12,9,The Best Day,George Strait,10,7,Gains In Performance
2000-02-12,10,How Do You Like Me Now?!,Toby Keith,11,13,Gains In Performance
2000-02-12,11,Lessons Learned,Tracy Lawrence,12,15,Gains In Performance
2000-02-12,12,Love's The Only House,Martina McBride,13,13,Gains In Performance
2000-02-12,13,This Woman Needs,SHeDAISY,14,24,Gains In Performance
2000-02-12,14,Put Your Hand In Mine,Tracy Byrd,15,21,Gains In Performance
2000-02-12,15,Because You Love Me,Jo Dee Messina,17,17,Gains In Performance
2000-02-12,16,Pop A Top,Alan Jackson,8,19,
2000-02-12,17,Smoke Rings In The Dark,Gary Allan,16,27,
2000-02-12,18,It's A Love Thing,Keith Urban,19,25,
2000-02-12,19,I Love You,Martina McBride,21,29,Gains In Performance
2000-02-12,20,When I Said I Do,Clint Black,18,24,
2000-02-12,21,Something Like That,Tim McGraw,20,34,
2000-02-12,22,Do What You Gotta Do,Garth Brooks,30,7,Gains In Performance
2000-02-12,23,It Was,Chely Wright,26,19,Gains In Performance
2000-02-12,24,Small Stuff,Alabama,27,18,Gains In Performance
2000-02-12,25,Carlene,Phil Vassar,28,16,Gains In Performance
2000-02-12,26,Daddy Won't Sell The Farm,Montgomery Gentry,29,13,Gains In Performance
2000-02-12,27,Been There,Clint Black With Steve Wariner,38,5,Gains In Performance
2000-02-12,28,Beer Thirty,Brooks & Dunn,22,18,
2000-02-12,29,Don't Make Me Beg,Steve Holy,31,18,Gains In Performance
2000-02-12,30,She's More,Andy Griggs,36,7,Gains In Performance
2000-02-12,31,Unbreakable Heart,Jessica Andrews,34,10,Gains In Performance
2000-02-12,32,Real Live Woman,Trisha Yearwood,39,5,Gains In Performance
2000-02-12,33,Buy Me A Rose,Kenny Rogers With Alison Krauss & Billy Dean,33,16,Gains In Performance
2000-02-12,34,Rock This Country!,Shania Twain,35,5,Gains In Performance
2000-02-12,35,Can't Nobody Love You (Like I Do),Wynonna,32,14,Gains In Performance
2000-02-12,36,Me And Maxine,Sammy Kershaw,37,12,Gains In Performance
2000-02-12,37,Another Nine Minutes,Yankee Grey,41,5,Gains In Performance
2000-02-12,38,Let's Make Sure We Kiss Goodbye,Vince Gill,44,3,Gains In Performance
2000-02-12,39,The Fun Of Your Love,Jennifer Day,40,11,Gains In Performance
2000-02-12,40,What I Need To Do,Kenny Chesney,47,4,Gains In Performance
2000-02-12,41,What I Need,Julie Reeves,42,12,Gains In Performance
2000-02-12,42,No Mercy,Ty Herndon,46,4,Gains In Performance
2000-02-12,43,Jimmy's Got A Girlfriend,The Wilkinsons,50,5,Gains In Performance
2000-02-12,44,The Way You Love Me,Faith Hill,52,6,Gains In Performance
2000-02-12,45,The Cold Hard Truth,George Jones,45,14,
2000-02-12,46,Just Because She Lives There,Chalee Tennison,54,6,Gains In Performance
2000-02-12,47,Couldn't Last A Moment,Collin Raye,53,2,Gains In Performance
2000-02-12,48,More,Trace Adkins,58,3,Gains In Performance
2000-02-12,49,The Look,Jerry Kilgore,57,5,Gains In Performance
2000-02-12,50,Nothing Catches Jesus By Surprise,John Michael Montgomery,55,4,Gains In Performance
2000-02-12,51,Unconditional,Clay Davidson,60,5,Gains In Performance
2000-02-12,52,I Will Be,Lila McCann,49,11,
2000-02-12,53,I'm Diggin' It,Alecia Elliott,56,19,
2000-02-12,54,I've Forgotten How You Feel,Sonya Isaacs,61,4,Gains In Performance
2000-02-12,55,Take A Letter Maria,Doug Stone,48,12,
2000-02-12,56,God Gave Me You,Bryan White,43,17,
2000-02-12,57,800 Pound Jesus,Sawyer Brown,65,3,Gains In Performance
2000-02-12,58,The Chain Of Love,Clay Walker,62,9,Gains In Performance
2000-02-12,59,I Think You're Beautiful,Shane Minor,70,2,Gains In Performance
2000-02-12,60,A Country Boy Can Survive (Y2K Version),Chad Brock With Hank Williams Jr. & George Jones,51,13,
2000-02-19,1,Cowboy Take Me Away,Dixie Chicks,1,24,
2000-02-19,2,My Best Friend,Tim McGraw,2,22,Gains In Performance
2000-02-19,3,Back At One,Mark Wills,5,16,Gains In Performance
2000-02-19,4,Smile,Lonestar,6,23,Gains In Performance
2000-02-19,5,Breathe,Faith Hill,3,20,
2000-02-19,6,What Do You Say,Reba,4,23,
2000-02-19,7,The Best Day,George Strait,9,8,Gains In Performance
2000-02-19,8,How Do You Like Me Now?!,Toby Keith,10,14,Gains In Performance
2000-02-19,9,Lessons Learned,Tracy Lawrence,11,16,Gains In Performance
2000-02-19,10,Love's The Only House,Martina McBride,12,14,Gains In Performance
2000-02-19,11,Because You Love Me,Jo Dee Messina,15,18,Gains In Performance
2000-02-19,12,This Woman Needs,SHeDAISY,13,25,Gains In Performance
2000-02-19,13,Put Your Hand In Mine,Tracy Byrd,14,22,Gains In Performance
2000-02-19,14,He Didn't Have To Be,Brad Paisley,8,25,
2000-02-19,15,Big Deal,LeAnn Rimes,7,25,
2000-02-19,16,Smoke Rings In The Dark,Gary Allan,17,28,
2000-02-19,17,Do What You Gotta Do,Garth Brooks,22,8,Gains In Performance
2000-02-19,18,Been There,Clint Black With Steve Wariner,27,6,Greatest gainer this week|Gains In Performance
2000-02-19,19,It Was,Chely Wright,23,20,Gains In Performance
2000-02-19,20,Carlene,Phil Vassar,25,17,Gains In Performance
2000-02-19,21,I Love You,Martina McBride,19,30,
2000-02-19,22,Something Like That,Tim McGraw,21,35,
2000-02-19,23,Daddy Won't Sell The Farm,Montgomery Gentry,26,14,Gains In Performance
2000-02-19,24,When I Said I Do,Clint Black,20,25,
2000-02-19,25,Pop A Top,Alan Jackson,16,20,
2000-02-19,26,Small Stuff,Alabama,24,19,Gains In Performance
2000-02-19,27,She's More,Andy Griggs,30,8,Gains In Performance
2000-02-19,28,Unbreakable Heart,Jessica Andrews,31,11,Gains In Performance
2000-02-19,29,Buy Me A Rose,Kenny Rogers With Alison Krauss & Billy Dean,33,17,Gains In Performance
2000-02-19,30,Real Live Woman,Trisha Yearwood,32,6,Gains In Performance
2000-02-19,31,Rock This Country!,Shania Twain,34,6,Gains In Performance
2000-02-19,32,Don't Make Me Beg,Steve Holy,29,19,
2000-02-19,33,Can't Nobody Love You (Like I Do),Wynonna,35,15,Gains In Performance
2000-02-19,34,Let's Make Sure We Kiss Goodbye,Vince Gill,38,4,Gains In Performance
2000-02-19,35,What I Need To Do,Kenny Chesney,40,5,Gains In Performance
2000-02-19,36,Another Nine Minutes,Yankee Grey,37,6,Gains In Performance
2000-02-19,37,Me And Maxine,Sammy Kershaw,36,13,
2000-02-19,38,The Fun Of Your Love,Jennifer Day,39,12,Gains In Performance
2000-02-19,39,Beer Thirty,Brooks & Dunn,28,19,
2000-02-19,40,No Mercy,Ty Herndon,42,5,Gains In Performance
2000-02-19,41,What I Need,Julie Reeves,41,13,Gains In Performance
2000-02-19,42,The Way You Love Me,Faith Hill,44,7,Gains In Performance
2000-02-19,43,Couldn't Last A Moment,Collin Raye,47,3,Gains In Performance
2000-02-19,44,Just Because She Lives There,Chalee Tennison,46,7,Gains In Performance
2000-02-19,45,Jimmy's Got A Girlfriend,The Wilkinsons,43,6,Gains In Performance
2000-02-19,46,More,Trace Adkins,48,4,Gains In Performance
2000-02-19,47,Unconditional,Clay Davidson,51,6,Gains In Performance
2000-02-19,48,The Chain Of Love,Clay Walker,58,10,Gains In Performance
2000-02-19,49,The Look,Jerry Kilgore,49,6,Gains In Performance
2000-02-19,50,Me Neither,Brad Paisley,65,2,Gains In Performance
2000-02-19,51,The Cold Hard Truth,George Jones,45,15,
2000-02-19,52,I've Forgotten How You Feel,Sonya Isaacs,54,5,Gains In Performance
2000-02-19,53,Nothing Catches Jesus By Surprise,John Michael Montgomery,50,5,Gains In Performance
2000-02-19,54,I Think You're Beautiful,Shane Minor,59,3,Gains In Performance
2000-02-19,55,The Blues Man,Alan Jackson,NEW,1,Highest ranking debut|Gains In Performance
2000-02-19,56,I'm Diggin' It,Alecia Elliott,53,20,
2000-02-19,57,"Up North (Down South, Back East, Out West)",Wade Hayes,62,3,Gains In Performance
2000-02-19,58,Where Can I Surrender,Randy Travis,63,4,Gains In Performance
2000-02-19,59,800 Pound Jesus,Sawyer Brown,57,4,
2000-02-19,60,Take A Letter Maria,Doug Stone,55,13,
2000-02-26,1,My Best Friend,Tim McGraw,2,23,Gains In Performance
2000-02-26,2,Cowboy Take Me Away,Dixie Chicks,1,25,
2000-02-26,3,Back At One,Mark Wills,3,17,Gains In Performance
2000-02-26,4,Smile,Lonestar,4,24,Gains In Performance
2000-02-26,5,Breathe,Faith Hill,5,21,
2000-02-26,6,How Do You Like Me Now?!,Toby Keith,8,15,Gains In Performance
2000-02-26,7,The Best Day,George Strait,7,9,Gains In Performance
2000-02-26,8,Lessons Learned,Tracy Lawrence,9,17,Gains In Performance
2000-02-26,9,Love's The Only House,Martina McBride,10,15,Gains In Performance
2000-02-26,10,This Woman Needs,SHeDAISY,12,26,Gains In Performance
2000-02-26,11,What Do You Say,Reba,6,24,
2000-02-26,12,Because You Love Me,Jo Dee Messina,11,19,Gains In Performance
2000-02-26,13,Put Your Hand In Mine,Tracy Byrd,13,23,
2000-02-26,14,Been There,Clint Black With Steve Wariner,18,7,Gains In Performance
2000-02-26,15,Do What You Gotta Do,Garth Brooks,17,9,Gains In Performance
2000-02-26,16,He Didn't Have To Be,Brad Paisley,14,26,
2000-02-26,17,Carlene,Phil Vassar,20,18,Gains In Performance
2000-02-26,18,Daddy Won't Sell The Farm,Montgomery Gentry,23,15,Gains In Performance
2000-02-26,19,It Was,Chely Wright,19,21,Gains In Performance
2000-02-26,20,Something Like That,Tim McGraw,22,36,
2000-02-26,21,I Love You,Martina McBride,21,31,
2000-02-26,22,When I Said I Do,Clint Black,24,26,
2000-02-26,23,Smoke Rings In The Dark,Gary Allan,16,29,
2000-02-26,24,She's More,Andy Griggs,27,9,Gains In Performance
2000-02-26,25,Buy Me A Rose,Kenny Rogers With Alison Krauss & Billy Dean,29,18,Gains In Performance
2000-02-26,26,Small Stuff,Alabama,26,20,
2000-02-26,27,Real Live Woman,Trisha Yearwood,30,7,Gains In Performance
2000-02-26,28,Unbreakable Heart,Jessica Andrews,28,12,Gains In Performance
2000-02-26,29,Let's Make Sure We Kiss Goodbye,Vince Gill,34,5,Gains In Performance
2000-02-26,30,Rock This Country!,Shania Twain,31,7,Gains In Performance
2000-02-26,31,Can't Nobody Love You (Like I Do),Wynonna,33,16,
2000-02-26,32,What I Need To Do,Kenny Chesney,35,6,Gains In Performance
2000-02-26,33,Another Nine Minutes,Yankee Grey,36,7,Gains In Performance
2000-02-26,34,The Way You Love Me,Faith Hill,42,8,Gains In Performance
2000-02-26,35,Don't Make Me Beg,Steve Holy,32,20,
2000-02-26,36,The Fun Of Your Love,Jennifer Day,38,13,Gains In Performance
2000-02-26,37,Couldn't Last A Moment,Collin Raye,43,4,Gains In Performance
2000-02-26,38,No Mercy,Ty Herndon,40,6,Gains In Performance
2000-02-26,39,More,Trace Adkins,46,5,Gains In Performance
2000-02-26,40,What I Need,Julie Reeves,41,14,Gains In Performance
2000-02-26,41,Jimmy's Got A Girlfriend,The Wilkinsons,45,7,Gains In Performance
2000-02-26,42,Me And Maxine,Sammy Kershaw,37,14,
2000-02-26,43,Just Because She Lives There,Chalee Tennison,44,8,Gains In Performance
2000-02-26,44,Unconditional,Clay Davidson,47,7,Gains In Performance
2000-02-26,45,Beer Thirty,Brooks & Dunn,39,20,
2000-02-26,46,The Chain Of Love,Clay Walker,48,11,Gains In Performance
2000-02-26,47,Me Neither,Brad Paisley,50,3,Gains In Performance
2000-02-26,48,The Blues Man,Alan Jackson,55,2,Gains In Performance
2000-02-26,49,Where Can I Surrender,Randy Travis,58,5,Gains In Performance
2000-02-26,50,I've Forgotten How You Feel,Sonya Isaacs,52,6,Gains In Performance
2000-02-26,51,I Think You're Beautiful,Shane Minor,54,4,Gains In Performance
2000-02-26,52,Yes!,Chad Brock,61,2,Gains In Performance
2000-02-26,53,The Look,Jerry Kilgore,49,7,
2000-02-26,54,Nothing Catches Jesus By Surprise,John Michael Montgomery,53,6,
2000-02-26,55,800 Pound Jesus,Sawyer Brown,59,5,Gains In Performance
2000-02-26,56,The Cold Hard Truth,George Jones,51,16,
2000-02-26,57,"Up North (Down South, Back East, Out West)",Wade Hayes,57,4,
2000-02-26,58,Flowers On The Wall,Eric Heatherly,NEW,1,Highest ranking debut|Gains In Performance
2000-02-26,59,Goodbye Earl,Dixie Chicks,62,21,Gains In Performance
2000-02-26,60,Out Here In The Water,Rebecca Lynn Howard,NEW,1,Gains In Performance
2000-03-04,1,My Best Friend,Tim McGraw,1,24,
2000-03-04,2,Back At One,Mark Wills,3,18,
2000-03-04,3,Smile,Lonestar,4,25,
2000-03-04,4,Cowboy Take Me Away,Dixie Chicks,2,26,
2000-03-04,5,How Do You Like Me Now?!,Toby Keith,6,16,Gains In Performance
2000-03-04,6,The Best Day,George Strait,7,10,Gains In Performance
2000-03-04,7,Lessons Learned,Tracy Lawrence,8,18,Gains In Performance
2000-03-04,8,Love's The Only House,Martina McBride,9,16,Gains In Performance
2000-03-04,9,Breathe,Faith Hill,5,22,
2000-03-04,10,Because You Love Me,Jo Dee Messina,12,20,Gains In Performance
2000-03-04,11,This Woman Needs,SHeDAISY,10,27,
2000-03-04,12,Been There,Clint Black With Steve Wariner,14,8,Gains In Performance
2000-03-04,13,Do What You Gotta Do,Garth Brooks,15,10,Gains In Performance
2000-03-04,14,Put Your Hand In Mine,Tracy Byrd,13,24,
2000-03-04,15,Carlene,Phil Vassar,17,19,Gains In Performance
2000-03-04,16,What Do You Say,Reba,11,25,
2000-03-04,17,It Was,Chely Wright,19,22,Gains In Performance
2000-03-04,18,He Didn't Have To Be,Brad Paisley,16,27,
2000-03-04,19,Daddy Won't Sell The Farm,Montgomery Gentry,18,16,
2000-03-04,20,She's More,Andy Griggs,24,10,Gains In Performance
2000-03-04,21,Something Like That,Tim McGraw,20,37,
2000-03-04,22,I Love You,Martina McBride,21,32,
2000-03-04,23,Buy Me A Rose,Kenny Rogers With Alison Krauss & Billy Dean,25,19,Gains In Performance
2000-03-04,24,When I Said I Do,Clint Black,22,27,
2000-03-04,25,Real Live Woman,Trisha Yearwood,27,8,Gains In Performance
2000-03-04,26,Let's Make Sure We Kiss Goodbye,Vince Gill,29,6,Gains In Performance
2000-03-04,27,Unbreakable Heart,Jessica Andrews,28,13,Gains In Performance
2000-03-04,28,The Way You Love Me,Faith Hill,34,9,Gains In Performance
2000-03-04,29,What I Need To Do,Kenny Chesney,32,7,Gains In Performance
2000-03-04,30,Rock This Country!,Shania Twain,30,8,Gains In Performance
2000-03-04,31,Another Nine Minutes,Yankee Grey,33,8,Gains In Performance
2000-03-04,32,Can't Nobody Love You (Like I Do),Wynonna,31,17,
2000-03-04,33,Couldn't Last A Moment,Collin Raye,37,5,Gains In Performance
2000-03-04,34,No Mercy,Ty Herndon,38,7,Gains In Performance
2000-03-04,35,The Fun Of Your Love,Jennifer Day,36,14,Gains In Performance
2000-03-04,36,More,Trace Adkins,39,6,Gains In Performance
2000-03-04,37,Unconditional,Clay Davidson,44,8,Gains In Performance
2000-03-04,38,The Chain Of Love,Clay Walker,46,12,Gains In Performance
2000-03-04,39,Me Neither,Brad Paisley,47,4,Gains In Performance
2000-03-04,40,Jimmy's Got A Girlfriend,The Wilkinsons,41,8,Gains In Performance
2000-03-04,41,Just Because She Lives There,Chalee Tennison,43,9,Gains In Performance
2000-03-04,42,What I Need,Julie Reeves,40,15,Gains In Performance
2000-03-04,43,The Blues Man,Alan Jackson,48,3,Gains In Performance
2000-03-04,44,Yes!,Chad Brock,52,3,Gains In Performance
2000-03-04,45,Me And Maxine,Sammy Kershaw,42,15,
2000-03-04,46,I've Forgotten How You Feel,Sonya Isaacs,50,7,Gains In Performance
2000-03-04,47,I Think You're Beautiful,Shane Minor,51,5,Gains In Performance
2000-03-04,48,Where Can I Surrender,Randy Travis,49,6,
2000-03-04,49,800 Pound Jesus,Sawyer Brown,55,6,Gains In Performance
2000-03-04,50,"Up North (Down South, Back East, Out West)",Wade Hayes,57,5,Gains In Performance
2000-03-04,51,Goodbye Earl,Dixie Chicks,59,22,Gains In Performance
2000-03-04,52,The Look,Jerry Kilgore,53,8,
2000-03-04,53,Flowers On The Wall,Eric Heatherly,58,2,Gains In Performance
2000-03-04,54,Your Everything,Keith Urban,61,2,Gains In Performance
2000-03-04,55,Nothing Catches Jesus By Surprise,John Michael Montgomery,54,7,
2000-03-04,56,Something To Write Home About,Craig Morgan,72,2,Gains In Performance
2000-03-04,57,It's Always Somethin',Joe Diffie,63,4,Gains In Performance
2000-03-04,58,The Cold Hard Truth,George Jones,56,17,
2000-03-04,59,I Need You All The Time,BlackHawk,NEW,1,Highest ranking debut|Gains In Performance
2000-03-04,60,Prayin' For Daylight,Rascal Flatts,NEW,1,Gains In Performance
2000-03-11,1,Smile,Lonestar,3,26,Gains In Performance
2000-03-11,2,My Best Friend,Tim McGraw,1,25,
2000-03-11,3,How Do You Like Me Now?!,Toby Keith,5,17,Gains In Performance
2000-03-11,4,Back At One,Mark Wills,2,19,Gains In Performance
2000-03-11,5,The Best Day,George Strait,6,11,Gains In Performance
2000-03-11,6,Cowboy Take Me Away,Dixie Chicks,4,27,
2000-03-11,7,Lessons Learned,Tracy Lawrence,7,19,Gains In Performance
2000-03-11,8,Love's The Only House,Martina McBride,8,17,Gains In Performance
2000-03-11,9,This Woman Needs,SHeDAISY,11,28,Gains In Performance
2000-03-11,10,Because You Love Me,Jo Dee Messina,10,21,Gains In Performance
2000-03-11,11,Breathe,Faith Hill,9,23,
2000-03-11,12,Been There,Clint Black With Steve Wariner,12,9,Gains In Performance
2000-03-11,13,Carlene,Phil Vassar,15,20,Gains In Performance
2000-03-11,14,Do What You Gotta Do,Garth Brooks,13,11,Gains In Performance
2000-03-11,15,It Was,Chely Wright,17,23,Gains In Performance
2000-03-11,16,She's More,Andy Griggs,20,11,Gains In Performance
2000-03-11,17,Daddy Won't Sell The Farm,Montgomery Gentry,19,17,Gains In Performance
2000-03-11,18,He Didn't Have To Be,Brad Paisley,18,28,
2000-03-11,19,Buy Me A Rose,Kenny Rogers With Alison Krauss & Billy Dean,23,20,Gains In Performance
2000-03-11,20,The Way You Love Me,Faith Hill,28,10,Gains In Performance
2000-03-11,21,What Do You Say,Reba,16,26,
2000-03-11,22,Real Live Woman,Trisha Yearwood,25,9,Gains In Performance
2000-03-11,23,Something Like That,Tim McGraw,21,38,Gains In Performance
2000-03-11,24,I Love You,Martina McBride,22,33,Gains In Performance
2000-03-11,25,Put Your Hand In Mine,Tracy Byrd,14,25,
2000-03-11,26,Let's Make Sure We Kiss Goodbye,Vince Gill,26,7,Gains In Performance
2000-03-11,27,Unbreakable Heart,Jessica Andrews,27,14,Gains In Performance
2000-03-11,28,What I Need To Do,Kenny Chesney,29,8,Gains In Performance
2000-03-11,29,Couldn't Last A Moment,Collin Raye,33,6,Gains In Performance
2000-03-11,30,Rock This Country!,Shania Twain,30,9,
2000-03-11,31,Another Nine Minutes,Yankee Grey,31,9,Gains In Performance
2000-03-11,32,No Mercy,Ty Herndon,34,8,Gains In Performance
2000-03-11,33,The Chain Of Love,Clay Walker,38,13,Gains In Performance
2000-03-11,34,More,Trace Adkins,36,7,Gains In Performance
2000-03-11,35,The Fun Of Your Love,Jennifer Day,35,15,Gains In Performance
2000-03-11,36,Unconditional,Clay Davidson,37,9,Gains In Performance
2000-03-11,37,Me Neither,Brad Paisley,39,5,Gains In Performance
2000-03-11,38,Can't Nobody Love You (Like I Do),Wynonna,32,18,
2000-03-11,39,Just Because She Lives There,Chalee Tennison,41,10,Gains In Performance
2000-03-11,40,Goodbye Earl,Dixie Chicks,51,23,Gains In Performance
2000-03-11,41,What I Need,Julie Reeves,42,16,Gains In Performance
2000-03-11,42,Jimmy's Got A Girlfriend,The Wilkinsons,40,9,Gains In Performance
2000-03-11,43,Yes!,Chad Brock,44,4,Gains In Performance
2000-03-11,44,The Blues Man,Alan Jackson,43,4,Gains In Performance
2000-03-11,45,I Think You're Beautiful,Shane Minor,47,6,Gains In Performance
2000-03-11,46,Your Everything,Keith Urban,54,3,Gains In Performance
2000-03-11,47,Murder On Music Row,George Strait With Alan Jackson,NEW,1,Highest ranking debut|Gains In Performance
2000-03-11,48,I've Forgotten How You Feel,Sonya Isaacs,46,8,
2000-03-11,49,"Up North (Down South, Back East, Out West)",Wade Hayes,50,6,Gains In Performance
2000-03-11,50,800 Pound Jesus,Sawyer Brown,49,7,Gains In Performance
2000-03-11,51,It's Always Somethin',Joe Diffie,57,5,Gains In Performance
2000-03-11,52,Flowers On The Wall,Eric Heatherly,53,3,Gains In Performance
2000-03-11,53,Prayin' For Daylight,Rascal Flatts,60,2,Gains In Performance
2000-03-11,54,Where Can I Surrender,Randy Travis,48,7,
2000-03-11,55,Me And Maxine,Sammy Kershaw,45,16,
2000-03-11,56,Something To Write Home About,Craig Morgan,56,3,
2000-03-11,57,The Cold Hard Truth,George Jones,58,18,
2000-03-11,58,Grow Young With You,Coley McCabe With Andy Griggs,61,2,Gains In Performance
2000-03-11,59,Out Here In The Water,Rebecca Lynn Howard,62,3,Gains In Performance
2000-03-11,60,Nothing Catches Jesus By Surprise,John Michael Montgomery,55,8,
2000-03-18,1,How Do You Like Me Now?!,Toby Keith,3,18,Gains In Performance
2000-03-18,2,My Best Friend,Tim McGraw,2,26,
2000-03-18,3,The Best Day,George Strait,5,12,Gains In Performance
2000-03-18,4,Back At One,Mark Wills,4,20,
2000-03-18,5,Smile,Lonestar,1,27,
2000-03-18,6,Lessons Learned,Tracy Lawrence,7,20,Gains In Performance
2000-03-18,7,Love's The Only House,Martina McBride,8,18,Gains In Performance
2000-03-18,8,Cowboy Take Me Away,Dixie Chicks,6,28,
2000-03-18,9,Because You Love Me,Jo Dee Messina,10,22,Gains In Performance
2000-03-18,10,This Woman Needs,SHeDAISY,9,29,
2000-03-18,11,Been There,Clint Black With Steve Wariner,12,10,Gains In Performance
2000-03-18,12,Carlene,Phil Vassar,13,21,Gains In Performance
2000-03-18,13,Breathe,Faith Hill,11,24,
2000-03-18,14,Do What You Gotta Do,Garth Brooks,14,12,Gains In Performance
2000-03-18,15,It Was,Chely Wright,15,24,Gains In Performance
2000-03-18,16,She's More,Andy Griggs,16,12,Gains In Performance
2000-03-18,17,Buy Me A Rose,Kenny Rogers With Alison Krauss & Billy Dean,19,21,Gains In Performance
2000-03-18,18,The Way You Love Me,Faith Hill,20,11,Gains In Performance
2000-03-18,19,Daddy Won't Sell The Farm,Montgomery Gentry,17,18,Gains In Performance
2000-03-18,20,Let's Make Sure We Kiss Goodbye,Vince Gill,26,8,Gains In Performance
2000-03-18,21,Real Live Woman,Trisha Yearwood,22,10,Gains In Performance
2000-03-18,22,He Didn't Have To Be,Brad Paisley,18,29,
2000-03-18,23,What I Need To Do,Kenny Chesney,28,9,Gains In Performance
2000-03-18,24,Unbreakable Heart,Jessica Andrews,27,15,Gains In Performance
2000-03-18,25,Something Like That,Tim McGraw,23,39,Gains In Performance
2000-03-18,26,Couldn't Last A Moment,Collin Raye,29,7,Gains In Performance
2000-03-18,27,Another Nine Minutes,Yankee Grey,31,10,Gains In Performance
2000-03-18,28,The Chain Of Love,Clay Walker,33,14,Gains In Performance
2000-03-18,29,No Mercy,Ty Herndon,32,9,Gains In Performance
2000-03-18,30,More,Trace Adkins,34,8,Gains In Performance
2000-03-18,31,Rock This Country!,Shania Twain,30,10,
2000-03-18,32,Goodbye Earl,Dixie Chicks,40,24,Greatest gainer this week|Gains In Performance
2000-03-18,33,Unconditional,Clay Davidson,36,10,Gains In Performance
2000-03-18,34,Me Neither,Brad Paisley,37,6,Gains In Performance
2000-03-18,35,The Fun Of Your Love,Jennifer Day,35,16,Gains In Performance
2000-03-18,36,Yes!,Chad Brock,43,5,Gains In Performance
2000-03-18,37,Jimmy's Got A Girlfriend,The Wilkinsons,42,10,Gains In Performance
2000-03-18,38,Just Because She Lives There,Chalee Tennison,39,11,
2000-03-18,39,What I Need,Julie Reeves,41,17,
2000-03-18,40,The Blues Man,Alan Jackson,44,5,Gains In Performance
2000-03-18,41,Can't Nobody Love You (Like I Do),Wynonna,38,19,
2000-03-18,42,Flowers On The Wall,Eric Heatherly,52,4,Gains In Performance
2000-03-18,43,Your Everything,Keith Urban,46,4,Gains In Performance
2000-03-18,44,I Think You're Beautiful,Shane Minor,45,7,Gains In Performance
2000-03-18,45,Murder On Music Row,George Strait With Alan Jackson,47,2,Gains In Performance
2000-03-18,46,It's Always Somethin',Joe Diffie,51,6,Gains In Performance
2000-03-18,47,I've Forgotten How You Feel,Sonya Isaacs,48,9,Gains In Performance
2000-03-18,48,800 Pound Jesus,Sawyer Brown,50,8,Gains In Performance
2000-03-18,49,"Up North (Down South, Back East, Out West)",Wade Hayes,49,7,Gains In Performance
2000-03-18,50,Prayin' For Daylight,Rascal Flatts,53,3,
2000-03-18,51,Something To Write Home About,Craig Morgan,56,4,Gains In Performance
2000-03-18,52,Grow Young With You,Coley McCabe With Andy Griggs,58,3,Gains In Performance
2000-03-18,53,I Need You All The Time,BlackHawk,62,3,Gains In Performance
2000-03-18,54,Out Here In The Water,Rebecca Lynn Howard,59,4,Gains In Performance
2000-03-18,55,"Forever Works For Me (Monday, Tuesday, Wednesday, Thursday)",Neal McCoy,NEW,1,Highest ranking debut|Gains In Performance
2000-03-18,56,Where Can I Surrender,Randy Travis,54,8,
2000-03-18,57,Let's Make Love,Faith Hill With Tim McGraw,65,16,Gains In Performance
2000-03-18,58,Change,Sons Of The Desert,73,2,Gains In Performance
2000-03-18,59,The Cold Hard Truth,George Jones,57,19,
2000-03-18,60,Goin' Under Gettin' Over You,Brooks & Dunn,70,6,Gains In Performance
2000-03-25,1,How Do You Like Me Now?!,Toby Keith,1,19,Gains In Performance
2000-03-25,2,The Best Day,George Strait,3,13,Gains In Performance
2000-03-25,3,My Best Friend,Tim McGraw,2,27,
2000-03-25,4,Lessons Learned,Tracy Lawrence,6,21,
2000-03-25,5,Back At One,Mark Wills,4,21,
2000-03-25,6,Love's The Only House,Martina McBride,7,19,Gains In Performance
2000-03-25,7,Smile,Lonestar,5,28,
2000-03-25,8,Been There,Clint Black With Steve Wariner,11,11,Gains In Performance
2000-03-25,9,Because You Love Me,Jo Dee Messina,9,23,Gains In Performance
2000-03-25,10,Cowboy Take Me Away,Dixie Chicks,8,29,
2000-03-25,11,Carlene,Phil Vassar,12,22,Gains In Performance
2000-03-25,12,This Woman Needs,SHeDAISY,10,30,
2000-03-25,13,Breathe,Faith Hill,13,25,
2000-03-25,14,She's More,Andy Griggs,16,13,Gains In Performance
2000-03-25,15,The Way You Love Me,Faith Hill,18,12,Gains In Performance
2000-03-25,16,It Was,Chely Wright,15,25,Gains In Performance
2000-03-25,17,Buy Me A Rose,Kenny Rogers With Alison Krauss & Billy Dean,17,22,Gains In Performance
2000-03-25,18,Do What You Gotta Do,Garth Brooks,14,13,
2000-03-25,19,Daddy Won't Sell The Farm,Montgomery Gentry,19,19,Gains In Performance
2000-03-25,20,What I Need To Do,Kenny Chesney,23,10,Gains In Performance
2000-03-25,21,Real Live Woman,Trisha Yearwood,21,11,Gains In Performance
2000-03-25,22,Let's Make Sure We Kiss Goodbye,Vince Gill,20,9,
2000-03-25,23,He Didn't Have To Be,Brad Paisley,22,30,
2000-03-25,24,Unbreakable Heart,Jessica Andrews,24,16,
2000-03-25,25,Couldn't Last A Moment,Collin Raye,26,8,Gains In Performance
2000-03-25,26,Goodbye Earl,Dixie Chicks,32,25,Gains In Performance
2000-03-25,27,Another Nine Minutes,Yankee Grey,27,11,Gains In Performance
2000-03-25,28,The Chain Of Love,Clay Walker,28,15,Gains In Performance
2000-03-25,29,Unconditional,Clay Davidson,33,11,Gains In Performance
2000-03-25,30,Me Neither,Brad Paisley,34,7,Gains In Performance
2000-03-25,31,More,Trace Adkins,30,9,Gains In Performance
2000-03-25,32,No Mercy,Ty Herndon,29,10,Gains In Performance
2000-03-25,33,The Fun Of Your Love,Jennifer Day,35,17,Gains In Performance
2000-03-25,34,Yes!,Chad Brock,36,6,Gains In Performance
2000-03-25,35,Rock This Country!,Shania Twain,31,11,
2000-03-25,36,Jimmy's Got A Girlfriend,The Wilkinsons,37,11,
2000-03-25,37,Just Because She Lives There,Chalee Tennison,38,12,Gains In Performance
2000-03-25,38,What I Need,Julie Reeves,39,18,
2000-03-25,39,The Blues Man,Alan Jackson,40,6,
2000-03-25,40,Your Everything,Keith Urban,43,5,Gains In Performance
2000-03-25,41,Flowers On The Wall,Eric Heatherly,42,5,Gains In Performance
2000-03-25,42,Murder On Music Row,George Strait With Alan Jackson,45,3,Gains In Performance
2000-03-25,43,It's Always Somethin',Joe Diffie,46,7,Gains In Performance
2000-03-25,44,I Think You're Beautiful,Shane Minor,44,8,
2000-03-25,45,Prayin' For Daylight,Rascal Flatts,50,4,Gains In Performance
2000-03-25,46,I've Forgotten How You Feel,Sonya Isaacs,47,10,Gains In Performance
2000-03-25,47,800 Pound Jesus,Sawyer Brown,48,9,Gains In Performance
2000-03-25,48,"Up North (Down South, Back East, Out West)",Wade Hayes,49,8,
2000-03-25,49,Can't Nobody Love You (Like I Do),Wynonna,41,20,
2000-03-25,50,Grow Young With You,Coley McCabe With Andy Griggs,52,4,Gains In Performance
2000-03-25,51,I Need You All The Time,BlackHawk,53,4,Gains In Performance
2000-03-25,52,I'll Be,Reba McEntire,RE,2,Gains In Performance
2000-03-25,53,Something To Write Home About,Craig Morgan,51,5,Gains In Performance
2000-03-25,54,You'll Always Be Loved By Me,Brooks & Dunn,69,2,Gains In Performance
2000-03-25,55,Out Here In The Water,Rebecca Lynn Howard,54,5,Gains In Performance
2000-03-25,56,I Hope You Dance,Lee Ann Womack With Sons Of The Desert,NEW,1,Highest ranking debut|Gains In Performance
2000-03-25,57,That's The Beat Of A Heart,The Warren Brothers Featuring Sara Evans,NEW,1,Gains In Performance
2000-03-25,58,Stuck In Love,The Judds,73,4,Gains In Performance
2000-03-25,59,Change,Sons Of The Desert,58,3,Gains In Performance
2000-03-25,60,Kiss Me Now,Lila McCann,62,3,Gains In Performance
2000-04-01,1,How Do You Like Me Now?!,Toby Keith,1,20,Gains In Performance
2000-04-01,2,The Best Day,George Strait,2,14,Gains In Performance
2000-04-01,3,Lessons Learned,Tracy Lawrence,4,22,Gains In Performance
2000-04-01,4,Love's The Only House,Martina McBride,6,20,Gains In Performance
2000-04-01,5,My Best Friend,Tim McGraw,3,28,
2000-04-01,6,Been There,Clint Black With Steve Wariner,8,12,Gains In Performance
2000-04-01,7,Back At One,Mark Wills,5,22,
2000-04-01,8,Because You Love Me,Jo Dee Messina,9,24,Gains In Performance
2000-04-01,9,Carlene,Phil Vassar,11,23,Gains In Performance
2000-04-01,10,Smile,Lonestar,7,29,
2000-04-01,11,Cowboy Take Me Away,Dixie Chicks,10,30,
2000-04-01,12,She's More,Andy Griggs,14,14,Gains In Performance
2000-04-01,13,Buy Me A Rose,Kenny Rogers With Alison Krauss & Billy Dean,17,23,Gains In Performance
2000-04-01,14,The Way You Love Me,Faith Hill,15,13,Gains In Performance
2000-04-01,15,It Was,Chely Wright,16,26,Gains In Performance
2000-04-01,16,Breathe,Faith Hill,13,26,
2000-04-01,17,What I Need To Do,Kenny Chesney,20,11,Gains In Performance
2000-04-01,18,Daddy Won't Sell The Farm,Montgomery Gentry,19,20,
2000-04-01,19,Real Live Woman,Trisha Yearwood,21,12,Gains In Performance
2000-04-01,20,This Woman Needs,SHeDAISY,12,31,
2000-04-01,21,Let's Make Sure We Kiss Goodbye,Vince Gill,22,10,Gains In Performance
2000-04-01,22,Goodbye Earl,Dixie Chicks,26,26,Greatest gainer this week|Gains In Performance
2000-04-01,23,Couldn't Last A Moment,Collin Raye,25,9,Gains In Performance
2000-04-01,24,Unbreakable Heart,Jessica Andrews,24,17,
2000-04-01,25,Do What You Gotta Do,Garth Brooks,18,14,
2000-04-01,26,The Chain Of Love,Clay Walker,28,16,Gains In Performance
2000-04-01,27,Another Nine Minutes,Yankee Grey,27,12,Gains In Performance
2000-04-01,28,Me Neither,Brad Paisley,30,8,Gains In Performance
2000-04-01,29,More,Trace Adkins,31,10,Gains In Performance
2000-04-01,30,Unconditional,Clay Davidson,29,12,Gains In Performance
2000-04-01,31,No Mercy,Ty Herndon,32,11,Gains In Performance
2000-04-01,32,Yes!,Chad Brock,34,7,Gains In Performance
2000-04-01,33,The Fun Of Your Love,Jennifer Day,33,18,
2000-04-01,34,Jimmy's Got A Girlfriend,The Wilkinsons,36,12,Gains In Performance
2000-04-01,35,Flowers On The Wall,Eric Heatherly,41,6,Gains In Performance
2000-04-01,36,Your Everything,Keith Urban,40,6,Gains In Performance
2000-04-01,37,The Blues Man,Alan Jackson,39,7,Gains In Performance
2000-04-01,38,Just Because She Lives There,Chalee Tennison,37,13,Gains In Performance
2000-04-01,39,Prayin' For Daylight,Rascal Flatts,45,5,Gains In Performance
2000-04-01,40,What I Need,Julie Reeves,38,19,Gains In Performance
2000-04-01,41,I'll Be,Reba McEntire,52,3,Gains In Performance
2000-04-01,42,Murder On Music Row,George Strait With Alan Jackson,42,4,Gains In Performance
2000-04-01,43,It's Always Somethin',Joe Diffie,43,8,Gains In Performance
2000-04-01,44,Stuck In Love,The Judds,58,5,Gains In Performance
2000-04-01,45,800 Pound Jesus,Sawyer Brown,47,10,Gains In Performance
2000-04-01,46,I Think You're Beautiful,Shane Minor,44,9,
2000-04-01,47,Rock This Country!,Shania Twain,35,12,
2000-04-01,48,I've Forgotten How You Feel,Sonya Isaacs,46,11,
2000-04-01,49,I Need You All The Time,BlackHawk,51,5,Gains In Performance
2000-04-01,50,You'll Always Be Loved By Me,Brooks & Dunn,54,3,Gains In Performance
2000-04-01,51,"Up North (Down South, Back East, Out West)",Wade Hayes,48,9,
2000-04-01,52,Something To Write Home About,Craig Morgan,53,6,Gains In Performance
2000-04-01,53,Grow Young With You,Coley McCabe With Andy Griggs,50,5,
2000-04-01,54,I Hope You Dance,Lee Ann Womack With Sons Of The Desert,56,2,Gains In Performance
2000-04-01,55,Change,Sons Of The Desert,59,4,Gains In Performance
2000-04-01,56,"Forever Works For Me (Monday, Tuesday, Wednesday, Thursday)",Neal McCoy,69,3,Gains In Performance
2000-04-01,57,Out Here In The Water,Rebecca Lynn Howard,55,6,Gains In Performance
2000-04-01,58,Faith In You,Steve Wariner,61,3,Gains In Performance
2000-04-01,59,She Ain't The Girl For You,The Kinleys,NEW,1,Highest ranking debut|Gains In Performance
2000-04-01,60,When You Love Me,Tim Rushlow,NEW,1,Gains In Performance
2000-04-08,1,How Do You Like Me Now?!,Toby Keith,1,21,Gains In Performance
2000-04-08,2,The Best Day,George Strait,2,15,Gains In Performance
2000-04-08,3,Lessons Learned,Tracy Lawrence,3,23,Gains In Performance
2000-04-08,4,Love's The Only House,Martina McBride,4,21,Gains In Performance
2000-04-08,5,Been There,Clint Black With Steve Wariner,6,13,Gains In Performance
2000-04-08,6,Carlene,Phil Vassar,9,24,Gains In Performance
2000-04-08,7,My Best Friend,Tim McGraw,5,29,
2000-04-08,8,Because You Love Me,Jo Dee Messina,8,25,
2000-04-08,9,Buy Me A Rose,Kenny Rogers With Alison Krauss & Billy Dean,13,24,Greatest gainer this week|Gains In Performance
2000-04-08,10,The Way You Love Me,Faith Hill,14,14,Gains In Performance
2000-04-08,11,She's More,Andy Griggs,12,15,Gains In Performance
2000-04-08,12,Back At One,Mark Wills,7,23,
2000-04-08,13,It Was,Chely Wright,15,27,Gains In Performance
2000-04-08,14,Smile,Lonestar,10,30,
2000-04-08,15,Cowboy Take Me Away,Dixie Chicks,11,31,
2000-04-08,16,What I Need To Do,Kenny Chesney,17,12,Gains In Performance
2000-04-08,17,Goodbye Earl,Dixie Chicks,22,27,Gains In Performance
2000-04-08,18,Breathe,Faith Hill,16,27,
2000-04-08,19,Couldn't Last A Moment,Collin Raye,23,10,Gains In Performance
2000-04-08,20,Real Live Woman,Trisha Yearwood,19,13,Gains In Performance
2000-04-08,21,Let's Make Sure We Kiss Goodbye,Vince Gill,21,11,Gains In Performance
2000-04-08,22,The Chain Of Love,Clay Walker,26,17,Gains In Performance
2000-04-08,23,Daddy Won't Sell The Farm,Montgomery Gentry,18,21,
2000-04-08,24,Unbreakable Heart,Jessica Andrews,24,18,
2000-04-08,25,Another Nine Minutes,Yankee Grey,27,13,Gains In Performance
2000-04-08,26,Me Neither,Brad Paisley,28,9,Gains In Performance
2000-04-08,27,More,Trace Adkins,29,11,Gains In Performance
2000-04-08,28,Unconditional,Clay Davidson,30,13,Gains In Performance
2000-04-08,29,Yes!,Chad Brock,32,8,Gains In Performance
2000-04-08,30,No Mercy,Ty Herndon,31,12,Gains In Performance
2000-04-08,31,The Fun Of Your Love,Jennifer Day,33,19,Gains In Performance
2000-04-08,32,Do What You Gotta Do,Garth Brooks,25,15,
2000-04-08,33,Prayin' For Daylight,Rascal Flatts,39,6,Gains In Performance
2000-04-08,34,Flowers On The Wall,Eric Heatherly,35,7,Gains In Performance
2000-04-08,35,Your Everything,Keith Urban,36,7,Gains In Performance
2000-04-08,36,I'll Be,Reba McEntire,41,4,Gains In Performance
2000-04-08,37,Just Because She Lives There,Chalee Tennison,38,14,Gains In Performance
2000-04-08,38,Jimmy's Got A Girlfriend,The Wilkinsons,34,13,Gains In Performance
2000-04-08,39,The Blues Man,Alan Jackson,37,8,Gains In Performance
2000-04-08,40,Stuck In Love,The Judds,44,6,Gains In Performance
2000-04-08,41,Murder On Music Row,George Strait With Alan Jackson,42,5,Gains In Performance
2000-04-08,42,It's Always Somethin',Joe Diffie,43,9,Gains In Performance
2000-04-08,43,What I Need,Julie Reeves,40,20,
2000-04-08,44,You'll Always Be Loved By Me,Brooks & Dunn,50,4,Gains In Performance
2000-04-08,45,I Hope You Dance,Lee Ann Womack With Sons Of The Desert,54,3,Gains In Performance
2000-04-08,46,800 Pound Jesus,Sawyer Brown,45,11,Gains In Performance
2000-04-08,47,I Need You All The Time,BlackHawk,49,6,Gains In Performance
2000-04-08,48,Something To Write Home About,Craig Morgan,52,7,Gains In Performance
2000-04-08,49,Change,Sons Of The Desert,55,5,Gains In Performance
2000-04-08,50,Grow Young With You,Coley McCabe With Andy Griggs,53,6,Gains In Performance
2000-04-08,51,Faith In You,Steve Wariner,58,4,Gains In Performance
2000-04-08,52,Rock This Country!,Shania Twain,47,13,
2000-04-08,53,"Forever Works For Me (Monday, Tuesday, Wednesday, Thursday)",Neal McCoy,56,4,Gains In Performance
2000-04-08,54,You Are,John Michael Montgomery,66,4,Gains In Performance
2000-04-08,55,Out Here In The Water,Rebecca Lynn Howard,57,7,Gains In Performance
2000-04-08,56,I've Forgotten How You Feel,Sonya Isaacs,48,12,
2000-04-08,57,I Think You're Beautiful,Shane Minor,46,10,
2000-04-08,58,"Up North (Down South, Back East, Out West)",Wade Hayes,51,10,
2000-04-08,59,"Love, You Ain't Seen The Last Of Me",Tracy Byrd,69,2,Gains In Performance
2000-04-08,60,She Ain't The Girl For You,The Kinleys,59,2,
2000-04-15,1,How Do You Like Me Now?!,Toby Keith,1,22,
2000-04-15,2,The Best Day,George Strait,2,16,Gains In Performance
2000-04-15,3,Lessons Learned,Tracy Lawrence,3,24,
2000-04-15,4,Love's The Only House,Martina McBride,4,22,
2000-04-15,5,Been There,Clint Black With Steve Wariner,5,14,Gains In Performance
2000-04-15,6,Carlene,Phil Vassar,6,25,Gains In Performance
2000-04-15,7,Buy Me A Rose,Kenny Rogers With Alison Krauss & Billy Dean,9,25,Gains In Performance
2000-04-15,8,The Way You Love Me,Faith Hill,10,15,Gains In Performance
2000-04-15,9,She's More,Andy Griggs,11,16,Gains In Performance
2000-04-15,10,My Best Friend,Tim McGraw,7,30,
2000-04-15,11,Because You Love Me,Jo Dee Messina,8,26,
2000-04-15,12,It Was,Chely Wright,13,28,Gains In Performance
2000-04-15,13,Cowboy Take Me Away,Dixie Chicks,15,32,
2000-04-15,14,What I Need To Do,Kenny Chesney,16,13,Gains In Performance
2000-04-15,15,Goodbye Earl,Dixie Chicks,17,28,Gains In Performance
2000-04-15,16,Real Live Woman,Trisha Yearwood,20,14,Gains In Performance
2000-04-15,17,Couldn't Last A Moment,Collin Raye,19,11,Gains In Performance
2000-04-15,18,The Chain Of Love,Clay Walker,22,18,Gains In Performance
2000-04-15,19,Breathe,Faith Hill,18,28,
2000-04-15,20,Smile,Lonestar,14,31,
2000-04-15,21,Back At One,Mark Wills,12,24,
2000-04-15,22,Let's Make Sure We Kiss Goodbye,Vince Gill,21,12,
2000-04-15,23,Another Nine Minutes,Yankee Grey,25,14,Gains In Performance
2000-04-15,24,More,Trace Adkins,27,12,Gains In Performance
2000-04-15,25,Yes!,Chad Brock,29,9,Gains In Performance
2000-04-15,26,Unconditional,Clay Davidson,28,14,Gains In Performance
2000-04-15,27,Me Neither,Brad Paisley,26,10,Gains In Performance
2000-04-15,28,No Mercy,Ty Herndon,30,13,Gains In Performance
2000-04-15,29,Unbreakable Heart,Jessica Andrews,24,19,
2000-04-15,30,Prayin' For Daylight,Rascal Flatts,33,7,Gains In Performance
2000-04-15,31,I'll Be,Reba McEntire,36,5,Gains In Performance
2000-04-15,32,Your Everything,Keith Urban,35,8,Gains In Performance
2000-04-15,33,Flowers On The Wall,Eric Heatherly,34,8,Gains In Performance
2000-04-15,34,The Fun Of Your Love,Jennifer Day,31,20,
2000-04-15,35,Stuck In Love,The Judds,40,7,Gains In Performance
2000-04-15,36,I Hope You Dance,Lee Ann Womack With Sons Of The Desert,45,4,Greatest gainer this week|Gains In Performance
2000-04-15,37,Jimmy's Got A Girlfriend,The Wilkinsons,38,14,Gains In Performance
2000-04-15,38,Just Because She Lives There,Chalee Tennison,37,15,
2000-04-15,39,It's Always Somethin',Joe Diffie,42,10,Gains In Performance
2000-04-15,40,The Blues Man,Alan Jackson,39,9,
2000-04-15,41,You'll Always Be Loved By Me,Brooks & Dunn,44,5,Gains In Performance
2000-04-15,42,Murder On Music Row,George Strait With Alan Jackson,41,6,Gains In Performance
2000-04-15,43,Do What You Gotta Do,Garth Brooks,32,16,
2000-04-15,44,800 Pound Jesus,Sawyer Brown,46,12,Gains In Performance
2000-04-15,45,Something To Write Home About,Craig Morgan,48,8,Gains In Performance
2000-04-15,46,I Need You All The Time,BlackHawk,47,7,Gains In Performance
2000-04-15,47,Some Things Never Change,Tim McGraw,NEW,1,Highest ranking debut|Gains In Performance
2000-04-15,48,Change,Sons Of The Desert,49,6,Gains In Performance
2000-04-15,49,"Forever Works For Me (Monday, Tuesday, Wednesday, Thursday)",Neal McCoy,53,5,Gains In Performance
2000-04-15,50,Faith In You,Steve Wariner,51,5,Gains In Performance
2000-04-15,51,When You Need My Love,Darryl Worley,66,3,Gains In Performance
2000-04-15,52,Grow Young With You,Coley McCabe With Andy Griggs,50,7,
2000-04-15,53,You Are,John Michael Montgomery,54,5,Gains In Performance
2000-04-15,54,Out Here In The Water,Rebecca Lynn Howard,55,8,Gains In Performance
2000-04-15,55,That's The Beat Of A Heart,The Warren Brothers Featuring Sara Evans,63,4,Gains In Performance
2000-04-15,56,Almost Doesn't Count,Mark Wills,69,3,Gains In Performance
2000-04-15,57,She Ain't The Girl For You,The Kinleys,60,3,Gains In Performance
2000-04-15,58,Lovin' You Against My Will,Gary Allan,65,3,Gains In Performance
2000-04-15,59,I Will...But,SHeDAISY,64,14,Gains In Performance
2000-04-15,60,What About Now,Lonestar,NEW,1,Gains In Performance
2000-04-22,1,The Best Day,George Strait,2,17,Gains In Performance
2000-04-22,2,How Do You Like Me Now?!,Toby Keith,1,23,Gains In Performance
2000-04-22,3,Love's The Only House,Martina McBride,4,23,Gains In Performance
2000-04-22,4,Lessons Learned,Tracy Lawrence,3,25,
2000-04-22,5,Carlene,Phil Vassar,6,26,Gains In Performance
2000-04-22,6,Buy Me A Rose,Kenny Rogers With Alison Krauss & Billy Dean,7,26,Gains In Performance
2000-04-22,7,Been There,Clint Black With Steve Wariner,5,15,
2000-04-22,8,The Way You Love Me,Faith Hill,8,16,Gains In Performance
2000-04-22,9,She's More,Andy Griggs,9,17,Gains In Performance
2000-04-22,10,My Best Friend,Tim McGraw,10,31,
2000-04-22,11,It Was,Chely Wright,12,29,
2000-04-22,12,What I Need To Do,Kenny Chesney,14,14,Gains In Performance
2000-04-22,13,The Chain Of Love,Clay Walker,18,19,Gains In Performance
2000-04-22,14,Goodbye Earl,Dixie Chicks,15,29,Gains In Performance
2000-04-22,15,Couldn't Last A Moment,Collin Raye,17,12,Gains In Performance
2000-04-22,16,Cowboy Take Me Away,Dixie Chicks,13,33,
2000-04-22,17,Real Live Woman,Trisha Yearwood,16,15,
2000-04-22,18,Unconditional,Clay Davidson,26,15,Gains In Performance
2000-04-22,19,Yes!,Chad Brock,25,10,Gains In Performance
2000-04-22,20,Let's Make Sure We Kiss Goodbye,Vince Gill,22,13,
2000-04-22,21,More,Trace Adkins,24,13,Gains In Performance
2000-04-22,22,Another Nine Minutes,Yankee Grey,23,15,Gains In Performance
2000-04-22,23,Me Neither,Brad Paisley,27,11,Gains In Performance
2000-04-22,24,Back At One,Mark Wills,21,25,
2000-04-22,25,Because You Love Me,Jo Dee Messina,11,27,
2000-04-22,26,I'll Be,Reba McEntire,31,6,Greatest gainer this week|Gains In Performance
2000-04-22,27,No Mercy,Ty Herndon,28,14,Gains In Performance
2000-04-22,28,Prayin' For Daylight,Rascal Flatts,30,8,Gains In Performance
2000-04-22,29,Flowers On The Wall,Eric Heatherly,33,9,Gains In Performance
2000-04-22,30,Stuck In Love,The Judds,35,8,Gains In Performance
2000-04-22,31,Your Everything,Keith Urban,32,9,Gains In Performance
2000-04-22,32,I Hope You Dance,Lee Ann Womack With Sons Of The Desert,36,5,Gains In Performance
2000-04-22,33,You'll Always Be Loved By Me,Brooks & Dunn,41,6,Gains In Performance
2000-04-22,34,It's Always Somethin',Joe Diffie,39,11,Gains In Performance
2000-04-22,35,Some Things Never Change,Tim McGraw,47,2,Gains In Performance
2000-04-22,36,Jimmy's Got A Girlfriend,The Wilkinsons,37,15,
2000-04-22,37,Unbreakable Heart,Jessica Andrews,29,20,
2000-04-22,38,Just Because She Lives There,Chalee Tennison,38,16,
2000-04-22,39,Murder On Music Row,George Strait With Alan Jackson,42,7,
2000-04-22,40,800 Pound Jesus,Sawyer Brown,44,13,Gains In Performance
2000-04-22,41,I Need You All The Time,BlackHawk,46,8,Gains In Performance
2000-04-22,42,Faith In You,Steve Wariner,50,6,Gains In Performance
2000-04-22,43,Something To Write Home About,Craig Morgan,45,9,Gains In Performance
2000-04-22,44,When You Need My Love,Darryl Worley,51,4,Gains In Performance
2000-04-22,45,Change,Sons Of The Desert,48,7,Gains In Performance
2000-04-22,46,The Blues Man,Alan Jackson,40,10,
2000-04-22,47,"Forever Works For Me (Monday, Tuesday, Wednesday, Thursday)",Neal McCoy,49,6,Gains In Performance
2000-04-22,48,Almost Doesn't Count,Mark Wills,56,4,Gains In Performance
2000-04-22,49,Lovin' You Against My Will,Gary Allan,58,4,Gains In Performance
2000-04-22,50,You Are,John Michael Montgomery,53,6,Gains In Performance
2000-04-22,51,That's The Beat Of A Heart,The Warren Brothers Featuring Sara Evans,55,5,Gains In Performance
2000-04-22,52,I Will...But,SHeDAISY,59,15,Gains In Performance
2000-04-22,53,Grow Young With You,Coley McCabe With Andy Griggs,52,8,Gains In Performance
2000-04-22,54,Do What You Gotta Do,Garth Brooks,43,17,
2000-04-22,55,"Love, You Ain't Seen The Last Of Me",Tracy Byrd,63,4,Gains In Performance
2000-04-22,56,What About Now,Lonestar,60,2,Gains In Performance
2000-04-22,57,She Ain't The Girl For You,The Kinleys,57,4,Gains In Performance
2000-04-22,58,I Need You,LeAnn Rimes,65,2,Gains In Performance
2000-04-22,59,Do I Love You Enough,Ricochet,71,4,Gains In Performance
2000-04-22,60,Out Here In The Water,Rebecca Lynn Howard,54,9,
2000-04-29,1,The Best Day,George Strait,1,18,
2000-04-29,2,How Do You Like Me Now?!,Toby Keith,2,24,
2000-04-29,3,Love's The Only House,Martina McBride,3,24,
2000-04-29,4,Buy Me A Rose,Kenny Rogers With Alison Krauss & Billy Dean,6,27,Gains In Performance
2000-04-29,5,Carlene,Phil Vassar,5,27,Gains In Performance
2000-04-29,6,The Way You Love Me,Faith Hill,8,17,Gains In Performance
2000-04-29,7,Been There,Clint Black With Steve Wariner,7,16,Gains In Performance
2000-04-29,8,She's More,Andy Griggs,9,18,Gains In Performance
2000-04-29,9,The Chain Of Love,Clay Walker,13,20,Gains In Performance
2000-04-29,10,Lessons Learned,Tracy Lawrence,4,26,
2000-04-29,11,What I Need To Do,Kenny Chesney,12,15,Gains In Performance
2000-04-29,12,Couldn't Last A Moment,Collin Raye,15,13,Gains In Performance
2000-04-29,13,Goodbye Earl,Dixie Chicks,14,30,
2000-04-29,14,My Best Friend,Tim McGraw,10,32,
2000-04-29,15,Yes!,Chad Brock,19,11,Gains In Performance
2000-04-29,16,It Was,Chely Wright,11,30,
2000-04-29,17,Cowboy Take Me Away,Dixie Chicks,16,34,
2000-04-29,18,Unconditional,Clay Davidson,18,16,Gains In Performance
2000-04-29,19,Another Nine Minutes,Yankee Grey,22,16,Gains In Performance
2000-04-29,20,Real Live Woman,Trisha Yearwood,17,16,
2000-04-29,21,More,Trace Adkins,21,14,Gains In Performance
2000-04-29,22,Me Neither,Brad Paisley,23,12,Gains In Performance
2000-04-29,23,Back At One,Mark Wills,24,26,
2000-04-29,24,I'll Be,Reba McEntire,26,7,Gains In Performance
2000-04-29,25,Let's Make Sure We Kiss Goodbye,Vince Gill,20,14,
2000-04-29,26,Prayin' For Daylight,Rascal Flatts,28,9,Gains In Performance
2000-04-29,27,No Mercy,Ty Herndon,27,15,Gains In Performance
2000-04-29,28,Flowers On The Wall,Eric Heatherly,29,10,Gains In Performance
2000-04-29,29,I Hope You Dance,Lee Ann Womack With Sons Of The Desert,32,6,Gains In Performance
2000-04-29,30,Some Things Never Change,Tim McGraw,35,3,Gains In Performance
2000-04-29,31,Stuck In Love,The Judds,30,9,Gains In Performance
2000-04-29,32,Your Everything,Keith Urban,31,10,Gains In Performance
2000-04-29,33,You'll Always Be Loved By Me,Brooks & Dunn,33,7,Gains In Performance
2000-04-29,34,It's Always Somethin',Joe Diffie,34,12,Gains In Performance
2000-04-29,35,Faith In You,Steve Wariner,42,7,Gains In Performance
2000-04-29,36,Just Because She Lives There,Chalee Tennison,38,17,
2000-04-29,37,When You Need My Love,Darryl Worley,44,5,Gains In Performance
2000-04-29,38,Murder On Music Row,George Strait With Alan Jackson,39,8,
2000-04-29,39,Something To Write Home About,Craig Morgan,43,10,Gains In Performance
2000-04-29,40,What About Now,Lonestar,56,3,Gains In Performance
2000-04-29,41,800 Pound Jesus,Sawyer Brown,40,14,
2000-04-29,42,I Need You All The Time,BlackHawk,41,9,
2000-04-29,43,"Forever Works For Me (Monday, Tuesday, Wednesday, Thursday)",Neal McCoy,47,7,Gains In Performance
2000-04-29,44,Almost Doesn't Count,Mark Wills,48,5,Gains In Performance
2000-04-29,45,Jimmy's Got A Girlfriend,The Wilkinsons,36,16,
2000-04-29,46,Change,Sons Of The Desert,45,8,Gains In Performance
2000-04-29,47,"Love, You Ain't Seen The Last Of Me",Tracy Byrd,55,5,Gains In Performance
2000-04-29,48,I Need You,LeAnn Rimes,58,3,Gains In Performance
2000-04-29,49,That's The Beat Of A Heart,The Warren Brothers Featuring Sara Evans,51,6,Gains In Performance
2000-04-29,50,Lovin' You Against My Will,Gary Allan,49,5,Gains In Performance
2000-04-29,51,I Will...But,SHeDAISY,52,16,Gains In Performance
2000-04-29,52,You Are,John Michael Montgomery,50,7,Gains In Performance
2000-04-29,53,She Ain't The Girl For You,The Kinleys,57,5,Gains In Performance
2000-04-29,54,Do I Love You Enough,Ricochet,59,5,Gains In Performance
2000-04-29,55,The Blues Man,Alan Jackson,46,11,
2000-04-29,56,Grow Young With You,Coley McCabe With Andy Griggs,53,9,
2000-04-29,57,Blue Moon,Steve Holy,69,2,Gains In Performance
2000-04-29,58,Do What You Gotta Do,Garth Brooks,54,18,
2000-04-29,59,Honey I Do,Danni Leigh,62,5,Gains In Performance
2000-04-29,60,Trouble With Angels,Kathy Mattea,71,2,Gains In Performance
2000-05-06,1,The Best Day,George Strait,1,19,
2000-05-06,2,Buy Me A Rose,Kenny Rogers With Alison Krauss & Billy Dean,4,28,Gains In Performance
2000-05-06,3,How Do You Like Me Now?!,Toby Keith,2,25,
2000-05-06,4,The Way You Love Me,Faith Hill,6,18,Gains In Performance
2000-05-06,5,Carlene,Phil Vassar,5,28,Gains In Performance
2000-05-06,6,She's More,Andy Griggs,8,19,Gains In Performance
2000-05-06,7,Love's The Only House,Martina McBride,3,25,
2000-05-06,8,Been There,Clint Black With Steve Wariner,7,17,
2000-05-06,9,The Chain Of Love,Clay Walker,9,21,Gains In Performance
2000-05-06,10,What I Need To Do,Kenny Chesney,11,16,Gains In Performance
2000-05-06,11,Couldn't Last A Moment,Collin Raye,12,14,Gains In Performance
2000-05-06,12,Yes!,Chad Brock,15,12,Gains In Performance
2000-05-06,13,Unconditional,Clay Davidson,18,17,Gains In Performance
2000-05-06,14,Lessons Learned,Tracy Lawrence,10,27,
2000-05-06,15,Goodbye Earl,Dixie Chicks,13,31,
2000-05-06,16,Cowboy Take Me Away,Dixie Chicks,17,35,
2000-05-06,17,My Best Friend,Tim McGraw,14,33,
2000-05-06,18,More,Trace Adkins,21,15,Gains In Performance
2000-05-06,19,Another Nine Minutes,Yankee Grey,19,17,Gains In Performance
2000-05-06,20,Me Neither,Brad Paisley,22,13,Gains In Performance
2000-05-06,21,Real Live Woman,Trisha Yearwood,20,17,
2000-05-06,22,I'll Be,Reba McEntire,24,8,Gains In Performance
2000-05-06,23,Some Things Never Change,Tim McGraw,30,4,Greatest gainer this week|Gains In Performance
2000-05-06,24,I Hope You Dance,Lee Ann Womack With Sons Of The Desert,29,7,Gains In Performance
2000-05-06,25,Prayin' For Daylight,Rascal Flatts,26,10,Gains In Performance
2000-05-06,26,No Mercy,Ty Herndon,27,16,Gains In Performance
2000-05-06,27,Flowers On The Wall,Eric Heatherly,28,11,Gains In Performance
2000-05-06,28,Your Everything,Keith Urban,32,11,Gains In Performance
2000-05-06,29,Stuck In Love,The Judds,31,10,Gains In Performance
2000-05-06,30,You'll Always Be Loved By Me,Brooks & Dunn,33,8,Gains In Performance
2000-05-06,31,Let's Make Sure We Kiss Goodbye,Vince Gill,25,15,
2000-05-06,32,It's Always Somethin',Joe Diffie,34,13,Gains In Performance
2000-05-06,33,What About Now,Lonestar,40,4,Gains In Performance
2000-05-06,34,Faith In You,Steve Wariner,35,8,Gains In Performance
2000-05-06,35,When You Need My Love,Darryl Worley,37,6,Gains In Performance
2000-05-06,36,I Will...But,SHeDAISY,51,17,Gains In Performance
2000-05-06,37,Almost Doesn't Count,Mark Wills,44,6,Gains In Performance
2000-05-06,38,I Need You,LeAnn Rimes,48,4,Gains In Performance
2000-05-06,39,"Forever Works For Me (Monday, Tuesday, Wednesday, Thursday)",Neal McCoy,43,8,Gains In Performance
2000-05-06,40,I Need You All The Time,BlackHawk,42,10,Gains In Performance
2000-05-06,41,Something To Write Home About,Craig Morgan,39,11,Gains In Performance
2000-05-06,42,Lovin' You Against My Will,Gary Allan,50,6,Gains In Performance
2000-05-06,43,Murder On Music Row,George Strait With Alan Jackson,38,9,
2000-05-06,44,That's The Beat Of A Heart,The Warren Brothers Featuring Sara Evans,49,7,Gains In Performance
2000-05-06,45,Change,Sons Of The Desert,46,9,Gains In Performance
2000-05-06,46,800 Pound Jesus,Sawyer Brown,41,15,
2000-05-06,47,"Love, You Ain't Seen The Last Of Me",Tracy Byrd,47,6,Gains In Performance
2000-05-06,48,You Are,John Michael Montgomery,52,8,Gains In Performance
2000-05-06,49,It Must Be Love,Alan Jackson,68,2,Gains In Performance
2000-05-06,50,Do I Love You Enough,Ricochet,54,6,Gains In Performance
2000-05-06,51,She Ain't The Girl For You,The Kinleys,53,6,Gains In Performance
2000-05-06,52,Just Because She Lives There,Chalee Tennison,36,18,
2000-05-06,53,Jimmy's Got A Girlfriend,The Wilkinsons,45,17,
2000-05-06,54,Self Made Man,Montgomery Gentry,61,3,Gains In Performance
2000-05-06,55,Blue Moon,Steve Holy,57,3,Gains In Performance
2000-05-06,56,You Ain't Hurt Nothin' Yet,John Anderson,73,2,Gains In Performance
2000-05-06,57,Fallin' Never Felt So Good,Mark Chesnutt,66,3,Gains In Performance
2000-05-06,58,If You Can,Tammy Cochran,62,3,Gains In Performance
2000-05-06,59,Trouble With Angels,Kathy Mattea,60,3,Gains In Performance
2000-05-06,60,Honey I Do,Danni Leigh,59,6,
2000-05-13,1,Buy Me A Rose,Kenny Rogers With Alison Krauss & Billy Dean,2,29,Gains In Performance
2000-05-13,2,The Best Day,George Strait,1,20,
2000-05-13,3,The Way You Love Me,Faith Hill,4,19,Gains In Performance
2000-05-13,4,She's More,Andy Griggs,6,20,Gains In Performance
2000-05-13,5,Carlene,Phil Vassar,5,29,
2000-05-13,6,How Do You Like Me Now?!,Toby Keith,3,26,
2000-05-13,7,The Chain Of Love,Clay Walker,9,22,Gains In Performance
2000-05-13,8,Been There,Clint Black With Steve Wariner,8,18,Gains In Performance
2000-05-13,9,Couldn't Last A Moment,Collin Raye,11,15,Gains In Performance
2000-05-13,10,Yes!,Chad Brock,12,13,Gains In Performance
2000-05-13,11,What I Need To Do,Kenny Chesney,10,17,Gains In Performance
2000-05-13,12,Love's The Only House,Martina McBride,7,26,
2000-05-13,13,Unconditional,Clay Davidson,13,18,Gains In Performance
2000-05-13,14,More,Trace Adkins,18,16,Gains In Performance
2000-05-13,15,Another Nine Minutes,Yankee Grey,19,18,Gains In Performance
2000-05-13,16,Some Things Never Change,Tim McGraw,23,5,Gains In Performance
2000-05-13,17,I Hope You Dance,Lee Ann Womack With Sons Of The Desert,24,8,Gains In Performance
2000-05-13,18,Me Neither,Brad Paisley,20,14,Gains In Performance
2000-05-13,19,I'll Be,Reba McEntire,22,9,Gains In Performance
2000-05-13,20,Cowboy Take Me Away,Dixie Chicks,16,36,
2000-05-13,21,Prayin' For Daylight,Rascal Flatts,25,11,Gains In Performance
2000-05-13,22,My Best Friend,Tim McGraw,17,34,
2000-05-13,23,Goodbye Earl,Dixie Chicks,15,32,
2000-05-13,24,Lessons Learned,Tracy Lawrence,14,28,
2000-05-13,25,Flowers On The Wall,Eric Heatherly,27,12,Gains In Performance
2000-05-13,26,No Mercy,Ty Herndon,26,17,Gains In Performance
2000-05-13,27,Your Everything,Keith Urban,28,12,Gains In Performance
2000-05-13,28,Real Live Woman,Trisha Yearwood,21,18,
2000-05-13,29,Stuck In Love,The Judds,29,11,Gains In Performance
2000-05-13,30,What About Now,Lonestar,33,5,Greatest gainer this week|Gains In Performance
2000-05-13,31,You'll Always Be Loved By Me,Brooks & Dunn,30,9,Gains In Performance
2000-05-13,32,It's Always Somethin',Joe Diffie,32,14,Gains In Performance
2000-05-13,33,Faith In You,Steve Wariner,34,9,Gains In Performance
2000-05-13,34,I Will...But,SHeDAISY,36,18,Gains In Performance
2000-05-13,35,When You Need My Love,Darryl Worley,35,7,Gains In Performance
2000-05-13,36,Almost Doesn't Count,Mark Wills,37,7,Gains In Performance
2000-05-13,37,I Need You,LeAnn Rimes,38,5,Gains In Performance
2000-05-13,38,Something To Write Home About,Craig Morgan,41,12,Gains In Performance
2000-05-13,39,It Must Be Love,Alan Jackson,49,3,Gains In Performance
2000-05-13,40,Let's Make Sure We Kiss Goodbye,Vince Gill,31,16,
2000-05-13,41,"Forever Works For Me (Monday, Tuesday, Wednesday, Thursday)",Neal McCoy,39,9,Gains In Performance
2000-05-13,42,I Need You All The Time,BlackHawk,40,11,Gains In Performance
2000-05-13,43,Lovin' You Against My Will,Gary Allan,42,7,Gains In Performance
2000-05-13,44,That's The Beat Of A Heart,The Warren Brothers Featuring Sara Evans,44,8,Gains In Performance
2000-05-13,45,"Love, You Ain't Seen The Last Of Me",Tracy Byrd,47,7,Gains In Performance
2000-05-13,46,Change,Sons Of The Desert,45,10,Gains In Performance
2000-05-13,47,She Ain't The Girl For You,The Kinleys,51,7,Gains In Performance
2000-05-13,48,Self Made Man,Montgomery Gentry,54,4,Gains In Performance
2000-05-13,49,Murder On Music Row,George Strait With Alan Jackson,43,10,
2000-05-13,50,Do I Love You Enough,Ricochet,50,7,Gains In Performance
2000-05-13,51,Blue Moon,Steve Holy,55,4,Gains In Performance
2000-05-13,52,You Are,John Michael Montgomery,48,9,
2000-05-13,53,Trouble With Angels,Kathy Mattea,59,4,Gains In Performance
2000-05-13,54,A Little Left Of Center,Randy Travis,65,3,Gains In Performance
2000-05-13,55,If You Can,Tammy Cochran,58,4,Gains In Performance
2000-05-13,56,800 Pound Jesus,Sawyer Brown,46,16,
2000-05-13,57,Fallin' Never Felt So Good,Mark Chesnutt,57,4,Gains In Performance
2000-05-13,58,Jimmy's Got A Girlfriend,The Wilkinsons,53,18,
2000-05-13,59,When You Come Back To Me Again,Garth Brooks,NEW,1,Highest ranking debut|Gains In Performance
2000-05-13,60,Just Because She Lives There,Chalee Tennison,52,19,
2000-05-20,1,The Way You Love Me,Faith Hill,3,20,Gains In Performance
2000-05-20,2,She's More,Andy Griggs,4,21,
2000-05-20,3,Buy Me A Rose,Kenny Rogers With Alison Krauss & Billy Dean,1,30,
2000-05-20,4,The Chain Of Love,Clay Walker,7,23,Gains In Performance
2000-05-20,5,The Best Day,George Strait,2,21,
2000-05-20,6,Carlene,Phil Vassar,5,30,
2000-05-20,7,How Do You Like Me Now?!,Toby Keith,6,27,
2000-05-20,8,Yes!,Chad Brock,10,14,Gains In Performance
2000-05-20,9,Been There,Clint Black With Steve Wariner,8,19,
2000-05-20,10,Couldn't Last A Moment,Collin Raye,9,16,Gains In Performance
2000-05-20,11,What I Need To Do,Kenny Chesney,11,18,Gains In Performance
2000-05-20,12,Unconditional,Clay Davidson,13,19,Gains In Performance
2000-05-20,13,More,Trace Adkins,14,17,Gains In Performance
2000-05-20,14,I Hope You Dance,Lee Ann Womack With Sons Of The Desert,17,9,Gains In Performance
2000-05-20,15,Another Nine Minutes,Yankee Grey,15,19,Gains In Performance
2000-05-20,16,Some Things Never Change,Tim McGraw,16,6,Gains In Performance
2000-05-20,17,Love's The Only House,Martina McBride,12,27,
2000-05-20,18,Me Neither,Brad Paisley,18,15,Gains In Performance
2000-05-20,19,I'll Be,Reba McEntire,19,10,Gains In Performance
2000-05-20,20,Prayin' For Daylight,Rascal Flatts,21,12,Gains In Performance
2000-05-20,21,Cowboy Take Me Away,Dixie Chicks,20,37,
2000-05-20,22,Flowers On The Wall,Eric Heatherly,25,13,Gains In Performance
2000-05-20,23,My Best Friend,Tim McGraw,22,35,
2000-05-20,24,Your Everything,Keith Urban,27,13,Gains In Performance
2000-05-20,25,Lessons Learned,Tracy Lawrence,24,29,
2000-05-20,26,No Mercy,Ty Herndon,26,18,
2000-05-20,27,What About Now,Lonestar,30,6,Gains In Performance
2000-05-20,28,Stuck In Love,The Judds,29,12,Gains In Performance
2000-05-20,29,You'll Always Be Loved By Me,Brooks & Dunn,31,10,Gains In Performance
2000-05-20,30,It's Always Somethin',Joe Diffie,32,15,Gains In Performance
2000-05-20,31,It Must Be Love,Alan Jackson,39,4,Gains In Performance
2000-05-20,32,I Will...But,SHeDAISY,34,19,Gains In Performance
2000-05-20,33,Faith In You,Steve Wariner,33,10,Gains In Performance
2000-05-20,34,When You Need My Love,Darryl Worley,35,8,Gains In Performance
2000-05-20,35,Almost Doesn't Count,Mark Wills,36,8,Gains In Performance
2000-05-20,36,I Need You,LeAnn Rimes,37,6,Gains In Performance
2000-05-20,37,Real Live Woman,Trisha Yearwood,28,19,
2000-05-20,38,"Forever Works For Me (Monday, Tuesday, Wednesday, Thursday)",Neal McCoy,41,10,Gains In Performance
2000-05-20,39,That's The Beat Of A Heart,The Warren Brothers Featuring Sara Evans,44,9,Gains In Performance
2000-05-20,40,I Need You All The Time,BlackHawk,42,12,Gains In Performance
2000-05-20,41,Something To Write Home About,Craig Morgan,38,13,
2000-05-20,42,Lovin' You Against My Will,Gary Allan,43,8,Gains In Performance
2000-05-20,43,Self Made Man,Montgomery Gentry,48,5,Gains In Performance
2000-05-20,44,"Love, You Ain't Seen The Last Of Me",Tracy Byrd,45,8,
2000-05-20,45,Blue Moon,Steve Holy,51,5,Gains In Performance
2000-05-20,46,Cold Day In July,Dixie Chicks,NEW,1,Highest ranking debut|Gains In Performance
2000-05-20,47,She Ain't The Girl For You,The Kinleys,47,8,Gains In Performance
2000-05-20,48,Change,Sons Of The Desert,46,11,
2000-05-20,49,Do I Love You Enough,Ricochet,50,8,Gains In Performance
2000-05-20,50,That's The Way,Jo Dee Messina,NEW,1,Gains In Performance
2000-05-20,51,Murder On Music Row,George Strait With Alan Jackson,49,11,
2000-05-20,52,When You Come Back To Me Again,Garth Brooks,59,2,Gains In Performance
2000-05-20,53,Let's Make Sure We Kiss Goodbye,Vince Gill,40,17,
2000-05-20,54,You Are,John Michael Montgomery,52,10,
2000-05-20,55,Fallin' Never Felt So Good,Mark Chesnutt,57,5,Gains In Performance
2000-05-20,56,If You Can,Tammy Cochran,55,5,Gains In Performance
2000-05-20,57,A Little Left Of Center,Randy Travis,54,4,Gains In Performance
2000-05-20,58,Breathless,River Road,61,5,Gains In Performance
2000-05-20,59,Trouble With Angels,Kathy Mattea,53,5,
2000-05-20,60,Let's Make Love,Faith Hill With Tim McGraw,RE,21,Gains In Performance
2000-05-27,1,The Way You Love Me,Faith Hill,1,21,Gains In Performance
2000-05-27,2,She's More,Andy Griggs,2,22,Gains In Performance
2000-05-27,3,The Chain Of Love,Clay Walker,4,24,Gains In Performance
2000-05-27,4,Yes!,Chad Brock,8,15,Gains In Performance
2000-05-27,5,Buy Me A Rose,Kenny Rogers With Alison Krauss & Billy Dean,3,31,
2000-05-27,6,The Best Day,George Strait,5,22,
2000-05-27,7,Couldn't Last A Moment,Collin Raye,10,17,Gains In Performance
2000-05-27,8,How Do You Like Me Now?!,Toby Keith,7,28,
2000-05-27,9,What I Need To Do,Kenny Chesney,11,19,
2000-05-27,10,Unconditional,Clay Davidson,12,20,Gains In Performance
2000-05-27,11,Been There,Clint Black With Steve Wariner,9,20,
2000-05-27,12,Carlene,Phil Vassar,6,31,
2000-05-27,13,I Hope You Dance,Lee Ann Womack With Sons Of The Desert,14,10,Gains In Performance
2000-05-27,14,More,Trace Adkins,13,18,Gains In Performance
2000-05-27,15,Some Things Never Change,Tim McGraw,16,7,Gains In Performance
2000-05-27,16,I'll Be,Reba McEntire,19,11,Gains In Performance
2000-05-27,17,Another Nine Minutes,Yankee Grey,15,20,
2000-05-27,18,Prayin' For Daylight,Rascal Flatts,20,13,Gains In Performance
2000-05-27,19,Me Neither,Brad Paisley,18,16,
2000-05-27,20,Love's The Only House,Martina McBride,17,28,
2000-05-27,21,Flowers On The Wall,Eric Heatherly,22,14,Gains In Performance
2000-05-27,22,What About Now,Lonestar,27,7,Gains In Performance
2000-05-27,23,Cowboy Take Me Away,Dixie Chicks,21,38,
2000-05-27,24,Your Everything,Keith Urban,24,14,Gains In Performance
2000-05-27,25,My Best Friend,Tim McGraw,23,36,
2000-05-27,26,Stuck In Love,The Judds,28,13,
2000-05-27,27,You'll Always Be Loved By Me,Brooks & Dunn,29,11,Gains In Performance
2000-05-27,28,It Must Be Love,Alan Jackson,31,5,Gains In Performance
2000-05-27,29,It's Always Somethin',Joe Diffie,30,16,Gains In Performance
2000-05-27,30,I Will...But,SHeDAISY,32,20,Gains In Performance
2000-05-27,31,No Mercy,Ty Herndon,26,19,
2000-05-27,32,Faith In You,Steve Wariner,33,11,Gains In Performance
2000-05-27,33,Cold Day In July,Dixie Chicks,46,2,Gains In Performance
2000-05-27,34,I Need You,LeAnn Rimes,36,7,Gains In Performance
2000-05-27,35,Almost Doesn't Count,Mark Wills,35,9,Gains In Performance
2000-05-27,36,When You Need My Love,Darryl Worley,34,9,Gains In Performance
2000-05-27,37,That's The Way,Jo Dee Messina,50,2,Gains In Performance
2000-05-27,38,When You Come Back To Me Again,Garth Brooks,52,3,Gains In Performance
2000-05-27,39,Something To Write Home About,Craig Morgan,41,14,Gains In Performance
2000-05-27,40,That's The Beat Of A Heart,The Warren Brothers Featuring Sara Evans,39,10,Gains In Performance
2000-05-27,41,Self Made Man,Montgomery Gentry,43,6,Gains In Performance
2000-05-27,42,Blue Moon,Steve Holy,45,6,Gains In Performance
2000-05-27,43,Lovin' You Against My Will,Gary Allan,42,9,Gains In Performance
2000-05-27,44,"Forever Works For Me (Monday, Tuesday, Wednesday, Thursday)",Neal McCoy,38,11,
2000-05-27,45,Real Live Woman,Trisha Yearwood,37,20,
2000-05-27,46,I Need You All The Time,BlackHawk,40,13,
2000-05-27,47,She Ain't The Girl For You,The Kinleys,47,9,Gains In Performance
2000-05-27,48,Do I Love You Enough,Ricochet,49,9,Gains In Performance
2000-05-27,49,"Love, You Ain't Seen The Last Of Me",Tracy Byrd,44,9,
2000-05-27,50,Change,Sons Of The Desert,48,12,
2000-05-27,51,If You Can,Tammy Cochran,56,6,Gains In Performance
2000-05-27,52,Fallin' Never Felt So Good,Mark Chesnutt,55,6,Gains In Performance
2000-05-27,53,Let's Make Sure We Kiss Goodbye,Vince Gill,53,18,
2000-05-27,54,Breathless,River Road,58,6,Gains In Performance
2000-05-27,55,Murder On Music Row,George Strait With Alan Jackson,51,12,
2000-05-27,56,There You Are,Martina McBride,67,3,Gains In Performance
2000-05-27,57,A Little Left Of Center,Randy Travis,57,5,
2000-05-27,58,Trouble With Angels,Kathy Mattea,59,6,Gains In Performance
2000-05-27,59,Feels Like Love,Vince Gill,62,2,Gains In Performance
2000-05-27,60,Country Comes To Town,Toby Keith,NEW,1,Highest ranking debut|Gains In Performance
2000-06-03,1,The Way You Love Me,Faith Hill,1,22,
2000-06-03,2,She's More,Andy Griggs,2,23,Gains In Performance
2000-06-03,3,The Chain Of Love,Clay Walker,3,25,Gains In Performance
2000-06-03,4,Yes!,Chad Brock,4,16,Gains In Performance
2000-06-03,5,Couldn't Last A Moment,Collin Raye,7,18,Gains In Performance
2000-06-03,6,Unconditional,Clay Davidson,10,21,Gains In Performance
2000-06-03,7,Buy Me A Rose,Kenny Rogers With Alison Krauss & Billy Dean,5,32,
2000-06-03,8,I Hope You Dance,Lee Ann Womack With Sons Of The Desert,13,11,Gains In Performance
2000-06-03,9,What I Need To Do,Kenny Chesney,9,20,Gains In Performance
2000-06-03,10,The Best Day,George Strait,6,23,
2000-06-03,11,How Do You Like Me Now?!,Toby Keith,8,29,
2000-06-03,12,More,Trace Adkins,14,19,Gains In Performance
2000-06-03,13,Some Things Never Change,Tim McGraw,15,8,Gains In Performance
2000-06-03,14,I'll Be,Reba McEntire,16,12,Gains In Performance
2000-06-03,15,Prayin' For Daylight,Rascal Flatts,18,14,Gains In Performance
2000-06-03,16,Carlene,Phil Vassar,12,32,
2000-06-03,17,Another Nine Minutes,Yankee Grey,17,21,
2000-06-03,18,Been There,Clint Black With Steve Wariner,11,21,
2000-06-03,19,Flowers On The Wall,Eric Heatherly,21,15,Gains In Performance
2000-06-03,20,What About Now,Lonestar,22,8,Gains In Performance
2000-06-03,21,Me Neither,Brad Paisley,19,17,
2000-06-03,22,Your Everything,Keith Urban,24,15,Gains In Performance
2000-06-03,23,Cowboy Take Me Away,Dixie Chicks,23,39,
2000-06-03,24,My Best Friend,Tim McGraw,25,37,
2000-06-03,25,It Must Be Love,Alan Jackson,28,6,Gains In Performance
2000-06-03,26,I Will...But,SHeDAISY,30,21,Gains In Performance
2000-06-03,27,Cold Day In July,Dixie Chicks,33,3,Gains In Performance
2000-06-03,28,You'll Always Be Loved By Me,Brooks & Dunn,27,12,Gains In Performance
2000-06-03,29,It's Always Somethin',Joe Diffie,29,17,Gains In Performance
2000-06-03,30,Stuck In Love,The Judds,26,14,
2000-06-03,31,Faith In You,Steve Wariner,32,12,Gains In Performance
2000-06-03,32,That's The Way,Jo Dee Messina,37,3,Gains In Performance
2000-06-03,33,When You Need My Love,Darryl Worley,36,10,Gains In Performance
2000-06-03,34,Almost Doesn't Count,Mark Wills,35,10,Gains In Performance
2000-06-03,35,I Need You,LeAnn Rimes,34,8,Gains In Performance
2000-06-03,36,When You Come Back To Me Again,Garth Brooks,38,4,Gains In Performance
2000-06-03,37,No Mercy,Ty Herndon,31,20,
2000-06-03,38,That's The Beat Of A Heart,The Warren Brothers Featuring Sara Evans,40,11,Gains In Performance
2000-06-03,39,Blue Moon,Steve Holy,42,7,Gains In Performance
2000-06-03,40,Lovin' You Against My Will,Gary Allan,43,10,Gains In Performance
2000-06-03,41,Self Made Man,Montgomery Gentry,41,7,Gains In Performance
2000-06-03,42,"Forever Works For Me (Monday, Tuesday, Wednesday, Thursday)",Neal McCoy,44,12,Gains In Performance
2000-06-03,43,I Need You All The Time,BlackHawk,46,14,Gains In Performance
2000-06-03,44,She Ain't The Girl For You,The Kinleys,47,10,Gains In Performance
2000-06-03,45,Something To Write Home About,Craig Morgan,39,15,
2000-06-03,46,Do I Love You Enough,Ricochet,48,10,Gains In Performance
2000-06-03,47,Country Comes To Town,Toby Keith,60,2,Gains In Performance
2000-06-03,48,"Love, You Ain't Seen The Last Of Me",Tracy Byrd,49,10,
2000-06-03,49,Change,Sons Of The Desert,50,13,
2000-06-03,50,Breathless,River Road,54,7,Gains In Performance
2000-06-03,51,Feels Like Love,Vince Gill,59,3,Gains In Performance
2000-06-03,52,If You Can,Tammy Cochran,51,7,Gains In Performance
2000-06-03,53,There You Are,Martina McBride,56,4,Gains In Performance
2000-06-03,54,Fallin' Never Felt So Good,Mark Chesnutt,52,7,
2000-06-03,55,Sinners & Saints,George Jones,64,4,Gains In Performance
2000-06-03,56,Murder On Music Row,George Strait With Alan Jackson,55,13,
2000-06-03,57,Kiss This,Aaron Tippin,70,2,Gains In Performance
2000-06-03,58,Goodbye Is The Wrong Way To Go,Wade Hayes,62,5,Gains In Performance
2000-06-03,59,One Voice,Billy Gilman,71,2,Gains In Performance
2000-06-03,60,Let's Make Love,Faith Hill With Tim McGraw,63,23,Gains In Performance
2000-06-10,1,The Way You Love Me,Faith Hill,1,23,
2000-06-10,2,She's More,Andy Griggs,2,24,Gains In Performance
2000-06-10,3,Yes!,Chad Brock,4,17,Gains In Performance
2000-06-10,4,The Chain Of Love,Clay Walker,3,26,Gains In Performance
2000-06-10,5,Couldn't Last A Moment,Collin Raye,5,19,Gains In Performance
2000-06-10,6,Unconditional,Clay Davidson,6,22,Gains In Performance
2000-06-10,7,I Hope You Dance,Lee Ann Womack With Sons Of The Desert,8,12,Gains In Performance
2000-06-10,8,What I Need To Do,Kenny Chesney,9,21,Gains In Performance
2000-06-10,9,How Do You Like Me Now?!,Toby Keith,11,30,
2000-06-10,10,More,Trace Adkins,12,20,Gains In Performance
2000-06-10,11,Some Things Never Change,Tim McGraw,13,9,Gains In Performance
2000-06-10,12,The Best Day,George Strait,10,24,
2000-06-10,13,Buy Me A Rose,Kenny Rogers With Alison Krauss & Billy Dean,7,33,
2000-06-10,14,I'll Be,Reba McEntire,14,13,Gains In Performance
2000-06-10,15,Prayin' For Daylight,Rascal Flatts,15,15,Gains In Performance
2000-06-10,16,Flowers On The Wall,Eric Heatherly,19,16,Gains In Performance
2000-06-10,17,What About Now,Lonestar,20,9,Gains In Performance
2000-06-10,18,Your Everything,Keith Urban,22,16,Gains In Performance
2000-06-10,19,Another Nine Minutes,Yankee Grey,17,22,
2000-06-10,20,It Must Be Love,Alan Jackson,25,7,Gains In Performance
2000-06-10,21,Cold Day In July,Dixie Chicks,27,4,Greatest gainer this week|Gains In Performance
2000-06-10,22,Carlene,Phil Vassar,16,33,
2000-06-10,23,Been There,Clint Black With Steve Wariner,18,22,
2000-06-10,24,I Will...But,SHeDAISY,26,22,Gains In Performance
2000-06-10,25,Cowboy Take Me Away,Dixie Chicks,23,40,
2000-06-10,26,You'll Always Be Loved By Me,Brooks & Dunn,28,13,Gains In Performance
2000-06-10,27,It's Always Somethin',Joe Diffie,29,18,Gains In Performance
2000-06-10,28,That's The Way,Jo Dee Messina,32,4,Gains In Performance
2000-06-10,29,Faith In You,Steve Wariner,31,13,Gains In Performance
2000-06-10,30,Me Neither,Brad Paisley,21,18,
2000-06-10,31,When You Come Back To Me Again,Garth Brooks,36,5,Gains In Performance
2000-06-10,32,Almost Doesn't Count,Mark Wills,34,11,Gains In Performance
2000-06-10,33,When You Need My Love,Darryl Worley,33,11,Gains In Performance
2000-06-10,34,I Need You,LeAnn Rimes,35,9,Gains In Performance
2000-06-10,35,Stuck In Love,The Judds,30,15,
2000-06-10,36,That's The Beat Of A Heart,The Warren Brothers Featuring Sara Evans,38,12,Gains In Performance
2000-06-10,37,Lovin' You Against My Will,Gary Allan,40,11,Gains In Performance
2000-06-10,38,Blue Moon,Steve Holy,39,8,Gains In Performance
2000-06-10,39,Self Made Man,Montgomery Gentry,41,8,Gains In Performance
2000-06-10,40,She Ain't The Girl For You,The Kinleys,44,11,Gains In Performance
2000-06-10,41,Country Comes To Town,Toby Keith,47,3,Gains In Performance
2000-06-10,42,"Forever Works For Me (Monday, Tuesday, Wednesday, Thursday)",Neal McCoy,42,13,
2000-06-10,43,Feels Like Love,Vince Gill,51,4,Gains In Performance
2000-06-10,44,There You Are,Martina McBride,53,5,Gains In Performance
2000-06-10,45,Do I Love You Enough,Ricochet,46,11,
2000-06-10,46,I Need You All The Time,BlackHawk,43,15,
2000-06-10,47,One Voice,Billy Gilman,59,3,Gains In Performance
2000-06-10,48,Breathless,River Road,50,8,Gains In Performance
2000-06-10,49,Stuff,Diamond Rio,65,4,Gains In Performance
2000-06-10,50,Something To Write Home About,Craig Morgan,45,16,
2000-06-10,51,Kiss This,Aaron Tippin,57,3,Gains In Performance
2000-06-10,52,Let's Make Love,Faith Hill With Tim McGraw,60,24,Gains In Performance
2000-06-10,53,If You Can,Tammy Cochran,52,8,Gains In Performance
2000-06-10,54,Lonely,Tracy Lawrence,64,3,Gains In Performance
2000-06-10,55,Goodbye Is The Wrong Way To Go,Wade Hayes,58,6,Gains In Performance
2000-06-10,56,A Little Left Of Center,Randy Travis,61,7,Gains In Performance
2000-06-10,57,Murder On Music Row,George Strait With Alan Jackson,56,14,
2000-06-10,58,Fallin' Never Felt So Good,Mark Chesnutt,54,8,
2000-06-10,59,That's The Kind Of Mood I'm In,Patty Loveless,NEW,1,Highest ranking debut|Gains In Performance
2000-06-10,60,Sinners & Saints,George Jones,55,5,
2000-06-17,1,Yes!,Chad Brock,3,18,Gains In Performance
2000-06-17,2,She's More,Andy Griggs,2,25,
2000-06-17,3,The Chain Of Love,Clay Walker,4,27,Gains In Performance
2000-06-17,4,The Way You Love Me,Faith Hill,1,24,
2000-06-17,5,Couldn't Last A Moment,Collin Raye,5,20,Gains In Performance
2000-06-17,6,I Hope You Dance,Lee Ann Womack With Sons Of The Desert,7,13,Gains In Performance
2000-06-17,7,Unconditional,Clay Davidson,6,23,Gains In Performance
2000-06-17,8,What I Need To Do,Kenny Chesney,8,22,Gains In Performance
2000-06-17,9,Some Things Never Change,Tim McGraw,11,10,Gains In Performance
2000-06-17,10,More,Trace Adkins,10,21,Gains In Performance
2000-06-17,11,I'll Be,Reba McEntire,14,14,Gains In Performance
2000-06-17,12,Prayin' For Daylight,Rascal Flatts,15,16,Gains In Performance
2000-06-17,13,How Do You Like Me Now?!,Toby Keith,9,31,
2000-06-17,14,The Best Day,George Strait,12,25,
2000-06-17,15,Flowers On The Wall,Eric Heatherly,16,17,Gains In Performance
2000-06-17,16,What About Now,Lonestar,17,10,Gains In Performance
2000-06-17,17,Buy Me A Rose,Kenny Rogers With Alison Krauss & Billy Dean,13,34,
2000-06-17,18,It Must Be Love,Alan Jackson,20,8,Gains In Performance
2000-06-17,19,Your Everything,Keith Urban,18,17,Gains In Performance
2000-06-17,20,Cold Day In July,Dixie Chicks,21,5,Gains In Performance
2000-06-17,21,I Will...But,SHeDAISY,24,23,Gains In Performance
2000-06-17,22,That's The Way,Jo Dee Messina,28,5,Greatest gainer this week|Gains In Performance
2000-06-17,23,You'll Always Be Loved By Me,Brooks & Dunn,26,14,Gains In Performance
2000-06-17,24,Cowboy Take Me Away,Dixie Chicks,25,41,
2000-06-17,25,Carlene,Phil Vassar,22,34,
2000-06-17,26,It's Always Somethin',Joe Diffie,27,19,Gains In Performance
2000-06-17,27,When You Come Back To Me Again,Garth Brooks,31,6,Gains In Performance
2000-06-17,28,Faith In You,Steve Wariner,29,14,Gains In Performance
2000-06-17,29,When You Need My Love,Darryl Worley,33,12,Gains In Performance
2000-06-17,30,Almost Doesn't Count,Mark Wills,32,12,Gains In Performance
2000-06-17,31,I Need You,LeAnn Rimes,34,10,Gains In Performance
2000-06-17,32,Blue Moon,Steve Holy,38,9,Gains In Performance
2000-06-17,33,That's The Beat Of A Heart,The Warren Brothers Featuring Sara Evans,36,13,Gains In Performance
2000-06-17,34,Country Comes To Town,Toby Keith,41,4,Gains In Performance
2000-06-17,35,Lovin' You Against My Will,Gary Allan,37,12,Gains In Performance
2000-06-17,36,Me Neither,Brad Paisley,30,19,
2000-06-17,37,Self Made Man,Montgomery Gentry,39,9,Gains In Performance
2000-06-17,38,Feels Like Love,Vince Gill,43,5,Gains In Performance
2000-06-17,39,There You Are,Martina McBride,44,6,Gains In Performance
2000-06-17,40,She Ain't The Girl For You,The Kinleys,40,12,Gains In Performance
2000-06-17,41,Stuck In Love,The Judds,35,16,
2000-06-17,42,One Voice,Billy Gilman,47,4,Gains In Performance
2000-06-17,43,Lonely,Tracy Lawrence,54,4,Gains In Performance
2000-06-17,44,"Forever Works For Me (Monday, Tuesday, Wednesday, Thursday)",Neal McCoy,42,14,
2000-06-17,45,Stuff,Diamond Rio,49,5,Gains In Performance
2000-06-17,46,Let's Make Love,Faith Hill With Tim McGraw,52,25,Gains In Performance
2000-06-17,47,Kiss This,Aaron Tippin,51,4,Gains In Performance
2000-06-17,48,Breathless,River Road,48,9,Gains In Performance
2000-06-17,49,Do I Love You Enough,Ricochet,45,12,
2000-06-17,50,If You Can,Tammy Cochran,53,9,Gains In Performance
2000-06-17,51,Goodbye Is The Wrong Way To Go,Wade Hayes,55,7,Gains In Performance
2000-06-17,52,Just Another Day In Paradise,Phil Vassar,65,2,Gains In Performance
2000-06-17,53,I Need You All The Time,BlackHawk,46,16,
2000-06-17,54,Going Nowhere,Wynonna,62,3,Gains In Performance
2000-06-17,55,That's The Kind Of Mood I'm In,Patty Loveless,59,2,Gains In Performance
2000-06-17,56,Sinners & Saints,George Jones,60,6,Gains In Performance
2000-06-17,57,Good Times,Anita Cochran,63,4,Gains In Performance
2000-06-17,58,Something To Write Home About,Craig Morgan,50,17,
2000-06-17,59,Murder On Music Row,George Strait With Alan Jackson,57,15,
2000-06-17,60,A Little Left Of Center,Randy Travis,56,8,
2000-06-24,1,Yes!,Chad Brock,1,19,
2000-06-24,2,I Hope You Dance,Lee Ann Womack With Sons Of The Desert,6,14,Greatest gainer this week|Gains In Performance
2000-06-24,3,The Chain Of Love,Clay Walker,3,28,
2000-06-24,4,Couldn't Last A Moment,Collin Raye,5,21,Gains In Performance
2000-06-24,5,The Way You Love Me,Faith Hill,4,25,
2000-06-24,6,She's More,Andy Griggs,2,26,
2000-06-24,7,Unconditional,Clay Davidson,7,24,Gains In Performance
2000-06-24,8,What I Need To Do,Kenny Chesney,8,23,
2000-06-24,9,I'll Be,Reba McEntire,11,15,Gains In Performance
2000-06-24,10,Some Things Never Change,Tim McGraw,9,11,Gains In Performance
2000-06-24,11,More,Trace Adkins,10,22,
2000-06-24,12,Prayin' For Daylight,Rascal Flatts,12,17,Gains In Performance
2000-06-24,13,What About Now,Lonestar,16,11,Gains In Performance
2000-06-24,14,How Do You Like Me Now?!,Toby Keith,13,32,
2000-06-24,15,Flowers On The Wall,Eric Heatherly,15,18,
2000-06-24,16,It Must Be Love,Alan Jackson,18,9,Gains In Performance
2000-06-24,17,The Best Day,George Strait,14,26,
2000-06-24,18,Cold Day In July,Dixie Chicks,20,6,Gains In Performance
2000-06-24,19,Your Everything,Keith Urban,19,18,Gains In Performance
2000-06-24,20,That's The Way,Jo Dee Messina,22,6,Gains In Performance
2000-06-24,21,I Will...But,SHeDAISY,21,24,Gains In Performance
2000-06-24,22,Buy Me A Rose,Kenny Rogers With Alison Krauss & Billy Dean,17,35,
2000-06-24,23,You'll Always Be Loved By Me,Brooks & Dunn,23,15,Gains In Performance
2000-06-24,24,It's Always Somethin',Joe Diffie,26,20,Gains In Performance
2000-06-24,25,When You Come Back To Me Again,Garth Brooks,27,7,Gains In Performance
2000-06-24,26,When You Need My Love,Darryl Worley,29,13,Gains In Performance
2000-06-24,27,Almost Doesn't Count,Mark Wills,30,13,Gains In Performance
2000-06-24,28,I Need You,LeAnn Rimes,31,11,Gains In Performance
2000-06-24,29,Faith In You,Steve Wariner,28,15,
2000-06-24,30,Country Comes To Town,Toby Keith,34,5,Gains In Performance
2000-06-24,31,That's The Beat Of A Heart,The Warren Brothers Featuring Sara Evans,33,14,Gains In Performance
2000-06-24,32,Blue Moon,Steve Holy,32,10,
2000-06-24,33,Self Made Man,Montgomery Gentry,37,10,Gains In Performance
2000-06-24,34,Lovin' You Against My Will,Gary Allan,35,13,Gains In Performance
2000-06-24,35,There You Are,Martina McBride,39,7,Gains In Performance
2000-06-24,36,Feels Like Love,Vince Gill,38,6,Gains In Performance
2000-06-24,37,One Voice,Billy Gilman,42,5,Gains In Performance
2000-06-24,38,She Ain't The Girl For You,The Kinleys,40,13,Gains In Performance
2000-06-24,39,Lonely,Tracy Lawrence,43,5,Gains In Performance
2000-06-24,40,Stuff,Diamond Rio,45,6,Gains In Performance
2000-06-24,41,Let's Make Love,Faith Hill With Tim McGraw,46,26,Gains In Performance
2000-06-24,42,Kiss This,Aaron Tippin,47,5,Gains In Performance
2000-06-24,43,Me Neither,Brad Paisley,36,20,
2000-06-24,44,If You Can,Tammy Cochran,50,10,Gains In Performance
2000-06-24,45,Breathless,River Road,48,10,
2000-06-24,46,Just Another Day In Paradise,Phil Vassar,52,3,Gains In Performance
2000-06-24,47,Goodbye Is The Wrong Way To Go,Wade Hayes,51,8,Gains In Performance
2000-06-24,48,That's The Kind Of Mood I'm In,Patty Loveless,55,3,Gains In Performance
2000-06-24,49,Going Nowhere,Wynonna,54,4,Gains In Performance
2000-06-24,50,Stuck In Love,The Judds,41,17,
2000-06-24,51,"Forever Works For Me (Monday, Tuesday, Wednesday, Thursday)",Neal McCoy,44,15,
2000-06-24,52,Good Times,Anita Cochran,57,5,Gains In Performance
2000-06-24,53,Do I Love You Enough,Ricochet,49,13,
2000-06-24,54,I Need You All The Time,BlackHawk,53,17,
2000-06-24,55,I Do Now,Jessica Andrews,NEW,1,Highest ranking debut|Gains In Performance
2000-06-24,56,Where Are You Now,Trisha Yearwood,67,2,Gains In Performance
2000-06-24,57,She Went Out For Cigarettes,Chely Wright,66,3,Gains In Performance
2000-06-24,58,Sinners & Saints,George Jones,56,7,
2000-06-24,59,Love She Can't Live Without,Clint Black,NEW,1,Gains In Performance
2000-06-24,60,Murder On Music Row,George Strait With Alan Jackson,59,16,
2000-07-01,1,Yes!,Chad Brock,1,20,Gains In Performance
2000-07-01,2,I Hope You Dance,Lee Ann Womack With Sons Of The Desert,2,15,Gains In Performance
2000-07-01,3,Couldn't Last A Moment,Collin Raye,4,22,
2000-07-01,4,The Chain Of Love,Clay Walker,3,29,
2000-07-01,5,Unconditional,Clay Davidson,7,25,Gains In Performance
2000-07-01,6,The Way You Love Me,Faith Hill,5,26,
2000-07-01,7,I'll Be,Reba McEntire,9,16,Gains In Performance
2000-07-01,8,Some Things Never Change,Tim McGraw,10,12,Gains In Performance
2000-07-01,9,Prayin' For Daylight,Rascal Flatts,12,18,Gains In Performance
2000-07-01,10,What I Need To Do,Kenny Chesney,8,24,
2000-07-01,11,She's More,Andy Griggs,6,27,
2000-07-01,12,What About Now,Lonestar,13,12,Gains In Performance
2000-07-01,13,Flowers On The Wall,Eric Heatherly,15,19,Gains In Performance
2000-07-01,14,More,Trace Adkins,11,23,
2000-07-01,15,It Must Be Love,Alan Jackson,16,10,Gains In Performance
2000-07-01,16,How Do You Like Me Now?!,Toby Keith,14,33,
2000-07-01,17,Cold Day In July,Dixie Chicks,18,7,Gains In Performance
2000-07-01,18,That's The Way,Jo Dee Messina,20,7,Gains In Performance
2000-07-01,19,Your Everything,Keith Urban,19,19,
2000-07-01,20,I Will...But,SHeDAISY,21,25,Gains In Performance
2000-07-01,21,The Best Day,George Strait,17,27,
2000-07-01,22,You'll Always Be Loved By Me,Brooks & Dunn,23,16,Gains In Performance
2000-07-01,23,It's Always Somethin',Joe Diffie,24,21,Gains In Performance
2000-07-01,24,When You Come Back To Me Again,Garth Brooks,25,8,Gains In Performance
2000-07-01,25,Buy Me A Rose,Kenny Rogers With Alison Krauss & Billy Dean,22,36,
2000-07-01,26,When You Need My Love,Darryl Worley,26,14,Gains In Performance
2000-07-01,27,Almost Doesn't Count,Mark Wills,27,14,Gains In Performance
2000-07-01,28,Country Comes To Town,Toby Keith,30,6,Gains In Performance
2000-07-01,29,I Need You,LeAnn Rimes,28,12,Gains In Performance
2000-07-01,30,Faith In You,Steve Wariner,29,16,
2000-07-01,31,Blue Moon,Steve Holy,32,11,Gains In Performance
2000-07-01,32,That's The Beat Of A Heart,The Warren Brothers Featuring Sara Evans,31,15,Gains In Performance
2000-07-01,33,There You Are,Martina McBride,35,8,Gains In Performance
2000-07-01,34,Self Made Man,Montgomery Gentry,33,11,Gains In Performance
2000-07-01,35,Feels Like Love,Vince Gill,36,7,Gains In Performance
2000-07-01,36,One Voice,Billy Gilman,37,6,Gains In Performance
2000-07-01,37,Lovin' You Against My Will,Gary Allan,34,14,Gains In Performance
2000-07-01,38,Let's Make Love,Faith Hill With Tim McGraw,41,27,Gains In Performance
2000-07-01,39,Kiss This,Aaron Tippin,42,6,Gains In Performance
2000-07-01,40,She Ain't The Girl For You,The Kinleys,38,14,
2000-07-01,41,Lonely,Tracy Lawrence,39,6,Gains In Performance
2000-07-01,42,Stuff,Diamond Rio,40,7,Gains In Performance
2000-07-01,43,Just Another Day In Paradise,Phil Vassar,46,4,Gains In Performance
2000-07-01,44,If You Can,Tammy Cochran,44,11,
2000-07-01,45,Goodbye Is The Wrong Way To Go,Wade Hayes,47,9,Gains In Performance
2000-07-01,46,That's The Kind Of Mood I'm In,Patty Loveless,48,4,Gains In Performance
2000-07-01,47,Breathless,River Road,45,11,
2000-07-01,48,Going Nowhere,Wynonna,49,5,Gains In Performance
2000-07-01,49,She Went Out For Cigarettes,Chely Wright,57,4,Gains In Performance
2000-07-01,50,Good Times,Anita Cochran,52,6,
2000-07-01,51,Shame On Me,The Wilkinsons,63,4,Gains In Performance
2000-07-01,52,Love She Can't Live Without,Clint Black,59,2,Gains In Performance
2000-07-01,53,Where Are You Now,Trisha Yearwood,56,3,Gains In Performance
2000-07-01,54,Paradise,Craig Morgan,72,4,Gains In Performance
2000-07-01,55,I Do Now,Jessica Andrews,55,2,
2000-07-01,56,Murder On Music Row,George Strait With Alan Jackson,60,17,
2000-07-01,57,"Time, Love & Money",Ronnie Milsap,NEW,1,Highest ranking debut|Gains In Performance
2000-07-01,58,We Danced,Brad Paisley,NEW,1,Gains In Performance
2000-07-01,59,Born To Fly,Sara Evans,NEW,1,Gains In Performance
2000-07-01,60,Sinners & Saints,George Jones,58,8,
2000-07-08,1,I Hope You Dance,Lee Ann Womack With Sons Of The Desert,2,16,Gains In Performance
2000-07-08,2,Yes!,Chad Brock,1,21,
2000-07-08,3,Couldn't Last A Moment,Collin Raye,3,23,
2000-07-08,4,Unconditional,Clay Davidson,5,26,Gains In Performance
2000-07-08,5,I'll Be,Reba McEntire,7,17,Gains In Performance
2000-07-08,6,What About Now,Lonestar,12,13,Gains In Performance
2000-07-08,7,Some Things Never Change,Tim McGraw,8,13,Gains In Performance
2000-07-08,8,Prayin' For Daylight,Rascal Flatts,9,19,Gains In Performance
2000-07-08,9,The Chain Of Love,Clay Walker,4,30,
2000-07-08,10,The Way You Love Me,Faith Hill,6,27,
2000-07-08,11,Flowers On The Wall,Eric Heatherly,13,20,Gains In Performance
2000-07-08,12,It Must Be Love,Alan Jackson,15,11,Gains In Performance
2000-07-08,13,That's The Way,Jo Dee Messina,18,8,Gains In Performance
2000-07-08,14,Cold Day In July,Dixie Chicks,17,8,Gains In Performance
2000-07-08,15,How Do You Like Me Now?!,Toby Keith,16,34,
2000-07-08,16,She's More,Andy Griggs,11,28,
2000-07-08,17,Your Everything,Keith Urban,19,20,Gains In Performance
2000-07-08,18,I Will...But,SHeDAISY,20,26,Gains In Performance
2000-07-08,19,What I Need To Do,Kenny Chesney,10,25,
2000-07-08,20,It's Always Somethin',Joe Diffie,23,22,Gains In Performance
2000-07-08,21,You'll Always Be Loved By Me,Brooks & Dunn,22,17,Gains In Performance
2000-07-08,22,When You Come Back To Me Again,Garth Brooks,24,9,Gains In Performance
2000-07-08,23,The Best Day,George Strait,21,28,
2000-07-08,24,When You Need My Love,Darryl Worley,26,15,Gains In Performance
2000-07-08,25,Buy Me A Rose,Kenny Rogers With Alison Krauss & Billy Dean,25,37,
2000-07-08,26,Country Comes To Town,Toby Keith,28,7,Gains In Performance
2000-07-08,27,Almost Doesn't Count,Mark Wills,27,15,Gains In Performance
2000-07-08,28,I Need You,LeAnn Rimes,29,13,Gains In Performance
2000-07-08,29,Let's Make Love,Faith Hill With Tim McGraw,38,28,Gains In Performance
2000-07-08,30,One Voice,Billy Gilman,36,7,Gains In Performance
2000-07-08,31,There You Are,Martina McBride,33,9,Gains In Performance
2000-07-08,32,That's The Beat Of A Heart,The Warren Brothers Featuring Sara Evans,32,16,Gains In Performance
2000-07-08,33,Blue Moon,Steve Holy,31,12,Gains In Performance
2000-07-08,34,Feels Like Love,Vince Gill,35,8,Gains In Performance
2000-07-08,35,Self Made Man,Montgomery Gentry,34,12,Gains In Performance
2000-07-08,36,Lovin' You Against My Will,Gary Allan,37,15,Gains In Performance
2000-07-08,37,Kiss This,Aaron Tippin,39,7,Gains In Performance
2000-07-08,38,Lonely,Tracy Lawrence,41,7,Gains In Performance
2000-07-08,39,She Ain't The Girl For You,The Kinleys,40,15,Gains In Performance
2000-07-08,40,Faith In You,Steve Wariner,30,17,
2000-07-08,41,Stuff,Diamond Rio,42,8,Gains In Performance
2000-07-08,42,Just Another Day In Paradise,Phil Vassar,43,5,Gains In Performance
2000-07-08,43,If You Can,Tammy Cochran,44,12,Gains In Performance
2000-07-08,44,That's The Kind Of Mood I'm In,Patty Loveless,46,5,Gains In Performance
2000-07-08,45,Going Nowhere,Wynonna,48,6,Gains In Performance
2000-07-08,46,Goodbye Is The Wrong Way To Go,Wade Hayes,45,10,Gains In Performance
2000-07-08,47,Love She Can't Live Without,Clint Black,52,3,Gains In Performance
2000-07-08,48,Best Of Intentions,Travis Tritt,62,2,Gains In Performance
2000-07-08,49,Born To Fly,Sara Evans,59,2,Gains In Performance
2000-07-08,50,We Danced,Brad Paisley,58,2,Gains In Performance
2000-07-08,51,Breathless,River Road,47,12,
2000-07-08,52,Where Are You Now,Trisha Yearwood,53,4,Gains In Performance
2000-07-08,53,Shame On Me,The Wilkinsons,51,5,Gains In Performance
2000-07-08,54,She Went Out For Cigarettes,Chely Wright,49,5,Gains In Performance
2000-07-08,55,I Do Now,Jessica Andrews,55,3,Gains In Performance
2000-07-08,56,Good Times,Anita Cochran,50,7,
2000-07-08,57,Paradise,Craig Morgan,54,5,Gains In Performance
2000-07-08,58,"He Will, She Knows",Kenny Rogers,71,2,Gains In Performance
2000-07-08,59,Murder On Music Row,George Strait With Alan Jackson,56,18,Gains In Performance
2000-07-08,60,This Time Around,Yankee Grey,70,2,Gains In Performance
2000-07-15,1,I Hope You Dance,Lee Ann Womack With Sons Of The Desert,1,17,
2000-07-15,2,Yes!,Chad Brock,2,22,
2000-07-15,3,Unconditional,Clay Davidson,4,27,
2000-07-15,4,What About Now,Lonestar,6,14,Greatest gainer this week|Gains In Performance
2000-07-15,5,I'll Be,Reba McEntire,5,18,Gains In Performance
2000-07-15,6,Prayin' For Daylight,Rascal Flatts,8,20,Gains In Performance
2000-07-15,7,Some Things Never Change,Tim McGraw,7,14,Gains In Performance
2000-07-15,8,Flowers On The Wall,Eric Heatherly,11,21,Gains In Performance
2000-07-15,9,It Must Be Love,Alan Jackson,12,12,Gains In Performance
2000-07-15,10,Couldn't Last A Moment,Collin Raye,3,24,
2000-07-15,11,That's The Way,Jo Dee Messina,13,9,Gains In Performance
2000-07-15,12,The Way You Love Me,Faith Hill,10,28,
2000-07-15,13,Cold Day In July,Dixie Chicks,14,9,Gains In Performance
2000-07-15,14,The Chain Of Love,Clay Walker,9,31,
2000-07-15,15,I Will...But,SHeDAISY,18,27,Gains In Performance
2000-07-15,16,Your Everything,Keith Urban,17,21,Gains In Performance
2000-07-15,17,How Do You Like Me Now?!,Toby Keith,15,35,
2000-07-15,18,You'll Always Be Loved By Me,Brooks & Dunn,21,18,Gains In Performance
2000-07-15,19,It's Always Somethin',Joe Diffie,20,23,Gains In Performance
2000-07-15,20,She's More,Andy Griggs,16,29,
2000-07-15,21,When You Come Back To Me Again,Garth Brooks,22,10,Gains In Performance
2000-07-15,22,When You Need My Love,Darryl Worley,24,16,Gains In Performance
2000-07-15,23,Country Comes To Town,Toby Keith,26,8,Gains In Performance
2000-07-15,24,Almost Doesn't Count,Mark Wills,27,16,Gains In Performance
2000-07-15,25,The Best Day,George Strait,23,29,
2000-07-15,26,I Need You,LeAnn Rimes,28,14,Gains In Performance
2000-07-15,27,Let's Make Love,Faith Hill With Tim McGraw,29,29,Gains In Performance
2000-07-15,28,One Voice,Billy Gilman,30,8,Gains In Performance
2000-07-15,29,There You Are,Martina McBride,31,10,Gains In Performance
2000-07-15,30,Feels Like Love,Vince Gill,34,9,Gains In Performance
2000-07-15,31,That's The Beat Of A Heart,The Warren Brothers Featuring Sara Evans,32,17,Gains In Performance
2000-07-15,32,Blue Moon,Steve Holy,33,13,Gains In Performance
2000-07-15,33,Kiss This,Aaron Tippin,37,8,Gains In Performance
2000-07-15,34,Self Made Man,Montgomery Gentry,35,13,Gains In Performance
2000-07-15,35,Lovin' You Against My Will,Gary Allan,36,16,
2000-07-15,36,Lonely,Tracy Lawrence,38,8,Gains In Performance
2000-07-15,37,She Ain't The Girl For You,The Kinleys,39,16,Gains In Performance
2000-07-15,38,Just Another Day In Paradise,Phil Vassar,42,6,Gains In Performance
2000-07-15,39,Stuff,Diamond Rio,41,9,
2000-07-15,40,That's The Kind Of Mood I'm In,Patty Loveless,44,6,Gains In Performance
2000-07-15,41,If You Can,Tammy Cochran,43,13,
2000-07-15,42,Love She Can't Live Without,Clint Black,47,4,Gains In Performance
2000-07-15,43,Going Nowhere,Wynonna,45,7,Gains In Performance
2000-07-15,44,We Danced,Brad Paisley,50,3,Gains In Performance
2000-07-15,45,Born To Fly,Sara Evans,49,3,Gains In Performance
2000-07-15,46,Goodbye Is The Wrong Way To Go,Wade Hayes,46,11,
2000-07-15,47,Best Of Intentions,Travis Tritt,48,3,Gains In Performance
2000-07-15,48,Faith In You,Steve Wariner,40,18,
2000-07-15,49,Shame On Me,The Wilkinsons,53,6,Gains In Performance
2000-07-15,50,Where Are You Now,Trisha Yearwood,52,5,Gains In Performance
2000-07-15,51,This Time Around,Yankee Grey,60,3,Gains In Performance
2000-07-15,52,Paradise,Craig Morgan,57,6,Gains In Performance
2000-07-15,53,She Went Out For Cigarettes,Chely Wright,54,6,Gains In Performance
2000-07-15,54,I Do Now,Jessica Andrews,55,4,Gains In Performance
2000-07-15,55,"He Will, She Knows",Kenny Rogers,58,3,Gains In Performance
2000-07-15,56,I Don't Feel That Way,Danni Leigh,68,2,Gains In Performance
2000-07-15,57,You Won't Be Lonely Now,Billy Ray Cyrus,62,2,Gains In Performance
2000-07-15,58,Perfect World,Sawyer Brown,61,4,Gains In Performance
2000-07-15,59,Murder On Music Row,George Strait With Alan Jackson,59,19,
2000-07-15,60,"Time, Love & Money",Ronnie Milsap,67,3,Gains In Performance
2000-07-22,1,I Hope You Dance,Lee Ann Womack With Sons Of The Desert,1,18,
2000-07-22,2,Yes!,Chad Brock,2,23,
2000-07-22,3,What About Now,Lonestar,4,15,Gains In Performance
2000-07-22,4,I'll Be,Reba McEntire,5,19,Gains In Performance
2000-07-22,5,Prayin' For Daylight,Rascal Flatts,6,21,Gains In Performance
2000-07-22,6,Unconditional,Clay Davidson,3,28,
2000-07-22,7,It Must Be Love,Alan Jackson,9,13,Greatest gainer this week|Gains In Performance
2000-07-22,8,Flowers On The Wall,Eric Heatherly,8,22,Gains In Performance
2000-07-22,9,Some Things Never Change,Tim McGraw,7,15,
2000-07-22,10,That's The Way,Jo Dee Messina,11,10,Gains In Performance
2000-07-22,11,Cold Day In July,Dixie Chicks,13,10,Gains In Performance
2000-07-22,12,I Will...But,SHeDAISY,15,28,Gains In Performance
2000-07-22,13,Couldn't Last A Moment,Collin Raye,10,25,
2000-07-22,14,Your Everything,Keith Urban,16,22,Gains In Performance
2000-07-22,15,The Way You Love Me,Faith Hill,12,29,
2000-07-22,16,The Chain Of Love,Clay Walker,14,32,
2000-07-22,17,You'll Always Be Loved By Me,Brooks & Dunn,18,19,Gains In Performance
2000-07-22,18,It's Always Somethin',Joe Diffie,19,24,Gains In Performance
2000-07-22,19,How Do You Like Me Now?!,Toby Keith,17,36,Gains In Performance
2000-07-22,20,Country Comes To Town,Toby Keith,23,9,Gains In Performance
2000-07-22,21,When You Need My Love,Darryl Worley,22,17,Gains In Performance
2000-07-22,22,When You Come Back To Me Again,Garth Brooks,21,11,Gains In Performance
2000-07-22,23,Almost Doesn't Count,Mark Wills,24,17,Gains In Performance
2000-07-22,24,I Need You,LeAnn Rimes,26,15,Gains In Performance
2000-07-22,25,She's More,Andy Griggs,20,30,
2000-07-22,26,Let's Make Love,Faith Hill With Tim McGraw,27,30,Gains In Performance
2000-07-22,27,One Voice,Billy Gilman,28,9,Gains In Performance
2000-07-22,28,There You Are,Martina McBride,29,11,Gains In Performance
2000-07-22,29,That's The Beat Of A Heart,The Warren Brothers Featuring Sara Evans,31,18,Gains In Performance
2000-07-22,30,Feels Like Love,Vince Gill,30,10,Gains In Performance
2000-07-22,31,Kiss This,Aaron Tippin,33,9,Gains In Performance
2000-07-22,32,Blue Moon,Steve Holy,32,14,Gains In Performance
2000-07-22,33,Self Made Man,Montgomery Gentry,34,14,Gains In Performance
2000-07-22,34,Lonely,Tracy Lawrence,36,9,Gains In Performance
2000-07-22,35,Lovin' You Against My Will,Gary Allan,35,17,Gains In Performance
2000-07-22,36,She Ain't The Girl For You,The Kinleys,37,17,Gains In Performance
2000-07-22,37,Just Another Day In Paradise,Phil Vassar,38,7,Gains In Performance
2000-07-22,38,Stuff,Diamond Rio,39,10,Gains In Performance
2000-07-22,39,That's The Kind Of Mood I'm In,Patty Loveless,40,7,Gains In Performance
2000-07-22,40,Love She Can't Live Without,Clint Black,42,5,Gains In Performance
2000-07-22,41,We Danced,Brad Paisley,44,4,Gains In Performance
2000-07-22,42,Born To Fly,Sara Evans,45,4,Gains In Performance
2000-07-22,43,If You Can,Tammy Cochran,41,14,
2000-07-22,44,Best Of Intentions,Travis Tritt,47,4,Gains In Performance
2000-07-22,45,Going Nowhere,Wynonna,43,8,Gains In Performance
2000-07-22,46,Goodbye Is The Wrong Way To Go,Wade Hayes,46,12,
2000-07-22,47,Where Are You Now,Trisha Yearwood,50,6,Gains In Performance
2000-07-22,48,You Won't Be Lonely Now,Billy Ray Cyrus,57,3,Gains In Performance
2000-07-22,49,"He Will, She Knows",Kenny Rogers,55,4,Gains In Performance
2000-07-22,50,Shame On Me,The Wilkinsons,49,7,
2000-07-22,51,This Time Around,Yankee Grey,51,4,
2000-07-22,52,Paradise,Craig Morgan,52,7,
2000-07-22,53,I Do Now,Jessica Andrews,54,5,
2000-07-22,54,She Went Out For Cigarettes,Chely Wright,53,7,
2000-07-22,55,Faith In You,Steve Wariner,48,19,
2000-07-22,56,Perfect World,Sawyer Brown,58,5,Gains In Performance
2000-07-22,57,Katie Wants A Fast One,Steve Wariner With Garth Brooks,61,3,Gains In Performance
2000-07-22,58,A Love Like That,Ty Herndon,64,2,Gains In Performance
2000-07-22,59,I'm Holdin' On To Love (To Save My Life),Shania Twain,62,3,Gains In Performance
2000-07-22,60,Tired Of Loving This Way,Collin Raye With Bobbie Eakes,73,4,Gains In Performance
2000-07-29,1,I Hope You Dance,Lee Ann Womack With Sons Of The Desert,1,19,Gains In Performance
2000-07-29,2,What About Now,Lonestar,3,16,Gains In Performance
2000-07-29,3,Prayin' For Daylight,Rascal Flatts,5,22,Gains In Performance
2000-07-29,4,It Must Be Love,Alan Jackson,7,14,Gains In Performance
2000-07-29,5,I'll Be,Reba McEntire,4,20,
2000-07-29,6,Flowers On The Wall,Eric Heatherly,8,23,Gains In Performance
2000-07-29,7,Yes!,Chad Brock,2,24,
2000-07-29,8,Some Things Never Change,Tim McGraw,9,16,
2000-07-29,9,That's The Way,Jo Dee Messina,10,11,Gains In Performance
2000-07-29,10,Cold Day In July,Dixie Chicks,11,11,Gains In Performance
2000-07-29,11,I Will...But,SHeDAISY,12,29,Gains In Performance
2000-07-29,12,Unconditional,Clay Davidson,6,29,
2000-07-29,13,Your Everything,Keith Urban,14,23,Gains In Performance
2000-07-29,14,You'll Always Be Loved By Me,Brooks & Dunn,17,20,Gains In Performance
2000-07-29,15,It's Always Somethin',Joe Diffie,18,25,Gains In Performance
2000-07-29,16,The Way You Love Me,Faith Hill,15,30,
2000-07-29,17,Country Comes To Town,Toby Keith,20,10,Gains In Performance
2000-07-29,18,How Do You Like Me Now?!,Toby Keith,19,37,
2000-07-29,19,The Chain Of Love,Clay Walker,16,33,
2000-07-29,20,Let's Make Love,Faith Hill With Tim McGraw,26,31,Gains In Performance
2000-07-29,21,When You Need My Love,Darryl Worley,21,18,Gains In Performance
2000-07-29,22,Almost Doesn't Count,Mark Wills,23,18,Gains In Performance
2000-07-29,23,I Need You,LeAnn Rimes,24,16,Gains In Performance
2000-07-29,24,When You Come Back To Me Again,Garth Brooks,22,12,
2000-07-29,25,One Voice,Billy Gilman,27,10,Gains In Performance
2000-07-29,26,There You Are,Martina McBride,28,12,Gains In Performance
2000-07-29,27,Feels Like Love,Vince Gill,30,11,Gains In Performance
2000-07-29,28,Kiss This,Aaron Tippin,31,10,Gains In Performance
2000-07-29,29,That's The Beat Of A Heart,The Warren Brothers Featuring Sara Evans,29,19,
2000-07-29,30,Blue Moon,Steve Holy,32,15,Gains In Performance
2000-07-29,31,Self Made Man,Montgomery Gentry,33,15,
2000-07-29,32,Lonely,Tracy Lawrence,34,10,Gains In Performance
2000-07-29,33,Just Another Day In Paradise,Phil Vassar,37,8,Gains In Performance
2000-07-29,34,She Ain't The Girl For You,The Kinleys,36,18,
2000-07-29,35,Lovin' You Against My Will,Gary Allan,35,18,
2000-07-29,36,Stuff,Diamond Rio,38,11,Gains In Performance
2000-07-29,37,That's The Kind Of Mood I'm In,Patty Loveless,39,8,Gains In Performance
2000-07-29,38,Go On,George Strait,NEW,1,Gains In Performance
2000-07-29,39,Love She Can't Live Without,Clint Black,40,6,Gains In Performance
2000-07-29,40,Best Of Intentions,Travis Tritt,44,5,Gains In Performance
2000-07-29,41,We Danced,Brad Paisley,41,5,Gains In Performance
2000-07-29,42,Born To Fly,Sara Evans,42,5,Gains In Performance
2000-07-29,43,Going Nowhere,Wynonna,45,9,
2000-07-29,44,You Won't Be Lonely Now,Billy Ray Cyrus,48,4,Gains In Performance
2000-07-29,45,If You Can,Tammy Cochran,43,15,
2000-07-29,46,"He Will, She Knows",Kenny Rogers,49,5,Gains In Performance
2000-07-29,47,Where Are You Now,Trisha Yearwood,47,7,Gains In Performance
2000-07-29,48,Goodbye Is The Wrong Way To Go,Wade Hayes,46,13,
2000-07-29,49,This Time Around,Yankee Grey,51,5,Gains In Performance
2000-07-29,50,Paradise,Craig Morgan,52,8,Gains In Performance
2000-07-29,51,Katie Wants A Fast One,Steve Wariner With Garth Brooks,57,4,Gains In Performance
2000-07-29,52,Perfect World,Sawyer Brown,56,6,Gains In Performance
2000-07-29,53,No Place Like Home,Georgia Middleman,63,3,Gains In Performance
2000-07-29,54,Shame On Me,The Wilkinsons,50,8,
2000-07-29,55,A Little Gasoline,Terri Clark,67,2,Gains In Performance
2000-07-29,56,I Do Now,Jessica Andrews,53,6,
2000-07-29,57,I'm Holdin' On To Love (To Save My Life),Shania Twain,59,4,Gains In Performance
2000-07-29,58,Tired Of Loving This Way,Collin Raye With Bobbie Eakes,60,5,
2000-07-29,59,A Love Like That,Ty Herndon,58,3,
2000-07-29,60,"Time, Love & Money",Ronnie Milsap,61,5,
2000-08-05,1,I Hope You Dance,Lee Ann Womack With Sons Of The Desert,1,20,Gains In Performance
2000-08-05,2,What About Now,Lonestar,2,17,Gains In Performance
2000-08-05,3,It Must Be Love,Alan Jackson,4,15,Gains In Performance
2000-08-05,4,Prayin' For Daylight,Rascal Flatts,3,23,Gains In Performance
2000-08-05,5,I'll Be,Reba McEntire,5,21,
2000-08-05,6,Flowers On The Wall,Eric Heatherly,6,24,Gains In Performance
2000-08-05,7,That's The Way,Jo Dee Messina,9,12,Gains In Performance
2000-08-05,8,Yes!,Chad Brock,7,25,
2000-08-05,9,Some Things Never Change,Tim McGraw,8,17,
2000-08-05,10,I Will...But,SHeDAISY,11,30,Gains In Performance
2000-08-05,11,Cold Day In July,Dixie Chicks,10,12,Gains In Performance
2000-08-05,12,Your Everything,Keith Urban,13,24,Gains In Performance
2000-08-05,13,You'll Always Be Loved By Me,Brooks & Dunn,14,21,Gains In Performance
2000-08-05,14,Country Comes To Town,Toby Keith,17,11,Gains In Performance
2000-08-05,15,It's Always Somethin',Joe Diffie,15,26,Gains In Performance
2000-08-05,16,When You Need My Love,Darryl Worley,21,19,Gains In Performance
2000-08-05,17,Unconditional,Clay Davidson,12,30,
2000-08-05,18,Let's Make Love,Faith Hill With Tim McGraw,20,32,Gains In Performance
2000-08-05,19,Almost Doesn't Count,Mark Wills,22,19,Gains In Performance
2000-08-05,20,I Need You,LeAnn Rimes,23,17,Gains In Performance
2000-08-05,21,The Way You Love Me,Faith Hill,16,31,
2000-08-05,22,How Do You Like Me Now?!,Toby Keith,18,38,
2000-08-05,23,One Voice,Billy Gilman,25,11,Gains In Performance
2000-08-05,24,The Chain Of Love,Clay Walker,19,34,
2000-08-05,25,Kiss This,Aaron Tippin,28,11,Gains In Performance
2000-08-05,26,There You Are,Martina McBride,26,13,Gains In Performance
2000-08-05,27,When You Come Back To Me Again,Garth Brooks,24,13,
2000-08-05,28,Feels Like Love,Vince Gill,27,12,Gains In Performance
2000-08-05,29,That's The Beat Of A Heart,The Warren Brothers Featuring Sara Evans,29,20,Gains In Performance
2000-08-05,30,Blue Moon,Steve Holy,30,16,
2000-08-05,31,Go On,George Strait,38,2,Gains In Performance
2000-08-05,32,Lonely,Tracy Lawrence,32,11,Gains In Performance
2000-08-05,33,Self Made Man,Montgomery Gentry,31,16,Gains In Performance
2000-08-05,34,Just Another Day In Paradise,Phil Vassar,33,9,Gains In Performance
2000-08-05,35,She Ain't The Girl For You,The Kinleys,34,19,Gains In Performance
2000-08-05,36,Best Of Intentions,Travis Tritt,40,6,Gains In Performance
2000-08-05,37,Love She Can't Live Without,Clint Black,39,7,Gains In Performance
2000-08-05,38,That's The Kind Of Mood I'm In,Patty Loveless,37,9,Gains In Performance
2000-08-05,39,We Danced,Brad Paisley,41,6,Gains In Performance
2000-08-05,40,Stuff,Diamond Rio,36,12,
2000-08-05,41,Born To Fly,Sara Evans,42,6,Gains In Performance
2000-08-05,42,You Won't Be Lonely Now,Billy Ray Cyrus,44,5,Gains In Performance
2000-08-05,43,Lovin' You Against My Will,Gary Allan,35,19,
2000-08-05,44,Katie Wants A Fast One,Steve Wariner With Garth Brooks,51,5,Gains In Performance
2000-08-05,45,Going Nowhere,Wynonna,43,10,
2000-08-05,46,"He Will, She Knows",Kenny Rogers,46,6,Gains In Performance
2000-08-05,47,Where Are You Now,Trisha Yearwood,47,8,Gains In Performance
2000-08-05,48,This Time Around,Yankee Grey,49,6,Gains In Performance
2000-08-05,49,Paradise,Craig Morgan,50,9,Gains In Performance
2000-08-05,50,A Little Gasoline,Terri Clark,55,3,Gains In Performance
2000-08-05,51,Perfect World,Sawyer Brown,52,7,Gains In Performance
2000-08-05,52,Tired Of Loving This Way,Collin Raye With Bobbie Eakes,58,6,Gains In Performance
2000-08-05,53,No Place Like Home,Georgia Middleman,53,4,
2000-08-05,54,I'm Holdin' On To Love (To Save My Life),Shania Twain,57,5,Gains In Performance
2000-08-05,55,I Can't Lie To Me,Clay Davidson,74,2,Gains In Performance
2000-08-05,56,Run Away,Shane McAnally,NEW,1,Highest ranking debut|Gains In Performance
2000-08-05,57,I Knew I Loved You,Daryle Singletary,73,3,Gains In Performance
2000-08-05,58,If You Can,Tammy Cochran,45,16,
2000-08-05,59,A Love Like That,Ty Herndon,59,4,Gains In Performance
2000-08-05,60,I Pray For You,John Rich,63,5,Gains In Performance
2000-08-12,1,What About Now,Lonestar,2,18,Gains In Performance
2000-08-12,2,I Hope You Dance,Lee Ann Womack With Sons Of The Desert,1,21,
2000-08-12,3,Prayin' For Daylight,Rascal Flatts,4,24,Gains In Performance
2000-08-12,4,It Must Be Love,Alan Jackson,3,16,Gains In Performance
2000-08-12,5,That's The Way,Jo Dee Messina,7,13,Gains In Performance
2000-08-12,6,Flowers On The Wall,Eric Heatherly,6,25,
2000-08-12,7,I'll Be,Reba McEntire,5,22,
2000-08-12,8,I Will...But,SHeDAISY,10,31,Gains In Performance
2000-08-12,9,Yes!,Chad Brock,8,26,
2000-08-12,10,Your Everything,Keith Urban,12,25,Gains In Performance
2000-08-12,11,Cold Day In July,Dixie Chicks,11,13,
2000-08-12,12,You'll Always Be Loved By Me,Brooks & Dunn,13,22,Gains In Performance
2000-08-12,13,It's Always Somethin',Joe Diffie,15,27,Gains In Performance
2000-08-12,14,Country Comes To Town,Toby Keith,14,12,Gains In Performance
2000-08-12,15,Let's Make Love,Faith Hill With Tim McGraw,18,33,Gains In Performance
2000-08-12,16,When You Need My Love,Darryl Worley,16,20,Gains In Performance
2000-08-12,17,Some Things Never Change,Tim McGraw,9,18,
2000-08-12,18,I Need You,LeAnn Rimes,20,18,Gains In Performance
2000-08-12,19,Kiss This,Aaron Tippin,25,12,Gains In Performance
2000-08-12,20,Almost Doesn't Count,Mark Wills,19,20,
2000-08-12,21,The Way You Love Me,Faith Hill,21,32,
2000-08-12,22,How Do You Like Me Now?!,Toby Keith,22,39,
2000-08-12,23,One Voice,Billy Gilman,23,12,Gains In Performance
2000-08-12,24,Unconditional,Clay Davidson,17,31,
2000-08-12,25,There You Are,Martina McBride,26,14,Gains In Performance
2000-08-12,26,Go On,George Strait,31,3,Gains In Performance
2000-08-12,27,Feels Like Love,Vince Gill,28,13,Gains In Performance
2000-08-12,28,That's The Beat Of A Heart,The Warren Brothers Featuring Sara Evans,29,21,Gains In Performance
2000-08-12,29,Blue Moon,Steve Holy,30,17,Gains In Performance
2000-08-12,30,When You Come Back To Me Again,Garth Brooks,27,14,
2000-08-12,31,Lonely,Tracy Lawrence,32,12,Gains In Performance
2000-08-12,32,Self Made Man,Montgomery Gentry,33,17,Gains In Performance
2000-08-12,33,Just Another Day In Paradise,Phil Vassar,34,10,Gains In Performance
2000-08-12,34,Best Of Intentions,Travis Tritt,36,7,Gains In Performance
2000-08-12,35,She Ain't The Girl For You,The Kinleys,35,20,Gains In Performance
2000-08-12,36,We Danced,Brad Paisley,39,7,Gains In Performance
2000-08-12,37,Love She Can't Live Without,Clint Black,37,8,Gains In Performance
2000-08-12,38,That's The Kind Of Mood I'm In,Patty Loveless,38,10,Gains In Performance
2000-08-12,39,Born To Fly,Sara Evans,41,7,Gains In Performance
2000-08-12,40,You Won't Be Lonely Now,Billy Ray Cyrus,42,6,Gains In Performance
2000-08-12,41,Katie Wants A Fast One,Steve Wariner With Garth Brooks,44,6,Gains In Performance
2000-08-12,42,Stuff,Diamond Rio,40,13,
2000-08-12,43,"He Will, She Knows",Kenny Rogers,46,7,Gains In Performance
2000-08-12,44,A Little Gasoline,Terri Clark,50,4,Gains In Performance
2000-08-12,45,Lovin' You Against My Will,Gary Allan,43,20,
2000-08-12,46,This Time Around,Yankee Grey,48,7,Gains In Performance
2000-08-12,47,Where Are You Now,Trisha Yearwood,47,9,
2000-08-12,48,I Can't Lie To Me,Clay Davidson,55,3,Gains In Performance
2000-08-12,49,Paradise,Craig Morgan,49,10,Gains In Performance
2000-08-12,50,Perfect World,Sawyer Brown,51,8,Gains In Performance
2000-08-12,51,Going Nowhere,Wynonna,45,11,
2000-08-12,52,I'm Holdin' On To Love (To Save My Life),Shania Twain,54,6,Gains In Performance
2000-08-12,53,I Pray For You,John Rich,60,6,Gains In Performance
2000-08-12,54,Tired Of Loving This Way,Collin Raye With Bobbie Eakes,52,7,Gains In Performance
2000-08-12,55,No Place Like Home,Georgia Middleman,53,5,Gains In Performance
2000-08-12,56,I Knew I Loved You,Daryle Singletary,57,4,Gains In Performance
2000-08-12,57,My Love Goes On And On,Chris Cagle,61,3,Gains In Performance
2000-08-12,58,The Visit,Chad Brock,74,2,Gains In Performance
2000-08-12,59,My Next Thirty Years,Tim McGraw,62,14,Gains In Performance
2000-08-12,60,Run Away,Shane McAnally,56,2,
2000-08-19,1,What About Now,Lonestar,1,19,Gains In Performance
2000-08-19,2,I Hope You Dance,Lee Ann Womack With Sons Of The Desert,2,22,
2000-08-19,3,It Must Be Love,Alan Jackson,4,17,Gains In Performance
2000-08-19,4,Prayin' For Daylight,Rascal Flatts,3,25,
2000-08-19,5,That's The Way,Jo Dee Messina,5,14,Gains In Performance
2000-08-19,6,Flowers On The Wall,Eric Heatherly,6,26,
2000-08-19,7,I Will...But,SHeDAISY,8,32,Gains In Performance
2000-08-19,8,Your Everything,Keith Urban,10,26,Gains In Performance
2000-08-19,9,You'll Always Be Loved By Me,Brooks & Dunn,12,23,Gains In Performance
2000-08-19,10,It's Always Somethin',Joe Diffie,13,28,Gains In Performance
2000-08-19,11,I'll Be,Reba McEntire,7,23,
2000-08-19,12,Country Comes To Town,Toby Keith,14,13,Gains In Performance
2000-08-19,13,Cold Day In July,Dixie Chicks,11,14,
2000-08-19,14,Yes!,Chad Brock,9,27,
2000-08-19,15,Let's Make Love,Faith Hill With Tim McGraw,15,34,Gains In Performance
2000-08-19,16,When You Need My Love,Darryl Worley,16,21,Gains In Performance
2000-08-19,17,Kiss This,Aaron Tippin,19,13,Gains In Performance
2000-08-19,18,I Need You,LeAnn Rimes,18,19,Gains In Performance
2000-08-19,19,Go On,George Strait,26,4,Gains In Performance
2000-08-19,20,One Voice,Billy Gilman,23,13,Gains In Performance
2000-08-19,21,Feels Like Love,Vince Gill,27,14,Gains In Performance
2000-08-19,22,The Way You Love Me,Faith Hill,21,33,
2000-08-19,23,There You Are,Martina McBride,25,15,Gains In Performance
2000-08-19,24,How Do You Like Me Now?!,Toby Keith,22,40,
2000-08-19,25,Almost Doesn't Count,Mark Wills,20,21,
2000-08-19,26,That's The Beat Of A Heart,The Warren Brothers Featuring Sara Evans,28,22,Gains In Performance
2000-08-19,27,Some Things Never Change,Tim McGraw,17,19,
2000-08-19,28,Lonely,Tracy Lawrence,31,13,Gains In Performance
2000-08-19,29,Blue Moon,Steve Holy,29,18,Gains In Performance
2000-08-19,30,Best Of Intentions,Travis Tritt,34,8,Gains In Performance
2000-08-19,31,Just Another Day In Paradise,Phil Vassar,33,11,Gains In Performance
2000-08-19,32,We Danced,Brad Paisley,36,8,Gains In Performance
2000-08-19,33,Self Made Man,Montgomery Gentry,32,18,
2000-08-19,34,When You Come Back To Me Again,Garth Brooks,30,15,
2000-08-19,35,She Ain't The Girl For You,The Kinleys,35,21,
2000-08-19,36,Love She Can't Live Without,Clint Black,37,9,Gains In Performance
2000-08-19,37,That's The Kind Of Mood I'm In,Patty Loveless,38,11,Gains In Performance
2000-08-19,38,Born To Fly,Sara Evans,39,8,Gains In Performance
2000-08-19,39,You Won't Be Lonely Now,Billy Ray Cyrus,40,7,Gains In Performance
2000-08-19,40,Katie Wants A Fast One,Steve Wariner With Garth Brooks,41,7,Gains In Performance
2000-08-19,41,A Little Gasoline,Terri Clark,44,5,Gains In Performance
2000-08-19,42,"He Will, She Knows",Kenny Rogers,43,8,Gains In Performance
2000-08-19,43,I Can't Lie To Me,Clay Davidson,48,4,Gains In Performance
2000-08-19,44,This Time Around,Yankee Grey,46,8,Gains In Performance
2000-08-19,45,Where Are You Now,Trisha Yearwood,47,10,Gains In Performance
2000-08-19,46,Paradise,Craig Morgan,49,11,
2000-08-19,47,My Love Goes On And On,Chris Cagle,57,4,Gains In Performance
2000-08-19,48,I Lost It,Kenny Chesney,NEW,1,Highest ranking debut|Gains In Performance
2000-08-19,49,The Visit,Chad Brock,58,3,Gains In Performance
2000-08-19,50,I'm Holdin' On To Love (To Save My Life),Shania Twain,52,7,Gains In Performance
2000-08-19,51,Stuff,Diamond Rio,42,14,
2000-08-19,52,Perfect World,Sawyer Brown,50,9,
2000-08-19,53,Run Away,Shane McAnally,60,3,Gains In Performance
2000-08-19,54,Tired Of Loving This Way,Collin Raye With Bobbie Eakes,54,8,Gains In Performance
2000-08-19,55,No Place Like Home,Georgia Middleman,55,6,Gains In Performance
2000-08-19,56,I Pray For You,John Rich,53,7,
2000-08-19,57,Everybody's Gotta Grow Up Sometime,Sons Of The Desert,63,2,Gains In Performance
2000-08-19,58,Once In A Lifetime Love,Clay Walker,68,6,Gains In Performance
2000-08-19,59,I Knew I Loved You,Daryle Singletary,56,5,
2000-08-19,60,A Love Like That,Ty Herndon,61,6,Gains In Performance
2000-08-26,1,What About Now,Lonestar,1,20,
2000-08-26,2,It Must Be Love,Alan Jackson,3,18,Gains In Performance
2000-08-26,3,That's The Way,Jo Dee Messina,5,15,Gains In Performance
2000-08-26,4,Prayin' For Daylight,Rascal Flatts,4,26,
2000-08-26,5,I Hope You Dance,Lee Ann Womack With Sons Of The Desert,2,23,
2000-08-26,6,I Will...But,SHeDAISY,7,33,Gains In Performance
2000-08-26,7,Your Everything,Keith Urban,8,27,Gains In Performance
2000-08-26,8,You'll Always Be Loved By Me,Brooks & Dunn,9,24,Gains In Performance
2000-08-26,9,It's Always Somethin',Joe Diffie,10,29,Gains In Performance
2000-08-26,10,Country Comes To Town,Toby Keith,12,14,Gains In Performance
2000-08-26,11,Flowers On The Wall,Eric Heatherly,6,27,
2000-08-26,12,Let's Make Love,Faith Hill With Tim McGraw,15,35,Gains In Performance
2000-08-26,13,Go On,George Strait,19,5,Gains In Performance
2000-08-26,14,Kiss This,Aaron Tippin,17,14,Gains In Performance
2000-08-26,15,Yes!,Chad Brock,14,28,
2000-08-26,16,I Need You,LeAnn Rimes,18,20,Gains In Performance
2000-08-26,17,When You Need My Love,Darryl Worley,16,22,
2000-08-26,18,Cold Day In July,Dixie Chicks,13,15,
2000-08-26,19,Feels Like Love,Vince Gill,21,15,Gains In Performance
2000-08-26,20,I'll Be,Reba McEntire,11,24,
2000-08-26,21,One Voice,Billy Gilman,20,14,
2000-08-26,22,There You Are,Martina McBride,23,16,Gains In Performance
2000-08-26,23,The Way You Love Me,Faith Hill,22,34,
2000-08-26,24,How Do You Like Me Now?!,Toby Keith,24,41,
2000-08-26,25,That's The Beat Of A Heart,The Warren Brothers Featuring Sara Evans,26,23,Gains In Performance
2000-08-26,26,Lonely,Tracy Lawrence,28,14,Gains In Performance
2000-08-26,27,Best Of Intentions,Travis Tritt,30,9,Gains In Performance
2000-08-26,28,Blue Moon,Steve Holy,29,19,Gains In Performance
2000-08-26,29,Just Another Day In Paradise,Phil Vassar,31,12,Gains In Performance
2000-08-26,30,We Danced,Brad Paisley,32,9,Gains In Performance
2000-08-26,31,Some Things Never Change,Tim McGraw,27,20,
2000-08-26,32,Born To Fly,Sara Evans,38,9,Gains In Performance
2000-08-26,33,That's The Kind Of Mood I'm In,Patty Loveless,37,12,Gains In Performance
2000-08-26,34,Love She Can't Live Without,Clint Black,36,10,Gains In Performance
2000-08-26,35,You Won't Be Lonely Now,Billy Ray Cyrus,39,8,Gains In Performance
2000-08-26,36,When You Come Back To Me Again,Garth Brooks,34,16,
2000-08-26,37,Katie Wants A Fast One,Steve Wariner With Garth Brooks,40,8,Gains In Performance
2000-08-26,38,A Little Gasoline,Terri Clark,41,6,Gains In Performance
2000-08-26,39,The Little Girl,John Michael Montgomery,65,2,Gains In Performance
2000-08-26,40,Self Made Man,Montgomery Gentry,33,19,
2000-08-26,41,I Can't Lie To Me,Clay Davidson,43,5,Gains In Performance
2000-08-26,42,"He Will, She Knows",Kenny Rogers,42,9,Gains In Performance
2000-08-26,43,The Visit,Chad Brock,49,4,Gains In Performance
2000-08-26,44,I Lost It,Kenny Chesney,48,2,Gains In Performance
2000-08-26,45,This Time Around,Yankee Grey,44,9,Gains In Performance
2000-08-26,46,I'm Holdin' On To Love (To Save My Life),Shania Twain,50,8,Gains In Performance
2000-08-26,47,My Love Goes On And On,Chris Cagle,47,5,Gains In Performance
2000-08-26,48,Paradise,Craig Morgan,46,12,Gains In Performance
2000-08-26,49,There Is No Arizona,Jamie O'Neal,61,3,Gains In Performance
2000-08-26,50,Waitin' On Sundown,Andy Griggs,67,4,Gains In Performance
2000-08-26,51,Everybody's Gotta Grow Up Sometime,Sons Of The Desert,57,3,Gains In Performance
2000-08-26,52,I'm Gonna Love You Anyway,Trace Adkins,64,5,Gains In Performance
2000-08-26,53,Where Are You Now,Trisha Yearwood,45,11,
2000-08-26,54,Tired Of Loving This Way,Collin Raye With Bobbie Eakes,54,9,Gains In Performance
2000-08-26,55,Run Away,Shane McAnally,53,4,Gains In Performance
2000-08-26,56,No Place Like Home,Georgia Middleman,55,7,Gains In Performance
2000-08-26,57,Once In A Lifetime Love,Clay Walker,58,7,Gains In Performance
2000-08-26,58,I Pray For You,John Rich,56,8,Gains In Performance
2000-08-26,59,I Knew I Loved You,Daryle Singletary,59,6,Gains In Performance
2000-08-26,60,My Next Thirty Years,Tim McGraw,62,16,Gains In Performance
2000-09-02,1,What About Now,Lonestar,1,21,
2000-09-02,2,It Must Be Love,Alan Jackson,2,19,Gains In Performance
2000-09-02,3,That's The Way,Jo Dee Messina,3,16,Gains In Performance
2000-09-02,4,I Will...But,SHeDAISY,6,34,Gains In Performance
2000-09-02,5,You'll Always Be Loved By Me,Brooks & Dunn,8,25,Gains In Performance
2000-09-02,6,Your Everything,Keith Urban,7,28,Gains In Performance
2000-09-02,7,It's Always Somethin',Joe Diffie,9,30,Gains In Performance
2000-09-02,8,I Hope You Dance,Lee Ann Womack With Sons Of The Desert,5,24,
2000-09-02,9,Prayin' For Daylight,Rascal Flatts,4,27,
2000-09-02,10,Country Comes To Town,Toby Keith,10,15,Gains In Performance
2000-09-02,11,Kiss This,Aaron Tippin,14,15,Gains In Performance
2000-09-02,12,Go On,George Strait,13,6,Gains In Performance
2000-09-02,13,Let's Make Love,Faith Hill With Tim McGraw,12,36,Gains In Performance
2000-09-02,14,I Need You,LeAnn Rimes,16,21,Gains In Performance
2000-09-02,15,When You Need My Love,Darryl Worley,17,23,
2000-09-02,16,Feels Like Love,Vince Gill,19,16,Gains In Performance
2000-09-02,17,Yes!,Chad Brock,15,29,
2000-09-02,18,There You Are,Martina McBride,22,17,Gains In Performance
2000-09-02,19,Flowers On The Wall,Eric Heatherly,11,28,
2000-09-02,20,Best Of Intentions,Travis Tritt,27,10,Gains In Performance
2000-09-02,21,One Voice,Billy Gilman,21,15,
2000-09-02,22,Lonely,Tracy Lawrence,26,15,Gains In Performance
2000-09-02,23,That's The Beat Of A Heart,The Warren Brothers Featuring Sara Evans,25,24,Gains In Performance
2000-09-02,24,The Way You Love Me,Faith Hill,23,35,
2000-09-02,25,How Do You Like Me Now?!,Toby Keith,24,42,
2000-09-02,26,Just Another Day In Paradise,Phil Vassar,29,13,Gains In Performance
2000-09-02,27,Blue Moon,Steve Holy,28,20,Gains In Performance
2000-09-02,28,We Danced,Brad Paisley,30,10,Gains In Performance
2000-09-02,29,Cold Day In July,Dixie Chicks,18,16,
2000-09-02,30,The Little Girl,John Michael Montgomery,39,3,Gains In Performance
2000-09-02,31,Love She Can't Live Without,Clint Black,34,11,Gains In Performance
2000-09-02,32,That's The Kind Of Mood I'm In,Patty Loveless,33,13,Gains In Performance
2000-09-02,33,Born To Fly,Sara Evans,32,10,Gains In Performance
2000-09-02,34,Katie Wants A Fast One,Steve Wariner With Garth Brooks,37,9,Gains In Performance
2000-09-02,35,You Won't Be Lonely Now,Billy Ray Cyrus,35,9,Gains In Performance
2000-09-02,36,A Little Gasoline,Terri Clark,38,7,Gains In Performance
2000-09-02,37,The Visit,Chad Brock,43,5,Gains In Performance
2000-09-02,38,When You Come Back To Me Again,Garth Brooks,36,17,
2000-09-02,39,I Lost It,Kenny Chesney,44,3,Gains In Performance
2000-09-02,40,I Can't Lie To Me,Clay Davidson,41,6,Gains In Performance
2000-09-02,41,"He Will, She Knows",Kenny Rogers,42,10,Gains In Performance
2000-09-02,42,I'm Holdin' On To Love (To Save My Life),Shania Twain,46,9,Gains In Performance
2000-09-02,43,My Love Goes On And On,Chris Cagle,47,6,Gains In Performance
2000-09-02,44,This Time Around,Yankee Grey,45,10,Gains In Performance
2000-09-02,45,Without You,Dixie Chicks,62,6,Gains In Performance
2000-09-02,46,Paradise,Craig Morgan,48,13,Gains In Performance
2000-09-02,47,Self Made Man,Montgomery Gentry,40,20,
2000-09-02,48,There Is No Arizona,Jamie O'Neal,49,4,Gains In Performance
2000-09-02,49,I'm Gonna Love You Anyway,Trace Adkins,52,6,Gains In Performance
2000-09-02,50,Once In A Lifetime Love,Clay Walker,57,8,Gains In Performance
2000-09-02,51,Everybody's Gotta Grow Up Sometime,Sons Of The Desert,51,4,Gains In Performance
2000-09-02,52,My Next Thirty Years,Tim McGraw,60,17,Gains In Performance
2000-09-02,53,Tired Of Loving This Way,Collin Raye With Bobbie Eakes,54,10,Gains In Performance
2000-09-02,54,She's Gone,Ricochet,63,3,Gains In Performance
2000-09-02,55,Waitin' On Sundown,Andy Griggs,50,5,
2000-09-02,56,Run Away,Shane McAnally,55,5,Gains In Performance
2000-09-02,57,No Place Like Home,Georgia Middleman,56,8,Gains In Performance
2000-09-02,58,I Knew I Loved You,Daryle Singletary,59,7,Gains In Performance
2000-09-02,59,I Pray For You,John Rich,58,9,Gains In Performance
2000-09-02,60,Where Are You Now,Trisha Yearwood,53,12,
2000-09-09,1,It Must Be Love,Alan Jackson,2,20,Gains In Performance
2000-09-09,2,What About Now,Lonestar,1,22,
2000-09-09,3,That's The Way,Jo Dee Messina,3,17,Gains In Performance
2000-09-09,4,I Will...But,SHeDAISY,4,35,Gains In Performance
2000-09-09,5,Your Everything,Keith Urban,6,29,Gains In Performance
2000-09-09,6,You'll Always Be Loved By Me,Brooks & Dunn,5,26,
2000-09-09,7,It's Always Somethin',Joe Diffie,7,31,Gains In Performance
2000-09-09,8,Country Comes To Town,Toby Keith,10,16,Gains In Performance
2000-09-09,9,Kiss This,Aaron Tippin,11,16,Gains In Performance
2000-09-09,10,Go On,George Strait,12,7,Gains In Performance
2000-09-09,11,I Hope You Dance,Lee Ann Womack With Sons Of The Desert,8,25,
2000-09-09,12,Let's Make Love,Faith Hill With Tim McGraw,13,37,Gains In Performance
2000-09-09,13,I Need You,LeAnn Rimes,14,22,Gains In Performance
2000-09-09,14,Prayin' For Daylight,Rascal Flatts,9,28,
2000-09-09,15,Feels Like Love,Vince Gill,16,17,Gains In Performance
2000-09-09,16,Yes!,Chad Brock,17,30,Gains In Performance
2000-09-09,17,There You Are,Martina McBride,18,18,Gains In Performance
2000-09-09,18,Best Of Intentions,Travis Tritt,20,11,Gains In Performance
2000-09-09,19,Lonely,Tracy Lawrence,22,16,Gains In Performance
2000-09-09,20,When You Need My Love,Darryl Worley,15,24,
2000-09-09,21,Just Another Day In Paradise,Phil Vassar,26,14,Gains In Performance
2000-09-09,22,The Little Girl,John Michael Montgomery,30,4,Gains In Performance
2000-09-09,23,That's The Beat Of A Heart,The Warren Brothers Featuring Sara Evans,23,25,Gains In Performance
2000-09-09,24,The Way You Love Me,Faith Hill,24,36,Gains In Performance
2000-09-09,25,One Voice,Billy Gilman,21,16,
2000-09-09,26,Blue Moon,Steve Holy,27,21,Gains In Performance
2000-09-09,27,We Danced,Brad Paisley,28,11,Gains In Performance
2000-09-09,28,Born To Fly,Sara Evans,33,11,Gains In Performance
2000-09-09,29,Katie Wants A Fast One,Steve Wariner With Garth Brooks,34,10,Gains In Performance
2000-09-09,30,That's The Kind Of Mood I'm In,Patty Loveless,32,14,Gains In Performance
2000-09-09,31,Love She Can't Live Without,Clint Black,31,12,Gains In Performance
2000-09-09,32,You Won't Be Lonely Now,Billy Ray Cyrus,35,10,Gains In Performance
2000-09-09,33,A Little Gasoline,Terri Clark,36,8,Gains In Performance
2000-09-09,34,I Lost It,Kenny Chesney,39,4,Gains In Performance
2000-09-09,35,I'm Holdin' On To Love (To Save My Life),Shania Twain,42,10,Gains In Performance
2000-09-09,36,Cold Day In July,Dixie Chicks,29,17,
2000-09-09,37,The Visit,Chad Brock,37,6,Gains In Performance
2000-09-09,38,Without You,Dixie Chicks,45,7,Gains In Performance
2000-09-09,39,I Can't Lie To Me,Clay Davidson,40,7,Gains In Performance
2000-09-09,40,"He Will, She Knows",Kenny Rogers,41,11,Gains In Performance
2000-09-09,41,My Love Goes On And On,Chris Cagle,43,7,Gains In Performance
2000-09-09,42,When You Come Back To Me Again,Garth Brooks,38,18,
2000-09-09,43,This Time Around,Yankee Grey,44,11,Gains In Performance
2000-09-09,44,I'm Gonna Love You Anyway,Trace Adkins,49,7,Gains In Performance
2000-09-09,45,There Is No Arizona,Jamie O'Neal,48,5,Gains In Performance
2000-09-09,46,Paradise,Craig Morgan,46,14,Gains In Performance
2000-09-09,47,My Next Thirty Years,Tim McGraw,52,18,Gains In Performance
2000-09-09,48,Take Me With You When You Go,Tracy Byrd,63,2,Gains In Performance
2000-09-09,49,Everybody's Gotta Grow Up Sometime,Sons Of The Desert,51,5,Gains In Performance
2000-09-09,50,Run Away,Shane McAnally,56,6,Gains In Performance
2000-09-09,51,Tired Of Loving This Way,Collin Raye With Bobbie Eakes,53,11,Gains In Performance
2000-09-09,52,Once In A Lifetime Love,Clay Walker,50,9,
2000-09-09,53,Meanwhile Back At The Ranch,The Clark Family Experience,62,7,Gains In Performance
2000-09-09,54,No Place Like Home,Georgia Middleman,57,9,
2000-09-09,55,I Pray For You,John Rich,59,10,
2000-09-09,56,She's Gone,Ricochet,54,4,
2000-09-09,57,Waitin' On Sundown,Andy Griggs,55,6,
2000-09-09,58,I Knew I Loved You,Daryle Singletary,58,8,
2000-09-09,59,Now That's Awesome,"Bill Engvall Featuring Tracy Byrd, Neal McCoy & T. Graham Brown",70,2,Gains In Performance
2000-09-09,60,Every Man For Himself,Neal McCoy,73,2,Gains In Performance
2000-09-16,1,That's The Way,Jo Dee Messina,3,18,Gains In Performance
2000-09-16,2,It Must Be Love,Alan Jackson,1,21,
2000-09-16,3,What About Now,Lonestar,2,23,
2000-09-16,4,I Will...But,SHeDAISY,4,36,
2000-09-16,5,Your Everything,Keith Urban,5,30,Gains In Performance
2000-09-16,6,It's Always Somethin',Joe Diffie,7,32,Gains In Performance
2000-09-16,7,You'll Always Be Loved By Me,Brooks & Dunn,6,27,
2000-09-16,8,Country Comes To Town,Toby Keith,8,17,Gains In Performance
2000-09-16,9,Kiss This,Aaron Tippin,9,17,Gains In Performance
2000-09-16,10,Go On,George Strait,10,8,Gains In Performance
2000-09-16,11,Let's Make Love,Faith Hill With Tim McGraw,12,38,Gains In Performance
2000-09-16,12,I Need You,LeAnn Rimes,13,23,Gains In Performance
2000-09-16,13,I Hope You Dance,Lee Ann Womack With Sons Of The Desert,11,26,
2000-09-16,14,Feels Like Love,Vince Gill,15,18,
2000-09-16,15,The Little Girl,John Michael Montgomery,22,5,Gains In Performance
2000-09-16,16,Best Of Intentions,Travis Tritt,18,12,Gains In Performance
2000-09-16,17,Yes!,Chad Brock,16,31,
2000-09-16,18,There You Are,Martina McBride,17,19,Gains In Performance
2000-09-16,19,Prayin' For Daylight,Rascal Flatts,14,29,
2000-09-16,20,Just Another Day In Paradise,Phil Vassar,21,15,Gains In Performance
2000-09-16,21,Lonely,Tracy Lawrence,19,17,Gains In Performance
2000-09-16,22,That's The Beat Of A Heart,The Warren Brothers Featuring Sara Evans,23,26,Gains In Performance
2000-09-16,23,We Danced,Brad Paisley,27,12,Gains In Performance
2000-09-16,24,The Way You Love Me,Faith Hill,24,37,
2000-09-16,25,Blue Moon,Steve Holy,26,22,Gains In Performance
2000-09-16,26,One Voice,Billy Gilman,25,17,
2000-09-16,27,Born To Fly,Sara Evans,28,12,Gains In Performance
2000-09-16,28,Katie Wants A Fast One,Steve Wariner With Garth Brooks,29,11,Gains In Performance
2000-09-16,29,That's The Kind Of Mood I'm In,Patty Loveless,30,15,Gains In Performance
2000-09-16,30,I Lost It,Kenny Chesney,34,5,Gains In Performance
2000-09-16,31,Love She Can't Live Without,Clint Black,31,13,Gains In Performance
2000-09-16,32,You Won't Be Lonely Now,Billy Ray Cyrus,32,11,Gains In Performance
2000-09-16,33,Without You,Dixie Chicks,38,8,Gains In Performance
2000-09-16,34,I'm Holdin' On To Love (To Save My Life),Shania Twain,35,11,Gains In Performance
2000-09-16,35,A Little Gasoline,Terri Clark,33,9,Gains In Performance
2000-09-16,36,The Visit,Chad Brock,37,7,Gains In Performance
2000-09-16,37,I Can't Lie To Me,Clay Davidson,39,8,Gains In Performance
2000-09-16,38,My Love Goes On And On,Chris Cagle,41,8,Gains In Performance
2000-09-16,39,"He Will, She Knows",Kenny Rogers,40,12,Gains In Performance
2000-09-16,40,My Next Thirty Years,Tim McGraw,47,19,Gains In Performance
2000-09-16,41,When You Come Back To Me Again,Garth Brooks,42,19,
2000-09-16,42,Cold Day In July,Dixie Chicks,36,18,
2000-09-16,43,This Time Around,Yankee Grey,43,12,
2000-09-16,44,Meanwhile Back At The Ranch,The Clark Family Experience,53,8,Gains In Performance
2000-09-16,45,There Is No Arizona,Jamie O'Neal,45,6,Gains In Performance
2000-09-16,46,Paradise,Craig Morgan,46,15,Gains In Performance
2000-09-16,47,I'm Gonna Love You Anyway,Trace Adkins,44,8,
2000-09-16,48,We're So Good Together,Reba McEntire,63,2,Gains In Performance
2000-09-16,49,Everybody's Gotta Grow Up Sometime,Sons Of The Desert,49,6,Gains In Performance
2000-09-16,50,Tired Of Loving This Way,Collin Raye With Bobbie Eakes,51,12,Gains In Performance
2000-09-16,51,Take Me With You When You Go,Tracy Byrd,48,3,
2000-09-16,52,Run Away,Shane McAnally,50,7,Gains In Performance
2000-09-16,53,Once In A Lifetime Love,Clay Walker,52,10,Gains In Performance
2000-09-16,54,She's Gone,Ricochet,56,5,Gains In Performance
2000-09-16,55,Every Man For Himself,Neal McCoy,60,3,Gains In Performance
2000-09-16,56,I Knew I Loved You,Daryle Singletary,58,9,Gains In Performance
2000-09-16,57,I Pray For You,John Rich,55,11,Gains In Performance
2000-09-16,58,Makin' Up With You,Chalee Tennison,NEW,1,Highest ranking debut|Gains In Performance
2000-09-16,59,This Everyday Love,Rascal Flatts,69,5,Gains In Performance
2000-09-16,60,Now That's Awesome,"Bill Engvall Featuring Tracy Byrd, Neal McCoy & T. Graham Brown",59,3,
2000-09-23,1,That's The Way,Jo Dee Messina,1,19,Gains In Performance
2000-09-23,2,I Will...But,SHeDAISY,4,37,Gains In Performance
2000-09-23,3,It Must Be Love,Alan Jackson,2,22,
2000-09-23,4,Your Everything,Keith Urban,5,31,
2000-09-23,5,What About Now,Lonestar,3,24,
2000-09-23,6,It's Always Somethin',Joe Diffie,6,33,
2000-09-23,7,Kiss This,Aaron Tippin,9,18,Gains In Performance
2000-09-23,8,Country Comes To Town,Toby Keith,8,18,Gains In Performance
2000-09-23,9,Go On,George Strait,10,9,Gains In Performance
2000-09-23,10,Let's Make Love,Faith Hill With Tim McGraw,11,39,Gains In Performance
2000-09-23,11,You'll Always Be Loved By Me,Brooks & Dunn,7,28,
2000-09-23,12,The Little Girl,John Michael Montgomery,15,6,Gains In Performance
2000-09-23,13,I Need You,LeAnn Rimes,12,24,Gains In Performance
2000-09-23,14,Best Of Intentions,Travis Tritt,16,13,Gains In Performance
2000-09-23,15,Feels Like Love,Vince Gill,14,19,Gains In Performance
2000-09-23,16,I Hope You Dance,Lee Ann Womack With Sons Of The Desert,13,27,
2000-09-23,17,Just Another Day In Paradise,Phil Vassar,20,16,Gains In Performance
2000-09-23,18,There You Are,Martina McBride,18,20,Gains In Performance
2000-09-23,19,Yes!,Chad Brock,17,32,
2000-09-23,20,Lonely,Tracy Lawrence,21,18,Gains In Performance
2000-09-23,21,We Danced,Brad Paisley,23,13,Gains In Performance
2000-09-23,22,Prayin' For Daylight,Rascal Flatts,19,30,
2000-09-23,23,That's The Beat Of A Heart,The Warren Brothers Featuring Sara Evans,22,27,Gains In Performance
2000-09-23,24,Blue Moon,Steve Holy,25,23,Gains In Performance
2000-09-23,25,The Way You Love Me,Faith Hill,24,38,
2000-09-23,26,Born To Fly,Sara Evans,27,13,Gains In Performance
2000-09-23,27,Without You,Dixie Chicks,33,9,Gains In Performance
2000-09-23,28,Katie Wants A Fast One,Steve Wariner With Garth Brooks,28,12,Gains In Performance
2000-09-23,29,That's The Kind Of Mood I'm In,Patty Loveless,29,16,Gains In Performance
2000-09-23,30,I Lost It,Kenny Chesney,30,6,Gains In Performance
2000-09-23,31,I'm Holdin' On To Love (To Save My Life),Shania Twain,34,12,Gains In Performance
2000-09-23,32,You Won't Be Lonely Now,Billy Ray Cyrus,32,12,Gains In Performance
2000-09-23,33,A Little Gasoline,Terri Clark,35,10,Gains In Performance
2000-09-23,34,Love She Can't Live Without,Clint Black,31,14,Gains In Performance
2000-09-23,35,One Voice,Billy Gilman,26,18,
2000-09-23,36,The Visit,Chad Brock,36,8,Gains In Performance
2000-09-23,37,I Can't Lie To Me,Clay Davidson,37,9,Gains In Performance
2000-09-23,38,My Next Thirty Years,Tim McGraw,40,20,Gains In Performance
2000-09-23,39,My Love Goes On And On,Chris Cagle,38,9,Gains In Performance
2000-09-23,40,"He Will, She Knows",Kenny Rogers,39,13,Gains In Performance
2000-09-23,41,Meanwhile Back At The Ranch,The Clark Family Experience,44,9,Gains In Performance
2000-09-23,42,We're So Good Together,Reba McEntire,48,3,Gains In Performance
2000-09-23,43,There Is No Arizona,Jamie O'Neal,45,7,Gains In Performance
2000-09-23,44,I'm Gonna Love You Anyway,Trace Adkins,47,9,Gains In Performance
2000-09-23,45,Cold Day In July,Dixie Chicks,42,19,
2000-09-23,46,Everybody's Gotta Grow Up Sometime,Sons Of The Desert,49,7,Gains In Performance
2000-09-23,47,Take Me With You When You Go,Tracy Byrd,51,4,Gains In Performance
2000-09-23,48,Paradise,Craig Morgan,46,16,Gains In Performance
2000-09-23,49,When You Come Back To Me Again,Garth Brooks,41,20,
2000-09-23,50,This Time Around,Yankee Grey,43,13,
2000-09-23,51,Run Away,Shane McAnally,52,8,Gains In Performance
2000-09-23,52,Every Man For Himself,Neal McCoy,55,4,Gains In Performance
2000-09-23,53,Once In A Lifetime Love,Clay Walker,53,11,Gains In Performance
2000-09-23,54,Tired Of Loving This Way,Collin Raye With Bobbie Eakes,50,13,
2000-09-23,55,She's Gone,Ricochet,54,6,Gains In Performance
2000-09-23,56,I Pray For You,John Rich,57,12,Gains In Performance
2000-09-23,57,I Knew I Loved You,Daryle Singletary,56,10,
2000-09-23,58,Tell Her,Lonestar,69,2,Gains In Performance
2000-09-23,59,This Everyday Love,Rascal Flatts,59,6,Gains In Performance
2000-09-23,60,Swimming In Champagne,Eric Heatherly,61,2,Gains In Performance
2000-09-30,1,That's The Way,Jo Dee Messina,1,20,
2000-09-30,2,I Will...But,SHeDAISY,2,38,
2000-09-30,3,Kiss This,Aaron Tippin,7,19,Gains In Performance
2000-09-30,4,Country Comes To Town,Toby Keith,8,19,Gains In Performance
2000-09-30,5,It's Always Somethin',Joe Diffie,6,34,
2000-09-30,6,Go On,George Strait,9,10,Gains In Performance
2000-09-30,7,Let's Make Love,Faith Hill With Tim McGraw,10,40,Gains In Performance
2000-09-30,8,Your Everything,Keith Urban,4,32,
2000-09-30,9,What About Now,Lonestar,5,25,
2000-09-30,10,The Little Girl,John Michael Montgomery,12,7,Gains In Performance
2000-09-30,11,It Must Be Love,Alan Jackson,3,23,
2000-09-30,12,I Need You,LeAnn Rimes,13,25,Gains In Performance
2000-09-30,13,Best Of Intentions,Travis Tritt,14,14,Gains In Performance
2000-09-30,14,Feels Like Love,Vince Gill,15,20,Gains In Performance
2000-09-30,15,You'll Always Be Loved By Me,Brooks & Dunn,11,29,
2000-09-30,16,Just Another Day In Paradise,Phil Vassar,17,17,Gains In Performance
2000-09-30,17,There You Are,Martina McBride,18,21,Gains In Performance
2000-09-30,18,Lonely,Tracy Lawrence,20,19,Gains In Performance
2000-09-30,19,We Danced,Brad Paisley,21,14,Gains In Performance
2000-09-30,20,Yes!,Chad Brock,19,33,
2000-09-30,21,I Hope You Dance,Lee Ann Womack With Sons Of The Desert,16,28,
2000-09-30,22,That's The Beat Of A Heart,The Warren Brothers Featuring Sara Evans,23,28,
2000-09-30,23,Without You,Dixie Chicks,27,10,Gains In Performance
2000-09-30,24,Born To Fly,Sara Evans,26,14,Gains In Performance
2000-09-30,25,Prayin' For Daylight,Rascal Flatts,22,31,
2000-09-30,26,I Lost It,Kenny Chesney,30,7,Gains In Performance
2000-09-30,27,That's The Kind Of Mood I'm In,Patty Loveless,29,17,Gains In Performance
2000-09-30,28,Katie Wants A Fast One,Steve Wariner With Garth Brooks,28,13,Gains In Performance
2000-09-30,29,Blue Moon,Steve Holy,24,24,
2000-09-30,30,I'm Holdin' On To Love (To Save My Life),Shania Twain,31,13,Gains In Performance
2000-09-30,31,My Next Thirty Years,Tim McGraw,38,21,Gains In Performance
2000-09-30,32,You Won't Be Lonely Now,Billy Ray Cyrus,32,13,Gains In Performance
2000-09-30,33,A Little Gasoline,Terri Clark,33,11,Gains In Performance
2000-09-30,34,Love She Can't Live Without,Clint Black,34,15,Gains In Performance
2000-09-30,35,The Visit,Chad Brock,36,9,Gains In Performance
2000-09-30,36,I Can't Lie To Me,Clay Davidson,37,10,Gains In Performance
2000-09-30,37,My Love Goes On And On,Chris Cagle,39,10,Gains In Performance
2000-09-30,38,One Voice,Billy Gilman,35,19,
2000-09-30,39,"He Will, She Knows",Kenny Rogers,40,14,Gains In Performance
2000-09-30,40,Meanwhile Back At The Ranch,The Clark Family Experience,41,10,Gains In Performance
2000-09-30,41,We're So Good Together,Reba McEntire,42,4,Gains In Performance
2000-09-30,42,There Is No Arizona,Jamie O'Neal,43,8,Gains In Performance
2000-09-30,43,I'm Gonna Love You Anyway,Trace Adkins,44,10,Gains In Performance
2000-09-30,44,Everybody's Gotta Grow Up Sometime,Sons Of The Desert,46,8,
2000-09-30,45,Take Me With You When You Go,Tracy Byrd,47,5,
2000-09-30,46,This Everyday Love,Rascal Flatts,59,7,Gains In Performance
2000-09-30,47,Tell Her,Lonestar,58,3,Gains In Performance
2000-09-30,48,Paradise,Craig Morgan,48,17,
2000-09-30,49,Cold Day In July,Dixie Chicks,45,20,
2000-09-30,50,Every Man For Himself,Neal McCoy,52,5,Gains In Performance
2000-09-30,51,She's Gone,Ricochet,55,7,Gains In Performance
2000-09-30,52,Once In A Lifetime Love,Clay Walker,53,12,
2000-09-30,53,Tired Of Loving This Way,Collin Raye With Bobbie Eakes,54,14,
2000-09-30,54,Run Away,Shane McAnally,51,9,
2000-09-30,55,Swimming In Champagne,Eric Heatherly,60,3,Gains In Performance
2000-09-30,56,I Pray For You,John Rich,56,13,
2000-09-30,57,So What,Tammy Cochran,63,4,Gains In Performance
2000-09-30,58,Georgia,Carolyn Dawn Johnson,RE,2,Gains In Performance
2000-09-30,59,I Knew I Loved You,Daryle Singletary,57,11,
2000-09-30,60,I Want To Know (Everything There Is To Know About You),Mark Wills,75,3,Gains In Performance
2000-10-07,1,That's The Way,Jo Dee Messina,1,21,
2000-10-07,2,I Will...But,SHeDAISY,2,39,
2000-10-07,3,Kiss This,Aaron Tippin,3,20,Gains In Performance
2000-10-07,4,Country Comes To Town,Toby Keith,4,20,Gains In Performance
2000-10-07,5,The Little Girl,John Michael Montgomery,10,8,Gains In Performance
2000-10-07,6,Go On,George Strait,6,11,Gains In Performance
2000-10-07,7,Let's Make Love,Faith Hill With Tim McGraw,7,41,Gains In Performance
2000-10-07,8,Best Of Intentions,Travis Tritt,13,15,Gains In Performance
2000-10-07,9,I Need You,LeAnn Rimes,12,26,Gains In Performance
2000-10-07,10,What About Now,Lonestar,9,26,
2000-10-07,11,It's Always Somethin',Joe Diffie,5,35,
2000-10-07,12,Feels Like Love,Vince Gill,14,21,Gains In Performance
2000-10-07,13,It Must Be Love,Alan Jackson,11,24,
2000-10-07,14,Just Another Day In Paradise,Phil Vassar,16,18,Gains In Performance
2000-10-07,15,Your Everything,Keith Urban,8,33,
2000-10-07,16,There You Are,Martina McBride,17,22,Gains In Performance
2000-10-07,17,We Danced,Brad Paisley,19,15,Gains In Performance
2000-10-07,18,Without You,Dixie Chicks,23,11,Gains In Performance
2000-10-07,19,Lonely,Tracy Lawrence,18,20,Gains In Performance
2000-10-07,20,I Lost It,Kenny Chesney,26,8,Gains In Performance
2000-10-07,21,Born To Fly,Sara Evans,24,15,Gains In Performance
2000-10-07,22,My Next Thirty Years,Tim McGraw,31,22,Greatest gainer this week|Gains In Performance
2000-10-07,23,Yes!,Chad Brock,20,34,
2000-10-07,24,I Hope You Dance,Lee Ann Womack With Sons Of The Desert,21,29,
2000-10-07,25,Katie Wants A Fast One,Steve Wariner With Garth Brooks,28,14,Gains In Performance
2000-10-07,26,That's The Kind Of Mood I'm In,Patty Loveless,27,18,Gains In Performance
2000-10-07,27,I'm Holdin' On To Love (To Save My Life),Shania Twain,30,14,Gains In Performance
2000-10-07,28,You Won't Be Lonely Now,Billy Ray Cyrus,32,14,Gains In Performance
2000-10-07,29,A Little Gasoline,Terri Clark,33,12,Gains In Performance
2000-10-07,30,Love She Can't Live Without,Clint Black,34,16,Gains In Performance
2000-10-07,31,The Visit,Chad Brock,35,10,Gains In Performance
2000-10-07,32,I Can't Lie To Me,Clay Davidson,36,11,Gains In Performance
2000-10-07,33,My Love Goes On And On,Chris Cagle,37,11,Gains In Performance
2000-10-07,34,"He Will, She Knows",Kenny Rogers,39,15,Gains In Performance
2000-10-07,35,Meanwhile Back At The Ranch,The Clark Family Experience,40,11,Gains In Performance
2000-10-07,36,We're So Good Together,Reba McEntire,41,5,Gains In Performance
2000-10-07,37,Tell Her,Lonestar,47,4,Gains In Performance
2000-10-07,38,There Is No Arizona,Jamie O'Neal,42,9,Gains In Performance
2000-10-07,39,One Voice,Billy Gilman,38,20,
2000-10-07,40,This Everyday Love,Rascal Flatts,46,8,Gains In Performance
2000-10-07,41,I'm Gonna Love You Anyway,Trace Adkins,43,11,Gains In Performance
2000-10-07,42,Everybody's Gotta Grow Up Sometime,Sons Of The Desert,44,9,
2000-10-07,43,Take Me With You When You Go,Tracy Byrd,45,6,
2000-10-07,44,Every Man For Himself,Neal McCoy,50,6,Gains In Performance
2000-10-07,45,I Want To Know (Everything There Is To Know About You),Mark Wills,60,4,Gains In Performance
2000-10-07,46,www.memory,Alan Jackson,NEW,1,Highest ranking debut|Gains In Performance
2000-10-07,47,Georgia,Carolyn Dawn Johnson,58,3,Gains In Performance
2000-10-07,48,She's Gone,Ricochet,51,8,
2000-10-07,49,Paradise,Craig Morgan,48,18,
2000-10-07,50,Swimming In Champagne,Eric Heatherly,55,4,Gains In Performance
2000-10-07,51,Once In A Lifetime Love,Clay Walker,52,13,
2000-10-07,52,Right Where I Need To Be,Gary Allan,62,10,Gains In Performance
2000-10-07,53,So What,Tammy Cochran,57,5,Gains In Performance
2000-10-07,54,Tired Of Loving This Way,Collin Raye With Bobbie Eakes,53,15,
2000-10-07,55,I Knew I Loved You,Daryle Singletary,59,12,
2000-10-07,56,Makin' Up With You,Chalee Tennison,63,4,Gains In Performance
2000-10-07,57,All Night Long,Montgomery Gentry Featuring Charlie Daniels,66,3,Gains In Performance
2000-10-07,58,I Would,Jolie & The Wanted,64,4,Gains In Performance
2000-10-07,59,Nobody's Got It All,John Anderson,70,2,Gains In Performance
2000-10-07,60,Live It Up,Marshall Dyllon,61,2,
2000-10-14,1,Kiss This,Aaron Tippin,3,21,Gains In Performance
2000-10-14,2,Go On,George Strait,6,12,Gains In Performance
2000-10-14,3,The Little Girl,John Michael Montgomery,5,9,Gains In Performance
2000-10-14,4,That's The Way,Jo Dee Messina,1,22,
2000-10-14,5,Country Comes To Town,Toby Keith,4,21,Gains In Performance
2000-10-14,6,Let's Make Love,Faith Hill With Tim McGraw,7,42,Gains In Performance
2000-10-14,7,Best Of Intentions,Travis Tritt,8,16,Gains In Performance
2000-10-14,8,I Will...But,SHeDAISY,2,40,
2000-10-14,9,I Need You,LeAnn Rimes,9,27,Gains In Performance
2000-10-14,10,Feels Like Love,Vince Gill,12,22,Gains In Performance
2000-10-14,11,What About Now,Lonestar,10,27,
2000-10-14,12,Just Another Day In Paradise,Phil Vassar,14,19,Gains In Performance
2000-10-14,13,There You Are,Martina McBride,16,23,Gains In Performance
2000-10-14,14,We Danced,Brad Paisley,17,16,Gains In Performance
2000-10-14,15,It Must Be Love,Alan Jackson,13,25,
2000-10-14,16,Without You,Dixie Chicks,18,12,Gains In Performance
2000-10-14,17,It's Always Somethin',Joe Diffie,11,36,
2000-10-14,18,I Lost It,Kenny Chesney,20,9,Gains In Performance
2000-10-14,19,Born To Fly,Sara Evans,21,16,Gains In Performance
2000-10-14,20,My Next Thirty Years,Tim McGraw,22,23,Gains In Performance
2000-10-14,21,Lonely,Tracy Lawrence,19,21,
2000-10-14,22,That's The Kind Of Mood I'm In,Patty Loveless,26,19,Gains In Performance
2000-10-14,23,Yes!,Chad Brock,23,35,
2000-10-14,24,I Hope You Dance,Lee Ann Womack With Sons Of The Desert,24,30,
2000-10-14,25,Your Everything,Keith Urban,15,34,
2000-10-14,26,Katie Wants A Fast One,Steve Wariner With Garth Brooks,25,15,Gains In Performance
2000-10-14,27,I'm Holdin' On To Love (To Save My Life),Shania Twain,27,15,Gains In Performance
2000-10-14,28,You Won't Be Lonely Now,Billy Ray Cyrus,28,15,Gains In Performance
2000-10-14,29,A Little Gasoline,Terri Clark,29,13,Gains In Performance
2000-10-14,30,Love She Can't Live Without,Clint Black,30,17,
2000-10-14,31,The Visit,Chad Brock,31,11,Gains In Performance
2000-10-14,32,My Love Goes On And On,Chris Cagle,33,12,Gains In Performance
2000-10-14,33,I Can't Lie To Me,Clay Davidson,32,12,Gains In Performance
2000-10-14,34,Meanwhile Back At The Ranch,The Clark Family Experience,35,12,Gains In Performance
2000-10-14,35,Tell Her,Lonestar,37,5,Gains In Performance
2000-10-14,36,www.memory,Alan Jackson,46,2,Gains In Performance
2000-10-14,37,"He Will, She Knows",Kenny Rogers,34,16,Gains In Performance
2000-10-14,38,We're So Good Together,Reba McEntire,36,6,Gains In Performance
2000-10-14,39,This Everyday Love,Rascal Flatts,40,9,Gains In Performance
2000-10-14,40,There Is No Arizona,Jamie O'Neal,38,10,Gains In Performance
2000-10-14,41,I'm Gonna Love You Anyway,Trace Adkins,41,12,Gains In Performance
2000-10-14,42,I Want To Know (Everything There Is To Know About You),Mark Wills,45,5,Gains In Performance
2000-10-14,43,Everybody's Gotta Grow Up Sometime,Sons Of The Desert,42,10,Gains In Performance
2000-10-14,44,Every Man For Himself,Neal McCoy,44,7,Gains In Performance
2000-10-14,45,Georgia,Carolyn Dawn Johnson,47,4,Gains In Performance
2000-10-14,46,Swimming In Champagne,Eric Heatherly,50,5,Gains In Performance
2000-10-14,47,You Made Me That Way,Andy Griggs,66,3,Gains In Performance
2000-10-14,48,A Good Day To Run,Darryl Worley,62,2,Gains In Performance
2000-10-14,49,Right Where I Need To Be,Gary Allan,52,11,Gains In Performance
2000-10-14,50,She's Gone,Ricochet,48,9,
2000-10-14,51,So What,Tammy Cochran,53,6,Gains In Performance
2000-10-14,52,Take Me With You When You Go,Tracy Byrd,43,7,
2000-10-14,53,All Night Long,Montgomery Gentry Featuring Charlie Daniels,57,4,Gains In Performance
2000-10-14,54,But For The Grace Of God,Keith Urban,68,2,Gains In Performance
2000-10-14,55,I Would,Jolie & The Wanted,58,5,Gains In Performance
2000-10-14,56,Makin' Up With You,Chalee Tennison,56,5,Gains In Performance
2000-10-14,57,Live It Up,Marshall Dyllon,60,3,Gains In Performance
2000-10-14,58,Nobody's Got It All,John Anderson,59,3,Gains In Performance
2000-10-14,59,What Do You Know About Love,Dwight Yoakam,63,3,Gains In Performance
2000-10-14,60,Once In A Lifetime Love,Clay Walker,51,14,
2000-10-21,1,Kiss This,Aaron Tippin,1,22,
2000-10-21,2,The Little Girl,John Michael Montgomery,3,10,Gains In Performance
2000-10-21,3,Go On,George Strait,2,13,
2000-10-21,4,Best Of Intentions,Travis Tritt,7,17,Gains In Performance
2000-10-21,5,That's The Way,Jo Dee Messina,4,23,
2000-10-21,6,Let's Make Love,Faith Hill With Tim McGraw,6,43,
2000-10-21,7,Country Comes To Town,Toby Keith,5,22,
2000-10-21,8,I Need You,LeAnn Rimes,9,28,Gains In Performance
2000-10-21,9,Feels Like Love,Vince Gill,10,23,Gains In Performance
2000-10-21,10,Just Another Day In Paradise,Phil Vassar,12,20,Gains In Performance
2000-10-21,11,I Will...But,SHeDAISY,8,41,
2000-10-21,12,We Danced,Brad Paisley,14,17,Gains In Performance
2000-10-21,13,There You Are,Martina McBride,13,24,Gains In Performance
2000-10-21,14,Without You,Dixie Chicks,16,13,Gains In Performance
2000-10-21,15,My Next Thirty Years,Tim McGraw,20,24,Gains In Performance
2000-10-21,16,What About Now,Lonestar,11,28,
2000-10-21,17,I Lost It,Kenny Chesney,18,10,Gains In Performance
2000-10-21,18,Born To Fly,Sara Evans,19,17,Gains In Performance
2000-10-21,19,It Must Be Love,Alan Jackson,15,26,
2000-10-21,20,That's The Kind Of Mood I'm In,Patty Loveless,22,20,Gains In Performance
2000-10-21,21,I Hope You Dance,Lee Ann Womack With Sons Of The Desert,24,31,Gains In Performance
2000-10-21,22,It's Always Somethin',Joe Diffie,17,37,
2000-10-21,23,Katie Wants A Fast One,Steve Wariner With Garth Brooks,26,16,Gains In Performance
2000-10-21,24,I'm Holdin' On To Love (To Save My Life),Shania Twain,27,16,Gains In Performance
2000-10-21,25,Yes!,Chad Brock,23,36,
2000-10-21,26,You Won't Be Lonely Now,Billy Ray Cyrus,28,16,Gains In Performance
2000-10-21,27,A Little Gasoline,Terri Clark,29,14,Gains In Performance
2000-10-21,28,www.memory,Alan Jackson,36,3,Greatest gainer this week|Gains In Performance
2000-10-21,29,Tell Her,Lonestar,35,6,Gains In Performance
2000-10-21,30,The Visit,Chad Brock,31,12,Gains In Performance
2000-10-21,31,My Love Goes On And On,Chris Cagle,32,13,Gains In Performance
2000-10-21,32,Meanwhile Back At The Ranch,The Clark Family Experience,34,13,Gains In Performance
2000-10-21,33,I Can't Lie To Me,Clay Davidson,33,13,Gains In Performance
2000-10-21,34,We're So Good Together,Reba McEntire,38,7,Gains In Performance
2000-10-21,35,"He Will, She Knows",Kenny Rogers,37,17,Gains In Performance
2000-10-21,36,This Everyday Love,Rascal Flatts,39,10,Gains In Performance
2000-10-21,37,Love She Can't Live Without,Clint Black,30,18,
2000-10-21,38,There Is No Arizona,Jamie O'Neal,40,11,Gains In Performance
2000-10-21,39,I'm Gonna Love You Anyway,Trace Adkins,41,13,
2000-10-21,40,I Want To Know (Everything There Is To Know About You),Mark Wills,42,6,Gains In Performance
2000-10-21,41,A Good Day To Run,Darryl Worley,48,3,Gains In Performance
2000-10-21,42,Every Man For Himself,Neal McCoy,44,8,Gains In Performance
2000-10-21,43,Georgia,Carolyn Dawn Johnson,45,5,Gains In Performance
2000-10-21,44,You Made Me That Way,Andy Griggs,47,4,Gains In Performance
2000-10-21,45,Everybody's Gotta Grow Up Sometime,Sons Of The Desert,43,11,Gains In Performance
2000-10-21,46,All Night Long,Montgomery Gentry Featuring Charlie Daniels,53,5,Gains In Performance
2000-10-21,47,Right Where I Need To Be,Gary Allan,49,12,Gains In Performance
2000-10-21,48,Burn,Jo Dee Messina,67,2,Gains In Performance
2000-10-21,49,Ashes By Now,Lee Ann Womack,61,3,Gains In Performance
2000-10-21,50,Swimming In Champagne,Eric Heatherly,46,6,Gains In Performance
2000-10-21,51,So What,Tammy Cochran,51,7,Gains In Performance
2000-10-21,52,But For The Grace Of God,Keith Urban,54,3,Gains In Performance
2000-10-21,53,She's Gone,Ricochet,50,10,
2000-10-21,54,What Do You Know About Love,Dwight Yoakam,59,4,Gains In Performance
2000-10-21,55,Live It Up,Marshall Dyllon,57,4,Gains In Performance
2000-10-21,56,Makin' Up With You,Chalee Tennison,56,6,Gains In Performance
2000-10-21,57,Nobody's Got It All,John Anderson,58,4,
2000-10-21,58,Sin Wagon,Dixie Chicks,68,15,Gains In Performance
2000-10-21,59,I Knew I Loved You,Daryle Singletary,62,14,
2000-10-21,60,Move On,The Warren Brothers,72,2,Gains In Performance
2000-10-28,1,The Little Girl,John Michael Montgomery,2,11,Gains In Performance
2000-10-28,2,Go On,George Strait,3,14,Gains In Performance
2000-10-28,3,Kiss This,Aaron Tippin,1,23,
2000-10-28,4,Best Of Intentions,Travis Tritt,4,18,Gains In Performance
2000-10-28,5,Just Another Day In Paradise,Phil Vassar,10,21,Gains In Performance
2000-10-28,6,We Danced,Brad Paisley,12,18,Gains In Performance
2000-10-28,7,Feels Like Love,Vince Gill,9,24,Gains In Performance
2000-10-28,8,I Need You,LeAnn Rimes,8,29,
2000-10-28,9,Let's Make Love,Faith Hill With Tim McGraw,6,44,
2000-10-28,10,That's The Way,Jo Dee Messina,5,24,
2000-10-28,11,Without You,Dixie Chicks,14,14,Gains In Performance
2000-10-28,12,There You Are,Martina McBride,13,25,Gains In Performance
2000-10-28,13,My Next Thirty Years,Tim McGraw,15,25,Gains In Performance
2000-10-28,14,Country Comes To Town,Toby Keith,7,23,
2000-10-28,15,I Lost It,Kenny Chesney,17,11,Gains In Performance
2000-10-28,16,Born To Fly,Sara Evans,18,18,Gains In Performance
2000-10-28,17,What About Now,Lonestar,16,29,
2000-10-28,18,That's The Kind Of Mood I'm In,Patty Loveless,20,21,Gains In Performance
2000-10-28,19,I Will...But,SHeDAISY,11,42,
2000-10-28,20,www.memory,Alan Jackson,28,4,Gains In Performance
2000-10-28,21,I'm Holdin' On To Love (To Save My Life),Shania Twain,24,17,Gains In Performance
2000-10-28,22,Katie Wants A Fast One,Steve Wariner With Garth Brooks,23,17,Gains In Performance
2000-10-28,23,It Must Be Love,Alan Jackson,19,27,
2000-10-28,24,I Hope You Dance,Lee Ann Womack With Sons Of The Desert,21,32,
2000-10-28,25,A Little Gasoline,Terri Clark,27,15,Gains In Performance
2000-10-28,26,You Won't Be Lonely Now,Billy Ray Cyrus,26,17,Gains In Performance
2000-10-28,27,Tell Her,Lonestar,29,7,Gains In Performance
2000-10-28,28,The Visit,Chad Brock,30,13,Gains In Performance
2000-10-28,29,My Love Goes On And On,Chris Cagle,31,14,Gains In Performance
2000-10-28,30,We're So Good Together,Reba McEntire,34,8,Gains In Performance
2000-10-28,31,Meanwhile Back At The Ranch,The Clark Family Experience,32,14,Gains In Performance
2000-10-28,32,I Can't Lie To Me,Clay Davidson,33,14,Gains In Performance
2000-10-28,33,This Everyday Love,Rascal Flatts,36,11,Gains In Performance
2000-10-28,34,"He Will, She Knows",Kenny Rogers,35,18,Gains In Performance
2000-10-28,35,There Is No Arizona,Jamie O'Neal,38,12,Gains In Performance
2000-10-28,36,Ashes By Now,Lee Ann Womack,49,4,Gains In Performance
2000-10-28,37,A Good Day To Run,Darryl Worley,41,4,Gains In Performance
2000-10-28,38,I'm Gonna Love You Anyway,Trace Adkins,39,14,Gains In Performance
2000-10-28,39,Burn,Jo Dee Messina,48,3,Gains In Performance
2000-10-28,40,I Want To Know (Everything There Is To Know About You),Mark Wills,40,7,Gains In Performance
2000-10-28,41,Georgia,Carolyn Dawn Johnson,43,6,Gains In Performance
2000-10-28,42,Every Man For Himself,Neal McCoy,42,9,Gains In Performance
2000-10-28,43,Love She Can't Live Without,Clint Black,37,19,
2000-10-28,44,You Made Me That Way,Andy Griggs,44,5,Gains In Performance
2000-10-28,45,But For The Grace Of God,Keith Urban,52,4,Gains In Performance
2000-10-28,46,All Night Long,Montgomery Gentry Featuring Charlie Daniels,46,6,Gains In Performance
2000-10-28,47,Everybody's Gotta Grow Up Sometime,Sons Of The Desert,45,12,
2000-10-28,48,What Do You Know About Love,Dwight Yoakam,54,5,Gains In Performance
2000-10-28,49,Right Where I Need To Be,Gary Allan,47,13,
2000-10-28,50,Swimming In Champagne,Eric Heatherly,50,7,
2000-10-28,51,So What,Tammy Cochran,51,8,
2000-10-28,52,Live It Up,Marshall Dyllon,55,5,
2000-10-28,53,She's Gone,Ricochet,53,11,
2000-10-28,54,Move On,The Warren Brothers,60,3,Gains In Performance
2000-10-28,55,Oklahoma,Billy Gilman,65,3,Gains In Performance
2000-10-28,56,Nobody's Got It All,John Anderson,57,5,Gains In Performance
2000-10-28,57,Makin' Up With You,Chalee Tennison,56,7,
2000-10-28,58,Lucky 4 You (Tonight I'm Just Me),SHeDAISY,61,5,Gains In Performance
2000-10-28,59,Lost In The Feeling,Mark Chesnutt,63,5,Gains In Performance
2000-10-28,60,Sin Wagon,Dixie Chicks,58,16,
2000-11-04,1,The Little Girl,John Michael Montgomery,1,12,Gains In Performance
2000-11-04,2,Go On,George Strait,2,15,
2000-11-04,3,Best Of Intentions,Travis Tritt,4,19,Gains In Performance
2000-11-04,4,Kiss This,Aaron Tippin,3,24,
2000-11-04,5,Just Another Day In Paradise,Phil Vassar,5,22,Greatest gainer this week|Gains In Performance
2000-11-04,6,We Danced,Brad Paisley,6,19,Gains In Performance
2000-11-04,7,Feels Like Love,Vince Gill,7,25,Gains In Performance
2000-11-04,8,Without You,Dixie Chicks,11,15,Gains In Performance
2000-11-04,9,My Next Thirty Years,Tim McGraw,13,26,Gains In Performance
2000-11-04,10,There You Are,Martina McBride,12,26,Gains In Performance
2000-11-04,11,I Lost It,Kenny Chesney,15,12,Gains In Performance
2000-11-04,12,I Need You,LeAnn Rimes,8,30,
2000-11-04,13,Born To Fly,Sara Evans,16,19,Gains In Performance
2000-11-04,14,www.memory,Alan Jackson,20,5,Gains In Performance
2000-11-04,15,That's The Way,Jo Dee Messina,10,25,
2000-11-04,16,That's The Kind Of Mood I'm In,Patty Loveless,18,22,Gains In Performance
2000-11-04,17,Let's Make Love,Faith Hill With Tim McGraw,9,45,
2000-11-04,18,What About Now,Lonestar,17,30,
2000-11-04,19,I'm Holdin' On To Love (To Save My Life),Shania Twain,21,18,Gains In Performance
2000-11-04,20,Country Comes To Town,Toby Keith,14,24,
2000-11-04,21,You Won't Be Lonely Now,Billy Ray Cyrus,26,18,Gains In Performance
2000-11-04,22,I Will...But,SHeDAISY,19,43,
2000-11-04,23,Tell Her,Lonestar,27,8,Gains In Performance
2000-11-04,24,Katie Wants A Fast One,Steve Wariner With Garth Brooks,22,18,
2000-11-04,25,A Little Gasoline,Terri Clark,25,16,Gains In Performance
2000-11-04,26,The Visit,Chad Brock,28,14,Gains In Performance
2000-11-04,27,My Love Goes On And On,Chris Cagle,29,15,Gains In Performance
2000-11-04,28,We're So Good Together,Reba McEntire,30,9,Gains In Performance
2000-11-04,29,Meanwhile Back At The Ranch,The Clark Family Experience,31,15,Gains In Performance
2000-11-04,30,I Can't Lie To Me,Clay Davidson,32,15,Gains In Performance
2000-11-04,31,This Everyday Love,Rascal Flatts,33,12,Gains In Performance
2000-11-04,32,"He Will, She Knows",Kenny Rogers,34,19,
2000-11-04,33,Ashes By Now,Lee Ann Womack,36,5,Gains In Performance
2000-11-04,34,There Is No Arizona,Jamie O'Neal,35,13,Gains In Performance
2000-11-04,35,Burn,Jo Dee Messina,39,4,Gains In Performance
2000-11-04,36,A Good Day To Run,Darryl Worley,37,5,Gains In Performance
2000-11-04,37,I Want To Know (Everything There Is To Know About You),Mark Wills,40,8,Gains In Performance
2000-11-04,38,I'm Gonna Love You Anyway,Trace Adkins,38,15,Gains In Performance
2000-11-04,39,Georgia,Carolyn Dawn Johnson,41,7,Gains In Performance
2000-11-04,40,You Made Me That Way,Andy Griggs,44,6,Gains In Performance
2000-11-04,41,But For The Grace Of God,Keith Urban,45,5,Gains In Performance
2000-11-04,42,Every Man For Himself,Neal McCoy,42,10,Gains In Performance
2000-11-04,43,All Night Long,Montgomery Gentry Featuring Charlie Daniels,46,7,Gains In Performance
2000-11-04,44,Right Where I Need To Be,Gary Allan,49,14,Gains In Performance
2000-11-04,45,What Do You Know About Love,Dwight Yoakam,48,6,Gains In Performance
2000-11-04,46,When It All Goes South,Alabama,NEW,1,Highest ranking debut|Gains In Performance
2000-11-04,47,Lucky 4 You (Tonight I'm Just Me),SHeDAISY,58,6,Gains In Performance
2000-11-04,48,Everybody's Gotta Grow Up Sometime,Sons Of The Desert,47,13,
2000-11-04,49,Love She Can't Live Without,Clint Black,43,20,
2000-11-04,50,Move On,The Warren Brothers,54,4,Gains In Performance
2000-11-04,51,Oklahoma,Billy Gilman,55,4,Gains In Performance
2000-11-04,52,You Shouldn't Kiss Me Like This,Toby Keith,62,2,Gains In Performance
2000-11-04,53,Live It Up,Marshall Dyllon,52,6,Gains In Performance
2000-11-04,54,Swimming In Champagne,Eric Heatherly,50,8,
2000-11-04,55,So What,Tammy Cochran,51,9,
2000-11-04,56,Nobody's Got It All,John Anderson,56,6,
2000-11-04,57,She's Gone,Ricochet,53,12,
2000-11-04,58,Sin Wagon,Dixie Chicks,60,17,
2000-11-04,59,Makin' Up With You,Chalee Tennison,57,8,
2000-11-04,60,She Misses Him,Tim Rushlow,NEW,1,Gains In Performance
2000-11-11,1,The Little Girl,John Michael Montgomery,1,13,
2000-11-11,2,Best Of Intentions,Travis Tritt,3,20,Gains In Performance
2000-11-11,3,Go On,George Strait,2,16,Gains In Performance
2000-11-11,4,Just Another Day In Paradise,Phil Vassar,5,23,Gains In Performance
2000-11-11,5,We Danced,Brad Paisley,6,20,Gains In Performance
2000-11-11,6,Feels Like Love,Vince Gill,7,26,Gains In Performance
2000-11-11,7,Without You,Dixie Chicks,8,16,Gains In Performance
2000-11-11,8,My Next Thirty Years,Tim McGraw,9,27,Gains In Performance
2000-11-11,9,Kiss This,Aaron Tippin,4,25,
2000-11-11,10,There You Are,Martina McBride,10,27,Gains In Performance
2000-11-11,11,I Lost It,Kenny Chesney,11,13,Gains In Performance
2000-11-11,12,Born To Fly,Sara Evans,13,20,Gains In Performance
2000-11-11,13,www.memory,Alan Jackson,14,6,Gains In Performance
2000-11-11,14,That's The Kind Of Mood I'm In,Patty Loveless,16,23,Gains In Performance
2000-11-11,15,I Need You,LeAnn Rimes,12,31,
2000-11-11,16,What About Now,Lonestar,18,31,
2000-11-11,17,I'm Holdin' On To Love (To Save My Life),Shania Twain,19,19,Gains In Performance
2000-11-11,18,That's The Way,Jo Dee Messina,15,26,
2000-11-11,19,Tell Her,Lonestar,23,9,Gains In Performance
2000-11-11,20,You Won't Be Lonely Now,Billy Ray Cyrus,21,19,Gains In Performance
2000-11-11,21,A Little Gasoline,Terri Clark,25,17,Gains In Performance
2000-11-11,22,I Will...But,SHeDAISY,22,44,
2000-11-11,23,Katie Wants A Fast One,Steve Wariner With Garth Brooks,24,19,
2000-11-11,24,The Visit,Chad Brock,26,15,Gains In Performance
2000-11-11,25,We're So Good Together,Reba McEntire,28,10,Gains In Performance
2000-11-11,26,My Love Goes On And On,Chris Cagle,27,16,Gains In Performance
2000-11-11,27,Meanwhile Back At The Ranch,The Clark Family Experience,29,16,Gains In Performance
2000-11-11,28,I Can't Lie To Me,Clay Davidson,30,16,Gains In Performance
2000-11-11,29,This Everyday Love,Rascal Flatts,31,13,Gains In Performance
2000-11-11,30,Burn,Jo Dee Messina,35,5,Greatest gainer this week|Gains In Performance
2000-11-11,31,Ashes By Now,Lee Ann Womack,33,6,Gains In Performance
2000-11-11,32,"He Will, She Knows",Kenny Rogers,32,20,Gains In Performance
2000-11-11,33,There Is No Arizona,Jamie O'Neal,34,14,Gains In Performance
2000-11-11,34,A Good Day To Run,Darryl Worley,36,6,Gains In Performance
2000-11-11,35,But For The Grace Of God,Keith Urban,41,6,Gains In Performance
2000-11-11,36,I Want To Know (Everything There Is To Know About You),Mark Wills,37,9,Gains In Performance
2000-11-11,37,Georgia,Carolyn Dawn Johnson,39,8,Gains In Performance
2000-11-11,38,I'm Gonna Love You Anyway,Trace Adkins,38,16,Gains In Performance
2000-11-11,39,You Made Me That Way,Andy Griggs,40,7,Gains In Performance
2000-11-11,40,Every Man For Himself,Neal McCoy,42,11,Gains In Performance
2000-11-11,41,All Night Long,Montgomery Gentry Featuring Charlie Daniels,43,8,Gains In Performance
2000-11-11,42,When It All Goes South,Alabama,46,2,Gains In Performance
2000-11-11,43,You Shouldn't Kiss Me Like This,Toby Keith,52,3,Gains In Performance
2000-11-11,44,What Do You Know About Love,Dwight Yoakam,45,7,Gains In Performance
2000-11-11,45,Right Where I Need To Be,Gary Allan,44,15,Gains In Performance
2000-11-11,46,Lucky 4 You (Tonight I'm Just Me),SHeDAISY,47,7,Gains In Performance
2000-11-11,47,Move On,The Warren Brothers,50,5,Gains In Performance
2000-11-11,48,Oklahoma,Billy Gilman,51,5,Gains In Performance
2000-11-11,49,Live It Up,Marshall Dyllon,53,7,
2000-11-11,50,Things Change,Tim McGraw,63,2,Gains In Performance
2000-11-11,51,Everybody's Gotta Grow Up Sometime,Sons Of The Desert,48,14,
2000-11-11,52,Sin Wagon,Dixie Chicks,58,18,Gains In Performance
2000-11-11,53,Pour Me,Trick Pony,61,4,Gains In Performance
2000-11-11,54,She Misses Him,Tim Rushlow,60,2,Gains In Performance
2000-11-11,55,Nobody's Got It All,John Anderson,56,7,
2000-11-11,56,Wrong Five O'clock,Eric Heatherly,74,2,Gains In Performance
2000-11-11,57,One More Day,Diamond Rio,68,2,Gains In Performance
2000-11-11,58,I'm In,The Kinleys,65,3,Gains In Performance
2000-11-11,59,How Long,Bryan White,RE,2,Gains In Performance
2000-11-11,60,She's All That,Collin Raye,NEW,1,Highest ranking debut|Gains In Performance
2000-11-18,1,Best Of Intentions,Travis Tritt,2,21,Gains In Performance
2000-11-18,2,The Little Girl,John Michael Montgomery,1,14,
2000-11-18,3,Just Another Day In Paradise,Phil Vassar,4,24,Gains In Performance
2000-11-18,4,We Danced,Brad Paisley,5,21,Gains In Performance
2000-11-18,5,Go On,George Strait,3,17,
2000-11-18,6,Feels Like Love,Vince Gill,6,27,Gains In Performance
2000-11-18,7,Without You,Dixie Chicks,7,17,Gains In Performance
2000-11-18,8,My Next Thirty Years,Tim McGraw,8,28,Gains In Performance
2000-11-18,9,I Lost It,Kenny Chesney,11,14,Gains In Performance
2000-11-18,10,Born To Fly,Sara Evans,12,21,Gains In Performance
2000-11-18,11,www.memory,Alan Jackson,13,7,Gains In Performance
2000-11-18,12,There You Are,Martina McBride,10,28,
2000-11-18,13,Kiss This,Aaron Tippin,9,26,
2000-11-18,14,That's The Kind Of Mood I'm In,Patty Loveless,14,24,Gains In Performance
2000-11-18,15,Tell Her,Lonestar,19,10,Gains In Performance
2000-11-18,16,What About Now,Lonestar,16,32,
2000-11-18,17,I'm Holdin' On To Love (To Save My Life),Shania Twain,17,20,
2000-11-18,18,A Little Gasoline,Terri Clark,21,18,Gains In Performance
2000-11-18,19,You Won't Be Lonely Now,Billy Ray Cyrus,20,20,Gains In Performance
2000-11-18,20,That's The Way,Jo Dee Messina,18,27,
2000-11-18,21,The Visit,Chad Brock,24,16,Gains In Performance
2000-11-18,22,My Love Goes On And On,Chris Cagle,26,17,Gains In Performance
2000-11-18,23,We're So Good Together,Reba McEntire,25,11,Gains In Performance
2000-11-18,24,Meanwhile Back At The Ranch,The Clark Family Experience,27,17,Gains In Performance
2000-11-18,25,Burn,Jo Dee Messina,30,6,Greatest gainer this week|Gains In Performance
2000-11-18,26,I Can't Lie To Me,Clay Davidson,28,17,Gains In Performance
2000-11-18,27,Ashes By Now,Lee Ann Womack,31,7,Gains In Performance
2000-11-18,28,This Everyday Love,Rascal Flatts,29,14,Gains In Performance
2000-11-18,29,There Is No Arizona,Jamie O'Neal,33,15,Gains In Performance
2000-11-18,30,Katie Wants A Fast One,Steve Wariner With Garth Brooks,23,20,
2000-11-18,31,A Good Day To Run,Darryl Worley,34,7,Gains In Performance
2000-11-18,32,But For The Grace Of God,Keith Urban,35,7,Gains In Performance
2000-11-18,33,You Made Me That Way,Andy Griggs,39,8,Gains In Performance
2000-11-18,34,Georgia,Carolyn Dawn Johnson,37,9,Gains In Performance
2000-11-18,35,When It All Goes South,Alabama,42,3,Gains In Performance
2000-11-18,36,I Want To Know (Everything There Is To Know About You),Mark Wills,36,10,Gains In Performance
2000-11-18,37,I'm Gonna Love You Anyway,Trace Adkins,38,17,Gains In Performance
2000-11-18,38,All Night Long,Montgomery Gentry Featuring Charlie Daniels,41,9,Gains In Performance
2000-11-18,39,Every Man For Himself,Neal McCoy,40,12,Gains In Performance
2000-11-18,40,You Shouldn't Kiss Me Like This,Toby Keith,43,4,Gains In Performance
2000-11-18,41,Lucky 4 You (Tonight I'm Just Me),SHeDAISY,46,8,Gains In Performance
2000-11-18,42,What Do You Know About Love,Dwight Yoakam,44,8,Gains In Performance
2000-11-18,43,Move On,The Warren Brothers,47,6,Gains In Performance
2000-11-18,44,Right Where I Need To Be,Gary Allan,45,16,Gains In Performance
2000-11-18,45,Oklahoma,Billy Gilman,48,6,Gains In Performance
2000-11-18,46,One More Day,Diamond Rio,57,3,Gains In Performance
2000-11-18,47,Live It Up,Marshall Dyllon,49,8,Gains In Performance
2000-11-18,48,She Misses Him,Tim Rushlow,54,3,Gains In Performance
2000-11-18,49,Things Change,Tim McGraw,50,3,
2000-11-18,50,Pour Me,Trick Pony,53,5,Gains In Performance
2000-11-18,51,I'm In,The Kinleys,58,4,Gains In Performance
2000-11-18,52,Wrong Five O'clock,Eric Heatherly,56,3,Gains In Performance
2000-11-18,53,Who I Am,Jessica Andrews,62,3,Gains In Performance
2000-11-18,54,Sin Wagon,Dixie Chicks,52,19,
2000-11-18,55,Scream,Mindy McCready,69,2,Gains In Performance
2000-11-18,56,How Long,Bryan White,59,3,Gains In Performance
2000-11-18,57,What Do You Want From Me Now,Billy Yates,NEW,1,Highest ranking debut|Gains In Performance
2000-11-18,58,She's All That,Collin Raye,60,2,
2000-11-18,59,Don't Make Me Come Over There And Love You,George Strait,66,5,Gains In Performance
2000-11-18,60,So What,Tammy Cochran,63,11,
2000-11-25,1,Just Another Day In Paradise,Phil Vassar,3,25,Gains In Performance
2000-11-25,2,Best Of Intentions,Travis Tritt,1,22,
2000-11-25,3,We Danced,Brad Paisley,4,22,Gains In Performance
2000-11-25,4,The Little Girl,John Michael Montgomery,2,15,
2000-11-25,5,My Next Thirty Years,Tim McGraw,8,29,Gains In Performance
2000-11-25,6,Without You,Dixie Chicks,7,18,Gains In Performance
2000-11-25,7,Feels Like Love,Vince Gill,6,28,
2000-11-25,8,Go On,George Strait,5,18,
2000-11-25,9,Born To Fly,Sara Evans,10,22,Gains In Performance
2000-11-25,10,I Lost It,Kenny Chesney,9,15,Gains In Performance
2000-11-25,11,www.memory,Alan Jackson,11,8,Gains In Performance
2000-11-25,12,Tell Her,Lonestar,15,11,Gains In Performance
2000-11-25,13,That's The Kind Of Mood I'm In,Patty Loveless,14,25,
2000-11-25,14,Kiss This,Aaron Tippin,13,27,
2000-11-25,15,A Little Gasoline,Terri Clark,18,19,Gains In Performance
2000-11-25,16,There You Are,Martina McBride,12,29,
2000-11-25,17,You Won't Be Lonely Now,Billy Ray Cyrus,19,21,Gains In Performance
2000-11-25,18,I'm Holdin' On To Love (To Save My Life),Shania Twain,17,21,
2000-11-25,19,My Love Goes On And On,Chris Cagle,22,18,Gains In Performance
2000-11-25,20,What About Now,Lonestar,16,33,
2000-11-25,21,Burn,Jo Dee Messina,25,7,Gains In Performance
2000-11-25,22,We're So Good Together,Reba McEntire,23,12,Gains In Performance
2000-11-25,23,The Visit,Chad Brock,21,17,
2000-11-25,24,Ashes By Now,Lee Ann Womack,27,8,Gains In Performance
2000-11-25,25,Meanwhile Back At The Ranch,The Clark Family Experience,24,18,Gains In Performance
2000-11-25,26,This Everyday Love,Rascal Flatts,28,15,Gains In Performance
2000-11-25,27,I Can't Lie To Me,Clay Davidson,26,18,
2000-11-25,28,There Is No Arizona,Jamie O'Neal,29,16,Gains In Performance
2000-11-25,29,A Good Day To Run,Darryl Worley,31,8,Gains In Performance
2000-11-25,30,But For The Grace Of God,Keith Urban,32,8,Gains In Performance
2000-11-25,31,You Made Me That Way,Andy Griggs,33,9,Gains In Performance
2000-11-25,32,When It All Goes South,Alabama,35,4,Gains In Performance
2000-11-25,33,Georgia,Carolyn Dawn Johnson,34,10,Gains In Performance
2000-11-25,34,I Want To Know (Everything There Is To Know About You),Mark Wills,36,11,Gains In Performance
2000-11-25,35,You Shouldn't Kiss Me Like This,Toby Keith,40,5,Gains In Performance
2000-11-25,36,I'm Gonna Love You Anyway,Trace Adkins,37,18,
2000-11-25,37,Every Man For Himself,Neal McCoy,39,13,Gains In Performance
2000-11-25,38,All Night Long,Montgomery Gentry Featuring Charlie Daniels,38,10,Gains In Performance
2000-11-25,39,Lucky 4 You (Tonight I'm Just Me),SHeDAISY,41,9,Gains In Performance
2000-11-25,40,Move On,The Warren Brothers,43,7,Gains In Performance
2000-11-25,41,What Do You Know About Love,Dwight Yoakam,42,9,Gains In Performance
2000-11-25,42,Right Where I Need To Be,Gary Allan,44,17,Gains In Performance
2000-11-25,43,Things Change,Tim McGraw,49,4,Greatest gainer this week|Gains In Performance
2000-11-25,44,One More Day,Diamond Rio,46,4,Gains In Performance
2000-11-25,45,Oklahoma,Billy Gilman,45,7,
2000-11-25,46,Live It Up,Marshall Dyllon,47,9,Gains In Performance
2000-11-25,47,She Misses Him,Tim Rushlow,48,4,Gains In Performance
2000-11-25,48,Who I Am,Jessica Andrews,53,4,Gains In Performance
2000-11-25,49,Wrong Five O'clock,Eric Heatherly,52,4,Gains In Performance
2000-11-25,50,Pour Me,Trick Pony,50,6,Gains In Performance
2000-11-25,51,I'm In,The Kinleys,51,5,Gains In Performance
2000-11-25,52,Wild Horses,Garth Brooks,NEW,1,Highest ranking debut|Gains In Performance
2000-11-25,53,Legacy,Neal Coty,63,3,Gains In Performance
2000-11-25,54,Scream,Mindy McCready,55,3,Gains In Performance
2000-11-25,55,Sin Wagon,Dixie Chicks,54,20,Gains In Performance
2000-11-25,56,She's All That,Collin Raye,58,3,Gains In Performance
2000-11-25,57,Go Back,Chalee Tennison,64,2,Gains In Performance
2000-11-25,58,The Hunger,Steve Holy,67,3,Gains In Performance
2000-11-25,59,Don't Make Me Come Over There And Love You,George Strait,59,6,Gains In Performance
2000-11-25,60,We The People,Billy Ray Cyrus,RE,2,Gains In Performance
2000-12-02,1,We Danced,Brad Paisley,3,23,Gains In Performance
2000-12-02,2,Just Another Day In Paradise,Phil Vassar,1,26,
2000-12-02,3,Best Of Intentions,Travis Tritt,2,23,
2000-12-02,4,My Next Thirty Years,Tim McGraw,5,30,Gains In Performance
2000-12-02,5,Without You,Dixie Chicks,6,19,Gains In Performance
2000-12-02,6,Born To Fly,Sara Evans,9,23,Gains In Performance
2000-12-02,7,Feels Like Love,Vince Gill,7,29,
2000-12-02,8,The Little Girl,John Michael Montgomery,4,16,
2000-12-02,9,www.memory,Alan Jackson,11,9,Gains In Performance
2000-12-02,10,I Lost It,Kenny Chesney,10,16,Gains In Performance
2000-12-02,11,Go On,George Strait,8,19,
2000-12-02,12,Tell Her,Lonestar,12,12,Gains In Performance
2000-12-02,13,That's The Kind Of Mood I'm In,Patty Loveless,13,26,
2000-12-02,14,Burn,Jo Dee Messina,21,8,Gains In Performance
2000-12-02,15,A Little Gasoline,Terri Clark,15,20,Gains In Performance
2000-12-02,16,My Love Goes On And On,Chris Cagle,19,19,Gains In Performance
2000-12-02,17,Ashes By Now,Lee Ann Womack,24,9,Gains In Performance
2000-12-02,18,Kiss This,Aaron Tippin,14,28,
2000-12-02,19,You Won't Be Lonely Now,Billy Ray Cyrus,17,22,
2000-12-02,20,We're So Good Together,Reba McEntire,22,13,Gains In Performance
2000-12-02,21,What About Now,Lonestar,20,34,
2000-12-02,22,Meanwhile Back At The Ranch,The Clark Family Experience,25,19,Gains In Performance
2000-12-02,23,The Visit,Chad Brock,23,18,Gains In Performance
2000-12-02,24,This Everyday Love,Rascal Flatts,26,16,Gains In Performance
2000-12-02,25,There Is No Arizona,Jamie O'Neal,28,17,Gains In Performance
2000-12-02,26,I Can't Lie To Me,Clay Davidson,27,19,
2000-12-02,27,But For The Grace Of God,Keith Urban,30,9,Gains In Performance
2000-12-02,28,A Good Day To Run,Darryl Worley,29,9,Gains In Performance
2000-12-02,29,When It All Goes South,Alabama,32,5,Gains In Performance
2000-12-02,30,You Shouldn't Kiss Me Like This,Toby Keith,35,6,Gains In Performance
2000-12-02,31,Georgia,Carolyn Dawn Johnson,33,11,Gains In Performance
2000-12-02,32,You Made Me That Way,Andy Griggs,31,10,Gains In Performance
2000-12-02,33,I Want To Know (Everything There Is To Know About You),Mark Wills,34,12,Gains In Performance
2000-12-02,34,Lucky 4 You (Tonight I'm Just Me),SHeDAISY,39,10,Gains In Performance
2000-12-02,35,All Night Long,Montgomery Gentry Featuring Charlie Daniels,38,11,Gains In Performance
2000-12-02,36,Wild Horses,Garth Brooks,52,2,Gains In Performance
2000-12-02,37,One More Day,Diamond Rio,44,5,Gains In Performance
2000-12-02,38,Every Man For Himself,Neal McCoy,37,14,
2000-12-02,39,What Do You Know About Love,Dwight Yoakam,41,10,Gains In Performance
2000-12-02,40,Move On,The Warren Brothers,40,8,
2000-12-02,41,Things Change,Tim McGraw,43,5,Gains In Performance
2000-12-02,42,Right Where I Need To Be,Gary Allan,42,18,Gains In Performance
2000-12-02,43,I'm Gonna Love You Anyway,Trace Adkins,36,19,
2000-12-02,44,Oklahoma,Billy Gilman,45,8,Gains In Performance
2000-12-02,45,She Misses Him,Tim Rushlow,47,5,Gains In Performance
2000-12-02,46,Who I Am,Jessica Andrews,48,5,Gains In Performance
2000-12-02,47,Wrong Five O'clock,Eric Heatherly,49,5,Gains In Performance
2000-12-02,48,Live It Up,Marshall Dyllon,46,10,
2000-12-02,49,The Hunger,Steve Holy,58,4,Gains In Performance
2000-12-02,50,Pour Me,Trick Pony,50,7,Gains In Performance
2000-12-02,51,I'm In,The Kinleys,51,6,Gains In Performance
2000-12-02,52,Scream,Mindy McCready,54,4,Gains In Performance
2000-12-02,53,Go Back,Chalee Tennison,57,3,Gains In Performance
2000-12-02,54,She's All That,Collin Raye,56,4,Gains In Performance
2000-12-02,55,Legacy,Neal Coty,53,4,
2000-12-02,56,Lookin' For Love,Sawyer Brown,66,2,Gains In Performance
2000-12-02,57,Don't Make Me Come Over There And Love You,George Strait,59,7,
2000-12-02,58,How Long,Bryan White,62,5,
2000-12-02,59,There Will Come A Day,Faith Hill,61,6,
2000-12-02,60,Kick Down The Door,Georgia Middleman,65,3,
2000-12-09,1,We Danced,Brad Paisley,1,24,Gains In Performance
2000-12-09,2,My Next Thirty Years,Tim McGraw,4,31,Gains In Performance
2000-12-09,3,Just Another Day In Paradise,Phil Vassar,2,27,
2000-12-09,4,Without You,Dixie Chicks,5,20,Gains In Performance
2000-12-09,5,Best Of Intentions,Travis Tritt,3,24,
2000-12-09,6,Born To Fly,Sara Evans,6,24,Gains In Performance
2000-12-09,7,I Lost It,Kenny Chesney,10,17,Gains In Performance
2000-12-09,8,www.memory,Alan Jackson,9,10,Gains In Performance
2000-12-09,9,The Little Girl,John Michael Montgomery,8,17,
2000-12-09,10,Feels Like Love,Vince Gill,7,30,
2000-12-09,11,Tell Her,Lonestar,12,13,Gains In Performance
2000-12-09,12,Burn,Jo Dee Messina,14,9,Gains In Performance
2000-12-09,13,Ashes By Now,Lee Ann Womack,17,10,Gains In Performance
2000-12-09,14,Go On,George Strait,11,20,
2000-12-09,15,That's The Kind Of Mood I'm In,Patty Loveless,13,27,
2000-12-09,16,A Little Gasoline,Terri Clark,15,21,Gains In Performance
2000-12-09,17,My Love Goes On And On,Chris Cagle,16,20,
2000-12-09,18,This Everyday Love,Rascal Flatts,24,17,Gains In Performance
2000-12-09,19,There Is No Arizona,Jamie O'Neal,25,18,Gains In Performance
2000-12-09,20,We're So Good Together,Reba McEntire,20,14,
2000-12-09,21,Kiss This,Aaron Tippin,18,29,
2000-12-09,22,Meanwhile Back At The Ranch,The Clark Family Experience,22,20,Gains In Performance
2000-12-09,23,You Won't Be Lonely Now,Billy Ray Cyrus,19,23,
2000-12-09,24,The Visit,Chad Brock,23,19,
2000-12-09,25,What About Now,Lonestar,21,35,
2000-12-09,26,But For The Grace Of God,Keith Urban,27,10,Gains In Performance
2000-12-09,27,A Good Day To Run,Darryl Worley,28,10,Gains In Performance
2000-12-09,28,I Can't Lie To Me,Clay Davidson,26,20,
2000-12-09,29,When It All Goes South,Alabama,29,6,Gains In Performance
2000-12-09,30,Wild Horses,Garth Brooks,36,3,Gains In Performance
2000-12-09,31,You Shouldn't Kiss Me Like This,Toby Keith,30,7,Gains In Performance
2000-12-09,32,You Made Me That Way,Andy Griggs,32,11,Gains In Performance
2000-12-09,33,Georgia,Carolyn Dawn Johnson,31,12,Gains In Performance
2000-12-09,34,Lucky 4 You (Tonight I'm Just Me),SHeDAISY,34,11,Gains In Performance
2000-12-09,35,I Want To Know (Everything There Is To Know About You),Mark Wills,33,13,
2000-12-09,36,All Night Long,Montgomery Gentry Featuring Charlie Daniels,35,12,Gains In Performance
2000-12-09,37,One More Day,Diamond Rio,37,6,Gains In Performance
2000-12-09,38,Move On,The Warren Brothers,40,9,Gains In Performance
2000-12-09,39,Every Man For Himself,Neal McCoy,38,15,Gains In Performance
2000-12-09,40,What Do You Know About Love,Dwight Yoakam,39,11,
2000-12-09,41,Things Change,Tim McGraw,41,6,Gains In Performance
2000-12-09,42,Right Where I Need To Be,Gary Allan,42,19,Gains In Performance
2000-12-09,43,Who I Am,Jessica Andrews,46,6,Gains In Performance
2000-12-09,44,Oklahoma,Billy Gilman,44,9,
2000-12-09,45,She Misses Him,Tim Rushlow,45,6,Gains In Performance
2000-12-09,46,Wrong Five O'clock,Eric Heatherly,47,6,Gains In Performance
2000-12-09,47,Live It Up,Marshall Dyllon,48,11,Gains In Performance
2000-12-09,48,The Hunger,Steve Holy,49,5,Gains In Performance
2000-12-09,49,I'm Gonna Love You Anyway,Trace Adkins,43,20,
2000-12-09,50,I'm In,The Kinleys,51,7,Gains In Performance
2000-12-09,51,Pour Me,Trick Pony,50,8,Gains In Performance
2000-12-09,52,Where Are You Christmas?,Faith Hill,NEW,1,Highest ranking debut|Gains In Performance
2000-12-09,53,Go Back,Chalee Tennison,53,4,Gains In Performance
2000-12-09,54,Scream,Mindy McCready,52,5,Gains In Performance
2000-12-09,55,She's All That,Collin Raye,54,5,
2000-12-09,56,Legacy,Neal Coty,55,5,Gains In Performance
2000-12-09,57,Deck The Halls,SHeDAISY,RE,6,Gains In Performance
2000-12-09,58,Don't Make Me Come Over There And Love You,George Strait,57,8,Gains In Performance
2000-12-09,59,How Long,Bryan White,58,6,Gains In Performance
2000-12-09,60,Jingle Bells,SHeDAISY,NEW,1,Gains In Performance
2000-12-16,1,My Next Thirty Years,Tim McGraw,2,32,Gains In Performance
2000-12-16,2,We Danced,Brad Paisley,1,25,
2000-12-16,3,Without You,Dixie Chicks,4,21,Gains In Performance
2000-12-16,4,Born To Fly,Sara Evans,6,25,Gains In Performance
2000-12-16,5,Best Of Intentions,Travis Tritt,5,25,
2000-12-16,6,I Lost It,Kenny Chesney,7,18,Gains In Performance
2000-12-16,7,Just Another Day In Paradise,Phil Vassar,3,28,
2000-12-16,8,www.memory,Alan Jackson,8,11,Gains In Performance
2000-12-16,9,Tell Her,Lonestar,11,14,Gains In Performance
2000-12-16,10,The Little Girl,John Michael Montgomery,9,18,
2000-12-16,11,Burn,Jo Dee Messina,12,10,Gains In Performance
2000-12-16,12,Ashes By Now,Lee Ann Womack,13,11,Gains In Performance
2000-12-16,13,A Little Gasoline,Terri Clark,16,22,Gains In Performance
2000-12-16,14,Feels Like Love,Vince Gill,10,31,
2000-12-16,15,My Love Goes On And On,Chris Cagle,17,21,Gains In Performance
2000-12-16,16,There Is No Arizona,Jamie O'Neal,19,19,Gains In Performance
2000-12-16,17,This Everyday Love,Rascal Flatts,18,18,Gains In Performance
2000-12-16,18,Meanwhile Back At The Ranch,The Clark Family Experience,22,21,Gains In Performance
2000-12-16,19,Go On,George Strait,14,21,
2000-12-16,20,That's The Kind Of Mood I'm In,Patty Loveless,15,28,
2000-12-16,21,We're So Good Together,Reba McEntire,20,15,
2000-12-16,22,But For The Grace Of God,Keith Urban,26,11,Gains In Performance
2000-12-16,23,Kiss This,Aaron Tippin,21,30,
2000-12-16,24,A Good Day To Run,Darryl Worley,27,11,Gains In Performance
2000-12-16,25,What About Now,Lonestar,25,36,
2000-12-16,26,When It All Goes South,Alabama,29,7,Gains In Performance
2000-12-16,27,Wild Horses,Garth Brooks,30,4,Gains In Performance
2000-12-16,28,You Shouldn't Kiss Me Like This,Toby Keith,31,8,Gains In Performance
2000-12-16,29,The Visit,Chad Brock,24,20,
2000-12-16,30,You Made Me That Way,Andy Griggs,32,12,Gains In Performance
2000-12-16,31,Lucky 4 You (Tonight I'm Just Me),SHeDAISY,34,12,Gains In Performance
2000-12-16,32,Georgia,Carolyn Dawn Johnson,33,13,Gains In Performance
2000-12-16,33,One More Day,Diamond Rio,37,7,Gains In Performance
2000-12-16,34,Move On,The Warren Brothers,38,10,Gains In Performance
2000-12-16,35,All Night Long,Montgomery Gentry Featuring Charlie Daniels,36,13,Gains In Performance
2000-12-16,36,What Do You Know About Love,Dwight Yoakam,40,12,Gains In Performance
2000-12-16,37,I Want To Know (Everything There Is To Know About You),Mark Wills,35,14,Gains In Performance
2000-12-16,38,Who I Am,Jessica Andrews,43,7,Gains In Performance
2000-12-16,39,Every Man For Himself,Neal McCoy,39,16,Gains In Performance
2000-12-16,40,Things Change,Tim McGraw,41,7,
2000-12-16,41,Right Where I Need To Be,Gary Allan,42,20,Gains In Performance
2000-12-16,42,She Misses Him,Tim Rushlow,45,7,Gains In Performance
2000-12-16,43,Oklahoma,Billy Gilman,44,10,Gains In Performance
2000-12-16,44,The Hunger,Steve Holy,48,6,Gains In Performance
2000-12-16,45,Pour Me,Trick Pony,51,9,Gains In Performance
2000-12-16,46,Wrong Five O'clock,Eric Heatherly,46,7,Gains In Performance
2000-12-16,47,Where Are You Christmas?,Faith Hill,52,2,Gains In Performance
2000-12-16,48,Don't Make Me Come Over There And Love You,George Strait,58,9,Gains In Performance
2000-12-16,49,Go Back,Chalee Tennison,53,5,Gains In Performance
2000-12-16,50,Live It Up,Marshall Dyllon,47,12,Gains In Performance
2000-12-16,51,I'm In,The Kinleys,50,8,Gains In Performance
2000-12-16,52,Scream,Mindy McCready,54,6,Gains In Performance
2000-12-16,53,She's All That,Collin Raye,55,6,Gains In Performance
2000-12-16,54,Lookin' For Love,Sawyer Brown,62,4,Gains In Performance
2000-12-16,55,Deck The Halls,SHeDAISY,57,7,Gains In Performance
2000-12-16,56,Legacy,Neal Coty,56,6,Gains In Performance
2000-12-16,57,Merry Christmas From The Family,Montgomery Gentry,NEW,1,Highest ranking debut|Gains In Performance
2000-12-16,58,Jingle Bells,SHeDAISY,60,2,Gains In Performance
2000-12-16,59,It's A Great Day To Be Alive,Travis Tritt,NEW,1,Gains In Performance
2000-12-16,60,Please,Pam Tillis,66,2,Gains In Performance
2000-12-23,1,My Next Thirty Years,Tim McGraw,1,33,Gains In Performance
2000-12-23,2,Without You,Dixie Chicks,3,22,Gains In Performance
2000-12-23,3,I Lost It,Kenny Chesney,6,19,Gains In Performance
2000-12-23,4,Born To Fly,Sara Evans,4,26,Gains In Performance
2000-12-23,5,We Danced,Brad Paisley,2,26,
2000-12-23,6,www.memory,Alan Jackson,8,12,Gains In Performance
2000-12-23,7,Tell Her,Lonestar,9,15,Gains In Performance
2000-12-23,8,Best Of Intentions,Travis Tritt,5,26,
2000-12-23,9,Just Another Day In Paradise,Phil Vassar,7,29,
2000-12-23,10,Burn,Jo Dee Messina,11,11,Gains In Performance
2000-12-23,11,Ashes By Now,Lee Ann Womack,12,12,Gains In Performance
2000-12-23,12,The Little Girl,John Michael Montgomery,10,19,
2000-12-23,13,A Little Gasoline,Terri Clark,13,23,Gains In Performance
2000-12-23,14,There Is No Arizona,Jamie O'Neal,16,20,Gains In Performance
2000-12-23,15,This Everyday Love,Rascal Flatts,17,19,Gains In Performance
2000-12-23,16,My Love Goes On And On,Chris Cagle,15,22,
2000-12-23,17,But For The Grace Of God,Keith Urban,22,12,Gains In Performance
2000-12-23,18,Wild Horses,Garth Brooks,27,5,Gains In Performance
2000-12-23,19,Meanwhile Back At The Ranch,The Clark Family Experience,18,22,Gains In Performance
2000-12-23,20,A Good Day To Run,Darryl Worley,24,12,Gains In Performance
2000-12-23,21,You Shouldn't Kiss Me Like This,Toby Keith,28,9,Gains In Performance
2000-12-23,22,When It All Goes South,Alabama,26,8,Gains In Performance
2000-12-23,23,Kiss This,Aaron Tippin,23,31,
2000-12-23,24,Go On,George Strait,19,22,
2000-12-23,25,Feels Like Love,Vince Gill,14,32,
2000-12-23,26,You Made Me That Way,Andy Griggs,30,13,Gains In Performance
2000-12-23,27,Lucky 4 You (Tonight I'm Just Me),SHeDAISY,31,13,Gains In Performance
2000-12-23,28,We're So Good Together,Reba McEntire,21,16,
2000-12-23,29,One More Day,Diamond Rio,33,8,Gains In Performance
2000-12-23,30,Georgia,Carolyn Dawn Johnson,32,14,Gains In Performance
2000-12-23,31,Move On,The Warren Brothers,34,11,Gains In Performance
2000-12-23,32,What Do You Know About Love,Dwight Yoakam,36,13,Gains In Performance
2000-12-23,33,Who I Am,Jessica Andrews,38,8,Gains In Performance
2000-12-23,34,All Night Long,Montgomery Gentry Featuring Charlie Daniels,35,14,Gains In Performance
2000-12-23,35,Don't Make Me Come Over There And Love You,George Strait,48,10,Gains In Performance
2000-12-23,36,She Misses Him,Tim Rushlow,42,8,Gains In Performance
2000-12-23,37,Every Man For Himself,Neal McCoy,39,17,
2000-12-23,38,I Want To Know (Everything There Is To Know About You),Mark Wills,37,15,
2000-12-23,39,Where Are You Christmas?,Faith Hill,47,3,Gains In Performance
2000-12-23,40,Pour Me,Trick Pony,45,10,Gains In Performance
2000-12-23,41,Things Change,Tim McGraw,40,8,Gains In Performance
2000-12-23,42,Oklahoma,Billy Gilman,43,11,Gains In Performance
2000-12-23,43,Right Where I Need To Be,Gary Allan,41,21,Gains In Performance
2000-12-23,44,Wrong Five O'clock,Eric Heatherly,46,8,Gains In Performance
2000-12-23,45,The Hunger,Steve Holy,44,7,Gains In Performance
2000-12-23,46,Live It Up,Marshall Dyllon,50,13,Gains In Performance
2000-12-23,47,Go Back,Chalee Tennison,49,6,Gains In Performance
2000-12-23,48,I'm In,The Kinleys,51,9,Gains In Performance
2000-12-23,49,Deck The Halls,SHeDAISY,55,8,Gains In Performance
2000-12-23,50,She's All That,Collin Raye,53,7,Gains In Performance
2000-12-23,51,Merry Christmas From The Family,Montgomery Gentry,57,2,Gains In Performance
2000-12-23,52,Scream,Mindy McCready,52,7,Gains In Performance
2000-12-23,53,Please,Pam Tillis,60,3,Gains In Performance
2000-12-23,54,Lookin' For Love,Sawyer Brown,54,5,Gains In Performance
2000-12-23,55,Legacy,Neal Coty,56,7,Gains In Performance
2000-12-23,56,The Christmas Shoes,NewSong,65,2,Gains In Performance
2000-12-23,57,Jingle Bells,SHeDAISY,58,3,Gains In Performance
2000-12-23,58,Warm & Fuzzy,Billy Gilman,62,3,Gains In Performance
2000-12-23,59,Blue Christmas,Clay Walker,66,3,Gains In Performance
2000-12-23,60,It's A Great Day To Be Alive,Travis Tritt,59,2,Gains In Performance
2000-12-30,1,My Next Thirty Years,Tim McGraw,1,34,
2000-12-30,2,Without You,Dixie Chicks,2,23,Gains In Performance
2000-12-30,3,Born To Fly,Sara Evans,4,27,Gains In Performance
2000-12-30,4,I Lost It,Kenny Chesney,3,20,Gains In Performance
2000-12-30,5,We Danced,Brad Paisley,5,27,
2000-12-30,6,www.memory,Alan Jackson,6,13,
2000-12-30,7,Tell Her,Lonestar,7,16,Gains In Performance
2000-12-30,8,Just Another Day In Paradise,Phil Vassar,9,30,
2000-12-30,9,Burn,Jo Dee Messina,10,12,Gains In Performance
2000-12-30,10,Best Of Intentions,Travis Tritt,8,27,
2000-12-30,11,Ashes By Now,Lee Ann Womack,11,13,Gains In Performance
2000-12-30,12,There Is No Arizona,Jamie O'Neal,14,21,Gains In Performance
2000-12-30,13,This Everyday Love,Rascal Flatts,15,20,Gains In Performance
2000-12-30,14,The Little Girl,John Michael Montgomery,12,20,
2000-12-30,15,A Little Gasoline,Terri Clark,13,24,
2000-12-30,16,But For The Grace Of God,Keith Urban,17,13,Gains In Performance
2000-12-30,17,Wild Horses,Garth Brooks,18,6,Gains In Performance
2000-12-30,18,You Shouldn't Kiss Me Like This,Toby Keith,21,10,Gains In Performance
2000-12-30,19,Meanwhile Back At The Ranch,The Clark Family Experience,19,23,Gains In Performance
2000-12-30,20,A Good Day To Run,Darryl Worley,20,13,Gains In Performance
2000-12-30,21,When It All Goes South,Alabama,22,9,Gains In Performance
2000-12-30,22,My Love Goes On And On,Chris Cagle,16,23,
2000-12-30,23,You Made Me That Way,Andy Griggs,26,14,Gains In Performance
2000-12-30,24,Kiss This,Aaron Tippin,23,32,
2000-12-30,25,Lucky 4 You (Tonight I'm Just Me),SHeDAISY,27,14,Gains In Performance
2000-12-30,26,One More Day,Diamond Rio,29,9,Gains In Performance
2000-12-30,27,Georgia,Carolyn Dawn Johnson,30,15,Gains In Performance
2000-12-30,28,Who I Am,Jessica Andrews,33,9,Greatest gainer this week|Gains In Performance
2000-12-30,29,Don't Make Me Come Over There And Love You,George Strait,35,11,Gains In Performance
2000-12-30,30,Move On,The Warren Brothers,31,12,Gains In Performance
2000-12-30,31,All Night Long,Montgomery Gentry Featuring Charlie Daniels,34,15,Gains In Performance
2000-12-30,32,What Do You Know About Love,Dwight Yoakam,32,14,Gains In Performance
2000-12-30,33,Where Are You Christmas?,Faith Hill,39,4,Gains In Performance
2000-12-30,34,We're So Good Together,Reba McEntire,28,17,
2000-12-30,35,She Misses Him,Tim Rushlow,36,9,Gains In Performance
2000-12-30,36,Things Change,Tim McGraw,41,9,Gains In Performance
2000-12-30,37,Pour Me,Trick Pony,40,11,Gains In Performance
2000-12-30,38,Oklahoma,Billy Gilman,42,12,Gains In Performance
2000-12-30,39,Right Where I Need To Be,Gary Allan,43,22,Gains In Performance
2000-12-30,40,Every Man For Himself,Neal McCoy,37,18,
2000-12-30,41,Wrong Five O'clock,Eric Heatherly,44,9,Gains In Performance
2000-12-30,42,I Want To Know (Everything There Is To Know About You),Mark Wills,38,16,
2000-12-30,43,The Hunger,Steve Holy,45,8,Gains In Performance
2000-12-30,44,Live It Up,Marshall Dyllon,46,14,Gains In Performance
2000-12-30,45,The Christmas Shoes,NewSong,56,3,Gains In Performance
2000-12-30,46,Please,Pam Tillis,53,4,Gains In Performance
2000-12-30,47,I'm In,The Kinleys,48,10,Gains In Performance
2000-12-30,48,Merry Christmas From The Family,Montgomery Gentry,51,3,Gains In Performance
2000-12-30,49,She's All That,Collin Raye,50,8,Gains In Performance
2000-12-30,50,Deck The Halls,SHeDAISY,49,9,Gains In Performance
2000-12-30,51,Go Back,Chalee Tennison,47,7,Gains In Performance
2000-12-30,52,It's My Time,Martina McBride,63,2,Gains In Performance
2000-12-30,53,Scream,Mindy McCready,52,8,Gains In Performance
2000-12-30,54,Lookin' For Love,Sawyer Brown,54,6,Gains In Performance
2000-12-30,55,Little Drummer Boy,Lonestar,61,2,Gains In Performance
2000-12-30,56,Legacy,Neal Coty,55,8,Gains In Performance
2000-12-30,57,Warm & Fuzzy,Billy Gilman,58,4,Gains In Performance
2000-12-30,58,Jingle Bells,SHeDAISY,57,4,Gains In Performance
2000-12-30,59,O Holy Night,Martina McBride,67,6,Gains In Performance
2000-12-30,60,Blue Christmas,Clay Walker,59,4,Gains In Performance
2001-01-06,1,My Next Thirty Years,Tim McGraw,1,35,
2001-01-06,2,Without You,Dixie Chicks,2,24,
2001-01-06,3,Born To Fly,Sara Evans,3,28,
2001-01-06,4,I Lost It,Kenny Chesney,4,21,
2001-01-06,5,Tell Her,Lonestar,7,17,
2001-01-06,6,We Danced,Brad Paisley,5,28,
2001-01-06,7,www.memory,Alan Jackson,6,14,
2001-01-06,8,Burn,Jo Dee Messina,9,13,
2001-01-06,9,Ashes By Now,Lee Ann Womack,11,14,
2001-01-06,10,Just Another Day In Paradise,Phil Vassar,8,31,
2001-01-06,11,Best Of Intentions,Travis Tritt,10,28,
2001-01-06,12,There Is No Arizona,Jamie O'Neal,12,22,
2001-01-06,13,But For The Grace Of God,Keith Urban,16,14,Gains In Performance
2001-01-06,14,Wild Horses,Garth Brooks,17,7,Gains In Performance
2001-01-06,15,This Everyday Love,Rascal Flatts,13,21,
2001-01-06,16,The Little Girl,John Michael Montgomery,14,21,
2001-01-06,17,You Shouldn't Kiss Me Like This,Toby Keith,18,11,
2001-01-06,18,A Good Day To Run,Darryl Worley,20,14,
2001-01-06,19,A Little Gasoline,Terri Clark,15,25,
2001-01-06,20,Meanwhile Back At The Ranch,The Clark Family Experience,19,24,
2001-01-06,21,When It All Goes South,Alabama,21,10,
2001-01-06,22,One More Day,Diamond Rio,26,10,Gains In Performance
2001-01-06,23,You Made Me That Way,Andy Griggs,23,15,
2001-01-06,24,Lucky 4 You (Tonight I'm Just Me),SHeDAISY,25,15,
2001-01-06,25,Kiss This,Aaron Tippin,24,33,
2001-01-06,26,Where Are You Christmas?,Faith Hill,33,5,Gains In Performance
2001-01-06,27,Don't Make Me Come Over There And Love You,George Strait,29,12,Gains In Performance
2001-01-06,28,Who I Am,Jessica Andrews,28,10,Gains In Performance
2001-01-06,29,Move On,The Warren Brothers,30,13,
2001-01-06,30,Georgia,Carolyn Dawn Johnson,27,16,
2001-01-06,31,The Christmas Shoes,NewSong,45,4,Gains In Performance
2001-01-06,32,She Misses Him,Tim Rushlow,35,10,Gains In Performance
2001-01-06,33,What Do You Know About Love,Dwight Yoakam,32,15,
2001-01-06,34,Things Change,Tim McGraw,36,10,Gains In Performance
2001-01-06,35,Pour Me,Trick Pony,37,12,Gains In Performance
2001-01-06,36,All Night Long,Montgomery Gentry Featuring Charlie Daniels,31,16,
2001-01-06,37,Deck The Halls,SHeDAISY,50,10,Gains In Performance
2001-01-06,38,Merry Christmas From The Family,Montgomery Gentry,48,4,Gains In Performance
2001-01-06,39,Right Where I Need To Be,Gary Allan,39,23,
2001-01-06,40,Oklahoma,Billy Gilman,38,13,
2001-01-06,41,O Holy Night,Martina McBride,59,7,Gains In Performance
2001-01-06,42,Wrong Five O'clock,Eric Heatherly,41,10,
2001-01-06,43,Please,Pam Tillis,46,5,Gains In Performance
2001-01-06,44,Jingle Bells,SHeDAISY,58,5,Gains In Performance
2001-01-06,45,The Hunger,Steve Holy,43,9,
2001-01-06,46,Little Drummer Boy,Lonestar,55,3,Gains In Performance
2001-01-06,47,Every Man For Himself,Neal McCoy,40,19,
2001-01-06,48,It's My Time,Martina McBride,52,3,Gains In Performance
2001-01-06,49,Live It Up,Marshall Dyllon,44,15,
2001-01-06,50,Warm & Fuzzy,Billy Gilman,57,5,Gains In Performance
2001-01-06,51,I'm In,The Kinleys,47,11,
2001-01-06,52,We're So Good Together,Reba McEntire,34,18,
2001-01-06,53,Blue Christmas,Clay Walker,60,5,Gains In Performance
2001-01-06,54,Go Back,Chalee Tennison,51,8,
2001-01-06,55,She's All That,Collin Raye,49,9,
2001-01-06,56,Scream,Mindy McCready,53,9,Gains In Performance
2001-01-06,57,Old Toy Trains,Toby Keith,68,2,Gains In Performance
2001-01-06,58,I Want To Know (Everything There Is To Know About You),Mark Wills,42,17,
2001-01-06,59,Have Yourself A Merry Little Christmas,Martina McBride,63,8,Gains In Performance
2001-01-06,60,Santa's Got A Semi,Keith Harling,62,8,Gains In Performance
2001-01-13,1,My Next Thirty Years,Tim McGraw,1,36,
2001-01-13,2,Without You,Dixie Chicks,2,25,
2001-01-13,3,Born To Fly,Sara Evans,3,29,
2001-01-13,4,I Lost It,Kenny Chesney,4,22,
2001-01-13,5,Tell Her,Lonestar,5,18,
2001-01-13,6,Burn,Jo Dee Messina,8,14,
2001-01-13,7,Ashes By Now,Lee Ann Womack,9,15,
2001-01-13,8,There Is No Arizona,Jamie O'Neal,12,23,Gains In Performance
2001-01-13,9,www.memory,Alan Jackson,7,15,
2001-01-13,10,Best Of Intentions,Travis Tritt,11,29,
2001-01-13,11,We Danced,Brad Paisley,6,29,
2001-01-13,12,Just Another Day In Paradise,Phil Vassar,10,32,
2001-01-13,13,But For The Grace Of God,Keith Urban,13,15,Gains In Performance
2001-01-13,14,Wild Horses,Garth Brooks,14,8,
2001-01-13,15,You Shouldn't Kiss Me Like This,Toby Keith,17,12,Gains In Performance
2001-01-13,16,This Everyday Love,Rascal Flatts,15,22,
2001-01-13,17,The Little Girl,John Michael Montgomery,16,22,Gains In Performance
2001-01-13,18,A Good Day To Run,Darryl Worley,18,15,
2001-01-13,19,Meanwhile Back At The Ranch,The Clark Family Experience,20,25,
2001-01-13,20,When It All Goes South,Alabama,21,11,
2001-01-13,21,One More Day,Diamond Rio,22,11,Gains In Performance
2001-01-13,22,Lucky 4 You (Tonight I'm Just Me),SHeDAISY,24,16,Gains In Performance
2001-01-13,23,You Made Me That Way,Andy Griggs,23,16,
2001-01-13,24,Don't Make Me Come Over There And Love You,George Strait,27,13,Gains In Performance
2001-01-13,25,Who I Am,Jessica Andrews,28,11,Greatest gainer this week|Gains In Performance
2001-01-13,26,Move On,The Warren Brothers,29,14,Gains In Performance
2001-01-13,27,Georgia,Carolyn Dawn Johnson,30,17,
2001-01-13,28,She Misses Him,Tim Rushlow,32,11,Gains In Performance
2001-01-13,29,Pour Me,Trick Pony,35,13,Gains In Performance
2001-01-13,30,What Do You Know About Love,Dwight Yoakam,33,16,Gains In Performance
2001-01-13,31,All Night Long,Montgomery Gentry Featuring Charlie Daniels,36,17,
2001-01-13,32,Things Change,Tim McGraw,34,11,
2001-01-13,33,Right Where I Need To Be,Gary Allan,39,24,Gains In Performance
2001-01-13,34,Oklahoma,Billy Gilman,40,14,Gains In Performance
2001-01-13,35,It's My Time,Martina McBride,48,4,Gains In Performance
2001-01-13,36,Wrong Five O'clock,Eric Heatherly,42,11,Gains In Performance
2001-01-13,37,The Hunger,Steve Holy,45,10,Gains In Performance
2001-01-13,38,Please,Pam Tillis,43,6,Gains In Performance
2001-01-13,39,Live It Up,Marshall Dyllon,49,16,Gains In Performance
2001-01-13,40,Where Are You Christmas?,Faith Hill,26,6,
2001-01-13,41,I'm In,The Kinleys,51,12,Gains In Performance
2001-01-13,42,Go Back,Chalee Tennison,54,9,Gains In Performance
2001-01-13,43,She's All That,Collin Raye,55,10,Gains In Performance
2001-01-13,44,It's A Great Day To Be Alive,Travis Tritt,61,5,Gains In Performance
2001-01-13,45,Every Man For Himself,Neal McCoy,47,20,
2001-01-13,46,Lookin' For Love,Sawyer Brown,63,8,Gains In Performance
2001-01-13,47,Scream,Mindy McCready,56,10,
2001-01-13,48,We're So Good Together,Reba McEntire,52,19,
2001-01-13,49,Deck The Halls,SHeDAISY,37,11,
2001-01-13,50,If My Heart Had Wings,Faith Hill,NEW,1,Gains In Performance
2001-01-13,51,Blue Christmas,Clay Walker,53,6,
2001-01-13,52,Little Drummer Boy,Lonestar,46,4,
2001-01-13,53,I Want To Know (Everything There Is To Know About You),Mark Wills,58,18,
2001-01-13,54,The Last Thing On My Mind,Patty Loveless,66,2,Gains In Performance
2001-01-13,55,The Christmas Shoes,NewSong,31,5,
2001-01-13,56,Legacy,Neal Coty,65,10,Gains In Performance
2001-01-13,57,O Holy Night,Martina McBride,41,8,
2001-01-13,58,Jingle Bells,SHeDAISY,44,6,
2001-01-13,59,People Like Us,Aaron Tippin,NEW,1,Gains In Performance
2001-01-13,60,Have Yourself A Merry Little Christmas,Martina McBride,59,9,
2001-01-20,1,Born To Fly,Sara Evans,3,30,Greatest gainer this week|Gains In Performance
2001-01-20,2,Without You,Dixie Chicks,2,26,Gains In Performance
2001-01-20,3,My Next Thirty Years,Tim McGraw,1,37,Gains In Performance
2001-01-20,4,Tell Her,Lonestar,5,19,Gains In Performance
2001-01-20,5,I Lost It,Kenny Chesney,4,23,Gains In Performance
2001-01-20,6,Burn,Jo Dee Messina,6,15,Gains In Performance
2001-01-20,7,There Is No Arizona,Jamie O'Neal,8,24,Gains In Performance
2001-01-20,8,Ashes By Now,Lee Ann Womack,7,16,Gains In Performance
2001-01-20,9,www.memory,Alan Jackson,9,16,Gains In Performance
2001-01-20,10,But For The Grace Of God,Keith Urban,13,16,Gains In Performance
2001-01-20,11,Best Of Intentions,Travis Tritt,10,30,Gains In Performance
2001-01-20,12,We Danced,Brad Paisley,11,30,Gains In Performance
2001-01-20,13,Wild Horses,Garth Brooks,14,9,Gains In Performance
2001-01-20,14,You Shouldn't Kiss Me Like This,Toby Keith,15,13,Gains In Performance
2001-01-20,15,This Everyday Love,Rascal Flatts,16,23,Gains In Performance
2001-01-20,16,Just Another Day In Paradise,Phil Vassar,12,33,Gains In Performance
2001-01-20,17,A Good Day To Run,Darryl Worley,18,16,Gains In Performance
2001-01-20,18,The Little Girl,John Michael Montgomery,17,23,Gains In Performance
2001-01-20,19,Meanwhile Back At The Ranch,The Clark Family Experience,19,26,Gains In Performance
2001-01-20,20,One More Day,Diamond Rio,21,12,Gains In Performance
2001-01-20,21,When It All Goes South,Alabama,20,12,Gains In Performance
2001-01-20,22,You Made Me That Way,Andy Griggs,23,17,Gains In Performance
2001-01-20,23,Lucky 4 You (Tonight I'm Just Me),SHeDAISY,22,17,Gains In Performance
2001-01-20,24,Who I Am,Jessica Andrews,25,12,Gains In Performance
2001-01-20,25,Don't Make Me Come Over There And Love You,George Strait,24,14,Gains In Performance
2001-01-20,26,Move On,The Warren Brothers,26,15,Gains In Performance
2001-01-20,27,Georgia,Carolyn Dawn Johnson,27,18,Gains In Performance
2001-01-20,28,She Misses Him,Tim Rushlow,28,12,Gains In Performance
2001-01-20,29,What Do You Know About Love,Dwight Yoakam,30,17,Gains In Performance
2001-01-20,30,Pour Me,Trick Pony,29,14,Gains In Performance
2001-01-20,31,All Night Long,Montgomery Gentry Featuring Charlie Daniels,31,18,Gains In Performance
2001-01-20,32,It's My Time,Martina McBride,35,5,Gains In Performance
2001-01-20,33,Right Where I Need To Be,Gary Allan,33,25,Gains In Performance
2001-01-20,34,Things Change,Tim McGraw,32,12,Gains In Performance
2001-01-20,35,Oklahoma,Billy Gilman,34,15,Gains In Performance
2001-01-20,36,Please,Pam Tillis,38,7,Gains In Performance
2001-01-20,37,Wrong Five O'clock,Eric Heatherly,36,12,Gains In Performance
2001-01-20,38,The Hunger,Steve Holy,37,11,Gains In Performance
2001-01-20,39,If My Heart Had Wings,Faith Hill,50,2,Gains In Performance
2001-01-20,40,Live It Up,Marshall Dyllon,39,17,Gains In Performance
2001-01-20,41,I'm In,The Kinleys,41,13,Gains In Performance
2001-01-20,42,Go Back,Chalee Tennison,42,10,Gains In Performance
2001-01-20,43,She's All That,Collin Raye,43,11,Gains In Performance
2001-01-20,44,It's A Great Day To Be Alive,Travis Tritt,44,6,Gains In Performance
2001-01-20,45,The Last Thing On My Mind,Patty Loveless,54,3,Gains In Performance
2001-01-20,46,Scream,Mindy McCready,47,11,Gains In Performance
2001-01-20,47,Lookin' For Love,Sawyer Brown,46,9,Gains In Performance
2001-01-20,48,We're So Good Together,Reba McEntire,48,20,Gains In Performance
2001-01-20,49,Legacy,Neal Coty,56,11,Gains In Performance
2001-01-20,50,Every Man For Himself,Neal McCoy,45,21,
2001-01-20,51,People Like Us,Aaron Tippin,59,2,Gains In Performance
2001-01-20,52,I Want To Know (Everything There Is To Know About You),Mark Wills,53,19,
2001-01-20,53,What Do You Want From Me Now,Billy Yates,RE,8,Gains In Performance
2001-01-20,54,Burn Down The Trailer Park,Billy Ray Cyrus,NEW,1,Highest ranking debut|Gains In Performance
2001-01-20,55,Shoot Straight From Your Heart,Vince Gill,NEW,1,Gains In Performance
2001-01-20,56,Rose Bouquet,Phil Vassar,NEW,1,Gains In Performance
2001-01-20,57,Think It Over,Allison Moorer,RE,3,Gains In Performance
2001-01-20,58,That's What I Like About You,John Michael Montgomery,NEW,1,Gains In Performance
2001-01-20,59,Mrs. Steven Rudy,Mark McGuinn,NEW,1,Gains In Performance
2001-01-20,60,Don't Happen Twice,Kenny Chesney,NEW,1,Gains In Performance
2001-01-27,1,Without You,Dixie Chicks,2,27,Gains In Performance
2001-01-27,2,Tell Her,Lonestar,4,20,Gains In Performance
2001-01-27,3,Born To Fly,Sara Evans,1,31,
2001-01-27,4,My Next Thirty Years,Tim McGraw,3,38,
2001-01-27,5,There Is No Arizona,Jamie O'Neal,7,25,Gains In Performance
2001-01-27,6,Burn,Jo Dee Messina,6,16,Gains In Performance
2001-01-27,7,Ashes By Now,Lee Ann Womack,8,17,Gains In Performance
2001-01-27,8,But For The Grace Of God,Keith Urban,10,17,Gains In Performance
2001-01-27,9,I Lost It,Kenny Chesney,5,24,
2001-01-27,10,You Shouldn't Kiss Me Like This,Toby Keith,14,14,Gains In Performance
2001-01-27,11,Wild Horses,Garth Brooks,13,10,Gains In Performance
2001-01-27,12,This Everyday Love,Rascal Flatts,15,24,Gains In Performance
2001-01-27,13,www.memory,Alan Jackson,9,17,
2001-01-27,14,We Danced,Brad Paisley,12,31,
2001-01-27,15,Best Of Intentions,Travis Tritt,11,31,
2001-01-27,16,A Good Day To Run,Darryl Worley,17,17,Gains In Performance
2001-01-27,17,One More Day,Diamond Rio,20,13,Gains In Performance
2001-01-27,18,Just Another Day In Paradise,Phil Vassar,16,34,
2001-01-27,19,When It All Goes South,Alabama,21,13,Gains In Performance
2001-01-27,20,Who I Am,Jessica Andrews,24,13,Gains In Performance
2001-01-27,21,Meanwhile Back At The Ranch,The Clark Family Experience,19,27,
2001-01-27,22,Lucky 4 You (Tonight I'm Just Me),SHeDAISY,23,18,Gains In Performance
2001-01-27,23,Don't Make Me Come Over There And Love You,George Strait,25,15,Gains In Performance
2001-01-27,24,You Made Me That Way,Andy Griggs,22,18,Gains In Performance
2001-01-27,25,Move On,The Warren Brothers,26,16,Gains In Performance
2001-01-27,26,If My Heart Had Wings,Faith Hill,39,3,Gains In Performance
2001-01-27,27,Georgia,Carolyn Dawn Johnson,27,19,Gains In Performance
2001-01-27,28,Pour Me,Trick Pony,30,15,Gains In Performance
2001-01-27,29,She Misses Him,Tim Rushlow,28,13,Gains In Performance
2001-01-27,30,It's My Time,Martina McBride,32,6,Gains In Performance
2001-01-27,31,What Do You Know About Love,Dwight Yoakam,29,18,Gains In Performance
2001-01-27,32,Please,Pam Tillis,36,8,Gains In Performance
2001-01-27,33,Right Where I Need To Be,Gary Allan,33,26,Gains In Performance
2001-01-27,34,Oklahoma,Billy Gilman,35,16,Gains In Performance
2001-01-27,35,Wrong Five O'clock,Eric Heatherly,37,13,Gains In Performance
2001-01-27,36,It's A Great Day To Be Alive,Travis Tritt,44,7,Gains In Performance
2001-01-27,37,The Hunger,Steve Holy,38,12,Gains In Performance
2001-01-27,38,Things Change,Tim McGraw,34,13,
2001-01-27,39,All Night Long,Montgomery Gentry Featuring Charlie Daniels,31,19,
2001-01-27,40,Live It Up,Marshall Dyllon,40,18,Gains In Performance
2001-01-27,41,I'm In,The Kinleys,41,14,Gains In Performance
2001-01-27,42,Go Back,Chalee Tennison,42,11,Gains In Performance
2001-01-27,43,The Last Thing On My Mind,Patty Loveless,45,4,Gains In Performance
2001-01-27,44,She's All That,Collin Raye,43,12,
2001-01-27,45,Shoot Straight From Your Heart,Vince Gill,55,2,Gains In Performance
2001-01-27,46,Lookin' For Love,Sawyer Brown,47,10,Gains In Performance
2001-01-27,47,Scream,Mindy McCready,46,12,
2001-01-27,48,People Like Us,Aaron Tippin,51,3,Gains In Performance
2001-01-27,49,Don't Happen Twice,Kenny Chesney,60,2,Gains In Performance
2001-01-27,50,Legacy,Neal Coty,49,12,
2001-01-27,51,Burn Down The Trailer Park,Billy Ray Cyrus,54,2,Gains In Performance
2001-01-27,52,Rose Bouquet,Phil Vassar,56,2,Gains In Performance
2001-01-27,53,We're So Good Together,Reba McEntire,48,21,
2001-01-27,54,Sometimes,Clay Davidson,NEW,1,Highest ranking debut|Gains In Performance
2001-01-27,55,That's What I Like About You,John Michael Montgomery,58,2,Gains In Performance
2001-01-27,56,What Do You Want From Me Now,Billy Yates,53,9,
2001-01-27,57,I Want To Know (Everything There Is To Know About You),Mark Wills,52,20,
2001-01-27,58,There You Go Again,Kenny Rogers,NEW,1,Gains In Performance
2001-01-27,59,Think It Over,Allison Moorer,57,4,Gains In Performance
2001-01-27,60,I Don't Know,Hank Williams III,RE,4,Gains In Performance
2001-02-03,1,Tell Her,Lonestar,2,21,Gains In Performance
2001-02-03,2,Without You,Dixie Chicks,1,28,
2001-02-03,3,There Is No Arizona,Jamie O'Neal,5,26,Gains In Performance
2001-02-03,4,Burn,Jo Dee Messina,6,17,Gains In Performance
2001-02-03,5,Ashes By Now,Lee Ann Womack,7,18,Gains In Performance
2001-02-03,6,But For The Grace Of God,Keith Urban,8,18,Gains In Performance
2001-02-03,7,My Next Thirty Years,Tim McGraw,4,39,
2001-02-03,8,Born To Fly,Sara Evans,3,32,
2001-02-03,9,You Shouldn't Kiss Me Like This,Toby Keith,10,15,Gains In Performance
2001-02-03,10,Wild Horses,Garth Brooks,11,11,Gains In Performance
2001-02-03,11,This Everyday Love,Rascal Flatts,12,25,Gains In Performance
2001-02-03,12,One More Day,Diamond Rio,17,14,Gains In Performance
2001-02-03,13,A Good Day To Run,Darryl Worley,16,18,Gains In Performance
2001-02-03,14,Who I Am,Jessica Andrews,20,14,Gains In Performance
2001-02-03,15,I Lost It,Kenny Chesney,9,25,
2001-02-03,16,When It All Goes South,Alabama,19,14,Gains In Performance
2001-02-03,17,Best Of Intentions,Travis Tritt,15,32,
2001-02-03,18,www.memory,Alan Jackson,13,18,
2001-02-03,19,We Danced,Brad Paisley,14,32,
2001-02-03,20,If My Heart Had Wings,Faith Hill,26,4,Gains In Performance
2001-02-03,21,Lucky 4 You (Tonight I'm Just Me),SHeDAISY,22,19,Gains In Performance
2001-02-03,22,Don't Make Me Come Over There And Love You,George Strait,23,16,Gains In Performance
2001-02-03,23,You Made Me That Way,Andy Griggs,24,19,Gains In Performance
2001-02-03,24,Move On,The Warren Brothers,25,17,Gains In Performance
2001-02-03,25,Georgia,Carolyn Dawn Johnson,27,20,Gains In Performance
2001-02-03,26,It's My Time,Martina McBride,30,7,Gains In Performance
2001-02-03,27,She Misses Him,Tim Rushlow,29,14,Gains In Performance
2001-02-03,28,Pour Me,Trick Pony,28,16,Gains In Performance
2001-02-03,29,What Do You Know About Love,Dwight Yoakam,31,19,Gains In Performance
2001-02-03,30,It's A Great Day To Be Alive,Travis Tritt,36,8,Gains In Performance
2001-02-03,31,Please,Pam Tillis,32,9,Gains In Performance
2001-02-03,32,Right Where I Need To Be,Gary Allan,33,27,Gains In Performance
2001-02-03,33,The Hunger,Steve Holy,37,13,Gains In Performance
2001-02-03,34,Wrong Five O'clock,Eric Heatherly,35,14,Gains In Performance
2001-02-03,35,Oklahoma,Billy Gilman,34,17,Gains In Performance
2001-02-03,36,Things Change,Tim McGraw,38,14,
2001-02-03,37,Live It Up,Marshall Dyllon,40,19,Gains In Performance
2001-02-03,38,I'm In,The Kinleys,41,15,Gains In Performance
2001-02-03,39,Go Back,Chalee Tennison,42,12,Gains In Performance
2001-02-03,40,The Last Thing On My Mind,Patty Loveless,43,5,Gains In Performance
2001-02-03,41,People Like Us,Aaron Tippin,48,4,Gains In Performance
2001-02-03,42,Don't Happen Twice,Kenny Chesney,49,3,Gains In Performance
2001-02-03,43,Shoot Straight From Your Heart,Vince Gill,45,3,Gains In Performance
2001-02-03,44,All Night Long,Montgomery Gentry Featuring Charlie Daniels,39,20,
2001-02-03,45,Sometimes,Clay Davidson,54,2,Gains In Performance
2001-02-03,46,Lookin' For Love,Sawyer Brown,46,11,Gains In Performance
2001-02-03,47,That's What I Like About You,John Michael Montgomery,55,3,Gains In Performance
2001-02-03,48,Rose Bouquet,Phil Vassar,52,3,Gains In Performance
2001-02-03,49,Burn Down The Trailer Park,Billy Ray Cyrus,51,3,Gains In Performance
2001-02-03,50,Scream,Mindy McCready,47,13,
2001-02-03,51,Legacy,Neal Coty,50,13,
2001-02-03,52,Mrs. Steven Rudy,Mark McGuinn,RE,2,Gains In Performance
2001-02-03,53,A Rose Is A Rose,Meredith Edwards,NEW,1,Highest ranking debut|Gains In Performance
2001-02-03,54,There You Go Again,Kenny Rogers,58,2,Gains In Performance
2001-02-03,55,She's All That,Collin Raye,44,13,
2001-02-03,56,I Don't Know,Hank Williams III,60,5,Gains In Performance
2001-02-03,57,I Want To Know (Everything There Is To Know About You),Mark Wills,57,21,
2001-02-03,58,What Do You Want From Me Now,Billy Yates,56,10,
2001-02-03,59,I Drove Her To Dallas,Tyler England,NEW,1,Gains In Performance
2001-02-03,60,Think It Over,Allison Moorer,59,5,
2001-02-10,1,Tell Her,Lonestar,1,22,Gains In Performance
2001-02-10,2,There Is No Arizona,Jamie O'Neal,3,27,Gains In Performance
2001-02-10,3,Burn,Jo Dee Messina,4,18,Gains In Performance
2001-02-10,4,But For The Grace Of God,Keith Urban,6,19,Gains In Performance
2001-02-10,5,You Shouldn't Kiss Me Like This,Toby Keith,9,16,Gains In Performance
2001-02-10,6,Ashes By Now,Lee Ann Womack,5,19,Gains In Performance
2001-02-10,7,Without You,Dixie Chicks,2,29,
2001-02-10,8,My Next Thirty Years,Tim McGraw,7,40,
2001-02-10,9,Wild Horses,Garth Brooks,10,12,Gains In Performance
2001-02-10,10,Born To Fly,Sara Evans,8,33,
2001-02-10,11,One More Day,Diamond Rio,12,15,Gains In Performance
2001-02-10,12,This Everyday Love,Rascal Flatts,11,26,Gains In Performance
2001-02-10,13,Who I Am,Jessica Andrews,14,15,Gains In Performance
2001-02-10,14,A Good Day To Run,Darryl Worley,13,19,Gains In Performance
2001-02-10,15,If My Heart Had Wings,Faith Hill,20,5,Greatest gainer this week|Gains In Performance
2001-02-10,16,When It All Goes South,Alabama,16,15,Gains In Performance
2001-02-10,17,Don't Make Me Come Over There And Love You,George Strait,22,17,Gains In Performance
2001-02-10,18,Lucky 4 You (Tonight I'm Just Me),SHeDAISY,21,20,Gains In Performance
2001-02-10,19,Best Of Intentions,Travis Tritt,17,33,
2001-02-10,20,You Made Me That Way,Andy Griggs,23,20,Gains In Performance
2001-02-10,21,Move On,The Warren Brothers,24,18,Gains In Performance
2001-02-10,22,She Misses Him,Tim Rushlow,27,15,Gains In Performance
2001-02-10,23,www.memory,Alan Jackson,18,19,
2001-02-10,24,It's My Time,Martina McBride,26,8,Gains In Performance
2001-02-10,25,Georgia,Carolyn Dawn Johnson,25,21,Gains In Performance
2001-02-10,26,Pour Me,Trick Pony,28,17,Gains In Performance
2001-02-10,27,It's A Great Day To Be Alive,Travis Tritt,30,9,Gains In Performance
2001-02-10,28,What Do You Know About Love,Dwight Yoakam,29,20,Gains In Performance
2001-02-10,29,Please,Pam Tillis,31,10,Gains In Performance
2001-02-10,30,Right Where I Need To Be,Gary Allan,32,28,Gains In Performance
2001-02-10,31,The Hunger,Steve Holy,33,14,Gains In Performance
2001-02-10,32,Wrong Five O'clock,Eric Heatherly,34,15,Gains In Performance
2001-02-10,33,Oklahoma,Billy Gilman,35,18,
2001-02-10,34,Don't Happen Twice,Kenny Chesney,42,4,Gains In Performance
2001-02-10,35,The Last Thing On My Mind,Patty Loveless,40,6,Gains In Performance
2001-02-10,36,Things Change,Tim McGraw,36,15,
2001-02-10,37,Go Back,Chalee Tennison,39,13,Gains In Performance
2001-02-10,38,I'm In,The Kinleys,38,16,Gains In Performance
2001-02-10,39,People Like Us,Aaron Tippin,41,5,Gains In Performance
2001-02-10,40,Rose Bouquet,Phil Vassar,48,4,Gains In Performance
2001-02-10,41,Shoot Straight From Your Heart,Vince Gill,43,4,Gains In Performance
2001-02-10,42,Sometimes,Clay Davidson,45,3,Gains In Performance
2001-02-10,43,Live It Up,Marshall Dyllon,37,20,
2001-02-10,44,Lookin' For Love,Sawyer Brown,46,12,Gains In Performance
2001-02-10,45,Burn Down The Trailer Park,Billy Ray Cyrus,49,4,Gains In Performance
2001-02-10,46,That's What I Like About You,John Michael Montgomery,47,4,Gains In Performance
2001-02-10,47,There You Go Again,Kenny Rogers,54,3,Gains In Performance
2001-02-10,48,Mrs. Steven Rudy,Mark McGuinn,52,3,Gains In Performance
2001-02-10,49,All Night Long,Montgomery Gentry Featuring Charlie Daniels,44,21,
2001-02-10,50,I Don't Know,Hank Williams III,56,6,Gains In Performance
2001-02-10,51,A Rose Is A Rose,Meredith Edwards,53,2,
2001-02-10,52,Legacy,Neal Coty,51,14,
2001-02-10,53,She Couldn't Change Me,Montgomery Gentry,NEW,1,Highest ranking debut|Gains In Performance
2001-02-10,54,She Is,Hal Ketchum,RE,5,Gains In Performance
2001-02-10,55,Boom,Jolie & The Wanted,NEW,1,Gains In Performance
2001-02-10,56,I Drove Her To Dallas,Tyler England,59,2,Gains In Performance
2001-02-10,57,I Want To Know (Everything There Is To Know About You),Mark Wills,57,22,
2001-02-10,58,No Fear,Terri Clark,NEW,1,Gains In Performance
2001-02-10,59,The Most Beautiful Girl,South 65,NEW,1,Gains In Performance
2001-02-10,60,What I Did Right,Sons Of The Desert,NEW,1,Gains In Performance
2001-02-17,1,There Is No Arizona,Jamie O'Neal,2,28,Gains In Performance
2001-02-17,2,Burn,Jo Dee Messina,3,19,Gains In Performance
2001-02-17,3,You Shouldn't Kiss Me Like This,Toby Keith,5,17,Gains In Performance
2001-02-17,4,But For The Grace Of God,Keith Urban,4,20,Gains In Performance
2001-02-17,5,Tell Her,Lonestar,1,23,
2001-02-17,6,Ashes By Now,Lee Ann Womack,6,20,Gains In Performance
2001-02-17,7,Wild Horses,Garth Brooks,9,13,Gains In Performance
2001-02-17,8,One More Day,Diamond Rio,11,16,Gains In Performance
2001-02-17,9,This Everyday Love,Rascal Flatts,12,27,Gains In Performance
2001-02-17,10,Who I Am,Jessica Andrews,13,16,Gains In Performance
2001-02-17,11,My Next Thirty Years,Tim McGraw,8,41,
2001-02-17,12,Without You,Dixie Chicks,7,30,
2001-02-17,13,If My Heart Had Wings,Faith Hill,15,6,Gains In Performance
2001-02-17,14,A Good Day To Run,Darryl Worley,14,20,Gains In Performance
2001-02-17,15,Born To Fly,Sara Evans,10,34,
2001-02-17,16,When It All Goes South,Alabama,16,16,
2001-02-17,17,Don't Make Me Come Over There And Love You,George Strait,17,18,Gains In Performance
2001-02-17,18,Lucky 4 You (Tonight I'm Just Me),SHeDAISY,18,21,Gains In Performance
2001-02-17,19,You Made Me That Way,Andy Griggs,20,21,
2001-02-17,20,Best Of Intentions,Travis Tritt,19,34,
2001-02-17,21,Move On,The Warren Brothers,21,19,Gains In Performance
2001-02-17,22,It's My Time,Martina McBride,24,9,Gains In Performance
2001-02-17,23,She Misses Him,Tim Rushlow,22,16,Gains In Performance
2001-02-17,24,It's A Great Day To Be Alive,Travis Tritt,27,10,Greatest gainer this week|Gains In Performance
2001-02-17,25,Pour Me,Trick Pony,26,18,Gains In Performance
2001-02-17,26,Georgia,Carolyn Dawn Johnson,25,22,Gains In Performance
2001-02-17,27,What Do You Know About Love,Dwight Yoakam,28,21,Gains In Performance
2001-02-17,28,www.memory,Alan Jackson,23,20,
2001-02-17,29,Please,Pam Tillis,29,11,Gains In Performance
2001-02-17,30,Don't Happen Twice,Kenny Chesney,34,5,Gains In Performance
2001-02-17,31,Right Where I Need To Be,Gary Allan,30,29,Gains In Performance
2001-02-17,32,The Hunger,Steve Holy,31,15,Gains In Performance
2001-02-17,33,Wrong Five O'clock,Eric Heatherly,32,16,
2001-02-17,34,The Last Thing On My Mind,Patty Loveless,35,7,Gains In Performance
2001-02-17,35,Rose Bouquet,Phil Vassar,40,5,Gains In Performance
2001-02-17,36,Go Back,Chalee Tennison,37,14,Gains In Performance
2001-02-17,37,Sometimes,Clay Davidson,42,4,Gains In Performance
2001-02-17,38,I'm In,The Kinleys,38,17,Gains In Performance
2001-02-17,39,People Like Us,Aaron Tippin,39,6,Gains In Performance
2001-02-17,40,Oklahoma,Billy Gilman,33,19,
2001-02-17,41,Shoot Straight From Your Heart,Vince Gill,41,5,Gains In Performance
2001-02-17,42,Things Change,Tim McGraw,36,16,
2001-02-17,43,Mrs. Steven Rudy,Mark McGuinn,48,4,Gains In Performance
2001-02-17,44,There You Go Again,Kenny Rogers,47,4,Gains In Performance
2001-02-17,45,Burn Down The Trailer Park,Billy Ray Cyrus,45,5,Gains In Performance
2001-02-17,46,That's What I Like About You,John Michael Montgomery,46,5,Gains In Performance
2001-02-17,47,Lookin' For Love,Sawyer Brown,44,13,
2001-02-17,48,Ain't Nothing 'Bout You,Brooks & Dunn,NEW,1,Highest ranking debut|Gains In Performance
2001-02-17,49,No Fear,Terri Clark,58,2,Gains In Performance
2001-02-17,50,She Couldn't Change Me,Montgomery Gentry,53,2,Gains In Performance
2001-02-17,51,A Rose Is A Rose,Meredith Edwards,51,3,Gains In Performance
2001-02-17,52,I Could Not Ask For More,Sara Evans,NEW,1,Gains In Performance
2001-02-17,53,He Drinks Tequila,Lorrie Morgan & Sammy Kershaw,NEW,1,Gains In Performance
2001-02-17,54,The Most Beautiful Girl,South 65,59,2,Gains In Performance
2001-02-17,55,Beatin' It In,Neal McCoy,NEW,1,Gains In Performance
2001-02-17,56,What I Did Right,Sons Of The Desert,60,2,Gains In Performance
2001-02-17,57,I Don't Know,Hank Williams III,50,7,
2001-02-17,58,I Drove Her To Dallas,Tyler England,56,3,Gains In Performance
2001-02-17,59,She Is,Hal Ketchum,54,6,
2001-02-17,60,Laredo,Chris Cagle,RE,2,Gains In Performance
2001-02-24,1,But For The Grace Of God,Keith Urban,4,21,Gains In Performance
2001-02-24,2,You Shouldn't Kiss Me Like This,Toby Keith,3,18,Gains In Performance
2001-02-24,3,Burn,Jo Dee Messina,2,20,
2001-02-24,4,There Is No Arizona,Jamie O'Neal,1,29,
2001-02-24,5,Ashes By Now,Lee Ann Womack,6,21,Gains In Performance
2001-02-24,6,One More Day,Diamond Rio,8,17,Gains In Performance
2001-02-24,7,Wild Horses,Garth Brooks,7,14,Gains In Performance
2001-02-24,8,Who I Am,Jessica Andrews,10,17,Gains In Performance
2001-02-24,9,Tell Her,Lonestar,5,24,
2001-02-24,10,This Everyday Love,Rascal Flatts,9,28,
2001-02-24,11,If My Heart Had Wings,Faith Hill,13,7,Gains In Performance
2001-02-24,12,A Good Day To Run,Darryl Worley,14,21,
2001-02-24,13,My Next Thirty Years,Tim McGraw,11,42,
2001-02-24,14,Without You,Dixie Chicks,12,31,
2001-02-24,15,When It All Goes South,Alabama,16,17,
2001-02-24,16,Lucky 4 You (Tonight I'm Just Me),SHeDAISY,18,22,Gains In Performance
2001-02-24,17,Don't Make Me Come Over There And Love You,George Strait,17,19,
2001-02-24,18,Born To Fly,Sara Evans,15,35,
2001-02-24,19,It's A Great Day To Be Alive,Travis Tritt,24,11,Gains In Performance
2001-02-24,20,Move On,The Warren Brothers,21,20,Gains In Performance
2001-02-24,21,She Misses Him,Tim Rushlow,23,17,Gains In Performance
2001-02-24,22,It's My Time,Martina McBride,22,10,Gains In Performance
2001-02-24,23,Pour Me,Trick Pony,25,19,Gains In Performance
2001-02-24,24,Don't Happen Twice,Kenny Chesney,30,6,Gains In Performance
2001-02-24,25,Georgia,Carolyn Dawn Johnson,26,23,
2001-02-24,26,You Made Me That Way,Andy Griggs,19,22,
2001-02-24,27,What Do You Know About Love,Dwight Yoakam,27,22,
2001-02-24,28,Please,Pam Tillis,29,12,Gains In Performance
2001-02-24,29,Right Where I Need To Be,Gary Allan,31,30,Gains In Performance
2001-02-24,30,Rose Bouquet,Phil Vassar,35,6,Gains In Performance
2001-02-24,31,The Hunger,Steve Holy,32,16,
2001-02-24,32,Ain't Nothing 'Bout You,Brooks & Dunn,48,2,Gains In Performance
2001-02-24,33,Wrong Five O'clock,Eric Heatherly,33,17,Gains In Performance
2001-02-24,34,The Last Thing On My Mind,Patty Loveless,34,8,Gains In Performance
2001-02-24,35,People Like Us,Aaron Tippin,39,7,Gains In Performance
2001-02-24,36,Sometimes,Clay Davidson,37,5,Gains In Performance
2001-02-24,37,Shoot Straight From Your Heart,Vince Gill,41,6,Gains In Performance
2001-02-24,38,I'm In,The Kinleys,38,18,Gains In Performance
2001-02-24,39,Go Back,Chalee Tennison,36,15,
2001-02-24,40,Mrs. Steven Rudy,Mark McGuinn,43,5,Gains In Performance
2001-02-24,41,There You Go Again,Kenny Rogers,44,5,Gains In Performance
2001-02-24,42,If I Fall You're Going Down With Me,Dixie Chicks,RE,2,Highest ranking debut|Gains In Performance
2001-02-24,43,She Couldn't Change Me,Montgomery Gentry,50,3,Gains In Performance
2001-02-24,44,That's What I Like About You,John Michael Montgomery,46,6,Gains In Performance
2001-02-24,45,Burn Down The Trailer Park,Billy Ray Cyrus,45,6,
2001-02-24,46,Oklahoma,Billy Gilman,40,20,
2001-02-24,47,No Fear,Terri Clark,49,3,Gains In Performance
2001-02-24,48,Things Change,Tim McGraw,42,17,
2001-02-24,49,Lookin' For Love,Sawyer Brown,47,14,
2001-02-24,50,What I Did Right,Sons Of The Desert,56,3,Gains In Performance
2001-02-24,51,I Could Not Ask For More,Sara Evans,52,2,Gains In Performance
2001-02-24,52,Beatin' It In,Neal McCoy,55,2,Gains In Performance
2001-02-24,53,A Rose Is A Rose,Meredith Edwards,51,4,Gains In Performance
2001-02-24,54,He Drinks Tequila,Lorrie Morgan & Sammy Kershaw,53,2,Gains In Performance
2001-02-24,55,I Don't Know,Hank Williams III,57,8,Gains In Performance
2001-02-24,56,Laredo,Chris Cagle,60,3,Gains In Performance
2001-02-24,57,I Drove Her To Dallas,Tyler England,58,4,Gains In Performance
2001-02-24,58,The Most Beautiful Girl,South 65,54,3,
2001-02-24,59,Say No More,Clay Walker,NEW,1,Gains In Performance
2001-02-24,60,But I Do Love You,LeAnn Rimes,NEW,1,Gains In Performance
2001-03-03,1,You Shouldn't Kiss Me Like This,Toby Keith,2,19,Gains In Performance
2001-03-03,2,But For The Grace Of God,Keith Urban,1,22,Gains In Performance
2001-03-03,3,One More Day,Diamond Rio,6,18,Gains In Performance
2001-03-03,4,Ashes By Now,Lee Ann Womack,5,22,Gains In Performance
2001-03-03,5,Burn,Jo Dee Messina,3,21,
2001-03-03,6,Who I Am,Jessica Andrews,8,18,Gains In Performance
2001-03-03,7,There Is No Arizona,Jamie O'Neal,4,30,
2001-03-03,8,Wild Horses,Garth Brooks,7,15,Gains In Performance
2001-03-03,9,If My Heart Had Wings,Faith Hill,11,8,Gains In Performance
2001-03-03,10,Tell Her,Lonestar,9,25,
2001-03-03,11,This Everyday Love,Rascal Flatts,10,29,
2001-03-03,12,A Good Day To Run,Darryl Worley,12,22,
2001-03-03,13,My Next Thirty Years,Tim McGraw,13,43,
2001-03-03,14,Lucky 4 You (Tonight I'm Just Me),SHeDAISY,16,23,Gains In Performance
2001-03-03,15,It's A Great Day To Be Alive,Travis Tritt,19,12,Gains In Performance
2001-03-03,16,When It All Goes South,Alabama,15,18,
2001-03-03,17,Without You,Dixie Chicks,14,32,
2001-03-03,18,She Misses Him,Tim Rushlow,21,18,Gains In Performance
2001-03-03,19,It's My Time,Martina McBride,22,11,Gains In Performance
2001-03-03,20,Don't Happen Twice,Kenny Chesney,24,7,Gains In Performance
2001-03-03,21,Move On,The Warren Brothers,20,21,Gains In Performance
2001-03-03,22,Pour Me,Trick Pony,23,20,Gains In Performance
2001-03-03,23,Don't Make Me Come Over There And Love You,George Strait,17,20,
2001-03-03,24,Ain't Nothing 'Bout You,Brooks & Dunn,32,3,Gains In Performance
2001-03-03,25,Please,Pam Tillis,28,13,Gains In Performance
2001-03-03,26,What Do You Know About Love,Dwight Yoakam,27,23,Gains In Performance
2001-03-03,27,Right Where I Need To Be,Gary Allan,29,31,Gains In Performance
2001-03-03,28,If I Fall You're Going Down With Me,Dixie Chicks,42,3,Gains In Performance
2001-03-03,29,Rose Bouquet,Phil Vassar,30,7,Gains In Performance
2001-03-03,30,The Hunger,Steve Holy,31,17,Gains In Performance
2001-03-03,31,The Last Thing On My Mind,Patty Loveless,34,9,Gains In Performance
2001-03-03,32,Sometimes,Clay Davidson,36,6,Gains In Performance
2001-03-03,33,People Like Us,Aaron Tippin,35,8,Gains In Performance
2001-03-03,34,Mrs. Steven Rudy,Mark McGuinn,40,6,Gains In Performance
2001-03-03,35,Wrong Five O'clock,Eric Heatherly,33,18,
2001-03-03,36,Shoot Straight From Your Heart,Vince Gill,37,7,Gains In Performance
2001-03-03,37,I'm In,The Kinleys,38,19,Gains In Performance
2001-03-03,38,Go Back,Chalee Tennison,39,16,Gains In Performance
2001-03-03,39,She Couldn't Change Me,Montgomery Gentry,43,4,Gains In Performance
2001-03-03,40,There You Go Again,Kenny Rogers,41,6,Gains In Performance
2001-03-03,41,I Could Not Ask For More,Sara Evans,51,3,Gains In Performance
2001-03-03,42,No Fear,Terri Clark,47,4,Gains In Performance
2001-03-03,43,Burn Down The Trailer Park,Billy Ray Cyrus,45,7,Gains In Performance
2001-03-03,44,That's What I Like About You,John Michael Montgomery,44,7,Gains In Performance
2001-03-03,45,Beatin' It In,Neal McCoy,52,3,Gains In Performance
2001-03-03,46,He Drinks Tequila,Lorrie Morgan & Sammy Kershaw,54,3,Gains In Performance
2001-03-03,47,What I Did Right,Sons Of The Desert,50,4,
2001-03-03,48,A Rose Is A Rose,Meredith Edwards,53,5,Gains In Performance
2001-03-03,49,Lookin' For Love,Sawyer Brown,49,15,
2001-03-03,50,Things Change,Tim McGraw,48,18,
2001-03-03,51,Oklahoma,Billy Gilman,46,21,
2001-03-03,52,But I Do Love You,LeAnn Rimes,60,2,Gains In Performance
2001-03-03,53,Laredo,Chris Cagle,56,4,Gains In Performance
2001-03-03,54,I Don't Know,Hank Williams III,55,9,
2001-03-03,55,She Is,Hal Ketchum,RE,7,Gains In Performance
2001-03-03,56,I Drove Her To Dallas,Tyler England,57,5,
2001-03-03,57,Say No More,Clay Walker,59,2,Gains In Performance
2001-03-03,58,I Will Love You,Lisa Angelle,NEW,1,Highest ranking debut|Gains In Performance
2001-03-03,59,The Most Beautiful Girl,South 65,58,4,
2001-03-03,60,If You Can Do Anything Else,George Strait,NEW,1,Gains In Performance
2001-03-10,1,One More Day,Diamond Rio,3,19,Gains In Performance
2001-03-10,2,You Shouldn't Kiss Me Like This,Toby Keith,1,20,Gains In Performance
2001-03-10,3,But For The Grace Of God,Keith Urban,2,23,Gains In Performance
2001-03-10,4,Who I Am,Jessica Andrews,6,19,Gains In Performance
2001-03-10,5,Ashes By Now,Lee Ann Womack,4,23,
2001-03-10,6,Burn,Jo Dee Messina,5,22,
2001-03-10,7,Wild Horses,Garth Brooks,8,16,
2001-03-10,8,If My Heart Had Wings,Faith Hill,9,9,Gains In Performance
2001-03-10,9,There Is No Arizona,Jamie O'Neal,7,31,
2001-03-10,10,It's A Great Day To Be Alive,Travis Tritt,15,13,Gains In Performance
2001-03-10,11,Lucky 4 You (Tonight I'm Just Me),SHeDAISY,14,24,Gains In Performance
2001-03-10,12,A Good Day To Run,Darryl Worley,12,23,
2001-03-10,13,My Next Thirty Years,Tim McGraw,13,44,Gains In Performance
2001-03-10,14,Don't Happen Twice,Kenny Chesney,20,8,Gains In Performance
2001-03-10,15,She Misses Him,Tim Rushlow,18,19,Gains In Performance
2001-03-10,16,This Everyday Love,Rascal Flatts,11,30,
2001-03-10,17,Tell Her,Lonestar,10,26,
2001-03-10,18,It's My Time,Martina McBride,19,12,Gains In Performance
2001-03-10,19,Ain't Nothing 'Bout You,Brooks & Dunn,24,4,Gains In Performance
2001-03-10,20,Pour Me,Trick Pony,22,21,Gains In Performance
2001-03-10,21,Move On,The Warren Brothers,21,22,Gains In Performance
2001-03-10,22,When It All Goes South,Alabama,16,19,
2001-03-10,23,If I Fall You're Going Down With Me,Dixie Chicks,28,4,Gains In Performance
2001-03-10,24,Rose Bouquet,Phil Vassar,29,8,Gains In Performance
2001-03-10,25,Right Where I Need To Be,Gary Allan,27,32,Gains In Performance
2001-03-10,26,Please,Pam Tillis,25,14,Gains In Performance
2001-03-10,27,Mrs. Steven Rudy,Mark McGuinn,34,7,Gains In Performance
2001-03-10,28,The Hunger,Steve Holy,30,18,Gains In Performance
2001-03-10,29,The Last Thing On My Mind,Patty Loveless,31,10,Gains In Performance
2001-03-10,30,Sometimes,Clay Davidson,32,7,Gains In Performance
2001-03-10,31,People Like Us,Aaron Tippin,33,9,Gains In Performance
2001-03-10,32,Shoot Straight From Your Heart,Vince Gill,36,8,Gains In Performance
2001-03-10,33,Don't Make Me Come Over There And Love You,George Strait,23,21,
2001-03-10,34,Wrong Five O'clock,Eric Heatherly,35,19,Gains In Performance
2001-03-10,35,She Couldn't Change Me,Montgomery Gentry,39,5,Gains In Performance
2001-03-10,36,I'm In,The Kinleys,37,20,Gains In Performance
2001-03-10,37,I Could Not Ask For More,Sara Evans,41,4,Gains In Performance
2001-03-10,38,Go Back,Chalee Tennison,38,17,
2001-03-10,39,There You Go Again,Kenny Rogers,40,7,Gains In Performance
2001-03-10,40,No Fear,Terri Clark,42,5,Gains In Performance
2001-03-10,41,But I Do Love You,LeAnn Rimes,52,3,Gains In Performance
2001-03-10,42,When Somebody Loves You,Alan Jackson,NEW,1,Highest ranking debut|Gains In Performance
2001-03-10,43,Beatin' It In,Neal McCoy,45,4,Gains In Performance
2001-03-10,44,That's What I Like About You,John Michael Montgomery,44,8,
2001-03-10,45,He Drinks Tequila,Lorrie Morgan & Sammy Kershaw,46,4,
2001-03-10,46,Burn Down The Trailer Park,Billy Ray Cyrus,43,8,
2001-03-10,47,A Rose Is A Rose,Meredith Edwards,48,6,Gains In Performance
2001-03-10,48,What I Did Right,Sons Of The Desert,47,5,Gains In Performance
2001-03-10,49,Laredo,Chris Cagle,53,5,Gains In Performance
2001-03-10,50,Say No More,Clay Walker,57,3,Gains In Performance
2001-03-10,51,She Is,Hal Ketchum,55,8,Gains In Performance
2001-03-10,52,Things Change,Tim McGraw,50,19,
2001-03-10,53,If You Can Do Anything Else,George Strait,60,2,Gains In Performance
2001-03-10,54,Lookin' For Love,Sawyer Brown,49,16,
2001-03-10,55,I Drove Her To Dallas,Tyler England,56,6,Gains In Performance
2001-03-10,56,You Still Take Me There,Collin Raye,NEW,1,Gains In Performance
2001-03-10,57,I Don't Know,Hank Williams III,54,10,
2001-03-10,58,The Most Beautiful Girl,South 65,59,5,Gains In Performance
2001-03-10,59,I Will Love You,Lisa Angelle,58,2,
2001-03-10,60,Cowboys Don't Cry,Eddy Raven,NEW,1,Gains In Performance
2001-03-17,1,You Shouldn't Kiss Me Like This,Toby Keith,2,21,Gains In Performance
2001-03-17,2,One More Day,Diamond Rio,1,20,
2001-03-17,3,But For The Grace Of God,Keith Urban,3,24,Gains In Performance
2001-03-17,4,Who I Am,Jessica Andrews,4,20,Gains In Performance
2001-03-17,5,Ashes By Now,Lee Ann Womack,5,24,
2001-03-17,6,If My Heart Had Wings,Faith Hill,8,10,Gains In Performance
2001-03-17,7,It's A Great Day To Be Alive,Travis Tritt,10,14,Gains In Performance
2001-03-17,8,Burn,Jo Dee Messina,6,23,
2001-03-17,9,There Is No Arizona,Jamie O'Neal,9,32,
2001-03-17,10,Don't Happen Twice,Kenny Chesney,14,9,Gains In Performance
2001-03-17,11,Wild Horses,Garth Brooks,7,17,
2001-03-17,12,Ain't Nothing 'Bout You,Brooks & Dunn,19,5,Gains In Performance
2001-03-17,13,Lucky 4 You (Tonight I'm Just Me),SHeDAISY,11,25,Gains In Performance
2001-03-17,14,She Misses Him,Tim Rushlow,15,20,Gains In Performance
2001-03-17,15,My Next Thirty Years,Tim McGraw,13,45,
2001-03-17,16,If I Fall You're Going Down With Me,Dixie Chicks,23,5,Gains In Performance
2001-03-17,17,It's My Time,Martina McBride,18,13,Gains In Performance
2001-03-17,18,Move On,The Warren Brothers,21,23,Gains In Performance
2001-03-17,19,Pour Me,Trick Pony,20,22,Gains In Performance
2001-03-17,20,A Good Day To Run,Darryl Worley,12,24,
2001-03-17,21,Right Where I Need To Be,Gary Allan,25,33,Gains In Performance
2001-03-17,22,Rose Bouquet,Phil Vassar,24,9,Gains In Performance
2001-03-17,23,Please,Pam Tillis,26,15,Gains In Performance
2001-03-17,24,Mrs. Steven Rudy,Mark McGuinn,27,8,Gains In Performance
2001-03-17,25,The Last Thing On My Mind,Patty Loveless,29,11,Gains In Performance
2001-03-17,26,When It All Goes South,Alabama,22,20,
2001-03-17,27,The Hunger,Steve Holy,28,19,Gains In Performance
2001-03-17,28,Sometimes,Clay Davidson,30,8,Gains In Performance
2001-03-17,29,People Like Us,Aaron Tippin,31,10,Gains In Performance
2001-03-17,30,She Couldn't Change Me,Montgomery Gentry,35,6,Gains In Performance
2001-03-17,31,Shoot Straight From Your Heart,Vince Gill,32,9,Gains In Performance
2001-03-17,32,I Could Not Ask For More,Sara Evans,37,5,Gains In Performance
2001-03-17,33,Wrong Five O'clock,Eric Heatherly,34,20,Gains In Performance
2001-03-17,34,When Somebody Loves You,Alan Jackson,42,2,Gains In Performance
2001-03-17,35,I'm In,The Kinleys,36,21,Gains In Performance
2001-03-17,36,If You Can Do Anything Else,George Strait,53,3,Gains In Performance
2001-03-17,37,There You Go Again,Kenny Rogers,39,8,Gains In Performance
2001-03-17,38,No Fear,Terri Clark,40,6,Gains In Performance
2001-03-17,39,Go Back,Chalee Tennison,38,18,
2001-03-17,40,Don't Make Me Come Over There And Love You,George Strait,33,22,
2001-03-17,41,But I Do Love You,LeAnn Rimes,41,4,Gains In Performance
2001-03-17,42,Beatin' It In,Neal McCoy,43,5,Gains In Performance
2001-03-17,43,A Rose Is A Rose,Meredith Edwards,47,7,Gains In Performance
2001-03-17,44,He Drinks Tequila,Lorrie Morgan & Sammy Kershaw,45,5,Gains In Performance
2001-03-17,45,Say No More,Clay Walker,50,4,Gains In Performance
2001-03-17,46,Laredo,Chris Cagle,49,6,Gains In Performance
2001-03-17,47,What I Did Right,Sons Of The Desert,48,6,Gains In Performance
2001-03-17,48,She Is,Hal Ketchum,51,9,Gains In Performance
2001-03-17,49,That's What I Like About You,John Michael Montgomery,44,9,
2001-03-17,50,I Will Love You,Lisa Angelle,59,3,Gains In Performance
2001-03-17,51,Things Change,Tim McGraw,52,20,
2001-03-17,52,You Still Take Me There,Collin Raye,56,2,Gains In Performance
2001-03-17,53,Burn Down The Trailer Park,Billy Ray Cyrus,46,9,
2001-03-17,54,I Drove Her To Dallas,Tyler England,55,7,
2001-03-17,55,The Most Beautiful Girl,South 65,58,6,Gains In Performance
2001-03-17,56,Lookin' For Love,Sawyer Brown,54,17,
2001-03-17,57,You,Marshall Dyllon,NEW,1,Highest ranking debut|Gains In Performance
2001-03-17,58,"Live Close By, Visit Often",K.T. Oslin,NEW,1,Gains In Performance
2001-03-17,59,I Don't Know,Hank Williams III,57,11,
2001-03-17,60,I Am A Man Of Constant Sorrow,The Soggy Bottom Boys,NEW,1,Gains In Performance
2001-03-24,1,You Shouldn't Kiss Me Like This,Toby Keith,1,22,Gains In Performance
2001-03-24,2,One More Day,Diamond Rio,2,21,Gains In Performance
2001-03-24,3,Who I Am,Jessica Andrews,4,21,Gains In Performance
2001-03-24,4,But For The Grace Of God,Keith Urban,3,25,
2001-03-24,5,If My Heart Had Wings,Faith Hill,6,11,Gains In Performance
2001-03-24,6,It's A Great Day To Be Alive,Travis Tritt,7,15,Gains In Performance
2001-03-24,7,Ashes By Now,Lee Ann Womack,5,25,
2001-03-24,8,Don't Happen Twice,Kenny Chesney,10,10,Gains In Performance
2001-03-24,9,Ain't Nothing 'Bout You,Brooks & Dunn,12,6,Gains In Performance
2001-03-24,10,She Misses Him,Tim Rushlow,14,21,Gains In Performance
2001-03-24,11,If I Fall You're Going Down With Me,Dixie Chicks,16,6,Gains In Performance
2001-03-24,12,Burn,Jo Dee Messina,8,24,
2001-03-24,13,Lucky 4 You (Tonight I'm Just Me),SHeDAISY,13,26,
2001-03-24,14,There Is No Arizona,Jamie O'Neal,9,33,
2001-03-24,15,It's My Time,Martina McBride,17,14,Gains In Performance
2001-03-24,16,Wild Horses,Garth Brooks,11,18,
2001-03-24,17,Pour Me,Trick Pony,19,23,Gains In Performance
2001-03-24,18,My Next Thirty Years,Tim McGraw,15,46,
2001-03-24,19,Move On,The Warren Brothers,18,24,
2001-03-24,20,Right Where I Need To Be,Gary Allan,21,34,Gains In Performance
2001-03-24,21,Mrs. Steven Rudy,Mark McGuinn,24,9,Gains In Performance
2001-03-24,22,Rose Bouquet,Phil Vassar,22,10,Gains In Performance
2001-03-24,23,Please,Pam Tillis,23,16,Gains In Performance
2001-03-24,24,The Last Thing On My Mind,Patty Loveless,25,12,Gains In Performance
2001-03-24,25,I Could Not Ask For More,Sara Evans,32,6,Gains In Performance
2001-03-24,26,If You Can Do Anything Else,George Strait,36,4,Gains In Performance
2001-03-24,27,Sometimes,Clay Davidson,28,9,Gains In Performance
2001-03-24,28,The Hunger,Steve Holy,27,20,Gains In Performance
2001-03-24,29,People Like Us,Aaron Tippin,29,11,Gains In Performance
2001-03-24,30,Grown Men Don't Cry,Tim McGraw,NEW,1,Gains In Performance
2001-03-24,31,When Somebody Loves You,Alan Jackson,34,3,Gains In Performance
2001-03-24,32,She Couldn't Change Me,Montgomery Gentry,30,7,Gains In Performance
2001-03-24,33,Shoot Straight From Your Heart,Vince Gill,31,10,Gains In Performance
2001-03-24,34,No Fear,Terri Clark,38,7,Gains In Performance
2001-03-24,35,I'm In,The Kinleys,35,22,Gains In Performance
2001-03-24,36,Wrong Five O'clock,Eric Heatherly,33,21,
2001-03-24,37,There You Go Again,Kenny Rogers,37,9,Gains In Performance
2001-03-24,38,But I Do Love You,LeAnn Rimes,41,5,Gains In Performance
2001-03-24,39,Go Back,Chalee Tennison,39,19,
2001-03-24,40,Laredo,Chris Cagle,46,7,Gains In Performance
2001-03-24,41,Say No More,Clay Walker,45,5,Gains In Performance
2001-03-24,42,Beatin' It In,Neal McCoy,42,6,Gains In Performance
2001-03-24,43,He Drinks Tequila,Lorrie Morgan & Sammy Kershaw,44,6,Gains In Performance
2001-03-24,44,A Rose Is A Rose,Meredith Edwards,43,8,Gains In Performance
2001-03-24,45,What I Did Right,Sons Of The Desert,47,7,Gains In Performance
2001-03-24,46,Don't Make Me Come Over There And Love You,George Strait,40,23,
2001-03-24,47,She Is,Hal Ketchum,48,10,Gains In Performance
2001-03-24,48,Two People Fell In Love,Brad Paisley,NEW,1,Gains In Performance
2001-03-24,49,A Good Way To Get On My Bad Side,Tracy Byrd Duet With Mark Chesnutt,NEW,1,Gains In Performance
2001-03-24,50,That's What I Like About You,John Michael Montgomery,49,10,
2001-03-24,51,You Still Take Me There,Collin Raye,52,3,Gains In Performance
2001-03-24,52,You,Marshall Dyllon,57,2,Gains In Performance
2001-03-24,53,I Drove Her To Dallas,Tyler England,54,8,
2001-03-24,54,Burn Down The Trailer Park,Billy Ray Cyrus,53,10,
2001-03-24,55,I Will Love You,Lisa Angelle,50,4,
2001-03-24,56,I Am A Man Of Constant Sorrow,The Soggy Bottom Boys,60,2,Gains In Performance
2001-03-24,57,The Most Beautiful Girl,South 65,55,7,
2001-03-24,58,Things Change,Tim McGraw,51,21,
2001-03-24,59,Unforgiven,Tracy Lawrence,NEW,1,Gains In Performance
2001-03-24,60,Don't Let Me Down,Kortney Kayle,NEW,1,Gains In Performance
2001-03-31,1,One More Day,Diamond Rio,2,22,Gains In Performance
2001-03-31,2,Who I Am,Jessica Andrews,3,22,Gains In Performance
2001-03-31,3,You Shouldn't Kiss Me Like This,Toby Keith,1,23,
2001-03-31,4,It's A Great Day To Be Alive,Travis Tritt,6,16,Gains In Performance
2001-03-31,5,If My Heart Had Wings,Faith Hill,5,12,Gains In Performance
2001-03-31,6,But For The Grace Of God,Keith Urban,4,26,
2001-03-31,7,Ain't Nothing 'Bout You,Brooks & Dunn,9,7,Gains In Performance
2001-03-31,8,Don't Happen Twice,Kenny Chesney,8,11,Gains In Performance
2001-03-31,9,She Misses Him,Tim Rushlow,10,22,Gains In Performance
2001-03-31,10,If I Fall You're Going Down With Me,Dixie Chicks,11,7,Gains In Performance
2001-03-31,11,It's My Time,Martina McBride,15,15,Gains In Performance
2001-03-31,12,Pour Me,Trick Pony,17,24,Gains In Performance
2001-03-31,13,Grown Men Don't Cry,Tim McGraw,30,2,Gains In Performance
2001-03-31,14,Ashes By Now,Lee Ann Womack,7,26,
2001-03-31,15,Lucky 4 You (Tonight I'm Just Me),SHeDAISY,13,27,
2001-03-31,16,Right Where I Need To Be,Gary Allan,20,35,Gains In Performance
2001-03-31,17,Move On,The Warren Brothers,19,25,Gains In Performance
2001-03-31,18,There Is No Arizona,Jamie O'Neal,14,34,
2001-03-31,19,Mrs. Steven Rudy,Mark McGuinn,21,10,Gains In Performance
2001-03-31,20,Burn,Jo Dee Messina,12,25,
2001-03-31,21,Rose Bouquet,Phil Vassar,22,11,Gains In Performance
2001-03-31,22,If You Can Do Anything Else,George Strait,26,5,Gains In Performance
2001-03-31,23,Please,Pam Tillis,23,17,Gains In Performance
2001-03-31,24,Wild Horses,Garth Brooks,16,19,
2001-03-31,25,The Last Thing On My Mind,Patty Loveless,24,13,Gains In Performance
2001-03-31,26,I Could Not Ask For More,Sara Evans,25,7,Gains In Performance
2001-03-31,27,When Somebody Loves You,Alan Jackson,31,4,Gains In Performance
2001-03-31,28,She Couldn't Change Me,Montgomery Gentry,32,8,Gains In Performance
2001-03-31,29,The Hunger,Steve Holy,28,21,Gains In Performance
2001-03-31,30,People Like Us,Aaron Tippin,29,12,Gains In Performance
2001-03-31,31,Sometimes,Clay Davidson,27,10,Gains In Performance
2001-03-31,32,Shoot Straight From Your Heart,Vince Gill,33,11,Gains In Performance
2001-03-31,33,No Fear,Terri Clark,34,8,Gains In Performance
2001-03-31,34,But I Do Love You,LeAnn Rimes,38,6,Gains In Performance
2001-03-31,35,There You Go Again,Kenny Rogers,37,10,Gains In Performance
2001-03-31,36,Two People Fell In Love,Brad Paisley,48,2,Gains In Performance
2001-03-31,37,Laredo,Chris Cagle,40,8,Gains In Performance
2001-03-31,38,Go Back,Chalee Tennison,39,20,
2001-03-31,39,Say No More,Clay Walker,41,6,Gains In Performance
2001-03-31,40,A Rose Is A Rose,Meredith Edwards,44,9,Gains In Performance
2001-03-31,41,Beatin' It In,Neal McCoy,42,7,
2001-03-31,42,What I Did Right,Sons Of The Desert,45,8,Gains In Performance
2001-03-31,43,He Drinks Tequila,Lorrie Morgan & Sammy Kershaw,43,7,Gains In Performance
2001-03-31,44,She Is,Hal Ketchum,47,11,Gains In Performance
2001-03-31,45,When I Think About Angels,Jamie O'Neal,NEW,1,Highest ranking debut|Gains In Performance
2001-03-31,46,A Good Way To Get On My Bad Side,Tracy Byrd Duet With Mark Chesnutt,49,2,Gains In Performance
2001-03-31,47,You Still Take Me There,Collin Raye,51,4,Gains In Performance
2001-03-31,48,While You Loved Me,Rascal Flatts,NEW,1,Gains In Performance
2001-03-31,49,Don't Make Me Come Over There And Love You,George Strait,46,24,
2001-03-31,50,Unforgiven,Tracy Lawrence,59,2,Gains In Performance
2001-03-31,51,You,Marshall Dyllon,52,3,Gains In Performance
2001-03-31,52,I Am A Man Of Constant Sorrow,The Soggy Bottom Boys,56,3,Gains In Performance
2001-03-31,53,What I Really Meant To Say,Cyndi Thomson,NEW,1,Gains In Performance
2001-03-31,54,The Most Beautiful Girl,South 65,57,8,
2001-03-31,55,I Will Love You,Lisa Angelle,55,5,
2001-03-31,56,Angels In Waiting,Tammy Cochran,NEW,1,Gains In Performance
2001-03-31,57,I Drove Her To Dallas,Tyler England,53,9,
2001-03-31,58,I Want You Bad,Charlie Robison,NEW,1,Gains In Performance
2001-03-31,59,"Live Close By, Visit Often",K.T. Oslin,RE,2,Gains In Performance
2001-03-31,60,That's What I Like About You,John Michael Montgomery,50,11,
2001-04-07,1,Who I Am,Jessica Andrews,2,23,Gains In Performance
2001-04-07,2,One More Day,Diamond Rio,1,23,
2001-04-07,3,If My Heart Had Wings,Faith Hill,5,13,Gains In Performance
2001-04-07,4,It's A Great Day To Be Alive,Travis Tritt,4,17,Gains In Performance
2001-04-07,5,You Shouldn't Kiss Me Like This,Toby Keith,3,24,
2001-04-07,6,Ain't Nothing 'Bout You,Brooks & Dunn,7,8,Gains In Performance
2001-04-07,7,Don't Happen Twice,Kenny Chesney,8,12,Gains In Performance
2001-04-07,8,She Misses Him,Tim Rushlow,9,23,Gains In Performance
2001-04-07,9,But For The Grace Of God,Keith Urban,6,27,
2001-04-07,10,If I Fall You're Going Down With Me,Dixie Chicks,10,8,Gains In Performance
2001-04-07,11,Grown Men Don't Cry,Tim McGraw,13,3,Greatest gainer this week|Gains In Performance
2001-04-07,12,Pour Me,Trick Pony,12,25,Gains In Performance
2001-04-07,13,Mrs. Steven Rudy,Mark McGuinn,19,11,Gains In Performance
2001-04-07,14,It's My Time,Martina McBride,11,16,Gains In Performance
2001-04-07,15,Right Where I Need To Be,Gary Allan,16,36,Gains In Performance
2001-04-07,16,If You Can Do Anything Else,George Strait,22,6,Gains In Performance
2001-04-07,17,Rose Bouquet,Phil Vassar,21,12,Gains In Performance
2001-04-07,18,I Could Not Ask For More,Sara Evans,26,8,Gains In Performance
2001-04-07,19,There Is No Arizona,Jamie O'Neal,18,35,
2001-04-07,20,Burn,Jo Dee Messina,20,26,
2001-04-07,21,The Last Thing On My Mind,Patty Loveless,25,14,Gains In Performance
2001-04-07,22,Please,Pam Tillis,23,18,
2001-04-07,23,When Somebody Loves You,Alan Jackson,27,5,Gains In Performance
2001-04-07,24,She Couldn't Change Me,Montgomery Gentry,28,9,Gains In Performance
2001-04-07,25,People Like Us,Aaron Tippin,30,13,Gains In Performance
2001-04-07,26,The Hunger,Steve Holy,29,22,Gains In Performance
2001-04-07,27,Wild Horses,Garth Brooks,24,20,
2001-04-07,28,Sometimes,Clay Davidson,31,11,Gains In Performance
2001-04-07,29,Two People Fell In Love,Brad Paisley,36,3,Gains In Performance
2001-04-07,30,But I Do Love You,LeAnn Rimes,34,7,Gains In Performance
2001-04-07,31,Shoot Straight From Your Heart,Vince Gill,32,12,
2001-04-07,32,No Fear,Terri Clark,33,9,Gains In Performance
2001-04-07,33,There You Go Again,Kenny Rogers,35,11,Gains In Performance
2001-04-07,34,Laredo,Chris Cagle,37,9,Gains In Performance
2001-04-07,35,When I Think About Angels,Jamie O'Neal,45,2,Gains In Performance
2001-04-07,36,Say No More,Clay Walker,39,7,Gains In Performance
2001-04-07,37,While You Loved Me,Rascal Flatts,48,2,Gains In Performance
2001-04-07,38,A Rose Is A Rose,Meredith Edwards,40,10,Gains In Performance
2001-04-07,39,What I Did Right,Sons Of The Desert,42,9,Gains In Performance
2001-04-07,40,He Drinks Tequila,Lorrie Morgan & Sammy Kershaw,43,8,Gains In Performance
2001-04-07,41,A Good Way To Get On My Bad Side,Tracy Byrd Duet With Mark Chesnutt,46,3,Gains In Performance
2001-04-07,42,Unforgiven,Tracy Lawrence,50,3,Gains In Performance
2001-04-07,43,She Is,Hal Ketchum,44,12,
2001-04-07,44,Go Back,Chalee Tennison,38,21,
2001-04-07,45,Beatin' It In,Neal McCoy,41,8,
2001-04-07,46,Angels In Waiting,Tammy Cochran,56,2,Gains In Performance
2001-04-07,47,You,Marshall Dyllon,51,4,Gains In Performance
2001-04-07,48,I Would've Loved You Anyway,Trisha Yearwood,NEW,1,Highest ranking debut|Gains In Performance
2001-04-07,49,I Want You Bad,Charlie Robison,58,2,Gains In Performance
2001-04-07,50,What I Really Meant To Say,Cyndi Thomson,53,2,Gains In Performance
2001-04-07,51,You Still Take Me There,Collin Raye,47,5,
2001-04-07,52,I Am A Man Of Constant Sorrow,The Soggy Bottom Boys,52,4,
2001-04-07,53,Forever Loving You,John Rich,NEW,1,Gains In Performance
2001-04-07,54,"Live Close By, Visit Often",K.T. Oslin,59,3,Gains In Performance
2001-04-07,55,Don't Make Me Come Over There And Love You,George Strait,49,25,
2001-04-07,56,Second Wind,Darryl Worley,NEW,1,Gains In Performance
2001-04-07,57,The Most Beautiful Girl,South 65,54,9,
2001-04-07,58,Why They Call It Falling,Lee Ann Womack,NEW,1,Gains In Performance
2001-04-07,59,I Want Us Back,Craig Morgan,NEW,1,
2001-04-07,60,Texas On My Mind,Pat Green & Cory Morrow,NEW,1,Gains In Performance
2001-04-14,1,Who I Am,Jessica Andrews,1,24,Gains In Performance
2001-04-14,2,One More Day,Diamond Rio,2,24,
2001-04-14,3,It's A Great Day To Be Alive,Travis Tritt,4,18,Gains In Performance
2001-04-14,4,If My Heart Had Wings,Faith Hill,3,14,Gains In Performance
2001-04-14,5,Ain't Nothing 'Bout You,Brooks & Dunn,6,9,Gains In Performance
2001-04-14,6,Don't Happen Twice,Kenny Chesney,7,13,Gains In Performance
2001-04-14,7,You Shouldn't Kiss Me Like This,Toby Keith,5,25,
2001-04-14,8,If I Fall You're Going Down With Me,Dixie Chicks,10,9,Gains In Performance
2001-04-14,9,She Misses Him,Tim Rushlow,8,24,Gains In Performance
2001-04-14,10,Grown Men Don't Cry,Tim McGraw,11,4,Gains In Performance
2001-04-14,11,Mrs. Steven Rudy,Mark McGuinn,13,12,Gains In Performance
2001-04-14,12,But For The Grace Of God,Keith Urban,9,28,
2001-04-14,13,Pour Me,Trick Pony,12,26,Gains In Performance
2001-04-14,14,If You Can Do Anything Else,George Strait,16,7,Gains In Performance
2001-04-14,15,Right Where I Need To Be,Gary Allan,15,37,Gains In Performance
2001-04-14,16,Rose Bouquet,Phil Vassar,17,13,Gains In Performance
2001-04-14,17,It's My Time,Martina McBride,14,17,
2001-04-14,18,I Could Not Ask For More,Sara Evans,18,9,Gains In Performance
2001-04-14,19,When Somebody Loves You,Alan Jackson,23,6,Gains In Performance
2001-04-14,20,The Last Thing On My Mind,Patty Loveless,21,15,Gains In Performance
2001-04-14,21,She Couldn't Change Me,Montgomery Gentry,24,10,Gains In Performance
2001-04-14,22,Two People Fell In Love,Brad Paisley,29,4,Gains In Performance
2001-04-14,23,People Like Us,Aaron Tippin,25,14,Gains In Performance
2001-04-14,24,Sometimes,Clay Davidson,28,12,Gains In Performance
2001-04-14,25,The Hunger,Steve Holy,26,23,Gains In Performance
2001-04-14,26,Please,Pam Tillis,22,19,
2001-04-14,27,But I Do Love You,LeAnn Rimes,30,8,Gains In Performance
2001-04-14,28,No Fear,Terri Clark,32,10,Gains In Performance
2001-04-14,29,There You Go Again,Kenny Rogers,33,12,Gains In Performance
2001-04-14,30,Laredo,Chris Cagle,34,10,Gains In Performance
2001-04-14,31,When I Think About Angels,Jamie O'Neal,35,3,Gains In Performance
2001-04-14,32,Shoot Straight From Your Heart,Vince Gill,31,13,
2001-04-14,33,Say No More,Clay Walker,36,8,Gains In Performance
2001-04-14,34,While You Loved Me,Rascal Flatts,37,3,Gains In Performance
2001-04-14,35,A Good Way To Get On My Bad Side,Tracy Byrd Duet With Mark Chesnutt,41,4,Gains In Performance
2001-04-14,36,What I Did Right,Sons Of The Desert,39,10,Gains In Performance
2001-04-14,37,A Rose Is A Rose,Meredith Edwards,38,11,
2001-04-14,38,I Would've Loved You Anyway,Trisha Yearwood,48,2,Gains In Performance
2001-04-14,39,He Drinks Tequila,Lorrie Morgan & Sammy Kershaw,40,9,
2001-04-14,40,She Is,Hal Ketchum,43,13,Gains In Performance
2001-04-14,41,Angels In Waiting,Tammy Cochran,46,3,Gains In Performance
2001-04-14,42,I'm Already There,Lonestar,NEW,1,Highest ranking debut|Gains In Performance
2001-04-14,43,Unforgiven,Tracy Lawrence,42,4,
2001-04-14,44,Second Wind,Darryl Worley,56,2,Gains In Performance
2001-04-14,45,I Want You Bad,Charlie Robison,49,3,Gains In Performance
2001-04-14,46,What I Really Meant To Say,Cyndi Thomson,50,3,Gains In Performance
2001-04-14,47,You,Marshall Dyllon,47,5,
2001-04-14,48,I Am A Man Of Constant Sorrow,The Soggy Bottom Boys,52,5,Gains In Performance
2001-04-14,49,Forever Loving You,John Rich,53,2,Gains In Performance
2001-04-14,50,Downtime,Jo Dee Messina,NEW,1,Gains In Performance
2001-04-14,51,I Want Us Back,Craig Morgan,59,2,Gains In Performance
2001-04-14,52,You Still Take Me There,Collin Raye,51,6,
2001-04-14,53,"Live Close By, Visit Often",K.T. Oslin,54,4,Gains In Performance
2001-04-14,54,Beatin' It In,Neal McCoy,45,9,
2001-04-14,55,Where The Blacktop Ends,Keith Urban,NEW,1,Gains In Performance
2001-04-14,56,The Most Beautiful Girl,South 65,57,10,
2001-04-14,57,I Wanna Be That Girl,The Wilkinsons,NEW,1,Gains In Performance
2001-04-14,58,Why They Call It Falling,Lee Ann Womack,58,2,Gains In Performance
2001-04-14,59,Jolene,Sherrie Austin,NEW,1,Gains In Performance
2001-04-14,60,Texas On My Mind,Pat Green & Cory Morrow,60,2,Gains In Performance
2001-04-21,1,Who I Am,Jessica Andrews,1,25,
2001-04-21,2,It's A Great Day To Be Alive,Travis Tritt,3,19,Gains In Performance
2001-04-21,3,Ain't Nothing 'Bout You,Brooks & Dunn,5,10,Gains In Performance
2001-04-21,4,If My Heart Had Wings,Faith Hill,4,15,
2001-04-21,5,One More Day,Diamond Rio,2,25,
2001-04-21,6,Don't Happen Twice,Kenny Chesney,6,14,Gains In Performance
2001-04-21,7,If I Fall You're Going Down With Me,Dixie Chicks,8,10,Gains In Performance
2001-04-21,8,Grown Men Don't Cry,Tim McGraw,10,5,Gains In Performance
2001-04-21,9,She Misses Him,Tim Rushlow,9,25,Gains In Performance
2001-04-21,10,You Shouldn't Kiss Me Like This,Toby Keith,7,26,
2001-04-21,11,Mrs. Steven Rudy,Mark McGuinn,11,13,Gains In Performance
2001-04-21,12,Right Where I Need To Be,Gary Allan,15,38,Gains In Performance
2001-04-21,13,If You Can Do Anything Else,George Strait,14,8,Gains In Performance
2001-04-21,14,But For The Grace Of God,Keith Urban,12,29,
2001-04-21,15,Pour Me,Trick Pony,13,27,
2001-04-21,16,I Could Not Ask For More,Sara Evans,18,10,Gains In Performance
2001-04-21,17,Rose Bouquet,Phil Vassar,16,14,Gains In Performance
2001-04-21,18,Two People Fell In Love,Brad Paisley,22,5,Gains In Performance
2001-04-21,19,When Somebody Loves You,Alan Jackson,19,7,Gains In Performance
2001-04-21,20,She Couldn't Change Me,Montgomery Gentry,21,11,Gains In Performance
2001-04-21,21,The Last Thing On My Mind,Patty Loveless,20,16,Gains In Performance
2001-04-21,22,People Like Us,Aaron Tippin,23,15,Gains In Performance
2001-04-21,23,Sometimes,Clay Davidson,24,13,Gains In Performance
2001-04-21,24,The Hunger,Steve Holy,25,24,Gains In Performance
2001-04-21,25,But I Do Love You,LeAnn Rimes,27,9,Gains In Performance
2001-04-21,26,It's My Time,Martina McBride,17,18,
2001-04-21,27,No Fear,Terri Clark,28,11,Gains In Performance
2001-04-21,28,Laredo,Chris Cagle,30,11,Gains In Performance
2001-04-21,29,When I Think About Angels,Jamie O'Neal,31,4,Gains In Performance
2001-04-21,30,There You Go Again,Kenny Rogers,29,13,Gains In Performance
2001-04-21,31,I'm Already There,Lonestar,42,2,Gains In Performance
2001-04-21,32,While You Loved Me,Rascal Flatts,34,4,Gains In Performance
2001-04-21,33,Please,Pam Tillis,26,20,
2001-04-21,34,A Good Way To Get On My Bad Side,Tracy Byrd Duet With Mark Chesnutt,35,5,Gains In Performance
2001-04-21,35,What I Did Right,Sons Of The Desert,36,11,Gains In Performance
2001-04-21,36,Say No More,Clay Walker,33,9,
2001-04-21,37,I Would've Loved You Anyway,Trisha Yearwood,38,3,Gains In Performance
2001-04-21,38,Downtime,Jo Dee Messina,50,2,Gains In Performance
2001-04-21,39,Unforgiven,Tracy Lawrence,43,5,Gains In Performance
2001-04-21,40,Shoot Straight From Your Heart,Vince Gill,32,14,
2001-04-21,41,He Drinks Tequila,Lorrie Morgan & Sammy Kershaw,39,10,Gains In Performance
2001-04-21,42,Second Wind,Darryl Worley,44,3,Gains In Performance
2001-04-21,43,What I Really Meant To Say,Cyndi Thomson,46,4,Gains In Performance
2001-04-21,44,Angels In Waiting,Tammy Cochran,41,4,Gains In Performance
2001-04-21,45,She Is,Hal Ketchum,40,14,Gains In Performance
2001-04-21,46,I Want You Bad,Charlie Robison,45,4,Gains In Performance
2001-04-21,47,A Rose Is A Rose,Meredith Edwards,37,12,
2001-04-21,48,Where The Blacktop Ends,Keith Urban,55,2,Gains In Performance
2001-04-21,49,Forever Loving You,John Rich,49,3,Gains In Performance
2001-04-21,50,You,Marshall Dyllon,47,6,
2001-04-21,51,I Am A Man Of Constant Sorrow,The Soggy Bottom Boys,48,6,
2001-04-21,52,Love Is Enough,3 Of Hearts,NEW,1,Highest ranking debut|Gains In Performance
2001-04-21,53,I Wanna Be That Girl,The Wilkinsons,57,2,Gains In Performance
2001-04-21,54,Why They Call It Falling,Lee Ann Womack,58,3,Gains In Performance
2001-04-21,55,So Complicated,Carolyn Dawn Johnson,NEW,1,Gains In Performance
2001-04-21,56,"Live Close By, Visit Often",K.T. Oslin,53,5,
2001-04-21,57,The Most Beautiful Girl,South 65,56,11,
2001-04-21,58,Crazy `Bout You Baby,Billy Ray Cyrus,NEW,1,Gains In Performance
2001-04-21,59,Still Holding Out For You,SHeDAISY,NEW,1,Gains In Performance
2001-04-21,60,I Want Us Back,Craig Morgan,51,3,
2001-04-28,1,Ain't Nothing 'Bout You,Brooks & Dunn,3,11,Gains In Performance
2001-04-28,2,It's A Great Day To Be Alive,Travis Tritt,2,20,Gains In Performance
2001-04-28,3,Who I Am,Jessica Andrews,1,26,
2001-04-28,4,Don't Happen Twice,Kenny Chesney,6,15,Gains In Performance
2001-04-28,5,If I Fall You're Going Down With Me,Dixie Chicks,7,11,Gains In Performance
2001-04-28,6,If My Heart Had Wings,Faith Hill,4,16,
2001-04-28,7,Grown Men Don't Cry,Tim McGraw,8,6,Gains In Performance
2001-04-28,8,One More Day,Diamond Rio,5,26,
2001-04-28,9,She Misses Him,Tim Rushlow,9,26,Gains In Performance
2001-04-28,10,You Shouldn't Kiss Me Like This,Toby Keith,10,27,
2001-04-28,11,Mrs. Steven Rudy,Mark McGuinn,11,14,Gains In Performance
2001-04-28,12,Right Where I Need To Be,Gary Allan,12,39,Gains In Performance
2001-04-28,13,If You Can Do Anything Else,George Strait,13,9,Gains In Performance
2001-04-28,14,I Could Not Ask For More,Sara Evans,16,11,Gains In Performance
2001-04-28,15,Two People Fell In Love,Brad Paisley,18,6,Gains In Performance
2001-04-28,16,Rose Bouquet,Phil Vassar,17,15,Gains In Performance
2001-04-28,17,She Couldn't Change Me,Montgomery Gentry,20,12,Gains In Performance
2001-04-28,18,But For The Grace Of God,Keith Urban,14,30,
2001-04-28,19,When Somebody Loves You,Alan Jackson,19,8,Gains In Performance
2001-04-28,20,Pour Me,Trick Pony,15,28,
2001-04-28,21,The Last Thing On My Mind,Patty Loveless,21,17,
2001-04-28,22,People Like Us,Aaron Tippin,22,16,Gains In Performance
2001-04-28,23,I'm Already There,Lonestar,31,3,Greatest gainer this week|Gains In Performance
2001-04-28,24,Sometimes,Clay Davidson,23,14,Gains In Performance
2001-04-28,25,The Hunger,Steve Holy,24,25,Gains In Performance
2001-04-28,26,But I Do Love You,LeAnn Rimes,25,10,Gains In Performance
2001-04-28,27,When I Think About Angels,Jamie O'Neal,29,5,Gains In Performance
2001-04-28,28,No Fear,Terri Clark,27,12,Gains In Performance
2001-04-28,29,Laredo,Chris Cagle,28,12,Gains In Performance
2001-04-28,30,While You Loved Me,Rascal Flatts,32,5,Gains In Performance
2001-04-28,31,There You Go Again,Kenny Rogers,30,14,Gains In Performance
2001-04-28,32,A Good Way To Get On My Bad Side,Tracy Byrd Duet With Mark Chesnutt,34,6,Gains In Performance
2001-04-28,33,Downtime,Jo Dee Messina,38,3,Gains In Performance
2001-04-28,34,What I Did Right,Sons Of The Desert,35,12,Gains In Performance
2001-04-28,35,Say No More,Clay Walker,36,10,Gains In Performance
2001-04-28,36,I Would've Loved You Anyway,Trisha Yearwood,37,4,Gains In Performance
2001-04-28,37,Second Wind,Darryl Worley,42,4,Gains In Performance
2001-04-28,38,It's My Time,Martina McBride,26,19,
2001-04-28,39,Unforgiven,Tracy Lawrence,39,6,Gains In Performance
2001-04-28,40,Where The Blacktop Ends,Keith Urban,48,3,Gains In Performance
2001-04-28,41,What I Really Meant To Say,Cyndi Thomson,43,5,Gains In Performance
2001-04-28,42,Angels In Waiting,Tammy Cochran,44,5,Gains In Performance
2001-04-28,43,I Want You Bad,Charlie Robison,46,5,Gains In Performance
2001-04-28,44,He Drinks Tequila,Lorrie Morgan & Sammy Kershaw,41,11,
2001-04-28,45,She Is,Hal Ketchum,45,15,
2001-04-28,46,Why They Call It Falling,Lee Ann Womack,54,4,Gains In Performance
2001-04-28,47,Love Is Enough,3 Of Hearts,52,2,Gains In Performance
2001-04-28,48,Please,Pam Tillis,33,21,
2001-04-28,49,Forever Loving You,John Rich,49,4,Gains In Performance
2001-04-28,50,Shoot Straight From Your Heart,Vince Gill,40,15,
2001-04-28,51,So Complicated,Carolyn Dawn Johnson,55,2,Gains In Performance
2001-04-28,52,I Wanna Be That Girl,The Wilkinsons,53,3,Gains In Performance
2001-04-28,53,I Am A Man Of Constant Sorrow,The Soggy Bottom Boys,51,7,
2001-04-28,54,You,Marshall Dyllon,50,7,
2001-04-28,55,Jolene,Sherrie Austin,RE,2,Gains In Performance
2001-04-28,56,"Live Close By, Visit Often",K.T. Oslin,56,6,Gains In Performance
2001-04-28,57,A Rose Is A Rose,Meredith Edwards,47,13,
2001-04-28,58,Austin,Blake Shelton,NEW,1,Highest ranking debut|Gains In Performance
2001-04-28,59,Loving Every Minute,Mark Wills,NEW,1,Gains In Performance
2001-04-28,60,Still Holding Out For You,SHeDAISY,59,2,Gains In Performance
2001-05-05,1,Ain't Nothing 'Bout You,Brooks & Dunn,1,12,Gains In Performance
2001-05-05,2,It's A Great Day To Be Alive,Travis Tritt,2,21,Gains In Performance
2001-05-05,3,If I Fall You're Going Down With Me,Dixie Chicks,5,12,Gains In Performance
2001-05-05,4,Who I Am,Jessica Andrews,3,27,
2001-05-05,5,Don't Happen Twice,Kenny Chesney,4,16,Gains In Performance
2001-05-05,6,Grown Men Don't Cry,Tim McGraw,7,7,Gains In Performance
2001-05-05,7,If My Heart Had Wings,Faith Hill,6,17,
2001-05-05,8,Mrs. Steven Rudy,Mark McGuinn,11,15,Gains In Performance
2001-05-05,9,One More Day,Diamond Rio,8,27,
2001-05-05,10,Right Where I Need To Be,Gary Allan,12,40,Gains In Performance
2001-05-05,11,If You Can Do Anything Else,George Strait,13,10,Gains In Performance
2001-05-05,12,She Misses Him,Tim Rushlow,9,27,
2001-05-05,13,You Shouldn't Kiss Me Like This,Toby Keith,10,28,
2001-05-05,14,I Could Not Ask For More,Sara Evans,14,12,Gains In Performance
2001-05-05,15,Two People Fell In Love,Brad Paisley,15,7,Gains In Performance
2001-05-05,16,She Couldn't Change Me,Montgomery Gentry,17,13,Gains In Performance
2001-05-05,17,Rose Bouquet,Phil Vassar,16,16,Gains In Performance
2001-05-05,18,I'm Already There,Lonestar,23,4,Gains In Performance
2001-05-05,19,When Somebody Loves You,Alan Jackson,19,9,Gains In Performance
2001-05-05,20,People Like Us,Aaron Tippin,22,17,Gains In Performance
2001-05-05,21,The Last Thing On My Mind,Patty Loveless,21,18,
2001-05-05,22,Sometimes,Clay Davidson,24,15,Gains In Performance
2001-05-05,23,But I Do Love You,LeAnn Rimes,26,11,Gains In Performance
2001-05-05,24,When I Think About Angels,Jamie O'Neal,27,6,Gains In Performance
2001-05-05,25,While You Loved Me,Rascal Flatts,30,6,Gains In Performance
2001-05-05,26,Laredo,Chris Cagle,29,13,Gains In Performance
2001-05-05,27,No Fear,Terri Clark,28,13,Gains In Performance
2001-05-05,28,Downtime,Jo Dee Messina,33,4,Gains In Performance
2001-05-05,29,There You Go Again,Kenny Rogers,31,15,Gains In Performance
2001-05-05,30,A Good Way To Get On My Bad Side,Tracy Byrd Duet With Mark Chesnutt,32,7,Gains In Performance
2001-05-05,31,I Would've Loved You Anyway,Trisha Yearwood,36,5,Gains In Performance
2001-05-05,32,Where The Blacktop Ends,Keith Urban,40,4,Gains In Performance
2001-05-05,33,What I Did Right,Sons Of The Desert,34,13,Gains In Performance
2001-05-05,34,Second Wind,Darryl Worley,37,5,Gains In Performance
2001-05-05,35,Unforgiven,Tracy Lawrence,39,7,Gains In Performance
2001-05-05,36,Why They Call It Falling,Lee Ann Womack,46,5,Gains In Performance
2001-05-05,37,What I Really Meant To Say,Cyndi Thomson,41,6,Gains In Performance
2001-05-05,38,Say No More,Clay Walker,35,11,
2001-05-05,39,Angels In Waiting,Tammy Cochran,42,6,Gains In Performance
2001-05-05,40,I Want You Bad,Charlie Robison,43,6,Gains In Performance
2001-05-05,41,It's My Time,Martina McBride,38,20,
2001-05-05,42,So Complicated,Carolyn Dawn Johnson,51,3,Gains In Performance
2001-05-05,43,He Drinks Tequila,Lorrie Morgan & Sammy Kershaw,44,12,
2001-05-05,44,Still Holding Out For You,SHeDAISY,60,3,Gains In Performance
2001-05-05,45,Love Is Enough,3 Of Hearts,47,3,Gains In Performance
2001-05-05,46,Austin,Blake Shelton,58,2,Gains In Performance
2001-05-05,47,Forever Loving You,John Rich,49,5,Gains In Performance
2001-05-05,48,Loving Every Minute,Mark Wills,59,2,Gains In Performance
2001-05-05,49,Come A Little Closer,Lila McCann,NEW,1,Highest ranking debut|Gains In Performance
2001-05-05,50,I Am A Man Of Constant Sorrow,The Soggy Bottom Boys,53,8,Gains In Performance
2001-05-05,51,I Wanna Be That Girl,The Wilkinsons,52,4,Gains In Performance
2001-05-05,52,She Is,Hal Ketchum,45,16,
2001-05-05,53,Please,Pam Tillis,48,22,
2001-05-05,54,Shoot Straight From Your Heart,Vince Gill,50,16,
2001-05-05,55,Standin' Still,The Clark Family Experience,NEW,1,Gains In Performance
2001-05-05,56,On A Night Like This,Trick Pony,NEW,1,Gains In Performance
2001-05-05,57,"Live Close By, Visit Often",K.T. Oslin,56,7,
2001-05-05,58,Simple Life,Mary Chapin Carpenter,NEW,1,Gains In Performance
2001-05-05,59,Will You Marry Me,Alabama,NEW,1,Gains In Performance
2001-05-05,60,Jolene,Sherrie Austin,55,3,
2001-05-12,1,Ain't Nothing 'Bout You,Brooks & Dunn,1,13,Gains In Performance
2001-05-12,2,It's A Great Day To Be Alive,Travis Tritt,2,22,
2001-05-12,3,Grown Men Don't Cry,Tim McGraw,6,8,Gains In Performance
2001-05-12,4,If I Fall You're Going Down With Me,Dixie Chicks,3,13,Gains In Performance
2001-05-12,5,Don't Happen Twice,Kenny Chesney,5,17,Gains In Performance
2001-05-12,6,Who I Am,Jessica Andrews,4,28,
2001-05-12,7,Mrs. Steven Rudy,Mark McGuinn,8,16,Gains In Performance
2001-05-12,8,Right Where I Need To Be,Gary Allan,10,41,Gains In Performance
2001-05-12,9,If You Can Do Anything Else,George Strait,11,11,Gains In Performance
2001-05-12,10,I Could Not Ask For More,Sara Evans,14,13,Gains In Performance
2001-05-12,11,One More Day,Diamond Rio,9,28,
2001-05-12,12,I'm Already There,Lonestar,18,5,Greatest gainer this week|Gains In Performance
2001-05-12,13,Two People Fell In Love,Brad Paisley,15,8,Gains In Performance
2001-05-12,14,You Shouldn't Kiss Me Like This,Toby Keith,13,29,
2001-05-12,15,She Couldn't Change Me,Montgomery Gentry,16,14,Gains In Performance
2001-05-12,16,When Somebody Loves You,Alan Jackson,19,10,Gains In Performance
2001-05-12,17,If My Heart Had Wings,Faith Hill,7,18,
2001-05-12,18,Rose Bouquet,Phil Vassar,17,17,Gains In Performance
2001-05-12,19,She Misses Him,Tim Rushlow,12,28,
2001-05-12,20,People Like Us,Aaron Tippin,20,18,Gains In Performance
2001-05-12,21,But I Do Love You,LeAnn Rimes,23,12,Gains In Performance
2001-05-12,22,Sometimes,Clay Davidson,22,16,Gains In Performance
2001-05-12,23,When I Think About Angels,Jamie O'Neal,24,7,Gains In Performance
2001-05-12,24,Downtime,Jo Dee Messina,28,5,Gains In Performance
2001-05-12,25,While You Loved Me,Rascal Flatts,25,7,Gains In Performance
2001-05-12,26,Laredo,Chris Cagle,26,14,Gains In Performance
2001-05-12,27,The Last Thing On My Mind,Patty Loveless,21,19,
2001-05-12,28,No Fear,Terri Clark,27,14,Gains In Performance
2001-05-12,29,A Good Way To Get On My Bad Side,Tracy Byrd Duet With Mark Chesnutt,30,8,Gains In Performance
2001-05-12,30,There You Go Again,Kenny Rogers,29,16,Gains In Performance
2001-05-12,31,Where The Blacktop Ends,Keith Urban,32,5,Gains In Performance
2001-05-12,32,Second Wind,Darryl Worley,34,6,Gains In Performance
2001-05-12,33,I Would've Loved You Anyway,Trisha Yearwood,31,6,Gains In Performance
2001-05-12,34,What I Did Right,Sons Of The Desert,33,14,Gains In Performance
2001-05-12,35,Why They Call It Falling,Lee Ann Womack,36,6,Gains In Performance
2001-05-12,36,Unforgiven,Tracy Lawrence,35,8,Gains In Performance
2001-05-12,37,What I Really Meant To Say,Cyndi Thomson,37,7,Gains In Performance
2001-05-12,38,Angels In Waiting,Tammy Cochran,39,7,Gains In Performance
2001-05-12,39,I Want You Bad,Charlie Robison,40,7,Gains In Performance
2001-05-12,40,Austin,Blake Shelton,46,3,Gains In Performance
2001-05-12,41,So Complicated,Carolyn Dawn Johnson,42,4,Gains In Performance
2001-05-12,42,Still Holding Out For You,SHeDAISY,44,4,Gains In Performance
2001-05-12,43,Say No More,Clay Walker,38,12,
2001-05-12,44,Love Is Enough,3 Of Hearts,45,4,Gains In Performance
2001-05-12,45,Loving Every Minute,Mark Wills,48,3,Gains In Performance
2001-05-12,46,Forever Loving You,John Rich,47,6,Gains In Performance
2001-05-12,47,Come A Little Closer,Lila McCann,49,2,Gains In Performance
2001-05-12,48,He Drinks Tequila,Lorrie Morgan & Sammy Kershaw,43,13,
2001-05-12,49,Will You Marry Me,Alabama,59,2,Gains In Performance
2001-05-12,50,On A Night Like This,Trick Pony,56,2,Gains In Performance
2001-05-12,51,Keep Mom And Dad In Love,"Billy Dean, Suzy Bogguss, And Introducing Jillian",NEW,1,Highest ranking debut|Gains In Performance
2001-05-12,52,Telluride,Tim McGraw,NEW,1,Gains In Performance
2001-05-12,53,I Am A Man Of Constant Sorrow,The Soggy Bottom Boys,50,9,Gains In Performance
2001-05-12,54,It's My Time,Martina McBride,41,21,
2001-05-12,55,Sweet Summer,Diamond Rio,NEW,1,Gains In Performance
2001-05-12,56,I Wanna Be That Girl,The Wilkinsons,51,5,
2001-05-12,57,Simple Life,Mary Chapin Carpenter,58,2,
2001-05-12,58,"Matthew, Mark, Luke & Earnhardt",Shane Sellers,NEW,1,Gains In Performance
2001-05-12,59,Standin' Still,The Clark Family Experience,55,2,
2001-05-12,60,"Live Close By, Visit Often",K.T. Oslin,57,8,
2001-05-19,1,Ain't Nothing 'Bout You,Brooks & Dunn,1,14,Gains In Performance
2001-05-19,2,Grown Men Don't Cry,Tim McGraw,3,9,Gains In Performance
2001-05-19,3,Don't Happen Twice,Kenny Chesney,5,18,Gains In Performance
2001-05-19,4,It's A Great Day To Be Alive,Travis Tritt,2,23,
2001-05-19,5,If I Fall You're Going Down With Me,Dixie Chicks,4,14,Gains In Performance
2001-05-19,6,Mrs. Steven Rudy,Mark McGuinn,7,17,Gains In Performance
2001-05-19,7,Right Where I Need To Be,Gary Allan,8,42,Gains In Performance
2001-05-19,8,Who I Am,Jessica Andrews,6,29,
2001-05-19,9,I'm Already There,Lonestar,12,6,Greatest gainer this week|Gains In Performance
2001-05-19,10,I Could Not Ask For More,Sara Evans,10,14,Gains In Performance
2001-05-19,11,If You Can Do Anything Else,George Strait,9,12,Gains In Performance
2001-05-19,12,When Somebody Loves You,Alan Jackson,16,11,Gains In Performance
2001-05-19,13,She Couldn't Change Me,Montgomery Gentry,15,15,Gains In Performance
2001-05-19,14,Two People Fell In Love,Brad Paisley,13,9,Gains In Performance
2001-05-19,15,One More Day,Diamond Rio,11,29,
2001-05-19,16,You Shouldn't Kiss Me Like This,Toby Keith,14,30,
2001-05-19,17,People Like Us,Aaron Tippin,20,19,Gains In Performance
2001-05-19,18,Rose Bouquet,Phil Vassar,18,18,
2001-05-19,19,But I Do Love You,LeAnn Rimes,21,13,Gains In Performance
2001-05-19,20,When I Think About Angels,Jamie O'Neal,23,8,Gains In Performance
2001-05-19,21,Downtime,Jo Dee Messina,24,6,Gains In Performance
2001-05-19,22,Sometimes,Clay Davidson,22,17,Gains In Performance
2001-05-19,23,If My Heart Had Wings,Faith Hill,17,19,
2001-05-19,24,Laredo,Chris Cagle,26,15,Gains In Performance
2001-05-19,25,While You Loved Me,Rascal Flatts,25,8,Gains In Performance
2001-05-19,26,Where The Blacktop Ends,Keith Urban,31,6,Gains In Performance
2001-05-19,27,No Fear,Terri Clark,28,15,
2001-05-19,28,A Good Way To Get On My Bad Side,Tracy Byrd Duet With Mark Chesnutt,29,9,Gains In Performance
2001-05-19,29,There You Go Again,Kenny Rogers,30,17,Gains In Performance
2001-05-19,30,Second Wind,Darryl Worley,32,7,Gains In Performance
2001-05-19,31,Why They Call It Falling,Lee Ann Womack,35,7,Gains In Performance
2001-05-19,32,I Would've Loved You Anyway,Trisha Yearwood,33,7,Gains In Performance
2001-05-19,33,What I Did Right,Sons Of The Desert,34,15,Gains In Performance
2001-05-19,34,What I Really Meant To Say,Cyndi Thomson,37,8,Gains In Performance
2001-05-19,35,The Last Thing On My Mind,Patty Loveless,27,20,
2001-05-19,36,Angels In Waiting,Tammy Cochran,38,8,Gains In Performance
2001-05-19,37,Austin,Blake Shelton,40,4,Gains In Performance
2001-05-19,38,I Want You Bad,Charlie Robison,39,8,Gains In Performance
2001-05-19,39,Unforgiven,Tracy Lawrence,36,9,
2001-05-19,40,Loving Every Minute,Mark Wills,45,4,Gains In Performance
2001-05-19,41,So Complicated,Carolyn Dawn Johnson,41,5,Gains In Performance
2001-05-19,42,Still Holding Out For You,SHeDAISY,42,5,Gains In Performance
2001-05-19,43,Love Is Enough,3 Of Hearts,44,5,Gains In Performance
2001-05-19,44,Come A Little Closer,Lila McCann,47,3,Gains In Performance
2001-05-19,45,Will You Marry Me,Alabama,49,3,Gains In Performance
2001-05-19,46,Say No More,Clay Walker,43,13,
2001-05-19,47,On A Night Like This,Trick Pony,50,3,Gains In Performance
2001-05-19,48,Forever Loving You,John Rich,46,7,
2001-05-19,49,Sweet Summer,Diamond Rio,55,2,Gains In Performance
2001-05-19,50,He Drinks Tequila,Lorrie Morgan & Sammy Kershaw,48,14,
2001-05-19,51,How Cool Is That,Andy Griggs,NEW,1,Highest ranking debut|Gains In Performance
2001-05-19,52,Standin' Still,The Clark Family Experience,59,3,Gains In Performance
2001-05-19,53,I Am A Man Of Constant Sorrow,The Soggy Bottom Boys,53,10,
2001-05-19,54,Keep Mom And Dad In Love,"Billy Dean, Suzy Bogguss, And Introducing Jillian",51,2,
2001-05-19,55,Telluride,Tim McGraw,52,2,
2001-05-19,56,Simple Life,Mary Chapin Carpenter,57,3,Gains In Performance
2001-05-19,57,I Wanna Be That Girl,The Wilkinsons,56,6,
2001-05-19,58,"Live Close By, Visit Often",K.T. Oslin,60,9,
2001-05-19,59,Let's Burn It Down,Kristin Garner,NEW,1,
2001-05-19,60,Honey Do,Mike Walker,NEW,1,Gains In Performance
2001-05-26,1,Ain't Nothing 'Bout You,Brooks & Dunn,1,15,Gains In Performance
2001-05-26,2,Grown Men Don't Cry,Tim McGraw,2,10,Gains In Performance
2001-05-26,3,Don't Happen Twice,Kenny Chesney,3,19,Gains In Performance
2001-05-26,4,If I Fall You're Going Down With Me,Dixie Chicks,5,15,
2001-05-26,5,It's A Great Day To Be Alive,Travis Tritt,4,24,
2001-05-26,6,Right Where I Need To Be,Gary Allan,7,43,Gains In Performance
2001-05-26,7,I'm Already There,Lonestar,9,7,Gains In Performance
2001-05-26,8,Mrs. Steven Rudy,Mark McGuinn,6,18,
2001-05-26,9,I Could Not Ask For More,Sara Evans,10,15,Gains In Performance
2001-05-26,10,If You Can Do Anything Else,George Strait,11,13,Gains In Performance
2001-05-26,11,When Somebody Loves You,Alan Jackson,12,12,Gains In Performance
2001-05-26,12,Who I Am,Jessica Andrews,8,30,
2001-05-26,13,She Couldn't Change Me,Montgomery Gentry,13,16,Gains In Performance
2001-05-26,14,Two People Fell In Love,Brad Paisley,14,10,Gains In Performance
2001-05-26,15,One More Day,Diamond Rio,15,30,
2001-05-26,16,You Shouldn't Kiss Me Like This,Toby Keith,16,31,
2001-05-26,17,Downtime,Jo Dee Messina,21,7,Gains In Performance
2001-05-26,18,People Like Us,Aaron Tippin,17,20,Gains In Performance
2001-05-26,19,When I Think About Angels,Jamie O'Neal,20,9,Gains In Performance
2001-05-26,20,But I Do Love You,LeAnn Rimes,19,14,Gains In Performance
2001-05-26,21,Sometimes,Clay Davidson,22,18,Gains In Performance
2001-05-26,22,Laredo,Chris Cagle,24,16,Gains In Performance
2001-05-26,23,While You Loved Me,Rascal Flatts,25,9,Gains In Performance
2001-05-26,24,Where The Blacktop Ends,Keith Urban,26,7,Gains In Performance
2001-05-26,25,If My Heart Had Wings,Faith Hill,23,20,
2001-05-26,26,A Good Way To Get On My Bad Side,Tracy Byrd Duet With Mark Chesnutt,28,10,Gains In Performance
2001-05-26,27,Second Wind,Darryl Worley,30,8,Gains In Performance
2001-05-26,28,No Fear,Terri Clark,27,16,
2001-05-26,29,There You Go Again,Kenny Rogers,29,18,Gains In Performance
2001-05-26,30,Why They Call It Falling,Lee Ann Womack,31,8,Gains In Performance
2001-05-26,31,I Would've Loved You Anyway,Trisha Yearwood,32,8,Gains In Performance
2001-05-26,32,Austin,Blake Shelton,37,5,Gains In Performance
2001-05-26,33,Rose Bouquet,Phil Vassar,18,19,
2001-05-26,34,What I Really Meant To Say,Cyndi Thomson,34,9,Gains In Performance
2001-05-26,35,What I Did Right,Sons Of The Desert,33,16,Gains In Performance
2001-05-26,36,Angels In Waiting,Tammy Cochran,36,9,Gains In Performance
2001-05-26,37,There You'll Be,Faith Hill,NEW,1,Highest ranking debut|Gains In Performance
2001-05-26,38,I Want You Bad,Charlie Robison,38,9,
2001-05-26,39,So Complicated,Carolyn Dawn Johnson,41,6,Gains In Performance
2001-05-26,40,Still Holding Out For You,SHeDAISY,42,6,Gains In Performance
2001-05-26,41,I'm Just Talkin' About Tonight,Toby Keith,NEW,1,Gains In Performance
2001-05-26,42,Loving Every Minute,Mark Wills,40,5,
2001-05-26,43,Sweet Summer,Diamond Rio,49,3,Gains In Performance
2001-05-26,44,On A Night Like This,Trick Pony,47,4,Gains In Performance
2001-05-26,45,Unforgiven,Tracy Lawrence,39,10,
2001-05-26,46,Come A Little Closer,Lila McCann,44,4,Gains In Performance
2001-05-26,47,The Last Thing On My Mind,Patty Loveless,35,21,
2001-05-26,48,Will You Marry Me,Alabama,45,4,Gains In Performance
2001-05-26,49,Love Is Enough,3 Of Hearts,43,6,Gains In Performance
2001-05-26,50,How Cool Is That,Andy Griggs,51,2,Gains In Performance
2001-05-26,51,Standin' Still,The Clark Family Experience,52,4,Gains In Performance
2001-05-26,52,He Drinks Tequila,Lorrie Morgan & Sammy Kershaw,50,15,
2001-05-26,53,Simple Life,Mary Chapin Carpenter,56,4,Gains In Performance
2001-05-26,54,Real Life (I Never Was The Same Again),Jeff Carson,NEW,1,Gains In Performance
2001-05-26,55,Honey Do,Mike Walker,60,2,Gains In Performance
2001-05-26,56,Forever Loving You,John Rich,48,8,
2001-05-26,57,I Want You To Want Me,Dwight Yoakam,NEW,1,Gains In Performance
2001-05-26,58,Telluride,Tim McGraw,55,3,
2001-05-26,59,The Bird Song,Meredith Edwards,NEW,1,Gains In Performance
2001-05-26,60,I Am A Man Of Constant Sorrow,The Soggy Bottom Boys,53,11,
2001-06-02,1,Ain't Nothing 'Bout You,Brooks & Dunn,1,16,
2001-06-02,2,Grown Men Don't Cry,Tim McGraw,2,11,Gains In Performance
2001-06-02,3,Don't Happen Twice,Kenny Chesney,3,20,Gains In Performance
2001-06-02,4,If I Fall You're Going Down With Me,Dixie Chicks,4,16,
2001-06-02,5,Right Where I Need To Be,Gary Allan,6,44,Gains In Performance
2001-06-02,6,I'm Already There,Lonestar,7,8,Gains In Performance
2001-06-02,7,I Could Not Ask For More,Sara Evans,9,16,Gains In Performance
2001-06-02,8,It's A Great Day To Be Alive,Travis Tritt,5,25,
2001-06-02,9,Mrs. Steven Rudy,Mark McGuinn,8,19,
2001-06-02,10,If You Can Do Anything Else,George Strait,10,14,
2001-06-02,11,When Somebody Loves You,Alan Jackson,11,13,Gains In Performance
2001-06-02,12,She Couldn't Change Me,Montgomery Gentry,13,17,Gains In Performance
2001-06-02,13,Two People Fell In Love,Brad Paisley,14,11,Gains In Performance
2001-06-02,14,Who I Am,Jessica Andrews,12,31,
2001-06-02,15,One More Day,Diamond Rio,15,31,
2001-06-02,16,You Shouldn't Kiss Me Like This,Toby Keith,16,32,
2001-06-02,17,When I Think About Angels,Jamie O'Neal,19,10,Gains In Performance
2001-06-02,18,Downtime,Jo Dee Messina,17,8,Gains In Performance
2001-06-02,19,People Like Us,Aaron Tippin,18,21,Gains In Performance
2001-06-02,20,But I Do Love You,LeAnn Rimes,20,15,Gains In Performance
2001-06-02,21,Where The Blacktop Ends,Keith Urban,24,8,Gains In Performance
2001-06-02,22,Sometimes,Clay Davidson,21,19,
2001-06-02,23,Laredo,Chris Cagle,22,17,Gains In Performance
2001-06-02,24,While You Loved Me,Rascal Flatts,23,10,Gains In Performance
2001-06-02,25,A Good Way To Get On My Bad Side,Tracy Byrd Duet With Mark Chesnutt,26,11,Gains In Performance
2001-06-02,26,Second Wind,Darryl Worley,27,9,Gains In Performance
2001-06-02,27,Why They Call It Falling,Lee Ann Womack,30,9,Gains In Performance
2001-06-02,28,There You'll Be,Faith Hill,37,2,Gains In Performance
2001-06-02,29,There You Go Again,Kenny Rogers,29,19,Gains In Performance
2001-06-02,30,I Would've Loved You Anyway,Trisha Yearwood,31,9,Gains In Performance
2001-06-02,31,Austin,Blake Shelton,32,6,Gains In Performance
2001-06-02,32,What I Really Meant To Say,Cyndi Thomson,34,10,Gains In Performance
2001-06-02,33,I'm Just Talkin' About Tonight,Toby Keith,41,2,Gains In Performance
2001-06-02,34,What I Did Right,Sons Of The Desert,35,17,Gains In Performance
2001-06-02,35,Angels In Waiting,Tammy Cochran,36,10,Gains In Performance
2001-06-02,36,No Fear,Terri Clark,28,17,
2001-06-02,37,I Want You Bad,Charlie Robison,38,10,Gains In Performance
2001-06-02,38,Sweet Summer,Diamond Rio,43,4,Gains In Performance
2001-06-02,39,Loving Every Minute,Mark Wills,42,6,Gains In Performance
2001-06-02,40,Still Holding Out For You,SHeDAISY,40,7,Gains In Performance
2001-06-02,41,So Complicated,Carolyn Dawn Johnson,39,7,Gains In Performance
2001-06-02,42,On A Night Like This,Trick Pony,44,5,Gains In Performance
2001-06-02,43,Come A Little Closer,Lila McCann,46,5,Gains In Performance
2001-06-02,44,Rose Bouquet,Phil Vassar,33,20,
2001-06-02,45,Will You Marry Me,Alabama,48,5,Gains In Performance
2001-06-02,46,How Cool Is That,Andy Griggs,50,3,Gains In Performance
2001-06-02,47,Love Is Enough,3 Of Hearts,49,7,
2001-06-02,48,Standin' Still,The Clark Family Experience,51,5,Gains In Performance
2001-06-02,49,Where Does It Hurt,The Warren Brothers,NEW,1,Highest ranking debut|Gains In Performance
2001-06-02,50,Unforgiven,Tracy Lawrence,45,11,
2001-06-02,51,Real Life (I Never Was The Same Again),Jeff Carson,54,2,Gains In Performance
2001-06-02,52,Honey Do,Mike Walker,55,3,Gains In Performance
2001-06-02,53,Never Love You Enough,Chely Wright,NEW,1,Gains In Performance
2001-06-02,54,The Bird Song,Meredith Edwards,59,2,Gains In Performance
2001-06-02,55,He Drinks Tequila,Lorrie Morgan & Sammy Kershaw,52,16,
2001-06-02,56,Simple Life,Mary Chapin Carpenter,53,5,
2001-06-02,57,Telluride,Tim McGraw,58,4,Gains In Performance
2001-06-02,58,Six-Pack Summer,Phil Vassar,NEW,1,Gains In Performance
2001-06-02,59,Keep Mom And Dad In Love,"Billy Dean, Suzy Bogguss, And Introducing Jillian",RE,3,Gains In Performance
2001-06-02,60,She's My Girl,Billy Gilman,NEW,1,Gains In Performance
2001-06-09,1,Don't Happen Twice,Kenny Chesney,3,21,Gains In Performance
2001-06-09,2,Grown Men Don't Cry,Tim McGraw,2,12,
2001-06-09,3,Ain't Nothing 'Bout You,Brooks & Dunn,1,17,
2001-06-09,4,I'm Already There,Lonestar,6,9,Gains In Performance
2001-06-09,5,I Could Not Ask For More,Sara Evans,7,17,Gains In Performance
2001-06-09,6,Right Where I Need To Be,Gary Allan,5,45,
2001-06-09,7,If I Fall You're Going Down With Me,Dixie Chicks,4,17,
2001-06-09,8,If You Can Do Anything Else,George Strait,10,15,Gains In Performance
2001-06-09,9,It's A Great Day To Be Alive,Travis Tritt,8,26,
2001-06-09,10,When Somebody Loves You,Alan Jackson,11,14,Gains In Performance
2001-06-09,11,She Couldn't Change Me,Montgomery Gentry,12,18,Gains In Performance
2001-06-09,12,Two People Fell In Love,Brad Paisley,13,12,Gains In Performance
2001-06-09,13,Mrs. Steven Rudy,Mark McGuinn,9,20,
2001-06-09,14,When I Think About Angels,Jamie O'Neal,17,11,Gains In Performance
2001-06-09,15,Downtime,Jo Dee Messina,18,9,Gains In Performance
2001-06-09,16,Who I Am,Jessica Andrews,14,32,
2001-06-09,17,One More Day,Diamond Rio,15,32,
2001-06-09,18,But I Do Love You,LeAnn Rimes,20,16,Gains In Performance
2001-06-09,19,You Shouldn't Kiss Me Like This,Toby Keith,16,33,
2001-06-09,20,Where The Blacktop Ends,Keith Urban,21,9,Gains In Performance
2001-06-09,21,There You'll Be,Faith Hill,28,3,Gains In Performance
2001-06-09,22,While You Loved Me,Rascal Flatts,24,11,Gains In Performance
2001-06-09,23,Laredo,Chris Cagle,23,18,Gains In Performance
2001-06-09,24,Sometimes,Clay Davidson,22,20,
2001-06-09,25,Why They Call It Falling,Lee Ann Womack,27,10,Gains In Performance
2001-06-09,26,A Good Way To Get On My Bad Side,Tracy Byrd Duet With Mark Chesnutt,25,12,Gains In Performance
2001-06-09,27,I'm Just Talkin' About Tonight,Toby Keith,33,3,Gains In Performance
2001-06-09,28,Second Wind,Darryl Worley,26,10,Gains In Performance
2001-06-09,29,Austin,Blake Shelton,31,7,Gains In Performance
2001-06-09,30,I Would've Loved You Anyway,Trisha Yearwood,30,10,Gains In Performance
2001-06-09,31,There You Go Again,Kenny Rogers,29,20,Gains In Performance
2001-06-09,32,What I Really Meant To Say,Cyndi Thomson,32,11,Gains In Performance
2001-06-09,33,What I Did Right,Sons Of The Desert,34,18,
2001-06-09,34,Angels In Waiting,Tammy Cochran,35,11,Gains In Performance
2001-06-09,35,Sweet Summer,Diamond Rio,38,5,Gains In Performance
2001-06-09,36,Still Holding Out For You,SHeDAISY,40,8,Gains In Performance
2001-06-09,37,I Want You Bad,Charlie Robison,37,11,
2001-06-09,38,So Complicated,Carolyn Dawn Johnson,41,8,Gains In Performance
2001-06-09,39,Loving Every Minute,Mark Wills,39,7,
2001-06-09,40,On A Night Like This,Trick Pony,42,6,
2001-06-09,41,How Cool Is That,Andy Griggs,46,4,Gains In Performance
2001-06-09,42,Will You Marry Me,Alabama,45,6,Gains In Performance
2001-06-09,43,Come A Little Closer,Lila McCann,43,6,
2001-06-09,44,Standin' Still,The Clark Family Experience,48,6,Gains In Performance
2001-06-09,45,No Fear,Terri Clark,36,18,
2001-06-09,46,Where Does It Hurt,The Warren Brothers,49,2,Gains In Performance
2001-06-09,47,Real Life (I Never Was The Same Again),Jeff Carson,51,3,Gains In Performance
2001-06-09,48,Love Is Enough,3 Of Hearts,47,8,
2001-06-09,49,Never Love You Enough,Chely Wright,53,2,Gains In Performance
2001-06-09,50,Honey Do,Mike Walker,52,4,Gains In Performance
2001-06-09,51,I Want You To Want Me,Dwight Yoakam,RE,2,Gains In Performance
2001-06-09,52,Six-Pack Summer,Phil Vassar,58,2,Gains In Performance
2001-06-09,53,Unbroken By You,Kortney Kayle,NEW,1,Highest ranking debut|Gains In Performance
2001-06-09,54,She's My Girl,Billy Gilman,60,2,Gains In Performance
2001-06-09,55,The Bird Song,Meredith Edwards,54,3,Gains In Performance
2001-06-09,56,Keep Mom And Dad In Love,"Billy Dean, Suzy Bogguss, And Introducing Jillian",59,4,Gains In Performance
2001-06-09,57,Simple Life,Mary Chapin Carpenter,56,6,
2001-06-09,58,"Helplessly, Hopelessly",Jessica Andrews,NEW,1,Gains In Performance
2001-06-09,59,Diddley,Elbert West,NEW,1,Gains In Performance
2001-06-09,60,Southern Rain,Billy Ray Cyrus,NEW,1,Gains In Performance
2001-06-16,1,Grown Men Don't Cry,Tim McGraw,2,13,Gains In Performance
2001-06-16,2,Don't Happen Twice,Kenny Chesney,1,22,
2001-06-16,3,Ain't Nothing 'Bout You,Brooks & Dunn,3,18,
2001-06-16,4,I'm Already There,Lonestar,4,10,Gains In Performance
2001-06-16,5,I Could Not Ask For More,Sara Evans,5,18,Gains In Performance
2001-06-16,6,She Couldn't Change Me,Montgomery Gentry,11,19,Gains In Performance
2001-06-16,7,If You Can Do Anything Else,George Strait,8,16,Gains In Performance
2001-06-16,8,When Somebody Loves You,Alan Jackson,10,15,Gains In Performance
2001-06-16,9,Two People Fell In Love,Brad Paisley,12,13,Gains In Performance
2001-06-16,10,It's A Great Day To Be Alive,Travis Tritt,9,27,
2001-06-16,11,Right Where I Need To Be,Gary Allan,6,46,
2001-06-16,12,When I Think About Angels,Jamie O'Neal,14,12,Gains In Performance
2001-06-16,13,If I Fall You're Going Down With Me,Dixie Chicks,7,18,
2001-06-16,14,There You'll Be,Faith Hill,21,4,Gains In Performance
2001-06-16,15,Downtime,Jo Dee Messina,15,10,Gains In Performance
2001-06-16,16,Where The Blacktop Ends,Keith Urban,20,10,Gains In Performance
2001-06-16,17,Who I Am,Jessica Andrews,16,33,Gains In Performance
2001-06-16,18,One More Day,Diamond Rio,17,33,Gains In Performance
2001-06-16,19,I'm Just Talkin' About Tonight,Toby Keith,27,4,Gains In Performance
2001-06-16,20,You Shouldn't Kiss Me Like This,Toby Keith,19,34,
2001-06-16,21,Laredo,Chris Cagle,23,19,Gains In Performance
2001-06-16,22,While You Loved Me,Rascal Flatts,22,12,Gains In Performance
2001-06-16,23,But I Do Love You,LeAnn Rimes,18,17,
2001-06-16,24,Why They Call It Falling,Lee Ann Womack,25,11,Gains In Performance
2001-06-16,25,Austin,Blake Shelton,29,8,Gains In Performance
2001-06-16,26,A Good Way To Get On My Bad Side,Tracy Byrd Duet With Mark Chesnutt,26,13,Gains In Performance
2001-06-16,27,Second Wind,Darryl Worley,28,11,Gains In Performance
2001-06-16,28,I Would've Loved You Anyway,Trisha Yearwood,30,11,Gains In Performance
2001-06-16,29,What I Really Meant To Say,Cyndi Thomson,32,12,Gains In Performance
2001-06-16,30,There You Go Again,Kenny Rogers,31,21,Gains In Performance
2001-06-16,31,Sweet Summer,Diamond Rio,35,6,Gains In Performance
2001-06-16,32,What I Did Right,Sons Of The Desert,33,19,Gains In Performance
2001-06-16,33,Angels In Waiting,Tammy Cochran,34,12,Gains In Performance
2001-06-16,34,Still Holding Out For You,SHeDAISY,36,9,Gains In Performance
2001-06-16,35,So Complicated,Carolyn Dawn Johnson,38,9,Gains In Performance
2001-06-16,36,I Want You Bad,Charlie Robison,37,12,Gains In Performance
2001-06-16,37,Loving Every Minute,Mark Wills,39,8,Gains In Performance
2001-06-16,38,On A Night Like This,Trick Pony,40,7,Gains In Performance
2001-06-16,39,How Cool Is That,Andy Griggs,41,5,Gains In Performance
2001-06-16,40,Standin' Still,The Clark Family Experience,44,7,Gains In Performance
2001-06-16,41,Will You Marry Me,Alabama,42,7,Gains In Performance
2001-06-16,42,Where Does It Hurt,The Warren Brothers,46,3,Gains In Performance
2001-06-16,43,Come A Little Closer,Lila McCann,43,7,Gains In Performance
2001-06-16,44,Never Love You Enough,Chely Wright,49,3,Gains In Performance
2001-06-16,45,Six-Pack Summer,Phil Vassar,52,3,Gains In Performance
2001-06-16,46,Real Life (I Never Was The Same Again),Jeff Carson,47,4,Gains In Performance
2001-06-16,47,Honey Do,Mike Walker,50,5,Gains In Performance
2001-06-16,48,No Fear,Terri Clark,45,19,
2001-06-16,49,Southern Rain,Billy Ray Cyrus,60,2,Gains In Performance
2001-06-16,50,Love Is Enough,3 Of Hearts,48,9,
2001-06-16,51,She's My Girl,Billy Gilman,54,3,Gains In Performance
2001-06-16,52,Love Of A Woman,Travis Tritt,NEW,1,Highest ranking debut|Gains In Performance
2001-06-16,53,The Bird Song,Meredith Edwards,55,4,Gains In Performance
2001-06-16,54,"Helplessly, Hopelessly",Jessica Andrews,58,2,Gains In Performance
2001-06-16,55,I Want You To Want Me,Dwight Yoakam,51,3,
2001-06-16,56,When You Come Back Down,Nickel Creek,NEW,1,Gains In Performance
2001-06-16,57,He Drinks Tequila,Lorrie Morgan & Sammy Kershaw,RE,17,Gains In Performance
2001-06-16,58,Keep Mom And Dad In Love,"Billy Dean, Suzy Bogguss, And Introducing Jillian",56,5,
2001-06-16,59,Even Then,John Michael Montgomery,NEW,1,Gains In Performance
2001-06-16,60,Unbroken By You,Kortney Kayle,53,2,
2001-06-23,1,I'm Already There,Lonestar,4,11,Gains In Performance
2001-06-23,2,Grown Men Don't Cry,Tim McGraw,1,14,
2001-06-23,3,Don't Happen Twice,Kenny Chesney,2,23,
2001-06-23,4,Ain't Nothing 'Bout You,Brooks & Dunn,3,19,
2001-06-23,5,I Could Not Ask For More,Sara Evans,5,19,Gains In Performance
2001-06-23,6,She Couldn't Change Me,Montgomery Gentry,6,20,Gains In Performance
2001-06-23,7,If You Can Do Anything Else,George Strait,7,17,Gains In Performance
2001-06-23,8,When Somebody Loves You,Alan Jackson,8,16,Gains In Performance
2001-06-23,9,Two People Fell In Love,Brad Paisley,9,14,Gains In Performance
2001-06-23,10,When I Think About Angels,Jamie O'Neal,12,13,Gains In Performance
2001-06-23,11,There You'll Be,Faith Hill,14,5,Gains In Performance
2001-06-23,12,It's A Great Day To Be Alive,Travis Tritt,10,28,
2001-06-23,13,Downtime,Jo Dee Messina,15,11,Gains In Performance
2001-06-23,14,Where The Blacktop Ends,Keith Urban,16,11,Gains In Performance
2001-06-23,15,I'm Just Talkin' About Tonight,Toby Keith,19,5,Gains In Performance
2001-06-23,16,Right Where I Need To Be,Gary Allan,11,47,
2001-06-23,17,Laredo,Chris Cagle,21,20,Gains In Performance
2001-06-23,18,If I Fall You're Going Down With Me,Dixie Chicks,13,19,
2001-06-23,19,Austin,Blake Shelton,25,9,Gains In Performance
2001-06-23,20,While You Loved Me,Rascal Flatts,22,13,Gains In Performance
2001-06-23,21,Why They Call It Falling,Lee Ann Womack,24,12,Gains In Performance
2001-06-23,22,Second Wind,Darryl Worley,27,12,Gains In Performance
2001-06-23,23,A Good Way To Get On My Bad Side,Tracy Byrd Duet With Mark Chesnutt,26,14,Gains In Performance
2001-06-23,24,What I Really Meant To Say,Cyndi Thomson,29,13,Gains In Performance
2001-06-23,25,I Would've Loved You Anyway,Trisha Yearwood,28,12,Gains In Performance
2001-06-23,26,But I Do Love You,LeAnn Rimes,23,18,
2001-06-23,27,There You Go Again,Kenny Rogers,30,22,Gains In Performance
2001-06-23,28,Sweet Summer,Diamond Rio,31,7,Gains In Performance
2001-06-23,29,What I Did Right,Sons Of The Desert,32,20,Gains In Performance
2001-06-23,30,Angels In Waiting,Tammy Cochran,33,13,Gains In Performance
2001-06-23,31,So Complicated,Carolyn Dawn Johnson,35,10,Gains In Performance
2001-06-23,32,Still Holding Out For You,SHeDAISY,34,10,Gains In Performance
2001-06-23,33,On A Night Like This,Trick Pony,38,8,Gains In Performance
2001-06-23,34,Loving Every Minute,Mark Wills,37,9,Gains In Performance
2001-06-23,35,Six-Pack Summer,Phil Vassar,45,4,Gains In Performance
2001-06-23,36,I Want You Bad,Charlie Robison,36,13,
2001-06-23,37,How Cool Is That,Andy Griggs,39,6,Gains In Performance
2001-06-23,38,Where Does It Hurt,The Warren Brothers,42,4,Gains In Performance
2001-06-23,39,Standin' Still,The Clark Family Experience,40,8,Gains In Performance
2001-06-23,40,Never Love You Enough,Chely Wright,44,4,Gains In Performance
2001-06-23,41,Will You Marry Me,Alabama,41,8,
2001-06-23,42,Real Life (I Never Was The Same Again),Jeff Carson,46,5,Gains In Performance
2001-06-23,43,Come A Little Closer,Lila McCann,43,8,
2001-06-23,44,Honey Do,Mike Walker,47,6,Gains In Performance
2001-06-23,45,Love Of A Woman,Travis Tritt,52,2,Gains In Performance
2001-06-23,46,"Helplessly, Hopelessly",Jessica Andrews,54,3,Gains In Performance
2001-06-23,47,The Bird Song,Meredith Edwards,53,5,Gains In Performance
2001-06-23,48,Southern Rain,Billy Ray Cyrus,49,3,Gains In Performance
2001-06-23,49,I Want You To Want Me,Dwight Yoakam,55,4,Gains In Performance
2001-06-23,50,She's My Girl,Billy Gilman,51,4,Gains In Performance
2001-06-23,51,That's A Plan,Mark McGuinn,NEW,1,Highest ranking debut|Gains In Performance
2001-06-23,52,Love Is Enough,3 Of Hearts,50,10,
2001-06-23,53,Unbroken By You,Kortney Kayle,60,3,Gains In Performance
2001-06-23,54,Only In America,Brooks & Dunn,NEW,1,Gains In Performance
2001-06-23,55,Keep Mom And Dad In Love,"Billy Dean, Suzy Bogguss, And Introducing Jillian",58,6,
2001-06-23,56,Diddley,Elbert West,RE,2,Gains In Performance
2001-06-23,57,Where I Come From,Alan Jackson,RE,2,Gains In Performance
2001-06-23,58,No Fear,Terri Clark,48,20,
2001-06-23,59,Who I Am To You,Coley McCabe,NEW,1,Gains In Performance
2001-06-23,60,Unforgiven,Tracy Lawrence,RE,12,
2001-06-30,1,I'm Already There,Lonestar,1,12,Gains In Performance
2001-06-30,2,I Could Not Ask For More,Sara Evans,5,20,Gains In Performance
2001-06-30,3,Grown Men Don't Cry,Tim McGraw,2,15,
2001-06-30,4,Don't Happen Twice,Kenny Chesney,3,24,
2001-06-30,5,Ain't Nothing 'Bout You,Brooks & Dunn,4,20,
2001-06-30,6,She Couldn't Change Me,Montgomery Gentry,6,21,Gains In Performance
2001-06-30,7,If You Can Do Anything Else,George Strait,7,18,Gains In Performance
2001-06-30,8,When Somebody Loves You,Alan Jackson,8,17,Gains In Performance
2001-06-30,9,Two People Fell In Love,Brad Paisley,9,15,Gains In Performance
2001-06-30,10,When I Think About Angels,Jamie O'Neal,10,14,Gains In Performance
2001-06-30,11,There You'll Be,Faith Hill,11,6,
2001-06-30,12,I'm Just Talkin' About Tonight,Toby Keith,15,6,Gains In Performance
2001-06-30,13,Downtime,Jo Dee Messina,13,12,Gains In Performance
2001-06-30,14,Where The Blacktop Ends,Keith Urban,14,12,Gains In Performance
2001-06-30,15,It's A Great Day To Be Alive,Travis Tritt,12,29,
2001-06-30,16,Austin,Blake Shelton,19,10,Gains In Performance
2001-06-30,17,Laredo,Chris Cagle,17,21,Gains In Performance
2001-06-30,18,While You Loved Me,Rascal Flatts,20,14,Greatest gainer this week|Gains In Performance
2001-06-30,19,Why They Call It Falling,Lee Ann Womack,21,13,Gains In Performance
2001-06-30,20,Right Where I Need To Be,Gary Allan,16,48,
2001-06-30,21,A Good Way To Get On My Bad Side,Tracy Byrd Duet With Mark Chesnutt,23,15,Gains In Performance
2001-06-30,22,What I Really Meant To Say,Cyndi Thomson,24,14,Gains In Performance
2001-06-30,23,If I Fall You're Going Down With Me,Dixie Chicks,18,20,
2001-06-30,24,Second Wind,Darryl Worley,22,13,
2001-06-30,25,I Would've Loved You Anyway,Trisha Yearwood,25,13,Gains In Performance
2001-06-30,26,There You Go Again,Kenny Rogers,27,23,Gains In Performance
2001-06-30,27,Sweet Summer,Diamond Rio,28,8,Gains In Performance
2001-06-30,28,What I Did Right,Sons Of The Desert,29,21,Gains In Performance
2001-06-30,29,So Complicated,Carolyn Dawn Johnson,31,11,Gains In Performance
2001-06-30,30,Angels In Waiting,Tammy Cochran,30,14,Gains In Performance
2001-06-30,31,Still Holding Out For You,SHeDAISY,32,11,Gains In Performance
2001-06-30,32,On A Night Like This,Trick Pony,33,9,Gains In Performance
2001-06-30,33,Six-Pack Summer,Phil Vassar,35,5,Gains In Performance
2001-06-30,34,But I Do Love You,LeAnn Rimes,26,19,
2001-06-30,35,Loving Every Minute,Mark Wills,34,10,Gains In Performance
2001-06-30,36,How Cool Is That,Andy Griggs,37,7,Gains In Performance
2001-06-30,37,I Want You Bad,Charlie Robison,36,14,Gains In Performance
2001-06-30,38,Standin' Still,The Clark Family Experience,39,9,Gains In Performance
2001-06-30,39,Where Does It Hurt,The Warren Brothers,38,5,Gains In Performance
2001-06-30,40,Real Life (I Never Was The Same Again),Jeff Carson,42,6,Gains In Performance
2001-06-30,41,Never Love You Enough,Chely Wright,40,5,Gains In Performance
2001-06-30,42,Love Of A Woman,Travis Tritt,45,3,Gains In Performance
2001-06-30,43,Honey Do,Mike Walker,44,7,Gains In Performance
2001-06-30,44,Will You Marry Me,Alabama,41,9,
2001-06-30,45,Only In America,Brooks & Dunn,54,2,Gains In Performance
2001-06-30,46,"Helplessly, Hopelessly",Jessica Andrews,46,4,Gains In Performance
2001-06-30,47,Southern Rain,Billy Ray Cyrus,48,4,Gains In Performance
2001-06-30,48,The Bird Song,Meredith Edwards,47,6,
2001-06-30,49,I Want You To Want Me,Dwight Yoakam,49,5,Gains In Performance
2001-06-30,50,She's My Girl,Billy Gilman,50,5,Gains In Performance
2001-06-30,51,Come A Little Closer,Lila McCann,43,9,
2001-06-30,52,That's A Plan,Mark McGuinn,51,2,
2001-06-30,53,When God-Fearin' Women Get The Blues,Martina McBride,NEW,1,Highest ranking debut|Gains In Performance
2001-06-30,54,Heartbreak Town,Dixie Chicks,NEW,1,Gains In Performance
2001-06-30,55,Unbroken By You,Kortney Kayle,53,4,
2001-06-30,56,Who I Am To You,Coley McCabe,59,2,Gains In Performance
2001-06-30,57,When You Come Back Down,Nickel Creek,RE,2,Gains In Performance
2001-06-30,58,Telluride,Tim McGraw,RE,5,Gains In Performance
2001-06-30,59,Texas In 1880,Radney Foster With Pat Green,NEW,1,Gains In Performance
2001-06-30,60,Diddley,Elbert West,56,3,
2001-07-07,1,I'm Already There,Lonestar,1,13,Gains In Performance
2001-07-07,2,I Could Not Ask For More,Sara Evans,2,21,Gains In Performance
2001-07-07,3,Grown Men Don't Cry,Tim McGraw,3,16,
2001-07-07,4,She Couldn't Change Me,Montgomery Gentry,6,22,Gains In Performance
2001-07-07,5,If You Can Do Anything Else,George Strait,7,19,
2001-07-07,6,When Somebody Loves You,Alan Jackson,8,18,Gains In Performance
2001-07-07,7,Ain't Nothing 'Bout You,Brooks & Dunn,5,21,
2001-07-07,8,When I Think About Angels,Jamie O'Neal,10,15,Gains In Performance
2001-07-07,9,Two People Fell In Love,Brad Paisley,9,16,Gains In Performance
2001-07-07,10,Don't Happen Twice,Kenny Chesney,4,25,
2001-07-07,11,I'm Just Talkin' About Tonight,Toby Keith,12,7,Gains In Performance
2001-07-07,12,Where The Blacktop Ends,Keith Urban,14,13,Gains In Performance
2001-07-07,13,Downtime,Jo Dee Messina,13,13,Gains In Performance
2001-07-07,14,Austin,Blake Shelton,16,11,Gains In Performance
2001-07-07,15,There You'll Be,Faith Hill,11,7,
2001-07-07,16,It's A Great Day To Be Alive,Travis Tritt,15,30,
2001-07-07,17,Laredo,Chris Cagle,17,22,Gains In Performance
2001-07-07,18,While You Loved Me,Rascal Flatts,18,15,Gains In Performance
2001-07-07,19,Why They Call It Falling,Lee Ann Womack,19,14,Gains In Performance
2001-07-07,20,What I Really Meant To Say,Cyndi Thomson,22,15,Gains In Performance
2001-07-07,21,I Would've Loved You Anyway,Trisha Yearwood,25,14,Gains In Performance
2001-07-07,22,A Good Way To Get On My Bad Side,Tracy Byrd Duet With Mark Chesnutt,21,16,
2001-07-07,23,Second Wind,Darryl Worley,24,14,Gains In Performance
2001-07-07,24,If I Fall You're Going Down With Me,Dixie Chicks,23,21,
2001-07-07,25,Sweet Summer,Diamond Rio,27,9,Gains In Performance
2001-07-07,26,So Complicated,Carolyn Dawn Johnson,29,12,Gains In Performance
2001-07-07,27,What I Did Right,Sons Of The Desert,28,22,Gains In Performance
2001-07-07,28,Still Holding Out For You,SHeDAISY,31,12,Gains In Performance
2001-07-07,29,Angels In Waiting,Tammy Cochran,30,15,Gains In Performance
2001-07-07,30,Six-Pack Summer,Phil Vassar,33,6,Gains In Performance
2001-07-07,31,On A Night Like This,Trick Pony,32,10,Gains In Performance
2001-07-07,32,Loving Every Minute,Mark Wills,35,11,Gains In Performance
2001-07-07,33,How Cool Is That,Andy Griggs,36,8,Gains In Performance
2001-07-07,34,Only In America,Brooks & Dunn,45,3,Gains In Performance
2001-07-07,35,I Want You Bad,Charlie Robison,37,15,Gains In Performance
2001-07-07,36,Where Does It Hurt,The Warren Brothers,39,6,Gains In Performance
2001-07-07,37,Never Love You Enough,Chely Wright,41,6,Gains In Performance
2001-07-07,38,Standin' Still,The Clark Family Experience,38,10,Gains In Performance
2001-07-07,39,Love Of A Woman,Travis Tritt,42,4,Gains In Performance
2001-07-07,40,Real Life (I Never Was The Same Again),Jeff Carson,40,7,Gains In Performance
2001-07-07,41,But I Do Love You,LeAnn Rimes,34,20,
2001-07-07,42,Honey Do,Mike Walker,43,8,Gains In Performance
2001-07-07,43,Heartbreak Town,Dixie Chicks,54,2,Gains In Performance
2001-07-07,44,"Helplessly, Hopelessly",Jessica Andrews,46,5,Gains In Performance
2001-07-07,45,When God-Fearin' Women Get The Blues,Martina McBride,53,2,Gains In Performance
2001-07-07,46,Southern Rain,Billy Ray Cyrus,47,5,Gains In Performance
2001-07-07,47,Will You Marry Me,Alabama,44,10,
2001-07-07,48,That's A Plan,Mark McGuinn,52,3,Gains In Performance
2001-07-07,49,I Want You To Want Me,Dwight Yoakam,49,6,Gains In Performance
2001-07-07,50,The Bird Song,Meredith Edwards,48,7,
2001-07-07,51,Come A Little Closer,Lila McCann,51,10,
2001-07-07,52,Man Of Me,Gary Allan,NEW,1,Highest ranking debut|Gains In Performance
2001-07-07,53,She's My Girl,Billy Gilman,50,6,
2001-07-07,54,Telluride,Tim McGraw,58,6,Gains In Performance
2001-07-07,55,Unbroken By You,Kortney Kayle,55,5,Gains In Performance
2001-07-07,56,Who I Am To You,Coley McCabe,56,3,Gains In Performance
2001-07-07,57,When You Come Back Down,Nickel Creek,57,3,Gains In Performance
2001-07-07,58,I'm Tryin',Trace Adkins,NEW,1,Gains In Performance
2001-07-07,59,Getting There,Terri Clark,NEW,1,Gains In Performance
2001-07-07,60,Texas In 1880,Radney Foster With Pat Green,59,2,Gains In Performance
2001-07-14,1,I'm Already There,Lonestar,1,14,Gains In Performance
2001-07-14,2,I Could Not Ask For More,Sara Evans,2,22,
2001-07-14,3,She Couldn't Change Me,Montgomery Gentry,4,23,Gains In Performance
2001-07-14,4,When I Think About Angels,Jamie O'Neal,8,16,Gains In Performance
2001-07-14,5,When Somebody Loves You,Alan Jackson,6,19,Gains In Performance
2001-07-14,6,If You Can Do Anything Else,George Strait,5,20,
2001-07-14,7,Two People Fell In Love,Brad Paisley,9,17,Gains In Performance
2001-07-14,8,Grown Men Don't Cry,Tim McGraw,3,17,
2001-07-14,9,Ain't Nothing 'Bout You,Brooks & Dunn,7,22,
2001-07-14,10,Austin,Blake Shelton,14,12,Gains In Performance
2001-07-14,11,I'm Just Talkin' About Tonight,Toby Keith,11,8,Gains In Performance
2001-07-14,12,Where The Blacktop Ends,Keith Urban,12,14,Gains In Performance
2001-07-14,13,Downtime,Jo Dee Messina,13,14,Gains In Performance
2001-07-14,14,Don't Happen Twice,Kenny Chesney,10,26,
2001-07-14,15,Laredo,Chris Cagle,17,23,Gains In Performance
2001-07-14,16,It's A Great Day To Be Alive,Travis Tritt,16,31,
2001-07-14,17,There You'll Be,Faith Hill,15,8,
2001-07-14,18,While You Loved Me,Rascal Flatts,18,16,Gains In Performance
2001-07-14,19,Why They Call It Falling,Lee Ann Womack,19,15,Gains In Performance
2001-07-14,20,What I Really Meant To Say,Cyndi Thomson,20,16,Gains In Performance
2001-07-14,21,I Would've Loved You Anyway,Trisha Yearwood,21,15,Gains In Performance
2001-07-14,22,Second Wind,Darryl Worley,23,15,Gains In Performance
2001-07-14,23,Sweet Summer,Diamond Rio,25,10,Gains In Performance
2001-07-14,24,A Good Way To Get On My Bad Side,Tracy Byrd Duet With Mark Chesnutt,22,17,
2001-07-14,25,So Complicated,Carolyn Dawn Johnson,26,13,Gains In Performance
2001-07-14,26,Only In America,Brooks & Dunn,34,4,Greatest gainer this week|Gains In Performance
2001-07-14,27,Six-Pack Summer,Phil Vassar,30,7,Gains In Performance
2001-07-14,28,What I Did Right,Sons Of The Desert,27,23,Gains In Performance
2001-07-14,29,Angels In Waiting,Tammy Cochran,29,16,Gains In Performance
2001-07-14,30,Still Holding Out For You,SHeDAISY,28,13,Gains In Performance
2001-07-14,31,On A Night Like This,Trick Pony,31,11,Gains In Performance
2001-07-14,32,Loving Every Minute,Mark Wills,32,12,Gains In Performance
2001-07-14,33,How Cool Is That,Andy Griggs,33,9,Gains In Performance
2001-07-14,34,Standin' Still,The Clark Family Experience,38,11,Gains In Performance
2001-07-14,35,Where Does It Hurt,The Warren Brothers,36,7,Gains In Performance
2001-07-14,36,I Want You Bad,Charlie Robison,35,16,Gains In Performance
2001-07-14,37,Love Of A Woman,Travis Tritt,39,5,Gains In Performance
2001-07-14,38,Real Life (I Never Was The Same Again),Jeff Carson,40,8,Gains In Performance
2001-07-14,39,Heartbreak Town,Dixie Chicks,43,3,Gains In Performance
2001-07-14,40,Never Love You Enough,Chely Wright,37,7,Gains In Performance
2001-07-14,41,When God-Fearin' Women Get The Blues,Martina McBride,45,3,Gains In Performance
2001-07-14,42,Honey Do,Mike Walker,42,9,Gains In Performance
2001-07-14,43,"Helplessly, Hopelessly",Jessica Andrews,44,6,Gains In Performance
2001-07-14,44,That's A Plan,Mark McGuinn,48,4,Gains In Performance
2001-07-14,45,Southern Rain,Billy Ray Cyrus,46,6,Gains In Performance
2001-07-14,46,Man Of Me,Gary Allan,52,2,Gains In Performance
2001-07-14,47,The Bird Song,Meredith Edwards,50,8,Gains In Performance
2001-07-14,48,Getting There,Terri Clark,59,2,Gains In Performance
2001-07-14,49,I Want You To Want Me,Dwight Yoakam,49,7,
2001-07-14,50,If You Ever Feel Like Lovin' Me Again,Clay Walker,NEW,1,Highest ranking debut|Gains In Performance
2001-07-14,51,I'm Tryin',Trace Adkins,58,2,Gains In Performance
2001-07-14,52,Come A Little Closer,Lila McCann,51,11,
2001-07-14,53,She's My Girl,Billy Gilman,53,7,Gains In Performance
2001-07-14,54,Telluride,Tim McGraw,54,7,Gains In Performance
2001-07-14,55,Unbroken By You,Kortney Kayle,55,6,Gains In Performance
2001-07-14,56,Will You Marry Me,Alabama,47,11,
2001-07-14,57,Unusually Unusual,Lonestar,NEW,1,Gains In Performance
2001-07-14,58,Where I Come From,Alan Jackson,RE,3,Gains In Performance
2001-07-14,59,Who I Am To You,Coley McCabe,56,4,
2001-07-14,60,She Ain't Gonna Cry,Marshall Dyllon,NEW,1,Gains In Performance
2001-07-21,1,I'm Already There,Lonestar,1,15,Gains In Performance
2001-07-21,2,She Couldn't Change Me,Montgomery Gentry,3,24,Gains In Performance
2001-07-21,3,When I Think About Angels,Jamie O'Neal,4,17,Gains In Performance
2001-07-21,4,Two People Fell In Love,Brad Paisley,7,18,Gains In Performance
2001-07-21,5,I Could Not Ask For More,Sara Evans,2,23,
2001-07-21,6,Austin,Blake Shelton,10,13,Gains In Performance
2001-07-21,7,When Somebody Loves You,Alan Jackson,5,20,
2001-07-21,8,I'm Just Talkin' About Tonight,Toby Keith,11,9,Gains In Performance
2001-07-21,9,Grown Men Don't Cry,Tim McGraw,8,18,
2001-07-21,10,Where The Blacktop Ends,Keith Urban,12,15,Gains In Performance
2001-07-21,11,Downtime,Jo Dee Messina,13,15,Gains In Performance
2001-07-21,12,If You Can Do Anything Else,George Strait,6,21,
2001-07-21,13,Laredo,Chris Cagle,15,24,Gains In Performance
2001-07-21,14,Ain't Nothing 'Bout You,Brooks & Dunn,9,23,
2001-07-21,15,Don't Happen Twice,Kenny Chesney,14,27,
2001-07-21,16,While You Loved Me,Rascal Flatts,18,17,Gains In Performance
2001-07-21,17,It's A Great Day To Be Alive,Travis Tritt,16,32,
2001-07-21,18,Why They Call It Falling,Lee Ann Womack,19,16,Gains In Performance
2001-07-21,19,What I Really Meant To Say,Cyndi Thomson,20,17,Gains In Performance
2001-07-21,20,Only In America,Brooks & Dunn,26,5,Gains In Performance
2001-07-21,21,I Would've Loved You Anyway,Trisha Yearwood,21,16,Gains In Performance
2001-07-21,22,Second Wind,Darryl Worley,22,16,Gains In Performance
2001-07-21,23,There You'll Be,Faith Hill,17,9,
2001-07-21,24,Sweet Summer,Diamond Rio,23,11,Gains In Performance
2001-07-21,25,So Complicated,Carolyn Dawn Johnson,25,14,Gains In Performance
2001-07-21,26,Six-Pack Summer,Phil Vassar,27,8,Gains In Performance
2001-07-21,27,What I Did Right,Sons Of The Desert,28,24,Gains In Performance
2001-07-21,28,Angels In Waiting,Tammy Cochran,29,17,Gains In Performance
2001-07-21,29,On A Night Like This,Trick Pony,31,12,Gains In Performance
2001-07-21,30,Still Holding Out For You,SHeDAISY,30,14,Gains In Performance
2001-07-21,31,Loving Every Minute,Mark Wills,32,13,Gains In Performance
2001-07-21,32,How Cool Is That,Andy Griggs,33,10,Gains In Performance
2001-07-21,33,Heartbreak Town,Dixie Chicks,39,4,Gains In Performance
2001-07-21,34,Love Of A Woman,Travis Tritt,37,6,Gains In Performance
2001-07-21,35,Never Love You Enough,Chely Wright,40,8,Gains In Performance
2001-07-21,36,When God-Fearin' Women Get The Blues,Martina McBride,41,4,Gains In Performance
2001-07-21,37,A Good Way To Get On My Bad Side,Tracy Byrd Duet With Mark Chesnutt,24,18,
2001-07-21,38,Where Does It Hurt,The Warren Brothers,35,8,Gains In Performance
2001-07-21,39,Standin' Still,The Clark Family Experience,34,12,Gains In Performance
2001-07-21,40,Real Life (I Never Was The Same Again),Jeff Carson,38,9,Gains In Performance
2001-07-21,41,I Want You Bad,Charlie Robison,36,17,
2001-07-21,42,Honey Do,Mike Walker,42,10,Gains In Performance
2001-07-21,43,"Helplessly, Hopelessly",Jessica Andrews,43,7,Gains In Performance
2001-07-21,44,That's A Plan,Mark McGuinn,44,5,Gains In Performance
2001-07-21,45,Southern Rain,Billy Ray Cyrus,45,7,Gains In Performance
2001-07-21,46,Man Of Me,Gary Allan,46,3,Gains In Performance
2001-07-21,47,I'm Tryin',Trace Adkins,51,3,Gains In Performance
2001-07-21,48,Getting There,Terri Clark,48,3,Gains In Performance
2001-07-21,49,If You Ever Feel Like Lovin' Me Again,Clay Walker,50,2,Gains In Performance
2001-07-21,50,Unbroken By You,Kortney Kayle,55,7,Gains In Performance
2001-07-21,51,The Bird Song,Meredith Edwards,47,9,
2001-07-21,52,Telluride,Tim McGraw,54,8,Gains In Performance
2001-07-21,53,Where I Come From,Alan Jackson,58,4,Gains In Performance
2001-07-21,54,She Ain't Gonna Cry,Marshall Dyllon,60,2,Gains In Performance
2001-07-21,55,I Want You To Want Me,Dwight Yoakam,49,8,
2001-07-21,56,Crazy Life,Tim Rushlow,NEW,1,Highest ranking debut|Gains In Performance
2001-07-21,57,When You Come Back Down,Nickel Creek,RE,4,Gains In Performance
2001-07-21,58,America The Beautiful,Various Artists,NEW,1,Gains In Performance
2001-07-21,59,Texas In 1880,Radney Foster With Pat Green,RE,3,Gains In Performance
2001-07-21,60,Who I Am To You,Coley McCabe,59,5,
2001-07-28,1,I'm Already There,Lonestar,1,16,
2001-07-28,2,She Couldn't Change Me,Montgomery Gentry,2,25,Gains In Performance
2001-07-28,3,When I Think About Angels,Jamie O'Neal,3,18,Gains In Performance
2001-07-28,4,Austin,Blake Shelton,6,14,Greatest gainer this week|Gains In Performance
2001-07-28,5,I'm Just Talkin' About Tonight,Toby Keith,8,10,Gains In Performance
2001-07-28,6,Two People Fell In Love,Brad Paisley,4,19,Gains In Performance
2001-07-28,7,Where The Blacktop Ends,Keith Urban,10,16,Gains In Performance
2001-07-28,8,Downtime,Jo Dee Messina,11,16,Gains In Performance
2001-07-28,9,Laredo,Chris Cagle,13,25,Gains In Performance
2001-07-28,10,I Could Not Ask For More,Sara Evans,5,24,
2001-07-28,11,Grown Men Don't Cry,Tim McGraw,9,19,
2001-07-28,12,Ain't Nothing 'Bout You,Brooks & Dunn,14,24,
2001-07-28,13,While You Loved Me,Rascal Flatts,16,18,Gains In Performance
2001-07-28,14,Only In America,Brooks & Dunn,20,6,Gains In Performance
2001-07-28,15,What I Really Meant To Say,Cyndi Thomson,19,18,Gains In Performance
2001-07-28,16,When Somebody Loves You,Alan Jackson,7,21,
2001-07-28,17,Why They Call It Falling,Lee Ann Womack,18,17,Gains In Performance
2001-07-28,18,Don't Happen Twice,Kenny Chesney,15,28,
2001-07-28,19,I Would've Loved You Anyway,Trisha Yearwood,21,17,Gains In Performance
2001-07-28,20,It's A Great Day To Be Alive,Travis Tritt,17,33,
2001-07-28,21,Sweet Summer,Diamond Rio,24,12,Gains In Performance
2001-07-28,22,Second Wind,Darryl Worley,22,17,Gains In Performance
2001-07-28,23,So Complicated,Carolyn Dawn Johnson,25,15,Gains In Performance
2001-07-28,24,Six-Pack Summer,Phil Vassar,26,9,Gains In Performance
2001-07-28,25,What I Did Right,Sons Of The Desert,27,25,Gains In Performance
2001-07-28,26,Angels In Waiting,Tammy Cochran,28,18,Gains In Performance
2001-07-28,27,Still Holding Out For You,SHeDAISY,30,15,Gains In Performance
2001-07-28,28,On A Night Like This,Trick Pony,29,13,Gains In Performance
2001-07-28,29,Heartbreak Town,Dixie Chicks,33,5,Gains In Performance
2001-07-28,30,There You'll Be,Faith Hill,23,10,
2001-07-28,31,When God-Fearin' Women Get The Blues,Martina McBride,36,5,Gains In Performance
2001-07-28,32,Loving Every Minute,Mark Wills,31,14,
2001-07-28,33,How Cool Is That,Andy Griggs,32,11,Gains In Performance
2001-07-28,34,Love Of A Woman,Travis Tritt,34,7,Gains In Performance
2001-07-28,35,Never Love You Enough,Chely Wright,35,9,Gains In Performance
2001-07-28,36,Where Does It Hurt,The Warren Brothers,38,9,Gains In Performance
2001-07-28,37,Real Life (I Never Was The Same Again),Jeff Carson,40,10,Gains In Performance
2001-07-28,38,Standin' Still,The Clark Family Experience,39,13,
2001-07-28,39,I Want You Bad,Charlie Robison,41,18,
2001-07-28,40,I'm Tryin',Trace Adkins,47,4,Gains In Performance
2001-07-28,41,That's A Plan,Mark McGuinn,44,6,Gains In Performance
2001-07-28,42,"Helplessly, Hopelessly",Jessica Andrews,43,8,Gains In Performance
2001-07-28,43,Where I Come From,Alan Jackson,53,5,Gains In Performance
2001-07-28,44,Honey Do,Mike Walker,42,11,
2001-07-28,45,A Good Way To Get On My Bad Side,Tracy Byrd Duet With Mark Chesnutt,37,19,
2001-07-28,46,Man Of Me,Gary Allan,46,4,Gains In Performance
2001-07-28,47,Southern Rain,Billy Ray Cyrus,45,8,Gains In Performance
2001-07-28,48,Angry All The Time,Tim McGraw,NEW,1,Highest ranking debut|Gains In Performance
2001-07-28,49,Getting There,Terri Clark,48,4,Gains In Performance
2001-07-28,50,If You Ever Feel Like Lovin' Me Again,Clay Walker,49,3,Gains In Performance
2001-07-28,51,I'm A Survivor,Reba,NEW,1,Gains In Performance
2001-07-28,52,She Ain't Gonna Cry,Marshall Dyllon,54,3,Gains In Performance
2001-07-28,53,Good Morning Beautiful,Steve Holy,NEW,1,Gains In Performance
2001-07-28,54,Texas In 1880,Radney Foster With Pat Green,59,4,Gains In Performance
2001-07-28,55,Unbroken By You,Kortney Kayle,50,8,
2001-07-28,56,The Tin Man,Kenny Chesney,RE,7,Gains In Performance
2001-07-28,57,Crazy Life,Tim Rushlow,56,2,Gains In Performance
2001-07-28,58,When You Come Back Down,Nickel Creek,57,5,Gains In Performance
2001-07-28,59,Telluride,Tim McGraw,52,9,
2001-07-28,60,In Another World,Joe Diffie,NEW,1,Gains In Performance
2001-08-04,1,When I Think About Angels,Jamie O'Neal,3,19,Gains In Performance
2001-08-04,2,She Couldn't Change Me,Montgomery Gentry,2,26,Gains In Performance
2001-08-04,3,I'm Already There,Lonestar,1,17,
2001-08-04,4,Austin,Blake Shelton,4,15,Gains In Performance
2001-08-04,5,I'm Just Talkin' About Tonight,Toby Keith,5,11,Gains In Performance
2001-08-04,6,Where The Blacktop Ends,Keith Urban,7,17,Gains In Performance
2001-08-04,7,Two People Fell In Love,Brad Paisley,6,20,
2001-08-04,8,Downtime,Jo Dee Messina,8,17,Gains In Performance
2001-08-04,9,Laredo,Chris Cagle,9,26,Gains In Performance
2001-08-04,10,What I Really Meant To Say,Cyndi Thomson,15,19,Gains In Performance
2001-08-04,11,Only In America,Brooks & Dunn,14,7,Gains In Performance
2001-08-04,12,While You Loved Me,Rascal Flatts,13,19,Gains In Performance
2001-08-04,13,I Would've Loved You Anyway,Trisha Yearwood,19,18,Gains In Performance
2001-08-04,14,I Could Not Ask For More,Sara Evans,10,25,
2001-08-04,15,Ain't Nothing 'Bout You,Brooks & Dunn,12,25,
2001-08-04,16,Why They Call It Falling,Lee Ann Womack,17,18,
2001-08-04,17,Don't Happen Twice,Kenny Chesney,18,29,
2001-08-04,18,Grown Men Don't Cry,Tim McGraw,11,20,
2001-08-04,19,It's A Great Day To Be Alive,Travis Tritt,20,34,
2001-08-04,20,Six-Pack Summer,Phil Vassar,24,10,Gains In Performance
2001-08-04,21,Sweet Summer,Diamond Rio,21,13,Gains In Performance
2001-08-04,22,So Complicated,Carolyn Dawn Johnson,23,16,Gains In Performance
2001-08-04,23,Second Wind,Darryl Worley,22,18,Gains In Performance
2001-08-04,24,What I Did Right,Sons Of The Desert,25,26,Gains In Performance
2001-08-04,25,Angels In Waiting,Tammy Cochran,26,19,Gains In Performance
2001-08-04,26,On A Night Like This,Trick Pony,28,14,Gains In Performance
2001-08-04,27,When God-Fearin' Women Get The Blues,Martina McBride,31,6,Gains In Performance
2001-08-04,28,Heartbreak Town,Dixie Chicks,29,6,Gains In Performance
2001-08-04,29,Still Holding Out For You,SHeDAISY,27,16,Gains In Performance
2001-08-04,30,How Cool Is That,Andy Griggs,33,12,Gains In Performance
2001-08-04,31,Love Of A Woman,Travis Tritt,34,8,Gains In Performance
2001-08-04,32,Loving Every Minute,Mark Wills,32,15,Gains In Performance
2001-08-04,33,Angry All The Time,Tim McGraw,48,2,Gains In Performance
2001-08-04,34,Never Love You Enough,Chely Wright,35,10,Gains In Performance
2001-08-04,35,Where I Come From,Alan Jackson,43,6,Gains In Performance
2001-08-04,36,Real Life (I Never Was The Same Again),Jeff Carson,37,11,Gains In Performance
2001-08-04,37,Where Does It Hurt,The Warren Brothers,36,10,Gains In Performance
2001-08-04,38,There You'll Be,Faith Hill,30,11,
2001-08-04,39,I'm Tryin',Trace Adkins,40,5,Gains In Performance
2001-08-04,40,Standin' Still,The Clark Family Experience,38,14,
2001-08-04,41,I'm A Survivor,Reba,51,2,Gains In Performance
2001-08-04,42,That's A Plan,Mark McGuinn,41,7,Gains In Performance
2001-08-04,43,Man Of Me,Gary Allan,46,5,Gains In Performance
2001-08-04,44,"Helplessly, Hopelessly",Jessica Andrews,42,9,Gains In Performance
2001-08-04,45,Honey Do,Mike Walker,44,12,
2001-08-04,46,Getting There,Terri Clark,49,5,Gains In Performance
2001-08-04,47,If You Ever Feel Like Lovin' Me Again,Clay Walker,50,4,Gains In Performance
2001-08-04,48,Southern Rain,Billy Ray Cyrus,47,9,
2001-08-04,49,I Want You Bad,Charlie Robison,39,19,
2001-08-04,50,She Ain't Gonna Cry,Marshall Dyllon,52,4,Gains In Performance
2001-08-04,51,A Good Way To Get On My Bad Side,Tracy Byrd Duet With Mark Chesnutt,45,20,
2001-08-04,52,Unbroken By You,Kortney Kayle,55,9,Gains In Performance
2001-08-04,53,In Another World,Joe Diffie,60,2,Gains In Performance
2001-08-04,54,The Tin Man,Kenny Chesney,56,8,Gains In Performance
2001-08-04,55,When You Come Back Down,Nickel Creek,58,6,Gains In Performance
2001-08-04,56,Crazy Life,Tim Rushlow,57,3,
2001-08-04,57,The Man He Was,George Jones,NEW,1,Highest ranking debut|Gains In Performance
2001-08-04,58,Texas In 1880,Radney Foster With Pat Green,54,5,
2001-08-04,59,I Am A Man Of Constant Sorrow,The Soggy Bottom Boys,RE,12,Gains In Performance
2001-08-04,60,Telluride,Tim McGraw,59,10,
2001-08-11,1,Austin,Blake Shelton,4,16,Gains In Performance
2001-08-11,2,When I Think About Angels,Jamie O'Neal,1,20,
2001-08-11,3,She Couldn't Change Me,Montgomery Gentry,2,27,
2001-08-11,4,I'm Just Talkin' About Tonight,Toby Keith,5,12,Gains In Performance
2001-08-11,5,I'm Already There,Lonestar,3,18,
2001-08-11,6,Where The Blacktop Ends,Keith Urban,6,18,Gains In Performance
2001-08-11,7,Downtime,Jo Dee Messina,8,18,
2001-08-11,8,Laredo,Chris Cagle,9,27,Gains In Performance
2001-08-11,9,Two People Fell In Love,Brad Paisley,7,21,
2001-08-11,10,Only In America,Brooks & Dunn,11,8,Gains In Performance
2001-08-11,11,What I Really Meant To Say,Cyndi Thomson,10,20,Gains In Performance
2001-08-11,12,While You Loved Me,Rascal Flatts,12,20,Gains In Performance
2001-08-11,13,I Would've Loved You Anyway,Trisha Yearwood,13,19,Gains In Performance
2001-08-11,14,Why They Call It Falling,Lee Ann Womack,16,19,Gains In Performance
2001-08-11,15,Ain't Nothing 'Bout You,Brooks & Dunn,15,26,
2001-08-11,16,Don't Happen Twice,Kenny Chesney,17,30,
2001-08-11,17,I Could Not Ask For More,Sara Evans,14,26,
2001-08-11,18,It's A Great Day To Be Alive,Travis Tritt,19,35,
2001-08-11,19,Six-Pack Summer,Phil Vassar,20,11,Gains In Performance
2001-08-11,20,So Complicated,Carolyn Dawn Johnson,22,17,Gains In Performance
2001-08-11,21,Sweet Summer,Diamond Rio,21,14,Gains In Performance
2001-08-11,22,Second Wind,Darryl Worley,23,19,Gains In Performance
2001-08-11,23,What I Did Right,Sons Of The Desert,24,27,Gains In Performance
2001-08-11,24,When God-Fearin' Women Get The Blues,Martina McBride,27,7,Gains In Performance
2001-08-11,25,On A Night Like This,Trick Pony,26,15,Gains In Performance
2001-08-11,26,Angels In Waiting,Tammy Cochran,25,20,Gains In Performance
2001-08-11,27,Angry All The Time,Tim McGraw,33,3,Gains In Performance
2001-08-11,28,Heartbreak Town,Dixie Chicks,28,7,Gains In Performance
2001-08-11,29,Love Of A Woman,Travis Tritt,31,9,Gains In Performance
2001-08-11,30,How Cool Is That,Andy Griggs,30,13,Gains In Performance
2001-08-11,31,Where I Come From,Alan Jackson,35,7,Gains In Performance
2001-08-11,32,Loving Every Minute,Mark Wills,32,16,Gains In Performance
2001-08-11,33,Real Life (I Never Was The Same Again),Jeff Carson,36,12,Gains In Performance
2001-08-11,34,Never Love You Enough,Chely Wright,34,11,Gains In Performance
2001-08-11,35,Where Does It Hurt,The Warren Brothers,37,11,Gains In Performance
2001-08-11,36,Still Holding Out For You,SHeDAISY,29,17,
2001-08-11,37,I'm A Survivor,Reba,41,3,Gains In Performance
2001-08-11,38,I'm Tryin',Trace Adkins,39,6,Gains In Performance
2001-08-11,39,There You'll Be,Faith Hill,38,12,
2001-08-11,40,That's A Plan,Mark McGuinn,42,8,Gains In Performance
2001-08-11,41,Man Of Me,Gary Allan,43,6,Gains In Performance
2001-08-11,42,"Helplessly, Hopelessly",Jessica Andrews,44,10,Gains In Performance
2001-08-11,43,The Tin Man,Kenny Chesney,54,9,Gains In Performance
2001-08-11,44,In Another World,Joe Diffie,53,3,Gains In Performance
2001-08-11,45,If You Ever Feel Like Lovin' Me Again,Clay Walker,47,5,Gains In Performance
2001-08-11,46,Getting There,Terri Clark,46,6,Gains In Performance
2001-08-11,47,She Ain't Gonna Cry,Marshall Dyllon,50,5,Gains In Performance
2001-08-11,48,Honey Do,Mike Walker,45,13,
2001-08-11,49,Standin' Still,The Clark Family Experience,40,15,
2001-08-11,50,I Want You Bad,Charlie Robison,49,20,
2001-08-11,51,Good Morning Beautiful,Steve Holy,RE,2,Gains In Performance
2001-08-11,52,Crazy Life,Tim Rushlow,56,4,Gains In Performance
2001-08-11,53,Unbroken By You,Kortney Kayle,52,10,
2001-08-11,54,When You Come Back Down,Nickel Creek,55,7,Gains In Performance
2001-08-11,55,Southern Rain,Billy Ray Cyrus,48,10,
2001-08-11,56,The Man He Was,George Jones,57,2,Gains In Performance
2001-08-11,57,Ain't Nobody Gonna Take That From Me,Collin Raye,NEW,1,Highest ranking debut|Gains In Performance
2001-08-11,58,Always Was,Aaron Tippin,NEW,1,Gains In Performance
2001-08-11,59,Telluride,Tim McGraw,60,11,Gains In Performance
2001-08-11,60,Texas In 1880,Radney Foster With Pat Green,58,6,
2001-08-18,1,Austin,Blake Shelton,1,17,Gains In Performance
2001-08-18,2,I'm Just Talkin' About Tonight,Toby Keith,4,13,Gains In Performance
2001-08-18,3,When I Think About Angels,Jamie O'Neal,2,21,
2001-08-18,4,Where The Blacktop Ends,Keith Urban,6,19,Gains In Performance
2001-08-18,5,I'm Already There,Lonestar,5,19,
2001-08-18,6,She Couldn't Change Me,Montgomery Gentry,3,28,
2001-08-18,7,Downtime,Jo Dee Messina,7,19,Gains In Performance
2001-08-18,8,What I Really Meant To Say,Cyndi Thomson,11,21,Gains In Performance
2001-08-18,9,While You Loved Me,Rascal Flatts,12,21,Gains In Performance
2001-08-18,10,Laredo,Chris Cagle,8,28,Gains In Performance
2001-08-18,11,Only In America,Brooks & Dunn,10,9,Gains In Performance
2001-08-18,12,I Would've Loved You Anyway,Trisha Yearwood,13,20,Gains In Performance
2001-08-18,13,Why They Call It Falling,Lee Ann Womack,14,20,Gains In Performance
2001-08-18,14,Ain't Nothing 'Bout You,Brooks & Dunn,15,27,
2001-08-18,15,Six-Pack Summer,Phil Vassar,19,12,Gains In Performance
2001-08-18,16,Angry All The Time,Tim McGraw,27,4,Gains In Performance
2001-08-18,17,So Complicated,Carolyn Dawn Johnson,20,18,Gains In Performance
2001-08-18,18,Sweet Summer,Diamond Rio,21,15,Gains In Performance
2001-08-18,19,It's A Great Day To Be Alive,Travis Tritt,18,36,
2001-08-18,20,Second Wind,Darryl Worley,22,20,Gains In Performance
2001-08-18,21,When God-Fearin' Women Get The Blues,Martina McBride,24,8,Gains In Performance
2001-08-18,22,Where I Come From,Alan Jackson,31,8,Gains In Performance
2001-08-18,23,Angels In Waiting,Tammy Cochran,26,21,Gains In Performance
2001-08-18,24,On A Night Like This,Trick Pony,25,16,Gains In Performance
2001-08-18,25,What I Did Right,Sons Of The Desert,23,28,Gains In Performance
2001-08-18,26,Love Of A Woman,Travis Tritt,29,10,Gains In Performance
2001-08-18,27,Heartbreak Town,Dixie Chicks,28,8,Gains In Performance
2001-08-18,28,How Cool Is That,Andy Griggs,30,14,Gains In Performance
2001-08-18,29,Loving Every Minute,Mark Wills,32,17,Gains In Performance
2001-08-18,30,I'm A Survivor,Reba,37,4,Gains In Performance
2001-08-18,31,Real Life (I Never Was The Same Again),Jeff Carson,33,13,Gains In Performance
2001-08-18,32,Never Love You Enough,Chely Wright,34,12,Gains In Performance
2001-08-18,33,I'm Tryin',Trace Adkins,38,7,Gains In Performance
2001-08-18,34,Where Does It Hurt,The Warren Brothers,35,12,
2001-08-18,35,That's A Plan,Mark McGuinn,40,9,Gains In Performance
2001-08-18,36,There You'll Be,Faith Hill,39,13,
2001-08-18,37,Man Of Me,Gary Allan,41,7,Gains In Performance
2001-08-18,38,The Tin Man,Kenny Chesney,43,10,Gains In Performance
2001-08-18,39,"Helplessly, Hopelessly",Jessica Andrews,42,11,Gains In Performance
2001-08-18,40,Still Holding Out For You,SHeDAISY,36,18,
2001-08-18,41,Getting There,Terri Clark,46,7,Gains In Performance
2001-08-18,42,If You Ever Feel Like Lovin' Me Again,Clay Walker,45,6,Gains In Performance
2001-08-18,43,In Another World,Joe Diffie,44,4,Gains In Performance
2001-08-18,44,She Ain't Gonna Cry,Marshall Dyllon,47,6,Gains In Performance
2001-08-18,45,Good Morning Beautiful,Steve Holy,51,3,Gains In Performance
2001-08-18,46,Crazy Life,Tim Rushlow,52,5,Gains In Performance
2001-08-18,47,The Man He Was,George Jones,56,3,Gains In Performance
2001-08-18,48,Always Was,Aaron Tippin,58,2,Gains In Performance
2001-08-18,49,Ain't Nobody Gonna Take That From Me,Collin Raye,57,2,Gains In Performance
2001-08-18,50,When You Come Back Down,Nickel Creek,54,8,Gains In Performance
2001-08-18,51,Unbroken By You,Kortney Kayle,53,11,
2001-08-18,52,Standin' Still,The Clark Family Experience,49,16,
2001-08-18,53,Telluride,Tim McGraw,59,12,Gains In Performance
2001-08-18,54,Tell Me How,Chad Brock,NEW,1,Highest ranking debut|Gains In Performance
2001-08-18,55,Texas In 1880,Radney Foster With Pat Green,60,7,Gains In Performance
2001-08-18,56,Honey Do,Mike Walker,48,14,
2001-08-18,57,With Me,Lonestar,NEW,1,Gains In Performance
2001-08-18,58,Too Country,Brad Paisley,NEW,1,Gains In Performance
2001-08-18,59,Arizona Rain,3 Of Hearts,NEW,1,Gains In Performance
2001-08-18,60,Beautiful (All That You Could Be),Kenny Rogers,NEW,1,Gains In Performance
2001-08-25,1,Austin,Blake Shelton,1,18,Gains In Performance
2001-08-25,2,I'm Just Talkin' About Tonight,Toby Keith,2,14,Gains In Performance
2001-08-25,3,Where The Blacktop Ends,Keith Urban,4,20,Gains In Performance
2001-08-25,4,When I Think About Angels,Jamie O'Neal,3,22,
2001-08-25,5,What I Really Meant To Say,Cyndi Thomson,8,22,Gains In Performance
2001-08-25,6,Downtime,Jo Dee Messina,7,20,Gains In Performance
2001-08-25,7,While You Loved Me,Rascal Flatts,9,22,Gains In Performance
2001-08-25,8,I'm Already There,Lonestar,5,20,
2001-08-25,9,Laredo,Chris Cagle,10,29,Gains In Performance
2001-08-25,10,Only In America,Brooks & Dunn,11,10,Gains In Performance
2001-08-25,11,I Would've Loved You Anyway,Trisha Yearwood,12,21,Gains In Performance
2001-08-25,12,She Couldn't Change Me,Montgomery Gentry,6,29,
2001-08-25,13,Angry All The Time,Tim McGraw,16,5,Gains In Performance
2001-08-25,14,Six-Pack Summer,Phil Vassar,15,13,Gains In Performance
2001-08-25,15,Why They Call It Falling,Lee Ann Womack,13,21,
2001-08-25,16,Where I Come From,Alan Jackson,22,9,Gains In Performance
2001-08-25,17,So Complicated,Carolyn Dawn Johnson,17,19,Gains In Performance
2001-08-25,18,Sweet Summer,Diamond Rio,18,16,Gains In Performance
2001-08-25,19,Ain't Nothing 'Bout You,Brooks & Dunn,14,28,
2001-08-25,20,It's A Great Day To Be Alive,Travis Tritt,19,37,
2001-08-25,21,When God-Fearin' Women Get The Blues,Martina McBride,21,9,Gains In Performance
2001-08-25,22,What I Did Right,Sons Of The Desert,25,29,Gains In Performance
2001-08-25,23,Angels In Waiting,Tammy Cochran,23,22,Gains In Performance
2001-08-25,24,On A Night Like This,Trick Pony,24,17,Gains In Performance
2001-08-25,25,Love Of A Woman,Travis Tritt,26,11,Gains In Performance
2001-08-25,26,Heartbreak Town,Dixie Chicks,27,9,Gains In Performance
2001-08-25,27,I'm A Survivor,Reba,30,5,Gains In Performance
2001-08-25,28,How Cool Is That,Andy Griggs,28,15,Gains In Performance
2001-08-25,29,Loving Every Minute,Mark Wills,29,18,Gains In Performance
2001-08-25,30,Real Life (I Never Was The Same Again),Jeff Carson,31,14,Gains In Performance
2001-08-25,31,I'm Tryin',Trace Adkins,33,8,Gains In Performance
2001-08-25,32,Never Love You Enough,Chely Wright,32,13,
2001-08-25,33,Where Does It Hurt,The Warren Brothers,34,13,
2001-08-25,34,That's A Plan,Mark McGuinn,35,10,Gains In Performance
2001-08-25,35,The Tin Man,Kenny Chesney,38,11,Gains In Performance
2001-08-25,36,Man Of Me,Gary Allan,37,8,Gains In Performance
2001-08-25,37,"Helplessly, Hopelessly",Jessica Andrews,39,12,Gains In Performance
2001-08-25,38,There You'll Be,Faith Hill,36,14,
2001-08-25,39,In Another World,Joe Diffie,43,5,Gains In Performance
2001-08-25,40,If You Ever Feel Like Lovin' Me Again,Clay Walker,42,7,Gains In Performance
2001-08-25,41,Getting There,Terri Clark,41,8,Gains In Performance
2001-08-25,42,Good Morning Beautiful,Steve Holy,45,4,Gains In Performance
2001-08-25,43,With Me,Lonestar,57,2,Gains In Performance
2001-08-25,44,She Ain't Gonna Cry,Marshall Dyllon,44,7,
2001-08-25,45,Always Was,Aaron Tippin,48,3,Gains In Performance
2001-08-25,46,Still Holding Out For You,SHeDAISY,40,19,
2001-08-25,47,Crazy Life,Tim Rushlow,46,6,Gains In Performance
2001-08-25,48,When You Come Back Down,Nickel Creek,50,9,Gains In Performance
2001-08-25,49,Just Let Me Be In Love,Tracy Byrd,NEW,1,Highest ranking debut|Gains In Performance
2001-08-25,50,Ain't Nobody Gonna Take That From Me,Collin Raye,49,3,
2001-08-25,51,I Wanna Talk About Me,Toby Keith,NEW,1,Gains In Performance
2001-08-25,52,The Man He Was,George Jones,47,4,
2001-08-25,53,Night Disappear With You,Brian McComas,NEW,1,Gains In Performance
2001-08-25,54,Texas In 1880,Radney Foster With Pat Green,55,8,Gains In Performance
2001-08-25,55,Unbroken By You,Kortney Kayle,51,12,
2001-08-25,56,Cold One Comin' On,Montgomery Gentry,NEW,1,Gains In Performance
2001-08-25,57,Telluride,Tim McGraw,53,13,
2001-08-25,58,Tell Me How,Chad Brock,54,2,
2001-08-25,59,Beautiful (All That You Could Be),Kenny Rogers,60,2,Gains In Performance
2001-08-25,60,Honey Do,Mike Walker,56,15,
2001-09-01,1,Austin,Blake Shelton,1,19,
2001-09-01,2,I'm Just Talkin' About Tonight,Toby Keith,2,15,Gains In Performance
2001-09-01,3,Where The Blacktop Ends,Keith Urban,3,21,Gains In Performance
2001-09-01,4,What I Really Meant To Say,Cyndi Thomson,5,23,Gains In Performance
2001-09-01,5,Downtime,Jo Dee Messina,6,21,Gains In Performance
2001-09-01,6,Only In America,Brooks & Dunn,10,11,Gains In Performance
2001-09-01,7,When I Think About Angels,Jamie O'Neal,4,23,
2001-09-01,8,I Would've Loved You Anyway,Trisha Yearwood,11,22,Gains In Performance
2001-09-01,9,While You Loved Me,Rascal Flatts,7,23,
2001-09-01,10,Laredo,Chris Cagle,9,30,
2001-09-01,11,I'm Already There,Lonestar,8,21,
2001-09-01,12,Angry All The Time,Tim McGraw,13,6,Gains In Performance
2001-09-01,13,Where I Come From,Alan Jackson,16,10,Gains In Performance
2001-09-01,14,She Couldn't Change Me,Montgomery Gentry,12,30,
2001-09-01,15,Six-Pack Summer,Phil Vassar,14,14,Gains In Performance
2001-09-01,16,So Complicated,Carolyn Dawn Johnson,17,20,Gains In Performance
2001-09-01,17,When God-Fearin' Women Get The Blues,Martina McBride,21,10,Gains In Performance
2001-09-01,18,Sweet Summer,Diamond Rio,18,17,
2001-09-01,19,Ain't Nothing 'Bout You,Brooks & Dunn,19,29,
2001-09-01,20,It's A Great Day To Be Alive,Travis Tritt,20,38,
2001-09-01,21,On A Night Like This,Trick Pony,24,18,Gains In Performance
2001-09-01,22,Angels In Waiting,Tammy Cochran,23,23,Gains In Performance
2001-09-01,23,Love Of A Woman,Travis Tritt,25,12,Gains In Performance
2001-09-01,24,What I Did Right,Sons Of The Desert,22,30,Gains In Performance
2001-09-01,25,I'm A Survivor,Reba,27,6,Gains In Performance
2001-09-01,26,Heartbreak Town,Dixie Chicks,26,10,Gains In Performance
2001-09-01,27,How Cool Is That,Andy Griggs,28,16,Gains In Performance
2001-09-01,28,Real Life (I Never Was The Same Again),Jeff Carson,30,15,Gains In Performance
2001-09-01,29,Loving Every Minute,Mark Wills,29,19,Gains In Performance
2001-09-01,30,I'm Tryin',Trace Adkins,31,9,Gains In Performance
2001-09-01,31,Never Love You Enough,Chely Wright,32,14,Gains In Performance
2001-09-01,32,The Tin Man,Kenny Chesney,35,12,Gains In Performance
2001-09-01,33,That's A Plan,Mark McGuinn,34,11,Gains In Performance
2001-09-01,34,Man Of Me,Gary Allan,36,9,Gains In Performance
2001-09-01,35,Where Does It Hurt,The Warren Brothers,33,14,
2001-09-01,36,"Helplessly, Hopelessly",Jessica Andrews,37,13,Gains In Performance
2001-09-01,37,With Me,Lonestar,43,3,Gains In Performance
2001-09-01,38,If You Ever Feel Like Lovin' Me Again,Clay Walker,40,8,Gains In Performance
2001-09-01,39,There You'll Be,Faith Hill,38,15,
2001-09-01,40,In Another World,Joe Diffie,39,6,Gains In Performance
2001-09-01,41,Good Morning Beautiful,Steve Holy,42,5,Gains In Performance
2001-09-01,42,Getting There,Terri Clark,41,9,
2001-09-01,43,Always Was,Aaron Tippin,45,4,Gains In Performance
2001-09-01,44,Crazy Life,Tim Rushlow,47,7,Gains In Performance
2001-09-01,45,Ain't Nobody Gonna Take That From Me,Collin Raye,50,4,Gains In Performance
2001-09-01,46,I Wanna Talk About Me,Toby Keith,51,2,Gains In Performance
2001-09-01,47,Just Let Me Be In Love,Tracy Byrd,49,2,Gains In Performance
2001-09-01,48,She Ain't Gonna Cry,Marshall Dyllon,44,8,
2001-09-01,49,Wrapped Around,Brad Paisley,NEW,1,Highest ranking debut|Gains In Performance
2001-09-01,50,When You Come Back Down,Nickel Creek,48,10,
2001-09-01,51,Somethin' In The Water,Jeffrey Steele,NEW,1,Gains In Performance
2001-09-01,52,Life Don't Have To Be So Hard,Tracy Lawrence,NEW,1,Gains In Performance
2001-09-01,53,The Man He Was,George Jones,52,5,Gains In Performance
2001-09-01,54,Still Holding Out For You,SHeDAISY,46,20,
2001-09-01,55,Night Disappear With You,Brian McComas,53,2,Gains In Performance
2001-09-01,56,Cold One Comin' On,Montgomery Gentry,56,2,Gains In Performance
2001-09-01,57,Beautiful (All That You Could Be),Kenny Rogers,59,3,Gains In Performance
2001-09-01,58,Tell Me How,Chad Brock,58,3,Gains In Performance
2001-09-01,59,Telluride,Tim McGraw,57,14,Gains In Performance
2001-09-01,60,Texas In 1880,Radney Foster With Pat Green,54,9,
2001-09-08,1,Austin,Blake Shelton,1,20,
2001-09-08,2,I'm Just Talkin' About Tonight,Toby Keith,2,16,Gains In Performance
2001-09-08,3,Where The Blacktop Ends,Keith Urban,3,22,
2001-09-08,4,What I Really Meant To Say,Cyndi Thomson,4,24,Greatest gainer this week|Gains In Performance
2001-09-08,5,Only In America,Brooks & Dunn,6,12,Gains In Performance
2001-09-08,6,I Would've Loved You Anyway,Trisha Yearwood,8,23,Gains In Performance
2001-09-08,7,Angry All The Time,Tim McGraw,12,7,Gains In Performance
2001-09-08,8,Downtime,Jo Dee Messina,5,22,
2001-09-08,9,Where I Come From,Alan Jackson,13,11,Gains In Performance
2001-09-08,10,When I Think About Angels,Jamie O'Neal,7,24,
2001-09-08,11,Six-Pack Summer,Phil Vassar,15,15,Gains In Performance
2001-09-08,12,While You Loved Me,Rascal Flatts,9,24,
2001-09-08,13,Laredo,Chris Cagle,10,31,
2001-09-08,14,I'm Already There,Lonestar,11,22,
2001-09-08,15,So Complicated,Carolyn Dawn Johnson,16,21,Gains In Performance
2001-09-08,16,When God-Fearin' Women Get The Blues,Martina McBride,17,11,Gains In Performance
2001-09-08,17,She Couldn't Change Me,Montgomery Gentry,14,31,
2001-09-08,18,Angels In Waiting,Tammy Cochran,22,24,Gains In Performance
2001-09-08,19,On A Night Like This,Trick Pony,21,19,Gains In Performance
2001-09-08,20,Love Of A Woman,Travis Tritt,23,13,Gains In Performance
2001-09-08,21,I'm A Survivor,Reba,25,7,Gains In Performance
2001-09-08,22,Sweet Summer,Diamond Rio,18,18,
2001-09-08,23,Heartbreak Town,Dixie Chicks,26,11,Gains In Performance
2001-09-08,24,Real Life (I Never Was The Same Again),Jeff Carson,28,16,Gains In Performance
2001-09-08,25,I'm Tryin',Trace Adkins,30,10,Gains In Performance
2001-09-08,26,How Cool Is That,Andy Griggs,27,17,Gains In Performance
2001-09-08,27,Loving Every Minute,Mark Wills,29,20,Gains In Performance
2001-09-08,28,Never Love You Enough,Chely Wright,31,15,Gains In Performance
2001-09-08,29,The Tin Man,Kenny Chesney,32,13,Gains In Performance
2001-09-08,30,With Me,Lonestar,37,4,Gains In Performance
2001-09-08,31,That's A Plan,Mark McGuinn,33,12,Gains In Performance
2001-09-08,32,Man Of Me,Gary Allan,34,10,Gains In Performance
2001-09-08,33,"Helplessly, Hopelessly",Jessica Andrews,36,14,Gains In Performance
2001-09-08,34,If You Ever Feel Like Lovin' Me Again,Clay Walker,38,9,Gains In Performance
2001-09-08,35,In Another World,Joe Diffie,40,7,Gains In Performance
2001-09-08,36,Good Morning Beautiful,Steve Holy,41,6,Gains In Performance
2001-09-08,37,I Wanna Talk About Me,Toby Keith,46,3,Gains In Performance
2001-09-08,38,Wrapped Around,Brad Paisley,49,2,Gains In Performance
2001-09-08,39,There You'll Be,Faith Hill,39,16,
2001-09-08,40,Just Let Me Be In Love,Tracy Byrd,47,3,Gains In Performance
2001-09-08,41,Always Was,Aaron Tippin,43,5,Gains In Performance
2001-09-08,42,Where Does It Hurt,The Warren Brothers,35,15,
2001-09-08,43,Crazy Life,Tim Rushlow,44,8,
2001-09-08,44,Getting There,Terri Clark,42,10,
2001-09-08,45,Ain't Nobody Gonna Take That From Me,Collin Raye,45,5,
2001-09-08,46,Somethin' In The Water,Jeffrey Steele,51,2,Gains In Performance
2001-09-08,47,Cold One Comin' On,Montgomery Gentry,56,3,Gains In Performance
2001-09-08,48,Shiver,Jamie O'Neal,NEW,1,Highest ranking debut|Gains In Performance
2001-09-08,49,Night Disappear With You,Brian McComas,55,3,Gains In Performance
2001-09-08,50,Tell Me How,Chad Brock,58,4,Gains In Performance
2001-09-08,51,The Man He Was,George Jones,53,6,Gains In Performance
2001-09-08,52,She Ain't Gonna Cry,Marshall Dyllon,48,9,
2001-09-08,53,Beautiful (All That You Could Be),Kenny Rogers,57,4,Gains In Performance
2001-09-08,54,When You Come Back Down,Nickel Creek,50,11,
2001-09-08,55,Riding With Private Malone,David Ball,NEW,1,Gains In Performance
2001-09-08,56,Life Don't Have To Be So Hard,Tracy Lawrence,52,2,
2001-09-08,57,I Am A Man Of Constant Sorrow,The Soggy Bottom Boys,RE,13,Gains In Performance
2001-09-08,58,Don't Play Any Love Songs,Jameson Clark,NEW,1,Gains In Performance
2001-09-08,59,That's What Brothers Do,Confederate Railroad,NEW,1,Gains In Performance
2001-09-08,60,Telluride,Tim McGraw,59,15,
2001-09-15,1,I'm Just Talkin' About Tonight,Toby Keith,2,17,Gains In Performance
2001-09-15,2,Austin,Blake Shelton,1,21,
2001-09-15,3,What I Really Meant To Say,Cyndi Thomson,4,25,Gains In Performance
2001-09-15,4,Where The Blacktop Ends,Keith Urban,3,23,
2001-09-15,5,Only In America,Brooks & Dunn,5,13,Gains In Performance
2001-09-15,6,I Would've Loved You Anyway,Trisha Yearwood,6,24,Gains In Performance
2001-09-15,7,Where I Come From,Alan Jackson,9,12,Greatest gainer this week|Gains In Performance
2001-09-15,8,Angry All The Time,Tim McGraw,7,8,Gains In Performance
2001-09-15,9,Six-Pack Summer,Phil Vassar,11,16,Gains In Performance
2001-09-15,10,So Complicated,Carolyn Dawn Johnson,15,22,Gains In Performance
2001-09-15,11,When I Think About Angels,Jamie O'Neal,10,25,
2001-09-15,12,When God-Fearin' Women Get The Blues,Martina McBride,16,12,Gains In Performance
2001-09-15,13,On A Night Like This,Trick Pony,19,20,Gains In Performance
2001-09-15,14,Downtime,Jo Dee Messina,8,23,
2001-09-15,15,I'm Already There,Lonestar,14,23,
2001-09-15,16,Angels In Waiting,Tammy Cochran,18,25,Gains In Performance
2001-09-15,17,I'm A Survivor,Reba,21,8,Gains In Performance
2001-09-15,18,Love Of A Woman,Travis Tritt,20,14,Gains In Performance
2001-09-15,19,She Couldn't Change Me,Montgomery Gentry,17,32,
2001-09-15,20,Real Life (I Never Was The Same Again),Jeff Carson,24,17,Gains In Performance
2001-09-15,21,I'm Tryin',Trace Adkins,25,11,Gains In Performance
2001-09-15,22,How Cool Is That,Andy Griggs,26,18,Gains In Performance
2001-09-15,23,Heartbreak Town,Dixie Chicks,23,12,
2001-09-15,24,Loving Every Minute,Mark Wills,27,21,Gains In Performance
2001-09-15,25,With Me,Lonestar,30,5,Gains In Performance
2001-09-15,26,The Tin Man,Kenny Chesney,29,14,Gains In Performance
2001-09-15,27,Never Love You Enough,Chely Wright,28,16,Gains In Performance
2001-09-15,28,That's A Plan,Mark McGuinn,31,13,Gains In Performance
2001-09-15,29,Man Of Me,Gary Allan,32,11,Gains In Performance
2001-09-15,30,Sweet Summer,Diamond Rio,22,19,
2001-09-15,31,"Helplessly, Hopelessly",Jessica Andrews,33,15,Gains In Performance
2001-09-15,32,I Wanna Talk About Me,Toby Keith,37,4,Gains In Performance
2001-09-15,33,Wrapped Around,Brad Paisley,38,3,Gains In Performance
2001-09-15,34,Good Morning Beautiful,Steve Holy,36,7,Gains In Performance
2001-09-15,35,If You Ever Feel Like Lovin' Me Again,Clay Walker,34,10,Gains In Performance
2001-09-15,36,In Another World,Joe Diffie,35,8,Gains In Performance
2001-09-15,37,Just Let Me Be In Love,Tracy Byrd,40,4,Gains In Performance
2001-09-15,38,Cold One Comin' On,Montgomery Gentry,47,4,Gains In Performance
2001-09-15,39,Somethin' In The Water,Jeffrey Steele,46,3,Gains In Performance
2001-09-15,40,Always Was,Aaron Tippin,41,6,Gains In Performance
2001-09-15,41,Riding With Private Malone,David Ball,55,2,Gains In Performance
2001-09-15,42,There You'll Be,Faith Hill,39,17,
2001-09-15,43,Shiver,Jamie O'Neal,48,2,Gains In Performance
2001-09-15,44,Crazy Life,Tim Rushlow,43,9,Gains In Performance
2001-09-15,45,Ain't Nobody Gonna Take That From Me,Collin Raye,45,6,Gains In Performance
2001-09-15,46,Night Disappear With You,Brian McComas,49,4,Gains In Performance
2001-09-15,47,Beautiful (All That You Could Be),Kenny Rogers,53,5,Gains In Performance
2001-09-15,48,Saints & Angels,Sara Evans,NEW,1,Highest ranking debut|Gains In Performance
2001-09-15,49,Carry On,Pat Green,NEW,1,Gains In Performance
2001-09-15,50,Tell Me How,Chad Brock,50,5,Gains In Performance
2001-09-15,51,The Man He Was,George Jones,51,7,Gains In Performance
2001-09-15,52,Life Don't Have To Be So Hard,Tracy Lawrence,56,3,Gains In Performance
2001-09-15,53,Bring On The Rain,Jo Dee Messina With Tim McGraw,NEW,1,Gains In Performance
2001-09-15,54,Where Does It Hurt,The Warren Brothers,42,16,
2001-09-15,55,Baby I Lied,Shannon Brown,NEW,1,Gains In Performance
2001-09-15,56,Getting There,Terri Clark,44,11,
2001-09-15,57,That's What Brothers Do,Confederate Railroad,59,2,Gains In Performance
2001-09-15,58,Don't Play Any Love Songs,Jameson Clark,58,2,Gains In Performance
2001-09-15,59,When You Come Back Down,Nickel Creek,54,12,
2001-09-15,60,I Am A Man Of Constant Sorrow,The Soggy Bottom Boys,57,14,
2001-09-22,1,What I Really Meant To Say,Cyndi Thomson,3,26,Gains In Performance
2001-09-22,2,I'm Just Talkin' About Tonight,Toby Keith,1,18,
2001-09-22,3,Austin,Blake Shelton,2,22,
2001-09-22,4,Where I Come From,Alan Jackson,7,13,Greatest gainer this week|Gains In Performance
2001-09-22,5,I Would've Loved You Anyway,Trisha Yearwood,6,25,Gains In Performance
2001-09-22,6,Only In America,Brooks & Dunn,5,14,Gains In Performance
2001-09-22,7,Angry All The Time,Tim McGraw,8,9,Gains In Performance
2001-09-22,8,Where The Blacktop Ends,Keith Urban,4,24,
2001-09-22,9,Six-Pack Summer,Phil Vassar,9,17,Gains In Performance
2001-09-22,10,So Complicated,Carolyn Dawn Johnson,10,23,Gains In Performance
2001-09-22,11,When God-Fearin' Women Get The Blues,Martina McBride,12,13,Gains In Performance
2001-09-22,12,On A Night Like This,Trick Pony,13,21,Gains In Performance
2001-09-22,13,I'm A Survivor,Reba,17,9,Gains In Performance
2001-09-22,14,Love Of A Woman,Travis Tritt,18,15,Gains In Performance
2001-09-22,15,Angels In Waiting,Tammy Cochran,16,26,Gains In Performance
2001-09-22,16,I'm Already There,Lonestar,15,24,
2001-09-22,17,When I Think About Angels,Jamie O'Neal,11,26,
2001-09-22,18,She Couldn't Change Me,Montgomery Gentry,19,33,
2001-09-22,19,I'm Tryin',Trace Adkins,21,12,Gains In Performance
2001-09-22,20,Real Life (I Never Was The Same Again),Jeff Carson,20,18,Gains In Performance
2001-09-22,21,With Me,Lonestar,25,6,Gains In Performance
2001-09-22,22,How Cool Is That,Andy Griggs,22,19,Gains In Performance
2001-09-22,23,Loving Every Minute,Mark Wills,24,22,Gains In Performance
2001-09-22,24,The Tin Man,Kenny Chesney,26,15,Gains In Performance
2001-09-22,25,Heartbreak Town,Dixie Chicks,23,13,
2001-09-22,26,That's A Plan,Mark McGuinn,28,14,Gains In Performance
2001-09-22,27,Never Love You Enough,Chely Wright,27,17,Gains In Performance
2001-09-22,28,Man Of Me,Gary Allan,29,12,Gains In Performance
2001-09-22,29,I Wanna Talk About Me,Toby Keith,32,5,Gains In Performance
2001-09-22,30,Wrapped Around,Brad Paisley,33,4,Gains In Performance
2001-09-22,31,Good Morning Beautiful,Steve Holy,34,8,Gains In Performance
2001-09-22,32,If You Ever Feel Like Lovin' Me Again,Clay Walker,35,11,Gains In Performance
2001-09-22,33,Just Let Me Be In Love,Tracy Byrd,37,5,Gains In Performance
2001-09-22,34,In Another World,Joe Diffie,36,9,Gains In Performance
2001-09-22,35,"Helplessly, Hopelessly",Jessica Andrews,31,16,
2001-09-22,36,Sweet Summer,Diamond Rio,30,20,
2001-09-22,37,Riding With Private Malone,David Ball,41,3,Gains In Performance
2001-09-22,38,Cold One Comin' On,Montgomery Gentry,38,5,Gains In Performance
2001-09-22,39,Shiver,Jamie O'Neal,43,3,Gains In Performance
2001-09-22,40,Always Was,Aaron Tippin,40,7,Gains In Performance
2001-09-22,41,Somethin' In The Water,Jeffrey Steele,39,4,Gains In Performance
2001-09-22,42,There You'll Be,Faith Hill,42,18,Gains In Performance
2001-09-22,43,Ain't Nobody Gonna Take That From Me,Collin Raye,45,7,Gains In Performance
2001-09-22,44,Bring On The Rain,Jo Dee Messina With Tim McGraw,53,2,Gains In Performance
2001-09-22,45,Night Disappear With You,Brian McComas,46,5,Gains In Performance
2001-09-22,46,Crazy Life,Tim Rushlow,44,10,
2001-09-22,47,Saints & Angels,Sara Evans,48,2,Gains In Performance
2001-09-22,48,Tell Me How,Chad Brock,50,6,Gains In Performance
2001-09-22,49,Beautiful (All That You Could Be),Kenny Rogers,47,6,Gains In Performance
2001-09-22,50,Carry On,Pat Green,49,2,Gains In Performance
2001-09-22,51,Life Don't Have To Be So Hard,Tracy Lawrence,52,4,Gains In Performance
2001-09-22,52,Baby I Lied,Shannon Brown,55,2,Gains In Performance
2001-09-22,53,The Man He Was,George Jones,51,8,
2001-09-22,54,That's What Brothers Do,Confederate Railroad,57,3,Gains In Performance
2001-09-22,55,Don't Play Any Love Songs,Jameson Clark,58,3,Gains In Performance
2001-09-22,56,Easy For Me To Say,Clint Black With Lisa Hartman Black,NEW,1,Highest ranking debut|Gains In Performance
2001-09-22,57,I Am A Man Of Constant Sorrow,The Soggy Bottom Boys,60,15,Gains In Performance
2001-09-22,58,"I Breathe In, I Breathe Out",Chris Cagle,NEW,1,Gains In Performance
2001-09-22,59,Elisabeth,Billy Gilman,NEW,1,Gains In Performance
2001-09-22,60,When You Come Back Down,Nickel Creek,59,13,
2001-09-29,1,What I Really Meant To Say,Cyndi Thomson,1,27,
2001-09-29,2,Where I Come From,Alan Jackson,4,14,
2001-09-29,3,Only In America,Brooks & Dunn,6,15,
2001-09-29,4,I Would've Loved You Anyway,Trisha Yearwood,5,26,
2001-09-29,5,Austin,Blake Shelton,3,23,
2001-09-29,6,Angry All The Time,Tim McGraw,7,10,
2001-09-29,7,I'm Just Talkin' About Tonight,Toby Keith,2,19,
2001-09-29,8,So Complicated,Carolyn Dawn Johnson,10,24,
2001-09-29,9,Angels In Waiting,Tammy Cochran,15,27,
2001-09-29,10,Love Of A Woman,Travis Tritt,14,16,
2001-09-29,11,I'm A Survivor,Reba,13,10,
2001-09-29,12,Where The Blacktop Ends,Keith Urban,8,25,
2001-09-29,13,On A Night Like This,Trick Pony,12,22,
2001-09-29,14,Six-Pack Summer,Phil Vassar,9,18,
2001-09-29,15,When God-Fearin' Women Get The Blues,Martina McBride,11,14,
2001-09-29,16,God Bless The USA,Lee Greenwood,NEW,1,Gains In Performance
2001-09-29,17,When I Think About Angels,Jamie O'Neal,17,27,
2001-09-29,18,I'm Already There,Lonestar,16,25,
2001-09-29,19,I'm Tryin',Trace Adkins,19,13,
2001-09-29,20,Real Life (I Never Was The Same Again),Jeff Carson,20,19,
2001-09-29,21,With Me,Lonestar,21,7,
2001-09-29,22,How Cool Is That,Andy Griggs,22,20,
2001-09-29,23,The Tin Man,Kenny Chesney,24,16,
2001-09-29,24,Loving Every Minute,Mark Wills,23,23,
2001-09-29,25,I Wanna Talk About Me,Toby Keith,29,6,
2001-09-29,26,Man Of Me,Gary Allan,28,13,
2001-09-29,27,Never Love You Enough,Chely Wright,27,18,
2001-09-29,28,That's A Plan,Mark McGuinn,26,15,
2001-09-29,29,Wrapped Around,Brad Paisley,30,5,
2001-09-29,30,Just Let Me Be In Love,Tracy Byrd,33,6,
2001-09-29,31,If You Ever Feel Like Lovin' Me Again,Clay Walker,32,12,
2001-09-29,32,Good Morning Beautiful,Steve Holy,31,9,
2001-09-29,33,Bring On The Rain,Jo Dee Messina With Tim McGraw,44,3,
2001-09-29,34,Riding With Private Malone,David Ball,37,4,
2001-09-29,35,Star Spangled Banner,Faith Hill,NEW,1,Highest ranking debut|Gains In Performance
2001-09-29,36,In Another World,Joe Diffie,34,10,
2001-09-29,37,Heartbreak Town,Dixie Chicks,25,14,
2001-09-29,38,Cold One Comin' On,Montgomery Gentry,38,6,
2001-09-29,39,Shiver,Jamie O'Neal,39,4,
2001-09-29,40,"Helplessly, Hopelessly",Jessica Andrews,35,17,
2001-09-29,41,Saints & Angels,Sara Evans,47,3,
2001-09-29,42,Somethin' In The Water,Jeffrey Steele,41,5,
2001-09-29,43,Always Was,Aaron Tippin,40,8,
2001-09-29,44,Ain't Nobody Gonna Take That From Me,Collin Raye,43,8,
2001-09-29,45,There Will Come A Day,Faith Hill,RE,10,Gains In Performance
2001-09-29,46,There You'll Be,Faith Hill,42,19,
2001-09-29,47,Tell Me How,Chad Brock,48,7,
2001-09-29,48,Beautiful (All That You Could Be),Kenny Rogers,49,7,
2001-09-29,49,Carry On,Pat Green,50,3,
2001-09-29,50,Life Don't Have To Be So Hard,Tracy Lawrence,51,5,
2001-09-29,51,Night Disappear With You,Brian McComas,45,6,
2001-09-29,52,Crazy Life,Tim Rushlow,46,11,
2001-09-29,53,Baby I Lied,Shannon Brown,52,3,
2001-09-29,54,Easy For Me To Say,Clint Black With Lisa Hartman Black,56,2,
2001-09-29,55,That's What Brothers Do,Confederate Railroad,54,4,
2001-09-29,56,Some Days You Gotta Dance,Dixie Chicks,NEW,1,Gains In Performance
2001-09-29,57,"I Breathe In, I Breathe Out",Chris Cagle,58,2,
2001-09-29,58,The Man He Was,George Jones,53,9,
2001-09-29,59,America The Beautiful,Various Artists,RE,2,Gains In Performance
2001-09-29,60,Don't Play Any Love Songs,Jameson Clark,55,4,
2001-10-06,1,What I Really Meant To Say,Cyndi Thomson,1,28,Gains In Performance
2001-10-06,2,Where I Come From,Alan Jackson,2,15,Gains In Performance
2001-10-06,3,Only In America,Brooks & Dunn,3,16,Gains In Performance
2001-10-06,4,I Would've Loved You Anyway,Trisha Yearwood,4,27,Gains In Performance
2001-10-06,5,Angry All The Time,Tim McGraw,6,11,Gains In Performance
2001-10-06,6,Austin,Blake Shelton,5,24,Gains In Performance
2001-10-06,7,I'm Just Talkin' About Tonight,Toby Keith,7,20,Gains In Performance
2001-10-06,8,So Complicated,Carolyn Dawn Johnson,8,25,Gains In Performance
2001-10-06,9,On A Night Like This,Trick Pony,13,23,Gains In Performance
2001-10-06,10,Love Of A Woman,Travis Tritt,10,17,Gains In Performance
2001-10-06,11,Angels In Waiting,Tammy Cochran,9,28,Gains In Performance
2001-10-06,12,I'm A Survivor,Reba,11,11,Gains In Performance
2001-10-06,13,When God-Fearin' Women Get The Blues,Martina McBride,15,15,Gains In Performance
2001-10-06,14,Six-Pack Summer,Phil Vassar,14,19,Gains In Performance
2001-10-06,15,Where The Blacktop Ends,Keith Urban,12,26,
2001-10-06,16,I'm Tryin',Trace Adkins,19,14,Gains In Performance
2001-10-06,17,With Me,Lonestar,21,8,Gains In Performance
2001-10-06,18,Real Life (I Never Was The Same Again),Jeff Carson,20,20,Gains In Performance
2001-10-06,19,I'm Already There,Lonestar,18,26,Gains In Performance
2001-10-06,20,When I Think About Angels,Jamie O'Neal,17,28,
2001-10-06,21,I Wanna Talk About Me,Toby Keith,25,7,Gains In Performance
2001-10-06,22,How Cool Is That,Andy Griggs,22,21,Gains In Performance
2001-10-06,23,The Tin Man,Kenny Chesney,23,17,Gains In Performance
2001-10-06,24,Loving Every Minute,Mark Wills,24,24,Gains In Performance
2001-10-06,25,God Bless The USA,Lee Greenwood,16,2,
2001-10-06,26,Wrapped Around,Brad Paisley,29,6,Gains In Performance
2001-10-06,27,Man Of Me,Gary Allan,26,14,Gains In Performance
2001-10-06,28,Never Love You Enough,Chely Wright,27,19,Gains In Performance
2001-10-06,29,That's A Plan,Mark McGuinn,28,16,Gains In Performance
2001-10-06,30,Just Let Me Be In Love,Tracy Byrd,30,7,Gains In Performance
2001-10-06,31,Riding With Private Malone,David Ball,34,5,Gains In Performance
2001-10-06,32,Good Morning Beautiful,Steve Holy,32,10,Gains In Performance
2001-10-06,33,If You Ever Feel Like Lovin' Me Again,Clay Walker,31,13,Gains In Performance
2001-10-06,34,Where The Stars And Stripes And The Eagle Fly,Aaron Tippin,NEW,1,Gains In Performance
2001-10-06,35,Bring On The Rain,Jo Dee Messina With Tim McGraw,33,4,Gains In Performance
2001-10-06,36,In Another World,Joe Diffie,36,11,Gains In Performance
2001-10-06,37,Shiver,Jamie O'Neal,39,5,Gains In Performance
2001-10-06,38,Cold One Comin' On,Montgomery Gentry,38,7,Gains In Performance
2001-10-06,39,There Will Come A Day,Faith Hill,45,11,Gains In Performance
2001-10-06,40,Saints & Angels,Sara Evans,41,4,Gains In Performance
2001-10-06,41,Star Spangled Banner,Faith Hill,35,2,
2001-10-06,42,Heartbreak Town,Dixie Chicks,37,15,
2001-10-06,43,Somethin' In The Water,Jeffrey Steele,42,6,
2001-10-06,44,Life Don't Have To Be So Hard,Tracy Lawrence,50,6,Gains In Performance
2001-10-06,45,"Helplessly, Hopelessly",Jessica Andrews,40,18,
2001-10-06,46,Always Was,Aaron Tippin,43,9,
2001-10-06,47,Carry On,Pat Green,49,4,Gains In Performance
2001-10-06,48,There You'll Be,Faith Hill,46,20,Gains In Performance
2001-10-06,49,Ain't Nobody Gonna Take That From Me,Collin Raye,44,9,Gains In Performance
2001-10-06,50,Tell Me How,Chad Brock,47,8,Gains In Performance
2001-10-06,51,Night Disappear With You,Brian McComas,51,7,Gains In Performance
2001-10-06,52,Crazy Life,Tim Rushlow,52,12,Gains In Performance
2001-10-06,53,Baby I Lied,Shannon Brown,53,4,Gains In Performance
2001-10-06,54,Easy For Me To Say,Clint Black With Lisa Hartman Black,54,3,Gains In Performance
2001-10-06,55,That's What Brothers Do,Confederate Railroad,55,5,Gains In Performance
2001-10-06,56,"I Breathe In, I Breathe Out",Chris Cagle,57,3,Gains In Performance
2001-10-06,57,I Don't Have To Be Me ('til Monday),Steve Azar,NEW,1,Gains In Performance
2001-10-06,58,Beautiful (All That You Could Be),Kenny Rogers,48,8,
2001-10-06,59,America The Beautiful,Various Artists,59,3,Gains In Performance
2001-10-06,60,Don't Play Any Love Songs,Jameson Clark,60,5,Gains In Performance
2001-10-13,1,Where I Come From,Alan Jackson,2,16,Gains In Performance
2001-10-13,2,Only In America,Brooks & Dunn,3,17,Gains In Performance
2001-10-13,3,Angry All The Time,Tim McGraw,5,12,Gains In Performance
2001-10-13,4,What I Really Meant To Say,Cyndi Thomson,1,29,
2001-10-13,5,I Would've Loved You Anyway,Trisha Yearwood,4,28,Gains In Performance
2001-10-13,6,So Complicated,Carolyn Dawn Johnson,8,26,Gains In Performance
2001-10-13,7,On A Night Like This,Trick Pony,9,24,Gains In Performance
2001-10-13,8,Austin,Blake Shelton,6,25,
2001-10-13,9,Love Of A Woman,Travis Tritt,10,18,Gains In Performance
2001-10-13,10,Angels In Waiting,Tammy Cochran,11,29,Gains In Performance
2001-10-13,11,When God-Fearin' Women Get The Blues,Martina McBride,13,16,Gains In Performance
2001-10-13,12,I'm Just Talkin' About Tonight,Toby Keith,7,21,
2001-10-13,13,I'm A Survivor,Reba,12,12,Gains In Performance
2001-10-13,14,I'm Tryin',Trace Adkins,16,15,Gains In Performance
2001-10-13,15,I Wanna Talk About Me,Toby Keith,21,8,Gains In Performance
2001-10-13,16,With Me,Lonestar,17,9,Gains In Performance
2001-10-13,17,Real Life (I Never Was The Same Again),Jeff Carson,18,21,Gains In Performance
2001-10-13,18,Where The Blacktop Ends,Keith Urban,15,27,
2001-10-13,19,When I Think About Angels,Jamie O'Neal,20,29,Gains In Performance
2001-10-13,20,Loving Every Minute,Mark Wills,24,25,Gains In Performance
2001-10-13,21,The Tin Man,Kenny Chesney,23,18,Gains In Performance
2001-10-13,22,How Cool Is That,Andy Griggs,22,22,Gains In Performance
2001-10-13,23,Wrapped Around,Brad Paisley,26,7,Gains In Performance
2001-10-13,24,Six-Pack Summer,Phil Vassar,14,20,
2001-10-13,25,Man Of Me,Gary Allan,27,15,Gains In Performance
2001-10-13,26,Never Love You Enough,Chely Wright,28,20,Gains In Performance
2001-10-13,27,That's A Plan,Mark McGuinn,29,17,Gains In Performance
2001-10-13,28,Riding With Private Malone,David Ball,31,6,Gains In Performance
2001-10-13,29,Where The Stars And Stripes And The Eagle Fly,Aaron Tippin,34,2,Gains In Performance
2001-10-13,30,Just Let Me Be In Love,Tracy Byrd,30,8,Gains In Performance
2001-10-13,31,God Bless The USA,Lee Greenwood,25,3,
2001-10-13,32,Good Morning Beautiful,Steve Holy,32,11,Gains In Performance
2001-10-13,33,Bring On The Rain,Jo Dee Messina With Tim McGraw,35,5,Gains In Performance
2001-10-13,34,Beer Run,George Jones Duet With Garth Brooks,NEW,1,Gains In Performance
2001-10-13,35,If You Ever Feel Like Lovin' Me Again,Clay Walker,33,14,Gains In Performance
2001-10-13,36,Run,George Strait,NEW,1,Gains In Performance
2001-10-13,37,In Another World,Joe Diffie,36,12,Gains In Performance
2001-10-13,38,Shiver,Jamie O'Neal,37,6,Gains In Performance
2001-10-13,39,Cold One Comin' On,Montgomery Gentry,38,8,Gains In Performance
2001-10-13,40,Saints & Angels,Sara Evans,40,5,Gains In Performance
2001-10-13,41,There Will Come A Day,Faith Hill,39,12,Gains In Performance
2001-10-13,42,Easy For Me To Say,Clint Black With Lisa Hartman Black,54,4,Gains In Performance
2001-10-13,43,Life Don't Have To Be So Hard,Tracy Lawrence,44,7,Gains In Performance
2001-10-13,44,Somethin' In The Water,Jeffrey Steele,43,7,
2001-10-13,45,Ain't Nobody Gonna Take That From Me,Collin Raye,49,10,Gains In Performance
2001-10-13,46,Carry On,Pat Green,47,5,Gains In Performance
2001-10-13,47,Star Spangled Banner,Faith Hill,41,3,
2001-10-13,48,Tell Me How,Chad Brock,50,9,
2001-10-13,49,Baby I Lied,Shannon Brown,53,5,Gains In Performance
2001-10-13,50,Night Disappear With You,Brian McComas,51,8,Gains In Performance
2001-10-13,51,"Helplessly, Hopelessly",Jessica Andrews,45,19,
2001-10-13,52,That's What Brothers Do,Confederate Railroad,55,6,Gains In Performance
2001-10-13,53,"I Breathe In, I Breathe Out",Chris Cagle,56,4,Gains In Performance
2001-10-13,54,Heartbreak Town,Dixie Chicks,42,16,
2001-10-13,55,Some Days You Gotta Dance,Dixie Chicks,RE,2,Gains In Performance
2001-10-13,56,Crazy Life,Tim Rushlow,52,13,
2001-10-13,57,I'm Movin' On,Rascal Flatts,NEW,1,Gains In Performance
2001-10-13,58,Don't Play Any Love Songs,Jameson Clark,60,6,Gains In Performance
2001-10-13,59,America The Beautiful,Various Artists,59,4,
2001-10-13,60,Beautiful (All That You Could Be),Kenny Rogers,58,9,
2001-10-20,1,Where I Come From,Alan Jackson,1,17,Gains In Performance
2001-10-20,2,Only In America,Brooks & Dunn,2,18,Gains In Performance
2001-10-20,3,Angry All The Time,Tim McGraw,3,13,Gains In Performance
2001-10-20,4,I Would've Loved You Anyway,Trisha Yearwood,5,29,
2001-10-20,5,What I Really Meant To Say,Cyndi Thomson,4,30,
2001-10-20,6,So Complicated,Carolyn Dawn Johnson,6,27,Gains In Performance
2001-10-20,7,On A Night Like This,Trick Pony,7,25,Gains In Performance
2001-10-20,8,Love Of A Woman,Travis Tritt,9,19,Gains In Performance
2001-10-20,9,Angels In Waiting,Tammy Cochran,10,30,Gains In Performance
2001-10-20,10,I'm A Survivor,Reba,13,13,Gains In Performance
2001-10-20,11,When God-Fearin' Women Get The Blues,Martina McBride,11,17,Gains In Performance
2001-10-20,12,Austin,Blake Shelton,8,26,
2001-10-20,13,I Wanna Talk About Me,Toby Keith,15,9,Gains In Performance
2001-10-20,14,I'm Tryin',Trace Adkins,14,16,Gains In Performance
2001-10-20,15,I'm Just Talkin' About Tonight,Toby Keith,12,22,
2001-10-20,16,With Me,Lonestar,16,10,Gains In Performance
2001-10-20,17,Real Life (I Never Was The Same Again),Jeff Carson,17,22,Gains In Performance
2001-10-20,18,Loving Every Minute,Mark Wills,20,26,Gains In Performance
2001-10-20,19,The Tin Man,Kenny Chesney,21,19,Gains In Performance
2001-10-20,20,Wrapped Around,Brad Paisley,23,8,Gains In Performance
2001-10-20,21,Riding With Private Malone,David Ball,28,7,Gains In Performance
2001-10-20,22,Where The Stars And Stripes And The Eagle Fly,Aaron Tippin,29,3,Gains In Performance
2001-10-20,23,Run,George Strait,36,2,Gains In Performance
2001-10-20,24,Man Of Me,Gary Allan,25,16,Gains In Performance
2001-10-20,25,That's A Plan,Mark McGuinn,27,18,
2001-10-20,26,Bring On The Rain,Jo Dee Messina With Tim McGraw,33,6,Gains In Performance
2001-10-20,27,Just Let Me Be In Love,Tracy Byrd,30,9,Gains In Performance
2001-10-20,28,Good Morning Beautiful,Steve Holy,32,12,Gains In Performance
2001-10-20,29,Beer Run,George Jones Duet With Garth Brooks,34,2,Gains In Performance
2001-10-20,30,If You Ever Feel Like Lovin' Me Again,Clay Walker,35,15,
2001-10-20,31,God Bless The USA,Lee Greenwood,31,4,
2001-10-20,32,In Another World,Joe Diffie,37,13,Gains In Performance
2001-10-20,33,Shiver,Jamie O'Neal,38,7,Gains In Performance
2001-10-20,34,Cold One Comin' On,Montgomery Gentry,39,9,Gains In Performance
2001-10-20,35,Saints & Angels,Sara Evans,40,6,Gains In Performance
2001-10-20,36,There Will Come A Day,Faith Hill,41,13,Gains In Performance
2001-10-20,37,Easy For Me To Say,Clint Black With Lisa Hartman Black,42,5,Gains In Performance
2001-10-20,38,Carry On,Pat Green,46,6,Gains In Performance
2001-10-20,39,Life Don't Have To Be So Hard,Tracy Lawrence,43,8,Gains In Performance
2001-10-20,40,"I Breathe In, I Breathe Out",Chris Cagle,53,5,Gains In Performance
2001-10-20,41,Somethin' In The Water,Jeffrey Steele,44,8,
2001-10-20,42,Night Disappear With You,Brian McComas,50,9,Gains In Performance
2001-10-20,43,Baby I Lied,Shannon Brown,49,6,Gains In Performance
2001-10-20,44,That's What Brothers Do,Confederate Railroad,52,7,Gains In Performance
2001-10-20,45,I'm Movin' On,Rascal Flatts,57,2,Gains In Performance
2001-10-20,46,Some Days You Gotta Dance,Dixie Chicks,55,3,Gains In Performance
2001-10-20,47,Tell Me How,Chad Brock,48,10,
2001-10-20,48,Ain't Nobody Gonna Take That From Me,Collin Raye,45,11,
2001-10-20,49,I Don't Have To Be Me ('til Monday),Steve Azar,RE,2,Gains In Performance
2001-10-20,50,Sideways,Darryl Worley,NEW,1,Highest ranking debut|Gains In Performance
2001-10-20,51,Star Spangled Banner,Faith Hill,47,4,
2001-10-20,52,Don't Play Any Love Songs,Jameson Clark,58,7,
2001-10-20,53,Crazy Life,Tim Rushlow,56,14,
2001-10-20,54,All Over Me,Blake Shelton,NEW,1,Gains In Performance
2001-10-20,55,I Will Survive,Wild Horses,NEW,1,Gains In Performance
2001-10-20,56,That's Just That,Diamond Rio,NEW,1,Gains In Performance
2001-10-20,57,The Lucky One,Alison Krauss + Union Station,NEW,1,
2001-10-20,58,I Am A Man Of Constant Sorrow,The Soggy Bottom Boys,RE,16,Gains In Performance
2001-10-20,59,America The Beautiful,Various Artists,59,5,
2001-10-20,60,To Quote Shakespeare,The Clark Family Experience,NEW,1,Gains In Performance
2001-10-27,1,Only In America,Brooks & Dunn,2,19,Gains In Performance
2001-10-27,2,Where I Come From,Alan Jackson,1,18,Gains In Performance
2001-10-27,3,Angry All The Time,Tim McGraw,3,14,Gains In Performance
2001-10-27,4,On A Night Like This,Trick Pony,7,26,Gains In Performance
2001-10-27,5,So Complicated,Carolyn Dawn Johnson,6,28,Gains In Performance
2001-10-27,6,Love Of A Woman,Travis Tritt,8,20,Gains In Performance
2001-10-27,7,I'm A Survivor,Reba,10,14,Gains In Performance
2001-10-27,8,When God-Fearin' Women Get The Blues,Martina McBride,11,18,Gains In Performance
2001-10-27,9,I Would've Loved You Anyway,Trisha Yearwood,4,30,
2001-10-27,10,Angels In Waiting,Tammy Cochran,9,31,
2001-10-27,11,What I Really Meant To Say,Cyndi Thomson,5,31,
2001-10-27,12,I Wanna Talk About Me,Toby Keith,13,10,Gains In Performance
2001-10-27,13,I'm Tryin',Trace Adkins,14,17,Gains In Performance
2001-10-27,14,With Me,Lonestar,16,11,Gains In Performance
2001-10-27,15,Run,George Strait,23,3,Gains In Performance
2001-10-27,16,Austin,Blake Shelton,12,27,
2001-10-27,17,Real Life (I Never Was The Same Again),Jeff Carson,17,23,Gains In Performance
2001-10-27,18,Riding With Private Malone,David Ball,21,8,Gains In Performance
2001-10-27,19,Where The Stars And Stripes And The Eagle Fly,Aaron Tippin,22,4,Gains In Performance
2001-10-27,20,Wrapped Around,Brad Paisley,20,9,Gains In Performance
2001-10-27,21,The Tin Man,Kenny Chesney,19,20,Gains In Performance
2001-10-27,22,Wrapped Up In You,Garth Brooks,NEW,1,Gains In Performance
2001-10-27,23,Man Of Me,Gary Allan,24,17,Gains In Performance
2001-10-27,24,Bring On The Rain,Jo Dee Messina With Tim McGraw,26,7,Gains In Performance
2001-10-27,25,Good Morning Beautiful,Steve Holy,28,13,Gains In Performance
2001-10-27,26,Beer Run,George Jones Duet With Garth Brooks,29,3,Gains In Performance
2001-10-27,27,Just Let Me Be In Love,Tracy Byrd,27,10,Gains In Performance
2001-10-27,28,God Bless The USA,Lee Greenwood,31,5,Gains In Performance
2001-10-27,29,If You Ever Feel Like Lovin' Me Again,Clay Walker,30,16,Gains In Performance
2001-10-27,30,In Another World,Joe Diffie,32,14,Gains In Performance
2001-10-27,31,Shiver,Jamie O'Neal,33,8,Gains In Performance
2001-10-27,32,Cold One Comin' On,Montgomery Gentry,34,10,Gains In Performance
2001-10-27,33,That's A Plan,Mark McGuinn,25,19,
2001-10-27,34,Saints & Angels,Sara Evans,35,7,Gains In Performance
2001-10-27,35,Easy For Me To Say,Clint Black With Lisa Hartman Black,37,6,Gains In Performance
2001-10-27,36,Carry On,Pat Green,38,7,Gains In Performance
2001-10-27,37,There Will Come A Day,Faith Hill,36,14,
2001-10-27,38,"I Breathe In, I Breathe Out",Chris Cagle,40,6,Gains In Performance
2001-10-27,39,That's What Brothers Do,Confederate Railroad,44,8,Gains In Performance
2001-10-27,40,Life Don't Have To Be So Hard,Tracy Lawrence,39,9,
2001-10-27,41,Somethin' In The Water,Jeffrey Steele,41,9,Gains In Performance
2001-10-27,42,Night Disappear With You,Brian McComas,42,10,Gains In Performance
2001-10-27,43,Baby I Lied,Shannon Brown,43,7,Gains In Performance
2001-10-27,44,Some Days You Gotta Dance,Dixie Chicks,46,4,Gains In Performance
2001-10-27,45,I'm Movin' On,Rascal Flatts,45,3,Gains In Performance
2001-10-27,46,Star Spangled Banner,Faith Hill,51,5,Gains In Performance
2001-10-27,47,I Don't Have To Be Me ('til Monday),Steve Azar,49,3,Gains In Performance
2001-10-27,48,All Over Me,Blake Shelton,54,2,Gains In Performance
2001-10-27,49,Sideways,Darryl Worley,50,2,Gains In Performance
2001-10-27,50,I Will Survive,Wild Horses,55,2,Gains In Performance
2001-10-27,51,God Bless America,LeAnn Rimes,NEW,1,Gains In Performance
2001-10-27,52,Don't Play Any Love Songs,Jameson Clark,52,8,Gains In Performance
2001-10-27,53,The Long Goodbye,Brooks & Dunn,NEW,1,Gains In Performance
2001-10-27,54,Ain't Nobody Gonna Take That From Me,Collin Raye,48,12,
2001-10-27,55,The Lucky One,Alison Krauss + Union Station,57,2,Gains In Performance
2001-10-27,56,Elisabeth,Billy Gilman,RE,2,Gains In Performance
2001-10-27,57,Crazy Life,Tim Rushlow,53,15,
2001-10-27,58,America The Beautiful,Various Artists,59,6,
2001-10-27,59,America Will Always Stand,Randy Travis,NEW,1,Gains In Performance
2001-10-27,60,I Am A Man Of Constant Sorrow,The Soggy Bottom Boys,58,17,
2001-11-03,1,Where I Come From,Alan Jackson,2,19,Gains In Performance
2001-11-03,2,Only In America,Brooks & Dunn,1,20,
2001-11-03,3,Angry All The Time,Tim McGraw,3,15,Gains In Performance
2001-11-03,4,On A Night Like This,Trick Pony,4,27,Gains In Performance
2001-11-03,5,Love Of A Woman,Travis Tritt,6,21,Gains In Performance
2001-11-03,6,So Complicated,Carolyn Dawn Johnson,5,29,
2001-11-03,7,I'm A Survivor,Reba,7,15,Gains In Performance
2001-11-03,8,I Wanna Talk About Me,Toby Keith,12,11,Gains In Performance
2001-11-03,9,When God-Fearin' Women Get The Blues,Martina McBride,8,19,Gains In Performance
2001-11-03,10,Run,George Strait,15,4,Gains In Performance
2001-11-03,11,I'm Tryin',Trace Adkins,13,18,Gains In Performance
2001-11-03,12,Riding With Private Malone,David Ball,18,9,Gains In Performance
2001-11-03,13,With Me,Lonestar,14,12,Gains In Performance
2001-11-03,14,What I Really Meant To Say,Cyndi Thomson,11,32,
2001-11-03,15,Where The Stars And Stripes And The Eagle Fly,Aaron Tippin,19,5,Gains In Performance
2001-11-03,16,Angels In Waiting,Tammy Cochran,10,32,
2001-11-03,17,Real Life (I Never Was The Same Again),Jeff Carson,17,24,Gains In Performance
2001-11-03,18,Wrapped Up In You,Garth Brooks,22,2,Gains In Performance
2001-11-03,19,Wrapped Around,Brad Paisley,20,10,Gains In Performance
2001-11-03,20,I Would've Loved You Anyway,Trisha Yearwood,9,31,
2001-11-03,21,The Tin Man,Kenny Chesney,21,21,
2001-11-03,22,Man Of Me,Gary Allan,23,18,Gains In Performance
2001-11-03,23,Bring On The Rain,Jo Dee Messina With Tim McGraw,24,8,Gains In Performance
2001-11-03,24,Good Morning Beautiful,Steve Holy,25,14,Gains In Performance
2001-11-03,25,Just Let Me Be In Love,Tracy Byrd,27,11,Gains In Performance
2001-11-03,26,Beer Run,George Jones Duet With Garth Brooks,26,4,Gains In Performance
2001-11-03,27,If You Ever Feel Like Lovin' Me Again,Clay Walker,29,17,Gains In Performance
2001-11-03,28,Saints & Angels,Sara Evans,34,8,Gains In Performance
2001-11-03,29,In Another World,Joe Diffie,30,15,Gains In Performance
2001-11-03,30,Shiver,Jamie O'Neal,31,9,Gains In Performance
2001-11-03,31,Cold One Comin' On,Montgomery Gentry,32,11,Gains In Performance
2001-11-03,32,God Bless The USA,Lee Greenwood,28,6,
2001-11-03,33,Easy For Me To Say,Clint Black With Lisa Hartman Black,35,7,Gains In Performance
2001-11-03,34,"I Breathe In, I Breathe Out",Chris Cagle,38,7,Gains In Performance
2001-11-03,35,Carry On,Pat Green,36,8,Gains In Performance
2001-11-03,36,Life Don't Have To Be So Hard,Tracy Lawrence,40,10,Gains In Performance
2001-11-03,37,There Will Come A Day,Faith Hill,37,15,Gains In Performance
2001-11-03,38,I'm Movin' On,Rascal Flatts,45,4,Gains In Performance
2001-11-03,39,All Over Me,Blake Shelton,48,3,Gains In Performance
2001-11-03,40,Somethin' In The Water,Jeffrey Steele,41,10,Gains In Performance
2001-11-03,41,Night Disappear With You,Brian McComas,42,11,Gains In Performance
2001-11-03,42,Some Days You Gotta Dance,Dixie Chicks,44,5,Gains In Performance
2001-11-03,43,Baby I Lied,Shannon Brown,43,8,
2001-11-03,44,That's What Brothers Do,Confederate Railroad,39,9,
2001-11-03,45,Sideways,Darryl Worley,49,3,Gains In Performance
2001-11-03,46,I Don't Have To Be Me ('til Monday),Steve Azar,47,4,Gains In Performance
2001-11-03,47,That's A Plan,Mark McGuinn,33,20,
2001-11-03,48,That's Just That,Diamond Rio,RE,2,Gains In Performance
2001-11-03,49,I Will Survive,Wild Horses,50,3,Gains In Performance
2001-11-03,50,Star Spangled Banner,Faith Hill,46,6,
2001-11-03,51,That's When I Love You,Phil Vassar,NEW,1,Highest ranking debut|Gains In Performance
2001-11-03,52,Gettin' Back To You,Daisy Dern,NEW,1,Gains In Performance
2001-11-03,53,Days Of America,BlackHawk,NEW,1,Gains In Performance
2001-11-03,54,Don't Play Any Love Songs,Jameson Clark,52,9,
2001-11-03,55,The Long Goodbye,Brooks & Dunn,53,2,
2001-11-03,56,Blessed,Martina McBride,NEW,1,Gains In Performance
2001-11-03,57,The Lucky One,Alison Krauss + Union Station,55,3,
2001-11-03,58,Homeland,Kenny Rogers,NEW,1,Gains In Performance
2001-11-03,59,God Bless America,LeAnn Rimes,51,2,
2001-11-03,60,America Will Always Stand,Randy Travis,59,2,Gains In Performance
2001-11-10,1,Angry All The Time,Tim McGraw,3,16,Gains In Performance
2001-11-10,2,Only In America,Brooks & Dunn,2,21,
2001-11-10,3,Where I Come From,Alan Jackson,1,20,
2001-11-10,4,On A Night Like This,Trick Pony,4,28,Gains In Performance
2001-11-10,5,Love Of A Woman,Travis Tritt,5,22,Gains In Performance
2001-11-10,6,I Wanna Talk About Me,Toby Keith,8,12,Gains In Performance
2001-11-10,7,I'm A Survivor,Reba,7,16,Gains In Performance
2001-11-10,8,Riding With Private Malone,David Ball,12,10,Greatest gainer this week|Gains In Performance
2001-11-10,9,Run,George Strait,10,5,Gains In Performance
2001-11-10,10,So Complicated,Carolyn Dawn Johnson,6,30,
2001-11-10,11,I'm Tryin',Trace Adkins,11,19,Gains In Performance
2001-11-10,12,Wrapped Up In You,Garth Brooks,18,3,Gains In Performance
2001-11-10,13,Where The Stars And Stripes And The Eagle Fly,Aaron Tippin,15,6,Gains In Performance
2001-11-10,14,With Me,Lonestar,13,13,Gains In Performance
2001-11-10,15,When God-Fearin' Women Get The Blues,Martina McBride,9,20,
2001-11-10,16,Real Life (I Never Was The Same Again),Jeff Carson,17,25,Gains In Performance
2001-11-10,17,Wrapped Around,Brad Paisley,19,11,Gains In Performance
2001-11-10,18,What I Really Meant To Say,Cyndi Thomson,14,33,
2001-11-10,19,Good Morning Beautiful,Steve Holy,24,15,Gains In Performance
2001-11-10,20,Bring On The Rain,Jo Dee Messina With Tim McGraw,23,9,Gains In Performance
2001-11-10,21,Man Of Me,Gary Allan,22,19,Gains In Performance
2001-11-10,22,The Tin Man,Kenny Chesney,21,22,
2001-11-10,23,Just Let Me Be In Love,Tracy Byrd,25,12,Gains In Performance
2001-11-10,24,Beer Run,George Jones Duet With Garth Brooks,26,5,
2001-11-10,25,Saints & Angels,Sara Evans,28,9,Gains In Performance
2001-11-10,26,Shiver,Jamie O'Neal,30,10,Gains In Performance
2001-11-10,27,In Another World,Joe Diffie,29,16,Gains In Performance
2001-11-10,28,If You Ever Feel Like Lovin' Me Again,Clay Walker,27,18,Gains In Performance
2001-11-10,29,Cold One Comin' On,Montgomery Gentry,31,12,Gains In Performance
2001-11-10,30,Easy For Me To Say,Clint Black With Lisa Hartman Black,33,8,Gains In Performance
2001-11-10,31,God Bless The USA,Lee Greenwood,32,7,
2001-11-10,32,"I Breathe In, I Breathe Out",Chris Cagle,34,8,Gains In Performance
2001-11-10,33,Some Days You Gotta Dance,Dixie Chicks,42,6,Gains In Performance
2001-11-10,34,I'm Movin' On,Rascal Flatts,38,5,Gains In Performance
2001-11-10,35,All Over Me,Blake Shelton,39,4,Gains In Performance
2001-11-10,36,Carry On,Pat Green,35,9,Gains In Performance
2001-11-10,37,Somethin' In The Water,Jeffrey Steele,40,11,Gains In Performance
2001-11-10,38,Life Don't Have To Be So Hard,Tracy Lawrence,36,11,Gains In Performance
2001-11-10,39,The Long Goodbye,Brooks & Dunn,55,3,Gains In Performance
2001-11-10,40,Baby I Lied,Shannon Brown,43,9,Gains In Performance
2001-11-10,41,Sideways,Darryl Worley,45,4,Gains In Performance
2001-11-10,42,That's What Brothers Do,Confederate Railroad,44,10,Gains In Performance
2001-11-10,43,Night Disappear With You,Brian McComas,41,12,Gains In Performance
2001-11-10,44,I Don't Have To Be Me ('til Monday),Steve Azar,46,5,Gains In Performance
2001-11-10,45,Blessed,Martina McBride,56,2,Gains In Performance
2001-11-10,46,That's Just That,Diamond Rio,48,3,Gains In Performance
2001-11-10,47,That's When I Love You,Phil Vassar,51,2,Gains In Performance
2001-11-10,48,I Always Liked That Best,Cyndi Thomson,NEW,1,Highest ranking debut|Gains In Performance
2001-11-10,49,I Will Survive,Wild Horses,49,4,Gains In Performance
2001-11-10,50,There Will Come A Day,Faith Hill,37,16,
2001-11-10,51,"This Ain't No Rag, It's A Flag",The Charlie Daniels Band,NEW,1,Gains In Performance
2001-11-10,52,To Quote Shakespeare,The Clark Family Experience,RE,2,Gains In Performance
2001-11-10,53,The Lucky One,Alison Krauss + Union Station,57,4,Gains In Performance
2001-11-10,54,Gettin' Back To You,Daisy Dern,52,2,
2001-11-10,55,America Will Survive,Hank Williams Jr.,NEW,1,Gains In Performance
2001-11-10,56,Star Spangled Banner,Faith Hill,50,7,
2001-11-10,57,I Should Be Sleeping,Emerson Drive,NEW,1,Gains In Performance
2001-11-10,58,Does My Ring Burn Your Finger,Lee Ann Womack,NEW,1,Gains In Performance
2001-11-10,59,Homeland,Kenny Rogers,58,2,Gains In Performance
2001-11-10,60,Days Of America,BlackHawk,53,2,
2001-11-17,1,Angry All The Time,Tim McGraw,1,17,
2001-11-17,2,Love Of A Woman,Travis Tritt,5,23,Gains In Performance
2001-11-17,3,I Wanna Talk About Me,Toby Keith,6,13,Greatest gainer this week|Gains In Performance
2001-11-17,4,On A Night Like This,Trick Pony,4,29,
2001-11-17,5,Only In America,Brooks & Dunn,2,22,
2001-11-17,6,Where I Come From,Alan Jackson,3,21,
2001-11-17,7,I'm A Survivor,Reba,7,17,Gains In Performance
2001-11-17,8,Riding With Private Malone,David Ball,8,11,Gains In Performance
2001-11-17,9,Run,George Strait,9,6,Gains In Performance
2001-11-17,10,Where The Stars And Stripes And The Eagle Fly,Aaron Tippin,13,7,Gains In Performance
2001-11-17,11,I'm Tryin',Trace Adkins,11,20,Gains In Performance
2001-11-17,12,Wrapped Up In You,Garth Brooks,12,4,Gains In Performance
2001-11-17,13,With Me,Lonestar,14,14,Gains In Performance
2001-11-17,14,Real Life (I Never Was The Same Again),Jeff Carson,16,26,Gains In Performance
2001-11-17,15,Wrapped Around,Brad Paisley,17,12,Gains In Performance
2001-11-17,16,So Complicated,Carolyn Dawn Johnson,10,31,
2001-11-17,17,Good Morning Beautiful,Steve Holy,19,16,Gains In Performance
2001-11-17,18,What I Really Meant To Say,Cyndi Thomson,18,34,
2001-11-17,19,Bring On The Rain,Jo Dee Messina With Tim McGraw,20,10,Gains In Performance
2001-11-17,20,Man Of Me,Gary Allan,21,20,Gains In Performance
2001-11-17,21,Just Let Me Be In Love,Tracy Byrd,23,13,Gains In Performance
2001-11-17,22,The Tin Man,Kenny Chesney,22,23,
2001-11-17,23,Saints & Angels,Sara Evans,25,10,Gains In Performance
2001-11-17,24,In Another World,Joe Diffie,27,17,Gains In Performance
2001-11-17,25,Beer Run,George Jones Duet With Garth Brooks,24,6,Gains In Performance
2001-11-17,26,Shiver,Jamie O'Neal,26,11,Gains In Performance
2001-11-17,27,Cold One Comin' On,Montgomery Gentry,29,13,Gains In Performance
2001-11-17,28,If You Ever Feel Like Lovin' Me Again,Clay Walker,28,19,Gains In Performance
2001-11-17,29,Easy For Me To Say,Clint Black With Lisa Hartman Black,30,9,Gains In Performance
2001-11-17,30,Some Days You Gotta Dance,Dixie Chicks,33,7,Gains In Performance
2001-11-17,31,The Long Goodbye,Brooks & Dunn,39,4,Gains In Performance
2001-11-17,32,I'm Movin' On,Rascal Flatts,34,6,Gains In Performance
2001-11-17,33,All Over Me,Blake Shelton,35,5,Gains In Performance
2001-11-17,34,"I Breathe In, I Breathe Out",Chris Cagle,32,9,Gains In Performance
2001-11-17,35,God Bless The USA,Lee Greenwood,31,8,
2001-11-17,36,Blessed,Martina McBride,45,3,Gains In Performance
2001-11-17,37,Somethin' In The Water,Jeffrey Steele,37,12,Gains In Performance
2001-11-17,38,Carry On,Pat Green,36,10,Gains In Performance
2001-11-17,39,"This Ain't No Rag, It's A Flag",The Charlie Daniels Band,51,2,Gains In Performance
2001-11-17,40,I Don't Have To Be Me ('til Monday),Steve Azar,44,6,Gains In Performance
2001-11-17,41,Night Disappear With You,Brian McComas,43,13,Gains In Performance
2001-11-17,42,Baby I Lied,Shannon Brown,40,10,Gains In Performance
2001-11-17,43,Sideways,Darryl Worley,41,5,Gains In Performance
2001-11-17,44,Life Don't Have To Be So Hard,Tracy Lawrence,38,12,
2001-11-17,45,That's When I Love You,Phil Vassar,47,3,Gains In Performance
2001-11-17,46,I Always Liked That Best,Cyndi Thomson,48,2,Gains In Performance
2001-11-17,47,That's Just That,Diamond Rio,46,4,
2001-11-17,48,That's What Brothers Do,Confederate Railroad,42,11,
2001-11-17,49,I Will Survive,Wild Horses,49,5,Gains In Performance
2001-11-17,50,America Will Survive,Hank Williams Jr.,55,2,Gains In Performance
2001-11-17,51,To Quote Shakespeare,The Clark Family Experience,52,3,Gains In Performance
2001-11-17,52,Homeland,Kenny Rogers,59,3,Gains In Performance
2001-11-17,53,Gettin' Back To You,Daisy Dern,54,3,Gains In Performance
2001-11-17,54,Star Spangled Banner,Faith Hill,56,8,Gains In Performance
2001-11-17,55,Days Of America,BlackHawk,60,3,Gains In Performance
2001-11-17,56,I Should Be Sleeping,Emerson Drive,57,2,Gains In Performance
2001-11-17,57,There Will Come A Day,Faith Hill,50,17,
2001-11-17,58,Does My Ring Burn Your Finger,Lee Ann Womack,58,2,Gains In Performance
2001-11-17,59,It's Alright To Be A Redneck,Alan Jackson,RE,2,Gains In Performance
2001-11-17,60,I Cry,Tammy Cochran,NEW,1,Highest ranking debut|Gains In Performance
2001-11-24,1,I Wanna Talk About Me,Toby Keith,3,14,Gains In Performance
2001-11-24,2,Love Of A Woman,Travis Tritt,2,24,Gains In Performance
2001-11-24,3,I'm A Survivor,Reba,7,18,Gains In Performance
2001-11-24,4,Riding With Private Malone,David Ball,8,12,Gains In Performance
2001-11-24,5,Angry All The Time,Tim McGraw,1,18,
2001-11-24,6,Run,George Strait,9,7,Gains In Performance
2001-11-24,7,Only In America,Brooks & Dunn,5,23,
2001-11-24,8,On A Night Like This,Trick Pony,4,30,
2001-11-24,9,Where I Come From,Alan Jackson,6,22,
2001-11-24,10,Where The Stars And Stripes And The Eagle Fly,Aaron Tippin,10,8,Gains In Performance
2001-11-24,11,I'm Tryin',Trace Adkins,11,21,Gains In Performance
2001-11-24,12,Wrapped Up In You,Garth Brooks,12,5,Gains In Performance
2001-11-24,13,With Me,Lonestar,13,15,
2001-11-24,14,Wrapped Around,Brad Paisley,15,13,Gains In Performance
2001-11-24,15,Good Morning Beautiful,Steve Holy,17,17,Gains In Performance
2001-11-24,16,Real Life (I Never Was The Same Again),Jeff Carson,14,27,
2001-11-24,17,Bring On The Rain,Jo Dee Messina With Tim McGraw,19,11,Gains In Performance
2001-11-24,18,Man Of Me,Gary Allan,20,21,
2001-11-24,19,So Complicated,Carolyn Dawn Johnson,16,32,
2001-11-24,20,What I Really Meant To Say,Cyndi Thomson,18,35,
2001-11-24,21,Just Let Me Be In Love,Tracy Byrd,21,14,Gains In Performance
2001-11-24,22,In Another World,Joe Diffie,24,18,Gains In Performance
2001-11-24,23,Saints & Angels,Sara Evans,23,11,Gains In Performance
2001-11-24,24,Shiver,Jamie O'Neal,26,12,Gains In Performance
2001-11-24,25,Where Were You (When The World Stopped Turning),Alan Jackson,NEW,1,Gains In Performance
2001-11-24,26,Beer Run,George Jones Duet With Garth Brooks,25,7,Gains In Performance
2001-11-24,27,The Long Goodbye,Brooks & Dunn,31,5,Gains In Performance
2001-11-24,28,Some Days You Gotta Dance,Dixie Chicks,30,8,Gains In Performance
2001-11-24,29,Cold One Comin' On,Montgomery Gentry,27,14,
2001-11-24,30,Easy For Me To Say,Clint Black With Lisa Hartman Black,29,10,Gains In Performance
2001-11-24,31,If You Ever Feel Like Lovin' Me Again,Clay Walker,28,20,
2001-11-24,32,All Over Me,Blake Shelton,33,6,Gains In Performance
2001-11-24,33,"I Breathe In, I Breathe Out",Chris Cagle,34,10,Gains In Performance
2001-11-24,34,I'm Movin' On,Rascal Flatts,32,7,Gains In Performance
2001-11-24,35,Blessed,Martina McBride,36,4,Gains In Performance
2001-11-24,36,The Tin Man,Kenny Chesney,22,24,
2001-11-24,37,God Bless The USA,Lee Greenwood,35,9,Gains In Performance
2001-11-24,38,Carry On,Pat Green,38,11,Gains In Performance
2001-11-24,39,Somethin' In The Water,Jeffrey Steele,37,13,Gains In Performance
2001-11-24,40,"This Ain't No Rag, It's A Flag",The Charlie Daniels Band,39,3,Gains In Performance
2001-11-24,41,I Always Liked That Best,Cyndi Thomson,46,3,Gains In Performance
2001-11-24,42,Baby I Lied,Shannon Brown,42,11,Gains In Performance
2001-11-24,43,That's When I Love You,Phil Vassar,45,4,Gains In Performance
2001-11-24,44,Life Don't Have To Be So Hard,Tracy Lawrence,44,13,Gains In Performance
2001-11-24,45,I Don't Have To Be Me ('til Monday),Steve Azar,40,7,
2001-11-24,46,Sideways,Darryl Worley,43,6,Gains In Performance
2001-11-24,47,That's Just That,Diamond Rio,47,5,Gains In Performance
2001-11-24,48,Night Disappear With You,Brian McComas,41,14,
2001-11-24,49,Does My Ring Burn Your Finger,Lee Ann Womack,58,3,Gains In Performance
2001-11-24,50,I Am A Man Of Constant Sorrow,The Soggy Bottom Boys,RE,18,Gains In Performance
2001-11-24,51,That's What Brothers Do,Confederate Railroad,48,12,
2001-11-24,52,America Will Survive,Hank Williams Jr.,50,3,Gains In Performance
2001-11-24,53,I Will Survive,Wild Horses,49,6,
2001-11-24,54,It's Alright To Be A Redneck,Alan Jackson,59,3,Gains In Performance
2001-11-24,55,I Should Be Sleeping,Emerson Drive,56,3,Gains In Performance
2001-11-24,56,I Cry,Tammy Cochran,60,2,Gains In Performance
2001-11-24,57,Gettin' Back To You,Daisy Dern,53,4,Gains In Performance
2001-11-24,58,Homeland,Kenny Rogers,52,4,Gains In Performance
2001-11-24,59,To Quote Shakespeare,The Clark Family Experience,51,4,
2001-11-24,60,Days Of America,BlackHawk,55,4,Gains In Performance
2001-12-01,1,I Wanna Talk About Me,Toby Keith,1,15,Gains In Performance
2001-12-01,2,Love Of A Woman,Travis Tritt,2,25,Gains In Performance
2001-12-01,3,Riding With Private Malone,David Ball,4,13,Gains In Performance
2001-12-01,4,I'm A Survivor,Reba,3,19,
2001-12-01,5,Run,George Strait,6,8,Gains In Performance
2001-12-01,6,Where The Stars And Stripes And The Eagle Fly,Aaron Tippin,10,9,Gains In Performance
2001-12-01,7,Angry All The Time,Tim McGraw,5,19,
2001-12-01,8,I'm Tryin',Trace Adkins,11,22,Gains In Performance
2001-12-01,9,Wrapped Up In You,Garth Brooks,12,6,Gains In Performance
2001-12-01,10,Only In America,Brooks & Dunn,7,24,
2001-12-01,11,On A Night Like This,Trick Pony,8,31,
2001-12-01,12,Where Were You (When The World Stopped Turning),Alan Jackson,25,2,Gains In Performance
2001-12-01,13,Good Morning Beautiful,Steve Holy,15,18,Gains In Performance
2001-12-01,14,Where I Come From,Alan Jackson,9,23,
2001-12-01,15,Wrapped Around,Brad Paisley,14,14,Gains In Performance
2001-12-01,16,With Me,Lonestar,13,16,Gains In Performance
2001-12-01,17,Bring On The Rain,Jo Dee Messina With Tim McGraw,17,12,Gains In Performance
2001-12-01,18,Man Of Me,Gary Allan,18,22,Gains In Performance
2001-12-01,19,Real Life (I Never Was The Same Again),Jeff Carson,16,28,
2001-12-01,20,Just Let Me Be In Love,Tracy Byrd,21,15,Gains In Performance
2001-12-01,21,In Another World,Joe Diffie,22,19,Gains In Performance
2001-12-01,22,The Long Goodbye,Brooks & Dunn,27,6,Gains In Performance
2001-12-01,23,Saints & Angels,Sara Evans,23,12,Gains In Performance
2001-12-01,24,Beer Run,George Jones Duet With Garth Brooks,26,8,Gains In Performance
2001-12-01,25,Shiver,Jamie O'Neal,24,13,Gains In Performance
2001-12-01,26,Some Days You Gotta Dance,Dixie Chicks,28,9,Gains In Performance
2001-12-01,27,Cold One Comin' On,Montgomery Gentry,29,15,Gains In Performance
2001-12-01,28,Blessed,Martina McBride,35,5,Gains In Performance
2001-12-01,29,"I Breathe In, I Breathe Out",Chris Cagle,33,11,Gains In Performance
2001-12-01,30,Easy For Me To Say,Clint Black With Lisa Hartman Black,30,11,Gains In Performance
2001-12-01,31,All Over Me,Blake Shelton,32,7,Gains In Performance
2001-12-01,32,I'm Movin' On,Rascal Flatts,34,8,Gains In Performance
2001-12-01,33,"This Ain't No Rag, It's A Flag",The Charlie Daniels Band,40,4,Gains In Performance
2001-12-01,34,Somethin' In The Water,Jeffrey Steele,39,14,Gains In Performance
2001-12-01,35,I Don't Have To Be Me ('til Monday),Steve Azar,45,8,Gains In Performance
2001-12-01,36,God Bless The USA,Lee Greenwood,37,10,
2001-12-01,37,That's When I Love You,Phil Vassar,43,5,Gains In Performance
2001-12-01,38,I Always Liked That Best,Cyndi Thomson,41,4,Gains In Performance
2001-12-01,39,Carry On,Pat Green,38,12,
2001-12-01,40,Baby I Lied,Shannon Brown,42,12,
2001-12-01,41,Does My Ring Burn Your Finger,Lee Ann Womack,49,4,Gains In Performance
2001-12-01,42,That's Just That,Diamond Rio,47,6,
2001-12-01,43,The Tin Man,Kenny Chesney,36,25,
2001-12-01,44,I Should Be Sleeping,Emerson Drive,55,4,Gains In Performance
2001-12-01,45,America Will Survive,Hank Williams Jr.,52,4,Gains In Performance
2001-12-01,46,Squeeze Me In,Garth Brooks Duet With Trisha Yearwood,NEW,1,Highest ranking debut|Gains In Performance
2001-12-01,47,I Cry,Tammy Cochran,56,3,Gains In Performance
2001-12-01,48,The Cowboy In Me,Tim McGraw,NEW,1,Gains In Performance
2001-12-01,49,Night Disappear With You,Brian McComas,48,15,
2001-12-01,50,I Will Survive,Wild Horses,53,7,Gains In Performance
2001-12-01,51,Days Of America,BlackHawk,60,5,Gains In Performance
2001-12-01,52,Sideways,Darryl Worley,46,7,
2001-12-01,53,Homeland,Kenny Rogers,58,5,Gains In Performance
2001-12-01,54,I'm Not Gonna Do Anything Without You,Mark Wills Duet With Jamie O'Neal,NEW,1,Gains In Performance
2001-12-01,55,Gettin' Back To You,Daisy Dern,57,5,Gains In Performance
2001-12-01,56,To Quote Shakespeare,The Clark Family Experience,59,5,Gains In Performance
2001-12-01,57,I Am A Man Of Constant Sorrow,The Soggy Bottom Boys,50,19,
2001-12-01,58,Thicker Than Blood,Garth Brooks,NEW,1,Gains In Performance
2001-12-01,59,It's Alright To Be A Redneck,Alan Jackson,54,4,
2001-12-01,60,Inside Out,Trisha Yearwood Featuring Don Henley,NEW,1,Gains In Performance
2001-12-08,1,I Wanna Talk About Me,Toby Keith,1,16,Gains In Performance
2001-12-08,2,Riding With Private Malone,David Ball,3,14,Gains In Performance
2001-12-08,3,Run,George Strait,5,9,Gains In Performance
2001-12-08,4,Where The Stars And Stripes And The Eagle Fly,Aaron Tippin,6,10,Gains In Performance
2001-12-08,5,Love Of A Woman,Travis Tritt,2,26,
2001-12-08,6,Where Were You (When The World Stopped Turning),Alan Jackson,12,3,Greatest gainer this week|Gains In Performance
2001-12-08,7,I'm A Survivor,Reba,4,20,
2001-12-08,8,I'm Tryin',Trace Adkins,8,23,Gains In Performance
2001-12-08,9,Wrapped Up In You,Garth Brooks,9,7,
2001-12-08,10,Angry All The Time,Tim McGraw,7,20,
2001-12-08,11,Good Morning Beautiful,Steve Holy,13,19,Gains In Performance
2001-12-08,12,Only In America,Brooks & Dunn,10,25,
2001-12-08,13,Wrapped Around,Brad Paisley,15,15,Gains In Performance
2001-12-08,14,With Me,Lonestar,16,17,Gains In Performance
2001-12-08,15,Bring On The Rain,Jo Dee Messina With Tim McGraw,17,13,Gains In Performance
2001-12-08,16,Where I Come From,Alan Jackson,14,24,
2001-12-08,17,On A Night Like This,Trick Pony,11,32,
2001-12-08,18,The Long Goodbye,Brooks & Dunn,22,7,Gains In Performance
2001-12-08,19,Man Of Me,Gary Allan,18,23,Gains In Performance
2001-12-08,20,Just Let Me Be In Love,Tracy Byrd,20,16,Gains In Performance
2001-12-08,21,In Another World,Joe Diffie,21,20,Gains In Performance
2001-12-08,22,Saints & Angels,Sara Evans,23,13,Gains In Performance
2001-12-08,23,Some Days You Gotta Dance,Dixie Chicks,26,10,Gains In Performance
2001-12-08,24,Shiver,Jamie O'Neal,25,14,Gains In Performance
2001-12-08,25,Beer Run,George Jones Duet With Garth Brooks,24,9,
2001-12-08,26,Blessed,Martina McBride,28,6,Gains In Performance
2001-12-08,27,All Over Me,Blake Shelton,31,8,Gains In Performance
2001-12-08,28,"I Breathe In, I Breathe Out",Chris Cagle,29,12,Gains In Performance
2001-12-08,29,Easy For Me To Say,Clint Black With Lisa Hartman Black,30,12,Gains In Performance
2001-12-08,30,Cold One Comin' On,Montgomery Gentry,27,16,Gains In Performance
2001-12-08,31,I'm Movin' On,Rascal Flatts,32,9,Gains In Performance
2001-12-08,32,The Cowboy In Me,Tim McGraw,48,2,Gains In Performance
2001-12-08,33,That's When I Love You,Phil Vassar,37,6,Gains In Performance
2001-12-08,34,I Always Liked That Best,Cyndi Thomson,38,5,Gains In Performance
2001-12-08,35,"This Ain't No Rag, It's A Flag",The Charlie Daniels Band,33,5,Gains In Performance
2001-12-08,36,Somethin' In The Water,Jeffrey Steele,34,15,Gains In Performance
2001-12-08,37,Does My Ring Burn Your Finger,Lee Ann Womack,41,5,Gains In Performance
2001-12-08,38,God Bless The USA,Lee Greenwood,36,11,
2001-12-08,39,I Don't Have To Be Me ('til Monday),Steve Azar,35,9,
2001-12-08,40,Baby I Lied,Shannon Brown,40,13,Gains In Performance
2001-12-08,41,I Should Be Sleeping,Emerson Drive,44,5,Gains In Performance
2001-12-08,42,That's Just That,Diamond Rio,42,7,Gains In Performance
2001-12-08,43,Carry On,Pat Green,39,13,
2001-12-08,44,I Cry,Tammy Cochran,47,4,Gains In Performance
2001-12-08,45,Days Of America,BlackHawk,51,6,Gains In Performance
2001-12-08,46,I Will Survive,Wild Horses,50,8,
2001-12-08,47,Homeland,Kenny Rogers,53,6,Gains In Performance
2001-12-08,48,America Will Survive,Hank Williams Jr.,45,5,
2001-12-08,49,Gettin' Back To You,Daisy Dern,55,6,Gains In Performance
2001-12-08,50,I'm Not Gonna Do Anything Without You,Mark Wills Duet With Jamie O'Neal,54,2,Gains In Performance
2001-12-08,51,Inside Out,Trisha Yearwood Featuring Don Henley,60,2,Gains In Performance
2001-12-08,52,To Quote Shakespeare,The Clark Family Experience,56,6,Gains In Performance
2001-12-08,53,The Tin Man,Kenny Chesney,43,26,
2001-12-08,54,She Doesn't Dance,Mark McGuinn,NEW,1,Highest ranking debut|Gains In Performance
2001-12-08,55,That's Just Jessie,Kevin Denney,NEW,1,Gains In Performance
2001-12-08,56,It's Alright To Be A Redneck,Alan Jackson,59,5,
2001-12-08,57,Sideways,Darryl Worley,52,8,
2001-12-08,58,I Am A Man Of Constant Sorrow,The Soggy Bottom Boys,57,20,
2001-12-08,59,Life Don't Have To Be So Hard,Tracy Lawrence,RE,14,
2001-12-08,60,Night Disappear With You,Brian McComas,49,16,
2001-12-15,1,I Wanna Talk About Me,Toby Keith,1,17,Gains In Performance
2001-12-15,2,Run,George Strait,3,10,Gains In Performance
2001-12-15,3,Riding With Private Malone,David Ball,2,15,Gains In Performance
2001-12-15,4,Where The Stars And Stripes And The Eagle Fly,Aaron Tippin,4,11,Gains In Performance
2001-12-15,5,Where Were You (When The World Stopped Turning),Alan Jackson,6,4,Gains In Performance
2001-12-15,6,I'm Tryin',Trace Adkins,8,24,Gains In Performance
2001-12-15,7,Wrapped Up In You,Garth Brooks,9,8,Gains In Performance
2001-12-15,8,Good Morning Beautiful,Steve Holy,11,20,Gains In Performance
2001-12-15,9,Love Of A Woman,Travis Tritt,5,27,
2001-12-15,10,Wrapped Around,Brad Paisley,13,16,Gains In Performance
2001-12-15,11,I'm A Survivor,Reba,7,21,
2001-12-15,12,With Me,Lonestar,14,18,Gains In Performance
2001-12-15,13,Only In America,Brooks & Dunn,12,26,
2001-12-15,14,Bring On The Rain,Jo Dee Messina With Tim McGraw,15,14,Gains In Performance
2001-12-15,15,Angry All The Time,Tim McGraw,10,21,
2001-12-15,16,The Long Goodbye,Brooks & Dunn,18,8,Gains In Performance
2001-12-15,17,Where I Come From,Alan Jackson,16,25,
2001-12-15,18,On A Night Like This,Trick Pony,17,33,
2001-12-15,19,Just Let Me Be In Love,Tracy Byrd,20,17,Gains In Performance
2001-12-15,20,Man Of Me,Gary Allan,19,24,
2001-12-15,21,In Another World,Joe Diffie,21,21,Gains In Performance
2001-12-15,22,Saints & Angels,Sara Evans,22,14,Gains In Performance
2001-12-15,23,Some Days You Gotta Dance,Dixie Chicks,23,11,Gains In Performance
2001-12-15,24,Blessed,Martina McBride,26,7,Gains In Performance
2001-12-15,25,Shiver,Jamie O'Neal,24,15,Gains In Performance
2001-12-15,26,The Cowboy In Me,Tim McGraw,32,3,Gains In Performance
2001-12-15,27,All Over Me,Blake Shelton,27,9,Gains In Performance
2001-12-15,28,I'm Movin' On,Rascal Flatts,31,10,Gains In Performance
2001-12-15,29,Beer Run,George Jones Duet With Garth Brooks,25,10,
2001-12-15,30,Cold One Comin' On,Montgomery Gentry,30,17,Gains In Performance
2001-12-15,31,"I Breathe In, I Breathe Out",Chris Cagle,28,13,Gains In Performance
2001-12-15,32,Easy For Me To Say,Clint Black With Lisa Hartman Black,29,13,Gains In Performance
2001-12-15,33,That's When I Love You,Phil Vassar,33,7,Gains In Performance
2001-12-15,34,I Always Liked That Best,Cyndi Thomson,34,6,Gains In Performance
2001-12-15,35,Somethin' In The Water,Jeffrey Steele,36,16,Gains In Performance
2001-12-15,36,Does My Ring Burn Your Finger,Lee Ann Womack,37,6,Gains In Performance
2001-12-15,37,I Don't Have To Be Me ('til Monday),Steve Azar,39,10,Gains In Performance
2001-12-15,38,"This Ain't No Rag, It's A Flag",The Charlie Daniels Band,35,6,
2001-12-15,39,I Should Be Sleeping,Emerson Drive,41,6,Gains In Performance
2001-12-15,40,God Bless The USA,Lee Greenwood,38,12,
2001-12-15,41,I Cry,Tammy Cochran,44,5,Gains In Performance
2001-12-15,42,Baby I Lied,Shannon Brown,40,14,
2001-12-15,43,That's Just That,Diamond Rio,42,8,Gains In Performance
2001-12-15,44,Days Of America,BlackHawk,45,7,Gains In Performance
2001-12-15,45,Inside Out,Trisha Yearwood Featuring Don Henley,51,3,Gains In Performance
2001-12-15,46,I Will Survive,Wild Horses,46,9,Gains In Performance
2001-12-15,47,Homeland,Kenny Rogers,47,7,Gains In Performance
2001-12-15,48,Gettin' Back To You,Daisy Dern,49,7,Gains In Performance
2001-12-15,49,I'm Not Gonna Do Anything Without You,Mark Wills Duet With Jamie O'Neal,50,3,Gains In Performance
2001-12-15,50,Carry On,Pat Green,43,14,
2001-12-15,51,She Doesn't Dance,Mark McGuinn,54,2,Gains In Performance
2001-12-15,52,To Quote Shakespeare,The Clark Family Experience,52,7,
2001-12-15,53,It's Alright To Be A Redneck,Alan Jackson,56,6,Gains In Performance
2001-12-15,54,America Will Survive,Hank Williams Jr.,48,6,
2001-12-15,55,That's Just Jessie,Kevin Denney,55,2,
2001-12-15,56,Christmas Cookies,George Strait,NEW,1,Highest ranking debut|Gains In Performance
2001-12-15,57,The Christmas Shoes,3 Of Hearts,NEW,1,Gains In Performance
2001-12-15,58,"God, Family And Country",Craig Morgan,NEW,1,Gains In Performance
2001-12-15,59,Sideways,Darryl Worley,57,9,
2001-12-15,60,I Don't Want You To Go,Carolyn Dawn Johnson,NEW,1,Gains In Performance
2001-12-22,1,I Wanna Talk About Me,Toby Keith,1,18,
2001-12-22,2,Where Were You (When The World Stopped Turning),Alan Jackson,5,5,Gains In Performance
2001-12-22,3,Run,George Strait,2,11,Gains In Performance
2001-12-22,4,Where The Stars And Stripes And The Eagle Fly,Aaron Tippin,4,12,Gains In Performance
2001-12-22,5,Riding With Private Malone,David Ball,3,16,Gains In Performance
2001-12-22,6,I'm Tryin',Trace Adkins,6,25,Gains In Performance
2001-12-22,7,Good Morning Beautiful,Steve Holy,8,21,Gains In Performance
2001-12-22,8,Wrapped Up In You,Garth Brooks,7,9,Gains In Performance
2001-12-22,9,Wrapped Around,Brad Paisley,10,17,Gains In Performance
2001-12-22,10,With Me,Lonestar,12,19,Gains In Performance
2001-12-22,11,Bring On The Rain,Jo Dee Messina With Tim McGraw,14,15,Gains In Performance
2001-12-22,12,Love Of A Woman,Travis Tritt,9,28,
2001-12-22,13,Only In America,Brooks & Dunn,13,27,
2001-12-22,14,The Long Goodbye,Brooks & Dunn,16,9,Gains In Performance
2001-12-22,15,Just Let Me Be In Love,Tracy Byrd,19,18,Gains In Performance
2001-12-22,16,In Another World,Joe Diffie,21,22,Gains In Performance
2001-12-22,17,Some Days You Gotta Dance,Dixie Chicks,23,12,Gains In Performance
2001-12-22,18,Angry All The Time,Tim McGraw,15,22,
2001-12-22,19,Where I Come From,Alan Jackson,17,26,
2001-12-22,20,The Cowboy In Me,Tim McGraw,26,4,Gains In Performance
2001-12-22,21,Blessed,Martina McBride,24,8,Gains In Performance
2001-12-22,22,Saints & Angels,Sara Evans,22,15,Gains In Performance
2001-12-22,23,Shiver,Jamie O'Neal,25,16,Gains In Performance
2001-12-22,24,I'm Movin' On,Rascal Flatts,28,11,Gains In Performance
2001-12-22,25,All Over Me,Blake Shelton,27,10,Gains In Performance
2001-12-22,26,Cold One Comin' On,Montgomery Gentry,30,18,Gains In Performance
2001-12-22,27,"I Breathe In, I Breathe Out",Chris Cagle,31,14,Gains In Performance
2001-12-22,28,Easy For Me To Say,Clint Black With Lisa Hartman Black,32,14,
2001-12-22,29,Beer Run,George Jones Duet With Garth Brooks,29,11,
2001-12-22,30,That's When I Love You,Phil Vassar,33,8,Gains In Performance
2001-12-22,31,I Always Liked That Best,Cyndi Thomson,34,7,Gains In Performance
2001-12-22,32,Does My Ring Burn Your Finger,Lee Ann Womack,36,7,Gains In Performance
2001-12-22,33,I Don't Have To Be Me ('til Monday),Steve Azar,37,11,Gains In Performance
2001-12-22,34,Somethin' In The Water,Jeffrey Steele,35,17,Gains In Performance
2001-12-22,35,I Should Be Sleeping,Emerson Drive,39,7,Gains In Performance
2001-12-22,36,I Cry,Tammy Cochran,41,6,Gains In Performance
2001-12-22,37,"This Ain't No Rag, It's A Flag",The Charlie Daniels Band,38,7,
2001-12-22,38,Inside Out,Trisha Yearwood Featuring Don Henley,45,4,Gains In Performance
2001-12-22,39,God Bless The USA,Lee Greenwood,40,13,
2001-12-22,40,I'm Not Gonna Do Anything Without You,Mark Wills Duet With Jamie O'Neal,49,4,Gains In Performance
2001-12-22,41,Days Of America,BlackHawk,44,8,Gains In Performance
2001-12-22,42,Homeland,Kenny Rogers,47,8,Gains In Performance
2001-12-22,43,I Don't Want You To Go,Carolyn Dawn Johnson,60,2,Gains In Performance
2001-12-22,44,That's Just That,Diamond Rio,43,9,
2001-12-22,45,She Doesn't Dance,Mark McGuinn,51,3,Gains In Performance
2001-12-22,46,Gettin' Back To You,Daisy Dern,48,8,
2001-12-22,47,I Will Survive,Wild Horses,46,10,
2001-12-22,48,Baby I Lied,Shannon Brown,42,15,
2001-12-22,49,That's Just Jessie,Kevin Denney,55,3,Gains In Performance
2001-12-22,50,Jezebel,Chely Wright,NEW,1,Highest ranking debut|Gains In Performance
2001-12-22,51,Christmas Cookies,George Strait,56,2,Gains In Performance
2001-12-22,52,What If She's An Angel,Tommy Shane Steiner,NEW,1,Gains In Performance
2001-12-22,53,To Quote Shakespeare,The Clark Family Experience,52,8,
2001-12-22,54,America Will Survive,Hank Williams Jr.,54,7,
2001-12-22,55,When You Lie Next To Me,Kellie Coffey,NEW,1,Gains In Performance
2001-12-22,56,The Christmas Shoes,3 Of Hearts,57,2,Gains In Performance
2001-12-22,57,It's Alright To Be A Redneck,Alan Jackson,53,7,
2001-12-22,58,Jingle Bell Rock,Aaron Tippin,NEW,1,Gains In Performance
2001-12-22,59,My List,Toby Keith,NEW,1,Gains In Performance
2001-12-22,60,"God, Family And Country",Craig Morgan,58,2,Gains In Performance
2001-12-29,1,Where Were You (When The World Stopped Turning),Alan Jackson,2,6,Gains In Performance
2001-12-29,2,I Wanna Talk About Me,Toby Keith,1,19,
2001-12-29,3,Run,George Strait,3,12,Gains In Performance
2001-12-29,4,Where The Stars And Stripes And The Eagle Fly,Aaron Tippin,4,13,Gains In Performance
2001-12-29,5,Good Morning Beautiful,Steve Holy,7,22,Greatest gainer this week|Gains In Performance
2001-12-29,6,I'm Tryin',Trace Adkins,6,26,Gains In Performance
2001-12-29,7,Riding With Private Malone,David Ball,5,17,
2001-12-29,8,Wrapped Up In You,Garth Brooks,8,10,Gains In Performance
2001-12-29,9,Wrapped Around,Brad Paisley,9,18,Gains In Performance
2001-12-29,10,Bring On The Rain,Jo Dee Messina With Tim McGraw,11,16,Gains In Performance
2001-12-29,11,With Me,Lonestar,10,20,
2001-12-29,12,The Long Goodbye,Brooks & Dunn,14,10,Gains In Performance
2001-12-29,13,In Another World,Joe Diffie,16,23,Gains In Performance
2001-12-29,14,Only In America,Brooks & Dunn,13,28,
2001-12-29,15,Just Let Me Be In Love,Tracy Byrd,15,19,Gains In Performance
2001-12-29,16,The Cowboy In Me,Tim McGraw,20,5,Gains In Performance
2001-12-29,17,Some Days You Gotta Dance,Dixie Chicks,17,13,Gains In Performance
2001-12-29,18,Love Of A Woman,Travis Tritt,12,29,
2001-12-29,19,Blessed,Martina McBride,21,9,Gains In Performance
2001-12-29,20,Saints & Angels,Sara Evans,22,16,Gains In Performance
2001-12-29,21,Shiver,Jamie O'Neal,23,17,
2001-12-29,22,I'm Movin' On,Rascal Flatts,24,12,Gains In Performance
2001-12-29,23,"I Breathe In, I Breathe Out",Chris Cagle,27,15,Gains In Performance
2001-12-29,24,All Over Me,Blake Shelton,25,11,Gains In Performance
2001-12-29,25,Cold One Comin' On,Montgomery Gentry,26,19,Gains In Performance
2001-12-29,26,That's When I Love You,Phil Vassar,30,9,Gains In Performance
2001-12-29,27,Easy For Me To Say,Clint Black With Lisa Hartman Black,28,15,
2001-12-29,28,I Always Liked That Best,Cyndi Thomson,31,8,Gains In Performance
2001-12-29,29,Does My Ring Burn Your Finger,Lee Ann Womack,32,8,Gains In Performance
2001-12-29,30,I Should Be Sleeping,Emerson Drive,35,8,Gains In Performance
2001-12-29,31,Beer Run,George Jones Duet With Garth Brooks,29,12,
2001-12-29,32,I Don't Have To Be Me ('til Monday),Steve Azar,33,12,Gains In Performance
2001-12-29,33,Somethin' In The Water,Jeffrey Steele,34,18,
2001-12-29,34,Inside Out,Trisha Yearwood Featuring Don Henley,38,5,Gains In Performance
2001-12-29,35,I Cry,Tammy Cochran,36,7,Gains In Performance
2001-12-29,36,I Don't Want You To Go,Carolyn Dawn Johnson,43,3,Gains In Performance
2001-12-29,37,Christmas Cookies,George Strait,51,3,Gains In Performance
2001-12-29,38,Days Of America,BlackHawk,41,9,Gains In Performance
2001-12-29,39,Homeland,Kenny Rogers,42,9,Gains In Performance
2001-12-29,40,What If She's An Angel,Tommy Shane Steiner,52,2,Gains In Performance
2001-12-29,41,Jezebel,Chely Wright,50,2,Gains In Performance
2001-12-29,42,That's Just Jessie,Kevin Denney,49,4,Gains In Performance
2001-12-29,43,I'm Not Gonna Do Anything Without You,Mark Wills Duet With Jamie O'Neal,40,5,
2001-12-29,44,"This Ain't No Rag, It's A Flag",The Charlie Daniels Band,37,8,
2001-12-29,45,She Doesn't Dance,Mark McGuinn,45,4,Gains In Performance
2001-12-29,46,The Christmas Shoes,3 Of Hearts,56,3,Gains In Performance
2001-12-29,47,God Bless The USA,Lee Greenwood,39,14,
2001-12-29,48,Osama-Yo' Mama,Ray Stevens,NEW,1,Highest ranking debut|Gains In Performance
2001-12-29,49,When You Lie Next To Me,Kellie Coffey,55,2,Gains In Performance
2001-12-29,50,Young,Kenny Chesney,NEW,1,Gains In Performance
2001-12-29,51,Gettin' Back To You,Daisy Dern,46,9,
2001-12-29,52,"God, Family And Country",Craig Morgan,60,3,Gains In Performance
2001-12-29,53,Heather's Wall,Ty Herndon,NEW,1,Gains In Performance
2001-12-29,54,To Quote Shakespeare,The Clark Family Experience,53,9,
2001-12-29,55,My List,Toby Keith,59,2,Gains In Performance
2001-12-29,56,I Will Survive,Wild Horses,47,11,
2001-12-29,57,That's Just That,Diamond Rio,44,10,
2001-12-29,58,Star Spangled Banner,Faith Hill,RE,9,Gains In Performance
2001-12-29,59,Jingle Bell Rock,Aaron Tippin,58,2,
2001-12-29,60,"Love, Will (The Package)",Tim Rushlow,NEW,1,Gains In Performance
2002-01-05,1,Where Were You (When The World Stopped Turning),Alan Jackson,1,7,
2002-01-05,2,Run,George Strait,3,13,
2002-01-05,3,Where The Stars And Stripes And The Eagle Fly,Aaron Tippin,4,14,
2002-01-05,4,I Wanna Talk About Me,Toby Keith,2,20,
2002-01-05,5,Good Morning Beautiful,Steve Holy,5,23,
2002-01-05,6,I'm Tryin',Trace Adkins,6,27,
2002-01-05,7,Wrapped Up In You,Garth Brooks,8,11,
2002-01-05,8,Riding With Private Malone,David Ball,7,18,
2002-01-05,9,Wrapped Around,Brad Paisley,9,19,
2002-01-05,10,Bring On The Rain,Jo Dee Messina With Tim McGraw,10,17,
2002-01-05,11,The Long Goodbye,Brooks & Dunn,12,11,
2002-01-05,12,With Me,Lonestar,11,21,
2002-01-05,13,The Cowboy In Me,Tim McGraw,16,6,Gains In Performance
2002-01-05,14,In Another World,Joe Diffie,13,24,
2002-01-05,15,Just Let Me Be In Love,Tracy Byrd,15,20,
2002-01-05,16,Some Days You Gotta Dance,Dixie Chicks,17,14,
2002-01-05,17,Blessed,Martina McBride,19,10,Gains In Performance
2002-01-05,18,Only In America,Brooks & Dunn,14,29,
2002-01-05,19,Love Of A Woman,Travis Tritt,18,30,
2002-01-05,20,Saints & Angels,Sara Evans,20,17,
2002-01-05,21,I'm Movin' On,Rascal Flatts,22,13,
2002-01-05,22,"I Breathe In, I Breathe Out",Chris Cagle,23,16,
2002-01-05,23,All Over Me,Blake Shelton,24,12,
2002-01-05,24,Cold One Comin' On,Montgomery Gentry,25,20,
2002-01-05,25,Shiver,Jamie O'Neal,21,18,
2002-01-05,26,That's When I Love You,Phil Vassar,26,10,
2002-01-05,27,Does My Ring Burn Your Finger,Lee Ann Womack,29,9,Gains In Performance
2002-01-05,28,I Always Liked That Best,Cyndi Thomson,28,9,
2002-01-05,29,What If She's An Angel,Tommy Shane Steiner,40,3,Gains In Performance
2002-01-05,30,I Should Be Sleeping,Emerson Drive,30,9,
2002-01-05,31,Easy For Me To Say,Clint Black With Lisa Hartman Black,27,16,
2002-01-05,32,I Don't Have To Be Me ('til Monday),Steve Azar,32,13,
2002-01-05,33,Christmas Cookies,George Strait,37,4,Gains In Performance
2002-01-05,34,Inside Out,Trisha Yearwood Featuring Don Henley,34,6,Gains In Performance
2002-01-05,35,I Cry,Tammy Cochran,35,8,Gains In Performance
2002-01-05,36,Young,Kenny Chesney,50,2,Gains In Performance
2002-01-05,37,Beer Run,George Jones Duet With Garth Brooks,31,13,
2002-01-05,38,I Don't Want You To Go,Carolyn Dawn Johnson,36,4,Gains In Performance
2002-01-05,39,The Christmas Shoes,3 Of Hearts,46,4,Gains In Performance
2002-01-05,40,Somethin' In The Water,Jeffrey Steele,33,19,
2002-01-05,41,That's Just Jessie,Kevin Denney,42,5,Gains In Performance
2002-01-05,42,I'm Not Gonna Do Anything Without You,Mark Wills Duet With Jamie O'Neal,43,6,Gains In Performance
2002-01-05,43,Jezebel,Chely Wright,41,3,Gains In Performance
2002-01-05,44,When You Lie Next To Me,Kellie Coffey,49,3,Gains In Performance
2002-01-05,45,Days Of America,BlackHawk,38,10,
2002-01-05,46,She Doesn't Dance,Mark McGuinn,45,5,Gains In Performance
2002-01-05,47,Homeland,Kenny Rogers,39,10,
2002-01-05,48,God Bless The USA,Lee Greenwood,47,15,
2002-01-05,49,"This Ain't No Rag, It's A Flag",The Charlie Daniels Band,44,9,
2002-01-05,50,Osama-Yo' Mama,Ray Stevens,48,2,
2002-01-05,51,Gettin' Back To You,Daisy Dern,51,10,
2002-01-05,52,My List,Toby Keith,55,3,Gains In Performance
2002-01-05,53,Jingle Bell Rock,Aaron Tippin,59,3,Gains In Performance
2002-01-05,54,Heather's Wall,Ty Herndon,53,2,
2002-01-05,55,Call Me Claus,Garth Brooks,NEW,1,Highest ranking debut|Gains In Performance
2002-01-05,56,"'Zat You, Santa Claus?",Garth Brooks,NEW,1,Gains In Performance
2002-01-05,57,"God, Family And Country",Craig Morgan,52,4,
2002-01-05,58,To Quote Shakespeare,The Clark Family Experience,54,10,
2002-01-05,59,Star Spangled Banner,Faith Hill,58,10,
2002-01-05,60,It's Alright To Be A Redneck,Alan Jackson,RE,8,
2002-01-12,1,Where Were You (When The World Stopped Turning),Alan Jackson,1,8,
2002-01-12,2,Where The Stars And Stripes And The Eagle Fly,Aaron Tippin,3,15,
2002-01-12,3,Run,George Strait,2,14,
2002-01-12,4,Good Morning Beautiful,Steve Holy,5,24,
2002-01-12,5,I Wanna Talk About Me,Toby Keith,4,21,
2002-01-12,6,I'm Tryin',Trace Adkins,6,28,
2002-01-12,7,Wrapped Up In You,Garth Brooks,7,12,
2002-01-12,8,Wrapped Around,Brad Paisley,9,20,
2002-01-12,9,Riding With Private Malone,David Ball,8,19,
2002-01-12,10,Bring On The Rain,Jo Dee Messina With Tim McGraw,10,18,
2002-01-12,11,The Long Goodbye,Brooks & Dunn,11,12,
2002-01-12,12,The Cowboy In Me,Tim McGraw,13,7,
2002-01-12,13,Blessed,Martina McBride,17,11,
2002-01-12,14,Only In America,Brooks & Dunn,18,30,
2002-01-12,15,In Another World,Joe Diffie,14,25,
2002-01-12,16,Some Days You Gotta Dance,Dixie Chicks,16,15,
2002-01-12,17,Just Let Me Be In Love,Tracy Byrd,15,21,
2002-01-12,18,With Me,Lonestar,12,22,
2002-01-12,19,Saints & Angels,Sara Evans,20,18,
2002-01-12,20,Love Of A Woman,Travis Tritt,19,31,
2002-01-12,21,I'm Movin' On,Rascal Flatts,21,14,
2002-01-12,22,"I Breathe In, I Breathe Out",Chris Cagle,22,17,
2002-01-12,23,Cold One Comin' On,Montgomery Gentry,24,21,
2002-01-12,24,All Over Me,Blake Shelton,23,13,
2002-01-12,25,That's When I Love You,Phil Vassar,26,11,
2002-01-12,26,Does My Ring Burn Your Finger,Lee Ann Womack,27,10,
2002-01-12,27,What If She's An Angel,Tommy Shane Steiner,29,4,Gains In Performance
2002-01-12,28,Shiver,Jamie O'Neal,25,19,
2002-01-12,29,I Always Liked That Best,Cyndi Thomson,28,10,
2002-01-12,30,I Should Be Sleeping,Emerson Drive,30,10,
2002-01-12,31,I Don't Have To Be Me ('til Monday),Steve Azar,32,14,
2002-01-12,32,Young,Kenny Chesney,36,3,Gains In Performance
2002-01-12,33,Inside Out,Trisha Yearwood Featuring Don Henley,34,7,
2002-01-12,34,I Cry,Tammy Cochran,35,9,
2002-01-12,35,I Don't Want You To Go,Carolyn Dawn Johnson,38,5,Gains In Performance
2002-01-12,36,That's Just Jessie,Kevin Denney,41,6,Greatest gainer this week|Gains In Performance
2002-01-12,37,Easy For Me To Say,Clint Black With Lisa Hartman Black,31,17,
2002-01-12,38,I'm Not Gonna Do Anything Without You,Mark Wills Duet With Jamie O'Neal,42,7,
2002-01-12,39,Christmas Cookies,George Strait,33,5,
2002-01-12,40,Jezebel,Chely Wright,43,4,
2002-01-12,41,Beer Run,George Jones Duet With Garth Brooks,37,14,
2002-01-12,42,When You Lie Next To Me,Kellie Coffey,44,4,
2002-01-12,43,Days Of America,BlackHawk,45,11,
2002-01-12,44,She Doesn't Dance,Mark McGuinn,46,6,
2002-01-12,45,Homeland,Kenny Rogers,47,11,
2002-01-12,46,Somethin' In The Water,Jeffrey Steele,40,20,
2002-01-12,47,My List,Toby Keith,52,4,Gains In Performance
2002-01-12,48,God Bless The USA,Lee Greenwood,48,16,
2002-01-12,49,The Christmas Shoes,3 Of Hearts,39,5,
2002-01-12,50,Gettin' Back To You,Daisy Dern,51,11,
2002-01-12,51,Heather's Wall,Ty Herndon,54,3,
2002-01-12,52,Jingle Bell Rock,Aaron Tippin,53,4,
2002-01-12,53,Osama-Yo' Mama,Ray Stevens,50,3,
2002-01-12,54,"This Ain't No Rag, It's A Flag",The Charlie Daniels Band,49,10,
2002-01-12,55,"God, Family And Country",Craig Morgan,57,5,Gains In Performance
2002-01-12,56,Modern Day Bonnie And Clyde,Travis Tritt,NEW,1,Highest ranking debut|Gains In Performance
2002-01-12,57,It's Alright To Be A Redneck,Alan Jackson,60,9,Gains In Performance
2002-01-12,58,Call Me Claus,Garth Brooks,55,2,
2002-01-12,59,What Do You See,Sonya Isaacs,NEW,1,Gains In Performance
2002-01-12,60,To Quote Shakespeare,The Clark Family Experience,58,11,
2002-01-19,1,Where Were You (When The World Stopped Turning),Alan Jackson,1,9,Greatest gainer this week|Gains In Performance
2002-01-19,2,Run,George Strait,3,15,Gains In Performance
2002-01-19,3,Where The Stars And Stripes And The Eagle Fly,Aaron Tippin,2,16,Gains In Performance
2002-01-19,4,Good Morning Beautiful,Steve Holy,4,25,Gains In Performance
2002-01-19,5,I Wanna Talk About Me,Toby Keith,5,22,Gains In Performance
2002-01-19,6,I'm Tryin',Trace Adkins,6,29,Gains In Performance
2002-01-19,7,Wrapped Up In You,Garth Brooks,7,13,Gains In Performance
2002-01-19,8,Wrapped Around,Brad Paisley,8,21,Gains In Performance
2002-01-19,9,Bring On The Rain,Jo Dee Messina With Tim McGraw,10,19,Gains In Performance
2002-01-19,10,Riding With Private Malone,David Ball,9,20,Gains In Performance
2002-01-19,11,The Long Goodbye,Brooks & Dunn,11,13,Gains In Performance
2002-01-19,12,The Cowboy In Me,Tim McGraw,12,8,Gains In Performance
2002-01-19,13,Blessed,Martina McBride,13,12,Gains In Performance
2002-01-19,14,Some Days You Gotta Dance,Dixie Chicks,16,16,Gains In Performance
2002-01-19,15,Just Let Me Be In Love,Tracy Byrd,17,22,Gains In Performance
2002-01-19,16,In Another World,Joe Diffie,15,26,Gains In Performance
2002-01-19,17,Only In America,Brooks & Dunn,14,31,Gains In Performance
2002-01-19,18,Saints & Angels,Sara Evans,19,19,Gains In Performance
2002-01-19,19,With Me,Lonestar,18,23,Gains In Performance
2002-01-19,20,Love Of A Woman,Travis Tritt,20,32,Gains In Performance
2002-01-19,21,I'm Movin' On,Rascal Flatts,21,15,Gains In Performance
2002-01-19,22,"I Breathe In, I Breathe Out",Chris Cagle,22,18,Gains In Performance
2002-01-19,23,All Over Me,Blake Shelton,24,14,Gains In Performance
2002-01-19,24,Cold One Comin' On,Montgomery Gentry,23,22,Gains In Performance
2002-01-19,25,That's When I Love You,Phil Vassar,25,12,Gains In Performance
2002-01-19,26,Does My Ring Burn Your Finger,Lee Ann Womack,26,11,Gains In Performance
2002-01-19,27,I Always Liked That Best,Cyndi Thomson,29,11,Gains In Performance
2002-01-19,28,What If She's An Angel,Tommy Shane Steiner,27,5,Gains In Performance
2002-01-19,29,Shiver,Jamie O'Neal,28,20,Gains In Performance
2002-01-19,30,I Should Be Sleeping,Emerson Drive,30,11,Gains In Performance
2002-01-19,31,I Don't Have To Be Me ('til Monday),Steve Azar,31,15,Gains In Performance
2002-01-19,32,Young,Kenny Chesney,32,4,Gains In Performance
2002-01-19,33,I Don't Want You To Go,Carolyn Dawn Johnson,35,6,Gains In Performance
2002-01-19,34,I Cry,Tammy Cochran,34,10,Gains In Performance
2002-01-19,35,Inside Out,Trisha Yearwood Featuring Don Henley,33,8,Gains In Performance
2002-01-19,36,That's Just Jessie,Kevin Denney,36,7,Gains In Performance
2002-01-19,37,Easy For Me To Say,Clint Black With Lisa Hartman Black,37,18,Gains In Performance
2002-01-19,38,Jezebel,Chely Wright,40,5,Gains In Performance
2002-01-19,39,Days Of America,BlackHawk,43,12,Gains In Performance
2002-01-19,40,I'm Not Gonna Do Anything Without You,Mark Wills Duet With Jamie O'Neal,38,8,Gains In Performance
2002-01-19,41,Beer Run,George Jones Duet With Garth Brooks,41,15,Gains In Performance
2002-01-19,42,She Doesn't Dance,Mark McGuinn,44,7,Gains In Performance
2002-01-19,43,Homeland,Kenny Rogers,45,12,Gains In Performance
2002-01-19,44,When You Lie Next To Me,Kellie Coffey,42,5,Gains In Performance
2002-01-19,45,My List,Toby Keith,47,5,Gains In Performance
2002-01-19,46,God Bless The USA,Lee Greenwood,48,17,Gains In Performance
2002-01-19,47,Somethin' In The Water,Jeffrey Steele,46,21,Gains In Performance
2002-01-19,48,Gettin' Back To You,Daisy Dern,50,12,Gains In Performance
2002-01-19,49,Heather's Wall,Ty Herndon,51,4,Gains In Performance
2002-01-19,50,Modern Day Bonnie And Clyde,Travis Tritt,56,2,Gains In Performance
2002-01-19,51,"God, Family And Country",Craig Morgan,55,6,Gains In Performance
2002-01-19,52,Osama-Yo' Mama,Ray Stevens,53,4,Gains In Performance
2002-01-19,53,"This Ain't No Rag, It's A Flag",The Charlie Daniels Band,54,11,Gains In Performance
2002-01-19,54,Designated Drinker,Alan Jackson Duet With George Strait,NEW,1,Highest ranking debut|Gains In Performance
2002-01-19,55,Just What I Do,Trick Pony,NEW,1,Gains In Performance
2002-01-19,56,The One,Gary Allan,NEW,1,Gains In Performance
2002-01-19,57,To Quote Shakespeare,The Clark Family Experience,60,12,Gains In Performance
2002-01-19,58,It's Alright To Be A Redneck,Alan Jackson,57,10,
2002-01-19,59,"Love, Will (The Package)",Tim Rushlow,RE,2,Gains In Performance
2002-01-19,60,Life Don't Have To Be So Hard,Tracy Lawrence,RE,15,Gains In Performance
2002-01-26,1,Where Were You (When The World Stopped Turning),Alan Jackson,1,10,
2002-01-26,2,Good Morning Beautiful,Steve Holy,4,26,Gains In Performance
2002-01-26,3,Run,George Strait,2,16,Gains In Performance
2002-01-26,4,Where The Stars And Stripes And The Eagle Fly,Aaron Tippin,3,17,
2002-01-26,5,Wrapped Up In You,Garth Brooks,7,14,Gains In Performance
2002-01-26,6,Wrapped Around,Brad Paisley,8,22,Gains In Performance
2002-01-26,7,I'm Tryin',Trace Adkins,6,30,
2002-01-26,8,I Wanna Talk About Me,Toby Keith,5,23,
2002-01-26,9,Bring On The Rain,Jo Dee Messina With Tim McGraw,9,20,Gains In Performance
2002-01-26,10,The Long Goodbye,Brooks & Dunn,11,14,Gains In Performance
2002-01-26,11,The Cowboy In Me,Tim McGraw,12,9,Gains In Performance
2002-01-26,12,Just Let Me Be In Love,Tracy Byrd,15,23,Gains In Performance
2002-01-26,13,Blessed,Martina McBride,13,13,Gains In Performance
2002-01-26,14,Some Days You Gotta Dance,Dixie Chicks,14,17,Gains In Performance
2002-01-26,15,In Another World,Joe Diffie,16,27,Gains In Performance
2002-01-26,16,Saints & Angels,Sara Evans,18,20,Gains In Performance
2002-01-26,17,Riding With Private Malone,David Ball,10,21,
2002-01-26,18,Only In America,Brooks & Dunn,17,32,
2002-01-26,19,I'm Movin' On,Rascal Flatts,21,16,Gains In Performance
2002-01-26,20,"I Breathe In, I Breathe Out",Chris Cagle,22,19,Gains In Performance
2002-01-26,21,All Over Me,Blake Shelton,23,15,Gains In Performance
2002-01-26,22,That's When I Love You,Phil Vassar,25,13,Gains In Performance
2002-01-26,23,I Always Liked That Best,Cyndi Thomson,27,12,Gains In Performance
2002-01-26,24,Does My Ring Burn Your Finger,Lee Ann Womack,26,12,Gains In Performance
2002-01-26,25,What If She's An Angel,Tommy Shane Steiner,28,6,Gains In Performance
2002-01-26,26,Young,Kenny Chesney,32,5,Gains In Performance
2002-01-26,27,I Should Be Sleeping,Emerson Drive,30,12,Gains In Performance
2002-01-26,28,My List,Toby Keith,45,6,Gains In Performance
2002-01-26,29,I Don't Have To Be Me ('til Monday),Steve Azar,31,16,Gains In Performance
2002-01-26,30,I Don't Want You To Go,Carolyn Dawn Johnson,33,7,Gains In Performance
2002-01-26,31,That's Just Jessie,Kevin Denney,36,8,Gains In Performance
2002-01-26,32,Inside Out,Trisha Yearwood Featuring Don Henley,35,9,Gains In Performance
2002-01-26,33,I Cry,Tammy Cochran,34,11,
2002-01-26,34,I'm Not Gonna Do Anything Without You,Mark Wills Duet With Jamie O'Neal,40,9,Gains In Performance
2002-01-26,35,Jezebel,Chely Wright,38,6,Gains In Performance
2002-01-26,36,She Doesn't Dance,Mark McGuinn,42,8,Gains In Performance
2002-01-26,37,When You Lie Next To Me,Kellie Coffey,44,6,Gains In Performance
2002-01-26,38,Days Of America,BlackHawk,39,13,
2002-01-26,39,Easy For Me To Say,Clint Black With Lisa Hartman Black,37,19,
2002-01-26,40,Homeland,Kenny Rogers,43,13,
2002-01-26,41,Modern Day Bonnie And Clyde,Travis Tritt,50,3,Gains In Performance
2002-01-26,42,God Bless The USA,Lee Greenwood,46,18,
2002-01-26,43,Gettin' Back To You,Daisy Dern,48,13,
2002-01-26,44,The One,Gary Allan,56,2,Gains In Performance
2002-01-26,45,Heather's Wall,Ty Herndon,49,5,
2002-01-26,46,Just What I Do,Trick Pony,55,2,Gains In Performance
2002-01-26,47,Beer Run,George Jones Duet With Garth Brooks,41,16,
2002-01-26,48,Designated Drinker,Alan Jackson Duet With George Strait,54,2,Gains In Performance
2002-01-26,49,"God, Family And Country",Craig Morgan,51,7,
2002-01-26,50,Osama-Yo' Mama,Ray Stevens,52,5,
2002-01-26,51,"This Ain't No Rag, It's A Flag",The Charlie Daniels Band,53,12,
2002-01-26,52,"Love, Will (The Package)",Tim Rushlow,59,3,Gains In Performance
2002-01-26,53,Mendocino County Line,Willie Nelson Duet With Lee Ann Womack,NEW,1,Highest ranking debut|Gains In Performance
2002-01-26,54,I Could Never Love You Enough,Brian McComas,NEW,1,Gains In Performance
2002-01-26,55,Sweet Music Man,Reba,NEW,1,Gains In Performance
2002-01-26,56,Star Spangled Banner,Faith Hill,RE,11,Gains In Performance
2002-01-26,57,Karma,Jessica Andrews,NEW,1,Gains In Performance
2002-01-26,58,Not A Day Goes By,Lonestar,NEW,1,Gains In Performance
2002-01-26,59,Travelin' Soldier,Dixie Chicks,NEW,1,Gains In Performance
2002-01-26,60,Three Days,Pat Green,NEW,1,Gains In Performance
2002-02-02,1,Good Morning Beautiful,Steve Holy,2,27,Gains In Performance
2002-02-02,2,Where Were You (When The World Stopped Turning),Alan Jackson,1,11,
2002-02-02,3,Run,George Strait,3,17,
2002-02-02,4,Wrapped Around,Brad Paisley,6,23,Gains In Performance
2002-02-02,5,Where The Stars And Stripes And The Eagle Fly,Aaron Tippin,4,18,
2002-02-02,6,Wrapped Up In You,Garth Brooks,5,15,
2002-02-02,7,Bring On The Rain,Jo Dee Messina With Tim McGraw,9,21,Gains In Performance
2002-02-02,8,The Long Goodbye,Brooks & Dunn,10,15,Gains In Performance
2002-02-02,9,I Wanna Talk About Me,Toby Keith,8,24,
2002-02-02,10,The Cowboy In Me,Tim McGraw,11,10,Gains In Performance
2002-02-02,11,I'm Tryin',Trace Adkins,7,31,
2002-02-02,12,Blessed,Martina McBride,13,14,Gains In Performance
2002-02-02,13,Just Let Me Be In Love,Tracy Byrd,12,24,Gains In Performance
2002-02-02,14,Some Days You Gotta Dance,Dixie Chicks,14,18,Gains In Performance
2002-02-02,15,In Another World,Joe Diffie,15,28,Gains In Performance
2002-02-02,16,Saints & Angels,Sara Evans,16,21,Gains In Performance
2002-02-02,17,I'm Movin' On,Rascal Flatts,19,17,Gains In Performance
2002-02-02,18,"I Breathe In, I Breathe Out",Chris Cagle,20,20,Gains In Performance
2002-02-02,19,Only In America,Brooks & Dunn,18,33,
2002-02-02,20,Riding With Private Malone,David Ball,17,22,
2002-02-02,21,All Over Me,Blake Shelton,21,16,Gains In Performance
2002-02-02,22,That's When I Love You,Phil Vassar,22,14,Gains In Performance
2002-02-02,23,Young,Kenny Chesney,26,6,Greatest gainer this week|Gains In Performance
2002-02-02,24,What If She's An Angel,Tommy Shane Steiner,25,7,Gains In Performance
2002-02-02,25,Does My Ring Burn Your Finger,Lee Ann Womack,24,13,Gains In Performance
2002-02-02,26,I Always Liked That Best,Cyndi Thomson,23,13,Gains In Performance
2002-02-02,27,My List,Toby Keith,28,7,Gains In Performance
2002-02-02,28,I Should Be Sleeping,Emerson Drive,27,13,Gains In Performance
2002-02-02,29,I Don't Want You To Go,Carolyn Dawn Johnson,30,8,Gains In Performance
2002-02-02,30,I Don't Have To Be Me ('til Monday),Steve Azar,29,17,
2002-02-02,31,Inside Out,Trisha Yearwood Featuring Don Henley,32,10,Gains In Performance
2002-02-02,32,I Cry,Tammy Cochran,33,12,Gains In Performance
2002-02-02,33,That's Just Jessie,Kevin Denney,31,9,Gains In Performance
2002-02-02,34,Jezebel,Chely Wright,35,7,Gains In Performance
2002-02-02,35,Modern Day Bonnie And Clyde,Travis Tritt,41,4,Gains In Performance
2002-02-02,36,I'm Not Gonna Do Anything Without You,Mark Wills Duet With Jamie O'Neal,34,10,Gains In Performance
2002-02-02,37,When You Lie Next To Me,Kellie Coffey,37,7,Gains In Performance
2002-02-02,38,Days Of America,BlackHawk,38,14,Gains In Performance
2002-02-02,39,She Doesn't Dance,Mark McGuinn,36,9,
2002-02-02,40,Just What I Do,Trick Pony,46,3,Gains In Performance
2002-02-02,41,Homeland,Kenny Rogers,40,14,
2002-02-02,42,Heather's Wall,Ty Herndon,45,6,Gains In Performance
2002-02-02,43,The One,Gary Allan,44,3,Gains In Performance
2002-02-02,44,God Bless The USA,Lee Greenwood,42,19,
2002-02-02,45,Easy For Me To Say,Clint Black With Lisa Hartman Black,39,20,
2002-02-02,46,Designated Drinker,Alan Jackson Duet With George Strait,48,3,Gains In Performance
2002-02-02,47,Beer Run,George Jones Duet With Garth Brooks,47,17,
2002-02-02,48,Sweet Music Man,Reba,55,2,Gains In Performance
2002-02-02,49,Gettin' Back To You,Daisy Dern,43,14,
2002-02-02,50,Mendocino County Line,Willie Nelson Duet With Lee Ann Womack,53,2,Gains In Performance
2002-02-02,51,Tonight I Wanna Be Your Man,Andy Griggs,NEW,1,Highest ranking debut|Gains In Performance
2002-02-02,52,Circles,Sawyer Brown,NEW,1,Gains In Performance
2002-02-02,53,Drive (For Daddy Gene),Alan Jackson,NEW,1,Gains In Performance
2002-02-02,54,"God, Family And Country",Craig Morgan,49,8,
2002-02-02,55,Not A Day Goes By,Lonestar,58,2,Gains In Performance
2002-02-02,56,"Maybe, Maybe Not",Mindy McCready,NEW,1,Gains In Performance
2002-02-02,57,"Love, Will (The Package)",Tim Rushlow,52,4,
2002-02-02,58,What A Memory,Tracy Lawrence,NEW,1,Gains In Performance
2002-02-02,59,"This Ain't No Rag, It's A Flag",The Charlie Daniels Band,51,13,
2002-02-02,60,Three Days,Pat Green,60,2,Gains In Performance
2002-02-09,1,Good Morning Beautiful,Steve Holy,1,28,Gains In Performance
2002-02-09,2,Run,George Strait,3,18,
2002-02-09,3,Wrapped Around,Brad Paisley,4,24,Gains In Performance
2002-02-09,4,Where Were You (When The World Stopped Turning),Alan Jackson,2,12,
2002-02-09,5,The Long Goodbye,Brooks & Dunn,8,16,Gains In Performance
2002-02-09,6,Bring On The Rain,Jo Dee Messina With Tim McGraw,7,22,Gains In Performance
2002-02-09,7,The Cowboy In Me,Tim McGraw,10,11,Gains In Performance
2002-02-09,8,Wrapped Up In You,Garth Brooks,6,16,
2002-02-09,9,Where The Stars And Stripes And The Eagle Fly,Aaron Tippin,5,19,
2002-02-09,10,Blessed,Martina McBride,12,15,Gains In Performance
2002-02-09,11,Some Days You Gotta Dance,Dixie Chicks,14,19,Gains In Performance
2002-02-09,12,Just Let Me Be In Love,Tracy Byrd,13,25,Gains In Performance
2002-02-09,13,In Another World,Joe Diffie,15,29,Gains In Performance
2002-02-09,14,I Wanna Talk About Me,Toby Keith,9,25,
2002-02-09,15,I'm Movin' On,Rascal Flatts,17,18,Gains In Performance
2002-02-09,16,Saints & Angels,Sara Evans,16,22,
2002-02-09,17,"I Breathe In, I Breathe Out",Chris Cagle,18,21,Gains In Performance
2002-02-09,18,Young,Kenny Chesney,23,7,Gains In Performance
2002-02-09,19,I'm Tryin',Trace Adkins,11,32,
2002-02-09,20,That's When I Love You,Phil Vassar,22,15,Gains In Performance
2002-02-09,21,All Over Me,Blake Shelton,21,17,Gains In Performance
2002-02-09,22,What If She's An Angel,Tommy Shane Steiner,24,8,Gains In Performance
2002-02-09,23,My List,Toby Keith,27,8,Gains In Performance
2002-02-09,24,I Always Liked That Best,Cyndi Thomson,26,14,Gains In Performance
2002-02-09,25,Does My Ring Burn Your Finger,Lee Ann Womack,25,14,Gains In Performance
2002-02-09,26,I Should Be Sleeping,Emerson Drive,28,14,Gains In Performance
2002-02-09,27,I Don't Have To Be Me ('til Monday),Steve Azar,30,18,Gains In Performance
2002-02-09,28,I Don't Want You To Go,Carolyn Dawn Johnson,29,9,Gains In Performance
2002-02-09,29,That's Just Jessie,Kevin Denney,33,10,Gains In Performance
2002-02-09,30,Modern Day Bonnie And Clyde,Travis Tritt,35,5,Gains In Performance
2002-02-09,31,Inside Out,Trisha Yearwood Featuring Don Henley,31,11,Gains In Performance
2002-02-09,32,I Cry,Tammy Cochran,32,13,Gains In Performance
2002-02-09,33,Jezebel,Chely Wright,34,8,Gains In Performance
2002-02-09,34,I'm Not Gonna Do Anything Without You,Mark Wills Duet With Jamie O'Neal,36,11,Gains In Performance
2002-02-09,35,When You Lie Next To Me,Kellie Coffey,37,8,Gains In Performance
2002-02-09,36,She Doesn't Dance,Mark McGuinn,39,10,Gains In Performance
2002-02-09,37,Just What I Do,Trick Pony,40,4,Gains In Performance
2002-02-09,38,Days Of America,BlackHawk,38,15,
2002-02-09,39,The One,Gary Allan,43,4,Gains In Performance
2002-02-09,40,Homeland,Kenny Rogers,41,15,
2002-02-09,41,Heather's Wall,Ty Herndon,42,7,Gains In Performance
2002-02-09,42,Sweet Music Man,Reba,48,3,Gains In Performance
2002-02-09,43,Not A Day Goes By,Lonestar,55,3,Gains In Performance
2002-02-09,44,Designated Drinker,Alan Jackson Duet With George Strait,46,4,
2002-02-09,45,God Bless The USA,Lee Greenwood,44,20,
2002-02-09,46,Beer Run,George Jones Duet With Garth Brooks,47,18,
2002-02-09,47,Mendocino County Line,Willie Nelson Duet With Lee Ann Womack,50,3,Gains In Performance
2002-02-09,48,Tonight I Wanna Be Your Man,Andy Griggs,51,2,Gains In Performance
2002-02-09,49,Squeeze Me In,Garth Brooks Duet With Trisha Yearwood,RE,2,Gains In Performance
2002-02-09,50,Drive (For Daddy Gene),Alan Jackson,53,2,Gains In Performance
2002-02-09,51,She Was,Mark Chesnutt,NEW,1,Highest ranking debut|Gains In Performance
2002-02-09,52,"Love, Will (The Package)",Tim Rushlow,57,5,Gains In Performance
2002-02-09,53,Karma,Jessica Andrews,RE,2,Gains In Performance
2002-02-09,54,"Maybe, Maybe Not",Mindy McCready,56,2,Gains In Performance
2002-02-09,55,Circles,Sawyer Brown,52,2,
2002-02-09,56,Three Days,Pat Green,60,3,Gains In Performance
2002-02-09,57,Goodbye On A Bad Day,Shannon Lawson,NEW,1,Gains In Performance
2002-02-09,58,Travelin' Soldier,Dixie Chicks,RE,2,Gains In Performance
2002-02-09,59,Gettin' Back To You,Daisy Dern,49,15,
2002-02-09,60,"God, Family And Country",Craig Morgan,54,9,
2002-02-16,1,Good Morning Beautiful,Steve Holy,1,29,
2002-02-16,2,Wrapped Around,Brad Paisley,3,25,Gains In Performance
2002-02-16,3,Run,George Strait,2,19,
2002-02-16,4,The Long Goodbye,Brooks & Dunn,5,17,Gains In Performance
2002-02-16,5,Bring On The Rain,Jo Dee Messina With Tim McGraw,6,23,Gains In Performance
2002-02-16,6,The Cowboy In Me,Tim McGraw,7,12,Gains In Performance
2002-02-16,7,Where Were You (When The World Stopped Turning),Alan Jackson,4,13,
2002-02-16,8,Blessed,Martina McBride,10,16,Gains In Performance
2002-02-16,9,Just Let Me Be In Love,Tracy Byrd,12,26,Gains In Performance
2002-02-16,10,Some Days You Gotta Dance,Dixie Chicks,11,20,Gains In Performance
2002-02-16,11,In Another World,Joe Diffie,13,30,Gains In Performance
2002-02-16,12,"I Breathe In, I Breathe Out",Chris Cagle,17,22,Gains In Performance
2002-02-16,13,Where The Stars And Stripes And The Eagle Fly,Aaron Tippin,9,20,
2002-02-16,14,Young,Kenny Chesney,18,8,Gains In Performance
2002-02-16,15,I'm Movin' On,Rascal Flatts,15,19,Gains In Performance
2002-02-16,16,I Wanna Talk About Me,Toby Keith,14,26,
2002-02-16,17,Wrapped Up In You,Garth Brooks,8,17,
2002-02-16,18,That's When I Love You,Phil Vassar,20,16,Gains In Performance
2002-02-16,19,What If She's An Angel,Tommy Shane Steiner,22,9,Gains In Performance
2002-02-16,20,All Over Me,Blake Shelton,21,18,Gains In Performance
2002-02-16,21,My List,Toby Keith,23,9,Gains In Performance
2002-02-16,22,I Always Liked That Best,Cyndi Thomson,24,15,
2002-02-16,23,Does My Ring Burn Your Finger,Lee Ann Womack,25,15,Gains In Performance
2002-02-16,24,I Should Be Sleeping,Emerson Drive,26,15,Gains In Performance
2002-02-16,25,I Don't Have To Be Me ('til Monday),Steve Azar,27,19,Gains In Performance
2002-02-16,26,Modern Day Bonnie And Clyde,Travis Tritt,30,6,Gains In Performance
2002-02-16,27,I Don't Want You To Go,Carolyn Dawn Johnson,28,10,Gains In Performance
2002-02-16,28,That's Just Jessie,Kevin Denney,29,11,Gains In Performance
2002-02-16,29,I Cry,Tammy Cochran,32,14,Gains In Performance
2002-02-16,30,Jezebel,Chely Wright,33,9,Gains In Performance
2002-02-16,31,I'm Not Gonna Do Anything Without You,Mark Wills Duet With Jamie O'Neal,34,12,Gains In Performance
2002-02-16,32,Just What I Do,Trick Pony,37,5,Gains In Performance
2002-02-16,33,Inside Out,Trisha Yearwood Featuring Don Henley,31,12,
2002-02-16,34,She Doesn't Dance,Mark McGuinn,36,11,Gains In Performance
2002-02-16,35,When You Lie Next To Me,Kellie Coffey,35,9,Gains In Performance
2002-02-16,36,Squeeze Me In,Garth Brooks Duet With Trisha Yearwood,49,3,Greatest gainer this week|Gains In Performance
2002-02-16,37,Days Of America,BlackHawk,38,16,
2002-02-16,38,The One,Gary Allan,39,5,Gains In Performance
2002-02-16,39,Not A Day Goes By,Lonestar,43,4,Gains In Performance
2002-02-16,40,Sweet Music Man,Reba,42,4,Gains In Performance
2002-02-16,41,Heather's Wall,Ty Herndon,41,8,Gains In Performance
2002-02-16,42,Tonight I Wanna Be Your Man,Andy Griggs,48,3,Gains In Performance
2002-02-16,43,Drive (For Daddy Gene),Alan Jackson,50,3,Gains In Performance
2002-02-16,44,Mendocino County Line,Willie Nelson Duet With Lee Ann Womack,47,4,Gains In Performance
2002-02-16,45,Goodbye On A Bad Day,Shannon Lawson,57,2,Gains In Performance
2002-02-16,46,Before I Knew Better,Brad Martin,NEW,1,Highest ranking debut|Gains In Performance
2002-02-16,47,Designated Drinker,Alan Jackson Duet With George Strait,44,5,
2002-02-16,48,Karma,Jessica Andrews,53,3,Gains In Performance
2002-02-16,49,Circles,Sawyer Brown,55,3,Gains In Performance
2002-02-16,50,Beer Run,George Jones Duet With Garth Brooks,46,19,
2002-02-16,51,Homeland,Kenny Rogers,40,16,
2002-02-16,52,"Maybe, Maybe Not",Mindy McCready,54,3,Gains In Performance
2002-02-16,53,"Love, Will (The Package)",Tim Rushlow,52,6,
2002-02-16,54,She Was,Mark Chesnutt,51,2,
2002-02-16,55,Three Days,Pat Green,56,4,Gains In Performance
2002-02-16,56,I Could Never Love You Enough,Brian McComas,RE,2,Gains In Performance
2002-02-16,57,Money Or Love,Clint Black,NEW,1,Gains In Performance
2002-02-16,58,Travelin' Soldier,Dixie Chicks,58,3,
2002-02-16,59,Living And Living Well,George Strait,NEW,1,Gains In Performance
2002-02-16,60,Untangle My Heart,Shannon Brown,NEW,1,Gains In Performance
2002-02-23,1,Good Morning Beautiful,Steve Holy,1,30,
2002-02-23,2,Wrapped Around,Brad Paisley,2,26,Gains In Performance
2002-02-23,3,The Long Goodbye,Brooks & Dunn,4,18,Gains In Performance
2002-02-23,4,Bring On The Rain,Jo Dee Messina With Tim McGraw,5,24,Gains In Performance
2002-02-23,5,The Cowboy In Me,Tim McGraw,6,13,Gains In Performance
2002-02-23,6,Blessed,Martina McBride,8,17,Gains In Performance
2002-02-23,7,Run,George Strait,3,20,
2002-02-23,8,Some Days You Gotta Dance,Dixie Chicks,10,21,Gains In Performance
2002-02-23,9,Where Were You (When The World Stopped Turning),Alan Jackson,7,14,
2002-02-23,10,In Another World,Joe Diffie,11,31,Gains In Performance
2002-02-23,11,Young,Kenny Chesney,14,9,Gains In Performance
2002-02-23,12,Just Let Me Be In Love,Tracy Byrd,9,27,
2002-02-23,13,"I Breathe In, I Breathe Out",Chris Cagle,12,23,Gains In Performance
2002-02-23,14,I'm Movin' On,Rascal Flatts,15,20,Gains In Performance
2002-02-23,15,That's When I Love You,Phil Vassar,18,17,Gains In Performance
2002-02-23,16,Where The Stars And Stripes And The Eagle Fly,Aaron Tippin,13,21,
2002-02-23,17,What If She's An Angel,Tommy Shane Steiner,19,10,Gains In Performance
2002-02-23,18,My List,Toby Keith,21,10,Gains In Performance
2002-02-23,19,I Wanna Talk About Me,Toby Keith,16,27,
2002-02-23,20,All Over Me,Blake Shelton,20,19,Gains In Performance
2002-02-23,21,I Always Liked That Best,Cyndi Thomson,22,16,Gains In Performance
2002-02-23,22,Wrapped Up In You,Garth Brooks,17,18,
2002-02-23,23,Does My Ring Burn Your Finger,Lee Ann Womack,23,16,Gains In Performance
2002-02-23,24,Modern Day Bonnie And Clyde,Travis Tritt,26,7,Gains In Performance
2002-02-23,25,I Should Be Sleeping,Emerson Drive,24,16,Gains In Performance
2002-02-23,26,I Don't Want You To Go,Carolyn Dawn Johnson,27,11,Gains In Performance
2002-02-23,27,I Don't Have To Be Me ('til Monday),Steve Azar,25,20,Gains In Performance
2002-02-23,28,That's Just Jessie,Kevin Denney,28,12,Gains In Performance
2002-02-23,29,Squeeze Me In,Garth Brooks Duet With Trisha Yearwood,36,4,Greatest gainer this week|Gains In Performance
2002-02-23,30,I Cry,Tammy Cochran,29,15,Gains In Performance
2002-02-23,31,Jezebel,Chely Wright,30,10,Gains In Performance
2002-02-23,32,I'm Not Gonna Do Anything Without You,Mark Wills Duet With Jamie O'Neal,31,13,Gains In Performance
2002-02-23,33,Just What I Do,Trick Pony,32,6,Gains In Performance
2002-02-23,34,When You Lie Next To Me,Kellie Coffey,35,10,Gains In Performance
2002-02-23,35,She Doesn't Dance,Mark McGuinn,34,12,Gains In Performance
2002-02-23,36,Drive (For Daddy Gene),Alan Jackson,43,4,Gains In Performance
2002-02-23,37,Not A Day Goes By,Lonestar,39,5,Gains In Performance
2002-02-23,38,The One,Gary Allan,38,6,Gains In Performance
2002-02-23,39,Tonight I Wanna Be Your Man,Andy Griggs,42,4,Gains In Performance
2002-02-23,40,Days Of America,BlackHawk,37,17,
2002-02-23,41,Inside Out,Trisha Yearwood Featuring Don Henley,33,13,
2002-02-23,42,Sweet Music Man,Reba,40,5,Gains In Performance
2002-02-23,43,Goodbye On A Bad Day,Shannon Lawson,45,3,Gains In Performance
2002-02-23,44,Heather's Wall,Ty Herndon,41,9,
2002-02-23,45,Mendocino County Line,Willie Nelson Duet With Lee Ann Womack,44,5,Gains In Performance
2002-02-23,46,Before I Knew Better,Brad Martin,46,2,Gains In Performance
2002-02-23,47,Karma,Jessica Andrews,48,4,Gains In Performance
2002-02-23,48,Circles,Sawyer Brown,49,4,Gains In Performance
2002-02-23,49,"Maybe, Maybe Not",Mindy McCready,52,4,Gains In Performance
2002-02-23,50,Three Days,Pat Green,55,5,Gains In Performance
2002-02-23,51,She Was,Mark Chesnutt,54,3,Gains In Performance
2002-02-23,52,Homeland,Kenny Rogers,51,17,
2002-02-23,53,Designated Drinker,Alan Jackson Duet With George Strait,47,6,
2002-02-23,54,Beer Run,George Jones Duet With Garth Brooks,50,20,
2002-02-23,55,I Could Never Love You Enough,Brian McComas,56,3,Gains In Performance
2002-02-23,56,Living And Living Well,George Strait,59,2,Gains In Performance
2002-02-23,57,What A Memory,Tracy Lawrence,RE,2,Gains In Performance
2002-02-23,58,Travelin' Soldier,Dixie Chicks,58,4,Gains In Performance
2002-02-23,59,"Love, Will (The Package)",Tim Rushlow,53,7,
2002-02-23,60,Star Spangled Banner,Faith Hill,RE,12,Gains In Performance
2002-03-02,1,Good Morning Beautiful,Steve Holy,1,31,
2002-03-02,2,Wrapped Around,Brad Paisley,2,27,
2002-03-02,3,Bring On The Rain,Jo Dee Messina With Tim McGraw,4,25,Gains In Performance
2002-03-02,4,The Long Goodbye,Brooks & Dunn,3,19,
2002-03-02,5,The Cowboy In Me,Tim McGraw,5,14,Gains In Performance
2002-03-02,6,Blessed,Martina McBride,6,18,Gains In Performance
2002-03-02,7,Some Days You Gotta Dance,Dixie Chicks,8,22,Gains In Performance
2002-03-02,8,Young,Kenny Chesney,11,10,Gains In Performance
2002-03-02,9,"I Breathe In, I Breathe Out",Chris Cagle,13,24,Gains In Performance
2002-03-02,10,In Another World,Joe Diffie,10,32,
2002-03-02,11,I'm Movin' On,Rascal Flatts,14,21,Gains In Performance
2002-03-02,12,Run,George Strait,7,21,
2002-03-02,13,Where Were You (When The World Stopped Turning),Alan Jackson,9,15,
2002-03-02,14,Just Let Me Be In Love,Tracy Byrd,12,28,
2002-03-02,15,My List,Toby Keith,18,11,Gains In Performance
2002-03-02,16,That's When I Love You,Phil Vassar,15,18,Gains In Performance
2002-03-02,17,What If She's An Angel,Tommy Shane Steiner,17,11,Gains In Performance
2002-03-02,18,All Over Me,Blake Shelton,20,20,
2002-03-02,19,I Wanna Talk About Me,Toby Keith,19,28,
2002-03-02,20,Where The Stars And Stripes And The Eagle Fly,Aaron Tippin,16,22,
2002-03-02,21,I Always Liked That Best,Cyndi Thomson,21,17,
2002-03-02,22,I Should Be Sleeping,Emerson Drive,25,17,Gains In Performance
2002-03-02,23,Modern Day Bonnie And Clyde,Travis Tritt,24,8,Gains In Performance
2002-03-02,24,Squeeze Me In,Garth Brooks Duet With Trisha Yearwood,29,5,Greatest gainer this week|Gains In Performance
2002-03-02,25,I Don't Have To Be Me ('til Monday),Steve Azar,27,21,Gains In Performance
2002-03-02,26,I Don't Want You To Go,Carolyn Dawn Johnson,26,12,Gains In Performance
2002-03-02,27,Does My Ring Burn Your Finger,Lee Ann Womack,23,17,
2002-03-02,28,That's Just Jessie,Kevin Denney,28,13,Gains In Performance
2002-03-02,29,Wrapped Up In You,Garth Brooks,22,19,
2002-03-02,30,I Cry,Tammy Cochran,30,16,Gains In Performance
2002-03-02,31,Jezebel,Chely Wright,31,11,Gains In Performance
2002-03-02,32,Drive (For Daddy Gene),Alan Jackson,36,5,Gains In Performance
2002-03-02,33,I'm Not Gonna Do Anything Without You,Mark Wills Duet With Jamie O'Neal,32,14,Gains In Performance
2002-03-02,34,When You Lie Next To Me,Kellie Coffey,34,11,Gains In Performance
2002-03-02,35,Just What I Do,Trick Pony,33,7,Gains In Performance
2002-03-02,36,Not A Day Goes By,Lonestar,37,6,Gains In Performance
2002-03-02,37,She Doesn't Dance,Mark McGuinn,35,13,Gains In Performance
2002-03-02,38,The One,Gary Allan,38,7,Gains In Performance
2002-03-02,39,Tonight I Wanna Be Your Man,Andy Griggs,39,5,Gains In Performance
2002-03-02,40,Sweet Music Man,Reba,42,6,Gains In Performance
2002-03-02,41,Heather's Wall,Ty Herndon,44,10,Gains In Performance
2002-03-02,42,Goodbye On A Bad Day,Shannon Lawson,43,4,
2002-03-02,43,Mendocino County Line,Willie Nelson Duet With Lee Ann Womack,45,6,
2002-03-02,44,Days Of America,BlackHawk,40,18,
2002-03-02,45,Before I Knew Better,Brad Martin,46,3,Gains In Performance
2002-03-02,46,Inside Out,Trisha Yearwood Featuring Don Henley,41,14,
2002-03-02,47,Circles,Sawyer Brown,48,5,Gains In Performance
2002-03-02,48,Living And Living Well,George Strait,56,3,Gains In Performance
2002-03-02,49,Karma,Jessica Andrews,47,5,
2002-03-02,50,She Was,Mark Chesnutt,51,4,Gains In Performance
2002-03-02,51,Help Me Understand,Trace Adkins,NEW,1,Highest ranking debut|Gains In Performance
2002-03-02,52,Three Days,Pat Green,50,6,
2002-03-02,53,I Could Never Love You Enough,Brian McComas,55,4,Gains In Performance
2002-03-02,54,"Maybe, Maybe Not",Mindy McCready,49,5,
2002-03-02,55,Designated Drinker,Alan Jackson Duet With George Strait,53,7,
2002-03-02,56,Don't Waste My Time,Little Big Town,NEW,1,Gains In Performance
2002-03-02,57,What A Memory,Tracy Lawrence,57,3,
2002-03-02,58,I'm Gonna Miss Her (The Fishin' Song),Brad Paisley,NEW,1,Gains In Performance
2002-03-02,59,Money Or Love,Clint Black,RE,2,Gains In Performance
2002-03-02,60,Until We Fall Back In Love Again,Jeff Carson,NEW,1,Gains In Performance
2002-03-09,1,Bring On The Rain,Jo Dee Messina With Tim McGraw,3,26,Gains In Performance
2002-03-09,2,The Long Goodbye,Brooks & Dunn,4,20,Gains In Performance
2002-03-09,3,The Cowboy In Me,Tim McGraw,5,15,Gains In Performance
2002-03-09,4,Blessed,Martina McBride,6,19,Gains In Performance
2002-03-09,5,Wrapped Around,Brad Paisley,2,28,
2002-03-09,6,Good Morning Beautiful,Steve Holy,1,32,
2002-03-09,7,Young,Kenny Chesney,8,11,Gains In Performance
2002-03-09,8,Some Days You Gotta Dance,Dixie Chicks,7,23,Gains In Performance
2002-03-09,9,"I Breathe In, I Breathe Out",Chris Cagle,9,25,Gains In Performance
2002-03-09,10,I'm Movin' On,Rascal Flatts,11,22,Gains In Performance
2002-03-09,11,My List,Toby Keith,15,12,Gains In Performance
2002-03-09,12,In Another World,Joe Diffie,10,33,
2002-03-09,13,What If She's An Angel,Tommy Shane Steiner,17,12,Gains In Performance
2002-03-09,14,That's When I Love You,Phil Vassar,16,19,Gains In Performance
2002-03-09,15,Where Were You (When The World Stopped Turning),Alan Jackson,13,16,
2002-03-09,16,Run,George Strait,12,22,
2002-03-09,17,Modern Day Bonnie And Clyde,Travis Tritt,23,9,Gains In Performance
2002-03-09,18,All Over Me,Blake Shelton,18,21,
2002-03-09,19,Where The Stars And Stripes And The Eagle Fly,Aaron Tippin,20,23,
2002-03-09,20,I Should Be Sleeping,Emerson Drive,22,18,Gains In Performance
2002-03-09,21,Squeeze Me In,Garth Brooks Duet With Trisha Yearwood,24,6,Gains In Performance
2002-03-09,22,Drive (For Daddy Gene),Alan Jackson,32,6,Gains In Performance
2002-03-09,23,I Don't Have To Be Me ('til Monday),Steve Azar,25,22,Gains In Performance
2002-03-09,24,I Always Liked That Best,Cyndi Thomson,21,18,
2002-03-09,25,I Don't Want You To Go,Carolyn Dawn Johnson,26,13,Gains In Performance
2002-03-09,26,That's Just Jessie,Kevin Denney,28,14,Gains In Performance
2002-03-09,27,I Cry,Tammy Cochran,30,17,Gains In Performance
2002-03-09,28,Jezebel,Chely Wright,31,12,Gains In Performance
2002-03-09,29,Wrapped Up In You,Garth Brooks,29,20,
2002-03-09,30,Does My Ring Burn Your Finger,Lee Ann Womack,27,18,
2002-03-09,31,Just What I Do,Trick Pony,35,8,Gains In Performance
2002-03-09,32,When You Lie Next To Me,Kellie Coffey,34,12,Gains In Performance
2002-03-09,33,Not A Day Goes By,Lonestar,36,7,Gains In Performance
2002-03-09,34,I'm Not Gonna Do Anything Without You,Mark Wills Duet With Jamie O'Neal,33,15,Gains In Performance
2002-03-09,35,She Doesn't Dance,Mark McGuinn,37,14,Gains In Performance
2002-03-09,36,The One,Gary Allan,38,8,Gains In Performance
2002-03-09,37,Tonight I Wanna Be Your Man,Andy Griggs,39,6,Gains In Performance
2002-03-09,38,Living And Living Well,George Strait,48,4,Gains In Performance
2002-03-09,39,Sweet Music Man,Reba,40,7,
2002-03-09,40,Goodbye On A Bad Day,Shannon Lawson,42,5,Gains In Performance
2002-03-09,41,Heather's Wall,Ty Herndon,41,11,
2002-03-09,42,Mendocino County Line,Willie Nelson Duet With Lee Ann Womack,43,7,Gains In Performance
2002-03-09,43,Before I Knew Better,Brad Martin,45,4,Gains In Performance
2002-03-09,44,Help Me Understand,Trace Adkins,51,2,Gains In Performance
2002-03-09,45,Circles,Sawyer Brown,47,6,Gains In Performance
2002-03-09,46,Three Days,Pat Green,52,7,Gains In Performance
2002-03-09,47,She Was,Mark Chesnutt,50,5,Gains In Performance
2002-03-09,48,I Could Never Love You Enough,Brian McComas,53,5,Gains In Performance
2002-03-09,49,Karma,Jessica Andrews,49,6,
2002-03-09,50,I'm Gonna Miss Her (The Fishin' Song),Brad Paisley,58,2,Gains In Performance
2002-03-09,51,Money Or Love,Clint Black,59,3,Gains In Performance
2002-03-09,52,Get Over Yourself,SHeDAISY,NEW,1,Highest ranking debut|Gains In Performance
2002-03-09,53,"Maybe, Maybe Not",Mindy McCready,54,6,
2002-03-09,54,Inside Out,Trisha Yearwood Featuring Don Henley,46,15,
2002-03-09,55,Days Of America,BlackHawk,44,19,
2002-03-09,56,Designated Drinker,Alan Jackson Duet With George Strait,55,8,Gains In Performance
2002-03-09,57,What A Memory,Tracy Lawrence,57,4,Gains In Performance
2002-03-09,58,The Lighthouse's Tale,Nickel Creek,NEW,1,Gains In Performance
2002-03-09,59,Untangle My Heart,Shannon Brown,RE,2,Gains In Performance
2002-03-09,60,Travelin' Soldier,Dixie Chicks,RE,5,
2002-03-16,1,The Cowboy In Me,Tim McGraw,3,16,Gains In Performance
2002-03-16,2,The Long Goodbye,Brooks & Dunn,2,21,Gains In Performance
2002-03-16,3,Bring On The Rain,Jo Dee Messina With Tim McGraw,1,27,
2002-03-16,4,Blessed,Martina McBride,4,20,Gains In Performance
2002-03-16,5,"I Breathe In, I Breathe Out",Chris Cagle,9,26,Gains In Performance
2002-03-16,6,Young,Kenny Chesney,7,12,Gains In Performance
2002-03-16,7,Some Days You Gotta Dance,Dixie Chicks,8,24,Gains In Performance
2002-03-16,8,Good Morning Beautiful,Steve Holy,6,33,
2002-03-16,9,I'm Movin' On,Rascal Flatts,10,23,Gains In Performance
2002-03-16,10,My List,Toby Keith,11,13,Gains In Performance
2002-03-16,11,Wrapped Around,Brad Paisley,5,29,
2002-03-16,12,That's When I Love You,Phil Vassar,14,20,Gains In Performance
2002-03-16,13,What If She's An Angel,Tommy Shane Steiner,13,13,Gains In Performance
2002-03-16,14,Modern Day Bonnie And Clyde,Travis Tritt,17,10,Gains In Performance
2002-03-16,15,Drive (For Daddy Gene),Alan Jackson,22,7,Gains In Performance
2002-03-16,16,Where Were You (When The World Stopped Turning),Alan Jackson,15,17,
2002-03-16,17,Squeeze Me In,Garth Brooks Duet With Trisha Yearwood,21,7,Gains In Performance
2002-03-16,18,In Another World,Joe Diffie,12,34,
2002-03-16,19,I Should Be Sleeping,Emerson Drive,20,19,Gains In Performance
2002-03-16,20,Run,George Strait,16,23,
2002-03-16,21,I Don't Want You To Go,Carolyn Dawn Johnson,25,14,Gains In Performance
2002-03-16,22,I Don't Have To Be Me ('til Monday),Steve Azar,23,23,Gains In Performance
2002-03-16,23,That's Just Jessie,Kevin Denney,26,15,Gains In Performance
2002-03-16,24,I Always Liked That Best,Cyndi Thomson,24,19,
2002-03-16,25,I Cry,Tammy Cochran,27,18,Gains In Performance
2002-03-16,26,Jezebel,Chely Wright,28,13,Gains In Performance
2002-03-16,27,When You Lie Next To Me,Kellie Coffey,32,13,Gains In Performance
2002-03-16,28,Just What I Do,Trick Pony,31,9,Gains In Performance
2002-03-16,29,Not A Day Goes By,Lonestar,33,8,Gains In Performance
2002-03-16,30,Living And Living Well,George Strait,38,5,Gains In Performance
2002-03-16,31,I'm Not Gonna Do Anything Without You,Mark Wills Duet With Jamie O'Neal,34,16,Gains In Performance
2002-03-16,32,The One,Gary Allan,36,9,Gains In Performance
2002-03-16,33,Tonight I Wanna Be Your Man,Andy Griggs,37,7,Gains In Performance
2002-03-16,34,She Doesn't Dance,Mark McGuinn,35,15,
2002-03-16,35,Mendocino County Line,Willie Nelson Duet With Lee Ann Womack,42,8,Gains In Performance
2002-03-16,36,Sweet Music Man,Reba,39,8,Gains In Performance
2002-03-16,37,Does My Ring Burn Your Finger,Lee Ann Womack,30,19,
2002-03-16,38,Goodbye On A Bad Day,Shannon Lawson,40,6,Gains In Performance
2002-03-16,39,Heather's Wall,Ty Herndon,41,12,Gains In Performance
2002-03-16,40,Help Me Understand,Trace Adkins,44,3,Gains In Performance
2002-03-16,41,Before I Knew Better,Brad Martin,43,5,Gains In Performance
2002-03-16,42,I'm Gonna Miss Her (The Fishin' Song),Brad Paisley,50,3,Gains In Performance
2002-03-16,43,Three Days,Pat Green,46,8,Gains In Performance
2002-03-16,44,She Was,Mark Chesnutt,47,6,Gains In Performance
2002-03-16,45,Circles,Sawyer Brown,45,7,Gains In Performance
2002-03-16,46,I Keep Looking,Sara Evans,NEW,1,Highest ranking debut|Gains In Performance
2002-03-16,47,Get Over Yourself,SHeDAISY,52,2,Gains In Performance
2002-03-16,48,I Could Never Love You Enough,Brian McComas,48,6,Gains In Performance
2002-03-16,49,Frantic,Jamie O'Neal,NEW,1,Gains In Performance
2002-03-16,50,Money Or Love,Clint Black,51,4,
2002-03-16,51,Don't Waste My Time,Little Big Town,RE,2,Gains In Performance
2002-03-16,52,The Lighthouse's Tale,Nickel Creek,58,2,Gains In Performance
2002-03-16,53,Inside Out,Trisha Yearwood Featuring Don Henley,54,16,
2002-03-16,54,"Maybe, Maybe Not",Mindy McCready,53,7,
2002-03-16,55,What A Memory,Tracy Lawrence,57,5,Gains In Performance
2002-03-16,56,Days Of America,BlackHawk,55,20,
2002-03-16,57,Travelin' Soldier,Dixie Chicks,60,6,Gains In Performance
2002-03-16,58,Minivan,Hometown News,NEW,1,Gains In Performance
2002-03-16,59,Untangle My Heart,Shannon Brown,59,3,
2002-03-16,60,Didn't I,Montgomery Gentry,NEW,1,Gains In Performance
2002-03-23,1,The Long Goodbye,Brooks & Dunn,2,22,Gains In Performance
2002-03-23,2,The Cowboy In Me,Tim McGraw,1,17,
2002-03-23,3,Blessed,Martina McBride,4,21,Gains In Performance
2002-03-23,4,Bring On The Rain,Jo Dee Messina With Tim McGraw,3,28,
2002-03-23,5,Young,Kenny Chesney,6,13,Gains In Performance
2002-03-23,6,"I Breathe In, I Breathe Out",Chris Cagle,5,27,Gains In Performance
2002-03-23,7,Some Days You Gotta Dance,Dixie Chicks,7,25,
2002-03-23,8,My List,Toby Keith,10,14,Gains In Performance
2002-03-23,9,I'm Movin' On,Rascal Flatts,9,24,Gains In Performance
2002-03-23,10,Good Morning Beautiful,Steve Holy,8,34,
2002-03-23,11,That's When I Love You,Phil Vassar,12,21,Gains In Performance
2002-03-23,12,What If She's An Angel,Tommy Shane Steiner,13,14,Gains In Performance
2002-03-23,13,Drive (For Daddy Gene),Alan Jackson,15,8,Gains In Performance
2002-03-23,14,Modern Day Bonnie And Clyde,Travis Tritt,14,11,Gains In Performance
2002-03-23,15,Wrapped Around,Brad Paisley,11,30,
2002-03-23,16,Squeeze Me In,Garth Brooks Duet With Trisha Yearwood,17,8,Gains In Performance
2002-03-23,17,I Should Be Sleeping,Emerson Drive,19,20,Gains In Performance
2002-03-23,18,I Don't Have To Be Me ('til Monday),Steve Azar,22,24,Gains In Performance
2002-03-23,19,Where Were You (When The World Stopped Turning),Alan Jackson,16,18,
2002-03-23,20,I Don't Want You To Go,Carolyn Dawn Johnson,21,15,Gains In Performance
2002-03-23,21,That's Just Jessie,Kevin Denney,23,16,Gains In Performance
2002-03-23,22,I Cry,Tammy Cochran,25,19,Gains In Performance
2002-03-23,23,Living And Living Well,George Strait,30,6,Greatest gainer this week|Gains In Performance
2002-03-23,24,Not A Day Goes By,Lonestar,29,9,Gains In Performance
2002-03-23,25,Jezebel,Chely Wright,26,14,Gains In Performance
2002-03-23,26,When You Lie Next To Me,Kellie Coffey,27,14,Gains In Performance
2002-03-23,27,Just What I Do,Trick Pony,28,10,Gains In Performance
2002-03-23,28,I Always Liked That Best,Cyndi Thomson,24,20,
2002-03-23,29,The One,Gary Allan,32,10,Gains In Performance
2002-03-23,30,Tonight I Wanna Be Your Man,Andy Griggs,33,8,Gains In Performance
2002-03-23,31,I'm Not Gonna Do Anything Without You,Mark Wills Duet With Jamie O'Neal,31,17,
2002-03-23,32,She Doesn't Dance,Mark McGuinn,34,16,Gains In Performance
2002-03-23,33,Mendocino County Line,Willie Nelson Duet With Lee Ann Womack,35,9,Gains In Performance
2002-03-23,34,I'm Gonna Miss Her (The Fishin' Song),Brad Paisley,42,4,Gains In Performance
2002-03-23,35,Goodbye On A Bad Day,Shannon Lawson,38,7,Gains In Performance
2002-03-23,36,Help Me Understand,Trace Adkins,40,4,Gains In Performance
2002-03-23,37,Before I Knew Better,Brad Martin,41,6,Gains In Performance
2002-03-23,38,Sweet Music Man,Reba,36,9,
2002-03-23,39,Heather's Wall,Ty Herndon,39,13,
2002-03-23,40,Three Days,Pat Green,43,9,Gains In Performance
2002-03-23,41,Does My Ring Burn Your Finger,Lee Ann Womack,37,20,
2002-03-23,42,I Keep Looking,Sara Evans,46,2,Gains In Performance
2002-03-23,43,She Was,Mark Chesnutt,44,7,Gains In Performance
2002-03-23,44,Get Over Yourself,SHeDAISY,47,3,Gains In Performance
2002-03-23,45,Circles,Sawyer Brown,45,8,
2002-03-23,46,I Could Never Love You Enough,Brian McComas,48,7,Gains In Performance
2002-03-23,47,Don't Waste My Time,Little Big Town,51,3,Gains In Performance
2002-03-23,48,Minivan,Hometown News,58,2,Gains In Performance
2002-03-23,49,The Lighthouse's Tale,Nickel Creek,52,3,Gains In Performance
2002-03-23,50,Didn't I,Montgomery Gentry,60,2,Gains In Performance
2002-03-23,51,I Miss My Friend,Darryl Worley,NEW,1,Highest ranking debut|Gains In Performance
2002-03-23,52,Frantic,Jamie O'Neal,49,2,
2002-03-23,53,What A Memory,Tracy Lawrence,55,6,Gains In Performance
2002-03-23,54,"Maybe, Maybe Not",Mindy McCready,54,8,Gains In Performance
2002-03-23,55,Money Or Love,Clint Black,50,5,
2002-03-23,56,The Impossible,Joe Nichols,NEW,1,Gains In Performance
2002-03-23,57,Inside Out,Trisha Yearwood Featuring Don Henley,53,17,
2002-03-23,58,Untangle My Heart,Shannon Brown,59,4,Gains In Performance
2002-03-23,59,Travelin' Soldier,Dixie Chicks,57,7,
2002-03-23,60,"Love, Will (The Package)",Tim Rushlow,RE,8,Gains In Performance
2002-03-30,1,Blessed,Martina McBride,3,22,Gains In Performance
2002-03-30,2,The Cowboy In Me,Tim McGraw,2,18,
2002-03-30,3,The Long Goodbye,Brooks & Dunn,1,23,
2002-03-30,4,"I Breathe In, I Breathe Out",Chris Cagle,6,28,Gains In Performance
2002-03-30,5,Young,Kenny Chesney,5,14,Gains In Performance
2002-03-30,6,My List,Toby Keith,8,15,Greatest gainer this week|Gains In Performance
2002-03-30,7,I'm Movin' On,Rascal Flatts,9,25,Gains In Performance
2002-03-30,8,Bring On The Rain,Jo Dee Messina With Tim McGraw,4,29,
2002-03-30,9,Some Days You Gotta Dance,Dixie Chicks,7,26,
2002-03-30,10,What If She's An Angel,Tommy Shane Steiner,12,15,Gains In Performance
2002-03-30,11,Good Morning Beautiful,Steve Holy,10,35,
2002-03-30,12,That's When I Love You,Phil Vassar,11,22,Gains In Performance
2002-03-30,13,Drive (For Daddy Gene),Alan Jackson,13,9,Gains In Performance
2002-03-30,14,Modern Day Bonnie And Clyde,Travis Tritt,14,12,Gains In Performance
2002-03-30,15,I Don't Have To Be Me ('til Monday),Steve Azar,18,25,Gains In Performance
2002-03-30,16,Squeeze Me In,Garth Brooks Duet With Trisha Yearwood,16,9,Gains In Performance
2002-03-30,17,I Should Be Sleeping,Emerson Drive,17,21,Gains In Performance
2002-03-30,18,I Don't Want You To Go,Carolyn Dawn Johnson,20,16,Gains In Performance
2002-03-30,19,Wrapped Around,Brad Paisley,15,31,
2002-03-30,20,Where Were You (When The World Stopped Turning),Alan Jackson,19,19,Gains In Performance
2002-03-30,21,Living And Living Well,George Strait,23,7,Gains In Performance
2002-03-30,22,That's Just Jessie,Kevin Denney,21,17,Gains In Performance
2002-03-30,23,I Cry,Tammy Cochran,22,20,Gains In Performance
2002-03-30,24,Just What I Do,Trick Pony,27,11,Gains In Performance
2002-03-30,25,Not A Day Goes By,Lonestar,24,10,Gains In Performance
2002-03-30,26,Jezebel,Chely Wright,25,15,Gains In Performance
2002-03-30,27,When You Lie Next To Me,Kellie Coffey,26,15,Gains In Performance
2002-03-30,28,Mendocino County Line,Willie Nelson Duet With Lee Ann Womack,33,10,Gains In Performance
2002-03-30,29,The One,Gary Allan,29,11,Gains In Performance
2002-03-30,30,Tonight I Wanna Be Your Man,Andy Griggs,30,9,Gains In Performance
2002-03-30,31,I'm Gonna Miss Her (The Fishin' Song),Brad Paisley,34,5,Gains In Performance
2002-03-30,32,She Doesn't Dance,Mark McGuinn,32,17,Gains In Performance
2002-03-30,33,I'm Not Gonna Do Anything Without You,Mark Wills Duet With Jamie O'Neal,31,18,
2002-03-30,34,Help Me Understand,Trace Adkins,36,5,Gains In Performance
2002-03-30,35,Goodbye On A Bad Day,Shannon Lawson,35,8,Gains In Performance
2002-03-30,36,Get Over Yourself,SHeDAISY,44,4,Gains In Performance
2002-03-30,37,Heather's Wall,Ty Herndon,39,14,Gains In Performance
2002-03-30,38,Before I Knew Better,Brad Martin,37,7,Gains In Performance
2002-03-30,39,I Keep Looking,Sara Evans,42,3,Gains In Performance
2002-03-30,40,Three Days,Pat Green,40,10,Gains In Performance
2002-03-30,41,I Am A Man Of Constant Sorrow,The Soggy Bottom Boys,RE,21,Gains In Performance
2002-03-30,42,She Was,Mark Chesnutt,43,8,Gains In Performance
2002-03-30,43,Sweet Music Man,Reba,38,10,
2002-03-30,44,Don't Waste My Time,Little Big Town,47,4,Gains In Performance
2002-03-30,45,I Miss My Friend,Darryl Worley,51,2,Gains In Performance
2002-03-30,46,The Impossible,Joe Nichols,56,2,Gains In Performance
2002-03-30,47,I Could Never Love You Enough,Brian McComas,46,8,
2002-03-30,48,Frantic,Jamie O'Neal,52,3,Gains In Performance
2002-03-30,49,The Lighthouse's Tale,Nickel Creek,49,4,Gains In Performance
2002-03-30,50,Didn't I,Montgomery Gentry,50,3,Gains In Performance
2002-03-30,51,Circles,Sawyer Brown,45,9,
2002-03-30,52,Minivan,Hometown News,48,3,
2002-03-30,53,Harder Cards,Kenny Rogers,NEW,1,Highest ranking debut|Gains In Performance
2002-03-30,54,What A Memory,Tracy Lawrence,53,7,
2002-03-30,55,"50,000 Names",George Jones,NEW,1,Gains In Performance
2002-03-30,56,Money Or Love,Clint Black,55,6,
2002-03-30,57,Until We Fall Back In Love Again,Jeff Carson,RE,2,Gains In Performance
2002-03-30,58,"Maybe, Maybe Not",Mindy McCready,54,9,
2002-03-30,59,Inside Out,Trisha Yearwood Featuring Don Henley,57,18,
2002-03-30,60,Ol' Red,Blake Shelton,NEW,1,Gains In Performance
2002-04-06,1,Blessed,Martina McBride,1,23,Gains In Performance
2002-04-06,2,"I Breathe In, I Breathe Out",Chris Cagle,4,29,Gains In Performance
2002-04-06,3,The Cowboy In Me,Tim McGraw,2,19,
2002-04-06,4,My List,Toby Keith,6,16,Gains In Performance
2002-04-06,5,Young,Kenny Chesney,5,15,Gains In Performance
2002-04-06,6,I'm Movin' On,Rascal Flatts,7,26,Greatest gainer this week|Gains In Performance
2002-04-06,7,The Long Goodbye,Brooks & Dunn,3,24,
2002-04-06,8,What If She's An Angel,Tommy Shane Steiner,10,16,Gains In Performance
2002-04-06,9,That's When I Love You,Phil Vassar,12,23,Gains In Performance
2002-04-06,10,Drive (For Daddy Gene),Alan Jackson,13,10,Gains In Performance
2002-04-06,11,Good Morning Beautiful,Steve Holy,11,36,
2002-04-06,12,Some Days You Gotta Dance,Dixie Chicks,9,27,
2002-04-06,13,Modern Day Bonnie And Clyde,Travis Tritt,14,13,Gains In Performance
2002-04-06,14,Bring On The Rain,Jo Dee Messina With Tim McGraw,8,30,
2002-04-06,15,I Don't Have To Be Me ('til Monday),Steve Azar,15,26,Gains In Performance
2002-04-06,16,I Should Be Sleeping,Emerson Drive,17,22,Gains In Performance
2002-04-06,17,Squeeze Me In,Garth Brooks Duet With Trisha Yearwood,16,10,Gains In Performance
2002-04-06,18,I Don't Want You To Go,Carolyn Dawn Johnson,18,17,Gains In Performance
2002-04-06,19,Living And Living Well,George Strait,21,8,Gains In Performance
2002-04-06,20,That's Just Jessie,Kevin Denney,22,18,Gains In Performance
2002-04-06,21,Where Were You (When The World Stopped Turning),Alan Jackson,20,20,
2002-04-06,22,Not A Day Goes By,Lonestar,25,11,Gains In Performance
2002-04-06,23,I Cry,Tammy Cochran,23,21,Gains In Performance
2002-04-06,24,Just What I Do,Trick Pony,24,12,Gains In Performance
2002-04-06,25,When You Lie Next To Me,Kellie Coffey,27,16,Gains In Performance
2002-04-06,26,Jezebel,Chely Wright,26,16,Gains In Performance
2002-04-06,27,Mendocino County Line,Willie Nelson Duet With Lee Ann Womack,28,11,Gains In Performance
2002-04-06,28,The One,Gary Allan,29,12,Gains In Performance
2002-04-06,29,I'm Gonna Miss Her (The Fishin' Song),Brad Paisley,31,6,Gains In Performance
2002-04-06,30,Tonight I Wanna Be Your Man,Andy Griggs,30,10,Gains In Performance
2002-04-06,31,She Doesn't Dance,Mark McGuinn,32,18,Gains In Performance
2002-04-06,32,Help Me Understand,Trace Adkins,34,6,Gains In Performance
2002-04-06,33,Goodbye On A Bad Day,Shannon Lawson,35,9,Gains In Performance
2002-04-06,34,Get Over Yourself,SHeDAISY,36,5,Gains In Performance
2002-04-06,35,Before I Knew Better,Brad Martin,38,8,Gains In Performance
2002-04-06,36,I Keep Looking,Sara Evans,39,4,Gains In Performance
2002-04-06,37,Heather's Wall,Ty Herndon,37,15,
2002-04-06,38,Three Days,Pat Green,40,11,Gains In Performance
2002-04-06,39,I Am A Man Of Constant Sorrow,The Soggy Bottom Boys,41,22,Gains In Performance
2002-04-06,40,I Miss My Friend,Darryl Worley,45,3,Gains In Performance
2002-04-06,41,I'm Not Gonna Do Anything Without You,Mark Wills Duet With Jamie O'Neal,33,19,
2002-04-06,42,She Was,Mark Chesnutt,42,9,Gains In Performance
2002-04-06,43,Don't Waste My Time,Little Big Town,44,5,Gains In Performance
2002-04-06,44,The Impossible,Joe Nichols,46,3,Gains In Performance
2002-04-06,45,Frantic,Jamie O'Neal,48,4,Gains In Performance
2002-04-06,46,Chasin' Amy,Brett James,NEW,1,Highest ranking debut|Gains In Performance
2002-04-06,47,Until We Fall Back In Love Again,Jeff Carson,57,3,Gains In Performance
2002-04-06,48,Minivan,Hometown News,52,4,Gains In Performance
2002-04-06,49,Sweet Music Man,Reba,43,11,
2002-04-06,50,Anything That Touches You,McBride & The Ride,NEW,1,Gains In Performance
2002-04-06,51,Didn't I,Montgomery Gentry,50,4,
2002-04-06,52,This Pretender,Joe Diffie,NEW,1,Gains In Performance
2002-04-06,53,Ol' Red,Blake Shelton,60,2,Gains In Performance
2002-04-06,54,I Could Never Love You Enough,Brian McComas,47,9,
2002-04-06,55,The Lighthouse's Tale,Nickel Creek,49,5,
2002-04-06,56,Harder Cards,Kenny Rogers,53,2,
2002-04-06,57,Almost There,Gabbie Nolen,NEW,1,Gains In Performance
2002-04-06,58,Inside Out,Trisha Yearwood Featuring Don Henley,59,19,Gains In Performance
2002-04-06,59,Ten Rounds With Jose Cuervo,Tracy Byrd,NEW,1,Gains In Performance
2002-04-06,60,Circles,Sawyer Brown,51,10,
2002-04-13,1,"I Breathe In, I Breathe Out",Chris Cagle,2,30,Gains In Performance
2002-04-13,2,My List,Toby Keith,4,17,Gains In Performance
2002-04-13,3,Blessed,Martina McBride,1,24,
2002-04-13,4,Young,Kenny Chesney,5,16,Gains In Performance
2002-04-13,5,I'm Movin' On,Rascal Flatts,6,27,Gains In Performance
2002-04-13,6,The Cowboy In Me,Tim McGraw,3,20,
2002-04-13,7,That's When I Love You,Phil Vassar,9,24,Gains In Performance
2002-04-13,8,Drive (For Daddy Gene),Alan Jackson,10,11,Gains In Performance
2002-04-13,9,What If She's An Angel,Tommy Shane Steiner,8,17,Gains In Performance
2002-04-13,10,The Long Goodbye,Brooks & Dunn,7,25,
2002-04-13,11,Modern Day Bonnie And Clyde,Travis Tritt,13,14,Gains In Performance
2002-04-13,12,I Don't Have To Be Me ('til Monday),Steve Azar,15,27,Gains In Performance
2002-04-13,13,Good Morning Beautiful,Steve Holy,11,37,
2002-04-13,14,I Should Be Sleeping,Emerson Drive,16,23,Gains In Performance
2002-04-13,15,Bring On The Rain,Jo Dee Messina With Tim McGraw,14,31,
2002-04-13,16,Living And Living Well,George Strait,19,9,Gains In Performance
2002-04-13,17,Squeeze Me In,Garth Brooks Duet With Trisha Yearwood,17,11,Gains In Performance
2002-04-13,18,I Don't Want You To Go,Carolyn Dawn Johnson,18,18,Gains In Performance
2002-04-13,19,That's Just Jessie,Kevin Denney,20,19,
2002-04-13,20,Not A Day Goes By,Lonestar,22,12,Gains In Performance
2002-04-13,21,I Cry,Tammy Cochran,23,22,Gains In Performance
2002-04-13,22,Just What I Do,Trick Pony,24,13,Gains In Performance
2002-04-13,23,Jezebel,Chely Wright,26,17,Gains In Performance
2002-04-13,24,I'm Gonna Miss Her (The Fishin' Song),Brad Paisley,29,7,Greatest gainer this week|Gains In Performance
2002-04-13,25,When You Lie Next To Me,Kellie Coffey,25,17,Gains In Performance
2002-04-13,26,Mendocino County Line,Willie Nelson Duet With Lee Ann Womack,27,12,Gains In Performance
2002-04-13,27,The One,Gary Allan,28,13,Gains In Performance
2002-04-13,28,Tonight I Wanna Be Your Man,Andy Griggs,30,11,Gains In Performance
2002-04-13,29,She Doesn't Dance,Mark McGuinn,31,19,Gains In Performance
2002-04-13,30,Help Me Understand,Trace Adkins,32,7,Gains In Performance
2002-04-13,31,Get Over Yourself,SHeDAISY,34,6,Gains In Performance
2002-04-13,32,Goodbye On A Bad Day,Shannon Lawson,33,10,Gains In Performance
2002-04-13,33,I Keep Looking,Sara Evans,36,5,Gains In Performance
2002-04-13,34,I Miss My Friend,Darryl Worley,40,4,Gains In Performance
2002-04-13,35,Before I Knew Better,Brad Martin,35,9,Gains In Performance
2002-04-13,36,Three Days,Pat Green,38,12,Gains In Performance
2002-04-13,37,Heather's Wall,Ty Herndon,37,16,Gains In Performance
2002-04-13,38,I Am A Man Of Constant Sorrow,The Soggy Bottom Boys,39,23,Gains In Performance
2002-04-13,39,She Was,Mark Chesnutt,42,10,Gains In Performance
2002-04-13,40,The Impossible,Joe Nichols,44,4,Gains In Performance
2002-04-13,41,Don't Waste My Time,Little Big Town,43,6,Gains In Performance
2002-04-13,42,Frantic,Jamie O'Neal,45,5,Gains In Performance
2002-04-13,43,Chasin' Amy,Brett James,46,2,Gains In Performance
2002-04-13,44,Ten Rounds With Jose Cuervo,Tracy Byrd,59,2,Gains In Performance
2002-04-13,45,Didn't I,Montgomery Gentry,51,5,Gains In Performance
2002-04-13,46,I'm Not Gonna Do Anything Without You,Mark Wills Duet With Jamie O'Neal,41,20,
2002-04-13,47,Minivan,Hometown News,48,5,Gains In Performance
2002-04-13,48,Ol' Red,Blake Shelton,53,3,Gains In Performance
2002-04-13,49,Until We Fall Back In Love Again,Jeff Carson,47,4,Gains In Performance
2002-04-13,50,This Pretender,Joe Diffie,52,2,Gains In Performance
2002-04-13,51,The Lighthouse's Tale,Nickel Creek,55,6,Gains In Performance
2002-04-13,52,Harder Cards,Kenny Rogers,56,3,Gains In Performance
2002-04-13,53,Almost There,Gabbie Nolen,57,2,Gains In Performance
2002-04-13,54,I'm Gone,Cyndi Thomson,NEW,1,Highest ranking debut|Gains In Performance
2002-04-13,55,Beautiful Mess,Diamond Rio,NEW,1,Gains In Performance
2002-04-13,56,Anything That Touches You,McBride & The Ride,50,2,
2002-04-13,57,My Heart Is Lost To You,Brooks & Dunn,NEW,1,Gains In Performance
2002-04-13,58,I Could Never Love You Enough,Brian McComas,54,10,
2002-04-13,59,Barbed Wire And Roses,Pinmonkey,NEW,1,Gains In Performance
2002-04-13,60,Since I've Seen You Last,Joanna Janet,NEW,1,Gains In Performance
2002-04-20,1,My List,Toby Keith,2,18,Gains In Performance
2002-04-20,2,Young,Kenny Chesney,4,17,Gains In Performance
2002-04-20,3,"I Breathe In, I Breathe Out",Chris Cagle,1,31,
2002-04-20,4,I'm Movin' On,Rascal Flatts,5,28,Gains In Performance
2002-04-20,5,That's When I Love You,Phil Vassar,7,25,Gains In Performance
2002-04-20,6,What If She's An Angel,Tommy Shane Steiner,9,18,Greatest gainer this week|Gains In Performance
2002-04-20,7,Blessed,Martina McBride,3,25,
2002-04-20,8,Drive (For Daddy Gene),Alan Jackson,8,12,Gains In Performance
2002-04-20,9,The Cowboy In Me,Tim McGraw,6,21,
2002-04-20,10,Modern Day Bonnie And Clyde,Travis Tritt,11,15,Gains In Performance
2002-04-20,11,I Don't Have To Be Me ('til Monday),Steve Azar,12,28,Gains In Performance
2002-04-20,12,Living And Living Well,George Strait,16,10,Gains In Performance
2002-04-20,13,I Should Be Sleeping,Emerson Drive,14,24,Gains In Performance
2002-04-20,14,The Long Goodbye,Brooks & Dunn,10,26,
2002-04-20,15,Good Morning Beautiful,Steve Holy,13,38,
2002-04-20,16,Squeeze Me In,Garth Brooks Duet With Trisha Yearwood,17,12,
2002-04-20,17,I Don't Want You To Go,Carolyn Dawn Johnson,18,19,Gains In Performance
2002-04-20,18,Bring On The Rain,Jo Dee Messina With Tim McGraw,15,32,
2002-04-20,19,That's Just Jessie,Kevin Denney,19,20,Gains In Performance
2002-04-20,20,Not A Day Goes By,Lonestar,20,13,Gains In Performance
2002-04-20,21,I Cry,Tammy Cochran,21,23,Gains In Performance
2002-04-20,22,Just What I Do,Trick Pony,22,14,Gains In Performance
2002-04-20,23,I'm Gonna Miss Her (The Fishin' Song),Brad Paisley,24,8,Gains In Performance
2002-04-20,24,When You Lie Next To Me,Kellie Coffey,25,18,Gains In Performance
2002-04-20,25,Mendocino County Line,Willie Nelson Duet With Lee Ann Womack,26,13,Gains In Performance
2002-04-20,26,Jezebel,Chely Wright,23,18,
2002-04-20,27,The One,Gary Allan,27,14,Gains In Performance
2002-04-20,28,Tonight I Wanna Be Your Man,Andy Griggs,28,12,Gains In Performance
2002-04-20,29,She Doesn't Dance,Mark McGuinn,29,20,Gains In Performance
2002-04-20,30,Help Me Understand,Trace Adkins,30,8,Gains In Performance
2002-04-20,31,Get Over Yourself,SHeDAISY,31,7,Gains In Performance
2002-04-20,32,Goodbye On A Bad Day,Shannon Lawson,32,11,Gains In Performance
2002-04-20,33,I Miss My Friend,Darryl Worley,34,5,Gains In Performance
2002-04-20,34,I Keep Looking,Sara Evans,33,6,Gains In Performance
2002-04-20,35,Before I Knew Better,Brad Martin,35,10,Gains In Performance
2002-04-20,36,I Am A Man Of Constant Sorrow,The Soggy Bottom Boys,38,24,Gains In Performance
2002-04-20,37,Three Days,Pat Green,36,13,Gains In Performance
2002-04-20,38,She Was,Mark Chesnutt,39,11,Gains In Performance
2002-04-20,39,The Impossible,Joe Nichols,40,5,Gains In Performance
2002-04-20,40,Heather's Wall,Ty Herndon,37,17,
2002-04-20,41,Don't Waste My Time,Little Big Town,41,7,Gains In Performance
2002-04-20,42,Chasin' Amy,Brett James,43,3,Gains In Performance
2002-04-20,43,Ol' Red,Blake Shelton,48,4,Gains In Performance
2002-04-20,44,Frantic,Jamie O'Neal,42,6,Gains In Performance
2002-04-20,45,My Heart Is Lost To You,Brooks & Dunn,57,2,Gains In Performance
2002-04-20,46,Ten Rounds With Jose Cuervo,Tracy Byrd,44,3,Gains In Performance
2002-04-20,47,Minivan,Hometown News,47,6,Gains In Performance
2002-04-20,48,Until We Fall Back In Love Again,Jeff Carson,49,5,Gains In Performance
2002-04-20,49,This Pretender,Joe Diffie,50,3,Gains In Performance
2002-04-20,50,Barbed Wire And Roses,Pinmonkey,59,2,Gains In Performance
2002-04-20,51,Didn't I,Montgomery Gentry,45,6,
2002-04-20,52,Almost There,Gabbie Nolen,53,3,Gains In Performance
2002-04-20,53,Harder Cards,Kenny Rogers,52,4,Gains In Performance
2002-04-20,54,Beautiful Mess,Diamond Rio,55,2,Gains In Performance
2002-04-20,55,The Lighthouse's Tale,Nickel Creek,51,7,
2002-04-20,56,Look At Me Now,Sixwire,NEW,1,Highest ranking debut|Gains In Performance
2002-04-20,57,Anything That Touches You,McBride & The Ride,56,3,Gains In Performance
2002-04-20,58,Since I've Seen You Last,Joanna Janet,60,2,Gains In Performance
2002-04-20,59,She Treats Her Body Like A Temple,Confederate Railroad,NEW,1,Gains In Performance
2002-04-20,60,Real Bad Mood,Marie Sisters,NEW,1,Gains In Performance
2002-04-27,1,My List,Toby Keith,1,19,Gains In Performance
2002-04-27,2,Young,Kenny Chesney,2,18,
2002-04-27,3,That's When I Love You,Phil Vassar,5,26,Gains In Performance
2002-04-27,4,I'm Movin' On,Rascal Flatts,4,29,
2002-04-27,5,Drive (For Daddy Gene),Alan Jackson,8,13,Gains In Performance
2002-04-27,6,What If She's An Angel,Tommy Shane Steiner,6,19,Gains In Performance
2002-04-27,7,Blessed,Martina McBride,7,26,
2002-04-27,8,"I Breathe In, I Breathe Out",Chris Cagle,3,32,
2002-04-27,9,Modern Day Bonnie And Clyde,Travis Tritt,10,16,Gains In Performance
2002-04-27,10,I Don't Have To Be Me ('til Monday),Steve Azar,11,29,Gains In Performance
2002-04-27,11,Living And Living Well,George Strait,12,11,Gains In Performance
2002-04-27,12,The Cowboy In Me,Tim McGraw,9,22,
2002-04-27,13,I Should Be Sleeping,Emerson Drive,13,25,Gains In Performance
2002-04-27,14,I Don't Want You To Go,Carolyn Dawn Johnson,17,20,Gains In Performance
2002-04-27,15,Good Morning Beautiful,Steve Holy,15,39,
2002-04-27,16,Not A Day Goes By,Lonestar,20,14,Gains In Performance
2002-04-27,17,I'm Gonna Miss Her (The Fishin' Song),Brad Paisley,23,9,Gains In Performance
2002-04-27,18,That's Just Jessie,Kevin Denney,19,21,Gains In Performance
2002-04-27,19,The Long Goodbye,Brooks & Dunn,14,27,
2002-04-27,20,Bring On The Rain,Jo Dee Messina With Tim McGraw,18,33,
2002-04-27,21,Squeeze Me In,Garth Brooks Duet With Trisha Yearwood,16,13,
2002-04-27,22,I Cry,Tammy Cochran,21,24,Gains In Performance
2002-04-27,23,Just What I Do,Trick Pony,22,15,Gains In Performance
2002-04-27,24,When You Lie Next To Me,Kellie Coffey,24,19,Gains In Performance
2002-04-27,25,Mendocino County Line,Willie Nelson Duet With Lee Ann Womack,25,14,Gains In Performance
2002-04-27,26,Jezebel,Chely Wright,26,19,Gains In Performance
2002-04-27,27,The One,Gary Allan,27,15,Gains In Performance
2002-04-27,28,Tonight I Wanna Be Your Man,Andy Griggs,28,13,Gains In Performance
2002-04-27,29,I Miss My Friend,Darryl Worley,33,6,Gains In Performance
2002-04-27,30,Get Over Yourself,SHeDAISY,31,8,Gains In Performance
2002-04-27,31,Help Me Understand,Trace Adkins,30,9,Gains In Performance
2002-04-27,32,Goodbye On A Bad Day,Shannon Lawson,32,12,Gains In Performance
2002-04-27,33,I Keep Looking,Sara Evans,34,7,Gains In Performance
2002-04-27,34,Before I Knew Better,Brad Martin,35,11,Gains In Performance
2002-04-27,35,I Am A Man Of Constant Sorrow,The Soggy Bottom Boys,36,25,Gains In Performance
2002-04-27,36,She Was,Mark Chesnutt,38,12,Gains In Performance
2002-04-27,37,Three Days,Pat Green,37,14,
2002-04-27,38,The Impossible,Joe Nichols,39,6,Gains In Performance
2002-04-27,39,My Heart Is Lost To You,Brooks & Dunn,45,3,Gains In Performance
2002-04-27,40,Chasin' Amy,Brett James,42,4,Gains In Performance
2002-04-27,41,Ol' Red,Blake Shelton,43,5,Gains In Performance
2002-04-27,42,Don't Waste My Time,Little Big Town,41,8,Gains In Performance
2002-04-27,43,Frantic,Jamie O'Neal,44,7,Gains In Performance
2002-04-27,44,Ten Rounds With Jose Cuervo,Tracy Byrd,46,4,Gains In Performance
2002-04-27,45,Beautiful Mess,Diamond Rio,54,3,Gains In Performance
2002-04-27,46,Minivan,Hometown News,47,7,Gains In Performance
2002-04-27,47,Heather's Wall,Ty Herndon,40,18,
2002-04-27,48,Until We Fall Back In Love Again,Jeff Carson,48,6,
2002-04-27,49,If That Ain't Country,Anthony Smith,NEW,1,Highest ranking debut|Gains In Performance
2002-04-27,50,This Pretender,Joe Diffie,49,4,Gains In Performance
2002-04-27,51,I'm Gone,Cyndi Thomson,RE,2,Gains In Performance
2002-04-27,52,Almost There,Gabbie Nolen,52,4,Gains In Performance
2002-04-27,53,Harder Cards,Kenny Rogers,53,5,Gains In Performance
2002-04-27,54,Barbed Wire And Roses,Pinmonkey,50,3,
2002-04-27,55,Since I've Seen You Last,Joanna Janet,58,3,Gains In Performance
2002-04-27,56,The Lighthouse's Tale,Nickel Creek,55,8,
2002-04-27,57,Look At Me Now,Sixwire,56,2,
2002-04-27,58,Didn't I,Montgomery Gentry,51,7,
2002-04-27,59,Real Bad Mood,Marie Sisters,60,2,Gains In Performance
2002-04-27,60,I'll Take Love Over Money,Aaron Tippin,NEW,1,Gains In Performance
2002-05-04,1,My List,Toby Keith,1,20,Gains In Performance
2002-05-04,2,Drive (For Daddy Gene),Alan Jackson,5,14,Gains In Performance
2002-05-04,3,Young,Kenny Chesney,2,19,
2002-05-04,4,What If She's An Angel,Tommy Shane Steiner,6,20,Gains In Performance
2002-05-04,5,That's When I Love You,Phil Vassar,3,27,
2002-05-04,6,I'm Movin' On,Rascal Flatts,4,30,
2002-05-04,7,I Don't Have To Be Me ('til Monday),Steve Azar,10,30,Gains In Performance
2002-05-04,8,Modern Day Bonnie And Clyde,Travis Tritt,9,17,Gains In Performance
2002-05-04,9,Living And Living Well,George Strait,11,12,Gains In Performance
2002-05-04,10,I Should Be Sleeping,Emerson Drive,13,26,Gains In Performance
2002-05-04,11,Blessed,Martina McBride,7,27,
2002-05-04,12,"I Breathe In, I Breathe Out",Chris Cagle,8,33,
2002-05-04,13,I Don't Want You To Go,Carolyn Dawn Johnson,14,21,Gains In Performance
2002-05-04,14,I'm Gonna Miss Her (The Fishin' Song),Brad Paisley,17,10,Gains In Performance
2002-05-04,15,Not A Day Goes By,Lonestar,16,15,Gains In Performance
2002-05-04,16,The Cowboy In Me,Tim McGraw,12,23,
2002-05-04,17,That's Just Jessie,Kevin Denney,18,22,Gains In Performance
2002-05-04,18,Good Morning Beautiful,Steve Holy,15,40,
2002-05-04,19,Just What I Do,Trick Pony,23,16,Gains In Performance
2002-05-04,20,I Cry,Tammy Cochran,22,25,Gains In Performance
2002-05-04,21,When You Lie Next To Me,Kellie Coffey,24,20,Gains In Performance
2002-05-04,22,The One,Gary Allan,27,16,Gains In Performance
2002-05-04,23,Mendocino County Line,Willie Nelson Duet With Lee Ann Womack,25,15,Gains In Performance
2002-05-04,24,Tonight I Wanna Be Your Man,Andy Griggs,28,14,Gains In Performance
2002-05-04,25,I Miss My Friend,Darryl Worley,29,7,Gains In Performance
2002-05-04,26,Jezebel,Chely Wright,26,20,
2002-05-04,27,Help Me Understand,Trace Adkins,31,10,Gains In Performance
2002-05-04,28,Squeeze Me In,Garth Brooks Duet With Trisha Yearwood,21,14,
2002-05-04,29,Get Over Yourself,SHeDAISY,30,9,Gains In Performance
2002-05-04,30,I Keep Looking,Sara Evans,33,8,Gains In Performance
2002-05-04,31,My Heart Is Lost To You,Brooks & Dunn,39,4,Gains In Performance
2002-05-04,32,Before I Knew Better,Brad Martin,34,12,Gains In Performance
2002-05-04,33,Goodbye On A Bad Day,Shannon Lawson,32,13,
2002-05-04,34,She Was,Mark Chesnutt,36,13,Gains In Performance
2002-05-04,35,The Impossible,Joe Nichols,38,7,Gains In Performance
2002-05-04,36,Ol' Red,Blake Shelton,41,6,Gains In Performance
2002-05-04,37,Ten Rounds With Jose Cuervo,Tracy Byrd,44,5,Gains In Performance
2002-05-04,38,Three Days,Pat Green,37,15,
2002-05-04,39,Chasin' Amy,Brett James,40,5,Gains In Performance
2002-05-04,40,Don't Waste My Time,Little Big Town,42,9,Gains In Performance
2002-05-04,41,Frantic,Jamie O'Neal,43,8,Gains In Performance
2002-05-04,42,Beautiful Mess,Diamond Rio,45,4,Gains In Performance
2002-05-04,43,Minivan,Hometown News,46,8,Gains In Performance
2002-05-04,44,Barbed Wire And Roses,Pinmonkey,54,4,Gains In Performance
2002-05-04,45,Almost There,Gabbie Nolen,52,5,Gains In Performance
2002-05-04,46,I'm Gone,Cyndi Thomson,51,3,Gains In Performance
2002-05-04,47,Until We Fall Back In Love Again,Jeff Carson,48,7,Gains In Performance
2002-05-04,48,If That Ain't Country,Anthony Smith,49,2,Gains In Performance
2002-05-04,49,Harder Cards,Kenny Rogers,53,6,Gains In Performance
2002-05-04,50,I'll Take Love Over Money,Aaron Tippin,60,2,Gains In Performance
2002-05-04,51,This Pretender,Joe Diffie,50,5,
2002-05-04,52,Real Bad Mood,Marie Sisters,59,3,Gains In Performance
2002-05-04,53,The Good Stuff,Kenny Chesney,NEW,1,Highest ranking debut|Gains In Performance
2002-05-04,54,Heather's Wall,Ty Herndon,47,19,
2002-05-04,55,American Child,Phil Vassar,NEW,1,Gains In Performance
2002-05-04,56,Look At Me Now,Sixwire,57,3,Gains In Performance
2002-05-04,57,Can You Hear Me Now,Sawyer Brown,NEW,1,Gains In Performance
2002-05-04,58,Going Away,The Clark Family Experience,NEW,1,Gains In Performance
2002-05-04,59,The Lighthouse's Tale,Nickel Creek,56,9,
2002-05-04,60,Country By The Grace Of God,Chris Cagle,NEW,1,Gains In Performance
2002-05-11,1,My List,Toby Keith,1,21,Gains In Performance
2002-05-11,2,Drive (For Daddy Gene),Alan Jackson,2,15,Gains In Performance
2002-05-11,3,What If She's An Angel,Tommy Shane Steiner,4,21,Gains In Performance
2002-05-11,4,Young,Kenny Chesney,3,20,
2002-05-11,5,I Don't Have To Be Me ('til Monday),Steve Azar,7,31,Gains In Performance
2002-05-11,6,That's When I Love You,Phil Vassar,5,28,
2002-05-11,7,I'm Movin' On,Rascal Flatts,6,31,
2002-05-11,8,Living And Living Well,George Strait,9,13,Gains In Performance
2002-05-11,9,Modern Day Bonnie And Clyde,Travis Tritt,8,18,Gains In Performance
2002-05-11,10,I Should Be Sleeping,Emerson Drive,10,27,Gains In Performance
2002-05-11,11,I'm Gonna Miss Her (The Fishin' Song),Brad Paisley,14,11,Gains In Performance
2002-05-11,12,I Don't Want You To Go,Carolyn Dawn Johnson,13,22,Gains In Performance
2002-05-11,13,Blessed,Martina McBride,11,28,
2002-05-11,14,"I Breathe In, I Breathe Out",Chris Cagle,12,34,
2002-05-11,15,Not A Day Goes By,Lonestar,15,16,Gains In Performance
2002-05-11,16,That's Just Jessie,Kevin Denney,17,23,Gains In Performance
2002-05-11,17,Just What I Do,Trick Pony,19,17,Gains In Performance
2002-05-11,18,I Cry,Tammy Cochran,20,26,Gains In Performance
2002-05-11,19,Good Morning Beautiful,Steve Holy,18,41,Gains In Performance
2002-05-11,20,When You Lie Next To Me,Kellie Coffey,21,21,Gains In Performance
2002-05-11,21,The One,Gary Allan,22,17,Gains In Performance
2002-05-11,22,Mendocino County Line,Willie Nelson Duet With Lee Ann Womack,23,16,Gains In Performance
2002-05-11,23,Tonight I Wanna Be Your Man,Andy Griggs,24,15,Gains In Performance
2002-05-11,24,I Miss My Friend,Darryl Worley,25,8,Gains In Performance
2002-05-11,25,Help Me Understand,Trace Adkins,27,11,Gains In Performance
2002-05-11,26,My Heart Is Lost To You,Brooks & Dunn,31,5,Gains In Performance
2002-05-11,27,Get Over Yourself,SHeDAISY,29,10,Gains In Performance
2002-05-11,28,I Keep Looking,Sara Evans,30,9,Gains In Performance
2002-05-11,29,Before I Knew Better,Brad Martin,32,13,Gains In Performance
2002-05-11,30,Goodbye On A Bad Day,Shannon Lawson,33,14,Gains In Performance
2002-05-11,31,She Was,Mark Chesnutt,34,14,Gains In Performance
2002-05-11,32,Ol' Red,Blake Shelton,36,7,Gains In Performance
2002-05-11,33,The Impossible,Joe Nichols,35,8,Gains In Performance
2002-05-11,34,Ten Rounds With Jose Cuervo,Tracy Byrd,37,6,Gains In Performance
2002-05-11,35,Squeeze Me In,Garth Brooks Duet With Trisha Yearwood,28,15,
2002-05-11,36,Chasin' Amy,Brett James,39,6,Gains In Performance
2002-05-11,37,Don't Waste My Time,Little Big Town,40,10,Gains In Performance
2002-05-11,38,Beautiful Mess,Diamond Rio,42,5,Gains In Performance
2002-05-11,39,I'm Gone,Cyndi Thomson,46,4,Gains In Performance
2002-05-11,40,Three Days,Pat Green,38,16,
2002-05-11,41,Frantic,Jamie O'Neal,41,9,Gains In Performance
2002-05-11,42,Barbed Wire And Roses,Pinmonkey,44,5,Gains In Performance
2002-05-11,43,Minivan,Hometown News,43,9,Gains In Performance
2002-05-11,44,If That Ain't Country,Anthony Smith,48,3,Gains In Performance
2002-05-11,45,Where Would You Be,Martina McBride,NEW,1,Highest ranking debut|Gains In Performance
2002-05-11,46,Until We Fall Back In Love Again,Jeff Carson,47,8,Gains In Performance
2002-05-11,47,American Child,Phil Vassar,55,2,Gains In Performance
2002-05-11,48,Country By The Grace Of God,Chris Cagle,60,2,Gains In Performance
2002-05-11,49,The Good Stuff,Kenny Chesney,53,2,Gains In Performance
2002-05-11,50,Harder Cards,Kenny Rogers,49,7,Gains In Performance
2002-05-11,51,Real Bad Mood,Marie Sisters,52,4,Gains In Performance
2002-05-11,52,Look At Me Now,Sixwire,56,4,Gains In Performance
2002-05-11,53,Almost There,Gabbie Nolen,45,6,
2002-05-11,54,I'll Take Love Over Money,Aaron Tippin,50,3,
2002-05-11,55,Going Away,The Clark Family Experience,58,2,Gains In Performance
2002-05-11,56,Forgive,Rebecca Lynn Howard,NEW,1,Gains In Performance
2002-05-11,57,The Lighthouse's Tale,Nickel Creek,59,10,Gains In Performance
2002-05-11,58,This Pretender,Joe Diffie,51,6,
2002-05-11,59,Dare To Dream,Jo Dee Messina,NEW,1,Gains In Performance
2002-05-11,60,Live Those Songs,Kenny Chesney,NEW,1,Gains In Performance
2002-05-18,1,My List,Toby Keith,1,22,Gains In Performance
2002-05-18,2,Drive (For Daddy Gene),Alan Jackson,2,16,Gains In Performance
2002-05-18,3,I Don't Have To Be Me ('til Monday),Steve Azar,5,32,Gains In Performance
2002-05-18,4,What If She's An Angel,Tommy Shane Steiner,3,22,Gains In Performance
2002-05-18,5,Living And Living Well,George Strait,8,14,Gains In Performance
2002-05-18,6,I Should Be Sleeping,Emerson Drive,10,28,Gains In Performance
2002-05-18,7,Young,Kenny Chesney,4,21,
2002-05-18,8,Modern Day Bonnie And Clyde,Travis Tritt,9,19,
2002-05-18,9,I'm Movin' On,Rascal Flatts,7,32,
2002-05-18,10,That's When I Love You,Phil Vassar,6,29,
2002-05-18,11,I'm Gonna Miss Her (The Fishin' Song),Brad Paisley,11,12,Gains In Performance
2002-05-18,12,I Don't Want You To Go,Carolyn Dawn Johnson,12,23,Gains In Performance
2002-05-18,13,Not A Day Goes By,Lonestar,15,17,Gains In Performance
2002-05-18,14,Blessed,Martina McBride,13,29,
2002-05-18,15,The One,Gary Allan,21,18,Gains In Performance
2002-05-18,16,When You Lie Next To Me,Kellie Coffey,20,22,Gains In Performance
2002-05-18,17,"I Breathe In, I Breathe Out",Chris Cagle,14,35,
2002-05-18,18,Just What I Do,Trick Pony,17,18,Gains In Performance
2002-05-18,19,I Cry,Tammy Cochran,18,27,Gains In Performance
2002-05-18,20,That's Just Jessie,Kevin Denney,16,24,
2002-05-18,21,My Heart Is Lost To You,Brooks & Dunn,26,6,Gains In Performance
2002-05-18,22,Mendocino County Line,Willie Nelson Duet With Lee Ann Womack,22,17,Gains In Performance
2002-05-18,23,Tonight I Wanna Be Your Man,Andy Griggs,23,16,Gains In Performance
2002-05-18,24,I Miss My Friend,Darryl Worley,24,9,Gains In Performance
2002-05-18,25,Help Me Understand,Trace Adkins,25,12,Gains In Performance
2002-05-18,26,I Keep Looking,Sara Evans,28,10,Gains In Performance
2002-05-18,27,Get Over Yourself,SHeDAISY,27,11,Gains In Performance
2002-05-18,28,Before I Knew Better,Brad Martin,29,14,Gains In Performance
2002-05-18,29,Goodbye On A Bad Day,Shannon Lawson,30,15,Gains In Performance
2002-05-18,30,Ten Rounds With Jose Cuervo,Tracy Byrd,34,7,Gains In Performance
2002-05-18,31,She Was,Mark Chesnutt,31,15,Gains In Performance
2002-05-18,32,Ol' Red,Blake Shelton,32,8,Gains In Performance
2002-05-18,33,The Impossible,Joe Nichols,33,9,Gains In Performance
2002-05-18,34,Don't Waste My Time,Little Big Town,37,11,Gains In Performance
2002-05-18,35,Chasin' Amy,Brett James,36,7,Gains In Performance
2002-05-18,36,Beautiful Mess,Diamond Rio,38,6,Gains In Performance
2002-05-18,37,The Good Stuff,Kenny Chesney,49,3,Gains In Performance
2002-05-18,38,Barbed Wire And Roses,Pinmonkey,42,6,Gains In Performance
2002-05-18,39,I'm Gone,Cyndi Thomson,39,5,Gains In Performance
2002-05-18,40,Minivan,Hometown News,43,10,Gains In Performance
2002-05-18,41,If That Ain't Country,Anthony Smith,44,4,Gains In Performance
2002-05-18,42,American Child,Phil Vassar,47,3,Gains In Performance
2002-05-18,43,Where Would You Be,Martina McBride,45,2,Gains In Performance
2002-05-18,44,Squeeze Me In,Garth Brooks Duet With Trisha Yearwood,35,16,
2002-05-18,45,Frantic,Jamie O'Neal,41,10,
2002-05-18,46,Dare To Dream,Jo Dee Messina,59,2,Gains In Performance
2002-05-18,47,Harder Cards,Kenny Rogers,50,8,Gains In Performance
2002-05-18,48,Three Days,Pat Green,40,17,
2002-05-18,49,Look At Me Now,Sixwire,52,5,Gains In Performance
2002-05-18,50,Real Bad Mood,Marie Sisters,51,5,Gains In Performance
2002-05-18,51,Country By The Grace Of God,Chris Cagle,48,3,Gains In Performance
2002-05-18,52,Until We Fall Back In Love Again,Jeff Carson,46,9,
2002-05-18,53,I'll Take Love Over Money,Aaron Tippin,54,4,Gains In Performance
2002-05-18,54,Going Away,The Clark Family Experience,55,3,Gains In Performance
2002-05-18,55,Almost There,Gabbie Nolen,53,7,
2002-05-18,56,Country Rock Star,Marcel,NEW,1,Highest ranking debut|Gains In Performance
2002-05-18,57,Forgive,Rebecca Lynn Howard,56,2,
2002-05-18,58,The Lighthouse's Tale,Nickel Creek,57,11,Gains In Performance
2002-05-18,59,Sing Along,Rodney Atkins,NEW,1,Gains In Performance
2002-05-18,60,Memphis,David Nail,NEW,1,Gains In Performance
2002-05-25,1,Drive (For Daddy Gene),Alan Jackson,2,17,Gains In Performance
2002-05-25,2,What If She's An Angel,Tommy Shane Steiner,4,23,Gains In Performance
2002-05-25,3,I Don't Have To Be Me ('til Monday),Steve Azar,3,33,Gains In Performance
2002-05-25,4,Living And Living Well,George Strait,5,15,Gains In Performance
2002-05-25,5,My List,Toby Keith,1,23,
2002-05-25,6,I Should Be Sleeping,Emerson Drive,6,29,Gains In Performance
2002-05-25,7,I'm Gonna Miss Her (The Fishin' Song),Brad Paisley,11,13,Gains In Performance
2002-05-25,8,Modern Day Bonnie And Clyde,Travis Tritt,8,20,
2002-05-25,9,I Don't Want You To Go,Carolyn Dawn Johnson,12,24,Gains In Performance
2002-05-25,10,Not A Day Goes By,Lonestar,13,18,Gains In Performance
2002-05-25,11,That's When I Love You,Phil Vassar,10,30,
2002-05-25,12,The One,Gary Allan,15,19,Gains In Performance
2002-05-25,13,Young,Kenny Chesney,7,22,
2002-05-25,14,When You Lie Next To Me,Kellie Coffey,16,23,Gains In Performance
2002-05-25,15,I'm Movin' On,Rascal Flatts,9,33,
2002-05-25,16,Just What I Do,Trick Pony,18,19,Gains In Performance
2002-05-25,17,My Heart Is Lost To You,Brooks & Dunn,21,7,Gains In Performance
2002-05-25,18,I Cry,Tammy Cochran,19,28,
2002-05-25,19,Blessed,Martina McBride,14,30,
2002-05-25,20,"I Breathe In, I Breathe Out",Chris Cagle,17,36,
2002-05-25,21,I Miss My Friend,Darryl Worley,24,10,Gains In Performance
2002-05-25,22,Tonight I Wanna Be Your Man,Andy Griggs,23,17,Gains In Performance
2002-05-25,23,Mendocino County Line,Willie Nelson Duet With Lee Ann Womack,22,18,
2002-05-25,24,Help Me Understand,Trace Adkins,25,13,Gains In Performance
2002-05-25,25,I Keep Looking,Sara Evans,26,11,Gains In Performance
2002-05-25,26,Before I Knew Better,Brad Martin,28,15,Gains In Performance
2002-05-25,27,She Was,Mark Chesnutt,31,16,Gains In Performance
2002-05-25,28,Goodbye On A Bad Day,Shannon Lawson,29,16,Gains In Performance
2002-05-25,29,Ten Rounds With Jose Cuervo,Tracy Byrd,30,8,Gains In Performance
2002-05-25,30,Ol' Red,Blake Shelton,32,9,Gains In Performance
2002-05-25,31,The Good Stuff,Kenny Chesney,37,4,Gains In Performance
2002-05-25,32,The Impossible,Joe Nichols,33,10,Gains In Performance
2002-05-25,33,Beautiful Mess,Diamond Rio,36,7,Gains In Performance
2002-05-25,34,Don't Waste My Time,Little Big Town,34,12,
2002-05-25,35,Get Over Yourself,SHeDAISY,27,12,
2002-05-25,36,I'm Gone,Cyndi Thomson,39,6,Gains In Performance
2002-05-25,37,Chasin' Amy,Brett James,35,8,
2002-05-25,38,Barbed Wire And Roses,Pinmonkey,38,7,Gains In Performance
2002-05-25,39,American Child,Phil Vassar,42,4,Gains In Performance
2002-05-25,40,Where Would You Be,Martina McBride,43,3,Gains In Performance
2002-05-25,41,"Courtesy Of The Red, White And Blue (The Angry American)",Toby Keith,NEW,1,Highest ranking debut|Gains In Performance
2002-05-25,42,Minivan,Hometown News,40,11,Gains In Performance
2002-05-25,43,If That Ain't Country,Anthony Smith,41,5,Gains In Performance
2002-05-25,44,Dare To Dream,Jo Dee Messina,46,3,Gains In Performance
2002-05-25,45,Look At Me Now,Sixwire,49,6,Gains In Performance
2002-05-25,46,Squeeze Me In,Garth Brooks Duet With Trisha Yearwood,44,17,
2002-05-25,47,Country By The Grace Of God,Chris Cagle,51,4,Gains In Performance
2002-05-25,48,Real Bad Mood,Marie Sisters,50,6,Gains In Performance
2002-05-25,49,Harder Cards,Kenny Rogers,47,9,
2002-05-25,50,I'll Take Love Over Money,Aaron Tippin,53,5,Gains In Performance
2002-05-25,51,Country Rock Star,Marcel,56,2,Gains In Performance
2002-05-25,52,Going Away,The Clark Family Experience,54,4,Gains In Performance
2002-05-25,53,Three Days,Pat Green,48,18,
2002-05-25,54,Forgive,Rebecca Lynn Howard,57,3,Gains In Performance
2002-05-25,55,Mine All Mine,SHeDAISY,NEW,1,Gains In Performance
2002-05-25,56,Sing Along,Rodney Atkins,59,2,Gains In Performance
2002-05-25,57,Until We Fall Back In Love Again,Jeff Carson,52,10,
2002-05-25,58,Frantic,Jamie O'Neal,45,11,
2002-05-25,59,Telluride,Tim McGraw,RE,16,Gains In Performance
2002-05-25,60,Unbroken,Tim McGraw,NEW,1,Gains In Performance
2002-06-01,1,Drive (For Daddy Gene),Alan Jackson,1,18,
2002-06-01,2,I Don't Have To Be Me ('til Monday),Steve Azar,3,34,Gains In Performance
2002-06-01,3,Living And Living Well,George Strait,4,16,Gains In Performance
2002-06-01,4,What If She's An Angel,Tommy Shane Steiner,2,24,
2002-06-01,5,I Should Be Sleeping,Emerson Drive,6,30,Gains In Performance
2002-06-01,6,My List,Toby Keith,5,24,
2002-06-01,7,I'm Gonna Miss Her (The Fishin' Song),Brad Paisley,7,14,Gains In Performance
2002-06-01,8,I Don't Want You To Go,Carolyn Dawn Johnson,9,25,Gains In Performance
2002-06-01,9,Not A Day Goes By,Lonestar,10,19,Gains In Performance
2002-06-01,10,The One,Gary Allan,12,20,Gains In Performance
2002-06-01,11,Modern Day Bonnie And Clyde,Travis Tritt,8,21,
2002-06-01,12,When You Lie Next To Me,Kellie Coffey,14,24,Gains In Performance
2002-06-01,13,Just What I Do,Trick Pony,16,20,Gains In Performance
2002-06-01,14,That's When I Love You,Phil Vassar,11,31,
2002-06-01,15,My Heart Is Lost To You,Brooks & Dunn,17,8,Gains In Performance
2002-06-01,16,Young,Kenny Chesney,13,23,
2002-06-01,17,Tonight I Wanna Be Your Man,Andy Griggs,22,18,Gains In Performance
2002-06-01,18,I Miss My Friend,Darryl Worley,21,11,Gains In Performance
2002-06-01,19,Blessed,Martina McBride,19,31,
2002-06-01,20,I'm Movin' On,Rascal Flatts,15,34,
2002-06-01,21,Help Me Understand,Trace Adkins,24,14,Gains In Performance
2002-06-01,22,I Keep Looking,Sara Evans,25,12,Gains In Performance
2002-06-01,23,The Good Stuff,Kenny Chesney,31,5,Gains In Performance
2002-06-01,24,Mendocino County Line,Willie Nelson Duet With Lee Ann Womack,23,19,
2002-06-01,25,Ten Rounds With Jose Cuervo,Tracy Byrd,29,9,Gains In Performance
2002-06-01,26,Before I Knew Better,Brad Martin,26,16,Gains In Performance
2002-06-01,27,She Was,Mark Chesnutt,27,17,Gains In Performance
2002-06-01,28,The Impossible,Joe Nichols,32,11,Gains In Performance
2002-06-01,29,Goodbye On A Bad Day,Shannon Lawson,28,17,
2002-06-01,30,"Courtesy Of The Red, White And Blue (The Angry American)",Toby Keith,41,2,Gains In Performance
2002-06-01,31,Ol' Red,Blake Shelton,30,10,Gains In Performance
2002-06-01,32,Beautiful Mess,Diamond Rio,33,8,Gains In Performance
2002-06-01,33,Don't Waste My Time,Little Big Town,34,13,Gains In Performance
2002-06-01,34,Barbed Wire And Roses,Pinmonkey,38,8,Gains In Performance
2002-06-01,35,Chasin' Amy,Brett James,37,9,Gains In Performance
2002-06-01,36,American Child,Phil Vassar,39,5,Gains In Performance
2002-06-01,37,I'm Gone,Cyndi Thomson,36,7,Gains In Performance
2002-06-01,38,Where Would You Be,Martina McBride,40,4,Gains In Performance
2002-06-01,39,Minivan,Hometown News,42,12,Gains In Performance
2002-06-01,40,Dare To Dream,Jo Dee Messina,44,4,Gains In Performance
2002-06-01,41,If That Ain't Country,Anthony Smith,43,6,Gains In Performance
2002-06-01,42,Look At Me Now,Sixwire,45,7,Gains In Performance
2002-06-01,43,Country By The Grace Of God,Chris Cagle,47,5,Gains In Performance
2002-06-01,44,Forgive,Rebecca Lynn Howard,54,4,Gains In Performance
2002-06-01,45,Get Over Yourself,SHeDAISY,35,13,
2002-06-01,46,Real Bad Mood,Marie Sisters,48,7,Gains In Performance
2002-06-01,47,Mine All Mine,SHeDAISY,55,2,Gains In Performance
2002-06-01,48,Going Away,The Clark Family Experience,52,5,Gains In Performance
2002-06-01,49,Harder Cards,Kenny Rogers,49,10,
2002-06-01,50,I'll Take Love Over Money,Aaron Tippin,50,6,Gains In Performance
2002-06-01,51,Country Rock Star,Marcel,51,3,Gains In Performance
2002-06-01,52,Good To Go,Jeffrey Steele,NEW,1,Highest ranking debut|Gains In Performance
2002-06-01,53,Sing Along,Rodney Atkins,56,3,Gains In Performance
2002-06-01,54,Something Worth Leaving Behind,Lee Ann Womack,NEW,1,Gains In Performance
2002-06-01,55,Highway Sunrise,Rhett Akins,NEW,1,Gains In Performance
2002-06-01,56,Squeeze Me In,Garth Brooks Duet With Trisha Yearwood,46,18,
2002-06-01,57,Life Happened,Tammy Cochran,NEW,1,Gains In Performance
2002-06-01,58,Unbroken,Tim McGraw,60,2,Gains In Performance
2002-06-01,59,Three Days,Pat Green,53,19,
2002-06-01,60,Telluride,Tim McGraw,59,17,
2002-06-08,1,Drive (For Daddy Gene),Alan Jackson,1,19,
2002-06-08,2,Living And Living Well,George Strait,3,17,Gains In Performance
2002-06-08,3,I Don't Have To Be Me ('til Monday),Steve Azar,2,35,
2002-06-08,4,I'm Gonna Miss Her (The Fishin' Song),Brad Paisley,7,15,Gains In Performance
2002-06-08,5,I Should Be Sleeping,Emerson Drive,5,31,Gains In Performance
2002-06-08,6,What If She's An Angel,Tommy Shane Steiner,4,25,
2002-06-08,7,Not A Day Goes By,Lonestar,9,20,Gains In Performance
2002-06-08,8,My List,Toby Keith,6,25,
2002-06-08,9,I Don't Want You To Go,Carolyn Dawn Johnson,8,26,Gains In Performance
2002-06-08,10,The One,Gary Allan,10,21,Gains In Performance
2002-06-08,11,When You Lie Next To Me,Kellie Coffey,12,25,Gains In Performance
2002-06-08,12,My Heart Is Lost To You,Brooks & Dunn,15,9,Gains In Performance
2002-06-08,13,Just What I Do,Trick Pony,13,21,
2002-06-08,14,I Miss My Friend,Darryl Worley,18,12,Gains In Performance
2002-06-08,15,Tonight I Wanna Be Your Man,Andy Griggs,17,19,Gains In Performance
2002-06-08,16,The Good Stuff,Kenny Chesney,23,6,Gains In Performance
2002-06-08,17,That's When I Love You,Phil Vassar,14,32,
2002-06-08,18,Help Me Understand,Trace Adkins,21,15,Gains In Performance
2002-06-08,19,Young,Kenny Chesney,16,24,
2002-06-08,20,Blessed,Martina McBride,19,32,
2002-06-08,21,I Keep Looking,Sara Evans,22,13,Gains In Performance
2002-06-08,22,"Courtesy Of The Red, White And Blue (The Angry American)",Toby Keith,30,3,Gains In Performance
2002-06-08,23,Ten Rounds With Jose Cuervo,Tracy Byrd,25,10,Gains In Performance
2002-06-08,24,Before I Knew Better,Brad Martin,26,17,Gains In Performance
2002-06-08,25,She Was,Mark Chesnutt,27,18,Gains In Performance
2002-06-08,26,The Impossible,Joe Nichols,28,12,Gains In Performance
2002-06-08,27,Ol' Red,Blake Shelton,31,11,Gains In Performance
2002-06-08,28,Beautiful Mess,Diamond Rio,32,9,Gains In Performance
2002-06-08,29,Goodbye On A Bad Day,Shannon Lawson,29,18,Gains In Performance
2002-06-08,30,American Child,Phil Vassar,36,6,Gains In Performance
2002-06-08,31,Barbed Wire And Roses,Pinmonkey,34,9,Gains In Performance
2002-06-08,32,Mendocino County Line,Willie Nelson Duet With Lee Ann Womack,24,20,
2002-06-08,33,Where Would You Be,Martina McBride,38,5,Gains In Performance
2002-06-08,34,Don't Waste My Time,Little Big Town,33,14,Gains In Performance
2002-06-08,35,Chasin' Amy,Brett James,35,10,Gains In Performance
2002-06-08,36,I'm Gone,Cyndi Thomson,37,8,Gains In Performance
2002-06-08,37,Long Time Gone,Dixie Chicks,NEW,1,Gains In Performance
2002-06-08,38,Dare To Dream,Jo Dee Messina,40,5,Gains In Performance
2002-06-08,39,Something Worth Leaving Behind,Lee Ann Womack,54,2,Gains In Performance
2002-06-08,40,Minivan,Hometown News,39,13,
2002-06-08,41,If That Ain't Country,Anthony Smith,41,7,Gains In Performance
2002-06-08,42,Look At Me Now,Sixwire,42,8,Gains In Performance
2002-06-08,43,Country By The Grace Of God,Chris Cagle,43,6,Gains In Performance
2002-06-08,44,Forgive,Rebecca Lynn Howard,44,5,Gains In Performance
2002-06-08,45,Unbroken,Tim McGraw,58,3,Gains In Performance
2002-06-08,46,Mine All Mine,SHeDAISY,47,3,Gains In Performance
2002-06-08,47,Going Away,The Clark Family Experience,48,6,Gains In Performance
2002-06-08,48,I'll Take Love Over Money,Aaron Tippin,50,7,Gains In Performance
2002-06-08,49,Real Bad Mood,Marie Sisters,46,8,
2002-06-08,50,Country Rock Star,Marcel,51,4,Gains In Performance
2002-06-08,51,Get Over Yourself,SHeDAISY,45,14,
2002-06-08,52,Harder Cards,Kenny Rogers,49,11,
2002-06-08,53,Sing Along,Rodney Atkins,53,4,Gains In Performance
2002-06-08,54,Good To Go,Jeffrey Steele,52,2,
2002-06-08,55,Three Days,Pat Green,59,20,Gains In Performance
2002-06-08,56,One Night In New Orleans,BlackHawk,NEW,1,Gains In Performance
2002-06-08,57,My Town,Montgomery Gentry,NEW,1,Gains In Performance
2002-06-08,58,Squeeze Me In,Garth Brooks Duet With Trisha Yearwood,56,19,
2002-06-08,59,I'm In The Mood,Alabama,NEW,1,Gains In Performance
2002-06-08,60,Telluride,Tim McGraw,60,18,Gains In Performance
2002-06-15,1,Drive (For Daddy Gene),Alan Jackson,1,20,Gains In Performance
2002-06-15,2,Living And Living Well,George Strait,2,18,Gains In Performance
2002-06-15,3,I'm Gonna Miss Her (The Fishin' Song),Brad Paisley,4,16,Gains In Performance
2002-06-15,4,I Don't Have To Be Me ('til Monday),Steve Azar,3,36,
2002-06-15,5,I Should Be Sleeping,Emerson Drive,5,32,Gains In Performance
2002-06-15,6,Not A Day Goes By,Lonestar,7,21,Gains In Performance
2002-06-15,7,I Don't Want You To Go,Carolyn Dawn Johnson,9,27,Gains In Performance
2002-06-15,8,My List,Toby Keith,8,26,
2002-06-15,9,The One,Gary Allan,10,22,Gains In Performance
2002-06-15,10,What If She's An Angel,Tommy Shane Steiner,6,26,
2002-06-15,11,My Heart Is Lost To You,Brooks & Dunn,12,10,Gains In Performance
2002-06-15,12,When You Lie Next To Me,Kellie Coffey,11,26,Gains In Performance
2002-06-15,13,The Good Stuff,Kenny Chesney,16,7,Gains In Performance
2002-06-15,14,I Miss My Friend,Darryl Worley,14,13,Gains In Performance
2002-06-15,15,Tonight I Wanna Be Your Man,Andy Griggs,15,20,Gains In Performance
2002-06-15,16,Just What I Do,Trick Pony,13,22,Gains In Performance
2002-06-15,17,"Courtesy Of The Red, White And Blue (The Angry American)",Toby Keith,22,4,Gains In Performance
2002-06-15,18,Help Me Understand,Trace Adkins,18,16,Gains In Performance
2002-06-15,19,I Keep Looking,Sara Evans,21,14,Gains In Performance
2002-06-15,20,Young,Kenny Chesney,19,25,
2002-06-15,21,Ten Rounds With Jose Cuervo,Tracy Byrd,23,11,Gains In Performance
2002-06-15,22,Before I Knew Better,Brad Martin,24,18,Gains In Performance
2002-06-15,23,The Impossible,Joe Nichols,26,13,Gains In Performance
2002-06-15,24,She Was,Mark Chesnutt,25,19,Gains In Performance
2002-06-15,25,Ol' Red,Blake Shelton,27,12,Gains In Performance
2002-06-15,26,Long Time Gone,Dixie Chicks,37,2,Greatest gainer this week|Gains In Performance
2002-06-15,27,Beautiful Mess,Diamond Rio,28,10,Gains In Performance
2002-06-15,28,Goodbye On A Bad Day,Shannon Lawson,29,19,Gains In Performance
2002-06-15,29,American Child,Phil Vassar,30,7,Gains In Performance
2002-06-15,30,Unbroken,Tim McGraw,45,4,Gains In Performance
2002-06-15,31,Barbed Wire And Roses,Pinmonkey,31,10,Gains In Performance
2002-06-15,32,Where Would You Be,Martina McBride,33,6,Gains In Performance
2002-06-15,33,Dare To Dream,Jo Dee Messina,38,6,Gains In Performance
2002-06-15,34,I'm Gone,Cyndi Thomson,36,9,Gains In Performance
2002-06-15,35,Chasin' Amy,Brett James,35,11,Gains In Performance
2002-06-15,36,Don't Waste My Time,Little Big Town,34,15,
2002-06-15,37,Minivan,Hometown News,40,14,Gains In Performance
2002-06-15,38,Something Worth Leaving Behind,Lee Ann Womack,39,3,Gains In Performance
2002-06-15,39,If That Ain't Country,Anthony Smith,41,8,Gains In Performance
2002-06-15,40,Look At Me Now,Sixwire,42,9,Gains In Performance
2002-06-15,41,Country By The Grace Of God,Chris Cagle,43,7,Gains In Performance
2002-06-15,42,Mine All Mine,SHeDAISY,46,4,Gains In Performance
2002-06-15,43,Forgive,Rebecca Lynn Howard,44,6,Gains In Performance
2002-06-15,44,Going Away,The Clark Family Experience,47,7,Gains In Performance
2002-06-15,45,Sing Along,Rodney Atkins,53,5,Gains In Performance
2002-06-15,46,I'll Take Love Over Money,Aaron Tippin,48,8,
2002-06-15,47,Country Rock Star,Marcel,50,5,Gains In Performance
2002-06-15,48,Real Bad Mood,Marie Sisters,49,9,
2002-06-15,49,Harder Cards,Kenny Rogers,52,12,
2002-06-15,50,My Town,Montgomery Gentry,57,2,Gains In Performance
2002-06-15,51,One Night In New Orleans,BlackHawk,56,2,Gains In Performance
2002-06-15,52,Cadillac Tears,Kevin Denney,NEW,1,Highest ranking debut|Gains In Performance
2002-06-15,53,Good To Go,Jeffrey Steele,54,3,Gains In Performance
2002-06-15,54,Life Happened,Tammy Cochran,RE,2,Gains In Performance
2002-06-15,55,Hard Call To Make,J. Michael Harter,NEW,1,Gains In Performance
2002-06-15,56,I'm In The Mood,Alabama,59,2,Gains In Performance
2002-06-15,57,Highway Sunrise,Rhett Akins,RE,2,Gains In Performance
2002-06-15,58,That's Why I Sing This Way,Daryle Singletary,NEW,1,Gains In Performance
2002-06-15,59,Squeeze Me In,Garth Brooks Duet With Trisha Yearwood,58,20,
2002-06-15,60,Thicker Than Blood,Garth Brooks,RE,2,Gains In Performance
2002-06-22,1,Living And Living Well,George Strait,2,19,Gains In Performance
2002-06-22,2,I'm Gonna Miss Her (The Fishin' Song),Brad Paisley,3,17,Gains In Performance
2002-06-22,3,Drive (For Daddy Gene),Alan Jackson,1,21,
2002-06-22,4,I Should Be Sleeping,Emerson Drive,5,33,
2002-06-22,5,Not A Day Goes By,Lonestar,6,22,Gains In Performance
2002-06-22,6,The One,Gary Allan,9,23,Gains In Performance
2002-06-22,7,I Don't Have To Be Me ('til Monday),Steve Azar,4,37,
2002-06-22,8,I Don't Want You To Go,Carolyn Dawn Johnson,7,28,
2002-06-22,9,My Heart Is Lost To You,Brooks & Dunn,11,11,Gains In Performance
2002-06-22,10,The Good Stuff,Kenny Chesney,13,8,Gains In Performance
2002-06-22,11,When You Lie Next To Me,Kellie Coffey,12,27,Gains In Performance
2002-06-22,12,"Courtesy Of The Red, White And Blue (The Angry American)",Toby Keith,17,5,Gains In Performance
2002-06-22,13,My List,Toby Keith,8,27,
2002-06-22,14,I Miss My Friend,Darryl Worley,14,14,Gains In Performance
2002-06-22,15,What If She's An Angel,Tommy Shane Steiner,10,27,
2002-06-22,16,Just What I Do,Trick Pony,16,23,Gains In Performance
2002-06-22,17,Tonight I Wanna Be Your Man,Andy Griggs,15,21,Gains In Performance
2002-06-22,18,Long Time Gone,Dixie Chicks,26,3,Gains In Performance
2002-06-22,19,Help Me Understand,Trace Adkins,18,17,Gains In Performance
2002-06-22,20,I Keep Looking,Sara Evans,19,15,Gains In Performance
2002-06-22,21,Ten Rounds With Jose Cuervo,Tracy Byrd,21,12,Gains In Performance
2002-06-22,22,The Impossible,Joe Nichols,23,14,Gains In Performance
2002-06-22,23,Before I Knew Better,Brad Martin,22,19,Gains In Performance
2002-06-22,24,She Was,Mark Chesnutt,24,20,Gains In Performance
2002-06-22,25,Ol' Red,Blake Shelton,25,13,Gains In Performance
2002-06-22,26,Unbroken,Tim McGraw,30,5,Gains In Performance
2002-06-22,27,Beautiful Mess,Diamond Rio,27,11,Gains In Performance
2002-06-22,28,American Child,Phil Vassar,29,8,Gains In Performance
2002-06-22,29,Goodbye On A Bad Day,Shannon Lawson,28,20,Gains In Performance
2002-06-22,30,Where Would You Be,Martina McBride,32,7,Gains In Performance
2002-06-22,31,Barbed Wire And Roses,Pinmonkey,31,11,Gains In Performance
2002-06-22,32,I'm Gone,Cyndi Thomson,34,10,Gains In Performance
2002-06-22,33,Dare To Dream,Jo Dee Messina,33,7,
2002-06-22,34,Something Worth Leaving Behind,Lee Ann Womack,38,4,Gains In Performance
2002-06-22,35,Chasin' Amy,Brett James,35,12,
2002-06-22,36,Don't Waste My Time,Little Big Town,36,16,
2002-06-22,37,Minivan,Hometown News,37,15,
2002-06-22,38,Look At Me Now,Sixwire,40,10,Gains In Performance
2002-06-22,39,If That Ain't Country,Anthony Smith,39,9,
2002-06-22,40,Country By The Grace Of God,Chris Cagle,41,8,Gains In Performance
2002-06-22,41,Mine All Mine,SHeDAISY,42,5,Gains In Performance
2002-06-22,42,Forgive,Rebecca Lynn Howard,43,7,Gains In Performance
2002-06-22,43,Thicker Than Blood,Garth Brooks,60,3,Gains In Performance
2002-06-22,44,Going Away,The Clark Family Experience,44,8,Gains In Performance
2002-06-22,45,Sing Along,Rodney Atkins,45,6,Gains In Performance
2002-06-22,46,Country Rock Star,Marcel,47,6,
2002-06-22,47,Cadillac Tears,Kevin Denney,52,2,Gains In Performance
2002-06-22,48,I'll Take Love Over Money,Aaron Tippin,46,9,
2002-06-22,49,Life Happened,Tammy Cochran,54,3,Gains In Performance
2002-06-22,50,That's Why I Sing This Way,Daryle Singletary,58,2,Gains In Performance
2002-06-22,51,Real Bad Mood,Marie Sisters,48,10,
2002-06-22,52,My Town,Montgomery Gentry,50,3,
2002-06-22,53,Good To Go,Jeffrey Steele,53,4,Gains In Performance
2002-06-22,54,One Night In New Orleans,BlackHawk,51,3,
2002-06-22,55,Harder Cards,Kenny Rogers,49,13,
2002-06-22,56,Hard Call To Make,J. Michael Harter,55,2,Gains In Performance
2002-06-22,57,The Ball,James Otto,NEW,1,Highest ranking debut|Gains In Performance
2002-06-22,58,Memphis,David Nail,RE,2,Gains In Performance
2002-06-22,59,Highway Sunrise,Rhett Akins,57,3,
2002-06-22,60,Tell Me Where It Hurts,Tommy Shane Steiner,NEW,1,Gains In Performance
2002-06-29,1,Living And Living Well,George Strait,1,20,
2002-06-29,2,I'm Gonna Miss Her (The Fishin' Song),Brad Paisley,2,18,Gains In Performance
2002-06-29,3,Not A Day Goes By,Lonestar,5,23,Gains In Performance
2002-06-29,4,Drive (For Daddy Gene),Alan Jackson,3,22,
2002-06-29,5,The One,Gary Allan,6,24,Gains In Performance
2002-06-29,6,The Good Stuff,Kenny Chesney,10,9,Gains In Performance
2002-06-29,7,My Heart Is Lost To You,Brooks & Dunn,9,12,Gains In Performance
2002-06-29,8,"Courtesy Of The Red, White And Blue (The Angry American)",Toby Keith,12,6,Gains In Performance
2002-06-29,9,I Should Be Sleeping,Emerson Drive,4,34,
2002-06-29,10,When You Lie Next To Me,Kellie Coffey,11,28,Gains In Performance
2002-06-29,11,I Don't Have To Be Me ('til Monday),Steve Azar,7,38,
2002-06-29,12,I Miss My Friend,Darryl Worley,14,15,Gains In Performance
2002-06-29,13,Tonight I Wanna Be Your Man,Andy Griggs,17,22,Gains In Performance
2002-06-29,14,My List,Toby Keith,13,28,
2002-06-29,15,Long Time Gone,Dixie Chicks,18,4,Gains In Performance
2002-06-29,16,I Don't Want You To Go,Carolyn Dawn Johnson,8,29,
2002-06-29,17,Just What I Do,Trick Pony,16,24,
2002-06-29,18,I Keep Looking,Sara Evans,20,16,Gains In Performance
2002-06-29,19,What If She's An Angel,Tommy Shane Steiner,15,28,
2002-06-29,20,Help Me Understand,Trace Adkins,19,18,Gains In Performance
2002-06-29,21,Ten Rounds With Jose Cuervo,Tracy Byrd,21,13,Gains In Performance
2002-06-29,22,Unbroken,Tim McGraw,26,6,Greatest gainer this week|Gains In Performance
2002-06-29,23,The Impossible,Joe Nichols,22,15,Gains In Performance
2002-06-29,24,Before I Knew Better,Brad Martin,23,20,Gains In Performance
2002-06-29,25,Ol' Red,Blake Shelton,25,14,Gains In Performance
2002-06-29,26,She Was,Mark Chesnutt,24,21,Gains In Performance
2002-06-29,27,Beautiful Mess,Diamond Rio,27,12,Gains In Performance
2002-06-29,28,American Child,Phil Vassar,28,9,Gains In Performance
2002-06-29,29,Where Would You Be,Martina McBride,30,8,Gains In Performance
2002-06-29,30,Barbed Wire And Roses,Pinmonkey,31,12,Gains In Performance
2002-06-29,31,Dare To Dream,Jo Dee Messina,33,8,Gains In Performance
2002-06-29,32,Something Worth Leaving Behind,Lee Ann Womack,34,5,Gains In Performance
2002-06-29,33,I'm Gone,Cyndi Thomson,32,11,Gains In Performance
2002-06-29,34,Chasin' Amy,Brett James,35,13,
2002-06-29,35,Thicker Than Blood,Garth Brooks,43,4,Gains In Performance
2002-06-29,36,Look At Me Now,Sixwire,38,11,Gains In Performance
2002-06-29,37,If That Ain't Country,Anthony Smith,39,10,Gains In Performance
2002-06-29,38,Minivan,Hometown News,37,16,Gains In Performance
2002-06-29,39,Mine All Mine,SHeDAISY,41,6,Gains In Performance
2002-06-29,40,Forgive,Rebecca Lynn Howard,42,8,Gains In Performance
2002-06-29,41,Country By The Grace Of God,Chris Cagle,40,9,Gains In Performance
2002-06-29,42,Don't Waste My Time,Little Big Town,36,17,
2002-06-29,43,My Town,Montgomery Gentry,52,4,Gains In Performance
2002-06-29,44,Going Away,The Clark Family Experience,44,9,Gains In Performance
2002-06-29,45,Sing Along,Rodney Atkins,45,7,Gains In Performance
2002-06-29,46,Cadillac Tears,Kevin Denney,47,3,Gains In Performance
2002-06-29,47,Life Happened,Tammy Cochran,49,4,Gains In Performance
2002-06-29,48,These Days,Rascal Flatts,NEW,1,Highest ranking debut|Gains In Performance
2002-06-29,49,Country Rock Star,Marcel,46,7,
2002-06-29,50,Hard Call To Make,J. Michael Harter,56,3,Gains In Performance
2002-06-29,51,Good To Go,Jeffrey Steele,53,5,
2002-06-29,52,Work In Progress,Alan Jackson,NEW,1,Gains In Performance
2002-06-29,53,I'll Take Love Over Money,Aaron Tippin,48,10,
2002-06-29,54,That's Why I Sing This Way,Daryle Singletary,50,3,
2002-06-29,55,One Night In New Orleans,BlackHawk,54,4,
2002-06-29,56,Fall Into Me,Emerson Drive,NEW,1,Gains In Performance
2002-06-29,57,Real Bad Mood,Marie Sisters,51,11,
2002-06-29,58,I'm In The Mood,Alabama,RE,3,Gains In Performance
2002-06-29,59,A Lot Of Things Different,Kenny Chesney,NEW,1,Gains In Performance
2002-06-29,60,Memphis,David Nail,58,3,
2002-07-06,1,I'm Gonna Miss Her (The Fishin' Song),Brad Paisley,2,19,Gains In Performance
2002-07-06,2,Living And Living Well,George Strait,1,21,
2002-07-06,3,Not A Day Goes By,Lonestar,3,24,Gains In Performance
2002-07-06,4,The Good Stuff,Kenny Chesney,6,10,Gains In Performance
2002-07-06,5,The One,Gary Allan,5,25,Gains In Performance
2002-07-06,6,Drive (For Daddy Gene),Alan Jackson,4,23,
2002-07-06,7,"Courtesy Of The Red, White And Blue (The Angry American)",Toby Keith,8,7,Gains In Performance
2002-07-06,8,My Heart Is Lost To You,Brooks & Dunn,7,13,Gains In Performance
2002-07-06,9,When You Lie Next To Me,Kellie Coffey,10,29,Gains In Performance
2002-07-06,10,Long Time Gone,Dixie Chicks,15,5,Gains In Performance
2002-07-06,11,I Miss My Friend,Darryl Worley,12,16,Gains In Performance
2002-07-06,12,I Don't Have To Be Me ('til Monday),Steve Azar,11,39,
2002-07-06,13,Tonight I Wanna Be Your Man,Andy Griggs,13,23,Gains In Performance
2002-07-06,14,Unbroken,Tim McGraw,22,7,Gains In Performance
2002-07-06,15,My List,Toby Keith,14,29,
2002-07-06,16,Ten Rounds With Jose Cuervo,Tracy Byrd,21,14,Gains In Performance
2002-07-06,17,I Keep Looking,Sara Evans,18,17,Gains In Performance
2002-07-06,18,I Should Be Sleeping,Emerson Drive,9,35,
2002-07-06,19,Help Me Understand,Trace Adkins,20,19,Gains In Performance
2002-07-06,20,The Impossible,Joe Nichols,23,16,Gains In Performance
2002-07-06,21,Before I Knew Better,Brad Martin,24,21,Gains In Performance
2002-07-06,22,Ol' Red,Blake Shelton,25,15,Gains In Performance
2002-07-06,23,She Was,Mark Chesnutt,26,22,Gains In Performance
2002-07-06,24,Beautiful Mess,Diamond Rio,27,13,Gains In Performance
2002-07-06,25,American Child,Phil Vassar,28,10,Gains In Performance
2002-07-06,26,Where Would You Be,Martina McBride,29,9,Gains In Performance
2002-07-06,27,Dare To Dream,Jo Dee Messina,31,9,Gains In Performance
2002-07-06,28,Barbed Wire And Roses,Pinmonkey,30,13,Gains In Performance
2002-07-06,29,Something Worth Leaving Behind,Lee Ann Womack,32,6,Gains In Performance
2002-07-06,30,Thicker Than Blood,Garth Brooks,35,5,Gains In Performance
2002-07-06,31,I'm Gone,Cyndi Thomson,33,12,Gains In Performance
2002-07-06,32,Look At Me Now,Sixwire,36,12,Gains In Performance
2002-07-06,33,If That Ain't Country,Anthony Smith,37,11,Gains In Performance
2002-07-06,34,Forgive,Rebecca Lynn Howard,40,9,Gains In Performance
2002-07-06,35,Mine All Mine,SHeDAISY,39,7,Gains In Performance
2002-07-06,36,Country By The Grace Of God,Chris Cagle,41,10,Gains In Performance
2002-07-06,37,My Town,Montgomery Gentry,43,5,Gains In Performance
2002-07-06,38,Chasin' Amy,Brett James,34,14,
2002-07-06,39,Minivan,Hometown News,38,17,
2002-07-06,40,Work In Progress,Alan Jackson,52,2,Gains In Performance
2002-07-06,41,Sing Along,Rodney Atkins,45,8,Gains In Performance
2002-07-06,42,Somebody Like You,Keith Urban,NEW,1,Highest ranking debut|Gains In Performance
2002-07-06,43,These Days,Rascal Flatts,48,2,Gains In Performance
2002-07-06,44,Life Happened,Tammy Cochran,47,5,Gains In Performance
2002-07-06,45,Going Away,The Clark Family Experience,44,10,
2002-07-06,46,Cadillac Tears,Kevin Denney,46,4,Gains In Performance
2002-07-06,47,Don't Waste My Time,Little Big Town,42,18,
2002-07-06,48,Hard Call To Make,J. Michael Harter,50,4,Gains In Performance
2002-07-06,49,Good To Go,Jeffrey Steele,51,6,
2002-07-06,50,I'm In The Mood,Alabama,58,4,Gains In Performance
2002-07-06,51,That's Why I Sing This Way,Daryle Singletary,54,4,Gains In Performance
2002-07-06,52,Memphis,David Nail,60,4,Gains In Performance
2002-07-06,53,Country Rock Star,Marcel,49,8,
2002-07-06,54,Strong Enough To Be Your Man,Travis Tritt,NEW,1,Gains In Performance
2002-07-06,55,The Ball,James Otto,RE,2,Gains In Performance
2002-07-06,56,The Last Man Committed,Eric Heatherly,NEW,1,Gains In Performance
2002-07-06,57,One Night In New Orleans,BlackHawk,55,5,
2002-07-06,58,A Lot Of Things Different,Kenny Chesney,59,2,Gains In Performance
2002-07-06,59,Tell Me Where It Hurts,Tommy Shane Steiner,RE,2,Gains In Performance
2002-07-06,60,A Few Short Years,Ty Herndon,NEW,1,Gains In Performance
2002-07-13,1,I'm Gonna Miss Her (The Fishin' Song),Brad Paisley,1,20,
2002-07-13,2,The Good Stuff,Kenny Chesney,4,11,Greatest gainer this week|Gains In Performance
2002-07-13,3,Not A Day Goes By,Lonestar,3,25,Gains In Performance
2002-07-13,4,"Courtesy Of The Red, White And Blue (The Angry American)",Toby Keith,7,8,Gains In Performance
2002-07-13,5,Living And Living Well,George Strait,2,22,
2002-07-13,6,The One,Gary Allan,5,26,Gains In Performance
2002-07-13,7,My Heart Is Lost To You,Brooks & Dunn,8,14,Gains In Performance
2002-07-13,8,When You Lie Next To Me,Kellie Coffey,9,30,Gains In Performance
2002-07-13,9,Drive (For Daddy Gene),Alan Jackson,6,24,
2002-07-13,10,Long Time Gone,Dixie Chicks,10,6,Gains In Performance
2002-07-13,11,I Miss My Friend,Darryl Worley,11,17,Gains In Performance
2002-07-13,12,Tonight I Wanna Be Your Man,Andy Griggs,13,24,Gains In Performance
2002-07-13,13,Unbroken,Tim McGraw,14,8,Gains In Performance
2002-07-13,14,I Don't Have To Be Me ('til Monday),Steve Azar,12,40,
2002-07-13,15,Ten Rounds With Jose Cuervo,Tracy Byrd,16,15,Gains In Performance
2002-07-13,16,I Keep Looking,Sara Evans,17,18,Gains In Performance
2002-07-13,17,Help Me Understand,Trace Adkins,19,20,Gains In Performance
2002-07-13,18,My List,Toby Keith,15,30,
2002-07-13,19,The Impossible,Joe Nichols,20,17,Gains In Performance
2002-07-13,20,Ol' Red,Blake Shelton,22,16,Gains In Performance
2002-07-13,21,Before I Knew Better,Brad Martin,21,22,Gains In Performance
2002-07-13,22,She Was,Mark Chesnutt,23,23,Gains In Performance
2002-07-13,23,Beautiful Mess,Diamond Rio,24,14,Gains In Performance
2002-07-13,24,American Child,Phil Vassar,25,11,Gains In Performance
2002-07-13,25,Where Would You Be,Martina McBride,26,10,Gains In Performance
2002-07-13,26,Thicker Than Blood,Garth Brooks,30,6,Gains In Performance
2002-07-13,27,Something Worth Leaving Behind,Lee Ann Womack,29,7,Gains In Performance
2002-07-13,28,Barbed Wire And Roses,Pinmonkey,28,14,Gains In Performance
2002-07-13,29,Dare To Dream,Jo Dee Messina,27,10,Gains In Performance
2002-07-13,30,Work In Progress,Alan Jackson,40,3,Gains In Performance
2002-07-13,31,I'm Gone,Cyndi Thomson,31,13,
2002-07-13,32,Forgive,Rebecca Lynn Howard,34,10,Gains In Performance
2002-07-13,33,Look At Me Now,Sixwire,32,13,Gains In Performance
2002-07-13,34,If That Ain't Country,Anthony Smith,33,12,Gains In Performance
2002-07-13,35,My Town,Montgomery Gentry,37,6,Gains In Performance
2002-07-13,36,Country By The Grace Of God,Chris Cagle,36,11,Gains In Performance
2002-07-13,37,Mine All Mine,SHeDAISY,35,8,Gains In Performance
2002-07-13,38,Somebody Like You,Keith Urban,42,2,Gains In Performance
2002-07-13,39,These Days,Rascal Flatts,43,3,Gains In Performance
2002-07-13,40,Sing Along,Rodney Atkins,41,9,Gains In Performance
2002-07-13,41,Life Happened,Tammy Cochran,44,6,Gains In Performance
2002-07-13,42,Cadillac Tears,Kevin Denney,46,5,Gains In Performance
2002-07-13,43,Minivan,Hometown News,39,18,
2002-07-13,44,Chasin' Amy,Brett James,38,15,
2002-07-13,45,Hard Call To Make,J. Michael Harter,48,5,Gains In Performance
2002-07-13,46,Maria (Shut Up And Kiss Me),Willie Nelson,NEW,1,Highest ranking debut|Gains In Performance
2002-07-13,47,I Don't Paint Myself Into Corners,Trisha Yearwood,NEW,1,Gains In Performance
2002-07-13,48,I'm In The Mood,Alabama,50,5,Gains In Performance
2002-07-13,49,Tell Me Where It Hurts,Tommy Shane Steiner,59,3,Gains In Performance
2002-07-13,50,Going Away,The Clark Family Experience,45,11,
2002-07-13,51,That's Why I Sing This Way,Daryle Singletary,51,5,Gains In Performance
2002-07-13,52,Memphis,David Nail,52,5,Gains In Performance
2002-07-13,53,The Ball,James Otto,55,3,Gains In Performance
2002-07-13,54,The Last Man Committed,Eric Heatherly,56,2,Gains In Performance
2002-07-13,55,Good To Go,Jeffrey Steele,49,7,
2002-07-13,56,Strong Enough To Be Your Man,Travis Tritt,54,2,
2002-07-13,57,A Lot Of Things Different,Kenny Chesney,58,3,Gains In Performance
2002-07-13,58,Love Is A Game,Dean Miller,NEW,1,Gains In Performance
2002-07-13,59,Everything Changes,Little Big Town,NEW,1,Gains In Performance
2002-07-13,60,Don't Waste My Time,Little Big Town,47,19,
2002-07-20,1,"Courtesy Of The Red, White And Blue (The Angry American)",Toby Keith,4,9,Greatest gainer this week|Gains In Performance
2002-07-20,2,The Good Stuff,Kenny Chesney,2,12,Gains In Performance
2002-07-20,3,I'm Gonna Miss Her (The Fishin' Song),Brad Paisley,1,21,
2002-07-20,4,Not A Day Goes By,Lonestar,3,26,Gains In Performance
2002-07-20,5,The One,Gary Allan,6,27,Gains In Performance
2002-07-20,6,Living And Living Well,George Strait,5,23,
2002-07-20,7,My Heart Is Lost To You,Brooks & Dunn,7,15,
2002-07-20,8,When You Lie Next To Me,Kellie Coffey,8,31,Gains In Performance
2002-07-20,9,Long Time Gone,Dixie Chicks,10,7,Gains In Performance
2002-07-20,10,I Miss My Friend,Darryl Worley,11,18,Gains In Performance
2002-07-20,11,Drive (For Daddy Gene),Alan Jackson,9,25,
2002-07-20,12,Tonight I Wanna Be Your Man,Andy Griggs,12,25,Gains In Performance
2002-07-20,13,Unbroken,Tim McGraw,13,9,Gains In Performance
2002-07-20,14,Ten Rounds With Jose Cuervo,Tracy Byrd,15,16,Gains In Performance
2002-07-20,15,I Keep Looking,Sara Evans,16,19,Gains In Performance
2002-07-20,16,I Don't Have To Be Me ('til Monday),Steve Azar,14,41,
2002-07-20,17,The Impossible,Joe Nichols,19,18,Gains In Performance
2002-07-20,18,Help Me Understand,Trace Adkins,17,21,
2002-07-20,19,My List,Toby Keith,18,31,
2002-07-20,20,Ol' Red,Blake Shelton,20,17,Gains In Performance
2002-07-20,21,Before I Knew Better,Brad Martin,21,23,Gains In Performance
2002-07-20,22,She Was,Mark Chesnutt,22,24,Gains In Performance
2002-07-20,23,American Child,Phil Vassar,24,12,Gains In Performance
2002-07-20,24,Beautiful Mess,Diamond Rio,23,15,Gains In Performance
2002-07-20,25,Where Would You Be,Martina McBride,25,11,Gains In Performance
2002-07-20,26,Thicker Than Blood,Garth Brooks,26,7,Gains In Performance
2002-07-20,27,Something Worth Leaving Behind,Lee Ann Womack,27,8,Gains In Performance
2002-07-20,28,Dare To Dream,Jo Dee Messina,29,11,Gains In Performance
2002-07-20,29,Barbed Wire And Roses,Pinmonkey,28,15,Gains In Performance
2002-07-20,30,Work In Progress,Alan Jackson,30,4,Gains In Performance
2002-07-20,31,Somebody Like You,Keith Urban,38,3,Gains In Performance
2002-07-20,32,Forgive,Rebecca Lynn Howard,32,11,Gains In Performance
2002-07-20,33,I'm Gone,Cyndi Thomson,31,14,
2002-07-20,34,My Town,Montgomery Gentry,35,7,Gains In Performance
2002-07-20,35,Look At Me Now,Sixwire,33,14,Gains In Performance
2002-07-20,36,Country By The Grace Of God,Chris Cagle,36,12,Gains In Performance
2002-07-20,37,Mine All Mine,SHeDAISY,37,9,Gains In Performance
2002-07-20,38,If That Ain't Country,Anthony Smith,34,13,
2002-07-20,39,These Days,Rascal Flatts,39,4,Gains In Performance
2002-07-20,40,Life Happened,Tammy Cochran,41,7,Gains In Performance
2002-07-20,41,Sing Along,Rodney Atkins,40,10,
2002-07-20,42,Cadillac Tears,Kevin Denney,42,6,Gains In Performance
2002-07-20,43,Fall Into Me,Emerson Drive,RE,2,Gains In Performance
2002-07-20,44,Tell Me Where It Hurts,Tommy Shane Steiner,49,4,Gains In Performance
2002-07-20,45,Hard Call To Make,J. Michael Harter,45,6,Gains In Performance
2002-07-20,46,Minivan,Hometown News,43,19,
2002-07-20,47,Maria (Shut Up And Kiss Me),Willie Nelson,46,2,
2002-07-20,48,Chasin' Amy,Brett James,44,16,
2002-07-20,49,Star Spangled Banner,Faith Hill,RE,13,Gains In Performance
2002-07-20,50,I'm In The Mood,Alabama,48,6,
2002-07-20,51,The Ball,James Otto,53,4,Gains In Performance
2002-07-20,52,The Last Man Committed,Eric Heatherly,54,3,Gains In Performance
2002-07-20,53,That's Why I Sing This Way,Daryle Singletary,51,6,Gains In Performance
2002-07-20,54,More Beautiful Today,Mark McGuinn,NEW,1,Highest ranking debut|Gains In Performance
2002-07-20,55,Memphis,David Nail,52,6,
2002-07-20,56,Everything Changes,Little Big Town,59,2,Gains In Performance
2002-07-20,57,Strong Enough To Be Your Man,Travis Tritt,56,3,Gains In Performance
2002-07-20,58,One Day Closer To You,Carolyn Dawn Johnson,NEW,1,Gains In Performance
2002-07-20,59,Going Away,The Clark Family Experience,50,12,
2002-07-20,60,A Man's Gotta Do,Chad Brock,NEW,1,Gains In Performance
2002-07-27,1,The Good Stuff,Kenny Chesney,2,13,Gains In Performance
2002-07-27,2,"Courtesy Of The Red, White And Blue (The Angry American)",Toby Keith,1,10,
2002-07-27,3,Not A Day Goes By,Lonestar,4,27,Gains In Performance
2002-07-27,4,The One,Gary Allan,5,28,Gains In Performance
2002-07-27,5,My Heart Is Lost To You,Brooks & Dunn,7,16,Gains In Performance
2002-07-27,6,I'm Gonna Miss Her (The Fishin' Song),Brad Paisley,3,22,
2002-07-27,7,Long Time Gone,Dixie Chicks,9,8,Greatest gainer this week|Gains In Performance
2002-07-27,8,Living And Living Well,George Strait,6,24,
2002-07-27,9,When You Lie Next To Me,Kellie Coffey,8,32,
2002-07-27,10,I Miss My Friend,Darryl Worley,10,19,Gains In Performance
2002-07-27,11,Tonight I Wanna Be Your Man,Andy Griggs,12,26,Gains In Performance
2002-07-27,12,Unbroken,Tim McGraw,13,10,Gains In Performance
2002-07-27,13,Drive (For Daddy Gene),Alan Jackson,11,26,
2002-07-27,14,Ten Rounds With Jose Cuervo,Tracy Byrd,14,17,Gains In Performance
2002-07-27,15,I Keep Looking,Sara Evans,15,20,Gains In Performance
2002-07-27,16,The Impossible,Joe Nichols,17,19,Gains In Performance
2002-07-27,17,Help Me Understand,Trace Adkins,18,22,Gains In Performance
2002-07-27,18,I Don't Have To Be Me ('til Monday),Steve Azar,16,42,
2002-07-27,19,Ol' Red,Blake Shelton,20,18,Gains In Performance
2002-07-27,20,She Was,Mark Chesnutt,22,25,Gains In Performance
2002-07-27,21,Before I Knew Better,Brad Martin,21,24,Gains In Performance
2002-07-27,22,Beautiful Mess,Diamond Rio,24,16,Gains In Performance
2002-07-27,23,American Child,Phil Vassar,23,13,
2002-07-27,24,Where Would You Be,Martina McBride,25,12,Gains In Performance
2002-07-27,25,Thicker Than Blood,Garth Brooks,26,8,Gains In Performance
2002-07-27,26,Something Worth Leaving Behind,Lee Ann Womack,27,9,Gains In Performance
2002-07-27,27,Dare To Dream,Jo Dee Messina,28,12,Gains In Performance
2002-07-27,28,Work In Progress,Alan Jackson,30,5,Gains In Performance
2002-07-27,29,Barbed Wire And Roses,Pinmonkey,29,16,Gains In Performance
2002-07-27,30,Somebody Like You,Keith Urban,31,4,Gains In Performance
2002-07-27,31,My Town,Montgomery Gentry,34,8,Gains In Performance
2002-07-27,32,Forgive,Rebecca Lynn Howard,32,12,Gains In Performance
2002-07-27,33,Look At Me Now,Sixwire,35,15,Gains In Performance
2002-07-27,34,These Days,Rascal Flatts,39,5,Gains In Performance
2002-07-27,35,If That Ain't Country,Anthony Smith,38,14,Gains In Performance
2002-07-27,36,Country By The Grace Of God,Chris Cagle,36,13,
2002-07-27,37,Mine All Mine,SHeDAISY,37,10,
2002-07-27,38,I'm Gone,Cyndi Thomson,33,15,
2002-07-27,39,Sing Along,Rodney Atkins,41,11,Gains In Performance
2002-07-27,40,Life Happened,Tammy Cochran,40,8,Gains In Performance
2002-07-27,41,Cadillac Tears,Kevin Denney,42,7,Gains In Performance
2002-07-27,42,Fall Into Me,Emerson Drive,43,3,Gains In Performance
2002-07-27,43,Tell Me Where It Hurts,Tommy Shane Steiner,44,5,Gains In Performance
2002-07-27,44,Everything Changes,Little Big Town,56,3,Gains In Performance
2002-07-27,45,Hard Call To Make,J. Michael Harter,45,7,
2002-07-27,46,The Last Man Committed,Eric Heatherly,52,4,Gains In Performance
2002-07-27,47,That's Why I Sing This Way,Daryle Singletary,53,7,Gains In Performance
2002-07-27,48,Strong Enough To Be Your Man,Travis Tritt,57,4,Gains In Performance
2002-07-27,49,Maria (Shut Up And Kiss Me),Willie Nelson,47,3,
2002-07-27,50,I'm In The Mood,Alabama,50,7,Gains In Performance
2002-07-27,51,The Ball,James Otto,51,5,
2002-07-27,52,Memphis,David Nail,55,7,
2002-07-27,53,I Don't Paint Myself Into Corners,Trisha Yearwood,RE,2,Gains In Performance
2002-07-27,54,'Til Nothing Comes Between Us,John Michael Montgomery,NEW,1,Highest ranking debut|Gains In Performance
2002-07-27,55,Chasin' Amy,Brett James,48,17,
2002-07-27,56,Halfway Home Cafe,Ricky Skaggs,NEW,1,Gains In Performance
2002-07-27,57,Stars On The Water,George Strait,NEW,1,Gains In Performance
2002-07-27,58,A Few Short Years,Ty Herndon,RE,2,Gains In Performance
2002-07-27,59,Everyday Angel,Radney Foster,NEW,1,Gains In Performance
2002-07-27,60,One Day Closer To You,Carolyn Dawn Johnson,58,2,
2002-08-03,1,The Good Stuff,Kenny Chesney,1,14,Gains In Performance
2002-08-03,2,"Courtesy Of The Red, White And Blue (The Angry American)",Toby Keith,2,11,Gains In Performance
2002-08-03,3,The One,Gary Allan,4,29,Gains In Performance
2002-08-03,4,Not A Day Goes By,Lonestar,3,28,
2002-08-03,5,Long Time Gone,Dixie Chicks,7,9,Gains In Performance
2002-08-03,6,My Heart Is Lost To You,Brooks & Dunn,5,17,
2002-08-03,7,I Miss My Friend,Darryl Worley,10,20,Gains In Performance
2002-08-03,8,Unbroken,Tim McGraw,12,11,Gains In Performance
2002-08-03,9,Living And Living Well,George Strait,8,25,
2002-08-03,10,Tonight I Wanna Be Your Man,Andy Griggs,11,27,Gains In Performance
2002-08-03,11,Ten Rounds With Jose Cuervo,Tracy Byrd,14,18,Gains In Performance
2002-08-03,12,I Keep Looking,Sara Evans,15,21,Gains In Performance
2002-08-03,13,I'm Gonna Miss Her (The Fishin' Song),Brad Paisley,6,23,
2002-08-03,14,When You Lie Next To Me,Kellie Coffey,9,33,
2002-08-03,15,The Impossible,Joe Nichols,16,20,Gains In Performance
2002-08-03,16,Drive (For Daddy Gene),Alan Jackson,13,27,
2002-08-03,17,Help Me Understand,Trace Adkins,17,23,
2002-08-03,18,Ol' Red,Blake Shelton,19,19,Gains In Performance
2002-08-03,19,I Don't Have To Be Me ('til Monday),Steve Azar,18,43,
2002-08-03,20,She Was,Mark Chesnutt,20,26,Gains In Performance
2002-08-03,21,Beautiful Mess,Diamond Rio,22,17,Gains In Performance
2002-08-03,22,Before I Knew Better,Brad Martin,21,25,Gains In Performance
2002-08-03,23,American Child,Phil Vassar,23,14,Gains In Performance
2002-08-03,24,Where Would You Be,Martina McBride,24,13,Gains In Performance
2002-08-03,25,Thicker Than Blood,Garth Brooks,25,9,Gains In Performance
2002-08-03,26,Somebody Like You,Keith Urban,30,5,Gains In Performance
2002-08-03,27,Something Worth Leaving Behind,Lee Ann Womack,26,10,Gains In Performance
2002-08-03,28,Work In Progress,Alan Jackson,28,6,Gains In Performance
2002-08-03,29,Dare To Dream,Jo Dee Messina,27,13,Gains In Performance
2002-08-03,30,Barbed Wire And Roses,Pinmonkey,29,17,Gains In Performance
2002-08-03,31,My Town,Montgomery Gentry,31,9,Gains In Performance
2002-08-03,32,Forgive,Rebecca Lynn Howard,32,13,Gains In Performance
2002-08-03,33,These Days,Rascal Flatts,34,6,Gains In Performance
2002-08-03,34,Look At Me Now,Sixwire,33,16,Gains In Performance
2002-08-03,35,Country By The Grace Of God,Chris Cagle,36,14,Gains In Performance
2002-08-03,36,If That Ain't Country,Anthony Smith,35,15,Gains In Performance
2002-08-03,37,Mine All Mine,SHeDAISY,37,11,
2002-08-03,38,Life Happened,Tammy Cochran,40,9,Gains In Performance
2002-08-03,39,Sing Along,Rodney Atkins,39,12,Gains In Performance
2002-08-03,40,Cadillac Tears,Kevin Denney,41,8,Gains In Performance
2002-08-03,41,Fall Into Me,Emerson Drive,42,4,Gains In Performance
2002-08-03,42,Strong Enough To Be Your Man,Travis Tritt,48,5,Gains In Performance
2002-08-03,43,Tell Me Where It Hurts,Tommy Shane Steiner,43,6,Gains In Performance
2002-08-03,44,The Last Man Committed,Eric Heatherly,46,5,Gains In Performance
2002-08-03,45,Everything Changes,Little Big Town,44,4,Gains In Performance
2002-08-03,46,'Til Nothing Comes Between Us,John Michael Montgomery,54,2,Gains In Performance
2002-08-03,47,I'm Gone,Cyndi Thomson,38,16,
2002-08-03,48,Hard Call To Make,J. Michael Harter,45,8,Gains In Performance
2002-08-03,49,One Day Closer To You,Carolyn Dawn Johnson,60,3,Gains In Performance
2002-08-03,50,Maria (Shut Up And Kiss Me),Willie Nelson,49,4,Gains In Performance
2002-08-03,51,That's Why I Sing This Way,Daryle Singletary,47,8,Gains In Performance
2002-08-03,52,The Ball,James Otto,51,6,Gains In Performance
2002-08-03,53,I Don't Paint Myself Into Corners,Trisha Yearwood,53,3,Gains In Performance
2002-08-03,54,I'm In The Mood,Alabama,50,8,
2002-08-03,55,A Few Short Years,Ty Herndon,58,3,Gains In Performance
2002-08-03,56,Stars On The Water,George Strait,57,2,Gains In Performance
2002-08-03,57,At The End Of The Day,Kellie Coffey,NEW,1,Highest ranking debut|Gains In Performance
2002-08-03,58,Beautiful Goodbye,Jennifer Hanson,NEW,1,Gains In Performance
2002-08-03,59,Beer For My Horses,Toby Keith Duet With Willie Nelson,NEW,1,Gains In Performance
2002-08-03,60,Waitin' On Joe,Steve Azar,NEW,1,Gains In Performance
2002-08-10,1,The Good Stuff,Kenny Chesney,1,15,Gains In Performance
2002-08-10,2,"Courtesy Of The Red, White And Blue (The Angry American)",Toby Keith,2,12,
2002-08-10,3,The One,Gary Allan,3,30,Gains In Performance
2002-08-10,4,Long Time Gone,Dixie Chicks,5,10,Gains In Performance
2002-08-10,5,Unbroken,Tim McGraw,8,12,Gains In Performance
2002-08-10,6,I Miss My Friend,Darryl Worley,7,21,Gains In Performance
2002-08-10,7,Tonight I Wanna Be Your Man,Andy Griggs,10,28,Gains In Performance
2002-08-10,8,Not A Day Goes By,Lonestar,4,29,
2002-08-10,9,I Keep Looking,Sara Evans,12,22,Gains In Performance
2002-08-10,10,Ten Rounds With Jose Cuervo,Tracy Byrd,11,19,Gains In Performance
2002-08-10,11,The Impossible,Joe Nichols,15,21,Gains In Performance
2002-08-10,12,My Heart Is Lost To You,Brooks & Dunn,6,18,
2002-08-10,13,Living And Living Well,George Strait,9,26,
2002-08-10,14,I'm Gonna Miss Her (The Fishin' Song),Brad Paisley,13,24,
2002-08-10,15,She Was,Mark Chesnutt,20,27,Gains In Performance
2002-08-10,16,Ol' Red,Blake Shelton,18,20,Gains In Performance
2002-08-10,17,Beautiful Mess,Diamond Rio,21,18,Gains In Performance
2002-08-10,18,Drive (For Daddy Gene),Alan Jackson,16,28,
2002-08-10,19,I Don't Have To Be Me ('til Monday),Steve Azar,19,44,
2002-08-10,20,Before I Knew Better,Brad Martin,22,26,Gains In Performance
2002-08-10,21,American Child,Phil Vassar,23,15,Gains In Performance
2002-08-10,22,Somebody Like You,Keith Urban,26,6,Gains In Performance
2002-08-10,23,Where Would You Be,Martina McBride,24,14,Gains In Performance
2002-08-10,24,Thicker Than Blood,Garth Brooks,25,10,Gains In Performance
2002-08-10,25,Work In Progress,Alan Jackson,28,7,Gains In Performance
2002-08-10,26,Something Worth Leaving Behind,Lee Ann Womack,27,11,Gains In Performance
2002-08-10,27,Dare To Dream,Jo Dee Messina,29,14,Gains In Performance
2002-08-10,28,Barbed Wire And Roses,Pinmonkey,30,18,Gains In Performance
2002-08-10,29,My Town,Montgomery Gentry,31,10,Gains In Performance
2002-08-10,30,These Days,Rascal Flatts,33,7,Gains In Performance
2002-08-10,31,Forgive,Rebecca Lynn Howard,32,14,Gains In Performance
2002-08-10,32,Look At Me Now,Sixwire,34,17,Gains In Performance
2002-08-10,33,Country By The Grace Of God,Chris Cagle,35,15,Gains In Performance
2002-08-10,34,If That Ain't Country,Anthony Smith,36,16,Gains In Performance
2002-08-10,35,Life Happened,Tammy Cochran,38,10,Gains In Performance
2002-08-10,36,Mine All Mine,SHeDAISY,37,12,Gains In Performance
2002-08-10,37,Sing Along,Rodney Atkins,39,13,Gains In Performance
2002-08-10,38,Cadillac Tears,Kevin Denney,40,9,Gains In Performance
2002-08-10,39,Strong Enough To Be Your Man,Travis Tritt,42,6,Gains In Performance
2002-08-10,40,Fall Into Me,Emerson Drive,41,5,Gains In Performance
2002-08-10,41,'Til Nothing Comes Between Us,John Michael Montgomery,46,3,Gains In Performance
2002-08-10,42,The Last Man Committed,Eric Heatherly,44,6,Gains In Performance
2002-08-10,43,One Day Closer To You,Carolyn Dawn Johnson,49,4,Gains In Performance
2002-08-10,44,Tell Me Where It Hurts,Tommy Shane Steiner,43,7,Gains In Performance
2002-08-10,45,Everything Changes,Little Big Town,45,5,Gains In Performance
2002-08-10,46,Hard Call To Make,J. Michael Harter,48,9,
2002-08-10,47,Maria (Shut Up And Kiss Me),Willie Nelson,50,5,Gains In Performance
2002-08-10,48,The Ball,James Otto,52,7,Gains In Performance
2002-08-10,49,That's Why I Sing This Way,Daryle Singletary,51,9,
2002-08-10,50,I Don't Paint Myself Into Corners,Trisha Yearwood,53,4,Gains In Performance
2002-08-10,51,Modern Man,Michael Peterson,NEW,1,Highest ranking debut|Gains In Performance
2002-08-10,52,Stars On The Water,George Strait,56,3,Gains In Performance
2002-08-10,53,Waitin' On Joe,Steve Azar,60,2,Gains In Performance
2002-08-10,54,Beer For My Horses,Toby Keith Duet With Willie Nelson,59,2,Gains In Performance
2002-08-10,55,Everyday Angel,Radney Foster,RE,2,Gains In Performance
2002-08-10,56,I'm In The Mood,Alabama,54,9,
2002-08-10,57,I'm Gone,Cyndi Thomson,47,17,
2002-08-10,58,Dream Your Way To Me,Shannon Lawson,NEW,1,Gains In Performance
2002-08-10,59,And Then,Dusty Drake,NEW,1,Gains In Performance
2002-08-10,60,If Her Lovin' Don't Kill Me,Aaron Tippin,NEW,1,Gains In Performance
2002-08-17,1,The Good Stuff,Kenny Chesney,1,16,Gains In Performance
2002-08-17,2,"Courtesy Of The Red, White And Blue (The Angry American)",Toby Keith,2,13,
2002-08-17,3,Long Time Gone,Dixie Chicks,4,11,Gains In Performance
2002-08-17,4,The One,Gary Allan,3,31,Gains In Performance
2002-08-17,5,I Miss My Friend,Darryl Worley,6,22,Greatest gainer this week|Gains In Performance
2002-08-17,6,Unbroken,Tim McGraw,5,13,Gains In Performance
2002-08-17,7,Tonight I Wanna Be Your Man,Andy Griggs,7,29,Gains In Performance
2002-08-17,8,Ten Rounds With Jose Cuervo,Tracy Byrd,10,20,Gains In Performance
2002-08-17,9,I Keep Looking,Sara Evans,9,23,Gains In Performance
2002-08-17,10,The Impossible,Joe Nichols,11,22,Gains In Performance
2002-08-17,11,Beautiful Mess,Diamond Rio,17,19,Gains In Performance
2002-08-17,12,She Was,Mark Chesnutt,15,28,Gains In Performance
2002-08-17,13,Living And Living Well,George Strait,13,27,
2002-08-17,14,Ol' Red,Blake Shelton,16,21,Gains In Performance
2002-08-17,15,Before I Knew Better,Brad Martin,20,27,Gains In Performance
2002-08-17,16,Somebody Like You,Keith Urban,22,7,Gains In Performance
2002-08-17,17,American Child,Phil Vassar,21,16,Gains In Performance
2002-08-17,18,Not A Day Goes By,Lonestar,8,30,
2002-08-17,19,Drive (For Daddy Gene),Alan Jackson,18,29,
2002-08-17,20,I'm Gonna Miss Her (The Fishin' Song),Brad Paisley,14,25,
2002-08-17,21,Where Would You Be,Martina McBride,23,15,Gains In Performance
2002-08-17,22,Work In Progress,Alan Jackson,25,8,Gains In Performance
2002-08-17,23,My Heart Is Lost To You,Brooks & Dunn,12,19,
2002-08-17,24,Thicker Than Blood,Garth Brooks,24,11,Gains In Performance
2002-08-17,25,Something Worth Leaving Behind,Lee Ann Womack,26,12,Gains In Performance
2002-08-17,26,Dare To Dream,Jo Dee Messina,27,15,Gains In Performance
2002-08-17,27,My Town,Montgomery Gentry,29,11,Gains In Performance
2002-08-17,28,Barbed Wire And Roses,Pinmonkey,28,19,Gains In Performance
2002-08-17,29,These Days,Rascal Flatts,30,8,Gains In Performance
2002-08-17,30,Forgive,Rebecca Lynn Howard,31,15,Gains In Performance
2002-08-17,31,Look At Me Now,Sixwire,32,18,Gains In Performance
2002-08-17,32,If That Ain't Country,Anthony Smith,34,17,Gains In Performance
2002-08-17,33,Country By The Grace Of God,Chris Cagle,33,16,
2002-08-17,34,Life Happened,Tammy Cochran,35,11,Gains In Performance
2002-08-17,35,Mine All Mine,SHeDAISY,36,13,Gains In Performance
2002-08-17,36,Cadillac Tears,Kevin Denney,38,10,Gains In Performance
2002-08-17,37,Strong Enough To Be Your Man,Travis Tritt,39,7,Gains In Performance
2002-08-17,38,Fall Into Me,Emerson Drive,40,6,Gains In Performance
2002-08-17,39,Sing Along,Rodney Atkins,37,14,
2002-08-17,40,'Til Nothing Comes Between Us,John Michael Montgomery,41,4,Gains In Performance
2002-08-17,41,One Day Closer To You,Carolyn Dawn Johnson,43,5,Gains In Performance
2002-08-17,42,The Last Man Committed,Eric Heatherly,42,7,Gains In Performance
2002-08-17,43,Everything Changes,Little Big Town,45,6,Gains In Performance
2002-08-17,44,Maria (Shut Up And Kiss Me),Willie Nelson,47,6,Gains In Performance
2002-08-17,45,The Ball,James Otto,48,8,Gains In Performance
2002-08-17,46,Hard Call To Make,J. Michael Harter,46,10,Gains In Performance
2002-08-17,47,I Don't Paint Myself Into Corners,Trisha Yearwood,50,5,Gains In Performance
2002-08-17,48,Waitin' On Joe,Steve Azar,53,3,Gains In Performance
2002-08-17,49,At The End Of The Day,Kellie Coffey,RE,2,Gains In Performance
2002-08-17,50,Modern Man,Michael Peterson,51,2,Gains In Performance
2002-08-17,51,Stars On The Water,George Strait,52,4,Gains In Performance
2002-08-17,52,That's Why I Sing This Way,Daryle Singletary,49,10,Gains In Performance
2002-08-17,53,Tell Me Where It Hurts,Tommy Shane Steiner,44,8,
2002-08-17,54,Everyday Angel,Radney Foster,55,3,Gains In Performance
2002-08-17,55,Dream Your Way To Me,Shannon Lawson,58,2,Gains In Performance
2002-08-17,56,Beer For My Horses,Toby Keith Duet With Willie Nelson,54,3,
2002-08-17,57,Beautiful Goodbye,Jennifer Hanson,RE,2,Gains In Performance
2002-08-17,58,You Can't Hide Beautiful,Aaron Lines,NEW,1,Highest ranking debut|Gains In Performance
2002-08-17,59,I Wish You'd Stay,Brad Paisley,NEW,1,Gains In Performance
2002-08-17,60,Who's Your Daddy?,Toby Keith,NEW,1,Gains In Performance
2002-08-24,1,The Good Stuff,Kenny Chesney,1,17,Gains In Performance
2002-08-24,2,Long Time Gone,Dixie Chicks,3,12,Gains In Performance
2002-08-24,3,Unbroken,Tim McGraw,6,14,Gains In Performance
2002-08-24,4,I Miss My Friend,Darryl Worley,5,23,Gains In Performance
2002-08-24,5,"Courtesy Of The Red, White And Blue (The Angry American)",Toby Keith,2,14,
2002-08-24,6,The One,Gary Allan,4,32,
2002-08-24,7,I Keep Looking,Sara Evans,9,24,Gains In Performance
2002-08-24,8,Ten Rounds With Jose Cuervo,Tracy Byrd,8,21,Gains In Performance
2002-08-24,9,Tonight I Wanna Be Your Man,Andy Griggs,7,30,
2002-08-24,10,The Impossible,Joe Nichols,10,23,Gains In Performance
2002-08-24,11,Beautiful Mess,Diamond Rio,11,20,Gains In Performance
2002-08-24,12,She Was,Mark Chesnutt,12,29,Gains In Performance
2002-08-24,13,Somebody Like You,Keith Urban,16,8,Gains In Performance
2002-08-24,14,Ol' Red,Blake Shelton,14,22,Gains In Performance
2002-08-24,15,American Child,Phil Vassar,17,17,Gains In Performance
2002-08-24,16,Living And Living Well,George Strait,13,28,
2002-08-24,17,Before I Knew Better,Brad Martin,15,28,
2002-08-24,18,Work In Progress,Alan Jackson,22,9,Gains In Performance
2002-08-24,19,Where Would You Be,Martina McBride,21,16,Gains In Performance
2002-08-24,20,Drive (For Daddy Gene),Alan Jackson,19,30,
2002-08-24,21,Thicker Than Blood,Garth Brooks,24,12,
2002-08-24,22,My Town,Montgomery Gentry,27,12,Gains In Performance
2002-08-24,23,Something Worth Leaving Behind,Lee Ann Womack,25,13,Gains In Performance
2002-08-24,24,Dare To Dream,Jo Dee Messina,26,16,Gains In Performance
2002-08-24,25,Barbed Wire And Roses,Pinmonkey,28,20,Gains In Performance
2002-08-24,26,My Heart Is Lost To You,Brooks & Dunn,23,20,
2002-08-24,27,These Days,Rascal Flatts,29,9,Gains In Performance
2002-08-24,28,Forgive,Rebecca Lynn Howard,30,16,Gains In Performance
2002-08-24,29,If That Ain't Country,Anthony Smith,32,18,Gains In Performance
2002-08-24,30,Look At Me Now,Sixwire,31,19,
2002-08-24,31,Life Happened,Tammy Cochran,34,12,Gains In Performance
2002-08-24,32,Cry,Faith Hill,NEW,1,Gains In Performance
2002-08-24,33,Mine All Mine,SHeDAISY,35,14,Gains In Performance
2002-08-24,34,Strong Enough To Be Your Man,Travis Tritt,37,8,Gains In Performance
2002-08-24,35,Country By The Grace Of God,Chris Cagle,33,17,
2002-08-24,36,Cadillac Tears,Kevin Denney,36,11,Gains In Performance
2002-08-24,37,Fall Into Me,Emerson Drive,38,7,Gains In Performance
2002-08-24,38,'Til Nothing Comes Between Us,John Michael Montgomery,40,5,Gains In Performance
2002-08-24,39,One Day Closer To You,Carolyn Dawn Johnson,41,6,Gains In Performance
2002-08-24,40,The Last Man Committed,Eric Heatherly,42,8,Gains In Performance
2002-08-24,41,Maria (Shut Up And Kiss Me),Willie Nelson,44,7,Gains In Performance
2002-08-24,42,Everything Changes,Little Big Town,43,7,
2002-08-24,43,At The End Of The Day,Kellie Coffey,49,3,Gains In Performance
2002-08-24,44,Waitin' On Joe,Steve Azar,48,4,Gains In Performance
2002-08-24,45,I Wish You'd Stay,Brad Paisley,59,2,Gains In Performance
2002-08-24,46,Sing Along,Rodney Atkins,39,15,
2002-08-24,47,The Ball,James Otto,45,9,Gains In Performance
2002-08-24,48,Hard Call To Make,J. Michael Harter,46,11,
2002-08-24,49,Dream Your Way To Me,Shannon Lawson,55,3,Gains In Performance
2002-08-24,50,Modern Man,Michael Peterson,50,3,Gains In Performance
2002-08-24,51,Who's Your Daddy?,Toby Keith,60,2,Gains In Performance
2002-08-24,52,Stars On The Water,George Strait,51,5,Gains In Performance
2002-08-24,53,Beautiful Goodbye,Jennifer Hanson,57,3,Gains In Performance
2002-08-24,54,You Can't Hide Beautiful,Aaron Lines,58,2,Gains In Performance
2002-08-24,55,I Don't Paint Myself Into Corners,Trisha Yearwood,47,6,
2002-08-24,56,That's Why I Sing This Way,Daryle Singletary,52,11,
2002-08-24,57,Everyday Angel,Radney Foster,54,4,Gains In Performance
2002-08-24,58,Unusually Unusual,Lonestar,RE,2,Gains In Performance
2002-08-24,59,A Memory Like I'm Gonna Be,Tanya Tucker,NEW,1,Gains In Performance
2002-08-24,60,If Her Lovin' Don't Kill Me,Aaron Tippin,RE,2,Gains In Performance
2002-08-31,1,The Good Stuff,Kenny Chesney,1,18,
2002-08-31,2,Long Time Gone,Dixie Chicks,2,13,
2002-08-31,3,Unbroken,Tim McGraw,3,15,Gains In Performance
2002-08-31,4,I Miss My Friend,Darryl Worley,4,24,Gains In Performance
2002-08-31,5,Ten Rounds With Jose Cuervo,Tracy Byrd,8,22,Gains In Performance
2002-08-31,6,I Keep Looking,Sara Evans,7,25,Gains In Performance
2002-08-31,7,"Courtesy Of The Red, White And Blue (The Angry American)",Toby Keith,5,15,
2002-08-31,8,The Impossible,Joe Nichols,10,24,Gains In Performance
2002-08-31,9,Beautiful Mess,Diamond Rio,11,21,Gains In Performance
2002-08-31,10,Tonight I Wanna Be Your Man,Andy Griggs,9,31,
2002-08-31,11,Somebody Like You,Keith Urban,13,9,Gains In Performance
2002-08-31,12,She Was,Mark Chesnutt,12,30,Gains In Performance
2002-08-31,13,The One,Gary Allan,6,33,
2002-08-31,14,Work In Progress,Alan Jackson,18,10,Gains In Performance
2002-08-31,15,Ol' Red,Blake Shelton,14,23,
2002-08-31,16,American Child,Phil Vassar,15,18,Gains In Performance
2002-08-31,17,Where Would You Be,Martina McBride,19,17,Gains In Performance
2002-08-31,18,Before I Knew Better,Brad Martin,17,29,
2002-08-31,19,Living And Living Well,George Strait,16,29,
2002-08-31,20,Drive (For Daddy Gene),Alan Jackson,20,31,
2002-08-31,21,Thicker Than Blood,Garth Brooks,21,13,Gains In Performance
2002-08-31,22,My Town,Montgomery Gentry,22,13,Gains In Performance
2002-08-31,23,Something Worth Leaving Behind,Lee Ann Womack,23,14,Gains In Performance
2002-08-31,24,Cry,Faith Hill,32,2,Gains In Performance
2002-08-31,25,Dare To Dream,Jo Dee Messina,24,17,
2002-08-31,26,These Days,Rascal Flatts,27,10,Gains In Performance
2002-08-31,27,Forgive,Rebecca Lynn Howard,28,17,Gains In Performance
2002-08-31,28,If That Ain't Country,Anthony Smith,29,19,Gains In Performance
2002-08-31,29,Life Happened,Tammy Cochran,31,13,Gains In Performance
2002-08-31,30,Look At Me Now,Sixwire,30,20,Gains In Performance
2002-08-31,31,Mine All Mine,SHeDAISY,33,15,Gains In Performance
2002-08-31,32,Strong Enough To Be Your Man,Travis Tritt,34,9,Gains In Performance
2002-08-31,33,Cadillac Tears,Kevin Denney,36,12,
2002-08-31,34,Fall Into Me,Emerson Drive,37,8,Gains In Performance
2002-08-31,35,'Til Nothing Comes Between Us,John Michael Montgomery,38,6,Gains In Performance
2002-08-31,36,One Day Closer To You,Carolyn Dawn Johnson,39,7,Gains In Performance
2002-08-31,37,Country By The Grace Of God,Chris Cagle,35,18,
2002-08-31,38,The Last Man Committed,Eric Heatherly,40,9,Gains In Performance
2002-08-31,39,At The End Of The Day,Kellie Coffey,43,4,Gains In Performance
2002-08-31,40,I Wish You'd Stay,Brad Paisley,45,3,Gains In Performance
2002-08-31,41,Who's Your Daddy?,Toby Keith,51,3,Gains In Performance
2002-08-31,42,Waitin' On Joe,Steve Azar,44,5,Gains In Performance
2002-08-31,43,Maria (Shut Up And Kiss Me),Willie Nelson,41,8,
2002-08-31,44,Beautiful Goodbye,Jennifer Hanson,53,4,Gains In Performance
2002-08-31,45,You Can't Hide Beautiful,Aaron Lines,54,3,Gains In Performance
2002-08-31,46,Modern Man,Michael Peterson,50,4,Gains In Performance
2002-08-31,47,Hard Call To Make,J. Michael Harter,48,12,Gains In Performance
2002-08-31,48,The Ball,James Otto,47,10,
2002-08-31,49,Dream Your Way To Me,Shannon Lawson,49,4,Gains In Performance
2002-08-31,50,Everything Changes,Little Big Town,42,8,
2002-08-31,51,I Just Wanna Be Mad,Terri Clark,NEW,1,Highest ranking debut|Gains In Performance
2002-08-31,52,Stars On The Water,George Strait,52,6,Gains In Performance
2002-08-31,53,Unusually Unusual,Lonestar,58,3,Gains In Performance
2002-08-31,54,Sing Along,Rodney Atkins,46,16,
2002-08-31,55,Everyday Angel,Radney Foster,57,5,Gains In Performance
2002-08-31,56,That's Why I Sing This Way,Daryle Singletary,56,12,
2002-08-31,57,If Her Lovin' Don't Kill Me,Aaron Tippin,60,3,Gains In Performance
2002-08-31,58,On A Mission,Trick Pony,NEW,1,Gains In Performance
2002-08-31,59,This Side,Nickel Creek,NEW,1,Gains In Performance
2002-08-31,60,A Memory Like I'm Gonna Be,Tanya Tucker,59,2,
2002-09-07,1,The Good Stuff,Kenny Chesney,1,19,
2002-09-07,2,I Miss My Friend,Darryl Worley,4,25,Gains In Performance
2002-09-07,3,Unbroken,Tim McGraw,3,16,Gains In Performance
2002-09-07,4,Ten Rounds With Jose Cuervo,Tracy Byrd,5,23,Gains In Performance
2002-09-07,5,I Keep Looking,Sara Evans,6,26,Gains In Performance
2002-09-07,6,Long Time Gone,Dixie Chicks,2,14,
2002-09-07,7,The Impossible,Joe Nichols,8,25,Gains In Performance
2002-09-07,8,Beautiful Mess,Diamond Rio,9,22,Gains In Performance
2002-09-07,9,Somebody Like You,Keith Urban,11,10,Gains In Performance
2002-09-07,10,"Courtesy Of The Red, White And Blue (The Angry American)",Toby Keith,7,16,
2002-09-07,11,She Was,Mark Chesnutt,12,31,Gains In Performance
2002-09-07,12,Work In Progress,Alan Jackson,14,11,Gains In Performance
2002-09-07,13,American Child,Phil Vassar,16,19,Gains In Performance
2002-09-07,14,Ol' Red,Blake Shelton,15,24,Gains In Performance
2002-09-07,15,Where Would You Be,Martina McBride,17,18,Gains In Performance
2002-09-07,16,Cry,Faith Hill,24,3,Gains In Performance
2002-09-07,17,Living And Living Well,George Strait,19,30,Gains In Performance
2002-09-07,18,Tonight I Wanna Be Your Man,Andy Griggs,10,32,
2002-09-07,19,The One,Gary Allan,13,34,
2002-09-07,20,My Town,Montgomery Gentry,22,14,Gains In Performance
2002-09-07,21,These Days,Rascal Flatts,26,11,Gains In Performance
2002-09-07,22,Something Worth Leaving Behind,Lee Ann Womack,23,15,Gains In Performance
2002-09-07,23,Thicker Than Blood,Garth Brooks,21,14,Gains In Performance
2002-09-07,24,Dare To Dream,Jo Dee Messina,25,18,
2002-09-07,25,Forgive,Rebecca Lynn Howard,27,18,Gains In Performance
2002-09-07,26,If That Ain't Country,Anthony Smith,28,20,Gains In Performance
2002-09-07,27,Life Happened,Tammy Cochran,29,14,Gains In Performance
2002-09-07,28,Strong Enough To Be Your Man,Travis Tritt,32,10,Gains In Performance
2002-09-07,29,Mine All Mine,SHeDAISY,31,16,Gains In Performance
2002-09-07,30,Cadillac Tears,Kevin Denney,33,13,Gains In Performance
2002-09-07,31,Fall Into Me,Emerson Drive,34,9,Gains In Performance
2002-09-07,32,Landslide,Dixie Chicks,NEW,1,Gains In Performance
2002-09-07,33,'Til Nothing Comes Between Us,John Michael Montgomery,35,7,Gains In Performance
2002-09-07,34,Who's Your Daddy?,Toby Keith,41,4,Gains In Performance
2002-09-07,35,One Day Closer To You,Carolyn Dawn Johnson,36,8,Gains In Performance
2002-09-07,36,The Last Man Committed,Eric Heatherly,38,10,Gains In Performance
2002-09-07,37,I Wish You'd Stay,Brad Paisley,40,4,Gains In Performance
2002-09-07,38,She'll Leave You With A Smile,George Strait,NEW,1,Gains In Performance
2002-09-07,39,At The End Of The Day,Kellie Coffey,39,5,Gains In Performance
2002-09-07,40,Waitin' On Joe,Steve Azar,42,6,Gains In Performance
2002-09-07,41,You Can't Hide Beautiful,Aaron Lines,45,4,Gains In Performance
2002-09-07,42,Beautiful Goodbye,Jennifer Hanson,44,5,Gains In Performance
2002-09-07,43,I Just Wanna Be Mad,Terri Clark,51,2,Gains In Performance
2002-09-07,44,Modern Man,Michael Peterson,46,5,Gains In Performance
2002-09-07,45,Dream Your Way To Me,Shannon Lawson,49,5,Gains In Performance
2002-09-07,46,Unusually Unusual,Lonestar,53,4,Gains In Performance
2002-09-07,47,Hard Call To Make,J. Michael Harter,47,13,Gains In Performance
2002-09-07,48,The Ball,James Otto,48,11,Gains In Performance
2002-09-07,49,Maria (Shut Up And Kiss Me),Willie Nelson,43,9,
2002-09-07,50,Everyday Angel,Radney Foster,55,6,Gains In Performance
2002-09-07,51,Country By The Grace Of God,Chris Cagle,37,19,
2002-09-07,52,Stars On The Water,George Strait,52,7,
2002-09-07,53,On A Mission,Trick Pony,58,2,Gains In Performance
2002-09-07,54,Every River,Brooks & Dunn,NEW,1,Gains In Performance
2002-09-07,55,If Her Lovin' Don't Kill Me,Aaron Tippin,57,4,Gains In Performance
2002-09-07,56,I'm Not Breakin',Steve Holy,NEW,1,Gains In Performance
2002-09-07,57,A Memory Like I'm Gonna Be,Tanya Tucker,60,3,Gains In Performance
2002-09-07,58,Everything Changes,Little Big Town,50,9,
2002-09-07,59,These Are The Days,Holly Lamar,NEW,1,Gains In Performance
2002-09-07,60,A Lot Of Things Different,Kenny Chesney,RE,4,Gains In Performance
2002-09-14,1,Unbroken,Tim McGraw,3,17,Gains In Performance
2002-09-14,2,I Miss My Friend,Darryl Worley,2,26,Gains In Performance
2002-09-14,3,The Good Stuff,Kenny Chesney,1,20,
2002-09-14,4,Ten Rounds With Jose Cuervo,Tracy Byrd,4,24,Gains In Performance
2002-09-14,5,I Keep Looking,Sara Evans,5,27,Gains In Performance
2002-09-14,6,The Impossible,Joe Nichols,7,26,Gains In Performance
2002-09-14,7,Beautiful Mess,Diamond Rio,8,23,Gains In Performance
2002-09-14,8,Somebody Like You,Keith Urban,9,11,Gains In Performance
2002-09-14,9,Long Time Gone,Dixie Chicks,6,15,
2002-09-14,10,Work In Progress,Alan Jackson,12,12,Gains In Performance
2002-09-14,11,She Was,Mark Chesnutt,11,32,
2002-09-14,12,"Courtesy Of The Red, White And Blue (The Angry American)",Toby Keith,10,17,
2002-09-14,13,Where Would You Be,Martina McBride,15,19,Gains In Performance
2002-09-14,14,American Child,Phil Vassar,13,20,Gains In Performance
2002-09-14,15,Cry,Faith Hill,16,4,Gains In Performance
2002-09-14,16,My Town,Montgomery Gentry,20,15,Gains In Performance
2002-09-14,17,Ol' Red,Blake Shelton,14,25,
2002-09-14,18,Living And Living Well,George Strait,17,31,
2002-09-14,19,These Days,Rascal Flatts,21,12,Gains In Performance
2002-09-14,20,Thicker Than Blood,Garth Brooks,23,15,Gains In Performance
2002-09-14,21,Something Worth Leaving Behind,Lee Ann Womack,22,16,
2002-09-14,22,Forgive,Rebecca Lynn Howard,25,19,Gains In Performance
2002-09-14,23,Dare To Dream,Jo Dee Messina,24,19,Gains In Performance
2002-09-14,24,Landslide,Dixie Chicks,32,2,Gains In Performance
2002-09-14,25,Life Happened,Tammy Cochran,27,15,Gains In Performance
2002-09-14,26,Who's Your Daddy?,Toby Keith,34,5,Gains In Performance
2002-09-14,27,Strong Enough To Be Your Man,Travis Tritt,28,11,Gains In Performance
2002-09-14,28,Mine All Mine,SHeDAISY,29,17,
2002-09-14,29,'Til Nothing Comes Between Us,John Michael Montgomery,33,8,Gains In Performance
2002-09-14,30,She'll Leave You With A Smile,George Strait,38,2,Gains In Performance
2002-09-14,31,Fall Into Me,Emerson Drive,31,10,Gains In Performance
2002-09-14,32,Cadillac Tears,Kevin Denney,30,14,
2002-09-14,33,One Day Closer To You,Carolyn Dawn Johnson,35,9,Gains In Performance
2002-09-14,34,I Wish You'd Stay,Brad Paisley,37,5,Gains In Performance
2002-09-14,35,At The End Of The Day,Kellie Coffey,39,6,Gains In Performance
2002-09-14,36,The Last Man Committed,Eric Heatherly,36,11,
2002-09-14,37,I Just Wanna Be Mad,Terri Clark,43,3,Gains In Performance
2002-09-14,38,Every River,Brooks & Dunn,54,2,Gains In Performance
2002-09-14,39,You Can't Hide Beautiful,Aaron Lines,41,5,Gains In Performance
2002-09-14,40,Waitin' On Joe,Steve Azar,40,7,
2002-09-14,41,Unusually Unusual,Lonestar,46,5,Gains In Performance
2002-09-14,42,On A Mission,Trick Pony,53,3,Gains In Performance
2002-09-14,43,Beautiful Goodbye,Jennifer Hanson,42,6,Gains In Performance
2002-09-14,44,Modern Man,Michael Peterson,44,6,Gains In Performance
2002-09-14,45,Dream Your Way To Me,Shannon Lawson,45,6,
2002-09-14,46,A Lot Of Things Different,Kenny Chesney,60,5,Gains In Performance
2002-09-14,47,I'm Not Breakin',Steve Holy,56,2,Gains In Performance
2002-09-14,48,Hard Call To Make,J. Michael Harter,47,14,
2002-09-14,49,The Ball,James Otto,48,12,
2002-09-14,50,Everyday Angel,Radney Foster,50,7,
2002-09-14,51,If Her Lovin' Don't Kill Me,Aaron Tippin,55,5,Gains In Performance
2002-09-14,52,Country By The Grace Of God,Chris Cagle,51,20,
2002-09-14,53,Maria (Shut Up And Kiss Me),Willie Nelson,49,10,
2002-09-14,54,Stars On The Water,George Strait,52,8,
2002-09-14,55,A Memory Like I'm Gonna Be,Tanya Tucker,57,4,Gains In Performance
2002-09-14,56,White Trash Wedding,Dixie Chicks,NEW,1,Highest ranking debut|Gains In Performance
2002-09-14,57,And Then,Dusty Drake,RE,2,
2002-09-14,58,"Tortured, Tangled Hearts",Dixie Chicks,NEW,1,Gains In Performance
2002-09-14,59,Travelin' Soldier,Dixie Chicks,RE,8,Gains In Performance
2002-09-14,60,Wheels,Hometown News,NEW,1,Gains In Performance
2002-09-21,1,I Miss My Friend,Darryl Worley,2,27,Gains In Performance
2002-09-21,2,Ten Rounds With Jose Cuervo,Tracy Byrd,4,25,Gains In Performance
2002-09-21,3,The Good Stuff,Kenny Chesney,3,21,
2002-09-21,4,Unbroken,Tim McGraw,1,18,
2002-09-21,5,Beautiful Mess,Diamond Rio,7,24,Gains In Performance
2002-09-21,6,The Impossible,Joe Nichols,6,27,Gains In Performance
2002-09-21,7,I Keep Looking,Sara Evans,5,28,Gains In Performance
2002-09-21,8,Somebody Like You,Keith Urban,8,12,Gains In Performance
2002-09-21,9,Work In Progress,Alan Jackson,10,13,Gains In Performance
2002-09-21,10,Where Would You Be,Martina McBride,13,20,Gains In Performance
2002-09-21,11,American Child,Phil Vassar,14,21,Gains In Performance
2002-09-21,12,Cry,Faith Hill,15,5,Gains In Performance
2002-09-21,13,Long Time Gone,Dixie Chicks,9,16,
2002-09-21,14,My Town,Montgomery Gentry,16,16,Gains In Performance
2002-09-21,15,"Courtesy Of The Red, White And Blue (The Angry American)",Toby Keith,12,18,
2002-09-21,16,She Was,Mark Chesnutt,11,33,
2002-09-21,17,These Days,Rascal Flatts,19,13,Gains In Performance
2002-09-21,18,Living And Living Well,George Strait,18,32,Gains In Performance
2002-09-21,19,Ol' Red,Blake Shelton,17,26,
2002-09-21,20,Something Worth Leaving Behind,Lee Ann Womack,21,17,Gains In Performance
2002-09-21,21,Thicker Than Blood,Garth Brooks,20,16,Gains In Performance
2002-09-21,22,Landslide,Dixie Chicks,24,3,Gains In Performance
2002-09-21,23,Forgive,Rebecca Lynn Howard,22,20,Gains In Performance
2002-09-21,24,Who's Your Daddy?,Toby Keith,26,6,Gains In Performance
2002-09-21,25,Dare To Dream,Jo Dee Messina,23,20,
2002-09-21,26,Life Happened,Tammy Cochran,25,16,Gains In Performance
2002-09-21,27,She'll Leave You With A Smile,George Strait,30,3,Gains In Performance
2002-09-21,28,Strong Enough To Be Your Man,Travis Tritt,27,12,Gains In Performance
2002-09-21,29,Fall Into Me,Emerson Drive,31,11,Gains In Performance
2002-09-21,30,Mine All Mine,SHeDAISY,28,18,Gains In Performance
2002-09-21,31,'Til Nothing Comes Between Us,John Michael Montgomery,29,9,Gains In Performance
2002-09-21,32,One Day Closer To You,Carolyn Dawn Johnson,33,10,Gains In Performance
2002-09-21,33,Cadillac Tears,Kevin Denney,32,15,Gains In Performance
2002-09-21,34,Red Rag Top,Tim McGraw,NEW,1,Gains In Performance
2002-09-21,35,I Wish You'd Stay,Brad Paisley,34,6,Gains In Performance
2002-09-21,36,Every River,Brooks & Dunn,38,3,Gains In Performance
2002-09-21,37,I Just Wanna Be Mad,Terri Clark,37,4,Gains In Performance
2002-09-21,38,At The End Of The Day,Kellie Coffey,35,7,Gains In Performance
2002-09-21,39,The Last Man Committed,Eric Heatherly,36,12,Gains In Performance
2002-09-21,40,Waitin' On Joe,Steve Azar,40,8,Gains In Performance
2002-09-21,41,Unusually Unusual,Lonestar,41,6,Gains In Performance
2002-09-21,42,On A Mission,Trick Pony,42,4,Gains In Performance
2002-09-21,43,You Can't Hide Beautiful,Aaron Lines,39,6,Gains In Performance
2002-09-21,44,Beautiful Goodbye,Jennifer Hanson,43,7,Gains In Performance
2002-09-21,45,I'm Not Breakin',Steve Holy,47,3,Gains In Performance
2002-09-21,46,A Lot Of Things Different,Kenny Chesney,46,6,Gains In Performance
2002-09-21,47,Modern Man,Michael Peterson,44,7,
2002-09-21,48,Dream Your Way To Me,Shannon Lawson,45,7,
2002-09-21,49,The Ball,James Otto,49,13,Gains In Performance
2002-09-21,50,Everyday Angel,Radney Foster,50,8,Gains In Performance
2002-09-21,51,If Her Lovin' Don't Kill Me,Aaron Tippin,51,6,Gains In Performance
2002-09-21,52,A Memory Like I'm Gonna Be,Tanya Tucker,55,5,Gains In Performance
2002-09-21,53,Hard Call To Make,J. Michael Harter,48,15,
2002-09-21,54,Maria (Shut Up And Kiss Me),Willie Nelson,53,11,
2002-09-21,55,Practice Life,Andy Griggs With Martina McBride,NEW,1,Gains In Performance
2002-09-21,56,Stars On The Water,George Strait,54,9,
2002-09-21,57,These Are The Days,Holly Lamar,RE,2,Gains In Performance
2002-09-21,58,She'll Go On You,Josh Turner,NEW,1,Gains In Performance
2002-09-21,59,And Then,Dusty Drake,57,3,
2002-09-21,60,Wheels,Hometown News,60,2,Gains In Performance
2002-09-28,1,Beautiful Mess,Diamond Rio,5,25,Gains In Performance
2002-09-28,2,Ten Rounds With Jose Cuervo,Tracy Byrd,2,26,
2002-09-28,3,The Impossible,Joe Nichols,6,28,Gains In Performance
2002-09-28,4,I Miss My Friend,Darryl Worley,1,28,
2002-09-28,5,Somebody Like You,Keith Urban,8,13,Gains In Performance
2002-09-28,6,I Keep Looking,Sara Evans,7,29,
2002-09-28,7,The Good Stuff,Kenny Chesney,3,22,
2002-09-28,8,Unbroken,Tim McGraw,4,19,
2002-09-28,9,Work In Progress,Alan Jackson,9,14,Gains In Performance
2002-09-28,10,Where Would You Be,Martina McBride,10,21,Gains In Performance
2002-09-28,11,American Child,Phil Vassar,11,22,Gains In Performance
2002-09-28,12,Cry,Faith Hill,12,6,Gains In Performance
2002-09-28,13,My Town,Montgomery Gentry,14,17,Gains In Performance
2002-09-28,14,"Courtesy Of The Red, White And Blue (The Angry American)",Toby Keith,15,19,Gains In Performance
2002-09-28,15,These Days,Rascal Flatts,17,14,Gains In Performance
2002-09-28,16,Landslide,Dixie Chicks,22,4,Gains In Performance
2002-09-28,17,Long Time Gone,Dixie Chicks,13,17,
2002-09-28,18,Thicker Than Blood,Garth Brooks,21,17,Gains In Performance
2002-09-28,19,Forgive,Rebecca Lynn Howard,23,21,Gains In Performance
2002-09-28,20,Who's Your Daddy?,Toby Keith,24,7,Gains In Performance
2002-09-28,21,Something Worth Leaving Behind,Lee Ann Womack,20,18,
2002-09-28,22,She'll Leave You With A Smile,George Strait,27,4,Gains In Performance
2002-09-28,23,Life Happened,Tammy Cochran,26,17,Gains In Performance
2002-09-28,24,Red Rag Top,Tim McGraw,34,2,Gains In Performance
2002-09-28,25,Strong Enough To Be Your Man,Travis Tritt,28,13,Gains In Performance
2002-09-28,26,Fall Into Me,Emerson Drive,29,12,Gains In Performance
2002-09-28,27,'Til Nothing Comes Between Us,John Michael Montgomery,31,10,Gains In Performance
2002-09-28,28,Mine All Mine,SHeDAISY,30,19,
2002-09-28,29,Every River,Brooks & Dunn,36,4,Gains In Performance
2002-09-28,30,One Day Closer To You,Carolyn Dawn Johnson,32,11,Gains In Performance
2002-09-28,31,I Wish You'd Stay,Brad Paisley,35,7,Gains In Performance
2002-09-28,32,I Just Wanna Be Mad,Terri Clark,37,5,Gains In Performance
2002-09-28,33,At The End Of The Day,Kellie Coffey,38,8,Gains In Performance
2002-09-28,34,Cadillac Tears,Kevin Denney,33,16,
2002-09-28,35,Unusually Unusual,Lonestar,41,7,Gains In Performance
2002-09-28,36,A Lot Of Things Different,Kenny Chesney,46,7,Gains In Performance
2002-09-28,37,You Can't Hide Beautiful,Aaron Lines,43,7,Gains In Performance
2002-09-28,38,On A Mission,Trick Pony,42,5,Gains In Performance
2002-09-28,39,The Last Man Committed,Eric Heatherly,39,13,
2002-09-28,40,Waitin' On Joe,Steve Azar,40,9,Gains In Performance
2002-09-28,41,I'm Not Breakin',Steve Holy,45,4,Gains In Performance
2002-09-28,42,Beautiful Goodbye,Jennifer Hanson,44,8,Gains In Performance
2002-09-28,43,Everyday Angel,Radney Foster,50,9,Gains In Performance
2002-09-28,44,If Her Lovin' Don't Kill Me,Aaron Tippin,51,7,Gains In Performance
2002-09-28,45,Modern Man,Michael Peterson,47,8,
2002-09-28,46,Practice Life,Andy Griggs With Martina McBride,55,2,Gains In Performance
2002-09-28,47,The Ball,James Otto,49,14,
2002-09-28,48,A Memory Like I'm Gonna Be,Tanya Tucker,52,6,Gains In Performance
2002-09-28,49,Chrome,Trace Adkins,NEW,1,Highest ranking debut|Gains In Performance
2002-09-28,50,Stars On The Water,George Strait,56,10,
2002-09-28,51,You Da Man,Jameson Clark,NEW,1,Gains In Performance
2002-09-28,52,Wheels,Hometown News,60,3,Gains In Performance
2002-09-28,53,She'll Go On You,Josh Turner,58,2,Gains In Performance
2002-09-28,54,Travelin' Soldier,Dixie Chicks,RE,9,Gains In Performance
2002-09-28,55,Hard Call To Make,J. Michael Harter,53,16,
2002-09-28,56,More Beautiful Today,Mark McGuinn,RE,2,Gains In Performance
2002-09-28,57,These Are The Days,Holly Lamar,57,3,
2002-09-28,58,I'd Love To Lay You Down,Daryle Singletary,NEW,1,Gains In Performance
2002-09-28,59,Maria (Shut Up And Kiss Me),Willie Nelson,54,12,
2002-09-28,60,This Side,Nickel Creek,RE,2,Gains In Performance
2002-10-05,1,Ten Rounds With Jose Cuervo,Tracy Byrd,2,27,Gains In Performance
2002-10-05,2,Beautiful Mess,Diamond Rio,1,26,Gains In Performance
2002-10-05,3,The Impossible,Joe Nichols,3,29,Gains In Performance
2002-10-05,4,Somebody Like You,Keith Urban,5,14,Gains In Performance
2002-10-05,5,I Miss My Friend,Darryl Worley,4,29,
2002-10-05,6,Where Would You Be,Martina McBride,10,22,Gains In Performance
2002-10-05,7,Work In Progress,Alan Jackson,9,15,Gains In Performance
2002-10-05,8,The Good Stuff,Kenny Chesney,7,23,
2002-10-05,9,American Child,Phil Vassar,11,23,Gains In Performance
2002-10-05,10,I Keep Looking,Sara Evans,6,30,
2002-10-05,11,My Town,Montgomery Gentry,13,18,Gains In Performance
2002-10-05,12,Unbroken,Tim McGraw,8,20,
2002-10-05,13,Cry,Faith Hill,12,7,Gains In Performance
2002-10-05,14,These Days,Rascal Flatts,15,15,Gains In Performance
2002-10-05,15,Landslide,Dixie Chicks,16,5,Gains In Performance
2002-10-05,16,Who's Your Daddy?,Toby Keith,20,8,Gains In Performance
2002-10-05,17,She'll Leave You With A Smile,George Strait,22,5,Gains In Performance
2002-10-05,18,Forgive,Rebecca Lynn Howard,19,22,Gains In Performance
2002-10-05,19,Thicker Than Blood,Garth Brooks,18,18,Gains In Performance
2002-10-05,20,"Courtesy Of The Red, White And Blue (The Angry American)",Toby Keith,14,20,
2002-10-05,21,Long Time Gone,Dixie Chicks,17,18,
2002-10-05,22,Red Rag Top,Tim McGraw,24,3,Gains In Performance
2002-10-05,23,Strong Enough To Be Your Man,Travis Tritt,25,14,Gains In Performance
2002-10-05,24,Life Happened,Tammy Cochran,23,18,Gains In Performance
2002-10-05,25,Something Worth Leaving Behind,Lee Ann Womack,21,19,
2002-10-05,26,Fall Into Me,Emerson Drive,26,13,Gains In Performance
2002-10-05,27,Every River,Brooks & Dunn,29,5,Gains In Performance
2002-10-05,28,'Til Nothing Comes Between Us,John Michael Montgomery,27,11,Gains In Performance
2002-10-05,29,I Just Wanna Be Mad,Terri Clark,32,6,Gains In Performance
2002-10-05,30,One Day Closer To You,Carolyn Dawn Johnson,30,12,Gains In Performance
2002-10-05,31,I Wish You'd Stay,Brad Paisley,31,8,Gains In Performance
2002-10-05,32,Mine All Mine,SHeDAISY,28,20,Gains In Performance
2002-10-05,33,A Lot Of Things Different,Kenny Chesney,36,8,Gains In Performance
2002-10-05,34,Unusually Unusual,Lonestar,35,8,Gains In Performance
2002-10-05,35,At The End Of The Day,Kellie Coffey,33,9,Gains In Performance
2002-10-05,36,On A Mission,Trick Pony,38,6,Gains In Performance
2002-10-05,37,You Can't Hide Beautiful,Aaron Lines,37,8,Gains In Performance
2002-10-05,38,Waitin' On Joe,Steve Azar,40,10,Gains In Performance
2002-10-05,39,The Last Man Committed,Eric Heatherly,39,14,
2002-10-05,40,I'm Not Breakin',Steve Holy,41,5,Gains In Performance
2002-10-05,41,Beautiful Goodbye,Jennifer Hanson,42,9,Gains In Performance
2002-10-05,42,Cadillac Tears,Kevin Denney,34,17,
2002-10-05,43,Chrome,Trace Adkins,49,2,Gains In Performance
2002-10-05,44,Practice Life,Andy Griggs With Martina McBride,46,3,Gains In Performance
2002-10-05,45,Man To Man,Gary Allan,NEW,1,Highest ranking debut|Gains In Performance
2002-10-05,46,Everyday Angel,Radney Foster,43,10,Gains In Performance
2002-10-05,47,If Her Lovin' Don't Kill Me,Aaron Tippin,44,8,
2002-10-05,48,A Memory Like I'm Gonna Be,Tanya Tucker,48,7,Gains In Performance
2002-10-05,49,I'd Love To Lay You Down,Daryle Singletary,58,2,Gains In Performance
2002-10-05,50,Wheels,Hometown News,52,4,Gains In Performance
2002-10-05,51,These Are The Days,Holly Lamar,57,4,Gains In Performance
2002-10-05,52,She'll Go On You,Josh Turner,53,3,Gains In Performance
2002-10-05,53,My Old Man,Rodney Atkins,NEW,1,Gains In Performance
2002-10-05,54,John J. Blanchard,Anthony Smith,NEW,1,Gains In Performance
2002-10-05,55,Modern Man,Michael Peterson,45,9,
2002-10-05,56,19 Somethin',Mark Wills,NEW,1,Gains In Performance
2002-10-05,57,The Ball,James Otto,47,15,
2002-10-05,58,This Side,Nickel Creek,60,3,Gains In Performance
2002-10-05,59,You Da Man,Jameson Clark,51,2,
2002-10-05,60,Stars On The Water,George Strait,50,11,
2002-10-12,1,Beautiful Mess,Diamond Rio,2,27,Gains In Performance
2002-10-12,2,Somebody Like You,Keith Urban,4,15,Gains In Performance
2002-10-12,3,The Impossible,Joe Nichols,3,30,
2002-10-12,4,Ten Rounds With Jose Cuervo,Tracy Byrd,1,28,
2002-10-12,5,Where Would You Be,Martina McBride,6,23,Gains In Performance
2002-10-12,6,Work In Progress,Alan Jackson,7,16,Gains In Performance
2002-10-12,7,American Child,Phil Vassar,9,24,Gains In Performance
2002-10-12,8,I Miss My Friend,Darryl Worley,5,30,
2002-10-12,9,The Good Stuff,Kenny Chesney,8,24,
2002-10-12,10,My Town,Montgomery Gentry,11,19,Gains In Performance
2002-10-12,11,Landslide,Dixie Chicks,15,6,Gains In Performance
2002-10-12,12,These Days,Rascal Flatts,14,16,Gains In Performance
2002-10-12,13,Cry,Faith Hill,13,8,
2002-10-12,14,Who's Your Daddy?,Toby Keith,16,9,Gains In Performance
2002-10-12,15,I Keep Looking,Sara Evans,10,31,
2002-10-12,16,She'll Leave You With A Smile,George Strait,17,6,Gains In Performance
2002-10-12,17,Forgive,Rebecca Lynn Howard,18,23,Gains In Performance
2002-10-12,18,Red Rag Top,Tim McGraw,22,4,Gains In Performance
2002-10-12,19,Unbroken,Tim McGraw,12,21,
2002-10-12,20,Thicker Than Blood,Garth Brooks,19,19,Gains In Performance
2002-10-12,21,Strong Enough To Be Your Man,Travis Tritt,23,15,Gains In Performance
2002-10-12,22,Life Happened,Tammy Cochran,24,19,Gains In Performance
2002-10-12,23,Long Time Gone,Dixie Chicks,21,19,
2002-10-12,24,Every River,Brooks & Dunn,27,6,Gains In Performance
2002-10-12,25,Fall Into Me,Emerson Drive,26,14,Gains In Performance
2002-10-12,26,I Just Wanna Be Mad,Terri Clark,29,7,Gains In Performance
2002-10-12,27,'Til Nothing Comes Between Us,John Michael Montgomery,28,12,Gains In Performance
2002-10-12,28,A Lot Of Things Different,Kenny Chesney,33,9,Gains In Performance
2002-10-12,29,One Day Closer To You,Carolyn Dawn Johnson,30,13,Gains In Performance
2002-10-12,30,I Wish You'd Stay,Brad Paisley,31,9,Gains In Performance
2002-10-12,31,Unusually Unusual,Lonestar,34,9,Gains In Performance
2002-10-12,32,Something Worth Leaving Behind,Lee Ann Womack,25,20,
2002-10-12,33,On A Mission,Trick Pony,36,7,Gains In Performance
2002-10-12,34,You Can't Hide Beautiful,Aaron Lines,37,9,Gains In Performance
2002-10-12,35,At The End Of The Day,Kellie Coffey,35,10,Gains In Performance
2002-10-12,36,Waitin' On Joe,Steve Azar,38,11,Gains In Performance
2002-10-12,37,I'm Not Breakin',Steve Holy,40,6,Gains In Performance
2002-10-12,38,Beautiful Goodbye,Jennifer Hanson,41,10,Gains In Performance
2002-10-12,39,19 Somethin',Mark Wills,56,2,Gains In Performance
2002-10-12,40,Chrome,Trace Adkins,43,3,Gains In Performance
2002-10-12,41,Man To Man,Gary Allan,45,2,Gains In Performance
2002-10-12,42,Practice Life,Andy Griggs With Martina McBride,44,4,Gains In Performance
2002-10-12,43,The Last Man Committed,Eric Heatherly,39,15,
2002-10-12,44,A Memory Like I'm Gonna Be,Tanya Tucker,48,8,Gains In Performance
2002-10-12,45,Everyday Angel,Radney Foster,46,11,
2002-10-12,46,If Her Lovin' Don't Kill Me,Aaron Tippin,47,9,
2002-10-12,47,Cadillac Tears,Kevin Denney,42,18,
2002-10-12,48,She'll Go On You,Josh Turner,52,4,Gains In Performance
2002-10-12,49,John J. Blanchard,Anthony Smith,54,2,Gains In Performance
2002-10-12,50,Wheels,Hometown News,50,5,
2002-10-12,51,My Old Man,Rodney Atkins,53,2,Gains In Performance
2002-10-12,52,These Are The Days,Holly Lamar,51,5,
2002-10-12,53,I'd Love To Lay You Down,Daryle Singletary,49,3,
2002-10-12,54,You Da Man,Jameson Clark,59,3,Gains In Performance
2002-10-12,55,The Luckiest Man In The World,Neal McCoy,NEW,1,Highest ranking debut|Gains In Performance
2002-10-12,56,This Side,Nickel Creek,58,4,
2002-10-12,57,Picture,Kid Rock Featuring Sheryl Crow Or Allison Moorer,NEW,1,Gains In Performance
2002-10-12,58,Rub Me The Right Way,Brad Martin,NEW,1,Gains In Performance
2002-10-12,59,What We're Gonna Do About It,Tommy Shane Steiner With Bridgette Wilson-Sampras,NEW,1,Gains In Performance
2002-10-12,60,If I Had Long Legs (Like Alan Jackson),Leland Martin,NEW,1,Gains In Performance
2002-10-19,1,Somebody Like You,Keith Urban,2,16,Gains In Performance
2002-10-19,2,Beautiful Mess,Diamond Rio,1,28,
2002-10-19,3,Where Would You Be,Martina McBride,5,24,Gains In Performance
2002-10-19,4,The Impossible,Joe Nichols,3,31,
2002-10-19,5,Work In Progress,Alan Jackson,6,17,Gains In Performance
2002-10-19,6,American Child,Phil Vassar,7,25,Gains In Performance
2002-10-19,7,Ten Rounds With Jose Cuervo,Tracy Byrd,4,29,
2002-10-19,8,My Town,Montgomery Gentry,10,20,Gains In Performance
2002-10-19,9,Landslide,Dixie Chicks,11,7,Gains In Performance
2002-10-19,10,These Days,Rascal Flatts,12,17,Gains In Performance
2002-10-19,11,Who's Your Daddy?,Toby Keith,14,10,Gains In Performance
2002-10-19,12,The Good Stuff,Kenny Chesney,9,25,
2002-10-19,13,She'll Leave You With A Smile,George Strait,16,7,Gains In Performance
2002-10-19,14,Cry,Faith Hill,13,9,
2002-10-19,15,I Miss My Friend,Darryl Worley,8,31,
2002-10-19,16,Forgive,Rebecca Lynn Howard,17,24,Gains In Performance
2002-10-19,17,Red Rag Top,Tim McGraw,18,5,Gains In Performance
2002-10-19,18,I Keep Looking,Sara Evans,15,32,
2002-10-19,19,Strong Enough To Be Your Man,Travis Tritt,21,16,Gains In Performance
2002-10-19,20,Thicker Than Blood,Garth Brooks,20,20,
2002-10-19,21,Life Happened,Tammy Cochran,22,20,Gains In Performance
2002-10-19,22,Every River,Brooks & Dunn,24,7,Gains In Performance
2002-10-19,23,Fall Into Me,Emerson Drive,25,15,Gains In Performance
2002-10-19,24,I'm Gonna Getcha Good!,Shania Twain,NEW,1,Gains In Performance
2002-10-19,25,I Just Wanna Be Mad,Terri Clark,26,8,Gains In Performance
2002-10-19,26,Long Time Gone,Dixie Chicks,23,20,
2002-10-19,27,A Lot Of Things Different,Kenny Chesney,28,10,Gains In Performance
2002-10-19,28,'Til Nothing Comes Between Us,John Michael Montgomery,27,13,Gains In Performance
2002-10-19,29,I Wish You'd Stay,Brad Paisley,30,10,Gains In Performance
2002-10-19,30,One Day Closer To You,Carolyn Dawn Johnson,29,14,Gains In Performance
2002-10-19,31,Unusually Unusual,Lonestar,31,10,Gains In Performance
2002-10-19,32,You Can't Hide Beautiful,Aaron Lines,34,10,Gains In Performance
2002-10-19,33,At The End Of The Day,Kellie Coffey,35,11,Gains In Performance
2002-10-19,34,On A Mission,Trick Pony,33,8,Gains In Performance
2002-10-19,35,19 Somethin',Mark Wills,39,3,Gains In Performance
2002-10-19,36,Waitin' On Joe,Steve Azar,36,12,Gains In Performance
2002-10-19,37,I'm Not Breakin',Steve Holy,37,7,Gains In Performance
2002-10-19,38,Man To Man,Gary Allan,41,3,Gains In Performance
2002-10-19,39,Beautiful Goodbye,Jennifer Hanson,38,11,Gains In Performance
2002-10-19,40,Chrome,Trace Adkins,40,4,Gains In Performance
2002-10-19,41,Practice Life,Andy Griggs With Martina McBride,42,5,Gains In Performance
2002-10-19,42,A Memory Like I'm Gonna Be,Tanya Tucker,44,9,Gains In Performance
2002-10-19,43,If Her Lovin' Don't Kill Me,Aaron Tippin,46,10,Gains In Performance
2002-10-19,44,Everyday Angel,Radney Foster,45,12,Gains In Performance
2002-10-19,45,John J. Blanchard,Anthony Smith,49,3,Gains In Performance
2002-10-19,46,The Last Man Committed,Eric Heatherly,43,16,
2002-10-19,47,My Old Man,Rodney Atkins,51,3,Gains In Performance
2002-10-19,48,She'll Go On You,Josh Turner,48,5,Gains In Performance
2002-10-19,49,Wheels,Hometown News,50,6,Gains In Performance
2002-10-19,50,I'd Love To Lay You Down,Daryle Singletary,53,4,Gains In Performance
2002-10-19,51,Picture,Kid Rock Featuring Sheryl Crow Or Allison Moorer,57,2,Gains In Performance
2002-10-19,52,What We're Gonna Do About It,Tommy Shane Steiner With Bridgette Wilson-Sampras,59,2,Gains In Performance
2002-10-19,53,Family Tree,Darryl Worley,NEW,1,Gains In Performance
2002-10-19,54,The Luckiest Man In The World,Neal McCoy,55,2,Gains In Performance
2002-10-19,55,These Are The Days,Holly Lamar,52,6,
2002-10-19,56,Cadillac Tears,Kevin Denney,47,19,
2002-10-19,57,This Side,Nickel Creek,56,5,Gains In Performance
2002-10-19,58,You Da Man,Jameson Clark,54,4,
2002-10-19,59,Almost Home,Craig Morgan,NEW,1,Gains In Performance
2002-10-19,60,Rub Me The Right Way,Brad Martin,58,2,Gains In Performance
2002-10-26,1,Somebody Like You,Keith Urban,1,17,
2002-10-26,2,Beautiful Mess,Diamond Rio,2,29,
2002-10-26,3,Where Would You Be,Martina McBride,3,25,Gains In Performance
2002-10-26,4,Work In Progress,Alan Jackson,5,18,Gains In Performance
2002-10-26,5,American Child,Phil Vassar,6,26,Gains In Performance
2002-10-26,6,My Town,Montgomery Gentry,8,21,Gains In Performance
2002-10-26,7,The Impossible,Joe Nichols,4,32,
2002-10-26,8,Landslide,Dixie Chicks,9,8,Gains In Performance
2002-10-26,9,These Days,Rascal Flatts,10,18,Gains In Performance
2002-10-26,10,Ten Rounds With Jose Cuervo,Tracy Byrd,7,30,
2002-10-26,11,She'll Leave You With A Smile,George Strait,13,8,Gains In Performance
2002-10-26,12,Who's Your Daddy?,Toby Keith,11,11,Gains In Performance
2002-10-26,13,Red Rag Top,Tim McGraw,17,6,Gains In Performance
2002-10-26,14,Forgive,Rebecca Lynn Howard,16,25,Gains In Performance
2002-10-26,15,I'm Gonna Getcha Good!,Shania Twain,24,2,Gains In Performance
2002-10-26,16,Cry,Faith Hill,14,10,
2002-10-26,17,The Good Stuff,Kenny Chesney,12,26,
2002-10-26,18,I Miss My Friend,Darryl Worley,15,32,
2002-10-26,19,Strong Enough To Be Your Man,Travis Tritt,19,17,Gains In Performance
2002-10-26,20,Life Happened,Tammy Cochran,21,21,Gains In Performance
2002-10-26,21,Every River,Brooks & Dunn,22,8,Gains In Performance
2002-10-26,22,Fall Into Me,Emerson Drive,23,16,Gains In Performance
2002-10-26,23,I Just Wanna Be Mad,Terri Clark,25,9,Gains In Performance
2002-10-26,24,A Lot Of Things Different,Kenny Chesney,27,11,Gains In Performance
2002-10-26,25,'Til Nothing Comes Between Us,John Michael Montgomery,28,14,Gains In Performance
2002-10-26,26,I Wish You'd Stay,Brad Paisley,29,11,Gains In Performance
2002-10-26,27,Unusually Unusual,Lonestar,31,11,Gains In Performance
2002-10-26,28,One Day Closer To You,Carolyn Dawn Johnson,30,15,
2002-10-26,29,19 Somethin',Mark Wills,35,4,Gains In Performance
2002-10-26,30,You Can't Hide Beautiful,Aaron Lines,32,11,Gains In Performance
2002-10-26,31,On A Mission,Trick Pony,34,9,Gains In Performance
2002-10-26,32,At The End Of The Day,Kellie Coffey,33,12,Gains In Performance
2002-10-26,33,Man To Man,Gary Allan,38,4,Gains In Performance
2002-10-26,34,I'm Not Breakin',Steve Holy,37,8,Gains In Performance
2002-10-26,35,Chrome,Trace Adkins,40,5,Gains In Performance
2002-10-26,36,Waitin' On Joe,Steve Azar,36,13,Gains In Performance
2002-10-26,37,Beautiful Goodbye,Jennifer Hanson,39,12,Gains In Performance
2002-10-26,38,Practice Life,Andy Griggs With Martina McBride,41,6,Gains In Performance
2002-10-26,39,A Memory Like I'm Gonna Be,Tanya Tucker,42,10,Gains In Performance
2002-10-26,40,If Her Lovin' Don't Kill Me,Aaron Tippin,43,11,Gains In Performance
2002-10-26,41,Family Tree,Darryl Worley,53,2,Gains In Performance
2002-10-26,42,John J. Blanchard,Anthony Smith,45,4,Gains In Performance
2002-10-26,43,My Old Man,Rodney Atkins,47,4,Gains In Performance
2002-10-26,44,Everyday Angel,Radney Foster,44,13,
2002-10-26,45,I'd Love To Lay You Down,Daryle Singletary,50,5,Gains In Performance
2002-10-26,46,She'll Go On You,Josh Turner,48,6,
2002-10-26,47,Wheels,Hometown News,49,7,
2002-10-26,48,What We're Gonna Do About It,Tommy Shane Steiner With Bridgette Wilson-Sampras,52,3,Gains In Performance
2002-10-26,49,The Luckiest Man In The World,Neal McCoy,54,3,Gains In Performance
2002-10-26,50,Picture,Kid Rock Featuring Sheryl Crow Or Allison Moorer,51,3,
2002-10-26,51,These Are The Days,Holly Lamar,55,7,
2002-10-26,52,Rub Me The Right Way,Brad Martin,60,3,Gains In Performance
2002-10-26,53,I Want My Baby Back,Mark Chesnutt,NEW,1,Highest ranking debut|Gains In Performance
2002-10-26,54,There's No Limit,Deana Carter,NEW,1,Gains In Performance
2002-10-26,55,Almost Home,Craig Morgan,59,2,Gains In Performance
2002-10-26,56,This Side,Nickel Creek,57,6,
2002-10-26,57,The Last Man Committed,Eric Heatherly,46,17,
2002-10-26,58,A Moment Like This,Kelly Clarkson,NEW,1,Gains In Performance
2002-10-26,59,Forever Everyday,Lee Ann Womack,NEW,1,Gains In Performance
2002-10-26,60,Cadillac Tears,Kevin Denney,56,20,
2002-11-02,1,Somebody Like You,Keith Urban,1,18,Gains In Performance
2002-11-02,2,Beautiful Mess,Diamond Rio,2,30,
2002-11-02,3,Work In Progress,Alan Jackson,4,19,Gains In Performance
2002-11-02,4,Where Would You Be,Martina McBride,3,26,Gains In Performance
2002-11-02,5,My Town,Montgomery Gentry,6,22,Gains In Performance
2002-11-02,6,American Child,Phil Vassar,5,27,Gains In Performance
2002-11-02,7,Landslide,Dixie Chicks,8,9,Gains In Performance
2002-11-02,8,These Days,Rascal Flatts,9,19,Greatest gainer this week|Gains In Performance
2002-11-02,9,She'll Leave You With A Smile,George Strait,11,9,Gains In Performance
2002-11-02,10,The Impossible,Joe Nichols,7,33,
2002-11-02,11,Who's Your Daddy?,Toby Keith,12,12,Gains In Performance
2002-11-02,12,I'm Gonna Getcha Good!,Shania Twain,15,3,Gains In Performance
2002-11-02,13,Red Rag Top,Tim McGraw,13,7,Gains In Performance
2002-11-02,14,Forgive,Rebecca Lynn Howard,14,26,Gains In Performance
2002-11-02,15,Ten Rounds With Jose Cuervo,Tracy Byrd,10,31,
2002-11-02,16,The Good Stuff,Kenny Chesney,17,27,
2002-11-02,17,Strong Enough To Be Your Man,Travis Tritt,19,18,Gains In Performance
2002-11-02,18,Cry,Faith Hill,16,11,
2002-11-02,19,Every River,Brooks & Dunn,21,9,Gains In Performance
2002-11-02,20,Fall Into Me,Emerson Drive,22,17,Gains In Performance
2002-11-02,21,Life Happened,Tammy Cochran,20,22,Gains In Performance
2002-11-02,22,I Just Wanna Be Mad,Terri Clark,23,10,Gains In Performance
2002-11-02,23,A Lot Of Things Different,Kenny Chesney,24,12,Gains In Performance
2002-11-02,24,I Wish You'd Stay,Brad Paisley,26,12,Gains In Performance
2002-11-02,25,'Til Nothing Comes Between Us,John Michael Montgomery,25,15,Gains In Performance
2002-11-02,26,19 Somethin',Mark Wills,29,5,Gains In Performance
2002-11-02,27,Unusually Unusual,Lonestar,27,12,Gains In Performance
2002-11-02,28,One Day Closer To You,Carolyn Dawn Johnson,28,16,Gains In Performance
2002-11-02,29,You Can't Hide Beautiful,Aaron Lines,30,12,Gains In Performance
2002-11-02,30,On A Mission,Trick Pony,31,10,Gains In Performance
2002-11-02,31,At The End Of The Day,Kellie Coffey,32,13,Gains In Performance
2002-11-02,32,Man To Man,Gary Allan,33,5,Gains In Performance
2002-11-02,33,I'm Not Breakin',Steve Holy,34,9,Gains In Performance
2002-11-02,34,Waitin' On Joe,Steve Azar,36,14,Gains In Performance
2002-11-02,35,Chrome,Trace Adkins,35,6,Gains In Performance
2002-11-02,36,Beautiful Goodbye,Jennifer Hanson,37,13,Gains In Performance
2002-11-02,37,Practice Life,Andy Griggs With Martina McBride,38,7,Gains In Performance
2002-11-02,38,A Memory Like I'm Gonna Be,Tanya Tucker,39,11,Gains In Performance
2002-11-02,39,Family Tree,Darryl Worley,41,3,Gains In Performance
2002-11-02,40,If Her Lovin' Don't Kill Me,Aaron Tippin,40,12,Gains In Performance
2002-11-02,41,John J. Blanchard,Anthony Smith,42,5,Gains In Performance
2002-11-02,42,My Old Man,Rodney Atkins,43,5,Gains In Performance
2002-11-02,43,I'd Love To Lay You Down,Daryle Singletary,45,6,Gains In Performance
2002-11-02,44,There's No Limit,Deana Carter,54,2,Gains In Performance
2002-11-02,45,What We're Gonna Do About It,Tommy Shane Steiner With Bridgette Wilson-Sampras,48,4,Gains In Performance
2002-11-02,46,The Luckiest Man In The World,Neal McCoy,49,4,Gains In Performance
2002-11-02,47,Everyday Angel,Radney Foster,44,14,
2002-11-02,48,The Baby,Blake Shelton,NEW,1,Highest ranking debut|Gains In Performance
2002-11-02,49,Forever Everyday,Lee Ann Womack,59,2,Gains In Performance
2002-11-02,50,I Want My Baby Back,Mark Chesnutt,53,2,Gains In Performance
2002-11-02,51,Picture,Kid Rock Featuring Sheryl Crow Or Allison Moorer,50,4,Gains In Performance
2002-11-02,52,Wheels,Hometown News,47,8,
2002-11-02,53,She'll Go On You,Josh Turner,46,7,
2002-11-02,54,Rub Me The Right Way,Brad Martin,52,4,Gains In Performance
2002-11-02,55,Almost Home,Craig Morgan,55,3,Gains In Performance
2002-11-02,56,Brokenheartsville,Joe Nichols,NEW,1,Gains In Performance
2002-11-02,57,17,Cross Canadian Ragweed,NEW,1,Gains In Performance
2002-11-02,58,Lesson In Goodbye,Michael Peterson,NEW,1,Gains In Performance
2002-11-02,59,This Side,Nickel Creek,56,7,
2002-11-02,60,Outdoor Lovin' Man,Hank Williams Jr.,NEW,1,Gains In Performance
2002-11-09,1,Somebody Like You,Keith Urban,1,19,
2002-11-09,2,Landslide,Dixie Chicks,7,10,Greatest gainer this week|Gains In Performance
2002-11-09,3,Work In Progress,Alan Jackson,3,20,Gains In Performance
2002-11-09,4,Beautiful Mess,Diamond Rio,2,31,
2002-11-09,5,My Town,Montgomery Gentry,5,23,Gains In Performance
2002-11-09,6,These Days,Rascal Flatts,8,20,Gains In Performance
2002-11-09,7,Where Would You Be,Martina McBride,4,27,
2002-11-09,8,She'll Leave You With A Smile,George Strait,9,10,Gains In Performance
2002-11-09,9,American Child,Phil Vassar,6,28,
2002-11-09,10,Who's Your Daddy?,Toby Keith,11,13,Gains In Performance
2002-11-09,11,I'm Gonna Getcha Good!,Shania Twain,12,4,Gains In Performance
2002-11-09,12,Red Rag Top,Tim McGraw,13,8,Gains In Performance
2002-11-09,13,Forgive,Rebecca Lynn Howard,14,27,Gains In Performance
2002-11-09,14,The Impossible,Joe Nichols,10,34,
2002-11-09,15,Strong Enough To Be Your Man,Travis Tritt,17,19,Gains In Performance
2002-11-09,16,Fall Into Me,Emerson Drive,20,18,Gains In Performance
2002-11-09,17,The Good Stuff,Kenny Chesney,16,28,
2002-11-09,18,Every River,Brooks & Dunn,19,10,Gains In Performance
2002-11-09,19,Ten Rounds With Jose Cuervo,Tracy Byrd,15,32,
2002-11-09,20,I Just Wanna Be Mad,Terri Clark,22,11,Gains In Performance
2002-11-09,21,A Lot Of Things Different,Kenny Chesney,23,13,Gains In Performance
2002-11-09,22,19 Somethin',Mark Wills,26,6,Gains In Performance
2002-11-09,23,I Wish You'd Stay,Brad Paisley,24,13,Gains In Performance
2002-11-09,24,'Til Nothing Comes Between Us,John Michael Montgomery,25,16,Gains In Performance
2002-11-09,25,Unusually Unusual,Lonestar,27,13,Gains In Performance
2002-11-09,26,You Can't Hide Beautiful,Aaron Lines,29,13,Gains In Performance
2002-11-09,27,Cry,Faith Hill,18,12,
2002-11-09,28,One Day Closer To You,Carolyn Dawn Johnson,28,17,Gains In Performance
2002-11-09,29,Man To Man,Gary Allan,32,6,Gains In Performance
2002-11-09,30,On A Mission,Trick Pony,30,11,
2002-11-09,31,At The End Of The Day,Kellie Coffey,31,14,Gains In Performance
2002-11-09,32,I'm Not Breakin',Steve Holy,33,10,Gains In Performance
2002-11-09,33,Chrome,Trace Adkins,35,7,Gains In Performance
2002-11-09,34,Beautiful Goodbye,Jennifer Hanson,36,14,Gains In Performance
2002-11-09,35,Waitin' On Joe,Steve Azar,34,15,
2002-11-09,36,Practice Life,Andy Griggs With Martina McBride,37,8,Gains In Performance
2002-11-09,37,A Memory Like I'm Gonna Be,Tanya Tucker,38,12,Gains In Performance
2002-11-09,38,Family Tree,Darryl Worley,39,4,Gains In Performance
2002-11-09,39,The Baby,Blake Shelton,48,2,Gains In Performance
2002-11-09,40,If Her Lovin' Don't Kill Me,Aaron Tippin,40,13,Gains In Performance
2002-11-09,41,John J. Blanchard,Anthony Smith,41,6,Gains In Performance
2002-11-09,42,My Old Man,Rodney Atkins,42,6,Gains In Performance
2002-11-09,43,There's No Limit,Deana Carter,44,3,Gains In Performance
2002-11-09,44,What We're Gonna Do About It,Tommy Shane Steiner With Bridgette Wilson-Sampras,45,5,Gains In Performance
2002-11-09,45,Forever Everyday,Lee Ann Womack,49,3,Gains In Performance
2002-11-09,46,Picture,Kid Rock Featuring Sheryl Crow Or Allison Moorer,51,5,Gains In Performance
2002-11-09,47,Everyday Angel,Radney Foster,47,15,Gains In Performance
2002-11-09,48,Brokenheartsville,Joe Nichols,56,2,Gains In Performance
2002-11-09,49,I'd Love To Lay You Down,Daryle Singletary,43,7,Gains In Performance
2002-11-09,50,The Luckiest Man In The World,Neal McCoy,46,5,Gains In Performance
2002-11-09,51,I Want My Baby Back,Mark Chesnutt,50,3,Gains In Performance
2002-11-09,52,Rub Me The Right Way,Brad Martin,54,5,Gains In Performance
2002-11-09,53,It'll Go Away,Kevin Denney,NEW,1,Highest ranking debut|Gains In Performance
2002-11-09,54,Almost Home,Craig Morgan,55,4,Gains In Performance
2002-11-09,55,Way Too Deep,Sixwire,NEW,1,Gains In Performance
2002-11-09,56,Lately (Been Dreamin' 'Bout Babies),Tracy Byrd,NEW,1,Gains In Performance
2002-11-09,57,Lonesome Road,Chalee Tennison,NEW,1,Gains In Performance
2002-11-09,58,What A Beautiful Day,Chris Cagle,NEW,1,Gains In Performance
2002-11-09,59,Next Big Thing,Vince Gill,NEW,1,Gains In Performance
2002-11-09,60,Wheels,Hometown News,52,9,
2002-11-16,1,Somebody Like You,Keith Urban,1,20,
2002-11-16,2,Landslide,Dixie Chicks,2,11,Gains In Performance
2002-11-16,3,These Days,Rascal Flatts,6,21,Greatest gainer this week|Gains In Performance
2002-11-16,4,Work In Progress,Alan Jackson,3,21,Gains In Performance
2002-11-16,5,My Town,Montgomery Gentry,5,24,Gains In Performance
2002-11-16,6,She'll Leave You With A Smile,George Strait,8,11,Gains In Performance
2002-11-16,7,Who's Your Daddy?,Toby Keith,10,14,Gains In Performance
2002-11-16,8,Beautiful Mess,Diamond Rio,4,32,
2002-11-16,9,Where Would You Be,Martina McBride,7,28,
2002-11-16,10,I'm Gonna Getcha Good!,Shania Twain,11,5,Gains In Performance
2002-11-16,11,Red Rag Top,Tim McGraw,12,9,Gains In Performance
2002-11-16,12,American Child,Phil Vassar,9,29,
2002-11-16,13,Forgive,Rebecca Lynn Howard,13,28,Gains In Performance
2002-11-16,14,Fall Into Me,Emerson Drive,16,19,Gains In Performance
2002-11-16,15,Strong Enough To Be Your Man,Travis Tritt,15,20,Gains In Performance
2002-11-16,16,I Just Wanna Be Mad,Terri Clark,20,12,Gains In Performance
2002-11-16,17,Every River,Brooks & Dunn,18,11,Gains In Performance
2002-11-16,18,The Impossible,Joe Nichols,14,35,
2002-11-16,19,A Lot Of Things Different,Kenny Chesney,21,14,Gains In Performance
2002-11-16,20,The Good Stuff,Kenny Chesney,17,29,
2002-11-16,21,19 Somethin',Mark Wills,22,7,Gains In Performance
2002-11-16,22,I Wish You'd Stay,Brad Paisley,23,14,Gains In Performance
2002-11-16,23,'Til Nothing Comes Between Us,John Michael Montgomery,24,17,Gains In Performance
2002-11-16,24,Unusually Unusual,Lonestar,25,14,Gains In Performance
2002-11-16,25,You Can't Hide Beautiful,Aaron Lines,26,14,Gains In Performance
2002-11-16,26,Man To Man,Gary Allan,29,7,Gains In Performance
2002-11-16,27,One Day Closer To You,Carolyn Dawn Johnson,28,18,
2002-11-16,28,On A Mission,Trick Pony,30,12,Gains In Performance
2002-11-16,29,At The End Of The Day,Kellie Coffey,31,15,Gains In Performance
2002-11-16,30,Chrome,Trace Adkins,33,8,Gains In Performance
2002-11-16,31,I'm Not Breakin',Steve Holy,32,11,Gains In Performance
2002-11-16,32,Waitin' On Joe,Steve Azar,35,16,Gains In Performance
2002-11-16,33,Cry,Faith Hill,27,13,
2002-11-16,34,Beautiful Goodbye,Jennifer Hanson,34,15,Gains In Performance
2002-11-16,35,The Baby,Blake Shelton,39,3,Gains In Performance
2002-11-16,36,Family Tree,Darryl Worley,38,5,Gains In Performance
2002-11-16,37,Practice Life,Andy Griggs With Martina McBride,36,9,Gains In Performance
2002-11-16,38,There's No Limit,Deana Carter,43,4,Gains In Performance
2002-11-16,39,A Memory Like I'm Gonna Be,Tanya Tucker,37,13,
2002-11-16,40,My Old Man,Rodney Atkins,42,7,Gains In Performance
2002-11-16,41,John J. Blanchard,Anthony Smith,41,7,Gains In Performance
2002-11-16,42,Brokenheartsville,Joe Nichols,48,3,Gains In Performance
2002-11-16,43,Forever Everyday,Lee Ann Womack,45,4,Gains In Performance
2002-11-16,44,What We're Gonna Do About It,Tommy Shane Steiner With Bridgette Wilson-Sampras,44,6,Gains In Performance
2002-11-16,45,If Her Lovin' Don't Kill Me,Aaron Tippin,40,14,
2002-11-16,46,Picture,Kid Rock Featuring Sheryl Crow Or Allison Moorer,46,6,Gains In Performance
2002-11-16,47,I'd Love To Lay You Down,Daryle Singletary,49,8,Gains In Performance
2002-11-16,48,I Want My Baby Back,Mark Chesnutt,51,4,Gains In Performance
2002-11-16,49,The Luckiest Man In The World,Neal McCoy,50,6,Gains In Performance
2002-11-16,50,Next Big Thing,Vince Gill,59,2,Gains In Performance
2002-11-16,51,Rub Me The Right Way,Brad Martin,52,6,Gains In Performance
2002-11-16,52,It'll Go Away,Kevin Denney,53,2,Gains In Performance
2002-11-16,53,Almost Home,Craig Morgan,54,5,Gains In Performance
2002-11-16,54,Everyday Angel,Radney Foster,47,16,
2002-11-16,55,Lately (Been Dreamin' 'Bout Babies),Tracy Byrd,56,2,Gains In Performance
2002-11-16,56,Lonesome Road,Chalee Tennison,57,2,Gains In Performance
2002-11-16,57,Up!,Shania Twain,NEW,1,Highest ranking debut|Gains In Performance
2002-11-16,58,Way Too Deep,Sixwire,55,2,
2002-11-16,59,I Drove All Night,Pinmonkey,NEW,1,Gains In Performance
2002-11-16,60,Life Goes On,LeAnn Rimes,NEW,1,Gains In Performance
2002-11-23,1,Somebody Like You,Keith Urban,1,21,
2002-11-23,2,These Days,Rascal Flatts,3,22,Gains In Performance
2002-11-23,3,Landslide,Dixie Chicks,2,12,Gains In Performance
2002-11-23,4,She'll Leave You With A Smile,George Strait,6,12,Gains In Performance
2002-11-23,5,My Town,Montgomery Gentry,5,25,
2002-11-23,6,Work In Progress,Alan Jackson,4,22,
2002-11-23,7,Who's Your Daddy?,Toby Keith,7,15,Gains In Performance
2002-11-23,8,I'm Gonna Getcha Good!,Shania Twain,10,6,Gains In Performance
2002-11-23,9,Beautiful Mess,Diamond Rio,8,33,
2002-11-23,10,Red Rag Top,Tim McGraw,11,10,Gains In Performance
2002-11-23,11,Where Would You Be,Martina McBride,9,29,
2002-11-23,12,Forgive,Rebecca Lynn Howard,13,29,
2002-11-23,13,Fall Into Me,Emerson Drive,14,20,Gains In Performance
2002-11-23,14,I Just Wanna Be Mad,Terri Clark,16,13,Gains In Performance
2002-11-23,15,Every River,Brooks & Dunn,17,12,Gains In Performance
2002-11-23,16,Strong Enough To Be Your Man,Travis Tritt,15,21,
2002-11-23,17,A Lot Of Things Different,Kenny Chesney,19,15,Gains In Performance
2002-11-23,18,19 Somethin',Mark Wills,21,8,Gains In Performance
2002-11-23,19,The Good Stuff,Kenny Chesney,20,30,
2002-11-23,20,The Impossible,Joe Nichols,18,36,
2002-11-23,21,I Wish You'd Stay,Brad Paisley,22,15,Gains In Performance
2002-11-23,22,'Til Nothing Comes Between Us,John Michael Montgomery,23,18,Gains In Performance
2002-11-23,23,You Can't Hide Beautiful,Aaron Lines,25,15,Gains In Performance
2002-11-23,24,Unusually Unusual,Lonestar,24,15,Gains In Performance
2002-11-23,25,Man To Man,Gary Allan,26,8,Gains In Performance
2002-11-23,26,One Day Closer To You,Carolyn Dawn Johnson,27,19,Gains In Performance
2002-11-23,27,The Baby,Blake Shelton,35,4,Gains In Performance
2002-11-23,28,At The End Of The Day,Kellie Coffey,29,16,Gains In Performance
2002-11-23,29,On A Mission,Trick Pony,28,13,Gains In Performance
2002-11-23,30,Chrome,Trace Adkins,30,9,Gains In Performance
2002-11-23,31,I'm Not Breakin',Steve Holy,31,12,Gains In Performance
2002-11-23,32,Beautiful Goodbye,Jennifer Hanson,34,16,Gains In Performance
2002-11-23,33,Waitin' On Joe,Steve Azar,32,17,
2002-11-23,34,Family Tree,Darryl Worley,36,6,Gains In Performance
2002-11-23,35,Practice Life,Andy Griggs With Martina McBride,37,10,
2002-11-23,36,There's No Limit,Deana Carter,38,5,Gains In Performance
2002-11-23,37,Cry,Faith Hill,33,14,
2002-11-23,38,A Memory Like I'm Gonna Be,Tanya Tucker,39,14,Gains In Performance
2002-11-23,39,Next Big Thing,Vince Gill,50,3,Gains In Performance
2002-11-23,40,Brokenheartsville,Joe Nichols,42,4,Gains In Performance
2002-11-23,41,John J. Blanchard,Anthony Smith,41,8,Gains In Performance
2002-11-23,42,My Old Man,Rodney Atkins,40,8,Gains In Performance
2002-11-23,43,Forever Everyday,Lee Ann Womack,43,5,Gains In Performance
2002-11-23,44,What We're Gonna Do About It,Tommy Shane Steiner With Bridgette Wilson-Sampras,44,7,Gains In Performance
2002-11-23,45,Picture,Kid Rock Featuring Sheryl Crow Or Allison Moorer,46,7,Gains In Performance
2002-11-23,46,It'll Go Away,Kevin Denney,52,3,Gains In Performance
2002-11-23,47,I Want My Baby Back,Mark Chesnutt,48,5,Gains In Performance
2002-11-23,48,I'd Love To Lay You Down,Daryle Singletary,47,9,Gains In Performance
2002-11-23,49,Lately (Been Dreamin' 'Bout Babies),Tracy Byrd,55,3,Gains In Performance
2002-11-23,50,The Luckiest Man In The World,Neal McCoy,49,7,
2002-11-23,51,Almost Home,Craig Morgan,53,6,Gains In Performance
2002-11-23,52,Rub Me The Right Way,Brad Martin,51,7,
2002-11-23,53,When The Lights Go Down,Faith Hill,NEW,1,Highest ranking debut|Gains In Performance
2002-11-23,54,I Drove All Night,Pinmonkey,59,2,Gains In Performance
2002-11-23,55,If Her Lovin' Don't Kill Me,Aaron Tippin,45,15,
2002-11-23,56,Lonesome Road,Chalee Tennison,56,3,Gains In Performance
2002-11-23,57,What A Beautiful Day,Chris Cagle,RE,2,Gains In Performance
2002-11-23,58,I Believe,Diamond Rio,NEW,1,Gains In Performance
2002-11-23,59,Everyday Angel,Radney Foster,54,17,
2002-11-23,60,Hello God,Dolly Parton,NEW,1,Gains In Performance
2002-11-30,1,These Days,Rascal Flatts,2,23,Gains In Performance
2002-11-30,2,Somebody Like You,Keith Urban,1,22,
2002-11-30,3,Landslide,Dixie Chicks,3,13,Gains In Performance
2002-11-30,4,She'll Leave You With A Smile,George Strait,4,13,Gains In Performance
2002-11-30,5,Who's Your Daddy?,Toby Keith,7,16,Gains In Performance
2002-11-30,6,My Town,Montgomery Gentry,5,26,
2002-11-30,7,Red Rag Top,Tim McGraw,10,11,Gains In Performance
2002-11-30,8,Work In Progress,Alan Jackson,6,23,
2002-11-30,9,I'm Gonna Getcha Good!,Shania Twain,8,7,
2002-11-30,10,Beautiful Mess,Diamond Rio,9,34,
2002-11-30,11,Fall Into Me,Emerson Drive,13,21,Gains In Performance
2002-11-30,12,19 Somethin',Mark Wills,18,9,Greatest gainer this week|Gains In Performance
2002-11-30,13,A Lot Of Things Different,Kenny Chesney,17,16,Gains In Performance
2002-11-30,14,I Just Wanna Be Mad,Terri Clark,14,14,Gains In Performance
2002-11-30,15,Strong Enough To Be Your Man,Travis Tritt,16,22,Gains In Performance
2002-11-30,16,Every River,Brooks & Dunn,15,13,Gains In Performance
2002-11-30,17,Forgive,Rebecca Lynn Howard,12,30,
2002-11-30,18,Where Would You Be,Martina McBride,11,30,
2002-11-30,19,I Wish You'd Stay,Brad Paisley,21,16,Gains In Performance
2002-11-30,20,The Good Stuff,Kenny Chesney,19,31,Gains In Performance
2002-11-30,21,'Til Nothing Comes Between Us,John Michael Montgomery,22,19,Gains In Performance
2002-11-30,22,You Can't Hide Beautiful,Aaron Lines,23,16,Gains In Performance
2002-11-30,23,Man To Man,Gary Allan,25,9,Gains In Performance
2002-11-30,24,Unusually Unusual,Lonestar,24,16,Gains In Performance
2002-11-30,25,The Baby,Blake Shelton,27,5,Gains In Performance
2002-11-30,26,At The End Of The Day,Kellie Coffey,28,17,Gains In Performance
2002-11-30,27,One Day Closer To You,Carolyn Dawn Johnson,26,20,Gains In Performance
2002-11-30,28,On A Mission,Trick Pony,29,14,Gains In Performance
2002-11-30,29,Chrome,Trace Adkins,30,10,Gains In Performance
2002-11-30,30,I'm Not Breakin',Steve Holy,31,13,Gains In Performance
2002-11-30,31,Beautiful Goodbye,Jennifer Hanson,32,17,Gains In Performance
2002-11-30,32,Waitin' On Joe,Steve Azar,33,18,Gains In Performance
2002-11-30,33,Family Tree,Darryl Worley,34,7,Gains In Performance
2002-11-30,34,There's No Limit,Deana Carter,36,6,Gains In Performance
2002-11-30,35,Practice Life,Andy Griggs With Martina McBride,35,11,Gains In Performance
2002-11-30,36,Next Big Thing,Vince Gill,39,4,Gains In Performance
2002-11-30,37,Brokenheartsville,Joe Nichols,40,5,Gains In Performance
2002-11-30,38,A Memory Like I'm Gonna Be,Tanya Tucker,38,15,Gains In Performance
2002-11-30,39,My Old Man,Rodney Atkins,42,9,Gains In Performance
2002-11-30,40,Cry,Faith Hill,37,15,
2002-11-30,41,John J. Blanchard,Anthony Smith,41,9,Gains In Performance
2002-11-30,42,Forever Everyday,Lee Ann Womack,43,6,Gains In Performance
2002-11-30,43,What We're Gonna Do About It,Tommy Shane Steiner With Bridgette Wilson-Sampras,44,8,Gains In Performance
2002-11-30,44,It'll Go Away,Kevin Denney,46,4,Gains In Performance
2002-11-30,45,When The Lights Go Down,Faith Hill,53,2,Gains In Performance
2002-11-30,46,Lately (Been Dreamin' 'Bout Babies),Tracy Byrd,49,4,Gains In Performance
2002-11-30,47,I Want My Baby Back,Mark Chesnutt,47,6,Gains In Performance
2002-11-30,48,Picture,Kid Rock Featuring Sheryl Crow Or Allison Moorer,45,8,Gains In Performance
2002-11-30,49,What A Beautiful Day,Chris Cagle,57,3,Gains In Performance
2002-11-30,50,I'd Love To Lay You Down,Daryle Singletary,48,10,Gains In Performance
2002-11-30,51,Almost Home,Craig Morgan,51,7,Gains In Performance
2002-11-30,52,Concrete Angel,Martina McBride,NEW,1,Highest ranking debut|Gains In Performance
2002-11-30,53,The Luckiest Man In The World,Neal McCoy,50,8,
2002-11-30,54,I Drove All Night,Pinmonkey,54,3,Gains In Performance
2002-11-30,55,I Believe,Diamond Rio,58,2,Gains In Performance
2002-11-30,56,Rub Me The Right Way,Brad Martin,52,8,
2002-11-30,57,Raining On Sunday,Keith Urban,NEW,1,Gains In Performance
2002-11-30,58,Lonesome Road,Chalee Tennison,56,4,
2002-11-30,59,Tiny Dancer,Tim McGraw,NEW,1,Gains In Performance
2002-11-30,60,Everyday Angel,Radney Foster,59,18,
2002-12-07,1,These Days,Rascal Flatts,1,24,Gains In Performance
2002-12-07,2,Who's Your Daddy?,Toby Keith,5,17,Gains In Performance
2002-12-07,3,She'll Leave You With A Smile,George Strait,4,14,Gains In Performance
2002-12-07,4,Somebody Like You,Keith Urban,2,23,
2002-12-07,5,Landslide,Dixie Chicks,3,14,
2002-12-07,6,Red Rag Top,Tim McGraw,7,12,Gains In Performance
2002-12-07,7,I'm Gonna Getcha Good!,Shania Twain,9,8,Gains In Performance
2002-12-07,8,My Town,Montgomery Gentry,6,27,
2002-12-07,9,19 Somethin',Mark Wills,12,10,Gains In Performance
2002-12-07,10,Fall Into Me,Emerson Drive,11,22,Gains In Performance
2002-12-07,11,A Lot Of Things Different,Kenny Chesney,13,17,Gains In Performance
2002-12-07,12,I Just Wanna Be Mad,Terri Clark,14,15,Gains In Performance
2002-12-07,13,Beautiful Mess,Diamond Rio,10,35,
2002-12-07,14,Every River,Brooks & Dunn,16,14,Gains In Performance
2002-12-07,15,Strong Enough To Be Your Man,Travis Tritt,15,23,Gains In Performance
2002-12-07,16,Work In Progress,Alan Jackson,8,24,
2002-12-07,17,I Wish You'd Stay,Brad Paisley,19,17,Gains In Performance
2002-12-07,18,The Baby,Blake Shelton,25,6,Gains In Performance
2002-12-07,19,You Can't Hide Beautiful,Aaron Lines,22,17,Gains In Performance
2002-12-07,20,'Til Nothing Comes Between Us,John Michael Montgomery,21,20,Gains In Performance
2002-12-07,21,Man To Man,Gary Allan,23,10,Gains In Performance
2002-12-07,22,Unusually Unusual,Lonestar,24,17,Gains In Performance
2002-12-07,23,At The End Of The Day,Kellie Coffey,26,18,Gains In Performance
2002-12-07,24,One Day Closer To You,Carolyn Dawn Johnson,27,21,Gains In Performance
2002-12-07,25,On A Mission,Trick Pony,28,15,Gains In Performance
2002-12-07,26,Chrome,Trace Adkins,29,11,Gains In Performance
2002-12-07,27,I'm Not Breakin',Steve Holy,30,14,Gains In Performance
2002-12-07,28,Beautiful Goodbye,Jennifer Hanson,31,18,Gains In Performance
2002-12-07,29,Waitin' On Joe,Steve Azar,32,19,Gains In Performance
2002-12-07,30,Next Big Thing,Vince Gill,36,5,Gains In Performance
2002-12-07,31,There's No Limit,Deana Carter,34,7,Gains In Performance
2002-12-07,32,Family Tree,Darryl Worley,33,8,Gains In Performance
2002-12-07,33,Brokenheartsville,Joe Nichols,37,6,Gains In Performance
2002-12-07,34,Practice Life,Andy Griggs With Martina McBride,35,12,Gains In Performance
2002-12-07,35,A Memory Like I'm Gonna Be,Tanya Tucker,38,16,Gains In Performance
2002-12-07,36,My Old Man,Rodney Atkins,39,10,
2002-12-07,37,Forever Everyday,Lee Ann Womack,42,7,Gains In Performance
2002-12-07,38,Cry,Faith Hill,40,16,
2002-12-07,39,I Believe,Diamond Rio,55,3,Gains In Performance
2002-12-07,40,John J. Blanchard,Anthony Smith,41,10,
2002-12-07,41,When The Lights Go Down,Faith Hill,45,3,Gains In Performance
2002-12-07,42,What A Beautiful Day,Chris Cagle,49,4,Gains In Performance
2002-12-07,43,Concrete Angel,Martina McBride,52,2,Gains In Performance
2002-12-07,44,Lately (Been Dreamin' 'Bout Babies),Tracy Byrd,46,5,Gains In Performance
2002-12-07,45,I'd Love To Lay You Down,Daryle Singletary,50,11,Gains In Performance
2002-12-07,46,What We're Gonna Do About It,Tommy Shane Steiner With Bridgette Wilson-Sampras,43,9,
2002-12-07,47,It'll Go Away,Kevin Denney,44,5,Gains In Performance
2002-12-07,48,I Want My Baby Back,Mark Chesnutt,47,7,Gains In Performance
2002-12-07,49,Almost Home,Craig Morgan,51,8,Gains In Performance
2002-12-07,50,Picture,Kid Rock Featuring Sheryl Crow Or Allison Moorer,48,9,
2002-12-07,51,I Drove All Night,Pinmonkey,54,4,Gains In Performance
2002-12-07,52,Three Wooden Crosses,Randy Travis,NEW,1,Highest ranking debut|Gains In Performance
2002-12-07,53,Raining On Sunday,Keith Urban,57,2,Gains In Performance
2002-12-07,54,Lonesome Road,Chalee Tennison,58,5,Gains In Performance
2002-12-07,55,There's More To Me Than You,Jessica Andrews,NEW,1,Gains In Performance
2002-12-07,56,Tiny Dancer,Tim McGraw,59,2,
2002-12-07,57,The Luckiest Man In The World,Neal McCoy,53,9,
2002-12-07,58,Up!,Shania Twain,RE,2,Gains In Performance
2002-12-07,59,Love Won't Let Me,Tammy Cochran,NEW,1,Gains In Performance
2002-12-07,60,When You Kiss Me,Shania Twain,NEW,1,Gains In Performance
2002-12-14,1,These Days,Rascal Flatts,1,25,
2002-12-14,2,Who's Your Daddy?,Toby Keith,2,18,Gains In Performance
2002-12-14,3,She'll Leave You With A Smile,George Strait,3,15,Gains In Performance
2002-12-14,4,Landslide,Dixie Chicks,5,15,
2002-12-14,5,Somebody Like You,Keith Urban,4,24,
2002-12-14,6,Red Rag Top,Tim McGraw,6,13,Gains In Performance
2002-12-14,7,19 Somethin',Mark Wills,9,11,Greatest gainer this week|Gains In Performance
2002-12-14,8,Fall Into Me,Emerson Drive,10,23,Gains In Performance
2002-12-14,9,I'm Gonna Getcha Good!,Shania Twain,7,9,
2002-12-14,10,A Lot Of Things Different,Kenny Chesney,11,18,Gains In Performance
2002-12-14,11,I Just Wanna Be Mad,Terri Clark,12,16,
2002-12-14,12,Every River,Brooks & Dunn,14,15,
2002-12-14,13,Strong Enough To Be Your Man,Travis Tritt,15,24,
2002-12-14,14,The Baby,Blake Shelton,18,7,Gains In Performance
2002-12-14,15,Beautiful Mess,Diamond Rio,13,36,
2002-12-14,16,I Wish You'd Stay,Brad Paisley,17,18,Gains In Performance
2002-12-14,17,My Town,Montgomery Gentry,8,28,
2002-12-14,18,You Can't Hide Beautiful,Aaron Lines,19,18,Gains In Performance
2002-12-14,19,'Til Nothing Comes Between Us,John Michael Montgomery,20,21,Gains In Performance
2002-12-14,20,Work In Progress,Alan Jackson,16,25,
2002-12-14,21,Man To Man,Gary Allan,21,11,Gains In Performance
2002-12-14,22,Unusually Unusual,Lonestar,22,18,Gains In Performance
2002-12-14,23,At The End Of The Day,Kellie Coffey,23,19,Gains In Performance
2002-12-14,24,On A Mission,Trick Pony,25,16,Gains In Performance
2002-12-14,25,Chrome,Trace Adkins,26,12,Gains In Performance
2002-12-14,26,Beautiful Goodbye,Jennifer Hanson,28,19,Gains In Performance
2002-12-14,27,Next Big Thing,Vince Gill,30,6,Gains In Performance
2002-12-14,28,I'm Not Breakin',Steve Holy,27,15,
2002-12-14,29,Waitin' On Joe,Steve Azar,29,20,Gains In Performance
2002-12-14,30,Brokenheartsville,Joe Nichols,33,7,Gains In Performance
2002-12-14,31,There's No Limit,Deana Carter,31,8,Gains In Performance
2002-12-14,32,Family Tree,Darryl Worley,32,9,Gains In Performance
2002-12-14,33,Practice Life,Andy Griggs With Martina McBride,34,13,Gains In Performance
2002-12-14,34,A Memory Like I'm Gonna Be,Tanya Tucker,35,17,Gains In Performance
2002-12-14,35,When The Lights Go Down,Faith Hill,41,4,Gains In Performance
2002-12-14,36,My Old Man,Rodney Atkins,36,11,Gains In Performance
2002-12-14,37,Concrete Angel,Martina McBride,43,3,Gains In Performance
2002-12-14,38,What A Beautiful Day,Chris Cagle,42,5,Gains In Performance
2002-12-14,39,I Believe,Diamond Rio,39,4,Gains In Performance
2002-12-14,40,Forever Everyday,Lee Ann Womack,37,8,
2002-12-14,41,Cry,Faith Hill,38,17,
2002-12-14,42,John J. Blanchard,Anthony Smith,40,11,Gains In Performance
2002-12-14,43,Raining On Sunday,Keith Urban,53,3,Gains In Performance
2002-12-14,44,Lately (Been Dreamin' 'Bout Babies),Tracy Byrd,44,6,Gains In Performance
2002-12-14,45,It'll Go Away,Kevin Denney,47,6,Gains In Performance
2002-12-14,46,Almost Home,Craig Morgan,49,9,Gains In Performance
2002-12-14,47,Picture,Kid Rock Featuring Sheryl Crow Or Allison Moorer,50,10,Gains In Performance
2002-12-14,48,I Want My Baby Back,Mark Chesnutt,48,8,
2002-12-14,49,I'd Love To Lay You Down,Daryle Singletary,45,12,
2002-12-14,50,I Drove All Night,Pinmonkey,51,5,Gains In Performance
2002-12-14,51,What We're Gonna Do About It,Tommy Shane Steiner With Bridgette Wilson-Sampras,46,10,
2002-12-14,52,Up!,Shania Twain,58,3,Gains In Performance
2002-12-14,53,Let It Be Christmas,Alan Jackson,NEW,1,Highest ranking debut|Gains In Performance
2002-12-14,54,Tiny Dancer,Tim McGraw,56,3,Gains In Performance
2002-12-14,55,She's My Kind Of Rain,Tim McGraw,NEW,1,Gains In Performance
2002-12-14,56,Three Wooden Crosses,Randy Travis,52,2,
2002-12-14,57,Travelin' Soldier,Dixie Chicks,RE,10,Gains In Performance
2002-12-14,58,There's More To Me Than You,Jessica Andrews,55,2,
2002-12-14,59,Way Too Deep,Sixwire,RE,3,
2002-12-14,60,Everyday Angel,Radney Foster,RE,19,Gains In Performance
2002-12-21,1,Who's Your Daddy?,Toby Keith,2,19,Gains In Performance
2002-12-21,2,She'll Leave You With A Smile,George Strait,3,16,Gains In Performance
2002-12-21,3,These Days,Rascal Flatts,1,26,
2002-12-21,4,19 Somethin',Mark Wills,7,12,Greatest gainer this week|Gains In Performance
2002-12-21,5,Red Rag Top,Tim McGraw,6,14,Gains In Performance
2002-12-21,6,Somebody Like You,Keith Urban,5,25,
2002-12-21,7,Landslide,Dixie Chicks,4,16,
2002-12-21,8,Fall Into Me,Emerson Drive,8,24,Gains In Performance
2002-12-21,9,A Lot Of Things Different,Kenny Chesney,10,19,Gains In Performance
2002-12-21,10,I Just Wanna Be Mad,Terri Clark,11,17,Gains In Performance
2002-12-21,11,The Baby,Blake Shelton,14,8,Gains In Performance
2002-12-21,12,I'm Gonna Getcha Good!,Shania Twain,9,10,
2002-12-21,13,Every River,Brooks & Dunn,12,16,
2002-12-21,14,Strong Enough To Be Your Man,Travis Tritt,13,25,Gains In Performance
2002-12-21,15,I Wish You'd Stay,Brad Paisley,16,19,Gains In Performance
2002-12-21,16,Beautiful Mess,Diamond Rio,15,37,
2002-12-21,17,You Can't Hide Beautiful,Aaron Lines,18,19,Gains In Performance
2002-12-21,18,Man To Man,Gary Allan,21,12,Gains In Performance
2002-12-21,19,'Til Nothing Comes Between Us,John Michael Montgomery,19,22,Gains In Performance
2002-12-21,20,My Town,Montgomery Gentry,17,29,
2002-12-21,21,Unusually Unusual,Lonestar,22,19,Gains In Performance
2002-12-21,22,At The End Of The Day,Kellie Coffey,23,20,Gains In Performance
2002-12-21,23,Chrome,Trace Adkins,25,13,Gains In Performance
2002-12-21,24,On A Mission,Trick Pony,24,17,Gains In Performance
2002-12-21,25,Beautiful Goodbye,Jennifer Hanson,26,20,Gains In Performance
2002-12-21,26,Next Big Thing,Vince Gill,27,7,Gains In Performance
2002-12-21,27,I'm Not Breakin',Steve Holy,28,16,Gains In Performance
2002-12-21,28,Waitin' On Joe,Steve Azar,29,21,Gains In Performance
2002-12-21,29,Brokenheartsville,Joe Nichols,30,8,Gains In Performance
2002-12-21,30,There's No Limit,Deana Carter,31,9,Gains In Performance
2002-12-21,31,Family Tree,Darryl Worley,32,10,Gains In Performance
2002-12-21,32,I Believe,Diamond Rio,39,5,Gains In Performance
2002-12-21,33,Practice Life,Andy Griggs With Martina McBride,33,14,Gains In Performance
2002-12-21,34,A Memory Like I'm Gonna Be,Tanya Tucker,34,18,
2002-12-21,35,Concrete Angel,Martina McBride,37,4,Gains In Performance
2002-12-21,36,What A Beautiful Day,Chris Cagle,38,6,Gains In Performance
2002-12-21,37,Raining On Sunday,Keith Urban,43,4,Gains In Performance
2002-12-21,38,When The Lights Go Down,Faith Hill,35,5,
2002-12-21,39,Forever Everyday,Lee Ann Womack,40,9,Gains In Performance
2002-12-21,40,My Old Man,Rodney Atkins,36,12,
2002-12-21,41,Up!,Shania Twain,52,4,Gains In Performance
2002-12-21,42,John J. Blanchard,Anthony Smith,42,12,Gains In Performance
2002-12-21,43,Lately (Been Dreamin' 'Bout Babies),Tracy Byrd,44,7,Gains In Performance
2002-12-21,44,It'll Go Away,Kevin Denney,45,7,Gains In Performance
2002-12-21,45,Cry,Faith Hill,41,18,
2002-12-21,46,Let It Be Christmas,Alan Jackson,53,2,Gains In Performance
2002-12-21,47,I'd Love To Lay You Down,Daryle Singletary,49,13,Gains In Performance
2002-12-21,48,Travelin' Soldier,Dixie Chicks,57,11,Gains In Performance
2002-12-21,49,Almost Home,Craig Morgan,46,10,
2002-12-21,50,I Drove All Night,Pinmonkey,50,6,Gains In Performance
2002-12-21,51,I Want My Baby Back,Mark Chesnutt,48,9,
2002-12-21,52,Picture,Kid Rock Featuring Sheryl Crow Or Allison Moorer,47,11,
2002-12-21,53,That'd Be Alright,Alan Jackson,NEW,1,Highest ranking debut|Gains In Performance
2002-12-21,54,What We're Gonna Do About It,Tommy Shane Steiner With Bridgette Wilson-Sampras,51,11,
2002-12-21,55,Love Like There's No Tomorrow,Aaron Tippin Featuring Thea Tippin,NEW,1,Gains In Performance
2002-12-21,56,Three Wooden Crosses,Randy Travis,56,3,Gains In Performance
2002-12-21,57,Love Won't Let Me,Tammy Cochran,RE,2,Gains In Performance
2002-12-21,58,Way Too Deep,Sixwire,59,4,Gains In Performance
2002-12-21,59,Tiny Dancer,Tim McGraw,54,4,
2002-12-21,60,There's More To Me Than You,Jessica Andrews,58,3,Gains In Performance
2002-12-28,1,She'll Leave You With A Smile,George Strait,2,17,Gains In Performance
2002-12-28,2,Who's Your Daddy?,Toby Keith,1,20,
2002-12-28,3,These Days,Rascal Flatts,3,27,
2002-12-28,4,19 Somethin',Mark Wills,4,13,Gains In Performance
2002-12-28,5,Fall Into Me,Emerson Drive,8,25,Greatest gainer this week|Gains In Performance
2002-12-28,6,Red Rag Top,Tim McGraw,5,15,
2002-12-28,7,A Lot Of Things Different,Kenny Chesney,9,20,Gains In Performance
2002-12-28,8,Somebody Like You,Keith Urban,6,26,
2002-12-28,9,I Just Wanna Be Mad,Terri Clark,10,18,Gains In Performance
2002-12-28,10,The Baby,Blake Shelton,11,9,Gains In Performance
2002-12-28,11,Landslide,Dixie Chicks,7,17,
2002-12-28,12,I Wish You'd Stay,Brad Paisley,15,20,Gains In Performance
2002-12-28,13,Strong Enough To Be Your Man,Travis Tritt,14,26,
2002-12-28,14,Every River,Brooks & Dunn,13,17,
2002-12-28,15,Beautiful Mess,Diamond Rio,16,38,Gains In Performance
2002-12-28,16,Man To Man,Gary Allan,18,13,Gains In Performance
2002-12-28,17,You Can't Hide Beautiful,Aaron Lines,17,20,Gains In Performance
2002-12-28,18,Unusually Unusual,Lonestar,21,20,Gains In Performance
2002-12-28,19,'Til Nothing Comes Between Us,John Michael Montgomery,19,23,
2002-12-28,20,My Town,Montgomery Gentry,20,30,
2002-12-28,21,Chrome,Trace Adkins,23,14,Gains In Performance
2002-12-28,22,On A Mission,Trick Pony,24,18,Gains In Performance
2002-12-28,23,At The End Of The Day,Kellie Coffey,22,21,Gains In Performance
2002-12-28,24,I'm Gonna Getcha Good!,Shania Twain,12,11,
2002-12-28,25,Beautiful Goodbye,Jennifer Hanson,25,21,Gains In Performance
2002-12-28,26,Next Big Thing,Vince Gill,26,8,Gains In Performance
2002-12-28,27,Brokenheartsville,Joe Nichols,29,9,Gains In Performance
2002-12-28,28,There's No Limit,Deana Carter,30,10,Gains In Performance
2002-12-28,29,I'm Not Breakin',Steve Holy,27,17,Gains In Performance
2002-12-28,30,Waitin' On Joe,Steve Azar,28,22,Gains In Performance
2002-12-28,31,Family Tree,Darryl Worley,31,11,Gains In Performance
2002-12-28,32,I Believe,Diamond Rio,32,6,Gains In Performance
2002-12-28,33,Up!,Shania Twain,41,5,Gains In Performance
2002-12-28,34,Practice Life,Andy Griggs With Martina McBride,33,15,Gains In Performance
2002-12-28,35,Concrete Angel,Martina McBride,35,5,Gains In Performance
2002-12-28,36,When The Lights Go Down,Faith Hill,38,6,Gains In Performance
2002-12-28,37,Raining On Sunday,Keith Urban,37,5,Gains In Performance
2002-12-28,38,What A Beautiful Day,Chris Cagle,36,7,Gains In Performance
2002-12-28,39,A Memory Like I'm Gonna Be,Tanya Tucker,34,19,Gains In Performance
2002-12-28,40,Forever Everyday,Lee Ann Womack,39,10,Gains In Performance
2002-12-28,41,My Old Man,Rodney Atkins,40,13,Gains In Performance
2002-12-28,42,Let It Be Christmas,Alan Jackson,46,3,Gains In Performance
2002-12-28,43,Travelin' Soldier,Dixie Chicks,48,12,Gains In Performance
2002-12-28,44,Lately (Been Dreamin' 'Bout Babies),Tracy Byrd,43,8,Gains In Performance
2002-12-28,45,That'd Be Alright,Alan Jackson,53,2,Gains In Performance
2002-12-28,46,It'll Go Away,Kevin Denney,44,8,Gains In Performance
2002-12-28,47,Almost Home,Craig Morgan,49,11,Gains In Performance
2002-12-28,48,John J. Blanchard,Anthony Smith,42,13,
2002-12-28,49,I'd Love To Lay You Down,Daryle Singletary,47,14,
2002-12-28,50,I Drove All Night,Pinmonkey,50,7,Gains In Performance
2002-12-28,51,Picture,Kid Rock Featuring Sheryl Crow Or Allison Moorer,52,12,Gains In Performance
2002-12-28,52,Cry,Faith Hill,45,19,
2002-12-28,53,Three Wooden Crosses,Randy Travis,56,4,Gains In Performance
2002-12-28,54,There's More To Me Than You,Jessica Andrews,60,4,Gains In Performance
2002-12-28,55,Love Won't Let Me,Tammy Cochran,57,3,Gains In Performance
2002-12-28,56,It Won't Be Christmas Without You,Brooks & Dunn,NEW,1,Highest ranking debut|Gains In Performance
2002-12-28,57,Speed,Montgomery Gentry,NEW,1,Gains In Performance
2002-12-28,58,Hangin' Round The Mistletoe,Brooks & Dunn,NEW,1,Gains In Performance
2002-12-28,59,I Want My Baby Back,Mark Chesnutt,51,10,
2002-12-28,60,Tiny Dancer,Tim McGraw,59,5,Gains In Performance
2003-01-04,1,She'll Leave You With A Smile,George Strait,1,18,
2003-01-04,2,19 Somethin',Mark Wills,4,14,Gains In Performance
2003-01-04,3,Who's Your Daddy?,Toby Keith,2,21,
2003-01-04,4,These Days,Rascal Flatts,3,28,
2003-01-04,5,Fall Into Me,Emerson Drive,5,26,Gains In Performance
2003-01-04,6,A Lot Of Things Different,Kenny Chesney,7,21,
2003-01-04,7,I Just Wanna Be Mad,Terri Clark,9,19,Gains In Performance
2003-01-04,8,Red Rag Top,Tim McGraw,6,16,
2003-01-04,9,The Baby,Blake Shelton,10,10,Gains In Performance
2003-01-04,10,Somebody Like You,Keith Urban,8,27,
2003-01-04,11,I Wish You'd Stay,Brad Paisley,12,21,
2003-01-04,12,Man To Man,Gary Allan,16,14,Gains In Performance
2003-01-04,13,You Can't Hide Beautiful,Aaron Lines,17,21,Gains In Performance
2003-01-04,14,Landslide,Dixie Chicks,11,18,
2003-01-04,15,Beautiful Mess,Diamond Rio,15,39,
2003-01-04,16,Unusually Unusual,Lonestar,18,21,
2003-01-04,17,Strong Enough To Be Your Man,Travis Tritt,13,27,
2003-01-04,18,Every River,Brooks & Dunn,14,18,
2003-01-04,19,Chrome,Trace Adkins,21,15,
2003-01-04,20,At The End Of The Day,Kellie Coffey,23,22,Gains In Performance
2003-01-04,21,On A Mission,Trick Pony,22,19,
2003-01-04,22,Beautiful Goodbye,Jennifer Hanson,25,22,Gains In Performance
2003-01-04,23,Next Big Thing,Vince Gill,26,9,Gains In Performance
2003-01-04,24,Brokenheartsville,Joe Nichols,27,10,Gains In Performance
2003-01-04,25,'Til Nothing Comes Between Us,John Michael Montgomery,19,24,
2003-01-04,26,There's No Limit,Deana Carter,28,11,Gains In Performance
2003-01-04,27,I'm Gonna Getcha Good!,Shania Twain,24,12,
2003-01-04,28,I Believe,Diamond Rio,32,7,Gains In Performance
2003-01-04,29,Up!,Shania Twain,33,6,Gains In Performance
2003-01-04,30,Family Tree,Darryl Worley,31,12,
2003-01-04,31,Raining On Sunday,Keith Urban,37,6,Gains In Performance
2003-01-04,32,Waitin' On Joe,Steve Azar,30,23,
2003-01-04,33,I'm Not Breakin',Steve Holy,29,18,
2003-01-04,34,Concrete Angel,Martina McBride,35,6,Gains In Performance
2003-01-04,35,When The Lights Go Down,Faith Hill,36,7,Gains In Performance
2003-01-04,36,Practice Life,Andy Griggs With Martina McBride,34,16,Gains In Performance
2003-01-04,37,Let It Be Christmas,Alan Jackson,42,4,Gains In Performance
2003-01-04,38,What A Beautiful Day,Chris Cagle,38,8,Gains In Performance
2003-01-04,39,Travelin' Soldier,Dixie Chicks,43,13,Gains In Performance
2003-01-04,40,That'd Be Alright,Alan Jackson,45,3,Gains In Performance
2003-01-04,41,A Memory Like I'm Gonna Be,Tanya Tucker,39,20,
2003-01-04,42,Forever Everyday,Lee Ann Womack,40,11,
2003-01-04,43,My Old Man,Rodney Atkins,41,14,
2003-01-04,44,Lately (Been Dreamin' 'Bout Babies),Tracy Byrd,44,9,Gains In Performance
2003-01-04,45,It Won't Be Christmas Without You,Brooks & Dunn,56,2,Gains In Performance
2003-01-04,46,It'll Go Away,Kevin Denney,46,9,
2003-01-04,47,Almost Home,Craig Morgan,47,12,
2003-01-04,48,I Drove All Night,Pinmonkey,50,8,Gains In Performance
2003-01-04,49,Picture,Kid Rock Featuring Sheryl Crow Or Allison Moorer,51,13,Gains In Performance
2003-01-04,50,Cry,Faith Hill,52,20,Gains In Performance
2003-01-04,51,There's More To Me Than You,Jessica Andrews,54,5,Gains In Performance
2003-01-04,52,I'd Love To Lay You Down,Daryle Singletary,49,15,
2003-01-04,53,The Love Song,Jeff Bates,NEW,1,Highest ranking debut|Gains In Performance
2003-01-04,54,Three Wooden Crosses,Randy Travis,53,5,Gains In Performance
2003-01-04,55,Speed,Montgomery Gentry,57,2,Gains In Performance
2003-01-04,56,Hangin' Round The Mistletoe,Brooks & Dunn,58,2,Gains In Performance
2003-01-04,57,Winter Wonderland,Brooks & Dunn,NEW,1,Gains In Performance
2003-01-04,58,Love Won't Let Me,Tammy Cochran,55,4,Gains In Performance
2003-01-04,59,John J. Blanchard,Anthony Smith,48,14,
2003-01-04,60,Feliz Navidad,Clay Walker,NEW,1,Gains In Performance
2003-01-11,1,19 Somethin',Mark Wills,2,15,Gains In Performance
2003-01-11,2,She'll Leave You With A Smile,George Strait,1,19,
2003-01-11,3,Who's Your Daddy?,Toby Keith,3,22,
2003-01-11,4,These Days,Rascal Flatts,4,29,
2003-01-11,5,Fall Into Me,Emerson Drive,5,27,
2003-01-11,6,The Baby,Blake Shelton,9,11,
2003-01-11,7,I Just Wanna Be Mad,Terri Clark,7,20,
2003-01-11,8,A Lot Of Things Different,Kenny Chesney,6,22,
2003-01-11,9,Somebody Like You,Keith Urban,10,28,
2003-01-11,10,Red Rag Top,Tim McGraw,8,17,
2003-01-11,11,You Can't Hide Beautiful,Aaron Lines,13,22,
2003-01-11,12,Landslide,Dixie Chicks,14,19,
2003-01-11,13,Man To Man,Gary Allan,12,15,
2003-01-11,14,Beautiful Mess,Diamond Rio,15,40,
2003-01-11,15,I Wish You'd Stay,Brad Paisley,11,22,
2003-01-11,16,Unusually Unusual,Lonestar,16,22,
2003-01-11,17,Chrome,Trace Adkins,19,16,
2003-01-11,18,At The End Of The Day,Kellie Coffey,20,23,
2003-01-11,19,On A Mission,Trick Pony,21,20,
2003-01-11,20,Strong Enough To Be Your Man,Travis Tritt,17,28,
2003-01-11,21,Brokenheartsville,Joe Nichols,24,11,
2003-01-11,22,Beautiful Goodbye,Jennifer Hanson,22,23,
2003-01-11,23,Next Big Thing,Vince Gill,23,10,
2003-01-11,24,Up!,Shania Twain,29,7,Gains In Performance
2003-01-11,25,Every River,Brooks & Dunn,18,19,
2003-01-11,26,I Believe,Diamond Rio,28,8,
2003-01-11,27,There's No Limit,Deana Carter,26,12,
2003-01-11,28,Raining On Sunday,Keith Urban,31,7,
2003-01-11,29,Family Tree,Darryl Worley,30,13,
2003-01-11,30,'Til Nothing Comes Between Us,John Michael Montgomery,25,25,
2003-01-11,31,I'm Gonna Getcha Good!,Shania Twain,27,13,
2003-01-11,32,Concrete Angel,Martina McBride,34,7,
2003-01-11,33,When The Lights Go Down,Faith Hill,35,8,
2003-01-11,34,Travelin' Soldier,Dixie Chicks,39,14,Gains In Performance
2003-01-11,35,That'd Be Alright,Alan Jackson,40,4,Greatest gainer this week|Gains In Performance
2003-01-11,36,Waitin' On Joe,Steve Azar,32,24,
2003-01-11,37,Practice Life,Andy Griggs With Martina McBride,36,17,
2003-01-11,38,Let It Be Christmas,Alan Jackson,37,5,Gains In Performance
2003-01-11,39,What A Beautiful Day,Chris Cagle,38,9,
2003-01-11,40,I'm Not Breakin',Steve Holy,33,19,
2003-01-11,41,It Won't Be Christmas Without You,Brooks & Dunn,45,3,Gains In Performance
2003-01-11,42,A Memory Like I'm Gonna Be,Tanya Tucker,41,21,
2003-01-11,43,The Love Song,Jeff Bates,53,2,Gains In Performance
2003-01-11,44,Lately (Been Dreamin' 'Bout Babies),Tracy Byrd,44,10,
2003-01-11,45,Forever Everyday,Lee Ann Womack,42,12,
2003-01-11,46,My Old Man,Rodney Atkins,43,15,
2003-01-11,47,Hangin' Round The Mistletoe,Brooks & Dunn,56,3,Gains In Performance
2003-01-11,48,It'll Go Away,Kevin Denney,46,10,
2003-01-11,49,Feliz Navidad,Clay Walker,60,2,Gains In Performance
2003-01-11,50,Almost Home,Craig Morgan,47,13,
2003-01-11,51,There's More To Me Than You,Jessica Andrews,51,6,Gains In Performance
2003-01-11,52,Three Wooden Crosses,Randy Travis,54,6,Gains In Performance
2003-01-11,53,This Is God,Phil Vassar,NEW,1,Highest ranking debut|Gains In Performance
2003-01-11,54,Picture,Kid Rock Featuring Sheryl Crow Or Allison Moorer,49,14,
2003-01-11,55,I Drove All Night,Pinmonkey,48,9,
2003-01-11,56,Speed,Montgomery Gentry,55,3,Gains In Performance
2003-01-11,57,Rockin' Little Christmas,Brooks & Dunn,NEW,1,Gains In Performance
2003-01-11,58,Jingle Bells,Alan Jackson,NEW,1,Gains In Performance
2003-01-11,59,Winter Wonderland,Brooks & Dunn,57,2,
2003-01-11,60,Love Won't Let Me,Tammy Cochran,58,5,
2003-01-18,1,19 Somethin',Mark Wills,1,16,Greatest gainer this week|Gains In Performance
2003-01-18,2,She'll Leave You With A Smile,George Strait,2,20,Gains In Performance
2003-01-18,3,Fall Into Me,Emerson Drive,5,28,Gains In Performance
2003-01-18,4,Who's Your Daddy?,Toby Keith,3,23,Gains In Performance
2003-01-18,5,These Days,Rascal Flatts,4,30,Gains In Performance
2003-01-18,6,The Baby,Blake Shelton,6,12,Gains In Performance
2003-01-18,7,I Just Wanna Be Mad,Terri Clark,7,21,Gains In Performance
2003-01-18,8,A Lot Of Things Different,Kenny Chesney,8,23,Gains In Performance
2003-01-18,9,Somebody Like You,Keith Urban,9,29,Gains In Performance
2003-01-18,10,You Can't Hide Beautiful,Aaron Lines,11,23,Gains In Performance
2003-01-18,11,Red Rag Top,Tim McGraw,10,18,Gains In Performance
2003-01-18,12,Man To Man,Gary Allan,13,16,Gains In Performance
2003-01-18,13,I Wish You'd Stay,Brad Paisley,15,23,Gains In Performance
2003-01-18,14,Beautiful Mess,Diamond Rio,14,41,Gains In Performance
2003-01-18,15,Landslide,Dixie Chicks,12,20,Gains In Performance
2003-01-18,16,Unusually Unusual,Lonestar,16,23,Gains In Performance
2003-01-18,17,Chrome,Trace Adkins,17,17,Gains In Performance
2003-01-18,18,At The End Of The Day,Kellie Coffey,18,24,Gains In Performance
2003-01-18,19,On A Mission,Trick Pony,19,21,Gains In Performance
2003-01-18,20,Strong Enough To Be Your Man,Travis Tritt,20,29,Gains In Performance
2003-01-18,21,Beautiful Goodbye,Jennifer Hanson,22,24,Gains In Performance
2003-01-18,22,Brokenheartsville,Joe Nichols,21,12,Gains In Performance
2003-01-18,23,Next Big Thing,Vince Gill,23,11,Gains In Performance
2003-01-18,24,Up!,Shania Twain,24,8,Gains In Performance
2003-01-18,25,There's No Limit,Deana Carter,27,13,Gains In Performance
2003-01-18,26,Family Tree,Darryl Worley,29,14,Gains In Performance
2003-01-18,27,I Believe,Diamond Rio,26,9,Gains In Performance
2003-01-18,28,Raining On Sunday,Keith Urban,28,8,Gains In Performance
2003-01-18,29,Every River,Brooks & Dunn,25,20,Gains In Performance
2003-01-18,30,When The Lights Go Down,Faith Hill,33,9,Gains In Performance
2003-01-18,31,I'm Gonna Getcha Good!,Shania Twain,31,14,Gains In Performance
2003-01-18,32,Concrete Angel,Martina McBride,32,8,Gains In Performance
2003-01-18,33,'Til Nothing Comes Between Us,John Michael Montgomery,30,26,Gains In Performance
2003-01-18,34,Travelin' Soldier,Dixie Chicks,34,15,Gains In Performance
2003-01-18,35,Practice Life,Andy Griggs With Martina McBride,37,18,Gains In Performance
2003-01-18,36,Waitin' On Joe,Steve Azar,36,25,Gains In Performance
2003-01-18,37,That'd Be Alright,Alan Jackson,35,5,Gains In Performance
2003-01-18,38,I'm Not Breakin',Steve Holy,40,20,Gains In Performance
2003-01-18,39,What A Beautiful Day,Chris Cagle,39,10,Gains In Performance
2003-01-18,40,The Love Song,Jeff Bates,43,3,Gains In Performance
2003-01-18,41,A Memory Like I'm Gonna Be,Tanya Tucker,42,22,Gains In Performance
2003-01-18,42,Forever Everyday,Lee Ann Womack,45,13,Gains In Performance
2003-01-18,43,Lately (Been Dreamin' 'Bout Babies),Tracy Byrd,44,11,Gains In Performance
2003-01-18,44,This Is God,Phil Vassar,53,2,Gains In Performance
2003-01-18,45,It'll Go Away,Kevin Denney,48,11,Gains In Performance
2003-01-18,46,Almost Home,Craig Morgan,50,14,Gains In Performance
2003-01-18,47,There's More To Me Than You,Jessica Andrews,51,7,Gains In Performance
2003-01-18,48,Three Wooden Crosses,Randy Travis,52,7,Gains In Performance
2003-01-18,49,I Drove All Night,Pinmonkey,55,10,Gains In Performance
2003-01-18,50,Speed,Montgomery Gentry,56,4,Gains In Performance
2003-01-18,51,Big Star,Kenny Chesney,NEW,1,Highest ranking debut|Gains In Performance
2003-01-18,52,My Old Man,Rodney Atkins,46,16,Gains In Performance
2003-01-18,53,Picture,Kid Rock Featuring Sheryl Crow Or Allison Moorer,54,15,Gains In Performance
2003-01-18,54,Love Won't Let Me,Tammy Cochran,60,6,Gains In Performance
2003-01-18,55,Rock You Baby,Toby Keith,NEW,1,Gains In Performance
2003-01-18,56,I'd Love To Lay You Down,Daryle Singletary,RE,16,Gains In Performance
2003-01-18,57,John J. Blanchard,Anthony Smith,RE,15,Gains In Performance
2003-01-18,58,We Shook Hands (Man To Man),Tebey,NEW,1,Gains In Performance
2003-01-18,59,Was That My Life,Jo Dee Messina,NEW,1,Gains In Performance
2003-01-18,60,Love Like There's No Tomorrow,Aaron Tippin Featuring Thea Tippin,RE,2,Gains In Performance
2003-01-25,1,19 Somethin',Mark Wills,1,17,Gains In Performance
2003-01-25,2,She'll Leave You With A Smile,George Strait,2,21,Gains In Performance
2003-01-25,3,Fall Into Me,Emerson Drive,3,29,Gains In Performance
2003-01-25,4,The Baby,Blake Shelton,6,13,Greatest gainer this week|Gains In Performance
2003-01-25,5,These Days,Rascal Flatts,5,31,
2003-01-25,6,Who's Your Daddy?,Toby Keith,4,24,
2003-01-25,7,I Just Wanna Be Mad,Terri Clark,7,22,Gains In Performance
2003-01-25,8,You Can't Hide Beautiful,Aaron Lines,10,24,Gains In Performance
2003-01-25,9,A Lot Of Things Different,Kenny Chesney,8,24,
2003-01-25,10,Man To Man,Gary Allan,12,17,Gains In Performance
2003-01-25,11,Somebody Like You,Keith Urban,9,30,
2003-01-25,12,Red Rag Top,Tim McGraw,11,19,
2003-01-25,13,I Wish You'd Stay,Brad Paisley,13,24,Gains In Performance
2003-01-25,14,Unusually Unusual,Lonestar,16,24,Gains In Performance
2003-01-25,15,Landslide,Dixie Chicks,15,21,
2003-01-25,16,Beautiful Mess,Diamond Rio,14,42,
2003-01-25,17,Chrome,Trace Adkins,17,18,Gains In Performance
2003-01-25,18,Brokenheartsville,Joe Nichols,22,13,Gains In Performance
2003-01-25,19,At The End Of The Day,Kellie Coffey,18,25,Gains In Performance
2003-01-25,20,Beautiful Goodbye,Jennifer Hanson,21,25,Gains In Performance
2003-01-25,21,On A Mission,Trick Pony,19,22,Gains In Performance
2003-01-25,22,Up!,Shania Twain,24,9,Gains In Performance
2003-01-25,23,Next Big Thing,Vince Gill,23,12,Gains In Performance
2003-01-25,24,I Believe,Diamond Rio,27,10,Gains In Performance
2003-01-25,25,Travelin' Soldier,Dixie Chicks,34,16,Gains In Performance
2003-01-25,26,There's No Limit,Deana Carter,25,14,Gains In Performance
2003-01-25,27,That'd Be Alright,Alan Jackson,37,6,Gains In Performance
2003-01-25,28,Raining On Sunday,Keith Urban,28,9,Gains In Performance
2003-01-25,29,Family Tree,Darryl Worley,26,15,Gains In Performance
2003-01-25,30,When The Lights Go Down,Faith Hill,30,10,Gains In Performance
2003-01-25,31,Concrete Angel,Martina McBride,32,9,Gains In Performance
2003-01-25,32,What A Beautiful Day,Chris Cagle,39,11,Gains In Performance
2003-01-25,33,Practice Life,Andy Griggs With Martina McBride,35,19,
2003-01-25,34,I'm Gonna Getcha Good!,Shania Twain,31,15,
2003-01-25,35,Big Star,Kenny Chesney,51,2,Gains In Performance
2003-01-25,36,This Is God,Phil Vassar,44,3,Gains In Performance
2003-01-25,37,The Love Song,Jeff Bates,40,4,Gains In Performance
2003-01-25,38,Lately (Been Dreamin' 'Bout Babies),Tracy Byrd,43,12,Gains In Performance
2003-01-25,39,Rock You Baby,Toby Keith,55,2,Gains In Performance
2003-01-25,40,There's More To Me Than You,Jessica Andrews,47,8,Gains In Performance
2003-01-25,41,Forever Everyday,Lee Ann Womack,42,14,
2003-01-25,42,Almost Home,Craig Morgan,46,15,Gains In Performance
2003-01-25,43,It'll Go Away,Kevin Denney,45,12,Gains In Performance
2003-01-25,44,Speed,Montgomery Gentry,50,5,Gains In Performance
2003-01-25,45,Three Wooden Crosses,Randy Travis,48,8,Gains In Performance
2003-01-25,46,I Drove All Night,Pinmonkey,49,11,Gains In Performance
2003-01-25,47,She's My Kind Of Rain,Tim McGraw,RE,2,Gains In Performance
2003-01-25,48,Picture,Kid Rock Featuring Sheryl Crow Or Allison Moorer,53,16,Gains In Performance
2003-01-25,49,Love Won't Let Me,Tammy Cochran,54,7,Gains In Performance
2003-01-25,50,We Shook Hands (Man To Man),Tebey,58,2,Gains In Performance
2003-01-25,51,My Old Man,Rodney Atkins,52,17,
2003-01-25,52,Love Like There's No Tomorrow,Aaron Tippin Featuring Thea Tippin,60,3,Gains In Performance
2003-01-25,53,Was That My Life,Jo Dee Messina,59,2,Gains In Performance
2003-01-25,54,I'd Love To Lay You Down,Daryle Singletary,56,17,Gains In Performance
2003-01-25,55,I Want My Money Back,Sammy Kershaw,NEW,1,Highest ranking debut|Gains In Performance
2003-01-25,56,Country Ain't Country,Travis Tritt,NEW,1,Gains In Performance
2003-01-25,57,Tiny Dancer,Tim McGraw,RE,6,
2003-01-25,58,Southern Boy,The Charlie Daniels Band With Travis Tritt,NEW,1,Gains In Performance
2003-01-25,59,Love You Out Loud,Rascal Flatts,NEW,1,Gains In Performance
2003-01-25,60,John J. Blanchard,Anthony Smith,57,16,
2003-02-01,1,19 Somethin',Mark Wills,1,18,Gains In Performance
2003-02-01,2,The Baby,Blake Shelton,4,14,Gains In Performance
2003-02-01,3,Fall Into Me,Emerson Drive,3,30,Gains In Performance
2003-02-01,4,She'll Leave You With A Smile,George Strait,2,22,
2003-02-01,5,I Just Wanna Be Mad,Terri Clark,7,23,Gains In Performance
2003-02-01,6,You Can't Hide Beautiful,Aaron Lines,8,25,Gains In Performance
2003-02-01,7,Man To Man,Gary Allan,10,18,Gains In Performance
2003-02-01,8,Who's Your Daddy?,Toby Keith,6,25,
2003-02-01,9,These Days,Rascal Flatts,5,32,
2003-02-01,10,I Wish You'd Stay,Brad Paisley,13,25,Gains In Performance
2003-02-01,11,Somebody Like You,Keith Urban,11,31,
2003-02-01,12,Unusually Unusual,Lonestar,14,25,Gains In Performance
2003-02-01,13,Brokenheartsville,Joe Nichols,18,14,Gains In Performance
2003-02-01,14,A Lot Of Things Different,Kenny Chesney,9,25,
2003-02-01,15,Chrome,Trace Adkins,17,19,Gains In Performance
2003-02-01,16,Beautiful Mess,Diamond Rio,16,43,
2003-02-01,17,Up!,Shania Twain,22,10,Gains In Performance
2003-02-01,18,Landslide,Dixie Chicks,15,22,
2003-02-01,19,Red Rag Top,Tim McGraw,12,20,
2003-02-01,20,At The End Of The Day,Kellie Coffey,19,26,Gains In Performance
2003-02-01,21,Travelin' Soldier,Dixie Chicks,25,17,Greatest gainer this week|Gains In Performance
2003-02-01,22,On A Mission,Trick Pony,21,23,Gains In Performance
2003-02-01,23,Next Big Thing,Vince Gill,23,13,Gains In Performance
2003-02-01,24,Beautiful Goodbye,Jennifer Hanson,20,26,Gains In Performance
2003-02-01,25,That'd Be Alright,Alan Jackson,27,7,Gains In Performance
2003-02-01,26,Raining On Sunday,Keith Urban,28,10,Gains In Performance
2003-02-01,27,I Believe,Diamond Rio,24,11,Gains In Performance
2003-02-01,28,There's No Limit,Deana Carter,26,15,Gains In Performance
2003-02-01,29,When The Lights Go Down,Faith Hill,30,11,Gains In Performance
2003-02-01,30,Family Tree,Darryl Worley,29,16,Gains In Performance
2003-02-01,31,Concrete Angel,Martina McBride,31,10,Gains In Performance
2003-02-01,32,What A Beautiful Day,Chris Cagle,32,12,Gains In Performance
2003-02-01,33,Big Star,Kenny Chesney,35,3,Gains In Performance
2003-02-01,34,Practice Life,Andy Griggs With Martina McBride,33,20,
2003-02-01,35,The Love Song,Jeff Bates,37,5,Gains In Performance
2003-02-01,36,This Is God,Phil Vassar,36,4,Gains In Performance
2003-02-01,37,Rock You Baby,Toby Keith,39,3,Gains In Performance
2003-02-01,38,She's My Kind Of Rain,Tim McGraw,47,3,Gains In Performance
2003-02-01,39,I'm Gonna Getcha Good!,Shania Twain,34,16,
2003-02-01,40,There's More To Me Than You,Jessica Andrews,40,9,Gains In Performance
2003-02-01,41,Lately (Been Dreamin' 'Bout Babies),Tracy Byrd,38,13,
2003-02-01,42,Speed,Montgomery Gentry,44,6,Gains In Performance
2003-02-01,43,Almost Home,Craig Morgan,42,16,Gains In Performance
2003-02-01,44,Three Wooden Crosses,Randy Travis,45,9,Gains In Performance
2003-02-01,45,I Drove All Night,Pinmonkey,46,12,Gains In Performance
2003-02-01,46,Was That My Life,Jo Dee Messina,53,3,Gains In Performance
2003-02-01,47,Love Won't Let Me,Tammy Cochran,49,8,Gains In Performance
2003-02-01,48,It'll Go Away,Kevin Denney,43,13,
2003-02-01,49,Forever Everyday,Lee Ann Womack,41,15,
2003-02-01,50,Picture,Kid Rock Featuring Sheryl Crow Or Allison Moorer,48,17,
2003-02-01,51,Love Like There's No Tomorrow,Aaron Tippin Featuring Thea Tippin,52,4,Gains In Performance
2003-02-01,52,Country Ain't Country,Travis Tritt,56,2,Gains In Performance
2003-02-01,53,Love You Out Loud,Rascal Flatts,59,2,Gains In Performance
2003-02-01,54,We Shook Hands (Man To Man),Tebey,50,3,
2003-02-01,55,Tiny Dancer,Tim McGraw,57,7,Gains In Performance
2003-02-01,56,I Want My Money Back,Sammy Kershaw,55,2,
2003-02-01,57,Southern Boy,The Charlie Daniels Band With Travis Tritt,58,2,Gains In Performance
2003-02-01,58,I'd Love To Lay You Down,Daryle Singletary,54,18,
2003-02-01,59,It Can All Be Gone,Jamie Lee Thurston,NEW,1,Highest ranking debut|Gains In Performance
2003-02-01,60,Beer For My Horses,Toby Keith Duet With Willie Nelson,RE,4,Gains In Performance
2003-02-08,1,19 Somethin',Mark Wills,1,19,Gains In Performance
2003-02-08,2,The Baby,Blake Shelton,2,15,Gains In Performance
2003-02-08,3,I Just Wanna Be Mad,Terri Clark,5,24,Gains In Performance
2003-02-08,4,Fall Into Me,Emerson Drive,3,31,
2003-02-08,5,You Can't Hide Beautiful,Aaron Lines,6,26,Gains In Performance
2003-02-08,6,She'll Leave You With A Smile,George Strait,4,23,
2003-02-08,7,Man To Man,Gary Allan,7,19,Gains In Performance
2003-02-08,8,I Wish You'd Stay,Brad Paisley,10,26,Gains In Performance
2003-02-08,9,These Days,Rascal Flatts,9,33,
2003-02-08,10,Who's Your Daddy?,Toby Keith,8,26,
2003-02-08,11,Brokenheartsville,Joe Nichols,13,15,Gains In Performance
2003-02-08,12,Somebody Like You,Keith Urban,11,32,
2003-02-08,13,Unusually Unusual,Lonestar,12,26,
2003-02-08,14,Chrome,Trace Adkins,15,20,Gains In Performance
2003-02-08,15,Travelin' Soldier,Dixie Chicks,21,18,Gains In Performance
2003-02-08,16,Up!,Shania Twain,17,11,Gains In Performance
2003-02-08,17,Beautiful Mess,Diamond Rio,16,44,
2003-02-08,18,Beautiful Goodbye,Jennifer Hanson,24,27,Gains In Performance
2003-02-08,19,That'd Be Alright,Alan Jackson,25,8,Gains In Performance
2003-02-08,20,On A Mission,Trick Pony,22,24,Gains In Performance
2003-02-08,21,Next Big Thing,Vince Gill,23,14,Gains In Performance
2003-02-08,22,Raining On Sunday,Keith Urban,26,11,Gains In Performance
2003-02-08,23,I Believe,Diamond Rio,27,12,Gains In Performance
2003-02-08,24,There's No Limit,Deana Carter,28,16,Gains In Performance
2003-02-08,25,Concrete Angel,Martina McBride,31,11,Gains In Performance
2003-02-08,26,Big Star,Kenny Chesney,33,4,Gains In Performance
2003-02-08,27,When The Lights Go Down,Faith Hill,29,12,Gains In Performance
2003-02-08,28,Family Tree,Darryl Worley,30,17,
2003-02-08,29,What A Beautiful Day,Chris Cagle,32,13,Gains In Performance
2003-02-08,30,She's My Kind Of Rain,Tim McGraw,38,4,Gains In Performance
2003-02-08,31,Rock You Baby,Toby Keith,37,4,Gains In Performance
2003-02-08,32,This Is God,Phil Vassar,36,5,Gains In Performance
2003-02-08,33,The Love Song,Jeff Bates,35,6,Gains In Performance
2003-02-08,34,There's More To Me Than You,Jessica Andrews,40,10,Gains In Performance
2003-02-08,35,Speed,Montgomery Gentry,42,7,Gains In Performance
2003-02-08,36,I'm Gonna Getcha Good!,Shania Twain,39,17,
2003-02-08,37,Almost Home,Craig Morgan,43,17,Gains In Performance
2003-02-08,38,Was That My Life,Jo Dee Messina,46,4,Gains In Performance
2003-02-08,39,Three Wooden Crosses,Randy Travis,44,10,Gains In Performance
2003-02-08,40,I Drove All Night,Pinmonkey,45,13,Gains In Performance
2003-02-08,41,Love Won't Let Me,Tammy Cochran,47,9,Gains In Performance
2003-02-08,42,Love You Out Loud,Rascal Flatts,53,3,Gains In Performance
2003-02-08,43,Lately (Been Dreamin' 'Bout Babies),Tracy Byrd,41,14,
2003-02-08,44,Picture,Kid Rock Featuring Sheryl Crow Or Allison Moorer,50,18,Gains In Performance
2003-02-08,45,Country Ain't Country,Travis Tritt,52,3,Gains In Performance
2003-02-08,46,Love Like There's No Tomorrow,Aaron Tippin Featuring Thea Tippin,51,5,Gains In Performance
2003-02-08,47,It'll Go Away,Kevin Denney,48,14,
2003-02-08,48,I Want My Money Back,Sammy Kershaw,56,3,Gains In Performance
2003-02-08,49,We Shook Hands (Man To Man),Tebey,54,4,Gains In Performance
2003-02-08,50,Forever Everyday,Lee Ann Womack,49,16,
2003-02-08,51,Tiny Dancer,Tim McGraw,55,8,Gains In Performance
2003-02-08,52,Southern Boy,The Charlie Daniels Band With Travis Tritt,57,3,Gains In Performance
2003-02-08,53,Country Thang,John Michael Montgomery,NEW,1,Highest ranking debut|Gains In Performance
2003-02-08,54,Beer For My Horses,Toby Keith Duet With Willie Nelson,60,5,Gains In Performance
2003-02-08,55,Rock-A-Bye Heart,Steve Holy,NEW,1,Gains In Performance
2003-02-08,56,Half A Man,Anthony Smith,NEW,1,Gains In Performance
2003-02-08,57,I'd Love To Lay You Down,Daryle Singletary,58,19,
2003-02-08,58,Stay Gone,Jimmy Wayne,NEW,1,Gains In Performance
2003-02-08,59,It Can All Be Gone,Jamie Lee Thurston,59,2,
2003-02-08,60,17,Cross Canadian Ragweed,RE,2,
2003-02-15,1,19 Somethin',Mark Wills,1,20,
2003-02-15,2,The Baby,Blake Shelton,2,16,Gains In Performance
2003-02-15,3,I Just Wanna Be Mad,Terri Clark,3,25,Gains In Performance
2003-02-15,4,You Can't Hide Beautiful,Aaron Lines,5,27,Gains In Performance
2003-02-15,5,Fall Into Me,Emerson Drive,4,32,
2003-02-15,6,Man To Man,Gary Allan,7,20,Gains In Performance
2003-02-15,7,I Wish You'd Stay,Brad Paisley,8,27,Gains In Performance
2003-02-15,8,She'll Leave You With A Smile,George Strait,6,24,
2003-02-15,9,Brokenheartsville,Joe Nichols,11,16,Gains In Performance
2003-02-15,10,Travelin' Soldier,Dixie Chicks,15,19,Greatest gainer this week|Gains In Performance
2003-02-15,11,Chrome,Trace Adkins,14,21,Gains In Performance
2003-02-15,12,These Days,Rascal Flatts,9,34,
2003-02-15,13,Somebody Like You,Keith Urban,12,33,
2003-02-15,14,Who's Your Daddy?,Toby Keith,10,27,
2003-02-15,15,That'd Be Alright,Alan Jackson,19,9,Gains In Performance
2003-02-15,16,Up!,Shania Twain,16,12,Gains In Performance
2003-02-15,17,Unusually Unusual,Lonestar,13,27,
2003-02-15,18,Next Big Thing,Vince Gill,21,15,Gains In Performance
2003-02-15,19,Beautiful Goodbye,Jennifer Hanson,18,28,Gains In Performance
2003-02-15,20,Beautiful Mess,Diamond Rio,17,45,
2003-02-15,21,Raining On Sunday,Keith Urban,22,12,Gains In Performance
2003-02-15,22,Big Star,Kenny Chesney,26,5,Gains In Performance
2003-02-15,23,Concrete Angel,Martina McBride,25,12,Gains In Performance
2003-02-15,24,I Believe,Diamond Rio,23,13,Gains In Performance
2003-02-15,25,There's No Limit,Deana Carter,24,17,Gains In Performance
2003-02-15,26,She's My Kind Of Rain,Tim McGraw,30,5,Gains In Performance
2003-02-15,27,When The Lights Go Down,Faith Hill,27,13,Gains In Performance
2003-02-15,28,Rock You Baby,Toby Keith,31,5,Gains In Performance
2003-02-15,29,This Is God,Phil Vassar,32,6,Gains In Performance
2003-02-15,30,What A Beautiful Day,Chris Cagle,29,14,Gains In Performance
2003-02-15,31,Family Tree,Darryl Worley,28,18,
2003-02-15,32,The Love Song,Jeff Bates,33,7,Gains In Performance
2003-02-15,33,There's More To Me Than You,Jessica Andrews,34,11,Gains In Performance
2003-02-15,34,Love You Out Loud,Rascal Flatts,42,4,Gains In Performance
2003-02-15,35,Speed,Montgomery Gentry,35,8,Gains In Performance
2003-02-15,36,Three Wooden Crosses,Randy Travis,39,11,Gains In Performance
2003-02-15,37,Almost Home,Craig Morgan,37,18,Gains In Performance
2003-02-15,38,Was That My Life,Jo Dee Messina,38,5,Gains In Performance
2003-02-15,39,Love Won't Let Me,Tammy Cochran,41,10,Gains In Performance
2003-02-15,40,I'm Gonna Getcha Good!,Shania Twain,36,18,
2003-02-15,41,I Drove All Night,Pinmonkey,40,14,Gains In Performance
2003-02-15,42,Country Ain't Country,Travis Tritt,45,4,Gains In Performance
2003-02-15,43,Picture,Kid Rock Featuring Sheryl Crow Or Allison Moorer,44,19,Gains In Performance
2003-02-15,44,Love Like There's No Tomorrow,Aaron Tippin Featuring Thea Tippin,46,6,Gains In Performance
2003-02-15,45,I Want My Money Back,Sammy Kershaw,48,4,Gains In Performance
2003-02-15,46,Lately (Been Dreamin' 'Bout Babies),Tracy Byrd,43,15,
2003-02-15,47,We Shook Hands (Man To Man),Tebey,49,5,
2003-02-15,48,Rock-A-Bye Heart,Steve Holy,55,2,Gains In Performance
2003-02-15,49,Tiny Dancer,Tim McGraw,51,9,
2003-02-15,50,Country Thang,John Michael Montgomery,53,2,
2003-02-15,51,Half A Man,Anthony Smith,56,2,Gains In Performance
2003-02-15,52,Southern Boy,The Charlie Daniels Band With Travis Tritt,52,4,
2003-02-15,53,Stay Gone,Jimmy Wayne,58,2,Gains In Performance
2003-02-15,54,After All,Brett James,NEW,1,Highest ranking debut|Gains In Performance
2003-02-15,55,I'm In Love With A Married Woman,Mark Chesnutt,NEW,1,Gains In Performance
2003-02-15,56,Beer For My Horses,Toby Keith Duet With Willie Nelson,54,6,
2003-02-15,57,It'll Go Away,Kevin Denney,47,15,
2003-02-15,58,Scary Old World,Radney Foster Featuring Chely Wright Or Georgia Middleman,NEW,1,Gains In Performance
2003-02-15,59,Forever Everyday,Lee Ann Womack,50,17,
2003-02-15,60,Snowfall On The Sand,Steve Wariner,NEW,1,Gains In Performance
2003-02-22,1,The Baby,Blake Shelton,2,17,Gains In Performance
2003-02-22,2,I Just Wanna Be Mad,Terri Clark,3,26,Gains In Performance
2003-02-22,3,19 Somethin',Mark Wills,1,21,
2003-02-22,4,You Can't Hide Beautiful,Aaron Lines,4,28,Gains In Performance
2003-02-22,5,Man To Man,Gary Allan,6,21,Gains In Performance
2003-02-22,6,Brokenheartsville,Joe Nichols,9,17,Gains In Performance
2003-02-22,7,Travelin' Soldier,Dixie Chicks,10,20,Gains In Performance
2003-02-22,8,I Wish You'd Stay,Brad Paisley,7,28,Gains In Performance
2003-02-22,9,Fall Into Me,Emerson Drive,5,33,
2003-02-22,10,She'll Leave You With A Smile,George Strait,8,25,
2003-02-22,11,That'd Be Alright,Alan Jackson,15,10,Gains In Performance
2003-02-22,12,Chrome,Trace Adkins,11,22,Gains In Performance
2003-02-22,13,These Days,Rascal Flatts,12,35,
2003-02-22,14,Who's Your Daddy?,Toby Keith,14,28,
2003-02-22,15,Up!,Shania Twain,16,13,Gains In Performance
2003-02-22,16,Somebody Like You,Keith Urban,13,34,
2003-02-22,17,Big Star,Kenny Chesney,22,6,Gains In Performance
2003-02-22,18,Next Big Thing,Vince Gill,18,16,Gains In Performance
2003-02-22,19,Raining On Sunday,Keith Urban,21,13,Gains In Performance
2003-02-22,20,Beautiful Goodbye,Jennifer Hanson,19,29,Gains In Performance
2003-02-22,21,She's My Kind Of Rain,Tim McGraw,26,6,Gains In Performance
2003-02-22,22,I Believe,Diamond Rio,24,14,Gains In Performance
2003-02-22,23,Concrete Angel,Martina McBride,23,13,Gains In Performance
2003-02-22,24,There's No Limit,Deana Carter,25,18,Gains In Performance
2003-02-22,25,Rock You Baby,Toby Keith,28,6,Gains In Performance
2003-02-22,26,When The Lights Go Down,Faith Hill,27,14,Gains In Performance
2003-02-22,27,What A Beautiful Day,Chris Cagle,30,15,Gains In Performance
2003-02-22,28,This Is God,Phil Vassar,29,7,Gains In Performance
2003-02-22,29,Love You Out Loud,Rascal Flatts,34,5,Gains In Performance
2003-02-22,30,The Love Song,Jeff Bates,32,8,Gains In Performance
2003-02-22,31,There's More To Me Than You,Jessica Andrews,33,12,Gains In Performance
2003-02-22,32,Speed,Montgomery Gentry,35,9,Gains In Performance
2003-02-22,33,Almost Home,Craig Morgan,37,19,Gains In Performance
2003-02-22,34,Three Wooden Crosses,Randy Travis,36,12,Gains In Performance
2003-02-22,35,Was That My Life,Jo Dee Messina,38,6,Gains In Performance
2003-02-22,36,I Drove All Night,Pinmonkey,41,15,Gains In Performance
2003-02-22,37,Family Tree,Darryl Worley,31,19,
2003-02-22,38,Love Won't Let Me,Tammy Cochran,39,11,Gains In Performance
2003-02-22,39,Country Ain't Country,Travis Tritt,42,5,Gains In Performance
2003-02-22,40,Picture,Kid Rock Featuring Sheryl Crow Or Allison Moorer,43,20,Gains In Performance
2003-02-22,41,I'm Gonna Getcha Good!,Shania Twain,40,19,
2003-02-22,42,Half A Man,Anthony Smith,51,3,Gains In Performance
2003-02-22,43,Love Like There's No Tomorrow,Aaron Tippin Featuring Thea Tippin,44,7,Gains In Performance
2003-02-22,44,I Want My Money Back,Sammy Kershaw,45,5,Gains In Performance
2003-02-22,45,Rock-A-Bye Heart,Steve Holy,48,3,Gains In Performance
2003-02-22,46,Stay Gone,Jimmy Wayne,53,3,Gains In Performance
2003-02-22,47,We Shook Hands (Man To Man),Tebey,47,6,Gains In Performance
2003-02-22,48,Country Thang,John Michael Montgomery,50,3,Gains In Performance
2003-02-22,49,Tiny Dancer,Tim McGraw,49,10,
2003-02-22,50,I'm In Love With A Married Woman,Mark Chesnutt,55,2,Gains In Performance
2003-02-22,51,Southern Boy,The Charlie Daniels Band With Travis Tritt,52,5,
2003-02-22,52,Snowfall On The Sand,Steve Wariner,60,2,Gains In Performance
2003-02-22,53,Scary Old World,Radney Foster Featuring Chely Wright Or Georgia Middleman,58,2,Gains In Performance
2003-02-22,54,Lately (Been Dreamin' 'Bout Babies),Tracy Byrd,46,16,
2003-02-22,55,Beer For My Horses,Toby Keith Duet With Willie Nelson,56,7,
2003-02-22,56,Cryin' Steel,Jerry Burkhart,NEW,1,Highest ranking debut|Gains In Performance
2003-02-22,57,Angel,Renee McCrary,NEW,1,Gains In Performance
2003-02-22,58,After All,Brett James,54,2,
2003-02-22,59,Unkissed,Holly Lamar,NEW,1,Gains In Performance
2003-02-22,60,17,Cross Canadian Ragweed,RE,3,
2003-03-01,1,The Baby,Blake Shelton,1,18,
2003-03-01,2,19 Somethin',Mark Wills,3,22,Gains In Performance
2003-03-01,3,I Just Wanna Be Mad,Terri Clark,2,27,
2003-03-01,4,Man To Man,Gary Allan,5,22,Gains In Performance
2003-03-01,5,You Can't Hide Beautiful,Aaron Lines,4,29,
2003-03-01,6,Travelin' Soldier,Dixie Chicks,7,21,Greatest gainer this week|Gains In Performance
2003-03-01,7,Brokenheartsville,Joe Nichols,6,18,Gains In Performance
2003-03-01,8,I Wish You'd Stay,Brad Paisley,8,29,
2003-03-01,9,That'd Be Alright,Alan Jackson,11,11,Gains In Performance
2003-03-01,10,Chrome,Trace Adkins,12,23,Gains In Performance
2003-03-01,11,Fall Into Me,Emerson Drive,9,34,
2003-03-01,12,Big Star,Kenny Chesney,17,7,Gains In Performance
2003-03-01,13,She'll Leave You With A Smile,George Strait,10,26,
2003-03-01,14,Up!,Shania Twain,15,14,Gains In Performance
2003-03-01,15,Somebody Like You,Keith Urban,16,35,
2003-03-01,16,These Days,Rascal Flatts,13,36,
2003-03-01,17,Next Big Thing,Vince Gill,18,17,Gains In Performance
2003-03-01,18,Raining On Sunday,Keith Urban,19,14,Gains In Performance
2003-03-01,19,Beautiful Goodbye,Jennifer Hanson,20,30,Gains In Performance
2003-03-01,20,Who's Your Daddy?,Toby Keith,14,29,
2003-03-01,21,Concrete Angel,Martina McBride,23,14,Gains In Performance
2003-03-01,22,She's My Kind Of Rain,Tim McGraw,21,7,Gains In Performance
2003-03-01,23,I Believe,Diamond Rio,22,15,Gains In Performance
2003-03-01,24,There's No Limit,Deana Carter,24,19,Gains In Performance
2003-03-01,25,Rock You Baby,Toby Keith,25,7,Gains In Performance
2003-03-01,26,This Is God,Phil Vassar,28,8,Gains In Performance
2003-03-01,27,When The Lights Go Down,Faith Hill,26,15,Gains In Performance
2003-03-01,28,What A Beautiful Day,Chris Cagle,27,16,Gains In Performance
2003-03-01,29,Love You Out Loud,Rascal Flatts,29,6,Gains In Performance
2003-03-01,30,The Love Song,Jeff Bates,30,9,Gains In Performance
2003-03-01,31,Speed,Montgomery Gentry,32,10,Gains In Performance
2003-03-01,32,There's More To Me Than You,Jessica Andrews,31,13,Gains In Performance
2003-03-01,33,Three Wooden Crosses,Randy Travis,34,13,Gains In Performance
2003-03-01,34,Almost Home,Craig Morgan,33,20,Gains In Performance
2003-03-01,35,Was That My Life,Jo Dee Messina,35,7,Gains In Performance
2003-03-01,36,Love Won't Let Me,Tammy Cochran,38,12,Gains In Performance
2003-03-01,37,Picture,Kid Rock Featuring Sheryl Crow Or Allison Moorer,40,21,Gains In Performance
2003-03-01,38,Country Ain't Country,Travis Tritt,39,6,Gains In Performance
2003-03-01,39,I Drove All Night,Pinmonkey,36,16,
2003-03-01,40,I Want My Money Back,Sammy Kershaw,44,6,Gains In Performance
2003-03-01,41,Love Like There's No Tomorrow,Aaron Tippin Featuring Thea Tippin,43,8,Gains In Performance
2003-03-01,42,I'm Gonna Getcha Good!,Shania Twain,41,20,
2003-03-01,43,Stay Gone,Jimmy Wayne,46,4,Greatest gainer this week|Gains In Performance
2003-03-01,44,Family Tree,Darryl Worley,37,20,
2003-03-01,45,Rock-A-Bye Heart,Steve Holy,45,4,Gains In Performance
2003-03-01,46,Half A Man,Anthony Smith,42,4,
2003-03-01,47,After All,Brett James,58,3,Gains In Performance
2003-03-01,48,Country Thang,John Michael Montgomery,48,4,Gains In Performance
2003-03-01,49,We Shook Hands (Man To Man),Tebey,47,7,
2003-03-01,50,I'm In Love With A Married Woman,Mark Chesnutt,50,3,Gains In Performance
2003-03-01,51,Tiny Dancer,Tim McGraw,49,11,Gains In Performance
2003-03-01,52,Snowfall On The Sand,Steve Wariner,52,3,Gains In Performance
2003-03-01,53,When You Think Of Me,Mark Wills,NEW,1,Highest ranking debut|Gains In Performance
2003-03-01,54,Scary Old World,Radney Foster Featuring Chely Wright Or Georgia Middleman,53,3,Gains In Performance
2003-03-01,55,Beer For My Horses,Toby Keith Duet With Willie Nelson,55,8,Gains In Performance
2003-03-01,56,Backseat Of A Greyhound Bus,Sara Evans,NEW,1,Gains In Performance
2003-03-01,57,Southern Boy,The Charlie Daniels Band With Travis Tritt,51,6,
2003-03-01,58,Whatever It Takes,Kellie Coffey,NEW,1,Gains In Performance
2003-03-01,59,"Hey Love, No Fair",Leland Martin,NEW,1,Gains In Performance
2003-03-01,60,One Mississippi,Jill King,NEW,1,Gains In Performance
2003-03-08,1,The Baby,Blake Shelton,1,19,
2003-03-08,2,Travelin' Soldier,Dixie Chicks,6,22,Greatest gainer this week|Gains In Performance
2003-03-08,3,Man To Man,Gary Allan,4,23,Gains In Performance
2003-03-08,4,19 Somethin',Mark Wills,2,23,
2003-03-08,5,I Just Wanna Be Mad,Terri Clark,3,28,
2003-03-08,6,You Can't Hide Beautiful,Aaron Lines,5,30,Gains In Performance
2003-03-08,7,Brokenheartsville,Joe Nichols,7,19,Gains In Performance
2003-03-08,8,That'd Be Alright,Alan Jackson,9,12,Gains In Performance
2003-03-08,9,I Wish You'd Stay,Brad Paisley,8,30,
2003-03-08,10,Big Star,Kenny Chesney,12,8,Gains In Performance
2003-03-08,11,Chrome,Trace Adkins,10,24,Gains In Performance
2003-03-08,12,Up!,Shania Twain,14,15,Gains In Performance
2003-03-08,13,She's My Kind Of Rain,Tim McGraw,22,8,Gains In Performance
2003-03-08,14,Raining On Sunday,Keith Urban,18,15,Gains In Performance
2003-03-08,15,Fall Into Me,Emerson Drive,11,35,
2003-03-08,16,Concrete Angel,Martina McBride,21,15,Gains In Performance
2003-03-08,17,Somebody Like You,Keith Urban,15,36,
2003-03-08,18,Beautiful Goodbye,Jennifer Hanson,19,31,Gains In Performance
2003-03-08,19,She'll Leave You With A Smile,George Strait,13,27,
2003-03-08,20,Next Big Thing,Vince Gill,17,18,Gains In Performance
2003-03-08,21,I Believe,Diamond Rio,23,16,Gains In Performance
2003-03-08,22,Rock You Baby,Toby Keith,25,8,Gains In Performance
2003-03-08,23,There's No Limit,Deana Carter,24,20,Gains In Performance
2003-03-08,24,What A Beautiful Day,Chris Cagle,28,17,Gains In Performance
2003-03-08,25,Love You Out Loud,Rascal Flatts,29,7,Gains In Performance
2003-03-08,26,This Is God,Phil Vassar,26,9,Gains In Performance
2003-03-08,27,When The Lights Go Down,Faith Hill,27,16,Gains In Performance
2003-03-08,28,The Love Song,Jeff Bates,30,10,Gains In Performance
2003-03-08,29,Speed,Montgomery Gentry,31,11,Gains In Performance
2003-03-08,30,Three Wooden Crosses,Randy Travis,33,14,Gains In Performance
2003-03-08,31,There's More To Me Than You,Jessica Andrews,32,14,Gains In Performance
2003-03-08,32,Was That My Life,Jo Dee Messina,35,8,Gains In Performance
2003-03-08,33,Picture,Kid Rock Featuring Sheryl Crow Or Allison Moorer,37,22,Gains In Performance
2003-03-08,34,Country Ain't Country,Travis Tritt,38,7,Gains In Performance
2003-03-08,35,Love Won't Let Me,Tammy Cochran,36,13,Gains In Performance
2003-03-08,36,I Drove All Night,Pinmonkey,39,17,Gains In Performance
2003-03-08,37,Stay Gone,Jimmy Wayne,43,5,Gains In Performance
2003-03-08,38,I Want My Money Back,Sammy Kershaw,40,7,Gains In Performance
2003-03-08,39,Love Like There's No Tomorrow,Aaron Tippin Featuring Thea Tippin,41,9,Gains In Performance
2003-03-08,40,Rock-A-Bye Heart,Steve Holy,45,5,Gains In Performance
2003-03-08,41,Have You Forgotten?,Darryl Worley,NEW,1,Highest ranking debut|Gains In Performance
2003-03-08,42,Half A Man,Anthony Smith,46,5,Gains In Performance
2003-03-08,43,After All,Brett James,47,4,Gains In Performance
2003-03-08,44,Why Ain't I Running,Garth Brooks,NEW,1,Gains In Performance
2003-03-08,45,Country Thang,John Michael Montgomery,48,5,Gains In Performance
2003-03-08,46,The Lucky One,Alison Krauss + Union Station,RE,5,Gains In Performance
2003-03-08,47,Whatever It Takes,Kellie Coffey,58,2,Gains In Performance
2003-03-08,48,I'm In Love With A Married Woman,Mark Chesnutt,50,4,Gains In Performance
2003-03-08,49,Love's Got An Attitude (It Is What It Is),Amy Dalley,NEW,1,Gains In Performance
2003-03-08,50,When You Think Of Me,Mark Wills,53,2,Gains In Performance
2003-03-08,51,We Shook Hands (Man To Man),Tebey,49,8,
2003-03-08,52,Snowfall On The Sand,Steve Wariner,52,4,Gains In Performance
2003-03-08,53,Backseat Of A Greyhound Bus,Sara Evans,56,2,Gains In Performance
2003-03-08,54,Suddenly,LeAnn Rimes,NEW,1,Gains In Performance
2003-03-08,55,Scary Old World,Radney Foster Featuring Chely Wright Or Georgia Middleman,54,4,Gains In Performance
2003-03-08,56,Hurt,Johnny Cash,NEW,1,Gains In Performance
2003-03-08,57,Beer For My Horses,Toby Keith Duet With Willie Nelson,55,9,
2003-03-08,58,Tiny Dancer,Tim McGraw,51,12,
2003-03-08,59,99.9% Sure (I've Never Been Here Before),Brian McComas,NEW,1,Gains In Performance
2003-03-08,60,Old Weakness (Coming On Strong),Tanya Tucker,NEW,1,Gains In Performance
2003-03-15,1,Man To Man,Gary Allan,3,24,Gains In Performance
2003-03-15,2,Travelin' Soldier,Dixie Chicks,2,23,Gains In Performance
2003-03-15,3,The Baby,Blake Shelton,1,20,
2003-03-15,4,Brokenheartsville,Joe Nichols,7,20,Gains In Performance
2003-03-15,5,19 Somethin',Mark Wills,4,24,
2003-03-15,6,That'd Be Alright,Alan Jackson,8,13,Gains In Performance
2003-03-15,7,I Just Wanna Be Mad,Terri Clark,5,29,
2003-03-15,8,You Can't Hide Beautiful,Aaron Lines,6,31,
2003-03-15,9,Big Star,Kenny Chesney,10,9,Gains In Performance
2003-03-15,10,She's My Kind Of Rain,Tim McGraw,13,9,Gains In Performance
2003-03-15,11,Concrete Angel,Martina McBride,16,16,Gains In Performance
2003-03-15,12,Chrome,Trace Adkins,11,25,
2003-03-15,13,Raining On Sunday,Keith Urban,14,16,Gains In Performance
2003-03-15,14,Up!,Shania Twain,12,16,
2003-03-15,15,Somebody Like You,Keith Urban,17,37,Gains In Performance
2003-03-15,16,Beautiful Goodbye,Jennifer Hanson,18,32,Gains In Performance
2003-03-15,17,I Believe,Diamond Rio,21,17,Gains In Performance
2003-03-15,18,Rock You Baby,Toby Keith,22,9,Gains In Performance
2003-03-15,19,She'll Leave You With A Smile,George Strait,19,28,
2003-03-15,20,Fall Into Me,Emerson Drive,15,36,
2003-03-15,21,There's No Limit,Deana Carter,23,21,Gains In Performance
2003-03-15,22,Have You Forgotten?,Darryl Worley,41,2,Gains In Performance
2003-03-15,23,Next Big Thing,Vince Gill,20,19,
2003-03-15,24,What A Beautiful Day,Chris Cagle,24,18,Gains In Performance
2003-03-15,25,Love You Out Loud,Rascal Flatts,25,8,Gains In Performance
2003-03-15,26,This Is God,Phil Vassar,26,10,Gains In Performance
2003-03-15,27,The Love Song,Jeff Bates,28,11,Gains In Performance
2003-03-15,28,When The Lights Go Down,Faith Hill,27,17,
2003-03-15,29,Three Wooden Crosses,Randy Travis,30,15,Gains In Performance
2003-03-15,30,Speed,Montgomery Gentry,29,12,Gains In Performance
2003-03-15,31,There's More To Me Than You,Jessica Andrews,31,15,Gains In Performance
2003-03-15,32,Was That My Life,Jo Dee Messina,32,9,Gains In Performance
2003-03-15,33,Picture,Kid Rock Featuring Sheryl Crow Or Allison Moorer,33,23,Gains In Performance
2003-03-15,34,Country Ain't Country,Travis Tritt,34,8,Gains In Performance
2003-03-15,35,Love Won't Let Me,Tammy Cochran,35,14,Gains In Performance
2003-03-15,36,Stay Gone,Jimmy Wayne,37,6,Gains In Performance
2003-03-15,37,I Want My Money Back,Sammy Kershaw,38,8,Gains In Performance
2003-03-15,38,Why Ain't I Running,Garth Brooks,44,2,Gains In Performance
2003-03-15,39,I Drove All Night,Pinmonkey,36,18,
2003-03-15,40,Love Like There's No Tomorrow,Aaron Tippin Featuring Thea Tippin,39,10,Gains In Performance
2003-03-15,41,Rock-A-Bye Heart,Steve Holy,40,6,Gains In Performance
2003-03-15,42,Half A Man,Anthony Smith,42,6,Gains In Performance
2003-03-15,43,After All,Brett James,43,5,Gains In Performance
2003-03-15,44,When You Think Of Me,Mark Wills,50,3,Gains In Performance
2003-03-15,45,Backseat Of A Greyhound Bus,Sara Evans,53,3,Gains In Performance
2003-03-15,46,Country Thang,John Michael Montgomery,45,6,
2003-03-15,47,Whatever It Takes,Kellie Coffey,47,3,Gains In Performance
2003-03-15,48,My Front Porch Looking In,Lonestar,NEW,1,Highest ranking debut|Gains In Performance
2003-03-15,49,I'm In Love With A Married Woman,Mark Chesnutt,48,5,Gains In Performance
2003-03-15,50,The Lucky One,Alison Krauss + Union Station,46,6,
2003-03-15,51,99.9% Sure (I've Never Been Here Before),Brian McComas,59,2,Gains In Performance
2003-03-15,52,Then They Do,Trace Adkins,NEW,1,Gains In Performance
2003-03-15,53,Scary Old World,Radney Foster Featuring Chely Wright Or Georgia Middleman,55,5,Gains In Performance
2003-03-15,54,Love's Got An Attitude (It Is What It Is),Amy Dalley,49,2,
2003-03-15,55,The Truth About Men,Tracy Byrd,NEW,1,Gains In Performance
2003-03-15,56,Old Weakness (Coming On Strong),Tanya Tucker,60,2,Gains In Performance
2003-03-15,57,Snowfall On The Sand,Steve Wariner,52,5,
2003-03-15,58,That Was Us,Chad Brock,NEW,1,Gains In Performance
2003-03-15,59,We Shook Hands (Man To Man),Tebey,51,9,
2003-03-15,60,Don't Look Now,Rodney Carrington,NEW,1,Gains In Performance
2003-03-22,1,Travelin' Soldier,Dixie Chicks,2,24,Gains In Performance
2003-03-22,2,Man To Man,Gary Allan,1,25,
2003-03-22,3,Brokenheartsville,Joe Nichols,4,21,Gains In Performance
2003-03-22,4,Big Star,Kenny Chesney,9,10,Gains In Performance
2003-03-22,5,That'd Be Alright,Alan Jackson,6,14,Gains In Performance
2003-03-22,6,The Baby,Blake Shelton,3,21,
2003-03-22,7,19 Somethin',Mark Wills,5,25,
2003-03-22,8,She's My Kind Of Rain,Tim McGraw,10,10,Gains In Performance
2003-03-22,9,Have You Forgotten?,Darryl Worley,22,3,Gains In Performance
2003-03-22,10,I Just Wanna Be Mad,Terri Clark,7,30,
2003-03-22,11,Concrete Angel,Martina McBride,11,17,Gains In Performance
2003-03-22,12,Raining On Sunday,Keith Urban,13,17,Gains In Performance
2003-03-22,13,You Can't Hide Beautiful,Aaron Lines,8,32,
2003-03-22,14,I Believe,Diamond Rio,17,18,Gains In Performance
2003-03-22,15,Rock You Baby,Toby Keith,18,10,Gains In Performance
2003-03-22,16,Up!,Shania Twain,14,17,
2003-03-22,17,Somebody Like You,Keith Urban,15,38,
2003-03-22,18,There's No Limit,Deana Carter,21,22,Gains In Performance
2003-03-22,19,What A Beautiful Day,Chris Cagle,24,19,Gains In Performance
2003-03-22,20,Love You Out Loud,Rascal Flatts,25,9,Gains In Performance
2003-03-22,21,This Is God,Phil Vassar,26,11,Gains In Performance
2003-03-22,22,Three Wooden Crosses,Randy Travis,29,16,Gains In Performance
2003-03-22,23,The Love Song,Jeff Bates,27,12,Gains In Performance
2003-03-22,24,Speed,Montgomery Gentry,30,13,Gains In Performance
2003-03-22,25,There's More To Me Than You,Jessica Andrews,31,16,Gains In Performance
2003-03-22,26,Next Big Thing,Vince Gill,23,20,
2003-03-22,27,Was That My Life,Jo Dee Messina,32,10,Gains In Performance
2003-03-22,28,Picture,Kid Rock Featuring Sheryl Crow Or Allison Moorer,33,24,Gains In Performance
2003-03-22,29,When The Lights Go Down,Faith Hill,28,18,
2003-03-22,30,Stay Gone,Jimmy Wayne,36,7,Gains In Performance
2003-03-22,31,Country Ain't Country,Travis Tritt,34,9,Gains In Performance
2003-03-22,32,Love Won't Let Me,Tammy Cochran,35,15,Gains In Performance
2003-03-22,33,Why Ain't I Running,Garth Brooks,38,3,Gains In Performance
2003-03-22,34,I Want My Money Back,Sammy Kershaw,37,9,Gains In Performance
2003-03-22,35,My Front Porch Looking In,Lonestar,48,2,Gains In Performance
2003-03-22,36,Love Like There's No Tomorrow,Aaron Tippin Featuring Thea Tippin,40,11,Gains In Performance
2003-03-22,37,Rock-A-Bye Heart,Steve Holy,41,7,Gains In Performance
2003-03-22,38,I Drove All Night,Pinmonkey,39,19,
2003-03-22,39,The Truth About Men,Tracy Byrd,55,2,Gains In Performance
2003-03-22,40,After All,Brett James,43,6,Gains In Performance
2003-03-22,41,Half A Man,Anthony Smith,42,7,Gains In Performance
2003-03-22,42,Backseat Of A Greyhound Bus,Sara Evans,45,4,Gains In Performance
2003-03-22,43,When You Think Of Me,Mark Wills,44,4,Gains In Performance
2003-03-22,44,Whatever It Takes,Kellie Coffey,47,4,Gains In Performance
2003-03-22,45,Love's Got An Attitude (It Is What It Is),Amy Dalley,54,3,Gains In Performance
2003-03-22,46,99.9% Sure (I've Never Been Here Before),Brian McComas,51,3,Gains In Performance
2003-03-22,47,Then They Do,Trace Adkins,52,2,Gains In Performance
2003-03-22,48,The Lucky One,Alison Krauss + Union Station,50,7,Gains In Performance
2003-03-22,49,Old Weakness (Coming On Strong),Tanya Tucker,56,3,Gains In Performance
2003-03-22,50,I'm In Love With A Married Woman,Mark Chesnutt,49,6,Gains In Performance
2003-03-22,51,Country Thang,John Michael Montgomery,46,7,
2003-03-22,52,Scary Old World,Radney Foster Featuring Chely Wright Or Georgia Middleman,53,6,Gains In Performance
2003-03-22,53,One Last Time,Dusty Drake,NEW,1,Highest ranking debut|Gains In Performance
2003-03-22,54,Snowfall On The Sand,Steve Wariner,57,6,Gains In Performance
2003-03-22,55,Tiny Dancer,Tim McGraw,RE,13,Gains In Performance
2003-03-22,56,Celebrity,Brad Paisley,NEW,1,Gains In Performance
2003-03-22,57,Three Mississippi,Terri Clark,NEW,1,Gains In Performance
2003-03-22,58,Suddenly,LeAnn Rimes,RE,2,Gains In Performance
2003-03-22,59,Beer For My Horses,Toby Keith Duet With Willie Nelson,RE,10,Gains In Performance
2003-03-22,60,The Real Thing,George Strait,NEW,1,
2003-03-29,1,Brokenheartsville,Joe Nichols,3,22,Gains In Performance
2003-03-29,2,Have You Forgotten?,Darryl Worley,9,4,Greatest gainer this week|Gains In Performance
2003-03-29,3,Travelin' Soldier,Dixie Chicks,1,25,
2003-03-29,4,Man To Man,Gary Allan,2,26,
2003-03-29,5,Big Star,Kenny Chesney,4,11,Gains In Performance
2003-03-29,6,That'd Be Alright,Alan Jackson,5,15,Gains In Performance
2003-03-29,7,She's My Kind Of Rain,Tim McGraw,8,11,Gains In Performance
2003-03-29,8,19 Somethin',Mark Wills,7,26,
2003-03-29,9,Concrete Angel,Martina McBride,11,18,Gains In Performance
2003-03-29,10,Raining On Sunday,Keith Urban,12,18,Gains In Performance
2003-03-29,11,The Baby,Blake Shelton,6,22,
2003-03-29,12,I Believe,Diamond Rio,14,19,Gains In Performance
2003-03-29,13,Rock You Baby,Toby Keith,15,11,Gains In Performance
2003-03-29,14,I Just Wanna Be Mad,Terri Clark,10,31,
2003-03-29,15,What A Beautiful Day,Chris Cagle,19,20,Gains In Performance
2003-03-29,16,There's No Limit,Deana Carter,18,23,Gains In Performance
2003-03-29,17,Love You Out Loud,Rascal Flatts,20,10,Gains In Performance
2003-03-29,18,This Is God,Phil Vassar,21,12,Gains In Performance
2003-03-29,19,Somebody Like You,Keith Urban,17,39,
2003-03-29,20,Three Wooden Crosses,Randy Travis,22,17,Gains In Performance
2003-03-29,21,Up!,Shania Twain,16,18,
2003-03-29,22,The Love Song,Jeff Bates,23,13,Gains In Performance
2003-03-29,23,Speed,Montgomery Gentry,24,14,Gains In Performance
2003-03-29,24,There's More To Me Than You,Jessica Andrews,25,17,Gains In Performance
2003-03-29,25,Almost Home,Craig Morgan,RE,21,Gains In Performance
2003-03-29,26,Picture,Kid Rock Featuring Sheryl Crow Or Allison Moorer,28,25,Gains In Performance
2003-03-29,27,Was That My Life,Jo Dee Messina,27,11,Gains In Performance
2003-03-29,28,Stay Gone,Jimmy Wayne,30,8,Gains In Performance
2003-03-29,29,Country Ain't Country,Travis Tritt,31,10,Gains In Performance
2003-03-29,30,Why Ain't I Running,Garth Brooks,33,4,Gains In Performance
2003-03-29,31,My Front Porch Looking In,Lonestar,35,3,Gains In Performance
2003-03-29,32,Love Won't Let Me,Tammy Cochran,32,16,Gains In Performance
2003-03-29,33,I Want My Money Back,Sammy Kershaw,34,10,Gains In Performance
2003-03-29,34,The Truth About Men,Tracy Byrd,39,3,Gains In Performance
2003-03-29,35,Love Like There's No Tomorrow,Aaron Tippin Featuring Thea Tippin,36,12,Gains In Performance
2003-03-29,36,Backseat Of A Greyhound Bus,Sara Evans,42,5,Gains In Performance
2003-03-29,37,Rock-A-Bye Heart,Steve Holy,37,8,Gains In Performance
2003-03-29,38,When The Lights Go Down,Faith Hill,29,19,
2003-03-29,39,After All,Brett James,40,7,Gains In Performance
2003-03-29,40,Half A Man,Anthony Smith,41,8,Gains In Performance
2003-03-29,41,When You Think Of Me,Mark Wills,43,5,Gains In Performance
2003-03-29,42,99.9% Sure (I've Never Been Here Before),Brian McComas,46,4,Gains In Performance
2003-03-29,43,Then They Do,Trace Adkins,47,3,Gains In Performance
2003-03-29,44,I Drove All Night,Pinmonkey,38,20,
2003-03-29,45,Love's Got An Attitude (It Is What It Is),Amy Dalley,45,4,Gains In Performance
2003-03-29,46,One Last Time,Dusty Drake,53,2,Gains In Performance
2003-03-29,47,Whatever It Takes,Kellie Coffey,44,5,
2003-03-29,48,The Lucky One,Alison Krauss + Union Station,48,8,Gains In Performance
2003-03-29,49,I'm In Love With A Married Woman,Mark Chesnutt,50,7,Gains In Performance
2003-03-29,50,Celebrity,Brad Paisley,56,2,Gains In Performance
2003-03-29,51,Three Mississippi,Terri Clark,57,2,Gains In Performance
2003-03-29,52,Old Weakness (Coming On Strong),Tanya Tucker,49,4,
2003-03-29,53,Suddenly,LeAnn Rimes,58,3,Gains In Performance
2003-03-29,54,Someday,Vince Gill,NEW,1,Highest ranking debut|Gains In Performance
2003-03-29,55,I Raq And Roll,Clint Black,NEW,1,Gains In Performance
2003-03-29,56,Scary Old World,Radney Foster Featuring Chely Wright Or Georgia Middleman,52,7,
2003-03-29,57,Beer For My Horses,Toby Keith Duet With Willie Nelson,59,11,Gains In Performance
2003-03-29,58,Tiny Dancer,Tim McGraw,55,14,Gains In Performance
2003-03-29,59,Country Thang,John Michael Montgomery,51,8,
2003-03-29,60,That Was Us,Chad Brock,RE,2,Gains In Performance
2003-04-05,1,Have You Forgotten?,Darryl Worley,2,5,Greatest gainer this week|Gains In Performance
2003-04-05,2,Brokenheartsville,Joe Nichols,1,23,
2003-04-05,3,Big Star,Kenny Chesney,5,12,Gains In Performance
2003-04-05,4,That'd Be Alright,Alan Jackson,6,16,Gains In Performance
2003-04-05,5,She's My Kind Of Rain,Tim McGraw,7,12,Gains In Performance
2003-04-05,6,Concrete Angel,Martina McBride,9,19,Gains In Performance
2003-04-05,7,Man To Man,Gary Allan,4,27,
2003-04-05,8,19 Somethin',Mark Wills,8,27,
2003-04-05,9,Raining On Sunday,Keith Urban,10,19,Gains In Performance
2003-04-05,10,I Believe,Diamond Rio,12,20,Gains In Performance
2003-04-05,11,What A Beautiful Day,Chris Cagle,15,21,Gains In Performance
2003-04-05,12,Love You Out Loud,Rascal Flatts,17,11,Gains In Performance
2003-04-05,13,I Just Wanna Be Mad,Terri Clark,14,32,
2003-04-05,14,There's No Limit,Deana Carter,16,24,Gains In Performance
2003-04-05,15,The Baby,Blake Shelton,11,23,
2003-04-05,16,Three Wooden Crosses,Randy Travis,20,18,Gains In Performance
2003-04-05,17,Rock You Baby,Toby Keith,13,12,
2003-04-05,18,Somebody Like You,Keith Urban,19,40,Gains In Performance
2003-04-05,19,This Is God,Phil Vassar,18,13,
2003-04-05,20,The Love Song,Jeff Bates,22,14,Gains In Performance
2003-04-05,21,Speed,Montgomery Gentry,23,15,Gains In Performance
2003-04-05,22,There's More To Me Than You,Jessica Andrews,24,18,Gains In Performance
2003-04-05,23,Almost Home,Craig Morgan,25,22,Gains In Performance
2003-04-05,24,Picture,Kid Rock Featuring Sheryl Crow Or Allison Moorer,26,26,Gains In Performance
2003-04-05,25,Stay Gone,Jimmy Wayne,28,9,Gains In Performance
2003-04-05,26,Was That My Life,Jo Dee Messina,27,12,Gains In Performance
2003-04-05,27,My Front Porch Looking In,Lonestar,31,4,Gains In Performance
2003-04-05,28,Up!,Shania Twain,21,19,
2003-04-05,29,Country Ain't Country,Travis Tritt,29,11,Gains In Performance
2003-04-05,30,Why Ain't I Running,Garth Brooks,30,5,Gains In Performance
2003-04-05,31,Love Won't Let Me,Tammy Cochran,32,17,Gains In Performance
2003-04-05,32,The Truth About Men,Tracy Byrd,34,4,Gains In Performance
2003-04-05,33,I Want My Money Back,Sammy Kershaw,33,11,Gains In Performance
2003-04-05,34,Backseat Of A Greyhound Bus,Sara Evans,36,6,Gains In Performance
2003-04-05,35,Love Like There's No Tomorrow,Aaron Tippin Featuring Thea Tippin,35,13,Gains In Performance
2003-04-05,36,99.9% Sure (I've Never Been Here Before),Brian McComas,42,5,Gains In Performance
2003-04-05,37,Rock-A-Bye Heart,Steve Holy,37,9,Gains In Performance
2003-04-05,38,Then They Do,Trace Adkins,43,4,Gains In Performance
2003-04-05,39,After All,Brett James,39,8,Gains In Performance
2003-04-05,40,Celebrity,Brad Paisley,50,3,Gains In Performance
2003-04-05,41,Love's Got An Attitude (It Is What It Is),Amy Dalley,45,5,Gains In Performance
2003-04-05,42,Half A Man,Anthony Smith,40,9,Gains In Performance
2003-04-05,43,I Raq And Roll,Clint Black,55,2,Gains In Performance
2003-04-05,44,One Last Time,Dusty Drake,46,3,Gains In Performance
2003-04-05,45,When You Think Of Me,Mark Wills,41,6,Gains In Performance
2003-04-05,46,Beer For My Horses,Toby Keith Duet With Willie Nelson,57,12,Gains In Performance
2003-04-05,47,Hey Mr. President,The Warren Brothers,NEW,1,Highest ranking debut|Gains In Performance
2003-04-05,48,Three Mississippi,Terri Clark,51,3,Gains In Performance
2003-04-05,49,Whatever It Takes,Kellie Coffey,47,6,Gains In Performance
2003-04-05,50,When The Lights Go Down,Faith Hill,38,20,
2003-04-05,51,Suddenly,LeAnn Rimes,53,4,Gains In Performance
2003-04-05,52,The Lucky One,Alison Krauss + Union Station,48,9,Gains In Performance
2003-04-05,53,I'm In Love With A Married Woman,Mark Chesnutt,49,8,Gains In Performance
2003-04-05,54,Old Weakness (Coming On Strong),Tanya Tucker,52,5,Gains In Performance
2003-04-05,55,Someday,Vince Gill,54,2,Gains In Performance
2003-04-05,56,Only God (Could Stop Me Loving You),Emerson Drive,NEW,1,Gains In Performance
2003-04-05,57,Scary Old World,Radney Foster Featuring Chely Wright Or Georgia Middleman,56,8,Gains In Performance
2003-04-05,58,A Boy Like You,Trick Pony,NEW,1,Gains In Performance
2003-04-05,59,That Was Us,Chad Brock,60,3,Gains In Performance
2003-04-05,60,Tiny Dancer,Tim McGraw,58,15,
2003-04-12,1,Have You Forgotten?,Darryl Worley,1,6,Gains In Performance
2003-04-12,2,Brokenheartsville,Joe Nichols,2,24,
2003-04-12,3,Big Star,Kenny Chesney,3,13,Gains In Performance
2003-04-12,4,That'd Be Alright,Alan Jackson,4,17,Gains In Performance
2003-04-12,5,She's My Kind Of Rain,Tim McGraw,5,13,Gains In Performance
2003-04-12,6,Concrete Angel,Martina McBride,6,20,Gains In Performance
2003-04-12,7,Raining On Sunday,Keith Urban,9,20,Gains In Performance
2003-04-12,8,I Believe,Diamond Rio,10,21,Gains In Performance
2003-04-12,9,19 Somethin',Mark Wills,8,28,
2003-04-12,10,Man To Man,Gary Allan,7,28,
2003-04-12,11,What A Beautiful Day,Chris Cagle,11,22,Gains In Performance
2003-04-12,12,Three Wooden Crosses,Randy Travis,16,19,Gains In Performance
2003-04-12,13,Love You Out Loud,Rascal Flatts,12,12,Gains In Performance
2003-04-12,14,There's No Limit,Deana Carter,14,25,Gains In Performance
2003-04-12,15,The Love Song,Jeff Bates,20,15,Gains In Performance
2003-04-12,16,I Just Wanna Be Mad,Terri Clark,13,33,
2003-04-12,17,This Is God,Phil Vassar,19,14,Gains In Performance
2003-04-12,18,Somebody Like You,Keith Urban,18,41,
2003-04-12,19,The Baby,Blake Shelton,15,24,
2003-04-12,20,Speed,Montgomery Gentry,21,16,Gains In Performance
2003-04-12,21,There's More To Me Than You,Jessica Andrews,22,19,Gains In Performance
2003-04-12,22,My Front Porch Looking In,Lonestar,27,5,Gains In Performance
2003-04-12,23,Almost Home,Craig Morgan,23,23,Gains In Performance
2003-04-12,24,Stay Gone,Jimmy Wayne,25,10,Gains In Performance
2003-04-12,25,Was That My Life,Jo Dee Messina,26,13,Gains In Performance
2003-04-12,26,Picture,Kid Rock Featuring Sheryl Crow Or Allison Moorer,24,27,Gains In Performance
2003-04-12,27,Rock You Baby,Toby Keith,17,13,
2003-04-12,28,Why Ain't I Running,Garth Brooks,30,6,Gains In Performance
2003-04-12,29,Country Ain't Country,Travis Tritt,29,12,Gains In Performance
2003-04-12,30,The Truth About Men,Tracy Byrd,32,5,Gains In Performance
2003-04-12,31,Beer For My Horses,Toby Keith Duet With Willie Nelson,46,13,Gains In Performance
2003-04-12,32,Love Won't Let Me,Tammy Cochran,31,18,Gains In Performance
2003-04-12,33,Up!,Shania Twain,28,20,
2003-04-12,34,I Want My Money Back,Sammy Kershaw,33,12,Gains In Performance
2003-04-12,35,Backseat Of A Greyhound Bus,Sara Evans,34,7,Gains In Performance
2003-04-12,36,99.9% Sure (I've Never Been Here Before),Brian McComas,36,6,Gains In Performance
2003-04-12,37,Love Like There's No Tomorrow,Aaron Tippin Featuring Thea Tippin,35,14,Gains In Performance
2003-04-12,38,Hey Mr. President,The Warren Brothers,47,2,Gains In Performance
2003-04-12,39,Then They Do,Trace Adkins,38,5,Gains In Performance
2003-04-12,40,Rock-A-Bye Heart,Steve Holy,37,10,Gains In Performance
2003-04-12,41,Celebrity,Brad Paisley,40,4,Gains In Performance
2003-04-12,42,After All,Brett James,39,9,Gains In Performance
2003-04-12,43,Love's Got An Attitude (It Is What It Is),Amy Dalley,41,6,Gains In Performance
2003-04-12,44,One Last Time,Dusty Drake,44,4,Gains In Performance
2003-04-12,45,Half A Man,Anthony Smith,42,10,Gains In Performance
2003-04-12,46,I Raq And Roll,Clint Black,43,3,Gains In Performance
2003-04-12,47,When You Think Of Me,Mark Wills,45,7,Gains In Performance
2003-04-12,48,Tell Me Something Bad About Tulsa,George Strait,NEW,1,Highest ranking debut|Gains In Performance
2003-04-12,49,Three Mississippi,Terri Clark,48,4,Gains In Performance
2003-04-12,50,Whatever It Takes,Kellie Coffey,49,7,Gains In Performance
2003-04-12,51,Someday,Vince Gill,55,3,Gains In Performance
2003-04-12,52,Suddenly,LeAnn Rimes,51,5,Gains In Performance
2003-04-12,53,The Lucky One,Alison Krauss + Union Station,52,10,
2003-04-12,54,Only God (Could Stop Me Loving You),Emerson Drive,56,2,Gains In Performance
2003-04-12,55,I'm In Love With A Married Woman,Mark Chesnutt,53,9,
2003-04-12,56,Old Weakness (Coming On Strong),Tanya Tucker,54,6,
2003-04-12,57,What Was I Thinkin',Dierks Bentley,NEW,1,Gains In Performance
2003-04-12,58,A Boy Like You,Trick Pony,58,2,Gains In Performance
2003-04-12,59,Scary Old World,Radney Foster Featuring Chely Wright Or Georgia Middleman,57,9,
2003-04-12,60,Forever And For Always,Shania Twain,NEW,1,Gains In Performance
2003-04-19,1,Have You Forgotten?,Darryl Worley,1,7,Gains In Performance
2003-04-19,2,That'd Be Alright,Alan Jackson,4,18,Gains In Performance
2003-04-19,3,Big Star,Kenny Chesney,3,14,Gains In Performance
2003-04-19,4,Brokenheartsville,Joe Nichols,2,25,
2003-04-19,5,She's My Kind Of Rain,Tim McGraw,5,14,Gains In Performance
2003-04-19,6,Concrete Angel,Martina McBride,6,21,Gains In Performance
2003-04-19,7,Raining On Sunday,Keith Urban,7,21,Greatest gainer this week|Gains In Performance
2003-04-19,8,I Believe,Diamond Rio,8,22,Gains In Performance
2003-04-19,9,What A Beautiful Day,Chris Cagle,11,23,Gains In Performance
2003-04-19,10,Three Wooden Crosses,Randy Travis,12,20,Gains In Performance
2003-04-19,11,19 Somethin',Mark Wills,9,29,
2003-04-19,12,Love You Out Loud,Rascal Flatts,13,13,Gains In Performance
2003-04-19,13,Man To Man,Gary Allan,10,29,
2003-04-19,14,The Love Song,Jeff Bates,15,16,Gains In Performance
2003-04-19,15,My Front Porch Looking In,Lonestar,22,6,Gains In Performance
2003-04-19,16,There's No Limit,Deana Carter,14,26,
2003-04-19,17,This Is God,Phil Vassar,17,15,Gains In Performance
2003-04-19,18,Stay Gone,Jimmy Wayne,24,11,Gains In Performance
2003-04-19,19,I Just Wanna Be Mad,Terri Clark,16,34,
2003-04-19,20,Speed,Montgomery Gentry,20,17,Gains In Performance
2003-04-19,21,There's More To Me Than You,Jessica Andrews,21,20,Gains In Performance
2003-04-19,22,Almost Home,Craig Morgan,23,24,Gains In Performance
2003-04-19,23,Was That My Life,Jo Dee Messina,25,14,Gains In Performance
2003-04-19,24,Picture,Kid Rock Featuring Sheryl Crow Or Allison Moorer,26,28,Gains In Performance
2003-04-19,25,The Truth About Men,Tracy Byrd,30,6,Gains In Performance
2003-04-19,26,Why Ain't I Running,Garth Brooks,28,7,Gains In Performance
2003-04-19,27,Beer For My Horses,Toby Keith Duet With Willie Nelson,31,14,Gains In Performance
2003-04-19,28,Country Ain't Country,Travis Tritt,29,13,Gains In Performance
2003-04-19,29,Hey Mr. President,The Warren Brothers,38,3,Gains In Performance
2003-04-19,30,99.9% Sure (I've Never Been Here Before),Brian McComas,36,7,Gains In Performance
2003-04-19,31,Backseat Of A Greyhound Bus,Sara Evans,35,8,Gains In Performance
2003-04-19,32,Rock You Baby,Toby Keith,27,14,
2003-04-19,33,Celebrity,Brad Paisley,41,5,Gains In Performance
2003-04-19,34,Then They Do,Trace Adkins,39,6,Gains In Performance
2003-04-19,35,I Want My Money Back,Sammy Kershaw,34,13,Gains In Performance
2003-04-19,36,Tell Me Something Bad About Tulsa,George Strait,48,2,Gains In Performance
2003-04-19,37,One Last Time,Dusty Drake,44,5,Gains In Performance
2003-04-19,38,Love Like There's No Tomorrow,Aaron Tippin Featuring Thea Tippin,37,15,
2003-04-19,39,Love's Got An Attitude (It Is What It Is),Amy Dalley,43,7,Gains In Performance
2003-04-19,40,Rock-A-Bye Heart,Steve Holy,40,11,
2003-04-19,41,After All,Brett James,42,10,
2003-04-19,42,I Raq And Roll,Clint Black,46,4,Gains In Performance
2003-04-19,43,Love Won't Let Me,Tammy Cochran,32,19,
2003-04-19,44,When You Think Of Me,Mark Wills,47,8,
2003-04-19,45,Half A Man,Anthony Smith,45,11,
2003-04-19,46,Three Mississippi,Terri Clark,49,5,
2003-04-19,47,Whatever It Takes,Kellie Coffey,50,8,Gains In Performance
2003-04-19,48,Someday,Vince Gill,51,4,Gains In Performance
2003-04-19,49,Forever And For Always,Shania Twain,60,2,Gains In Performance
2003-04-19,50,Suddenly,LeAnn Rimes,52,6,Gains In Performance
2003-04-19,51,Only God (Could Stop Me Loving You),Emerson Drive,54,3,Gains In Performance
2003-04-19,52,The Lucky One,Alison Krauss + Union Station,53,11,
2003-04-19,53,One Of Those Days,Brad Martin,NEW,1,Highest ranking debut|Gains In Performance
2003-04-19,54,A Boy Like You,Trick Pony,58,3,Gains In Performance
2003-04-19,55,Old Weakness (Coming On Strong),Tanya Tucker,56,7,
2003-04-19,56,Love Changes Everything,Aaron Lines,NEW,1,Gains In Performance
2003-04-19,57,Red Dirt Road,Brooks & Dunn,NEW,1,Gains In Performance
2003-04-19,58,It Doesn't Mean I Don't Love You,McHayes,NEW,1,Gains In Performance
2003-04-19,59,This Far Gone,Jennifer Hanson,NEW,1,Gains In Performance
2003-04-19,60,I'm In Love With A Married Woman,Mark Chesnutt,55,10,
2003-04-26,1,Have You Forgotten?,Darryl Worley,1,8,
2003-04-26,2,Big Star,Kenny Chesney,3,15,Gains In Performance
2003-04-26,3,That'd Be Alright,Alan Jackson,2,19,
2003-04-26,4,She's My Kind Of Rain,Tim McGraw,5,15,Gains In Performance
2003-04-26,5,Concrete Angel,Martina McBride,6,22,
2003-04-26,6,Brokenheartsville,Joe Nichols,4,26,
2003-04-26,7,Raining On Sunday,Keith Urban,7,22,Gains In Performance
2003-04-26,8,I Believe,Diamond Rio,8,23,Gains In Performance
2003-04-26,9,What A Beautiful Day,Chris Cagle,9,24,Gains In Performance
2003-04-26,10,Three Wooden Crosses,Randy Travis,10,21,Gains In Performance
2003-04-26,11,Love You Out Loud,Rascal Flatts,12,14,Gains In Performance
2003-04-26,12,19 Somethin',Mark Wills,11,30,
2003-04-26,13,Man To Man,Gary Allan,13,30,
2003-04-26,14,My Front Porch Looking In,Lonestar,15,7,Gains In Performance
2003-04-26,15,The Love Song,Jeff Bates,14,17,Gains In Performance
2003-04-26,16,Stay Gone,Jimmy Wayne,18,12,Gains In Performance
2003-04-26,17,There's More To Me Than You,Jessica Andrews,21,21,Gains In Performance
2003-04-26,18,Speed,Montgomery Gentry,20,18,Gains In Performance
2003-04-26,19,Almost Home,Craig Morgan,22,25,Gains In Performance
2003-04-26,20,Beer For My Horses,Toby Keith Duet With Willie Nelson,27,15,Gains In Performance
2003-04-26,21,Picture,Kid Rock Featuring Sheryl Crow Or Allison Moorer,24,29,Gains In Performance
2003-04-26,22,This Is God,Phil Vassar,17,16,
2003-04-26,23,Was That My Life,Jo Dee Messina,23,15,Gains In Performance
2003-04-26,24,The Truth About Men,Tracy Byrd,25,7,Gains In Performance
2003-04-26,25,Why Ain't I Running,Garth Brooks,26,8,Gains In Performance
2003-04-26,26,Country Ain't Country,Travis Tritt,28,14,
2003-04-26,27,Tell Me Something Bad About Tulsa,George Strait,36,3,Gains In Performance
2003-04-26,28,Hey Mr. President,The Warren Brothers,29,4,Gains In Performance
2003-04-26,29,99.9% Sure (I've Never Been Here Before),Brian McComas,30,8,Gains In Performance
2003-04-26,30,Celebrity,Brad Paisley,33,6,Gains In Performance
2003-04-26,31,Backseat Of A Greyhound Bus,Sara Evans,31,9,
2003-04-26,32,Then They Do,Trace Adkins,34,7,Gains In Performance
2003-04-26,33,I Want My Money Back,Sammy Kershaw,35,14,Gains In Performance
2003-04-26,34,One Last Time,Dusty Drake,37,6,Gains In Performance
2003-04-26,35,Love's Got An Attitude (It Is What It Is),Amy Dalley,39,8,Gains In Performance
2003-04-26,36,Rock You Baby,Toby Keith,32,15,
2003-04-26,37,Forever And For Always,Shania Twain,49,3,Gains In Performance
2003-04-26,38,Rock-A-Bye Heart,Steve Holy,40,12,
2003-04-26,39,Love Like There's No Tomorrow,Aaron Tippin Featuring Thea Tippin,38,16,
2003-04-26,40,When You Think Of Me,Mark Wills,44,9,Gains In Performance
2003-04-26,41,Red Dirt Road,Brooks & Dunn,57,2,Gains In Performance
2003-04-26,42,After All,Brett James,41,11,
2003-04-26,43,I Raq And Roll,Clint Black,42,5,
2003-04-26,44,Three Mississippi,Terri Clark,46,6,Gains In Performance
2003-04-26,45,Someday,Vince Gill,48,5,Gains In Performance
2003-04-26,46,Only God (Could Stop Me Loving You),Emerson Drive,51,4,Gains In Performance
2003-04-26,47,Suddenly,LeAnn Rimes,50,7,Gains In Performance
2003-04-26,48,Love Won't Let Me,Tammy Cochran,43,20,
2003-04-26,49,Whatever It Takes,Kellie Coffey,47,9,
2003-04-26,50,Half A Man,Anthony Smith,45,12,
2003-04-26,51,A Boy Like You,Trick Pony,54,4,Gains In Performance
2003-04-26,52,Heavy Liftin',Blake Shelton,NEW,1,Highest ranking debut|Gains In Performance
2003-04-26,53,This Far Gone,Jennifer Hanson,59,2,Gains In Performance
2003-04-26,54,Love Changes Everything,Aaron Lines,56,2,Gains In Performance
2003-04-26,55,It Doesn't Mean I Don't Love You,McHayes,58,2,Gains In Performance
2003-04-26,56,What Was I Thinkin',Dierks Bentley,RE,2,Gains In Performance
2003-04-26,57,The Lucky One,Alison Krauss + Union Station,52,12,
2003-04-26,58,A Few Questions,Clay Walker,NEW,1,Gains In Performance
2003-04-26,59,One Of Those Days,Brad Martin,53,2,
2003-04-26,60,Old Weakness (Coming On Strong),Tanya Tucker,55,8,
2003-05-03,1,Have You Forgotten?,Darryl Worley,1,9,
2003-05-03,2,Big Star,Kenny Chesney,2,16,Gains In Performance
2003-05-03,3,She's My Kind Of Rain,Tim McGraw,4,16,Gains In Performance
2003-05-03,4,That'd Be Alright,Alan Jackson,3,20,
2003-05-03,5,Concrete Angel,Martina McBride,5,23,
2003-05-03,6,Raining On Sunday,Keith Urban,7,23,Gains In Performance
2003-05-03,7,I Believe,Diamond Rio,8,24,Gains In Performance
2003-05-03,8,Three Wooden Crosses,Randy Travis,10,22,Gains In Performance
2003-05-03,9,What A Beautiful Day,Chris Cagle,9,25,Gains In Performance
2003-05-03,10,Brokenheartsville,Joe Nichols,6,27,
2003-05-03,11,Love You Out Loud,Rascal Flatts,11,15,Gains In Performance
2003-05-03,12,My Front Porch Looking In,Lonestar,14,8,Gains In Performance
2003-05-03,13,19 Somethin',Mark Wills,12,31,
2003-05-03,14,Stay Gone,Jimmy Wayne,16,13,Gains In Performance
2003-05-03,15,The Love Song,Jeff Bates,15,18,Gains In Performance
2003-05-03,16,Speed,Montgomery Gentry,18,19,Gains In Performance
2003-05-03,17,Beer For My Horses,Toby Keith Duet With Willie Nelson,20,16,Greatest gainer this week|Gains In Performance
2003-05-03,18,Man To Man,Gary Allan,13,31,
2003-05-03,19,There's More To Me Than You,Jessica Andrews,17,22,Gains In Performance
2003-05-03,20,Almost Home,Craig Morgan,19,26,Gains In Performance
2003-05-03,21,The Truth About Men,Tracy Byrd,24,8,Gains In Performance
2003-05-03,22,Was That My Life,Jo Dee Messina,23,16,Gains In Performance
2003-05-03,23,Picture,Kid Rock Featuring Sheryl Crow Or Allison Moorer,21,30,Gains In Performance
2003-05-03,24,Why Ain't I Running,Garth Brooks,25,9,Gains In Performance
2003-05-03,25,Tell Me Something Bad About Tulsa,George Strait,27,4,Gains In Performance
2003-05-03,26,Country Ain't Country,Travis Tritt,26,15,Gains In Performance
2003-05-03,27,99.9% Sure (I've Never Been Here Before),Brian McComas,29,9,Gains In Performance
2003-05-03,28,Celebrity,Brad Paisley,30,7,Gains In Performance
2003-05-03,29,Hey Mr. President,The Warren Brothers,28,5,Gains In Performance
2003-05-03,30,This Is God,Phil Vassar,22,17,
2003-05-03,31,Backseat Of A Greyhound Bus,Sara Evans,31,10,Gains In Performance
2003-05-03,32,Forever And For Always,Shania Twain,37,4,Gains In Performance
2003-05-03,33,Then They Do,Trace Adkins,32,8,Gains In Performance
2003-05-03,34,One Last Time,Dusty Drake,34,7,Gains In Performance
2003-05-03,35,I Want My Money Back,Sammy Kershaw,33,15,Gains In Performance
2003-05-03,36,Love's Got An Attitude (It Is What It Is),Amy Dalley,35,9,Gains In Performance
2003-05-03,37,Red Dirt Road,Brooks & Dunn,41,3,Gains In Performance
2003-05-03,38,When You Think Of Me,Mark Wills,40,10,Gains In Performance
2003-05-03,39,Three Mississippi,Terri Clark,44,7,Gains In Performance
2003-05-03,40,Someday,Vince Gill,45,6,Gains In Performance
2003-05-03,41,Rock You Baby,Toby Keith,36,16,
2003-05-03,42,Only God (Could Stop Me Loving You),Emerson Drive,46,5,Gains In Performance
2003-05-03,43,Suddenly,LeAnn Rimes,47,8,Gains In Performance
2003-05-03,44,Love Like There's No Tomorrow,Aaron Tippin Featuring Thea Tippin,39,17,
2003-05-03,45,Rock-A-Bye Heart,Steve Holy,38,13,
2003-05-03,46,Heavy Liftin',Blake Shelton,52,2,Gains In Performance
2003-05-03,47,What Was I Thinkin',Dierks Bentley,56,3,Gains In Performance
2003-05-03,48,After All,Brett James,42,12,
2003-05-03,49,I Raq And Roll,Clint Black,43,6,
2003-05-03,50,A Boy Like You,Trick Pony,51,5,Gains In Performance
2003-05-03,51,This Far Gone,Jennifer Hanson,53,3,Gains In Performance
2003-05-03,52,A Few Questions,Clay Walker,58,2,Gains In Performance
2003-05-03,53,Love Changes Everything,Aaron Lines,54,3,Gains In Performance
2003-05-03,54,It Doesn't Mean I Don't Love You,McHayes,55,3,Gains In Performance
2003-05-03,55,One Of Those Days,Brad Martin,59,3,Gains In Performance
2003-05-03,56,Walk A Little Straighter,Billy Currington,NEW,1,Highest ranking debut|Gains In Performance
2003-05-03,57,The Lucky One,Alison Krauss + Union Station,57,13,
2003-05-03,58,She Only Smokes When She Drinks,Joe Nichols,NEW,1,Gains In Performance
2003-05-03,59,Whatever It Takes,Kellie Coffey,49,10,
2003-05-03,60,Old Weakness (Coming On Strong),Tanya Tucker,60,9,
2003-05-10,1,Have You Forgotten?,Darryl Worley,1,10,
2003-05-10,2,She's My Kind Of Rain,Tim McGraw,3,17,Gains In Performance
2003-05-10,3,Big Star,Kenny Chesney,2,17,
2003-05-10,4,Raining On Sunday,Keith Urban,6,24,Gains In Performance
2003-05-10,5,I Believe,Diamond Rio,7,25,Gains In Performance
2003-05-10,6,What A Beautiful Day,Chris Cagle,9,26,Gains In Performance
2003-05-10,7,Three Wooden Crosses,Randy Travis,8,23,Gains In Performance
2003-05-10,8,Concrete Angel,Martina McBride,5,24,
2003-05-10,9,That'd Be Alright,Alan Jackson,4,21,
2003-05-10,10,Love You Out Loud,Rascal Flatts,11,16,Gains In Performance
2003-05-10,11,Brokenheartsville,Joe Nichols,10,28,
2003-05-10,12,My Front Porch Looking In,Lonestar,12,9,Gains In Performance
2003-05-10,13,Beer For My Horses,Toby Keith Duet With Willie Nelson,17,17,Greatest gainer this week|Gains In Performance
2003-05-10,14,Stay Gone,Jimmy Wayne,14,14,Gains In Performance
2003-05-10,15,19 Somethin',Mark Wills,13,32,
2003-05-10,16,The Love Song,Jeff Bates,15,19,Gains In Performance
2003-05-10,17,Speed,Montgomery Gentry,16,20,Gains In Performance
2003-05-10,18,Almost Home,Craig Morgan,20,27,Gains In Performance
2003-05-10,19,There's More To Me Than You,Jessica Andrews,19,23,Gains In Performance
2003-05-10,20,The Truth About Men,Tracy Byrd,21,9,Gains In Performance
2003-05-10,21,Was That My Life,Jo Dee Messina,22,17,Gains In Performance
2003-05-10,22,Picture,Kid Rock Featuring Sheryl Crow Or Allison Moorer,23,31,Gains In Performance
2003-05-10,23,Tell Me Something Bad About Tulsa,George Strait,25,5,Gains In Performance
2003-05-10,24,99.9% Sure (I've Never Been Here Before),Brian McComas,27,10,Gains In Performance
2003-05-10,25,Celebrity,Brad Paisley,28,8,Gains In Performance
2003-05-10,26,Why Ain't I Running,Garth Brooks,24,10,Gains In Performance
2003-05-10,27,Country Ain't Country,Travis Tritt,26,16,Gains In Performance
2003-05-10,28,Forever And For Always,Shania Twain,32,5,Gains In Performance
2003-05-10,29,Red Dirt Road,Brooks & Dunn,37,4,Gains In Performance
2003-05-10,30,Then They Do,Trace Adkins,33,9,Gains In Performance
2003-05-10,31,Backseat Of A Greyhound Bus,Sara Evans,31,11,Gains In Performance
2003-05-10,32,Hey Mr. President,The Warren Brothers,29,6,
2003-05-10,33,One Last Time,Dusty Drake,34,8,
2003-05-10,34,Love's Got An Attitude (It Is What It Is),Amy Dalley,36,10,Gains In Performance
2003-05-10,35,I Want My Money Back,Sammy Kershaw,35,16,
2003-05-10,36,When You Think Of Me,Mark Wills,38,11,Gains In Performance
2003-05-10,37,Someday,Vince Gill,40,7,Gains In Performance
2003-05-10,38,Three Mississippi,Terri Clark,39,8,Gains In Performance
2003-05-10,39,This Is God,Phil Vassar,30,18,
2003-05-10,40,Heavy Liftin',Blake Shelton,46,3,Gains In Performance
2003-05-10,41,What Was I Thinkin',Dierks Bentley,47,4,Gains In Performance
2003-05-10,42,Only God (Could Stop Me Loving You),Emerson Drive,42,6,Gains In Performance
2003-05-10,43,Rock You Baby,Toby Keith,41,17,
2003-05-10,44,Suddenly,LeAnn Rimes,43,9,
2003-05-10,45,Love Changes Everything,Aaron Lines,53,4,Gains In Performance
2003-05-10,46,This Far Gone,Jennifer Hanson,51,4,Gains In Performance
2003-05-10,47,A Boy Like You,Trick Pony,50,6,Gains In Performance
2003-05-10,48,A Few Questions,Clay Walker,52,3,Gains In Performance
2003-05-10,49,She Only Smokes When She Drinks,Joe Nichols,58,2,Gains In Performance
2003-05-10,50,One Of Those Days,Brad Martin,55,4,Gains In Performance
2003-05-10,51,It Doesn't Mean I Don't Love You,McHayes,54,4,Gains In Performance
2003-05-10,52,You're Still Here,Faith Hill,NEW,1,Highest ranking debut|Gains In Performance
2003-05-10,53,Walk A Little Straighter,Billy Currington,56,2,Gains In Performance
2003-05-10,54,Love Like There's No Tomorrow,Aaron Tippin Featuring Thea Tippin,44,18,
2003-05-10,55,What The World Needs,Wynonna,NEW,1,Gains In Performance
2003-05-10,56,I Can't Be Your Friend,Rushlow,NEW,1,Gains In Performance
2003-05-10,57,In Your Love,Rhett Akins,NEW,1,Gains In Performance
2003-05-10,58,After All,Brett James,48,13,
2003-05-10,59,Rock-A-Bye Heart,Steve Holy,45,14,
2003-05-10,60,I Raq And Roll,Clint Black,49,7,
2003-05-17,1,Have You Forgotten?,Darryl Worley,1,11,
2003-05-17,2,She's My Kind Of Rain,Tim McGraw,2,18,
2003-05-17,3,Big Star,Kenny Chesney,3,18,
2003-05-17,4,Three Wooden Crosses,Randy Travis,7,24,Greatest gainer this week|Gains In Performance
2003-05-17,5,I Believe,Diamond Rio,5,26,Gains In Performance
2003-05-17,6,Raining On Sunday,Keith Urban,4,25,Gains In Performance
2003-05-17,7,What A Beautiful Day,Chris Cagle,6,27,Gains In Performance
2003-05-17,8,Love You Out Loud,Rascal Flatts,10,17,Gains In Performance
2003-05-17,9,My Front Porch Looking In,Lonestar,12,10,Gains In Performance
2003-05-17,10,Beer For My Horses,Toby Keith Duet With Willie Nelson,13,18,Gains In Performance
2003-05-17,11,That'd Be Alright,Alan Jackson,9,22,
2003-05-17,12,Stay Gone,Jimmy Wayne,14,15,Gains In Performance
2003-05-17,13,Brokenheartsville,Joe Nichols,11,29,
2003-05-17,14,Almost Home,Craig Morgan,18,28,Gains In Performance
2003-05-17,15,Concrete Angel,Martina McBride,8,25,
2003-05-17,16,Speed,Montgomery Gentry,17,21,Gains In Performance
2003-05-17,17,The Love Song,Jeff Bates,16,20,Gains In Performance
2003-05-17,18,19 Somethin',Mark Wills,15,33,
2003-05-17,19,The Truth About Men,Tracy Byrd,20,10,Gains In Performance
2003-05-17,20,There's More To Me Than You,Jessica Andrews,19,24,Gains In Performance
2003-05-17,21,Was That My Life,Jo Dee Messina,21,18,Gains In Performance
2003-05-17,22,Tell Me Something Bad About Tulsa,George Strait,23,6,Gains In Performance
2003-05-17,23,Picture,Kid Rock Featuring Sheryl Crow Or Allison Moorer,22,32,Gains In Performance
2003-05-17,24,Red Dirt Road,Brooks & Dunn,29,5,Gains In Performance
2003-05-17,25,Celebrity,Brad Paisley,25,9,Gains In Performance
2003-05-17,26,99.9% Sure (I've Never Been Here Before),Brian McComas,24,11,Gains In Performance
2003-05-17,27,Forever And For Always,Shania Twain,28,6,Gains In Performance
2003-05-17,28,Why Ain't I Running,Garth Brooks,26,11,
2003-05-17,29,Country Ain't Country,Travis Tritt,27,17,
2003-05-17,30,Then They Do,Trace Adkins,30,10,Gains In Performance
2003-05-17,31,Backseat Of A Greyhound Bus,Sara Evans,31,12,Gains In Performance
2003-05-17,32,One Last Time,Dusty Drake,33,9,Gains In Performance
2003-05-17,33,Hey Mr. President,The Warren Brothers,32,7,
2003-05-17,34,Love's Got An Attitude (It Is What It Is),Amy Dalley,34,11,
2003-05-17,35,When You Think Of Me,Mark Wills,36,12,Gains In Performance
2003-05-17,36,I Want My Money Back,Sammy Kershaw,35,17,
2003-05-17,37,Someday,Vince Gill,37,8,Gains In Performance
2003-05-17,38,Three Mississippi,Terri Clark,38,9,Gains In Performance
2003-05-17,39,What Was I Thinkin',Dierks Bentley,41,5,Gains In Performance
2003-05-17,40,A Few Questions,Clay Walker,48,4,Gains In Performance
2003-05-17,41,She Only Smokes When She Drinks,Joe Nichols,49,3,Gains In Performance
2003-05-17,42,What The World Needs,Wynonna,55,2,Gains In Performance
2003-05-17,43,Heavy Liftin',Blake Shelton,40,4,
2003-05-17,44,Only God (Could Stop Me Loving You),Emerson Drive,42,7,Gains In Performance
2003-05-17,45,This Is God,Phil Vassar,39,19,
2003-05-17,46,Suddenly,LeAnn Rimes,44,10,Gains In Performance
2003-05-17,47,A Boy Like You,Trick Pony,47,7,Gains In Performance
2003-05-17,48,Love Changes Everything,Aaron Lines,45,5,Gains In Performance
2003-05-17,49,You're Still Here,Faith Hill,52,2,Gains In Performance
2003-05-17,50,Walk A Little Straighter,Billy Currington,53,3,Gains In Performance
2003-05-17,51,This Far Gone,Jennifer Hanson,46,5,
2003-05-17,52,One Of Those Days,Brad Martin,50,5,Gains In Performance
2003-05-17,53,I Can't Be Your Friend,Rushlow,56,2,Gains In Performance
2003-05-17,54,It Doesn't Mean I Don't Love You,McHayes,51,5,
2003-05-17,55,Rock You Baby,Toby Keith,43,18,
2003-05-17,56,The Letter (Almost Home),Clint Daniels,NEW,1,Highest ranking debut|Gains In Performance
2003-05-17,57,Days Like This,Rachel Proctor,NEW,1,Gains In Performance
2003-05-17,58,Walter,Charlie Robison,NEW,1,Gains In Performance
2003-05-17,59,Love Like There's No Tomorrow,Aaron Tippin Featuring Thea Tippin,54,19,
2003-05-17,60,Real Good Man,Tim McGraw,NEW,1,Gains In Performance
2003-05-24,1,Three Wooden Crosses,Randy Travis,4,25,Gains In Performance
2003-05-24,2,She's My Kind Of Rain,Tim McGraw,2,19,
2003-05-24,3,Have You Forgotten?,Darryl Worley,1,12,
2003-05-24,4,I Believe,Diamond Rio,5,27,Gains In Performance
2003-05-24,5,Raining On Sunday,Keith Urban,6,26,Gains In Performance
2003-05-24,6,What A Beautiful Day,Chris Cagle,7,28,Gains In Performance
2003-05-24,7,Love You Out Loud,Rascal Flatts,8,18,Gains In Performance
2003-05-24,8,Beer For My Horses,Toby Keith Duet With Willie Nelson,10,19,Gains In Performance
2003-05-24,9,My Front Porch Looking In,Lonestar,9,11,Gains In Performance
2003-05-24,10,Big Star,Kenny Chesney,3,19,
2003-05-24,11,Stay Gone,Jimmy Wayne,12,16,Gains In Performance
2003-05-24,12,Almost Home,Craig Morgan,14,29,Gains In Performance
2003-05-24,13,Speed,Montgomery Gentry,16,22,Gains In Performance
2003-05-24,14,That'd Be Alright,Alan Jackson,11,23,
2003-05-24,15,Brokenheartsville,Joe Nichols,13,30,
2003-05-24,16,The Love Song,Jeff Bates,17,21,Gains In Performance
2003-05-24,17,The Truth About Men,Tracy Byrd,19,11,Gains In Performance
2003-05-24,18,There's More To Me Than You,Jessica Andrews,20,25,Gains In Performance
2003-05-24,19,19 Somethin',Mark Wills,18,34,
2003-05-24,20,Concrete Angel,Martina McBride,15,26,
2003-05-24,21,Tell Me Something Bad About Tulsa,George Strait,22,7,Gains In Performance
2003-05-24,22,Red Dirt Road,Brooks & Dunn,24,6,Gains In Performance
2003-05-24,23,Was That My Life,Jo Dee Messina,21,19,Gains In Performance
2003-05-24,24,Forever And For Always,Shania Twain,27,7,Gains In Performance
2003-05-24,25,Picture,Kid Rock Featuring Sheryl Crow Or Allison Moorer,23,33,Gains In Performance
2003-05-24,26,99.9% Sure (I've Never Been Here Before),Brian McComas,26,12,Gains In Performance
2003-05-24,27,Celebrity,Brad Paisley,25,10,Gains In Performance
2003-05-24,28,Then They Do,Trace Adkins,30,11,Gains In Performance
2003-05-24,29,Backseat Of A Greyhound Bus,Sara Evans,31,13,Gains In Performance
2003-05-24,30,Why Ain't I Running,Garth Brooks,28,12,
2003-05-24,31,One Last Time,Dusty Drake,32,10,Gains In Performance
2003-05-24,32,Country Ain't Country,Travis Tritt,29,18,
2003-05-24,33,What The World Needs,Wynonna,42,3,Gains In Performance
2003-05-24,34,Love's Got An Attitude (It Is What It Is),Amy Dalley,34,12,Gains In Performance
2003-05-24,35,When You Think Of Me,Mark Wills,35,13,Gains In Performance
2003-05-24,36,Someday,Vince Gill,37,9,Gains In Performance
2003-05-24,37,A Few Questions,Clay Walker,40,5,Gains In Performance
2003-05-24,38,Hey Mr. President,The Warren Brothers,33,8,
2003-05-24,39,I Want My Money Back,Sammy Kershaw,36,18,
2003-05-24,40,Three Mississippi,Terri Clark,38,10,Gains In Performance
2003-05-24,41,What Was I Thinkin',Dierks Bentley,39,6,Gains In Performance
2003-05-24,42,She Only Smokes When She Drinks,Joe Nichols,41,4,Gains In Performance
2003-05-24,43,Heavy Liftin',Blake Shelton,43,5,Gains In Performance
2003-05-24,44,Help Pour Out The Rain (Lacey's Song),Buddy Jewell,NEW,1,Highest ranking debut|Gains In Performance
2003-05-24,45,Only God (Could Stop Me Loving You),Emerson Drive,44,8,
2003-05-24,46,You're Still Here,Faith Hill,49,3,Gains In Performance
2003-05-24,47,Suddenly,LeAnn Rimes,46,11,Gains In Performance
2003-05-24,48,A Boy Like You,Trick Pony,47,8,Gains In Performance
2003-05-24,49,This Far Gone,Jennifer Hanson,51,6,Gains In Performance
2003-05-24,50,Love Changes Everything,Aaron Lines,48,6,Gains In Performance
2003-05-24,51,I Can't Be Your Friend,Rushlow,53,3,Gains In Performance
2003-05-24,52,Walk A Little Straighter,Billy Currington,50,4,Gains In Performance
2003-05-24,53,It Doesn't Mean I Don't Love You,McHayes,54,6,Gains In Performance
2003-05-24,54,One Of Those Days,Brad Martin,52,6,Gains In Performance
2003-05-24,55,Days Like This,Rachel Proctor,57,2,Gains In Performance
2003-05-24,56,I'm Just A Girl,Deana Carter,NEW,1,Gains In Performance
2003-05-24,57,"No Shoes, No Shirt, No Problems",Kenny Chesney,NEW,1,Gains In Performance
2003-05-24,58,Rock You Baby,Toby Keith,55,19,
2003-05-24,59,Every Little Thing,Jamie O'Neal,NEW,1,Gains In Performance
2003-05-24,60,Real Good Man,Tim McGraw,60,2,Gains In Performance
2003-05-31,1,I Believe,Diamond Rio,4,28,Gains In Performance
2003-05-31,2,Three Wooden Crosses,Randy Travis,1,26,Gains In Performance
2003-05-31,3,Raining On Sunday,Keith Urban,5,27,Gains In Performance
2003-05-31,4,What A Beautiful Day,Chris Cagle,6,29,Gains In Performance
2003-05-31,5,Beer For My Horses,Toby Keith Duet With Willie Nelson,8,20,Gains In Performance
2003-05-31,6,Love You Out Loud,Rascal Flatts,7,19,Gains In Performance
2003-05-31,7,Have You Forgotten?,Darryl Worley,3,13,
2003-05-31,8,My Front Porch Looking In,Lonestar,9,12,Gains In Performance
2003-05-31,9,She's My Kind Of Rain,Tim McGraw,2,20,
2003-05-31,10,Big Star,Kenny Chesney,10,20,
2003-05-31,11,Stay Gone,Jimmy Wayne,11,17,Gains In Performance
2003-05-31,12,Almost Home,Craig Morgan,12,30,Gains In Performance
2003-05-31,13,Speed,Montgomery Gentry,13,23,Gains In Performance
2003-05-31,14,The Love Song,Jeff Bates,16,22,Gains In Performance
2003-05-31,15,Red Dirt Road,Brooks & Dunn,22,7,Gains In Performance
2003-05-31,16,Brokenheartsville,Joe Nichols,15,31,
2003-05-31,17,The Truth About Men,Tracy Byrd,17,12,Gains In Performance
2003-05-31,18,That'd Be Alright,Alan Jackson,14,24,
2003-05-31,19,Tell Me Something Bad About Tulsa,George Strait,21,8,Gains In Performance
2003-05-31,20,There's More To Me Than You,Jessica Andrews,18,26,
2003-05-31,21,Celebrity,Brad Paisley,27,11,Gains In Performance
2003-05-31,22,Was That My Life,Jo Dee Messina,23,20,Gains In Performance
2003-05-31,23,Forever And For Always,Shania Twain,24,8,Gains In Performance
2003-05-31,24,99.9% Sure (I've Never Been Here Before),Brian McComas,26,13,Gains In Performance
2003-05-31,25,Then They Do,Trace Adkins,28,12,Gains In Performance
2003-05-31,26,Backseat Of A Greyhound Bus,Sara Evans,29,14,Gains In Performance
2003-05-31,27,What The World Needs,Wynonna,33,4,Gains In Performance
2003-05-31,28,One Last Time,Dusty Drake,31,11,
2003-05-31,29,A Few Questions,Clay Walker,37,6,Gains In Performance
2003-05-31,30,Love's Got An Attitude (It Is What It Is),Amy Dalley,34,13,Gains In Performance
2003-05-31,31,When You Think Of Me,Mark Wills,35,14,Gains In Performance
2003-05-31,32,What Was I Thinkin',Dierks Bentley,41,7,Gains In Performance
2003-05-31,33,Why Ain't I Running,Garth Brooks,30,13,
2003-05-31,34,She Only Smokes When She Drinks,Joe Nichols,42,5,Gains In Performance
2003-05-31,35,Someday,Vince Gill,36,10,Gains In Performance
2003-05-31,36,Three Mississippi,Terri Clark,40,11,Gains In Performance
2003-05-31,37,Help Pour Out The Rain (Lacey's Song),Buddy Jewell,44,2,Gains In Performance
2003-05-31,38,Heavy Liftin',Blake Shelton,43,6,
2003-05-31,39,Country Ain't Country,Travis Tritt,32,19,
2003-05-31,40,"No Shoes, No Shirt, No Problems",Kenny Chesney,57,2,Gains In Performance
2003-05-31,41,Only God (Could Stop Me Loving You),Emerson Drive,45,9,Gains In Performance
2003-05-31,42,You're Still Here,Faith Hill,46,4,Gains In Performance
2003-05-31,43,Hey Mr. President,The Warren Brothers,38,9,
2003-05-31,44,Love Changes Everything,Aaron Lines,50,7,Gains In Performance
2003-05-31,45,I Can't Be Your Friend,Rushlow,51,4,Gains In Performance
2003-05-31,46,Suddenly,LeAnn Rimes,47,12,Gains In Performance
2003-05-31,47,Walk A Little Straighter,Billy Currington,52,5,Gains In Performance
2003-05-31,48,Real Good Man,Tim McGraw,60,3,Gains In Performance
2003-05-31,49,I Want My Money Back,Sammy Kershaw,39,19,
2003-05-31,50,This Far Gone,Jennifer Hanson,49,7,Gains In Performance
2003-05-31,51,I'm Just A Girl,Deana Carter,56,2,Gains In Performance
2003-05-31,52,A Boy Like You,Trick Pony,48,9,
2003-05-31,53,Days Like This,Rachel Proctor,55,3,Gains In Performance
2003-05-31,54,It Doesn't Mean I Don't Love You,McHayes,53,7,Gains In Performance
2003-05-31,55,One Of Those Days,Brad Martin,54,7,
2003-05-31,56,Rock You Baby,Toby Keith,58,20,Gains In Performance
2003-05-31,57,Wave On Wave,Pat Green,NEW,1,Highest ranking debut|Gains In Performance
2003-05-31,58,Every Little Thing,Jamie O'Neal,59,2,
2003-05-31,59,I'm Missing You,Kenny Rogers,NEW,1,Gains In Performance
2003-05-31,60,Long Black Train,Josh Turner,NEW,1,Gains In Performance
2003-06-07,1,I Believe,Diamond Rio,1,29,
2003-06-07,2,Three Wooden Crosses,Randy Travis,2,27,Gains In Performance
2003-06-07,3,Beer For My Horses,Toby Keith Duet With Willie Nelson,5,21,Gains In Performance
2003-06-07,4,Love You Out Loud,Rascal Flatts,6,20,Gains In Performance
2003-06-07,5,What A Beautiful Day,Chris Cagle,4,30,
2003-06-07,6,My Front Porch Looking In,Lonestar,8,13,Gains In Performance
2003-06-07,7,Raining On Sunday,Keith Urban,3,28,
2003-06-07,8,Have You Forgotten?,Darryl Worley,7,14,
2003-06-07,9,Stay Gone,Jimmy Wayne,11,18,Gains In Performance
2003-06-07,10,She's My Kind Of Rain,Tim McGraw,9,21,
2003-06-07,11,Speed,Montgomery Gentry,13,24,Gains In Performance
2003-06-07,12,Almost Home,Craig Morgan,12,31,Gains In Performance
2003-06-07,13,The Love Song,Jeff Bates,14,23,Gains In Performance
2003-06-07,14,Red Dirt Road,Brooks & Dunn,15,8,Gains In Performance
2003-06-07,15,Big Star,Kenny Chesney,10,21,
2003-06-07,16,Tell Me Something Bad About Tulsa,George Strait,19,9,Gains In Performance
2003-06-07,17,The Truth About Men,Tracy Byrd,17,13,Gains In Performance
2003-06-07,18,Brokenheartsville,Joe Nichols,16,32,
2003-06-07,19,Celebrity,Brad Paisley,21,12,Gains In Performance
2003-06-07,20,Forever And For Always,Shania Twain,23,9,Gains In Performance
2003-06-07,21,99.9% Sure (I've Never Been Here Before),Brian McComas,24,14,Gains In Performance
2003-06-07,22,Then They Do,Trace Adkins,25,13,Gains In Performance
2003-06-07,23,What The World Needs,Wynonna,27,5,Gains In Performance
2003-06-07,24,Backseat Of A Greyhound Bus,Sara Evans,26,15,Gains In Performance
2003-06-07,25,A Few Questions,Clay Walker,29,7,Gains In Performance
2003-06-07,26,One Last Time,Dusty Drake,28,12,Gains In Performance
2003-06-07,27,Love's Got An Attitude (It Is What It Is),Amy Dalley,30,14,Gains In Performance
2003-06-07,28,"No Shoes, No Shirt, No Problems",Kenny Chesney,40,3,Greatest gainer this week|Gains In Performance
2003-06-07,29,When You Think Of Me,Mark Wills,31,15,Gains In Performance
2003-06-07,30,What Was I Thinkin',Dierks Bentley,32,8,Gains In Performance
2003-06-07,31,She Only Smokes When She Drinks,Joe Nichols,34,6,Gains In Performance
2003-06-07,32,Help Pour Out The Rain (Lacey's Song),Buddy Jewell,37,3,Gains In Performance
2003-06-07,33,Someday,Vince Gill,35,11,
2003-06-07,34,Three Mississippi,Terri Clark,36,12,Gains In Performance
2003-06-07,35,Real Good Man,Tim McGraw,48,4,Gains In Performance
2003-06-07,36,Heavy Liftin',Blake Shelton,38,7,Gains In Performance
2003-06-07,37,You're Still Here,Faith Hill,42,5,Gains In Performance
2003-06-07,38,Only God (Could Stop Me Loving You),Emerson Drive,41,10,Gains In Performance
2003-06-07,39,Walk A Little Straighter,Billy Currington,47,6,Gains In Performance
2003-06-07,40,I'm Just A Girl,Deana Carter,51,3,Gains In Performance
2003-06-07,41,I Can't Be Your Friend,Rushlow,45,5,Gains In Performance
2003-06-07,42,Love Changes Everything,Aaron Lines,44,8,Gains In Performance
2003-06-07,43,This Far Gone,Jennifer Hanson,50,8,Gains In Performance
2003-06-07,44,Country Ain't Country,Travis Tritt,39,20,
2003-06-07,45,Why Ain't I Running,Garth Brooks,33,14,
2003-06-07,46,Days Like This,Rachel Proctor,53,4,Gains In Performance
2003-06-07,47,Suddenly,LeAnn Rimes,46,13,
2003-06-07,48,It Doesn't Mean I Don't Love You,McHayes,54,8,Gains In Performance
2003-06-07,49,Wave On Wave,Pat Green,57,2,Gains In Performance
2003-06-07,50,Every Little Thing,Jamie O'Neal,58,3,Gains In Performance
2003-06-07,51,I Want My Money Back,Sammy Kershaw,49,20,
2003-06-07,52,One Of Those Days,Brad Martin,55,8,
2003-06-07,53,Four-Wheel Drive,John Michael Montgomery,NEW,1,Highest ranking debut|Gains In Performance
2003-06-07,54,I'm Missing You,Kenny Rogers,59,2,Gains In Performance
2003-06-07,55,A Boy Like You,Trick Pony,52,10,
2003-06-07,56,Hey Mr. President,The Warren Brothers,43,10,
2003-06-07,57,Long Black Train,Josh Turner,60,2,
2003-06-07,58,Who Wouldn't Wanna Be Me,Keith Urban,NEW,1,Gains In Performance
2003-06-07,59,Godspeed (Sweet Dreams),Dixie Chicks,NEW,1,Gains In Performance
2003-06-07,60,The Lucky One,Alison Krauss + Union Station,RE,14,
2003-06-14,1,Beer For My Horses,Toby Keith Duet With Willie Nelson,3,22,Gains In Performance
2003-06-14,2,My Front Porch Looking In,Lonestar,6,14,Gains In Performance
2003-06-14,3,Love You Out Loud,Rascal Flatts,4,21,Gains In Performance
2003-06-14,4,I Believe,Diamond Rio,1,30,Gains In Performance
2003-06-14,5,Three Wooden Crosses,Randy Travis,2,28,
2003-06-14,6,What A Beautiful Day,Chris Cagle,5,31,
2003-06-14,7,Stay Gone,Jimmy Wayne,9,19,Gains In Performance
2003-06-14,8,Raining On Sunday,Keith Urban,7,29,
2003-06-14,9,Almost Home,Craig Morgan,12,32,Gains In Performance
2003-06-14,10,Speed,Montgomery Gentry,11,25,Gains In Performance
2003-06-14,11,Red Dirt Road,Brooks & Dunn,14,9,Gains In Performance
2003-06-14,12,Have You Forgotten?,Darryl Worley,8,15,
2003-06-14,13,The Love Song,Jeff Bates,13,24,Gains In Performance
2003-06-14,14,Forever And For Always,Shania Twain,20,10,Gains In Performance
2003-06-14,15,Celebrity,Brad Paisley,19,13,Gains In Performance
2003-06-14,16,The Truth About Men,Tracy Byrd,17,14,Gains In Performance
2003-06-14,17,Tell Me Something Bad About Tulsa,George Strait,16,10,Gains In Performance
2003-06-14,18,She's My Kind Of Rain,Tim McGraw,10,22,
2003-06-14,19,Big Star,Kenny Chesney,15,22,
2003-06-14,20,99.9% Sure (I've Never Been Here Before),Brian McComas,21,15,Gains In Performance
2003-06-14,21,Then They Do,Trace Adkins,22,14,Gains In Performance
2003-06-14,22,What The World Needs,Wynonna,23,6,Gains In Performance
2003-06-14,23,Backseat Of A Greyhound Bus,Sara Evans,24,16,Gains In Performance
2003-06-14,24,"No Shoes, No Shirt, No Problems",Kenny Chesney,28,4,Gains In Performance
2003-06-14,25,A Few Questions,Clay Walker,25,8,Gains In Performance
2003-06-14,26,One Last Time,Dusty Drake,26,13,Gains In Performance
2003-06-14,27,What Was I Thinkin',Dierks Bentley,30,9,Gains In Performance
2003-06-14,28,Help Pour Out The Rain (Lacey's Song),Buddy Jewell,32,4,Gains In Performance
2003-06-14,29,Real Good Man,Tim McGraw,35,5,Gains In Performance
2003-06-14,30,Love's Got An Attitude (It Is What It Is),Amy Dalley,27,15,Gains In Performance
2003-06-14,31,She Only Smokes When She Drinks,Joe Nichols,31,7,Gains In Performance
2003-06-14,32,When You Think Of Me,Mark Wills,29,16,Gains In Performance
2003-06-14,33,Someday,Vince Gill,33,12,Gains In Performance
2003-06-14,34,Three Mississippi,Terri Clark,34,13,Gains In Performance
2003-06-14,35,Heavy Liftin',Blake Shelton,36,8,Gains In Performance
2003-06-14,36,You're Still Here,Faith Hill,37,6,Gains In Performance
2003-06-14,37,Only God (Could Stop Me Loving You),Emerson Drive,38,11,Gains In Performance
2003-06-14,38,I'm Just A Girl,Deana Carter,40,4,Gains In Performance
2003-06-14,39,Walk A Little Straighter,Billy Currington,39,7,Gains In Performance
2003-06-14,40,Love Changes Everything,Aaron Lines,42,9,Gains In Performance
2003-06-14,41,I Can't Be Your Friend,Rushlow,41,6,Gains In Performance
2003-06-14,42,This Far Gone,Jennifer Hanson,43,9,Gains In Performance
2003-06-14,43,Days Like This,Rachel Proctor,46,5,Gains In Performance
2003-06-14,44,It Doesn't Mean I Don't Love You,McHayes,48,9,Gains In Performance
2003-06-14,45,Wave On Wave,Pat Green,49,3,Gains In Performance
2003-06-14,46,Every Little Thing,Jamie O'Neal,50,4,Gains In Performance
2003-06-14,47,Suddenly,LeAnn Rimes,47,14,
2003-06-14,48,Why Ain't I Running,Garth Brooks,45,15,
2003-06-14,49,I'm Missing You,Kenny Rogers,54,3,Gains In Performance
2003-06-14,50,Long Black Train,Josh Turner,57,3,Gains In Performance
2003-06-14,51,Godspeed (Sweet Dreams),Dixie Chicks,59,2,Gains In Performance
2003-06-14,52,Four-Wheel Drive,John Michael Montgomery,53,2,
2003-06-14,53,Lovin' All Night,Patty Loveless,NEW,1,Highest ranking debut|Gains In Performance
2003-06-14,54,Streets Of Heaven,Sherrie Austin,NEW,1,Gains In Performance
2003-06-14,55,One Of Those Days,Brad Martin,52,9,
2003-06-14,56,When You Come Around,Deric Ruttan,NEW,1,Gains In Performance
2003-06-14,57,I Can Only Imagine,Jeff Carson,NEW,1,Gains In Performance
2003-06-14,58,In Your Love,Rhett Akins,RE,2,Gains In Performance
2003-06-14,59,The Lucky One,Alison Krauss + Union Station,60,15,Gains In Performance
2003-06-14,60,Who Wouldn't Wanna Be Me,Keith Urban,58,2,
2003-06-21,1,Beer For My Horses,Toby Keith Duet With Willie Nelson,1,23,Gains In Performance
2003-06-21,2,My Front Porch Looking In,Lonestar,2,15,Gains In Performance
2003-06-21,3,Love You Out Loud,Rascal Flatts,3,22,
2003-06-21,4,I Believe,Diamond Rio,4,31,
2003-06-21,5,Stay Gone,Jimmy Wayne,7,20,Gains In Performance
2003-06-21,6,Three Wooden Crosses,Randy Travis,5,29,
2003-06-21,7,Speed,Montgomery Gentry,10,26,Gains In Performance
2003-06-21,8,Almost Home,Craig Morgan,9,33,Gains In Performance
2003-06-21,9,Red Dirt Road,Brooks & Dunn,11,10,Gains In Performance
2003-06-21,10,The Love Song,Jeff Bates,13,25,Gains In Performance
2003-06-21,11,Celebrity,Brad Paisley,15,14,Gains In Performance
2003-06-21,12,Forever And For Always,Shania Twain,14,11,Gains In Performance
2003-06-21,13,Tell Me Something Bad About Tulsa,George Strait,17,11,Gains In Performance
2003-06-21,14,What A Beautiful Day,Chris Cagle,6,32,
2003-06-21,15,Raining On Sunday,Keith Urban,8,30,
2003-06-21,16,Have You Forgotten?,Darryl Worley,12,16,
2003-06-21,17,The Truth About Men,Tracy Byrd,16,15,Gains In Performance
2003-06-21,18,99.9% Sure (I've Never Been Here Before),Brian McComas,20,16,Gains In Performance
2003-06-21,19,Big Star,Kenny Chesney,19,23,
2003-06-21,20,What The World Needs,Wynonna,22,7,Gains In Performance
2003-06-21,21,Then They Do,Trace Adkins,21,15,Gains In Performance
2003-06-21,22,"No Shoes, No Shirt, No Problems",Kenny Chesney,24,5,Gains In Performance
2003-06-21,23,Backseat Of A Greyhound Bus,Sara Evans,23,17,Gains In Performance
2003-06-21,24,Real Good Man,Tim McGraw,29,6,Gains In Performance
2003-06-21,25,A Few Questions,Clay Walker,25,9,Gains In Performance
2003-06-21,26,What Was I Thinkin',Dierks Bentley,27,10,Gains In Performance
2003-06-21,27,One Last Time,Dusty Drake,26,14,Gains In Performance
2003-06-21,28,She Only Smokes When She Drinks,Joe Nichols,31,8,Gains In Performance
2003-06-21,29,Help Pour Out The Rain (Lacey's Song),Buddy Jewell,28,5,Gains In Performance
2003-06-21,30,Love's Got An Attitude (It Is What It Is),Amy Dalley,30,16,Gains In Performance
2003-06-21,31,It's Five O'Clock Somewhere,Alan Jackson & Jimmy Buffett,NEW,1,Gains In Performance
2003-06-21,32,When You Think Of Me,Mark Wills,32,17,Gains In Performance
2003-06-21,33,Three Mississippi,Terri Clark,34,14,Gains In Performance
2003-06-21,34,Someday,Vince Gill,33,13,
2003-06-21,35,Heavy Liftin',Blake Shelton,35,9,
2003-06-21,36,Only God (Could Stop Me Loving You),Emerson Drive,37,12,Gains In Performance
2003-06-21,37,You're Still Here,Faith Hill,36,7,Gains In Performance
2003-06-21,38,I'm Just A Girl,Deana Carter,38,5,Gains In Performance
2003-06-21,39,Walk A Little Straighter,Billy Currington,39,8,Gains In Performance
2003-06-21,40,I Can't Be Your Friend,Rushlow,41,7,Gains In Performance
2003-06-21,41,Days Like This,Rachel Proctor,43,6,Gains In Performance
2003-06-21,42,This Far Gone,Jennifer Hanson,42,10,Gains In Performance
2003-06-21,43,Love Changes Everything,Aaron Lines,40,10,Gains In Performance
2003-06-21,44,Wave On Wave,Pat Green,45,4,Gains In Performance
2003-06-21,45,It Doesn't Mean I Don't Love You,McHayes,44,10,Gains In Performance
2003-06-21,46,Every Little Thing,Jamie O'Neal,46,5,Gains In Performance
2003-06-21,47,Who Wouldn't Wanna Be Me,Keith Urban,60,3,Gains In Performance
2003-06-21,48,Streets Of Heaven,Sherrie Austin,54,2,Gains In Performance
2003-06-21,49,This One's For The Girls,Martina McBride,NEW,1,Gains In Performance
2003-06-21,50,Godspeed (Sweet Dreams),Dixie Chicks,51,3,Gains In Performance
2003-06-21,51,Long Black Train,Josh Turner,50,4,Gains In Performance
2003-06-21,52,The Back Of Your Hand,Dwight Yoakam,NEW,1,Gains In Performance
2003-06-21,53,I'm Missing You,Kenny Rogers,49,4,
2003-06-21,54,I Can Only Imagine,Jeff Carson,57,2,Gains In Performance
2003-06-21,55,Four-Wheel Drive,John Michael Montgomery,52,3,Gains In Performance
2003-06-21,56,Lovin' All Night,Patty Loveless,53,2,Gains In Performance
2003-06-21,57,Can You Hear Me When I Talk To You?,Ashley Gearing,NEW,1,Gains In Performance
2003-06-21,58,In My Dreams,Rick Trevino,NEW,1,Gains In Performance
2003-06-21,59,Suddenly,LeAnn Rimes,47,15,
2003-06-21,60,Honesty (Write Me A List),Rodney Atkins,NEW,1,Gains In Performance
2003-06-28,1,Beer For My Horses,Toby Keith Duet With Willie Nelson,1,24,Gains In Performance
2003-06-28,2,My Front Porch Looking In,Lonestar,2,16,Gains In Performance
2003-06-28,3,Love You Out Loud,Rascal Flatts,3,23,
2003-06-28,4,Stay Gone,Jimmy Wayne,5,21,Gains In Performance
2003-06-28,5,Speed,Montgomery Gentry,7,27,Gains In Performance
2003-06-28,6,Red Dirt Road,Brooks & Dunn,9,11,Gains In Performance
2003-06-28,7,Three Wooden Crosses,Randy Travis,6,30,
2003-06-28,8,I Believe,Diamond Rio,4,32,
2003-06-28,9,Almost Home,Craig Morgan,8,34,
2003-06-28,10,Forever And For Always,Shania Twain,12,12,Gains In Performance
2003-06-28,11,The Love Song,Jeff Bates,10,26,Gains In Performance
2003-06-28,12,Celebrity,Brad Paisley,11,15,Gains In Performance
2003-06-28,13,Tell Me Something Bad About Tulsa,George Strait,13,12,Gains In Performance
2003-06-28,14,The Truth About Men,Tracy Byrd,17,16,Gains In Performance
2003-06-28,15,99.9% Sure (I've Never Been Here Before),Brian McComas,18,17,Gains In Performance
2003-06-28,16,"No Shoes, No Shirt, No Problems",Kenny Chesney,22,6,Gains In Performance
2003-06-28,17,Have You Forgotten?,Darryl Worley,16,17,
2003-06-28,18,Then They Do,Trace Adkins,21,16,Gains In Performance
2003-06-28,19,What The World Needs,Wynonna,20,8,Gains In Performance
2003-06-28,20,It's Five O'Clock Somewhere,Alan Jackson & Jimmy Buffett,31,2,Gains In Performance
2003-06-28,21,Backseat Of A Greyhound Bus,Sara Evans,23,18,Gains In Performance
2003-06-28,22,Real Good Man,Tim McGraw,24,7,Gains In Performance
2003-06-28,23,A Few Questions,Clay Walker,25,10,Gains In Performance
2003-06-28,24,What Was I Thinkin',Dierks Bentley,26,11,Gains In Performance
2003-06-28,25,Help Pour Out The Rain (Lacey's Song),Buddy Jewell,29,6,Gains In Performance
2003-06-28,26,One Last Time,Dusty Drake,27,15,
2003-06-28,27,She Only Smokes When She Drinks,Joe Nichols,28,9,Gains In Performance
2003-06-28,28,Love's Got An Attitude (It Is What It Is),Amy Dalley,30,17,
2003-06-28,29,When You Think Of Me,Mark Wills,32,18,
2003-06-28,30,Three Mississippi,Terri Clark,33,15,
2003-06-28,31,Someday,Vince Gill,34,14,Gains In Performance
2003-06-28,32,Heavy Liftin',Blake Shelton,35,10,Gains In Performance
2003-06-28,33,Only God (Could Stop Me Loving You),Emerson Drive,36,13,Gains In Performance
2003-06-28,34,You're Still Here,Faith Hill,37,8,
2003-06-28,35,Walk A Little Straighter,Billy Currington,39,9,Gains In Performance
2003-06-28,36,I'm Just A Girl,Deana Carter,38,6,Gains In Performance
2003-06-28,37,Who Wouldn't Wanna Be Me,Keith Urban,47,4,Gains In Performance
2003-06-28,38,I Can't Be Your Friend,Rushlow,40,8,Gains In Performance
2003-06-28,39,This One's For The Girls,Martina McBride,49,2,Gains In Performance
2003-06-28,40,Love Changes Everything,Aaron Lines,43,11,Gains In Performance
2003-06-28,41,Days Like This,Rachel Proctor,41,7,Gains In Performance
2003-06-28,42,Wave On Wave,Pat Green,44,5,Gains In Performance
2003-06-28,43,This Far Gone,Jennifer Hanson,42,11,
2003-06-28,44,Streets Of Heaven,Sherrie Austin,48,3,Gains In Performance
2003-06-28,45,Tough Little Boys,Gary Allan,NEW,1,Highest ranking debut|Gains In Performance
2003-06-28,46,It Doesn't Mean I Don't Love You,McHayes,45,11,
2003-06-28,47,Every Little Thing,Jamie O'Neal,46,6,
2003-06-28,48,Godspeed (Sweet Dreams),Dixie Chicks,50,4,Gains In Performance
2003-06-28,49,Long Black Train,Josh Turner,51,5,Gains In Performance
2003-06-28,50,Can You Hear Me When I Talk To You?,Ashley Gearing,57,2,Gains In Performance
2003-06-28,51,I Can Only Imagine,Jeff Carson,54,3,Gains In Performance
2003-06-28,52,Honesty (Write Me A List),Rodney Atkins,60,2,Gains In Performance
2003-06-28,53,I'm Missing You,Kenny Rogers,53,5,
2003-06-28,54,The Back Of Your Hand,Dwight Yoakam,52,2,
2003-06-28,55,Lovin' All Night,Patty Loveless,56,3,Gains In Performance
2003-06-28,56,Four-Wheel Drive,John Michael Montgomery,55,4,
2003-06-28,57,Chicks Dig It,Chris Cagle,NEW,1,Gains In Performance
2003-06-28,58,You Can't Take It With You,Rhonda Vincent,NEW,1,Gains In Performance
2003-06-28,59,When You Come Around,Deric Ruttan,RE,2,Gains In Performance
2003-06-28,60,In My Dreams,Rick Trevino,58,2,
2003-07-05,1,Beer For My Horses,Toby Keith Duet With Willie Nelson,1,25,Gains In Performance
2003-07-05,2,My Front Porch Looking In,Lonestar,2,17,Gains In Performance
2003-07-05,3,Stay Gone,Jimmy Wayne,4,22,Gains In Performance
2003-07-05,4,Red Dirt Road,Brooks & Dunn,6,12,Gains In Performance
2003-07-05,5,Speed,Montgomery Gentry,5,28,Gains In Performance
2003-07-05,6,Almost Home,Craig Morgan,9,35,Gains In Performance
2003-07-05,7,Celebrity,Brad Paisley,12,16,Gains In Performance
2003-07-05,8,The Love Song,Jeff Bates,11,27,Gains In Performance
2003-07-05,9,Forever And For Always,Shania Twain,10,13,Gains In Performance
2003-07-05,10,Love You Out Loud,Rascal Flatts,3,24,
2003-07-05,11,Three Wooden Crosses,Randy Travis,7,31,
2003-07-05,12,"No Shoes, No Shirt, No Problems",Kenny Chesney,16,7,Gains In Performance
2003-07-05,13,Tell Me Something Bad About Tulsa,George Strait,13,13,Gains In Performance
2003-07-05,14,It's Five O'Clock Somewhere,Alan Jackson & Jimmy Buffett,20,3,Greatest gainer this week|Gains In Performance
2003-07-05,15,I Believe,Diamond Rio,8,33,
2003-07-05,16,The Truth About Men,Tracy Byrd,14,17,
2003-07-05,17,99.9% Sure (I've Never Been Here Before),Brian McComas,15,18,Gains In Performance
2003-07-05,18,What The World Needs,Wynonna,19,9,Gains In Performance
2003-07-05,19,Then They Do,Trace Adkins,18,17,Gains In Performance
2003-07-05,20,Real Good Man,Tim McGraw,22,8,Gains In Performance
2003-07-05,21,Have You Forgotten?,Darryl Worley,17,18,
2003-07-05,22,Backseat Of A Greyhound Bus,Sara Evans,21,19,Gains In Performance
2003-07-05,23,What Was I Thinkin',Dierks Bentley,24,12,Gains In Performance
2003-07-05,24,A Few Questions,Clay Walker,23,11,Gains In Performance
2003-07-05,25,Help Pour Out The Rain (Lacey's Song),Buddy Jewell,25,7,Gains In Performance
2003-07-05,26,She Only Smokes When She Drinks,Joe Nichols,27,10,Gains In Performance
2003-07-05,27,One Last Time,Dusty Drake,26,16,
2003-07-05,28,When You Think Of Me,Mark Wills,29,19,Gains In Performance
2003-07-05,29,This One's For The Girls,Martina McBride,39,3,Gains In Performance
2003-07-05,30,Who Wouldn't Wanna Be Me,Keith Urban,37,5,Gains In Performance
2003-07-05,31,Love's Got An Attitude (It Is What It Is),Amy Dalley,28,18,
2003-07-05,32,Only God (Could Stop Me Loving You),Emerson Drive,33,14,Gains In Performance
2003-07-05,33,Three Mississippi,Terri Clark,30,16,
2003-07-05,34,Walk A Little Straighter,Billy Currington,35,10,Gains In Performance
2003-07-05,35,I Can't Be Your Friend,Rushlow,38,9,Gains In Performance
2003-07-05,36,You're Still Here,Faith Hill,34,9,Gains In Performance
2003-07-05,37,I'm Just A Girl,Deana Carter,36,7,Gains In Performance
2003-07-05,38,Someday,Vince Gill,31,15,
2003-07-05,39,Heavy Liftin',Blake Shelton,32,11,
2003-07-05,40,Days Like This,Rachel Proctor,41,8,Gains In Performance
2003-07-05,41,Wave On Wave,Pat Green,42,6,Gains In Performance
2003-07-05,42,Tough Little Boys,Gary Allan,45,2,Gains In Performance
2003-07-05,43,Love Changes Everything,Aaron Lines,40,12,
2003-07-05,44,Streets Of Heaven,Sherrie Austin,44,4,Gains In Performance
2003-07-05,45,It Doesn't Mean I Don't Love You,McHayes,46,12,Gains In Performance
2003-07-05,46,Every Little Thing,Jamie O'Neal,47,7,Gains In Performance
2003-07-05,47,Lovin' All Night,Patty Loveless,55,4,Gains In Performance
2003-07-05,48,Godspeed (Sweet Dreams),Dixie Chicks,48,5,Gains In Performance
2003-07-05,49,Can You Hear Me When I Talk To You?,Ashley Gearing,50,3,Gains In Performance
2003-07-05,50,Honesty (Write Me A List),Rodney Atkins,52,3,Gains In Performance
2003-07-05,51,This Far Gone,Jennifer Hanson,43,12,
2003-07-05,52,Long Black Train,Josh Turner,49,6,Gains In Performance
2003-07-05,53,The Back Of Your Hand,Dwight Yoakam,54,3,Gains In Performance
2003-07-05,54,I Can Only Imagine,Jeff Carson,51,4,
2003-07-05,55,Chicks Dig It,Chris Cagle,57,2,Gains In Performance
2003-07-05,56,I'm Missing You,Kenny Rogers,53,6,
2003-07-05,57,When You Come Around,Deric Ruttan,59,3,Gains In Performance
2003-07-05,58,Four-Wheel Drive,John Michael Montgomery,56,5,
2003-07-05,59,Ultimate Love,Phil Vassar,NEW,1,Highest ranking debut|Gains In Performance
2003-07-05,60,Back To Memphis,Billy Ray Cyrus,NEW,1,Gains In Performance
2003-07-12,1,Beer For My Horses,Toby Keith Duet With Willie Nelson,1,26,
2003-07-12,2,My Front Porch Looking In,Lonestar,2,18,Gains In Performance
2003-07-12,3,Stay Gone,Jimmy Wayne,3,23,Gains In Performance
2003-07-12,4,Red Dirt Road,Brooks & Dunn,4,13,Gains In Performance
2003-07-12,5,Speed,Montgomery Gentry,5,29,Gains In Performance
2003-07-12,6,Celebrity,Brad Paisley,7,17,Gains In Performance
2003-07-12,7,It's Five O'Clock Somewhere,Alan Jackson & Jimmy Buffett,14,4,Greatest gainer this week|Gains In Performance
2003-07-12,8,The Love Song,Jeff Bates,8,28,Gains In Performance
2003-07-12,9,Forever And For Always,Shania Twain,9,14,Gains In Performance
2003-07-12,10,"No Shoes, No Shirt, No Problems",Kenny Chesney,12,8,Gains In Performance
2003-07-12,11,Almost Home,Craig Morgan,6,36,
2003-07-12,12,Tell Me Something Bad About Tulsa,George Strait,13,14,Gains In Performance
2003-07-12,13,Three Wooden Crosses,Randy Travis,11,32,
2003-07-12,14,99.9% Sure (I've Never Been Here Before),Brian McComas,17,19,Gains In Performance
2003-07-12,15,The Truth About Men,Tracy Byrd,16,18,Gains In Performance
2003-07-12,16,Love You Out Loud,Rascal Flatts,10,25,
2003-07-12,17,What The World Needs,Wynonna,18,10,Gains In Performance
2003-07-12,18,Then They Do,Trace Adkins,19,18,Gains In Performance
2003-07-12,19,Real Good Man,Tim McGraw,20,9,Gains In Performance
2003-07-12,20,I Believe,Diamond Rio,15,34,
2003-07-12,21,What Was I Thinkin',Dierks Bentley,23,13,Gains In Performance
2003-07-12,22,Backseat Of A Greyhound Bus,Sara Evans,22,20,Gains In Performance
2003-07-12,23,Have You Forgotten?,Darryl Worley,21,19,
2003-07-12,24,A Few Questions,Clay Walker,24,12,Gains In Performance
2003-07-12,25,Help Pour Out The Rain (Lacey's Song),Buddy Jewell,25,8,Gains In Performance
2003-07-12,26,She Only Smokes When She Drinks,Joe Nichols,26,11,Gains In Performance
2003-07-12,27,This One's For The Girls,Martina McBride,29,4,Gains In Performance
2003-07-12,28,Who Wouldn't Wanna Be Me,Keith Urban,30,6,Gains In Performance
2003-07-12,29,One Last Time,Dusty Drake,27,17,
2003-07-12,30,When You Think Of Me,Mark Wills,28,20,Gains In Performance
2003-07-12,31,Only God (Could Stop Me Loving You),Emerson Drive,32,15,Gains In Performance
2003-07-12,32,You're Still Here,Faith Hill,36,10,Gains In Performance
2003-07-12,33,Walk A Little Straighter,Billy Currington,34,11,Gains In Performance
2003-07-12,34,I Can't Be Your Friend,Rushlow,35,10,Gains In Performance
2003-07-12,35,I'm Just A Girl,Deana Carter,37,8,Gains In Performance
2003-07-12,36,Tough Little Boys,Gary Allan,42,3,Gains In Performance
2003-07-12,37,Wave On Wave,Pat Green,41,7,Gains In Performance
2003-07-12,38,Days Like This,Rachel Proctor,40,9,Gains In Performance
2003-07-12,39,Love Changes Everything,Aaron Lines,43,13,Gains In Performance
2003-07-12,40,Lovin' All Night,Patty Loveless,47,5,Gains In Performance
2003-07-12,41,Streets Of Heaven,Sherrie Austin,44,5,Gains In Performance
2003-07-12,42,It Doesn't Mean I Don't Love You,McHayes,45,13,Gains In Performance
2003-07-12,43,Three Mississippi,Terri Clark,33,17,
2003-07-12,44,Every Little Thing,Jamie O'Neal,46,8,Gains In Performance
2003-07-12,45,Love's Got An Attitude (It Is What It Is),Amy Dalley,31,19,
2003-07-12,46,Honesty (Write Me A List),Rodney Atkins,50,4,Gains In Performance
2003-07-12,47,Someday,Vince Gill,38,16,
2003-07-12,48,Chicks Dig It,Chris Cagle,55,3,Gains In Performance
2003-07-12,49,Can You Hear Me When I Talk To You?,Ashley Gearing,49,4,
2003-07-12,50,Long Black Train,Josh Turner,52,7,Gains In Performance
2003-07-12,51,Godspeed (Sweet Dreams),Dixie Chicks,48,6,
2003-07-12,52,Playboys Of The Southwestern World,Blake Shelton,NEW,1,Highest ranking debut|Gains In Performance
2003-07-12,53,Heavy Liftin',Blake Shelton,39,12,
2003-07-12,54,I Melt,Rascal Flatts,NEW,1,Gains In Performance
2003-07-12,55,The Back Of Your Hand,Dwight Yoakam,53,4,Gains In Performance
2003-07-12,56,I Can Only Imagine,Jeff Carson,54,5,Gains In Performance
2003-07-12,57,Tennessee River Run,Darryl Worley,NEW,1,Gains In Performance
2003-07-12,58,If There Ain't There Oughta' Be,Marty Stuart And His Fabulous Superlatives,NEW,1,Gains In Performance
2003-07-12,59,When You Come Around,Deric Ruttan,57,4,Gains In Performance
2003-07-12,60,In My Dreams,Rick Trevino,RE,3,Gains In Performance
2003-07-19,1,Beer For My Horses,Toby Keith Duet With Willie Nelson,1,27,
2003-07-19,2,My Front Porch Looking In,Lonestar,2,19,
2003-07-19,3,Stay Gone,Jimmy Wayne,3,24,Gains In Performance
2003-07-19,4,Red Dirt Road,Brooks & Dunn,4,14,Gains In Performance
2003-07-19,5,Celebrity,Brad Paisley,6,18,Gains In Performance
2003-07-19,6,Speed,Montgomery Gentry,5,30,
2003-07-19,7,It's Five O'Clock Somewhere,Alan Jackson & Jimmy Buffett,7,5,Gains In Performance
2003-07-19,8,"No Shoes, No Shirt, No Problems",Kenny Chesney,10,9,Gains In Performance
2003-07-19,9,The Love Song,Jeff Bates,8,29,Gains In Performance
2003-07-19,10,Forever And For Always,Shania Twain,9,15,Gains In Performance
2003-07-19,11,Tell Me Something Bad About Tulsa,George Strait,12,15,
2003-07-19,12,99.9% Sure (I've Never Been Here Before),Brian McComas,14,20,Gains In Performance
2003-07-19,13,The Truth About Men,Tracy Byrd,15,19,Gains In Performance
2003-07-19,14,Then They Do,Trace Adkins,18,19,Gains In Performance
2003-07-19,15,Real Good Man,Tim McGraw,19,10,Gains In Performance
2003-07-19,16,What Was I Thinkin',Dierks Bentley,21,14,Gains In Performance
2003-07-19,17,Three Wooden Crosses,Randy Travis,13,33,
2003-07-19,18,Almost Home,Craig Morgan,11,37,
2003-07-19,19,What The World Needs,Wynonna,17,11,Gains In Performance
2003-07-19,20,Backseat Of A Greyhound Bus,Sara Evans,22,21,Gains In Performance
2003-07-19,21,A Few Questions,Clay Walker,24,13,Gains In Performance
2003-07-19,22,Help Pour Out The Rain (Lacey's Song),Buddy Jewell,25,9,Gains In Performance
2003-07-19,23,Have You Forgotten?,Darryl Worley,23,20,
2003-07-19,24,This One's For The Girls,Martina McBride,27,5,Gains In Performance
2003-07-19,25,She Only Smokes When She Drinks,Joe Nichols,26,12,Gains In Performance
2003-07-19,26,Who Wouldn't Wanna Be Me,Keith Urban,28,7,Greatest gainer this week|Gains In Performance
2003-07-19,27,Only God (Could Stop Me Loving You),Emerson Drive,31,16,
2003-07-19,28,You're Still Here,Faith Hill,32,11,Gains In Performance
2003-07-19,29,Tough Little Boys,Gary Allan,36,4,Gains In Performance
2003-07-19,30,Walk A Little Straighter,Billy Currington,33,12,Gains In Performance
2003-07-19,31,I Can't Be Your Friend,Rushlow,34,11,Gains In Performance
2003-07-19,32,One Last Time,Dusty Drake,29,18,
2003-07-19,33,Days Like This,Rachel Proctor,38,10,Gains In Performance
2003-07-19,34,Wave On Wave,Pat Green,37,8,Gains In Performance
2003-07-19,35,I'm Just A Girl,Deana Carter,35,9,Gains In Performance
2003-07-19,36,Lovin' All Night,Patty Loveless,40,6,Gains In Performance
2003-07-19,37,Streets Of Heaven,Sherrie Austin,41,6,Gains In Performance
2003-07-19,38,Every Little Thing,Jamie O'Neal,44,9,Gains In Performance
2003-07-19,39,Chicks Dig It,Chris Cagle,48,4,Gains In Performance
2003-07-19,40,Honesty (Write Me A List),Rodney Atkins,46,5,Gains In Performance
2003-07-19,41,It Doesn't Mean I Don't Love You,McHayes,42,14,
2003-07-19,42,Love Changes Everything,Aaron Lines,39,14,
2003-07-19,43,I Melt,Rascal Flatts,54,2,Gains In Performance
2003-07-19,44,Can You Hear Me When I Talk To You?,Ashley Gearing,49,5,Gains In Performance
2003-07-19,45,Playboys Of The Southwestern World,Blake Shelton,52,2,Gains In Performance
2003-07-19,46,Long Black Train,Josh Turner,50,8,Gains In Performance
2003-07-19,47,Tennessee River Run,Darryl Worley,57,2,Gains In Performance
2003-07-19,48,Love's Got An Attitude (It Is What It Is),Amy Dalley,45,20,
2003-07-19,49,Godspeed (Sweet Dreams),Dixie Chicks,51,7,
2003-07-19,50,Someday,Vince Gill,47,17,
2003-07-19,51,If There Ain't There Oughta' Be,Marty Stuart And His Fabulous Superlatives,58,2,Gains In Performance
2003-07-19,52,In My Dreams,Rick Trevino,60,4,Gains In Performance
2003-07-19,53,I Can Only Imagine,Jeff Carson,56,6,
2003-07-19,54,Three Mississippi,Terri Clark,43,18,
2003-07-19,55,The Back Of Your Hand,Dwight Yoakam,55,5,
2003-07-19,56,When You Come Around,Deric Ruttan,59,5,Gains In Performance
2003-07-19,57,Ultimate Love,Phil Vassar,RE,2,Gains In Performance
2003-07-19,58,My Beautiful America,The Charlie Daniels Band,NEW,1,Highest ranking debut|Gains In Performance
2003-07-19,59,Break The Record,The Warren Brothers,NEW,1,Gains In Performance
2003-07-19,60,Heavy Liftin',Blake Shelton,53,13,
2003-07-26,1,My Front Porch Looking In,Lonestar,2,20,Gains In Performance
2003-07-26,2,Red Dirt Road,Brooks & Dunn,4,15,Greatest gainer this week|Gains In Performance
2003-07-26,3,Beer For My Horses,Toby Keith Duet With Willie Nelson,1,28,
2003-07-26,4,Celebrity,Brad Paisley,5,19,Gains In Performance
2003-07-26,5,Stay Gone,Jimmy Wayne,3,25,
2003-07-26,6,It's Five O'Clock Somewhere,Alan Jackson & Jimmy Buffett,7,6,Gains In Performance
2003-07-26,7,"No Shoes, No Shirt, No Problems",Kenny Chesney,8,10,Gains In Performance
2003-07-26,8,Speed,Montgomery Gentry,6,31,
2003-07-26,9,Forever And For Always,Shania Twain,10,16,Gains In Performance
2003-07-26,10,The Love Song,Jeff Bates,9,30,
2003-07-26,11,99.9% Sure (I've Never Been Here Before),Brian McComas,12,21,Gains In Performance
2003-07-26,12,Real Good Man,Tim McGraw,15,11,Gains In Performance
2003-07-26,13,Tell Me Something Bad About Tulsa,George Strait,11,16,
2003-07-26,14,Then They Do,Trace Adkins,14,20,Gains In Performance
2003-07-26,15,What Was I Thinkin',Dierks Bentley,16,15,Gains In Performance
2003-07-26,16,What The World Needs,Wynonna,19,12,Gains In Performance
2003-07-26,17,The Truth About Men,Tracy Byrd,13,20,
2003-07-26,18,Help Pour Out The Rain (Lacey's Song),Buddy Jewell,22,10,Gains In Performance
2003-07-26,19,Backseat Of A Greyhound Bus,Sara Evans,20,22,Gains In Performance
2003-07-26,20,Three Wooden Crosses,Randy Travis,17,34,
2003-07-26,21,A Few Questions,Clay Walker,21,14,Gains In Performance
2003-07-26,22,This One's For The Girls,Martina McBride,24,6,Gains In Performance
2003-07-26,23,Who Wouldn't Wanna Be Me,Keith Urban,26,8,Gains In Performance
2003-07-26,24,She Only Smokes When She Drinks,Joe Nichols,25,13,Gains In Performance
2003-07-26,25,Tough Little Boys,Gary Allan,29,5,Gains In Performance
2003-07-26,26,Walk A Little Straighter,Billy Currington,30,13,Gains In Performance
2003-07-26,27,Only God (Could Stop Me Loving You),Emerson Drive,27,17,Gains In Performance
2003-07-26,28,Wave On Wave,Pat Green,34,9,Gains In Performance
2003-07-26,29,I Can't Be Your Friend,Rushlow,31,12,Gains In Performance
2003-07-26,30,You're Still Here,Faith Hill,28,12,Gains In Performance
2003-07-26,31,Days Like This,Rachel Proctor,33,11,Gains In Performance
2003-07-26,32,Lovin' All Night,Patty Loveless,36,7,Gains In Performance
2003-07-26,33,I Melt,Rascal Flatts,43,3,Gains In Performance
2003-07-26,34,Streets Of Heaven,Sherrie Austin,37,7,Gains In Performance
2003-07-26,35,Chicks Dig It,Chris Cagle,39,5,Gains In Performance
2003-07-26,36,I'm Just A Girl,Deana Carter,35,10,
2003-07-26,37,Honesty (Write Me A List),Rodney Atkins,40,6,Gains In Performance
2003-07-26,38,Every Little Thing,Jamie O'Neal,38,10,Gains In Performance
2003-07-26,39,One Last Time,Dusty Drake,32,19,
2003-07-26,40,Playboys Of The Southwestern World,Blake Shelton,45,3,Gains In Performance
2003-07-26,41,Long Black Train,Josh Turner,46,9,Gains In Performance
2003-07-26,42,Can You Hear Me When I Talk To You?,Ashley Gearing,44,6,Gains In Performance
2003-07-26,43,Tennessee River Run,Darryl Worley,47,3,Gains In Performance
2003-07-26,44,Love Changes Everything,Aaron Lines,42,15,
2003-07-26,45,It Doesn't Mean I Don't Love You,McHayes,41,15,
2003-07-26,46,Ultimate Love,Phil Vassar,57,3,Gains In Performance
2003-07-26,47,If There Ain't There Oughta' Be,Marty Stuart And His Fabulous Superlatives,51,3,Gains In Performance
2003-07-26,48,When You Come Around,Deric Ruttan,56,6,Gains In Performance
2003-07-26,49,I Wish,Jo Dee Messina,NEW,1,Highest ranking debut|Gains In Performance
2003-07-26,50,In My Dreams,Rick Trevino,52,5,Gains In Performance
2003-07-26,51,I Can Only Imagine,Jeff Carson,53,7,Gains In Performance
2003-07-26,52,I Can't Take You Anywhere,Scotty Emerick With Toby Keith,NEW,1,Gains In Performance
2003-07-26,53,Godspeed (Sweet Dreams),Dixie Chicks,49,8,
2003-07-26,54,Break The Record,The Warren Brothers,59,2,
2003-07-26,55,What A Shame,Rebecca Lynn Howard,NEW,1,Gains In Performance
2003-07-26,56,Pray For The Fish,Randy Travis,NEW,1,Gains In Performance
2003-07-26,57,The Lucky One,Alison Krauss + Union Station,RE,16,
2003-07-26,58,And The Crowd Goes Wild,Mark Wills,NEW,1,Gains In Performance
2003-07-26,59,Hell Yeah,Montgomery Gentry,NEW,1,Gains In Performance
2003-07-26,60,The Back Of Your Hand,Dwight Yoakam,55,6,
2003-08-02,1,Red Dirt Road,Brooks & Dunn,2,16,Gains In Performance
2003-08-02,2,It's Five O'Clock Somewhere,Alan Jackson & Jimmy Buffett,6,7,Gains In Performance
2003-08-02,3,Celebrity,Brad Paisley,4,20,Gains In Performance
2003-08-02,4,My Front Porch Looking In,Lonestar,1,21,
2003-08-02,5,Beer For My Horses,Toby Keith Duet With Willie Nelson,3,29,
2003-08-02,6,"No Shoes, No Shirt, No Problems",Kenny Chesney,7,11,Greatest gainer this week|Gains In Performance
2003-08-02,7,Forever And For Always,Shania Twain,9,17,Gains In Performance
2003-08-02,8,Stay Gone,Jimmy Wayne,5,26,
2003-08-02,9,Real Good Man,Tim McGraw,12,12,Gains In Performance
2003-08-02,10,99.9% Sure (I've Never Been Here Before),Brian McComas,11,22,Gains In Performance
2003-08-02,11,What Was I Thinkin',Dierks Bentley,15,16,Gains In Performance
2003-08-02,12,Then They Do,Trace Adkins,14,21,Gains In Performance
2003-08-02,13,Speed,Montgomery Gentry,8,32,
2003-08-02,14,What The World Needs,Wynonna,16,13,Gains In Performance
2003-08-02,15,Help Pour Out The Rain (Lacey's Song),Buddy Jewell,18,11,Gains In Performance
2003-08-02,16,Backseat Of A Greyhound Bus,Sara Evans,19,23,Gains In Performance
2003-08-02,17,A Few Questions,Clay Walker,21,15,Gains In Performance
2003-08-02,18,This One's For The Girls,Martina McBride,22,7,Gains In Performance
2003-08-02,19,The Truth About Men,Tracy Byrd,17,21,
2003-08-02,20,Tell Me Something Bad About Tulsa,George Strait,13,17,
2003-08-02,21,Who Wouldn't Wanna Be Me,Keith Urban,23,9,Gains In Performance
2003-08-02,22,She Only Smokes When She Drinks,Joe Nichols,24,14,Gains In Performance
2003-08-02,23,Tough Little Boys,Gary Allan,25,6,Gains In Performance
2003-08-02,24,Wave On Wave,Pat Green,28,10,Gains In Performance
2003-08-02,25,Walk A Little Straighter,Billy Currington,26,14,Gains In Performance
2003-08-02,26,I Melt,Rascal Flatts,33,4,Gains In Performance
2003-08-02,27,Lovin' All Night,Patty Loveless,32,8,Gains In Performance
2003-08-02,28,Only God (Could Stop Me Loving You),Emerson Drive,27,18,Gains In Performance
2003-08-02,29,Days Like This,Rachel Proctor,31,12,Gains In Performance
2003-08-02,30,I Can't Be Your Friend,Rushlow,29,13,Gains In Performance
2003-08-02,31,You're Still Here,Faith Hill,30,13,Gains In Performance
2003-08-02,32,Chicks Dig It,Chris Cagle,35,6,Gains In Performance
2003-08-02,33,Honesty (Write Me A List),Rodney Atkins,37,7,Gains In Performance
2003-08-02,34,Streets Of Heaven,Sherrie Austin,34,8,Gains In Performance
2003-08-02,35,Every Little Thing,Jamie O'Neal,38,11,Gains In Performance
2003-08-02,36,Playboys Of The Southwestern World,Blake Shelton,40,4,Gains In Performance
2003-08-02,37,Tennessee River Run,Darryl Worley,43,4,Gains In Performance
2003-08-02,38,Can You Hear Me When I Talk To You?,Ashley Gearing,42,7,Gains In Performance
2003-08-02,39,Long Black Train,Josh Turner,41,10,Gains In Performance
2003-08-02,40,One Last Time,Dusty Drake,39,20,
2003-08-02,41,Ultimate Love,Phil Vassar,46,4,Gains In Performance
2003-08-02,42,If There Ain't There Oughta' Be,Marty Stuart And His Fabulous Superlatives,47,4,Gains In Performance
2003-08-02,43,I'm Just A Girl,Deana Carter,36,11,
2003-08-02,44,Wrinkles,Diamond Rio,NEW,1,Highest ranking debut|Gains In Performance
2003-08-02,45,Hell Yeah,Montgomery Gentry,59,2,Gains In Performance
2003-08-02,46,I Wish,Jo Dee Messina,49,2,Gains In Performance
2003-08-02,47,I Can't Take You Anywhere,Scotty Emerick With Toby Keith,52,2,Gains In Performance
2003-08-02,48,When You Come Around,Deric Ruttan,48,7,Gains In Performance
2003-08-02,49,In My Dreams,Rick Trevino,50,6,Gains In Performance
2003-08-02,50,I Can Only Imagine,Jeff Carson,51,8,Gains In Performance
2003-08-02,51,What A Shame,Rebecca Lynn Howard,55,2,Gains In Performance
2003-08-02,52,And The Crowd Goes Wild,Mark Wills,58,2,Gains In Performance
2003-08-02,53,Half A Heart Tattoo,Jennifer Hanson,NEW,1,Gains In Performance
2003-08-02,54,Break The Record,The Warren Brothers,54,3,Gains In Performance
2003-08-02,55,I'll Be Around,Sawyer Brown,NEW,1,Gains In Performance
2003-08-02,56,I'm One Of You,Hank Williams Jr.,NEW,1,Gains In Performance
2003-08-02,57,The Late Great Golden State,Dwight Yoakam,NEW,1,Gains In Performance
2003-08-02,58,I'm Your Man,Steve Wariner,NEW,1,Gains In Performance
2003-08-02,59,Pray For The Fish,Randy Travis,56,2,
2003-08-02,60,Godspeed (Sweet Dreams),Dixie Chicks,53,9,
2003-08-09,1,It's Five O'Clock Somewhere,Alan Jackson & Jimmy Buffett,2,8,Gains In Performance
2003-08-09,2,Red Dirt Road,Brooks & Dunn,1,17,
2003-08-09,3,"No Shoes, No Shirt, No Problems",Kenny Chesney,6,12,Greatest gainer this week|Gains In Performance
2003-08-09,4,Celebrity,Brad Paisley,3,21,Gains In Performance
2003-08-09,5,Beer For My Horses,Toby Keith Duet With Willie Nelson,5,30,
2003-08-09,6,My Front Porch Looking In,Lonestar,4,22,
2003-08-09,7,Forever And For Always,Shania Twain,7,18,Gains In Performance
2003-08-09,8,Real Good Man,Tim McGraw,9,13,Gains In Performance
2003-08-09,9,What Was I Thinkin',Dierks Bentley,11,17,Gains In Performance
2003-08-09,10,99.9% Sure (I've Never Been Here Before),Brian McComas,10,23,Gains In Performance
2003-08-09,11,Then They Do,Trace Adkins,12,22,Gains In Performance
2003-08-09,12,Stay Gone,Jimmy Wayne,8,27,
2003-08-09,13,Help Pour Out The Rain (Lacey's Song),Buddy Jewell,15,12,Gains In Performance
2003-08-09,14,What The World Needs,Wynonna,14,14,
2003-08-09,15,This One's For The Girls,Martina McBride,18,8,Gains In Performance
2003-08-09,16,A Few Questions,Clay Walker,17,16,Gains In Performance
2003-08-09,17,Backseat Of A Greyhound Bus,Sara Evans,16,24,Gains In Performance
2003-08-09,18,Who Wouldn't Wanna Be Me,Keith Urban,21,10,Gains In Performance
2003-08-09,19,Speed,Montgomery Gentry,13,33,
2003-08-09,20,She Only Smokes When She Drinks,Joe Nichols,22,15,Gains In Performance
2003-08-09,21,Tough Little Boys,Gary Allan,23,7,Gains In Performance
2003-08-09,22,I Melt,Rascal Flatts,26,5,Gains In Performance
2003-08-09,23,Wave On Wave,Pat Green,24,11,Gains In Performance
2003-08-09,24,Walk A Little Straighter,Billy Currington,25,15,Gains In Performance
2003-08-09,25,Only God (Could Stop Me Loving You),Emerson Drive,28,19,Gains In Performance
2003-08-09,26,Lovin' All Night,Patty Loveless,27,9,Gains In Performance
2003-08-09,27,Tell Me Something Bad About Tulsa,George Strait,20,18,
2003-08-09,28,Days Like This,Rachel Proctor,29,13,Gains In Performance
2003-08-09,29,I Can't Be Your Friend,Rushlow,30,14,Gains In Performance
2003-08-09,30,Chicks Dig It,Chris Cagle,32,7,Gains In Performance
2003-08-09,31,Honesty (Write Me A List),Rodney Atkins,33,8,Gains In Performance
2003-08-09,32,Streets Of Heaven,Sherrie Austin,34,9,Gains In Performance
2003-08-09,33,You're Still Here,Faith Hill,31,14,
2003-08-09,34,Playboys Of The Southwestern World,Blake Shelton,36,5,Gains In Performance
2003-08-09,35,Every Little Thing,Jamie O'Neal,35,12,Gains In Performance
2003-08-09,36,Tennessee River Run,Darryl Worley,37,5,Gains In Performance
2003-08-09,37,Can You Hear Me When I Talk To You?,Ashley Gearing,38,8,Gains In Performance
2003-08-09,38,Wrinkles,Diamond Rio,44,2,Gains In Performance
2003-08-09,39,Hell Yeah,Montgomery Gentry,45,3,Gains In Performance
2003-08-09,40,Long Black Train,Josh Turner,39,11,Gains In Performance
2003-08-09,41,I Wish,Jo Dee Messina,46,3,Gains In Performance
2003-08-09,42,I Can't Take You Anywhere,Scotty Emerick With Toby Keith,47,3,Gains In Performance
2003-08-09,43,And The Crowd Goes Wild,Mark Wills,52,3,Gains In Performance
2003-08-09,44,If There Ain't There Oughta' Be,Marty Stuart And His Fabulous Superlatives,42,5,Gains In Performance
2003-08-09,45,Ultimate Love,Phil Vassar,41,5,Gains In Performance
2003-08-09,46,When You Come Around,Deric Ruttan,48,8,Gains In Performance
2003-08-09,47,What A Shame,Rebecca Lynn Howard,51,3,Gains In Performance
2003-08-09,48,In My Dreams,Rick Trevino,49,7,
2003-08-09,49,Good Time,Jessica Andrews,NEW,1,Highest ranking debut|Gains In Performance
2003-08-09,50,"Lonesome, On'ry And Mean",Travis Tritt,NEW,1,Gains In Performance
2003-08-09,51,Half A Heart Tattoo,Jennifer Hanson,53,2,Gains In Performance
2003-08-09,52,I Can Only Imagine,Jeff Carson,50,9,
2003-08-09,53,I'm Just A Girl,Deana Carter,43,12,
2003-08-09,54,Pray For The Fish,Randy Travis,59,3,Gains In Performance
2003-08-09,55,Drinkin' Bone,Tracy Byrd,NEW,1,Gains In Performance
2003-08-09,56,The Late Great Golden State,Dwight Yoakam,57,2,Gains In Performance
2003-08-09,57,Cowboys Like Us,George Strait,NEW,1,Gains In Performance
2003-08-09,58,I'll Be Around,Sawyer Brown,55,2,
2003-08-09,59,Smaller Pieces,Dusty Drake,NEW,1,Gains In Performance
2003-08-09,60,Break The Record,The Warren Brothers,54,4,
2003-08-16,1,It's Five O'Clock Somewhere,Alan Jackson & Jimmy Buffett,1,9,Gains In Performance
2003-08-16,2,"No Shoes, No Shirt, No Problems",Kenny Chesney,3,13,Gains In Performance
2003-08-16,3,Celebrity,Brad Paisley,4,22,Gains In Performance
2003-08-16,4,Red Dirt Road,Brooks & Dunn,2,18,
2003-08-16,5,Forever And For Always,Shania Twain,7,19,Gains In Performance
2003-08-16,6,My Front Porch Looking In,Lonestar,6,23,
2003-08-16,7,Beer For My Horses,Toby Keith Duet With Willie Nelson,5,31,
2003-08-16,8,What Was I Thinkin',Dierks Bentley,9,18,Greatest gainer this week|Gains In Performance
2003-08-16,9,Real Good Man,Tim McGraw,8,14,Gains In Performance
2003-08-16,10,99.9% Sure (I've Never Been Here Before),Brian McComas,10,24,Gains In Performance
2003-08-16,11,Then They Do,Trace Adkins,11,23,Gains In Performance
2003-08-16,12,Help Pour Out The Rain (Lacey's Song),Buddy Jewell,13,13,Gains In Performance
2003-08-16,13,A Few Questions,Clay Walker,16,17,Gains In Performance
2003-08-16,14,This One's For The Girls,Martina McBride,15,9,Gains In Performance
2003-08-16,15,What The World Needs,Wynonna,14,15,
2003-08-16,16,Who Wouldn't Wanna Be Me,Keith Urban,18,11,Gains In Performance
2003-08-16,17,Stay Gone,Jimmy Wayne,12,28,
2003-08-16,18,Backseat Of A Greyhound Bus,Sara Evans,17,25,
2003-08-16,19,She Only Smokes When She Drinks,Joe Nichols,20,16,Gains In Performance
2003-08-16,20,Tough Little Boys,Gary Allan,21,8,Gains In Performance
2003-08-16,21,I Melt,Rascal Flatts,22,6,Gains In Performance
2003-08-16,22,Wave On Wave,Pat Green,23,12,Gains In Performance
2003-08-16,23,Walk A Little Straighter,Billy Currington,24,16,Gains In Performance
2003-08-16,24,Lovin' All Night,Patty Loveless,26,10,Gains In Performance
2003-08-16,25,Only God (Could Stop Me Loving You),Emerson Drive,25,20,Gains In Performance
2003-08-16,26,Days Like This,Rachel Proctor,28,14,Gains In Performance
2003-08-16,27,Chicks Dig It,Chris Cagle,30,8,Gains In Performance
2003-08-16,28,I Can't Be Your Friend,Rushlow,29,15,Gains In Performance
2003-08-16,29,Streets Of Heaven,Sherrie Austin,32,10,Gains In Performance
2003-08-16,30,Honesty (Write Me A List),Rodney Atkins,31,9,Gains In Performance
2003-08-16,31,Playboys Of The Southwestern World,Blake Shelton,34,6,Gains In Performance
2003-08-16,32,Tennessee River Run,Darryl Worley,36,6,Gains In Performance
2003-08-16,33,Hell Yeah,Montgomery Gentry,39,4,Gains In Performance
2003-08-16,34,Every Little Thing,Jamie O'Neal,35,13,Gains In Performance
2003-08-16,35,Tell Me Something Bad About Tulsa,George Strait,27,19,
2003-08-16,36,Can You Hear Me When I Talk To You?,Ashley Gearing,37,9,Gains In Performance
2003-08-16,37,And The Crowd Goes Wild,Mark Wills,43,4,Gains In Performance
2003-08-16,38,Long Black Train,Josh Turner,40,12,Gains In Performance
2003-08-16,39,Wrinkles,Diamond Rio,38,3,Gains In Performance
2003-08-16,40,I Wish,Jo Dee Messina,41,4,Gains In Performance
2003-08-16,41,I Can't Take You Anywhere,Scotty Emerick With Toby Keith,42,4,Gains In Performance
2003-08-16,42,If There Ain't There Oughta' Be,Marty Stuart And His Fabulous Superlatives,44,6,Gains In Performance
2003-08-16,43,Cowboys Like Us,George Strait,57,2,Gains In Performance
2003-08-16,44,Ultimate Love,Phil Vassar,45,6,Gains In Performance
2003-08-16,45,You're Still Here,Faith Hill,33,15,
2003-08-16,46,What A Shame,Rebecca Lynn Howard,47,4,Gains In Performance
2003-08-16,47,Drinkin' Bone,Tracy Byrd,55,2,Gains In Performance
2003-08-16,48,Half A Heart Tattoo,Jennifer Hanson,51,3,Gains In Performance
2003-08-16,49,In My Dreams,Rick Trevino,48,8,Gains In Performance
2003-08-16,50,When You Come Around,Deric Ruttan,46,9,Gains In Performance
2003-08-16,51,Good Time,Jessica Andrews,49,2,Gains In Performance
2003-08-16,52,The Late Great Golden State,Dwight Yoakam,56,3,Gains In Performance
2003-08-16,53,Pray For The Fish,Randy Travis,54,4,Gains In Performance
2003-08-16,54,Every Friday Afternoon,Craig Morgan,NEW,1,Highest ranking debut|Gains In Performance
2003-08-16,55,I Can Only Imagine,Jeff Carson,52,10,
2003-08-16,56,"Lonesome, On'ry And Mean",Travis Tritt,50,2,
2003-08-16,57,"Run, Run, Run",Ryan Tyler,NEW,1,Gains In Performance
2003-08-16,58,I've Never Been Anywhere,Sammy Kershaw,NEW,1,Gains In Performance
2003-08-16,59,Walking In Memphis,Lonestar,NEW,1,Gains In Performance
2003-08-16,60,I Wanna Do It All,Terri Clark,NEW,1,Gains In Performance
2003-08-23,1,It's Five O'Clock Somewhere,Alan Jackson & Jimmy Buffett,1,10,Gains In Performance
2003-08-23,2,"No Shoes, No Shirt, No Problems",Kenny Chesney,2,14,Gains In Performance
2003-08-23,3,Celebrity,Brad Paisley,3,23,
2003-08-23,4,Red Dirt Road,Brooks & Dunn,4,19,
2003-08-23,5,Forever And For Always,Shania Twain,5,20,Gains In Performance
2003-08-23,6,What Was I Thinkin',Dierks Bentley,8,19,Greatest gainer this week|Gains In Performance
2003-08-23,7,Real Good Man,Tim McGraw,9,15,Gains In Performance
2003-08-23,8,Beer For My Horses,Toby Keith Duet With Willie Nelson,7,32,
2003-08-23,9,My Front Porch Looking In,Lonestar,6,24,
2003-08-23,10,Then They Do,Trace Adkins,11,24,Gains In Performance
2003-08-23,11,99.9% Sure (I've Never Been Here Before),Brian McComas,10,25,
2003-08-23,12,Help Pour Out The Rain (Lacey's Song),Buddy Jewell,12,14,Gains In Performance
2003-08-23,13,A Few Questions,Clay Walker,13,18,Gains In Performance
2003-08-23,14,This One's For The Girls,Martina McBride,14,10,Gains In Performance
2003-08-23,15,Who Wouldn't Wanna Be Me,Keith Urban,16,12,Gains In Performance
2003-08-23,16,Tough Little Boys,Gary Allan,20,9,Gains In Performance
2003-08-23,17,She Only Smokes When She Drinks,Joe Nichols,19,17,Gains In Performance
2003-08-23,18,Backseat Of A Greyhound Bus,Sara Evans,18,26,
2003-08-23,19,What The World Needs,Wynonna,15,16,
2003-08-23,20,I Melt,Rascal Flatts,21,7,Gains In Performance
2003-08-23,21,Wave On Wave,Pat Green,22,13,Gains In Performance
2003-08-23,22,Walk A Little Straighter,Billy Currington,23,17,Gains In Performance
2003-08-23,23,Lovin' All Night,Patty Loveless,24,11,Gains In Performance
2003-08-23,24,Only God (Could Stop Me Loving You),Emerson Drive,25,21,Gains In Performance
2003-08-23,25,Days Like This,Rachel Proctor,26,15,Gains In Performance
2003-08-23,26,Chicks Dig It,Chris Cagle,27,9,Gains In Performance
2003-08-23,27,I Can't Be Your Friend,Rushlow,28,16,Gains In Performance
2003-08-23,28,Streets Of Heaven,Sherrie Austin,29,11,Gains In Performance
2003-08-23,29,Honesty (Write Me A List),Rodney Atkins,30,10,Gains In Performance
2003-08-23,30,Hell Yeah,Montgomery Gentry,33,5,Gains In Performance
2003-08-23,31,Playboys Of The Southwestern World,Blake Shelton,31,7,Gains In Performance
2003-08-23,32,Tennessee River Run,Darryl Worley,32,7,Gains In Performance
2003-08-23,33,Cowboys Like Us,George Strait,43,3,Gains In Performance
2003-08-23,34,Wrinkles,Diamond Rio,39,4,Gains In Performance
2003-08-23,35,Every Little Thing,Jamie O'Neal,34,14,
2003-08-23,36,And The Crowd Goes Wild,Mark Wills,37,5,Gains In Performance
2003-08-23,37,I Wish,Jo Dee Messina,40,5,Gains In Performance
2003-08-23,38,Can You Hear Me When I Talk To You?,Ashley Gearing,36,10,
2003-08-23,39,Long Black Train,Josh Turner,38,13,
2003-08-23,40,I Can't Take You Anywhere,Scotty Emerick With Toby Keith,41,5,Gains In Performance
2003-08-23,41,If There Ain't There Oughta' Be,Marty Stuart And His Fabulous Superlatives,42,7,Gains In Performance
2003-08-23,42,Walking In Memphis,Lonestar,59,2,Gains In Performance
2003-08-23,43,What A Shame,Rebecca Lynn Howard,46,5,Gains In Performance
2003-08-23,44,Tell Me Something Bad About Tulsa,George Strait,35,20,
2003-08-23,45,Half A Heart Tattoo,Jennifer Hanson,48,4,Gains In Performance
2003-08-23,46,Drinkin' Bone,Tracy Byrd,47,3,Gains In Performance
2003-08-23,47,Ultimate Love,Phil Vassar,44,7,
2003-08-23,48,When You Come Around,Deric Ruttan,50,10,Gains In Performance
2003-08-23,49,In My Dreams,Rick Trevino,49,9,
2003-08-23,50,Good Time,Jessica Andrews,51,3,Gains In Performance
2003-08-23,51,Every Friday Afternoon,Craig Morgan,54,2,Gains In Performance
2003-08-23,52,Pray For The Fish,Randy Travis,53,5,Gains In Performance
2003-08-23,53,I Love You This Much,Jimmy Wayne,NEW,1,Highest ranking debut|Gains In Performance
2003-08-23,54,The Late Great Golden State,Dwight Yoakam,52,4,Gains In Performance
2003-08-23,55,Smaller Pieces,Dusty Drake,RE,2,Gains In Performance
2003-08-23,56,You're Still Here,Faith Hill,45,16,
2003-08-23,57,"Run, Run, Run",Ryan Tyler,57,2,Gains In Performance
2003-08-23,58,I'll Be Around,Sawyer Brown,RE,3,Gains In Performance
2003-08-23,59,"Lonesome, On'ry And Mean",Travis Tritt,56,3,
2003-08-23,60,I Think You're Beautiful,Amy Dalley,NEW,1,Gains In Performance
2003-08-30,1,It's Five O'Clock Somewhere,Alan Jackson & Jimmy Buffett,1,11,Gains In Performance
2003-08-30,2,"No Shoes, No Shirt, No Problems",Kenny Chesney,2,15,
2003-08-30,3,Celebrity,Brad Paisley,3,24,
2003-08-30,4,What Was I Thinkin',Dierks Bentley,6,20,Gains In Performance
2003-08-30,5,Forever And For Always,Shania Twain,5,21,
2003-08-30,6,Red Dirt Road,Brooks & Dunn,4,20,
2003-08-30,7,Real Good Man,Tim McGraw,7,16,Gains In Performance
2003-08-30,8,Help Pour Out The Rain (Lacey's Song),Buddy Jewell,12,15,Gains In Performance
2003-08-30,9,Then They Do,Trace Adkins,10,25,
2003-08-30,10,My Front Porch Looking In,Lonestar,9,25,
2003-08-30,11,Beer For My Horses,Toby Keith Duet With Willie Nelson,8,33,
2003-08-30,12,99.9% Sure (I've Never Been Here Before),Brian McComas,11,26,
2003-08-30,13,A Few Questions,Clay Walker,13,19,Gains In Performance
2003-08-30,14,This One's For The Girls,Martina McBride,14,11,Gains In Performance
2003-08-30,15,Who Wouldn't Wanna Be Me,Keith Urban,15,13,Gains In Performance
2003-08-30,16,Tough Little Boys,Gary Allan,16,10,Gains In Performance
2003-08-30,17,She Only Smokes When She Drinks,Joe Nichols,17,18,Gains In Performance
2003-08-30,18,I Melt,Rascal Flatts,20,8,Gains In Performance
2003-08-30,19,Wave On Wave,Pat Green,21,14,Gains In Performance
2003-08-30,20,Walk A Little Straighter,Billy Currington,22,18,Gains In Performance
2003-08-30,21,Lovin' All Night,Patty Loveless,23,12,Gains In Performance
2003-08-30,22,Chicks Dig It,Chris Cagle,26,10,Gains In Performance
2003-08-30,23,Only God (Could Stop Me Loving You),Emerson Drive,24,22,Gains In Performance
2003-08-30,24,Days Like This,Rachel Proctor,25,16,Gains In Performance
2003-08-30,25,I Can't Be Your Friend,Rushlow,27,17,Gains In Performance
2003-08-30,26,What The World Needs,Wynonna,19,17,
2003-08-30,27,Hell Yeah,Montgomery Gentry,30,6,Gains In Performance
2003-08-30,28,Streets Of Heaven,Sherrie Austin,28,12,Gains In Performance
2003-08-30,29,Honesty (Write Me A List),Rodney Atkins,29,11,Gains In Performance
2003-08-30,30,I Love This Bar,Toby Keith,NEW,1,Gains In Performance
2003-08-30,31,Playboys Of The Southwestern World,Blake Shelton,31,8,Gains In Performance
2003-08-30,32,Cowboys Like Us,George Strait,33,4,Gains In Performance
2003-08-30,33,Tennessee River Run,Darryl Worley,32,8,Gains In Performance
2003-08-30,34,And The Crowd Goes Wild,Mark Wills,36,6,Gains In Performance
2003-08-30,35,Wrinkles,Diamond Rio,34,5,Gains In Performance
2003-08-30,36,I Wish,Jo Dee Messina,37,6,Gains In Performance
2003-08-30,37,Long Black Train,Josh Turner,39,14,Gains In Performance
2003-08-30,38,Can You Hear Me When I Talk To You?,Ashley Gearing,38,11,Gains In Performance
2003-08-30,39,Walking In Memphis,Lonestar,42,3,Gains In Performance
2003-08-30,40,I Can't Take You Anywhere,Scotty Emerick With Toby Keith,40,6,Gains In Performance
2003-08-30,41,Drinkin' Bone,Tracy Byrd,46,4,Gains In Performance
2003-08-30,42,If There Ain't There Oughta' Be,Marty Stuart And His Fabulous Superlatives,41,8,
2003-08-30,43,What A Shame,Rebecca Lynn Howard,43,6,Gains In Performance
2003-08-30,44,Half A Heart Tattoo,Jennifer Hanson,45,5,Gains In Performance
2003-08-30,45,I Love You This Much,Jimmy Wayne,53,2,Gains In Performance
2003-08-30,46,Every Little Thing,Jamie O'Neal,35,15,
2003-08-30,47,In My Dreams,Rick Trevino,49,10,Gains In Performance
2003-08-30,48,Every Friday Afternoon,Craig Morgan,51,3,Gains In Performance
2003-08-30,49,When You Come Around,Deric Ruttan,48,11,
2003-08-30,50,Smaller Pieces,Dusty Drake,55,3,Gains In Performance
2003-08-30,51,Ultimate Love,Phil Vassar,47,8,
2003-08-30,52,I'll Be Around,Sawyer Brown,58,4,Gains In Performance
2003-08-30,53,Good Time,Jessica Andrews,50,4,
2003-08-30,54,Pray For The Fish,Randy Travis,52,6,
2003-08-30,55,I'm Gonna Take That Mountain,Reba McEntire,NEW,1,Gains In Performance
2003-08-30,56,"Run, Run, Run",Ryan Tyler,57,3,Gains In Performance
2003-08-30,57,I'm One Of You,Hank Williams Jr.,RE,2,Gains In Performance
2003-08-30,58,The Late Great Golden State,Dwight Yoakam,54,5,
2003-08-30,59,I Wanna Do It All,Terri Clark,RE,2,Gains In Performance
2003-08-30,60,"Lonesome, On'ry And Mean",Travis Tritt,59,4,
2003-09-06,1,It's Five O'Clock Somewhere,Alan Jackson & Jimmy Buffett,1,12,Gains In Performance
2003-09-06,2,"No Shoes, No Shirt, No Problems",Kenny Chesney,2,16,
2003-09-06,3,What Was I Thinkin',Dierks Bentley,4,21,Gains In Performance
2003-09-06,4,Forever And For Always,Shania Twain,5,22,Gains In Performance
2003-09-06,5,Real Good Man,Tim McGraw,7,17,Gains In Performance
2003-09-06,6,Celebrity,Brad Paisley,3,25,
2003-09-06,7,Help Pour Out The Rain (Lacey's Song),Buddy Jewell,8,16,Gains In Performance
2003-09-06,8,Red Dirt Road,Brooks & Dunn,6,21,
2003-09-06,9,Then They Do,Trace Adkins,9,26,Gains In Performance
2003-09-06,10,This One's For The Girls,Martina McBride,14,12,Gains In Performance
2003-09-06,11,A Few Questions,Clay Walker,13,20,Gains In Performance
2003-09-06,12,Beer For My Horses,Toby Keith Duet With Willie Nelson,11,34,
2003-09-06,13,Who Wouldn't Wanna Be Me,Keith Urban,15,14,Gains In Performance
2003-09-06,14,My Front Porch Looking In,Lonestar,10,26,
2003-09-06,15,Tough Little Boys,Gary Allan,16,11,Gains In Performance
2003-09-06,16,I Melt,Rascal Flatts,18,9,Gains In Performance
2003-09-06,17,She Only Smokes When She Drinks,Joe Nichols,17,19,Gains In Performance
2003-09-06,18,99.9% Sure (I've Never Been Here Before),Brian McComas,12,27,
2003-09-06,19,Wave On Wave,Pat Green,19,15,Gains In Performance
2003-09-06,20,Lovin' All Night,Patty Loveless,21,13,Gains In Performance
2003-09-06,21,Walk A Little Straighter,Billy Currington,20,19,Gains In Performance
2003-09-06,22,Chicks Dig It,Chris Cagle,22,11,Gains In Performance
2003-09-06,23,I Love This Bar,Toby Keith,30,2,Gains In Performance
2003-09-06,24,Only God (Could Stop Me Loving You),Emerson Drive,23,23,Gains In Performance
2003-09-06,25,Cowboys Like Us,George Strait,32,5,Greatest gainer this week|Gains In Performance
2003-09-06,26,Days Like This,Rachel Proctor,24,17,Gains In Performance
2003-09-06,27,I Can't Be Your Friend,Rushlow,25,18,Gains In Performance
2003-09-06,28,Hell Yeah,Montgomery Gentry,27,7,Gains In Performance
2003-09-06,29,Honesty (Write Me A List),Rodney Atkins,29,12,Gains In Performance
2003-09-06,30,Streets Of Heaven,Sherrie Austin,28,13,Gains In Performance
2003-09-06,31,Playboys Of The Southwestern World,Blake Shelton,31,9,Gains In Performance
2003-09-06,32,Tennessee River Run,Darryl Worley,33,9,Gains In Performance
2003-09-06,33,And The Crowd Goes Wild,Mark Wills,34,7,Gains In Performance
2003-09-06,34,I Wish,Jo Dee Messina,36,7,Gains In Performance
2003-09-06,35,Wrinkles,Diamond Rio,35,6,Gains In Performance
2003-09-06,36,What The World Needs,Wynonna,26,18,
2003-09-06,37,Walking In Memphis,Lonestar,39,4,Gains In Performance
2003-09-06,38,I'm Gonna Take That Mountain,Reba McEntire,55,2,Gains In Performance
2003-09-06,39,Long Black Train,Josh Turner,37,15,Gains In Performance
2003-09-06,40,Drinkin' Bone,Tracy Byrd,41,5,Gains In Performance
2003-09-06,41,Can You Hear Me When I Talk To You?,Ashley Gearing,38,12,Gains In Performance
2003-09-06,42,I Can't Take You Anywhere,Scotty Emerick With Toby Keith,40,7,Gains In Performance
2003-09-06,43,I Love You This Much,Jimmy Wayne,45,3,Gains In Performance
2003-09-06,44,Half A Heart Tattoo,Jennifer Hanson,44,6,Gains In Performance
2003-09-06,45,What A Shame,Rebecca Lynn Howard,43,7,Gains In Performance
2003-09-06,46,If There Ain't There Oughta' Be,Marty Stuart And His Fabulous Superlatives,42,9,
2003-09-06,47,Every Friday Afternoon,Craig Morgan,48,4,Gains In Performance
2003-09-06,48,In My Dreams,Rick Trevino,47,11,Gains In Performance
2003-09-06,49,I'm One Of You,Hank Williams Jr.,57,3,Gains In Performance
2003-09-06,50,"Run, Run, Run",Ryan Tyler,56,4,Gains In Performance
2003-09-06,51,When You Come Around,Deric Ruttan,49,12,
2003-09-06,52,Pray For The Fish,Randy Travis,54,7,Gains In Performance
2003-09-06,53,I'll Be Around,Sawyer Brown,52,5,Gains In Performance
2003-09-06,54,Smaller Pieces,Dusty Drake,50,4,
2003-09-06,55,I Wanna Do It All,Terri Clark,59,3,Gains In Performance
2003-09-06,56,The Late Great Golden State,Dwight Yoakam,58,6,
2003-09-06,57,Every Little Thing,Jamie O'Neal,46,16,
2003-09-06,58,Little Moments,Brad Paisley,NEW,1,Highest ranking debut|Gains In Performance
2003-09-06,59,I've Never Been Anywhere,Sammy Kershaw,RE,2,Gains In Performance
2003-09-06,60,Good Time,Jessica Andrews,53,5,
2003-09-13,1,It's Five O'Clock Somewhere,Alan Jackson & Jimmy Buffett,1,13,Gains In Performance
2003-09-13,2,"No Shoes, No Shirt, No Problems",Kenny Chesney,2,17,
2003-09-13,3,What Was I Thinkin',Dierks Bentley,3,22,Gains In Performance
2003-09-13,4,Real Good Man,Tim McGraw,5,18,Gains In Performance
2003-09-13,5,Help Pour Out The Rain (Lacey's Song),Buddy Jewell,7,17,Gains In Performance
2003-09-13,6,Forever And For Always,Shania Twain,4,23,
2003-09-13,7,Red Dirt Road,Brooks & Dunn,8,22,
2003-09-13,8,Celebrity,Brad Paisley,6,26,
2003-09-13,9,A Few Questions,Clay Walker,11,21,Gains In Performance
2003-09-13,10,Who Wouldn't Wanna Be Me,Keith Urban,13,15,Gains In Performance
2003-09-13,11,This One's For The Girls,Martina McBride,10,13,Gains In Performance
2003-09-13,12,Tough Little Boys,Gary Allan,15,12,Gains In Performance
2003-09-13,13,My Front Porch Looking In,Lonestar,14,27,
2003-09-13,14,Then They Do,Trace Adkins,9,27,
2003-09-13,15,Beer For My Horses,Toby Keith Duet With Willie Nelson,12,35,
2003-09-13,16,I Melt,Rascal Flatts,16,10,Gains In Performance
2003-09-13,17,Wave On Wave,Pat Green,19,16,Gains In Performance
2003-09-13,18,I Love This Bar,Toby Keith,23,3,Gains In Performance
2003-09-13,19,She Only Smokes When She Drinks,Joe Nichols,17,20,
2003-09-13,20,Lovin' All Night,Patty Loveless,20,14,Gains In Performance
2003-09-13,21,Walk A Little Straighter,Billy Currington,21,20,Gains In Performance
2003-09-13,22,Chicks Dig It,Chris Cagle,22,12,Gains In Performance
2003-09-13,23,Cowboys Like Us,George Strait,25,6,Gains In Performance
2003-09-13,24,Only God (Could Stop Me Loving You),Emerson Drive,24,24,Gains In Performance
2003-09-13,25,Days Like This,Rachel Proctor,26,18,Gains In Performance
2003-09-13,26,I Can't Be Your Friend,Rushlow,27,19,Gains In Performance
2003-09-13,27,Hell Yeah,Montgomery Gentry,28,8,Gains In Performance
2003-09-13,28,Honesty (Write Me A List),Rodney Atkins,29,13,Gains In Performance
2003-09-13,29,Streets Of Heaven,Sherrie Austin,30,14,Gains In Performance
2003-09-13,30,I'm Gonna Take That Mountain,Reba McEntire,38,3,Gains In Performance
2003-09-13,31,Playboys Of The Southwestern World,Blake Shelton,31,10,Gains In Performance
2003-09-13,32,Tennessee River Run,Darryl Worley,32,10,Gains In Performance
2003-09-13,33,Walking In Memphis,Lonestar,37,5,Gains In Performance
2003-09-13,34,And The Crowd Goes Wild,Mark Wills,33,8,Gains In Performance
2003-09-13,35,Wrinkles,Diamond Rio,35,7,Gains In Performance
2003-09-13,36,I Wish,Jo Dee Messina,34,8,Gains In Performance
2003-09-13,37,Long Black Train,Josh Turner,39,16,Gains In Performance
2003-09-13,38,Drinkin' Bone,Tracy Byrd,40,6,Gains In Performance
2003-09-13,39,I Can't Take You Anywhere,Scotty Emerick With Toby Keith,42,8,Gains In Performance
2003-09-13,40,Can You Hear Me When I Talk To You?,Ashley Gearing,41,13,
2003-09-13,41,I Love You This Much,Jimmy Wayne,43,4,Gains In Performance
2003-09-13,42,What The World Needs,Wynonna,36,19,
2003-09-13,43,Half A Heart Tattoo,Jennifer Hanson,44,7,Gains In Performance
2003-09-13,44,Every Friday Afternoon,Craig Morgan,47,5,Gains In Performance
2003-09-13,45,What A Shame,Rebecca Lynn Howard,45,8,
2003-09-13,46,I Wanna Do It All,Terri Clark,55,4,Gains In Performance
2003-09-13,47,"Run, Run, Run",Ryan Tyler,50,5,Gains In Performance
2003-09-13,48,I'm One Of You,Hank Williams Jr.,49,4,Gains In Performance
2003-09-13,49,In My Dreams,Rick Trevino,48,12,Gains In Performance
2003-09-13,50,If There Ain't There Oughta' Be,Marty Stuart And His Fabulous Superlatives,46,10,
2003-09-13,51,I'll Be Around,Sawyer Brown,53,6,Gains In Performance
2003-09-13,52,Pray For The Fish,Randy Travis,52,8,Gains In Performance
2003-09-13,53,Smaller Pieces,Dusty Drake,54,5,
2003-09-13,54,The Late Great Golden State,Dwight Yoakam,56,7,
2003-09-13,55,Little Moments,Brad Paisley,58,2,Gains In Performance
2003-09-13,56,Sell A Lot Of Beer,The Warren Brothers,NEW,1,Highest ranking debut|Gains In Performance
2003-09-13,57,Heaven Help Me,Wynonna,NEW,1,Gains In Performance
2003-09-13,58,Rainbow Man,Jeff Bates,NEW,1,Gains In Performance
2003-09-13,59,I Think You're Beautiful,Amy Dalley,RE,2,Gains In Performance
2003-09-13,60,I've Never Been Anywhere,Sammy Kershaw,59,3,
2003-09-20,1,It's Five O'Clock Somewhere,Alan Jackson & Jimmy Buffett,1,14,
2003-09-20,2,What Was I Thinkin',Dierks Bentley,3,23,Gains In Performance
2003-09-20,3,"No Shoes, No Shirt, No Problems",Kenny Chesney,2,18,
2003-09-20,4,Real Good Man,Tim McGraw,4,19,Gains In Performance
2003-09-20,5,Help Pour Out The Rain (Lacey's Song),Buddy Jewell,5,18,Gains In Performance
2003-09-20,6,This One's For The Girls,Martina McBride,11,14,Gains In Performance
2003-09-20,7,Forever And For Always,Shania Twain,6,24,
2003-09-20,8,Tough Little Boys,Gary Allan,12,13,Gains In Performance
2003-09-20,9,A Few Questions,Clay Walker,9,22,Gains In Performance
2003-09-20,10,Who Wouldn't Wanna Be Me,Keith Urban,10,16,Gains In Performance
2003-09-20,11,Red Dirt Road,Brooks & Dunn,7,23,
2003-09-20,12,I Melt,Rascal Flatts,16,11,Gains In Performance
2003-09-20,13,Celebrity,Brad Paisley,8,27,
2003-09-20,14,I Love This Bar,Toby Keith,18,4,Greatest gainer this week|Gains In Performance
2003-09-20,15,Beer For My Horses,Toby Keith Duet With Willie Nelson,15,36,
2003-09-20,16,My Front Porch Looking In,Lonestar,13,28,
2003-09-20,17,Wave On Wave,Pat Green,17,17,Gains In Performance
2003-09-20,18,Then They Do,Trace Adkins,14,28,
2003-09-20,19,Walk A Little Straighter,Billy Currington,21,21,Gains In Performance
2003-09-20,20,Lovin' All Night,Patty Loveless,20,15,Gains In Performance
2003-09-20,21,Chicks Dig It,Chris Cagle,22,13,Gains In Performance
2003-09-20,22,Cowboys Like Us,George Strait,23,7,Gains In Performance
2003-09-20,23,I Can't Be Your Friend,Rushlow,26,20,Gains In Performance
2003-09-20,24,Days Like This,Rachel Proctor,25,19,Gains In Performance
2003-09-20,25,I'm Gonna Take That Mountain,Reba McEntire,30,4,Gains In Performance
2003-09-20,26,Hell Yeah,Montgomery Gentry,27,9,Gains In Performance
2003-09-20,27,Honesty (Write Me A List),Rodney Atkins,28,14,Gains In Performance
2003-09-20,28,Streets Of Heaven,Sherrie Austin,29,15,Gains In Performance
2003-09-20,29,And The Crowd Goes Wild,Mark Wills,34,9,Gains In Performance
2003-09-20,30,Playboys Of The Southwestern World,Blake Shelton,31,11,Gains In Performance
2003-09-20,31,Walking In Memphis,Lonestar,33,6,Gains In Performance
2003-09-20,32,Tennessee River Run,Darryl Worley,32,11,Gains In Performance
2003-09-20,33,I Wish,Jo Dee Messina,36,9,Gains In Performance
2003-09-20,34,Drinkin' Bone,Tracy Byrd,38,7,Gains In Performance
2003-09-20,35,Wrinkles,Diamond Rio,35,8,Gains In Performance
2003-09-20,36,Long Black Train,Josh Turner,37,17,Gains In Performance
2003-09-20,37,I Can't Take You Anywhere,Scotty Emerick With Toby Keith,39,9,Gains In Performance
2003-09-20,38,I Love You This Much,Jimmy Wayne,41,5,Gains In Performance
2003-09-20,39,Can You Hear Me When I Talk To You?,Ashley Gearing,40,14,
2003-09-20,40,I Wanna Do It All,Terri Clark,46,5,Gains In Performance
2003-09-20,41,Half A Heart Tattoo,Jennifer Hanson,43,8,Gains In Performance
2003-09-20,42,Every Friday Afternoon,Craig Morgan,44,6,Gains In Performance
2003-09-20,43,What The World Needs,Wynonna,42,20,
2003-09-20,44,"Run, Run, Run",Ryan Tyler,47,6,Gains In Performance
2003-09-20,45,I'm One Of You,Hank Williams Jr.,48,5,Gains In Performance
2003-09-20,46,Little Moments,Brad Paisley,55,3,Gains In Performance
2003-09-20,47,In My Dreams,Rick Trevino,49,13,
2003-09-20,48,Rainbow Man,Jeff Bates,58,2,Gains In Performance
2003-09-20,49,What A Shame,Rebecca Lynn Howard,45,9,
2003-09-20,50,I'll Be Around,Sawyer Brown,51,7,Gains In Performance
2003-09-20,51,Pray For The Fish,Randy Travis,52,9,Gains In Performance
2003-09-20,52,I Think You're Beautiful,Amy Dalley,59,3,Gains In Performance
2003-09-20,53,Smaller Pieces,Dusty Drake,53,6,
2003-09-20,54,The Late Great Golden State,Dwight Yoakam,54,8,Gains In Performance
2003-09-20,55,Perfect,Sara Evans,NEW,1,Highest ranking debut|Gains In Performance
2003-09-20,56,Heaven Help Me,Wynonna,57,2,Gains In Performance
2003-09-20,57,She Is,Susan Ashton,NEW,1,Gains In Performance
2003-09-20,58,If There Ain't There Oughta' Be,Marty Stuart And His Fabulous Superlatives,50,11,
2003-09-20,59,Sell A Lot Of Beer,The Warren Brothers,56,2,
2003-09-20,60,You Can't Take The Honky Tonk Out Of The Girl,Brooks & Dunn,NEW,1,Gains In Performance
2003-09-27,1,What Was I Thinkin',Dierks Bentley,2,24,Gains In Performance
2003-09-27,2,It's Five O'Clock Somewhere,Alan Jackson & Jimmy Buffett,1,15,
2003-09-27,3,Real Good Man,Tim McGraw,4,20,Gains In Performance
2003-09-27,4,Help Pour Out The Rain (Lacey's Song),Buddy Jewell,5,19,Gains In Performance
2003-09-27,5,"No Shoes, No Shirt, No Problems",Kenny Chesney,3,19,
2003-09-27,6,This One's For The Girls,Martina McBride,6,15,Gains In Performance
2003-09-27,7,Tough Little Boys,Gary Allan,8,14,Gains In Performance
2003-09-27,8,Who Wouldn't Wanna Be Me,Keith Urban,10,17,Gains In Performance
2003-09-27,9,A Few Questions,Clay Walker,9,23,Gains In Performance
2003-09-27,10,I Melt,Rascal Flatts,12,12,Gains In Performance
2003-09-27,11,I Love This Bar,Toby Keith,14,5,Gains In Performance
2003-09-27,12,Forever And For Always,Shania Twain,7,25,
2003-09-27,13,Red Dirt Road,Brooks & Dunn,11,24,
2003-09-27,14,My Front Porch Looking In,Lonestar,16,29,
2003-09-27,15,Wave On Wave,Pat Green,17,18,Gains In Performance
2003-09-27,16,Beer For My Horses,Toby Keith Duet With Willie Nelson,15,37,
2003-09-27,17,Celebrity,Brad Paisley,13,28,
2003-09-27,18,Lovin' All Night,Patty Loveless,20,16,Gains In Performance
2003-09-27,19,Walk A Little Straighter,Billy Currington,19,22,Gains In Performance
2003-09-27,20,Cowboys Like Us,George Strait,22,8,Gains In Performance
2003-09-27,21,Chicks Dig It,Chris Cagle,21,14,Gains In Performance
2003-09-27,22,I'm Gonna Take That Mountain,Reba McEntire,25,5,Gains In Performance
2003-09-27,23,Hell Yeah,Montgomery Gentry,26,10,Gains In Performance
2003-09-27,24,I Can't Be Your Friend,Rushlow,23,21,Gains In Performance
2003-09-27,25,Days Like This,Rachel Proctor,24,20,Gains In Performance
2003-09-27,26,Honesty (Write Me A List),Rodney Atkins,27,15,Gains In Performance
2003-09-27,27,Streets Of Heaven,Sherrie Austin,28,16,Gains In Performance
2003-09-27,28,Walking In Memphis,Lonestar,31,7,Gains In Performance
2003-09-27,29,Playboys Of The Southwestern World,Blake Shelton,30,12,Gains In Performance
2003-09-27,30,And The Crowd Goes Wild,Mark Wills,29,10,
2003-09-27,31,I Wish,Jo Dee Messina,33,10,Gains In Performance
2003-09-27,32,Tennessee River Run,Darryl Worley,32,12,Gains In Performance
2003-09-27,33,Drinkin' Bone,Tracy Byrd,34,8,Gains In Performance
2003-09-27,34,Wrinkles,Diamond Rio,35,9,Gains In Performance
2003-09-27,35,Long Black Train,Josh Turner,36,18,Gains In Performance
2003-09-27,36,I Can't Take You Anywhere,Scotty Emerick With Toby Keith,37,10,Gains In Performance
2003-09-27,37,I Love You This Much,Jimmy Wayne,38,6,Gains In Performance
2003-09-27,38,I Wanna Do It All,Terri Clark,40,6,Gains In Performance
2003-09-27,39,Little Moments,Brad Paisley,46,4,Gains In Performance
2003-09-27,40,Every Friday Afternoon,Craig Morgan,42,7,Gains In Performance
2003-09-27,41,Half A Heart Tattoo,Jennifer Hanson,41,9,Gains In Performance
2003-09-27,42,You Can't Take The Honky Tonk Out Of The Girl,Brooks & Dunn,60,2,Gains In Performance
2003-09-27,43,"Run, Run, Run",Ryan Tyler,44,7,Gains In Performance
2003-09-27,44,I'm One Of You,Hank Williams Jr.,45,6,Gains In Performance
2003-09-27,45,In My Dreams,Rick Trevino,47,14,Gains In Performance
2003-09-27,46,Can You Hear Me When I Talk To You?,Ashley Gearing,39,15,
2003-09-27,47,Rainbow Man,Jeff Bates,48,3,Gains In Performance
2003-09-27,48,I'll Be Around,Sawyer Brown,50,8,
2003-09-27,49,Pray For The Fish,Randy Travis,51,10,
2003-09-27,50,I Think You're Beautiful,Amy Dalley,52,4,Gains In Performance
2003-09-27,51,Heaven Help Me,Wynonna,56,3,Gains In Performance
2003-09-27,52,Perfect,Sara Evans,55,2,Gains In Performance
2003-09-27,53,Hot Mama,Trace Adkins,NEW,1,Highest ranking debut|Gains In Performance
2003-09-27,54,Sell A Lot Of Beer,The Warren Brothers,59,3,Gains In Performance
2003-09-27,55,Cool To Be A Fool,Joe Nichols,NEW,1,Gains In Performance
2003-09-27,56,What A Shame,Rebecca Lynn Howard,49,10,
2003-09-27,57,I'm In Love With You,Billy Dean,NEW,1,Gains In Performance
2003-09-27,58,Strictly Business,Brad Wolf,NEW,1,Gains In Performance
2003-09-27,59,She Is,Susan Ashton,57,2,Gains In Performance
2003-09-27,60,The Late Great Golden State,Dwight Yoakam,54,9,
2003-10-04,1,It's Five O'Clock Somewhere,Alan Jackson & Jimmy Buffett,2,16,
2003-10-04,2,What Was I Thinkin',Dierks Bentley,1,25,
2003-10-04,3,Help Pour Out The Rain (Lacey's Song),Buddy Jewell,4,20,Gains In Performance
2003-10-04,4,Real Good Man,Tim McGraw,3,21,Gains In Performance
2003-10-04,5,Tough Little Boys,Gary Allan,7,15,Greatest gainer this week|Gains In Performance
2003-10-04,6,Who Wouldn't Wanna Be Me,Keith Urban,8,18,Gains In Performance
2003-10-04,7,This One's For The Girls,Martina McBride,6,16,Gains In Performance
2003-10-04,8,"No Shoes, No Shirt, No Problems",Kenny Chesney,5,20,
2003-10-04,9,A Few Questions,Clay Walker,9,24,Gains In Performance
2003-10-04,10,I Melt,Rascal Flatts,10,13,Gains In Performance
2003-10-04,11,I Love This Bar,Toby Keith,11,6,Gains In Performance
2003-10-04,12,Wave On Wave,Pat Green,15,19,Gains In Performance
2003-10-04,13,Red Dirt Road,Brooks & Dunn,13,25,
2003-10-04,14,My Front Porch Looking In,Lonestar,14,30,
2003-10-04,15,Cowboys Like Us,George Strait,20,9,Gains In Performance
2003-10-04,16,Beer For My Horses,Toby Keith Duet With Willie Nelson,16,38,
2003-10-04,17,Walk A Little Straighter,Billy Currington,19,23,Gains In Performance
2003-10-04,18,Lovin' All Night,Patty Loveless,18,17,Gains In Performance
2003-10-04,19,Forever And For Always,Shania Twain,12,26,
2003-10-04,20,Celebrity,Brad Paisley,17,29,
2003-10-04,21,Chicks Dig It,Chris Cagle,21,15,Gains In Performance
2003-10-04,22,Hell Yeah,Montgomery Gentry,23,11,Gains In Performance
2003-10-04,23,I'm Gonna Take That Mountain,Reba McEntire,22,6,Gains In Performance
2003-10-04,24,I Can't Be Your Friend,Rushlow,24,22,Gains In Performance
2003-10-04,25,Days Like This,Rachel Proctor,25,21,Gains In Performance
2003-10-04,26,Walking In Memphis,Lonestar,28,8,Gains In Performance
2003-10-04,27,Streets Of Heaven,Sherrie Austin,27,17,Gains In Performance
2003-10-04,28,Honesty (Write Me A List),Rodney Atkins,26,16,Gains In Performance
2003-10-04,29,Playboys Of The Southwestern World,Blake Shelton,29,13,Gains In Performance
2003-10-04,30,I Wish,Jo Dee Messina,31,11,Gains In Performance
2003-10-04,31,Drinkin' Bone,Tracy Byrd,33,9,Gains In Performance
2003-10-04,32,Tennessee River Run,Darryl Worley,32,13,Gains In Performance
2003-10-04,33,And The Crowd Goes Wild,Mark Wills,30,11,
2003-10-04,34,Wrinkles,Diamond Rio,34,10,Gains In Performance
2003-10-04,35,Long Black Train,Josh Turner,35,19,Gains In Performance
2003-10-04,36,I Can't Take You Anywhere,Scotty Emerick With Toby Keith,36,11,Gains In Performance
2003-10-04,37,You Can't Take The Honky Tonk Out Of The Girl,Brooks & Dunn,42,3,Gains In Performance
2003-10-04,38,I Love You This Much,Jimmy Wayne,37,7,Gains In Performance
2003-10-04,39,I Wanna Do It All,Terri Clark,38,7,Gains In Performance
2003-10-04,40,Little Moments,Brad Paisley,39,5,Gains In Performance
2003-10-04,41,Every Friday Afternoon,Craig Morgan,40,8,Gains In Performance
2003-10-04,42,I'm One Of You,Hank Williams Jr.,44,7,Gains In Performance
2003-10-04,43,"Run, Run, Run",Ryan Tyler,43,8,Gains In Performance
2003-10-04,44,Half A Heart Tattoo,Jennifer Hanson,41,10,
2003-10-04,45,In My Dreams,Rick Trevino,45,15,
2003-10-04,46,Hot Mama,Trace Adkins,53,2,Gains In Performance
2003-10-04,47,Perfect,Sara Evans,52,3,Gains In Performance
2003-10-04,48,Rainbow Man,Jeff Bates,47,4,
2003-10-04,49,Heaven Help Me,Wynonna,51,4,Gains In Performance
2003-10-04,50,I Think You're Beautiful,Amy Dalley,50,5,Gains In Performance
2003-10-04,51,Pray For The Fish,Randy Travis,49,11,
2003-10-04,52,Can You Hear Me When I Talk To You?,Ashley Gearing,46,16,
2003-10-04,53,Cool To Be A Fool,Joe Nichols,55,2,Gains In Performance
2003-10-04,54,Sell A Lot Of Beer,The Warren Brothers,54,4,Gains In Performance
2003-10-04,55,I'll Be Around,Sawyer Brown,48,9,
2003-10-04,56,Days Of Our Lives,James Otto,NEW,1,Highest ranking debut|Gains In Performance
2003-10-04,57,I'm In Love With You,Billy Dean,57,2,Gains In Performance
2003-10-04,58,You're In My Head,Brian McComas,NEW,1,Gains In Performance
2003-10-04,59,Strictly Business,Brad Wolf,58,2,
2003-10-04,60,She Is,Susan Ashton,59,3,
2003-10-11,1,Real Good Man,Tim McGraw,4,22,Gains In Performance
2003-10-11,2,What Was I Thinkin',Dierks Bentley,2,26,
2003-10-11,3,It's Five O'Clock Somewhere,Alan Jackson & Jimmy Buffett,1,17,
2003-10-11,4,Help Pour Out The Rain (Lacey's Song),Buddy Jewell,3,21,
2003-10-11,5,Tough Little Boys,Gary Allan,5,16,Gains In Performance
2003-10-11,6,This One's For The Girls,Martina McBride,7,17,Gains In Performance
2003-10-11,7,Who Wouldn't Wanna Be Me,Keith Urban,6,19,Gains In Performance
2003-10-11,8,I Melt,Rascal Flatts,10,14,Gains In Performance
2003-10-11,9,I Love This Bar,Toby Keith,11,7,Gains In Performance
2003-10-11,10,A Few Questions,Clay Walker,9,25,Gains In Performance
2003-10-11,11,"No Shoes, No Shirt, No Problems",Kenny Chesney,8,21,
2003-10-11,12,Wave On Wave,Pat Green,12,20,Gains In Performance
2003-10-11,13,Walk A Little Straighter,Billy Currington,17,24,Gains In Performance
2003-10-11,14,Red Dirt Road,Brooks & Dunn,13,26,
2003-10-11,15,Cowboys Like Us,George Strait,15,10,Gains In Performance
2003-10-11,16,Beer For My Horses,Toby Keith Duet With Willie Nelson,16,39,Gains In Performance
2003-10-11,17,My Front Porch Looking In,Lonestar,14,31,Gains In Performance
2003-10-11,18,Chicks Dig It,Chris Cagle,21,16,Gains In Performance
2003-10-11,19,Lovin' All Night,Patty Loveless,18,18,
2003-10-11,20,I'm Gonna Take That Mountain,Reba McEntire,23,7,Gains In Performance
2003-10-11,21,Hell Yeah,Montgomery Gentry,22,12,Gains In Performance
2003-10-11,22,I Can't Be Your Friend,Rushlow,24,23,Gains In Performance
2003-10-11,23,Walking In Memphis,Lonestar,26,9,Gains In Performance
2003-10-11,24,Streets Of Heaven,Sherrie Austin,27,18,Gains In Performance
2003-10-11,25,Honesty (Write Me A List),Rodney Atkins,28,17,Gains In Performance
2003-10-11,26,Playboys Of The Southwestern World,Blake Shelton,29,14,Gains In Performance
2003-10-11,27,Drinkin' Bone,Tracy Byrd,31,10,Gains In Performance
2003-10-11,28,I Wish,Jo Dee Messina,30,12,Gains In Performance
2003-10-11,29,Wrinkles,Diamond Rio,34,11,Gains In Performance
2003-10-11,30,You Can't Take The Honky Tonk Out Of The Girl,Brooks & Dunn,37,4,Gains In Performance
2003-10-11,31,Tennessee River Run,Darryl Worley,32,14,Gains In Performance
2003-10-11,32,And The Crowd Goes Wild,Mark Wills,33,12,Gains In Performance
2003-10-11,33,I Can't Take You Anywhere,Scotty Emerick With Toby Keith,36,12,Gains In Performance
2003-10-11,34,Long Black Train,Josh Turner,35,20,Gains In Performance
2003-10-11,35,I Love You This Much,Jimmy Wayne,38,8,Gains In Performance
2003-10-11,36,I Wanna Do It All,Terri Clark,39,8,Gains In Performance
2003-10-11,37,Little Moments,Brad Paisley,40,6,Gains In Performance
2003-10-11,38,Every Friday Afternoon,Craig Morgan,41,9,Gains In Performance
2003-10-11,39,I'm One Of You,Hank Williams Jr.,42,8,Gains In Performance
2003-10-11,40,Half A Heart Tattoo,Jennifer Hanson,44,11,Gains In Performance
2003-10-11,41,"Run, Run, Run",Ryan Tyler,43,9,
2003-10-11,42,In My Dreams,Rick Trevino,45,16,Gains In Performance
2003-10-11,43,Hot Mama,Trace Adkins,46,3,Gains In Performance
2003-10-11,44,Perfect,Sara Evans,47,4,Gains In Performance
2003-10-11,45,Heaven Help Me,Wynonna,49,5,Gains In Performance
2003-10-11,46,I Think You're Beautiful,Amy Dalley,50,6,Gains In Performance
2003-10-11,47,Rainbow Man,Jeff Bates,48,5,
2003-10-11,48,Pray For The Fish,Randy Travis,51,12,Gains In Performance
2003-10-11,49,Cool To Be A Fool,Joe Nichols,53,3,Gains In Performance
2003-10-11,50,Days Of Our Lives,James Otto,56,2,Gains In Performance
2003-10-11,51,Sell A Lot Of Beer,The Warren Brothers,54,5,Gains In Performance
2003-10-11,52,You're In My Head,Brian McComas,58,2,Gains In Performance
2003-10-11,53,Texas Plates,Kellie Coffey,NEW,1,Highest ranking debut|Gains In Performance
2003-10-11,54,I'm In Love With You,Billy Dean,57,3,Gains In Performance
2003-10-11,55,She's Not Just A Pretty Face,Shania Twain,NEW,1,Gains In Performance
2003-10-11,56,She Is,Susan Ashton,60,4,Gains In Performance
2003-10-11,57,Young Man's Town,Vince Gill,NEW,1,Gains In Performance
2003-10-11,58,Strictly Business,Brad Wolf,59,3,
2003-10-11,59,A Year At A Time,Kevin Denney,NEW,1,Gains In Performance
2003-10-11,60,Do You Still Want To Buy Me That Drink (Frank),Lorrie Morgan,NEW,1,Gains In Performance
2003-10-18,1,Real Good Man,Tim McGraw,1,23,
2003-10-18,2,Tough Little Boys,Gary Allan,5,17,Gains In Performance
2003-10-18,3,What Was I Thinkin',Dierks Bentley,2,27,
2003-10-18,4,This One's For The Girls,Martina McBride,6,18,Gains In Performance
2003-10-18,5,Who Wouldn't Wanna Be Me,Keith Urban,7,20,Gains In Performance
2003-10-18,6,It's Five O'Clock Somewhere,Alan Jackson & Jimmy Buffett,3,18,
2003-10-18,7,Help Pour Out The Rain (Lacey's Song),Buddy Jewell,4,22,
2003-10-18,8,I Love This Bar,Toby Keith,9,8,Greatest gainer this week|Gains In Performance
2003-10-18,9,I Melt,Rascal Flatts,8,15,Gains In Performance
2003-10-18,10,Wave On Wave,Pat Green,12,21,Gains In Performance
2003-10-18,11,A Few Questions,Clay Walker,10,26,
2003-10-18,12,Walk A Little Straighter,Billy Currington,13,25,Gains In Performance
2003-10-18,13,Cowboys Like Us,George Strait,15,11,Gains In Performance
2003-10-18,14,Chicks Dig It,Chris Cagle,18,17,Gains In Performance
2003-10-18,15,"No Shoes, No Shirt, No Problems",Kenny Chesney,11,22,
2003-10-18,16,Red Dirt Road,Brooks & Dunn,14,27,Gains In Performance
2003-10-18,17,Hell Yeah,Montgomery Gentry,21,13,Gains In Performance
2003-10-18,18,Lovin' All Night,Patty Loveless,19,19,
2003-10-18,19,I'm Gonna Take That Mountain,Reba McEntire,20,8,Gains In Performance
2003-10-18,20,My Front Porch Looking In,Lonestar,17,32,
2003-10-18,21,I Can't Be Your Friend,Rushlow,22,24,Gains In Performance
2003-10-18,22,Walking In Memphis,Lonestar,23,10,Gains In Performance
2003-10-18,23,Streets Of Heaven,Sherrie Austin,24,19,Gains In Performance
2003-10-18,24,Honesty (Write Me A List),Rodney Atkins,25,18,Gains In Performance
2003-10-18,25,You Can't Take The Honky Tonk Out Of The Girl,Brooks & Dunn,30,5,Gains In Performance
2003-10-18,26,Drinkin' Bone,Tracy Byrd,27,11,Gains In Performance
2003-10-18,27,Playboys Of The Southwestern World,Blake Shelton,26,15,Gains In Performance
2003-10-18,28,I Wish,Jo Dee Messina,28,13,Gains In Performance
2003-10-18,29,Wrinkles,Diamond Rio,29,12,Gains In Performance
2003-10-18,30,And The Crowd Goes Wild,Mark Wills,32,13,
2003-10-18,31,I Can't Take You Anywhere,Scotty Emerick With Toby Keith,33,13,Gains In Performance
2003-10-18,32,Long Black Train,Josh Turner,34,21,Gains In Performance
2003-10-18,33,I Wanna Do It All,Terri Clark,36,9,Gains In Performance
2003-10-18,34,I Love You This Much,Jimmy Wayne,35,9,Gains In Performance
2003-10-18,35,Little Moments,Brad Paisley,37,7,Gains In Performance
2003-10-18,36,Tennessee River Run,Darryl Worley,31,15,
2003-10-18,37,Hot Mama,Trace Adkins,43,4,Gains In Performance
2003-10-18,38,Every Friday Afternoon,Craig Morgan,38,10,Gains In Performance
2003-10-18,39,Perfect,Sara Evans,44,5,Gains In Performance
2003-10-18,40,"Run, Run, Run",Ryan Tyler,41,10,Gains In Performance
2003-10-18,41,In My Dreams,Rick Trevino,42,17,
2003-10-18,42,She's Not Just A Pretty Face,Shania Twain,55,2,Gains In Performance
2003-10-18,43,I'm One Of You,Hank Williams Jr.,39,9,
2003-10-18,44,Cool To Be A Fool,Joe Nichols,49,4,Gains In Performance
2003-10-18,45,Heaven Help Me,Wynonna,45,6,Gains In Performance
2003-10-18,46,I Think You're Beautiful,Amy Dalley,46,7,Gains In Performance
2003-10-18,47,Texas Plates,Kellie Coffey,53,2,Gains In Performance
2003-10-18,48,Half A Heart Tattoo,Jennifer Hanson,40,12,
2003-10-18,49,You're In My Head,Brian McComas,52,3,Gains In Performance
2003-10-18,50,Days Of Our Lives,James Otto,50,3,Gains In Performance
2003-10-18,51,Good Little Girls,Blue County,NEW,1,Highest ranking debut|Gains In Performance
2003-10-18,52,Pray For The Fish,Randy Travis,48,13,
2003-10-18,53,Sell A Lot Of Beer,The Warren Brothers,51,6,
2003-10-18,54,Rainbow Man,Jeff Bates,47,6,
2003-10-18,55,Young Man's Town,Vince Gill,57,2,Gains In Performance
2003-10-18,56,"Martie, Emily & Natalie (The Continuing Saga Of...)",Cledus T. Judd,NEW,1,Gains In Performance
2003-10-18,57,I'm In Love With You,Billy Dean,54,4,
2003-10-18,58,She Is,Susan Ashton,56,5,
2003-10-18,59,Handprints On The Wall,Kenny Rogers,NEW,1,Gains In Performance
2003-10-18,60,Strictly Business,Brad Wolf,58,4,
2003-10-25,1,Tough Little Boys,Gary Allan,2,18,Gains In Performance
2003-10-25,2,Who Wouldn't Wanna Be Me,Keith Urban,5,21,Gains In Performance
2003-10-25,3,This One's For The Girls,Martina McBride,4,19,Gains In Performance
2003-10-25,4,I Love This Bar,Toby Keith,8,9,Gains In Performance
2003-10-25,5,Real Good Man,Tim McGraw,1,24,
2003-10-25,6,I Melt,Rascal Flatts,9,16,Gains In Performance
2003-10-25,7,What Was I Thinkin',Dierks Bentley,3,28,
2003-10-25,8,It's Five O'Clock Somewhere,Alan Jackson & Jimmy Buffett,6,19,
2003-10-25,9,Wave On Wave,Pat Green,10,22,Gains In Performance
2003-10-25,10,Help Pour Out The Rain (Lacey's Song),Buddy Jewell,7,23,
2003-10-25,11,Walk A Little Straighter,Billy Currington,12,26,Gains In Performance
2003-10-25,12,Cowboys Like Us,George Strait,13,12,Gains In Performance
2003-10-25,13,A Few Questions,Clay Walker,11,27,
2003-10-25,14,Chicks Dig It,Chris Cagle,14,18,Gains In Performance
2003-10-25,15,Hell Yeah,Montgomery Gentry,17,14,Gains In Performance
2003-10-25,16,I'm Gonna Take That Mountain,Reba McEntire,19,9,Gains In Performance
2003-10-25,17,Red Dirt Road,Brooks & Dunn,16,28,
2003-10-25,18,Walking In Memphis,Lonestar,22,11,Gains In Performance
2003-10-25,19,"No Shoes, No Shirt, No Problems",Kenny Chesney,15,23,
2003-10-25,20,I Can't Be Your Friend,Rushlow,21,25,Gains In Performance
2003-10-25,21,You Can't Take The Honky Tonk Out Of The Girl,Brooks & Dunn,25,6,Greatest gainer this week|Gains In Performance
2003-10-25,22,Streets Of Heaven,Sherrie Austin,23,20,Gains In Performance
2003-10-25,23,Honesty (Write Me A List),Rodney Atkins,24,19,Gains In Performance
2003-10-25,24,Drinkin' Bone,Tracy Byrd,26,12,Gains In Performance
2003-10-25,25,Lovin' All Night,Patty Loveless,18,20,
2003-10-25,26,Wrinkles,Diamond Rio,29,13,Gains In Performance
2003-10-25,27,Playboys Of The Southwestern World,Blake Shelton,27,16,Gains In Performance
2003-10-25,28,I Wish,Jo Dee Messina,28,14,Gains In Performance
2003-10-25,29,I Can't Take You Anywhere,Scotty Emerick With Toby Keith,31,14,Gains In Performance
2003-10-25,30,I Wanna Do It All,Terri Clark,33,10,Gains In Performance
2003-10-25,31,Little Moments,Brad Paisley,35,8,Gains In Performance
2003-10-25,32,I Love You This Much,Jimmy Wayne,34,10,Gains In Performance
2003-10-25,33,Long Black Train,Josh Turner,32,22,Gains In Performance
2003-10-25,34,And The Crowd Goes Wild,Mark Wills,30,14,
2003-10-25,35,She's Not Just A Pretty Face,Shania Twain,42,3,Gains In Performance
2003-10-25,36,Hot Mama,Trace Adkins,37,5,Gains In Performance
2003-10-25,37,Perfect,Sara Evans,39,6,Gains In Performance
2003-10-25,38,Every Friday Afternoon,Craig Morgan,38,11,Gains In Performance
2003-10-25,39,Tennessee River Run,Darryl Worley,36,16,
2003-10-25,40,Cool To Be A Fool,Joe Nichols,44,5,Gains In Performance
2003-10-25,41,"Run, Run, Run",Ryan Tyler,40,11,
2003-10-25,42,Heaven Help Me,Wynonna,45,7,Gains In Performance
2003-10-25,43,In My Dreams,Rick Trevino,41,18,Gains In Performance
2003-10-25,44,Texas Plates,Kellie Coffey,47,3,Gains In Performance
2003-10-25,45,Good Little Girls,Blue County,51,2,Gains In Performance
2003-10-25,46,There Goes My Life,Kenny Chesney,NEW,1,Highest ranking debut|Gains In Performance
2003-10-25,47,I Think You're Beautiful,Amy Dalley,46,8,Gains In Performance
2003-10-25,48,I'm One Of You,Hank Williams Jr.,43,10,
2003-10-25,49,You're In My Head,Brian McComas,49,4,Gains In Performance
2003-10-25,50,Days Of Our Lives,James Otto,50,4,Gains In Performance
2003-10-25,51,Sell A Lot Of Beer,The Warren Brothers,53,7,Gains In Performance
2003-10-25,52,Young Man's Town,Vince Gill,55,3,Gains In Performance
2003-10-25,53,I'm In Love With You,Billy Dean,57,5,Gains In Performance
2003-10-25,54,Half A Heart Tattoo,Jennifer Hanson,48,13,
2003-10-25,55,My Last Name,Dierks Bentley,NEW,1,Gains In Performance
2003-10-25,56,"Martie, Emily & Natalie (The Continuing Saga Of...)",Cledus T. Judd,56,2,Gains In Performance
2003-10-25,57,A Year At A Time,Kevin Denney,RE,2,Gains In Performance
2003-10-25,58,Pray For The Fish,Randy Travis,52,14,
2003-10-25,59,Handprints On The Wall,Kenny Rogers,59,2,Gains In Performance
2003-10-25,60,She Is,Susan Ashton,58,6,
2003-11-01,1,Tough Little Boys,Gary Allan,1,19,
2003-11-01,2,Who Wouldn't Wanna Be Me,Keith Urban,2,22,Gains In Performance
2003-11-01,3,This One's For The Girls,Martina McBride,3,20,Gains In Performance
2003-11-01,4,I Love This Bar,Toby Keith,4,10,Gains In Performance
2003-11-01,5,I Melt,Rascal Flatts,6,17,Gains In Performance
2003-11-01,6,Wave On Wave,Pat Green,9,23,Gains In Performance
2003-11-01,7,Real Good Man,Tim McGraw,5,25,
2003-11-01,8,It's Five O'Clock Somewhere,Alan Jackson & Jimmy Buffett,8,20,
2003-11-01,9,What Was I Thinkin',Dierks Bentley,7,29,
2003-11-01,10,Walk A Little Straighter,Billy Currington,11,27,Gains In Performance
2003-11-01,11,Cowboys Like Us,George Strait,12,13,Gains In Performance
2003-11-01,12,Chicks Dig It,Chris Cagle,14,19,Gains In Performance
2003-11-01,13,Hell Yeah,Montgomery Gentry,15,15,Gains In Performance
2003-11-01,14,I'm Gonna Take That Mountain,Reba McEntire,16,10,Gains In Performance
2003-11-01,15,Help Pour Out The Rain (Lacey's Song),Buddy Jewell,10,24,
2003-11-01,16,Walking In Memphis,Lonestar,18,12,Gains In Performance
2003-11-01,17,I Can't Be Your Friend,Rushlow,20,26,Gains In Performance
2003-11-01,18,You Can't Take The Honky Tonk Out Of The Girl,Brooks & Dunn,21,7,Gains In Performance
2003-11-01,19,Red Dirt Road,Brooks & Dunn,17,29,
2003-11-01,20,Honesty (Write Me A List),Rodney Atkins,23,20,Gains In Performance
2003-11-01,21,Streets Of Heaven,Sherrie Austin,22,21,Gains In Performance
2003-11-01,22,Drinkin' Bone,Tracy Byrd,24,13,Gains In Performance
2003-11-01,23,Wrinkles,Diamond Rio,26,14,Gains In Performance
2003-11-01,24,I Wish,Jo Dee Messina,28,15,Gains In Performance
2003-11-01,25,Playboys Of The Southwestern World,Blake Shelton,27,17,Gains In Performance
2003-11-01,26,I Wanna Do It All,Terri Clark,30,11,Gains In Performance
2003-11-01,27,I Can't Take You Anywhere,Scotty Emerick With Toby Keith,29,15,Gains In Performance
2003-11-01,28,There Goes My Life,Kenny Chesney,46,2,Gains In Performance
2003-11-01,29,Long Black Train,Josh Turner,33,23,Gains In Performance
2003-11-01,30,Little Moments,Brad Paisley,31,9,Gains In Performance
2003-11-01,31,She's Not Just A Pretty Face,Shania Twain,35,4,Gains In Performance
2003-11-01,32,I Love You This Much,Jimmy Wayne,32,11,Gains In Performance
2003-11-01,33,Hot Mama,Trace Adkins,36,6,Gains In Performance
2003-11-01,34,And The Crowd Goes Wild,Mark Wills,34,15,
2003-11-01,35,Perfect,Sara Evans,37,7,Gains In Performance
2003-11-01,36,Every Friday Afternoon,Craig Morgan,38,12,Gains In Performance
2003-11-01,37,"Run, Run, Run",Ryan Tyler,41,12,Gains In Performance
2003-11-01,38,Cool To Be A Fool,Joe Nichols,40,6,Gains In Performance
2003-11-01,39,Heaven Help Me,Wynonna,42,8,Gains In Performance
2003-11-01,40,Good Little Girls,Blue County,45,3,Gains In Performance
2003-11-01,41,Texas Plates,Kellie Coffey,44,4,Gains In Performance
2003-11-01,42,In My Dreams,Rick Trevino,43,19,
2003-11-01,43,Spend My Time,Clint Black,NEW,1,Highest ranking debut|Gains In Performance
2003-11-01,44,I Think You're Beautiful,Amy Dalley,47,9,Gains In Performance
2003-11-01,45,You're In My Head,Brian McComas,49,5,Gains In Performance
2003-11-01,46,Days Of Our Lives,James Otto,50,5,Gains In Performance
2003-11-01,47,Sweet Southern Comfort,Buddy Jewell,NEW,1,Gains In Performance
2003-11-01,48,Watch The Wind Blow By,Tim McGraw,NEW,1,Gains In Performance
2003-11-01,49,Young Man's Town,Vince Gill,52,4,Gains In Performance
2003-11-01,50,A Year At A Time,Kevin Denney,57,3,Gains In Performance
2003-11-01,51,Sell A Lot Of Beer,The Warren Brothers,51,8,
2003-11-01,52,Tennessee River Run,Darryl Worley,39,17,
2003-11-01,53,Handprints On The Wall,Kenny Rogers,59,3,Gains In Performance
2003-11-01,54,I'm In Love With You,Billy Dean,53,6,
2003-11-01,55,"Martie, Emily & Natalie (The Continuing Saga Of...)",Cledus T. Judd,56,3,
2003-11-01,56,Paint Me A Birmingham,Tracy Lawrence,NEW,1,Gains In Performance
2003-11-01,57,The First Cut Is The Deepest,Sheryl Crow,NEW,1,Gains In Performance
2003-11-01,58,My Last Name,Dierks Bentley,55,2,
2003-11-01,59,I Need A Vacation,Rebecca Lynn Howard,NEW,1,Gains In Performance
2003-11-01,60,I'm One Of You,Hank Williams Jr.,48,11,
2003-11-08,1,Who Wouldn't Wanna Be Me,Keith Urban,2,23,Gains In Performance
2003-11-08,2,I Love This Bar,Toby Keith,4,11,Gains In Performance
2003-11-08,3,Tough Little Boys,Gary Allan,1,20,
2003-11-08,4,I Melt,Rascal Flatts,5,18,Gains In Performance
2003-11-08,5,This One's For The Girls,Martina McBride,3,21,
2003-11-08,6,Wave On Wave,Pat Green,6,24,Gains In Performance
2003-11-08,7,Cowboys Like Us,George Strait,11,14,Gains In Performance
2003-11-08,8,Walk A Little Straighter,Billy Currington,10,28,
2003-11-08,9,What Was I Thinkin',Dierks Bentley,9,30,
2003-11-08,10,Chicks Dig It,Chris Cagle,12,20,Gains In Performance
2003-11-08,11,It's Five O'Clock Somewhere,Alan Jackson & Jimmy Buffett,8,21,
2003-11-08,12,Real Good Man,Tim McGraw,7,26,
2003-11-08,13,Hell Yeah,Montgomery Gentry,13,16,Gains In Performance
2003-11-08,14,Walking In Memphis,Lonestar,16,13,Gains In Performance
2003-11-08,15,You Can't Take The Honky Tonk Out Of The Girl,Brooks & Dunn,18,8,Gains In Performance
2003-11-08,16,I Can't Be Your Friend,Rushlow,17,27,Gains In Performance
2003-11-08,17,I'm Gonna Take That Mountain,Reba McEntire,14,11,
2003-11-08,18,Drinkin' Bone,Tracy Byrd,22,14,Gains In Performance
2003-11-08,19,Honesty (Write Me A List),Rodney Atkins,20,21,Gains In Performance
2003-11-08,20,Streets Of Heaven,Sherrie Austin,21,22,Gains In Performance
2003-11-08,21,There Goes My Life,Kenny Chesney,28,3,Gains In Performance
2003-11-08,22,Wrinkles,Diamond Rio,23,15,Gains In Performance
2003-11-08,23,I Wish,Jo Dee Messina,24,16,Gains In Performance
2003-11-08,24,Playboys Of The Southwestern World,Blake Shelton,25,18,
2003-11-08,25,I Wanna Do It All,Terri Clark,26,12,Gains In Performance
2003-11-08,26,Little Moments,Brad Paisley,30,10,Gains In Performance
2003-11-08,27,She's Not Just A Pretty Face,Shania Twain,31,5,Gains In Performance
2003-11-08,28,I Can't Take You Anywhere,Scotty Emerick With Toby Keith,27,16,Gains In Performance
2003-11-08,29,Long Black Train,Josh Turner,29,24,Gains In Performance
2003-11-08,30,I Love You This Much,Jimmy Wayne,32,12,Gains In Performance
2003-11-08,31,Hot Mama,Trace Adkins,33,7,Gains In Performance
2003-11-08,32,Perfect,Sara Evans,35,8,Gains In Performance
2003-11-08,33,Every Friday Afternoon,Craig Morgan,36,13,Gains In Performance
2003-11-08,34,Cool To Be A Fool,Joe Nichols,38,7,Gains In Performance
2003-11-08,35,Good Little Girls,Blue County,40,4,Gains In Performance
2003-11-08,36,"Run, Run, Run",Ryan Tyler,37,13,
2003-11-08,37,Heaven Help Me,Wynonna,39,9,Gains In Performance
2003-11-08,38,Spend My Time,Clint Black,43,2,Gains In Performance
2003-11-08,39,Watch The Wind Blow By,Tim McGraw,48,2,Gains In Performance
2003-11-08,40,Texas Plates,Kellie Coffey,41,5,Gains In Performance
2003-11-08,41,And The Crowd Goes Wild,Mark Wills,34,16,
2003-11-08,42,Sweet Southern Comfort,Buddy Jewell,47,2,Gains In Performance
2003-11-08,43,I Think You're Beautiful,Amy Dalley,44,10,Gains In Performance
2003-11-08,44,You're In My Head,Brian McComas,45,6,Gains In Performance
2003-11-08,45,Remember When,Alan Jackson,NEW,1,Highest ranking debut|Gains In Performance
2003-11-08,46,Days Of Our Lives,James Otto,46,6,
2003-11-08,47,In My Dreams,Rick Trevino,42,20,
2003-11-08,48,Young Man's Town,Vince Gill,49,5,Gains In Performance
2003-11-08,49,A Year At A Time,Kevin Denney,50,4,Gains In Performance
2003-11-08,50,The First Cut Is The Deepest,Sheryl Crow,57,2,Gains In Performance
2003-11-08,51,My Last Name,Dierks Bentley,58,3,Gains In Performance
2003-11-08,52,Paint Me A Birmingham,Tracy Lawrence,56,2,Gains In Performance
2003-11-08,53,Handprints On The Wall,Kenny Rogers,53,4,Gains In Performance
2003-11-08,54,Sell A Lot Of Beer,The Warren Brothers,51,9,
2003-11-08,55,Tennessee River Run,Darryl Worley,52,18,
2003-11-08,56,I Need A Vacation,Rebecca Lynn Howard,59,2,Gains In Performance
2003-11-08,57,I'm In Love With You,Billy Dean,54,7,
2003-11-08,58,On Your Way Home,Patty Loveless,NEW,1,Gains In Performance
2003-11-08,59,"Martie, Emily & Natalie (The Continuing Saga Of...)",Cledus T. Judd,55,4,
2003-11-08,60,Earthbound,Rodney Crowell,NEW,1,Gains In Performance
2003-11-15,1,I Love This Bar,Toby Keith,2,12,Gains In Performance
2003-11-15,2,Who Wouldn't Wanna Be Me,Keith Urban,1,24,
2003-11-15,3,I Melt,Rascal Flatts,4,19,Gains In Performance
2003-11-15,4,Wave On Wave,Pat Green,6,25,Gains In Performance
2003-11-15,5,Tough Little Boys,Gary Allan,3,21,
2003-11-15,6,This One's For The Girls,Martina McBride,5,22,
2003-11-15,7,Cowboys Like Us,George Strait,7,15,Gains In Performance
2003-11-15,8,Chicks Dig It,Chris Cagle,10,21,Gains In Performance
2003-11-15,9,Walk A Little Straighter,Billy Currington,8,29,
2003-11-15,10,Hell Yeah,Montgomery Gentry,13,17,Gains In Performance
2003-11-15,11,What Was I Thinkin',Dierks Bentley,9,31,
2003-11-15,12,It's Five O'Clock Somewhere,Alan Jackson & Jimmy Buffett,11,22,
2003-11-15,13,Walking In Memphis,Lonestar,14,14,Gains In Performance
2003-11-15,14,You Can't Take The Honky Tonk Out Of The Girl,Brooks & Dunn,15,9,Gains In Performance
2003-11-15,15,There Goes My Life,Kenny Chesney,21,4,Gains In Performance
2003-11-15,16,Real Good Man,Tim McGraw,12,27,
2003-11-15,17,Honesty (Write Me A List),Rodney Atkins,19,22,Gains In Performance
2003-11-15,18,I Can't Be Your Friend,Rushlow,16,28,Gains In Performance
2003-11-15,19,I'm Gonna Take That Mountain,Reba McEntire,17,12,Gains In Performance
2003-11-15,20,Drinkin' Bone,Tracy Byrd,18,15,Gains In Performance
2003-11-15,21,Streets Of Heaven,Sherrie Austin,20,23,Gains In Performance
2003-11-15,22,Wrinkles,Diamond Rio,22,16,Gains In Performance
2003-11-15,23,I Wish,Jo Dee Messina,23,17,Gains In Performance
2003-11-15,24,I Wanna Do It All,Terri Clark,25,13,Gains In Performance
2003-11-15,25,Little Moments,Brad Paisley,26,11,Gains In Performance
2003-11-15,26,She's Not Just A Pretty Face,Shania Twain,27,6,Gains In Performance
2003-11-15,27,Playboys Of The Southwestern World,Blake Shelton,24,19,
2003-11-15,28,I Can't Take You Anywhere,Scotty Emerick With Toby Keith,28,17,Gains In Performance
2003-11-15,29,Long Black Train,Josh Turner,29,25,Gains In Performance
2003-11-15,30,I Love You This Much,Jimmy Wayne,30,13,Gains In Performance
2003-11-15,31,Hot Mama,Trace Adkins,31,8,Gains In Performance
2003-11-15,32,Perfect,Sara Evans,32,9,Gains In Performance
2003-11-15,33,Watch The Wind Blow By,Tim McGraw,39,3,Gains In Performance
2003-11-15,34,Every Friday Afternoon,Craig Morgan,33,14,Gains In Performance
2003-11-15,35,Remember When,Alan Jackson,45,2,Gains In Performance
2003-11-15,36,"Run, Run, Run",Ryan Tyler,36,14,Gains In Performance
2003-11-15,37,Good Little Girls,Blue County,35,5,Gains In Performance
2003-11-15,38,Sweet Southern Comfort,Buddy Jewell,42,3,Gains In Performance
2003-11-15,39,Cool To Be A Fool,Joe Nichols,34,8,
2003-11-15,40,Spend My Time,Clint Black,38,3,Gains In Performance
2003-11-15,41,Heaven Help Me,Wynonna,37,10,Gains In Performance
2003-11-15,42,Texas Plates,Kellie Coffey,40,6,Gains In Performance
2003-11-15,43,You're In My Head,Brian McComas,44,7,Gains In Performance
2003-11-15,44,My Last Name,Dierks Bentley,51,4,Gains In Performance
2003-11-15,45,I Think You're Beautiful,Amy Dalley,43,11,
2003-11-15,46,Days Of Our Lives,James Otto,46,7,Gains In Performance
2003-11-15,47,And The Crowd Goes Wild,Mark Wills,41,17,
2003-11-15,48,Young Man's Town,Vince Gill,48,6,Gains In Performance
2003-11-15,49,A Year At A Time,Kevin Denney,49,5,Gains In Performance
2003-11-15,50,Paint Me A Birmingham,Tracy Lawrence,52,3,Gains In Performance
2003-11-15,51,The First Cut Is The Deepest,Sheryl Crow,50,3,Gains In Performance
2003-11-15,52,On Your Way Home,Patty Loveless,58,2,Gains In Performance
2003-11-15,53,Handprints On The Wall,Kenny Rogers,53,5,Gains In Performance
2003-11-15,54,I Need A Vacation,Rebecca Lynn Howard,56,3,Gains In Performance
2003-11-15,55,I'm In Love With You,Billy Dean,57,8,Gains In Performance
2003-11-15,56,Sell A Lot Of Beer,The Warren Brothers,54,10,
2003-11-15,57,Tennessee River Run,Darryl Worley,55,19,
2003-11-15,58,That's A Woman,Mark Wills,NEW,1,Highest ranking debut|Gains In Performance
2003-11-15,59,Do You Still Want To Buy Me That Drink (Frank),Lorrie Morgan,RE,2,
2003-11-15,60,No Regrets Yet,Sonya Isaacs,NEW,1,Gains In Performance
2003-11-22,1,I Love This Bar,Toby Keith,1,13,Gains In Performance
2003-11-22,2,I Melt,Rascal Flatts,3,20,Gains In Performance
2003-11-22,3,Who Wouldn't Wanna Be Me,Keith Urban,2,25,
2003-11-22,4,Wave On Wave,Pat Green,4,26,Gains In Performance
2003-11-22,5,Cowboys Like Us,George Strait,7,16,Gains In Performance
2003-11-22,6,Tough Little Boys,Gary Allan,5,22,
2003-11-22,7,Hell Yeah,Montgomery Gentry,10,18,Gains In Performance
2003-11-22,8,Chicks Dig It,Chris Cagle,8,22,Gains In Performance
2003-11-22,9,There Goes My Life,Kenny Chesney,15,5,Greatest gainer this week|Gains In Performance
2003-11-22,10,You Can't Take The Honky Tonk Out Of The Girl,Brooks & Dunn,14,10,Gains In Performance
2003-11-22,11,It's Five O'Clock Somewhere,Alan Jackson & Jimmy Buffett,12,23,Gains In Performance
2003-11-22,12,What Was I Thinkin',Dierks Bentley,11,32,
2003-11-22,13,Walking In Memphis,Lonestar,13,15,Gains In Performance
2003-11-22,14,Walk A Little Straighter,Billy Currington,9,30,
2003-11-22,15,This One's For The Girls,Martina McBride,6,23,
2003-11-22,16,Honesty (Write Me A List),Rodney Atkins,17,23,Gains In Performance
2003-11-22,17,Drinkin' Bone,Tracy Byrd,20,16,Gains In Performance
2003-11-22,18,I Can't Be Your Friend,Rushlow,18,29,
2003-11-22,19,I'm Gonna Take That Mountain,Reba McEntire,19,13,
2003-11-22,20,Streets Of Heaven,Sherrie Austin,21,24,Gains In Performance
2003-11-22,21,Wrinkles,Diamond Rio,22,17,Gains In Performance
2003-11-22,22,I Wish,Jo Dee Messina,23,18,Gains In Performance
2003-11-22,23,She's Not Just A Pretty Face,Shania Twain,26,7,Gains In Performance
2003-11-22,24,I Wanna Do It All,Terri Clark,24,14,Gains In Performance
2003-11-22,25,Little Moments,Brad Paisley,25,12,Gains In Performance
2003-11-22,26,I Can't Take You Anywhere,Scotty Emerick With Toby Keith,28,18,Gains In Performance
2003-11-22,27,Long Black Train,Josh Turner,29,26,Gains In Performance
2003-11-22,28,Watch The Wind Blow By,Tim McGraw,33,4,Gains In Performance
2003-11-22,29,I Love You This Much,Jimmy Wayne,30,14,Gains In Performance
2003-11-22,30,Playboys Of The Southwestern World,Blake Shelton,27,20,
2003-11-22,31,Hot Mama,Trace Adkins,31,9,Gains In Performance
2003-11-22,32,Remember When,Alan Jackson,35,3,Gains In Performance
2003-11-22,33,Perfect,Sara Evans,32,10,Gains In Performance
2003-11-22,34,Every Friday Afternoon,Craig Morgan,34,15,Gains In Performance
2003-11-22,35,Spend My Time,Clint Black,40,4,Gains In Performance
2003-11-22,36,Sweet Southern Comfort,Buddy Jewell,38,4,Gains In Performance
2003-11-22,37,Good Little Girls,Blue County,37,6,Gains In Performance
2003-11-22,38,Cool To Be A Fool,Joe Nichols,39,9,Gains In Performance
2003-11-22,39,"Run, Run, Run",Ryan Tyler,36,15,
2003-11-22,40,Texas Plates,Kellie Coffey,42,7,Gains In Performance
2003-11-22,41,Heaven Help Me,Wynonna,41,11,Gains In Performance
2003-11-22,42,My Last Name,Dierks Bentley,44,5,Gains In Performance
2003-11-22,43,You're In My Head,Brian McComas,43,8,Gains In Performance
2003-11-22,44,Days Of Our Lives,James Otto,46,8,Gains In Performance
2003-11-22,45,Young Man's Town,Vince Gill,48,7,Gains In Performance
2003-11-22,46,Paint Me A Birmingham,Tracy Lawrence,50,4,Gains In Performance
2003-11-22,47,A Year At A Time,Kevin Denney,49,6,Gains In Performance
2003-11-22,48,The First Cut Is The Deepest,Sheryl Crow,51,4,Gains In Performance
2003-11-22,49,Handprints On The Wall,Kenny Rogers,53,6,Gains In Performance
2003-11-22,50,I Think You're Beautiful,Amy Dalley,45,12,
2003-11-22,51,Songs About Rain,Gary Allan,NEW,1,Highest ranking debut|Gains In Performance
2003-11-22,52,On Your Way Home,Patty Loveless,52,3,
2003-11-22,53,American Soldier,Toby Keith,NEW,1,Gains In Performance
2003-11-22,54,In My Daughter's Eyes,Martina McBride,NEW,1,Gains In Performance
2003-11-22,55,I Need A Vacation,Rebecca Lynn Howard,54,4,Gains In Performance
2003-11-22,56,I'm In Love With You,Billy Dean,55,9,Gains In Performance
2003-11-22,57,And The Crowd Goes Wild,Mark Wills,47,18,
2003-11-22,58,I Will Hold My Ground,Darryl Worley,NEW,1,Gains In Performance
2003-11-22,59,That's A Woman,Mark Wills,58,2,Gains In Performance
2003-11-22,60,Everyday Girl,Roxie Dean,NEW,1,Gains In Performance
2003-11-29,1,I Love This Bar,Toby Keith,1,14,
2003-11-29,2,I Melt,Rascal Flatts,2,21,
2003-11-29,3,Wave On Wave,Pat Green,4,27,Gains In Performance
2003-11-29,4,Cowboys Like Us,George Strait,5,17,Gains In Performance
2003-11-29,5,Who Wouldn't Wanna Be Me,Keith Urban,3,26,
2003-11-29,6,Hell Yeah,Montgomery Gentry,7,19,Gains In Performance
2003-11-29,7,Chicks Dig It,Chris Cagle,8,23,Gains In Performance
2003-11-29,8,There Goes My Life,Kenny Chesney,9,6,Gains In Performance
2003-11-29,9,You Can't Take The Honky Tonk Out Of The Girl,Brooks & Dunn,10,11,Gains In Performance
2003-11-29,10,Walking In Memphis,Lonestar,13,16,Gains In Performance
2003-11-29,11,Tough Little Boys,Gary Allan,6,23,
2003-11-29,12,Honesty (Write Me A List),Rodney Atkins,16,24,Gains In Performance
2003-11-29,13,It's Five O'Clock Somewhere,Alan Jackson & Jimmy Buffett,11,24,
2003-11-29,14,Drinkin' Bone,Tracy Byrd,17,17,Gains In Performance
2003-11-29,15,What Was I Thinkin',Dierks Bentley,12,33,
2003-11-29,16,I Can't Be Your Friend,Rushlow,18,30,
2003-11-29,17,Wrinkles,Diamond Rio,21,18,Gains In Performance
2003-11-29,18,Streets Of Heaven,Sherrie Austin,20,25,
2003-11-29,19,She's Not Just A Pretty Face,Shania Twain,23,8,Gains In Performance
2003-11-29,20,I Wish,Jo Dee Messina,22,19,Gains In Performance
2003-11-29,21,I Wanna Do It All,Terri Clark,24,15,Gains In Performance
2003-11-29,22,I'm Gonna Take That Mountain,Reba McEntire,19,14,
2003-11-29,23,Little Moments,Brad Paisley,25,13,Gains In Performance
2003-11-29,24,Remember When,Alan Jackson,32,4,Greatest gainer this week|Gains In Performance
2003-11-29,25,Watch The Wind Blow By,Tim McGraw,28,5,Gains In Performance
2003-11-29,26,I Can't Take You Anywhere,Scotty Emerick With Toby Keith,26,19,Gains In Performance
2003-11-29,27,Hot Mama,Trace Adkins,31,10,Gains In Performance
2003-11-29,28,Long Black Train,Josh Turner,27,27,Gains In Performance
2003-11-29,29,I Love You This Much,Jimmy Wayne,29,15,Gains In Performance
2003-11-29,30,Perfect,Sara Evans,33,11,Gains In Performance
2003-11-29,31,Every Friday Afternoon,Craig Morgan,34,16,Gains In Performance
2003-11-29,32,Sweet Southern Comfort,Buddy Jewell,36,5,Gains In Performance
2003-11-29,33,Spend My Time,Clint Black,35,5,Gains In Performance
2003-11-29,34,Cool To Be A Fool,Joe Nichols,38,10,Gains In Performance
2003-11-29,35,Good Little Girls,Blue County,37,7,
2003-11-29,36,Texas Plates,Kellie Coffey,40,8,
2003-11-29,37,In My Daughter's Eyes,Martina McBride,54,2,Gains In Performance
2003-11-29,38,My Last Name,Dierks Bentley,42,6,Gains In Performance
2003-11-29,39,Heaven Help Me,Wynonna,41,12,
2003-11-29,40,"Run, Run, Run",Ryan Tyler,39,16,
2003-11-29,41,American Soldier,Toby Keith,53,2,Gains In Performance
2003-11-29,42,You're In My Head,Brian McComas,43,9,Gains In Performance
2003-11-29,43,Days Of Our Lives,James Otto,44,9,Gains In Performance
2003-11-29,44,The First Cut Is The Deepest,Sheryl Crow,48,5,Gains In Performance
2003-11-29,45,Songs About Rain,Gary Allan,51,2,Gains In Performance
2003-11-29,46,Young Man's Town,Vince Gill,45,8,Gains In Performance
2003-11-29,47,Paint Me A Birmingham,Tracy Lawrence,46,5,Gains In Performance
2003-11-29,48,A Year At A Time,Kevin Denney,47,7,Gains In Performance
2003-11-29,49,Handprints On The Wall,Kenny Rogers,49,7,Gains In Performance
2003-11-29,50,On Your Way Home,Patty Loveless,52,4,Gains In Performance
2003-11-29,51,I Need A Vacation,Rebecca Lynn Howard,55,5,Gains In Performance
2003-11-29,52,I'm In Love With You,Billy Dean,56,10,
2003-11-29,53,And The Crowd Goes Wild,Mark Wills,57,19,
2003-11-29,54,No Regrets Yet,Sonya Isaacs,RE,2,Gains In Performance
2003-11-29,55,Simple Life,Carolyn Dawn Johnson,NEW,1,Highest ranking debut|Gains In Performance
2003-11-29,56,That's A Woman,Mark Wills,59,3,Gains In Performance
2003-11-29,57,I Think You're Beautiful,Amy Dalley,50,13,
2003-11-29,58,There Is No War,Donovan Chapman,NEW,1,Gains In Performance
2003-11-29,59,Do You Still Want To Buy Me That Drink (Frank),Lorrie Morgan,RE,3,Gains In Performance
2003-11-29,60,I Will Hold My Ground,Darryl Worley,58,2,
2003-12-06,1,I Love This Bar,Toby Keith,1,15,
2003-12-06,2,I Melt,Rascal Flatts,2,22,Gains In Performance
2003-12-06,3,Wave On Wave,Pat Green,3,28,
2003-12-06,4,Cowboys Like Us,George Strait,4,18,Gains In Performance
2003-12-06,5,Hell Yeah,Montgomery Gentry,6,20,Gains In Performance
2003-12-06,6,Chicks Dig It,Chris Cagle,7,24,Gains In Performance
2003-12-06,7,There Goes My Life,Kenny Chesney,8,7,Gains In Performance
2003-12-06,8,Who Wouldn't Wanna Be Me,Keith Urban,5,27,
2003-12-06,9,You Can't Take The Honky Tonk Out Of The Girl,Brooks & Dunn,9,12,Gains In Performance
2003-12-06,10,Walking In Memphis,Lonestar,10,17,Gains In Performance
2003-12-06,11,Honesty (Write Me A List),Rodney Atkins,12,25,Gains In Performance
2003-12-06,12,Drinkin' Bone,Tracy Byrd,14,18,Gains In Performance
2003-12-06,13,What Was I Thinkin',Dierks Bentley,15,34,Gains In Performance
2003-12-06,14,It's Five O'Clock Somewhere,Alan Jackson & Jimmy Buffett,13,25,
2003-12-06,15,Tough Little Boys,Gary Allan,11,24,
2003-12-06,16,Wrinkles,Diamond Rio,17,19,Gains In Performance
2003-12-06,17,Remember When,Alan Jackson,24,5,Gains In Performance
2003-12-06,18,She's Not Just A Pretty Face,Shania Twain,19,9,Gains In Performance
2003-12-06,19,I Wanna Do It All,Terri Clark,21,16,Gains In Performance
2003-12-06,20,Streets Of Heaven,Sherrie Austin,18,26,
2003-12-06,21,I Wish,Jo Dee Messina,20,20,Gains In Performance
2003-12-06,22,Little Moments,Brad Paisley,23,14,Gains In Performance
2003-12-06,23,Watch The Wind Blow By,Tim McGraw,25,6,Gains In Performance
2003-12-06,24,Hot Mama,Trace Adkins,27,11,Gains In Performance
2003-12-06,25,I Can't Take You Anywhere,Scotty Emerick With Toby Keith,26,20,Gains In Performance
2003-12-06,26,Long Black Train,Josh Turner,28,28,Gains In Performance
2003-12-06,27,I Love You This Much,Jimmy Wayne,29,16,Gains In Performance
2003-12-06,28,Perfect,Sara Evans,30,12,Gains In Performance
2003-12-06,29,I'm Gonna Take That Mountain,Reba McEntire,22,15,
2003-12-06,30,In My Daughter's Eyes,Martina McBride,37,3,Gains In Performance
2003-12-06,31,Sweet Southern Comfort,Buddy Jewell,32,6,Gains In Performance
2003-12-06,32,Every Friday Afternoon,Craig Morgan,31,17,Gains In Performance
2003-12-06,33,Spend My Time,Clint Black,33,6,Gains In Performance
2003-12-06,34,Cool To Be A Fool,Joe Nichols,34,11,Gains In Performance
2003-12-06,35,Good Little Girls,Blue County,35,8,Gains In Performance
2003-12-06,36,Texas Plates,Kellie Coffey,36,9,Gains In Performance
2003-12-06,37,American Soldier,Toby Keith,41,3,Gains In Performance
2003-12-06,38,My Last Name,Dierks Bentley,38,7,Gains In Performance
2003-12-06,39,Songs About Rain,Gary Allan,45,3,Gains In Performance
2003-12-06,40,You're In My Head,Brian McComas,42,10,Gains In Performance
2003-12-06,41,Days Of Our Lives,James Otto,43,10,Gains In Performance
2003-12-06,42,The First Cut Is The Deepest,Sheryl Crow,44,6,Gains In Performance
2003-12-06,43,Paint Me A Birmingham,Tracy Lawrence,47,6,Gains In Performance
2003-12-06,44,Young Man's Town,Vince Gill,46,9,Gains In Performance
2003-12-06,45,Heaven Help Me,Wynonna,39,13,
2003-12-06,46,Handprints On The Wall,Kenny Rogers,49,8,Gains In Performance
2003-12-06,47,On Your Way Home,Patty Loveless,50,5,Gains In Performance
2003-12-06,48,A Year At A Time,Kevin Denney,48,8,Gains In Performance
2003-12-06,49,"Run, Run, Run",Ryan Tyler,40,17,
2003-12-06,50,I Need A Vacation,Rebecca Lynn Howard,51,6,Gains In Performance
2003-12-06,51,No Regrets Yet,Sonya Isaacs,54,3,Gains In Performance
2003-12-06,52,That's A Woman,Mark Wills,56,4,Gains In Performance
2003-12-06,53,Simple Life,Carolyn Dawn Johnson,55,2,Gains In Performance
2003-12-06,54,I'm In Love With You,Billy Dean,52,11,
2003-12-06,55,And The Crowd Goes Wild,Mark Wills,53,20,
2003-12-06,56,Too Much Month (At The End Of The Money),Marty Stuart And His Fabulous Superlatives,NEW,1,Highest ranking debut|Gains In Performance
2003-12-06,57,I Will Hold My Ground,Darryl Worley,60,3,Gains In Performance
2003-12-06,58,Do You Still Want To Buy Me That Drink (Frank),Lorrie Morgan,59,4,Gains In Performance
2003-12-06,59,Forrest County Line,4 Runner,NEW,1,Gains In Performance
2003-12-06,60,You'll Think Of Me,Keith Urban,NEW,1,Gains In Performance
2003-12-13,1,I Love This Bar,Toby Keith,1,16,
2003-12-13,2,Cowboys Like Us,George Strait,4,19,Gains In Performance
2003-12-13,3,I Melt,Rascal Flatts,2,23,
2003-12-13,4,There Goes My Life,Kenny Chesney,7,8,Gains In Performance
2003-12-13,5,Hell Yeah,Montgomery Gentry,5,21,
2003-12-13,6,Wave On Wave,Pat Green,3,29,
2003-12-13,7,Chicks Dig It,Chris Cagle,6,25,Gains In Performance
2003-12-13,8,You Can't Take The Honky Tonk Out Of The Girl,Brooks & Dunn,9,13,Gains In Performance
2003-12-13,9,Walking In Memphis,Lonestar,10,18,Gains In Performance
2003-12-13,10,Honesty (Write Me A List),Rodney Atkins,11,26,Gains In Performance
2003-12-13,11,Drinkin' Bone,Tracy Byrd,12,19,Gains In Performance
2003-12-13,12,Who Wouldn't Wanna Be Me,Keith Urban,8,28,
2003-12-13,13,Remember When,Alan Jackson,17,6,Greatest gainer this week|Gains In Performance
2003-12-13,14,She's Not Just A Pretty Face,Shania Twain,18,10,Gains In Performance
2003-12-13,15,I Wanna Do It All,Terri Clark,19,17,Gains In Performance
2003-12-13,16,Wrinkles,Diamond Rio,16,20,Gains In Performance
2003-12-13,17,What Was I Thinkin',Dierks Bentley,13,35,
2003-12-13,18,I Wish,Jo Dee Messina,21,21,Gains In Performance
2003-12-13,19,It's Five O'Clock Somewhere,Alan Jackson & Jimmy Buffett,14,26,
2003-12-13,20,Watch The Wind Blow By,Tim McGraw,23,7,Gains In Performance
2003-12-13,21,Little Moments,Brad Paisley,22,15,Gains In Performance
2003-12-13,22,I Love You This Much,Jimmy Wayne,27,17,Gains In Performance
2003-12-13,23,Hot Mama,Trace Adkins,24,12,Gains In Performance
2003-12-13,24,I Can't Take You Anywhere,Scotty Emerick With Toby Keith,25,21,Gains In Performance
2003-12-13,25,Long Black Train,Josh Turner,26,29,Gains In Performance
2003-12-13,26,Perfect,Sara Evans,28,13,Gains In Performance
2003-12-13,27,In My Daughter's Eyes,Martina McBride,30,4,Gains In Performance
2003-12-13,28,Sweet Southern Comfort,Buddy Jewell,31,7,Gains In Performance
2003-12-13,29,Spend My Time,Clint Black,33,7,Gains In Performance
2003-12-13,30,Every Friday Afternoon,Craig Morgan,32,18,
2003-12-13,31,Cool To Be A Fool,Joe Nichols,34,12,Gains In Performance
2003-12-13,32,American Soldier,Toby Keith,37,4,Gains In Performance
2003-12-13,33,Good Little Girls,Blue County,35,9,Gains In Performance
2003-12-13,34,Texas Plates,Kellie Coffey,36,10,Gains In Performance
2003-12-13,35,My Last Name,Dierks Bentley,38,8,Gains In Performance
2003-12-13,36,Songs About Rain,Gary Allan,39,4,Gains In Performance
2003-12-13,37,I'm Gonna Take That Mountain,Reba McEntire,29,16,
2003-12-13,38,You're In My Head,Brian McComas,40,11,Gains In Performance
2003-12-13,39,Days Of Our Lives,James Otto,41,11,
2003-12-13,40,Paint Me A Birmingham,Tracy Lawrence,43,7,Gains In Performance
2003-12-13,41,Simple Life,Carolyn Dawn Johnson,53,3,Gains In Performance
2003-12-13,42,The First Cut Is The Deepest,Sheryl Crow,42,7,
2003-12-13,43,On Your Way Home,Patty Loveless,47,6,Gains In Performance
2003-12-13,44,Handprints On The Wall,Kenny Rogers,46,9,Gains In Performance
2003-12-13,45,A Year At A Time,Kevin Denney,48,9,Gains In Performance
2003-12-13,46,Young Man's Town,Vince Gill,44,10,
2003-12-13,47,That's A Woman,Mark Wills,52,5,Gains In Performance
2003-12-13,48,No Regrets Yet,Sonya Isaacs,51,4,Gains In Performance
2003-12-13,49,I Need A Vacation,Rebecca Lynn Howard,50,7,
2003-12-13,50,Heaven Help Me,Wynonna,45,14,
2003-12-13,51,"Run, Run, Run",Ryan Tyler,49,18,
2003-12-13,52,I'm In Love With You,Billy Dean,54,12,Gains In Performance
2003-12-13,53,All I Want For Christmas Is A Real Good Tan,Kenny Chesney,NEW,1,Highest ranking debut|Gains In Performance
2003-12-13,54,Too Much Month (At The End Of The Money),Marty Stuart And His Fabulous Superlatives,56,2,Gains In Performance
2003-12-13,55,I Can't Sleep,Clay Walker,NEW,1,Gains In Performance
2003-12-13,56,And The Crowd Goes Wild,Mark Wills,55,21,Gains In Performance
2003-12-13,57,Coat Of Many Colors,Shania Twain With Alison Krauss & Union Station,NEW,1,Gains In Performance
2003-12-13,58,This Love,LeAnn Rimes,NEW,1,Gains In Performance
2003-12-13,59,You'll Think Of Me,Keith Urban,60,2,Gains In Performance
2003-12-13,60,Do You Still Want To Buy Me That Drink (Frank),Lorrie Morgan,58,5,
2003-12-20,1,There Goes My Life,Kenny Chesney,4,9,Greatest gainer this week|Gains In Performance
2003-12-20,2,I Love This Bar,Toby Keith,1,17,
2003-12-20,3,Cowboys Like Us,George Strait,2,20,
2003-12-20,4,Hell Yeah,Montgomery Gentry,5,22,
2003-12-20,5,Chicks Dig It,Chris Cagle,7,26,Gains In Performance
2003-12-20,6,You Can't Take The Honky Tonk Out Of The Girl,Brooks & Dunn,8,14,Gains In Performance
2003-12-20,7,I Melt,Rascal Flatts,3,24,
2003-12-20,8,Walking In Memphis,Lonestar,9,19,Gains In Performance
2003-12-20,9,Remember When,Alan Jackson,13,7,Gains In Performance
2003-12-20,10,Honesty (Write Me A List),Rodney Atkins,10,27,Gains In Performance
2003-12-20,11,Drinkin' Bone,Tracy Byrd,11,20,Gains In Performance
2003-12-20,12,Wave On Wave,Pat Green,6,30,
2003-12-20,13,She's Not Just A Pretty Face,Shania Twain,14,11,Gains In Performance
2003-12-20,14,I Wanna Do It All,Terri Clark,15,18,Gains In Performance
2003-12-20,15,Who Wouldn't Wanna Be Me,Keith Urban,12,29,
2003-12-20,16,Watch The Wind Blow By,Tim McGraw,20,8,Gains In Performance
2003-12-20,17,I Wish,Jo Dee Messina,18,22,Gains In Performance
2003-12-20,18,Wrinkles,Diamond Rio,16,21,Gains In Performance
2003-12-20,19,Little Moments,Brad Paisley,21,16,Gains In Performance
2003-12-20,20,It's Five O'Clock Somewhere,Alan Jackson & Jimmy Buffett,19,27,
2003-12-20,21,Hot Mama,Trace Adkins,23,13,Gains In Performance
2003-12-20,22,I Love You This Much,Jimmy Wayne,22,18,Gains In Performance
2003-12-20,23,In My Daughter's Eyes,Martina McBride,27,5,Gains In Performance
2003-12-20,24,I Can't Take You Anywhere,Scotty Emerick With Toby Keith,24,22,Gains In Performance
2003-12-20,25,Long Black Train,Josh Turner,25,30,Gains In Performance
2003-12-20,26,Perfect,Sara Evans,26,14,Gains In Performance
2003-12-20,27,Sweet Southern Comfort,Buddy Jewell,28,8,Gains In Performance
2003-12-20,28,American Soldier,Toby Keith,32,5,Gains In Performance
2003-12-20,29,Spend My Time,Clint Black,29,8,Gains In Performance
2003-12-20,30,Every Friday Afternoon,Craig Morgan,30,19,Gains In Performance
2003-12-20,31,Cool To Be A Fool,Joe Nichols,31,13,Gains In Performance
2003-12-20,32,Good Little Girls,Blue County,33,10,Gains In Performance
2003-12-20,33,Songs About Rain,Gary Allan,36,5,Gains In Performance
2003-12-20,34,Texas Plates,Kellie Coffey,34,11,Gains In Performance
2003-12-20,35,My Last Name,Dierks Bentley,35,9,Gains In Performance
2003-12-20,36,You're In My Head,Brian McComas,38,12,Gains In Performance
2003-12-20,37,Simple Life,Carolyn Dawn Johnson,41,4,Gains In Performance
2003-12-20,38,Days Of Our Lives,James Otto,39,12,Gains In Performance
2003-12-20,39,Paint Me A Birmingham,Tracy Lawrence,40,8,Gains In Performance
2003-12-20,40,Handprints On The Wall,Kenny Rogers,44,10,Gains In Performance
2003-12-20,41,On Your Way Home,Patty Loveless,43,7,Gains In Performance
2003-12-20,42,I'm Gonna Take That Mountain,Reba McEntire,37,17,
2003-12-20,43,The First Cut Is The Deepest,Sheryl Crow,42,8,Gains In Performance
2003-12-20,44,A Year At A Time,Kevin Denney,45,10,Gains In Performance
2003-12-20,45,All I Want For Christmas Is A Real Good Tan,Kenny Chesney,53,2,Gains In Performance
2003-12-20,46,That's A Woman,Mark Wills,47,6,Gains In Performance
2003-12-20,47,You'll Think Of Me,Keith Urban,59,3,Gains In Performance
2003-12-20,48,No Regrets Yet,Sonya Isaacs,48,5,Gains In Performance
2003-12-20,49,I Can't Sleep,Clay Walker,55,2,Gains In Performance
2003-12-20,50,Young Man's Town,Vince Gill,46,11,
2003-12-20,51,I Need A Vacation,Rebecca Lynn Howard,49,8,
2003-12-20,52,I'm In Love With You,Billy Dean,52,13,
2003-12-20,53,This Love,LeAnn Rimes,58,2,Gains In Performance
2003-12-20,54,Do You Still Want To Buy Me That Drink (Frank),Lorrie Morgan,60,6,Gains In Performance
2003-12-20,55,You Are,Chad Brock,NEW,1,Highest ranking debut|Gains In Performance
2003-12-20,56,"Run, Run, Run",Ryan Tyler,51,19,
2003-12-20,57,Fridaynititus,Brad Tyler,NEW,1,Gains In Performance
2003-12-20,58,Middle Age Crazy,T. Graham Brown,NEW,1,Gains In Performance
2003-12-20,59,Heaven Help Me,Wynonna,50,15,
2003-12-20,60,I'll Be Home For Christmas,Kenny Chesney,NEW,1,Gains In Performance
2003-12-27,1,There Goes My Life,Kenny Chesney,1,10,Gains In Performance
2003-12-27,2,Cowboys Like Us,George Strait,3,21,
2003-12-27,3,I Love This Bar,Toby Keith,2,18,
2003-12-27,4,You Can't Take The Honky Tonk Out Of The Girl,Brooks & Dunn,6,15,Gains In Performance
2003-12-27,5,Remember When,Alan Jackson,9,8,Gains In Performance
2003-12-27,6,Chicks Dig It,Chris Cagle,5,27,
2003-12-27,7,Honesty (Write Me A List),Rodney Atkins,10,28,Gains In Performance
2003-12-27,8,Walking In Memphis,Lonestar,8,20,
2003-12-27,9,Drinkin' Bone,Tracy Byrd,11,21,Gains In Performance
2003-12-27,10,I Wanna Do It All,Terri Clark,14,19,Gains In Performance
2003-12-27,11,Hell Yeah,Montgomery Gentry,4,23,
2003-12-27,12,She's Not Just A Pretty Face,Shania Twain,13,12,Gains In Performance
2003-12-27,13,Watch The Wind Blow By,Tim McGraw,16,9,Gains In Performance
2003-12-27,14,Little Moments,Brad Paisley,19,17,Gains In Performance
2003-12-27,15,I Wish,Jo Dee Messina,17,23,Gains In Performance
2003-12-27,16,Wave On Wave,Pat Green,12,31,
2003-12-27,17,I Melt,Rascal Flatts,7,25,
2003-12-27,18,Who Wouldn't Wanna Be Me,Keith Urban,15,30,
2003-12-27,19,Wrinkles,Diamond Rio,18,22,
2003-12-27,20,Hot Mama,Trace Adkins,21,14,Gains In Performance
2003-12-27,21,I Love You This Much,Jimmy Wayne,22,19,Gains In Performance
2003-12-27,22,American Soldier,Toby Keith,28,6,Greatest gainer this week|Gains In Performance
2003-12-27,23,Long Black Train,Josh Turner,25,31,Gains In Performance
2003-12-27,24,Perfect,Sara Evans,26,15,Gains In Performance
2003-12-27,25,In My Daughter's Eyes,Martina McBride,23,6,Gains In Performance
2003-12-27,26,I Can't Take You Anywhere,Scotty Emerick With Toby Keith,24,23,
2003-12-27,27,Sweet Southern Comfort,Buddy Jewell,27,9,Gains In Performance
2003-12-27,28,Spend My Time,Clint Black,29,9,Gains In Performance
2003-12-27,29,Cool To Be A Fool,Joe Nichols,31,14,Gains In Performance
2003-12-27,30,Every Friday Afternoon,Craig Morgan,30,20,Gains In Performance
2003-12-27,31,Songs About Rain,Gary Allan,33,6,Gains In Performance
2003-12-27,32,Good Little Girls,Blue County,32,11,Gains In Performance
2003-12-27,33,My Last Name,Dierks Bentley,35,10,Gains In Performance
2003-12-27,34,Texas Plates,Kellie Coffey,34,12,
2003-12-27,35,You'll Think Of Me,Keith Urban,47,4,Gains In Performance
2003-12-27,36,You're In My Head,Brian McComas,36,13,Gains In Performance
2003-12-27,37,Simple Life,Carolyn Dawn Johnson,37,5,Gains In Performance
2003-12-27,38,Days Of Our Lives,James Otto,38,13,Gains In Performance
2003-12-27,39,Paint Me A Birmingham,Tracy Lawrence,39,9,Gains In Performance
2003-12-27,40,On Your Way Home,Patty Loveless,41,8,Gains In Performance
2003-12-27,41,Handprints On The Wall,Kenny Rogers,40,11,Gains In Performance
2003-12-27,42,The First Cut Is The Deepest,Sheryl Crow,43,9,Gains In Performance
2003-12-27,43,All I Want For Christmas Is A Real Good Tan,Kenny Chesney,45,3,Gains In Performance
2003-12-27,44,I Can't Sleep,Clay Walker,49,3,Gains In Performance
2003-12-27,45,That's A Woman,Mark Wills,46,7,Gains In Performance
2003-12-27,46,A Year At A Time,Kevin Denney,44,11,
2003-12-27,47,No Regrets Yet,Sonya Isaacs,48,6,Gains In Performance
2003-12-27,48,I'm Gonna Take That Mountain,Reba McEntire,42,18,
2003-12-27,49,This Love,LeAnn Rimes,53,3,Gains In Performance
2003-12-27,50,You Are,Chad Brock,55,2,Gains In Performance
2003-12-27,51,Didn't I,Rachel Proctor,NEW,1,Highest ranking debut|Gains In Performance
2003-12-27,52,I Need A Vacation,Rebecca Lynn Howard,51,9,
2003-12-27,53,Winter Wonderland,Pat Green,NEW,1,Gains In Performance
2003-12-27,54,Guy Like Me,Pat Green,NEW,1,Gains In Performance
2003-12-27,55,Paper Angels,Jimmy Wayne,NEW,1,Gains In Performance
2003-12-27,56,Do You Still Want To Buy Me That Drink (Frank),Lorrie Morgan,54,7,Gains In Performance
2003-12-27,57,Jingle Bells,Kenny Chesney,NEW,1,Gains In Performance
2003-12-27,58,I Can Only Imagine,MercyMe,NEW,1,Gains In Performance
2003-12-27,59,Wild West Show,Big & Rich,NEW,1,Gains In Performance
2003-12-27,60,I'm In Love With You,Billy Dean,52,14,
2004-01-03,1,There Goes My Life,Kenny Chesney,1,11,Gains In Performance
2004-01-03,2,Remember When,Alan Jackson,5,9,Gains In Performance
2004-01-03,3,You Can't Take The Honky Tonk Out Of The Girl,Brooks & Dunn,4,16,Gains In Performance
2004-01-03,4,Honesty (Write Me A List),Rodney Atkins,7,29,Gains In Performance
2004-01-03,5,I Love This Bar,Toby Keith,3,19,
2004-01-03,6,Cowboys Like Us,George Strait,2,22,
2004-01-03,7,Chicks Dig It,Chris Cagle,6,28,
2004-01-03,8,Drinkin' Bone,Tracy Byrd,9,22,Gains In Performance
2004-01-03,9,I Wanna Do It All,Terri Clark,10,20,Gains In Performance
2004-01-03,10,Watch The Wind Blow By,Tim McGraw,13,10,Gains In Performance
2004-01-03,11,She's Not Just A Pretty Face,Shania Twain,12,13,Gains In Performance
2004-01-03,12,Little Moments,Brad Paisley,14,18,Gains In Performance
2004-01-03,13,American Soldier,Toby Keith,22,7,Gains In Performance
2004-01-03,14,Hell Yeah,Montgomery Gentry,11,24,
2004-01-03,15,I Wish,Jo Dee Messina,15,24,
2004-01-03,16,Hot Mama,Trace Adkins,20,15,Gains In Performance
2004-01-03,17,I Love You This Much,Jimmy Wayne,21,20,Gains In Performance
2004-01-03,18,In My Daughter's Eyes,Martina McBride,25,7,Gains In Performance
2004-01-03,19,Who Wouldn't Wanna Be Me,Keith Urban,18,31,
2004-01-03,20,Wave On Wave,Pat Green,16,32,
2004-01-03,21,Perfect,Sara Evans,24,16,Gains In Performance
2004-01-03,22,Long Black Train,Josh Turner,23,32,
2004-01-03,23,Sweet Southern Comfort,Buddy Jewell,27,10,Gains In Performance
2004-01-03,24,Spend My Time,Clint Black,28,10,Gains In Performance
2004-01-03,25,Cool To Be A Fool,Joe Nichols,29,15,Gains In Performance
2004-01-03,26,Songs About Rain,Gary Allan,31,7,Gains In Performance
2004-01-03,27,Every Friday Afternoon,Craig Morgan,30,21,
2004-01-03,28,Good Little Girls,Blue County,32,12,Gains In Performance
2004-01-03,29,You'll Think Of Me,Keith Urban,35,5,Gains In Performance
2004-01-03,30,My Last Name,Dierks Bentley,33,11,Gains In Performance
2004-01-03,31,Texas Plates,Kellie Coffey,34,13,Gains In Performance
2004-01-03,32,Simple Life,Carolyn Dawn Johnson,37,6,Gains In Performance
2004-01-03,33,You're In My Head,Brian McComas,36,14,Gains In Performance
2004-01-03,34,All I Want For Christmas Is A Real Good Tan,Kenny Chesney,43,4,Gains In Performance
2004-01-03,35,Paint Me A Birmingham,Tracy Lawrence,39,10,Gains In Performance
2004-01-03,36,Days Of Our Lives,James Otto,38,14,Gains In Performance
2004-01-03,37,On Your Way Home,Patty Loveless,40,9,Gains In Performance
2004-01-03,38,I Can't Sleep,Clay Walker,44,4,Gains In Performance
2004-01-03,39,The First Cut Is The Deepest,Sheryl Crow,42,10,
2004-01-03,40,Handprints On The Wall,Kenny Rogers,41,12,
2004-01-03,41,No Regrets Yet,Sonya Isaacs,47,7,Gains In Performance
2004-01-03,42,That's A Woman,Mark Wills,45,8,
2004-01-03,43,Winter Wonderland,Pat Green,53,2,Gains In Performance
2004-01-03,44,Paper Angels,Jimmy Wayne,55,2,Gains In Performance
2004-01-03,45,This Love,LeAnn Rimes,49,4,Gains In Performance
2004-01-03,46,A Year At A Time,Kevin Denney,46,12,
2004-01-03,47,I'm Gonna Take That Mountain,Reba McEntire,48,19,
2004-01-03,48,Didn't I,Rachel Proctor,51,2,Gains In Performance
2004-01-03,49,Guy Like Me,Pat Green,54,2,Gains In Performance
2004-01-03,50,Please Come Home For Christmas,Willie Nelson,NEW,1,Highest ranking debut|Gains In Performance
2004-01-03,51,Just Put A Ribbon In Your Hair,Alan Jackson,NEW,1,Gains In Performance
2004-01-03,52,I Need A Vacation,Rebecca Lynn Howard,52,10,
2004-01-03,53,I Can Only Imagine,MercyMe,58,2,Gains In Performance
2004-01-03,54,Jingle Bells,Kenny Chesney,57,2,Gains In Performance
2004-01-03,55,Paint Me A Birmingham,Ken Mellons,NEW,1,Gains In Performance
2004-01-03,56,Mayberry,Rascal Flatts,NEW,1,Gains In Performance
2004-01-03,57,Coat Of Many Colors,Shania Twain With Alison Krauss & Union Station,RE,2,Gains In Performance
2004-01-03,58,Do You Still Want To Buy Me That Drink (Frank),Lorrie Morgan,56,8,
2004-01-03,59,Bert & Bobby's Auto Body Shop,Tim Murphy,NEW,1,Gains In Performance
2004-01-03,60,Mile High Honey,Royal Wade Kimes,NEW,1,Gains In Performance
2004-01-10,1,There Goes My Life,Kenny Chesney,1,12,
2004-01-10,2,Remember When,Alan Jackson,2,10,
2004-01-10,3,You Can't Take The Honky Tonk Out Of The Girl,Brooks & Dunn,3,17,
2004-01-10,4,Honesty (Write Me A List),Rodney Atkins,4,30,
2004-01-10,5,I Love This Bar,Toby Keith,5,20,
2004-01-10,6,I Wanna Do It All,Terri Clark,9,21,
2004-01-10,7,Drinkin' Bone,Tracy Byrd,8,23,
2004-01-10,8,Watch The Wind Blow By,Tim McGraw,10,11,
2004-01-10,9,She's Not Just A Pretty Face,Shania Twain,11,14,
2004-01-10,10,Cowboys Like Us,George Strait,6,23,
2004-01-10,11,Little Moments,Brad Paisley,12,19,
2004-01-10,12,American Soldier,Toby Keith,13,8,
2004-01-10,13,Chicks Dig It,Chris Cagle,7,29,
2004-01-10,14,Hot Mama,Trace Adkins,16,16,
2004-01-10,15,Hell Yeah,Montgomery Gentry,14,25,
2004-01-10,16,In My Daughter's Eyes,Martina McBride,18,8,
2004-01-10,17,I Love You This Much,Jimmy Wayne,17,21,
2004-01-10,18,Who Wouldn't Wanna Be Me,Keith Urban,19,32,
2004-01-10,19,I Wish,Jo Dee Messina,15,25,
2004-01-10,20,Perfect,Sara Evans,21,17,
2004-01-10,21,Long Black Train,Josh Turner,22,33,
2004-01-10,22,Sweet Southern Comfort,Buddy Jewell,23,11,
2004-01-10,23,Spend My Time,Clint Black,24,11,
2004-01-10,24,Cool To Be A Fool,Joe Nichols,25,16,
2004-01-10,25,You'll Think Of Me,Keith Urban,29,6,Gains In Performance
2004-01-10,26,Songs About Rain,Gary Allan,26,8,
2004-01-10,27,Good Little Girls,Blue County,28,13,
2004-01-10,28,Every Friday Afternoon,Craig Morgan,27,22,
2004-01-10,29,My Last Name,Dierks Bentley,30,12,
2004-01-10,30,All I Want For Christmas Is A Real Good Tan,Kenny Chesney,34,5,Gains In Performance
2004-01-10,31,Simple Life,Carolyn Dawn Johnson,32,7,
2004-01-10,32,Texas Plates,Kellie Coffey,31,14,
2004-01-10,33,You're In My Head,Brian McComas,33,15,
2004-01-10,34,Paint Me A Birmingham,Tracy Lawrence,35,11,Gains In Performance
2004-01-10,35,Days Of Our Lives,James Otto,36,15,
2004-01-10,36,On Your Way Home,Patty Loveless,37,10,
2004-01-10,37,I Can't Sleep,Clay Walker,38,5,
2004-01-10,38,The First Cut Is The Deepest,Sheryl Crow,39,11,
2004-01-10,39,No Regrets Yet,Sonya Isaacs,41,8,
2004-01-10,40,Paper Angels,Jimmy Wayne,44,3,
2004-01-10,41,Handprints On The Wall,Kenny Rogers,40,13,
2004-01-10,42,That's A Woman,Mark Wills,42,9,
2004-01-10,43,Guy Like Me,Pat Green,49,3,Gains In Performance
2004-01-10,44,This Love,LeAnn Rimes,45,5,
2004-01-10,45,Pretty Paper,Kenny Chesney Featuring Willie Nelson,NEW,1,Highest ranking debut|Gains In Performance
2004-01-10,46,Winter Wonderland,Pat Green,43,3,
2004-01-10,47,I'm Gonna Take That Mountain,Reba McEntire,47,20,Gains In Performance
2004-01-10,48,Wild West Show,Big & Rich,RE,2,Gains In Performance
2004-01-10,49,Jingle Bells,Kenny Chesney,54,3,Gains In Performance
2004-01-10,50,Mayberry,Rascal Flatts,56,2,Gains In Performance
2004-01-10,51,Didn't I,Rachel Proctor,48,3,Gains In Performance
2004-01-10,52,A Year At A Time,Kevin Denney,46,13,
2004-01-10,53,Please Come Home For Christmas,Willie Nelson,50,2,Gains In Performance
2004-01-10,54,Silver Bells,Kenny Chesney,NEW,1,Gains In Performance
2004-01-10,55,Even Santa Claus Gets The Blues,Marty Stuart,NEW,1,Gains In Performance
2004-01-10,56,Just Put A Ribbon In Your Hair,Alan Jackson,51,2,
2004-01-10,57,Silent Night,Kenny Chesney Featuring Grisgby Twins,NEW,1,Gains In Performance
2004-01-10,58,I Need A Vacation,Rebecca Lynn Howard,52,11,
2004-01-10,59,I Can Only Imagine,MercyMe,53,3,
2004-01-10,60,Thank God For Kids,Kenny Chesney,NEW,1,Gains In Performance
2004-01-17,1,There Goes My Life,Kenny Chesney,1,13,Gains In Performance
2004-01-17,2,Remember When,Alan Jackson,2,11,Greatest gainer this week|Gains In Performance
2004-01-17,3,You Can't Take The Honky Tonk Out Of The Girl,Brooks & Dunn,3,18,Gains In Performance
2004-01-17,4,I Love This Bar,Toby Keith,5,21,Gains In Performance
2004-01-17,5,I Wanna Do It All,Terri Clark,6,22,Gains In Performance
2004-01-17,6,Honesty (Write Me A List),Rodney Atkins,4,31,Gains In Performance
2004-01-17,7,Drinkin' Bone,Tracy Byrd,7,24,Gains In Performance
2004-01-17,8,American Soldier,Toby Keith,12,9,Gains In Performance
2004-01-17,9,Watch The Wind Blow By,Tim McGraw,8,12,Gains In Performance
2004-01-17,10,Little Moments,Brad Paisley,11,20,Gains In Performance
2004-01-17,11,She's Not Just A Pretty Face,Shania Twain,9,15,Gains In Performance
2004-01-17,12,Cowboys Like Us,George Strait,10,24,Gains In Performance
2004-01-17,13,Chicks Dig It,Chris Cagle,13,30,Gains In Performance
2004-01-17,14,Hot Mama,Trace Adkins,14,17,Gains In Performance
2004-01-17,15,I Love You This Much,Jimmy Wayne,17,22,Gains In Performance
2004-01-17,16,In My Daughter's Eyes,Martina McBride,16,9,Gains In Performance
2004-01-17,17,Hell Yeah,Montgomery Gentry,15,26,Gains In Performance
2004-01-17,18,I Wish,Jo Dee Messina,19,26,Gains In Performance
2004-01-17,19,Who Wouldn't Wanna Be Me,Keith Urban,18,33,Gains In Performance
2004-01-17,20,Perfect,Sara Evans,20,18,Gains In Performance
2004-01-17,21,Long Black Train,Josh Turner,21,34,Gains In Performance
2004-01-17,22,Sweet Southern Comfort,Buddy Jewell,22,12,Gains In Performance
2004-01-17,23,Spend My Time,Clint Black,23,12,Gains In Performance
2004-01-17,24,Cool To Be A Fool,Joe Nichols,24,17,Gains In Performance
2004-01-17,25,You'll Think Of Me,Keith Urban,25,7,Gains In Performance
2004-01-17,26,Songs About Rain,Gary Allan,26,9,Gains In Performance
2004-01-17,27,Good Little Girls,Blue County,27,14,Gains In Performance
2004-01-17,28,Every Friday Afternoon,Craig Morgan,28,23,Gains In Performance
2004-01-17,29,My Last Name,Dierks Bentley,29,13,Gains In Performance
2004-01-17,30,Simple Life,Carolyn Dawn Johnson,31,8,Gains In Performance
2004-01-17,31,Texas Plates,Kellie Coffey,32,15,Gains In Performance
2004-01-17,32,You're In My Head,Brian McComas,33,16,Gains In Performance
2004-01-17,33,Paint Me A Birmingham,Tracy Lawrence,34,12,Gains In Performance
2004-01-17,34,On Your Way Home,Patty Loveless,36,11,Gains In Performance
2004-01-17,35,Days Of Our Lives,James Otto,35,16,Gains In Performance
2004-01-17,36,I Can't Sleep,Clay Walker,37,6,Gains In Performance
2004-01-17,37,The First Cut Is The Deepest,Sheryl Crow,38,12,Gains In Performance
2004-01-17,38,Mayberry,Rascal Flatts,50,3,Gains In Performance
2004-01-17,39,No Regrets Yet,Sonya Isaacs,39,9,Gains In Performance
2004-01-17,40,Handprints On The Wall,Kenny Rogers,41,14,Gains In Performance
2004-01-17,41,Guy Like Me,Pat Green,43,4,Gains In Performance
2004-01-17,42,This Love,LeAnn Rimes,44,6,Gains In Performance
2004-01-17,43,That's A Woman,Mark Wills,42,10,Gains In Performance
2004-01-17,44,Didn't I,Rachel Proctor,51,4,Gains In Performance
2004-01-17,45,Wild West Show,Big & Rich,48,3,Gains In Performance
2004-01-17,46,A Year At A Time,Kevin Denney,52,14,Gains In Performance
2004-01-17,47,I'm Gonna Take That Mountain,Reba McEntire,47,21,Gains In Performance
2004-01-17,48,You Are,Chad Brock,RE,3,Gains In Performance
2004-01-17,49,I Need A Vacation,Rebecca Lynn Howard,58,12,Gains In Performance
2004-01-17,50,Do You Still Want To Buy Me That Drink (Frank),Lorrie Morgan,RE,9,Gains In Performance
2004-01-17,51,Honk If You Honky Tonk,George Strait,NEW,1,Highest ranking debut|Gains In Performance
2004-01-17,52,I Can Only Imagine,MercyMe,59,4,
2004-01-17,53,I Got A Feelin',Billy Currington,NEW,1,Gains In Performance
2004-01-17,54,Paint Me A Birmingham,Ken Mellons,RE,2,Gains In Performance
2004-01-17,55,Somebody,Reba McEntire,NEW,1,Gains In Performance
2004-01-17,56,Desperately,George Strait,NEW,1,Gains In Performance
2004-01-17,57,"Run, Run, Run",Ryan Tyler,RE,20,Gains In Performance
2004-01-17,58,I'm In Love With You,Billy Dean,RE,15,Gains In Performance
2004-01-17,59,Loco,David Lee Murphy,NEW,1,Gains In Performance
2004-01-17,60,Constantly,Cross Canadian Ragweed,NEW,1,Gains In Performance
2004-01-24,1,There Goes My Life,Kenny Chesney,1,14,Gains In Performance
2004-01-24,2,Remember When,Alan Jackson,2,12,Gains In Performance
2004-01-24,3,You Can't Take The Honky Tonk Out Of The Girl,Brooks & Dunn,3,19,Gains In Performance
2004-01-24,4,I Wanna Do It All,Terri Clark,5,23,Gains In Performance
2004-01-24,5,American Soldier,Toby Keith,8,10,Gains In Performance
2004-01-24,6,Watch The Wind Blow By,Tim McGraw,9,13,Gains In Performance
2004-01-24,7,Drinkin' Bone,Tracy Byrd,7,25,Gains In Performance
2004-01-24,8,Honesty (Write Me A List),Rodney Atkins,6,32,Gains In Performance
2004-01-24,9,Little Moments,Brad Paisley,10,21,Gains In Performance
2004-01-24,10,She's Not Just A Pretty Face,Shania Twain,11,16,Gains In Performance
2004-01-24,11,I Love This Bar,Toby Keith,4,22,
2004-01-24,12,In My Daughter's Eyes,Martina McBride,16,10,Gains In Performance
2004-01-24,13,I Love You This Much,Jimmy Wayne,15,23,Gains In Performance
2004-01-24,14,Hot Mama,Trace Adkins,14,18,Gains In Performance
2004-01-24,15,Cowboys Like Us,George Strait,12,25,
2004-01-24,16,Perfect,Sara Evans,20,19,Gains In Performance
2004-01-24,17,I Wish,Jo Dee Messina,18,27,Gains In Performance
2004-01-24,18,Sweet Southern Comfort,Buddy Jewell,22,13,Gains In Performance
2004-01-24,19,Long Black Train,Josh Turner,21,35,Gains In Performance
2004-01-24,20,Spend My Time,Clint Black,23,13,Gains In Performance
2004-01-24,21,You'll Think Of Me,Keith Urban,25,8,Gains In Performance
2004-01-24,22,Songs About Rain,Gary Allan,26,10,Gains In Performance
2004-01-24,23,Cool To Be A Fool,Joe Nichols,24,18,Gains In Performance
2004-01-24,24,Good Little Girls,Blue County,27,15,Gains In Performance
2004-01-24,25,Every Friday Afternoon,Craig Morgan,28,24,Gains In Performance
2004-01-24,26,My Last Name,Dierks Bentley,29,14,Gains In Performance
2004-01-24,27,Simple Life,Carolyn Dawn Johnson,30,9,Gains In Performance
2004-01-24,28,Texas Plates,Kellie Coffey,31,16,Gains In Performance
2004-01-24,29,Mayberry,Rascal Flatts,38,4,Gains In Performance
2004-01-24,30,You're In My Head,Brian McComas,32,17,Gains In Performance
2004-01-24,31,Paint Me A Birmingham,Tracy Lawrence,33,13,Gains In Performance
2004-01-24,32,On Your Way Home,Patty Loveless,34,12,Gains In Performance
2004-01-24,33,Days Of Our Lives,James Otto,35,17,Gains In Performance
2004-01-24,34,I Can't Sleep,Clay Walker,36,7,Gains In Performance
2004-01-24,35,The First Cut Is The Deepest,Sheryl Crow,37,13,Gains In Performance
2004-01-24,36,No Regrets Yet,Sonya Isaacs,39,10,Gains In Performance
2004-01-24,37,Guy Like Me,Pat Green,41,5,Gains In Performance
2004-01-24,38,Wild West Show,Big & Rich,45,4,Gains In Performance
2004-01-24,39,This Love,LeAnn Rimes,42,7,Gains In Performance
2004-01-24,40,That's A Woman,Mark Wills,43,11,Gains In Performance
2004-01-24,41,Handprints On The Wall,Kenny Rogers,40,15,
2004-01-24,42,Somebody,Reba McEntire,55,2,Gains In Performance
2004-01-24,43,Didn't I,Rachel Proctor,44,5,Gains In Performance
2004-01-24,44,A Year At A Time,Kevin Denney,46,15,
2004-01-24,45,Honk If You Honky Tonk,George Strait,51,2,Gains In Performance
2004-01-24,46,Last One Standing,Emerson Drive,NEW,1,Highest ranking debut|Gains In Performance
2004-01-24,47,Loco,David Lee Murphy,59,2,Gains In Performance
2004-01-24,48,You Are,Chad Brock,48,4,
2004-01-24,49,I Need A Vacation,Rebecca Lynn Howard,49,13,
2004-01-24,50,Flies On The Butter (You Can't Go Home Again),Wynonna With Naomi Judd,NEW,1,Gains In Performance
2004-01-24,51,Desperately,George Strait,56,2,Gains In Performance
2004-01-24,52,I Can Only Imagine,MercyMe,52,5,Gains In Performance
2004-01-24,53,Do You Still Want To Buy Me That Drink (Frank),Lorrie Morgan,50,10,
2004-01-24,54,I Got A Feelin',Billy Currington,53,2,Gains In Performance
2004-01-24,55,I Wanna Make You Cry,Jeff Bates,NEW,1,Gains In Performance
2004-01-24,56,98.6 Degrees And Fallin',Jill King,NEW,1,Gains In Performance
2004-01-24,57,Constantly,Cross Canadian Ragweed,60,2,Gains In Performance
2004-01-24,58,I'm In Love With You,Billy Dean,58,16,Gains In Performance
2004-01-24,59,Paint Me A Birmingham,Ken Mellons,54,3,
2004-01-24,60,Tougher Than Nails,Joe Diffie,NEW,1,Gains In Performance
2004-01-31,1,There Goes My Life,Kenny Chesney,1,15,Gains In Performance
2004-01-31,2,Remember When,Alan Jackson,2,13,Gains In Performance
2004-01-31,3,You Can't Take The Honky Tonk Out Of The Girl,Brooks & Dunn,3,20,Gains In Performance
2004-01-31,4,American Soldier,Toby Keith,5,11,Greatest gainer this week|Gains In Performance
2004-01-31,5,I Wanna Do It All,Terri Clark,4,24,Gains In Performance
2004-01-31,6,Watch The Wind Blow By,Tim McGraw,6,14,Gains In Performance
2004-01-31,7,Drinkin' Bone,Tracy Byrd,7,26,
2004-01-31,8,Little Moments,Brad Paisley,9,22,Gains In Performance
2004-01-31,9,Honesty (Write Me A List),Rodney Atkins,8,33,
2004-01-31,10,She's Not Just A Pretty Face,Shania Twain,10,17,
2004-01-31,11,In My Daughter's Eyes,Martina McBride,12,11,Gains In Performance
2004-01-31,12,Hot Mama,Trace Adkins,14,19,Gains In Performance
2004-01-31,13,I Love This Bar,Toby Keith,11,23,
2004-01-31,14,I Love You This Much,Jimmy Wayne,13,24,Gains In Performance
2004-01-31,15,Perfect,Sara Evans,16,20,Gains In Performance
2004-01-31,16,I Wish,Jo Dee Messina,17,28,Gains In Performance
2004-01-31,17,Sweet Southern Comfort,Buddy Jewell,18,14,Gains In Performance
2004-01-31,18,Long Black Train,Josh Turner,19,36,Gains In Performance
2004-01-31,19,You'll Think Of Me,Keith Urban,21,9,Gains In Performance
2004-01-31,20,Spend My Time,Clint Black,20,14,Gains In Performance
2004-01-31,21,Songs About Rain,Gary Allan,22,11,Gains In Performance
2004-01-31,22,Cool To Be A Fool,Joe Nichols,23,19,Gains In Performance
2004-01-31,23,Good Little Girls,Blue County,24,16,Gains In Performance
2004-01-31,24,Mayberry,Rascal Flatts,29,5,Gains In Performance
2004-01-31,25,My Last Name,Dierks Bentley,26,15,Gains In Performance
2004-01-31,26,Every Friday Afternoon,Craig Morgan,25,25,Gains In Performance
2004-01-31,27,Simple Life,Carolyn Dawn Johnson,27,10,Gains In Performance
2004-01-31,28,Texas Plates,Kellie Coffey,28,17,Gains In Performance
2004-01-31,29,You're In My Head,Brian McComas,30,18,Gains In Performance
2004-01-31,30,Paint Me A Birmingham,Tracy Lawrence,31,14,Gains In Performance
2004-01-31,31,On Your Way Home,Patty Loveless,32,13,Gains In Performance
2004-01-31,32,I Can't Sleep,Clay Walker,34,8,Gains In Performance
2004-01-31,33,Days Of Our Lives,James Otto,33,18,
2004-01-31,34,Wild West Show,Big & Rich,38,5,Gains In Performance
2004-01-31,35,Guy Like Me,Pat Green,37,6,Gains In Performance
2004-01-31,36,No Regrets Yet,Sonya Isaacs,36,11,Gains In Performance
2004-01-31,37,The First Cut Is The Deepest,Sheryl Crow,35,14,
2004-01-31,38,This Love,LeAnn Rimes,39,8,Gains In Performance
2004-01-31,39,Somebody,Reba McEntire,42,3,Gains In Performance
2004-01-31,40,That's A Woman,Mark Wills,40,12,Gains In Performance
2004-01-31,41,Desperately,George Strait,51,3,Gains In Performance
2004-01-31,42,Handprints On The Wall,Kenny Rogers,41,16,
2004-01-31,43,Didn't I,Rachel Proctor,43,6,Gains In Performance
2004-01-31,44,Last One Standing,Emerson Drive,46,2,Gains In Performance
2004-01-31,45,Loco,David Lee Murphy,47,3,Gains In Performance
2004-01-31,46,I Got A Feelin',Billy Currington,54,3,Gains In Performance
2004-01-31,47,I Wanna Make You Cry,Jeff Bates,55,2,Gains In Performance
2004-01-31,48,Letters From Home,John Michael Montgomery,NEW,1,Highest ranking debut|Gains In Performance
2004-01-31,49,You Are,Chad Brock,48,5,Gains In Performance
2004-01-31,50,Honk If You Honky Tonk,George Strait,45,3,
2004-01-31,51,Flies On The Butter (You Can't Go Home Again),Wynonna With Naomi Judd,50,2,
2004-01-31,52,I Need A Vacation,Rebecca Lynn Howard,49,14,
2004-01-31,53,A Year At A Time,Kevin Denney,44,16,
2004-01-31,54,If Heartaches Had Wings,Rhonda Vincent,NEW,1,Gains In Performance
2004-01-31,55,We All Fall Down,Diamond Rio,NEW,1,Gains In Performance
2004-01-31,56,Do You Still Want To Buy Me That Drink (Frank),Lorrie Morgan,53,11,Gains In Performance
2004-01-31,57,I Can Only Imagine,MercyMe,52,6,
2004-01-31,58,I'd Be Lying,Chris Cagle,NEW,1,Gains In Performance
2004-01-31,59,Heaven On Earth,Trini Triggs,NEW,1,Gains In Performance
2004-01-31,60,Tougher Than Nails,Joe Diffie,60,2,Gains In Performance
2004-02-07,1,Remember When,Alan Jackson,2,14,Gains In Performance
2004-02-07,2,There Goes My Life,Kenny Chesney,1,16,
2004-02-07,3,American Soldier,Toby Keith,4,12,Gains In Performance
2004-02-07,4,You Can't Take The Honky Tonk Out Of The Girl,Brooks & Dunn,3,21,
2004-02-07,5,Watch The Wind Blow By,Tim McGraw,6,15,Gains In Performance
2004-02-07,6,I Wanna Do It All,Terri Clark,5,25,Gains In Performance
2004-02-07,7,Little Moments,Brad Paisley,8,23,Gains In Performance
2004-02-07,8,Drinkin' Bone,Tracy Byrd,7,27,
2004-02-07,9,In My Daughter's Eyes,Martina McBride,11,12,Gains In Performance
2004-02-07,10,She's Not Just A Pretty Face,Shania Twain,10,18,
2004-02-07,11,Hot Mama,Trace Adkins,12,20,Gains In Performance
2004-02-07,12,I Love You This Much,Jimmy Wayne,14,25,Gains In Performance
2004-02-07,13,Perfect,Sara Evans,15,21,Gains In Performance
2004-02-07,14,Sweet Southern Comfort,Buddy Jewell,17,15,Gains In Performance
2004-02-07,15,I Love This Bar,Toby Keith,13,24,
2004-02-07,16,Long Black Train,Josh Turner,18,37,Gains In Performance
2004-02-07,17,You'll Think Of Me,Keith Urban,19,10,Gains In Performance
2004-02-07,18,Songs About Rain,Gary Allan,21,12,Gains In Performance
2004-02-07,19,Spend My Time,Clint Black,20,15,Gains In Performance
2004-02-07,20,Mayberry,Rascal Flatts,24,6,Gains In Performance
2004-02-07,21,Cool To Be A Fool,Joe Nichols,22,20,Gains In Performance
2004-02-07,22,Good Little Girls,Blue County,23,17,Gains In Performance
2004-02-07,23,My Last Name,Dierks Bentley,25,16,Gains In Performance
2004-02-07,24,Simple Life,Carolyn Dawn Johnson,27,11,Gains In Performance
2004-02-07,25,Every Friday Afternoon,Craig Morgan,26,26,Gains In Performance
2004-02-07,26,Paint Me A Birmingham,Tracy Lawrence,30,15,Gains In Performance
2004-02-07,27,Texas Plates,Kellie Coffey,28,18,
2004-02-07,28,You're In My Head,Brian McComas,29,19,
2004-02-07,29,On Your Way Home,Patty Loveless,31,14,Gains In Performance
2004-02-07,30,Wild West Show,Big & Rich,34,6,Gains In Performance
2004-02-07,31,I Can't Sleep,Clay Walker,32,9,Gains In Performance
2004-02-07,32,Desperately,George Strait,41,4,Gains In Performance
2004-02-07,33,Guy Like Me,Pat Green,35,7,Gains In Performance
2004-02-07,34,Somebody,Reba McEntire,39,4,Gains In Performance
2004-02-07,35,Days Of Our Lives,James Otto,33,19,
2004-02-07,36,Letters From Home,John Michael Montgomery,48,2,Gains In Performance
2004-02-07,37,No Regrets Yet,Sonya Isaacs,36,12,
2004-02-07,38,This Love,LeAnn Rimes,38,9,Gains In Performance
2004-02-07,39,The First Cut Is The Deepest,Sheryl Crow,37,15,
2004-02-07,40,When The Sun Goes Down,Kenny Chesney & Uncle Kracker,NEW,1,Gains In Performance
2004-02-07,41,That's A Woman,Mark Wills,40,13,Gains In Performance
2004-02-07,42,Last One Standing,Emerson Drive,44,3,Gains In Performance
2004-02-07,43,Loco,David Lee Murphy,45,4,Gains In Performance
2004-02-07,44,Passenger Seat,SHeDAISY,NEW,1,Gains In Performance
2004-02-07,45,I Wanna Make You Cry,Jeff Bates,47,3,Gains In Performance
2004-02-07,46,Didn't I,Rachel Proctor,43,7,
2004-02-07,47,I Got A Feelin',Billy Currington,46,4,Gains In Performance
2004-02-07,48,You Are,Chad Brock,49,6,Gains In Performance
2004-02-07,49,Flies On The Butter (You Can't Go Home Again),Wynonna With Naomi Judd,51,3,Gains In Performance
2004-02-07,50,Handprints On The Wall,Kenny Rogers,42,17,
2004-02-07,51,If Heartaches Had Wings,Rhonda Vincent,54,2,Gains In Performance
2004-02-07,52,I Need A Vacation,Rebecca Lynn Howard,52,15,
2004-02-07,53,Honk If You Honky Tonk,George Strait,50,4,
2004-02-07,54,Face Of God,Billy Ray Cyrus,NEW,1,Gains In Performance
2004-02-07,55,Tougher Than Nails,Joe Diffie,60,3,
2004-02-07,56,Horsepower,Chris LeDoux,NEW,1,Gains In Performance
2004-02-07,57,Do You Still Want To Buy Me That Drink (Frank),Lorrie Morgan,56,12,
2004-02-07,58,If You Ever Stop Loving Me,Montgomery Gentry,NEW,1,Gains In Performance
2004-02-07,59,I Can Only Imagine,MercyMe,57,7,
2004-02-07,60,I'd Be Lying,Chris Cagle,58,2,
2004-02-14,1,Remember When,Alan Jackson,1,15,
2004-02-14,2,American Soldier,Toby Keith,3,13,Gains In Performance
2004-02-14,3,There Goes My Life,Kenny Chesney,2,17,
2004-02-14,4,Watch The Wind Blow By,Tim McGraw,5,16,Gains In Performance
2004-02-14,5,I Wanna Do It All,Terri Clark,6,26,Gains In Performance
2004-02-14,6,Little Moments,Brad Paisley,7,24,Gains In Performance
2004-02-14,7,You Can't Take The Honky Tonk Out Of The Girl,Brooks & Dunn,4,22,
2004-02-14,8,In My Daughter's Eyes,Martina McBride,9,13,Gains In Performance
2004-02-14,9,Hot Mama,Trace Adkins,11,21,Gains In Performance
2004-02-14,10,I Love You This Much,Jimmy Wayne,12,26,Gains In Performance
2004-02-14,11,Perfect,Sara Evans,13,22,Gains In Performance
2004-02-14,12,Sweet Southern Comfort,Buddy Jewell,14,16,Gains In Performance
2004-02-14,13,Long Black Train,Josh Turner,16,38,Gains In Performance
2004-02-14,14,You'll Think Of Me,Keith Urban,17,11,Gains In Performance
2004-02-14,15,She's Not Just A Pretty Face,Shania Twain,10,19,
2004-02-14,16,Mayberry,Rascal Flatts,20,7,Gains In Performance
2004-02-14,17,Songs About Rain,Gary Allan,18,13,Gains In Performance
2004-02-14,18,Spend My Time,Clint Black,19,16,Gains In Performance
2004-02-14,19,Cool To Be A Fool,Joe Nichols,21,21,Gains In Performance
2004-02-14,20,Good Little Girls,Blue County,22,18,Gains In Performance
2004-02-14,21,My Last Name,Dierks Bentley,23,17,Gains In Performance
2004-02-14,22,Simple Life,Carolyn Dawn Johnson,24,12,Gains In Performance
2004-02-14,23,When The Sun Goes Down,Kenny Chesney & Uncle Kracker,40,2,Gains In Performance
2004-02-14,24,Texas Plates,Kellie Coffey,27,19,Gains In Performance
2004-02-14,25,Every Friday Afternoon,Craig Morgan,25,27,
2004-02-14,26,Paint Me A Birmingham,Tracy Lawrence,26,16,Gains In Performance
2004-02-14,27,You're In My Head,Brian McComas,28,20,Gains In Performance
2004-02-14,28,Desperately,George Strait,32,5,Gains In Performance
2004-02-14,29,Wild West Show,Big & Rich,30,7,Gains In Performance
2004-02-14,30,Letters From Home,John Michael Montgomery,36,3,Gains In Performance
2004-02-14,31,On Your Way Home,Patty Loveless,29,15,Gains In Performance
2004-02-14,32,Somebody,Reba McEntire,34,5,Gains In Performance
2004-02-14,33,I Can't Sleep,Clay Walker,31,10,Gains In Performance
2004-02-14,34,Guy Like Me,Pat Green,33,8,Gains In Performance
2004-02-14,35,Loco,David Lee Murphy,43,5,Gains In Performance
2004-02-14,36,No Regrets Yet,Sonya Isaacs,37,13,Gains In Performance
2004-02-14,37,This Love,LeAnn Rimes,38,10,Gains In Performance
2004-02-14,38,Last One Standing,Emerson Drive,42,4,Gains In Performance
2004-02-14,39,Days Of Our Lives,James Otto,35,20,
2004-02-14,40,That's A Woman,Mark Wills,41,14,Gains In Performance
2004-02-14,41,Passenger Seat,SHeDAISY,44,2,Gains In Performance
2004-02-14,42,The First Cut Is The Deepest,Sheryl Crow,39,16,
2004-02-14,43,I Wanna Make You Cry,Jeff Bates,45,4,Gains In Performance
2004-02-14,44,I Got A Feelin',Billy Currington,47,5,Gains In Performance
2004-02-14,45,Didn't I,Rachel Proctor,46,8,Gains In Performance
2004-02-14,46,If You Ever Stop Loving Me,Montgomery Gentry,58,2,Gains In Performance
2004-02-14,47,Flies On The Butter (You Can't Go Home Again),Wynonna With Naomi Judd,49,4,Gains In Performance
2004-02-14,48,If Heartaches Had Wings,Rhonda Vincent,51,3,Gains In Performance
2004-02-14,49,Tougher Than Nails,Joe Diffie,55,4,Gains In Performance
2004-02-14,50,That's What She Gets For Loving Me,Brooks & Dunn,NEW,1,Highest ranking debut|Gains In Performance
2004-02-14,51,Men Don't Change,Amy Dalley,NEW,1,Gains In Performance
2004-02-14,52,We All Fall Down,Diamond Rio,RE,2,Gains In Performance
2004-02-14,53,You Are,Chad Brock,48,7,
2004-02-14,54,Honk If You Honky Tonk,George Strait,53,5,
2004-02-14,55,I Need A Vacation,Rebecca Lynn Howard,52,16,
2004-02-14,56,Horsepower,Chris LeDoux,56,2,Gains In Performance
2004-02-14,57,The Coast Is Clear,Scotty Emerick,NEW,1,Gains In Performance
2004-02-14,58,I'd Be Lying,Chris Cagle,60,3,Gains In Performance
2004-02-14,59,The Air That I Breathe,The Mavericks,NEW,1,Gains In Performance
2004-02-14,60,I Can Only Imagine,MercyMe,59,8,Gains In Performance
2004-02-21,1,American Soldier,Toby Keith,2,14,Gains In Performance
2004-02-21,2,Remember When,Alan Jackson,1,16,
2004-02-21,3,Watch The Wind Blow By,Tim McGraw,4,17,Gains In Performance
2004-02-21,4,I Wanna Do It All,Terri Clark,5,27,Gains In Performance
2004-02-21,5,Little Moments,Brad Paisley,6,25,Gains In Performance
2004-02-21,6,There Goes My Life,Kenny Chesney,3,18,
2004-02-21,7,In My Daughter's Eyes,Martina McBride,8,14,Gains In Performance
2004-02-21,8,Hot Mama,Trace Adkins,9,22,Gains In Performance
2004-02-21,9,I Love You This Much,Jimmy Wayne,10,27,Gains In Performance
2004-02-21,10,Perfect,Sara Evans,11,23,Gains In Performance
2004-02-21,11,Sweet Southern Comfort,Buddy Jewell,12,17,Gains In Performance
2004-02-21,12,You'll Think Of Me,Keith Urban,14,12,Gains In Performance
2004-02-21,13,You Can't Take The Honky Tonk Out Of The Girl,Brooks & Dunn,7,23,
2004-02-21,14,Long Black Train,Josh Turner,13,39,Gains In Performance
2004-02-21,15,Mayberry,Rascal Flatts,16,8,Gains In Performance
2004-02-21,16,Songs About Rain,Gary Allan,17,14,Gains In Performance
2004-02-21,17,When The Sun Goes Down,Kenny Chesney & Uncle Kracker,23,3,Gains In Performance
2004-02-21,18,Spend My Time,Clint Black,18,17,Gains In Performance
2004-02-21,19,Cool To Be A Fool,Joe Nichols,19,22,Gains In Performance
2004-02-21,20,Good Little Girls,Blue County,20,19,Gains In Performance
2004-02-21,21,Simple Life,Carolyn Dawn Johnson,22,13,Gains In Performance
2004-02-21,22,My Last Name,Dierks Bentley,21,18,Gains In Performance
2004-02-21,23,She's Not Just A Pretty Face,Shania Twain,15,20,
2004-02-21,24,Desperately,George Strait,28,6,Gains In Performance
2004-02-21,25,Paint Me A Birmingham,Tracy Lawrence,26,17,Gains In Performance
2004-02-21,26,Texas Plates,Kellie Coffey,24,20,Gains In Performance
2004-02-21,27,Letters From Home,John Michael Montgomery,30,4,Gains In Performance
2004-02-21,28,Wild West Show,Big & Rich,29,8,Gains In Performance
2004-02-21,29,You're In My Head,Brian McComas,27,21,Gains In Performance
2004-02-21,30,Somebody,Reba McEntire,32,6,Gains In Performance
2004-02-21,31,I Can't Sleep,Clay Walker,33,11,Gains In Performance
2004-02-21,32,On Your Way Home,Patty Loveless,31,16,
2004-02-21,33,Guy Like Me,Pat Green,34,9,Gains In Performance
2004-02-21,34,Passenger Seat,SHeDAISY,41,3,Gains In Performance
2004-02-21,35,If You Ever Stop Loving Me,Montgomery Gentry,46,3,Gains In Performance
2004-02-21,36,Loco,David Lee Murphy,35,6,Gains In Performance
2004-02-21,37,This Love,LeAnn Rimes,37,11,Gains In Performance
2004-02-21,38,Last One Standing,Emerson Drive,38,5,Gains In Performance
2004-02-21,39,No Regrets Yet,Sonya Isaacs,36,14,
2004-02-21,40,I Got A Feelin',Billy Currington,44,6,Gains In Performance
2004-02-21,41,That's What She Gets For Loving Me,Brooks & Dunn,50,2,Gains In Performance
2004-02-21,42,I Wanna Make You Cry,Jeff Bates,43,5,Gains In Performance
2004-02-21,43,Flies On The Butter (You Can't Go Home Again),Wynonna With Naomi Judd,47,5,Gains In Performance
2004-02-21,44,That's A Woman,Mark Wills,40,15,
2004-02-21,45,The First Cut Is The Deepest,Sheryl Crow,42,17,
2004-02-21,46,Didn't I,Rachel Proctor,45,9,
2004-02-21,47,Tougher Than Nails,Joe Diffie,49,5,Gains In Performance
2004-02-21,48,Men Don't Change,Amy Dalley,51,2,Gains In Performance
2004-02-21,49,We All Fall Down,Diamond Rio,52,3,Gains In Performance
2004-02-21,50,It Only Hurts When I'm Breathing,Shania Twain,NEW,1,Highest ranking debut|Gains In Performance
2004-02-21,51,If Heartaches Had Wings,Rhonda Vincent,48,4,
2004-02-21,52,I'd Be Lying,Chris Cagle,58,4,Gains In Performance
2004-02-21,53,House Of Negotiable Affections,Zona Jones,NEW,1,Gains In Performance
2004-02-21,54,The Coast Is Clear,Scotty Emerick,57,2,Gains In Performance
2004-02-21,55,Honk If You Honky Tonk,George Strait,54,6,Gains In Performance
2004-02-21,56,Home Made Of Stone,John Arthur Martinez,NEW,1,Gains In Performance
2004-02-21,57,The Wrong Girl,Lee Ann Womack,NEW,1,Gains In Performance
2004-02-21,58,Horsepower,Chris LeDoux,56,3,
2004-02-21,59,I Can Only Imagine,MercyMe,60,9,Gains In Performance
2004-02-21,60,Break Down Here,Julie Roberts,NEW,1,Gains In Performance
2004-02-28,1,American Soldier,Toby Keith,1,15,
2004-02-28,2,Remember When,Alan Jackson,2,17,
2004-02-28,3,I Wanna Do It All,Terri Clark,4,28,Gains In Performance
2004-02-28,4,Watch The Wind Blow By,Tim McGraw,3,18,Gains In Performance
2004-02-28,5,Little Moments,Brad Paisley,5,26,Gains In Performance
2004-02-28,6,In My Daughter's Eyes,Martina McBride,7,15,Gains In Performance
2004-02-28,7,Hot Mama,Trace Adkins,8,23,Gains In Performance
2004-02-28,8,I Love You This Much,Jimmy Wayne,9,28,Gains In Performance
2004-02-28,9,Perfect,Sara Evans,10,24,Gains In Performance
2004-02-28,10,Sweet Southern Comfort,Buddy Jewell,11,18,Gains In Performance
2004-02-28,11,You'll Think Of Me,Keith Urban,12,13,Gains In Performance
2004-02-28,12,There Goes My Life,Kenny Chesney,6,19,
2004-02-28,13,When The Sun Goes Down,Kenny Chesney & Uncle Kracker,17,4,Greatest gainer this week|Gains In Performance
2004-02-28,14,Long Black Train,Josh Turner,14,40,Gains In Performance
2004-02-28,15,Mayberry,Rascal Flatts,15,9,Gains In Performance
2004-02-28,16,Songs About Rain,Gary Allan,16,15,Gains In Performance
2004-02-28,17,Spend My Time,Clint Black,18,18,
2004-02-28,18,Cool To Be A Fool,Joe Nichols,19,23,Gains In Performance
2004-02-28,19,Good Little Girls,Blue County,20,20,Gains In Performance
2004-02-28,20,Desperately,George Strait,24,7,Gains In Performance
2004-02-28,21,Simple Life,Carolyn Dawn Johnson,21,14,Gains In Performance
2004-02-28,22,My Last Name,Dierks Bentley,22,19,Gains In Performance
2004-02-28,23,Letters From Home,John Michael Montgomery,27,5,Gains In Performance
2004-02-28,24,Paint Me A Birmingham,Tracy Lawrence,25,18,Gains In Performance
2004-02-28,25,Texas Plates,Kellie Coffey,26,21,Gains In Performance
2004-02-28,26,Wild West Show,Big & Rich,28,9,Gains In Performance
2004-02-28,27,You're In My Head,Brian McComas,29,22,Gains In Performance
2004-02-28,28,Somebody,Reba McEntire,30,7,Gains In Performance
2004-02-28,29,On Your Way Home,Patty Loveless,32,17,Gains In Performance
2004-02-28,30,If You Ever Stop Loving Me,Montgomery Gentry,35,4,Gains In Performance
2004-02-28,31,I Can't Sleep,Clay Walker,31,12,
2004-02-28,32,Passenger Seat,SHeDAISY,34,4,Gains In Performance
2004-02-28,33,Loco,David Lee Murphy,36,7,Gains In Performance
2004-02-28,34,Guy Like Me,Pat Green,33,10,
2004-02-28,35,That's What She Gets For Loving Me,Brooks & Dunn,41,3,Gains In Performance
2004-02-28,36,Last One Standing,Emerson Drive,38,6,Gains In Performance
2004-02-28,37,This Love,LeAnn Rimes,37,12,
2004-02-28,38,I Got A Feelin',Billy Currington,40,7,Gains In Performance
2004-02-28,39,I Wanna Make You Cry,Jeff Bates,42,6,Gains In Performance
2004-02-28,40,No Regrets Yet,Sonya Isaacs,39,15,
2004-02-28,41,Flies On The Butter (You Can't Go Home Again),Wynonna With Naomi Judd,43,6,
2004-02-28,42,Tougher Than Nails,Joe Diffie,47,6,Gains In Performance
2004-02-28,43,It Only Hurts When I'm Breathing,Shania Twain,50,2,Gains In Performance
2004-02-28,44,That's A Woman,Mark Wills,44,16,
2004-02-28,45,Didn't I,Rachel Proctor,46,10,
2004-02-28,46,Men Don't Change,Amy Dalley,48,3,Gains In Performance
2004-02-28,47,I'd Be Lying,Chris Cagle,52,5,Gains In Performance
2004-02-28,48,We All Fall Down,Diamond Rio,49,4,Gains In Performance
2004-02-28,49,I Won't Go On And On,Colt Prather,NEW,1,Highest ranking debut|Gains In Performance
2004-02-28,50,The First Cut Is The Deepest,Sheryl Crow,45,18,
2004-02-28,51,The Wrong Girl,Lee Ann Womack,57,2,Gains In Performance
2004-02-28,52,If Heartaches Had Wings,Rhonda Vincent,51,5,
2004-02-28,53,Why Can't We All Just Get A Long Neck?,Hank Williams Jr.,NEW,1,Gains In Performance
2004-02-28,54,The Coast Is Clear,Scotty Emerick,54,3,Gains In Performance
2004-02-28,55,I Can Only Imagine,MercyMe,59,10,Gains In Performance
2004-02-28,56,Horsepower,Chris LeDoux,58,4,Gains In Performance
2004-02-28,57,Jolene,Mickey Dimichele,NEW,1,Gains In Performance
2004-02-28,58,Honk If You Honky Tonk,George Strait,55,7,
2004-02-28,59,Break Down Here,Julie Roberts,60,2,Gains In Performance
2004-02-28,60,She Thinks She Needs Me,Andy Griggs,NEW,1,Gains In Performance
2004-03-06,1,American Soldier,Toby Keith,1,16,
2004-03-06,2,Remember When,Alan Jackson,2,18,
2004-03-06,3,Watch The Wind Blow By,Tim McGraw,4,19,Gains In Performance
2004-03-06,4,Little Moments,Brad Paisley,5,27,Gains In Performance
2004-03-06,5,I Wanna Do It All,Terri Clark,3,29,
2004-03-06,6,In My Daughter's Eyes,Martina McBride,6,16,Gains In Performance
2004-03-06,7,Hot Mama,Trace Adkins,7,24,Gains In Performance
2004-03-06,8,I Love You This Much,Jimmy Wayne,8,29,Gains In Performance
2004-03-06,9,Perfect,Sara Evans,9,25,Gains In Performance
2004-03-06,10,Sweet Southern Comfort,Buddy Jewell,10,19,Gains In Performance
2004-03-06,11,You'll Think Of Me,Keith Urban,11,14,Gains In Performance
2004-03-06,12,When The Sun Goes Down,Kenny Chesney & Uncle Kracker,13,5,Gains In Performance
2004-03-06,13,There Goes My Life,Kenny Chesney,12,20,
2004-03-06,14,Mayberry,Rascal Flatts,15,10,Gains In Performance
2004-03-06,15,Long Black Train,Josh Turner,14,41,Gains In Performance
2004-03-06,16,Songs About Rain,Gary Allan,16,16,Gains In Performance
2004-03-06,17,Spend My Time,Clint Black,17,19,Gains In Performance
2004-03-06,18,Cool To Be A Fool,Joe Nichols,18,24,Gains In Performance
2004-03-06,19,Good Little Girls,Blue County,19,21,Gains In Performance
2004-03-06,20,Desperately,George Strait,20,8,Gains In Performance
2004-03-06,21,Letters From Home,John Michael Montgomery,23,6,Greatest gainer this week|Gains In Performance
2004-03-06,22,Simple Life,Carolyn Dawn Johnson,21,15,Gains In Performance
2004-03-06,23,My Last Name,Dierks Bentley,22,20,Gains In Performance
2004-03-06,24,Paint Me A Birmingham,Tracy Lawrence,24,19,Gains In Performance
2004-03-06,25,Texas Plates,Kellie Coffey,25,22,
2004-03-06,26,Wild West Show,Big & Rich,26,10,Gains In Performance
2004-03-06,27,You're In My Head,Brian McComas,27,23,Gains In Performance
2004-03-06,28,If You Ever Stop Loving Me,Montgomery Gentry,30,5,Gains In Performance
2004-03-06,29,Passenger Seat,SHeDAISY,32,5,Gains In Performance
2004-03-06,30,Somebody,Reba McEntire,28,8,Gains In Performance
2004-03-06,31,That's What She Gets For Loving Me,Brooks & Dunn,35,4,Gains In Performance
2004-03-06,32,I Can't Sleep,Clay Walker,31,13,Gains In Performance
2004-03-06,33,On Your Way Home,Patty Loveless,29,18,
2004-03-06,34,Loco,David Lee Murphy,33,8,Gains In Performance
2004-03-06,35,Guy Like Me,Pat Green,34,11,Gains In Performance
2004-03-06,36,Last One Standing,Emerson Drive,36,7,Gains In Performance
2004-03-06,37,I Got A Feelin',Billy Currington,38,8,Gains In Performance
2004-03-06,38,This Love,LeAnn Rimes,37,13,
2004-03-06,39,It Only Hurts When I'm Breathing,Shania Twain,43,3,Gains In Performance
2004-03-06,40,I Wanna Make You Cry,Jeff Bates,39,7,Gains In Performance
2004-03-06,41,Flies On The Butter (You Can't Go Home Again),Wynonna With Naomi Judd,41,7,Gains In Performance
2004-03-06,42,Tougher Than Nails,Joe Diffie,42,7,Gains In Performance
2004-03-06,43,Let's Be Us Again,Lonestar,NEW,1,Highest ranking debut|Gains In Performance
2004-03-06,44,Men Don't Change,Amy Dalley,46,4,Gains In Performance
2004-03-06,45,I'd Be Lying,Chris Cagle,47,6,Gains In Performance
2004-03-06,46,No Regrets Yet,Sonya Isaacs,40,16,
2004-03-06,47,We All Fall Down,Diamond Rio,48,5,Gains In Performance
2004-03-06,48,The Wrong Girl,Lee Ann Womack,51,3,Gains In Performance
2004-03-06,49,Thank God I'm A Country Boy,Billy Dean,NEW,1,Gains In Performance
2004-03-06,50,Didn't I,Rachel Proctor,45,11,
2004-03-06,51,The First Cut Is The Deepest,Sheryl Crow,50,19,
2004-03-06,52,I Won't Go On And On,Colt Prather,49,2,
2004-03-06,53,She Thinks She Needs Me,Andy Griggs,60,2,Gains In Performance
2004-03-06,54,Break Down Here,Julie Roberts,59,3,Gains In Performance
2004-03-06,55,If Heartaches Had Wings,Rhonda Vincent,52,6,Gains In Performance
2004-03-06,56,Hey Hollywood,Donovan Chapman,NEW,1,Gains In Performance
2004-03-06,57,The Coast Is Clear,Scotty Emerick,54,4,Gains In Performance
2004-03-06,58,I Can Only Imagine,MercyMe,55,11,Gains In Performance
2004-03-06,59,Sick And Tired,Cross Canadian Ragweed,NEW,1,Gains In Performance
2004-03-06,60,That's A Woman,Mark Wills,44,17,
2004-03-13,1,American Soldier,Toby Keith,1,17,
2004-03-13,2,Little Moments,Brad Paisley,4,28,Gains In Performance
2004-03-13,3,Watch The Wind Blow By,Tim McGraw,3,20,Gains In Performance
2004-03-13,4,Remember When,Alan Jackson,2,19,
2004-03-13,5,In My Daughter's Eyes,Martina McBride,6,17,
2004-03-13,6,I Love You This Much,Jimmy Wayne,8,30,Gains In Performance
2004-03-13,7,Hot Mama,Trace Adkins,7,25,Gains In Performance
2004-03-13,8,Perfect,Sara Evans,9,26,Greatest gainer this week|Gains In Performance
2004-03-13,9,You'll Think Of Me,Keith Urban,11,15,Gains In Performance
2004-03-13,10,Sweet Southern Comfort,Buddy Jewell,10,20,Gains In Performance
2004-03-13,11,When The Sun Goes Down,Kenny Chesney & Uncle Kracker,12,6,Gains In Performance
2004-03-13,12,I Wanna Do It All,Terri Clark,5,30,
2004-03-13,13,Mayberry,Rascal Flatts,14,11,Gains In Performance
2004-03-13,14,Long Black Train,Josh Turner,15,42,
2004-03-13,15,Songs About Rain,Gary Allan,16,17,Gains In Performance
2004-03-13,16,Spend My Time,Clint Black,17,20,Gains In Performance
2004-03-13,17,Desperately,George Strait,20,9,Gains In Performance
2004-03-13,18,Good Little Girls,Blue County,19,22,Gains In Performance
2004-03-13,19,Cool To Be A Fool,Joe Nichols,18,25,
2004-03-13,20,Letters From Home,John Michael Montgomery,21,7,Gains In Performance
2004-03-13,21,Simple Life,Carolyn Dawn Johnson,22,16,Gains In Performance
2004-03-13,22,My Last Name,Dierks Bentley,23,21,Gains In Performance
2004-03-13,23,Paint Me A Birmingham,Tracy Lawrence,24,20,Gains In Performance
2004-03-13,24,If You Ever Stop Loving Me,Montgomery Gentry,28,6,Gains In Performance
2004-03-13,25,Wild West Show,Big & Rich,26,11,Gains In Performance
2004-03-13,26,You're In My Head,Brian McComas,27,24,Gains In Performance
2004-03-13,27,That's What She Gets For Loving Me,Brooks & Dunn,31,5,Gains In Performance
2004-03-13,28,Passenger Seat,SHeDAISY,29,6,Gains In Performance
2004-03-13,29,Somebody,Reba McEntire,30,9,Gains In Performance
2004-03-13,30,I Can't Sleep,Clay Walker,32,14,Gains In Performance
2004-03-13,31,Loco,David Lee Murphy,34,9,Gains In Performance
2004-03-13,32,Guy Like Me,Pat Green,35,12,Gains In Performance
2004-03-13,33,Last One Standing,Emerson Drive,36,8,Gains In Performance
2004-03-13,34,It Only Hurts When I'm Breathing,Shania Twain,39,4,Gains In Performance
2004-03-13,35,Let's Be Us Again,Lonestar,43,2,Gains In Performance
2004-03-13,36,On Your Way Home,Patty Loveless,33,19,
2004-03-13,37,I Got A Feelin',Billy Currington,37,9,
2004-03-13,38,I Wanna Make You Cry,Jeff Bates,40,8,Gains In Performance
2004-03-13,39,Tougher Than Nails,Joe Diffie,42,8,Gains In Performance
2004-03-13,40,Flies On The Butter (You Can't Go Home Again),Wynonna With Naomi Judd,41,8,Gains In Performance
2004-03-13,41,This Love,LeAnn Rimes,38,14,
2004-03-13,42,Men Don't Change,Amy Dalley,44,5,Gains In Performance
2004-03-13,43,The Wrong Girl,Lee Ann Womack,48,4,Gains In Performance
2004-03-13,44,I'd Be Lying,Chris Cagle,45,7,Gains In Performance
2004-03-13,45,We All Fall Down,Diamond Rio,47,6,
2004-03-13,46,Thank God I'm A Country Boy,Billy Dean,49,2,Gains In Performance
2004-03-13,47,The Coast Is Clear,Scotty Emerick,57,5,Gains In Performance
2004-03-13,48,Redneck Woman,Gretchen Wilson,NEW,1,Highest ranking debut|Gains In Performance
2004-03-13,49,No Regrets Yet,Sonya Isaacs,46,17,
2004-03-13,50,Sick And Tired,Cross Canadian Ragweed,59,2,Gains In Performance
2004-03-13,51,I Won't Go On And On,Colt Prather,52,3,Gains In Performance
2004-03-13,52,Break Down Here,Julie Roberts,54,4,Gains In Performance
2004-03-13,53,If Heartaches Had Wings,Rhonda Vincent,55,7,Gains In Performance
2004-03-13,54,She Thinks She Needs Me,Andy Griggs,53,3,
2004-03-13,55,When Somebody Knows You That Well,Blake Shelton,NEW,1,Gains In Performance
2004-03-13,56,The First Cut Is The Deepest,Sheryl Crow,51,20,
2004-03-13,57,I Want To Live,Josh Gracin,NEW,1,Gains In Performance
2004-03-13,58,I Can Only Imagine,MercyMe,58,12,Gains In Performance
2004-03-13,59,Me And Emily,Rachel Proctor,NEW,1,Gains In Performance
2004-03-13,60,Back Of The Bottom Drawer,Chely Wright,NEW,1,Gains In Performance
2004-03-20,1,Watch The Wind Blow By,Tim McGraw,3,21,Gains In Performance
2004-03-20,2,American Soldier,Toby Keith,1,18,
2004-03-20,3,Little Moments,Brad Paisley,2,29,
2004-03-20,4,In My Daughter's Eyes,Martina McBride,5,18,
2004-03-20,5,Hot Mama,Trace Adkins,7,26,Gains In Performance
2004-03-20,6,Perfect,Sara Evans,8,27,Gains In Performance
2004-03-20,7,Remember When,Alan Jackson,4,20,
2004-03-20,8,I Love You This Much,Jimmy Wayne,6,31,
2004-03-20,9,When The Sun Goes Down,Kenny Chesney & Uncle Kracker,11,7,Gains In Performance
2004-03-20,10,Sweet Southern Comfort,Buddy Jewell,10,21,Gains In Performance
2004-03-20,11,You'll Think Of Me,Keith Urban,9,16,Gains In Performance
2004-03-20,12,Mayberry,Rascal Flatts,13,12,Gains In Performance
2004-03-20,13,Long Black Train,Josh Turner,14,43,
2004-03-20,14,Songs About Rain,Gary Allan,15,18,Gains In Performance
2004-03-20,15,Letters From Home,John Michael Montgomery,20,8,Greatest gainer this week|Gains In Performance
2004-03-20,16,Desperately,George Strait,17,10,Gains In Performance
2004-03-20,17,Spend My Time,Clint Black,16,21,Gains In Performance
2004-03-20,18,Good Little Girls,Blue County,18,23,Gains In Performance
2004-03-20,19,Simple Life,Carolyn Dawn Johnson,21,17,Gains In Performance
2004-03-20,20,My Last Name,Dierks Bentley,22,22,Gains In Performance
2004-03-20,21,Paint Me A Birmingham,Tracy Lawrence,23,21,Gains In Performance
2004-03-20,22,If You Ever Stop Loving Me,Montgomery Gentry,24,7,Gains In Performance
2004-03-20,23,That's What She Gets For Loving Me,Brooks & Dunn,27,6,Gains In Performance
2004-03-20,24,Wild West Show,Big & Rich,25,12,Gains In Performance
2004-03-20,25,Somebody,Reba McEntire,29,10,Gains In Performance
2004-03-20,26,Passenger Seat,SHeDAISY,28,7,Gains In Performance
2004-03-20,27,You're In My Head,Brian McComas,26,25,Gains In Performance
2004-03-20,28,I Can't Sleep,Clay Walker,30,15,Gains In Performance
2004-03-20,29,Loco,David Lee Murphy,31,10,Gains In Performance
2004-03-20,30,Let's Be Us Again,Lonestar,35,3,Gains In Performance
2004-03-20,31,It Only Hurts When I'm Breathing,Shania Twain,34,5,Gains In Performance
2004-03-20,32,Last One Standing,Emerson Drive,33,9,Gains In Performance
2004-03-20,33,Guy Like Me,Pat Green,32,13,
2004-03-20,34,I Got A Feelin',Billy Currington,37,10,Gains In Performance
2004-03-20,35,I Wanna Make You Cry,Jeff Bates,38,9,Gains In Performance
2004-03-20,36,Flies On The Butter (You Can't Go Home Again),Wynonna With Naomi Judd,40,9,Gains In Performance
2004-03-20,37,Tougher Than Nails,Joe Diffie,39,9,Gains In Performance
2004-03-20,38,The Wrong Girl,Lee Ann Womack,43,5,Gains In Performance
2004-03-20,39,Men Don't Change,Amy Dalley,42,6,Gains In Performance
2004-03-20,40,I'd Be Lying,Chris Cagle,44,8,Gains In Performance
2004-03-20,41,On Your Way Home,Patty Loveless,36,20,
2004-03-20,42,Redneck Woman,Gretchen Wilson,48,2,Gains In Performance
2004-03-20,43,Thank God I'm A Country Boy,Billy Dean,46,3,Gains In Performance
2004-03-20,44,This Love,LeAnn Rimes,41,15,
2004-03-20,45,She Thinks She Needs Me,Andy Griggs,54,4,Gains In Performance
2004-03-20,46,We All Fall Down,Diamond Rio,45,7,
2004-03-20,47,Sick And Tired,Cross Canadian Ragweed,50,3,Gains In Performance
2004-03-20,48,Break Down Here,Julie Roberts,52,5,Gains In Performance
2004-03-20,49,I Won't Go On And On,Colt Prather,51,4,Gains In Performance
2004-03-20,50,I Want To Live,Josh Gracin,57,2,Gains In Performance
2004-03-20,51,Drivin' Into The Sun,Sherrie Austin,NEW,1,Highest ranking debut|Gains In Performance
2004-03-20,52,If Heartaches Had Wings,Rhonda Vincent,53,8,Gains In Performance
2004-03-20,53,The Coast Is Clear,Scotty Emerick,47,6,
2004-03-20,54,Me And Emily,Rachel Proctor,59,2,Gains In Performance
2004-03-20,55,I Can Only Imagine,MercyMe,58,13,Gains In Performance
2004-03-20,56,Good Year For The Outlaw,Jeffrey Steele Featuring Bret Michaels,NEW,1,Gains In Performance
2004-03-20,57,In These Last Few Days,Vince Gill,NEW,1,Gains In Performance
2004-03-20,58,Why Can't We All Just Get A Long Neck?,Hank Williams Jr.,RE,2,Gains In Performance
2004-03-20,59,Whiskey Girl,Toby Keith,NEW,1,Gains In Performance
2004-03-20,60,Honk If You Honky Tonk,George Strait,RE,8,Gains In Performance
2004-03-27,1,Watch The Wind Blow By,Tim McGraw,1,22,
2004-03-27,2,American Soldier,Toby Keith,2,19,
2004-03-27,3,Little Moments,Brad Paisley,3,30,
2004-03-27,4,When The Sun Goes Down,Kenny Chesney & Uncle Kracker,9,8,Greatest gainer this week|Gains In Performance
2004-03-27,5,Perfect,Sara Evans,6,28,Gains In Performance
2004-03-27,6,Hot Mama,Trace Adkins,5,27,
2004-03-27,7,Sweet Southern Comfort,Buddy Jewell,10,22,Gains In Performance
2004-03-27,8,Remember When,Alan Jackson,7,21,
2004-03-27,9,You'll Think Of Me,Keith Urban,11,17,Gains In Performance
2004-03-27,10,In My Daughter's Eyes,Martina McBride,4,19,
2004-03-27,11,I Love You This Much,Jimmy Wayne,8,32,
2004-03-27,12,Mayberry,Rascal Flatts,12,13,Gains In Performance
2004-03-27,13,Letters From Home,John Michael Montgomery,15,9,Gains In Performance
2004-03-27,14,Songs About Rain,Gary Allan,14,19,Gains In Performance
2004-03-27,15,Long Black Train,Josh Turner,13,44,
2004-03-27,16,Desperately,George Strait,16,11,Gains In Performance
2004-03-27,17,Spend My Time,Clint Black,17,22,
2004-03-27,18,Good Little Girls,Blue County,18,24,Gains In Performance
2004-03-27,19,Simple Life,Carolyn Dawn Johnson,19,18,Gains In Performance
2004-03-27,20,Paint Me A Birmingham,Tracy Lawrence,21,22,Gains In Performance
2004-03-27,21,My Last Name,Dierks Bentley,20,23,Gains In Performance
2004-03-27,22,If You Ever Stop Loving Me,Montgomery Gentry,22,8,Gains In Performance
2004-03-27,23,That's What She Gets For Loving Me,Brooks & Dunn,23,7,Gains In Performance
2004-03-27,24,Wild West Show,Big & Rich,24,13,Gains In Performance
2004-03-27,25,Passenger Seat,SHeDAISY,26,8,Gains In Performance
2004-03-27,26,You're In My Head,Brian McComas,27,26,Gains In Performance
2004-03-27,27,Let's Be Us Again,Lonestar,30,4,Gains In Performance
2004-03-27,28,Somebody,Reba McEntire,25,11,Gains In Performance
2004-03-27,29,I Can't Sleep,Clay Walker,28,16,Gains In Performance
2004-03-27,30,Loco,David Lee Murphy,29,11,Gains In Performance
2004-03-27,31,It Only Hurts When I'm Breathing,Shania Twain,31,6,Gains In Performance
2004-03-27,32,Last One Standing,Emerson Drive,32,10,Gains In Performance
2004-03-27,33,Guy Like Me,Pat Green,33,14,Gains In Performance
2004-03-27,34,Redneck Woman,Gretchen Wilson,42,3,Gains In Performance
2004-03-27,35,I Got A Feelin',Billy Currington,34,11,Gains In Performance
2004-03-27,36,I Wanna Make You Cry,Jeff Bates,35,10,Gains In Performance
2004-03-27,37,Flies On The Butter (You Can't Go Home Again),Wynonna With Naomi Judd,36,10,Gains In Performance
2004-03-27,38,Tougher Than Nails,Joe Diffie,37,10,Gains In Performance
2004-03-27,39,The Wrong Girl,Lee Ann Womack,38,6,Gains In Performance
2004-03-27,40,Men Don't Change,Amy Dalley,39,7,Gains In Performance
2004-03-27,41,She Thinks She Needs Me,Andy Griggs,45,5,Gains In Performance
2004-03-27,42,Thank God I'm A Country Boy,Billy Dean,43,4,Gains In Performance
2004-03-27,43,I'd Be Lying,Chris Cagle,40,9,Gains In Performance
2004-03-27,44,Break Down Here,Julie Roberts,48,6,Gains In Performance
2004-03-27,45,I Want To Live,Josh Gracin,50,3,Gains In Performance
2004-03-27,46,Sick And Tired,Cross Canadian Ragweed,47,4,
2004-03-27,47,Me And Emily,Rachel Proctor,54,3,Gains In Performance
2004-03-27,48,I Won't Go On And On,Colt Prather,49,5,
2004-03-27,49,We All Fall Down,Diamond Rio,46,8,
2004-03-27,50,The Coast Is Clear,Scotty Emerick,53,7,Gains In Performance
2004-03-27,51,Blame It On Mama,The Jenkins,NEW,1,Highest ranking debut|Gains In Performance
2004-03-27,52,If Heartaches Had Wings,Rhonda Vincent,52,9,
2004-03-27,53,This Love,LeAnn Rimes,44,16,
2004-03-27,54,How'd I Wind Up In Jamaica,Tracy Byrd,NEW,1,Gains In Performance
2004-03-27,55,Drivin' Into The Sun,Sherrie Austin,51,2,
2004-03-27,56,I Can Only Imagine,MercyMe,55,14,
2004-03-27,57,Let's Kill Saturday Night,Pinmonkey,NEW,1,Gains In Performance
2004-03-27,58,Whiskey Girl,Toby Keith,59,2,Gains In Performance
2004-03-27,59,Why Can't We All Just Get A Long Neck?,Hank Williams Jr.,58,3,Gains In Performance
2004-03-27,60,If Nobody Believed In You,Joe Nichols,NEW,1,Gains In Performance
2004-04-03,1,When The Sun Goes Down,Kenny Chesney & Uncle Kracker,4,9,Gains In Performance
2004-04-03,2,Perfect,Sara Evans,5,29,Gains In Performance
2004-04-03,3,Sweet Southern Comfort,Buddy Jewell,7,23,Gains In Performance
2004-04-03,4,American Soldier,Toby Keith,2,20,
2004-04-03,5,Watch The Wind Blow By,Tim McGraw,1,23,
2004-04-03,6,You'll Think Of Me,Keith Urban,9,18,Gains In Performance
2004-04-03,7,Little Moments,Brad Paisley,3,31,
2004-04-03,8,Mayberry,Rascal Flatts,12,14,Gains In Performance
2004-04-03,9,Hot Mama,Trace Adkins,6,28,
2004-04-03,10,Remember When,Alan Jackson,8,22,
2004-04-03,11,Letters From Home,John Michael Montgomery,13,10,Gains In Performance
2004-04-03,12,In My Daughter's Eyes,Martina McBride,10,20,
2004-04-03,13,Desperately,George Strait,16,12,Gains In Performance
2004-04-03,14,Songs About Rain,Gary Allan,14,20,Gains In Performance
2004-04-03,15,Paint Me A Birmingham,Tracy Lawrence,20,23,Gains In Performance
2004-04-03,16,Good Little Girls,Blue County,18,25,Gains In Performance
2004-04-03,17,Simple Life,Carolyn Dawn Johnson,19,19,Gains In Performance
2004-04-03,18,My Last Name,Dierks Bentley,21,24,Gains In Performance
2004-04-03,19,If You Ever Stop Loving Me,Montgomery Gentry,22,9,Gains In Performance
2004-04-03,20,That's What She Gets For Loving Me,Brooks & Dunn,23,8,Gains In Performance
2004-04-03,21,Let's Be Us Again,Lonestar,27,5,Gains In Performance
2004-04-03,22,Passenger Seat,SHeDAISY,25,9,Gains In Performance
2004-04-03,23,Wild West Show,Big & Rich,24,14,Gains In Performance
2004-04-03,24,Redneck Woman,Gretchen Wilson,34,4,Gains In Performance
2004-04-03,25,I Can't Sleep,Clay Walker,29,17,Gains In Performance
2004-04-03,26,You're In My Head,Brian McComas,26,27,Gains In Performance
2004-04-03,27,Somebody,Reba McEntire,28,12,Gains In Performance
2004-04-03,28,Loco,David Lee Murphy,30,12,Gains In Performance
2004-04-03,29,It Only Hurts When I'm Breathing,Shania Twain,31,7,Gains In Performance
2004-04-03,30,Last One Standing,Emerson Drive,32,11,Gains In Performance
2004-04-03,31,Guy Like Me,Pat Green,33,15,Gains In Performance
2004-04-03,32,I Got A Feelin',Billy Currington,35,12,Gains In Performance
2004-04-03,33,Tougher Than Nails,Joe Diffie,38,11,Gains In Performance
2004-04-03,34,The Wrong Girl,Lee Ann Womack,39,7,Gains In Performance
2004-04-03,35,I Wanna Make You Cry,Jeff Bates,36,11,Gains In Performance
2004-04-03,36,Flies On The Butter (You Can't Go Home Again),Wynonna With Naomi Judd,37,11,Gains In Performance
2004-04-03,37,Men Don't Change,Amy Dalley,40,8,Gains In Performance
2004-04-03,38,She Thinks She Needs Me,Andy Griggs,41,6,Gains In Performance
2004-04-03,39,I'd Be Lying,Chris Cagle,43,10,Gains In Performance
2004-04-03,40,Thank God I'm A Country Boy,Billy Dean,42,5,Gains In Performance
2004-04-03,41,Break Down Here,Julie Roberts,44,7,Gains In Performance
2004-04-03,42,Me And Emily,Rachel Proctor,47,4,Gains In Performance
2004-04-03,43,I Want To Live,Josh Gracin,45,4,Gains In Performance
2004-04-03,44,When Somebody Knows You That Well,Blake Shelton,RE,2,Gains In Performance
2004-04-03,45,Let's Kill Saturday Night,Pinmonkey,57,2,Gains In Performance
2004-04-03,46,Why Can't We All Just Get A Long Neck?,Hank Williams Jr.,59,4,Gains In Performance
2004-04-03,47,Back Of The Bottom Drawer,Chely Wright,RE,2,Gains In Performance
2004-04-03,48,Sick And Tired,Cross Canadian Ragweed,46,5,
2004-04-03,49,If Nobody Believed In You,Joe Nichols,60,2,Gains In Performance
2004-04-03,50,Whiskey Girl,Toby Keith,58,3,Gains In Performance
2004-04-03,51,The Coast Is Clear,Scotty Emerick,50,8,
2004-04-03,52,Drivin' Into The Sun,Sherrie Austin,55,3,Gains In Performance
2004-04-03,53,I Won't Go On And On,Colt Prather,48,6,
2004-04-03,54,Beer Man,Trent Willmon,NEW,1,Highest ranking debut|Gains In Performance
2004-04-03,55,I Can Only Imagine,MercyMe,56,15,Gains In Performance
2004-04-03,56,Blame It On Mama,The Jenkins,51,2,
2004-04-03,57,Horsepower,Chris LeDoux,RE,5,Gains In Performance
2004-04-03,58,If Heartaches Had Wings,Rhonda Vincent,52,10,
2004-04-03,59,How'd I Wind Up In Jamaica,Tracy Byrd,54,2,
2004-04-03,60,Sunday Morning And Saturday Night,James Otto,NEW,1,Gains In Performance
2004-04-10,1,When The Sun Goes Down,Kenny Chesney & Uncle Kracker,1,10,Gains In Performance
2004-04-10,2,You'll Think Of Me,Keith Urban,6,19,Gains In Performance
2004-04-10,3,Sweet Southern Comfort,Buddy Jewell,3,24,Gains In Performance
2004-04-10,4,Perfect,Sara Evans,2,30,Gains In Performance
2004-04-10,5,Mayberry,Rascal Flatts,8,15,Gains In Performance
2004-04-10,6,American Soldier,Toby Keith,4,21,
2004-04-10,7,Watch The Wind Blow By,Tim McGraw,5,24,
2004-04-10,8,Letters From Home,John Michael Montgomery,11,11,Gains In Performance
2004-04-10,9,Little Moments,Brad Paisley,7,32,
2004-04-10,10,Desperately,George Strait,13,13,Gains In Performance
2004-04-10,11,Remember When,Alan Jackson,10,23,
2004-04-10,12,Paint Me A Birmingham,Tracy Lawrence,15,24,Gains In Performance
2004-04-10,13,Songs About Rain,Gary Allan,14,21,
2004-04-10,14,Good Little Girls,Blue County,16,26,Gains In Performance
2004-04-10,15,Simple Life,Carolyn Dawn Johnson,17,20,Gains In Performance
2004-04-10,16,That's What She Gets For Loving Me,Brooks & Dunn,20,9,Gains In Performance
2004-04-10,17,My Last Name,Dierks Bentley,18,25,Gains In Performance
2004-04-10,18,If You Ever Stop Loving Me,Montgomery Gentry,19,10,Gains In Performance
2004-04-10,19,Let's Be Us Again,Lonestar,21,6,Gains In Performance
2004-04-10,20,Redneck Woman,Gretchen Wilson,24,5,Gains In Performance
2004-04-10,21,Passenger Seat,SHeDAISY,22,10,Gains In Performance
2004-04-10,22,Wild West Show,Big & Rich,23,15,Gains In Performance
2004-04-10,23,You're In My Head,Brian McComas,26,28,Gains In Performance
2004-04-10,24,I Can't Sleep,Clay Walker,25,18,Gains In Performance
2004-04-10,25,Loco,David Lee Murphy,28,13,Gains In Performance
2004-04-10,26,Somebody,Reba McEntire,27,13,
2004-04-10,27,It Only Hurts When I'm Breathing,Shania Twain,29,8,Gains In Performance
2004-04-10,28,Last One Standing,Emerson Drive,30,12,Gains In Performance
2004-04-10,29,Tougher Than Nails,Joe Diffie,33,12,Gains In Performance
2004-04-10,30,I Got A Feelin',Billy Currington,32,13,Gains In Performance
2004-04-10,31,The Wrong Girl,Lee Ann Womack,34,8,Gains In Performance
2004-04-10,32,I Wanna Make You Cry,Jeff Bates,35,12,Gains In Performance
2004-04-10,33,Flies On The Butter (You Can't Go Home Again),Wynonna With Naomi Judd,36,12,Gains In Performance
2004-04-10,34,Guy Like Me,Pat Green,31,16,
2004-04-10,35,She Thinks She Needs Me,Andy Griggs,38,7,Gains In Performance
2004-04-10,36,Men Don't Change,Amy Dalley,37,9,Gains In Performance
2004-04-10,37,I Want To Live,Josh Gracin,43,5,Gains In Performance
2004-04-10,38,Thank God I'm A Country Boy,Billy Dean,40,6,Gains In Performance
2004-04-10,39,I'd Be Lying,Chris Cagle,39,11,
2004-04-10,40,Break Down Here,Julie Roberts,41,8,Gains In Performance
2004-04-10,41,If Nobody Believed In You,Joe Nichols,49,3,Gains In Performance
2004-04-10,42,Me And Emily,Rachel Proctor,42,5,Gains In Performance
2004-04-10,43,Whiskey Girl,Toby Keith,50,4,Gains In Performance
2004-04-10,44,Why Can't We All Just Get A Long Neck?,Hank Williams Jr.,46,5,Gains In Performance
2004-04-10,45,When Somebody Knows You That Well,Blake Shelton,44,3,Gains In Performance
2004-04-10,46,Back Of The Bottom Drawer,Chely Wright,47,3,Gains In Performance
2004-04-10,47,Beer Man,Trent Willmon,54,2,Gains In Performance
2004-04-10,48,Whiskey Lullaby,Brad Paisley Featuring Alison Krauss,NEW,1,Highest ranking debut|Gains In Performance
2004-04-10,49,Let's Kill Saturday Night,Pinmonkey,45,3,Gains In Performance
2004-04-10,50,Drivin' Into The Sun,Sherrie Austin,52,4,Gains In Performance
2004-04-10,51,Sick And Tired,Cross Canadian Ragweed,48,6,
2004-04-10,52,Blame It On Mama,The Jenkins,56,3,Gains In Performance
2004-04-10,53,The Coast Is Clear,Scotty Emerick,51,9,Gains In Performance
2004-04-10,54,Someone To Share It With,Rodney Atkins,NEW,1,Gains In Performance
2004-04-10,55,Smokin' Grass,Shannon Lawson,NEW,1,Gains In Performance
2004-04-10,56,You Are,Jimmy Wayne,NEW,1,Gains In Performance
2004-04-10,57,In These Last Few Days,Vince Gill,RE,2,Gains In Performance
2004-04-10,58,How'd I Wind Up In Jamaica,Tracy Byrd,59,3,Gains In Performance
2004-04-10,59,I Can Only Imagine,MercyMe,55,16,
2004-04-10,60,I Won't Go On And On,Colt Prather,53,7,
2004-04-17,1,When The Sun Goes Down,Kenny Chesney & Uncle Kracker,1,11,Gains In Performance
2004-04-17,2,You'll Think Of Me,Keith Urban,2,20,Gains In Performance
2004-04-17,3,Sweet Southern Comfort,Buddy Jewell,3,25,Gains In Performance
2004-04-17,4,Perfect,Sara Evans,4,31,
2004-04-17,5,Mayberry,Rascal Flatts,5,16,Gains In Performance
2004-04-17,6,Letters From Home,John Michael Montgomery,8,12,Gains In Performance
2004-04-17,7,American Soldier,Toby Keith,6,22,
2004-04-17,8,Paint Me A Birmingham,Tracy Lawrence,12,25,Gains In Performance
2004-04-17,9,Desperately,George Strait,10,14,Gains In Performance
2004-04-17,10,Watch The Wind Blow By,Tim McGraw,7,25,
2004-04-17,11,Remember When,Alan Jackson,11,24,Gains In Performance
2004-04-17,12,Songs About Rain,Gary Allan,13,22,Gains In Performance
2004-04-17,13,Good Little Girls,Blue County,14,27,Gains In Performance
2004-04-17,14,Redneck Woman,Gretchen Wilson,20,6,Gains In Performance
2004-04-17,15,That's What She Gets For Loving Me,Brooks & Dunn,16,10,Gains In Performance
2004-04-17,16,Simple Life,Carolyn Dawn Johnson,15,21,Gains In Performance
2004-04-17,17,Let's Be Us Again,Lonestar,19,7,Gains In Performance
2004-04-17,18,If You Ever Stop Loving Me,Montgomery Gentry,18,11,Gains In Performance
2004-04-17,19,My Last Name,Dierks Bentley,17,26,Gains In Performance
2004-04-17,20,Passenger Seat,SHeDAISY,21,11,Gains In Performance
2004-04-17,21,Wild West Show,Big & Rich,22,16,
2004-04-17,22,You're In My Head,Brian McComas,23,29,Gains In Performance
2004-04-17,23,Loco,David Lee Murphy,25,14,Gains In Performance
2004-04-17,24,I Can't Sleep,Clay Walker,24,19,Gains In Performance
2004-04-17,25,Somebody,Reba McEntire,26,14,Gains In Performance
2004-04-17,26,It Only Hurts When I'm Breathing,Shania Twain,27,9,Gains In Performance
2004-04-17,27,Whiskey Girl,Toby Keith,43,5,Gains In Performance
2004-04-17,28,Last One Standing,Emerson Drive,28,13,Gains In Performance
2004-04-17,29,Tougher Than Nails,Joe Diffie,29,13,Gains In Performance
2004-04-17,30,I Got A Feelin',Billy Currington,30,14,Gains In Performance
2004-04-17,31,The Wrong Girl,Lee Ann Womack,31,9,Gains In Performance
2004-04-17,32,I Wanna Make You Cry,Jeff Bates,32,13,Gains In Performance
2004-04-17,33,She Thinks She Needs Me,Andy Griggs,35,8,Gains In Performance
2004-04-17,34,I Want To Live,Josh Gracin,37,6,Gains In Performance
2004-04-17,35,Flies On The Butter (You Can't Go Home Again),Wynonna With Naomi Judd,33,13,Gains In Performance
2004-04-17,36,Men Don't Change,Amy Dalley,36,10,
2004-04-17,37,Guy Like Me,Pat Green,34,17,
2004-04-17,38,Me And Emily,Rachel Proctor,42,6,Gains In Performance
2004-04-17,39,If Nobody Believed In You,Joe Nichols,41,4,Gains In Performance
2004-04-17,40,Thank God I'm A Country Boy,Billy Dean,38,7,Gains In Performance
2004-04-17,41,Break Down Here,Julie Roberts,40,9,Gains In Performance
2004-04-17,42,Whiskey Lullaby,Brad Paisley Featuring Alison Krauss,48,2,Gains In Performance
2004-04-17,43,I'd Be Lying,Chris Cagle,39,12,
2004-04-17,44,When Somebody Knows You That Well,Blake Shelton,45,4,Gains In Performance
2004-04-17,45,Why Can't We All Just Get A Long Neck?,Hank Williams Jr.,44,6,Gains In Performance
2004-04-17,46,Beer Man,Trent Willmon,47,3,Gains In Performance
2004-04-17,47,Blame It On Mama,The Jenkins,52,4,Gains In Performance
2004-04-17,48,Back Of The Bottom Drawer,Chely Wright,46,4,Gains In Performance
2004-04-17,49,Let's Kill Saturday Night,Pinmonkey,49,4,Gains In Performance
2004-04-17,50,Sick And Tired,Cross Canadian Ragweed,51,7,Gains In Performance
2004-04-17,51,In These Last Few Days,Vince Gill,57,3,Gains In Performance
2004-04-17,52,Drivin' Into The Sun,Sherrie Austin,50,5,Gains In Performance
2004-04-17,53,Smokin' Grass,Shannon Lawson,55,2,Gains In Performance
2004-04-17,54,How Far,Martina McBride,NEW,1,Highest ranking debut|Gains In Performance
2004-04-17,55,How'd I Wind Up In Jamaica,Tracy Byrd,58,4,Gains In Performance
2004-04-17,56,Rough & Ready,Trace Adkins,NEW,1,Gains In Performance
2004-04-17,57,The Coast Is Clear,Scotty Emerick,53,10,
2004-04-17,58,Someone To Share It With,Rodney Atkins,54,2,
2004-04-17,59,You Are,Jimmy Wayne,56,2,
2004-04-17,60,What It Ain't,Josh Turner,NEW,1,Gains In Performance
2004-04-24,1,When The Sun Goes Down,Kenny Chesney & Uncle Kracker,1,12,Gains In Performance
2004-04-24,2,You'll Think Of Me,Keith Urban,2,21,Gains In Performance
2004-04-24,3,Sweet Southern Comfort,Buddy Jewell,3,26,Gains In Performance
2004-04-24,4,Mayberry,Rascal Flatts,5,17,Gains In Performance
2004-04-24,5,Letters From Home,John Michael Montgomery,6,13,Gains In Performance
2004-04-24,6,Perfect,Sara Evans,4,32,
2004-04-24,7,Paint Me A Birmingham,Tracy Lawrence,8,26,Gains In Performance
2004-04-24,8,Redneck Woman,Gretchen Wilson,14,7,Greatest gainer this week|Gains In Performance
2004-04-24,9,American Soldier,Toby Keith,7,23,
2004-04-24,10,Desperately,George Strait,9,15,Gains In Performance
2004-04-24,11,Good Little Girls,Blue County,13,28,Gains In Performance
2004-04-24,12,Let's Be Us Again,Lonestar,17,8,Gains In Performance
2004-04-24,13,Remember When,Alan Jackson,11,25,
2004-04-24,14,Songs About Rain,Gary Allan,12,23,
2004-04-24,15,That's What She Gets For Loving Me,Brooks & Dunn,15,11,Gains In Performance
2004-04-24,16,If You Ever Stop Loving Me,Montgomery Gentry,18,12,Gains In Performance
2004-04-24,17,Simple Life,Carolyn Dawn Johnson,16,22,Gains In Performance
2004-04-24,18,My Last Name,Dierks Bentley,19,27,
2004-04-24,19,Passenger Seat,SHeDAISY,20,12,Gains In Performance
2004-04-24,20,Loco,David Lee Murphy,23,15,Gains In Performance
2004-04-24,21,You're In My Head,Brian McComas,22,30,Gains In Performance
2004-04-24,22,I Can't Sleep,Clay Walker,24,20,Gains In Performance
2004-04-24,23,Wild West Show,Big & Rich,21,17,
2004-04-24,24,Somebody,Reba McEntire,25,15,Gains In Performance
2004-04-24,25,Whiskey Girl,Toby Keith,27,6,Gains In Performance
2004-04-24,26,It Only Hurts When I'm Breathing,Shania Twain,26,10,Gains In Performance
2004-04-24,27,Last One Standing,Emerson Drive,28,14,Gains In Performance
2004-04-24,28,I Got A Feelin',Billy Currington,30,15,Gains In Performance
2004-04-24,29,Tougher Than Nails,Joe Diffie,29,14,Gains In Performance
2004-04-24,30,I Want To Live,Josh Gracin,34,7,Gains In Performance
2004-04-24,31,The Wrong Girl,Lee Ann Womack,31,10,Gains In Performance
2004-04-24,32,I Wanna Make You Cry,Jeff Bates,32,14,Gains In Performance
2004-04-24,33,She Thinks She Needs Me,Andy Griggs,33,9,Gains In Performance
2004-04-24,34,Whiskey Lullaby,Brad Paisley Featuring Alison Krauss,42,3,Gains In Performance
2004-04-24,35,Flies On The Butter (You Can't Go Home Again),Wynonna With Naomi Judd,35,14,Gains In Performance
2004-04-24,36,Men Don't Change,Amy Dalley,36,11,Gains In Performance
2004-04-24,37,Me And Emily,Rachel Proctor,38,7,Gains In Performance
2004-04-24,38,If Nobody Believed In You,Joe Nichols,39,5,Gains In Performance
2004-04-24,39,Break Down Here,Julie Roberts,41,10,Gains In Performance
2004-04-24,40,Thank God I'm A Country Boy,Billy Dean,40,8,Gains In Performance
2004-04-24,41,Beer Man,Trent Willmon,46,4,Gains In Performance
2004-04-24,42,Why Can't We All Just Get A Long Neck?,Hank Williams Jr.,45,7,Gains In Performance
2004-04-24,43,Guy Like Me,Pat Green,37,18,
2004-04-24,44,When Somebody Knows You That Well,Blake Shelton,44,5,Gains In Performance
2004-04-24,45,Blame It On Mama,The Jenkins,47,5,Gains In Performance
2004-04-24,46,Let's Kill Saturday Night,Pinmonkey,49,5,Gains In Performance
2004-04-24,47,Back Of The Bottom Drawer,Chely Wright,48,5,Gains In Performance
2004-04-24,48,I'd Be Lying,Chris Cagle,43,13,
2004-04-24,49,Someone To Share It With,Rodney Atkins,58,3,Gains In Performance
2004-04-24,50,How Far,Martina McBride,54,2,Gains In Performance
2004-04-24,51,Sick And Tired,Cross Canadian Ragweed,50,8,
2004-04-24,52,You Are,Jimmy Wayne,59,3,Gains In Performance
2004-04-24,53,Girls Lie Too,Terri Clark,NEW,1,Highest ranking debut|Gains In Performance
2004-04-24,54,In These Last Few Days,Vince Gill,51,4,
2004-04-24,55,How'd I Wind Up In Jamaica,Tracy Byrd,55,5,Gains In Performance
2004-04-24,56,What It Ain't,Josh Turner,60,2,Gains In Performance
2004-04-24,57,Rough & Ready,Trace Adkins,56,2,Gains In Performance
2004-04-24,58,Save A Horse (Ride A Cowboy),Big & Rich,NEW,1,Gains In Performance
2004-04-24,59,Drivin' Into The Sun,Sherrie Austin,52,6,
2004-04-24,60,Smokin' Grass,Shannon Lawson,53,3,
2004-05-01,1,When The Sun Goes Down,Kenny Chesney & Uncle Kracker,1,13,
2004-05-01,2,You'll Think Of Me,Keith Urban,2,22,Gains In Performance
2004-05-01,3,Letters From Home,John Michael Montgomery,5,14,Gains In Performance
2004-05-01,4,Mayberry,Rascal Flatts,4,18,Gains In Performance
2004-05-01,5,Sweet Southern Comfort,Buddy Jewell,3,27,
2004-05-01,6,Redneck Woman,Gretchen Wilson,8,8,Gains In Performance
2004-05-01,7,Paint Me A Birmingham,Tracy Lawrence,7,27,Gains In Performance
2004-05-01,8,Desperately,George Strait,10,16,Gains In Performance
2004-05-01,9,Let's Be Us Again,Lonestar,12,9,Gains In Performance
2004-05-01,10,If You Ever Stop Loving Me,Montgomery Gentry,16,13,Gains In Performance
2004-05-01,11,That's What She Gets For Loving Me,Brooks & Dunn,15,12,Gains In Performance
2004-05-01,12,Good Little Girls,Blue County,11,29,
2004-05-01,13,Perfect,Sara Evans,6,33,
2004-05-01,14,Songs About Rain,Gary Allan,14,24,
2004-05-01,15,Simple Life,Carolyn Dawn Johnson,17,23,
2004-05-01,16,Whiskey Girl,Toby Keith,25,7,Gains In Performance
2004-05-01,17,Loco,David Lee Murphy,20,16,Gains In Performance
2004-05-01,18,Passenger Seat,SHeDAISY,19,13,Gains In Performance
2004-05-01,19,I Can't Sleep,Clay Walker,22,21,Gains In Performance
2004-05-01,20,Somebody,Reba McEntire,24,16,Gains In Performance
2004-05-01,21,It Only Hurts When I'm Breathing,Shania Twain,26,11,Gains In Performance
2004-05-01,22,I Got A Feelin',Billy Currington,28,16,Gains In Performance
2004-05-01,23,Last One Standing,Emerson Drive,27,15,Gains In Performance
2004-05-01,24,Wild West Show,Big & Rich,23,18,
2004-05-01,25,Tougher Than Nails,Joe Diffie,29,15,Gains In Performance
2004-05-01,26,I Want To Live,Josh Gracin,30,8,Gains In Performance
2004-05-01,27,The Wrong Girl,Lee Ann Womack,31,11,Gains In Performance
2004-05-01,28,She Thinks She Needs Me,Andy Griggs,33,10,Gains In Performance
2004-05-01,29,Whiskey Lullaby,Brad Paisley Featuring Alison Krauss,34,4,Gains In Performance
2004-05-01,30,I Wanna Make You Cry,Jeff Bates,32,15,Gains In Performance
2004-05-01,31,Me And Emily,Rachel Proctor,37,8,Gains In Performance
2004-05-01,32,If Nobody Believed In You,Joe Nichols,38,6,Gains In Performance
2004-05-01,33,Men Don't Change,Amy Dalley,36,12,Gains In Performance
2004-05-01,34,Flies On The Butter (You Can't Go Home Again),Wynonna With Naomi Judd,35,15,
2004-05-01,35,Thank God I'm A Country Boy,Billy Dean,40,9,Gains In Performance
2004-05-01,36,Beer Man,Trent Willmon,41,5,Gains In Performance
2004-05-01,37,Break Down Here,Julie Roberts,39,11,Gains In Performance
2004-05-01,38,Why Can't We All Just Get A Long Neck?,Hank Williams Jr.,42,8,
2004-05-01,39,When Somebody Knows You That Well,Blake Shelton,44,6,Gains In Performance
2004-05-01,40,Blame It On Mama,The Jenkins,45,6,Gains In Performance
2004-05-01,41,Back Of The Bottom Drawer,Chely Wright,47,6,Gains In Performance
2004-05-01,42,How Far,Martina McBride,50,3,Gains In Performance
2004-05-01,43,Girls Lie Too,Terri Clark,53,2,Gains In Performance
2004-05-01,44,Let's Kill Saturday Night,Pinmonkey,46,6,Gains In Performance
2004-05-01,45,Someone To Share It With,Rodney Atkins,49,4,Gains In Performance
2004-05-01,46,Guy Like Me,Pat Green,43,19,
2004-05-01,47,You Are,Jimmy Wayne,52,4,Gains In Performance
2004-05-01,48,Rough & Ready,Trace Adkins,57,3,Gains In Performance
2004-05-01,49,What It Ain't,Josh Turner,56,3,Gains In Performance
2004-05-01,50,Save A Horse (Ride A Cowboy),Big & Rich,58,2,Gains In Performance
2004-05-01,51,Sick And Tired,Cross Canadian Ragweed,51,9,Gains In Performance
2004-05-01,52,Look At Us,Craig Morgan,NEW,1,Highest ranking debut|Gains In Performance
2004-05-01,53,How'd I Wind Up In Jamaica,Tracy Byrd,55,6,
2004-05-01,54,Smokin' Grass,Shannon Lawson,60,4,Gains In Performance
2004-05-01,55,In A Real Love,Phil Vassar,NEW,1,Gains In Performance
2004-05-01,56,In These Last Few Days,Vince Gill,54,5,
2004-05-01,57,I Go Back,Kenny Chesney,NEW,1,Gains In Performance
2004-05-01,58,Sunday Morning And Saturday Night,James Otto,RE,2,Gains In Performance
2004-05-01,59,The Boogie Man,Clint Black,NEW,1,Gains In Performance
2004-05-01,60,Always Wanting More (Breathless),Lane Turner,NEW,1,Gains In Performance
2004-05-08,1,You'll Think Of Me,Keith Urban,2,23,Gains In Performance
2004-05-08,2,When The Sun Goes Down,Kenny Chesney & Uncle Kracker,1,14,
2004-05-08,3,Mayberry,Rascal Flatts,4,19,Gains In Performance
2004-05-08,4,Letters From Home,John Michael Montgomery,3,15,Gains In Performance
2004-05-08,5,Redneck Woman,Gretchen Wilson,6,9,Greatest gainer this week|Gains In Performance
2004-05-08,6,Paint Me A Birmingham,Tracy Lawrence,7,28,Gains In Performance
2004-05-08,7,Desperately,George Strait,8,17,Gains In Performance
2004-05-08,8,Sweet Southern Comfort,Buddy Jewell,5,28,
2004-05-08,9,Let's Be Us Again,Lonestar,9,10,Gains In Performance
2004-05-08,10,If You Ever Stop Loving Me,Montgomery Gentry,10,14,Gains In Performance
2004-05-08,11,That's What She Gets For Loving Me,Brooks & Dunn,11,13,Gains In Performance
2004-05-08,12,Whiskey Girl,Toby Keith,16,8,Gains In Performance
2004-05-08,13,Simple Life,Carolyn Dawn Johnson,15,24,Gains In Performance
2004-05-08,14,Good Little Girls,Blue County,12,30,
2004-05-08,15,Loco,David Lee Murphy,17,17,Gains In Performance
2004-05-08,16,Passenger Seat,SHeDAISY,18,14,Gains In Performance
2004-05-08,17,I Can't Sleep,Clay Walker,19,22,Gains In Performance
2004-05-08,18,Somebody,Reba McEntire,20,17,Gains In Performance
2004-05-08,19,It Only Hurts When I'm Breathing,Shania Twain,21,12,Gains In Performance
2004-05-08,20,I Got A Feelin',Billy Currington,22,17,Gains In Performance
2004-05-08,21,Last One Standing,Emerson Drive,23,16,Gains In Performance
2004-05-08,22,Tougher Than Nails,Joe Diffie,25,16,Gains In Performance
2004-05-08,23,I Want To Live,Josh Gracin,26,9,Gains In Performance
2004-05-08,24,Whiskey Lullaby,Brad Paisley Featuring Alison Krauss,29,5,Gains In Performance
2004-05-08,25,She Thinks She Needs Me,Andy Griggs,28,11,Gains In Performance
2004-05-08,26,The Wrong Girl,Lee Ann Womack,27,12,Gains In Performance
2004-05-08,27,Me And Emily,Rachel Proctor,31,9,Gains In Performance
2004-05-08,28,I Wanna Make You Cry,Jeff Bates,30,16,Gains In Performance
2004-05-08,29,If Nobody Believed In You,Joe Nichols,32,7,Gains In Performance
2004-05-08,30,Men Don't Change,Amy Dalley,33,13,Gains In Performance
2004-05-08,31,Girls Lie Too,Terri Clark,43,3,Gains In Performance
2004-05-08,32,Thank God I'm A Country Boy,Billy Dean,35,10,Gains In Performance
2004-05-08,33,Break Down Here,Julie Roberts,37,12,Gains In Performance
2004-05-08,34,Wild West Show,Big & Rich,24,19,
2004-05-08,35,Beer Man,Trent Willmon,36,6,Gains In Performance
2004-05-08,36,How Far,Martina McBride,42,4,Gains In Performance
2004-05-08,37,Flies On The Butter (You Can't Go Home Again),Wynonna With Naomi Judd,34,16,
2004-05-08,38,Why Can't We All Just Get A Long Neck?,Hank Williams Jr.,38,9,Gains In Performance
2004-05-08,39,When Somebody Knows You That Well,Blake Shelton,39,7,Gains In Performance
2004-05-08,40,Back Of The Bottom Drawer,Chely Wright,41,7,Gains In Performance
2004-05-08,41,Blame It On Mama,The Jenkins,40,7,Gains In Performance
2004-05-08,42,Rough & Ready,Trace Adkins,48,4,Gains In Performance
2004-05-08,43,Someone To Share It With,Rodney Atkins,45,5,Gains In Performance
2004-05-08,44,You Are,Jimmy Wayne,47,5,Gains In Performance
2004-05-08,45,Save A Horse (Ride A Cowboy),Big & Rich,50,3,Gains In Performance
2004-05-08,46,Let's Kill Saturday Night,Pinmonkey,44,7,
2004-05-08,47,What It Ain't,Josh Turner,49,4,Gains In Performance
2004-05-08,48,Look At Us,Craig Morgan,52,2,Gains In Performance
2004-05-08,49,Suds In The Bucket,Sara Evans,NEW,1,Highest ranking debut|Gains In Performance
2004-05-08,50,In A Real Love,Phil Vassar,55,2,Gains In Performance
2004-05-08,51,Sick And Tired,Cross Canadian Ragweed,51,10,
2004-05-08,52,Honeysuckle Sweet,Jessi Alexander,NEW,1,Gains In Performance
2004-05-08,53,I Go Back,Kenny Chesney,57,2,Gains In Performance
2004-05-08,54,The Girl's Gone Wild,Travis Tritt,NEW,1,Gains In Performance
2004-05-08,55,Guy Like Me,Pat Green,46,20,
2004-05-08,56,Smokin' Grass,Shannon Lawson,54,5,Gains In Performance
2004-05-08,57,Always Wanting More (Breathless),Lane Turner,60,2,Gains In Performance
2004-05-08,58,In These Last Few Days,Vince Gill,56,6,
2004-05-08,59,The Boogie Man,Clint Black,59,2,Gains In Performance
2004-05-08,60,I Wanna Believe,Patty Loveless,NEW,1,Gains In Performance
2004-05-15,1,You'll Think Of Me,Keith Urban,1,24,
2004-05-15,2,When The Sun Goes Down,Kenny Chesney & Uncle Kracker,2,15,
2004-05-15,3,Mayberry,Rascal Flatts,3,20,Gains In Performance
2004-05-15,4,Redneck Woman,Gretchen Wilson,5,10,Greatest gainer this week|Gains In Performance
2004-05-15,5,Letters From Home,John Michael Montgomery,4,16,Gains In Performance
2004-05-15,6,Paint Me A Birmingham,Tracy Lawrence,6,29,Gains In Performance
2004-05-15,7,Desperately,George Strait,7,18,Gains In Performance
2004-05-15,8,Let's Be Us Again,Lonestar,9,11,Gains In Performance
2004-05-15,9,If You Ever Stop Loving Me,Montgomery Gentry,10,15,Gains In Performance
2004-05-15,10,Whiskey Girl,Toby Keith,12,9,Gains In Performance
2004-05-15,11,That's What She Gets For Loving Me,Brooks & Dunn,11,14,Gains In Performance
2004-05-15,12,Sweet Southern Comfort,Buddy Jewell,8,29,
2004-05-15,13,Loco,David Lee Murphy,15,18,Gains In Performance
2004-05-15,14,Simple Life,Carolyn Dawn Johnson,13,25,
2004-05-15,15,Passenger Seat,SHeDAISY,16,15,Gains In Performance
2004-05-15,16,I Can't Sleep,Clay Walker,17,23,Gains In Performance
2004-05-15,17,Somebody,Reba McEntire,18,18,Gains In Performance
2004-05-15,18,It Only Hurts When I'm Breathing,Shania Twain,19,13,Gains In Performance
2004-05-15,19,I Got A Feelin',Billy Currington,20,18,Gains In Performance
2004-05-15,20,I Want To Live,Josh Gracin,23,10,Gains In Performance
2004-05-15,21,Whiskey Lullaby,Brad Paisley Featuring Alison Krauss,24,6,Gains In Performance
2004-05-15,22,Last One Standing,Emerson Drive,21,17,Gains In Performance
2004-05-15,23,Tougher Than Nails,Joe Diffie,22,17,Gains In Performance
2004-05-15,24,She Thinks She Needs Me,Andy Griggs,25,12,Gains In Performance
2004-05-15,25,The Wrong Girl,Lee Ann Womack,26,13,Gains In Performance
2004-05-15,26,I Wanna Make You Cry,Jeff Bates,28,17,Gains In Performance
2004-05-15,27,Me And Emily,Rachel Proctor,27,10,Gains In Performance
2004-05-15,28,Girls Lie Too,Terri Clark,31,4,Gains In Performance
2004-05-15,29,How Far,Martina McBride,36,5,Gains In Performance
2004-05-15,30,If Nobody Believed In You,Joe Nichols,29,8,Gains In Performance
2004-05-15,31,Beer Man,Trent Willmon,35,7,Gains In Performance
2004-05-15,32,Men Don't Change,Amy Dalley,30,14,Gains In Performance
2004-05-15,33,Thank God I'm A Country Boy,Billy Dean,32,11,Gains In Performance
2004-05-15,34,Break Down Here,Julie Roberts,33,13,Gains In Performance
2004-05-15,35,Blame It On Mama,The Jenkins,41,8,Gains In Performance
2004-05-15,36,Rough & Ready,Trace Adkins,42,5,Gains In Performance
2004-05-15,37,When Somebody Knows You That Well,Blake Shelton,39,8,Gains In Performance
2004-05-15,38,Why Can't We All Just Get A Long Neck?,Hank Williams Jr.,38,10,Gains In Performance
2004-05-15,39,Save A Horse (Ride A Cowboy),Big & Rich,45,4,Gains In Performance
2004-05-15,40,Back Of The Bottom Drawer,Chely Wright,40,8,Gains In Performance
2004-05-15,41,Someone To Share It With,Rodney Atkins,43,6,Gains In Performance
2004-05-15,42,You Are,Jimmy Wayne,44,6,Gains In Performance
2004-05-15,43,I Go Back,Kenny Chesney,53,3,Gains In Performance
2004-05-15,44,In A Real Love,Phil Vassar,50,3,Gains In Performance
2004-05-15,45,What It Ain't,Josh Turner,47,5,Gains In Performance
2004-05-15,46,Look At Us,Craig Morgan,48,3,Gains In Performance
2004-05-15,47,Wild West Show,Big & Rich,34,20,
2004-05-15,48,Suds In The Bucket,Sara Evans,49,2,Gains In Performance
2004-05-15,49,Flies On The Butter (You Can't Go Home Again),Wynonna With Naomi Judd,37,17,
2004-05-15,50,Let's Kill Saturday Night,Pinmonkey,46,8,
2004-05-15,51,The Girl's Gone Wild,Travis Tritt,54,2,Gains In Performance
2004-05-15,52,The Boogie Man,Clint Black,59,3,Gains In Performance
2004-05-15,53,Honeysuckle Sweet,Jessi Alexander,52,2,
2004-05-15,54,Sick And Tired,Cross Canadian Ragweed,51,11,
2004-05-15,55,Smokin' Grass,Shannon Lawson,56,6,Gains In Performance
2004-05-15,56,Sweet Summer Rain,Rushlow,NEW,1,Highest ranking debut|Gains In Performance
2004-05-15,57,Always Wanting More (Breathless),Lane Turner,57,3,Gains In Performance
2004-05-15,58,That's Cool,Blue County,NEW,1,Gains In Performance
2004-05-15,59,How Am I Doin',Dierks Bentley,NEW,1,Gains In Performance
2004-05-15,60,In These Last Few Days,Vince Gill,58,7,
2004-05-22,1,Mayberry,Rascal Flatts,3,21,Gains In Performance
2004-05-22,2,Redneck Woman,Gretchen Wilson,4,11,Gains In Performance
2004-05-22,3,You'll Think Of Me,Keith Urban,1,25,
2004-05-22,4,Letters From Home,John Michael Montgomery,5,17,
2004-05-22,5,When The Sun Goes Down,Kenny Chesney & Uncle Kracker,2,16,
2004-05-22,6,Paint Me A Birmingham,Tracy Lawrence,6,30,Gains In Performance
2004-05-22,7,Desperately,George Strait,7,19,Gains In Performance
2004-05-22,8,If You Ever Stop Loving Me,Montgomery Gentry,9,16,Gains In Performance
2004-05-22,9,Let's Be Us Again,Lonestar,8,12,Gains In Performance
2004-05-22,10,Whiskey Girl,Toby Keith,10,10,Gains In Performance
2004-05-22,11,That's What She Gets For Loving Me,Brooks & Dunn,11,15,Gains In Performance
2004-05-22,12,Loco,David Lee Murphy,13,19,Gains In Performance
2004-05-22,13,Sweet Southern Comfort,Buddy Jewell,12,30,
2004-05-22,14,I Can't Sleep,Clay Walker,16,24,Gains In Performance
2004-05-22,15,Passenger Seat,SHeDAISY,15,16,Gains In Performance
2004-05-22,16,Somebody,Reba McEntire,17,19,Gains In Performance
2004-05-22,17,I Got A Feelin',Billy Currington,19,19,Gains In Performance
2004-05-22,18,It Only Hurts When I'm Breathing,Shania Twain,18,14,Gains In Performance
2004-05-22,19,Whiskey Lullaby,Brad Paisley Featuring Alison Krauss,21,7,Gains In Performance
2004-05-22,20,I Want To Live,Josh Gracin,20,11,Gains In Performance
2004-05-22,21,Last One Standing,Emerson Drive,22,18,Gains In Performance
2004-05-22,22,Tougher Than Nails,Joe Diffie,23,18,Gains In Performance
2004-05-22,23,She Thinks She Needs Me,Andy Griggs,24,13,Gains In Performance
2004-05-22,24,The Wrong Girl,Lee Ann Womack,25,14,Gains In Performance
2004-05-22,25,Me And Emily,Rachel Proctor,27,11,Gains In Performance
2004-05-22,26,Girls Lie Too,Terri Clark,28,5,Gains In Performance
2004-05-22,27,How Far,Martina McBride,29,6,Gains In Performance
2004-05-22,28,I Wanna Make You Cry,Jeff Bates,26,18,Gains In Performance
2004-05-22,29,If Nobody Believed In You,Joe Nichols,30,9,Gains In Performance
2004-05-22,30,I Go Back,Kenny Chesney,43,4,Gains In Performance
2004-05-22,31,Beer Man,Trent Willmon,31,8,Gains In Performance
2004-05-22,32,Thank God I'm A Country Boy,Billy Dean,33,12,Gains In Performance
2004-05-22,33,Men Don't Change,Amy Dalley,32,15,Gains In Performance
2004-05-22,34,Break Down Here,Julie Roberts,34,14,Gains In Performance
2004-05-22,35,Save A Horse (Ride A Cowboy),Big & Rich,39,5,Gains In Performance
2004-05-22,36,Why Can't We All Just Get A Long Neck?,Hank Williams Jr.,38,11,Gains In Performance
2004-05-22,37,Rough & Ready,Trace Adkins,36,6,Gains In Performance
2004-05-22,38,Blame It On Mama,The Jenkins,35,9,Gains In Performance
2004-05-22,39,When Somebody Knows You That Well,Blake Shelton,37,9,Gains In Performance
2004-05-22,40,Back Of The Bottom Drawer,Chely Wright,40,9,Gains In Performance
2004-05-22,41,In A Real Love,Phil Vassar,44,4,Gains In Performance
2004-05-22,42,I Meant To,Brad Cotter,NEW,1,Highest ranking debut|Gains In Performance
2004-05-22,43,You Are,Jimmy Wayne,42,7,Gains In Performance
2004-05-22,44,Suds In The Bucket,Sara Evans,48,3,Gains In Performance
2004-05-22,45,What It Ain't,Josh Turner,45,6,Gains In Performance
2004-05-22,46,Look At Us,Craig Morgan,46,4,Gains In Performance
2004-05-22,47,Someone To Share It With,Rodney Atkins,41,7,
2004-05-22,48,The Girl's Gone Wild,Travis Tritt,51,3,Gains In Performance
2004-05-22,49,Sweet Summer Rain,Rushlow,56,2,Gains In Performance
2004-05-22,50,Flies On The Butter (You Can't Go Home Again),Wynonna With Naomi Judd,49,18,
2004-05-22,51,The Boogie Man,Clint Black,52,4,Gains In Performance
2004-05-22,52,Honeysuckle Sweet,Jessi Alexander,53,3,Gains In Performance
2004-05-22,53,Smokin' Grass,Shannon Lawson,55,7,Gains In Performance
2004-05-22,54,Sick And Tired,Cross Canadian Ragweed,54,12,
2004-05-22,55,How Am I Doin',Dierks Bentley,59,2,Gains In Performance
2004-05-22,56,Always Wanting More (Breathless),Lane Turner,57,4,
2004-05-22,57,Let's Kill Saturday Night,Pinmonkey,50,9,
2004-05-22,58,Put Your Best Dress On,Steve Holy,NEW,1,Gains In Performance
2004-05-22,59,Son Of A Preacher Man,Sherrie Austin,NEW,1,Gains In Performance
2004-05-22,60,Somebody's Someone,Lonestar,NEW,1,Gains In Performance
2004-05-29,1,Redneck Woman,Gretchen Wilson,2,12,Gains In Performance
2004-05-29,2,Letters From Home,John Michael Montgomery,4,18,Gains In Performance
2004-05-29,3,Mayberry,Rascal Flatts,1,22,
2004-05-29,4,Paint Me A Birmingham,Tracy Lawrence,6,31,
2004-05-29,5,You'll Think Of Me,Keith Urban,3,26,
2004-05-29,6,Desperately,George Strait,7,20,
2004-05-29,7,When The Sun Goes Down,Kenny Chesney & Uncle Kracker,5,17,
2004-05-29,8,If You Ever Stop Loving Me,Montgomery Gentry,8,17,Gains In Performance
2004-05-29,9,Let's Be Us Again,Lonestar,9,13,Gains In Performance
2004-05-29,10,Whiskey Girl,Toby Keith,10,11,Gains In Performance
2004-05-29,11,That's What She Gets For Loving Me,Brooks & Dunn,11,16,Gains In Performance
2004-05-29,12,Loco,David Lee Murphy,12,20,Gains In Performance
2004-05-29,13,I Can't Sleep,Clay Walker,14,25,Gains In Performance
2004-05-29,14,Passenger Seat,SHeDAISY,15,17,Gains In Performance
2004-05-29,15,Somebody,Reba McEntire,16,20,Gains In Performance
2004-05-29,16,I Got A Feelin',Billy Currington,17,20,Gains In Performance
2004-05-29,17,Whiskey Lullaby,Brad Paisley Featuring Alison Krauss,19,8,Gains In Performance
2004-05-29,18,It Only Hurts When I'm Breathing,Shania Twain,18,15,
2004-05-29,19,I Want To Live,Josh Gracin,20,12,Gains In Performance
2004-05-29,20,Tougher Than Nails,Joe Diffie,22,19,Gains In Performance
2004-05-29,21,Last One Standing,Emerson Drive,21,19,
2004-05-29,22,She Thinks She Needs Me,Andy Griggs,23,14,Gains In Performance
2004-05-29,23,I Go Back,Kenny Chesney,30,5,Gains In Performance
2004-05-29,24,Girls Lie Too,Terri Clark,26,6,Gains In Performance
2004-05-29,25,Me And Emily,Rachel Proctor,25,12,Gains In Performance
2004-05-29,26,How Far,Martina McBride,27,7,Gains In Performance
2004-05-29,27,The Wrong Girl,Lee Ann Womack,24,15,
2004-05-29,28,I Wanna Make You Cry,Jeff Bates,28,19,Gains In Performance
2004-05-29,29,If Nobody Believed In You,Joe Nichols,29,10,Gains In Performance
2004-05-29,30,Beer Man,Trent Willmon,31,9,Gains In Performance
2004-05-29,31,Save A Horse (Ride A Cowboy),Big & Rich,35,6,Gains In Performance
2004-05-29,32,Men Don't Change,Amy Dalley,33,16,Gains In Performance
2004-05-29,33,Rough & Ready,Trace Adkins,37,7,Gains In Performance
2004-05-29,34,Thank God I'm A Country Boy,Billy Dean,32,13,Gains In Performance
2004-05-29,35,Break Down Here,Julie Roberts,34,15,Gains In Performance
2004-05-29,36,Hey Good Lookin',"Jimmy Buffett With Clint Black, Kenny Chesney, Alan Jackson, Toby Keith & George Strait",NEW,1,Highest ranking debut|Gains In Performance
2004-05-29,37,Blame It On Mama,The Jenkins,38,10,Gains In Performance
2004-05-29,38,Why Can't We All Just Get A Long Neck?,Hank Williams Jr.,36,12,Gains In Performance
2004-05-29,39,When Somebody Knows You That Well,Blake Shelton,39,10,
2004-05-29,40,Back Of The Bottom Drawer,Chely Wright,40,10,Gains In Performance
2004-05-29,41,In A Real Love,Phil Vassar,41,5,Gains In Performance
2004-05-29,42,Suds In The Bucket,Sara Evans,44,4,Gains In Performance
2004-05-29,43,You Are,Jimmy Wayne,43,8,Gains In Performance
2004-05-29,44,What It Ain't,Josh Turner,45,7,Gains In Performance
2004-05-29,45,Look At Us,Craig Morgan,46,5,Gains In Performance
2004-05-29,46,I Meant To,Brad Cotter,42,2,
2004-05-29,47,Someone To Share It With,Rodney Atkins,47,8,
2004-05-29,48,The Girl's Gone Wild,Travis Tritt,48,4,Gains In Performance
2004-05-29,49,Sweet Summer Rain,Rushlow,49,3,Gains In Performance
2004-05-29,50,How Am I Doin',Dierks Bentley,55,3,Gains In Performance
2004-05-29,51,The Boogie Man,Clint Black,51,5,Gains In Performance
2004-05-29,52,Honeysuckle Sweet,Jessi Alexander,52,4,
2004-05-29,53,Somebody's Someone,Lonestar,60,2,Gains In Performance
2004-05-29,54,Good Year For The Outlaw,Jeffrey Steele Featuring Bret Michaels,RE,2,Gains In Performance
2004-05-29,55,Put Your Best Dress On,Steve Holy,58,2,Gains In Performance
2004-05-29,56,Son Of A Preacher Man,Sherrie Austin,59,2,Gains In Performance
2004-05-29,57,That's Cool,Blue County,RE,2,Gains In Performance
2004-05-29,58,Always Wanting More (Breathless),Lane Turner,56,5,
2004-05-29,59,Sick And Tired,Cross Canadian Ragweed,54,13,
2004-05-29,60,High Lonesome,Jedd Hughes,NEW,1,Gains In Performance
2004-06-05,1,Redneck Woman,Gretchen Wilson,1,13,Gains In Performance
2004-06-05,2,Letters From Home,John Michael Montgomery,2,19,Gains In Performance
2004-06-05,3,If You Ever Stop Loving Me,Montgomery Gentry,8,18,Gains In Performance
2004-06-05,4,Whiskey Girl,Toby Keith,10,12,Gains In Performance
2004-06-05,5,Let's Be Us Again,Lonestar,9,14,Gains In Performance
2004-06-05,6,Desperately,George Strait,6,21,
2004-06-05,7,Mayberry,Rascal Flatts,3,23,
2004-06-05,8,Paint Me A Birmingham,Tracy Lawrence,4,32,
2004-06-05,9,That's What She Gets For Loving Me,Brooks & Dunn,11,17,Gains In Performance
2004-06-05,10,When The Sun Goes Down,Kenny Chesney & Uncle Kracker,7,18,
2004-06-05,11,You'll Think Of Me,Keith Urban,5,27,
2004-06-05,12,Loco,David Lee Murphy,12,21,Gains In Performance
2004-06-05,13,I Can't Sleep,Clay Walker,13,26,Gains In Performance
2004-06-05,14,Passenger Seat,SHeDAISY,14,18,Gains In Performance
2004-06-05,15,Somebody,Reba McEntire,15,21,Gains In Performance
2004-06-05,16,Whiskey Lullaby,Brad Paisley Featuring Alison Krauss,17,9,Gains In Performance
2004-06-05,17,I Got A Feelin',Billy Currington,16,21,Gains In Performance
2004-06-05,18,I Want To Live,Josh Gracin,19,13,Gains In Performance
2004-06-05,19,I Go Back,Kenny Chesney,23,6,Gains In Performance
2004-06-05,20,She Thinks She Needs Me,Andy Griggs,22,15,Gains In Performance
2004-06-05,21,It Only Hurts When I'm Breathing,Shania Twain,18,16,
2004-06-05,22,Tougher Than Nails,Joe Diffie,20,20,Gains In Performance
2004-06-05,23,Last One Standing,Emerson Drive,21,20,Gains In Performance
2004-06-05,24,Girls Lie Too,Terri Clark,24,7,Gains In Performance
2004-06-05,25,How Far,Martina McBride,26,8,Gains In Performance
2004-06-05,26,Me And Emily,Rachel Proctor,25,13,Gains In Performance
2004-06-05,27,Hey Good Lookin',"Jimmy Buffett With Clint Black, Kenny Chesney, Alan Jackson, Toby Keith & George Strait",36,2,Gains In Performance
2004-06-05,28,The Wrong Girl,Lee Ann Womack,27,16,Gains In Performance
2004-06-05,29,I Wanna Make You Cry,Jeff Bates,28,20,Gains In Performance
2004-06-05,30,If Nobody Believed In You,Joe Nichols,29,11,Gains In Performance
2004-06-05,31,Save A Horse (Ride A Cowboy),Big & Rich,31,7,Gains In Performance
2004-06-05,32,Beer Man,Trent Willmon,30,10,
2004-06-05,33,Rough & Ready,Trace Adkins,33,8,Gains In Performance
2004-06-05,34,Men Don't Change,Amy Dalley,32,17,Gains In Performance
2004-06-05,35,Thank God I'm A Country Boy,Billy Dean,34,14,Gains In Performance
2004-06-05,36,Live Like You Were Dying,Tim McGraw,NEW,1,Highest ranking debut|Gains In Performance
2004-06-05,37,Break Down Here,Julie Roberts,35,16,Gains In Performance
2004-06-05,38,Blame It On Mama,The Jenkins,37,11,Gains In Performance
2004-06-05,39,Why Can't We All Just Get A Long Neck?,Hank Williams Jr.,38,13,
2004-06-05,40,Suds In The Bucket,Sara Evans,42,5,Gains In Performance
2004-06-05,41,Back Of The Bottom Drawer,Chely Wright,40,11,Gains In Performance
2004-06-05,42,In A Real Love,Phil Vassar,41,6,Gains In Performance
2004-06-05,43,You Are,Jimmy Wayne,43,9,Gains In Performance
2004-06-05,44,The Girl's Gone Wild,Travis Tritt,48,5,Gains In Performance
2004-06-05,45,I Meant To,Brad Cotter,46,3,Gains In Performance
2004-06-05,46,Look At Us,Craig Morgan,45,6,Gains In Performance
2004-06-05,47,What It Ain't,Josh Turner,44,8,
2004-06-05,48,When Somebody Knows You That Well,Blake Shelton,39,11,
2004-06-05,49,How Am I Doin',Dierks Bentley,50,4,Gains In Performance
2004-06-05,50,Dance With My Father,Kellie Coffey,NEW,1,Gains In Performance
2004-06-05,51,Sweet Summer Rain,Rushlow,49,4,Gains In Performance
2004-06-05,52,Someone To Share It With,Rodney Atkins,47,9,
2004-06-05,53,Put Your Best Dress On,Steve Holy,55,3,Gains In Performance
2004-06-05,54,Son Of A Preacher Man,Sherrie Austin,56,3,Gains In Performance
2004-06-05,55,The Boogie Man,Clint Black,51,6,Gains In Performance
2004-06-05,56,That's Cool,Blue County,57,3,Gains In Performance
2004-06-05,57,Honeysuckle Sweet,Jessi Alexander,52,5,
2004-06-05,58,Always Wanting More (Breathless),Lane Turner,58,6,
2004-06-05,59,High Lonesome,Jedd Hughes,60,2,
2004-06-05,60,In My High School,Blaine Larsen,NEW,1,Gains In Performance
2004-06-12,1,Redneck Woman,Gretchen Wilson,1,14,
2004-06-12,2,Letters From Home,John Michael Montgomery,2,20,
2004-06-12,3,If You Ever Stop Loving Me,Montgomery Gentry,3,19,Gains In Performance
2004-06-12,4,Whiskey Girl,Toby Keith,4,13,Gains In Performance
2004-06-12,5,Let's Be Us Again,Lonestar,5,15,Gains In Performance
2004-06-12,6,That's What She Gets For Loving Me,Brooks & Dunn,9,18,Gains In Performance
2004-06-12,7,Desperately,George Strait,6,22,
2004-06-12,8,Loco,David Lee Murphy,12,22,Gains In Performance
2004-06-12,9,Mayberry,Rascal Flatts,7,24,
2004-06-12,10,When The Sun Goes Down,Kenny Chesney & Uncle Kracker,10,19,
2004-06-12,11,I Can't Sleep,Clay Walker,13,27,Gains In Performance
2004-06-12,12,You'll Think Of Me,Keith Urban,11,28,
2004-06-12,13,Passenger Seat,SHeDAISY,14,19,Gains In Performance
2004-06-12,14,Somebody,Reba McEntire,15,22,Gains In Performance
2004-06-12,15,I Got A Feelin',Billy Currington,17,22,Gains In Performance
2004-06-12,16,I Go Back,Kenny Chesney,19,7,Gains In Performance
2004-06-12,17,Whiskey Lullaby,Brad Paisley Featuring Alison Krauss,16,10,Gains In Performance
2004-06-12,18,I Want To Live,Josh Gracin,18,14,Gains In Performance
2004-06-12,19,Hey Good Lookin',"Jimmy Buffett With Clint Black, Kenny Chesney, Alan Jackson, Toby Keith & George Strait",27,3,Gains In Performance
2004-06-12,20,She Thinks She Needs Me,Andy Griggs,20,16,Gains In Performance
2004-06-12,21,Live Like You Were Dying,Tim McGraw,36,2,Gains In Performance
2004-06-12,22,Tougher Than Nails,Joe Diffie,22,21,Gains In Performance
2004-06-12,23,Girls Lie Too,Terri Clark,24,8,Gains In Performance
2004-06-12,24,Last One Standing,Emerson Drive,23,21,Gains In Performance
2004-06-12,25,How Far,Martina McBride,25,9,Gains In Performance
2004-06-12,26,It Only Hurts When I'm Breathing,Shania Twain,21,17,
2004-06-12,27,Me And Emily,Rachel Proctor,26,14,Gains In Performance
2004-06-12,28,The Wrong Girl,Lee Ann Womack,28,17,
2004-06-12,29,I Wanna Make You Cry,Jeff Bates,29,21,
2004-06-12,30,If Nobody Believed In You,Joe Nichols,30,12,Gains In Performance
2004-06-12,31,Save A Horse (Ride A Cowboy),Big & Rich,31,8,Gains In Performance
2004-06-12,32,Thank God I'm A Country Boy,Billy Dean,35,15,Gains In Performance
2004-06-12,33,Rough & Ready,Trace Adkins,33,9,Gains In Performance
2004-06-12,34,Men Don't Change,Amy Dalley,34,18,Gains In Performance
2004-06-12,35,Beer Man,Trent Willmon,32,11,
2004-06-12,36,Break Down Here,Julie Roberts,37,17,Gains In Performance
2004-06-12,37,Blame It On Mama,The Jenkins,38,12,Gains In Performance
2004-06-12,38,The Girl's Gone Wild,Travis Tritt,44,6,Gains In Performance
2004-06-12,39,In A Real Love,Phil Vassar,42,7,Gains In Performance
2004-06-12,40,Suds In The Bucket,Sara Evans,40,6,Gains In Performance
2004-06-12,41,You Are,Jimmy Wayne,43,10,Gains In Performance
2004-06-12,42,Back Of The Bottom Drawer,Chely Wright,41,12,Gains In Performance
2004-06-12,43,Why Can't We All Just Get A Long Neck?,Hank Williams Jr.,39,14,
2004-06-12,44,Look At Us,Craig Morgan,46,7,Gains In Performance
2004-06-12,45,I Meant To,Brad Cotter,45,4,
2004-06-12,46,What It Ain't,Josh Turner,47,9,Gains In Performance
2004-06-12,47,Dance With My Father,Kellie Coffey,50,2,Gains In Performance
2004-06-12,48,How Am I Doin',Dierks Bentley,49,5,Gains In Performance
2004-06-12,49,Put Your Best Dress On,Steve Holy,53,4,Gains In Performance
2004-06-12,50,Sweet Summer Rain,Rushlow,51,5,
2004-06-12,51,Son Of A Preacher Man,Sherrie Austin,54,4,Gains In Performance
2004-06-12,52,That's Cool,Blue County,56,4,Gains In Performance
2004-06-12,53,The Boogie Man,Clint Black,55,7,Gains In Performance
2004-06-12,54,When Somebody Knows You That Well,Blake Shelton,48,12,
2004-06-12,55,Someone To Share It With,Rodney Atkins,52,10,
2004-06-12,56,High Lonesome,Jedd Hughes,59,3,Gains In Performance
2004-06-12,57,One Step At A Time,Buddy Jewell,NEW,1,Highest ranking debut|Gains In Performance
2004-06-12,58,Always Wanting More (Breathless),Lane Turner,58,7,
2004-06-12,59,The Watch,Scotty Emerick,NEW,1,Gains In Performance
2004-06-12,60,Die Of A Broken Heart,Carolyn Dawn Johnson,NEW,1,Gains In Performance
2004-06-19,1,Redneck Woman,Gretchen Wilson,1,15,Gains In Performance
2004-06-19,2,Letters From Home,John Michael Montgomery,2,21,
2004-06-19,3,If You Ever Stop Loving Me,Montgomery Gentry,3,20,Gains In Performance
2004-06-19,4,Whiskey Girl,Toby Keith,4,14,Gains In Performance
2004-06-19,5,Let's Be Us Again,Lonestar,5,16,Gains In Performance
2004-06-19,6,That's What She Gets For Loving Me,Brooks & Dunn,6,19,Gains In Performance
2004-06-19,7,Loco,David Lee Murphy,8,23,Gains In Performance
2004-06-19,8,I Go Back,Kenny Chesney,16,8,Gains In Performance
2004-06-19,9,I Can't Sleep,Clay Walker,11,28,Gains In Performance
2004-06-19,10,Live Like You Were Dying,Tim McGraw,21,3,Gains In Performance
2004-06-19,11,Mayberry,Rascal Flatts,9,25,
2004-06-19,12,Passenger Seat,SHeDAISY,13,20,Gains In Performance
2004-06-19,13,Somebody,Reba McEntire,14,23,Gains In Performance
2004-06-19,14,When The Sun Goes Down,Kenny Chesney & Uncle Kracker,10,20,
2004-06-19,15,Whiskey Lullaby,Brad Paisley Featuring Alison Krauss,17,11,Gains In Performance
2004-06-19,16,I Got A Feelin',Billy Currington,15,23,Gains In Performance
2004-06-19,17,Hey Good Lookin',"Jimmy Buffett With Clint Black, Kenny Chesney, Alan Jackson, Toby Keith & George Strait",19,4,Gains In Performance
2004-06-19,18,I Want To Live,Josh Gracin,18,15,Gains In Performance
2004-06-19,19,She Thinks She Needs Me,Andy Griggs,20,17,Gains In Performance
2004-06-19,20,Girls Lie Too,Terri Clark,23,9,Gains In Performance
2004-06-19,21,How Far,Martina McBride,25,10,Gains In Performance
2004-06-19,22,Tougher Than Nails,Joe Diffie,22,22,Gains In Performance
2004-06-19,23,Me And Emily,Rachel Proctor,27,15,Gains In Performance
2004-06-19,24,Last One Standing,Emerson Drive,24,22,Gains In Performance
2004-06-19,25,If Nobody Believed In You,Joe Nichols,30,13,Gains In Performance
2004-06-19,26,Save A Horse (Ride A Cowboy),Big & Rich,31,9,Gains In Performance
2004-06-19,27,I Wanna Make You Cry,Jeff Bates,29,22,Gains In Performance
2004-06-19,28,It Only Hurts When I'm Breathing,Shania Twain,26,18,
2004-06-19,29,The Wrong Girl,Lee Ann Womack,28,18,
2004-06-19,30,Rough & Ready,Trace Adkins,33,10,Gains In Performance
2004-06-19,31,Thank God I'm A Country Boy,Billy Dean,32,16,Gains In Performance
2004-06-19,32,Beer Man,Trent Willmon,35,12,Gains In Performance
2004-06-19,33,Men Don't Change,Amy Dalley,34,19,Gains In Performance
2004-06-19,34,Suds In The Bucket,Sara Evans,40,7,Gains In Performance
2004-06-19,35,Break Down Here,Julie Roberts,36,18,Gains In Performance
2004-06-19,36,In A Real Love,Phil Vassar,39,8,Gains In Performance
2004-06-19,37,Blame It On Mama,The Jenkins,37,13,Gains In Performance
2004-06-19,38,You Are,Jimmy Wayne,41,11,Gains In Performance
2004-06-19,39,The Girl's Gone Wild,Travis Tritt,38,7,
2004-06-19,40,Look At Us,Craig Morgan,44,8,Gains In Performance
2004-06-19,41,What It Ain't,Josh Turner,46,10,Gains In Performance
2004-06-19,42,Back Of The Bottom Drawer,Chely Wright,42,13,
2004-06-19,43,I Meant To,Brad Cotter,45,5,Gains In Performance
2004-06-19,44,How Am I Doin',Dierks Bentley,48,6,Gains In Performance
2004-06-19,45,Why Can't We All Just Get A Long Neck?,Hank Williams Jr.,43,15,
2004-06-19,46,Sweet Summer Rain,Rushlow,50,6,Gains In Performance
2004-06-19,47,Dance With My Father,Kellie Coffey,47,3,Gains In Performance
2004-06-19,48,Put Your Best Dress On,Steve Holy,49,5,Gains In Performance
2004-06-19,49,Son Of A Preacher Man,Sherrie Austin,51,5,Gains In Performance
2004-06-19,50,That's Cool,Blue County,52,5,Gains In Performance
2004-06-19,51,The Boogie Man,Clint Black,53,8,
2004-06-19,52,Die Of A Broken Heart,Carolyn Dawn Johnson,60,2,Gains In Performance
2004-06-19,53,The Watch,Scotty Emerick,59,2,Gains In Performance
2004-06-19,54,High Lonesome,Jedd Hughes,56,4,Gains In Performance
2004-06-19,55,One Step At A Time,Buddy Jewell,57,2,Gains In Performance
2004-06-19,56,Just Like A Redneck,Shannon Lawson,NEW,1,Highest ranking debut|Gains In Performance
2004-06-19,57,The Last Thing She Said,Ryan Tyler,NEW,1,Gains In Performance
2004-06-19,58,Here For The Party,Gretchen Wilson,NEW,1,Gains In Performance
2004-06-19,59,Single Father,Kid Rock,NEW,1,Gains In Performance
2004-06-19,60,Someone To Share It With,Rodney Atkins,55,11,
2004-06-26,1,Redneck Woman,Gretchen Wilson,1,16,
2004-06-26,2,Whiskey Girl,Toby Keith,4,15,Gains In Performance
2004-06-26,3,If You Ever Stop Loving Me,Montgomery Gentry,3,21,Gains In Performance
2004-06-26,4,Let's Be Us Again,Lonestar,5,17,Gains In Performance
2004-06-26,5,Letters From Home,John Michael Montgomery,2,22,
2004-06-26,6,That's What She Gets For Loving Me,Brooks & Dunn,6,20,Gains In Performance
2004-06-26,7,Loco,David Lee Murphy,7,24,Gains In Performance
2004-06-26,8,Live Like You Were Dying,Tim McGraw,10,4,Greatest gainer this week|Gains In Performance
2004-06-26,9,I Go Back,Kenny Chesney,8,9,Gains In Performance
2004-06-26,10,Somebody,Reba McEntire,13,24,Gains In Performance
2004-06-26,11,Whiskey Lullaby,Brad Paisley Featuring Alison Krauss,15,12,Gains In Performance
2004-06-26,12,I Can't Sleep,Clay Walker,9,29,
2004-06-26,13,I Got A Feelin',Billy Currington,16,24,Gains In Performance
2004-06-26,14,Hey Good Lookin',"Jimmy Buffett With Clint Black, Kenny Chesney, Alan Jackson, Toby Keith & George Strait",17,5,Gains In Performance
2004-06-26,15,When The Sun Goes Down,Kenny Chesney & Uncle Kracker,14,21,
2004-06-26,16,I Want To Live,Josh Gracin,18,16,Gains In Performance
2004-06-26,17,She Thinks She Needs Me,Andy Griggs,19,18,Gains In Performance
2004-06-26,18,Girls Lie Too,Terri Clark,20,10,Gains In Performance
2004-06-26,19,How Far,Martina McBride,21,11,Gains In Performance
2004-06-26,20,Tougher Than Nails,Joe Diffie,22,23,
2004-06-26,21,Me And Emily,Rachel Proctor,23,16,Gains In Performance
2004-06-26,22,Save A Horse (Ride A Cowboy),Big & Rich,26,10,Gains In Performance
2004-06-26,23,If Nobody Believed In You,Joe Nichols,25,14,Gains In Performance
2004-06-26,24,I Wanna Make You Cry,Jeff Bates,27,23,
2004-06-26,25,Rough & Ready,Trace Adkins,30,11,Gains In Performance
2004-06-26,26,Men Don't Change,Amy Dalley,33,20,Gains In Performance
2004-06-26,27,Thank God I'm A Country Boy,Billy Dean,31,17,Gains In Performance
2004-06-26,28,Suds In The Bucket,Sara Evans,34,8,Gains In Performance
2004-06-26,29,Break Down Here,Julie Roberts,35,19,Gains In Performance
2004-06-26,30,In A Real Love,Phil Vassar,36,9,Gains In Performance
2004-06-26,31,The Girl's Gone Wild,Travis Tritt,39,8,Gains In Performance
2004-06-26,32,You Are,Jimmy Wayne,38,12,Gains In Performance
2004-06-26,33,Beer Man,Trent Willmon,32,13,
2004-06-26,34,Blame It On Mama,The Jenkins,37,14,
2004-06-26,35,Look At Us,Craig Morgan,40,9,Gains In Performance
2004-06-26,36,What It Ain't,Josh Turner,41,11,Gains In Performance
2004-06-26,37,It Only Hurts When I'm Breathing,Shania Twain,28,19,
2004-06-26,38,I Meant To,Brad Cotter,43,6,Gains In Performance
2004-06-26,39,The Wrong Girl,Lee Ann Womack,29,19,
2004-06-26,40,How Am I Doin',Dierks Bentley,44,7,Gains In Performance
2004-06-26,41,Put Your Best Dress On,Steve Holy,48,6,Gains In Performance
2004-06-26,42,Dance With My Father,Kellie Coffey,47,4,Gains In Performance
2004-06-26,43,Sweet Summer Rain,Rushlow,46,7,
2004-06-26,44,Here For The Party,Gretchen Wilson,58,2,Gains In Performance
2004-06-26,45,Back Of The Bottom Drawer,Chely Wright,42,14,
2004-06-26,46,That's Cool,Blue County,50,6,Gains In Performance
2004-06-26,47,Feels Like Today,Rascal Flatts,NEW,1,Highest ranking debut|Gains In Performance
2004-06-26,48,Son Of A Preacher Man,Sherrie Austin,49,6,Gains In Performance
2004-06-26,49,Too Much Of A Good Thing,Alan Jackson,NEW,1,Gains In Performance
2004-06-26,50,Why Can't We All Just Get A Long Neck?,Hank Williams Jr.,45,16,
2004-06-26,51,One Step At A Time,Buddy Jewell,55,3,Gains In Performance
2004-06-26,52,Nothing On But The Radio,Gary Allan,NEW,1,Gains In Performance
2004-06-26,53,The Watch,Scotty Emerick,53,3,Gains In Performance
2004-06-26,54,The Last Thing She Said,Ryan Tyler,57,2,Gains In Performance
2004-06-26,55,It's All How You Look At It,Tracy Lawrence,NEW,1,Gains In Performance
2004-06-26,56,Die Of A Broken Heart,Carolyn Dawn Johnson,52,3,Gains In Performance
2004-06-26,57,High Lonesome,Jedd Hughes,54,5,Gains In Performance
2004-06-26,58,The Boogie Man,Clint Black,51,9,
2004-06-26,59,Single Father,Kid Rock,59,2,Gains In Performance
2004-06-26,60,(I Wanna Hear) A Cheatin' Song,Anita Cochran Featuring Conway Twitty,NEW,1,Gains In Performance
2004-07-03,1,If You Ever Stop Loving Me,Montgomery Gentry,3,22,Gains In Performance
2004-07-03,2,Whiskey Girl,Toby Keith,2,16,Gains In Performance
2004-07-03,3,Redneck Woman,Gretchen Wilson,1,17,
2004-07-03,4,Let's Be Us Again,Lonestar,4,18,Gains In Performance
2004-07-03,5,Live Like You Were Dying,Tim McGraw,8,5,Greatest gainer this week|Gains In Performance
2004-07-03,6,Loco,David Lee Murphy,7,25,Gains In Performance
2004-07-03,7,That's What She Gets For Loving Me,Brooks & Dunn,6,21,
2004-07-03,8,I Go Back,Kenny Chesney,9,10,Gains In Performance
2004-07-03,9,Letters From Home,John Michael Montgomery,5,23,
2004-07-03,10,Whiskey Lullaby,Brad Paisley Featuring Alison Krauss,11,13,Gains In Performance
2004-07-03,11,Somebody,Reba McEntire,10,25,Gains In Performance
2004-07-03,12,I Got A Feelin',Billy Currington,13,25,Gains In Performance
2004-07-03,13,Hey Good Lookin',"Jimmy Buffett With Clint Black, Kenny Chesney, Alan Jackson, Toby Keith & George Strait",14,6,Gains In Performance
2004-07-03,14,I Want To Live,Josh Gracin,16,17,Gains In Performance
2004-07-03,15,When The Sun Goes Down,Kenny Chesney & Uncle Kracker,15,22,
2004-07-03,16,Girls Lie Too,Terri Clark,18,11,Gains In Performance
2004-07-03,17,How Far,Martina McBride,19,12,Gains In Performance
2004-07-03,18,She Thinks She Needs Me,Andy Griggs,17,19,Gains In Performance
2004-07-03,19,Tougher Than Nails,Joe Diffie,20,24,Gains In Performance
2004-07-03,20,Me And Emily,Rachel Proctor,21,17,Gains In Performance
2004-07-03,21,Save A Horse (Ride A Cowboy),Big & Rich,22,11,Gains In Performance
2004-07-03,22,If Nobody Believed In You,Joe Nichols,23,15,Gains In Performance
2004-07-03,23,I Wanna Make You Cry,Jeff Bates,24,24,Gains In Performance
2004-07-03,24,Suds In The Bucket,Sara Evans,28,9,Gains In Performance
2004-07-03,25,Rough & Ready,Trace Adkins,25,12,Gains In Performance
2004-07-03,26,In A Real Love,Phil Vassar,30,10,Gains In Performance
2004-07-03,27,Break Down Here,Julie Roberts,29,20,Gains In Performance
2004-07-03,28,Men Don't Change,Amy Dalley,26,21,Gains In Performance
2004-07-03,29,Thank God I'm A Country Boy,Billy Dean,27,18,Gains In Performance
2004-07-03,30,Too Much Of A Good Thing,Alan Jackson,49,2,Gains In Performance
2004-07-03,31,You Are,Jimmy Wayne,32,13,Gains In Performance
2004-07-03,32,The Girl's Gone Wild,Travis Tritt,31,9,Gains In Performance
2004-07-03,33,Here For The Party,Gretchen Wilson,44,3,Gains In Performance
2004-07-03,34,Look At Us,Craig Morgan,35,10,Gains In Performance
2004-07-03,35,Feels Like Today,Rascal Flatts,47,2,Gains In Performance
2004-07-03,36,Beer Man,Trent Willmon,33,14,
2004-07-03,37,Days Go By,Keith Urban,NEW,1,Highest ranking debut|Gains In Performance
2004-07-03,38,What It Ain't,Josh Turner,36,12,Gains In Performance
2004-07-03,39,How Am I Doin',Dierks Bentley,40,8,Gains In Performance
2004-07-03,40,Blame It On Mama,The Jenkins,34,15,
2004-07-03,41,I Meant To,Brad Cotter,38,7,Gains In Performance
2004-07-03,42,Dance With My Father,Kellie Coffey,42,5,Gains In Performance
2004-07-03,43,Put Your Best Dress On,Steve Holy,41,7,Gains In Performance
2004-07-03,44,Sweet Summer Rain,Rushlow,43,8,
2004-07-03,45,That's Cool,Blue County,46,7,Gains In Performance
2004-07-03,46,The Wrong Girl,Lee Ann Womack,39,20,
2004-07-03,47,It Only Hurts When I'm Breathing,Shania Twain,37,20,
2004-07-03,48,Son Of A Preacher Man,Sherrie Austin,48,7,
2004-07-03,49,One Step At A Time,Buddy Jewell,51,4,Gains In Performance
2004-07-03,50,Nothing On But The Radio,Gary Allan,52,2,Gains In Performance
2004-07-03,51,It's All How You Look At It,Tracy Lawrence,55,2,Gains In Performance
2004-07-03,52,The Watch,Scotty Emerick,53,4,Gains In Performance
2004-07-03,53,The Last Thing She Said,Ryan Tyler,54,3,
2004-07-03,54,Single Father,Kid Rock,59,3,Gains In Performance
2004-07-03,55,High Lonesome,Jedd Hughes,57,6,
2004-07-03,56,Back Of The Bottom Drawer,Chely Wright,45,15,
2004-07-03,57,Just Like A Redneck,Shannon Lawson,RE,2,Gains In Performance
2004-07-03,58,Die Of A Broken Heart,Carolyn Dawn Johnson,56,4,
2004-07-03,59,The Bride,Trick Pony,NEW,1,Gains In Performance
2004-07-03,60,Why Can't We All Just Get A Long Neck?,Hank Williams Jr.,50,17,
2004-07-10,1,Whiskey Girl,Toby Keith,2,17,Gains In Performance
2004-07-10,2,Live Like You Were Dying,Tim McGraw,5,6,Gains In Performance
2004-07-10,3,If You Ever Stop Loving Me,Montgomery Gentry,1,23,
2004-07-10,4,Let's Be Us Again,Lonestar,4,19,
2004-07-10,5,Loco,David Lee Murphy,6,26,Gains In Performance
2004-07-10,6,Redneck Woman,Gretchen Wilson,3,18,
2004-07-10,7,I Go Back,Kenny Chesney,8,11,Gains In Performance
2004-07-10,8,Whiskey Lullaby,Brad Paisley Featuring Alison Krauss,10,14,Gains In Performance
2004-07-10,9,Somebody,Reba McEntire,11,26,Gains In Performance
2004-07-10,10,I Got A Feelin',Billy Currington,12,26,Gains In Performance
2004-07-10,11,That's What She Gets For Loving Me,Brooks & Dunn,7,22,
2004-07-10,12,Letters From Home,John Michael Montgomery,9,24,
2004-07-10,13,Hey Good Lookin',"Jimmy Buffett With Clint Black, Kenny Chesney, Alan Jackson, Toby Keith & George Strait",13,7,Gains In Performance
2004-07-10,14,I Want To Live,Josh Gracin,14,18,Gains In Performance
2004-07-10,15,Girls Lie Too,Terri Clark,16,12,Gains In Performance
2004-07-10,16,How Far,Martina McBride,17,13,Gains In Performance
2004-07-10,17,She Thinks She Needs Me,Andy Griggs,18,20,Gains In Performance
2004-07-10,18,Save A Horse (Ride A Cowboy),Big & Rich,21,12,Gains In Performance
2004-07-10,19,Tougher Than Nails,Joe Diffie,19,25,Gains In Performance
2004-07-10,20,Me And Emily,Rachel Proctor,20,18,Gains In Performance
2004-07-10,21,If Nobody Believed In You,Joe Nichols,22,16,Gains In Performance
2004-07-10,22,Too Much Of A Good Thing,Alan Jackson,30,3,Gains In Performance
2004-07-10,23,Days Go By,Keith Urban,37,2,Gains In Performance
2004-07-10,24,Here For The Party,Gretchen Wilson,33,4,Gains In Performance
2004-07-10,25,Suds In The Bucket,Sara Evans,24,10,Gains In Performance
2004-07-10,26,Feels Like Today,Rascal Flatts,35,3,Gains In Performance
2004-07-10,27,Rough & Ready,Trace Adkins,25,13,Gains In Performance
2004-07-10,28,Break Down Here,Julie Roberts,27,21,Gains In Performance
2004-07-10,29,Men Don't Change,Amy Dalley,28,22,Gains In Performance
2004-07-10,30,In A Real Love,Phil Vassar,26,11,Gains In Performance
2004-07-10,31,Thank God I'm A Country Boy,Billy Dean,29,19,Gains In Performance
2004-07-10,32,You Are,Jimmy Wayne,31,14,Gains In Performance
2004-07-10,33,The Girl's Gone Wild,Travis Tritt,32,10,Gains In Performance
2004-07-10,34,Look At Us,Craig Morgan,34,11,Gains In Performance
2004-07-10,35,How Am I Doin',Dierks Bentley,39,9,Gains In Performance
2004-07-10,36,What It Ain't,Josh Turner,38,13,Gains In Performance
2004-07-10,37,I Meant To,Brad Cotter,41,8,Gains In Performance
2004-07-10,38,Nothing On But The Radio,Gary Allan,50,3,Gains In Performance
2004-07-10,39,That's Cool,Blue County,45,8,Gains In Performance
2004-07-10,40,Put Your Best Dress On,Steve Holy,43,8,Gains In Performance
2004-07-10,41,Dance With My Father,Kellie Coffey,42,6,
2004-07-10,42,Sweet Summer Rain,Rushlow,44,9,
2004-07-10,43,It's All How You Look At It,Tracy Lawrence,51,3,Gains In Performance
2004-07-10,44,One Step At A Time,Buddy Jewell,49,5,Gains In Performance
2004-07-10,45,Beer Man,Trent Willmon,36,15,
2004-07-10,46,Son Of A Preacher Man,Sherrie Austin,48,8,
2004-07-10,47,Blame It On Mama,The Jenkins,40,16,
2004-07-10,48,The Bride,Trick Pony,59,2,Gains In Performance
2004-07-10,49,The Watch,Scotty Emerick,52,5,
2004-07-10,50,The Last Thing She Said,Ryan Tyler,53,4,Gains In Performance
2004-07-10,51,Come Home Soon,SHeDAISY,NEW,1,Highest ranking debut|Gains In Performance
2004-07-10,52,That's What It's All About,Brooks & Dunn,NEW,1,Gains In Performance
2004-07-10,53,Just Like A Redneck,Shannon Lawson,57,3,Gains In Performance
2004-07-10,54,Single Father,Kid Rock,54,4,
2004-07-10,55,High Lonesome,Jedd Hughes,55,7,
2004-07-10,56,"Awful, Beautiful Life",Darryl Worley,NEW,1,Gains In Performance
2004-07-10,57,Ain't Drinkin' Anymore,Kevin Fowler,NEW,1,Gains In Performance
2004-07-10,58,(I Wanna Hear) A Cheatin' Song,Anita Cochran Featuring Conway Twitty,RE,2,Gains In Performance
2004-07-10,59,Someone To Share It With,Rodney Atkins,RE,12,Gains In Performance
2004-07-10,60,You Look Good In My Shirt,Keith Urban,NEW,1,
2004-07-17,1,Live Like You Were Dying,Tim McGraw,2,7,Gains In Performance
2004-07-17,2,I Go Back,Kenny Chesney,7,12,Greatest gainer this week|Gains In Performance
2004-07-17,3,Whiskey Girl,Toby Keith,1,18,
2004-07-17,4,If You Ever Stop Loving Me,Montgomery Gentry,3,24,
2004-07-17,5,Loco,David Lee Murphy,5,27,
2004-07-17,6,Let's Be Us Again,Lonestar,4,20,
2004-07-17,7,Somebody,Reba McEntire,9,27,Gains In Performance
2004-07-17,8,Whiskey Lullaby,Brad Paisley Featuring Alison Krauss,8,15,Gains In Performance
2004-07-17,9,Redneck Woman,Gretchen Wilson,6,19,
2004-07-17,10,I Got A Feelin',Billy Currington,10,27,Gains In Performance
2004-07-17,11,Hey Good Lookin',"Jimmy Buffett With Clint Black, Kenny Chesney, Alan Jackson, Toby Keith & George Strait",13,8,Gains In Performance
2004-07-17,12,Letters From Home,John Michael Montgomery,12,25,
2004-07-17,13,I Want To Live,Josh Gracin,14,19,Gains In Performance
2004-07-17,14,Girls Lie Too,Terri Clark,15,13,Gains In Performance
2004-07-17,15,How Far,Martina McBride,16,14,Gains In Performance
2004-07-17,16,She Thinks She Needs Me,Andy Griggs,17,21,Gains In Performance
2004-07-17,17,Save A Horse (Ride A Cowboy),Big & Rich,18,13,Gains In Performance
2004-07-17,18,Days Go By,Keith Urban,23,3,Gains In Performance
2004-07-17,19,Tougher Than Nails,Joe Diffie,19,26,Gains In Performance
2004-07-17,20,Me And Emily,Rachel Proctor,20,19,Gains In Performance
2004-07-17,21,Too Much Of A Good Thing,Alan Jackson,22,4,Gains In Performance
2004-07-17,22,If Nobody Believed In You,Joe Nichols,21,17,Gains In Performance
2004-07-17,23,Here For The Party,Gretchen Wilson,24,5,Gains In Performance
2004-07-17,24,Suds In The Bucket,Sara Evans,25,11,Gains In Performance
2004-07-17,25,Feels Like Today,Rascal Flatts,26,4,Gains In Performance
2004-07-17,26,Break Down Here,Julie Roberts,28,22,Gains In Performance
2004-07-17,27,Rough & Ready,Trace Adkins,27,14,Gains In Performance
2004-07-17,28,In A Real Love,Phil Vassar,30,12,Gains In Performance
2004-07-17,29,Men Don't Change,Amy Dalley,29,23,Gains In Performance
2004-07-17,30,You Are,Jimmy Wayne,32,15,Gains In Performance
2004-07-17,31,Thank God I'm A Country Boy,Billy Dean,31,20,
2004-07-17,32,The Girl's Gone Wild,Travis Tritt,33,11,
2004-07-17,33,Look At Us,Craig Morgan,34,12,Gains In Performance
2004-07-17,34,How Am I Doin',Dierks Bentley,35,10,Gains In Performance
2004-07-17,35,What It Ain't,Josh Turner,36,14,Gains In Performance
2004-07-17,36,I Meant To,Brad Cotter,37,9,
2004-07-17,37,Nothing On But The Radio,Gary Allan,38,4,Gains In Performance
2004-07-17,38,That's Cool,Blue County,39,9,Gains In Performance
2004-07-17,39,That's What It's All About,Brooks & Dunn,52,2,Gains In Performance
2004-07-17,40,Put Your Best Dress On,Steve Holy,40,9,Gains In Performance
2004-07-17,41,I Hate Everything,George Strait,NEW,1,Highest ranking debut|Gains In Performance
2004-07-17,42,The Bride,Trick Pony,48,3,Gains In Performance
2004-07-17,43,Dance With My Father,Kellie Coffey,41,7,
2004-07-17,44,One Step At A Time,Buddy Jewell,44,6,Gains In Performance
2004-07-17,45,It's All How You Look At It,Tracy Lawrence,43,4,Gains In Performance
2004-07-17,46,Come Home Soon,SHeDAISY,51,2,Gains In Performance
2004-07-17,47,Son Of A Preacher Man,Sherrie Austin,46,9,
2004-07-17,48,The Last Thing She Said,Ryan Tyler,50,5,Gains In Performance
2004-07-17,49,Beer Man,Trent Willmon,45,16,
2004-07-17,50,The Watch,Scotty Emerick,49,6,Gains In Performance
2004-07-17,51,Sweet Summer Rain,Rushlow,42,10,
2004-07-17,52,Just Like A Redneck,Shannon Lawson,53,4,Gains In Performance
2004-07-17,53,Single Father,Kid Rock,54,5,Gains In Performance
2004-07-17,54,Blame It On Mama,The Jenkins,47,17,
2004-07-17,55,Jesus Was A Country Boy,Clay Walker,NEW,1,Gains In Performance
2004-07-17,56,Ridin' With The Legend,Keith Bryant,NEW,1,Gains In Performance
2004-07-17,57,(I Wanna Hear) A Cheatin' Song,Anita Cochran Featuring Conway Twitty,58,3,Gains In Performance
2004-07-17,58,Goes Good With Beer,John Michael Montgomery,NEW,1,Gains In Performance
2004-07-17,59,"Awful, Beautiful Life",Darryl Worley,56,2,
2004-07-17,60,The Lord Loves The Drinkin' Man,Mark Chesnutt,NEW,1,Gains In Performance
2004-07-24,1,Live Like You Were Dying,Tim McGraw,1,8,Gains In Performance
2004-07-24,2,I Go Back,Kenny Chesney,2,13,Gains In Performance
2004-07-24,3,Somebody,Reba McEntire,7,28,Gains In Performance
2004-07-24,4,Whiskey Lullaby,Brad Paisley Featuring Alison Krauss,8,16,Gains In Performance
2004-07-24,5,I Got A Feelin',Billy Currington,10,28,Gains In Performance
2004-07-24,6,Whiskey Girl,Toby Keith,3,19,
2004-07-24,7,If You Ever Stop Loving Me,Montgomery Gentry,4,25,
2004-07-24,8,Loco,David Lee Murphy,5,28,
2004-07-24,9,Redneck Woman,Gretchen Wilson,9,20,
2004-07-24,10,Hey Good Lookin',"Jimmy Buffett With Clint Black, Kenny Chesney, Alan Jackson, Toby Keith & George Strait",11,9,Gains In Performance
2004-07-24,11,Girls Lie Too,Terri Clark,14,14,Gains In Performance
2004-07-24,12,I Want To Live,Josh Gracin,13,20,Gains In Performance
2004-07-24,13,Let's Be Us Again,Lonestar,6,21,
2004-07-24,14,How Far,Martina McBride,15,15,Gains In Performance
2004-07-24,15,She Thinks She Needs Me,Andy Griggs,16,22,Gains In Performance
2004-07-24,16,Days Go By,Keith Urban,18,4,Gains In Performance
2004-07-24,17,Save A Horse (Ride A Cowboy),Big & Rich,17,14,Gains In Performance
2004-07-24,18,Too Much Of A Good Thing,Alan Jackson,21,5,Gains In Performance
2004-07-24,19,Tougher Than Nails,Joe Diffie,19,27,Gains In Performance
2004-07-24,20,Me And Emily,Rachel Proctor,20,20,Gains In Performance
2004-07-24,21,Here For The Party,Gretchen Wilson,23,6,Gains In Performance
2004-07-24,22,If Nobody Believed In You,Joe Nichols,22,18,Gains In Performance
2004-07-24,23,Feels Like Today,Rascal Flatts,25,5,Gains In Performance
2004-07-24,24,Suds In The Bucket,Sara Evans,24,12,Gains In Performance
2004-07-24,25,Break Down Here,Julie Roberts,26,23,Gains In Performance
2004-07-24,26,In A Real Love,Phil Vassar,28,13,Gains In Performance
2004-07-24,27,Rough & Ready,Trace Adkins,27,15,Gains In Performance
2004-07-24,28,Men Don't Change,Amy Dalley,29,24,Gains In Performance
2004-07-24,29,I Hate Everything,George Strait,41,2,Gains In Performance
2004-07-24,30,You Are,Jimmy Wayne,30,16,Gains In Performance
2004-07-24,31,That's What It's All About,Brooks & Dunn,39,3,Gains In Performance
2004-07-24,32,The Girl's Gone Wild,Travis Tritt,32,12,Gains In Performance
2004-07-24,33,How Am I Doin',Dierks Bentley,34,11,Gains In Performance
2004-07-24,34,Look At Us,Craig Morgan,33,13,Gains In Performance
2004-07-24,35,Nothing On But The Radio,Gary Allan,37,5,Gains In Performance
2004-07-24,36,What It Ain't,Josh Turner,35,15,Gains In Performance
2004-07-24,37,That's Cool,Blue County,38,10,Gains In Performance
2004-07-24,38,I Meant To,Brad Cotter,36,10,Gains In Performance
2004-07-24,39,Put Your Best Dress On,Steve Holy,40,10,Gains In Performance
2004-07-24,40,The Bride,Trick Pony,42,4,Gains In Performance
2004-07-24,41,One Step At A Time,Buddy Jewell,44,7,Gains In Performance
2004-07-24,42,It's All How You Look At It,Tracy Lawrence,45,5,Gains In Performance
2004-07-24,43,Come Home Soon,SHeDAISY,46,3,Gains In Performance
2004-07-24,44,The Last Thing She Said,Ryan Tyler,48,6,Gains In Performance
2004-07-24,45,Dance With My Father,Kellie Coffey,43,8,
2004-07-24,46,Mr. Mom,Lonestar,NEW,1,Highest ranking debut|Gains In Performance
2004-07-24,47,It's Hard To Kiss The Lips At Night That Chew Your Ass Out All Day Long,The Notorious Cherry Bombs,NEW,1,Gains In Performance
2004-07-24,48,Jesus Was A Country Boy,Clay Walker,55,2,Gains In Performance
2004-07-24,49,The Lord Loves The Drinkin' Man,Mark Chesnutt,60,2,Gains In Performance
2004-07-24,50,Son Of A Preacher Man,Sherrie Austin,47,10,
2004-07-24,51,Just Like A Redneck,Shannon Lawson,52,5,Gains In Performance
2004-07-24,52,"Awful, Beautiful Life",Darryl Worley,59,3,Gains In Performance
2004-07-24,53,Single Father,Kid Rock,53,6,Gains In Performance
2004-07-24,54,Sweet Summer Rain,Rushlow,51,11,
2004-07-24,55,The Watch,Scotty Emerick,50,7,
2004-07-24,56,Baby Girl,Sugarland,NEW,1,Gains In Performance
2004-07-24,57,You Do Your Thing,Montgomery Gentry,NEW,1,Gains In Performance
2004-07-24,58,Feel My Way To You,Restless Heart,NEW,1,Gains In Performance
2004-07-24,59,(I Wanna Hear) A Cheatin' Song,Anita Cochran Featuring Conway Twitty,57,4,
2004-07-24,60,Beer Man,Trent Willmon,49,17,
2004-07-31,1,Live Like You Were Dying,Tim McGraw,1,9,Gains In Performance
2004-07-31,2,I Go Back,Kenny Chesney,2,14,Gains In Performance
2004-07-31,3,Somebody,Reba McEntire,3,29,Gains In Performance
2004-07-31,4,Whiskey Lullaby,Brad Paisley Featuring Alison Krauss,4,17,Gains In Performance
2004-07-31,5,I Got A Feelin',Billy Currington,5,29,Gains In Performance
2004-07-31,6,I Want To Live,Josh Gracin,12,21,Gains In Performance
2004-07-31,7,Girls Lie Too,Terri Clark,11,15,Gains In Performance
2004-07-31,8,Hey Good Lookin',"Jimmy Buffett With Clint Black, Kenny Chesney, Alan Jackson, Toby Keith & George Strait",10,10,Gains In Performance
2004-07-31,9,Whiskey Girl,Toby Keith,6,20,
2004-07-31,10,Days Go By,Keith Urban,16,5,Gains In Performance
2004-07-31,11,If You Ever Stop Loving Me,Montgomery Gentry,7,26,
2004-07-31,12,How Far,Martina McBride,14,16,Gains In Performance
2004-07-31,13,Redneck Woman,Gretchen Wilson,9,21,
2004-07-31,14,She Thinks She Needs Me,Andy Griggs,15,23,Gains In Performance
2004-07-31,15,Too Much Of A Good Thing,Alan Jackson,18,6,Gains In Performance
2004-07-31,16,Save A Horse (Ride A Cowboy),Big & Rich,17,15,Gains In Performance
2004-07-31,17,Here For The Party,Gretchen Wilson,21,7,Gains In Performance
2004-07-31,18,Me And Emily,Rachel Proctor,20,21,Gains In Performance
2004-07-31,19,Tougher Than Nails,Joe Diffie,19,28,
2004-07-31,20,If Nobody Believed In You,Joe Nichols,22,19,Gains In Performance
2004-07-31,21,Suds In The Bucket,Sara Evans,24,13,Gains In Performance
2004-07-31,22,Feels Like Today,Rascal Flatts,23,6,Gains In Performance
2004-07-31,23,I Hate Everything,George Strait,29,3,Gains In Performance
2004-07-31,24,Break Down Here,Julie Roberts,25,24,Gains In Performance
2004-07-31,25,In A Real Love,Phil Vassar,26,14,Gains In Performance
2004-07-31,26,Rough & Ready,Trace Adkins,27,16,Gains In Performance
2004-07-31,27,Men Don't Change,Amy Dalley,28,25,Gains In Performance
2004-07-31,28,You Are,Jimmy Wayne,30,17,Gains In Performance
2004-07-31,29,That's What It's All About,Brooks & Dunn,31,4,Gains In Performance
2004-07-31,30,The Girl's Gone Wild,Travis Tritt,32,13,Gains In Performance
2004-07-31,31,How Am I Doin',Dierks Bentley,33,12,Gains In Performance
2004-07-31,32,Look At Us,Craig Morgan,34,14,
2004-07-31,33,Nothing On But The Radio,Gary Allan,35,6,Gains In Performance
2004-07-31,34,What It Ain't,Josh Turner,36,16,Gains In Performance
2004-07-31,35,That's Cool,Blue County,37,11,Gains In Performance
2004-07-31,36,I Meant To,Brad Cotter,38,11,
2004-07-31,37,Put Your Best Dress On,Steve Holy,39,11,Gains In Performance
2004-07-31,38,Come Home Soon,SHeDAISY,43,4,Gains In Performance
2004-07-31,39,The Bride,Trick Pony,40,5,
2004-07-31,40,One Step At A Time,Buddy Jewell,41,8,Gains In Performance
2004-07-31,41,It's All How You Look At It,Tracy Lawrence,42,6,Gains In Performance
2004-07-31,42,"Awful, Beautiful Life",Darryl Worley,52,4,Gains In Performance
2004-07-31,43,The Last Thing She Said,Ryan Tyler,44,7,Gains In Performance
2004-07-31,44,You Do Your Thing,Montgomery Gentry,57,2,Gains In Performance
2004-07-31,45,Jesus Was A Country Boy,Clay Walker,48,3,Gains In Performance
2004-07-31,46,Mr. Mom,Lonestar,46,2,Gains In Performance
2004-07-31,47,The Lord Loves The Drinkin' Man,Mark Chesnutt,49,3,Gains In Performance
2004-07-31,48,Feel My Way To You,Restless Heart,58,2,Gains In Performance
2004-07-31,49,My Imagination,Clint Black,NEW,1,Highest ranking debut|Gains In Performance
2004-07-31,50,Just Like A Redneck,Shannon Lawson,51,6,
2004-07-31,51,No End In Sight,Katrina Elam,NEW,1,Gains In Performance
2004-07-31,52,Baby Girl,Sugarland,56,2,Gains In Performance
2004-07-31,53,Single Father,Kid Rock,53,7,
2004-07-31,54,Son Of A Preacher Man,Sherrie Austin,50,11,
2004-07-31,55,It's Hard To Kiss The Lips At Night That Chew Your Ass Out All Day Long,The Notorious Cherry Bombs,47,2,
2004-07-31,56,Dance With My Father,Kellie Coffey,45,9,
2004-07-31,57,(I Wanna Hear) A Cheatin' Song,Anita Cochran Featuring Conway Twitty,59,5,Gains In Performance
2004-07-31,58,Ridin' With The Legend,Keith Bryant,RE,2,Gains In Performance
2004-07-31,59,Heaven,Los Lonely Boys,NEW,1,Gains In Performance
2004-07-31,60,My World Is Over,Kenny Rogers With Whitney Duncan,NEW,1,Gains In Performance
2004-08-07,1,Somebody,Reba McEntire,3,30,Greatest gainer this week|Gains In Performance
2004-08-07,2,Live Like You Were Dying,Tim McGraw,1,10,Gains In Performance
2004-08-07,3,I Go Back,Kenny Chesney,2,15,Gains In Performance
2004-08-07,4,Whiskey Lullaby,Brad Paisley Featuring Alison Krauss,4,18,Gains In Performance
2004-08-07,5,I Got A Feelin',Billy Currington,5,30,Gains In Performance
2004-08-07,6,I Want To Live,Josh Gracin,6,22,Gains In Performance
2004-08-07,7,Girls Lie Too,Terri Clark,7,16,Gains In Performance
2004-08-07,8,Days Go By,Keith Urban,10,6,Gains In Performance
2004-08-07,9,Hey Good Lookin',"Jimmy Buffett With Clint Black, Kenny Chesney, Alan Jackson, Toby Keith & George Strait",8,11,
2004-08-07,10,She Thinks She Needs Me,Andy Griggs,14,24,Gains In Performance
2004-08-07,11,Save A Horse (Ride A Cowboy),Big & Rich,16,16,Gains In Performance
2004-08-07,12,Too Much Of A Good Thing,Alan Jackson,15,7,Gains In Performance
2004-08-07,13,How Far,Martina McBride,12,17,Gains In Performance
2004-08-07,14,Here For The Party,Gretchen Wilson,17,8,Gains In Performance
2004-08-07,15,Redneck Woman,Gretchen Wilson,13,22,
2004-08-07,16,I Hate Everything,George Strait,23,4,Gains In Performance
2004-08-07,17,Suds In The Bucket,Sara Evans,21,14,Gains In Performance
2004-08-07,18,Me And Emily,Rachel Proctor,18,22,
2004-08-07,19,If Nobody Believed In You,Joe Nichols,20,20,
2004-08-07,20,Feels Like Today,Rascal Flatts,22,7,Gains In Performance
2004-08-07,21,Break Down Here,Julie Roberts,24,25,Gains In Performance
2004-08-07,22,In A Real Love,Phil Vassar,25,15,Gains In Performance
2004-08-07,23,Rough & Ready,Trace Adkins,26,17,Gains In Performance
2004-08-07,24,That's What It's All About,Brooks & Dunn,29,5,Gains In Performance
2004-08-07,25,Men Don't Change,Amy Dalley,27,26,Gains In Performance
2004-08-07,26,You Are,Jimmy Wayne,28,18,Gains In Performance
2004-08-07,27,How Am I Doin',Dierks Bentley,31,13,Gains In Performance
2004-08-07,28,The Girl's Gone Wild,Travis Tritt,30,14,Gains In Performance
2004-08-07,29,Nothing On But The Radio,Gary Allan,33,7,Gains In Performance
2004-08-07,30,Look At Us,Craig Morgan,32,15,
2004-08-07,31,What It Ain't,Josh Turner,34,17,
2004-08-07,32,That's Cool,Blue County,35,12,Gains In Performance
2004-08-07,33,Come Home Soon,SHeDAISY,38,5,Gains In Performance
2004-08-07,34,Put Your Best Dress On,Steve Holy,37,12,Gains In Performance
2004-08-07,35,I Meant To,Brad Cotter,36,12,Gains In Performance
2004-08-07,36,The Bride,Trick Pony,39,6,Gains In Performance
2004-08-07,37,You Do Your Thing,Montgomery Gentry,44,3,Gains In Performance
2004-08-07,38,"Awful, Beautiful Life",Darryl Worley,42,5,Gains In Performance
2004-08-07,39,It's All How You Look At It,Tracy Lawrence,41,7,Gains In Performance
2004-08-07,40,Mr. Mom,Lonestar,46,3,Gains In Performance
2004-08-07,41,One Step At A Time,Buddy Jewell,40,9,
2004-08-07,42,The Last Thing She Said,Ryan Tyler,43,8,Gains In Performance
2004-08-07,43,Feel My Way To You,Restless Heart,48,3,Gains In Performance
2004-08-07,44,The Lord Loves The Drinkin' Man,Mark Chesnutt,47,4,
2004-08-07,45,Baby Girl,Sugarland,52,3,Gains In Performance
2004-08-07,46,No End In Sight,Katrina Elam,51,2,Gains In Performance
2004-08-07,47,Jesus Was A Country Boy,Clay Walker,45,4,Gains In Performance
2004-08-07,48,Just Like A Redneck,Shannon Lawson,50,7,Gains In Performance
2004-08-07,49,My Imagination,Clint Black,49,2,Gains In Performance
2004-08-07,50,Single Father,Kid Rock,53,8,
2004-08-07,51,Some Beach,Blake Shelton,NEW,1,Highest ranking debut|Gains In Performance
2004-08-07,52,Dance With My Father,Kellie Coffey,56,10,Gains In Performance
2004-08-07,53,It's Hard To Kiss The Lips At Night That Chew Your Ass Out All Day Long,The Notorious Cherry Bombs,55,3,
2004-08-07,54,Ridin' With The Legend,Keith Bryant,58,3,Gains In Performance
2004-08-07,55,Goes Good With Beer,John Michael Montgomery,RE,2,Gains In Performance
2004-08-07,56,Dixie Rose Deluxe's...,Trent Willmon,NEW,1,Gains In Performance
2004-08-07,57,(I Wanna Hear) A Cheatin' Song,Anita Cochran Featuring Conway Twitty,57,6,
2004-08-07,58,Ain't Drinkin' Anymore,Kevin Fowler,RE,2,Gains In Performance
2004-08-07,59,Beer Man,Trent Willmon,RE,18,Gains In Performance
2004-08-07,60,My Love Will Not Change,Hal Ketchum,NEW,1,Gains In Performance
2004-08-14,1,Live Like You Were Dying,Tim McGraw,2,11,Gains In Performance
2004-08-14,2,I Go Back,Kenny Chesney,3,16,Gains In Performance
2004-08-14,3,Whiskey Lullaby,Brad Paisley Featuring Alison Krauss,4,19,Gains In Performance
2004-08-14,4,Somebody,Reba McEntire,1,31,
2004-08-14,5,I Got A Feelin',Billy Currington,5,31,
2004-08-14,6,I Want To Live,Josh Gracin,6,23,Gains In Performance
2004-08-14,7,Girls Lie Too,Terri Clark,7,17,Gains In Performance
2004-08-14,8,Days Go By,Keith Urban,8,7,Gains In Performance
2004-08-14,9,She Thinks She Needs Me,Andy Griggs,10,25,Gains In Performance
2004-08-14,10,Too Much Of A Good Thing,Alan Jackson,12,8,Gains In Performance
2004-08-14,11,Save A Horse (Ride A Cowboy),Big & Rich,11,17,Gains In Performance
2004-08-14,12,Hey Good Lookin',"Jimmy Buffett With Clint Black, Kenny Chesney, Alan Jackson, Toby Keith & George Strait",9,12,
2004-08-14,13,Here For The Party,Gretchen Wilson,14,9,Gains In Performance
2004-08-14,14,How Far,Martina McBride,13,18,
2004-08-14,15,I Hate Everything,George Strait,16,5,Gains In Performance
2004-08-14,16,Suds In The Bucket,Sara Evans,17,15,Gains In Performance
2004-08-14,17,If Nobody Believed In You,Joe Nichols,19,21,Gains In Performance
2004-08-14,18,Feels Like Today,Rascal Flatts,20,8,Gains In Performance
2004-08-14,19,In A Real Love,Phil Vassar,22,16,Gains In Performance
2004-08-14,20,Rough & Ready,Trace Adkins,23,18,Gains In Performance
2004-08-14,21,Break Down Here,Julie Roberts,21,26,Gains In Performance
2004-08-14,22,That's What It's All About,Brooks & Dunn,24,6,Gains In Performance
2004-08-14,23,Men Don't Change,Amy Dalley,25,27,Gains In Performance
2004-08-14,24,You Are,Jimmy Wayne,26,19,Gains In Performance
2004-08-14,25,How Am I Doin',Dierks Bentley,27,14,Gains In Performance
2004-08-14,26,Nothing On But The Radio,Gary Allan,29,8,Gains In Performance
2004-08-14,27,Stays In Mexico,Toby Keith,NEW,1,Highest ranking debut|Gains In Performance
2004-08-14,28,The Girl's Gone Wild,Travis Tritt,28,15,
2004-08-14,29,Come Home Soon,SHeDAISY,33,6,Gains In Performance
2004-08-14,30,Look At Us,Craig Morgan,30,16,Gains In Performance
2004-08-14,31,That's Cool,Blue County,32,13,Gains In Performance
2004-08-14,32,Mr. Mom,Lonestar,40,4,Gains In Performance
2004-08-14,33,Put Your Best Dress On,Steve Holy,34,13,Gains In Performance
2004-08-14,34,The Bride,Trick Pony,36,7,Gains In Performance
2004-08-14,35,What It Ain't,Josh Turner,31,18,
2004-08-14,36,You Do Your Thing,Montgomery Gentry,37,4,Gains In Performance
2004-08-14,37,"Awful, Beautiful Life",Darryl Worley,38,6,Gains In Performance
2004-08-14,38,One Step At A Time,Buddy Jewell,41,10,Gains In Performance
2004-08-14,39,I Meant To,Brad Cotter,35,13,
2004-08-14,40,It's All How You Look At It,Tracy Lawrence,39,8,Gains In Performance
2004-08-14,41,Feel My Way To You,Restless Heart,43,4,Gains In Performance
2004-08-14,42,Jesus Was A Country Boy,Clay Walker,47,5,Gains In Performance
2004-08-14,43,The Lord Loves The Drinkin' Man,Mark Chesnutt,44,5,Gains In Performance
2004-08-14,44,The Last Thing She Said,Ryan Tyler,42,9,
2004-08-14,45,No End In Sight,Katrina Elam,46,3,Gains In Performance
2004-08-14,46,Baby Girl,Sugarland,45,4,Gains In Performance
2004-08-14,47,Some Beach,Blake Shelton,51,2,Gains In Performance
2004-08-14,48,Just Like A Redneck,Shannon Lawson,48,8,
2004-08-14,49,My Imagination,Clint Black,49,3,
2004-08-14,50,Dixie Rose Deluxe's...,Trent Willmon,56,2,Gains In Performance
2004-08-14,51,Ridin' With The Legend,Keith Bryant,54,4,Gains In Performance
2004-08-14,52,Single Father,Kid Rock,50,9,
2004-08-14,53,Goes Good With Beer,John Michael Montgomery,55,3,Gains In Performance
2004-08-14,54,It's Hard To Kiss The Lips At Night That Chew Your Ass Out All Day Long,The Notorious Cherry Bombs,53,4,
2004-08-14,55,Dance With My Father,Kellie Coffey,52,11,
2004-08-14,56,Ain't Drinkin' Anymore,Kevin Fowler,58,3,
2004-08-14,57,The Upside Of Being Down,Catherine Britt,NEW,1,Gains In Performance
2004-08-14,58,Getaway Car,The Jenkins,NEW,1,Gains In Performance
2004-08-14,59,Heaven,Los Lonely Boys,RE,2,Gains In Performance
2004-08-14,60,Can't You Tell,Diamond Rio,NEW,1,Gains In Performance
2004-08-21,1,Live Like You Were Dying,Tim McGraw,1,12,
2004-08-21,2,I Go Back,Kenny Chesney,2,17,
2004-08-21,3,Whiskey Lullaby,Brad Paisley Featuring Alison Krauss,3,20,Gains In Performance
2004-08-21,4,I Want To Live,Josh Gracin,6,24,Gains In Performance
2004-08-21,5,Days Go By,Keith Urban,8,8,Gains In Performance
2004-08-21,6,I Got A Feelin',Billy Currington,5,32,
2004-08-21,7,Girls Lie Too,Terri Clark,7,18,Gains In Performance
2004-08-21,8,Somebody,Reba McEntire,4,32,
2004-08-21,9,She Thinks She Needs Me,Andy Griggs,9,26,Gains In Performance
2004-08-21,10,Too Much Of A Good Thing,Alan Jackson,10,9,Gains In Performance
2004-08-21,11,Save A Horse (Ride A Cowboy),Big & Rich,11,18,Gains In Performance
2004-08-21,12,Here For The Party,Gretchen Wilson,13,10,Gains In Performance
2004-08-21,13,I Hate Everything,George Strait,15,6,Gains In Performance
2004-08-21,14,Suds In The Bucket,Sara Evans,16,16,Gains In Performance
2004-08-21,15,How Far,Martina McBride,14,19,
2004-08-21,16,Feels Like Today,Rascal Flatts,18,9,Gains In Performance
2004-08-21,17,If Nobody Believed In You,Joe Nichols,17,22,Gains In Performance
2004-08-21,18,Hey Good Lookin',"Jimmy Buffett With Clint Black, Kenny Chesney, Alan Jackson, Toby Keith & George Strait",12,13,
2004-08-21,19,Rough & Ready,Trace Adkins,20,19,Gains In Performance
2004-08-21,20,That's What It's All About,Brooks & Dunn,22,7,Gains In Performance
2004-08-21,21,In A Real Love,Phil Vassar,19,17,Gains In Performance
2004-08-21,22,Break Down Here,Julie Roberts,21,27,Gains In Performance
2004-08-21,23,Stays In Mexico,Toby Keith,27,2,Gains In Performance
2004-08-21,24,Men Don't Change,Amy Dalley,23,28,Gains In Performance
2004-08-21,25,You Are,Jimmy Wayne,24,20,Gains In Performance
2004-08-21,26,Nothing On But The Radio,Gary Allan,26,9,Gains In Performance
2004-08-21,27,How Am I Doin',Dierks Bentley,25,15,Gains In Performance
2004-08-21,28,The Girl's Gone Wild,Travis Tritt,28,16,Gains In Performance
2004-08-21,29,Come Home Soon,SHeDAISY,29,7,Gains In Performance
2004-08-21,30,Mr. Mom,Lonestar,32,5,Gains In Performance
2004-08-21,31,Look At Us,Craig Morgan,30,17,Gains In Performance
2004-08-21,32,That's Cool,Blue County,31,14,Gains In Performance
2004-08-21,33,You Do Your Thing,Montgomery Gentry,36,5,Gains In Performance
2004-08-21,34,"Awful, Beautiful Life",Darryl Worley,37,7,Gains In Performance
2004-08-21,35,Put Your Best Dress On,Steve Holy,33,14,Gains In Performance
2004-08-21,36,The Bride,Trick Pony,34,8,Gains In Performance
2004-08-21,37,It's All How You Look At It,Tracy Lawrence,40,9,Gains In Performance
2004-08-21,38,Some Beach,Blake Shelton,47,3,Gains In Performance
2004-08-21,39,Feel My Way To You,Restless Heart,41,5,Gains In Performance
2004-08-21,40,Jesus Was A Country Boy,Clay Walker,42,6,Gains In Performance
2004-08-21,41,What It Ain't,Josh Turner,35,19,
2004-08-21,42,The Lord Loves The Drinkin' Man,Mark Chesnutt,43,6,Gains In Performance
2004-08-21,43,One Step At A Time,Buddy Jewell,38,11,
2004-08-21,44,I Meant To,Brad Cotter,39,14,
2004-08-21,45,No End In Sight,Katrina Elam,45,4,Gains In Performance
2004-08-21,46,Baby Girl,Sugarland,46,5,Gains In Performance
2004-08-21,47,Dixie Rose Deluxe's...,Trent Willmon,50,3,Gains In Performance
2004-08-21,48,The Last Thing She Said,Ryan Tyler,44,10,
2004-08-21,49,My Imagination,Clint Black,49,4,Gains In Performance
2004-08-21,50,Just Like A Redneck,Shannon Lawson,48,9,
2004-08-21,51,Ridin' With The Legend,Keith Bryant,51,5,
2004-08-21,52,Can't You Tell,Diamond Rio,60,2,Gains In Performance
2004-08-21,53,It's Hard To Kiss The Lips At Night That Chew Your Ass Out All Day Long,The Notorious Cherry Bombs,54,5,Gains In Performance
2004-08-21,54,Goes Good With Beer,John Michael Montgomery,53,4,Gains In Performance
2004-08-21,55,Getaway Car,The Jenkins,58,2,Gains In Performance
2004-08-21,56,Single Father,Kid Rock,52,10,
2004-08-21,57,Heaven,Los Lonely Boys,59,3,Gains In Performance
2004-08-21,58,Ain't Drinkin' Anymore,Kevin Fowler,56,4,Gains In Performance
2004-08-21,59,If I Could Only Bring You Back,Joe Diffie,NEW,1,Highest ranking debut|Gains In Performance
2004-08-21,60,Don't Break My Heart Again,Pat Green,NEW,1,Gains In Performance
2004-08-28,1,Live Like You Were Dying,Tim McGraw,1,13,
2004-08-28,2,I Go Back,Kenny Chesney,2,18,Gains In Performance
2004-08-28,3,Whiskey Lullaby,Brad Paisley Featuring Alison Krauss,3,21,Gains In Performance
2004-08-28,4,Days Go By,Keith Urban,5,9,Gains In Performance
2004-08-28,5,I Want To Live,Josh Gracin,4,25,
2004-08-28,6,Girls Lie Too,Terri Clark,7,19,Gains In Performance
2004-08-28,7,She Thinks She Needs Me,Andy Griggs,9,27,Gains In Performance
2004-08-28,8,Too Much Of A Good Thing,Alan Jackson,10,10,Gains In Performance
2004-08-28,9,Suds In The Bucket,Sara Evans,14,17,Gains In Performance
2004-08-28,10,Here For The Party,Gretchen Wilson,12,11,Gains In Performance
2004-08-28,11,I Got A Feelin',Billy Currington,6,33,
2004-08-28,12,Save A Horse (Ride A Cowboy),Big & Rich,11,19,Gains In Performance
2004-08-28,13,I Hate Everything,George Strait,13,7,Gains In Performance
2004-08-28,14,Feels Like Today,Rascal Flatts,16,10,Gains In Performance
2004-08-28,15,If Nobody Believed In You,Joe Nichols,17,23,Gains In Performance
2004-08-28,16,Stays In Mexico,Toby Keith,23,3,Gains In Performance
2004-08-28,17,That's What It's All About,Brooks & Dunn,20,8,Gains In Performance
2004-08-28,18,In A Real Love,Phil Vassar,21,18,Gains In Performance
2004-08-28,19,Rough & Ready,Trace Adkins,19,20,Gains In Performance
2004-08-28,20,How Far,Martina McBride,15,20,
2004-08-28,21,Break Down Here,Julie Roberts,22,28,Gains In Performance
2004-08-28,22,You Are,Jimmy Wayne,25,21,Gains In Performance
2004-08-28,23,How Am I Doin',Dierks Bentley,27,16,Gains In Performance
2004-08-28,24,Nothing On But The Radio,Gary Allan,26,10,Gains In Performance
2004-08-28,25,Hey Good Lookin',"Jimmy Buffett With Clint Black, Kenny Chesney, Alan Jackson, Toby Keith & George Strait",18,14,
2004-08-28,26,Mr. Mom,Lonestar,30,6,Gains In Performance
2004-08-28,27,Come Home Soon,SHeDAISY,29,8,Gains In Performance
2004-08-28,28,The Girl's Gone Wild,Travis Tritt,28,17,
2004-08-28,29,Look At Us,Craig Morgan,31,18,Gains In Performance
2004-08-28,30,That's Cool,Blue County,32,15,Gains In Performance
2004-08-28,31,You Do Your Thing,Montgomery Gentry,33,6,Gains In Performance
2004-08-28,32,"Awful, Beautiful Life",Darryl Worley,34,8,Gains In Performance
2004-08-28,33,Put Your Best Dress On,Steve Holy,35,15,Gains In Performance
2004-08-28,34,The Bride,Trick Pony,36,9,Gains In Performance
2004-08-28,35,Some Beach,Blake Shelton,38,4,Gains In Performance
2004-08-28,36,It's All How You Look At It,Tracy Lawrence,37,10,
2004-08-28,37,Jesus Was A Country Boy,Clay Walker,40,7,Gains In Performance
2004-08-28,38,Feel My Way To You,Restless Heart,39,6,Gains In Performance
2004-08-28,39,Baby Girl,Sugarland,46,6,Gains In Performance
2004-08-28,40,The Lord Loves The Drinkin' Man,Mark Chesnutt,42,7,Gains In Performance
2004-08-28,41,No End In Sight,Katrina Elam,45,5,Gains In Performance
2004-08-28,42,Dixie Rose Deluxe's...,Trent Willmon,47,4,Gains In Performance
2004-08-28,43,One Step At A Time,Buddy Jewell,43,12,
2004-08-28,44,My Imagination,Clint Black,49,5,Gains In Performance
2004-08-28,45,Can't You Tell,Diamond Rio,52,3,Gains In Performance
2004-08-28,46,I Meant To,Brad Cotter,44,15,
2004-08-28,47,Getaway Car,The Jenkins,55,3,Gains In Performance
2004-08-28,48,Ridin' With The Legend,Keith Bryant,51,6,Gains In Performance
2004-08-28,49,Don't Break My Heart Again,Pat Green,60,2,Gains In Performance
2004-08-28,50,What It Ain't,Josh Turner,41,20,
2004-08-28,51,Heaven,Los Lonely Boys,57,4,Gains In Performance
2004-08-28,52,Goes Good With Beer,John Michael Montgomery,54,5,Gains In Performance
2004-08-28,53,Just Like A Redneck,Shannon Lawson,50,10,
2004-08-28,54,It's Hard To Kiss The Lips At Night That Chew Your Ass Out All Day Long,The Notorious Cherry Bombs,53,6,
2004-08-28,55,The Upside Of Being Down,Catherine Britt,RE,2,Gains In Performance
2004-08-28,56,Freedom,Christy Sutherland,NEW,1,Highest ranking debut|Gains In Performance
2004-08-28,57,The Last Thing She Said,Ryan Tyler,48,11,
2004-08-28,58,November,Emerson Drive,NEW,1,Gains In Performance
2004-08-28,59,Ain't Drinkin' Anymore,Kevin Fowler,58,5,Gains In Performance
2004-08-28,60,Single Father,Kid Rock,56,11,
2004-09-04,1,Live Like You Were Dying,Tim McGraw,1,14,
2004-09-04,2,I Go Back,Kenny Chesney,2,19,
2004-09-04,3,Days Go By,Keith Urban,4,10,Gains In Performance
2004-09-04,4,Whiskey Lullaby,Brad Paisley Featuring Alison Krauss,3,22,
2004-09-04,5,Girls Lie Too,Terri Clark,6,20,Gains In Performance
2004-09-04,6,I Want To Live,Josh Gracin,5,26,
2004-09-04,7,She Thinks She Needs Me,Andy Griggs,7,28,Gains In Performance
2004-09-04,8,Too Much Of A Good Thing,Alan Jackson,8,11,Gains In Performance
2004-09-04,9,Suds In The Bucket,Sara Evans,9,18,Gains In Performance
2004-09-04,10,Here For The Party,Gretchen Wilson,10,12,Gains In Performance
2004-09-04,11,Save A Horse (Ride A Cowboy),Big & Rich,12,20,Gains In Performance
2004-09-04,12,I Hate Everything,George Strait,13,8,Gains In Performance
2004-09-04,13,Stays In Mexico,Toby Keith,16,4,Greatest gainer this week|Gains In Performance
2004-09-04,14,Feels Like Today,Rascal Flatts,14,11,Gains In Performance
2004-09-04,15,That's What It's All About,Brooks & Dunn,17,9,Gains In Performance
2004-09-04,16,If Nobody Believed In You,Joe Nichols,15,24,Gains In Performance
2004-09-04,17,In A Real Love,Phil Vassar,18,19,Gains In Performance
2004-09-04,18,Rough & Ready,Trace Adkins,19,21,Gains In Performance
2004-09-04,19,Break Down Here,Julie Roberts,21,29,Gains In Performance
2004-09-04,20,You Are,Jimmy Wayne,22,22,Gains In Performance
2004-09-04,21,How Am I Doin',Dierks Bentley,23,17,Gains In Performance
2004-09-04,22,Nothing On But The Radio,Gary Allan,24,11,Gains In Performance
2004-09-04,23,Mr. Mom,Lonestar,26,7,Gains In Performance
2004-09-04,24,Come Home Soon,SHeDAISY,27,9,Gains In Performance
2004-09-04,25,Hey Good Lookin',"Jimmy Buffett With Clint Black, Kenny Chesney, Alan Jackson, Toby Keith & George Strait",25,15,
2004-09-04,26,That's Cool,Blue County,30,16,Gains In Performance
2004-09-04,27,You Do Your Thing,Montgomery Gentry,31,7,Gains In Performance
2004-09-04,28,Look At Us,Craig Morgan,29,19,Gains In Performance
2004-09-04,29,"Awful, Beautiful Life",Darryl Worley,32,9,Gains In Performance
2004-09-04,30,Some Beach,Blake Shelton,35,5,Gains In Performance
2004-09-04,31,The Bride,Trick Pony,34,10,Gains In Performance
2004-09-04,32,Put Your Best Dress On,Steve Holy,33,16,Gains In Performance
2004-09-04,33,The Girl's Gone Wild,Travis Tritt,28,18,
2004-09-04,34,Feel My Way To You,Restless Heart,38,7,Gains In Performance
2004-09-04,35,Jesus Was A Country Boy,Clay Walker,37,8,Gains In Performance
2004-09-04,36,Baby Girl,Sugarland,39,7,Gains In Performance
2004-09-04,37,It's All How You Look At It,Tracy Lawrence,36,11,
2004-09-04,38,The Lord Loves The Drinkin' Man,Mark Chesnutt,40,8,Gains In Performance
2004-09-04,39,No End In Sight,Katrina Elam,41,6,Gains In Performance
2004-09-04,40,Dixie Rose Deluxe's...,Trent Willmon,42,5,Gains In Performance
2004-09-04,41,Don't Break My Heart Again,Pat Green,49,3,Gains In Performance
2004-09-04,42,My Imagination,Clint Black,44,6,Gains In Performance
2004-09-04,43,Can't You Tell,Diamond Rio,45,4,Gains In Performance
2004-09-04,44,Getaway Car,The Jenkins,47,4,Gains In Performance
2004-09-04,45,Trip Around The Sun,Jimmy Buffett With Martina McBride,NEW,1,Highest ranking debut|Gains In Performance
2004-09-04,46,The Upside Of Being Down,Catherine Britt,55,3,Gains In Performance
2004-09-04,47,Ridin' With The Legend,Keith Bryant,48,7,Gains In Performance
2004-09-04,48,I Love NASCAR,Cledus T. Judd,NEW,1,Gains In Performance
2004-09-04,49,Heaven,Los Lonely Boys,51,5,Gains In Performance
2004-09-04,50,He Gets That From Me,Reba McEntire,NEW,1,Gains In Performance
2004-09-04,51,Goes Good With Beer,John Michael Montgomery,52,6,Gains In Performance
2004-09-04,52,November,Emerson Drive,58,2,Gains In Performance
2004-09-04,53,Freedom,Christy Sutherland,56,2,Gains In Performance
2004-09-04,54,The Woman With You,Kenny Chesney,NEW,1,Gains In Performance
2004-09-04,55,Ain't Drinkin' Anymore,Kevin Fowler,59,6,Gains In Performance
2004-09-04,56,It's Hard To Kiss The Lips At Night That Chew Your Ass Out All Day Long,The Notorious Cherry Bombs,54,7,
2004-09-04,57,Nothin 'Bout Love Makes Sense,LeAnn Rimes,NEW,1,Gains In Performance
2004-09-04,58,Back When,Tim McGraw,NEW,1,Gains In Performance
2004-09-04,59,I Meant To,Brad Cotter,46,16,
2004-09-04,60,One Step At A Time,Buddy Jewell,43,13,
2004-09-11,1,Girls Lie Too,Terri Clark,5,21,Greatest gainer this week|Gains In Performance
2004-09-11,2,Live Like You Were Dying,Tim McGraw,1,15,
2004-09-11,3,Days Go By,Keith Urban,3,11,Gains In Performance
2004-09-11,4,I Go Back,Kenny Chesney,2,20,
2004-09-11,5,She Thinks She Needs Me,Andy Griggs,7,29,Gains In Performance
2004-09-11,6,Whiskey Lullaby,Brad Paisley Featuring Alison Krauss,4,23,
2004-09-11,7,Here For The Party,Gretchen Wilson,10,13,Gains In Performance
2004-09-11,8,Suds In The Bucket,Sara Evans,9,19,Gains In Performance
2004-09-11,9,Too Much Of A Good Thing,Alan Jackson,8,12,Gains In Performance
2004-09-11,10,I Hate Everything,George Strait,12,9,Gains In Performance
2004-09-11,11,Save A Horse (Ride A Cowboy),Big & Rich,11,21,
2004-09-11,12,Stays In Mexico,Toby Keith,13,5,Gains In Performance
2004-09-11,13,That's What It's All About,Brooks & Dunn,15,10,Gains In Performance
2004-09-11,14,Feels Like Today,Rascal Flatts,14,12,Gains In Performance
2004-09-11,15,In A Real Love,Phil Vassar,17,20,Gains In Performance
2004-09-11,16,If Nobody Believed In You,Joe Nichols,16,25,Gains In Performance
2004-09-11,17,Rough & Ready,Trace Adkins,18,22,Gains In Performance
2004-09-11,18,Break Down Here,Julie Roberts,19,30,Gains In Performance
2004-09-11,19,Mr. Mom,Lonestar,23,8,Gains In Performance
2004-09-11,20,Nothing On But The Radio,Gary Allan,22,12,Gains In Performance
2004-09-11,21,How Am I Doin',Dierks Bentley,21,18,Gains In Performance
2004-09-11,22,You Are,Jimmy Wayne,20,23,Gains In Performance
2004-09-11,23,Come Home Soon,SHeDAISY,24,10,Gains In Performance
2004-09-11,24,You Do Your Thing,Montgomery Gentry,27,8,Gains In Performance
2004-09-11,25,"Awful, Beautiful Life",Darryl Worley,29,10,Gains In Performance
2004-09-11,26,Some Beach,Blake Shelton,30,6,Gains In Performance
2004-09-11,27,That's Cool,Blue County,26,17,Gains In Performance
2004-09-11,28,Look At Us,Craig Morgan,28,20,Gains In Performance
2004-09-11,29,The Bride,Trick Pony,31,11,Gains In Performance
2004-09-11,30,Put Your Best Dress On,Steve Holy,32,17,Gains In Performance
2004-09-11,31,Hey Good Lookin',"Jimmy Buffett With Clint Black, Kenny Chesney, Alan Jackson, Toby Keith & George Strait",25,16,
2004-09-11,32,Feel My Way To You,Restless Heart,34,8,Gains In Performance
2004-09-11,33,Jesus Was A Country Boy,Clay Walker,35,9,Gains In Performance
2004-09-11,34,The Woman With You,Kenny Chesney,54,2,Gains In Performance
2004-09-11,35,Baby Girl,Sugarland,36,8,Gains In Performance
2004-09-11,36,The Lord Loves The Drinkin' Man,Mark Chesnutt,38,9,Gains In Performance
2004-09-11,37,No End In Sight,Katrina Elam,39,7,Gains In Performance
2004-09-11,38,Dixie Rose Deluxe's...,Trent Willmon,40,6,Gains In Performance
2004-09-11,39,He Gets That From Me,Reba McEntire,50,2,Gains In Performance
2004-09-11,40,Don't Break My Heart Again,Pat Green,41,4,Gains In Performance
2004-09-11,41,Trip Around The Sun,Jimmy Buffett With Martina McBride,45,2,Gains In Performance
2004-09-11,42,The Girl's Gone Wild,Travis Tritt,33,19,
2004-09-11,43,Getaway Car,The Jenkins,44,5,Gains In Performance
2004-09-11,44,Nothin 'Bout Love Makes Sense,LeAnn Rimes,57,2,Gains In Performance
2004-09-11,45,It's All How You Look At It,Tracy Lawrence,37,12,
2004-09-11,46,November,Emerson Drive,52,3,Gains In Performance
2004-09-11,47,My Imagination,Clint Black,42,7,
2004-09-11,48,The Upside Of Being Down,Catherine Britt,46,4,Gains In Performance
2004-09-11,49,I Love NASCAR,Cledus T. Judd,48,2,Gains In Performance
2004-09-11,50,What Say You,Travis Tritt With John Mellencamp,NEW,1,Highest ranking debut|Gains In Performance
2004-09-11,51,Let Them Be Little,Billy Dean,NEW,1,Gains In Performance
2004-09-11,52,Can't You Tell,Diamond Rio,43,5,
2004-09-11,53,Heaven,Los Lonely Boys,49,6,
2004-09-11,54,Ridin' With The Legend,Keith Bryant,47,8,
2004-09-11,55,Back When,Tim McGraw,58,2,Gains In Performance
2004-09-11,56,Goes Good With Beer,John Michael Montgomery,51,7,Gains In Performance
2004-09-11,57,Freedom,Christy Sutherland,53,3,Gains In Performance
2004-09-11,58,Ain't Drinkin' Anymore,Kevin Fowler,55,7,Gains In Performance
2004-09-11,59,Can't Tell Me Nothin',Brad Cotter,NEW,1,Gains In Performance
2004-09-11,60,Nothin' To Lose,Josh Gracin,NEW,1,Gains In Performance
2004-09-18,1,Days Go By,Keith Urban,3,12,Gains In Performance
2004-09-18,2,Live Like You Were Dying,Tim McGraw,2,16,
2004-09-18,3,Girls Lie Too,Terri Clark,1,22,
2004-09-18,4,Here For The Party,Gretchen Wilson,7,14,Gains In Performance
2004-09-18,5,She Thinks She Needs Me,Andy Griggs,5,30,Gains In Performance
2004-09-18,6,Suds In The Bucket,Sara Evans,8,20,Gains In Performance
2004-09-18,7,Too Much Of A Good Thing,Alan Jackson,9,13,Gains In Performance
2004-09-18,8,I Hate Everything,George Strait,10,10,Gains In Performance
2004-09-18,9,I Go Back,Kenny Chesney,4,21,
2004-09-18,10,Whiskey Lullaby,Brad Paisley Featuring Alison Krauss,6,24,
2004-09-18,11,Stays In Mexico,Toby Keith,12,6,Gains In Performance
2004-09-18,12,That's What It's All About,Brooks & Dunn,13,11,Gains In Performance
2004-09-18,13,Feels Like Today,Rascal Flatts,14,13,Gains In Performance
2004-09-18,14,In A Real Love,Phil Vassar,15,21,Gains In Performance
2004-09-18,15,If Nobody Believed In You,Joe Nichols,16,26,Gains In Performance
2004-09-18,16,Rough & Ready,Trace Adkins,17,23,Gains In Performance
2004-09-18,17,Mr. Mom,Lonestar,19,9,Gains In Performance
2004-09-18,18,How Am I Doin',Dierks Bentley,21,19,Gains In Performance
2004-09-18,19,Nothing On But The Radio,Gary Allan,20,13,Gains In Performance
2004-09-18,20,Break Down Here,Julie Roberts,18,31,Gains In Performance
2004-09-18,21,You Are,Jimmy Wayne,22,24,Gains In Performance
2004-09-18,22,Come Home Soon,SHeDAISY,23,11,Gains In Performance
2004-09-18,23,Some Beach,Blake Shelton,26,7,Gains In Performance
2004-09-18,24,"Awful, Beautiful Life",Darryl Worley,25,11,Gains In Performance
2004-09-18,25,You Do Your Thing,Montgomery Gentry,24,9,Gains In Performance
2004-09-18,26,That's Cool,Blue County,27,18,Gains In Performance
2004-09-18,27,The Woman With You,Kenny Chesney,34,3,Gains In Performance
2004-09-18,28,Look At Us,Craig Morgan,28,21,Gains In Performance
2004-09-18,29,The Bride,Trick Pony,29,12,Gains In Performance
2004-09-18,30,Put Your Best Dress On,Steve Holy,30,18,Gains In Performance
2004-09-18,31,Feel My Way To You,Restless Heart,32,9,Gains In Performance
2004-09-18,32,Hey Good Lookin',"Jimmy Buffett With Clint Black, Kenny Chesney, Alan Jackson, Toby Keith & George Strait",31,17,
2004-09-18,33,Jesus Was A Country Boy,Clay Walker,33,10,Gains In Performance
2004-09-18,34,What Say You,Travis Tritt With John Mellencamp,50,2,Gains In Performance
2004-09-18,35,Baby Girl,Sugarland,35,9,Gains In Performance
2004-09-18,36,Dixie Rose Deluxe's...,Trent Willmon,38,7,Gains In Performance
2004-09-18,37,He Gets That From Me,Reba McEntire,39,3,Gains In Performance
2004-09-18,38,No End In Sight,Katrina Elam,37,8,Gains In Performance
2004-09-18,39,Party For Two,Shania Twain Featuring Billy Currington,NEW,1,Highest ranking debut|Gains In Performance
2004-09-18,40,The Lord Loves The Drinkin' Man,Mark Chesnutt,36,10,Gains In Performance
2004-09-18,41,Trip Around The Sun,Jimmy Buffett With Martina McBride,41,3,Gains In Performance
2004-09-18,42,Don't Break My Heart Again,Pat Green,40,5,Gains In Performance
2004-09-18,43,Nothin 'Bout Love Makes Sense,LeAnn Rimes,44,3,Gains In Performance
2004-09-18,44,Getaway Car,The Jenkins,43,6,
2004-09-18,45,November,Emerson Drive,46,4,Gains In Performance
2004-09-18,46,Heaven,Los Lonely Boys,53,7,Gains In Performance
2004-09-18,47,Let Them Be Little,Billy Dean,51,2,Gains In Performance
2004-09-18,48,The Upside Of Being Down,Catherine Britt,48,5,Gains In Performance
2004-09-18,49,It's All How You Look At It,Tracy Lawrence,45,13,
2004-09-18,50,The Girl's Gone Wild,Travis Tritt,42,20,
2004-09-18,51,Nothin' To Lose,Josh Gracin,60,2,Gains In Performance
2004-09-18,52,My Imagination,Clint Black,47,8,
2004-09-18,53,Goes Good With Beer,John Michael Montgomery,56,8,
2004-09-18,54,Mud On The Tires,Brad Paisley,NEW,1,Gains In Performance
2004-09-18,55,Ain't Drinkin' Anymore,Kevin Fowler,58,8,Gains In Performance
2004-09-18,56,If I Could Only Bring You Back,Joe Diffie,RE,2,Gains In Performance
2004-09-18,57,Back When,Tim McGraw,55,3,
2004-09-18,58,Freedom,Christy Sutherland,57,4,
2004-09-18,59,Ridin' With The Legend,Keith Bryant,54,9,
2004-09-18,60,I Love NASCAR,Cledus T. Judd,49,3,
2004-09-25,1,Days Go By,Keith Urban,1,13,Gains In Performance
2004-09-25,2,Live Like You Were Dying,Tim McGraw,2,17,
2004-09-25,3,Suds In The Bucket,Sara Evans,6,21,Gains In Performance
2004-09-25,4,Here For The Party,Gretchen Wilson,4,15,Gains In Performance
2004-09-25,5,Girls Lie Too,Terri Clark,3,23,
2004-09-25,6,She Thinks She Needs Me,Andy Griggs,5,31,Gains In Performance
2004-09-25,7,Too Much Of A Good Thing,Alan Jackson,7,14,Gains In Performance
2004-09-25,8,I Hate Everything,George Strait,8,11,Gains In Performance
2004-09-25,9,Stays In Mexico,Toby Keith,11,7,Gains In Performance
2004-09-25,10,Feels Like Today,Rascal Flatts,13,14,Gains In Performance
2004-09-25,11,That's What It's All About,Brooks & Dunn,12,12,Gains In Performance
2004-09-25,12,In A Real Love,Phil Vassar,14,22,Gains In Performance
2004-09-25,13,I Go Back,Kenny Chesney,9,22,
2004-09-25,14,If Nobody Believed In You,Joe Nichols,15,27,Gains In Performance
2004-09-25,15,Rough & Ready,Trace Adkins,16,24,Gains In Performance
2004-09-25,16,Nothing On But The Radio,Gary Allan,19,14,Gains In Performance
2004-09-25,17,Mr. Mom,Lonestar,17,10,Gains In Performance
2004-09-25,18,How Am I Doin',Dierks Bentley,18,20,Gains In Performance
2004-09-25,19,Break Down Here,Julie Roberts,20,32,Gains In Performance
2004-09-25,20,You Are,Jimmy Wayne,21,25,Gains In Performance
2004-09-25,21,Come Home Soon,SHeDAISY,22,12,Gains In Performance
2004-09-25,22,The Woman With You,Kenny Chesney,27,4,Gains In Performance
2004-09-25,23,Some Beach,Blake Shelton,23,8,Gains In Performance
2004-09-25,24,"Awful, Beautiful Life",Darryl Worley,24,12,Gains In Performance
2004-09-25,25,You Do Your Thing,Montgomery Gentry,25,10,Gains In Performance
2004-09-25,26,That's Cool,Blue County,26,19,Gains In Performance
2004-09-25,27,Look At Us,Craig Morgan,28,22,Gains In Performance
2004-09-25,28,Put Your Best Dress On,Steve Holy,30,19,Gains In Performance
2004-09-25,29,The Bride,Trick Pony,29,13,Gains In Performance
2004-09-25,30,Feel My Way To You,Restless Heart,31,10,Gains In Performance
2004-09-25,31,Jesus Was A Country Boy,Clay Walker,33,11,Gains In Performance
2004-09-25,32,Party For Two,Shania Twain Featuring Billy Currington,39,2,Gains In Performance
2004-09-25,33,He Gets That From Me,Reba McEntire,37,4,Gains In Performance
2004-09-25,34,Baby Girl,Sugarland,35,10,Gains In Performance
2004-09-25,35,Nothin 'Bout Love Makes Sense,LeAnn Rimes,43,4,Gains In Performance
2004-09-25,36,Trip Around The Sun,Jimmy Buffett With Martina McBride,41,4,Gains In Performance
2004-09-25,37,What Say You,Travis Tritt With John Mellencamp,34,3,
2004-09-25,38,No End In Sight,Katrina Elam,38,9,Gains In Performance
2004-09-25,39,Dixie Rose Deluxe's...,Trent Willmon,36,8,Gains In Performance
2004-09-25,40,Hey Good Lookin',"Jimmy Buffett With Clint Black, Kenny Chesney, Alan Jackson, Toby Keith & George Strait",32,18,
2004-09-25,41,Don't Break My Heart Again,Pat Green,42,6,Gains In Performance
2004-09-25,42,The Lord Loves The Drinkin' Man,Mark Chesnutt,40,11,Gains In Performance
2004-09-25,43,Getaway Car,The Jenkins,44,7,Gains In Performance
2004-09-25,44,Let Them Be Little,Billy Dean,47,3,Gains In Performance
2004-09-25,45,November,Emerson Drive,45,5,Gains In Performance
2004-09-25,46,The Upside Of Being Down,Catherine Britt,48,6,Gains In Performance
2004-09-25,47,Nothin' To Lose,Josh Gracin,51,3,Gains In Performance
2004-09-25,48,Heaven,Los Lonely Boys,46,8,
2004-09-25,49,Where I Belong,Rachel Proctor,NEW,1,Highest ranking debut|Gains In Performance
2004-09-25,50,Mud On The Tires,Brad Paisley,54,2,Gains In Performance
2004-09-25,51,Back When,Tim McGraw,57,4,Gains In Performance
2004-09-25,52,Ain't Drinkin' Anymore,Kevin Fowler,55,9,Gains In Performance
2004-09-25,53,If I Could Only Bring You Back,Joe Diffie,56,3,
2004-09-25,54,I Ain't Scared,Carolina Rain,NEW,1,Gains In Performance
2004-09-25,55,I Am The Working Man,Dusty Drake,NEW,1,Gains In Performance
2004-09-25,56,"Long, Slow Kisses",Jeff Bates,NEW,1,Gains In Performance
2004-09-25,57,Goes Good With Beer,John Michael Montgomery,53,9,
2004-09-25,58,Ridin' With The Legend,Keith Bryant,59,10,
2004-09-25,59,I Love NASCAR,Cledus T. Judd,60,4,
2004-09-25,60,Freedom,Christy Sutherland,58,5,
2004-10-02,1,Days Go By,Keith Urban,1,14,Gains In Performance
2004-10-02,2,Suds In The Bucket,Sara Evans,3,22,Gains In Performance
2004-10-02,3,Here For The Party,Gretchen Wilson,4,16,Gains In Performance
2004-10-02,4,I Hate Everything,George Strait,8,12,Gains In Performance
2004-10-02,5,Live Like You Were Dying,Tim McGraw,2,18,
2004-10-02,6,Too Much Of A Good Thing,Alan Jackson,7,15,Gains In Performance
2004-10-02,7,She Thinks She Needs Me,Andy Griggs,6,32,
2004-10-02,8,Stays In Mexico,Toby Keith,9,8,Gains In Performance
2004-10-02,9,That's What It's All About,Brooks & Dunn,11,13,Gains In Performance
2004-10-02,10,Girls Lie Too,Terri Clark,5,24,
2004-10-02,11,In A Real Love,Phil Vassar,12,23,Gains In Performance
2004-10-02,12,Feels Like Today,Rascal Flatts,10,15,Gains In Performance
2004-10-02,13,Nothing On But The Radio,Gary Allan,16,15,Gains In Performance
2004-10-02,14,Mr. Mom,Lonestar,17,11,Gains In Performance
2004-10-02,15,If Nobody Believed In You,Joe Nichols,14,28,Gains In Performance
2004-10-02,16,Rough & Ready,Trace Adkins,15,25,Gains In Performance
2004-10-02,17,How Am I Doin',Dierks Bentley,18,21,Gains In Performance
2004-10-02,18,The Woman With You,Kenny Chesney,22,5,Gains In Performance
2004-10-02,19,You Are,Jimmy Wayne,20,26,Gains In Performance
2004-10-02,20,Come Home Soon,SHeDAISY,21,13,Gains In Performance
2004-10-02,21,Some Beach,Blake Shelton,23,9,Gains In Performance
2004-10-02,22,"Awful, Beautiful Life",Darryl Worley,24,13,Gains In Performance
2004-10-02,23,Party For Two,Shania Twain Featuring Billy Currington,32,3,Gains In Performance
2004-10-02,24,You Do Your Thing,Montgomery Gentry,25,11,Gains In Performance
2004-10-02,25,That's Cool,Blue County,26,20,Gains In Performance
2004-10-02,26,Put Your Best Dress On,Steve Holy,28,20,Gains In Performance
2004-10-02,27,The Bride,Trick Pony,29,14,Gains In Performance
2004-10-02,28,He Gets That From Me,Reba McEntire,33,5,Gains In Performance
2004-10-02,29,Feel My Way To You,Restless Heart,30,11,Gains In Performance
2004-10-02,30,Nothin 'Bout Love Makes Sense,LeAnn Rimes,35,5,Gains In Performance
2004-10-02,31,What Say You,Travis Tritt With John Mellencamp,37,4,Gains In Performance
2004-10-02,32,Trip Around The Sun,Jimmy Buffett With Martina McBride,36,5,Gains In Performance
2004-10-02,33,Baby Girl,Sugarland,34,11,Gains In Performance
2004-10-02,34,Jesus Was A Country Boy,Clay Walker,31,12,
2004-10-02,35,No End In Sight,Katrina Elam,38,10,Gains In Performance
2004-10-02,36,Don't Break My Heart Again,Pat Green,41,7,Gains In Performance
2004-10-02,37,Dixie Rose Deluxe's...,Trent Willmon,39,9,Gains In Performance
2004-10-02,38,Hey Good Lookin',"Jimmy Buffett With Clint Black, Kenny Chesney, Alan Jackson, Toby Keith & George Strait",40,19,
2004-10-02,39,The Lord Loves The Drinkin' Man,Mark Chesnutt,42,12,
2004-10-02,40,Mud On The Tires,Brad Paisley,50,3,Gains In Performance
2004-10-02,41,Nothin' To Lose,Josh Gracin,47,4,Gains In Performance
2004-10-02,42,Getaway Car,The Jenkins,43,8,Gains In Performance
2004-10-02,43,Let Them Be Little,Billy Dean,44,4,Gains In Performance
2004-10-02,44,The Upside Of Being Down,Catherine Britt,46,7,Gains In Performance
2004-10-02,45,Back When,Tim McGraw,51,5,Gains In Performance
2004-10-02,46,November,Emerson Drive,45,6,Gains In Performance
2004-10-02,47,Where I Belong,Rachel Proctor,49,2,Gains In Performance
2004-10-02,48,Heaven,Los Lonely Boys,48,9,
2004-10-02,49,I Ain't Scared,Carolina Rain,54,2,Gains In Performance
2004-10-02,50,If I Could Only Bring You Back,Joe Diffie,53,4,Gains In Performance
2004-10-02,51,Holy Water,Big & Rich,NEW,1,Highest ranking debut|Gains In Performance
2004-10-02,52,I Am The Working Man,Dusty Drake,55,2,Gains In Performance
2004-10-02,53,Ain't Drinkin' Anymore,Kevin Fowler,52,10,
2004-10-02,54,Ridin' With The Legend,Keith Bryant,58,11,Gains In Performance
2004-10-02,55,No Depression In Heaven,Sheryl Crow,NEW,1,Gains In Performance
2004-10-02,56,Cowgirls,Kerry Harvick,NEW,1,Gains In Performance
2004-10-02,57,Make Me Stay Or Make Me Go,Jessi Alexander,NEW,1,Gains In Performance
2004-10-02,58,Revenge Of A Middle-Aged Woman,Tracy Byrd,NEW,1,Gains In Performance
2004-10-02,59,Can't Tell Me Nothin',Brad Cotter,RE,2,
2004-10-02,60,Sell A Lot Of Beer,The Warren Brothers,RE,11,Gains In Performance
2004-10-09,1,Days Go By,Keith Urban,1,15,
2004-10-09,2,Suds In The Bucket,Sara Evans,2,23,Gains In Performance
2004-10-09,3,I Hate Everything,George Strait,4,13,Gains In Performance
2004-10-09,4,Here For The Party,Gretchen Wilson,3,17,
2004-10-09,5,Too Much Of A Good Thing,Alan Jackson,6,16,Gains In Performance
2004-10-09,6,Live Like You Were Dying,Tim McGraw,5,19,
2004-10-09,7,Stays In Mexico,Toby Keith,8,9,Gains In Performance
2004-10-09,8,That's What It's All About,Brooks & Dunn,9,14,Gains In Performance
2004-10-09,9,In A Real Love,Phil Vassar,11,24,Gains In Performance
2004-10-09,10,Feels Like Today,Rascal Flatts,12,16,Gains In Performance
2004-10-09,11,She Thinks She Needs Me,Andy Griggs,7,33,
2004-10-09,12,Nothing On But The Radio,Gary Allan,13,16,Gains In Performance
2004-10-09,13,Mr. Mom,Lonestar,14,12,Gains In Performance
2004-10-09,14,If Nobody Believed In You,Joe Nichols,15,29,Gains In Performance
2004-10-09,15,Rough & Ready,Trace Adkins,16,26,Gains In Performance
2004-10-09,16,How Am I Doin',Dierks Bentley,17,22,Gains In Performance
2004-10-09,17,The Woman With You,Kenny Chesney,18,6,Gains In Performance
2004-10-09,18,You Are,Jimmy Wayne,19,27,Gains In Performance
2004-10-09,19,Some Beach,Blake Shelton,21,10,Gains In Performance
2004-10-09,20,Come Home Soon,SHeDAISY,20,14,Gains In Performance
2004-10-09,21,"Awful, Beautiful Life",Darryl Worley,22,14,Gains In Performance
2004-10-09,22,Party For Two,Shania Twain Featuring Billy Currington,23,4,Gains In Performance
2004-10-09,23,You Do Your Thing,Montgomery Gentry,24,12,Gains In Performance
2004-10-09,24,That's Cool,Blue County,25,21,Gains In Performance
2004-10-09,25,Nothin 'Bout Love Makes Sense,LeAnn Rimes,30,6,Gains In Performance
2004-10-09,26,Put Your Best Dress On,Steve Holy,26,21,Gains In Performance
2004-10-09,27,The Bride,Trick Pony,27,15,Gains In Performance
2004-10-09,28,He Gets That From Me,Reba McEntire,28,6,Gains In Performance
2004-10-09,29,Trip Around The Sun,Jimmy Buffett With Martina McBride,32,6,Gains In Performance
2004-10-09,30,Feel My Way To You,Restless Heart,29,12,Gains In Performance
2004-10-09,31,Back When,Tim McGraw,45,6,Gains In Performance
2004-10-09,32,What Say You,Travis Tritt With John Mellencamp,31,5,Gains In Performance
2004-10-09,33,Baby Girl,Sugarland,33,12,Gains In Performance
2004-10-09,34,Mud On The Tires,Brad Paisley,40,4,Gains In Performance
2004-10-09,35,Don't Break My Heart Again,Pat Green,36,8,Gains In Performance
2004-10-09,36,No End In Sight,Katrina Elam,35,11,
2004-10-09,37,Holy Water,Big & Rich,51,2,Gains In Performance
2004-10-09,38,Dixie Rose Deluxe's...,Trent Willmon,37,10,Gains In Performance
2004-10-09,39,Hey Good Lookin',"Jimmy Buffett With Clint Black, Kenny Chesney, Alan Jackson, Toby Keith & George Strait",38,20,Gains In Performance
2004-10-09,40,Nothin' To Lose,Josh Gracin,41,5,Gains In Performance
2004-10-09,41,Jesus Was A Country Boy,Clay Walker,34,13,
2004-10-09,42,Let Them Be Little,Billy Dean,43,5,Gains In Performance
2004-10-09,43,Getaway Car,The Jenkins,42,9,Gains In Performance
2004-10-09,44,The Upside Of Being Down,Catherine Britt,44,8,Gains In Performance
2004-10-09,45,November,Emerson Drive,46,7,Gains In Performance
2004-10-09,46,Where I Belong,Rachel Proctor,47,3,Gains In Performance
2004-10-09,47,The Lord Loves The Drinkin' Man,Mark Chesnutt,39,13,
2004-10-09,48,I Ain't Scared,Carolina Rain,49,3,Gains In Performance
2004-10-09,49,I Am The Working Man,Dusty Drake,52,3,Gains In Performance
2004-10-09,50,If I Could Only Bring You Back,Joe Diffie,50,5,Gains In Performance
2004-10-09,51,Heaven,Los Lonely Boys,48,10,
2004-10-09,52,Ain't Drinkin' Anymore,Kevin Fowler,53,11,Gains In Performance
2004-10-09,53,Ridin' With The Legend,Keith Bryant,54,12,Gains In Performance
2004-10-09,54,"Long, Slow Kisses",Jeff Bates,RE,2,Gains In Performance
2004-10-09,55,Revenge Of A Middle-Aged Woman,Tracy Byrd,58,2,Gains In Performance
2004-10-09,56,Sawdust On Her Halo,Tracy Lawrence,NEW,1,Highest ranking debut|Gains In Performance
2004-10-09,57,All I Ever Needed,Bret Michaels With Jessica Andrews,NEW,1,Gains In Performance
2004-10-09,58,I Love NASCAR,Cledus T. Judd,RE,5,Gains In Performance
2004-10-09,59,Sell A Lot Of Beer,The Warren Brothers,60,12,
2004-10-09,60,Trying To Find Atlantis,Jamie O'Neal,NEW,1,Gains In Performance
2004-10-16,1,Suds In The Bucket,Sara Evans,2,24,Gains In Performance
2004-10-16,2,I Hate Everything,George Strait,3,14,Gains In Performance
2004-10-16,3,Days Go By,Keith Urban,1,16,
2004-10-16,4,Here For The Party,Gretchen Wilson,4,18,
2004-10-16,5,Too Much Of A Good Thing,Alan Jackson,5,17,
2004-10-16,6,Stays In Mexico,Toby Keith,7,10,Gains In Performance
2004-10-16,7,In A Real Love,Phil Vassar,9,25,Gains In Performance
2004-10-16,8,That's What It's All About,Brooks & Dunn,8,15,Gains In Performance
2004-10-16,9,Live Like You Were Dying,Tim McGraw,6,20,
2004-10-16,10,Nothing On But The Radio,Gary Allan,12,17,Gains In Performance
2004-10-16,11,Feels Like Today,Rascal Flatts,10,17,Gains In Performance
2004-10-16,12,Mr. Mom,Lonestar,13,13,Gains In Performance
2004-10-16,13,If Nobody Believed In You,Joe Nichols,14,30,Gains In Performance
2004-10-16,14,Rough & Ready,Trace Adkins,15,27,Gains In Performance
2004-10-16,15,The Woman With You,Kenny Chesney,17,7,Gains In Performance
2004-10-16,16,How Am I Doin',Dierks Bentley,16,23,Gains In Performance
2004-10-16,17,Some Beach,Blake Shelton,19,11,Gains In Performance
2004-10-16,18,Party For Two,Shania Twain Featuring Billy Currington,22,5,Gains In Performance
2004-10-16,19,Come Home Soon,SHeDAISY,20,15,Gains In Performance
2004-10-16,20,"Awful, Beautiful Life",Darryl Worley,21,15,Gains In Performance
2004-10-16,21,Back When,Tim McGraw,31,7,Gains In Performance
2004-10-16,22,You Do Your Thing,Montgomery Gentry,23,13,Gains In Performance
2004-10-16,23,Nothin 'Bout Love Makes Sense,LeAnn Rimes,25,7,Gains In Performance
2004-10-16,24,That's Cool,Blue County,24,22,Gains In Performance
2004-10-16,25,Trip Around The Sun,Jimmy Buffett With Martina McBride,29,7,Gains In Performance
2004-10-16,26,He Gets That From Me,Reba McEntire,28,7,Gains In Performance
2004-10-16,27,The Bride,Trick Pony,27,16,Gains In Performance
2004-10-16,28,What Say You,Travis Tritt With John Mellencamp,32,6,Gains In Performance
2004-10-16,29,Feel My Way To You,Restless Heart,30,13,
2004-10-16,30,Mud On The Tires,Brad Paisley,34,5,Gains In Performance
2004-10-16,31,Don't Break My Heart Again,Pat Green,35,9,Gains In Performance
2004-10-16,32,Baby Girl,Sugarland,33,13,Gains In Performance
2004-10-16,33,Holy Water,Big & Rich,37,3,Gains In Performance
2004-10-16,34,No End In Sight,Katrina Elam,36,12,Gains In Performance
2004-10-16,35,Nothin' To Lose,Josh Gracin,40,6,Gains In Performance
2004-10-16,36,Dixie Rose Deluxe's...,Trent Willmon,38,11,Gains In Performance
2004-10-16,37,Let Them Be Little,Billy Dean,42,6,Gains In Performance
2004-10-16,38,Getaway Car,The Jenkins,43,10,Gains In Performance
2004-10-16,39,The Upside Of Being Down,Catherine Britt,44,9,Gains In Performance
2004-10-16,40,Where I Belong,Rachel Proctor,46,4,Gains In Performance
2004-10-16,41,November,Emerson Drive,45,8,
2004-10-16,42,Jesus Was A Country Boy,Clay Walker,41,14,
2004-10-16,43,I Ain't Scared,Carolina Rain,48,4,
2004-10-16,44,"Long, Slow Kisses",Jeff Bates,54,3,Gains In Performance
2004-10-16,45,I Am The Working Man,Dusty Drake,49,4,Gains In Performance
2004-10-16,46,The Lord Loves The Drinkin' Man,Mark Chesnutt,47,14,
2004-10-16,47,Monday Morning Church,Alan Jackson,NEW,1,Highest ranking debut|Gains In Performance
2004-10-16,48,Trying To Find Atlantis,Jamie O'Neal,60,2,Gains In Performance
2004-10-16,49,Ain't Drinkin' Anymore,Kevin Fowler,52,12,
2004-10-16,50,Heaven,Los Lonely Boys,51,11,
2004-10-16,51,Sawdust On Her Halo,Tracy Lawrence,56,2,Gains In Performance
2004-10-16,52,You Don't Lie Here Anymore,Shelly Fairchild,NEW,1,Gains In Performance
2004-10-16,53,Ridin' With The Legend,Keith Bryant,53,13,
2004-10-16,54,I Love NASCAR,Cledus T. Judd,58,6,Gains In Performance
2004-10-16,55,If I Could Only Bring You Back,Joe Diffie,50,6,
2004-10-16,56,All I Ever Needed,Bret Michaels With Jessica Andrews,57,2,Gains In Performance
2004-10-16,57,That Changed Me,Chad Brock,NEW,1,Gains In Performance
2004-10-16,58,Inspiration,David Lee Murphy Featuring Lee Roy Parnell,NEW,1,Gains In Performance
2004-10-16,59,If Heaven,Andy Griggs,NEW,1,Gains In Performance
2004-10-16,60,Revenge Of A Middle-Aged Woman,Tracy Byrd,55,3,
2004-10-23,1,I Hate Everything,George Strait,2,15,Gains In Performance
2004-10-23,2,Suds In The Bucket,Sara Evans,1,25,Gains In Performance
2004-10-23,3,Days Go By,Keith Urban,3,17,
2004-10-23,4,Here For The Party,Gretchen Wilson,4,19,
2004-10-23,5,Stays In Mexico,Toby Keith,6,11,Gains In Performance
2004-10-23,6,In A Real Love,Phil Vassar,7,26,Gains In Performance
2004-10-23,7,That's What It's All About,Brooks & Dunn,8,16,Gains In Performance
2004-10-23,8,Nothing On But The Radio,Gary Allan,10,18,Gains In Performance
2004-10-23,9,Feels Like Today,Rascal Flatts,11,18,Gains In Performance
2004-10-23,10,Mr. Mom,Lonestar,12,14,Gains In Performance
2004-10-23,11,If Nobody Believed In You,Joe Nichols,13,31,Gains In Performance
2004-10-23,12,Live Like You Were Dying,Tim McGraw,9,21,
2004-10-23,13,The Woman With You,Kenny Chesney,15,8,Gains In Performance
2004-10-23,14,Too Much Of A Good Thing,Alan Jackson,5,18,
2004-10-23,15,Rough & Ready,Trace Adkins,14,28,Gains In Performance
2004-10-23,16,How Am I Doin',Dierks Bentley,16,24,Gains In Performance
2004-10-23,17,Some Beach,Blake Shelton,17,12,Gains In Performance
2004-10-23,18,Back When,Tim McGraw,21,8,Gains In Performance
2004-10-23,19,Party For Two,Shania Twain Featuring Billy Currington,18,6,Gains In Performance
2004-10-23,20,"Awful, Beautiful Life",Darryl Worley,20,16,Gains In Performance
2004-10-23,21,Come Home Soon,SHeDAISY,19,16,Gains In Performance
2004-10-23,22,Nothin 'Bout Love Makes Sense,LeAnn Rimes,23,8,Gains In Performance
2004-10-23,23,You Do Your Thing,Montgomery Gentry,22,14,Gains In Performance
2004-10-23,24,He Gets That From Me,Reba McEntire,26,8,Gains In Performance
2004-10-23,25,Trip Around The Sun,Jimmy Buffett With Martina McBride,25,8,Gains In Performance
2004-10-23,26,What Say You,Travis Tritt With John Mellencamp,28,7,Gains In Performance
2004-10-23,27,Mud On The Tires,Brad Paisley,30,6,Gains In Performance
2004-10-23,28,The Bride,Trick Pony,27,17,
2004-10-23,29,Holy Water,Big & Rich,33,4,Gains In Performance
2004-10-23,30,Nothin' To Lose,Josh Gracin,35,7,Gains In Performance
2004-10-23,31,Baby Girl,Sugarland,32,14,Gains In Performance
2004-10-23,32,Feel My Way To You,Restless Heart,29,14,
2004-10-23,33,Don't Break My Heart Again,Pat Green,31,10,Gains In Performance
2004-10-23,34,No End In Sight,Katrina Elam,34,13,Gains In Performance
2004-10-23,35,Let Them Be Little,Billy Dean,37,7,Gains In Performance
2004-10-23,36,Dixie Rose Deluxe's...,Trent Willmon,36,12,
2004-10-23,37,Monday Morning Church,Alan Jackson,47,2,Gains In Performance
2004-10-23,38,Trying To Find Atlantis,Jamie O'Neal,48,3,Gains In Performance
2004-10-23,39,The Upside Of Being Down,Catherine Britt,39,10,Gains In Performance
2004-10-23,40,Where I Belong,Rachel Proctor,40,5,Gains In Performance
2004-10-23,41,Getaway Car,The Jenkins,38,11,
2004-10-23,42,Me And Charlie Talking,Miranda Lambert,NEW,1,Highest ranking debut|Gains In Performance
2004-10-23,43,You Don't Lie Here Anymore,Shelly Fairchild,52,2,Gains In Performance
2004-10-23,44,"Long, Slow Kisses",Jeff Bates,44,4,Gains In Performance
2004-10-23,45,I Ain't Scared,Carolina Rain,43,5,Gains In Performance
2004-10-23,46,Sawdust On Her Halo,Tracy Lawrence,51,3,Gains In Performance
2004-10-23,47,I Am The Working Man,Dusty Drake,45,5,Gains In Performance
2004-10-23,48,All I Ever Needed,Bret Michaels With Jessica Andrews,56,3,Gains In Performance
2004-10-23,49,Revenge Of A Middle-Aged Woman,Tracy Byrd,60,4,Gains In Performance
2004-10-23,50,Inspiration,David Lee Murphy Featuring Lee Roy Parnell,58,2,Gains In Performance
2004-10-23,51,Ain't Drinkin' Anymore,Kevin Fowler,49,13,
2004-10-23,52,Jesus Was A Country Boy,Clay Walker,42,15,
2004-10-23,53,That Changed Me,Chad Brock,57,2,Gains In Performance
2004-10-23,54,If Heaven,Andy Griggs,59,2,Gains In Performance
2004-10-23,55,Heaven,Los Lonely Boys,50,12,
2004-10-23,56,November,Emerson Drive,41,9,
2004-10-23,57,Ridin' With The Legend,Keith Bryant,53,14,
2004-10-23,58,I May Hate Myself In The Morning,Lee Ann Womack,NEW,1,Gains In Performance
2004-10-23,59,If I Could Only Bring You Back,Joe Diffie,55,7,
2004-10-23,60,Cowgirls,Kerry Harvick,RE,2,Gains In Performance
2004-10-30,1,I Hate Everything,George Strait,1,16,
2004-10-30,2,Suds In The Bucket,Sara Evans,2,26,
2004-10-30,3,In A Real Love,Phil Vassar,6,27,Gains In Performance
2004-10-30,4,That's What It's All About,Brooks & Dunn,7,17,Gains In Performance
2004-10-30,5,Stays In Mexico,Toby Keith,5,12,Gains In Performance
2004-10-30,6,Nothing On But The Radio,Gary Allan,8,19,Gains In Performance
2004-10-30,7,Days Go By,Keith Urban,3,18,
2004-10-30,8,Mr. Mom,Lonestar,10,15,Gains In Performance
2004-10-30,9,The Woman With You,Kenny Chesney,13,9,Gains In Performance
2004-10-30,10,If Nobody Believed In You,Joe Nichols,11,32,Gains In Performance
2004-10-30,11,Feels Like Today,Rascal Flatts,9,19,
2004-10-30,12,Here For The Party,Gretchen Wilson,4,20,
2004-10-30,13,How Am I Doin',Dierks Bentley,16,25,Gains In Performance
2004-10-30,14,Back When,Tim McGraw,18,9,Greatest gainer this week|Gains In Performance
2004-10-30,15,Rough & Ready,Trace Adkins,15,29,
2004-10-30,16,Some Beach,Blake Shelton,17,13,Gains In Performance
2004-10-30,17,Party For Two,Shania Twain Featuring Billy Currington,19,7,Gains In Performance
2004-10-30,18,"Awful, Beautiful Life",Darryl Worley,20,17,Gains In Performance
2004-10-30,19,Come Home Soon,SHeDAISY,21,17,Gains In Performance
2004-10-30,20,Nothin 'Bout Love Makes Sense,LeAnn Rimes,22,9,Gains In Performance
2004-10-30,21,Too Much Of A Good Thing,Alan Jackson,14,19,
2004-10-30,22,You Do Your Thing,Montgomery Gentry,23,15,Gains In Performance
2004-10-30,23,He Gets That From Me,Reba McEntire,24,9,Gains In Performance
2004-10-30,24,Trip Around The Sun,Jimmy Buffett With Martina McBride,25,9,Gains In Performance
2004-10-30,25,Mud On The Tires,Brad Paisley,27,7,Gains In Performance
2004-10-30,26,What Say You,Travis Tritt With John Mellencamp,26,8,Gains In Performance
2004-10-30,27,Holy Water,Big & Rich,29,5,Gains In Performance
2004-10-30,28,Nothin' To Lose,Josh Gracin,30,8,Gains In Performance
2004-10-30,29,Monday Morning Church,Alan Jackson,37,3,Gains In Performance
2004-10-30,30,Don't Break My Heart Again,Pat Green,33,11,Gains In Performance
2004-10-30,31,Let Them Be Little,Billy Dean,35,8,Gains In Performance
2004-10-30,32,Baby Girl,Sugarland,31,15,Gains In Performance
2004-10-30,33,No End In Sight,Katrina Elam,34,14,Gains In Performance
2004-10-30,34,The Bride,Trick Pony,28,18,
2004-10-30,35,Feel My Way To You,Restless Heart,32,15,
2004-10-30,36,Trying To Find Atlantis,Jamie O'Neal,38,4,Gains In Performance
2004-10-30,37,Dixie Rose Deluxe's...,Trent Willmon,36,13,
2004-10-30,38,Where I Belong,Rachel Proctor,40,6,Gains In Performance
2004-10-30,39,The Upside Of Being Down,Catherine Britt,39,11,Gains In Performance
2004-10-30,40,Me And Charlie Talking,Miranda Lambert,42,2,Gains In Performance
2004-10-30,41,Revenge Of A Middle-Aged Woman,Tracy Byrd,49,5,Gains In Performance
2004-10-30,42,You Don't Lie Here Anymore,Shelly Fairchild,43,3,Gains In Performance
2004-10-30,43,I Ain't Scared,Carolina Rain,45,6,Gains In Performance
2004-10-30,44,"Long, Slow Kisses",Jeff Bates,44,5,Gains In Performance
2004-10-30,45,All I Ever Needed,Bret Michaels With Jessica Andrews,48,4,Gains In Performance
2004-10-30,46,I Am The Working Man,Dusty Drake,47,6,Gains In Performance
2004-10-30,47,If Heaven,Andy Griggs,54,3,Gains In Performance
2004-10-30,48,Sawdust On Her Halo,Tracy Lawrence,46,4,Gains In Performance
2004-10-30,49,When I Think About Cheatin',Gretchen Wilson,NEW,1,Highest ranking debut|Gains In Performance
2004-10-30,50,You're My Better Half,Keith Urban,NEW,1,Gains In Performance
2004-10-30,51,I May Hate Myself In The Morning,Lee Ann Womack,58,2,Gains In Performance
2004-10-30,52,Inspiration,David Lee Murphy Featuring Lee Roy Parnell,50,3,Gains In Performance
2004-10-30,53,Cowgirls,Kerry Harvick,60,3,Gains In Performance
2004-10-30,54,Getaway Car,The Jenkins,41,12,
2004-10-30,55,That Changed Me,Chad Brock,53,3,Gains In Performance
2004-10-30,56,Heaven,Los Lonely Boys,55,13,Gains In Performance
2004-10-30,57,Ain't Drinkin' Anymore,Kevin Fowler,51,14,
2004-10-30,58,I'm A Saint,Mark Chesnutt,NEW,1,Gains In Performance
2004-10-30,59,If I Could Only Bring You Back,Joe Diffie,59,8,
2004-10-30,60,Louisiana Melody,David Ball,NEW,1,Gains In Performance
2004-11-06,1,In A Real Love,Phil Vassar,3,28,Gains In Performance
2004-11-06,2,I Hate Everything,George Strait,1,17,
2004-11-06,3,Suds In The Bucket,Sara Evans,2,27,
2004-11-06,4,That's What It's All About,Brooks & Dunn,4,18,Gains In Performance
2004-11-06,5,Mr. Mom,Lonestar,8,16,Gains In Performance
2004-11-06,6,Stays In Mexico,Toby Keith,5,13,Gains In Performance
2004-11-06,7,Nothing On But The Radio,Gary Allan,6,20,Gains In Performance
2004-11-06,8,The Woman With You,Kenny Chesney,9,10,Gains In Performance
2004-11-06,9,Days Go By,Keith Urban,7,19,
2004-11-06,10,Back When,Tim McGraw,14,10,Gains In Performance
2004-11-06,11,How Am I Doin',Dierks Bentley,13,26,Gains In Performance
2004-11-06,12,Some Beach,Blake Shelton,16,14,Gains In Performance
2004-11-06,13,Rough & Ready,Trace Adkins,15,30,Gains In Performance
2004-11-06,14,If Nobody Believed In You,Joe Nichols,10,33,
2004-11-06,15,Party For Two,Shania Twain Featuring Billy Currington,17,8,Gains In Performance
2004-11-06,16,"Awful, Beautiful Life",Darryl Worley,18,18,Gains In Performance
2004-11-06,17,Come Home Soon,SHeDAISY,19,18,Gains In Performance
2004-11-06,18,Feels Like Today,Rascal Flatts,11,20,
2004-11-06,19,Nothin 'Bout Love Makes Sense,LeAnn Rimes,20,10,Gains In Performance
2004-11-06,20,Mud On The Tires,Brad Paisley,25,8,Gains In Performance
2004-11-06,21,He Gets That From Me,Reba McEntire,23,10,Gains In Performance
2004-11-06,22,You Do Your Thing,Montgomery Gentry,22,16,
2004-11-06,23,Trip Around The Sun,Jimmy Buffett With Martina McBride,24,10,Gains In Performance
2004-11-06,24,Holy Water,Big & Rich,27,6,Gains In Performance
2004-11-06,25,Monday Morning Church,Alan Jackson,29,4,Gains In Performance
2004-11-06,26,What Say You,Travis Tritt With John Mellencamp,26,9,Gains In Performance
2004-11-06,27,Too Much Of A Good Thing,Alan Jackson,21,20,
2004-11-06,28,Nothin' To Lose,Josh Gracin,28,9,Gains In Performance
2004-11-06,29,Don't Break My Heart Again,Pat Green,30,12,Gains In Performance
2004-11-06,30,Baby Girl,Sugarland,32,16,Gains In Performance
2004-11-06,31,Let Them Be Little,Billy Dean,31,9,Gains In Performance
2004-11-06,32,No End In Sight,Katrina Elam,33,15,Gains In Performance
2004-11-06,33,You're My Better Half,Keith Urban,50,2,Gains In Performance
2004-11-06,34,Trying To Find Atlantis,Jamie O'Neal,36,5,Gains In Performance
2004-11-06,35,When I Think About Cheatin',Gretchen Wilson,49,2,Gains In Performance
2004-11-06,36,Me And Charlie Talking,Miranda Lambert,40,3,Gains In Performance
2004-11-06,37,The Upside Of Being Down,Catherine Britt,39,12,Gains In Performance
2004-11-06,38,Revenge Of A Middle-Aged Woman,Tracy Byrd,41,6,Gains In Performance
2004-11-06,39,Where I Belong,Rachel Proctor,38,7,
2004-11-06,40,I May Hate Myself In The Morning,Lee Ann Womack,51,3,Gains In Performance
2004-11-06,41,You Don't Lie Here Anymore,Shelly Fairchild,42,4,Gains In Performance
2004-11-06,42,If Heaven,Andy Griggs,47,4,Gains In Performance
2004-11-06,43,The Bride,Trick Pony,34,19,
2004-11-06,44,I Ain't Scared,Carolina Rain,43,7,Gains In Performance
2004-11-06,45,"Long, Slow Kisses",Jeff Bates,44,6,Gains In Performance
2004-11-06,46,Dixie Rose Deluxe's...,Trent Willmon,37,14,
2004-11-06,47,I Am The Working Man,Dusty Drake,46,7,Gains In Performance
2004-11-06,48,Sawdust On Her Halo,Tracy Lawrence,48,5,Gains In Performance
2004-11-06,49,Feel My Way To You,Restless Heart,35,16,
2004-11-06,50,Bless The Broken Road,Rascal Flatts,NEW,1,Highest ranking debut|Gains In Performance
2004-11-06,51,Cowgirls,Kerry Harvick,53,4,Gains In Performance
2004-11-06,52,That's What I Love About Sunday,Craig Morgan,NEW,1,Gains In Performance
2004-11-06,53,Inspiration,David Lee Murphy Featuring Lee Roy Parnell,52,4,
2004-11-06,54,I'm A Saint,Mark Chesnutt,58,2,Gains In Performance
2004-11-06,55,All I Ever Needed,Bret Michaels With Jessica Andrews,45,5,
2004-11-06,56,That Changed Me,Chad Brock,55,4,Gains In Performance
2004-11-06,57,Heaven,Los Lonely Boys,56,14,Gains In Performance
2004-11-06,58,The Chance,Julie Roberts,NEW,1,Gains In Performance
2004-11-06,59,Devil In The Bottle,Hank Williams Jr.,NEW,1,Gains In Performance
2004-11-06,60,Ain't Drinkin' Anymore,Kevin Fowler,57,15,
2004-11-13,1,In A Real Love,Phil Vassar,1,29,Gains In Performance
2004-11-13,2,Mr. Mom,Lonestar,5,17,Gains In Performance
2004-11-13,3,That's What It's All About,Brooks & Dunn,4,19,Gains In Performance
2004-11-13,4,Nothing On But The Radio,Gary Allan,7,21,Gains In Performance
2004-11-13,5,Stays In Mexico,Toby Keith,6,14,Gains In Performance
2004-11-13,6,The Woman With You,Kenny Chesney,8,11,Gains In Performance
2004-11-13,7,I Hate Everything,George Strait,2,18,
2004-11-13,8,Suds In The Bucket,Sara Evans,3,28,
2004-11-13,9,Back When,Tim McGraw,10,11,Gains In Performance
2004-11-13,10,Some Beach,Blake Shelton,12,15,Gains In Performance
2004-11-13,11,How Am I Doin',Dierks Bentley,11,27,Gains In Performance
2004-11-13,12,Days Go By,Keith Urban,9,20,
2004-11-13,13,"Awful, Beautiful Life",Darryl Worley,16,19,Gains In Performance
2004-11-13,14,Party For Two,Shania Twain Featuring Billy Currington,15,9,Gains In Performance
2004-11-13,15,Rough & Ready,Trace Adkins,13,31,
2004-11-13,16,Nothin 'Bout Love Makes Sense,LeAnn Rimes,19,11,Gains In Performance
2004-11-13,17,Come Home Soon,SHeDAISY,17,19,Gains In Performance
2004-11-13,18,Monday Morning Church,Alan Jackson,25,5,Gains In Performance
2004-11-13,19,Mud On The Tires,Brad Paisley,20,9,Gains In Performance
2004-11-13,20,He Gets That From Me,Reba McEntire,21,11,Gains In Performance
2004-11-13,21,Holy Water,Big & Rich,24,7,Gains In Performance
2004-11-13,22,Trip Around The Sun,Jimmy Buffett With Martina McBride,23,11,Gains In Performance
2004-11-13,23,You Do Your Thing,Montgomery Gentry,22,17,
2004-11-13,24,What Say You,Travis Tritt With John Mellencamp,26,10,Gains In Performance
2004-11-13,25,Nothin' To Lose,Josh Gracin,28,10,Gains In Performance
2004-11-13,26,You're My Better Half,Keith Urban,33,3,Gains In Performance
2004-11-13,27,Let Them Be Little,Billy Dean,31,10,Gains In Performance
2004-11-13,28,Don't Break My Heart Again,Pat Green,29,13,Gains In Performance
2004-11-13,29,When I Think About Cheatin',Gretchen Wilson,35,3,Gains In Performance
2004-11-13,30,Baby Girl,Sugarland,30,17,Gains In Performance
2004-11-13,31,No End In Sight,Katrina Elam,32,16,Gains In Performance
2004-11-13,32,Trying To Find Atlantis,Jamie O'Neal,34,6,Gains In Performance
2004-11-13,33,I May Hate Myself In The Morning,Lee Ann Womack,40,4,Gains In Performance
2004-11-13,34,Me And Charlie Talking,Miranda Lambert,36,4,Gains In Performance
2004-11-13,35,Bless The Broken Road,Rascal Flatts,50,2,Gains In Performance
2004-11-13,36,The Upside Of Being Down,Catherine Britt,37,13,Gains In Performance
2004-11-13,37,If Heaven,Andy Griggs,42,5,Gains In Performance
2004-11-13,38,Revenge Of A Middle-Aged Woman,Tracy Byrd,38,7,Gains In Performance
2004-11-13,39,Where I Belong,Rachel Proctor,39,8,Gains In Performance
2004-11-13,40,You Don't Lie Here Anymore,Shelly Fairchild,41,5,Gains In Performance
2004-11-13,41,I Ain't Scared,Carolina Rain,44,8,Gains In Performance
2004-11-13,42,"Long, Slow Kisses",Jeff Bates,45,7,Gains In Performance
2004-11-13,43,I Am The Working Man,Dusty Drake,47,8,
2004-11-13,44,I'm A Saint,Mark Chesnutt,54,3,Gains In Performance
2004-11-13,45,Cowgirls,Kerry Harvick,51,5,Gains In Performance
2004-11-13,46,Inspiration,David Lee Murphy Featuring Lee Roy Parnell,53,5,Gains In Performance
2004-11-13,47,The Chance,Julie Roberts,58,2,Gains In Performance
2004-11-13,48,That's What I Love About Sunday,Craig Morgan,52,2,Gains In Performance
2004-11-13,49,All I Ever Needed,Bret Michaels With Jessica Andrews,55,6,Gains In Performance
2004-11-13,50,Sawdust On Her Halo,Tracy Lawrence,48,6,
2004-11-13,51,How Do You Get That Lonely,Blaine Larsen,NEW,1,Highest ranking debut|Gains In Performance
2004-11-13,52,Feel My Way To You,Restless Heart,49,17,
2004-11-13,53,The Bride,Trick Pony,43,20,
2004-11-13,54,I Would Cry,Amy Dalley,NEW,1,Gains In Performance
2004-11-13,55,Dixie Rose Deluxe's...,Trent Willmon,46,15,
2004-11-13,56,Heaven,Los Lonely Boys,57,15,
2004-11-13,57,Paper Angels,Jimmy Wayne,RE,4,Gains In Performance
2004-11-13,58,That Changed Me,Chad Brock,56,5,
2004-11-13,59,I Miss Me,Brad Cotter,NEW,1,Gains In Performance
2004-11-13,60,Red Bird Fever,Gretchen Wilson,NEW,1,Gains In Performance
2004-11-20,1,Mr. Mom,Lonestar,2,18,Gains In Performance
2004-11-20,2,That's What It's All About,Brooks & Dunn,3,20,Gains In Performance
2004-11-20,3,Stays In Mexico,Toby Keith,5,15,Gains In Performance
2004-11-20,4,Nothing On But The Radio,Gary Allan,4,22,Gains In Performance
2004-11-20,5,In A Real Love,Phil Vassar,1,30,
2004-11-20,6,The Woman With You,Kenny Chesney,6,12,Gains In Performance
2004-11-20,7,Back When,Tim McGraw,9,12,Gains In Performance
2004-11-20,8,Some Beach,Blake Shelton,10,16,Gains In Performance
2004-11-20,9,How Am I Doin',Dierks Bentley,11,28,Gains In Performance
2004-11-20,10,Suds In The Bucket,Sara Evans,8,29,
2004-11-20,11,I Hate Everything,George Strait,7,19,
2004-11-20,12,Party For Two,Shania Twain Featuring Billy Currington,14,10,Gains In Performance
2004-11-20,13,"Awful, Beautiful Life",Darryl Worley,13,20,Gains In Performance
2004-11-20,14,Days Go By,Keith Urban,12,21,Gains In Performance
2004-11-20,15,Nothin 'Bout Love Makes Sense,LeAnn Rimes,16,12,Gains In Performance
2004-11-20,16,Come Home Soon,SHeDAISY,17,20,Gains In Performance
2004-11-20,17,Mud On The Tires,Brad Paisley,19,10,Gains In Performance
2004-11-20,18,Monday Morning Church,Alan Jackson,18,6,Gains In Performance
2004-11-20,19,He Gets That From Me,Reba McEntire,20,12,Gains In Performance
2004-11-20,20,Holy Water,Big & Rich,21,8,Gains In Performance
2004-11-20,21,Trip Around The Sun,Jimmy Buffett With Martina McBride,22,12,Gains In Performance
2004-11-20,22,What Say You,Travis Tritt With John Mellencamp,24,11,Gains In Performance
2004-11-20,23,You're My Better Half,Keith Urban,26,4,Gains In Performance
2004-11-20,24,When I Think About Cheatin',Gretchen Wilson,29,4,Greatest gainer this week|Gains In Performance
2004-11-20,25,Nothin' To Lose,Josh Gracin,25,11,Gains In Performance
2004-11-20,26,Let Them Be Little,Billy Dean,27,11,Gains In Performance
2004-11-20,27,Don't Break My Heart Again,Pat Green,28,14,Gains In Performance
2004-11-20,28,Baby Girl,Sugarland,30,18,Gains In Performance
2004-11-20,29,No End In Sight,Katrina Elam,31,17,
2004-11-20,30,Bless The Broken Road,Rascal Flatts,35,3,Gains In Performance
2004-11-20,31,I May Hate Myself In The Morning,Lee Ann Womack,33,5,Gains In Performance
2004-11-20,32,Trying To Find Atlantis,Jamie O'Neal,32,7,Gains In Performance
2004-11-20,33,You Do Your Thing,Montgomery Gentry,23,18,
2004-11-20,34,If Heaven,Andy Griggs,37,6,Gains In Performance
2004-11-20,35,Me And Charlie Talking,Miranda Lambert,34,5,Gains In Performance
2004-11-20,36,Revenge Of A Middle-Aged Woman,Tracy Byrd,38,8,Gains In Performance
2004-11-20,37,Where I Belong,Rachel Proctor,39,9,Gains In Performance
2004-11-20,38,The Upside Of Being Down,Catherine Britt,36,14,
2004-11-20,39,You Don't Lie Here Anymore,Shelly Fairchild,40,6,Gains In Performance
2004-11-20,40,That's What I Love About Sunday,Craig Morgan,48,3,Gains In Performance
2004-11-20,41,"Long, Slow Kisses",Jeff Bates,42,8,Gains In Performance
2004-11-20,42,I Ain't Scared,Carolina Rain,41,9,
2004-11-20,43,How Do You Get That Lonely,Blaine Larsen,51,2,Gains In Performance
2004-11-20,44,The World Needs A Drink,Terri Clark,NEW,1,Highest ranking debut|Gains In Performance
2004-11-20,45,I'm A Saint,Mark Chesnutt,44,4,Gains In Performance
2004-11-20,46,I Would Cry,Amy Dalley,54,2,Gains In Performance
2004-11-20,47,Paper Angels,Jimmy Wayne,57,5,Gains In Performance
2004-11-20,48,The Chance,Julie Roberts,47,3,Gains In Performance
2004-11-20,49,Inspiration,David Lee Murphy Featuring Lee Roy Parnell,46,6,Gains In Performance
2004-11-20,50,Cowgirls,Kerry Harvick,45,6,Gains In Performance
2004-11-20,51,All I Ever Needed,Bret Michaels With Jessica Andrews,49,7,
2004-11-20,52,Heaven,Los Lonely Boys,56,16,
2004-11-20,53,Four Walls,Randy Travis,NEW,1,Gains In Performance
2004-11-20,54,The Bumper Of My S.U.V.,Chely Wright,NEW,1,Gains In Performance
2004-11-20,55,What's A Guy Gotta Do,Joe Nichols,NEW,1,Gains In Performance
2004-11-20,56,I Am The Working Man,Dusty Drake,43,9,
2004-11-20,57,Sawdust On Her Halo,Tracy Lawrence,50,7,
2004-11-20,58,That Changed Me,Chad Brock,58,6,
2004-11-20,59,Restless,Alison Krauss + Union Station,NEW,1,Gains In Performance
2004-11-20,60,Ain't Drinkin' Anymore,Kevin Fowler,RE,16,
2004-11-27,1,Mr. Mom,Lonestar,1,19,Gains In Performance
2004-11-27,2,Nothing On But The Radio,Gary Allan,4,23,Gains In Performance
2004-11-27,3,That's What It's All About,Brooks & Dunn,2,21,
2004-11-27,4,The Woman With You,Kenny Chesney,6,13,Gains In Performance
2004-11-27,5,Back When,Tim McGraw,7,13,Gains In Performance
2004-11-27,6,Some Beach,Blake Shelton,8,17,Gains In Performance
2004-11-27,7,In A Real Love,Phil Vassar,5,31,
2004-11-27,8,How Am I Doin',Dierks Bentley,9,29,Gains In Performance
2004-11-27,9,Stays In Mexico,Toby Keith,3,16,
2004-11-27,10,"Awful, Beautiful Life",Darryl Worley,13,21,Gains In Performance
2004-11-27,11,Party For Two,Shania Twain Featuring Billy Currington,12,11,Gains In Performance
2004-11-27,12,Suds In The Bucket,Sara Evans,10,30,
2004-11-27,13,Nothin 'Bout Love Makes Sense,LeAnn Rimes,15,13,Gains In Performance
2004-11-27,14,Come Home Soon,SHeDAISY,16,21,Gains In Performance
2004-11-27,15,Mud On The Tires,Brad Paisley,17,11,Gains In Performance
2004-11-27,16,Monday Morning Church,Alan Jackson,18,7,Gains In Performance
2004-11-27,17,I Hate Everything,George Strait,11,20,
2004-11-27,18,He Gets That From Me,Reba McEntire,19,13,Gains In Performance
2004-11-27,19,You're My Better Half,Keith Urban,23,5,Gains In Performance
2004-11-27,20,Holy Water,Big & Rich,20,9,Gains In Performance
2004-11-27,21,When I Think About Cheatin',Gretchen Wilson,24,5,Gains In Performance
2004-11-27,22,Trip Around The Sun,Jimmy Buffett With Martina McBride,21,13,Gains In Performance
2004-11-27,23,What Say You,Travis Tritt With John Mellencamp,22,12,Gains In Performance
2004-11-27,24,Nothin' To Lose,Josh Gracin,25,12,Gains In Performance
2004-11-27,25,Bless The Broken Road,Rascal Flatts,30,4,Gains In Performance
2004-11-27,26,Let Them Be Little,Billy Dean,26,12,Gains In Performance
2004-11-27,27,Don't Break My Heart Again,Pat Green,27,15,Gains In Performance
2004-11-27,28,Baby Girl,Sugarland,28,19,Gains In Performance
2004-11-27,29,I May Hate Myself In The Morning,Lee Ann Womack,31,6,Gains In Performance
2004-11-27,30,No End In Sight,Katrina Elam,29,18,Gains In Performance
2004-11-27,31,Trying To Find Atlantis,Jamie O'Neal,32,8,Gains In Performance
2004-11-27,32,If Heaven,Andy Griggs,34,7,Gains In Performance
2004-11-27,33,Me And Charlie Talking,Miranda Lambert,35,6,Gains In Performance
2004-11-27,34,That's What I Love About Sunday,Craig Morgan,40,4,Gains In Performance
2004-11-27,35,Revenge Of A Middle-Aged Woman,Tracy Byrd,36,9,Gains In Performance
2004-11-27,36,You Don't Lie Here Anymore,Shelly Fairchild,39,7,Gains In Performance
2004-11-27,37,The Upside Of Being Down,Catherine Britt,38,15,Gains In Performance
2004-11-27,38,"Long, Slow Kisses",Jeff Bates,41,9,Gains In Performance
2004-11-27,39,How Do You Get That Lonely,Blaine Larsen,43,3,Gains In Performance
2004-11-27,40,Paper Angels,Jimmy Wayne,47,6,Gains In Performance
2004-11-27,41,Mockingbird,Toby Keith Duet With Krystal,NEW,1,Highest ranking debut|Gains In Performance
2004-11-27,42,Where I Belong,Rachel Proctor,37,10,
2004-11-27,43,You Do Your Thing,Montgomery Gentry,33,19,
2004-11-27,44,I Would Cry,Amy Dalley,46,3,Gains In Performance
2004-11-27,45,Gone,Montgomery Gentry,NEW,1,Gains In Performance
2004-11-27,46,I Ain't Scared,Carolina Rain,42,10,
2004-11-27,47,The World Needs A Drink,Terri Clark,44,2,Gains In Performance
2004-11-27,48,What's A Guy Gotta Do,Joe Nichols,55,2,Gains In Performance
2004-11-27,49,I'm A Saint,Mark Chesnutt,45,5,Gains In Performance
2004-11-27,50,The Bumper Of My S.U.V.,Chely Wright,54,2,Gains In Performance
2004-11-27,51,The Chance,Julie Roberts,48,4,Gains In Performance
2004-11-27,52,Inspiration,David Lee Murphy Featuring Lee Roy Parnell,49,7,Gains In Performance
2004-11-27,53,Cowgirls,Kerry Harvick,50,7,
2004-11-27,54,Four Walls,Randy Travis,53,2,Gains In Performance
2004-11-27,55,All I Ever Needed,Bret Michaels With Jessica Andrews,51,8,
2004-11-27,56,Restless,Alison Krauss + Union Station,59,2,Gains In Performance
2004-11-27,57,Home Sweet Holiday Inn,Trent Willmon,NEW,1,Gains In Performance
2004-11-27,58,Heaven,Los Lonely Boys,52,17,
2004-11-27,59,I Miss Me,Brad Cotter,RE,2,Gains In Performance
2004-11-27,60,I'll Take That As A Yes (The Hot Tub Song),Phil Vassar,NEW,1,Gains In Performance
2004-12-04,1,Nothing On But The Radio,Gary Allan,2,24,Gains In Performance
2004-12-04,2,The Woman With You,Kenny Chesney,4,14,Gains In Performance
2004-12-04,3,Mr. Mom,Lonestar,1,20,
2004-12-04,4,Back When,Tim McGraw,5,14,Gains In Performance
2004-12-04,5,Some Beach,Blake Shelton,6,18,Greatest gainer this week|Gains In Performance
2004-12-04,6,That's What It's All About,Brooks & Dunn,3,22,
2004-12-04,7,How Am I Doin',Dierks Bentley,8,30,Gains In Performance
2004-12-04,8,"Awful, Beautiful Life",Darryl Worley,10,22,Gains In Performance
2004-12-04,9,Party For Two,Shania Twain Featuring Billy Currington,11,12,Gains In Performance
2004-12-04,10,In A Real Love,Phil Vassar,7,32,
2004-12-04,11,Monday Morning Church,Alan Jackson,16,8,Gains In Performance
2004-12-04,12,Nothin 'Bout Love Makes Sense,LeAnn Rimes,13,14,Gains In Performance
2004-12-04,13,Mud On The Tires,Brad Paisley,15,12,Gains In Performance
2004-12-04,14,Come Home Soon,SHeDAISY,14,22,Gains In Performance
2004-12-04,15,Suds In The Bucket,Sara Evans,12,31,
2004-12-04,16,You're My Better Half,Keith Urban,19,6,Gains In Performance
2004-12-04,17,When I Think About Cheatin',Gretchen Wilson,21,6,Gains In Performance
2004-12-04,18,He Gets That From Me,Reba McEntire,18,14,Gains In Performance
2004-12-04,19,Holy Water,Big & Rich,20,10,Gains In Performance
2004-12-04,20,Trip Around The Sun,Jimmy Buffett With Martina McBride,22,14,Gains In Performance
2004-12-04,21,Nothin' To Lose,Josh Gracin,24,13,Gains In Performance
2004-12-04,22,Bless The Broken Road,Rascal Flatts,25,5,Gains In Performance
2004-12-04,23,Stays In Mexico,Toby Keith,9,17,
2004-12-04,24,What Say You,Travis Tritt With John Mellencamp,23,13,
2004-12-04,25,Let Them Be Little,Billy Dean,26,13,Gains In Performance
2004-12-04,26,Don't Break My Heart Again,Pat Green,27,16,Gains In Performance
2004-12-04,27,Baby Girl,Sugarland,28,20,Gains In Performance
2004-12-04,28,I May Hate Myself In The Morning,Lee Ann Womack,29,7,Gains In Performance
2004-12-04,29,Trying To Find Atlantis,Jamie O'Neal,31,9,Gains In Performance
2004-12-04,30,No End In Sight,Katrina Elam,30,19,
2004-12-04,31,If Heaven,Andy Griggs,32,8,Gains In Performance
2004-12-04,32,That's What I Love About Sunday,Craig Morgan,34,5,Gains In Performance
2004-12-04,33,Me And Charlie Talking,Miranda Lambert,33,7,
2004-12-04,34,Revenge Of A Middle-Aged Woman,Tracy Byrd,35,10,Gains In Performance
2004-12-04,35,Gone,Montgomery Gentry,45,2,Gains In Performance
2004-12-04,36,You Don't Lie Here Anymore,Shelly Fairchild,36,8,Gains In Performance
2004-12-04,37,Paper Angels,Jimmy Wayne,40,7,Gains In Performance
2004-12-04,38,How Do You Get That Lonely,Blaine Larsen,39,4,Gains In Performance
2004-12-04,39,The World Needs A Drink,Terri Clark,47,3,Gains In Performance
2004-12-04,40,The Upside Of Being Down,Catherine Britt,37,16,
2004-12-04,41,"Long, Slow Kisses",Jeff Bates,38,10,Gains In Performance
2004-12-04,42,Mockingbird,Toby Keith Duet With Krystal,41,2,Gains In Performance
2004-12-04,43,What's A Guy Gotta Do,Joe Nichols,48,3,Gains In Performance
2004-12-04,44,I Would Cry,Amy Dalley,44,4,Gains In Performance
2004-12-04,45,The Bumper Of My S.U.V.,Chely Wright,50,3,Gains In Performance
2004-12-04,46,I'm A Saint,Mark Chesnutt,49,6,Gains In Performance
2004-12-04,47,The Chance,Julie Roberts,51,5,Gains In Performance
2004-12-04,48,Inspiration,David Lee Murphy Featuring Lee Roy Parnell,52,8,
2004-12-04,49,I Ain't Scared,Carolina Rain,46,11,
2004-12-04,50,I'll Take That As A Yes (The Hot Tub Song),Phil Vassar,60,2,Gains In Performance
2004-12-04,51,Where I Belong,Rachel Proctor,42,11,
2004-12-04,52,It's Getting Better All The Time,Brooks & Dunn,NEW,1,Highest ranking debut|Gains In Performance
2004-12-04,53,Four Walls,Randy Travis,54,3,Gains In Performance
2004-12-04,54,You Do Your Thing,Montgomery Gentry,43,20,
2004-12-04,55,Home Sweet Holiday Inn,Trent Willmon,57,2,Gains In Performance
2004-12-04,56,God's Will,Martina McBride,NEW,1,Gains In Performance
2004-12-04,57,All I Ever Needed,Bret Michaels With Jessica Andrews,55,9,
2004-12-04,58,Tonight,Sara Evans,NEW,1,Gains In Performance
2004-12-04,59,Restless,Alison Krauss + Union Station,56,3,Gains In Performance
2004-12-04,60,Cowgirls,Kerry Harvick,53,8,
2004-12-11,1,Nothing On But The Radio,Gary Allan,1,25,Gains In Performance
2004-12-11,2,Back When,Tim McGraw,4,15,Gains In Performance
2004-12-11,3,The Woman With You,Kenny Chesney,2,15,
2004-12-11,4,Some Beach,Blake Shelton,5,19,Gains In Performance
2004-12-11,5,Mr. Mom,Lonestar,3,21,
2004-12-11,6,How Am I Doin',Dierks Bentley,7,31,Gains In Performance
2004-12-11,7,"Awful, Beautiful Life",Darryl Worley,8,23,Gains In Performance
2004-12-11,8,Party For Two,Shania Twain Featuring Billy Currington,9,13,Gains In Performance
2004-12-11,9,Monday Morning Church,Alan Jackson,11,9,Gains In Performance
2004-12-11,10,Nothin 'Bout Love Makes Sense,LeAnn Rimes,12,15,Gains In Performance
2004-12-11,11,Mud On The Tires,Brad Paisley,13,13,Gains In Performance
2004-12-11,12,That's What It's All About,Brooks & Dunn,6,23,
2004-12-11,13,You're My Better Half,Keith Urban,16,7,Gains In Performance
2004-12-11,14,When I Think About Cheatin',Gretchen Wilson,17,7,Greatest gainer this week|Gains In Performance
2004-12-11,15,Come Home Soon,SHeDAISY,14,23,Gains In Performance
2004-12-11,16,He Gets That From Me,Reba McEntire,18,15,Gains In Performance
2004-12-11,17,Holy Water,Big & Rich,19,11,Gains In Performance
2004-12-11,18,Bless The Broken Road,Rascal Flatts,22,6,Gains In Performance
2004-12-11,19,Nothin' To Lose,Josh Gracin,21,14,Gains In Performance
2004-12-11,20,Trip Around The Sun,Jimmy Buffett With Martina McBride,20,15,
2004-12-11,21,What Say You,Travis Tritt With John Mellencamp,24,14,Gains In Performance
2004-12-11,22,Let Them Be Little,Billy Dean,25,14,Gains In Performance
2004-12-11,23,Don't Break My Heart Again,Pat Green,26,17,Gains In Performance
2004-12-11,24,I May Hate Myself In The Morning,Lee Ann Womack,28,8,Gains In Performance
2004-12-11,25,Stays In Mexico,Toby Keith,23,18,
2004-12-11,26,Baby Girl,Sugarland,27,21,Gains In Performance
2004-12-11,27,If Heaven,Andy Griggs,31,9,Gains In Performance
2004-12-11,28,Trying To Find Atlantis,Jamie O'Neal,29,10,Gains In Performance
2004-12-11,29,No End In Sight,Katrina Elam,30,20,Gains In Performance
2004-12-11,30,That's What I Love About Sunday,Craig Morgan,32,6,Gains In Performance
2004-12-11,31,Paper Angels,Jimmy Wayne,37,8,Gains In Performance
2004-12-11,32,Me And Charlie Talking,Miranda Lambert,33,8,Gains In Performance
2004-12-11,33,Gone,Montgomery Gentry,35,3,Gains In Performance
2004-12-11,34,Mockingbird,Toby Keith Duet With Krystal,42,3,Gains In Performance
2004-12-11,35,Revenge Of A Middle-Aged Woman,Tracy Byrd,34,11,Gains In Performance
2004-12-11,36,How Do You Get That Lonely,Blaine Larsen,38,5,Gains In Performance
2004-12-11,37,You Don't Lie Here Anymore,Shelly Fairchild,36,9,Gains In Performance
2004-12-11,38,"Long, Slow Kisses",Jeff Bates,41,11,Gains In Performance
2004-12-11,39,The Upside Of Being Down,Catherine Britt,40,17,
2004-12-11,40,What's A Guy Gotta Do,Joe Nichols,43,4,Gains In Performance
2004-12-11,41,The World Needs A Drink,Terri Clark,39,4,
2004-12-11,42,I Would Cry,Amy Dalley,44,5,Gains In Performance
2004-12-11,43,I'm A Saint,Mark Chesnutt,46,7,Gains In Performance
2004-12-11,44,The Bumper Of My S.U.V.,Chely Wright,45,4,Gains In Performance
2004-12-11,45,It's Getting Better All The Time,Brooks & Dunn,52,2,Gains In Performance
2004-12-11,46,Inspiration,David Lee Murphy Featuring Lee Roy Parnell,48,9,Gains In Performance
2004-12-11,47,I'll Take That As A Yes (The Hot Tub Song),Phil Vassar,50,3,Gains In Performance
2004-12-11,48,The Chance,Julie Roberts,47,6,
2004-12-11,49,God's Will,Martina McBride,56,2,Gains In Performance
2004-12-11,50,Home Sweet Holiday Inn,Trent Willmon,55,3,Gains In Performance
2004-12-11,51,Four Walls,Randy Travis,53,4,Gains In Performance
2004-12-11,52,Tonight,Sara Evans,58,2,Gains In Performance
2004-12-11,53,Restless,Alison Krauss + Union Station,59,4,Gains In Performance
2004-12-11,54,All I Ever Needed,Bret Michaels With Jessica Andrews,57,10,Gains In Performance
2004-12-11,55,Mission Temple Fireworks Stand,Sawyer Brown Featuring Robert Randolph,NEW,1,Highest ranking debut|Gains In Performance
2004-12-11,56,I Ain't Scared,Carolina Rain,49,12,
2004-12-11,57,Let It Snow! Let It Snow! Let It Snow!,Joe Nichols,NEW,1,Gains In Performance
2004-12-11,58,Ain't Drinkin' Anymore,Kevin Fowler,RE,17,Gains In Performance
2004-12-11,59,Not Me,Keni Thomas Feat. Vince Gill And Emmylou Harris,NEW,1,Gains In Performance
2004-12-11,60,Heaven,Los Lonely Boys,RE,18,
2004-12-18,1,Back When,Tim McGraw,2,16,Gains In Performance
2004-12-18,2,Some Beach,Blake Shelton,4,20,Gains In Performance
2004-12-18,3,Nothing On But The Radio,Gary Allan,1,26,
2004-12-18,4,The Woman With You,Kenny Chesney,3,16,
2004-12-18,5,"Awful, Beautiful Life",Darryl Worley,7,24,Greatest gainer this week|Gains In Performance
2004-12-18,6,How Am I Doin',Dierks Bentley,6,32,Gains In Performance
2004-12-18,7,Mr. Mom,Lonestar,5,22,
2004-12-18,8,Party For Two,Shania Twain Featuring Billy Currington,8,14,Gains In Performance
2004-12-18,9,Monday Morning Church,Alan Jackson,9,10,Gains In Performance
2004-12-18,10,Nothin 'Bout Love Makes Sense,LeAnn Rimes,10,16,Gains In Performance
2004-12-18,11,Mud On The Tires,Brad Paisley,11,14,Gains In Performance
2004-12-18,12,When I Think About Cheatin',Gretchen Wilson,14,8,Gains In Performance
2004-12-18,13,You're My Better Half,Keith Urban,13,8,Gains In Performance
2004-12-18,14,Come Home Soon,SHeDAISY,15,24,Gains In Performance
2004-12-18,15,He Gets That From Me,Reba McEntire,16,16,Gains In Performance
2004-12-18,16,Bless The Broken Road,Rascal Flatts,18,7,Gains In Performance
2004-12-18,17,Holy Water,Big & Rich,17,12,Gains In Performance
2004-12-18,18,Nothin' To Lose,Josh Gracin,19,15,Gains In Performance
2004-12-18,19,Let Them Be Little,Billy Dean,22,15,Gains In Performance
2004-12-18,20,Trip Around The Sun,Jimmy Buffett With Martina McBride,20,16,
2004-12-18,21,I May Hate Myself In The Morning,Lee Ann Womack,24,9,Gains In Performance
2004-12-18,22,What Say You,Travis Tritt With John Mellencamp,21,15,
2004-12-18,23,Don't Break My Heart Again,Pat Green,23,18,Gains In Performance
2004-12-18,24,Baby Girl,Sugarland,26,22,Gains In Performance
2004-12-18,25,If Heaven,Andy Griggs,27,10,Gains In Performance
2004-12-18,26,Trying To Find Atlantis,Jamie O'Neal,28,11,Gains In Performance
2004-12-18,27,Paper Angels,Jimmy Wayne,31,9,Gains In Performance
2004-12-18,28,That's What I Love About Sunday,Craig Morgan,30,7,Gains In Performance
2004-12-18,29,Stays In Mexico,Toby Keith,25,19,
2004-12-18,30,No End In Sight,Katrina Elam,29,21,
2004-12-18,31,Gone,Montgomery Gentry,33,4,Gains In Performance
2004-12-18,32,Me And Charlie Talking,Miranda Lambert,32,9,Gains In Performance
2004-12-18,33,Mockingbird,Toby Keith Duet With Krystal,34,4,Gains In Performance
2004-12-18,34,Revenge Of A Middle-Aged Woman,Tracy Byrd,35,12,Gains In Performance
2004-12-18,35,How Do You Get That Lonely,Blaine Larsen,36,6,Gains In Performance
2004-12-18,36,You Don't Lie Here Anymore,Shelly Fairchild,37,10,Gains In Performance
2004-12-18,37,It's Getting Better All The Time,Brooks & Dunn,45,3,Gains In Performance
2004-12-18,38,The World Needs A Drink,Terri Clark,41,5,Gains In Performance
2004-12-18,39,What's A Guy Gotta Do,Joe Nichols,40,5,Gains In Performance
2004-12-18,40,"Long, Slow Kisses",Jeff Bates,38,12,
2004-12-18,41,I'm A Saint,Mark Chesnutt,43,8,Gains In Performance
2004-12-18,42,I'll Take That As A Yes (The Hot Tub Song),Phil Vassar,47,4,Gains In Performance
2004-12-18,43,I Would Cry,Amy Dalley,42,6,Gains In Performance
2004-12-18,44,The Bumper Of My S.U.V.,Chely Wright,44,5,Gains In Performance
2004-12-18,45,The Upside Of Being Down,Catherine Britt,39,18,
2004-12-18,46,God's Will,Martina McBride,49,3,Gains In Performance
2004-12-18,47,Inspiration,David Lee Murphy Featuring Lee Roy Parnell,46,10,
2004-12-18,48,The Chance,Julie Roberts,48,7,
2004-12-18,49,Four Walls,Randy Travis,51,5,Gains In Performance
2004-12-18,50,Restless,Alison Krauss + Union Station,53,5,Gains In Performance
2004-12-18,51,Home Sweet Holiday Inn,Trent Willmon,50,4,
2004-12-18,52,Tonight,Sara Evans,52,3,Gains In Performance
2004-12-18,53,Songs About Me,Trace Adkins,NEW,1,Highest ranking debut|Gains In Performance
2004-12-18,54,Nothin' But Cowboy Boots,Blue County,NEW,1,Gains In Performance
2004-12-18,55,All I Ever Needed,Bret Michaels With Jessica Andrews,54,11,
2004-12-18,56,Not Me,Keni Thomas Feat. Vince Gill And Emmylou Harris,59,2,Gains In Performance
2004-12-18,57,Let It Snow! Let It Snow! Let It Snow!,Joe Nichols,57,2,
2004-12-18,58,Bake Me A Country Ham,Cledus T. Judd,NEW,1,Gains In Performance
2004-12-18,59,Let Me Be,Deryl Dodd,NEW,1,Gains In Performance
2004-12-18,60,Tell Me What You Wanna Do,Victor Sanz,NEW,1,Gains In Performance
2004-12-25,1,Some Beach,Blake Shelton,2,21,Gains In Performance
2004-12-25,2,Back When,Tim McGraw,1,17,
2004-12-25,3,The Woman With You,Kenny Chesney,4,17,
2004-12-25,4,"Awful, Beautiful Life",Darryl Worley,5,25,Gains In Performance
2004-12-25,5,Nothing On But The Radio,Gary Allan,3,27,
2004-12-25,6,How Am I Doin',Dierks Bentley,6,33,Gains In Performance
2004-12-25,7,Party For Two,Shania Twain Featuring Billy Currington,8,15,Gains In Performance
2004-12-25,8,Mr. Mom,Lonestar,7,23,
2004-12-25,9,Mud On The Tires,Brad Paisley,11,15,Gains In Performance
2004-12-25,10,Monday Morning Church,Alan Jackson,9,11,Gains In Performance
2004-12-25,11,When I Think About Cheatin',Gretchen Wilson,12,9,Gains In Performance
2004-12-25,12,You're My Better Half,Keith Urban,13,9,Gains In Performance
2004-12-25,13,Nothin 'Bout Love Makes Sense,LeAnn Rimes,10,17,Gains In Performance
2004-12-25,14,Come Home Soon,SHeDAISY,14,25,Gains In Performance
2004-12-25,15,Bless The Broken Road,Rascal Flatts,16,8,Gains In Performance
2004-12-25,16,He Gets That From Me,Reba McEntire,15,17,Gains In Performance
2004-12-25,17,Holy Water,Big & Rich,17,13,Gains In Performance
2004-12-25,18,Nothin' To Lose,Josh Gracin,18,16,Gains In Performance
2004-12-25,19,Let Them Be Little,Billy Dean,19,16,Gains In Performance
2004-12-25,20,I May Hate Myself In The Morning,Lee Ann Womack,21,10,Gains In Performance
2004-12-25,21,Don't Break My Heart Again,Pat Green,23,19,Gains In Performance
2004-12-25,22,Paper Angels,Jimmy Wayne,27,10,Gains In Performance
2004-12-25,23,Baby Girl,Sugarland,24,23,Gains In Performance
2004-12-25,24,Trying To Find Atlantis,Jamie O'Neal,26,12,Gains In Performance
2004-12-25,25,If Heaven,Andy Griggs,25,11,Gains In Performance
2004-12-25,26,That's What I Love About Sunday,Craig Morgan,28,8,Gains In Performance
2004-12-25,27,Gone,Montgomery Gentry,31,5,Gains In Performance
2004-12-25,28,Trip Around The Sun,Jimmy Buffett With Martina McBride,20,17,
2004-12-25,29,What Say You,Travis Tritt With John Mellencamp,22,16,
2004-12-25,30,It's Getting Better All The Time,Brooks & Dunn,37,4,Gains In Performance
2004-12-25,31,Mockingbird,Toby Keith Duet With Krystal,33,5,Gains In Performance
2004-12-25,32,Me And Charlie Talking,Miranda Lambert,32,10,Gains In Performance
2004-12-25,33,What's A Guy Gotta Do,Joe Nichols,39,6,Gains In Performance
2004-12-25,34,How Do You Get That Lonely,Blaine Larsen,35,7,Gains In Performance
2004-12-25,35,Stays In Mexico,Toby Keith,29,20,
2004-12-25,36,The World Needs A Drink,Terri Clark,38,6,Gains In Performance
2004-12-25,37,You Don't Lie Here Anymore,Shelly Fairchild,36,11,Gains In Performance
2004-12-25,38,Revenge Of A Middle-Aged Woman,Tracy Byrd,34,13,
2004-12-25,39,"Long, Slow Kisses",Jeff Bates,40,13,Gains In Performance
2004-12-25,40,I'm A Saint,Mark Chesnutt,41,9,Gains In Performance
2004-12-25,41,I'll Take That As A Yes (The Hot Tub Song),Phil Vassar,42,5,Gains In Performance
2004-12-25,42,God's Will,Martina McBride,46,4,Gains In Performance
2004-12-25,43,I Would Cry,Amy Dalley,43,7,Gains In Performance
2004-12-25,44,The Bumper Of My S.U.V.,Chely Wright,44,6,Gains In Performance
2004-12-25,45,Songs About Me,Trace Adkins,53,2,Gains In Performance
2004-12-25,46,Inspiration,David Lee Murphy Featuring Lee Roy Parnell,47,11,
2004-12-25,47,Pickin' Wildflowers,Keith Anderson,NEW,1,Highest ranking debut|Gains In Performance
2004-12-25,48,Restless,Alison Krauss + Union Station,50,6,Gains In Performance
2004-12-25,49,Four Walls,Randy Travis,49,6,Gains In Performance
2004-12-25,50,Home Sweet Holiday Inn,Trent Willmon,51,5,Gains In Performance
2004-12-25,51,Nothin' But Cowboy Boots,Blue County,54,2,Gains In Performance
2004-12-25,52,Tonight,Sara Evans,52,4,Gains In Performance
2004-12-25,53,The Upside Of Being Down,Catherine Britt,45,19,
2004-12-25,54,The Chance,Julie Roberts,48,8,
2004-12-25,55,Let It Snow! Let It Snow! Let It Snow!,Joe Nichols,57,3,Gains In Performance
2004-12-25,56,All I Ever Needed,Bret Michaels With Jessica Andrews,55,12,
2004-12-25,57,Ridin' With The Legend,Keith Bryant,RE,15,Gains In Performance
2004-12-25,58,Not Me,Keni Thomas Feat. Vince Gill And Emmylou Harris,56,3,
2004-12-25,59,A Different Kind Of Christmas,LeAnn Rimes,NEW,1,Gains In Performance
2004-12-25,60,Heaven,Los Lonely Boys,RE,19,Gains In Performance
2005-01-01,1,Some Beach,Blake Shelton,1,22,
2005-01-01,2,Back When,Tim McGraw,2,18,
2005-01-01,3,"Awful, Beautiful Life",Darryl Worley,4,26,Gains In Performance
2005-01-01,4,Nothing On But The Radio,Gary Allan,5,28,
2005-01-01,5,How Am I Doin',Dierks Bentley,6,34,
2005-01-01,6,The Woman With You,Kenny Chesney,3,18,
2005-01-01,7,Mud On The Tires,Brad Paisley,9,16,Gains In Performance
2005-01-01,8,When I Think About Cheatin',Gretchen Wilson,11,10,Gains In Performance
2005-01-01,9,You're My Better Half,Keith Urban,12,10,Gains In Performance
2005-01-01,10,Monday Morning Church,Alan Jackson,10,12,
2005-01-01,11,Nothin 'Bout Love Makes Sense,LeAnn Rimes,13,18,
2005-01-01,12,Bless The Broken Road,Rascal Flatts,15,9,Gains In Performance
2005-01-01,13,Party For Two,Shania Twain Featuring Billy Currington,7,16,
2005-01-01,14,Mr. Mom,Lonestar,8,24,
2005-01-01,15,He Gets That From Me,Reba McEntire,16,18,Gains In Performance
2005-01-01,16,Holy Water,Big & Rich,17,14,Gains In Performance
2005-01-01,17,Nothin' To Lose,Josh Gracin,18,17,Gains In Performance
2005-01-01,18,Let Them Be Little,Billy Dean,19,17,Gains In Performance
2005-01-01,19,I May Hate Myself In The Morning,Lee Ann Womack,20,11,Gains In Performance
2005-01-01,20,Paper Angels,Jimmy Wayne,22,11,Gains In Performance
2005-01-01,21,Baby Girl,Sugarland,23,24,Gains In Performance
2005-01-01,22,Don't Break My Heart Again,Pat Green,21,20,
2005-01-01,23,If Heaven,Andy Griggs,25,12,Gains In Performance
2005-01-01,24,That's What I Love About Sunday,Craig Morgan,26,9,Gains In Performance
2005-01-01,25,Gone,Montgomery Gentry,27,6,Gains In Performance
2005-01-01,26,Trying To Find Atlantis,Jamie O'Neal,24,13,Gains In Performance
2005-01-01,27,It's Getting Better All The Time,Brooks & Dunn,30,5,Greatest gainer this week|Gains In Performance
2005-01-01,28,Mockingbird,Toby Keith Duet With Krystal,31,6,Gains In Performance
2005-01-01,29,What's A Guy Gotta Do,Joe Nichols,33,7,Gains In Performance
2005-01-01,30,Me And Charlie Talking,Miranda Lambert,32,11,
2005-01-01,31,How Do You Get That Lonely,Blaine Larsen,34,8,Gains In Performance
2005-01-01,32,The World Needs A Drink,Terri Clark,36,7,Gains In Performance
2005-01-01,33,Trip Around The Sun,Jimmy Buffett With Martina McBride,28,18,
2005-01-01,34,Revenge Of A Middle-Aged Woman,Tracy Byrd,38,14,Gains In Performance
2005-01-01,35,God's Will,Martina McBride,42,5,Gains In Performance
2005-01-01,36,"Long, Slow Kisses",Jeff Bates,39,14,
2005-01-01,37,You Don't Lie Here Anymore,Shelly Fairchild,37,12,
2005-01-01,38,Songs About Me,Trace Adkins,45,3,Gains In Performance
2005-01-01,39,What Say You,Travis Tritt With John Mellencamp,29,17,
2005-01-01,40,I Would Cry,Amy Dalley,43,8,Gains In Performance
2005-01-01,41,I'm A Saint,Mark Chesnutt,40,10,
2005-01-01,42,I'll Take That As A Yes (The Hot Tub Song),Phil Vassar,41,6,
2005-01-01,43,The Bumper Of My S.U.V.,Chely Wright,44,7,Gains In Performance
2005-01-01,44,Pickin' Wildflowers,Keith Anderson,47,2,Gains In Performance
2005-01-01,45,Restless,Alison Krauss + Union Station,48,7,Gains In Performance
2005-01-01,46,Four Walls,Randy Travis,49,7,Gains In Performance
2005-01-01,47,Nothin' But Cowboy Boots,Blue County,51,3,Gains In Performance
2005-01-01,48,Inspiration,David Lee Murphy Featuring Lee Roy Parnell,46,12,
2005-01-01,49,Let It Snow! Let It Snow! Let It Snow!,Joe Nichols,55,4,Gains In Performance
2005-01-01,50,Home Sweet Holiday Inn,Trent Willmon,50,6,
2005-01-01,51,Tonight,Sara Evans,52,5,Gains In Performance
2005-01-01,52,Anything But Mine,Kenny Chesney,NEW,1,Highest ranking debut|Gains In Performance
2005-01-01,53,My Give A Damn's Busted,Jo Dee Messina,NEW,1,Gains In Performance
2005-01-01,54,A Different Kind Of Christmas,LeAnn Rimes,59,2,Gains In Performance
2005-01-01,55,Not Me,Keni Thomas Feat. Vince Gill And Emmylou Harris,58,4,Gains In Performance
2005-01-01,56,Two Hearts,Zona Jones,NEW,1,Gains In Performance
2005-01-01,57,All I Ever Needed,Bret Michaels With Jessica Andrews,56,13,
2005-01-01,58,Rockin' Around The Christmas Tree,LeAnn Rimes,NEW,1,Gains In Performance
2005-01-01,59,The Chance,Julie Roberts,54,9,
2005-01-01,60,The Christmas Song,Joe Nichols,NEW,1,Gains In Performance
2005-01-08,1,Some Beach,Blake Shelton,1,23,
2005-01-08,2,Back When,Tim McGraw,2,19,
2005-01-08,3,"Awful, Beautiful Life",Darryl Worley,3,27,
2005-01-08,4,How Am I Doin',Dierks Bentley,5,35,
2005-01-08,5,Mud On The Tires,Brad Paisley,7,17,
2005-01-08,6,Nothing On But The Radio,Gary Allan,4,29,
2005-01-08,7,When I Think About Cheatin',Gretchen Wilson,8,11,
2005-01-08,8,You're My Better Half,Keith Urban,9,11,
2005-01-08,9,The Woman With You,Kenny Chesney,6,19,
2005-01-08,10,Bless The Broken Road,Rascal Flatts,12,10,
2005-01-08,11,Monday Morning Church,Alan Jackson,10,13,
2005-01-08,12,Nothin 'Bout Love Makes Sense,LeAnn Rimes,11,19,
2005-01-08,13,Mr. Mom,Lonestar,14,25,
2005-01-08,14,Party For Two,Shania Twain Featuring Billy Currington,13,17,
2005-01-08,15,He Gets That From Me,Reba McEntire,15,19,
2005-01-08,16,Nothin' To Lose,Josh Gracin,17,18,
2005-01-08,17,Holy Water,Big & Rich,16,15,
2005-01-08,18,Paper Angels,Jimmy Wayne,20,12,Gains In Performance
2005-01-08,19,Let Them Be Little,Billy Dean,18,18,
2005-01-08,20,I May Hate Myself In The Morning,Lee Ann Womack,19,12,
2005-01-08,21,Baby Girl,Sugarland,21,25,
2005-01-08,22,Don't Break My Heart Again,Pat Green,22,21,
2005-01-08,23,If Heaven,Andy Griggs,23,13,
2005-01-08,24,It's Getting Better All The Time,Brooks & Dunn,27,6,
2005-01-08,25,That's What I Love About Sunday,Craig Morgan,24,10,
2005-01-08,26,Trying To Find Atlantis,Jamie O'Neal,26,14,
2005-01-08,27,Gone,Montgomery Gentry,25,7,
2005-01-08,28,Mockingbird,Toby Keith Duet With Krystal,28,7,
2005-01-08,29,What's A Guy Gotta Do,Joe Nichols,29,8,
2005-01-08,30,Me And Charlie Talking,Miranda Lambert,30,12,
2005-01-08,31,How Do You Get That Lonely,Blaine Larsen,31,9,
2005-01-08,32,God's Will,Martina McBride,35,6,
2005-01-08,33,The World Needs A Drink,Terri Clark,32,8,
2005-01-08,34,"Long, Slow Kisses",Jeff Bates,36,15,
2005-01-08,35,You Don't Lie Here Anymore,Shelly Fairchild,37,13,
2005-01-08,36,Revenge Of A Middle-Aged Woman,Tracy Byrd,34,15,
2005-01-08,37,Let It Snow! Let It Snow! Let It Snow!,Joe Nichols,49,5,Gains In Performance
2005-01-08,38,I'm A Saint,Mark Chesnutt,41,11,
2005-01-08,39,I Would Cry,Amy Dalley,40,9,
2005-01-08,40,I'll Take That As A Yes (The Hot Tub Song),Phil Vassar,42,7,
2005-01-08,41,Songs About Me,Trace Adkins,38,4,
2005-01-08,42,The Bumper Of My S.U.V.,Chely Wright,43,8,
2005-01-08,43,Trip Around The Sun,Jimmy Buffett With Martina McBride,33,19,
2005-01-08,44,What Say You,Travis Tritt With John Mellencamp,39,18,
2005-01-08,45,Anything But Mine,Kenny Chesney,52,2,Gains In Performance
2005-01-08,46,Nothin' But Cowboy Boots,Blue County,47,4,Gains In Performance
2005-01-08,47,Pickin' Wildflowers,Keith Anderson,44,3,
2005-01-08,48,Rockin' Around The Christmas Tree,LeAnn Rimes,58,2,Gains In Performance
2005-01-08,49,My Give A Damn's Busted,Jo Dee Messina,53,2,Gains In Performance
2005-01-08,50,A Different Kind Of Christmas,LeAnn Rimes,54,3,Gains In Performance
2005-01-08,51,Restless,Alison Krauss + Union Station,45,8,
2005-01-08,52,Four Walls,Randy Travis,46,8,
2005-01-08,53,Tonight,Sara Evans,51,6,Gains In Performance
2005-01-08,54,Christmas With You,Clint Black,NEW,1,Highest ranking debut|Gains In Performance
2005-01-08,55,Home Sweet Holiday Inn,Trent Willmon,50,7,
2005-01-08,56,I'll Be Home For Christmas,Joe Nichols,NEW,1,Gains In Performance
2005-01-08,57,Have Yourself A Merry Little Christmas,Joe Nichols,NEW,1,Gains In Performance
2005-01-08,58,Shimmy Down The Chimney,Alison Krauss,NEW,1,Gains In Performance
2005-01-08,59,Inspiration,David Lee Murphy Featuring Lee Roy Parnell,48,13,
2005-01-08,60,Have Yourself A Merry Little Christmas,LeAnn Rimes,NEW,1,Gains In Performance
2005-01-15,1,Some Beach,Blake Shelton,1,24,Gains In Performance
2005-01-15,2,Back When,Tim McGraw,2,20,Gains In Performance
2005-01-15,3,"Awful, Beautiful Life",Darryl Worley,3,28,Gains In Performance
2005-01-15,4,When I Think About Cheatin',Gretchen Wilson,7,12,Greatest gainer this week|Gains In Performance
2005-01-15,5,Bless The Broken Road,Rascal Flatts,10,11,Gains In Performance
2005-01-15,6,Mud On The Tires,Brad Paisley,5,18,Gains In Performance
2005-01-15,7,You're My Better Half,Keith Urban,8,12,Gains In Performance
2005-01-15,8,How Am I Doin',Dierks Bentley,4,36,Gains In Performance
2005-01-15,9,Nothin 'Bout Love Makes Sense,LeAnn Rimes,12,20,Gains In Performance
2005-01-15,10,Monday Morning Church,Alan Jackson,11,14,Gains In Performance
2005-01-15,11,Nothing On But The Radio,Gary Allan,6,30,Gains In Performance
2005-01-15,12,The Woman With You,Kenny Chesney,9,20,Gains In Performance
2005-01-15,13,Mr. Mom,Lonestar,13,26,Gains In Performance
2005-01-15,14,Party For Two,Shania Twain Featuring Billy Currington,14,18,Gains In Performance
2005-01-15,15,He Gets That From Me,Reba McEntire,15,20,Gains In Performance
2005-01-15,16,Nothin' To Lose,Josh Gracin,16,19,Gains In Performance
2005-01-15,17,Holy Water,Big & Rich,17,16,Gains In Performance
2005-01-15,18,Let Them Be Little,Billy Dean,19,19,Gains In Performance
2005-01-15,19,I May Hate Myself In The Morning,Lee Ann Womack,20,13,Gains In Performance
2005-01-15,20,Baby Girl,Sugarland,21,26,Gains In Performance
2005-01-15,21,If Heaven,Andy Griggs,23,14,Gains In Performance
2005-01-15,22,Don't Break My Heart Again,Pat Green,22,22,Gains In Performance
2005-01-15,23,It's Getting Better All The Time,Brooks & Dunn,24,7,Gains In Performance
2005-01-15,24,Gone,Montgomery Gentry,27,8,Gains In Performance
2005-01-15,25,That's What I Love About Sunday,Craig Morgan,25,11,Gains In Performance
2005-01-15,26,Trying To Find Atlantis,Jamie O'Neal,26,15,Gains In Performance
2005-01-15,27,Paper Angels,Jimmy Wayne,18,13,
2005-01-15,28,Mockingbird,Toby Keith Duet With Krystal,28,8,Gains In Performance
2005-01-15,29,What's A Guy Gotta Do,Joe Nichols,29,9,Gains In Performance
2005-01-15,30,How Do You Get That Lonely,Blaine Larsen,31,10,Gains In Performance
2005-01-15,31,God's Will,Martina McBride,32,7,Gains In Performance
2005-01-15,32,The World Needs A Drink,Terri Clark,33,9,Gains In Performance
2005-01-15,33,Me And Charlie Talking,Miranda Lambert,30,13,Gains In Performance
2005-01-15,34,Songs About Me,Trace Adkins,41,5,Gains In Performance
2005-01-15,35,I Would Cry,Amy Dalley,39,10,Gains In Performance
2005-01-15,36,I'll Take That As A Yes (The Hot Tub Song),Phil Vassar,40,8,Gains In Performance
2005-01-15,37,"Long, Slow Kisses",Jeff Bates,34,16,Gains In Performance
2005-01-15,38,The Bumper Of My S.U.V.,Chely Wright,42,9,Gains In Performance
2005-01-15,39,Anything But Mine,Kenny Chesney,45,3,Gains In Performance
2005-01-15,40,My Give A Damn's Busted,Jo Dee Messina,49,3,Gains In Performance
2005-01-15,41,I'm A Saint,Mark Chesnutt,38,12,Gains In Performance
2005-01-15,42,Revenge Of A Middle-Aged Woman,Tracy Byrd,36,16,
2005-01-15,43,Trip Around The Sun,Jimmy Buffett With Martina McBride,43,20,Gains In Performance
2005-01-15,44,You Don't Lie Here Anymore,Shelly Fairchild,35,14,Gains In Performance
2005-01-15,45,Nothin' But Cowboy Boots,Blue County,46,5,Gains In Performance
2005-01-15,46,Restless,Alison Krauss + Union Station,51,9,Gains In Performance
2005-01-15,47,Pickin' Wildflowers,Keith Anderson,47,4,Gains In Performance
2005-01-15,48,What Say You,Travis Tritt With John Mellencamp,44,19,
2005-01-15,49,Tonight,Sara Evans,53,7,Gains In Performance
2005-01-15,50,Heaven,Los Lonely Boys,RE,20,Gains In Performance
2005-01-15,51,Somewhere Between Texas And Mexico,Pat Green,NEW,1,Highest ranking debut|Gains In Performance
2005-01-15,52,Four Walls,Randy Travis,52,9,Gains In Performance
2005-01-15,53,Home Sweet Holiday Inn,Trent Willmon,55,8,Gains In Performance
2005-01-15,54,The Good Life,Trent Willmon,NEW,1,Gains In Performance
2005-01-15,55,Tonight's Not The Night,Randy Rogers Band,NEW,1,Gains In Performance
2005-01-15,56,Inspiration,David Lee Murphy Featuring Lee Roy Parnell,59,14,Gains In Performance
2005-01-15,57,All I Ever Needed,Bret Michaels With Jessica Andrews,RE,14,Gains In Performance
2005-01-15,58,Ain't Drinkin' Anymore,Kevin Fowler,RE,18,Gains In Performance
2005-01-15,59,Alabama,Cross Canadian Ragweed,NEW,1,Gains In Performance
2005-01-15,60,Skin (Sarabeth),Rascal Flatts,NEW,1,Gains In Performance
2005-01-22,1,"Awful, Beautiful Life",Darryl Worley,3,29,Greatest gainer this week|Gains In Performance
2005-01-22,2,Some Beach,Blake Shelton,1,25,
2005-01-22,3,Back When,Tim McGraw,2,21,Gains In Performance
2005-01-22,4,Bless The Broken Road,Rascal Flatts,5,12,Gains In Performance
2005-01-22,5,You're My Better Half,Keith Urban,7,13,Gains In Performance
2005-01-22,6,When I Think About Cheatin',Gretchen Wilson,4,13,Gains In Performance
2005-01-22,7,Mud On The Tires,Brad Paisley,6,19,Gains In Performance
2005-01-22,8,Nothin 'Bout Love Makes Sense,LeAnn Rimes,9,21,Gains In Performance
2005-01-22,9,Monday Morning Church,Alan Jackson,10,15,Gains In Performance
2005-01-22,10,Nothing On But The Radio,Gary Allan,11,31,Gains In Performance
2005-01-22,11,How Am I Doin',Dierks Bentley,8,37,
2005-01-22,12,He Gets That From Me,Reba McEntire,15,21,Gains In Performance
2005-01-22,13,The Woman With You,Kenny Chesney,12,21,
2005-01-22,14,Mr. Mom,Lonestar,13,27,
2005-01-22,15,Party For Two,Shania Twain Featuring Billy Currington,14,19,Gains In Performance
2005-01-22,16,Nothin' To Lose,Josh Gracin,16,20,Gains In Performance
2005-01-22,17,Holy Water,Big & Rich,17,17,Gains In Performance
2005-01-22,18,Let Them Be Little,Billy Dean,18,20,Gains In Performance
2005-01-22,19,I May Hate Myself In The Morning,Lee Ann Womack,19,14,Gains In Performance
2005-01-22,20,Baby Girl,Sugarland,20,27,Gains In Performance
2005-01-22,21,If Heaven,Andy Griggs,21,15,Gains In Performance
2005-01-22,22,It's Getting Better All The Time,Brooks & Dunn,23,8,Gains In Performance
2005-01-22,23,Gone,Montgomery Gentry,24,9,Gains In Performance
2005-01-22,24,Don't Break My Heart Again,Pat Green,22,23,Gains In Performance
2005-01-22,25,That's What I Love About Sunday,Craig Morgan,25,12,Gains In Performance
2005-01-22,26,Trying To Find Atlantis,Jamie O'Neal,26,16,Gains In Performance
2005-01-22,27,Mockingbird,Toby Keith Duet With Krystal,28,9,Gains In Performance
2005-01-22,28,What's A Guy Gotta Do,Joe Nichols,29,10,Gains In Performance
2005-01-22,29,Paper Angels,Jimmy Wayne,27,14,
2005-01-22,30,How Do You Get That Lonely,Blaine Larsen,30,11,Gains In Performance
2005-01-22,31,God's Will,Martina McBride,31,8,Gains In Performance
2005-01-22,32,Anything But Mine,Kenny Chesney,39,4,Gains In Performance
2005-01-22,33,The World Needs A Drink,Terri Clark,32,10,Gains In Performance
2005-01-22,34,My Give A Damn's Busted,Jo Dee Messina,40,4,Gains In Performance
2005-01-22,35,Me And Charlie Talking,Miranda Lambert,33,14,Gains In Performance
2005-01-22,36,Songs About Me,Trace Adkins,34,6,Gains In Performance
2005-01-22,37,I'll Take That As A Yes (The Hot Tub Song),Phil Vassar,36,9,Gains In Performance
2005-01-22,38,"Long, Slow Kisses",Jeff Bates,37,17,Gains In Performance
2005-01-22,39,I Would Cry,Amy Dalley,35,11,Gains In Performance
2005-01-22,40,The Bumper Of My S.U.V.,Chely Wright,38,10,Gains In Performance
2005-01-22,41,I'm A Saint,Mark Chesnutt,41,13,Gains In Performance
2005-01-22,42,Revenge Of A Middle-Aged Woman,Tracy Byrd,42,17,Gains In Performance
2005-01-22,43,You Don't Lie Here Anymore,Shelly Fairchild,44,15,Gains In Performance
2005-01-22,44,Tonight,Sara Evans,49,8,Gains In Performance
2005-01-22,45,Pickin' Wildflowers,Keith Anderson,47,5,Gains In Performance
2005-01-22,46,Restless,Alison Krauss + Union Station,46,10,Gains In Performance
2005-01-22,47,Nothin' But Cowboy Boots,Blue County,45,6,
2005-01-22,48,Class Reunion (That Used To Be Us),Lonestar,NEW,1,Highest ranking debut|Gains In Performance
2005-01-22,49,Somewhere Between Texas And Mexico,Pat Green,51,2,
2005-01-22,50,Home Sweet Holiday Inn,Trent Willmon,53,9,Gains In Performance
2005-01-22,51,What Say You,Travis Tritt With John Mellencamp,48,20,
2005-01-22,52,The Good Life,Trent Willmon,54,2,Gains In Performance
2005-01-22,53,Four Walls,Randy Travis,52,10,
2005-01-22,54,Tonight's Not The Night,Randy Rogers Band,55,2,Gains In Performance
2005-01-22,55,Inspiration,David Lee Murphy Featuring Lee Roy Parnell,56,15,Gains In Performance
2005-01-22,56,Alabama,Cross Canadian Ragweed,59,2,Gains In Performance
2005-01-22,57,Ain't Drinkin' Anymore,Kevin Fowler,58,19,Gains In Performance
2005-01-22,58,All I Ever Needed,Bret Michaels With Jessica Andrews,57,15,
2005-01-22,59,Skin (Sarabeth),Rascal Flatts,60,2,Gains In Performance
2005-01-22,60,Not Me,Keni Thomas Feat. Vince Gill And Emmylou Harris,RE,5,Gains In Performance
2005-01-29,1,"Awful, Beautiful Life",Darryl Worley,1,30,
2005-01-29,2,You're My Better Half,Keith Urban,5,14,Gains In Performance
2005-01-29,3,Mud On The Tires,Brad Paisley,7,20,Gains In Performance
2005-01-29,4,Bless The Broken Road,Rascal Flatts,4,13,Gains In Performance
2005-01-29,5,When I Think About Cheatin',Gretchen Wilson,6,14,Gains In Performance
2005-01-29,6,Some Beach,Blake Shelton,2,26,
2005-01-29,7,Back When,Tim McGraw,3,22,
2005-01-29,8,Nothin 'Bout Love Makes Sense,LeAnn Rimes,8,22,Gains In Performance
2005-01-29,9,Monday Morning Church,Alan Jackson,9,16,Gains In Performance
2005-01-29,10,He Gets That From Me,Reba McEntire,12,22,Gains In Performance
2005-01-29,11,Nothin' To Lose,Josh Gracin,16,21,Gains In Performance
2005-01-29,12,Nothing On But The Radio,Gary Allan,10,32,
2005-01-29,13,Mr. Mom,Lonestar,14,28,
2005-01-29,14,I May Hate Myself In The Morning,Lee Ann Womack,19,15,Gains In Performance
2005-01-29,15,Holy Water,Big & Rich,17,18,Gains In Performance
2005-01-29,16,Let Them Be Little,Billy Dean,18,21,Gains In Performance
2005-01-29,17,Baby Girl,Sugarland,20,28,Gains In Performance
2005-01-29,18,That's What I Love About Sunday,Craig Morgan,25,13,Gains In Performance
2005-01-29,19,Gone,Montgomery Gentry,23,10,Gains In Performance
2005-01-29,20,If Heaven,Andy Griggs,21,16,Gains In Performance
2005-01-29,21,It's Getting Better All The Time,Brooks & Dunn,22,9,Gains In Performance
2005-01-29,22,Party For Two,Shania Twain Featuring Billy Currington,15,20,
2005-01-29,23,Don't Break My Heart Again,Pat Green,24,24,
2005-01-29,24,Trying To Find Atlantis,Jamie O'Neal,26,17,Gains In Performance
2005-01-29,25,Anything But Mine,Kenny Chesney,32,5,Gains In Performance
2005-01-29,26,What's A Guy Gotta Do,Joe Nichols,28,11,Gains In Performance
2005-01-29,27,My Give A Damn's Busted,Jo Dee Messina,34,5,Gains In Performance
2005-01-29,28,God's Will,Martina McBride,31,9,Gains In Performance
2005-01-29,29,Mockingbird,Toby Keith Duet With Krystal,27,10,
2005-01-29,30,How Do You Get That Lonely,Blaine Larsen,30,12,Gains In Performance
2005-01-29,31,Songs About Me,Trace Adkins,36,7,Gains In Performance
2005-01-29,32,The World Needs A Drink,Terri Clark,33,11,Gains In Performance
2005-01-29,33,Me And Charlie Talking,Miranda Lambert,35,15,Gains In Performance
2005-01-29,34,I'll Take That As A Yes (The Hot Tub Song),Phil Vassar,37,10,Gains In Performance
2005-01-29,35,"Long, Slow Kisses",Jeff Bates,38,18,Gains In Performance
2005-01-29,36,I Would Cry,Amy Dalley,39,12,Gains In Performance
2005-01-29,37,The Bumper Of My S.U.V.,Chely Wright,40,11,
2005-01-29,38,I'm A Saint,Mark Chesnutt,41,14,
2005-01-29,39,Class Reunion (That Used To Be Us),Lonestar,48,2,Gains In Performance
2005-01-29,40,Paper Angels,Jimmy Wayne,29,15,
2005-01-29,41,Tonight,Sara Evans,44,9,Gains In Performance
2005-01-29,42,Revenge Of A Middle-Aged Woman,Tracy Byrd,42,18,
2005-01-29,43,The Good Life,Trent Willmon,52,3,Gains In Performance
2005-01-29,44,Don't!,Shania Twain,NEW,1,Highest ranking debut|Gains In Performance
2005-01-29,45,Pickin' Wildflowers,Keith Anderson,45,6,
2005-01-29,46,Somewhere Between Texas And Mexico,Pat Green,49,3,Gains In Performance
2005-01-29,47,Nothin' But Cowboy Boots,Blue County,47,7,Gains In Performance
2005-01-29,48,Restless,Alison Krauss + Union Station,46,11,Gains In Performance
2005-01-29,49,You Don't Lie Here Anymore,Shelly Fairchild,43,16,
2005-01-29,50,Home Sweet Holiday Inn,Trent Willmon,50,10,
2005-01-29,51,Skin (Sarabeth),Rascal Flatts,59,3,Gains In Performance
2005-01-29,52,Tonight's Not The Night,Randy Rogers Band,54,3,
2005-01-29,53,Oklahoma-Texas Line,Rascal Flatts,NEW,1,Gains In Performance
2005-01-29,54,Not Me,Keni Thomas Feat. Vince Gill And Emmylou Harris,60,6,Gains In Performance
2005-01-29,55,Four Walls,Randy Travis,53,11,
2005-01-29,56,All I Ever Needed,Bret Michaels With Jessica Andrews,58,16,Gains In Performance
2005-01-29,57,Alabama,Cross Canadian Ragweed,56,3,
2005-01-29,58,Homewrecker,Gretchen Wilson,NEW,1,Gains In Performance
2005-01-29,59,Inspiration,David Lee Murphy Featuring Lee Roy Parnell,55,16,
2005-01-29,60,Drugs Or Jesus,Tim McGraw,NEW,1,Gains In Performance
2005-02-05,1,Mud On The Tires,Brad Paisley,3,21,Gains In Performance
2005-02-05,2,You're My Better Half,Keith Urban,2,15,Gains In Performance
2005-02-05,3,Bless The Broken Road,Rascal Flatts,4,14,Gains In Performance
2005-02-05,4,"Awful, Beautiful Life",Darryl Worley,1,31,
2005-02-05,5,When I Think About Cheatin',Gretchen Wilson,5,15,Gains In Performance
2005-02-05,6,Some Beach,Blake Shelton,6,27,
2005-02-05,7,Nothin 'Bout Love Makes Sense,LeAnn Rimes,8,23,Gains In Performance
2005-02-05,8,Monday Morning Church,Alan Jackson,9,17,Gains In Performance
2005-02-05,9,Nothin' To Lose,Josh Gracin,11,22,Gains In Performance
2005-02-05,10,Back When,Tim McGraw,7,23,
2005-02-05,11,He Gets That From Me,Reba McEntire,10,23,Gains In Performance
2005-02-05,12,Baby Girl,Sugarland,17,29,Gains In Performance
2005-02-05,13,Nothing On But The Radio,Gary Allan,12,33,
2005-02-05,14,I May Hate Myself In The Morning,Lee Ann Womack,14,16,Gains In Performance
2005-02-05,15,Let Them Be Little,Billy Dean,16,22,Gains In Performance
2005-02-05,16,That's What I Love About Sunday,Craig Morgan,18,14,Gains In Performance
2005-02-05,17,Gone,Montgomery Gentry,19,11,Gains In Performance
2005-02-05,18,Holy Water,Big & Rich,15,19,
2005-02-05,19,It's Getting Better All The Time,Brooks & Dunn,21,10,Gains In Performance
2005-02-05,20,If Heaven,Andy Griggs,20,17,Gains In Performance
2005-02-05,21,Anything But Mine,Kenny Chesney,25,6,Gains In Performance
2005-02-05,22,Trying To Find Atlantis,Jamie O'Neal,24,18,Gains In Performance
2005-02-05,23,My Give A Damn's Busted,Jo Dee Messina,27,6,Greatest gainer this week|Gains In Performance
2005-02-05,24,What's A Guy Gotta Do,Joe Nichols,26,12,Gains In Performance
2005-02-05,25,God's Will,Martina McBride,28,10,Gains In Performance
2005-02-05,26,Songs About Me,Trace Adkins,31,8,Gains In Performance
2005-02-05,27,How Do You Get That Lonely,Blaine Larsen,30,13,Gains In Performance
2005-02-05,28,The World Needs A Drink,Terri Clark,32,12,Gains In Performance
2005-02-05,29,Me And Charlie Talking,Miranda Lambert,33,16,Gains In Performance
2005-02-05,30,I'll Take That As A Yes (The Hot Tub Song),Phil Vassar,34,11,Gains In Performance
2005-02-05,31,Mockingbird,Toby Keith Duet With Krystal,29,11,
2005-02-05,32,"Long, Slow Kisses",Jeff Bates,35,19,Gains In Performance
2005-02-05,33,I Would Cry,Amy Dalley,36,13,Gains In Performance
2005-02-05,34,Class Reunion (That Used To Be Us),Lonestar,39,3,Gains In Performance
2005-02-05,35,The Bumper Of My S.U.V.,Chely Wright,37,12,
2005-02-05,36,I'm A Saint,Mark Chesnutt,38,15,Gains In Performance
2005-02-05,37,Don't!,Shania Twain,44,2,Gains In Performance
2005-02-05,38,Nothin' But Cowboy Boots,Blue County,47,8,Gains In Performance
2005-02-05,39,Restless,Alison Krauss + Union Station,48,12,Gains In Performance
2005-02-05,40,Pickin' Wildflowers,Keith Anderson,45,7,Gains In Performance
2005-02-05,41,Tonight,Sara Evans,41,10,
2005-02-05,42,Somewhere Between Texas And Mexico,Pat Green,46,4,Gains In Performance
2005-02-05,43,The Good Life,Trent Willmon,43,4,Gains In Performance
2005-02-05,44,Paper Angels,Jimmy Wayne,40,16,
2005-02-05,45,Revenge Of A Middle-Aged Woman,Tracy Byrd,42,19,
2005-02-05,46,Lot Of Leavin' Left To Do,Dierks Bentley,NEW,1,Highest ranking debut|Gains In Performance
2005-02-05,47,Tonight's Not The Night,Randy Rogers Band,52,4,Gains In Performance
2005-02-05,48,Drugs Or Jesus,Tim McGraw,60,2,Gains In Performance
2005-02-05,49,Home Sweet Holiday Inn,Trent Willmon,50,11,
2005-02-05,50,Alabama,Cross Canadian Ragweed,57,4,Gains In Performance
2005-02-05,51,Skin (Sarabeth),Rascal Flatts,51,4,Gains In Performance
2005-02-05,52,Goodbye Time,Blake Shelton,NEW,1,Gains In Performance
2005-02-05,53,Guitars And Tiki Bars,Kenny Chesney,NEW,1,Gains In Performance
2005-02-05,54,Not Me,Keni Thomas Feat. Vince Gill And Emmylou Harris,54,7,Gains In Performance
2005-02-05,55,Mission Temple Fireworks Stand,Sawyer Brown Featuring Robert Randolph,RE,2,Gains In Performance
2005-02-05,56,Don't Worry 'Bout A Thing,SHeDAISY,NEW,1,Gains In Performance
2005-02-05,57,Go Easy On Me,Lila McCann,NEW,1,Gains In Performance
2005-02-05,58,Ain't Drinkin' Anymore,Kevin Fowler,RE,20,Gains In Performance
2005-02-05,59,Oklahoma-Texas Line,Rascal Flatts,53,2,
2005-02-05,60,You Don't Lie Here Anymore,Shelly Fairchild,49,17,
2005-02-12,1,Bless The Broken Road,Rascal Flatts,3,15,Gains In Performance
2005-02-12,2,Mud On The Tires,Brad Paisley,1,22,Gains In Performance
2005-02-12,3,You're My Better Half,Keith Urban,2,16,Gains In Performance
2005-02-12,4,When I Think About Cheatin',Gretchen Wilson,5,16,
2005-02-12,5,Nothin 'Bout Love Makes Sense,LeAnn Rimes,7,24,Gains In Performance
2005-02-12,6,Monday Morning Church,Alan Jackson,8,18,Gains In Performance
2005-02-12,7,Nothin' To Lose,Josh Gracin,9,23,Gains In Performance
2005-02-12,8,"Awful, Beautiful Life",Darryl Worley,4,32,
2005-02-12,9,Some Beach,Blake Shelton,6,28,
2005-02-12,10,He Gets That From Me,Reba McEntire,11,24,Gains In Performance
2005-02-12,11,Baby Girl,Sugarland,12,30,Gains In Performance
2005-02-12,12,Let Them Be Little,Billy Dean,15,23,Gains In Performance
2005-02-12,13,That's What I Love About Sunday,Craig Morgan,16,15,Gains In Performance
2005-02-12,14,Back When,Tim McGraw,10,24,
2005-02-12,15,I May Hate Myself In The Morning,Lee Ann Womack,14,17,Gains In Performance
2005-02-12,16,Gone,Montgomery Gentry,17,12,Gains In Performance
2005-02-12,17,It's Getting Better All The Time,Brooks & Dunn,19,11,Gains In Performance
2005-02-12,18,Anything But Mine,Kenny Chesney,21,7,Gains In Performance
2005-02-12,19,If Heaven,Andy Griggs,20,18,Gains In Performance
2005-02-12,20,My Give A Damn's Busted,Jo Dee Messina,23,7,Gains In Performance
2005-02-12,21,Holy Water,Big & Rich,18,20,
2005-02-12,22,Trying To Find Atlantis,Jamie O'Neal,22,19,Gains In Performance
2005-02-12,23,What's A Guy Gotta Do,Joe Nichols,24,13,Gains In Performance
2005-02-12,24,God's Will,Martina McBride,25,11,Gains In Performance
2005-02-12,25,How Do You Get That Lonely,Blaine Larsen,27,14,Gains In Performance
2005-02-12,26,Songs About Me,Trace Adkins,26,9,Gains In Performance
2005-02-12,27,The World Needs A Drink,Terri Clark,28,13,Gains In Performance
2005-02-12,28,"Long, Slow Kisses",Jeff Bates,32,20,Gains In Performance
2005-02-12,29,Me And Charlie Talking,Miranda Lambert,29,17,Gains In Performance
2005-02-12,30,Honkytonk U,Toby Keith,NEW,1,Highest ranking debut|Gains In Performance
2005-02-12,31,I'll Take That As A Yes (The Hot Tub Song),Phil Vassar,30,12,Gains In Performance
2005-02-12,32,Class Reunion (That Used To Be Us),Lonestar,34,4,Gains In Performance
2005-02-12,33,Don't!,Shania Twain,37,3,Gains In Performance
2005-02-12,34,I Would Cry,Amy Dalley,33,14,Gains In Performance
2005-02-12,35,I'm A Saint,Mark Chesnutt,36,16,Gains In Performance
2005-02-12,36,The Bumper Of My S.U.V.,Chely Wright,35,13,
2005-02-12,37,Lot Of Leavin' Left To Do,Dierks Bentley,46,2,Gains In Performance
2005-02-12,38,Drugs Or Jesus,Tim McGraw,48,3,Gains In Performance
2005-02-12,39,Restless,Alison Krauss + Union Station,39,13,Gains In Performance
2005-02-12,40,Pickin' Wildflowers,Keith Anderson,40,8,Gains In Performance
2005-02-12,41,Nothin' But Cowboy Boots,Blue County,38,9,
2005-02-12,42,Mockingbird,Toby Keith Duet With Krystal,31,12,
2005-02-12,43,Tonight,Sara Evans,41,11,Gains In Performance
2005-02-12,44,Somewhere Between Texas And Mexico,Pat Green,42,5,
2005-02-12,45,Goodbye Time,Blake Shelton,52,2,Gains In Performance
2005-02-12,46,The Good Life,Trent Willmon,43,5,
2005-02-12,47,Don't Worry 'Bout A Thing,SHeDAISY,56,2,Gains In Performance
2005-02-12,48,Tonight's Not The Night,Randy Rogers Band,47,5,Gains In Performance
2005-02-12,49,It's A Heartache,Trick Pony,NEW,1,Gains In Performance
2005-02-12,50,Homewrecker,Gretchen Wilson,RE,2,Gains In Performance
2005-02-12,51,If She Were Any Other Woman,Buddy Jewell,NEW,1,Gains In Performance
2005-02-12,52,Revenge Of A Middle-Aged Woman,Tracy Byrd,45,20,
2005-02-12,53,Alabama,Cross Canadian Ragweed,50,5,Gains In Performance
2005-02-12,54,Paper Angels,Jimmy Wayne,44,17,
2005-02-12,55,Skin (Sarabeth),Rascal Flatts,51,5,Gains In Performance
2005-02-12,56,Not Me,Keni Thomas Feat. Vince Gill And Emmylou Harris,54,8,Gains In Performance
2005-02-12,57,Guitars And Tiki Bars,Kenny Chesney,53,2,Gains In Performance
2005-02-12,58,Waitin' On The Wonderful,Aaron Lines,NEW,1,Gains In Performance
2005-02-12,59,Go Easy On Me,Lila McCann,57,2,Gains In Performance
2005-02-12,60,Home Sweet Holiday Inn,Trent Willmon,49,12,
2005-02-19,1,Bless The Broken Road,Rascal Flatts,1,16,Gains In Performance
2005-02-19,2,You're My Better Half,Keith Urban,3,17,
2005-02-19,3,Mud On The Tires,Brad Paisley,2,23,
2005-02-19,4,Nothin' To Lose,Josh Gracin,7,24,Gains In Performance
2005-02-19,5,Nothin 'Bout Love Makes Sense,LeAnn Rimes,5,25,Gains In Performance
2005-02-19,6,Monday Morning Church,Alan Jackson,6,19,Gains In Performance
2005-02-19,7,He Gets That From Me,Reba McEntire,10,25,
2005-02-19,8,Some Beach,Blake Shelton,9,29,
2005-02-19,9,That's What I Love About Sunday,Craig Morgan,13,16,Gains In Performance
2005-02-19,10,Baby Girl,Sugarland,11,31,Gains In Performance
2005-02-19,11,Let Them Be Little,Billy Dean,12,24,Gains In Performance
2005-02-19,12,"Awful, Beautiful Life",Darryl Worley,8,33,
2005-02-19,13,When I Think About Cheatin',Gretchen Wilson,4,17,
2005-02-19,14,Gone,Montgomery Gentry,16,13,Gains In Performance
2005-02-19,15,I May Hate Myself In The Morning,Lee Ann Womack,15,18,Gains In Performance
2005-02-19,16,It's Getting Better All The Time,Brooks & Dunn,17,12,Gains In Performance
2005-02-19,17,Anything But Mine,Kenny Chesney,18,8,Gains In Performance
2005-02-19,18,If Heaven,Andy Griggs,19,19,Gains In Performance
2005-02-19,19,My Give A Damn's Busted,Jo Dee Messina,20,8,Gains In Performance
2005-02-19,20,Trying To Find Atlantis,Jamie O'Neal,22,20,Gains In Performance
2005-02-19,21,What's A Guy Gotta Do,Joe Nichols,23,14,Gains In Performance
2005-02-19,22,Honkytonk U,Toby Keith,30,2,Gains In Performance
2005-02-19,23,God's Will,Martina McBride,24,12,Gains In Performance
2005-02-19,24,Songs About Me,Trace Adkins,26,10,Gains In Performance
2005-02-19,25,How Do You Get That Lonely,Blaine Larsen,25,15,Gains In Performance
2005-02-19,26,The World Needs A Drink,Terri Clark,27,14,Gains In Performance
2005-02-19,27,Drugs Or Jesus,Tim McGraw,38,4,Gains In Performance
2005-02-19,28,"Long, Slow Kisses",Jeff Bates,28,21,Gains In Performance
2005-02-19,29,I'll Take That As A Yes (The Hot Tub Song),Phil Vassar,31,13,Gains In Performance
2005-02-19,30,Me And Charlie Talking,Miranda Lambert,29,18,Gains In Performance
2005-02-19,31,Class Reunion (That Used To Be Us),Lonestar,32,5,Gains In Performance
2005-02-19,32,Don't!,Shania Twain,33,4,Gains In Performance
2005-02-19,33,I Would Cry,Amy Dalley,34,15,Gains In Performance
2005-02-19,34,Lot Of Leavin' Left To Do,Dierks Bentley,37,3,Gains In Performance
2005-02-19,35,I'm A Saint,Mark Chesnutt,35,17,Gains In Performance
2005-02-19,36,The Bumper Of My S.U.V.,Chely Wright,36,14,
2005-02-19,37,Restless,Alison Krauss + Union Station,39,14,Gains In Performance
2005-02-19,38,Pickin' Wildflowers,Keith Anderson,40,9,Gains In Performance
2005-02-19,39,Nothin' But Cowboy Boots,Blue County,41,10,Gains In Performance
2005-02-19,40,Goodbye Time,Blake Shelton,45,3,Gains In Performance
2005-02-19,41,Tonight,Sara Evans,43,12,Gains In Performance
2005-02-19,42,Don't Worry 'Bout A Thing,SHeDAISY,47,3,Gains In Performance
2005-02-19,43,The Good Life,Trent Willmon,46,6,Gains In Performance
2005-02-19,44,Tonight's Not The Night,Randy Rogers Band,48,6,Gains In Performance
2005-02-19,45,Homewrecker,Gretchen Wilson,50,3,Gains In Performance
2005-02-19,46,Mockingbird,Toby Keith Duet With Krystal,42,13,
2005-02-19,47,Somewhere Between Texas And Mexico,Pat Green,44,6,
2005-02-19,48,It's A Heartache,Trick Pony,49,2,
2005-02-19,49,If She Were Any Other Woman,Buddy Jewell,51,2,Gains In Performance
2005-02-19,50,Don't Ask Me How I Know,Bobby Pinson,NEW,1,Highest ranking debut|Gains In Performance
2005-02-19,51,Wake Up Older,Julie Roberts,NEW,1,Gains In Performance
2005-02-19,52,Big Time,Big & Rich,NEW,1,Gains In Performance
2005-02-19,53,Skin (Sarabeth),Rascal Flatts,55,6,Gains In Performance
2005-02-19,54,Waitin' On The Wonderful,Aaron Lines,58,2,Gains In Performance
2005-02-19,55,Alabama,Cross Canadian Ragweed,53,6,
2005-02-19,56,Go Easy On Me,Lila McCann,59,3,Gains In Performance
2005-02-19,57,Not Me,Keni Thomas Feat. Vince Gill And Emmylou Harris,56,9,Gains In Performance
2005-02-19,58,Mission Temple Fireworks Stand,Sawyer Brown Featuring Robert Randolph,RE,3,Gains In Performance
2005-02-19,59,Oklahoma-Texas Line,Rascal Flatts,RE,3,Gains In Performance
2005-02-19,60,Soldier For The Lonely,Jedd Hughes,NEW,1,Gains In Performance
2005-02-26,1,Bless The Broken Road,Rascal Flatts,1,17,Gains In Performance
2005-02-26,2,You're My Better Half,Keith Urban,2,18,Gains In Performance
2005-02-26,3,Mud On The Tires,Brad Paisley,3,24,Gains In Performance
2005-02-26,4,Nothin' To Lose,Josh Gracin,4,25,Gains In Performance
2005-02-26,5,Monday Morning Church,Alan Jackson,6,20,Gains In Performance
2005-02-26,6,Nothin 'Bout Love Makes Sense,LeAnn Rimes,5,26,Gains In Performance
2005-02-26,7,That's What I Love About Sunday,Craig Morgan,9,17,Gains In Performance
2005-02-26,8,Baby Girl,Sugarland,10,32,Gains In Performance
2005-02-26,9,He Gets That From Me,Reba McEntire,7,26,
2005-02-26,10,Let Them Be Little,Billy Dean,11,25,Gains In Performance
2005-02-26,11,Some Beach,Blake Shelton,8,30,
2005-02-26,12,Gone,Montgomery Gentry,14,14,Gains In Performance
2005-02-26,13,It's Getting Better All The Time,Brooks & Dunn,16,13,Gains In Performance
2005-02-26,14,Anything But Mine,Kenny Chesney,17,9,Gains In Performance
2005-02-26,15,I May Hate Myself In The Morning,Lee Ann Womack,15,19,
2005-02-26,16,My Give A Damn's Busted,Jo Dee Messina,19,9,Gains In Performance
2005-02-26,17,If Heaven,Andy Griggs,18,20,Gains In Performance
2005-02-26,18,Honkytonk U,Toby Keith,22,3,Gains In Performance
2005-02-26,19,What's A Guy Gotta Do,Joe Nichols,21,15,Gains In Performance
2005-02-26,20,Trying To Find Atlantis,Jamie O'Neal,20,21,
2005-02-26,21,When I Think About Cheatin',Gretchen Wilson,13,18,
2005-02-26,22,God's Will,Martina McBride,23,13,Gains In Performance
2005-02-26,23,Songs About Me,Trace Adkins,24,11,Gains In Performance
2005-02-26,24,How Do You Get That Lonely,Blaine Larsen,25,16,Gains In Performance
2005-02-26,25,Drugs Or Jesus,Tim McGraw,27,5,Gains In Performance
2005-02-26,26,The World Needs A Drink,Terri Clark,26,15,Gains In Performance
2005-02-26,27,"Long, Slow Kisses",Jeff Bates,28,22,Gains In Performance
2005-02-26,28,I'll Take That As A Yes (The Hot Tub Song),Phil Vassar,29,14,Gains In Performance
2005-02-26,29,Me And Charlie Talking,Miranda Lambert,30,19,Gains In Performance
2005-02-26,30,Class Reunion (That Used To Be Us),Lonestar,31,6,Gains In Performance
2005-02-26,31,Don't!,Shania Twain,32,5,Gains In Performance
2005-02-26,32,Lot Of Leavin' Left To Do,Dierks Bentley,34,4,Gains In Performance
2005-02-26,33,I Would Cry,Amy Dalley,33,16,Gains In Performance
2005-02-26,34,I'm A Saint,Mark Chesnutt,35,18,
2005-02-26,35,Homewrecker,Gretchen Wilson,45,4,Gains In Performance
2005-02-26,36,Pickin' Wildflowers,Keith Anderson,38,10,Gains In Performance
2005-02-26,37,Restless,Alison Krauss + Union Station,37,15,
2005-02-26,38,The Bumper Of My S.U.V.,Chely Wright,36,15,
2005-02-26,39,Goodbye Time,Blake Shelton,40,4,
2005-02-26,40,Nothin' But Cowboy Boots,Blue County,39,11,
2005-02-26,41,The Good Life,Trent Willmon,43,7,Gains In Performance
2005-02-26,42,Don't Worry 'Bout A Thing,SHeDAISY,42,4,Gains In Performance
2005-02-26,43,Tonight,Sara Evans,41,13,
2005-02-26,44,Big Time,Big & Rich,52,2,Gains In Performance
2005-02-26,45,Tonight's Not The Night,Randy Rogers Band,44,7,Gains In Performance
2005-02-26,46,Don't Ask Me How I Know,Bobby Pinson,50,2,Gains In Performance
2005-02-26,47,It's A Heartache,Trick Pony,48,3,Gains In Performance
2005-02-26,48,Somewhere Between Texas And Mexico,Pat Green,47,7,Gains In Performance
2005-02-26,49,Wake Up Older,Julie Roberts,51,2,Gains In Performance
2005-02-26,50,If She Were Any Other Woman,Buddy Jewell,49,3,Gains In Performance
2005-02-26,51,Skin (Sarabeth),Rascal Flatts,53,7,Gains In Performance
2005-02-26,52,Waitin' On The Wonderful,Aaron Lines,54,3,Gains In Performance
2005-02-26,53,Go Easy On Me,Lila McCann,56,4,Gains In Performance
2005-02-26,54,Not Me,Keni Thomas Feat. Vince Gill And Emmylou Harris,57,10,Gains In Performance
2005-02-26,55,Alabama,Cross Canadian Ragweed,55,7,
2005-02-26,56,Mockingbird,Toby Keith Duet With Krystal,46,14,
2005-02-26,57,Oklahoma-Texas Line,Rascal Flatts,59,4,Gains In Performance
2005-02-26,58,Mission Temple Fireworks Stand,Sawyer Brown Featuring Robert Randolph,58,4,Gains In Performance
2005-02-26,59,Two Hearts,Zona Jones,RE,2,Gains In Performance
2005-02-26,60,Good Hearted Man,Tift Merritt,NEW,1,Highest ranking debut|Gains In Performance
2005-03-05,1,Bless The Broken Road,Rascal Flatts,1,18,
2005-03-05,2,You're My Better Half,Keith Urban,2,19,
2005-03-05,3,Nothin' To Lose,Josh Gracin,4,26,Gains In Performance
2005-03-05,4,Mud On The Tires,Brad Paisley,3,25,
2005-03-05,5,That's What I Love About Sunday,Craig Morgan,7,18,Greatest gainer this week|Gains In Performance
2005-03-05,6,Monday Morning Church,Alan Jackson,5,21,
2005-03-05,7,Nothin 'Bout Love Makes Sense,LeAnn Rimes,6,27,
2005-03-05,8,Baby Girl,Sugarland,8,33,Gains In Performance
2005-03-05,9,Let Them Be Little,Billy Dean,10,26,Gains In Performance
2005-03-05,10,He Gets That From Me,Reba McEntire,9,27,Gains In Performance
2005-03-05,11,Anything But Mine,Kenny Chesney,14,10,Gains In Performance
2005-03-05,12,It's Getting Better All The Time,Brooks & Dunn,13,14,Gains In Performance
2005-03-05,13,Gone,Montgomery Gentry,12,15,Gains In Performance
2005-03-05,14,My Give A Damn's Busted,Jo Dee Messina,16,10,Gains In Performance
2005-03-05,15,I May Hate Myself In The Morning,Lee Ann Womack,15,20,Gains In Performance
2005-03-05,16,If Heaven,Andy Griggs,17,21,Gains In Performance
2005-03-05,17,Honkytonk U,Toby Keith,18,4,Gains In Performance
2005-03-05,18,What's A Guy Gotta Do,Joe Nichols,19,16,Gains In Performance
2005-03-05,19,Trying To Find Atlantis,Jamie O'Neal,20,22,Gains In Performance
2005-03-05,20,God's Will,Martina McBride,22,14,Gains In Performance
2005-03-05,21,Drugs Or Jesus,Tim McGraw,25,6,Gains In Performance
2005-03-05,22,Songs About Me,Trace Adkins,23,12,Gains In Performance
2005-03-05,23,How Do You Get That Lonely,Blaine Larsen,24,17,Gains In Performance
2005-03-05,24,When I Think About Cheatin',Gretchen Wilson,21,19,
2005-03-05,25,Class Reunion (That Used To Be Us),Lonestar,30,7,Gains In Performance
2005-03-05,26,I'll Take That As A Yes (The Hot Tub Song),Phil Vassar,28,15,Gains In Performance
2005-03-05,27,"Long, Slow Kisses",Jeff Bates,27,23,Gains In Performance
2005-03-05,28,Me And Charlie Talking,Miranda Lambert,29,20,Gains In Performance
2005-03-05,29,Don't!,Shania Twain,31,6,Gains In Performance
2005-03-05,30,Lot Of Leavin' Left To Do,Dierks Bentley,32,5,Gains In Performance
2005-03-05,31,Homewrecker,Gretchen Wilson,35,5,Gains In Performance
2005-03-05,32,The World Needs A Drink,Terri Clark,26,16,
2005-03-05,33,I Would Cry,Amy Dalley,33,17,
2005-03-05,34,I'm A Saint,Mark Chesnutt,34,19,Gains In Performance
2005-03-05,35,Pickin' Wildflowers,Keith Anderson,36,11,Gains In Performance
2005-03-05,36,Big Time,Big & Rich,44,3,Gains In Performance
2005-03-05,37,Goodbye Time,Blake Shelton,39,5,Gains In Performance
2005-03-05,38,Nothin' But Cowboy Boots,Blue County,40,12,Gains In Performance
2005-03-05,39,Restless,Alison Krauss + Union Station,37,16,
2005-03-05,40,Don't Ask Me How I Know,Bobby Pinson,46,3,Gains In Performance
2005-03-05,41,Don't Worry 'Bout A Thing,SHeDAISY,42,5,Gains In Performance
2005-03-05,42,The Bumper Of My S.U.V.,Chely Wright,38,16,
2005-03-05,43,It's A Heartache,Trick Pony,47,4,Gains In Performance
2005-03-05,44,Tonight's Not The Night,Randy Rogers Band,45,8,Gains In Performance
2005-03-05,45,If She Were Any Other Woman,Buddy Jewell,50,4,Gains In Performance
2005-03-05,46,The Good Life,Trent Willmon,41,8,
2005-03-05,47,Waitin' On The Wonderful,Aaron Lines,52,4,Gains In Performance
2005-03-05,48,Somewhere Between Texas And Mexico,Pat Green,48,8,
2005-03-05,49,Wake Up Older,Julie Roberts,49,3,
2005-03-05,50,Skin (Sarabeth),Rascal Flatts,51,8,Gains In Performance
2005-03-05,51,I See Me,Travis Tritt,NEW,1,Highest ranking debut|Gains In Performance
2005-03-05,52,If Something Should Happen,Darryl Worley,NEW,1,Gains In Performance
2005-03-05,53,Not Me,Keni Thomas Feat. Vince Gill And Emmylou Harris,54,11,Gains In Performance
2005-03-05,54,Alabama,Cross Canadian Ragweed,55,8,Gains In Performance
2005-03-05,55,Tonight,Sara Evans,43,14,
2005-03-05,56,Go Easy On Me,Lila McCann,53,5,
2005-03-05,57,Baby Doll,Pat Green,NEW,1,Gains In Performance
2005-03-05,58,Mission Temple Fireworks Stand,Sawyer Brown Featuring Robert Randolph,58,5,
2005-03-05,59,Oklahoma-Texas Line,Rascal Flatts,57,5,
2005-03-05,60,My Name,George Canyon,NEW,1,Gains In Performance
2005-03-12,1,Bless The Broken Road,Rascal Flatts,1,19,Gains In Performance
2005-03-12,2,Nothin' To Lose,Josh Gracin,3,27,Gains In Performance
2005-03-12,3,You're My Better Half,Keith Urban,2,20,
2005-03-12,4,That's What I Love About Sunday,Craig Morgan,5,19,Gains In Performance
2005-03-12,5,Baby Girl,Sugarland,8,34,Gains In Performance
2005-03-12,6,Mud On The Tires,Brad Paisley,4,26,
2005-03-12,7,Anything But Mine,Kenny Chesney,11,11,Gains In Performance
2005-03-12,8,It's Getting Better All The Time,Brooks & Dunn,12,15,Gains In Performance
2005-03-12,9,Gone,Montgomery Gentry,13,16,Gains In Performance
2005-03-12,10,Let Them Be Little,Billy Dean,9,27,Gains In Performance
2005-03-12,11,Monday Morning Church,Alan Jackson,6,22,
2005-03-12,12,Nothin 'Bout Love Makes Sense,LeAnn Rimes,7,28,
2005-03-12,13,My Give A Damn's Busted,Jo Dee Messina,14,11,Gains In Performance
2005-03-12,14,I May Hate Myself In The Morning,Lee Ann Womack,15,21,Gains In Performance
2005-03-12,15,Honkytonk U,Toby Keith,17,5,Gains In Performance
2005-03-12,16,If Heaven,Andy Griggs,16,22,Gains In Performance
2005-03-12,17,What's A Guy Gotta Do,Joe Nichols,18,17,Gains In Performance
2005-03-12,18,Drugs Or Jesus,Tim McGraw,21,7,Gains In Performance
2005-03-12,19,Trying To Find Atlantis,Jamie O'Neal,19,23,Gains In Performance
2005-03-12,20,God's Will,Martina McBride,20,15,Gains In Performance
2005-03-12,21,How Do You Get That Lonely,Blaine Larsen,23,18,Gains In Performance
2005-03-12,22,Songs About Me,Trace Adkins,22,13,Gains In Performance
2005-03-12,23,Homewrecker,Gretchen Wilson,31,6,Gains In Performance
2005-03-12,24,Class Reunion (That Used To Be Us),Lonestar,25,8,Gains In Performance
2005-03-12,25,Lot Of Leavin' Left To Do,Dierks Bentley,30,6,Gains In Performance
2005-03-12,26,I'll Take That As A Yes (The Hot Tub Song),Phil Vassar,26,16,Gains In Performance
2005-03-12,27,"Long, Slow Kisses",Jeff Bates,27,24,Gains In Performance
2005-03-12,28,Don't!,Shania Twain,29,7,Gains In Performance
2005-03-12,29,Me And Charlie Talking,Miranda Lambert,28,21,Gains In Performance
2005-03-12,30,When I Think About Cheatin',Gretchen Wilson,24,20,
2005-03-12,31,I Would Cry,Amy Dalley,33,18,Gains In Performance
2005-03-12,32,Big Time,Big & Rich,36,4,Gains In Performance
2005-03-12,33,I'm A Saint,Mark Chesnutt,34,20,
2005-03-12,34,Goodbye Time,Blake Shelton,37,6,Gains In Performance
2005-03-12,35,Pickin' Wildflowers,Keith Anderson,35,12,Gains In Performance
2005-03-12,36,Don't Worry 'Bout A Thing,SHeDAISY,41,6,Gains In Performance
2005-03-12,37,Don't Ask Me How I Know,Bobby Pinson,40,4,Gains In Performance
2005-03-12,38,The World Needs A Drink,Terri Clark,32,17,
2005-03-12,39,Restless,Alison Krauss + Union Station,39,17,
2005-03-12,40,The Bumper Of My S.U.V.,Chely Wright,42,17,
2005-03-12,41,It's A Heartache,Trick Pony,43,5,Gains In Performance
2005-03-12,42,If Something Should Happen,Darryl Worley,52,2,Gains In Performance
2005-03-12,43,The Good Life,Trent Willmon,46,9,Gains In Performance
2005-03-12,44,If She Were Any Other Woman,Buddy Jewell,45,5,Gains In Performance
2005-03-12,45,Waitin' On The Wonderful,Aaron Lines,47,5,Gains In Performance
2005-03-12,46,I See Me,Travis Tritt,51,2,Gains In Performance
2005-03-12,47,Tonight's Not The Night,Randy Rogers Band,44,9,
2005-03-12,48,Baby Doll,Pat Green,57,2,Gains In Performance
2005-03-12,49,Wake Up Older,Julie Roberts,49,4,Gains In Performance
2005-03-12,50,Nothin' But Cowboy Boots,Blue County,38,13,
2005-03-12,51,Skin (Sarabeth),Rascal Flatts,50,9,Gains In Performance
2005-03-12,52,Not Me,Keni Thomas Feat. Vince Gill And Emmylou Harris,53,12,Gains In Performance
2005-03-12,53,Somewhere Between Texas And Mexico,Pat Green,48,9,
2005-03-12,54,My Name,George Canyon,60,2,Gains In Performance
2005-03-12,55,Something Like A Broken Heart,Hanna-McEuen,NEW,1,Highest ranking debut|Gains In Performance
2005-03-12,56,Go Easy On Me,Lila McCann,56,6,Gains In Performance
2005-03-12,57,Alabama,Cross Canadian Ragweed,54,9,Gains In Performance
2005-03-12,58,One Believer,Diamond Rio,NEW,1,Gains In Performance
2005-03-12,59,Two Hearts,Zona Jones,RE,3,Gains In Performance
2005-03-12,60,Soldier For The Lonely,Jedd Hughes,RE,2,Gains In Performance
2005-03-19,1,Nothin' To Lose,Josh Gracin,2,28,Greatest gainer this week|Gains In Performance
2005-03-19,2,That's What I Love About Sunday,Craig Morgan,4,20,Gains In Performance
2005-03-19,3,Bless The Broken Road,Rascal Flatts,1,20,
2005-03-19,4,Baby Girl,Sugarland,5,35,Gains In Performance
2005-03-19,5,Anything But Mine,Kenny Chesney,7,12,Gains In Performance
2005-03-19,6,It's Getting Better All The Time,Brooks & Dunn,8,16,Gains In Performance
2005-03-19,7,You're My Better Half,Keith Urban,3,21,
2005-03-19,8,Gone,Montgomery Gentry,9,17,Gains In Performance
2005-03-19,9,Mud On The Tires,Brad Paisley,6,27,
2005-03-19,10,Let Them Be Little,Billy Dean,10,28,Gains In Performance
2005-03-19,11,My Give A Damn's Busted,Jo Dee Messina,13,12,Gains In Performance
2005-03-19,12,I May Hate Myself In The Morning,Lee Ann Womack,14,22,Gains In Performance
2005-03-19,13,Honkytonk U,Toby Keith,15,6,Gains In Performance
2005-03-19,14,If Heaven,Andy Griggs,16,23,Gains In Performance
2005-03-19,15,What's A Guy Gotta Do,Joe Nichols,17,18,Gains In Performance
2005-03-19,16,Drugs Or Jesus,Tim McGraw,18,8,Gains In Performance
2005-03-19,17,God's Will,Martina McBride,20,16,Gains In Performance
2005-03-19,18,Trying To Find Atlantis,Jamie O'Neal,19,24,Gains In Performance
2005-03-19,19,How Do You Get That Lonely,Blaine Larsen,21,19,Gains In Performance
2005-03-19,20,Songs About Me,Trace Adkins,22,14,Gains In Performance
2005-03-19,21,Homewrecker,Gretchen Wilson,23,7,Gains In Performance
2005-03-19,22,Class Reunion (That Used To Be Us),Lonestar,24,9,Gains In Performance
2005-03-19,23,Lot Of Leavin' Left To Do,Dierks Bentley,25,7,Gains In Performance
2005-03-19,24,I'll Take That As A Yes (The Hot Tub Song),Phil Vassar,26,17,Gains In Performance
2005-03-19,25,"Long, Slow Kisses",Jeff Bates,27,25,Gains In Performance
2005-03-19,26,Don't!,Shania Twain,28,8,Gains In Performance
2005-03-19,27,Me And Charlie Talking,Miranda Lambert,29,22,Gains In Performance
2005-03-19,28,Big Time,Big & Rich,32,5,Gains In Performance
2005-03-19,29,I Would Cry,Amy Dalley,31,19,
2005-03-19,30,Goodbye Time,Blake Shelton,34,7,Gains In Performance
2005-03-19,31,If Something Should Happen,Darryl Worley,42,3,Gains In Performance
2005-03-19,32,Don't Ask Me How I Know,Bobby Pinson,37,5,Gains In Performance
2005-03-19,33,Pickin' Wildflowers,Keith Anderson,35,13,Gains In Performance
2005-03-19,34,Don't Worry 'Bout A Thing,SHeDAISY,36,7,Gains In Performance
2005-03-19,35,It's A Heartache,Trick Pony,41,6,Gains In Performance
2005-03-19,36,If She Were Any Other Woman,Buddy Jewell,44,6,Gains In Performance
2005-03-19,37,Restless,Alison Krauss + Union Station,39,18,Gains In Performance
2005-03-19,38,Baby Doll,Pat Green,48,3,Gains In Performance
2005-03-19,39,The Good Life,Trent Willmon,43,10,Gains In Performance
2005-03-19,40,I See Me,Travis Tritt,46,3,Gains In Performance
2005-03-19,41,Waitin' On The Wonderful,Aaron Lines,45,6,Gains In Performance
2005-03-19,42,The World Needs A Drink,Terri Clark,38,18,
2005-03-19,43,Tonight's Not The Night,Randy Rogers Band,47,10,Gains In Performance
2005-03-19,44,My Name,George Canyon,54,3,Gains In Performance
2005-03-19,45,Skin (Sarabeth),Rascal Flatts,51,10,Gains In Performance
2005-03-19,46,Wake Up Older,Julie Roberts,49,5,
2005-03-19,47,Not Me,Keni Thomas Feat. Vince Gill And Emmylou Harris,52,13,Gains In Performance
2005-03-19,48,The Middle Of Nowhere,Brian McComas,NEW,1,Highest ranking debut|Gains In Performance
2005-03-19,49,The Bumper Of My S.U.V.,Chely Wright,40,18,
2005-03-19,50,Something Like A Broken Heart,Hanna-McEuen,55,2,Gains In Performance
2005-03-19,51,Alabama,Cross Canadian Ragweed,57,10,Gains In Performance
2005-03-19,52,One Believer,Diamond Rio,58,2,Gains In Performance
2005-03-19,53,Go Easy On Me,Lila McCann,56,7,Gains In Performance
2005-03-19,54,Somewhere Between Texas And Mexico,Pat Green,53,10,Gains In Performance
2005-03-19,55,Making Memories Of Us,Keith Urban,NEW,1,Gains In Performance
2005-03-19,56,Nothin' But Cowboy Boots,Blue County,50,14,
2005-03-19,57,Two Hearts,Zona Jones,59,4,Gains In Performance
2005-03-19,58,My Sister,Reba McEntire,NEW,1,Gains In Performance
2005-03-19,59,I Want A Cowboy,Katrina Elam,NEW,1,Gains In Performance
2005-03-19,60,Hillbillies,Hot Apple Pie,NEW,1,Gains In Performance
2005-03-26,1,That's What I Love About Sunday,Craig Morgan,2,21,Gains In Performance
2005-03-26,2,Nothin' To Lose,Josh Gracin,1,29,
2005-03-26,3,Bless The Broken Road,Rascal Flatts,3,21,
2005-03-26,4,Baby Girl,Sugarland,4,36,Gains In Performance
2005-03-26,5,Anything But Mine,Kenny Chesney,5,13,Gains In Performance
2005-03-26,6,It's Getting Better All The Time,Brooks & Dunn,6,17,Gains In Performance
2005-03-26,7,Gone,Montgomery Gentry,8,18,Gains In Performance
2005-03-26,8,Let Them Be Little,Billy Dean,10,29,Gains In Performance
2005-03-26,9,Mud On The Tires,Brad Paisley,9,28,
2005-03-26,10,My Give A Damn's Busted,Jo Dee Messina,11,13,Gains In Performance
2005-03-26,11,I May Hate Myself In The Morning,Lee Ann Womack,12,23,Gains In Performance
2005-03-26,12,You're My Better Half,Keith Urban,7,22,
2005-03-26,13,If Heaven,Andy Griggs,14,24,Gains In Performance
2005-03-26,14,Honkytonk U,Toby Keith,13,7,Gains In Performance
2005-03-26,15,What's A Guy Gotta Do,Joe Nichols,15,19,Gains In Performance
2005-03-26,16,Drugs Or Jesus,Tim McGraw,16,9,Gains In Performance
2005-03-26,17,Homewrecker,Gretchen Wilson,21,8,Gains In Performance
2005-03-26,18,God's Will,Martina McBride,17,17,Gains In Performance
2005-03-26,19,Songs About Me,Trace Adkins,20,15,Gains In Performance
2005-03-26,20,How Do You Get That Lonely,Blaine Larsen,19,20,
2005-03-26,21,Lot Of Leavin' Left To Do,Dierks Bentley,23,8,Gains In Performance
2005-03-26,22,Class Reunion (That Used To Be Us),Lonestar,22,10,Gains In Performance
2005-03-26,23,I'll Take That As A Yes (The Hot Tub Song),Phil Vassar,24,18,Gains In Performance
2005-03-26,24,"Long, Slow Kisses",Jeff Bates,25,26,
2005-03-26,25,Don't!,Shania Twain,26,9,
2005-03-26,26,Big Time,Big & Rich,28,6,Gains In Performance
2005-03-26,27,Me And Charlie Talking,Miranda Lambert,27,23,
2005-03-26,28,Goodbye Time,Blake Shelton,30,8,Gains In Performance
2005-03-26,29,Don't Ask Me How I Know,Bobby Pinson,32,6,Gains In Performance
2005-03-26,30,If Something Should Happen,Darryl Worley,31,4,Gains In Performance
2005-03-26,31,Pickin' Wildflowers,Keith Anderson,33,14,Gains In Performance
2005-03-26,32,I Would Cry,Amy Dalley,29,20,
2005-03-26,33,Don't Worry 'Bout A Thing,SHeDAISY,34,8,Gains In Performance
2005-03-26,34,It's A Heartache,Trick Pony,35,7,Gains In Performance
2005-03-26,35,Baby Doll,Pat Green,38,4,Gains In Performance
2005-03-26,36,Restless,Alison Krauss + Union Station,37,19,Gains In Performance
2005-03-26,37,I See Me,Travis Tritt,40,4,Gains In Performance
2005-03-26,38,Making Memories Of Us,Keith Urban,55,2,Gains In Performance
2005-03-26,39,The Good Life,Trent Willmon,39,11,
2005-03-26,40,If She Were Any Other Woman,Buddy Jewell,36,7,
2005-03-26,41,Skin (Sarabeth),Rascal Flatts,45,11,Gains In Performance
2005-03-26,42,Waitin' On The Wonderful,Aaron Lines,41,7,Gains In Performance
2005-03-26,43,Tonight's Not The Night,Randy Rogers Band,43,11,Gains In Performance
2005-03-26,44,Help Somebody,Van Zant,NEW,1,Highest ranking debut|Gains In Performance
2005-03-26,45,Something Like A Broken Heart,Hanna-McEuen,50,3,Gains In Performance
2005-03-26,46,My Name,George Canyon,44,4,Gains In Performance
2005-03-26,47,Not Me,Keni Thomas Feat. Vince Gill And Emmylou Harris,47,14,Gains In Performance
2005-03-26,48,Wake Up Older,Julie Roberts,46,6,
2005-03-26,49,Somewhere Between Texas And Mexico,Pat Green,54,11,Gains In Performance
2005-03-26,50,The Bumper Of My S.U.V.,Chely Wright,49,19,
2005-03-26,51,The World Needs A Drink,Terri Clark,42,19,
2005-03-26,52,One Believer,Diamond Rio,52,3,
2005-03-26,53,Alabama,Cross Canadian Ragweed,51,11,
2005-03-26,54,The Middle Of Nowhere,Brian McComas,48,2,
2005-03-26,55,Go Easy On Me,Lila McCann,53,8,
2005-03-26,56,Fast Cars And Freedom,Rascal Flatts,NEW,1,Gains In Performance
2005-03-26,57,My Sister,Reba McEntire,58,2,Gains In Performance
2005-03-26,58,Hillbillies,Hot Apple Pie,60,2,Gains In Performance
2005-03-26,59,Two Hearts,Zona Jones,57,5,Gains In Performance
2005-03-26,60,Soldier For The Lonely,Jedd Hughes,RE,3,Gains In Performance
2005-04-02,1,That's What I Love About Sunday,Craig Morgan,1,22,Gains In Performance
2005-04-02,2,Baby Girl,Sugarland,4,37,Greatest gainer this week|Gains In Performance
2005-04-02,3,Anything But Mine,Kenny Chesney,5,14,Gains In Performance
2005-04-02,4,Nothin' To Lose,Josh Gracin,2,30,
2005-04-02,5,Bless The Broken Road,Rascal Flatts,3,22,
2005-04-02,6,It's Getting Better All The Time,Brooks & Dunn,6,18,Gains In Performance
2005-04-02,7,Gone,Montgomery Gentry,7,19,Gains In Performance
2005-04-02,8,Let Them Be Little,Billy Dean,8,30,
2005-04-02,9,My Give A Damn's Busted,Jo Dee Messina,10,14,Gains In Performance
2005-04-02,10,I May Hate Myself In The Morning,Lee Ann Womack,11,24,Gains In Performance
2005-04-02,11,Honkytonk U,Toby Keith,14,8,Gains In Performance
2005-04-02,12,If Heaven,Andy Griggs,13,25,Gains In Performance
2005-04-02,13,Mud On The Tires,Brad Paisley,9,29,
2005-04-02,14,What's A Guy Gotta Do,Joe Nichols,15,20,Gains In Performance
2005-04-02,15,Homewrecker,Gretchen Wilson,17,9,Gains In Performance
2005-04-02,16,Drugs Or Jesus,Tim McGraw,16,10,Gains In Performance
2005-04-02,17,God's Will,Martina McBride,18,18,Gains In Performance
2005-04-02,18,Lot Of Leavin' Left To Do,Dierks Bentley,21,9,Gains In Performance
2005-04-02,19,Songs About Me,Trace Adkins,19,16,Gains In Performance
2005-04-02,20,How Do You Get That Lonely,Blaine Larsen,20,21,Gains In Performance
2005-04-02,21,Class Reunion (That Used To Be Us),Lonestar,22,11,Gains In Performance
2005-04-02,22,I'll Take That As A Yes (The Hot Tub Song),Phil Vassar,23,19,Gains In Performance
2005-04-02,23,"Long, Slow Kisses",Jeff Bates,24,27,Gains In Performance
2005-04-02,24,Don't!,Shania Twain,25,10,Gains In Performance
2005-04-02,25,Big Time,Big & Rich,26,7,Gains In Performance
2005-04-02,26,If Something Should Happen,Darryl Worley,30,5,Gains In Performance
2005-04-02,27,Don't Ask Me How I Know,Bobby Pinson,29,7,Gains In Performance
2005-04-02,28,Pickin' Wildflowers,Keith Anderson,31,15,Gains In Performance
2005-04-02,29,Goodbye Time,Blake Shelton,28,9,Gains In Performance
2005-04-02,30,Making Memories Of Us,Keith Urban,38,3,Gains In Performance
2005-04-02,31,Don't Worry 'Bout A Thing,SHeDAISY,33,9,Gains In Performance
2005-04-02,32,I See Me,Travis Tritt,37,5,Gains In Performance
2005-04-02,33,It's A Heartache,Trick Pony,34,8,
2005-04-02,34,Baby Doll,Pat Green,35,5,Gains In Performance
2005-04-02,35,If She Were Any Other Woman,Buddy Jewell,40,8,Gains In Performance
2005-04-02,36,Help Somebody,Van Zant,44,2,Gains In Performance
2005-04-02,37,Restless,Alison Krauss + Union Station,36,20,
2005-04-02,38,Skin (Sarabeth),Rascal Flatts,41,12,Gains In Performance
2005-04-02,39,The Good Life,Trent Willmon,39,12,Gains In Performance
2005-04-02,40,Waitin' On The Wonderful,Aaron Lines,42,8,Gains In Performance
2005-04-02,41,Fast Cars And Freedom,Rascal Flatts,56,2,Gains In Performance
2005-04-02,42,Something Like A Broken Heart,Hanna-McEuen,45,4,Gains In Performance
2005-04-02,43,The Middle Of Nowhere,Brian McComas,54,3,Gains In Performance
2005-04-02,44,My Name,George Canyon,46,5,Gains In Performance
2005-04-02,45,The Talkin' Song Repair Blues,Alan Jackson,NEW,1,Highest ranking debut|Gains In Performance
2005-04-02,46,One Believer,Diamond Rio,52,4,Gains In Performance
2005-04-02,47,Not Me,Keni Thomas Feat. Vince Gill And Emmylou Harris,47,15,
2005-04-02,48,Tonight's Not The Night,Randy Rogers Band,43,12,
2005-04-02,49,Somewhere Between Texas And Mexico,Pat Green,49,12,Gains In Performance
2005-04-02,50,Wake Up Older,Julie Roberts,48,7,Gains In Performance
2005-04-02,51,My Sister,Reba McEntire,57,3,Gains In Performance
2005-04-02,52,Probably Wouldn't Be This Way,LeAnn Rimes,NEW,1,Gains In Performance
2005-04-02,53,Go Easy On Me,Lila McCann,55,9,
2005-04-02,54,Hillbillies,Hot Apple Pie,58,3,Gains In Performance
2005-04-02,55,Two Hearts,Zona Jones,59,6,Gains In Performance
2005-04-02,56,I Play Chicken With The Train,Cowboy Troy With Big & Rich,NEW,1,Gains In Performance
2005-04-02,57,Alabama,Cross Canadian Ragweed,53,12,
2005-04-02,58,Oklahoma-Texas Line,Rascal Flatts,RE,6,Gains In Performance
2005-04-02,59,I'll Try Anything,Amber Dotson,NEW,1,Gains In Performance
2005-04-02,60,I Want A Cowboy,Katrina Elam,RE,2,
2005-04-09,1,That's What I Love About Sunday,Craig Morgan,1,23,Gains In Performance
2005-04-09,2,Baby Girl,Sugarland,2,38,
2005-04-09,3,Anything But Mine,Kenny Chesney,3,15,Gains In Performance
2005-04-09,4,It's Getting Better All The Time,Brooks & Dunn,6,19,Gains In Performance
2005-04-09,5,Gone,Montgomery Gentry,7,20,Gains In Performance
2005-04-09,6,Nothin' To Lose,Josh Gracin,4,31,
2005-04-09,7,My Give A Damn's Busted,Jo Dee Messina,9,15,Gains In Performance
2005-04-09,8,Bless The Broken Road,Rascal Flatts,5,23,
2005-04-09,9,If Heaven,Andy Griggs,12,26,Gains In Performance
2005-04-09,10,I May Hate Myself In The Morning,Lee Ann Womack,10,25,Gains In Performance
2005-04-09,11,Homewrecker,Gretchen Wilson,15,10,Gains In Performance
2005-04-09,12,Honkytonk U,Toby Keith,11,9,Gains In Performance
2005-04-09,13,What's A Guy Gotta Do,Joe Nichols,14,21,Gains In Performance
2005-04-09,14,Let Them Be Little,Billy Dean,8,31,
2005-04-09,15,Mud On The Tires,Brad Paisley,13,30,
2005-04-09,16,Drugs Or Jesus,Tim McGraw,16,11,Gains In Performance
2005-04-09,17,Songs About Me,Trace Adkins,19,17,Gains In Performance
2005-04-09,18,Lot Of Leavin' Left To Do,Dierks Bentley,18,10,Gains In Performance
2005-04-09,19,God's Will,Martina McBride,17,19,Gains In Performance
2005-04-09,20,How Do You Get That Lonely,Blaine Larsen,20,22,Gains In Performance
2005-04-09,21,Class Reunion (That Used To Be Us),Lonestar,21,12,Gains In Performance
2005-04-09,22,"Long, Slow Kisses",Jeff Bates,23,28,Gains In Performance
2005-04-09,23,I'll Take That As A Yes (The Hot Tub Song),Phil Vassar,22,20,Gains In Performance
2005-04-09,24,Making Memories Of Us,Keith Urban,30,4,Gains In Performance
2005-04-09,25,Big Time,Big & Rich,25,8,Gains In Performance
2005-04-09,26,Don't!,Shania Twain,24,11,Gains In Performance
2005-04-09,27,If Something Should Happen,Darryl Worley,26,6,Gains In Performance
2005-04-09,28,Don't Ask Me How I Know,Bobby Pinson,27,8,Gains In Performance
2005-04-09,29,Pickin' Wildflowers,Keith Anderson,28,16,Gains In Performance
2005-04-09,30,You'll Be There,George Strait,NEW,1,Highest ranking debut|Gains In Performance
2005-04-09,31,Goodbye Time,Blake Shelton,29,10,Gains In Performance
2005-04-09,32,Don't Worry 'Bout A Thing,SHeDAISY,31,10,Gains In Performance
2005-04-09,33,Fast Cars And Freedom,Rascal Flatts,41,3,Gains In Performance
2005-04-09,34,I See Me,Travis Tritt,32,6,Gains In Performance
2005-04-09,35,Baby Doll,Pat Green,34,6,Gains In Performance
2005-04-09,36,It's A Heartache,Trick Pony,33,9,Gains In Performance
2005-04-09,37,The Talkin' Song Repair Blues,Alan Jackson,45,2,Gains In Performance
2005-04-09,38,If She Were Any Other Woman,Buddy Jewell,35,9,Gains In Performance
2005-04-09,39,Help Somebody,Van Zant,36,3,Gains In Performance
2005-04-09,40,The Good Life,Trent Willmon,39,13,Gains In Performance
2005-04-09,41,Skin (Sarabeth),Rascal Flatts,38,13,Gains In Performance
2005-04-09,42,My Sister,Reba McEntire,51,4,Gains In Performance
2005-04-09,43,Waitin' On The Wonderful,Aaron Lines,40,9,
2005-04-09,44,Something Like A Broken Heart,Hanna-McEuen,42,5,Gains In Performance
2005-04-09,45,Probably Wouldn't Be This Way,LeAnn Rimes,52,2,Gains In Performance
2005-04-09,46,The Middle Of Nowhere,Brian McComas,43,4,Gains In Performance
2005-04-09,47,One Believer,Diamond Rio,46,5,Gains In Performance
2005-04-09,48,I Play Chicken With The Train,Cowboy Troy With Big & Rich,56,2,Gains In Performance
2005-04-09,49,My Name,George Canyon,44,6,Gains In Performance
2005-04-09,50,Wake Up Older,Julie Roberts,50,8,Gains In Performance
2005-04-09,51,Not Me,Keni Thomas Feat. Vince Gill And Emmylou Harris,47,16,Gains In Performance
2005-04-09,52,Hillbillies,Hot Apple Pie,54,4,Gains In Performance
2005-04-09,53,Tonight's Not The Night,Randy Rogers Band,48,13,
2005-04-09,54,Somewhere Between Texas And Mexico,Pat Green,49,13,
2005-04-09,55,Somebody's Hero,Jamie O'Neal,NEW,1,Gains In Performance
2005-04-09,56,Alabama,Cross Canadian Ragweed,57,13,Gains In Performance
2005-04-09,57,One Day At A Time,Deana Carter,NEW,1,Gains In Performance
2005-04-09,58,Honky Tonk Badonkadonk,Trace Adkins,NEW,1,Gains In Performance
2005-04-09,59,Go Easy On Me,Lila McCann,53,10,
2005-04-09,60,I Want A Cowboy,Katrina Elam,60,3,Gains In Performance
2005-04-16,1,That's What I Love About Sunday,Craig Morgan,1,24,Gains In Performance
2005-04-16,2,Anything But Mine,Kenny Chesney,3,16,Gains In Performance
2005-04-16,3,It's Getting Better All The Time,Brooks & Dunn,4,20,Gains In Performance
2005-04-16,4,Gone,Montgomery Gentry,5,21,Gains In Performance
2005-04-16,5,Baby Girl,Sugarland,2,39,
2005-04-16,6,My Give A Damn's Busted,Jo Dee Messina,7,16,Gains In Performance
2005-04-16,7,If Heaven,Andy Griggs,9,27,Gains In Performance
2005-04-16,8,Nothin' To Lose,Josh Gracin,6,32,
2005-04-16,9,Homewrecker,Gretchen Wilson,11,11,Gains In Performance
2005-04-16,10,I May Hate Myself In The Morning,Lee Ann Womack,10,26,Gains In Performance
2005-04-16,11,Bless The Broken Road,Rascal Flatts,8,24,
2005-04-16,12,Honkytonk U,Toby Keith,12,10,Gains In Performance
2005-04-16,13,What's A Guy Gotta Do,Joe Nichols,13,22,Gains In Performance
2005-04-16,14,Drugs Or Jesus,Tim McGraw,16,12,Gains In Performance
2005-04-16,15,Lot Of Leavin' Left To Do,Dierks Bentley,18,11,Gains In Performance
2005-04-16,16,Songs About Me,Trace Adkins,17,18,Gains In Performance
2005-04-16,17,God's Will,Martina McBride,19,20,Gains In Performance
2005-04-16,18,How Do You Get That Lonely,Blaine Larsen,20,23,Gains In Performance
2005-04-16,19,Class Reunion (That Used To Be Us),Lonestar,21,13,Gains In Performance
2005-04-16,20,Making Memories Of Us,Keith Urban,24,5,Gains In Performance
2005-04-16,21,I'll Take That As A Yes (The Hot Tub Song),Phil Vassar,23,21,Gains In Performance
2005-04-16,22,"Long, Slow Kisses",Jeff Bates,22,29,Gains In Performance
2005-04-16,23,Big Time,Big & Rich,25,9,Gains In Performance
2005-04-16,24,You'll Be There,George Strait,30,2,Gains In Performance
2005-04-16,25,Fast Cars And Freedom,Rascal Flatts,33,4,Greatest gainer this week|Gains In Performance
2005-04-16,26,Don't!,Shania Twain,26,12,
2005-04-16,27,If Something Should Happen,Darryl Worley,27,7,Gains In Performance
2005-04-16,28,Don't Ask Me How I Know,Bobby Pinson,28,9,Gains In Performance
2005-04-16,29,Goodbye Time,Blake Shelton,31,11,Gains In Performance
2005-04-16,30,Pickin' Wildflowers,Keith Anderson,29,17,Gains In Performance
2005-04-16,31,Don't Worry 'Bout A Thing,SHeDAISY,32,11,Gains In Performance
2005-04-16,32,Baby Doll,Pat Green,35,7,Gains In Performance
2005-04-16,33,The Talkin' Song Repair Blues,Alan Jackson,37,3,Gains In Performance
2005-04-16,34,I See Me,Travis Tritt,34,7,Gains In Performance
2005-04-16,35,It's A Heartache,Trick Pony,36,10,Gains In Performance
2005-04-16,36,If She Were Any Other Woman,Buddy Jewell,38,10,Gains In Performance
2005-04-16,37,Help Somebody,Van Zant,39,4,Gains In Performance
2005-04-16,38,The Good Life,Trent Willmon,40,14,Gains In Performance
2005-04-16,39,My Sister,Reba McEntire,42,5,Gains In Performance
2005-04-16,40,Waitin' On The Wonderful,Aaron Lines,43,10,Gains In Performance
2005-04-16,41,Probably Wouldn't Be This Way,LeAnn Rimes,45,3,Gains In Performance
2005-04-16,42,Skin (Sarabeth),Rascal Flatts,41,14,Gains In Performance
2005-04-16,43,Something Like A Broken Heart,Hanna-McEuen,44,6,Gains In Performance
2005-04-16,44,My Name,George Canyon,49,7,Gains In Performance
2005-04-16,45,The Middle Of Nowhere,Brian McComas,46,5,
2005-04-16,46,One Believer,Diamond Rio,47,6,
2005-04-16,47,Hillbillies,Hot Apple Pie,52,5,Gains In Performance
2005-04-16,48,Not Me,Keni Thomas Feat. Vince Gill And Emmylou Harris,51,17,
2005-04-16,49,Something More,Sugarland,NEW,1,Highest ranking debut|Gains In Performance
2005-04-16,50,Tonight's Not The Night,Randy Rogers Band,53,14,Gains In Performance
2005-04-16,51,Somewhere Between Texas And Mexico,Pat Green,54,14,Gains In Performance
2005-04-16,52,What You Ain't Gonna Get,Lauren Lucas,NEW,1,Gains In Performance
2005-04-16,53,Somebody's Hero,Jamie O'Neal,55,2,Gains In Performance
2005-04-16,54,Alabama,Cross Canadian Ragweed,56,14,Gains In Performance
2005-04-16,55,One Day At A Time,Deana Carter,57,2,
2005-04-16,56,Two Hearts,Zona Jones,RE,7,Gains In Performance
2005-04-16,57,Dream Big,Ryan Shupe & The RubberBand,NEW,1,Gains In Performance
2005-04-16,58,Bring Me Down,Miranda Lambert,NEW,1,Gains In Performance
2005-04-16,59,I Play Chicken With The Train,Cowboy Troy With Big & Rich,48,3,
2005-04-16,60,Billy's Got His Beer Goggles On,Neal McCoy,NEW,1,Gains In Performance
2005-04-23,1,Anything But Mine,Kenny Chesney,2,17,Gains In Performance
2005-04-23,2,That's What I Love About Sunday,Craig Morgan,1,25,
2005-04-23,3,It's Getting Better All The Time,Brooks & Dunn,3,21,Gains In Performance
2005-04-23,4,Gone,Montgomery Gentry,4,22,Gains In Performance
2005-04-23,5,My Give A Damn's Busted,Jo Dee Messina,6,17,Gains In Performance
2005-04-23,6,Baby Girl,Sugarland,5,40,
2005-04-23,7,Homewrecker,Gretchen Wilson,9,12,Gains In Performance
2005-04-23,8,If Heaven,Andy Griggs,7,28,Gains In Performance
2005-04-23,9,Honkytonk U,Toby Keith,12,11,Gains In Performance
2005-04-23,10,What's A Guy Gotta Do,Joe Nichols,13,23,Gains In Performance
2005-04-23,11,Nothin' To Lose,Josh Gracin,8,33,
2005-04-23,12,Bless The Broken Road,Rascal Flatts,11,25,
2005-04-23,13,Songs About Me,Trace Adkins,16,19,Gains In Performance
2005-04-23,14,Drugs Or Jesus,Tim McGraw,14,13,Gains In Performance
2005-04-23,15,Lot Of Leavin' Left To Do,Dierks Bentley,15,12,Gains In Performance
2005-04-23,16,God's Will,Martina McBride,17,21,
2005-04-23,17,Making Memories Of Us,Keith Urban,20,6,Greatest gainer this week|Gains In Performance
2005-04-23,18,Class Reunion (That Used To Be Us),Lonestar,19,14,Gains In Performance
2005-04-23,19,How Do You Get That Lonely,Blaine Larsen,18,24,Gains In Performance
2005-04-23,20,I'll Take That As A Yes (The Hot Tub Song),Phil Vassar,21,22,Gains In Performance
2005-04-23,21,You'll Be There,George Strait,24,3,Gains In Performance
2005-04-23,22,"Long, Slow Kisses",Jeff Bates,22,30,Gains In Performance
2005-04-23,23,Fast Cars And Freedom,Rascal Flatts,25,5,Gains In Performance
2005-04-23,24,Big Time,Big & Rich,23,10,Gains In Performance
2005-04-23,25,If Something Should Happen,Darryl Worley,27,8,Gains In Performance
2005-04-23,26,Goodbye Time,Blake Shelton,29,12,Gains In Performance
2005-04-23,27,Don't Ask Me How I Know,Bobby Pinson,28,10,Gains In Performance
2005-04-23,28,Pickin' Wildflowers,Keith Anderson,30,18,Gains In Performance
2005-04-23,29,Don't Worry 'Bout A Thing,SHeDAISY,31,12,Gains In Performance
2005-04-23,30,Don't!,Shania Twain,26,13,
2005-04-23,31,The Talkin' Song Repair Blues,Alan Jackson,33,4,Gains In Performance
2005-04-23,32,Baby Doll,Pat Green,32,8,Gains In Performance
2005-04-23,33,I See Me,Travis Tritt,34,8,Gains In Performance
2005-04-23,34,Help Somebody,Van Zant,37,5,Gains In Performance
2005-04-23,35,It's A Heartache,Trick Pony,35,11,Gains In Performance
2005-04-23,36,If She Were Any Other Woman,Buddy Jewell,36,11,
2005-04-23,37,My Sister,Reba McEntire,39,6,Gains In Performance
2005-04-23,38,Something More,Sugarland,49,2,Gains In Performance
2005-04-23,39,Skin (Sarabeth),Rascal Flatts,42,15,Gains In Performance
2005-04-23,40,Probably Wouldn't Be This Way,LeAnn Rimes,41,4,Gains In Performance
2005-04-23,41,The Good Life,Trent Willmon,38,15,
2005-04-23,42,Waitin' On The Wonderful,Aaron Lines,40,11,
2005-04-23,43,Something Like A Broken Heart,Hanna-McEuen,43,7,
2005-04-23,44,The Middle Of Nowhere,Brian McComas,45,6,Gains In Performance
2005-04-23,45,One Believer,Diamond Rio,46,7,Gains In Performance
2005-04-23,46,Somebody's Hero,Jamie O'Neal,53,3,Gains In Performance
2005-04-23,47,My Name,George Canyon,44,8,
2005-04-23,48,Hillbillies,Hot Apple Pie,47,6,Gains In Performance
2005-04-23,49,Alabama,Cross Canadian Ragweed,54,15,Gains In Performance
2005-04-23,50,Not Me,Keni Thomas Feat. Vince Gill And Emmylou Harris,48,18,Gains In Performance
2005-04-23,51,Tonight's Not The Night,Randy Rogers Band,50,15,
2005-04-23,52,Somewhere Between Texas And Mexico,Pat Green,51,15,
2005-04-23,53,Bring Me Down,Miranda Lambert,58,2,Gains In Performance
2005-04-23,54,Dream Big,Ryan Shupe & The RubberBand,57,2,Gains In Performance
2005-04-23,55,Hicktown,Jason Aldean,NEW,1,Highest ranking debut|Gains In Performance
2005-04-23,56,That Summer Song,Blue County,NEW,1,Gains In Performance
2005-04-23,57,What You Ain't Gonna Get,Lauren Lucas,52,2,
2005-04-23,58,No One'll Ever Love Me,Rebecca Lynn Howard,NEW,1,Gains In Performance
2005-04-23,59,4th Of July,Shooter Jennings Featuring George Jones,NEW,1,Gains In Performance
2005-04-23,60,I Play Chicken With The Train,Cowboy Troy With Big & Rich,59,4,
2005-04-30,1,Anything But Mine,Kenny Chesney,1,18,
2005-04-30,2,It's Getting Better All The Time,Brooks & Dunn,3,22,Gains In Performance
2005-04-30,3,Gone,Montgomery Gentry,4,23,Gains In Performance
2005-04-30,4,That's What I Love About Sunday,Craig Morgan,2,26,
2005-04-30,5,My Give A Damn's Busted,Jo Dee Messina,5,18,Gains In Performance
2005-04-30,6,If Heaven,Andy Griggs,8,29,Gains In Performance
2005-04-30,7,Homewrecker,Gretchen Wilson,7,13,Gains In Performance
2005-04-30,8,Honkytonk U,Toby Keith,9,12,Gains In Performance
2005-04-30,9,Baby Girl,Sugarland,6,41,
2005-04-30,10,What's A Guy Gotta Do,Joe Nichols,10,24,Gains In Performance
2005-04-30,11,Songs About Me,Trace Adkins,13,20,Gains In Performance
2005-04-30,12,Nothin' To Lose,Josh Gracin,11,34,
2005-04-30,13,Lot Of Leavin' Left To Do,Dierks Bentley,15,13,Gains In Performance
2005-04-30,14,Drugs Or Jesus,Tim McGraw,14,14,Gains In Performance
2005-04-30,15,Making Memories Of Us,Keith Urban,17,7,Greatest gainer this week|Gains In Performance
2005-04-30,16,Class Reunion (That Used To Be Us),Lonestar,18,15,Gains In Performance
2005-04-30,17,You'll Be There,George Strait,21,4,Gains In Performance
2005-04-30,18,Fast Cars And Freedom,Rascal Flatts,23,6,Gains In Performance
2005-04-30,19,I'll Take That As A Yes (The Hot Tub Song),Phil Vassar,20,23,Gains In Performance
2005-04-30,20,"Long, Slow Kisses",Jeff Bates,22,31,Gains In Performance
2005-04-30,21,Big Time,Big & Rich,24,11,Gains In Performance
2005-04-30,22,If Something Should Happen,Darryl Worley,25,9,Gains In Performance
2005-04-30,23,Goodbye Time,Blake Shelton,26,13,Gains In Performance
2005-04-30,24,Don't Ask Me How I Know,Bobby Pinson,27,11,Gains In Performance
2005-04-30,25,Pickin' Wildflowers,Keith Anderson,28,19,Gains In Performance
2005-04-30,26,Don't Worry 'Bout A Thing,SHeDAISY,29,13,Gains In Performance
2005-04-30,27,The Talkin' Song Repair Blues,Alan Jackson,31,5,Gains In Performance
2005-04-30,28,Baby Doll,Pat Green,32,9,Gains In Performance
2005-04-30,29,Something More,Sugarland,38,3,Gains In Performance
2005-04-30,30,Help Somebody,Van Zant,34,6,Gains In Performance
2005-04-30,31,My Sister,Reba McEntire,37,7,Gains In Performance
2005-04-30,32,It's A Heartache,Trick Pony,35,12,Gains In Performance
2005-04-30,33,I See Me,Travis Tritt,33,9,
2005-04-30,34,If She Were Any Other Woman,Buddy Jewell,36,12,Gains In Performance
2005-04-30,35,Probably Wouldn't Be This Way,LeAnn Rimes,40,5,Gains In Performance
2005-04-30,36,Waitin' On The Wonderful,Aaron Lines,42,12,Gains In Performance
2005-04-30,37,Skin (Sarabeth),Rascal Flatts,39,16,
2005-04-30,38,Somebody's Hero,Jamie O'Neal,46,4,Gains In Performance
2005-04-30,39,The Good Life,Trent Willmon,41,16,
2005-04-30,40,Don't!,Shania Twain,30,14,
2005-04-30,41,Something Like A Broken Heart,Hanna-McEuen,43,8,Gains In Performance
2005-04-30,42,Hillbillies,Hot Apple Pie,48,7,Gains In Performance
2005-04-30,43,The Middle Of Nowhere,Brian McComas,44,7,
2005-04-30,44,One Believer,Diamond Rio,45,8,
2005-04-30,45,My Name,George Canyon,47,9,Gains In Performance
2005-04-30,46,Bring Me Down,Miranda Lambert,53,3,Gains In Performance
2005-04-30,47,Hicktown,Jason Aldean,55,2,Gains In Performance
2005-04-30,48,Not Me,Keni Thomas Feat. Vince Gill And Emmylou Harris,50,19,
2005-04-30,49,4th Of July,Shooter Jennings Featuring George Jones,59,2,Gains In Performance
2005-04-30,50,Tonight's Not The Night,Randy Rogers Band,51,16,
2005-04-30,51,Somewhere Between Texas And Mexico,Pat Green,52,16,
2005-04-30,52,Stay With Me (Brass Bed),Josh Gracin,NEW,1,Highest ranking debut|Gains In Performance
2005-04-30,53,Georgia Rain,Trisha Yearwood,NEW,1,Gains In Performance
2005-04-30,54,Alabama,Cross Canadian Ragweed,49,16,
2005-04-30,55,Dream Big,Ryan Shupe & The RubberBand,54,3,
2005-04-30,56,What You Ain't Gonna Get,Lauren Lucas,57,3,
2005-04-30,57,Two Hearts,Zona Jones,RE,8,Gains In Performance
2005-04-30,58,One Day At A Time,Deana Carter,RE,3,Gains In Performance
2005-04-30,59,Go Home,Steve Holy,NEW,1,Gains In Performance
2005-04-30,60,Billy's Got His Beer Goggles On,Neal McCoy,RE,2,
2005-05-07,1,It's Getting Better All The Time,Brooks & Dunn,2,23,Gains In Performance
2005-05-07,2,Anything But Mine,Kenny Chesney,1,19,
2005-05-07,3,Gone,Montgomery Gentry,3,24,
2005-05-07,4,That's What I Love About Sunday,Craig Morgan,4,27,
2005-05-07,5,My Give A Damn's Busted,Jo Dee Messina,5,19,Gains In Performance
2005-05-07,6,Homewrecker,Gretchen Wilson,7,14,Gains In Performance
2005-05-07,7,If Heaven,Andy Griggs,6,30,Gains In Performance
2005-05-07,8,Songs About Me,Trace Adkins,11,21,Gains In Performance
2005-05-07,9,What's A Guy Gotta Do,Joe Nichols,10,25,Gains In Performance
2005-05-07,10,Honkytonk U,Toby Keith,8,13,Gains In Performance
2005-05-07,11,Lot Of Leavin' Left To Do,Dierks Bentley,13,14,Gains In Performance
2005-05-07,12,Making Memories Of Us,Keith Urban,15,8,Gains In Performance
2005-05-07,13,Baby Girl,Sugarland,9,42,
2005-05-07,14,Nothin' To Lose,Josh Gracin,12,35,
2005-05-07,15,Drugs Or Jesus,Tim McGraw,14,15,Gains In Performance
2005-05-07,16,You'll Be There,George Strait,17,5,Gains In Performance
2005-05-07,17,Fast Cars And Freedom,Rascal Flatts,18,7,Gains In Performance
2005-05-07,18,Class Reunion (That Used To Be Us),Lonestar,16,16,Gains In Performance
2005-05-07,19,I'll Take That As A Yes (The Hot Tub Song),Phil Vassar,19,24,Gains In Performance
2005-05-07,20,"Long, Slow Kisses",Jeff Bates,20,32,Gains In Performance
2005-05-07,21,Big Time,Big & Rich,21,12,Gains In Performance
2005-05-07,22,If Something Should Happen,Darryl Worley,22,10,Gains In Performance
2005-05-07,23,Goodbye Time,Blake Shelton,23,14,Gains In Performance
2005-05-07,24,Don't Ask Me How I Know,Bobby Pinson,24,12,Gains In Performance
2005-05-07,25,Something More,Sugarland,29,4,Gains In Performance
2005-05-07,26,Pickin' Wildflowers,Keith Anderson,25,20,Gains In Performance
2005-05-07,27,The Talkin' Song Repair Blues,Alan Jackson,27,6,Gains In Performance
2005-05-07,28,Don't Worry 'Bout A Thing,SHeDAISY,26,14,Gains In Performance
2005-05-07,29,Baby Doll,Pat Green,28,10,Gains In Performance
2005-05-07,30,My Sister,Reba McEntire,31,8,Gains In Performance
2005-05-07,31,Help Somebody,Van Zant,30,7,Gains In Performance
2005-05-07,32,It's A Heartache,Trick Pony,32,13,Gains In Performance
2005-05-07,33,I See Me,Travis Tritt,33,10,Gains In Performance
2005-05-07,34,Probably Wouldn't Be This Way,LeAnn Rimes,35,6,Gains In Performance
2005-05-07,35,If She Were Any Other Woman,Buddy Jewell,34,13,Gains In Performance
2005-05-07,36,Waitin' On The Wonderful,Aaron Lines,36,13,
2005-05-07,37,Somebody's Hero,Jamie O'Neal,38,5,Gains In Performance
2005-05-07,38,Keg In The Closet,Kenny Chesney,NEW,1,Highest ranking debut|Gains In Performance
2005-05-07,39,Something Like A Broken Heart,Hanna-McEuen,41,9,Gains In Performance
2005-05-07,40,Hicktown,Jason Aldean,47,3,Gains In Performance
2005-05-07,41,Skin (Sarabeth),Rascal Flatts,37,17,
2005-05-07,42,Stay With Me (Brass Bed),Josh Gracin,52,2,Gains In Performance
2005-05-07,43,Hillbillies,Hot Apple Pie,42,8,Gains In Performance
2005-05-07,44,Bring Me Down,Miranda Lambert,46,4,Gains In Performance
2005-05-07,45,Georgia Rain,Trisha Yearwood,53,2,Gains In Performance
2005-05-07,46,Alabama,Cross Canadian Ragweed,54,17,Gains In Performance
2005-05-07,47,4th Of July,Shooter Jennings Featuring George Jones,49,3,Gains In Performance
2005-05-07,48,My Name,George Canyon,45,10,
2005-05-07,49,The Good Life,Trent Willmon,39,17,
2005-05-07,50,One Believer,Diamond Rio,44,9,
2005-05-07,51,Don't!,Shania Twain,40,15,
2005-05-07,52,He Oughta Know That By Now,Lee Ann Womack,NEW,1,Gains In Performance
2005-05-07,53,Not Me,Keni Thomas Feat. Vince Gill And Emmylou Harris,48,20,
2005-05-07,54,The Middle Of Nowhere,Brian McComas,43,8,
2005-05-07,55,Somewhere Between Texas And Mexico,Pat Green,51,17,Gains In Performance
2005-05-07,56,Tonight's Not The Night,Randy Rogers Band,50,17,
2005-05-07,57,A Real Fine Place To Start,Sara Evans,NEW,1,Gains In Performance
2005-05-07,58,What You Ain't Gonna Get,Lauren Lucas,56,4,Gains In Performance
2005-05-07,59,No One'll Ever Love Me,Rebecca Lynn Howard,RE,2,Gains In Performance
2005-05-07,60,Alcohol,Brad Paisley,NEW,1,Gains In Performance
2005-05-14,1,My Give A Damn's Busted,Jo Dee Messina,5,20,Gains In Performance
2005-05-14,2,Homewrecker,Gretchen Wilson,6,15,Gains In Performance
2005-05-14,3,That's What I Love About Sunday,Craig Morgan,4,28,
2005-05-14,4,It's Getting Better All The Time,Brooks & Dunn,1,24,
2005-05-14,5,If Heaven,Andy Griggs,7,31,Gains In Performance
2005-05-14,6,Anything But Mine,Kenny Chesney,2,20,
2005-05-14,7,What's A Guy Gotta Do,Joe Nichols,9,26,Gains In Performance
2005-05-14,8,Songs About Me,Trace Adkins,8,22,Gains In Performance
2005-05-14,9,Making Memories Of Us,Keith Urban,12,9,Gains In Performance
2005-05-14,10,Gone,Montgomery Gentry,3,25,
2005-05-14,11,Lot Of Leavin' Left To Do,Dierks Bentley,11,15,Gains In Performance
2005-05-14,12,Honkytonk U,Toby Keith,10,14,Gains In Performance
2005-05-14,13,Fast Cars And Freedom,Rascal Flatts,17,8,Gains In Performance
2005-05-14,14,Baby Girl,Sugarland,13,43,
2005-05-14,15,Nothin' To Lose,Josh Gracin,14,36,
2005-05-14,16,Drugs Or Jesus,Tim McGraw,15,16,
2005-05-14,17,You'll Be There,George Strait,16,6,Gains In Performance
2005-05-14,18,Class Reunion (That Used To Be Us),Lonestar,18,17,Gains In Performance
2005-05-14,19,I'll Take That As A Yes (The Hot Tub Song),Phil Vassar,19,25,Gains In Performance
2005-05-14,20,Big Time,Big & Rich,21,13,Gains In Performance
2005-05-14,21,"Long, Slow Kisses",Jeff Bates,20,33,Gains In Performance
2005-05-14,22,Something More,Sugarland,25,5,Gains In Performance
2005-05-14,23,If Something Should Happen,Darryl Worley,22,11,Gains In Performance
2005-05-14,24,Goodbye Time,Blake Shelton,23,15,Gains In Performance
2005-05-14,25,Don't Ask Me How I Know,Bobby Pinson,24,13,Gains In Performance
2005-05-14,26,Pickin' Wildflowers,Keith Anderson,26,21,Gains In Performance
2005-05-14,27,The Talkin' Song Repair Blues,Alan Jackson,27,7,Gains In Performance
2005-05-14,28,Don't Worry 'Bout A Thing,SHeDAISY,28,15,Gains In Performance
2005-05-14,29,Baby Doll,Pat Green,29,11,Gains In Performance
2005-05-14,30,My Sister,Reba McEntire,30,9,Gains In Performance
2005-05-14,31,Keg In The Closet,Kenny Chesney,38,2,Gains In Performance
2005-05-14,32,Help Somebody,Van Zant,31,8,Gains In Performance
2005-05-14,33,It's A Heartache,Trick Pony,32,14,Gains In Performance
2005-05-14,34,If She Were Any Other Woman,Buddy Jewell,35,14,Gains In Performance
2005-05-14,35,Probably Wouldn't Be This Way,LeAnn Rimes,34,7,Gains In Performance
2005-05-14,36,Somebody's Hero,Jamie O'Neal,37,6,Gains In Performance
2005-05-14,37,Waitin' On The Wonderful,Aaron Lines,36,14,Gains In Performance
2005-05-14,38,Georgia Rain,Trisha Yearwood,45,3,Gains In Performance
2005-05-14,39,I See Me,Travis Tritt,33,11,
2005-05-14,40,Something Like A Broken Heart,Hanna-McEuen,39,10,Gains In Performance
2005-05-14,41,Alcohol,Brad Paisley,60,2,Gains In Performance
2005-05-14,42,Stay With Me (Brass Bed),Josh Gracin,42,3,Gains In Performance
2005-05-14,43,Hicktown,Jason Aldean,40,4,Gains In Performance
2005-05-14,44,Bring Me Down,Miranda Lambert,44,5,Gains In Performance
2005-05-14,45,4th Of July,Shooter Jennings Featuring George Jones,47,4,Gains In Performance
2005-05-14,46,Hillbillies,Hot Apple Pie,43,9,Gains In Performance
2005-05-14,47,Skin (Sarabeth),Rascal Flatts,41,18,
2005-05-14,48,A Real Fine Place To Start,Sara Evans,57,2,Gains In Performance
2005-05-14,49,He Oughta Know That By Now,Lee Ann Womack,52,2,Gains In Performance
2005-05-14,50,The Good Life,Trent Willmon,49,18,Gains In Performance
2005-05-14,51,Billy's Got His Beer Goggles On,Neal McCoy,RE,3,Gains In Performance
2005-05-14,52,Alabama,Cross Canadian Ragweed,46,18,
2005-05-14,53,I Break Things,Erika Jo,NEW,1,Highest ranking debut|Gains In Performance
2005-05-14,54,Dream Big,Ryan Shupe & The RubberBand,RE,4,Gains In Performance
2005-05-14,55,My Name,George Canyon,48,11,
2005-05-14,56,No One'll Ever Love Me,Rebecca Lynn Howard,59,3,Gains In Performance
2005-05-14,57,Tonight's Not The Night,Randy Rogers Band,56,18,
2005-05-14,58,Go Home,Steve Holy,RE,2,Gains In Performance
2005-05-14,59,A Hard Secret To Keep,Mark Chesnutt,NEW,1,Gains In Performance
2005-05-14,60,That Summer Song,Blue County,RE,2,Gains In Performance
2005-05-21,1,My Give A Damn's Busted,Jo Dee Messina,1,21,
2005-05-21,2,Homewrecker,Gretchen Wilson,2,16,Gains In Performance
2005-05-21,3,Making Memories Of Us,Keith Urban,9,10,Gains In Performance
2005-05-21,4,What's A Guy Gotta Do,Joe Nichols,7,27,Gains In Performance
2005-05-21,5,If Heaven,Andy Griggs,5,32,Gains In Performance
2005-05-21,6,Songs About Me,Trace Adkins,8,23,Gains In Performance
2005-05-21,7,Lot Of Leavin' Left To Do,Dierks Bentley,11,16,Gains In Performance
2005-05-21,8,That's What I Love About Sunday,Craig Morgan,3,29,
2005-05-21,9,Anything But Mine,Kenny Chesney,6,21,
2005-05-21,10,It's Getting Better All The Time,Brooks & Dunn,4,25,
2005-05-21,11,Fast Cars And Freedom,Rascal Flatts,13,9,Gains In Performance
2005-05-21,12,You'll Be There,George Strait,17,7,Gains In Performance
2005-05-21,13,Gone,Montgomery Gentry,10,26,
2005-05-21,14,Baby Girl,Sugarland,14,44,
2005-05-21,15,Drugs Or Jesus,Tim McGraw,16,17,
2005-05-21,16,Class Reunion (That Used To Be Us),Lonestar,18,18,Gains In Performance
2005-05-21,17,I'll Take That As A Yes (The Hot Tub Song),Phil Vassar,19,26,Gains In Performance
2005-05-21,18,Honkytonk U,Toby Keith,12,15,
2005-05-21,19,Something More,Sugarland,22,6,Gains In Performance
2005-05-21,20,"Long, Slow Kisses",Jeff Bates,21,34,Gains In Performance
2005-05-21,21,If Something Should Happen,Darryl Worley,23,12,Gains In Performance
2005-05-21,22,Big Time,Big & Rich,20,14,
2005-05-21,23,Goodbye Time,Blake Shelton,24,16,Gains In Performance
2005-05-21,24,Don't Ask Me How I Know,Bobby Pinson,25,14,Gains In Performance
2005-05-21,25,Pickin' Wildflowers,Keith Anderson,26,22,Gains In Performance
2005-05-21,26,Keg In The Closet,Kenny Chesney,31,3,Gains In Performance
2005-05-21,27,The Talkin' Song Repair Blues,Alan Jackson,27,8,Gains In Performance
2005-05-21,28,Don't Worry 'Bout A Thing,SHeDAISY,28,16,Gains In Performance
2005-05-21,29,My Sister,Reba McEntire,30,10,Gains In Performance
2005-05-21,30,Baby Doll,Pat Green,29,12,Gains In Performance
2005-05-21,31,Help Somebody,Van Zant,32,9,Gains In Performance
2005-05-21,32,It's A Heartache,Trick Pony,33,15,
2005-05-21,33,If She Were Any Other Woman,Buddy Jewell,34,15,Gains In Performance
2005-05-21,34,Somebody's Hero,Jamie O'Neal,36,7,Gains In Performance
2005-05-21,35,Alcohol,Brad Paisley,41,3,Gains In Performance
2005-05-21,36,Probably Wouldn't Be This Way,LeAnn Rimes,35,8,Gains In Performance
2005-05-21,37,As Good As I Once Was,Toby Keith,NEW,1,Highest ranking debut|Gains In Performance
2005-05-21,38,Georgia Rain,Trisha Yearwood,38,4,Gains In Performance
2005-05-21,39,Something Like A Broken Heart,Hanna-McEuen,40,11,Gains In Performance
2005-05-21,40,Waitin' On The Wonderful,Aaron Lines,37,15,
2005-05-21,41,A Real Fine Place To Start,Sara Evans,48,3,Gains In Performance
2005-05-21,42,Hicktown,Jason Aldean,43,5,Gains In Performance
2005-05-21,43,Stay With Me (Brass Bed),Josh Gracin,42,4,Gains In Performance
2005-05-21,44,Hillbillies,Hot Apple Pie,46,10,Gains In Performance
2005-05-21,45,Bring Me Down,Miranda Lambert,44,6,Gains In Performance
2005-05-21,46,I See Me,Travis Tritt,39,12,
2005-05-21,47,4th Of July,Shooter Jennings Featuring George Jones,45,5,Gains In Performance
2005-05-21,48,No One'll Ever Love Me,Rebecca Lynn Howard,56,4,Gains In Performance
2005-05-21,49,He Oughta Know That By Now,Lee Ann Womack,49,3,Gains In Performance
2005-05-21,50,Dream Big,Ryan Shupe & The RubberBand,54,5,Gains In Performance
2005-05-21,51,The Good Life,Trent Willmon,50,19,
2005-05-21,52,Alabama,Cross Canadian Ragweed,52,19,Gains In Performance
2005-05-21,53,Billy's Got His Beer Goggles On,Neal McCoy,51,4,
2005-05-21,54,Skin (Sarabeth),Rascal Flatts,47,19,
2005-05-21,55,I Ain't No Quitter,Shania Twain,NEW,1,Gains In Performance
2005-05-21,56,Something To Be Proud Of,Montgomery Gentry,NEW,1,Gains In Performance
2005-05-21,57,Redneck Yacht Club,Craig Morgan,NEW,1,Gains In Performance
2005-05-21,58,Tonight's Not The Night,Randy Rogers Band,57,19,
2005-05-21,59,Somewhere Between Texas And Mexico,Pat Green,RE,18,Gains In Performance
2005-05-21,60,Go Home,Steve Holy,58,3,
2005-05-28,1,Making Memories Of Us,Keith Urban,3,11,Gains In Performance
2005-05-28,2,Homewrecker,Gretchen Wilson,2,17,Gains In Performance
2005-05-28,3,My Give A Damn's Busted,Jo Dee Messina,1,22,
2005-05-28,4,What's A Guy Gotta Do,Joe Nichols,4,28,Gains In Performance
2005-05-28,5,Lot Of Leavin' Left To Do,Dierks Bentley,7,17,Gains In Performance
2005-05-28,6,Songs About Me,Trace Adkins,6,24,Gains In Performance
2005-05-28,7,Fast Cars And Freedom,Rascal Flatts,11,10,Gains In Performance
2005-05-28,8,That's What I Love About Sunday,Craig Morgan,8,30,
2005-05-28,9,You'll Be There,George Strait,12,8,Gains In Performance
2005-05-28,10,If Heaven,Andy Griggs,5,33,
2005-05-28,11,Anything But Mine,Kenny Chesney,9,22,
2005-05-28,12,Gone,Montgomery Gentry,13,27,
2005-05-28,13,It's Getting Better All The Time,Brooks & Dunn,10,26,
2005-05-28,14,Something More,Sugarland,19,7,Gains In Performance
2005-05-28,15,Baby Girl,Sugarland,14,45,
2005-05-28,16,If Something Should Happen,Darryl Worley,21,13,Gains In Performance
2005-05-28,17,Keg In The Closet,Kenny Chesney,26,4,Gains In Performance
2005-05-28,18,"Long, Slow Kisses",Jeff Bates,20,35,Gains In Performance
2005-05-28,19,Drugs Or Jesus,Tim McGraw,15,18,
2005-05-28,20,Goodbye Time,Blake Shelton,23,17,Gains In Performance
2005-05-28,21,Don't Ask Me How I Know,Bobby Pinson,24,15,Gains In Performance
2005-05-28,22,Big Time,Big & Rich,22,15,
2005-05-28,23,Pickin' Wildflowers,Keith Anderson,25,23,Gains In Performance
2005-05-28,24,As Good As I Once Was,Toby Keith,37,2,Gains In Performance
2005-05-28,25,The Talkin' Song Repair Blues,Alan Jackson,27,9,Gains In Performance
2005-05-28,26,Class Reunion (That Used To Be Us),Lonestar,16,19,
2005-05-28,27,Mississippi Girl,Faith Hill,NEW,1,Highest ranking debut|Gains In Performance
2005-05-28,28,Don't Worry 'Bout A Thing,SHeDAISY,28,17,Gains In Performance
2005-05-28,29,My Sister,Reba McEntire,29,11,Gains In Performance
2005-05-28,30,Baby Doll,Pat Green,30,13,Gains In Performance
2005-05-28,31,Help Somebody,Van Zant,31,10,Gains In Performance
2005-05-28,32,Alcohol,Brad Paisley,35,4,Gains In Performance
2005-05-28,33,It's A Heartache,Trick Pony,32,16,Gains In Performance
2005-05-28,34,Honkytonk U,Toby Keith,18,16,
2005-05-28,35,Georgia Rain,Trisha Yearwood,38,5,Gains In Performance
2005-05-28,36,If She Were Any Other Woman,Buddy Jewell,33,16,Gains In Performance
2005-05-28,37,Somebody's Hero,Jamie O'Neal,34,8,
2005-05-28,38,Probably Wouldn't Be This Way,LeAnn Rimes,36,9,
2005-05-28,39,A Real Fine Place To Start,Sara Evans,41,4,Gains In Performance
2005-05-28,40,Something Like A Broken Heart,Hanna-McEuen,39,12,Gains In Performance
2005-05-28,41,Stay With Me (Brass Bed),Josh Gracin,43,5,Gains In Performance
2005-05-28,42,Waitin' On The Wonderful,Aaron Lines,40,16,
2005-05-28,43,Hicktown,Jason Aldean,42,6,
2005-05-28,44,Hillbillies,Hot Apple Pie,44,11,Gains In Performance
2005-05-28,45,Bring Me Down,Miranda Lambert,45,7,
2005-05-28,46,4th Of July,Shooter Jennings Featuring George Jones,47,6,Gains In Performance
2005-05-28,47,Dream Big,Ryan Shupe & The RubberBand,50,6,Gains In Performance
2005-05-28,48,I See Me,Travis Tritt,46,13,
2005-05-28,49,He Oughta Know That By Now,Lee Ann Womack,49,4,Gains In Performance
2005-05-28,50,Billy's Got His Beer Goggles On,Neal McCoy,53,5,Gains In Performance
2005-05-28,51,Something To Be Proud Of,Montgomery Gentry,56,2,Gains In Performance
2005-05-28,52,Skin (Sarabeth),Rascal Flatts,54,20,Gains In Performance
2005-05-28,53,I Ain't No Quitter,Shania Twain,55,2,Gains In Performance
2005-05-28,54,Alabama,Cross Canadian Ragweed,52,20,
2005-05-28,55,Redneck Yacht Club,Craig Morgan,57,2,Gains In Performance
2005-05-28,56,No One'll Ever Love Me,Rebecca Lynn Howard,48,5,
2005-05-28,57,The Good Life,Trent Willmon,51,20,
2005-05-28,58,Tonight's Not The Night,Randy Rogers Band,58,20,Gains In Performance
2005-05-28,59,Do You Want Fries With That,Tim McGraw,NEW,1,Gains In Performance
2005-05-28,60,The Best Man,Blaine Larsen,NEW,1,Gains In Performance
2005-06-04,1,Making Memories Of Us,Keith Urban,1,12,Gains In Performance
2005-06-04,2,Songs About Me,Trace Adkins,6,25,Gains In Performance
2005-06-04,3,Lot Of Leavin' Left To Do,Dierks Bentley,5,18,Gains In Performance
2005-06-04,4,Homewrecker,Gretchen Wilson,2,18,
2005-06-04,5,Fast Cars And Freedom,Rascal Flatts,7,11,Gains In Performance
2005-06-04,6,What's A Guy Gotta Do,Joe Nichols,4,29,
2005-06-04,7,My Give A Damn's Busted,Jo Dee Messina,3,23,
2005-06-04,8,You'll Be There,George Strait,9,9,Gains In Performance
2005-06-04,9,That's What I Love About Sunday,Craig Morgan,8,31,
2005-06-04,10,Something More,Sugarland,14,8,Gains In Performance
2005-06-04,11,Keg In The Closet,Kenny Chesney,17,5,Gains In Performance
2005-06-04,12,Anything But Mine,Kenny Chesney,11,23,
2005-06-04,13,Gone,Montgomery Gentry,12,28,
2005-06-04,14,If Something Should Happen,Darryl Worley,16,14,Gains In Performance
2005-06-04,15,Baby Girl,Sugarland,15,46,
2005-06-04,16,As Good As I Once Was,Toby Keith,24,3,Gains In Performance
2005-06-04,17,"Long, Slow Kisses",Jeff Bates,18,36,Gains In Performance
2005-06-04,18,Mississippi Girl,Faith Hill,27,2,Gains In Performance
2005-06-04,19,Goodbye Time,Blake Shelton,20,18,Gains In Performance
2005-06-04,20,Don't Ask Me How I Know,Bobby Pinson,21,16,Gains In Performance
2005-06-04,21,Pickin' Wildflowers,Keith Anderson,23,24,Gains In Performance
2005-06-04,22,The Talkin' Song Repair Blues,Alan Jackson,25,10,Gains In Performance
2005-06-04,23,Don't Worry 'Bout A Thing,SHeDAISY,28,18,Gains In Performance
2005-06-04,24,Alcohol,Brad Paisley,32,5,Gains In Performance
2005-06-04,25,My Sister,Reba McEntire,29,12,Gains In Performance
2005-06-04,26,Big Time,Big & Rich,22,16,
2005-06-04,27,Baby Doll,Pat Green,30,14,Gains In Performance
2005-06-04,28,Help Somebody,Van Zant,31,11,Gains In Performance
2005-06-04,29,Georgia Rain,Trisha Yearwood,35,6,Gains In Performance
2005-06-04,30,It's A Heartache,Trick Pony,33,17,Gains In Performance
2005-06-04,31,Drugs Or Jesus,Tim McGraw,19,19,
2005-06-04,32,Class Reunion (That Used To Be Us),Lonestar,26,20,
2005-06-04,33,Somebody's Hero,Jamie O'Neal,37,9,Gains In Performance
2005-06-04,34,A Real Fine Place To Start,Sara Evans,39,5,Gains In Performance
2005-06-04,35,Probably Wouldn't Be This Way,LeAnn Rimes,38,10,Gains In Performance
2005-06-04,36,If She Were Any Other Woman,Buddy Jewell,36,17,
2005-06-04,37,Play Something Country,Brooks & Dunn,NEW,1,Highest ranking debut|Gains In Performance
2005-06-04,38,Honkytonk U,Toby Keith,34,17,
2005-06-04,39,Stay With Me (Brass Bed),Josh Gracin,41,6,Gains In Performance
2005-06-04,40,Something Like A Broken Heart,Hanna-McEuen,40,13,
2005-06-04,41,Hicktown,Jason Aldean,43,7,Gains In Performance
2005-06-04,42,Hillbillies,Hot Apple Pie,44,12,Gains In Performance
2005-06-04,43,Do You Want Fries With That,Tim McGraw,59,2,Gains In Performance
2005-06-04,44,Waitin' On The Wonderful,Aaron Lines,42,17,
2005-06-04,45,He Oughta Know That By Now,Lee Ann Womack,49,5,Gains In Performance
2005-06-04,46,Something To Be Proud Of,Montgomery Gentry,51,3,Gains In Performance
2005-06-04,47,Bring Me Down,Miranda Lambert,45,8,Gains In Performance
2005-06-04,48,Billy's Got His Beer Goggles On,Neal McCoy,50,6,Gains In Performance
2005-06-04,49,Dream Big,Ryan Shupe & The RubberBand,47,7,Gains In Performance
2005-06-04,50,4th Of July,Shooter Jennings Featuring George Jones,46,7,
2005-06-04,51,I Ain't No Quitter,Shania Twain,53,3,Gains In Performance
2005-06-04,52,Redneck Yacht Club,Craig Morgan,55,3,Gains In Performance
2005-06-04,53,I See Me,Travis Tritt,48,14,
2005-06-04,54,No One'll Ever Love Me,Rebecca Lynn Howard,56,6,Gains In Performance
2005-06-04,55,The Good Life,Trent Willmon,57,21,Gains In Performance
2005-06-04,56,The Best Man,Blaine Larsen,60,2,Gains In Performance
2005-06-04,57,Go Home,Steve Holy,RE,4,Gains In Performance
2005-06-04,58,Doin' It Right,Steve Azar,NEW,1,Gains In Performance
2005-06-04,59,Boondocks,Little Big Town,NEW,1,Gains In Performance
2005-06-04,60,Two Hearts,Zona Jones,RE,9,Gains In Performance
2005-06-11,1,Making Memories Of Us,Keith Urban,1,13,Gains In Performance
2005-06-11,2,Fast Cars And Freedom,Rascal Flatts,5,12,Gains In Performance
2005-06-11,3,Lot Of Leavin' Left To Do,Dierks Bentley,3,19,Gains In Performance
2005-06-11,4,Songs About Me,Trace Adkins,2,26,
2005-06-11,5,You'll Be There,George Strait,8,10,Gains In Performance
2005-06-11,6,Homewrecker,Gretchen Wilson,4,19,
2005-06-11,7,Something More,Sugarland,10,9,Gains In Performance
2005-06-11,8,Keg In The Closet,Kenny Chesney,11,6,Gains In Performance
2005-06-11,9,That's What I Love About Sunday,Craig Morgan,9,32,
2005-06-11,10,What's A Guy Gotta Do,Joe Nichols,6,30,
2005-06-11,11,My Give A Damn's Busted,Jo Dee Messina,7,24,
2005-06-11,12,As Good As I Once Was,Toby Keith,16,4,Gains In Performance
2005-06-11,13,Mississippi Girl,Faith Hill,18,3,Gains In Performance
2005-06-11,14,If Something Should Happen,Darryl Worley,14,15,Gains In Performance
2005-06-11,15,Anything But Mine,Kenny Chesney,12,24,
2005-06-11,16,Goodbye Time,Blake Shelton,19,19,Gains In Performance
2005-06-11,17,Pickin' Wildflowers,Keith Anderson,21,25,Gains In Performance
2005-06-11,18,"Long, Slow Kisses",Jeff Bates,17,37,
2005-06-11,19,Don't Ask Me How I Know,Bobby Pinson,20,17,Gains In Performance
2005-06-11,20,Alcohol,Brad Paisley,24,6,Gains In Performance
2005-06-11,21,Don't Worry 'Bout A Thing,SHeDAISY,23,19,Gains In Performance
2005-06-11,22,The Talkin' Song Repair Blues,Alan Jackson,22,11,Gains In Performance
2005-06-11,23,My Sister,Reba McEntire,25,13,Gains In Performance
2005-06-11,24,Help Somebody,Van Zant,28,12,Gains In Performance
2005-06-11,25,Baby Doll,Pat Green,27,15,Gains In Performance
2005-06-11,26,Play Something Country,Brooks & Dunn,37,2,Gains In Performance
2005-06-11,27,Big Time,Big & Rich,26,17,
2005-06-11,28,A Real Fine Place To Start,Sara Evans,34,6,Gains In Performance
2005-06-11,29,Georgia Rain,Trisha Yearwood,29,7,Gains In Performance
2005-06-11,30,Somebody's Hero,Jamie O'Neal,33,10,Gains In Performance
2005-06-11,31,It's A Heartache,Trick Pony,30,18,Gains In Performance
2005-06-11,32,Probably Wouldn't Be This Way,LeAnn Rimes,35,11,Gains In Performance
2005-06-11,33,If She Were Any Other Woman,Buddy Jewell,36,18,Gains In Performance
2005-06-11,34,Do You Want Fries With That,Tim McGraw,43,3,Gains In Performance
2005-06-11,35,Stay With Me (Brass Bed),Josh Gracin,39,7,Gains In Performance
2005-06-11,36,Something To Be Proud Of,Montgomery Gentry,46,4,Gains In Performance
2005-06-11,37,Hicktown,Jason Aldean,41,8,Gains In Performance
2005-06-11,38,Something Like A Broken Heart,Hanna-McEuen,40,14,Gains In Performance
2005-06-11,39,Hillbillies,Hot Apple Pie,42,13,Gains In Performance
2005-06-11,40,Honkytonk U,Toby Keith,38,18,
2005-06-11,41,Drugs Or Jesus,Tim McGraw,31,20,
2005-06-11,42,Arlington,Trace Adkins,NEW,1,Highest ranking debut|Gains In Performance
2005-06-11,43,Billy's Got His Beer Goggles On,Neal McCoy,48,7,Gains In Performance
2005-06-11,44,He Oughta Know That By Now,Lee Ann Womack,45,6,Gains In Performance
2005-06-11,45,Redneck Yacht Club,Craig Morgan,52,4,Gains In Performance
2005-06-11,46,4th Of July,Shooter Jennings Featuring George Jones,50,8,Gains In Performance
2005-06-11,47,Bring Me Down,Miranda Lambert,47,9,
2005-06-11,48,Dream Big,Ryan Shupe & The RubberBand,49,8,Gains In Performance
2005-06-11,49,I Ain't No Quitter,Shania Twain,51,4,Gains In Performance
2005-06-11,50,Bless The Broken Road,Carrie Underwood With Rascal Flatts,NEW,1,Gains In Performance
2005-06-11,51,The Best Man,Blaine Larsen,56,3,Gains In Performance
2005-06-11,52,Waitin' On The Wonderful,Aaron Lines,44,18,
2005-06-11,53,I See Me,Travis Tritt,53,15,
2005-06-11,54,Boondocks,Little Big Town,59,2,Gains In Performance
2005-06-11,55,No One'll Ever Love Me,Rebecca Lynn Howard,54,7,
2005-06-11,56,Best I Ever Had,Gary Allan,NEW,1,Gains In Performance
2005-06-11,57,Go Home,Steve Holy,57,5,Gains In Performance
2005-06-11,58,Two Hearts,Zona Jones,60,10,Gains In Performance
2005-06-11,59,Doin' It Right,Steve Azar,58,2,
2005-06-11,60,Must Be Doin' Somethin' Right,Billy Currington,NEW,1,Gains In Performance
2005-06-18,1,Making Memories Of Us,Keith Urban,1,14,Gains In Performance
2005-06-18,2,Fast Cars And Freedom,Rascal Flatts,2,13,Gains In Performance
2005-06-18,3,Lot Of Leavin' Left To Do,Dierks Bentley,3,20,Gains In Performance
2005-06-18,4,You'll Be There,George Strait,5,11,Gains In Performance
2005-06-18,5,Something More,Sugarland,7,10,Gains In Performance
2005-06-18,6,Keg In The Closet,Kenny Chesney,8,7,Gains In Performance
2005-06-18,7,As Good As I Once Was,Toby Keith,12,5,Gains In Performance
2005-06-18,8,Songs About Me,Trace Adkins,4,27,
2005-06-18,9,Mississippi Girl,Faith Hill,13,4,Gains In Performance
2005-06-18,10,If Something Should Happen,Darryl Worley,14,16,Gains In Performance
2005-06-18,11,That's What I Love About Sunday,Craig Morgan,9,33,
2005-06-18,12,My Give A Damn's Busted,Jo Dee Messina,11,25,
2005-06-18,13,Goodbye Time,Blake Shelton,16,20,Gains In Performance
2005-06-18,14,Homewrecker,Gretchen Wilson,6,20,
2005-06-18,15,What's A Guy Gotta Do,Joe Nichols,10,31,
2005-06-18,16,Pickin' Wildflowers,Keith Anderson,17,26,Gains In Performance
2005-06-18,17,Alcohol,Brad Paisley,20,7,Gains In Performance
2005-06-18,18,Don't Ask Me How I Know,Bobby Pinson,19,18,Gains In Performance
2005-06-18,19,"Long, Slow Kisses",Jeff Bates,18,38,Gains In Performance
2005-06-18,20,Don't Worry 'Bout A Thing,SHeDAISY,21,20,Gains In Performance
2005-06-18,21,My Sister,Reba McEntire,23,14,Gains In Performance
2005-06-18,22,The Talkin' Song Repair Blues,Alan Jackson,22,12,Gains In Performance
2005-06-18,23,Play Something Country,Brooks & Dunn,26,3,Greatest gainer this week|Gains In Performance
2005-06-18,24,Help Somebody,Van Zant,24,13,Gains In Performance
2005-06-18,25,Baby Doll,Pat Green,25,16,Gains In Performance
2005-06-18,26,Do You Want Fries With That,Tim McGraw,34,4,Gains In Performance
2005-06-18,27,Georgia Rain,Trisha Yearwood,29,8,Gains In Performance
2005-06-18,28,A Real Fine Place To Start,Sara Evans,28,7,Gains In Performance
2005-06-18,29,Somebody's Hero,Jamie O'Neal,30,11,Gains In Performance
2005-06-18,30,Probably Wouldn't Be This Way,LeAnn Rimes,32,12,Gains In Performance
2005-06-18,31,It's A Heartache,Trick Pony,31,19,Gains In Performance
2005-06-18,32,If She Were Any Other Woman,Buddy Jewell,33,19,Gains In Performance
2005-06-18,33,Stay With Me (Brass Bed),Josh Gracin,35,8,Gains In Performance
2005-06-18,34,Something To Be Proud Of,Montgomery Gentry,36,5,Gains In Performance
2005-06-18,35,Arlington,Trace Adkins,42,2,Gains In Performance
2005-06-18,36,Hicktown,Jason Aldean,37,9,Gains In Performance
2005-06-18,37,Hillbillies,Hot Apple Pie,39,14,Gains In Performance
2005-06-18,38,Something Like A Broken Heart,Hanna-McEuen,38,15,Gains In Performance
2005-06-18,39,Big Time,Big & Rich,27,18,
2005-06-18,40,He Oughta Know That By Now,Lee Ann Womack,44,7,Gains In Performance
2005-06-18,41,Billy's Got His Beer Goggles On,Neal McCoy,43,8,Gains In Performance
2005-06-18,42,Redneck Yacht Club,Craig Morgan,45,5,Gains In Performance
2005-06-18,43,Bring Me Down,Miranda Lambert,47,10,Gains In Performance
2005-06-18,44,4th Of July,Shooter Jennings Featuring George Jones,46,9,Gains In Performance
2005-06-18,45,Best I Ever Had,Gary Allan,56,2,Gains In Performance
2005-06-18,46,Dream Big,Ryan Shupe & The RubberBand,48,9,Gains In Performance
2005-06-18,47,Honkytonk U,Toby Keith,40,19,
2005-06-18,48,I Ain't No Quitter,Shania Twain,49,5,Gains In Performance
2005-06-18,49,The Best Man,Blaine Larsen,51,4,Gains In Performance
2005-06-18,50,Boondocks,Little Big Town,54,3,Gains In Performance
2005-06-18,51,You're Like Comin' Home,Lonestar,NEW,1,Highest ranking debut|Gains In Performance
2005-06-18,52,This Is The Life,Billy Dean,NEW,1,Gains In Performance
2005-06-18,53,Must Be Doin' Somethin' Right,Billy Currington,60,2,Gains In Performance
2005-06-18,54,Two Hearts,Zona Jones,58,11,Gains In Performance
2005-06-18,55,Go Home,Steve Holy,57,6,Gains In Performance
2005-06-18,56,Doin' It Right,Steve Azar,59,3,Gains In Performance
2005-06-18,57,I See Me,Travis Tritt,53,16,
2005-06-18,58,No One'll Ever Love Me,Rebecca Lynn Howard,55,8,
2005-06-18,59,That Summer Song,Blue County,RE,3,Gains In Performance
2005-06-18,60,A Hard Secret To Keep,Mark Chesnutt,RE,2,Gains In Performance
2005-06-25,1,Making Memories Of Us,Keith Urban,1,15,Gains In Performance
2005-06-25,2,Fast Cars And Freedom,Rascal Flatts,2,14,Gains In Performance
2005-06-25,3,Lot Of Leavin' Left To Do,Dierks Bentley,3,21,Gains In Performance
2005-06-25,4,You'll Be There,George Strait,4,12,Gains In Performance
2005-06-25,5,Something More,Sugarland,5,11,Gains In Performance
2005-06-25,6,As Good As I Once Was,Toby Keith,7,6,Greatest gainer this week|Gains In Performance
2005-06-25,7,Keg In The Closet,Kenny Chesney,6,8,Gains In Performance
2005-06-25,8,Mississippi Girl,Faith Hill,9,5,Gains In Performance
2005-06-25,9,If Something Should Happen,Darryl Worley,10,17,Gains In Performance
2005-06-25,10,That's What I Love About Sunday,Craig Morgan,11,34,
2005-06-25,11,Goodbye Time,Blake Shelton,13,21,Gains In Performance
2005-06-25,12,Alcohol,Brad Paisley,17,8,Gains In Performance
2005-06-25,13,Pickin' Wildflowers,Keith Anderson,16,27,Gains In Performance
2005-06-25,14,Songs About Me,Trace Adkins,8,28,
2005-06-25,15,Don't Worry 'Bout A Thing,SHeDAISY,20,21,Gains In Performance
2005-06-25,16,Don't Ask Me How I Know,Bobby Pinson,18,19,Gains In Performance
2005-06-25,17,Play Something Country,Brooks & Dunn,23,4,Gains In Performance
2005-06-25,18,My Sister,Reba McEntire,21,15,Gains In Performance
2005-06-25,19,The Talkin' Song Repair Blues,Alan Jackson,22,13,Gains In Performance
2005-06-25,20,Help Somebody,Van Zant,24,14,Gains In Performance
2005-06-25,21,Do You Want Fries With That,Tim McGraw,26,5,Gains In Performance
2005-06-25,22,Baby Doll,Pat Green,25,17,
2005-06-25,23,A Real Fine Place To Start,Sara Evans,28,8,Gains In Performance
2005-06-25,24,Somebody's Hero,Jamie O'Neal,29,12,Gains In Performance
2005-06-25,25,Georgia Rain,Trisha Yearwood,27,9,
2005-06-25,26,It's A Heartache,Trick Pony,31,20,Gains In Performance
2005-06-25,27,Probably Wouldn't Be This Way,LeAnn Rimes,30,13,Gains In Performance
2005-06-25,28,If She Were Any Other Woman,Buddy Jewell,32,20,Gains In Performance
2005-06-25,29,Something To Be Proud Of,Montgomery Gentry,34,6,Gains In Performance
2005-06-25,30,Stay With Me (Brass Bed),Josh Gracin,33,9,Gains In Performance
2005-06-25,31,Hicktown,Jason Aldean,36,10,Gains In Performance
2005-06-25,32,Hillbillies,Hot Apple Pie,37,15,Gains In Performance
2005-06-25,33,Redneck Yacht Club,Craig Morgan,42,6,Gains In Performance
2005-06-25,34,He Oughta Know That By Now,Lee Ann Womack,40,8,Gains In Performance
2005-06-25,35,Arlington,Trace Adkins,35,3,
2005-06-25,36,Billy's Got His Beer Goggles On,Neal McCoy,41,9,Gains In Performance
2005-06-25,37,Bring Me Down,Miranda Lambert,43,11,Gains In Performance
2005-06-25,38,You're Like Comin' Home,Lonestar,51,2,Gains In Performance
2005-06-25,39,Best I Ever Had,Gary Allan,45,3,Gains In Performance
2005-06-25,40,4th Of July,Shooter Jennings Featuring George Jones,44,10,Gains In Performance
2005-06-25,41,Big Time,Big & Rich,39,19,
2005-06-25,42,Something Like A Broken Heart,Hanna-McEuen,38,16,
2005-06-25,43,Dream Big,Ryan Shupe & The RubberBand,46,10,
2005-06-25,44,Honkytonk U,Toby Keith,47,20,
2005-06-25,45,The Best Man,Blaine Larsen,49,5,Gains In Performance
2005-06-25,46,I Ain't No Quitter,Shania Twain,48,6,
2005-06-25,47,Boondocks,Little Big Town,50,4,Gains In Performance
2005-06-25,48,Doin' It Right,Steve Azar,56,4,Gains In Performance
2005-06-25,49,Must Be Doin' Somethin' Right,Billy Currington,53,3,Gains In Performance
2005-06-25,50,Two Hearts,Zona Jones,54,12,Gains In Performance
2005-06-25,51,Go Home,Steve Holy,55,7,
2005-06-25,52,I See Me,Travis Tritt,57,17,
2005-06-25,53,Good Ole Days,Phil Vassar,NEW,1,Highest ranking debut|Gains In Performance
2005-06-25,54,That Summer Song,Blue County,59,4,
2005-06-25,55,This Is The Life,Billy Dean,52,2,
2005-06-25,56,Miss Me Baby,Chris Cagle,NEW,1,Gains In Performance
2005-06-25,57,Delicious Surprise (I Believe It),Jo Dee Messina,NEW,1,Gains In Performance
2005-06-25,58,One Day At A Time,Deana Carter,RE,4,Gains In Performance
2005-06-25,59,King Of The Castle,Matt Jenkins,NEW,1,Gains In Performance
2005-06-25,60,Somewhere Between Texas And Mexico,Pat Green,RE,19,Gains In Performance
2005-07-02,1,Fast Cars And Freedom,Rascal Flatts,2,15,Gains In Performance
2005-07-02,2,Making Memories Of Us,Keith Urban,1,16,
2005-07-02,3,Lot Of Leavin' Left To Do,Dierks Bentley,3,22,
2005-07-02,4,As Good As I Once Was,Toby Keith,6,7,Greatest gainer this week|Gains In Performance
2005-07-02,5,You'll Be There,George Strait,4,13,Gains In Performance
2005-07-02,6,Something More,Sugarland,5,12,Gains In Performance
2005-07-02,7,Keg In The Closet,Kenny Chesney,7,9,Gains In Performance
2005-07-02,8,Mississippi Girl,Faith Hill,8,6,Gains In Performance
2005-07-02,9,If Something Should Happen,Darryl Worley,9,18,Gains In Performance
2005-07-02,10,Goodbye Time,Blake Shelton,11,22,Gains In Performance
2005-07-02,11,Alcohol,Brad Paisley,12,9,Gains In Performance
2005-07-02,12,Pickin' Wildflowers,Keith Anderson,13,28,Gains In Performance
2005-07-02,13,Play Something Country,Brooks & Dunn,17,5,Gains In Performance
2005-07-02,14,That's What I Love About Sunday,Craig Morgan,10,35,
2005-07-02,15,Don't Worry 'Bout A Thing,SHeDAISY,15,22,Gains In Performance
2005-07-02,16,Don't Ask Me How I Know,Bobby Pinson,16,20,Gains In Performance
2005-07-02,17,My Sister,Reba McEntire,18,16,Gains In Performance
2005-07-02,18,The Talkin' Song Repair Blues,Alan Jackson,19,14,Gains In Performance
2005-07-02,19,Do You Want Fries With That,Tim McGraw,21,6,Gains In Performance
2005-07-02,20,Help Somebody,Van Zant,20,15,Gains In Performance
2005-07-02,21,Baby Doll,Pat Green,22,18,Gains In Performance
2005-07-02,22,Somebody's Hero,Jamie O'Neal,24,13,Gains In Performance
2005-07-02,23,A Real Fine Place To Start,Sara Evans,23,9,Gains In Performance
2005-07-02,24,Georgia Rain,Trisha Yearwood,25,10,Gains In Performance
2005-07-02,25,It's A Heartache,Trick Pony,26,21,Gains In Performance
2005-07-02,26,Something To Be Proud Of,Montgomery Gentry,29,7,Gains In Performance
2005-07-02,27,If She Were Any Other Woman,Buddy Jewell,28,21,Gains In Performance
2005-07-02,28,Probably Wouldn't Be This Way,LeAnn Rimes,27,14,
2005-07-02,29,Stay With Me (Brass Bed),Josh Gracin,30,10,Gains In Performance
2005-07-02,30,Hicktown,Jason Aldean,31,11,Gains In Performance
2005-07-02,31,Arlington,Trace Adkins,35,4,Gains In Performance
2005-07-02,32,He Oughta Know That By Now,Lee Ann Womack,34,9,Gains In Performance
2005-07-02,33,Redneck Yacht Club,Craig Morgan,33,7,Gains In Performance
2005-07-02,34,Hillbillies,Hot Apple Pie,32,16,Gains In Performance
2005-07-02,35,4th Of July,Shooter Jennings Featuring George Jones,40,11,Gains In Performance
2005-07-02,36,Billy's Got His Beer Goggles On,Neal McCoy,36,10,
2005-07-02,37,Best I Ever Had,Gary Allan,39,4,Gains In Performance
2005-07-02,38,Bring Me Down,Miranda Lambert,37,12,
2005-07-02,39,You're Like Comin' Home,Lonestar,38,3,Gains In Performance
2005-07-02,40,Dream Big,Ryan Shupe & The RubberBand,43,11,Gains In Performance
2005-07-02,41,Something Like A Broken Heart,Hanna-McEuen,42,17,
2005-07-02,42,The Best Man,Blaine Larsen,45,6,Gains In Performance
2005-07-02,43,Boondocks,Little Big Town,47,5,Gains In Performance
2005-07-02,44,Big Time,Big & Rich,41,20,
2005-07-02,45,I Ain't No Quitter,Shania Twain,46,7,
2005-07-02,46,Must Be Doin' Somethin' Right,Billy Currington,49,4,Gains In Performance
2005-07-02,47,Delicious Surprise (I Believe It),Jo Dee Messina,57,2,Gains In Performance
2005-07-02,48,Two Hearts,Zona Jones,50,13,Gains In Performance
2005-07-02,49,Go Home,Steve Holy,51,8,Gains In Performance
2005-07-02,50,Texas,George Strait,NEW,1,Highest ranking debut|Gains In Performance
2005-07-02,51,Doin' It Right,Steve Azar,48,5,
2005-07-02,52,Good Ole Days,Phil Vassar,53,2,
2005-07-02,53,That Summer Song,Blue County,54,5,Gains In Performance
2005-07-02,54,Rainbow In The Rain,Clint Black,NEW,1,Gains In Performance
2005-07-02,55,Miss Me Baby,Chris Cagle,56,2,Gains In Performance
2005-07-02,56,I See Me,Travis Tritt,52,18,
2005-07-02,57,One Day At A Time,Deana Carter,58,5,
2005-07-02,58,Come Friday,Aaron Tippin,NEW,1,Gains In Performance
2005-07-02,59,Inside Your Heaven,Carrie Underwood,NEW,1,Gains In Performance
2005-07-02,60,King Of The Castle,Matt Jenkins,59,2,Gains In Performance
2005-07-09,1,Fast Cars And Freedom,Rascal Flatts,1,16,Gains In Performance
2005-07-09,2,As Good As I Once Was,Toby Keith,4,8,Gains In Performance
2005-07-09,3,Making Memories Of Us,Keith Urban,2,17,
2005-07-09,4,Something More,Sugarland,6,13,Greatest gainer this week|Gains In Performance
2005-07-09,5,You'll Be There,George Strait,5,14,Gains In Performance
2005-07-09,6,Lot Of Leavin' Left To Do,Dierks Bentley,3,23,
2005-07-09,7,Mississippi Girl,Faith Hill,8,7,Gains In Performance
2005-07-09,8,Keg In The Closet,Kenny Chesney,7,10,
2005-07-09,9,If Something Should Happen,Darryl Worley,9,19,Gains In Performance
2005-07-09,10,Goodbye Time,Blake Shelton,10,23,Gains In Performance
2005-07-09,11,Alcohol,Brad Paisley,11,10,Gains In Performance
2005-07-09,12,Pickin' Wildflowers,Keith Anderson,12,29,Gains In Performance
2005-07-09,13,Play Something Country,Brooks & Dunn,13,6,Gains In Performance
2005-07-09,14,Don't Worry 'Bout A Thing,SHeDAISY,15,23,Gains In Performance
2005-07-09,15,That's What I Love About Sunday,Craig Morgan,14,36,Gains In Performance
2005-07-09,16,Don't Ask Me How I Know,Bobby Pinson,16,21,
2005-07-09,17,Do You Want Fries With That,Tim McGraw,19,7,Gains In Performance
2005-07-09,18,My Sister,Reba McEntire,17,17,Gains In Performance
2005-07-09,19,The Talkin' Song Repair Blues,Alan Jackson,18,15,Gains In Performance
2005-07-09,20,Help Somebody,Van Zant,20,16,Gains In Performance
2005-07-09,21,A Real Fine Place To Start,Sara Evans,23,10,Gains In Performance
2005-07-09,22,Baby Doll,Pat Green,21,19,
2005-07-09,23,Somebody's Hero,Jamie O'Neal,22,14,Gains In Performance
2005-07-09,24,Georgia Rain,Trisha Yearwood,24,11,Gains In Performance
2005-07-09,25,It's A Heartache,Trick Pony,25,22,Gains In Performance
2005-07-09,26,Something To Be Proud Of,Montgomery Gentry,26,8,Gains In Performance
2005-07-09,27,Probably Wouldn't Be This Way,LeAnn Rimes,28,15,Gains In Performance
2005-07-09,28,Stay With Me (Brass Bed),Josh Gracin,29,11,Gains In Performance
2005-07-09,29,If She Were Any Other Woman,Buddy Jewell,27,22,
2005-07-09,30,Hicktown,Jason Aldean,30,12,Gains In Performance
2005-07-09,31,Redneck Yacht Club,Craig Morgan,33,8,Gains In Performance
2005-07-09,32,Arlington,Trace Adkins,31,5,Gains In Performance
2005-07-09,33,He Oughta Know That By Now,Lee Ann Womack,32,10,Gains In Performance
2005-07-09,34,Best I Ever Had,Gary Allan,37,5,Gains In Performance
2005-07-09,35,Hillbillies,Hot Apple Pie,34,17,Gains In Performance
2005-07-09,36,4th Of July,Shooter Jennings Featuring George Jones,35,12,Gains In Performance
2005-07-09,37,Bring Me Down,Miranda Lambert,38,13,Gains In Performance
2005-07-09,38,You're Like Comin' Home,Lonestar,39,4,Gains In Performance
2005-07-09,39,Billy's Got His Beer Goggles On,Neal McCoy,36,11,Gains In Performance
2005-07-09,40,Dream Big,Ryan Shupe & The RubberBand,40,12,Gains In Performance
2005-07-09,41,Texas,George Strait,50,2,Gains In Performance
2005-07-09,42,Boondocks,Little Big Town,43,6,Gains In Performance
2005-07-09,43,The Best Man,Blaine Larsen,42,7,
2005-07-09,44,Good Ole Days,Phil Vassar,52,3,Gains In Performance
2005-07-09,45,Something Like A Broken Heart,Hanna-McEuen,41,18,
2005-07-09,46,Miss Me Baby,Chris Cagle,55,3,Gains In Performance
2005-07-09,47,Delicious Surprise (I Believe It),Jo Dee Messina,47,3,Gains In Performance
2005-07-09,48,Must Be Doin' Somethin' Right,Billy Currington,46,5,Gains In Performance
2005-07-09,49,Go Home,Steve Holy,49,9,Gains In Performance
2005-07-09,50,Two Hearts,Zona Jones,48,14,
2005-07-09,51,Doin' It Right,Steve Azar,51,6,Gains In Performance
2005-07-09,52,Used To The Pain,Tracy Lawrence,NEW,1,Highest ranking debut|Gains In Performance
2005-07-09,53,Rainbow In The Rain,Clint Black,54,2,Gains In Performance
2005-07-09,54,I Ain't No Quitter,Shania Twain,45,8,
2005-07-09,55,That Summer Song,Blue County,53,6,
2005-07-09,56,Come Friday,Aaron Tippin,58,2,Gains In Performance
2005-07-09,57,"Domestic, Light And Cold",Dierks Bentley,NEW,1,Gains In Performance
2005-07-09,58,Angels,Randy Travis,NEW,1,Gains In Performance
2005-07-09,59,Inside Your Heaven,Carrie Underwood,59,2,
2005-07-09,60,I See Me,Travis Tritt,56,19,
2005-07-16,1,Fast Cars And Freedom,Rascal Flatts,1,17,Gains In Performance
2005-07-16,2,As Good As I Once Was,Toby Keith,2,9,Gains In Performance
2005-07-16,3,Something More,Sugarland,4,14,Gains In Performance
2005-07-16,4,You'll Be There,George Strait,5,15,Gains In Performance
2005-07-16,5,Making Memories Of Us,Keith Urban,3,18,
2005-07-16,6,Mississippi Girl,Faith Hill,7,8,Gains In Performance
2005-07-16,7,Keg In The Closet,Kenny Chesney,8,11,Gains In Performance
2005-07-16,8,Pickin' Wildflowers,Keith Anderson,12,30,Gains In Performance
2005-07-16,9,Play Something Country,Brooks & Dunn,13,7,Gains In Performance
2005-07-16,10,If Something Should Happen,Darryl Worley,9,20,
2005-07-16,11,Lot Of Leavin' Left To Do,Dierks Bentley,6,24,
2005-07-16,12,Goodbye Time,Blake Shelton,10,24,Gains In Performance
2005-07-16,13,Alcohol,Brad Paisley,11,11,Gains In Performance
2005-07-16,14,Don't Worry 'Bout A Thing,SHeDAISY,14,24,Gains In Performance
2005-07-16,15,Do You Want Fries With That,Tim McGraw,17,8,Gains In Performance
2005-07-16,16,My Sister,Reba McEntire,18,18,Gains In Performance
2005-07-16,17,A Real Fine Place To Start,Sara Evans,21,11,Gains In Performance
2005-07-16,18,Help Somebody,Van Zant,20,17,Gains In Performance
2005-07-16,19,The Talkin' Song Repair Blues,Alan Jackson,19,16,
2005-07-16,20,Somebody's Hero,Jamie O'Neal,23,15,Gains In Performance
2005-07-16,21,Georgia Rain,Trisha Yearwood,24,12,Gains In Performance
2005-07-16,22,Baby Doll,Pat Green,22,20,
2005-07-16,23,It's A Heartache,Trick Pony,25,23,Gains In Performance
2005-07-16,24,Something To Be Proud Of,Montgomery Gentry,26,9,Gains In Performance
2005-07-16,25,Arlington,Trace Adkins,32,6,Gains In Performance
2005-07-16,26,Redneck Yacht Club,Craig Morgan,31,9,Gains In Performance
2005-07-16,27,Stay With Me (Brass Bed),Josh Gracin,28,12,Gains In Performance
2005-07-16,28,Hicktown,Jason Aldean,30,13,Gains In Performance
2005-07-16,29,4th Of July,Shooter Jennings Featuring George Jones,36,13,Gains In Performance
2005-07-16,30,He Oughta Know That By Now,Lee Ann Womack,33,11,Gains In Performance
2005-07-16,31,Probably Wouldn't Be This Way,LeAnn Rimes,27,16,Gains In Performance
2005-07-16,32,Best I Ever Had,Gary Allan,34,6,Gains In Performance
2005-07-16,33,Hillbillies,Hot Apple Pie,35,18,Gains In Performance
2005-07-16,34,You're Like Comin' Home,Lonestar,38,5,Gains In Performance
2005-07-16,35,Billy's Got His Beer Goggles On,Neal McCoy,39,12,Gains In Performance
2005-07-16,36,Bring Me Down,Miranda Lambert,37,14,
2005-07-16,37,Dream Big,Ryan Shupe & The RubberBand,40,13,Gains In Performance
2005-07-16,38,Texas,George Strait,41,3,Gains In Performance
2005-07-16,39,Good Ole Days,Phil Vassar,44,4,Gains In Performance
2005-07-16,40,Delicious Surprise (I Believe It),Jo Dee Messina,47,4,Gains In Performance
2005-07-16,41,Boondocks,Little Big Town,42,7,Gains In Performance
2005-07-16,42,Miss Me Baby,Chris Cagle,46,4,Gains In Performance
2005-07-16,43,The Best Man,Blaine Larsen,43,8,Gains In Performance
2005-07-16,44,Our America,"Gretchen Wilson, Big & Rich And Cowboy Troy",NEW,1,Highest ranking debut|Gains In Performance
2005-07-16,45,Used To The Pain,Tracy Lawrence,52,2,Gains In Performance
2005-07-16,46,Must Be Doin' Somethin' Right,Billy Currington,48,6,Gains In Performance
2005-07-16,47,Something Like A Broken Heart,Hanna-McEuen,45,19,
2005-07-16,48,Two Hearts,Zona Jones,50,15,Gains In Performance
2005-07-16,49,Doin' It Right,Steve Azar,51,7,
2005-07-16,50,Rainbow In The Rain,Clint Black,53,3,Gains In Performance
2005-07-16,51,Go Home,Steve Holy,49,10,
2005-07-16,52,Inside Your Heaven,Carrie Underwood,59,3,Gains In Performance
2005-07-16,53,That Summer Song,Blue County,55,7,Gains In Performance
2005-07-16,54,Come Friday,Aaron Tippin,56,3,Gains In Performance
2005-07-16,55,Intentional Heartache,Dwight Yoakam,NEW,1,Gains In Performance
2005-07-16,56,Nobody Ever Died Of A Broken Heart,Cowboy Crush,NEW,1,Gains In Performance
2005-07-16,57,"Domestic, Light And Cold",Dierks Bentley,57,2,
2005-07-16,58,Angels,Randy Travis,58,2,
2005-07-16,59,That's The Kind Of Love I'm In,Jace Everett,NEW,1,Gains In Performance
2005-07-16,60,King Of The Castle,Matt Jenkins,RE,3,
2005-07-23,1,As Good As I Once Was,Toby Keith,2,10,Gains In Performance
2005-07-23,2,Fast Cars And Freedom,Rascal Flatts,1,18,
2005-07-23,3,Something More,Sugarland,3,15,Gains In Performance
2005-07-23,4,Mississippi Girl,Faith Hill,6,9,Gains In Performance
2005-07-23,5,You'll Be There,George Strait,4,16,
2005-07-23,6,Making Memories Of Us,Keith Urban,5,19,
2005-07-23,7,Keg In The Closet,Kenny Chesney,7,12,
2005-07-23,8,Play Something Country,Brooks & Dunn,9,8,Gains In Performance
2005-07-23,9,Alcohol,Brad Paisley,13,12,Gains In Performance
2005-07-23,10,If Something Should Happen,Darryl Worley,10,21,Gains In Performance
2005-07-23,11,Pickin' Wildflowers,Keith Anderson,8,31,
2005-07-23,12,Don't Worry 'Bout A Thing,SHeDAISY,14,25,Gains In Performance
2005-07-23,13,Goodbye Time,Blake Shelton,12,25,Gains In Performance
2005-07-23,14,Do You Want Fries With That,Tim McGraw,15,9,Gains In Performance
2005-07-23,15,Lot Of Leavin' Left To Do,Dierks Bentley,11,25,
2005-07-23,16,A Real Fine Place To Start,Sara Evans,17,12,Greatest gainer this week|Gains In Performance
2005-07-23,17,My Sister,Reba McEntire,16,19,Gains In Performance
2005-07-23,18,Help Somebody,Van Zant,18,18,Gains In Performance
2005-07-23,19,Somebody's Hero,Jamie O'Neal,20,16,Gains In Performance
2005-07-23,20,The Talkin' Song Repair Blues,Alan Jackson,19,17,
2005-07-23,21,Georgia Rain,Trisha Yearwood,21,13,Gains In Performance
2005-07-23,22,Something To Be Proud Of,Montgomery Gentry,24,10,Gains In Performance
2005-07-23,23,It's A Heartache,Trick Pony,23,24,Gains In Performance
2005-07-23,24,Arlington,Trace Adkins,25,7,Gains In Performance
2005-07-23,25,Redneck Yacht Club,Craig Morgan,26,10,Gains In Performance
2005-07-23,26,Hicktown,Jason Aldean,28,14,Gains In Performance
2005-07-23,27,Stay With Me (Brass Bed),Josh Gracin,27,13,Gains In Performance
2005-07-23,28,Best I Ever Had,Gary Allan,32,7,Gains In Performance
2005-07-23,29,He Oughta Know That By Now,Lee Ann Womack,30,12,Gains In Performance
2005-07-23,30,Probably Wouldn't Be This Way,LeAnn Rimes,31,17,Gains In Performance
2005-07-23,31,4th Of July,Shooter Jennings Featuring George Jones,29,14,Gains In Performance
2005-07-23,32,You're Like Comin' Home,Lonestar,34,6,Gains In Performance
2005-07-23,33,Hillbillies,Hot Apple Pie,33,19,Gains In Performance
2005-07-23,34,Dream Big,Ryan Shupe & The RubberBand,37,14,Gains In Performance
2005-07-23,35,Bring Me Down,Miranda Lambert,36,15,Gains In Performance
2005-07-23,36,Billy's Got His Beer Goggles On,Neal McCoy,35,13,Gains In Performance
2005-07-23,37,Delicious Surprise (I Believe It),Jo Dee Messina,40,5,Gains In Performance
2005-07-23,38,Good Ole Days,Phil Vassar,39,5,Gains In Performance
2005-07-23,39,Texas,George Strait,38,4,
2005-07-23,40,Boondocks,Little Big Town,41,8,Gains In Performance
2005-07-23,41,Miss Me Baby,Chris Cagle,42,5,Gains In Performance
2005-07-23,42,The Best Man,Blaine Larsen,43,9,Gains In Performance
2005-07-23,43,Must Be Doin' Somethin' Right,Billy Currington,46,7,Gains In Performance
2005-07-23,44,Used To The Pain,Tracy Lawrence,45,3,Gains In Performance
2005-07-23,45,Our America,"Gretchen Wilson, Big & Rich And Cowboy Troy",44,2,Gains In Performance
2005-07-23,46,Rainbow In The Rain,Clint Black,50,4,Gains In Performance
2005-07-23,47,Doin' It Right,Steve Azar,49,8,Gains In Performance
2005-07-23,48,Something Like A Broken Heart,Hanna-McEuen,47,20,
2005-07-23,49,Go Home,Steve Holy,51,11,Gains In Performance
2005-07-23,50,Two Hearts,Zona Jones,48,16,
2005-07-23,51,"Domestic, Light And Cold",Dierks Bentley,57,3,Gains In Performance
2005-07-23,52,Come Friday,Aaron Tippin,54,4,Gains In Performance
2005-07-23,53,King Of The Castle,Matt Jenkins,60,4,Gains In Performance
2005-07-23,54,That Summer Song,Blue County,53,8,
2005-07-23,55,That's The Kind Of Love I'm In,Jace Everett,59,2,Gains In Performance
2005-07-23,56,Intentional Heartache,Dwight Yoakam,55,2,Gains In Performance
2005-07-23,57,Good People,Jeff Bates,NEW,1,Highest ranking debut|Gains In Performance
2005-07-23,58,This I Gotta See,Andy Griggs,NEW,1,Gains In Performance
2005-07-23,59,Inside Your Heaven,Carrie Underwood,52,4,
2005-07-23,60,Nobody Ever Died Of A Broken Heart,Cowboy Crush,56,2,
2005-07-30,1,As Good As I Once Was,Toby Keith,1,11,Gains In Performance
2005-07-30,2,Fast Cars And Freedom,Rascal Flatts,2,19,
2005-07-30,3,Something More,Sugarland,3,16,Gains In Performance
2005-07-30,4,Mississippi Girl,Faith Hill,4,10,Gains In Performance
2005-07-30,5,You'll Be There,George Strait,5,17,
2005-07-30,6,Play Something Country,Brooks & Dunn,8,9,Greatest gainer this week|Gains In Performance
2005-07-30,7,Making Memories Of Us,Keith Urban,6,20,
2005-07-30,8,Alcohol,Brad Paisley,9,13,Gains In Performance
2005-07-30,9,Keg In The Closet,Kenny Chesney,7,13,
2005-07-30,10,Don't Worry 'Bout A Thing,SHeDAISY,12,26,Gains In Performance
2005-07-30,11,Pickin' Wildflowers,Keith Anderson,11,32,
2005-07-30,12,Do You Want Fries With That,Tim McGraw,14,10,Gains In Performance
2005-07-30,13,Goodbye Time,Blake Shelton,13,26,
2005-07-30,14,A Real Fine Place To Start,Sara Evans,16,13,Gains In Performance
2005-07-30,15,Help Somebody,Van Zant,18,19,Gains In Performance
2005-07-30,16,My Sister,Reba McEntire,17,20,Gains In Performance
2005-07-30,17,Somebody's Hero,Jamie O'Neal,19,17,Gains In Performance
2005-07-30,18,Georgia Rain,Trisha Yearwood,21,14,Gains In Performance
2005-07-30,19,Something To Be Proud Of,Montgomery Gentry,22,11,Gains In Performance
2005-07-30,20,Redneck Yacht Club,Craig Morgan,25,11,Gains In Performance
2005-07-30,21,Hicktown,Jason Aldean,26,15,Gains In Performance
2005-07-30,22,It's A Heartache,Trick Pony,23,25,Gains In Performance
2005-07-30,23,Stay With Me (Brass Bed),Josh Gracin,27,14,Gains In Performance
2005-07-30,24,Arlington,Trace Adkins,24,8,Gains In Performance
2005-07-30,25,He Oughta Know That By Now,Lee Ann Womack,29,13,Gains In Performance
2005-07-30,26,Best I Ever Had,Gary Allan,28,8,Gains In Performance
2005-07-30,27,The Talkin' Song Repair Blues,Alan Jackson,20,18,
2005-07-30,28,Probably Wouldn't Be This Way,LeAnn Rimes,30,18,Gains In Performance
2005-07-30,29,Hillbillies,Hot Apple Pie,33,20,Gains In Performance
2005-07-30,30,You're Like Comin' Home,Lonestar,32,7,Gains In Performance
2005-07-30,31,4th Of July,Shooter Jennings Featuring George Jones,31,15,Gains In Performance
2005-07-30,32,Delicious Surprise (I Believe It),Jo Dee Messina,37,6,Gains In Performance
2005-07-30,33,Bring Me Down,Miranda Lambert,35,16,Gains In Performance
2005-07-30,34,Dream Big,Ryan Shupe & The RubberBand,34,15,Gains In Performance
2005-07-30,35,Billy's Got His Beer Goggles On,Neal McCoy,36,14,Gains In Performance
2005-07-30,36,Good Ole Days,Phil Vassar,38,6,Gains In Performance
2005-07-30,37,Texas,George Strait,39,5,Gains In Performance
2005-07-30,38,Miss Me Baby,Chris Cagle,41,6,Gains In Performance
2005-07-30,39,Boondocks,Little Big Town,40,9,Gains In Performance
2005-07-30,40,The Best Man,Blaine Larsen,42,10,Gains In Performance
2005-07-30,41,Used To The Pain,Tracy Lawrence,44,4,Gains In Performance
2005-07-30,42,Must Be Doin' Somethin' Right,Billy Currington,43,8,Gains In Performance
2005-07-30,43,Better Life,Keith Urban,NEW,1,Highest ranking debut|Gains In Performance
2005-07-30,44,Rainbow In The Rain,Clint Black,46,5,Gains In Performance
2005-07-30,45,Come Friday,Aaron Tippin,52,5,Gains In Performance
2005-07-30,46,Summer Girl,Jessica Andrews,NEW,1,Gains In Performance
2005-07-30,47,Doin' It Right,Steve Azar,47,9,
2005-07-30,48,Two Hearts,Zona Jones,50,17,Gains In Performance
2005-07-30,49,Come A Little Closer,Dierks Bentley,NEW,1,Gains In Performance
2005-07-30,50,XXL,Keith Anderson,NEW,1,Gains In Performance
2005-07-30,51,King Of The Castle,Matt Jenkins,53,5,Gains In Performance
2005-07-30,52,Inside Your Heaven,Carrie Underwood,59,5,Gains In Performance
2005-07-30,53,Good People,Jeff Bates,57,2,Gains In Performance
2005-07-30,54,Intentional Heartache,Dwight Yoakam,56,3,Gains In Performance
2005-07-30,55,Angels,Randy Travis,RE,3,Gains In Performance
2005-07-30,56,That's The Kind Of Love I'm In,Jace Everett,55,3,Gains In Performance
2005-07-30,57,"Domestic, Light And Cold",Dierks Bentley,51,4,
2005-07-30,58,This I Gotta See,Andy Griggs,58,2,
2005-07-30,59,Somewhere Between Texas And Mexico,Pat Green,RE,20,
2005-07-30,60,Nobody Ever Died Of A Broken Heart,Cowboy Crush,60,3,
2005-08-06,1,As Good As I Once Was,Toby Keith,1,12,Gains In Performance
2005-08-06,2,Something More,Sugarland,3,17,Gains In Performance
2005-08-06,3,Fast Cars And Freedom,Rascal Flatts,2,20,
2005-08-06,4,Mississippi Girl,Faith Hill,4,11,Gains In Performance
2005-08-06,5,Play Something Country,Brooks & Dunn,6,10,Gains In Performance
2005-08-06,6,Alcohol,Brad Paisley,8,14,Gains In Performance
2005-08-06,7,You'll Be There,George Strait,5,18,
2005-08-06,8,Do You Want Fries With That,Tim McGraw,12,11,Greatest gainer this week|Gains In Performance
2005-08-06,9,Don't Worry 'Bout A Thing,SHeDAISY,10,27,Gains In Performance
2005-08-06,10,Making Memories Of Us,Keith Urban,7,21,
2005-08-06,11,A Real Fine Place To Start,Sara Evans,14,14,Gains In Performance
2005-08-06,12,Help Somebody,Van Zant,15,20,Gains In Performance
2005-08-06,13,Goodbye Time,Blake Shelton,13,27,
2005-08-06,14,Keg In The Closet,Kenny Chesney,9,14,
2005-08-06,15,Somebody's Hero,Jamie O'Neal,17,18,Gains In Performance
2005-08-06,16,Something To Be Proud Of,Montgomery Gentry,19,12,Gains In Performance
2005-08-06,17,Georgia Rain,Trisha Yearwood,18,15,Gains In Performance
2005-08-06,18,Redneck Yacht Club,Craig Morgan,20,12,Gains In Performance
2005-08-06,19,Stay With Me (Brass Bed),Josh Gracin,23,15,Gains In Performance
2005-08-06,20,Arlington,Trace Adkins,24,9,Gains In Performance
2005-08-06,21,Hicktown,Jason Aldean,21,16,Gains In Performance
2005-08-06,22,It's A Heartache,Trick Pony,22,26,Gains In Performance
2005-08-06,23,He Oughta Know That By Now,Lee Ann Womack,25,14,Gains In Performance
2005-08-06,24,Probably Wouldn't Be This Way,LeAnn Rimes,28,19,Gains In Performance
2005-08-06,25,You're Like Comin' Home,Lonestar,30,8,Gains In Performance
2005-08-06,26,Best I Ever Had,Gary Allan,26,9,Gains In Performance
2005-08-06,27,Hillbillies,Hot Apple Pie,29,21,Gains In Performance
2005-08-06,28,Delicious Surprise (I Believe It),Jo Dee Messina,32,7,Gains In Performance
2005-08-06,29,4th Of July,Shooter Jennings Featuring George Jones,31,16,
2005-08-06,30,Dream Big,Ryan Shupe & The RubberBand,34,16,Gains In Performance
2005-08-06,31,Billy's Got His Beer Goggles On,Neal McCoy,35,15,Gains In Performance
2005-08-06,32,Bring Me Down,Miranda Lambert,33,17,Gains In Performance
2005-08-06,33,Good Ole Days,Phil Vassar,36,7,Gains In Performance
2005-08-06,34,The Talkin' Song Repair Blues,Alan Jackson,27,19,
2005-08-06,35,Texas,George Strait,37,6,Gains In Performance
2005-08-06,36,Boondocks,Little Big Town,39,10,Gains In Performance
2005-08-06,37,Miss Me Baby,Chris Cagle,38,7,Gains In Performance
2005-08-06,38,Used To The Pain,Tracy Lawrence,41,5,Gains In Performance
2005-08-06,39,The Best Man,Blaine Larsen,40,11,Gains In Performance
2005-08-06,40,Must Be Doin' Somethin' Right,Billy Currington,42,9,Gains In Performance
2005-08-06,41,Better Life,Keith Urban,43,2,Gains In Performance
2005-08-06,42,Come A Little Closer,Dierks Bentley,49,2,Gains In Performance
2005-08-06,43,Come Friday,Aaron Tippin,45,6,Gains In Performance
2005-08-06,44,She Didn't Have Time,Terri Clark,NEW,1,Highest ranking debut|Gains In Performance
2005-08-06,45,XXL,Keith Anderson,50,2,Gains In Performance
2005-08-06,46,Summer Girl,Jessica Andrews,46,2,Gains In Performance
2005-08-06,47,Two Hearts,Zona Jones,48,18,Gains In Performance
2005-08-06,48,Good People,Jeff Bates,53,3,Gains In Performance
2005-08-06,49,Where We Both Say Goodbye,Catherine Britt & Elton John,NEW,1,Gains In Performance
2005-08-06,50,Rainbow In The Rain,Clint Black,44,6,
2005-08-06,51,Doin' It Right,Steve Azar,47,10,Gains In Performance
2005-08-06,52,That's The Kind Of Love I'm In,Jace Everett,56,4,Gains In Performance
2005-08-06,53,Angels,Randy Travis,55,4,Gains In Performance
2005-08-06,54,King Of The Castle,Matt Jenkins,51,6,Gains In Performance
2005-08-06,55,Intentional Heartache,Dwight Yoakam,54,4,Gains In Performance
2005-08-06,56,Your Man,Josh Turner,NEW,1,Gains In Performance
2005-08-06,57,Inside Your Heaven,Carrie Underwood,52,6,
2005-08-06,58,Nobody Ever Died Of A Broken Heart,Cowboy Crush,60,4,
2005-08-06,59,I've Forgotten You,Rhonda Vincent And The Rage,NEW,1,Gains In Performance
2005-08-06,60,Gloryland,Keni Thomas Featuring Blackhawk,NEW,1,Gains In Performance
2005-08-13,1,As Good As I Once Was,Toby Keith,1,13,Gains In Performance
2005-08-13,2,Something More,Sugarland,2,18,Gains In Performance
2005-08-13,3,Mississippi Girl,Faith Hill,4,12,Gains In Performance
2005-08-13,4,Fast Cars And Freedom,Rascal Flatts,3,21,
2005-08-13,5,Play Something Country,Brooks & Dunn,5,11,Gains In Performance
2005-08-13,6,Alcohol,Brad Paisley,6,15,Gains In Performance
2005-08-13,7,Don't Worry 'Bout A Thing,SHeDAISY,9,28,Gains In Performance
2005-08-13,8,Do You Want Fries With That,Tim McGraw,8,12,Gains In Performance
2005-08-13,9,A Real Fine Place To Start,Sara Evans,11,15,Gains In Performance
2005-08-13,10,Making Memories Of Us,Keith Urban,10,22,
2005-08-13,11,Help Somebody,Van Zant,12,21,Gains In Performance
2005-08-13,12,You'll Be There,George Strait,7,19,
2005-08-13,13,Somebody's Hero,Jamie O'Neal,15,19,Gains In Performance
2005-08-13,14,Something To Be Proud Of,Montgomery Gentry,16,13,Gains In Performance
2005-08-13,15,Redneck Yacht Club,Craig Morgan,18,13,Gains In Performance
2005-08-13,16,Arlington,Trace Adkins,20,10,Gains In Performance
2005-08-13,17,Georgia Rain,Trisha Yearwood,17,16,Gains In Performance
2005-08-13,18,Keg In The Closet,Kenny Chesney,14,15,
2005-08-13,19,Stay With Me (Brass Bed),Josh Gracin,19,16,Gains In Performance
2005-08-13,20,Hicktown,Jason Aldean,21,17,Gains In Performance
2005-08-13,21,All Jacked Up,Gretchen Wilson,NEW,1,Highest ranking debut|Gains In Performance
2005-08-13,22,You're Like Comin' Home,Lonestar,25,9,Gains In Performance
2005-08-13,23,Best I Ever Had,Gary Allan,26,10,Gains In Performance
2005-08-13,24,Probably Wouldn't Be This Way,LeAnn Rimes,24,20,Gains In Performance
2005-08-13,25,It's A Heartache,Trick Pony,22,27,Gains In Performance
2005-08-13,26,He Oughta Know That By Now,Lee Ann Womack,23,15,Gains In Performance
2005-08-13,27,Hillbillies,Hot Apple Pie,27,22,Gains In Performance
2005-08-13,28,Delicious Surprise (I Believe It),Jo Dee Messina,28,8,Gains In Performance
2005-08-13,29,Billy's Got His Beer Goggles On,Neal McCoy,31,16,Gains In Performance
2005-08-13,30,Dream Big,Ryan Shupe & The RubberBand,30,17,Gains In Performance
2005-08-13,31,Good Ole Days,Phil Vassar,33,8,Gains In Performance
2005-08-13,32,Bring Me Down,Miranda Lambert,32,18,Gains In Performance
2005-08-13,33,4th Of July,Shooter Jennings Featuring George Jones,29,17,
2005-08-13,34,Miss Me Baby,Chris Cagle,37,8,Gains In Performance
2005-08-13,35,Come A Little Closer,Dierks Bentley,42,3,Gains In Performance
2005-08-13,36,Boondocks,Little Big Town,36,11,Gains In Performance
2005-08-13,37,The Talkin' Song Repair Blues,Alan Jackson,34,20,
2005-08-13,38,The Best Man,Blaine Larsen,39,12,Gains In Performance
2005-08-13,39,Must Be Doin' Somethin' Right,Billy Currington,40,10,Gains In Performance
2005-08-13,40,Better Life,Keith Urban,41,3,Gains In Performance
2005-08-13,41,Used To The Pain,Tracy Lawrence,38,6,Gains In Performance
2005-08-13,42,Texas,George Strait,35,7,
2005-08-13,43,Where We Both Say Goodbye,Catherine Britt & Elton John,49,2,Gains In Performance
2005-08-13,44,She Didn't Have Time,Terri Clark,44,2,Gains In Performance
2005-08-13,45,Come Friday,Aaron Tippin,43,7,Gains In Performance
2005-08-13,46,XXL,Keith Anderson,45,3,Gains In Performance
2005-08-13,47,Good People,Jeff Bates,48,4,Gains In Performance
2005-08-13,48,Rainbow In The Rain,Clint Black,50,7,Gains In Performance
2005-08-13,49,Summer Girl,Jessica Andrews,46,3,Gains In Performance
2005-08-13,50,Two Hearts,Zona Jones,47,19,
2005-08-13,51,Like We Never Loved At All,Faith Hill,NEW,1,Gains In Performance
2005-08-13,52,Your Man,Josh Turner,56,2,Gains In Performance
2005-08-13,53,Angels,Randy Travis,53,5,Gains In Performance
2005-08-13,54,That's The Kind Of Love I'm In,Jace Everett,52,5,
2005-08-13,55,Inside Your Heaven,Carrie Underwood,57,7,Gains In Performance
2005-08-13,56,King Of The Castle,Matt Jenkins,54,7,
2005-08-13,57,Intentional Heartache,Dwight Yoakam,55,5,
2005-08-13,58,Doin' It Right,Steve Azar,51,11,
2005-08-13,59,Tequila Makes Her Clothes Fall Off,Joe Nichols,NEW,1,Gains In Performance
2005-08-13,60,If I Said You Had A Beautiful Body (Would You Hold It Against Me),The Bellamy Brothers With Dolly Parton,NEW,1,Gains In Performance
2005-08-20,1,As Good As I Once Was,Toby Keith,1,14,
2005-08-20,2,Something More,Sugarland,2,19,Gains In Performance
2005-08-20,3,Mississippi Girl,Faith Hill,3,13,Gains In Performance
2005-08-20,4,Play Something Country,Brooks & Dunn,5,12,Gains In Performance
2005-08-20,5,Alcohol,Brad Paisley,6,16,Gains In Performance
2005-08-20,6,Do You Want Fries With That,Tim McGraw,8,13,Gains In Performance
2005-08-20,7,A Real Fine Place To Start,Sara Evans,9,16,Gains In Performance
2005-08-20,8,Fast Cars And Freedom,Rascal Flatts,4,22,
2005-08-20,9,Don't Worry 'Bout A Thing,SHeDAISY,7,29,
2005-08-20,10,Help Somebody,Van Zant,11,22,Gains In Performance
2005-08-20,11,Making Memories Of Us,Keith Urban,10,23,
2005-08-20,12,Something To Be Proud Of,Montgomery Gentry,14,14,Gains In Performance
2005-08-20,13,Somebody's Hero,Jamie O'Neal,13,20,Gains In Performance
2005-08-20,14,Redneck Yacht Club,Craig Morgan,15,14,Gains In Performance
2005-08-20,15,All Jacked Up,Gretchen Wilson,21,2,Gains In Performance
2005-08-20,16,Arlington,Trace Adkins,16,11,Gains In Performance
2005-08-20,17,Stay With Me (Brass Bed),Josh Gracin,19,17,Gains In Performance
2005-08-20,18,Georgia Rain,Trisha Yearwood,17,17,Gains In Performance
2005-08-20,19,Hicktown,Jason Aldean,20,18,Gains In Performance
2005-08-20,20,You're Like Comin' Home,Lonestar,22,10,Gains In Performance
2005-08-20,21,You'll Be There,George Strait,12,20,
2005-08-20,22,Probably Wouldn't Be This Way,LeAnn Rimes,24,21,Gains In Performance
2005-08-20,23,Best I Ever Had,Gary Allan,23,11,Gains In Performance
2005-08-20,24,Keg In The Closet,Kenny Chesney,18,16,
2005-08-20,25,It's A Heartache,Trick Pony,25,28,Gains In Performance
2005-08-20,26,He Oughta Know That By Now,Lee Ann Womack,26,16,Gains In Performance
2005-08-20,27,Delicious Surprise (I Believe It),Jo Dee Messina,28,9,Gains In Performance
2005-08-20,28,Hillbillies,Hot Apple Pie,27,23,Gains In Performance
2005-08-20,29,Billy's Got His Beer Goggles On,Neal McCoy,29,17,Gains In Performance
2005-08-20,30,4th Of July,Shooter Jennings Featuring George Jones,33,18,Gains In Performance
2005-08-20,31,Good Ole Days,Phil Vassar,31,9,Gains In Performance
2005-08-20,32,Bring Me Down,Miranda Lambert,32,19,Gains In Performance
2005-08-20,33,Dream Big,Ryan Shupe & The RubberBand,30,18,Gains In Performance
2005-08-20,34,Better Life,Keith Urban,40,4,Gains In Performance
2005-08-20,35,Come A Little Closer,Dierks Bentley,35,4,Gains In Performance
2005-08-20,36,Miss Me Baby,Chris Cagle,34,9,Gains In Performance
2005-08-20,37,Boondocks,Little Big Town,36,12,Gains In Performance
2005-08-20,38,Must Be Doin' Somethin' Right,Billy Currington,39,11,Gains In Performance
2005-08-20,39,The Best Man,Blaine Larsen,38,13,Gains In Performance
2005-08-20,40,Used To The Pain,Tracy Lawrence,41,7,Gains In Performance
2005-08-20,41,Texas,George Strait,42,8,Gains In Performance
2005-08-20,42,Skin (Sarabeth),Rascal Flatts,RE,21,Gains In Performance
2005-08-20,43,Where We Both Say Goodbye,Catherine Britt & Elton John,43,3,Gains In Performance
2005-08-20,44,She Didn't Have Time,Terri Clark,44,3,Gains In Performance
2005-08-20,45,Come Friday,Aaron Tippin,45,8,Gains In Performance
2005-08-20,46,XXL,Keith Anderson,46,4,Gains In Performance
2005-08-20,47,Rainbow In The Rain,Clint Black,48,8,Gains In Performance
2005-08-20,48,Summer Girl,Jessica Andrews,49,4,Gains In Performance
2005-08-20,49,Your Man,Josh Turner,52,3,Gains In Performance
2005-08-20,50,Good People,Jeff Bates,47,5,
2005-08-20,51,Angels,Randy Travis,53,6,Gains In Performance
2005-08-20,52,Tequila Makes Her Clothes Fall Off,Joe Nichols,59,2,Gains In Performance
2005-08-20,53,(I Never Promised You A) Rose Garden,Martina McBride,NEW,1,Highest ranking debut|Gains In Performance
2005-08-20,54,Inside Your Heaven,Carrie Underwood,55,8,Gains In Performance
2005-08-20,55,That's The Kind Of Love I'm In,Jace Everett,54,6,
2005-08-20,56,Two Hearts,Zona Jones,50,20,
2005-08-20,57,King Of The Castle,Matt Jenkins,56,8,
2005-08-20,58,American By God's Amazing Grace,Luke Stricklin,NEW,1,Gains In Performance
2005-08-20,59,They Don't Understand,Sawyer Brown,NEW,1,Gains In Performance
2005-08-20,60,Like We Never Loved At All,Faith Hill,51,2,
2005-08-27,1,As Good As I Once Was,Toby Keith,1,15,
2005-08-27,2,Something More,Sugarland,2,20,
2005-08-27,3,Mississippi Girl,Faith Hill,3,14,
2005-08-27,4,Play Something Country,Brooks & Dunn,4,13,Gains In Performance
2005-08-27,5,Alcohol,Brad Paisley,5,17,Gains In Performance
2005-08-27,6,Do You Want Fries With That,Tim McGraw,6,14,Gains In Performance
2005-08-27,7,A Real Fine Place To Start,Sara Evans,7,17,Gains In Performance
2005-08-27,8,Help Somebody,Van Zant,10,23,Gains In Performance
2005-08-27,9,Fast Cars And Freedom,Rascal Flatts,8,23,
2005-08-27,10,All Jacked Up,Gretchen Wilson,15,3,Gains In Performance
2005-08-27,11,Don't Worry 'Bout A Thing,SHeDAISY,9,30,
2005-08-27,12,Something To Be Proud Of,Montgomery Gentry,12,15,Gains In Performance
2005-08-27,13,Somebody's Hero,Jamie O'Neal,13,21,Gains In Performance
2005-08-27,14,Redneck Yacht Club,Craig Morgan,14,15,Gains In Performance
2005-08-27,15,Stay With Me (Brass Bed),Josh Gracin,17,18,Gains In Performance
2005-08-27,16,Arlington,Trace Adkins,16,12,
2005-08-27,17,Hicktown,Jason Aldean,19,19,Gains In Performance
2005-08-27,18,Georgia Rain,Trisha Yearwood,18,18,Gains In Performance
2005-08-27,19,Probably Wouldn't Be This Way,LeAnn Rimes,22,22,Gains In Performance
2005-08-27,20,You're Like Comin' Home,Lonestar,20,11,Gains In Performance
2005-08-27,21,Best I Ever Had,Gary Allan,23,12,Gains In Performance
2005-08-27,22,Better Life,Keith Urban,34,5,Gains In Performance
2005-08-27,23,He Oughta Know That By Now,Lee Ann Womack,26,17,Gains In Performance
2005-08-27,24,Delicious Surprise (I Believe It),Jo Dee Messina,27,10,Gains In Performance
2005-08-27,25,Billy's Got His Beer Goggles On,Neal McCoy,29,18,Gains In Performance
2005-08-27,26,Hillbillies,Hot Apple Pie,28,24,Gains In Performance
2005-08-27,27,Keg In The Closet,Kenny Chesney,24,17,
2005-08-27,28,Good Ole Days,Phil Vassar,31,10,Gains In Performance
2005-08-27,29,Come A Little Closer,Dierks Bentley,35,5,Gains In Performance
2005-08-27,30,Dream Big,Ryan Shupe & The RubberBand,33,19,Gains In Performance
2005-08-27,31,4th Of July,Shooter Jennings Featuring George Jones,30,19,
2005-08-27,32,Bring Me Down,Miranda Lambert,32,20,
2005-08-27,33,Miss Me Baby,Chris Cagle,36,10,Gains In Performance
2005-08-27,34,Boondocks,Little Big Town,37,13,Gains In Performance
2005-08-27,35,Skin (Sarabeth),Rascal Flatts,42,22,Gains In Performance
2005-08-27,36,Must Be Doin' Somethin' Right,Billy Currington,38,12,Gains In Performance
2005-08-27,37,The Best Man,Blaine Larsen,39,14,Gains In Performance
2005-08-27,38,Where We Both Say Goodbye,Catherine Britt & Elton John,43,4,Gains In Performance
2005-08-27,39,Used To The Pain,Tracy Lawrence,40,8,
2005-08-27,40,Tequila Makes Her Clothes Fall Off,Joe Nichols,52,3,Gains In Performance
2005-08-27,41,XXL,Keith Anderson,46,5,Gains In Performance
2005-08-27,42,(I Never Promised You A) Rose Garden,Martina McBride,53,2,Gains In Performance
2005-08-27,43,Texas,George Strait,41,9,
2005-08-27,44,She Didn't Have Time,Terri Clark,44,4,
2005-08-27,45,Come Friday,Aaron Tippin,45,9,
2005-08-27,46,Summer Girl,Jessica Andrews,48,5,Gains In Performance
2005-08-27,47,Your Man,Josh Turner,49,4,Gains In Performance
2005-08-27,48,Good People,Jeff Bates,50,6,Gains In Performance
2005-08-27,49,USA Today,Alan Jackson,NEW,1,Highest ranking debut|Gains In Performance
2005-08-27,50,Rainbow In The Rain,Clint Black,47,9,
2005-08-27,51,Angels,Randy Travis,51,7,
2005-08-27,52,American By God's Amazing Grace,Luke Stricklin,58,2,Gains In Performance
2005-08-27,53,Inside Your Heaven,Carrie Underwood,54,9,
2005-08-27,54,King Of The Castle,Matt Jenkins,57,9,
2005-08-27,55,They Don't Understand,Sawyer Brown,59,2,Gains In Performance
2005-08-27,56,Gloryland,Keni Thomas Featuring Blackhawk,RE,2,Gains In Performance
2005-08-27,57,That's The Kind Of Love I'm In,Jace Everett,55,7,
2005-08-27,58,My Kind Of Music,Ray Scott,NEW,1,Gains In Performance
2005-08-27,59,Beat Of Your Heart,Cory Morrow,NEW,1,Gains In Performance
2005-08-27,60,Down And Out,Randy Rogers Band,NEW,1,Gains In Performance
2005-09-03,1,Mississippi Girl,Faith Hill,3,15,Gains In Performance
2005-09-03,2,Something More,Sugarland,2,21,
2005-09-03,3,As Good As I Once Was,Toby Keith,1,16,
2005-09-03,4,Play Something Country,Brooks & Dunn,4,14,Gains In Performance
2005-09-03,5,Alcohol,Brad Paisley,5,18,Gains In Performance
2005-09-03,6,Do You Want Fries With That,Tim McGraw,6,15,Gains In Performance
2005-09-03,7,A Real Fine Place To Start,Sara Evans,7,18,Gains In Performance
2005-09-03,8,Help Somebody,Van Zant,8,24,Gains In Performance
2005-09-03,9,Something To Be Proud Of,Montgomery Gentry,12,16,Gains In Performance
2005-09-03,10,Fast Cars And Freedom,Rascal Flatts,9,24,
2005-09-03,11,All Jacked Up,Gretchen Wilson,10,4,Gains In Performance
2005-09-03,12,Redneck Yacht Club,Craig Morgan,14,16,Gains In Performance
2005-09-03,13,Somebody's Hero,Jamie O'Neal,13,22,Gains In Performance
2005-09-03,14,Stay With Me (Brass Bed),Josh Gracin,15,19,Gains In Performance
2005-09-03,15,Georgia Rain,Trisha Yearwood,18,19,Gains In Performance
2005-09-03,16,Hicktown,Jason Aldean,17,20,Gains In Performance
2005-09-03,17,Probably Wouldn't Be This Way,LeAnn Rimes,19,23,Gains In Performance
2005-09-03,18,Arlington,Trace Adkins,16,13,
2005-09-03,19,Better Life,Keith Urban,22,6,Gains In Performance
2005-09-03,20,You're Like Comin' Home,Lonestar,20,12,Gains In Performance
2005-09-03,21,Best I Ever Had,Gary Allan,21,13,Gains In Performance
2005-09-03,22,He Oughta Know That By Now,Lee Ann Womack,23,18,Gains In Performance
2005-09-03,23,Billy's Got His Beer Goggles On,Neal McCoy,25,19,Gains In Performance
2005-09-03,24,Delicious Surprise (I Believe It),Jo Dee Messina,24,11,Gains In Performance
2005-09-03,25,Keg In The Closet,Kenny Chesney,27,18,
2005-09-03,26,Good Ole Days,Phil Vassar,28,11,Gains In Performance
2005-09-03,27,Skin (Sarabeth),Rascal Flatts,35,23,Gains In Performance
2005-09-03,28,Dream Big,Ryan Shupe & The RubberBand,30,20,Gains In Performance
2005-09-03,29,Come A Little Closer,Dierks Bentley,29,6,Gains In Performance
2005-09-03,30,4th Of July,Shooter Jennings Featuring George Jones,31,20,
2005-09-03,31,Miss Me Baby,Chris Cagle,33,11,Gains In Performance
2005-09-03,32,Must Be Doin' Somethin' Right,Billy Currington,36,13,Gains In Performance
2005-09-03,33,Boondocks,Little Big Town,34,14,Gains In Performance
2005-09-03,34,Tequila Makes Her Clothes Fall Off,Joe Nichols,40,4,Gains In Performance
2005-09-03,35,Used To The Pain,Tracy Lawrence,39,9,Gains In Performance
2005-09-03,36,The Best Man,Blaine Larsen,37,15,
2005-09-03,37,Texas,George Strait,43,10,Gains In Performance
2005-09-03,38,She Didn't Have Time,Terri Clark,44,5,Gains In Performance
2005-09-03,39,(I Never Promised You A) Rose Garden,Martina McBride,42,3,Gains In Performance
2005-09-03,40,XXL,Keith Anderson,41,6,Gains In Performance
2005-09-03,41,Where We Both Say Goodbye,Catherine Britt & Elton John,38,5,
2005-09-03,42,Come Friday,Aaron Tippin,45,10,Gains In Performance
2005-09-03,43,USA Today,Alan Jackson,49,2,Gains In Performance
2005-09-03,44,Your Man,Josh Turner,47,5,Gains In Performance
2005-09-03,45,Rainbow In The Rain,Clint Black,50,10,Gains In Performance
2005-09-03,46,Summer Girl,Jessica Andrews,46,6,
2005-09-03,47,Good People,Jeff Bates,48,7,
2005-09-03,48,Angels,Randy Travis,51,8,Gains In Performance
2005-09-03,49,Fightin' For,Cross Canadian Ragweed,NEW,1,Highest ranking debut|Gains In Performance
2005-09-03,50,The Dollar,Jamey Johnson,NEW,1,Gains In Performance
2005-09-03,51,King Of The Castle,Matt Jenkins,54,10,Gains In Performance
2005-09-03,52,Inside Your Heaven,Carrie Underwood,53,10,
2005-09-03,53,They Don't Understand,Sawyer Brown,55,3,
2005-09-03,54,That's The Kind Of Love I'm In,Jace Everett,57,8,Gains In Performance
2005-09-03,55,American By God's Amazing Grace,Luke Stricklin,52,3,
2005-09-03,56,"I Love Her, She Hates Me",Darryl Worley,NEW,1,Gains In Performance
2005-09-03,57,Gloryland,Keni Thomas Featuring Blackhawk,56,3,Gains In Performance
2005-09-03,58,My Kind Of Music,Ray Scott,58,2,Gains In Performance
2005-09-03,59,Anywhere But Here,Brice Long,NEW,1,Gains In Performance
2005-09-03,60,Nobody But Me,Blake Shelton,NEW,1,Gains In Performance
2005-09-10,1,Mississippi Girl,Faith Hill,1,16,
2005-09-10,2,Play Something Country,Brooks & Dunn,4,15,Gains In Performance
2005-09-10,3,As Good As I Once Was,Toby Keith,3,17,
2005-09-10,4,A Real Fine Place To Start,Sara Evans,7,19,Gains In Performance
2005-09-10,5,Do You Want Fries With That,Tim McGraw,6,16,
2005-09-10,6,Alcohol,Brad Paisley,5,19,
2005-09-10,7,Something More,Sugarland,2,22,
2005-09-10,8,Help Somebody,Van Zant,8,25,Gains In Performance
2005-09-10,9,Something To Be Proud Of,Montgomery Gentry,9,17,Gains In Performance
2005-09-10,10,Redneck Yacht Club,Craig Morgan,12,17,Gains In Performance
2005-09-10,11,Somebody's Hero,Jamie O'Neal,13,23,Gains In Performance
2005-09-10,12,All Jacked Up,Gretchen Wilson,11,5,Gains In Performance
2005-09-10,13,Fast Cars And Freedom,Rascal Flatts,10,25,
2005-09-10,14,Stay With Me (Brass Bed),Josh Gracin,14,20,Gains In Performance
2005-09-10,15,Better Life,Keith Urban,19,7,Gains In Performance
2005-09-10,16,Probably Wouldn't Be This Way,LeAnn Rimes,17,24,Gains In Performance
2005-09-10,17,Georgia Rain,Trisha Yearwood,15,20,Gains In Performance
2005-09-10,18,Hicktown,Jason Aldean,16,21,Gains In Performance
2005-09-10,19,You're Like Comin' Home,Lonestar,20,13,Gains In Performance
2005-09-10,20,Best I Ever Had,Gary Allan,21,14,Gains In Performance
2005-09-10,21,Arlington,Trace Adkins,18,14,
2005-09-10,22,He Oughta Know That By Now,Lee Ann Womack,22,19,Gains In Performance
2005-09-10,23,Billy's Got His Beer Goggles On,Neal McCoy,23,20,Gains In Performance
2005-09-10,24,Skin (Sarabeth),Rascal Flatts,27,24,Gains In Performance
2005-09-10,25,Delicious Surprise (I Believe It),Jo Dee Messina,24,12,Gains In Performance
2005-09-10,26,Good Ole Days,Phil Vassar,26,12,Gains In Performance
2005-09-10,27,Come A Little Closer,Dierks Bentley,29,7,Gains In Performance
2005-09-10,28,Dream Big,Ryan Shupe & The RubberBand,28,21,Gains In Performance
2005-09-10,29,Keg In The Closet,Kenny Chesney,25,19,
2005-09-10,30,4th Of July,Shooter Jennings Featuring George Jones,30,21,Gains In Performance
2005-09-10,31,Boondocks,Little Big Town,33,15,Gains In Performance
2005-09-10,32,Tequila Makes Her Clothes Fall Off,Joe Nichols,34,5,Gains In Performance
2005-09-10,33,Miss Me Baby,Chris Cagle,31,12,Gains In Performance
2005-09-10,34,Must Be Doin' Somethin' Right,Billy Currington,32,14,Gains In Performance
2005-09-10,35,Used To The Pain,Tracy Lawrence,35,10,Gains In Performance
2005-09-10,36,The Best Man,Blaine Larsen,36,16,Gains In Performance
2005-09-10,37,(I Never Promised You A) Rose Garden,Martina McBride,39,4,Gains In Performance
2005-09-10,38,Texas,George Strait,37,11,Gains In Performance
2005-09-10,39,XXL,Keith Anderson,40,7,Gains In Performance
2005-09-10,40,She Didn't Have Time,Terri Clark,38,6,Gains In Performance
2005-09-10,41,USA Today,Alan Jackson,43,3,Gains In Performance
2005-09-10,42,Where We Both Say Goodbye,Catherine Britt & Elton John,41,6,Gains In Performance
2005-09-10,43,Come Friday,Aaron Tippin,42,11,
2005-09-10,44,Your Man,Josh Turner,44,6,Gains In Performance
2005-09-10,45,Fightin' For,Cross Canadian Ragweed,49,2,Gains In Performance
2005-09-10,46,Good People,Jeff Bates,47,8,
2005-09-10,47,Rainbow In The Rain,Clint Black,45,11,
2005-09-10,48,Summer Girl,Jessica Andrews,46,7,
2005-09-10,49,Angels,Randy Travis,48,9,
2005-09-10,50,American By God's Amazing Grace,Luke Stricklin,55,4,Gains In Performance
2005-09-10,51,Nobody But Me,Blake Shelton,60,2,Gains In Performance
2005-09-10,52,Comin' To Your City,Big & Rich,NEW,1,Highest ranking debut|Gains In Performance
2005-09-10,53,The Dollar,Jamey Johnson,50,2,Gains In Performance
2005-09-10,54,Ain't Wastin' Good Whiskey On You,Trick Pony,NEW,1,Gains In Performance
2005-09-10,55,Like We Never Loved At All,Faith Hill,RE,3,Gains In Performance
2005-09-10,56,My Kind Of Music,Ray Scott,58,3,Gains In Performance
2005-09-10,57,Shoes,Shania Twain,NEW,1,Gains In Performance
2005-09-10,58,Inside Your Heaven,Carrie Underwood,52,11,
2005-09-10,59,They Don't Understand,Sawyer Brown,53,4,
2005-09-10,60,King Of The Castle,Matt Jenkins,51,11,
2005-09-17,1,Play Something Country,Brooks & Dunn,2,16,Gains In Performance
2005-09-17,2,A Real Fine Place To Start,Sara Evans,4,20,Gains In Performance
2005-09-17,3,As Good As I Once Was,Toby Keith,3,18,
2005-09-17,4,Alcohol,Brad Paisley,6,20,
2005-09-17,5,Do You Want Fries With That,Tim McGraw,5,17,
2005-09-17,6,Something To Be Proud Of,Montgomery Gentry,9,18,Gains In Performance
2005-09-17,7,Mississippi Girl,Faith Hill,1,17,
2005-09-17,8,Something More,Sugarland,7,23,
2005-09-17,9,Help Somebody,Van Zant,8,26,
2005-09-17,10,Redneck Yacht Club,Craig Morgan,10,18,Gains In Performance
2005-09-17,11,All Jacked Up,Gretchen Wilson,12,6,Gains In Performance
2005-09-17,12,Somebody's Hero,Jamie O'Neal,11,24,Gains In Performance
2005-09-17,13,Stay With Me (Brass Bed),Josh Gracin,14,21,Gains In Performance
2005-09-17,14,Better Life,Keith Urban,15,8,Gains In Performance
2005-09-17,15,Probably Wouldn't Be This Way,LeAnn Rimes,16,25,Gains In Performance
2005-09-17,16,Hicktown,Jason Aldean,18,22,Gains In Performance
2005-09-17,17,Georgia Rain,Trisha Yearwood,17,21,Gains In Performance
2005-09-17,18,You're Like Comin' Home,Lonestar,19,14,Gains In Performance
2005-09-17,19,Best I Ever Had,Gary Allan,20,15,Gains In Performance
2005-09-17,20,Skin (Sarabeth),Rascal Flatts,24,25,Gains In Performance
2005-09-17,21,Billy's Got His Beer Goggles On,Neal McCoy,23,21,Gains In Performance
2005-09-17,22,He Oughta Know That By Now,Lee Ann Womack,22,20,Gains In Performance
2005-09-17,23,Come A Little Closer,Dierks Bentley,27,8,Gains In Performance
2005-09-17,24,Delicious Surprise (I Believe It),Jo Dee Messina,25,13,Gains In Performance
2005-09-17,25,Good Ole Days,Phil Vassar,26,13,Gains In Performance
2005-09-17,26,Tequila Makes Her Clothes Fall Off,Joe Nichols,32,6,Gains In Performance
2005-09-17,27,Dream Big,Ryan Shupe & The RubberBand,28,22,Gains In Performance
2005-09-17,28,Arlington,Trace Adkins,21,15,
2005-09-17,29,4th Of July,Shooter Jennings Featuring George Jones,30,22,Gains In Performance
2005-09-17,30,Miss Me Baby,Chris Cagle,33,13,Gains In Performance
2005-09-17,31,Must Be Doin' Somethin' Right,Billy Currington,34,15,Gains In Performance
2005-09-17,32,Boondocks,Little Big Town,31,16,Gains In Performance
2005-09-17,33,Keg In The Closet,Kenny Chesney,29,20,
2005-09-17,34,(I Never Promised You A) Rose Garden,Martina McBride,37,5,Gains In Performance
2005-09-17,35,USA Today,Alan Jackson,41,4,Gains In Performance
2005-09-17,36,Used To The Pain,Tracy Lawrence,35,11,Gains In Performance
2005-09-17,37,The Best Man,Blaine Larsen,36,17,Gains In Performance
2005-09-17,38,XXL,Keith Anderson,39,8,Gains In Performance
2005-09-17,39,She Didn't Have Time,Terri Clark,40,7,Gains In Performance
2005-09-17,40,Texas,George Strait,38,12,Gains In Performance
2005-09-17,41,Like We Never Loved At All,Faith Hill,55,4,Gains In Performance
2005-09-17,42,Where We Both Say Goodbye,Catherine Britt & Elton John,42,7,
2005-09-17,43,Comin' To Your City,Big & Rich,52,2,Gains In Performance
2005-09-17,44,Your Man,Josh Turner,44,7,Gains In Performance
2005-09-17,45,Shoes,Shania Twain,57,2,Gains In Performance
2005-09-17,46,Fightin' For,Cross Canadian Ragweed,45,3,Gains In Performance
2005-09-17,47,Nobody But Me,Blake Shelton,51,3,Gains In Performance
2005-09-17,48,Come Friday,Aaron Tippin,43,12,
2005-09-17,49,She Let Herself Go,George Strait,NEW,1,Highest ranking debut|Gains In Performance
2005-09-17,50,Good People,Jeff Bates,46,9,Gains In Performance
2005-09-17,51,The Dollar,Jamey Johnson,53,3,Gains In Performance
2005-09-17,52,You're Gonna Be (Always Loved By Me),Reba McEntire,NEW,1,Gains In Performance
2005-09-17,53,Summer Girl,Jessica Andrews,48,8,
2005-09-17,54,They Don't Understand,Sawyer Brown,59,5,Gains In Performance
2005-09-17,55,Angels,Randy Travis,49,10,
2005-09-17,56,Stand Back Up,Sugarland,NEW,1,Gains In Performance
2005-09-17,57,Big Blue Note,Toby Keith,NEW,1,Gains In Performance
2005-09-17,58,American By God's Amazing Grace,Luke Stricklin,50,5,
2005-09-17,59,Inside Your Heaven,Carrie Underwood,58,12,Gains In Performance
2005-09-17,60,My Kind Of Music,Ray Scott,56,4,Gains In Performance
2005-09-24,1,A Real Fine Place To Start,Sara Evans,2,21,Gains In Performance
2005-09-24,2,Something To Be Proud Of,Montgomery Gentry,6,19,Gains In Performance
2005-09-24,3,As Good As I Once Was,Toby Keith,3,19,
2005-09-24,4,Alcohol,Brad Paisley,4,21,
2005-09-24,5,Play Something Country,Brooks & Dunn,1,17,
2005-09-24,6,Redneck Yacht Club,Craig Morgan,10,19,Gains In Performance
2005-09-24,7,Do You Want Fries With That,Tim McGraw,5,18,
2005-09-24,8,Somebody's Hero,Jamie O'Neal,12,25,Gains In Performance
2005-09-24,9,All Jacked Up,Gretchen Wilson,11,7,Gains In Performance
2005-09-24,10,Better Life,Keith Urban,14,9,Gains In Performance
2005-09-24,11,Stay With Me (Brass Bed),Josh Gracin,13,22,Gains In Performance
2005-09-24,12,Mississippi Girl,Faith Hill,7,18,
2005-09-24,13,Something More,Sugarland,8,24,
2005-09-24,14,Probably Wouldn't Be This Way,LeAnn Rimes,15,26,Gains In Performance
2005-09-24,15,Hicktown,Jason Aldean,16,23,Gains In Performance
2005-09-24,16,You're Like Comin' Home,Lonestar,18,15,Gains In Performance
2005-09-24,17,Georgia Rain,Trisha Yearwood,17,22,Gains In Performance
2005-09-24,18,Best I Ever Had,Gary Allan,19,16,Gains In Performance
2005-09-24,19,Skin (Sarabeth),Rascal Flatts,20,26,Gains In Performance
2005-09-24,20,Billy's Got His Beer Goggles On,Neal McCoy,21,22,Gains In Performance
2005-09-24,21,Come A Little Closer,Dierks Bentley,23,9,Gains In Performance
2005-09-24,22,He Oughta Know That By Now,Lee Ann Womack,22,21,Gains In Performance
2005-09-24,23,Delicious Surprise (I Believe It),Jo Dee Messina,24,14,Gains In Performance
2005-09-24,24,Good Ole Days,Phil Vassar,25,14,Gains In Performance
2005-09-24,25,Tequila Makes Her Clothes Fall Off,Joe Nichols,26,7,Gains In Performance
2005-09-24,26,4th Of July,Shooter Jennings Featuring George Jones,29,23,Gains In Performance
2005-09-24,27,Dream Big,Ryan Shupe & The RubberBand,27,23,Gains In Performance
2005-09-24,28,Miss Me Baby,Chris Cagle,30,14,Gains In Performance
2005-09-24,29,Must Be Doin' Somethin' Right,Billy Currington,31,16,Gains In Performance
2005-09-24,30,Boondocks,Little Big Town,32,17,Gains In Performance
2005-09-24,31,(I Never Promised You A) Rose Garden,Martina McBride,34,6,Gains In Performance
2005-09-24,32,Like We Never Loved At All,Faith Hill,41,5,Gains In Performance
2005-09-24,33,USA Today,Alan Jackson,35,5,Gains In Performance
2005-09-24,34,Arlington,Trace Adkins,28,16,
2005-09-24,35,XXL,Keith Anderson,38,9,Gains In Performance
2005-09-24,36,Big Blue Note,Toby Keith,57,2,Gains In Performance
2005-09-24,37,She Didn't Have Time,Terri Clark,39,8,Gains In Performance
2005-09-24,38,Used To The Pain,Tracy Lawrence,36,12,
2005-09-24,39,Texas,George Strait,40,13,Gains In Performance
2005-09-24,40,The Best Man,Blaine Larsen,37,18,
2005-09-24,41,She Let Herself Go,George Strait,49,2,Gains In Performance
2005-09-24,42,Shoes,Shania Twain,45,3,Gains In Performance
2005-09-24,43,Where We Both Say Goodbye,Catherine Britt & Elton John,42,8,Gains In Performance
2005-09-24,44,Comin' To Your City,Big & Rich,43,3,Gains In Performance
2005-09-24,45,You're Gonna Be (Always Loved By Me),Reba McEntire,52,2,Gains In Performance
2005-09-24,46,Your Man,Josh Turner,44,8,Gains In Performance
2005-09-24,47,Stand Back Up,Sugarland,56,2,Gains In Performance
2005-09-24,48,Fightin' For,Cross Canadian Ragweed,46,4,Gains In Performance
2005-09-24,49,Nobody But Me,Blake Shelton,47,4,Gains In Performance
2005-09-24,50,The Dollar,Jamey Johnson,51,4,Gains In Performance
2005-09-24,51,Good People,Jeff Bates,50,10,Gains In Performance
2005-09-24,52,Just Might (Make Me Believe),Sugarland,NEW,1,Highest ranking debut|Gains In Performance
2005-09-24,53,They Don't Understand,Sawyer Brown,54,6,Gains In Performance
2005-09-24,54,Summer Girl,Jessica Andrews,53,9,Gains In Performance
2005-09-24,55,Come Friday,Aaron Tippin,48,13,
2005-09-24,56,American By God's Amazing Grace,Luke Stricklin,58,6,Gains In Performance
2005-09-24,57,Angels,Randy Travis,55,11,
2005-09-24,58,My Kind Of Music,Ray Scott,60,5,Gains In Performance
2005-09-24,59,Here's To You,Rascal Flatts,NEW,1,Gains In Performance
2005-09-24,60,It's My Time (Waste It If I Want To),Steve Holy,NEW,1,Gains In Performance
2005-10-01,1,A Real Fine Place To Start,Sara Evans,1,22,Gains In Performance
2005-10-01,2,Something To Be Proud Of,Montgomery Gentry,2,20,Gains In Performance
2005-10-01,3,Redneck Yacht Club,Craig Morgan,6,20,Gains In Performance
2005-10-01,4,Better Life,Keith Urban,10,10,Gains In Performance
2005-10-01,5,Somebody's Hero,Jamie O'Neal,8,26,Gains In Performance
2005-10-01,6,As Good As I Once Was,Toby Keith,3,20,
2005-10-01,7,Stay With Me (Brass Bed),Josh Gracin,11,23,Gains In Performance
2005-10-01,8,All Jacked Up,Gretchen Wilson,9,8,
2005-10-01,9,Probably Wouldn't Be This Way,LeAnn Rimes,14,27,Gains In Performance
2005-10-01,10,Play Something Country,Brooks & Dunn,5,18,
2005-10-01,11,Alcohol,Brad Paisley,4,22,
2005-10-01,12,Mississippi Girl,Faith Hill,12,19,
2005-10-01,13,Something More,Sugarland,13,25,
2005-10-01,14,Hicktown,Jason Aldean,15,24,Gains In Performance
2005-10-01,15,You're Like Comin' Home,Lonestar,16,16,Gains In Performance
2005-10-01,16,Skin (Sarabeth),Rascal Flatts,19,27,Gains In Performance
2005-10-01,17,Georgia Rain,Trisha Yearwood,17,23,Gains In Performance
2005-10-01,18,Best I Ever Had,Gary Allan,18,17,Gains In Performance
2005-10-01,19,Do You Want Fries With That,Tim McGraw,7,19,
2005-10-01,20,Billy's Got His Beer Goggles On,Neal McCoy,20,23,Gains In Performance
2005-10-01,21,Come A Little Closer,Dierks Bentley,21,10,Gains In Performance
2005-10-01,22,Tequila Makes Her Clothes Fall Off,Joe Nichols,25,8,Gains In Performance
2005-10-01,23,He Oughta Know That By Now,Lee Ann Womack,22,22,Gains In Performance
2005-10-01,24,Good Ole Days,Phil Vassar,24,15,Gains In Performance
2005-10-01,25,Delicious Surprise (I Believe It),Jo Dee Messina,23,15,Gains In Performance
2005-10-01,26,Who You'd Be Today,Kenny Chesney,NEW,1,Gains In Performance
2005-10-01,27,Big Blue Note,Toby Keith,36,3,Gains In Performance
2005-10-01,28,Boondocks,Little Big Town,30,18,Gains In Performance
2005-10-01,29,Like We Never Loved At All,Faith Hill,32,6,Gains In Performance
2005-10-01,30,Must Be Doin' Somethin' Right,Billy Currington,29,17,Gains In Performance
2005-10-01,31,Miss Me Baby,Chris Cagle,28,15,Gains In Performance
2005-10-01,32,4th Of July,Shooter Jennings Featuring George Jones,26,24,Gains In Performance
2005-10-01,33,Dream Big,Ryan Shupe & The RubberBand,27,24,Gains In Performance
2005-10-01,34,(I Never Promised You A) Rose Garden,Martina McBride,31,7,Gains In Performance
2005-10-01,35,USA Today,Alan Jackson,33,6,Gains In Performance
2005-10-01,36,She Let Herself Go,George Strait,41,3,Gains In Performance
2005-10-01,37,XXL,Keith Anderson,35,10,Gains In Performance
2005-10-01,38,She Didn't Have Time,Terri Clark,37,9,Gains In Performance
2005-10-01,39,Shoes,Shania Twain,42,4,Gains In Performance
2005-10-01,40,Used To The Pain,Tracy Lawrence,38,13,Gains In Performance
2005-10-01,41,Texas,George Strait,39,14,Gains In Performance
2005-10-01,42,Comin' To Your City,Big & Rich,44,4,Gains In Performance
2005-10-01,43,The Best Man,Blaine Larsen,40,19,
2005-10-01,44,Arlington,Trace Adkins,34,17,
2005-10-01,45,Your Man,Josh Turner,46,9,Gains In Performance
2005-10-01,46,Just Might (Make Me Believe),Sugarland,52,2,Gains In Performance
2005-10-01,47,You're Gonna Be (Always Loved By Me),Reba McEntire,45,3,Gains In Performance
2005-10-01,48,Where We Both Say Goodbye,Catherine Britt & Elton John,43,9,
2005-10-01,49,Fightin' For,Cross Canadian Ragweed,48,5,Gains In Performance
2005-10-01,50,The Dollar,Jamey Johnson,50,5,Gains In Performance
2005-10-01,51,Stand Back Up,Sugarland,47,3,
2005-10-01,52,Nobody But Me,Blake Shelton,49,5,
2005-10-01,53,Good People,Jeff Bates,51,11,
2005-10-01,54,They Don't Understand,Sawyer Brown,53,7,Gains In Performance
2005-10-01,55,American By God's Amazing Grace,Luke Stricklin,56,7,Gains In Performance
2005-10-01,56,Honky Tonk Badonkadonk,Trace Adkins,RE,2,Gains In Performance
2005-10-01,57,My Kind Of Music,Ray Scott,58,6,
2005-10-01,58,Anywhere But Here,Brice Long,RE,2,Gains In Performance
2005-10-01,59,Summer Girl,Jessica Andrews,54,10,
2005-10-01,60,Here's To You,Rascal Flatts,59,2,
2005-10-08,1,Something To Be Proud Of,Montgomery Gentry,2,21,Gains In Performance
2005-10-08,2,A Real Fine Place To Start,Sara Evans,1,23,
2005-10-08,3,Redneck Yacht Club,Craig Morgan,3,21,Gains In Performance
2005-10-08,4,Better Life,Keith Urban,4,11,Gains In Performance
2005-10-08,5,Somebody's Hero,Jamie O'Neal,5,27,Gains In Performance
2005-10-08,6,Stay With Me (Brass Bed),Josh Gracin,7,24,Gains In Performance
2005-10-08,7,As Good As I Once Was,Toby Keith,6,21,
2005-10-08,8,All Jacked Up,Gretchen Wilson,8,9,Gains In Performance
2005-10-08,9,Probably Wouldn't Be This Way,LeAnn Rimes,9,28,Gains In Performance
2005-10-08,10,Skin (Sarabeth),Rascal Flatts,16,28,Gains In Performance
2005-10-08,11,Hicktown,Jason Aldean,14,25,Gains In Performance
2005-10-08,12,You're Like Comin' Home,Lonestar,15,17,Gains In Performance
2005-10-08,13,Mississippi Girl,Faith Hill,12,20,
2005-10-08,14,Billy's Got His Beer Goggles On,Neal McCoy,20,24,Gains In Performance
2005-10-08,15,Georgia Rain,Trisha Yearwood,17,24,
2005-10-08,16,Best I Ever Had,Gary Allan,18,18,Gains In Performance
2005-10-08,17,Play Something Country,Brooks & Dunn,10,19,
2005-10-08,18,Who You'd Be Today,Kenny Chesney,26,2,Gains In Performance
2005-10-08,19,Come A Little Closer,Dierks Bentley,21,11,Gains In Performance
2005-10-08,20,Tequila Makes Her Clothes Fall Off,Joe Nichols,22,9,Gains In Performance
2005-10-08,21,Big Blue Note,Toby Keith,27,4,Gains In Performance
2005-10-08,22,He Oughta Know That By Now,Lee Ann Womack,23,23,Gains In Performance
2005-10-08,23,Good Ole Days,Phil Vassar,24,16,Gains In Performance
2005-10-08,24,Do You Want Fries With That,Tim McGraw,19,20,
2005-10-08,25,Boondocks,Little Big Town,28,19,Gains In Performance
2005-10-08,26,Like We Never Loved At All,Faith Hill,29,7,Gains In Performance
2005-10-08,27,Delicious Surprise (I Believe It),Jo Dee Messina,25,16,Gains In Performance
2005-10-08,28,Must Be Doin' Somethin' Right,Billy Currington,30,18,Gains In Performance
2005-10-08,29,Dream Big,Ryan Shupe & The RubberBand,33,25,Gains In Performance
2005-10-08,30,(I Never Promised You A) Rose Garden,Martina McBride,34,8,Gains In Performance
2005-10-08,31,Miss Me Baby,Chris Cagle,31,16,Gains In Performance
2005-10-08,32,USA Today,Alan Jackson,35,7,Gains In Performance
2005-10-08,33,She Let Herself Go,George Strait,36,4,Gains In Performance
2005-10-08,34,4th Of July,Shooter Jennings Featuring George Jones,32,25,
2005-10-08,35,XXL,Keith Anderson,37,11,Gains In Performance
2005-10-08,36,She Didn't Have Time,Terri Clark,38,10,Gains In Performance
2005-10-08,37,Shoes,Shania Twain,39,5,Gains In Performance
2005-10-08,38,Used To The Pain,Tracy Lawrence,40,14,
2005-10-08,39,Just Might (Make Me Believe),Sugarland,46,3,Gains In Performance
2005-10-08,40,Comin' To Your City,Big & Rich,42,5,Gains In Performance
2005-10-08,41,Texas,George Strait,41,15,
2005-10-08,42,Your Man,Josh Turner,45,10,Gains In Performance
2005-10-08,43,The Dollar,Jamey Johnson,50,6,Gains In Performance
2005-10-08,44,Arlington,Trace Adkins,44,18,
2005-10-08,45,You're Gonna Be (Always Loved By Me),Reba McEntire,47,4,Gains In Performance
2005-10-08,46,Fightin' For,Cross Canadian Ragweed,49,6,Gains In Performance
2005-10-08,47,The Best Man,Blaine Larsen,43,20,
2005-10-08,48,Honky Tonk Badonkadonk,Trace Adkins,56,3,Gains In Performance
2005-10-08,49,Nobody But Me,Blake Shelton,52,6,Gains In Performance
2005-10-08,50,When I Get Where I'm Going,Brad Paisley Featuring Dolly Parton,NEW,1,Highest ranking debut|Gains In Performance
2005-10-08,51,Good People,Jeff Bates,53,12,
2005-10-08,52,They Don't Understand,Sawyer Brown,54,8,
2005-10-08,53,Where We Both Say Goodbye,Catherine Britt & Elton John,48,10,
2005-10-08,54,American By God's Amazing Grace,Luke Stricklin,55,8,
2005-10-08,55,My Old Friend,Tim McGraw,NEW,1,Gains In Performance
2005-10-08,56,My Kind Of Music,Ray Scott,57,7,Gains In Performance
2005-10-08,57,Stand Back Up,Sugarland,51,4,
2005-10-08,58,Politically Uncorrect,Gretchen Wilson Featuring Merle Haggard,NEW,1,Gains In Performance
2005-10-08,59,Nobody Gonna Tell Me What To Do,Van Zant,NEW,1,Gains In Performance
2005-10-08,60,Anywhere But Here,Brice Long,58,3,Gains In Performance
2005-10-15,1,Something To Be Proud Of,Montgomery Gentry,1,22,Gains In Performance
2005-10-15,2,Better Life,Keith Urban,4,12,Gains In Performance
2005-10-15,3,Redneck Yacht Club,Craig Morgan,3,22,Gains In Performance
2005-10-15,4,Somebody's Hero,Jamie O'Neal,5,28,Gains In Performance
2005-10-15,5,A Real Fine Place To Start,Sara Evans,2,24,
2005-10-15,6,Stay With Me (Brass Bed),Josh Gracin,6,25,Gains In Performance
2005-10-15,7,Probably Wouldn't Be This Way,LeAnn Rimes,9,29,Gains In Performance
2005-10-15,8,As Good As I Once Was,Toby Keith,7,22,
2005-10-15,9,All Jacked Up,Gretchen Wilson,8,10,
2005-10-15,10,Skin (Sarabeth),Rascal Flatts,10,29,Gains In Performance
2005-10-15,11,Hicktown,Jason Aldean,11,26,Gains In Performance
2005-10-15,12,You're Like Comin' Home,Lonestar,12,18,Gains In Performance
2005-10-15,13,Who You'd Be Today,Kenny Chesney,18,3,Gains In Performance
2005-10-15,14,Come A Little Closer,Dierks Bentley,19,12,Gains In Performance
2005-10-15,15,Billy's Got His Beer Goggles On,Neal McCoy,14,25,Gains In Performance
2005-10-15,16,Best I Ever Had,Gary Allan,16,19,Gains In Performance
2005-10-15,17,Tequila Makes Her Clothes Fall Off,Joe Nichols,20,10,Gains In Performance
2005-10-15,18,Big Blue Note,Toby Keith,21,5,Gains In Performance
2005-10-15,19,Play Something Country,Brooks & Dunn,17,20,
2005-10-15,20,Boondocks,Little Big Town,25,20,Gains In Performance
2005-10-15,21,Like We Never Loved At All,Faith Hill,26,8,Gains In Performance
2005-10-15,22,Good Ole Days,Phil Vassar,23,17,Gains In Performance
2005-10-15,23,She Let Herself Go,George Strait,33,5,Gains In Performance
2005-10-15,24,Must Be Doin' Somethin' Right,Billy Currington,28,19,Gains In Performance
2005-10-15,25,Delicious Surprise (I Believe It),Jo Dee Messina,27,17,Gains In Performance
2005-10-15,26,USA Today,Alan Jackson,32,8,Gains In Performance
2005-10-15,27,Miss Me Baby,Chris Cagle,31,17,Gains In Performance
2005-10-15,28,(I Never Promised You A) Rose Garden,Martina McBride,30,9,Gains In Performance
2005-10-15,29,Dream Big,Ryan Shupe & The RubberBand,29,26,Gains In Performance
2005-10-15,30,4th Of July,Shooter Jennings Featuring George Jones,34,26,Gains In Performance
2005-10-15,31,XXL,Keith Anderson,35,12,Gains In Performance
2005-10-15,32,Shoes,Shania Twain,37,6,Gains In Performance
2005-10-15,33,She Didn't Have Time,Terri Clark,36,11,Gains In Performance
2005-10-15,34,Just Might (Make Me Believe),Sugarland,39,4,Gains In Performance
2005-10-15,35,Used To The Pain,Tracy Lawrence,38,15,Gains In Performance
2005-10-15,36,Honky Tonk Badonkadonk,Trace Adkins,48,4,Gains In Performance
2005-10-15,37,Comin' To Your City,Big & Rich,40,6,Gains In Performance
2005-10-15,38,When I Get Where I'm Going,Brad Paisley Featuring Dolly Parton,50,2,Gains In Performance
2005-10-15,39,Your Man,Josh Turner,42,11,Gains In Performance
2005-10-15,40,You're Gonna Be (Always Loved By Me),Reba McEntire,45,5,Gains In Performance
2005-10-15,41,The Dollar,Jamey Johnson,43,7,Gains In Performance
2005-10-15,42,Texas,George Strait,41,16,
2005-10-15,43,Nobody But Me,Blake Shelton,49,7,Gains In Performance
2005-10-15,44,Fightin' For,Cross Canadian Ragweed,46,7,Gains In Performance
2005-10-15,45,My Old Friend,Tim McGraw,55,2,Gains In Performance
2005-10-15,46,Nobody Gonna Tell Me What To Do,Van Zant,59,2,Gains In Performance
2005-10-15,47,Arlington,Trace Adkins,44,19,
2005-10-15,48,They Don't Understand,Sawyer Brown,52,9,Gains In Performance
2005-10-15,49,Good People,Jeff Bates,51,13,Gains In Performance
2005-10-15,50,Kerosene,Miranda Lambert,NEW,1,Highest ranking debut|Gains In Performance
2005-10-15,51,American By God's Amazing Grace,Luke Stricklin,54,9,Gains In Performance
2005-10-15,52,My Kind Of Music,Ray Scott,56,8,Gains In Performance
2005-10-15,53,I Don't,Danielle Peck,NEW,1,Gains In Performance
2005-10-15,54,Ain't Wastin' Good Whiskey On You,Trick Pony,RE,2,Gains In Performance
2005-10-15,55,Anywhere But Here,Brice Long,60,4,
2005-10-15,56,Come Friday,Aaron Tippin,RE,14,Gains In Performance
2005-10-15,57,Here's To You,Rascal Flatts,RE,3,
2005-10-15,58,Attitude,Wynonna,NEW,1,Gains In Performance
2005-10-15,59,It's My Time (Waste It If I Want To),Steve Holy,RE,2,
2005-10-15,60,Wherever You Are,Jack Ingram,NEW,1,Gains In Performance
2005-10-22,1,Better Life,Keith Urban,2,13,Gains In Performance
2005-10-22,2,Something To Be Proud Of,Montgomery Gentry,1,23,
2005-10-22,3,Redneck Yacht Club,Craig Morgan,3,23,Gains In Performance
2005-10-22,4,Somebody's Hero,Jamie O'Neal,4,29,Gains In Performance
2005-10-22,5,Stay With Me (Brass Bed),Josh Gracin,6,26,Gains In Performance
2005-10-22,6,Probably Wouldn't Be This Way,LeAnn Rimes,7,30,Gains In Performance
2005-10-22,7,A Real Fine Place To Start,Sara Evans,5,25,
2005-10-22,8,Skin (Sarabeth),Rascal Flatts,10,30,Gains In Performance
2005-10-22,9,Who You'd Be Today,Kenny Chesney,13,4,Gains In Performance
2005-10-22,10,Hicktown,Jason Aldean,11,27,Gains In Performance
2005-10-22,11,Come A Little Closer,Dierks Bentley,14,13,Gains In Performance
2005-10-22,12,You're Like Comin' Home,Lonestar,12,19,Gains In Performance
2005-10-22,13,Tequila Makes Her Clothes Fall Off,Joe Nichols,17,11,Gains In Performance
2005-10-22,14,Big Blue Note,Toby Keith,18,6,Gains In Performance
2005-10-22,15,Billy's Got His Beer Goggles On,Neal McCoy,15,26,Gains In Performance
2005-10-22,16,Best I Ever Had,Gary Allan,16,20,Gains In Performance
2005-10-22,17,All Jacked Up,Gretchen Wilson,9,11,
2005-10-22,18,Good Ride Cowboy,Garth Brooks,NEW,1,Highest ranking debut|Gains In Performance
2005-10-22,19,Like We Never Loved At All,Faith Hill,21,9,Gains In Performance
2005-10-22,20,She Let Herself Go,George Strait,23,6,Gains In Performance
2005-10-22,21,Boondocks,Little Big Town,20,21,Gains In Performance
2005-10-22,22,Must Be Doin' Somethin' Right,Billy Currington,24,20,Gains In Performance
2005-10-22,23,USA Today,Alan Jackson,26,9,Gains In Performance
2005-10-22,24,Good Ole Days,Phil Vassar,22,18,Gains In Performance
2005-10-22,25,Miss Me Baby,Chris Cagle,27,18,Gains In Performance
2005-10-22,26,(I Never Promised You A) Rose Garden,Martina McBride,28,10,Gains In Performance
2005-10-22,27,Delicious Surprise (I Believe It),Jo Dee Messina,25,18,
2005-10-22,28,Just Might (Make Me Believe),Sugarland,34,5,Gains In Performance
2005-10-22,29,XXL,Keith Anderson,31,13,Gains In Performance
2005-10-22,30,Honky Tonk Badonkadonk,Trace Adkins,36,5,Gains In Performance
2005-10-22,31,Shoes,Shania Twain,32,7,
2005-10-22,32,When I Get Where I'm Going,Brad Paisley Featuring Dolly Parton,38,3,Gains In Performance
2005-10-22,33,My Old Friend,Tim McGraw,45,3,Gains In Performance
2005-10-22,34,Comin' To Your City,Big & Rich,37,7,Gains In Performance
2005-10-22,35,She Didn't Have Time,Terri Clark,33,12,Gains In Performance
2005-10-22,36,Your Man,Josh Turner,39,12,Gains In Performance
2005-10-22,37,The Dollar,Jamey Johnson,41,8,Gains In Performance
2005-10-22,38,Nobody But Me,Blake Shelton,43,8,Gains In Performance
2005-10-22,39,Texas,George Strait,42,17,
2005-10-22,40,Used To The Pain,Tracy Lawrence,35,16,
2005-10-22,41,You're Gonna Be (Always Loved By Me),Reba McEntire,40,6,Gains In Performance
2005-10-22,42,Nobody Gonna Tell Me What To Do,Van Zant,46,3,Gains In Performance
2005-10-22,43,Fightin' For,Cross Canadian Ragweed,44,8,Gains In Performance
2005-10-22,44,They Don't Understand,Sawyer Brown,48,10,Gains In Performance
2005-10-22,45,Kerosene,Miranda Lambert,50,2,Gains In Performance
2005-10-22,46,Arlington,Trace Adkins,47,20,
2005-10-22,47,I Don't,Danielle Peck,53,2,Gains In Performance
2005-10-22,48,My Kind Of Music,Ray Scott,52,9,Gains In Performance
2005-10-22,49,Believe,Brooks & Dunn,NEW,1,Gains In Performance
2005-10-22,50,I Don't Feel Like Loving You Today,Gretchen Wilson,NEW,1,Gains In Performance
2005-10-22,51,American By God's Amazing Grace,Luke Stricklin,51,10,
2005-10-22,52,Anywhere But Here,Brice Long,55,5,Gains In Performance
2005-10-22,53,Ain't Wastin' Good Whiskey On You,Trick Pony,54,3,Gains In Performance
2005-10-22,54,Here's To You,Rascal Flatts,57,4,Gains In Performance
2005-10-22,55,She Don't Tell Me To,Montgomery Gentry,NEW,1,Gains In Performance
2005-10-22,56,Drunker Than Me,Trent Tomlinson,NEW,1,Gains In Performance
2005-10-22,57,Good People,Jeff Bates,49,14,
2005-10-22,58,Way Down,Bobby Pinson,NEW,1,Gains In Performance
2005-10-22,59,Wherever You Are,Jack Ingram,60,2,Gains In Performance
2005-10-22,60,I Hope,Dixie Chicks,NEW,1,Gains In Performance
2005-10-29,1,Better Life,Keith Urban,1,14,Gains In Performance
2005-10-29,2,Redneck Yacht Club,Craig Morgan,3,24,
2005-10-29,3,Somebody's Hero,Jamie O'Neal,4,30,
2005-10-29,4,Something To Be Proud Of,Montgomery Gentry,2,24,
2005-10-29,5,Stay With Me (Brass Bed),Josh Gracin,5,27,
2005-10-29,6,Skin (Sarabeth),Rascal Flatts,8,31,Gains In Performance
2005-10-29,7,Probably Wouldn't Be This Way,LeAnn Rimes,6,31,Gains In Performance
2005-10-29,8,Who You'd Be Today,Kenny Chesney,9,5,Gains In Performance
2005-10-29,9,You're Like Comin' Home,Lonestar,12,20,Gains In Performance
2005-10-29,10,Come A Little Closer,Dierks Bentley,11,14,Gains In Performance
2005-10-29,11,Hicktown,Jason Aldean,10,28,Gains In Performance
2005-10-29,12,Tequila Makes Her Clothes Fall Off,Joe Nichols,13,12,Gains In Performance
2005-10-29,13,Good Ride Cowboy,Garth Brooks,18,2,Gains In Performance
2005-10-29,14,Big Blue Note,Toby Keith,14,7,Gains In Performance
2005-10-29,15,Best I Ever Had,Gary Allan,16,21,Gains In Performance
2005-10-29,16,Billy's Got His Beer Goggles On,Neal McCoy,15,27,Gains In Performance
2005-10-29,17,She Let Herself Go,George Strait,20,7,Gains In Performance
2005-10-29,18,Like We Never Loved At All,Faith Hill,19,10,Gains In Performance
2005-10-29,19,Boondocks,Little Big Town,21,22,Gains In Performance
2005-10-29,20,USA Today,Alan Jackson,23,10,Gains In Performance
2005-10-29,21,Must Be Doin' Somethin' Right,Billy Currington,22,21,Gains In Performance
2005-10-29,22,Miss Me Baby,Chris Cagle,25,19,Gains In Performance
2005-10-29,23,All Jacked Up,Gretchen Wilson,17,12,
2005-10-29,24,(I Never Promised You A) Rose Garden,Martina McBride,26,11,Gains In Performance
2005-10-29,25,Good Ole Days,Phil Vassar,24,19,
2005-10-29,26,Just Might (Make Me Believe),Sugarland,28,6,Gains In Performance
2005-10-29,27,Honky Tonk Badonkadonk,Trace Adkins,30,6,Gains In Performance
2005-10-29,28,My Old Friend,Tim McGraw,33,4,Gains In Performance
2005-10-29,29,Delicious Surprise (I Believe It),Jo Dee Messina,27,19,
2005-10-29,30,When I Get Where I'm Going,Brad Paisley Featuring Dolly Parton,32,4,Gains In Performance
2005-10-29,31,XXL,Keith Anderson,29,14,Gains In Performance
2005-10-29,32,Shoes,Shania Twain,31,8,Gains In Performance
2005-10-29,33,Comin' To Your City,Big & Rich,34,8,Gains In Performance
2005-10-29,34,She Didn't Have Time,Terri Clark,35,13,Gains In Performance
2005-10-29,35,Your Man,Josh Turner,36,13,Gains In Performance
2005-10-29,36,You're Gonna Be (Always Loved By Me),Reba McEntire,41,7,Gains In Performance
2005-10-29,37,The Dollar,Jamey Johnson,37,9,Gains In Performance
2005-10-29,38,Nobody But Me,Blake Shelton,38,9,Gains In Performance
2005-10-29,39,Texas,George Strait,39,18,Gains In Performance
2005-10-29,40,Nobody Gonna Tell Me What To Do,Van Zant,42,4,Gains In Performance
2005-10-29,41,I Don't Feel Like Loving You Today,Gretchen Wilson,50,2,Gains In Performance
2005-10-29,42,Fightin' For,Cross Canadian Ragweed,43,9,Gains In Performance
2005-10-29,43,Kerosene,Miranda Lambert,45,3,Gains In Performance
2005-10-29,44,Used To The Pain,Tracy Lawrence,40,17,
2005-10-29,45,They Don't Understand,Sawyer Brown,44,11,Gains In Performance
2005-10-29,46,She Don't Tell Me To,Montgomery Gentry,55,2,Gains In Performance
2005-10-29,47,I Don't,Danielle Peck,47,3,Gains In Performance
2005-10-29,48,Believe,Brooks & Dunn,49,2,Gains In Performance
2005-10-29,49,My Kind Of Music,Ray Scott,48,10,Gains In Performance
2005-10-29,50,Attitude,Wynonna,RE,2,Gains In Performance
2005-10-29,51,Wherever You Are,Jack Ingram,59,3,Gains In Performance
2005-10-29,52,Drunker Than Me,Trent Tomlinson,56,2,Gains In Performance
2005-10-29,53,Ain't Wastin' Good Whiskey On You,Trick Pony,53,4,Gains In Performance
2005-10-29,54,I Hope,Dixie Chicks,60,2,Gains In Performance
2005-10-29,55,American By God's Amazing Grace,Luke Stricklin,51,11,
2005-10-29,56,Anywhere But Here,Brice Long,52,6,
2005-10-29,57,Here's To You,Rascal Flatts,54,5,
2005-10-29,58,We're Makin' Up,Hot Apple Pie,NEW,1,Highest ranking debut|Gains In Performance
2005-10-29,59,Tell Me,Hanna-McEuen,NEW,1,Gains In Performance
2005-10-29,60,Down And Out,Randy Rogers Band,RE,2,Gains In Performance
2005-11-05,1,Better Life,Keith Urban,1,15,Gains In Performance
2005-11-05,2,Skin (Sarabeth),Rascal Flatts,6,32,Gains In Performance
2005-11-05,3,Probably Wouldn't Be This Way,LeAnn Rimes,7,32,Gains In Performance
2005-11-05,4,Who You'd Be Today,Kenny Chesney,8,6,Gains In Performance
2005-11-05,5,Redneck Yacht Club,Craig Morgan,2,25,
2005-11-05,6,Somebody's Hero,Jamie O'Neal,3,31,
2005-11-05,7,Something To Be Proud Of,Montgomery Gentry,4,25,
2005-11-05,8,Come A Little Closer,Dierks Bentley,10,15,Gains In Performance
2005-11-05,9,Tequila Makes Her Clothes Fall Off,Joe Nichols,12,13,Gains In Performance
2005-11-05,10,Stay With Me (Brass Bed),Josh Gracin,5,28,
2005-11-05,11,You're Like Comin' Home,Lonestar,9,21,Gains In Performance
2005-11-05,12,Good Ride Cowboy,Garth Brooks,13,3,Gains In Performance
2005-11-05,13,Billy's Got His Beer Goggles On,Neal McCoy,16,28,Gains In Performance
2005-11-05,14,Big Blue Note,Toby Keith,14,8,Gains In Performance
2005-11-05,15,Best I Ever Had,Gary Allan,15,22,Gains In Performance
2005-11-05,16,She Let Herself Go,George Strait,17,8,Gains In Performance
2005-11-05,17,Like We Never Loved At All,Faith Hill,18,11,Gains In Performance
2005-11-05,18,Must Be Doin' Somethin' Right,Billy Currington,21,22,Gains In Performance
2005-11-05,19,USA Today,Alan Jackson,20,11,Gains In Performance
2005-11-05,20,Boondocks,Little Big Town,19,23,Gains In Performance
2005-11-05,21,Miss Me Baby,Chris Cagle,22,20,Gains In Performance
2005-11-05,22,Honky Tonk Badonkadonk,Trace Adkins,27,7,Gains In Performance
2005-11-05,23,(I Never Promised You A) Rose Garden,Martina McBride,24,12,Gains In Performance
2005-11-05,24,My Old Friend,Tim McGraw,28,5,Gains In Performance
2005-11-05,25,Just Might (Make Me Believe),Sugarland,26,7,Gains In Performance
2005-11-05,26,When I Get Where I'm Going,Brad Paisley Featuring Dolly Parton,30,5,Gains In Performance
2005-11-05,27,XXL,Keith Anderson,31,15,Gains In Performance
2005-11-05,28,Comin' To Your City,Big & Rich,33,9,Gains In Performance
2005-11-05,29,Shoes,Shania Twain,32,9,
2005-11-05,30,She Didn't Have Time,Terri Clark,34,14,Gains In Performance
2005-11-05,31,Your Man,Josh Turner,35,14,Gains In Performance
2005-11-05,32,All Jacked Up,Gretchen Wilson,23,13,
2005-11-05,33,Good Ole Days,Phil Vassar,25,20,
2005-11-05,34,Nobody But Me,Blake Shelton,38,10,Gains In Performance
2005-11-05,35,You're Gonna Be (Always Loved By Me),Reba McEntire,36,8,Gains In Performance
2005-11-05,36,I Don't Feel Like Loving You Today,Gretchen Wilson,41,3,Gains In Performance
2005-11-05,37,Delicious Surprise (I Believe It),Jo Dee Messina,29,20,
2005-11-05,38,The Dollar,Jamey Johnson,37,10,Gains In Performance
2005-11-05,39,"Jesus, Take The Wheel",Carrie Underwood,NEW,1,Highest ranking debut|Gains In Performance
2005-11-05,40,Believe,Brooks & Dunn,48,3,Gains In Performance
2005-11-05,41,Nobody Gonna Tell Me What To Do,Van Zant,40,5,Gains In Performance
2005-11-05,42,Kerosene,Miranda Lambert,43,4,Gains In Performance
2005-11-05,43,Texas,George Strait,39,19,Gains In Performance
2005-11-05,44,She Don't Tell Me To,Montgomery Gentry,46,3,Gains In Performance
2005-11-05,45,Fightin' For,Cross Canadian Ragweed,42,10,Gains In Performance
2005-11-05,46,I Don't,Danielle Peck,47,4,Gains In Performance
2005-11-05,47,They Don't Understand,Sawyer Brown,45,12,Gains In Performance
2005-11-05,48,My Kind Of Music,Ray Scott,49,11,Gains In Performance
2005-11-05,49,Lipstick,Rockie Lynne,NEW,1,Gains In Performance
2005-11-05,50,American By God's Amazing Grace,Luke Stricklin,55,12,Gains In Performance
2005-11-05,51,Drunker Than Me,Trent Tomlinson,52,3,Gains In Performance
2005-11-05,52,Used To The Pain,Tracy Lawrence,44,18,
2005-11-05,53,Ain't Wastin' Good Whiskey On You,Trick Pony,53,5,Gains In Performance
2005-11-05,54,Here's To You,Rascal Flatts,57,6,Gains In Performance
2005-11-05,55,Wherever You Are,Jack Ingram,51,4,Gains In Performance
2005-11-05,56,Cheatin',Sara Evans,NEW,1,Gains In Performance
2005-11-05,57,We're Makin' Up,Hot Apple Pie,58,2,Gains In Performance
2005-11-05,58,Tell Me,Hanna-McEuen,59,2,Gains In Performance
2005-11-05,59,Corn Fed,Shannon Brown,NEW,1,Gains In Performance
2005-11-05,60,Anywhere But Here,Brice Long,56,7,
2005-11-12,1,Better Life,Keith Urban,1,16,Gains In Performance
2005-11-12,2,Skin (Sarabeth),Rascal Flatts,2,33,Gains In Performance
2005-11-12,3,Who You'd Be Today,Kenny Chesney,4,7,Gains In Performance
2005-11-12,4,Come A Little Closer,Dierks Bentley,8,16,Gains In Performance
2005-11-12,5,Probably Wouldn't Be This Way,LeAnn Rimes,3,33,Gains In Performance
2005-11-12,6,Tequila Makes Her Clothes Fall Off,Joe Nichols,9,14,Gains In Performance
2005-11-12,7,Good Ride Cowboy,Garth Brooks,12,4,Gains In Performance
2005-11-12,8,You're Like Comin' Home,Lonestar,11,22,Gains In Performance
2005-11-12,9,Something To Be Proud Of,Montgomery Gentry,7,26,
2005-11-12,10,Big Blue Note,Toby Keith,14,9,Gains In Performance
2005-11-12,11,Best I Ever Had,Gary Allan,15,23,Gains In Performance
2005-11-12,12,Billy's Got His Beer Goggles On,Neal McCoy,13,29,Gains In Performance
2005-11-12,13,Redneck Yacht Club,Craig Morgan,5,26,
2005-11-12,14,She Let Herself Go,George Strait,16,9,Gains In Performance
2005-11-12,15,Like We Never Loved At All,Faith Hill,17,12,Gains In Performance
2005-11-12,16,Must Be Doin' Somethin' Right,Billy Currington,18,23,Gains In Performance
2005-11-12,17,Boondocks,Little Big Town,20,24,Gains In Performance
2005-11-12,18,USA Today,Alan Jackson,19,12,Gains In Performance
2005-11-12,19,My Old Friend,Tim McGraw,24,6,Gains In Performance
2005-11-12,20,Honky Tonk Badonkadonk,Trace Adkins,22,8,Gains In Performance
2005-11-12,21,Miss Me Baby,Chris Cagle,21,21,Gains In Performance
2005-11-12,22,(I Never Promised You A) Rose Garden,Martina McBride,23,13,Gains In Performance
2005-11-12,23,Just Might (Make Me Believe),Sugarland,25,8,Gains In Performance
2005-11-12,24,When I Get Where I'm Going,Brad Paisley Featuring Dolly Parton,26,6,Gains In Performance
2005-11-12,25,"Jesus, Take The Wheel",Carrie Underwood,39,2,Gains In Performance
2005-11-12,26,XXL,Keith Anderson,27,16,Gains In Performance
2005-11-12,27,Comin' To Your City,Big & Rich,28,10,Gains In Performance
2005-11-12,28,Your Man,Josh Turner,31,15,Gains In Performance
2005-11-12,29,She Didn't Have Time,Terri Clark,30,15,Gains In Performance
2005-11-12,30,I Don't Feel Like Loving You Today,Gretchen Wilson,36,4,Gains In Performance
2005-11-12,31,Nobody But Me,Blake Shelton,34,11,Gains In Performance
2005-11-12,32,All Jacked Up,Gretchen Wilson,32,14,
2005-11-12,33,Shoes,Shania Twain,29,10,
2005-11-12,34,You're Gonna Be (Always Loved By Me),Reba McEntire,35,9,Gains In Performance
2005-11-12,35,She Don't Tell Me To,Montgomery Gentry,44,4,Gains In Performance
2005-11-12,36,The Dollar,Jamey Johnson,38,11,Gains In Performance
2005-11-12,37,Believe,Brooks & Dunn,40,4,Gains In Performance
2005-11-12,38,Nobody Gonna Tell Me What To Do,Van Zant,41,6,Gains In Performance
2005-11-12,39,Kerosene,Miranda Lambert,42,5,Gains In Performance
2005-11-12,40,Texas,George Strait,43,20,
2005-11-12,41,Fightin' For,Cross Canadian Ragweed,45,11,Gains In Performance
2005-11-12,42,I Don't,Danielle Peck,46,5,Gains In Performance
2005-11-12,43,Drunker Than Me,Trent Tomlinson,51,4,Gains In Performance
2005-11-12,44,They Don't Understand,Sawyer Brown,47,13,Gains In Performance
2005-11-12,45,Lipstick,Rockie Lynne,49,2,Gains In Performance
2005-11-12,46,Cheatin',Sara Evans,56,2,Gains In Performance
2005-11-12,47,My Kind Of Music,Ray Scott,48,12,Gains In Performance
2005-11-12,48,Here's To You,Rascal Flatts,54,7,Gains In Performance
2005-11-12,49,Wherever You Are,Jack Ingram,55,5,Gains In Performance
2005-11-12,50,Attitude,Wynonna,RE,3,Gains In Performance
2005-11-12,51,American By God's Amazing Grace,Luke Stricklin,50,13,
2005-11-12,52,Ain't Wastin' Good Whiskey On You,Trick Pony,53,6,
2005-11-12,53,Anywhere But Here,Brice Long,60,8,Gains In Performance
2005-11-12,54,We're Makin' Up,Hot Apple Pie,57,3,Gains In Performance
2005-11-12,55,Used To The Pain,Tracy Lawrence,52,19,
2005-11-12,56,Tell Me,Hanna-McEuen,58,3,
2005-11-12,57,Corn Fed,Shannon Brown,59,2,Gains In Performance
2005-11-12,58,Down And Out,Randy Rogers Band,RE,3,Gains In Performance
2005-11-12,59,I'm Amazed,Lila McCann Featuring Jim Brickman,NEW,1,Highest ranking debut|Gains In Performance
2005-11-12,60,I Hope,Dixie Chicks,RE,3,Gains In Performance
2005-11-19,1,Better Life,Keith Urban,1,17,
2005-11-19,2,Who You'd Be Today,Kenny Chesney,3,8,Gains In Performance
2005-11-19,3,Come A Little Closer,Dierks Bentley,4,17,Gains In Performance
2005-11-19,4,Skin (Sarabeth),Rascal Flatts,2,34,Gains In Performance
2005-11-19,5,Tequila Makes Her Clothes Fall Off,Joe Nichols,6,15,Gains In Performance
2005-11-19,6,Good Ride Cowboy,Garth Brooks,7,5,Gains In Performance
2005-11-19,7,Probably Wouldn't Be This Way,LeAnn Rimes,5,34,
2005-11-19,8,You're Like Comin' Home,Lonestar,8,23,Gains In Performance
2005-11-19,9,Best I Ever Had,Gary Allan,11,24,Gains In Performance
2005-11-19,10,Big Blue Note,Toby Keith,10,10,Gains In Performance
2005-11-19,11,Billy's Got His Beer Goggles On,Neal McCoy,12,30,Gains In Performance
2005-11-19,12,Something To Be Proud Of,Montgomery Gentry,9,27,
2005-11-19,13,She Let Herself Go,George Strait,14,10,Gains In Performance
2005-11-19,14,Must Be Doin' Somethin' Right,Billy Currington,16,24,Gains In Performance
2005-11-19,15,Redneck Yacht Club,Craig Morgan,13,27,
2005-11-19,16,Like We Never Loved At All,Faith Hill,15,13,Gains In Performance
2005-11-19,17,Boondocks,Little Big Town,17,25,Gains In Performance
2005-11-19,18,Honky Tonk Badonkadonk,Trace Adkins,20,9,Gains In Performance
2005-11-19,19,My Old Friend,Tim McGraw,19,7,Gains In Performance
2005-11-19,20,Miss Me Baby,Chris Cagle,21,22,Gains In Performance
2005-11-19,21,USA Today,Alan Jackson,18,13,
2005-11-19,22,(I Never Promised You A) Rose Garden,Martina McBride,22,14,Gains In Performance
2005-11-19,23,"Jesus, Take The Wheel",Carrie Underwood,25,3,Gains In Performance
2005-11-19,24,Just Might (Make Me Believe),Sugarland,23,9,Gains In Performance
2005-11-19,25,When I Get Where I'm Going,Brad Paisley Featuring Dolly Parton,24,7,Gains In Performance
2005-11-19,26,XXL,Keith Anderson,26,17,Gains In Performance
2005-11-19,27,Your Man,Josh Turner,28,16,Gains In Performance
2005-11-19,28,She Didn't Have Time,Terri Clark,29,16,Gains In Performance
2005-11-19,29,Comin' To Your City,Big & Rich,27,11,Gains In Performance
2005-11-19,30,She Don't Tell Me To,Montgomery Gentry,35,5,Gains In Performance
2005-11-19,31,I Don't Feel Like Loving You Today,Gretchen Wilson,30,5,Gains In Performance
2005-11-19,32,Nobody But Me,Blake Shelton,31,12,Gains In Performance
2005-11-19,33,You're Gonna Be (Always Loved By Me),Reba McEntire,34,10,Gains In Performance
2005-11-19,34,Nobody Gonna Tell Me What To Do,Van Zant,38,7,Gains In Performance
2005-11-19,35,Believe,Brooks & Dunn,37,5,Gains In Performance
2005-11-19,36,The Dollar,Jamey Johnson,36,12,Gains In Performance
2005-11-19,37,Kerosene,Miranda Lambert,39,6,Gains In Performance
2005-11-19,38,All Jacked Up,Gretchen Wilson,32,15,
2005-11-19,39,Shoes,Shania Twain,33,11,
2005-11-19,40,Drunker Than Me,Trent Tomlinson,43,5,Gains In Performance
2005-11-19,41,Cheatin',Sara Evans,46,3,Gains In Performance
2005-11-19,42,Fightin' For,Cross Canadian Ragweed,41,12,Gains In Performance
2005-11-19,43,Wherever You Are,Jack Ingram,49,6,Gains In Performance
2005-11-19,44,I Don't,Danielle Peck,42,6,Gains In Performance
2005-11-19,45,They Don't Understand,Sawyer Brown,44,14,Gains In Performance
2005-11-19,46,Lipstick,Rockie Lynne,45,3,Gains In Performance
2005-11-19,47,Attitude,Wynonna,50,4,Gains In Performance
2005-11-19,48,My Kind Of Music,Ray Scott,47,13,Gains In Performance
2005-11-19,49,Ain't Wastin' Good Whiskey On You,Trick Pony,52,7,Gains In Performance
2005-11-19,50,Here's To You,Rascal Flatts,48,8,
2005-11-19,51,American By God's Amazing Grace,Luke Stricklin,51,14,Gains In Performance
2005-11-19,52,Anywhere But Here,Brice Long,53,9,
2005-11-19,53,Corn Fed,Shannon Brown,57,3,Gains In Performance
2005-11-19,54,Living In Fast Forward,Kenny Chesney,NEW,1,Highest ranking debut|Gains In Performance
2005-11-19,55,We're Makin' Up,Hot Apple Pie,54,4,
2005-11-19,56,Down And Out,Randy Rogers Band,58,4,Gains In Performance
2005-11-19,57,Tell Me,Hanna-McEuen,56,4,
2005-11-19,58,Trying To Love You,Trisha Yearwood,NEW,1,Gains In Performance
2005-11-19,59,The Road And The Radio,Kenny Chesney,NEW,1,Gains In Performance
2005-11-19,60,Beer In Mexico,Kenny Chesney,NEW,1,Gains In Performance
2005-11-26,1,Better Life,Keith Urban,1,18,
2005-11-26,2,Who You'd Be Today,Kenny Chesney,2,9,Gains In Performance
2005-11-26,3,Tequila Makes Her Clothes Fall Off,Joe Nichols,5,16,Gains In Performance
2005-11-26,4,Come A Little Closer,Dierks Bentley,3,18,Gains In Performance
2005-11-26,5,Skin (Sarabeth),Rascal Flatts,4,35,Gains In Performance
2005-11-26,6,Good Ride Cowboy,Garth Brooks,6,6,Gains In Performance
2005-11-26,7,Best I Ever Had,Gary Allan,9,25,Gains In Performance
2005-11-26,8,You're Like Comin' Home,Lonestar,8,24,Gains In Performance
2005-11-26,9,Big Blue Note,Toby Keith,10,11,Gains In Performance
2005-11-26,10,Billy's Got His Beer Goggles On,Neal McCoy,11,31,
2005-11-26,11,Must Be Doin' Somethin' Right,Billy Currington,14,25,Gains In Performance
2005-11-26,12,She Let Herself Go,George Strait,13,11,Gains In Performance
2005-11-26,13,Like We Never Loved At All,Faith Hill,16,14,Gains In Performance
2005-11-26,14,Probably Wouldn't Be This Way,LeAnn Rimes,7,35,
2005-11-26,15,Boondocks,Little Big Town,17,26,Gains In Performance
2005-11-26,16,Honky Tonk Badonkadonk,Trace Adkins,18,10,Gains In Performance
2005-11-26,17,My Old Friend,Tim McGraw,19,8,Gains In Performance
2005-11-26,18,"Jesus, Take The Wheel",Carrie Underwood,23,4,Greatest gainer this week|Gains In Performance
2005-11-26,19,Miss Me Baby,Chris Cagle,20,23,Gains In Performance
2005-11-26,20,USA Today,Alan Jackson,21,14,Gains In Performance
2005-11-26,21,(I Never Promised You A) Rose Garden,Martina McBride,22,15,Gains In Performance
2005-11-26,22,Just Might (Make Me Believe),Sugarland,24,10,Gains In Performance
2005-11-26,23,When I Get Where I'm Going,Brad Paisley Featuring Dolly Parton,25,8,Gains In Performance
2005-11-26,24,Your Man,Josh Turner,27,17,Gains In Performance
2005-11-26,25,XXL,Keith Anderson,26,18,Gains In Performance
2005-11-26,26,Comin' To Your City,Big & Rich,29,12,Gains In Performance
2005-11-26,27,She Didn't Have Time,Terri Clark,28,17,Gains In Performance
2005-11-26,28,She Don't Tell Me To,Montgomery Gentry,30,6,Gains In Performance
2005-11-26,29,I Don't Feel Like Loving You Today,Gretchen Wilson,31,6,Gains In Performance
2005-11-26,30,Nobody But Me,Blake Shelton,32,13,Gains In Performance
2005-11-26,31,The Dollar,Jamey Johnson,36,13,Gains In Performance
2005-11-26,32,Nobody Gonna Tell Me What To Do,Van Zant,34,8,Gains In Performance
2005-11-26,33,Believe,Brooks & Dunn,35,6,Gains In Performance
2005-11-26,34,Kerosene,Miranda Lambert,37,7,Gains In Performance
2005-11-26,35,You're Gonna Be (Always Loved By Me),Reba McEntire,33,11,
2005-11-26,36,Cheatin',Sara Evans,41,4,Gains In Performance
2005-11-26,37,Drunker Than Me,Trent Tomlinson,40,6,Gains In Performance
2005-11-26,38,I Don't,Danielle Peck,44,7,Gains In Performance
2005-11-26,39,Wherever You Are,Jack Ingram,43,7,Gains In Performance
2005-11-26,40,All Jacked Up,Gretchen Wilson,38,16,
2005-11-26,41,Fightin' For,Cross Canadian Ragweed,42,13,
2005-11-26,42,They Don't Understand,Sawyer Brown,45,15,Gains In Performance
2005-11-26,43,My Kind Of Music,Ray Scott,48,14,Gains In Performance
2005-11-26,44,Attitude,Wynonna,47,5,Gains In Performance
2005-11-26,45,Lipstick,Rockie Lynne,46,4,Gains In Performance
2005-11-26,46,Living In Fast Forward,Kenny Chesney,54,2,Gains In Performance
2005-11-26,47,Ain't Wastin' Good Whiskey On You,Trick Pony,49,8,Gains In Performance
2005-11-26,48,Shoes,Shania Twain,39,12,
2005-11-26,49,Down And Out,Randy Rogers Band,56,5,Gains In Performance
2005-11-26,50,Here's To You,Rascal Flatts,50,9,
2005-11-26,51,Corn Fed,Shannon Brown,53,4,Gains In Performance
2005-11-26,52,American By God's Amazing Grace,Luke Stricklin,51,15,
2005-11-26,53,Anywhere But Here,Brice Long,52,10,Gains In Performance
2005-11-26,54,Trying To Love You,Trisha Yearwood,58,2,Gains In Performance
2005-11-26,55,If I Don't Make It Back,Tracy Lawrence,NEW,1,Highest ranking debut|Gains In Performance
2005-11-26,56,Tell Me,Hanna-McEuen,57,5,Gains In Performance
2005-11-26,57,I'm Taking The Wheel,SHeDAISY,NEW,1,Gains In Performance
2005-11-26,58,We're Makin' Up,Hot Apple Pie,55,5,
2005-11-26,59,8th Of November,Big & Rich,NEW,1,Gains In Performance
2005-11-26,60,Summertime,Kenny Chesney,NEW,1,Gains In Performance
2005-12-03,1,Come A Little Closer,Dierks Bentley,4,19,Gains In Performance
2005-12-03,2,Who You'd Be Today,Kenny Chesney,2,10,
2005-12-03,3,Tequila Makes Her Clothes Fall Off,Joe Nichols,3,17,Gains In Performance
2005-12-03,4,Better Life,Keith Urban,1,19,
2005-12-03,5,Good Ride Cowboy,Garth Brooks,6,7,Gains In Performance
2005-12-03,6,Big Blue Note,Toby Keith,9,12,Gains In Performance
2005-12-03,7,Skin (Sarabeth),Rascal Flatts,5,36,
2005-12-03,8,Best I Ever Had,Gary Allan,7,26,
2005-12-03,9,Must Be Doin' Somethin' Right,Billy Currington,11,26,Gains In Performance
2005-12-03,10,She Let Herself Go,George Strait,12,12,Gains In Performance
2005-12-03,11,You're Like Comin' Home,Lonestar,8,25,
2005-12-03,12,Like We Never Loved At All,Faith Hill,13,15,Gains In Performance
2005-12-03,13,Boondocks,Little Big Town,15,27,Gains In Performance
2005-12-03,14,"Jesus, Take The Wheel",Carrie Underwood,18,5,Gains In Performance
2005-12-03,15,Honky Tonk Badonkadonk,Trace Adkins,16,11,Gains In Performance
2005-12-03,16,My Old Friend,Tim McGraw,17,9,Gains In Performance
2005-12-03,17,Miss Me Baby,Chris Cagle,19,24,Gains In Performance
2005-12-03,18,(I Never Promised You A) Rose Garden,Martina McBride,21,16,Gains In Performance
2005-12-03,19,Just Might (Make Me Believe),Sugarland,22,11,Gains In Performance
2005-12-03,20,When I Get Where I'm Going,Brad Paisley Featuring Dolly Parton,23,9,Gains In Performance
2005-12-03,21,USA Today,Alan Jackson,20,15,
2005-12-03,22,Your Man,Josh Turner,24,18,Gains In Performance
2005-12-03,23,Comin' To Your City,Big & Rich,26,13,Gains In Performance
2005-12-03,24,She Don't Tell Me To,Montgomery Gentry,28,7,Gains In Performance
2005-12-03,25,XXL,Keith Anderson,25,19,Gains In Performance
2005-12-03,26,I Don't Feel Like Loving You Today,Gretchen Wilson,29,7,Gains In Performance
2005-12-03,27,She Didn't Have Time,Terri Clark,27,18,Gains In Performance
2005-12-03,28,Nobody But Me,Blake Shelton,30,14,Gains In Performance
2005-12-03,29,Believe,Brooks & Dunn,33,7,Gains In Performance
2005-12-03,30,The Dollar,Jamey Johnson,31,14,Gains In Performance
2005-12-03,31,Kerosene,Miranda Lambert,34,8,Gains In Performance
2005-12-03,32,Cheatin',Sara Evans,36,5,Gains In Performance
2005-12-03,33,Nobody Gonna Tell Me What To Do,Van Zant,32,9,Gains In Performance
2005-12-03,34,Drunker Than Me,Trent Tomlinson,37,7,Gains In Performance
2005-12-03,35,You're Gonna Be (Always Loved By Me),Reba McEntire,35,12,
2005-12-03,36,Wherever You Are,Jack Ingram,39,8,Gains In Performance
2005-12-03,37,All Jacked Up,Gretchen Wilson,40,17,Gains In Performance
2005-12-03,38,I Don't,Danielle Peck,38,8,Gains In Performance
2005-12-03,39,Lipstick,Rockie Lynne,45,5,Gains In Performance
2005-12-03,40,Attitude,Wynonna,44,6,Gains In Performance
2005-12-03,41,They Don't Understand,Sawyer Brown,42,16,Gains In Performance
2005-12-03,42,Tonight I Wanna Cry,Keith Urban,NEW,1,Highest ranking debut|Gains In Performance
2005-12-03,43,My Kind Of Music,Ray Scott,43,15,Gains In Performance
2005-12-03,44,Fightin' For,Cross Canadian Ragweed,41,14,
2005-12-03,45,I'm Taking The Wheel,SHeDAISY,57,2,Gains In Performance
2005-12-03,46,Ain't Wastin' Good Whiskey On You,Trick Pony,47,9,Gains In Performance
2005-12-03,47,Living In Fast Forward,Kenny Chesney,46,3,
2005-12-03,48,Who Says You Can't Go Home,Bon Jovi Duet With Jennifer Nettles,NEW,1,Gains In Performance
2005-12-03,49,Why,Jason Aldean,NEW,1,Gains In Performance
2005-12-03,50,Here's To You,Rascal Flatts,50,10,Gains In Performance
2005-12-03,51,Down And Out,Randy Rogers Band,49,6,
2005-12-03,52,Corn Fed,Shannon Brown,51,5,Gains In Performance
2005-12-03,53,Trying To Love You,Trisha Yearwood,54,3,Gains In Performance
2005-12-03,54,Shoes,Shania Twain,48,13,
2005-12-03,55,Anywhere But Here,Brice Long,53,11,
2005-12-03,56,Twenty Years And Two Husbands Ago,Lee Ann Womack,NEW,1,Gains In Performance
2005-12-03,57,If I Don't Make It Back,Tracy Lawrence,55,2,
2005-12-03,58,I Love My Life,Jamie O'Neal,NEW,1,Gains In Performance
2005-12-03,59,American By God's Amazing Grace,Luke Stricklin,52,16,
2005-12-03,60,Let's Get It On,Carolina Rain,NEW,1,Gains In Performance
2005-12-10,1,Come A Little Closer,Dierks Bentley,1,20,Gains In Performance
2005-12-10,2,Who You'd Be Today,Kenny Chesney,2,11,Gains In Performance
2005-12-10,3,Tequila Makes Her Clothes Fall Off,Joe Nichols,3,18,Gains In Performance
2005-12-10,4,Good Ride Cowboy,Garth Brooks,5,8,Gains In Performance
2005-12-10,5,Big Blue Note,Toby Keith,6,13,Gains In Performance
2005-12-10,6,Must Be Doin' Somethin' Right,Billy Currington,9,27,Gains In Performance
2005-12-10,7,She Let Herself Go,George Strait,10,13,Gains In Performance
2005-12-10,8,Better Life,Keith Urban,4,20,
2005-12-10,9,Best I Ever Had,Gary Allan,8,27,Gains In Performance
2005-12-10,10,Like We Never Loved At All,Faith Hill,12,16,Gains In Performance
2005-12-10,11,"Jesus, Take The Wheel",Carrie Underwood,14,6,Gains In Performance
2005-12-10,12,Boondocks,Little Big Town,13,28,Gains In Performance
2005-12-10,13,Honky Tonk Badonkadonk,Trace Adkins,15,12,Gains In Performance
2005-12-10,14,Skin (Sarabeth),Rascal Flatts,7,37,
2005-12-10,15,Miss Me Baby,Chris Cagle,17,25,Gains In Performance
2005-12-10,16,My Old Friend,Tim McGraw,16,10,Gains In Performance
2005-12-10,17,Just Might (Make Me Believe),Sugarland,19,12,Gains In Performance
2005-12-10,18,When I Get Where I'm Going,Brad Paisley Featuring Dolly Parton,20,10,Gains In Performance
2005-12-10,19,(I Never Promised You A) Rose Garden,Martina McBride,18,17,Gains In Performance
2005-12-10,20,She Don't Tell Me To,Montgomery Gentry,24,8,Gains In Performance
2005-12-10,21,Your Man,Josh Turner,22,19,Gains In Performance
2005-12-10,22,Comin' To Your City,Big & Rich,23,14,Gains In Performance
2005-12-10,23,XXL,Keith Anderson,25,20,Gains In Performance
2005-12-10,24,I Don't Feel Like Loving You Today,Gretchen Wilson,26,8,Gains In Performance
2005-12-10,25,She Didn't Have Time,Terri Clark,27,19,Gains In Performance
2005-12-10,26,Believe,Brooks & Dunn,29,8,Gains In Performance
2005-12-10,27,Cheatin',Sara Evans,32,6,Gains In Performance
2005-12-10,28,USA Today,Alan Jackson,21,16,
2005-12-10,29,Kerosene,Miranda Lambert,31,9,Gains In Performance
2005-12-10,30,The Dollar,Jamey Johnson,30,15,Gains In Performance
2005-12-10,31,Nobody But Me,Blake Shelton,28,15,Gains In Performance
2005-12-10,32,Tonight I Wanna Cry,Keith Urban,42,2,Gains In Performance
2005-12-10,33,Nobody Gonna Tell Me What To Do,Van Zant,33,10,Gains In Performance
2005-12-10,34,Drunker Than Me,Trent Tomlinson,34,8,Gains In Performance
2005-12-10,35,Wherever You Are,Jack Ingram,36,9,Gains In Performance
2005-12-10,36,I Don't,Danielle Peck,38,9,Gains In Performance
2005-12-10,37,Lipstick,Rockie Lynne,39,6,Gains In Performance
2005-12-10,38,They Don't Understand,Sawyer Brown,41,17,Gains In Performance
2005-12-10,39,All Jacked Up,Gretchen Wilson,37,18,
2005-12-10,40,Fightin' For,Cross Canadian Ragweed,44,15,Gains In Performance
2005-12-10,41,My Kind Of Music,Ray Scott,43,16,Gains In Performance
2005-12-10,42,I'm Taking The Wheel,SHeDAISY,45,3,Gains In Performance
2005-12-10,43,Who Says You Can't Go Home,Bon Jovi Duet With Jennifer Nettles,48,2,Gains In Performance
2005-12-10,44,Why,Jason Aldean,49,2,Gains In Performance
2005-12-10,45,Ain't Wastin' Good Whiskey On You,Trick Pony,46,10,Gains In Performance
2005-12-10,46,Living In Fast Forward,Kenny Chesney,47,4,Gains In Performance
2005-12-10,47,Attitude,Wynonna,40,7,Gains In Performance
2005-12-10,48,Twenty Years And Two Husbands Ago,Lee Ann Womack,56,2,Gains In Performance
2005-12-10,49,You're Gonna Be (Always Loved By Me),Reba McEntire,35,13,
2005-12-10,50,Down And Out,Randy Rogers Band,51,7,Gains In Performance
2005-12-10,51,Corn Fed,Shannon Brown,52,6,Gains In Performance
2005-12-10,52,Anywhere But Here,Brice Long,55,12,Gains In Performance
2005-12-10,53,If I Don't Make It Back,Tracy Lawrence,57,3,Gains In Performance
2005-12-10,54,Trying To Love You,Trisha Yearwood,53,4,Gains In Performance
2005-12-10,55,Here's To You,Rascal Flatts,50,11,
2005-12-10,56,I Love My Life,Jamie O'Neal,58,2,Gains In Performance
2005-12-10,57,I Can't Unlove You,Kenny Rogers,NEW,1,Highest ranking debut|Gains In Performance
2005-12-10,58,Not Going Down,Jo Dee Messina,NEW,1,Gains In Performance
2005-12-10,59,I Got You,Craig Morgan,NEW,1,Gains In Performance
2005-12-10,60,Kiss My Country Ass,Rhett Akins,NEW,1,Gains In Performance
2005-12-17,1,Tequila Makes Her Clothes Fall Off,Joe Nichols,3,19,Gains In Performance
2005-12-17,2,Come A Little Closer,Dierks Bentley,1,21,
2005-12-17,3,Who You'd Be Today,Kenny Chesney,2,12,Gains In Performance
2005-12-17,4,Good Ride Cowboy,Garth Brooks,4,9,Gains In Performance
2005-12-17,5,Must Be Doin' Somethin' Right,Billy Currington,6,28,Gains In Performance
2005-12-17,6,She Let Herself Go,George Strait,7,14,Gains In Performance
2005-12-17,7,Big Blue Note,Toby Keith,5,14,Gains In Performance
2005-12-17,8,"Jesus, Take The Wheel",Carrie Underwood,11,7,Gains In Performance
2005-12-17,9,Better Life,Keith Urban,8,21,
2005-12-17,10,Like We Never Loved At All,Faith Hill,10,17,Gains In Performance
2005-12-17,11,Best I Ever Had,Gary Allan,9,28,
2005-12-17,12,Honky Tonk Badonkadonk,Trace Adkins,13,13,Gains In Performance
2005-12-17,13,Boondocks,Little Big Town,12,29,Gains In Performance
2005-12-17,14,Miss Me Baby,Chris Cagle,15,26,Gains In Performance
2005-12-17,15,My Old Friend,Tim McGraw,16,11,Gains In Performance
2005-12-17,16,When I Get Where I'm Going,Brad Paisley Featuring Dolly Parton,18,11,Gains In Performance
2005-12-17,17,Just Might (Make Me Believe),Sugarland,17,13,Gains In Performance
2005-12-17,18,She Don't Tell Me To,Montgomery Gentry,20,9,Gains In Performance
2005-12-17,19,(I Never Promised You A) Rose Garden,Martina McBride,19,18,
2005-12-17,20,Your Man,Josh Turner,21,20,Gains In Performance
2005-12-17,21,Comin' To Your City,Big & Rich,22,15,Gains In Performance
2005-12-17,22,I Don't Feel Like Loving You Today,Gretchen Wilson,24,9,Gains In Performance
2005-12-17,23,Believe,Brooks & Dunn,26,9,Gains In Performance
2005-12-17,24,Kerosene,Miranda Lambert,29,10,Gains In Performance
2005-12-17,25,Cheatin',Sara Evans,27,7,Gains In Performance
2005-12-17,26,Tonight I Wanna Cry,Keith Urban,32,3,Gains In Performance
2005-12-17,27,She Didn't Have Time,Terri Clark,25,20,
2005-12-17,28,The Dollar,Jamey Johnson,30,16,Gains In Performance
2005-12-17,29,Nobody But Me,Blake Shelton,31,16,Gains In Performance
2005-12-17,30,Nobody Gonna Tell Me What To Do,Van Zant,33,11,Gains In Performance
2005-12-17,31,Drunker Than Me,Trent Tomlinson,34,9,Gains In Performance
2005-12-17,32,USA Today,Alan Jackson,28,17,
2005-12-17,33,I Don't,Danielle Peck,36,10,Gains In Performance
2005-12-17,34,Wherever You Are,Jack Ingram,35,10,Gains In Performance
2005-12-17,35,Lipstick,Rockie Lynne,37,7,Gains In Performance
2005-12-17,36,Who Says You Can't Go Home,Bon Jovi Duet With Jennifer Nettles,43,3,Gains In Performance
2005-12-17,37,Why,Jason Aldean,44,3,Gains In Performance
2005-12-17,38,I'm Taking The Wheel,SHeDAISY,42,4,Gains In Performance
2005-12-17,39,They Don't Understand,Sawyer Brown,38,18,
2005-12-17,40,Fightin' For,Cross Canadian Ragweed,40,16,
2005-12-17,41,All Jacked Up,Gretchen Wilson,39,19,
2005-12-17,42,Twenty Years And Two Husbands Ago,Lee Ann Womack,48,3,Gains In Performance
2005-12-17,43,My Kind Of Music,Ray Scott,41,17,
2005-12-17,44,Attitude,Wynonna,47,8,Gains In Performance
2005-12-17,45,Ain't Wastin' Good Whiskey On You,Trick Pony,45,11,Gains In Performance
2005-12-17,46,Living In Fast Forward,Kenny Chesney,46,5,
2005-12-17,47,I Love My Life,Jamie O'Neal,56,3,Gains In Performance
2005-12-17,48,Down And Out,Randy Rogers Band,50,8,
2005-12-17,49,If I Don't Make It Back,Tracy Lawrence,53,4,Gains In Performance
2005-12-17,50,Corn Fed,Shannon Brown,51,7,
2005-12-17,51,Anywhere But Here,Brice Long,52,13,
2005-12-17,52,Trying To Love You,Trisha Yearwood,54,5,
2005-12-17,53,You're Gonna Be (Always Loved By Me),Reba McEntire,49,14,
2005-12-17,54,Here's To You,Rascal Flatts,55,12,
2005-12-17,55,Something's Gotta Give,LeAnn Rimes,NEW,1,Highest ranking debut|Gains In Performance
2005-12-17,56,I Can't Unlove You,Kenny Rogers,57,2,Gains In Performance
2005-12-17,57,I Got You,Craig Morgan,59,2,Gains In Performance
2005-12-17,58,Let's Get It On,Carolina Rain,RE,2,Gains In Performance
2005-12-17,59,I'll Die Tryin',Lonestar,NEW,1,Gains In Performance
2005-12-17,60,No Shame,Jeff Bates,NEW,1,Gains In Performance
2005-12-24,1,Come A Little Closer,Dierks Bentley,2,22,
2005-12-24,2,Who You'd Be Today,Kenny Chesney,3,13,
2005-12-24,3,Tequila Makes Her Clothes Fall Off,Joe Nichols,1,20,
2005-12-24,4,Good Ride Cowboy,Garth Brooks,4,10,Gains In Performance
2005-12-24,5,Must Be Doin' Somethin' Right,Billy Currington,5,29,Gains In Performance
2005-12-24,6,Big Blue Note,Toby Keith,7,15,Gains In Performance
2005-12-24,7,She Let Herself Go,George Strait,6,15,Gains In Performance
2005-12-24,8,"Jesus, Take The Wheel",Carrie Underwood,8,8,Gains In Performance
2005-12-24,9,Like We Never Loved At All,Faith Hill,10,18,Gains In Performance
2005-12-24,10,Honky Tonk Badonkadonk,Trace Adkins,12,14,Gains In Performance
2005-12-24,11,Boondocks,Little Big Town,13,30,Gains In Performance
2005-12-24,12,Better Life,Keith Urban,9,22,
2005-12-24,13,Miss Me Baby,Chris Cagle,14,27,
2005-12-24,14,Best I Ever Had,Gary Allan,11,29,
2005-12-24,15,My Old Friend,Tim McGraw,15,12,Gains In Performance
2005-12-24,16,When I Get Where I'm Going,Brad Paisley Featuring Dolly Parton,16,12,Gains In Performance
2005-12-24,17,Just Might (Make Me Believe),Sugarland,17,14,Gains In Performance
2005-12-24,18,Your Man,Josh Turner,20,21,Gains In Performance
2005-12-24,19,She Don't Tell Me To,Montgomery Gentry,18,10,Gains In Performance
2005-12-24,20,Tonight I Wanna Cry,Keith Urban,26,4,Gains In Performance
2005-12-24,21,Believe,Brooks & Dunn,23,10,Gains In Performance
2005-12-24,22,I Don't Feel Like Loving You Today,Gretchen Wilson,22,10,Gains In Performance
2005-12-24,23,Comin' To Your City,Big & Rich,21,16,
2005-12-24,24,Cheatin',Sara Evans,25,8,Gains In Performance
2005-12-24,25,Kerosene,Miranda Lambert,24,11,Gains In Performance
2005-12-24,26,(I Never Promised You A) Rose Garden,Martina McBride,19,19,
2005-12-24,27,The Dollar,Jamey Johnson,28,17,Gains In Performance
2005-12-24,28,Nobody But Me,Blake Shelton,29,17,Gains In Performance
2005-12-24,29,She Didn't Have Time,Terri Clark,27,21,Gains In Performance
2005-12-24,30,Nobody Gonna Tell Me What To Do,Van Zant,30,12,Gains In Performance
2005-12-24,31,Drunker Than Me,Trent Tomlinson,31,10,Gains In Performance
2005-12-24,32,Who Says You Can't Go Home,Bon Jovi Duet With Jennifer Nettles,36,4,Gains In Performance
2005-12-24,33,Wherever You Are,Jack Ingram,34,11,Gains In Performance
2005-12-24,34,I Don't,Danielle Peck,33,11,Gains In Performance
2005-12-24,35,Lipstick,Rockie Lynne,35,8,Gains In Performance
2005-12-24,36,Why,Jason Aldean,37,4,Gains In Performance
2005-12-24,37,They Don't Understand,Sawyer Brown,39,19,Gains In Performance
2005-12-24,38,Twenty Years And Two Husbands Ago,Lee Ann Womack,42,4,Gains In Performance
2005-12-24,39,I'm Taking The Wheel,SHeDAISY,38,5,Gains In Performance
2005-12-24,40,Fightin' For,Cross Canadian Ragweed,40,17,Gains In Performance
2005-12-24,41,My Kind Of Music,Ray Scott,43,18,Gains In Performance
2005-12-24,42,USA Today,Alan Jackson,32,18,
2005-12-24,43,All Jacked Up,Gretchen Wilson,41,20,
2005-12-24,44,Living In Fast Forward,Kenny Chesney,46,6,Gains In Performance
2005-12-24,45,Attitude,Wynonna,44,9,
2005-12-24,46,Ain't Wastin' Good Whiskey On You,Trick Pony,45,12,
2005-12-24,47,I Love My Life,Jamie O'Neal,47,4,Gains In Performance
2005-12-24,48,I Got You,Craig Morgan,57,3,Gains In Performance
2005-12-24,49,Down And Out,Randy Rogers Band,48,9,
2005-12-24,50,Not Going Down,Jo Dee Messina,RE,2,Gains In Performance
2005-12-24,51,If I Don't Make It Back,Tracy Lawrence,49,5,Gains In Performance
2005-12-24,52,Corn Fed,Shannon Brown,50,8,
2005-12-24,53,Something's Gotta Give,LeAnn Rimes,55,2,Gains In Performance
2005-12-24,54,Anywhere But Here,Brice Long,51,14,Gains In Performance
2005-12-24,55,Trying To Love You,Trisha Yearwood,52,6,Gains In Performance
2005-12-24,56,Here's To You,Rascal Flatts,54,13,Gains In Performance
2005-12-24,57,No Shame,Jeff Bates,60,2,Gains In Performance
2005-12-24,58,I'll Die Tryin',Lonestar,59,2,Gains In Performance
2005-12-24,59,I Can't Unlove You,Kenny Rogers,56,3,
2005-12-24,60,Let's Get It On,Carolina Rain,58,3,Gains In Performance
2005-12-31,1,Must Be Doin' Somethin' Right,Billy Currington,5,30,Gains In Performance
2005-12-31,2,She Let Herself Go,George Strait,7,16,Gains In Performance
2005-12-31,3,Good Ride Cowboy,Garth Brooks,4,11,Gains In Performance
2005-12-31,4,Come A Little Closer,Dierks Bentley,1,23,
2005-12-31,5,"Jesus, Take The Wheel",Carrie Underwood,8,9,Gains In Performance
2005-12-31,6,Tequila Makes Her Clothes Fall Off,Joe Nichols,3,21,
2005-12-31,7,Who You'd Be Today,Kenny Chesney,2,14,
2005-12-31,8,Honky Tonk Badonkadonk,Trace Adkins,10,15,Gains In Performance
2005-12-31,9,Big Blue Note,Toby Keith,6,16,
2005-12-31,10,Boondocks,Little Big Town,11,31,Gains In Performance
2005-12-31,11,Like We Never Loved At All,Faith Hill,9,19,
2005-12-31,12,Miss Me Baby,Chris Cagle,13,28,Gains In Performance
2005-12-31,13,When I Get Where I'm Going,Brad Paisley Featuring Dolly Parton,16,13,Gains In Performance
2005-12-31,14,My Old Friend,Tim McGraw,15,13,Gains In Performance
2005-12-31,15,Just Might (Make Me Believe),Sugarland,17,15,Gains In Performance
2005-12-31,16,She Don't Tell Me To,Montgomery Gentry,19,11,Gains In Performance
2005-12-31,17,Your Man,Josh Turner,18,22,Gains In Performance
2005-12-31,18,Tonight I Wanna Cry,Keith Urban,20,5,Gains In Performance
2005-12-31,19,Believe,Brooks & Dunn,21,11,Gains In Performance
2005-12-31,20,Cheatin',Sara Evans,24,9,Gains In Performance
2005-12-31,21,Kerosene,Miranda Lambert,25,12,Gains In Performance
2005-12-31,22,I Don't Feel Like Loving You Today,Gretchen Wilson,22,11,Gains In Performance
2005-12-31,23,Nobody But Me,Blake Shelton,28,18,Gains In Performance
2005-12-31,24,Comin' To Your City,Big & Rich,23,17,Gains In Performance
2005-12-31,25,The Dollar,Jamey Johnson,27,18,Gains In Performance
2005-12-31,26,She Didn't Have Time,Terri Clark,29,22,Gains In Performance
2005-12-31,27,Nobody Gonna Tell Me What To Do,Van Zant,30,13,Gains In Performance
2005-12-31,28,Drunker Than Me,Trent Tomlinson,31,11,Gains In Performance
2005-12-31,29,Who Says You Can't Go Home,Bon Jovi Duet With Jennifer Nettles,32,5,Gains In Performance
2005-12-31,30,(I Never Promised You A) Rose Garden,Martina McBride,26,20,
2005-12-31,31,Wherever You Are,Jack Ingram,33,12,Gains In Performance
2005-12-31,32,Get Drunk And Be Somebody,Toby Keith,NEW,1,Gains In Performance
2005-12-31,33,I Don't,Danielle Peck,34,12,Gains In Performance
2005-12-31,34,Why,Jason Aldean,36,5,Gains In Performance
2005-12-31,35,Lipstick,Rockie Lynne,35,9,
2005-12-31,36,They Don't Understand,Sawyer Brown,37,20,Gains In Performance
2005-12-31,37,Twenty Years And Two Husbands Ago,Lee Ann Womack,38,5,Gains In Performance
2005-12-31,38,I'm Taking The Wheel,SHeDAISY,39,6,Gains In Performance
2005-12-31,39,Fightin' For,Cross Canadian Ragweed,40,18,Gains In Performance
2005-12-31,40,My Kind Of Music,Ray Scott,41,19,Gains In Performance
2005-12-31,41,Living In Fast Forward,Kenny Chesney,44,7,Gains In Performance
2005-12-31,42,Ain't Wastin' Good Whiskey On You,Trick Pony,46,13,Gains In Performance
2005-12-31,43,Not Going Down,Jo Dee Messina,50,3,Gains In Performance
2005-12-31,44,Something's Gotta Give,LeAnn Rimes,53,3,Gains In Performance
2005-12-31,45,I Got You,Craig Morgan,48,4,Gains In Performance
2005-12-31,46,I Love My Life,Jamie O'Neal,47,5,Gains In Performance
2005-12-31,47,If I Don't Make It Back,Tracy Lawrence,51,6,Gains In Performance
2005-12-31,48,Attitude,Wynonna,45,10,
2005-12-31,49,I Can't Unlove You,Kenny Rogers,59,4,Gains In Performance
2005-12-31,50,Down And Out,Randy Rogers Band,49,10,
2005-12-31,51,USA Today,Alan Jackson,42,19,
2005-12-31,52,Anywhere But Here,Brice Long,54,15,
2005-12-31,53,Corn Fed,Shannon Brown,52,9,
2005-12-31,54,Trying To Love You,Trisha Yearwood,55,7,
2005-12-31,55,Here's To You,Rascal Flatts,56,14,
2005-12-31,56,I'll Die Tryin',Lonestar,58,3,
2005-12-31,57,Let's Get It On,Carolina Rain,60,4,Gains In Performance
2005-12-31,58,Blame The Vain,Dwight Yoakam,NEW,1,Gains In Performance
2005-12-31,59,No Shame,Jeff Bates,57,3,
2005-12-31,60,Catfish Christmas,Steve Azar,NEW,1,Gains In Performance
2006-01-07,1,Must Be Doin' Somethin' Right,Billy Currington,1,31,
2006-01-07,2,She Let Herself Go,George Strait,2,17,
2006-01-07,3,"Jesus, Take The Wheel",Carrie Underwood,5,10,
2006-01-07,4,Good Ride Cowboy,Garth Brooks,3,12,
2006-01-07,5,Come A Little Closer,Dierks Bentley,4,24,
2006-01-07,6,Honky Tonk Badonkadonk,Trace Adkins,8,16,
2006-01-07,7,Tequila Makes Her Clothes Fall Off,Joe Nichols,6,22,
2006-01-07,8,Who You'd Be Today,Kenny Chesney,7,15,
2006-01-07,9,Boondocks,Little Big Town,10,32,
2006-01-07,10,Like We Never Loved At All,Faith Hill,11,20,
2006-01-07,11,When I Get Where I'm Going,Brad Paisley Featuring Dolly Parton,13,14,
2006-01-07,12,Miss Me Baby,Chris Cagle,12,29,
2006-01-07,13,My Old Friend,Tim McGraw,14,14,
2006-01-07,14,Just Might (Make Me Believe),Sugarland,15,16,
2006-01-07,15,Tonight I Wanna Cry,Keith Urban,18,6,
2006-01-07,16,She Don't Tell Me To,Montgomery Gentry,16,12,
2006-01-07,17,Your Man,Josh Turner,17,23,
2006-01-07,18,Big Blue Note,Toby Keith,9,17,
2006-01-07,19,Cheatin',Sara Evans,20,10,
2006-01-07,20,Believe,Brooks & Dunn,19,12,
2006-01-07,21,Kerosene,Miranda Lambert,21,13,
2006-01-07,22,Nobody But Me,Blake Shelton,23,19,Gains In Performance
2006-01-07,23,I Don't Feel Like Loving You Today,Gretchen Wilson,22,12,
2006-01-07,24,The Dollar,Jamey Johnson,25,19,
2006-01-07,25,She Didn't Have Time,Terri Clark,26,23,
2006-01-07,26,Comin' To Your City,Big & Rich,24,18,
2006-01-07,27,Nobody Gonna Tell Me What To Do,Van Zant,27,14,
2006-01-07,28,Get Drunk And Be Somebody,Toby Keith,32,2,Gains In Performance
2006-01-07,29,Who Says You Can't Go Home,Bon Jovi Duet With Jennifer Nettles,29,6,
2006-01-07,30,Wherever You Are,Jack Ingram,31,13,Gains In Performance
2006-01-07,31,Drunker Than Me,Trent Tomlinson,28,12,
2006-01-07,32,Living In Fast Forward,Kenny Chesney,41,8,Gains In Performance
2006-01-07,33,What Hurts The Most,Rascal Flatts,NEW,1,Highest ranking debut|Gains In Performance
2006-01-07,34,I Don't,Danielle Peck,33,13,
2006-01-07,35,Why,Jason Aldean,34,6,
2006-01-07,36,(I Never Promised You A) Rose Garden,Martina McBride,30,21,
2006-01-07,37,Lipstick,Rockie Lynne,35,10,
2006-01-07,38,I'm Taking The Wheel,SHeDAISY,38,7,Gains In Performance
2006-01-07,39,Twenty Years And Two Husbands Ago,Lee Ann Womack,37,6,
2006-01-07,40,They Don't Understand,Sawyer Brown,36,21,
2006-01-07,41,Not Going Down,Jo Dee Messina,43,4,Gains In Performance
2006-01-07,42,Fightin' For,Cross Canadian Ragweed,39,19,
2006-01-07,43,Something's Gotta Give,LeAnn Rimes,44,4,Gains In Performance
2006-01-07,44,I Got You,Craig Morgan,45,5,Gains In Performance
2006-01-07,45,My Kind Of Music,Ray Scott,40,20,
2006-01-07,46,I Love My Life,Jamie O'Neal,46,6,Gains In Performance
2006-01-07,47,Ain't Wastin' Good Whiskey On You,Trick Pony,42,14,
2006-01-07,48,If I Don't Make It Back,Tracy Lawrence,47,7,
2006-01-07,49,Every Time I Hear Your Name,Keith Anderson,NEW,1,Gains In Performance
2006-01-07,50,Attitude,Wynonna,48,11,
2006-01-07,51,Please Come Home For Christmas,Josh Gracin,NEW,1,Gains In Performance
2006-01-07,52,I Can't Unlove You,Kenny Rogers,49,5,
2006-01-07,53,Catfish Christmas,Steve Azar,60,2,Gains In Performance
2006-01-07,54,Down And Out,Randy Rogers Band,50,11,
2006-01-07,55,Anywhere But Here,Brice Long,52,16,
2006-01-07,56,I'll Die Tryin',Lonestar,56,4,Gains In Performance
2006-01-07,57,Corn Fed,Shannon Brown,53,10,
2006-01-07,58,Blame The Vain,Dwight Yoakam,58,2,Gains In Performance
2006-01-07,59,O Holy Night,Josh Gracin,NEW,1,Gains In Performance
2006-01-07,60,Here's To You,Rascal Flatts,55,15,
2006-01-14,1,She Let Herself Go,George Strait,2,18,Gains In Performance
2006-01-14,2,"Jesus, Take The Wheel",Carrie Underwood,3,11,Gains In Performance
2006-01-14,3,Must Be Doin' Somethin' Right,Billy Currington,1,32,Gains In Performance
2006-01-14,4,Good Ride Cowboy,Garth Brooks,4,13,Gains In Performance
2006-01-14,5,Honky Tonk Badonkadonk,Trace Adkins,6,17,Gains In Performance
2006-01-14,6,Come A Little Closer,Dierks Bentley,5,25,Gains In Performance
2006-01-14,7,Tequila Makes Her Clothes Fall Off,Joe Nichols,7,23,Gains In Performance
2006-01-14,8,When I Get Where I'm Going,Brad Paisley Featuring Dolly Parton,11,15,Greatest gainer this week|Gains In Performance
2006-01-14,9,Boondocks,Little Big Town,9,33,Gains In Performance
2006-01-14,10,Who You'd Be Today,Kenny Chesney,8,16,Gains In Performance
2006-01-14,11,My Old Friend,Tim McGraw,13,15,Gains In Performance
2006-01-14,12,Like We Never Loved At All,Faith Hill,10,21,Gains In Performance
2006-01-14,13,Just Might (Make Me Believe),Sugarland,14,17,Gains In Performance
2006-01-14,14,Miss Me Baby,Chris Cagle,12,30,Gains In Performance
2006-01-14,15,Tonight I Wanna Cry,Keith Urban,15,7,Gains In Performance
2006-01-14,16,Your Man,Josh Turner,17,24,Gains In Performance
2006-01-14,17,She Don't Tell Me To,Montgomery Gentry,16,13,Gains In Performance
2006-01-14,18,Cheatin',Sara Evans,19,11,Gains In Performance
2006-01-14,19,Believe,Brooks & Dunn,20,13,Gains In Performance
2006-01-14,20,Kerosene,Miranda Lambert,21,14,Gains In Performance
2006-01-14,21,Nobody But Me,Blake Shelton,22,20,Gains In Performance
2006-01-14,22,Big Blue Note,Toby Keith,18,18,Gains In Performance
2006-01-14,23,I Don't Feel Like Loving You Today,Gretchen Wilson,23,13,Gains In Performance
2006-01-14,24,The Dollar,Jamey Johnson,24,20,Gains In Performance
2006-01-14,25,Get Drunk And Be Somebody,Toby Keith,28,3,Gains In Performance
2006-01-14,26,Living In Fast Forward,Kenny Chesney,32,9,Gains In Performance
2006-01-14,27,She Didn't Have Time,Terri Clark,25,24,Gains In Performance
2006-01-14,28,Nobody Gonna Tell Me What To Do,Van Zant,27,15,Gains In Performance
2006-01-14,29,Who Says You Can't Go Home,Bon Jovi Duet With Jennifer Nettles,29,7,Gains In Performance
2006-01-14,30,What Hurts The Most,Rascal Flatts,33,2,Gains In Performance
2006-01-14,31,Comin' To Your City,Big & Rich,26,19,Gains In Performance
2006-01-14,32,Wherever You Are,Jack Ingram,30,14,Gains In Performance
2006-01-14,33,Drunker Than Me,Trent Tomlinson,31,13,Gains In Performance
2006-01-14,34,Why,Jason Aldean,35,7,Gains In Performance
2006-01-14,35,I Don't,Danielle Peck,34,14,Gains In Performance
2006-01-14,36,Lipstick,Rockie Lynne,37,11,Gains In Performance
2006-01-14,37,I'm Taking The Wheel,SHeDAISY,38,8,Gains In Performance
2006-01-14,38,Twenty Years And Two Husbands Ago,Lee Ann Womack,39,7,Gains In Performance
2006-01-14,39,Not Going Down,Jo Dee Messina,41,5,Gains In Performance
2006-01-14,40,(I Never Promised You A) Rose Garden,Martina McBride,36,22,Gains In Performance
2006-01-14,41,Something's Gotta Give,LeAnn Rimes,43,5,Gains In Performance
2006-01-14,42,They Don't Understand,Sawyer Brown,40,22,Gains In Performance
2006-01-14,43,I Got You,Craig Morgan,44,6,Gains In Performance
2006-01-14,44,Fightin' For,Cross Canadian Ragweed,42,20,Gains In Performance
2006-01-14,45,I Love My Life,Jamie O'Neal,46,7,Gains In Performance
2006-01-14,46,Every Time I Hear Your Name,Keith Anderson,49,2,Gains In Performance
2006-01-14,47,My Kind Of Music,Ray Scott,45,21,Gains In Performance
2006-01-14,48,If I Don't Make It Back,Tracy Lawrence,48,8,Gains In Performance
2006-01-14,49,Ain't Wastin' Good Whiskey On You,Trick Pony,47,15,Gains In Performance
2006-01-14,50,Attitude,Wynonna,50,12,Gains In Performance
2006-01-14,51,I Can't Unlove You,Kenny Rogers,52,6,Gains In Performance
2006-01-14,52,Down And Out,Randy Rogers Band,54,12,Gains In Performance
2006-01-14,53,I'll Die Tryin',Lonestar,56,5,Gains In Performance
2006-01-14,54,Here's To You,Rascal Flatts,60,16,Gains In Performance
2006-01-14,55,Corn Fed,Shannon Brown,57,11,Gains In Performance
2006-01-14,56,Drinkin' In My Sunday Dress,Susan Haynes,NEW,1,Highest ranking debut|Gains In Performance
2006-01-14,57,Anywhere But Here,Brice Long,55,17,Gains In Performance
2006-01-14,58,No Shame,Jeff Bates,RE,4,Gains In Performance
2006-01-14,59,Let's Get It On,Carolina Rain,RE,5,Gains In Performance
2006-01-14,60,Brand New Girlfriend,Steve Holy,NEW,1,Gains In Performance
2006-01-21,1,"Jesus, Take The Wheel",Carrie Underwood,2,12,Gains In Performance
2006-01-21,2,She Let Herself Go,George Strait,1,19,Gains In Performance
2006-01-21,3,Must Be Doin' Somethin' Right,Billy Currington,3,33,Gains In Performance
2006-01-21,4,Honky Tonk Badonkadonk,Trace Adkins,5,18,Gains In Performance
2006-01-21,5,Good Ride Cowboy,Garth Brooks,4,14,
2006-01-21,6,Come A Little Closer,Dierks Bentley,6,26,
2006-01-21,7,When I Get Where I'm Going,Brad Paisley Featuring Dolly Parton,8,16,Gains In Performance
2006-01-21,8,My Old Friend,Tim McGraw,11,16,Gains In Performance
2006-01-21,9,Boondocks,Little Big Town,9,34,Gains In Performance
2006-01-21,10,Tequila Makes Her Clothes Fall Off,Joe Nichols,7,24,
2006-01-21,11,Like We Never Loved At All,Faith Hill,12,22,Gains In Performance
2006-01-21,12,Just Might (Make Me Believe),Sugarland,13,18,Gains In Performance
2006-01-21,13,Tonight I Wanna Cry,Keith Urban,15,8,Gains In Performance
2006-01-21,14,Miss Me Baby,Chris Cagle,14,31,Gains In Performance
2006-01-21,15,Who You'd Be Today,Kenny Chesney,10,17,
2006-01-21,16,Your Man,Josh Turner,16,25,Gains In Performance
2006-01-21,17,She Don't Tell Me To,Montgomery Gentry,17,14,Gains In Performance
2006-01-21,18,Cheatin',Sara Evans,18,12,Gains In Performance
2006-01-21,19,Kerosene,Miranda Lambert,20,15,Gains In Performance
2006-01-21,20,Believe,Brooks & Dunn,19,14,Gains In Performance
2006-01-21,21,Nobody But Me,Blake Shelton,21,21,Gains In Performance
2006-01-21,22,I Don't Feel Like Loving You Today,Gretchen Wilson,23,14,Gains In Performance
2006-01-21,23,The Dollar,Jamey Johnson,24,21,Gains In Performance
2006-01-21,24,Get Drunk And Be Somebody,Toby Keith,25,4,Gains In Performance
2006-01-21,25,Living In Fast Forward,Kenny Chesney,26,10,Gains In Performance
2006-01-21,26,Big Blue Note,Toby Keith,22,19,
2006-01-21,27,What Hurts The Most,Rascal Flatts,30,3,Gains In Performance
2006-01-21,28,Nobody Gonna Tell Me What To Do,Van Zant,28,16,Gains In Performance
2006-01-21,29,Who Says You Can't Go Home,Bon Jovi Duet With Jennifer Nettles,29,8,Gains In Performance
2006-01-21,30,She Didn't Have Time,Terri Clark,27,25,Gains In Performance
2006-01-21,31,Comin' To Your City,Big & Rich,31,20,Gains In Performance
2006-01-21,32,Wherever You Are,Jack Ingram,32,15,Gains In Performance
2006-01-21,33,Drunker Than Me,Trent Tomlinson,33,14,Gains In Performance
2006-01-21,34,Why,Jason Aldean,34,8,Gains In Performance
2006-01-21,35,I Don't,Danielle Peck,35,15,Gains In Performance
2006-01-21,36,I'm Taking The Wheel,SHeDAISY,37,9,Gains In Performance
2006-01-21,37,Twenty Years And Two Husbands Ago,Lee Ann Womack,38,8,Gains In Performance
2006-01-21,38,Lipstick,Rockie Lynne,36,12,Gains In Performance
2006-01-21,39,Not Going Down,Jo Dee Messina,39,6,Gains In Performance
2006-01-21,40,I Got You,Craig Morgan,43,7,Gains In Performance
2006-01-21,41,They Don't Understand,Sawyer Brown,42,23,Gains In Performance
2006-01-21,42,Something's Gotta Give,LeAnn Rimes,41,6,Gains In Performance
2006-01-21,43,Every Time I Hear Your Name,Keith Anderson,46,3,Gains In Performance
2006-01-21,44,My Kind Of Music,Ray Scott,47,22,Gains In Performance
2006-01-21,45,I Love My Life,Jamie O'Neal,45,8,Gains In Performance
2006-01-21,46,Fightin' For,Cross Canadian Ragweed,44,21,Gains In Performance
2006-01-21,47,If I Don't Make It Back,Tracy Lawrence,48,9,Gains In Performance
2006-01-21,48,Ain't Wastin' Good Whiskey On You,Trick Pony,49,16,Gains In Performance
2006-01-21,49,I Can't Unlove You,Kenny Rogers,51,7,
2006-01-21,50,Attitude,Wynonna,50,13,Gains In Performance
2006-01-21,51,I'll Die Tryin',Lonestar,53,6,Gains In Performance
2006-01-21,52,Down And Out,Randy Rogers Band,52,13,
2006-01-21,53,If You're Going Through Hell (Before The Devil Even Knows),Rodney Atkins,NEW,1,Highest ranking debut|Gains In Performance
2006-01-21,54,No Shame,Jeff Bates,58,5,Gains In Performance
2006-01-21,55,Corn Fed,Shannon Brown,55,12,
2006-01-21,56,Anywhere But Here,Brice Long,57,18,
2006-01-21,57,Here's To You,Rascal Flatts,54,17,
2006-01-21,58,Life Ain't Always Beautiful,Gary Allan,NEW,1,Gains In Performance
2006-01-21,59,Drinkin' In My Sunday Dress,Susan Haynes,56,2,
2006-01-21,60,Blame The Vain,Dwight Yoakam,RE,3,Gains In Performance
2006-01-28,1,"Jesus, Take The Wheel",Carrie Underwood,1,13,Gains In Performance
2006-01-28,2,She Let Herself Go,George Strait,2,20,
2006-01-28,3,Honky Tonk Badonkadonk,Trace Adkins,4,19,Gains In Performance
2006-01-28,4,Must Be Doin' Somethin' Right,Billy Currington,3,34,
2006-01-28,5,When I Get Where I'm Going,Brad Paisley Featuring Dolly Parton,7,17,Gains In Performance
2006-01-28,6,My Old Friend,Tim McGraw,8,17,Gains In Performance
2006-01-28,7,Good Ride Cowboy,Garth Brooks,5,15,
2006-01-28,8,Come A Little Closer,Dierks Bentley,6,27,
2006-01-28,9,Just Might (Make Me Believe),Sugarland,12,19,Gains In Performance
2006-01-28,10,Boondocks,Little Big Town,9,35,
2006-01-28,11,Like We Never Loved At All,Faith Hill,11,23,
2006-01-28,12,Tonight I Wanna Cry,Keith Urban,13,9,Gains In Performance
2006-01-28,13,Your Man,Josh Turner,16,26,Gains In Performance
2006-01-28,14,Tequila Makes Her Clothes Fall Off,Joe Nichols,10,25,
2006-01-28,15,She Don't Tell Me To,Montgomery Gentry,17,15,Gains In Performance
2006-01-28,16,Who You'd Be Today,Kenny Chesney,15,18,
2006-01-28,17,Kerosene,Miranda Lambert,19,16,Gains In Performance
2006-01-28,18,Cheatin',Sara Evans,18,13,Gains In Performance
2006-01-28,19,What Hurts The Most,Rascal Flatts,27,4,Gains In Performance
2006-01-28,20,Living In Fast Forward,Kenny Chesney,25,11,Gains In Performance
2006-01-28,21,Believe,Brooks & Dunn,20,15,Gains In Performance
2006-01-28,22,Nobody But Me,Blake Shelton,21,22,Gains In Performance
2006-01-28,23,Get Drunk And Be Somebody,Toby Keith,24,5,Gains In Performance
2006-01-28,24,I Don't Feel Like Loving You Today,Gretchen Wilson,22,15,Gains In Performance
2006-01-28,25,The Dollar,Jamey Johnson,23,22,Gains In Performance
2006-01-28,26,Nobody Gonna Tell Me What To Do,Van Zant,28,17,Gains In Performance
2006-01-28,27,Who Says You Can't Go Home,Bon Jovi Duet With Jennifer Nettles,29,9,Gains In Performance
2006-01-28,28,Big Blue Note,Toby Keith,26,20,
2006-01-28,29,Wherever You Are,Jack Ingram,32,16,Gains In Performance
2006-01-28,30,Drunker Than Me,Trent Tomlinson,33,15,Gains In Performance
2006-01-28,31,Why,Jason Aldean,34,9,Gains In Performance
2006-01-28,32,I Don't,Danielle Peck,35,16,Gains In Performance
2006-01-28,33,Twenty Years And Two Husbands Ago,Lee Ann Womack,37,9,Gains In Performance
2006-01-28,34,I'm Taking The Wheel,SHeDAISY,36,10,
2006-01-28,35,Lipstick,Rockie Lynne,38,13,Gains In Performance
2006-01-28,36,I Got You,Craig Morgan,40,8,Gains In Performance
2006-01-28,37,Not Going Down,Jo Dee Messina,39,7,Gains In Performance
2006-01-28,38,Something's Gotta Give,LeAnn Rimes,42,7,Gains In Performance
2006-01-28,39,Every Time I Hear Your Name,Keith Anderson,43,4,Gains In Performance
2006-01-28,40,My Kind Of Music,Ray Scott,44,23,Gains In Performance
2006-01-28,41,I Love My Life,Jamie O'Neal,45,9,Gains In Performance
2006-01-28,42,I Can't Unlove You,Kenny Rogers,49,8,Gains In Performance
2006-01-28,43,If I Don't Make It Back,Tracy Lawrence,47,10,Gains In Performance
2006-01-28,44,Ain't Wastin' Good Whiskey On You,Trick Pony,48,17,
2006-01-28,45,I'll Die Tryin',Lonestar,51,7,
2006-01-28,46,If You're Going Through Hell (Before The Devil Even Knows),Rodney Atkins,53,2,Gains In Performance
2006-01-28,47,Settle For A Slowdown,Dierks Bentley,NEW,1,Highest ranking debut|Gains In Performance
2006-01-28,48,Life Ain't Always Beautiful,Gary Allan,58,2,Gains In Performance
2006-01-28,49,Down And Out,Randy Rogers Band,52,14,
2006-01-28,50,Attitude,Wynonna,50,14,
2006-01-28,51,No Shame,Jeff Bates,54,6,Gains In Performance
2006-01-28,52,Corn Fed,Shannon Brown,55,13,Gains In Performance
2006-01-28,53,Anywhere But Here,Brice Long,56,19,Gains In Performance
2006-01-28,54,Drinkin' In My Sunday Dress,Susan Haynes,59,3,Gains In Performance
2006-01-28,55,Size Matters (Someday),Joe Nichols,NEW,1,Gains In Performance
2006-01-28,56,Brand New Girlfriend,Steve Holy,RE,2,Gains In Performance
2006-01-28,57,Bring It On Home,Little Big Town,NEW,1,Gains In Performance
2006-01-28,58,Let's Get It On,Carolina Rain,RE,6,
2006-01-28,59,Kiss My Country Ass,Rhett Akins,RE,2,
2006-01-28,60,Blame The Vain,Dwight Yoakam,60,4,
2006-02-04,1,"Jesus, Take The Wheel",Carrie Underwood,1,14,Gains In Performance
2006-02-04,2,Honky Tonk Badonkadonk,Trace Adkins,3,20,Gains In Performance
2006-02-04,3,She Let Herself Go,George Strait,2,21,
2006-02-04,4,When I Get Where I'm Going,Brad Paisley Featuring Dolly Parton,5,18,Gains In Performance
2006-02-04,5,Must Be Doin' Somethin' Right,Billy Currington,4,35,
2006-02-04,6,My Old Friend,Tim McGraw,6,18,Gains In Performance
2006-02-04,7,Like We Never Loved At All,Faith Hill,11,24,Gains In Performance
2006-02-04,8,Just Might (Make Me Believe),Sugarland,9,20,Gains In Performance
2006-02-04,9,Tonight I Wanna Cry,Keith Urban,12,10,Gains In Performance
2006-02-04,10,Your Man,Josh Turner,13,27,Gains In Performance
2006-02-04,11,Come A Little Closer,Dierks Bentley,8,28,
2006-02-04,12,Boondocks,Little Big Town,10,36,
2006-02-04,13,She Don't Tell Me To,Montgomery Gentry,15,16,Gains In Performance
2006-02-04,14,Living In Fast Forward,Kenny Chesney,20,12,Gains In Performance
2006-02-04,15,What Hurts The Most,Rascal Flatts,19,5,Gains In Performance
2006-02-04,16,Cheatin',Sara Evans,18,14,Gains In Performance
2006-02-04,17,Get Drunk And Be Somebody,Toby Keith,23,6,Gains In Performance
2006-02-04,18,Kerosene,Miranda Lambert,17,17,Gains In Performance
2006-02-04,19,Good Ride Cowboy,Garth Brooks,7,16,
2006-02-04,20,Nobody But Me,Blake Shelton,22,23,Gains In Performance
2006-02-04,21,Believe,Brooks & Dunn,21,16,Gains In Performance
2006-02-04,22,Who You'd Be Today,Kenny Chesney,16,19,
2006-02-04,23,The Dollar,Jamey Johnson,25,23,Gains In Performance
2006-02-04,24,Who Says You Can't Go Home,Bon Jovi Duet With Jennifer Nettles,27,10,Gains In Performance
2006-02-04,25,I Don't Feel Like Loving You Today,Gretchen Wilson,24,16,
2006-02-04,26,Nobody Gonna Tell Me What To Do,Van Zant,26,18,Gains In Performance
2006-02-04,27,Wherever You Are,Jack Ingram,29,17,Gains In Performance
2006-02-04,28,Drunker Than Me,Trent Tomlinson,30,16,Gains In Performance
2006-02-04,29,Why,Jason Aldean,31,10,Gains In Performance
2006-02-04,30,I Don't,Danielle Peck,32,17,
2006-02-04,31,I'm Taking The Wheel,SHeDAISY,34,11,Gains In Performance
2006-02-04,32,Something's Gotta Give,LeAnn Rimes,38,8,Gains In Performance
2006-02-04,33,Lipstick,Rockie Lynne,35,14,Gains In Performance
2006-02-04,34,Twenty Years And Two Husbands Ago,Lee Ann Womack,33,10,Gains In Performance
2006-02-04,35,Not Going Down,Jo Dee Messina,37,8,Gains In Performance
2006-02-04,36,Love Will Always Win,Garth Brooks & Trisha Yearwood,NEW,1,Gains In Performance
2006-02-04,37,I Got You,Craig Morgan,36,9,Gains In Performance
2006-02-04,38,Every Time I Hear Your Name,Keith Anderson,39,5,Gains In Performance
2006-02-04,39,My Kind Of Music,Ray Scott,40,24,Gains In Performance
2006-02-04,40,I Love My Life,Jamie O'Neal,41,10,Gains In Performance
2006-02-04,41,I Can't Unlove You,Kenny Rogers,42,9,Gains In Performance
2006-02-04,42,If I Don't Make It Back,Tracy Lawrence,43,11,Gains In Performance
2006-02-04,43,Life Ain't Always Beautiful,Gary Allan,48,3,Gains In Performance
2006-02-04,44,If You're Going Through Hell (Before The Devil Even Knows),Rodney Atkins,46,3,Gains In Performance
2006-02-04,45,Settle For A Slowdown,Dierks Bentley,47,2,Gains In Performance
2006-02-04,46,Size Matters (Someday),Joe Nichols,55,2,Gains In Performance
2006-02-04,47,I'll Die Tryin',Lonestar,45,8,Gains In Performance
2006-02-04,48,Ain't Wastin' Good Whiskey On You,Trick Pony,44,18,
2006-02-04,49,Down And Out,Randy Rogers Band,49,15,Gains In Performance
2006-02-04,50,No Shame,Jeff Bates,51,7,Gains In Performance
2006-02-04,51,Drinkin' In My Sunday Dress,Susan Haynes,54,4,Gains In Performance
2006-02-04,52,Anywhere But Here,Brice Long,53,20,
2006-02-04,53,Never Mind Me,Big & Rich,NEW,1,Gains In Performance
2006-02-04,54,Brand New Girlfriend,Steve Holy,56,3,Gains In Performance
2006-02-04,55,Corn Fed,Shannon Brown,52,14,
2006-02-04,56,Last Day Of My Life,Phil Vassar,NEW,1,Gains In Performance
2006-02-04,57,Kiss My Country Ass,Rhett Akins,59,3,Gains In Performance
2006-02-04,58,Just This Side Of Heaven (Hal-Lelujah),Hal Ketchum,NEW,1,Gains In Performance
2006-02-04,59,On Again Tonight,Trent Willmon,NEW,1,Gains In Performance
2006-02-04,60,Love Needs A Holiday,Reba McEntire,NEW,1,Gains In Performance
2006-02-11,1,"Jesus, Take The Wheel",Carrie Underwood,1,15,
2006-02-11,2,Honky Tonk Badonkadonk,Trace Adkins,2,21,Gains In Performance
2006-02-11,3,When I Get Where I'm Going,Brad Paisley Featuring Dolly Parton,4,19,Gains In Performance
2006-02-11,4,She Let Herself Go,George Strait,3,22,
2006-02-11,5,Must Be Doin' Somethin' Right,Billy Currington,5,36,
2006-02-11,6,Like We Never Loved At All,Faith Hill,7,25,Gains In Performance
2006-02-11,7,My Old Friend,Tim McGraw,6,19,Gains In Performance
2006-02-11,8,Your Man,Josh Turner,10,28,Greatest gainer this week|Gains In Performance
2006-02-11,9,Just Might (Make Me Believe),Sugarland,8,21,Gains In Performance
2006-02-11,10,Tonight I Wanna Cry,Keith Urban,9,11,Gains In Performance
2006-02-11,11,She Don't Tell Me To,Montgomery Gentry,13,17,Gains In Performance
2006-02-11,12,Living In Fast Forward,Kenny Chesney,14,13,Gains In Performance
2006-02-11,13,What Hurts The Most,Rascal Flatts,15,6,Gains In Performance
2006-02-11,14,Get Drunk And Be Somebody,Toby Keith,17,7,Gains In Performance
2006-02-11,15,Cheatin',Sara Evans,16,15,Gains In Performance
2006-02-11,16,Kerosene,Miranda Lambert,18,18,Gains In Performance
2006-02-11,17,Nobody But Me,Blake Shelton,20,24,Gains In Performance
2006-02-11,18,Believe,Brooks & Dunn,21,17,Gains In Performance
2006-02-11,19,The Dollar,Jamey Johnson,23,24,Gains In Performance
2006-02-11,20,Who Says You Can't Go Home,Bon Jovi Duet With Jennifer Nettles,24,11,Gains In Performance
2006-02-11,21,Good Ride Cowboy,Garth Brooks,19,17,
2006-02-11,22,Who You'd Be Today,Kenny Chesney,22,20,
2006-02-11,23,Nobody Gonna Tell Me What To Do,Van Zant,26,19,Gains In Performance
2006-02-11,24,Wherever You Are,Jack Ingram,27,18,Gains In Performance
2006-02-11,25,I Don't Feel Like Loving You Today,Gretchen Wilson,25,17,
2006-02-11,26,Drunker Than Me,Trent Tomlinson,28,17,Gains In Performance
2006-02-11,27,Why,Jason Aldean,29,11,Gains In Performance
2006-02-11,28,Something's Gotta Give,LeAnn Rimes,32,9,Gains In Performance
2006-02-11,29,I Don't,Danielle Peck,30,18,Gains In Performance
2006-02-11,30,I'm Taking The Wheel,SHeDAISY,31,12,Gains In Performance
2006-02-11,31,Lipstick,Rockie Lynne,33,15,Gains In Performance
2006-02-11,32,Twenty Years And Two Husbands Ago,Lee Ann Womack,34,11,Gains In Performance
2006-02-11,33,I Got You,Craig Morgan,37,10,Gains In Performance
2006-02-11,34,Not Going Down,Jo Dee Messina,35,9,Gains In Performance
2006-02-11,35,Every Time I Hear Your Name,Keith Anderson,38,6,Gains In Performance
2006-02-11,36,Love Will Always Win,Garth Brooks & Trisha Yearwood,36,2,Gains In Performance
2006-02-11,37,Settle For A Slowdown,Dierks Bentley,45,3,Gains In Performance
2006-02-11,38,Size Matters (Someday),Joe Nichols,46,3,Gains In Performance
2006-02-11,39,I Can't Unlove You,Kenny Rogers,41,10,Gains In Performance
2006-02-11,40,My Kind Of Music,Ray Scott,39,25,Gains In Performance
2006-02-11,41,I Love My Life,Jamie O'Neal,40,11,Gains In Performance
2006-02-11,42,Life Ain't Always Beautiful,Gary Allan,43,4,Gains In Performance
2006-02-11,43,If You're Going Through Hell (Before The Devil Even Knows),Rodney Atkins,44,4,Gains In Performance
2006-02-11,44,If I Don't Make It Back,Tracy Lawrence,42,12,
2006-02-11,45,Never Mind Me,Big & Rich,53,2,Gains In Performance
2006-02-11,46,I'll Die Tryin',Lonestar,47,9,Gains In Performance
2006-02-11,47,Last Day Of My Life,Phil Vassar,56,2,Gains In Performance
2006-02-11,48,Good To Go,John Corbett,NEW,1,Highest ranking debut|Gains In Performance
2006-02-11,49,Down And Out,Randy Rogers Band,49,16,
2006-02-11,50,No Shame,Jeff Bates,50,8,
2006-02-11,51,Drinkin' In My Sunday Dress,Susan Haynes,51,5,
2006-02-11,52,Brand New Girlfriend,Steve Holy,54,4,Gains In Performance
2006-02-11,53,Ain't Wastin' Good Whiskey On You,Trick Pony,48,19,
2006-02-11,54,Drinkin' Songs & Other Logic,Clint Black,NEW,1,Gains In Performance
2006-02-11,55,Corn Fed,Shannon Brown,55,15,
2006-02-11,56,Just This Side Of Heaven (Hal-Lelujah),Hal Ketchum,58,2,Gains In Performance
2006-02-11,57,Kiss My Country Ass,Rhett Akins,57,4,Gains In Performance
2006-02-11,58,This Time Around,Cross Canadian Ragweed,NEW,1,Gains In Performance
2006-02-11,59,I'd Still Have You,John Pierce,NEW,1,Gains In Performance
2006-02-11,60,On Again Tonight,Trent Willmon,59,2,
2006-02-18,1,"Jesus, Take The Wheel",Carrie Underwood,1,16,
2006-02-18,2,When I Get Where I'm Going,Brad Paisley Featuring Dolly Parton,3,20,Gains In Performance
2006-02-18,3,Honky Tonk Badonkadonk,Trace Adkins,2,22,
2006-02-18,4,Your Man,Josh Turner,8,29,Gains In Performance
2006-02-18,5,Like We Never Loved At All,Faith Hill,6,26,Gains In Performance
2006-02-18,6,Tonight I Wanna Cry,Keith Urban,10,12,Gains In Performance
2006-02-18,7,Just Might (Make Me Believe),Sugarland,9,22,Gains In Performance
2006-02-18,8,My Old Friend,Tim McGraw,7,20,
2006-02-18,9,Living In Fast Forward,Kenny Chesney,12,14,Greatest gainer this week|Gains In Performance
2006-02-18,10,Must Be Doin' Somethin' Right,Billy Currington,5,37,
2006-02-18,11,What Hurts The Most,Rascal Flatts,13,7,Gains In Performance
2006-02-18,12,She Let Herself Go,George Strait,4,23,
2006-02-18,13,She Don't Tell Me To,Montgomery Gentry,11,18,Gains In Performance
2006-02-18,14,Get Drunk And Be Somebody,Toby Keith,14,8,Gains In Performance
2006-02-18,15,Cheatin',Sara Evans,15,16,Gains In Performance
2006-02-18,16,Nobody But Me,Blake Shelton,17,25,Gains In Performance
2006-02-18,17,Kerosene,Miranda Lambert,16,19,Gains In Performance
2006-02-18,18,Believe,Brooks & Dunn,18,18,Gains In Performance
2006-02-18,19,The Dollar,Jamey Johnson,19,25,Gains In Performance
2006-02-18,20,Who Says You Can't Go Home,Bon Jovi Duet With Jennifer Nettles,20,12,Gains In Performance
2006-02-18,21,Nobody Gonna Tell Me What To Do,Van Zant,23,20,Gains In Performance
2006-02-18,22,Good Ride Cowboy,Garth Brooks,21,18,
2006-02-18,23,Wherever You Are,Jack Ingram,24,19,Gains In Performance
2006-02-18,24,Drunker Than Me,Trent Tomlinson,26,18,Gains In Performance
2006-02-18,25,Why,Jason Aldean,27,12,Gains In Performance
2006-02-18,26,Something's Gotta Give,LeAnn Rimes,28,10,Gains In Performance
2006-02-18,27,Love Will Always Win,Garth Brooks & Trisha Yearwood,36,3,Gains In Performance
2006-02-18,28,I Don't,Danielle Peck,29,19,Gains In Performance
2006-02-18,29,I'm Taking The Wheel,SHeDAISY,30,13,Gains In Performance
2006-02-18,30,Settle For A Slowdown,Dierks Bentley,37,4,Gains In Performance
2006-02-18,31,Lipstick,Rockie Lynne,31,16,Gains In Performance
2006-02-18,32,Every Time I Hear Your Name,Keith Anderson,35,7,Gains In Performance
2006-02-18,33,Twenty Years And Two Husbands Ago,Lee Ann Womack,32,12,Gains In Performance
2006-02-18,34,I Got You,Craig Morgan,33,11,Gains In Performance
2006-02-18,35,Not Going Down,Jo Dee Messina,34,10,Gains In Performance
2006-02-18,36,I Don't Feel Like Loving You Today,Gretchen Wilson,25,18,
2006-02-18,37,Size Matters (Someday),Joe Nichols,38,4,Gains In Performance
2006-02-18,38,I Love My Life,Jamie O'Neal,41,12,Gains In Performance
2006-02-18,39,I Can't Unlove You,Kenny Rogers,39,11,Gains In Performance
2006-02-18,40,Life Ain't Always Beautiful,Gary Allan,42,5,Gains In Performance
2006-02-18,41,If You're Going Through Hell (Before The Devil Even Knows),Rodney Atkins,43,5,Gains In Performance
2006-02-18,42,Never Mind Me,Big & Rich,45,3,Gains In Performance
2006-02-18,43,I'll Die Tryin',Lonestar,46,10,Gains In Performance
2006-02-18,44,Last Day Of My Life,Phil Vassar,47,3,Gains In Performance
2006-02-18,45,If I Don't Make It Back,Tracy Lawrence,44,13,
2006-02-18,46,Brand New Girlfriend,Steve Holy,52,5,Gains In Performance
2006-02-18,47,Bring It On Home,Little Big Town,RE,2,Gains In Performance
2006-02-18,48,The Seashores Of Old Mexico,George Strait,NEW,1,Highest ranking debut|Gains In Performance
2006-02-18,49,No Shame,Jeff Bates,50,9,
2006-02-18,50,Politically Uncorrect,Gretchen Wilson Featuring Merle Haggard,RE,2,Gains In Performance
2006-02-18,51,Good To Go,John Corbett,48,2,
2006-02-18,52,The Last Of A Dying Breed,Neal McCoy,NEW,1,Gains In Performance
2006-02-18,53,I Still Miss Someone,Martina McBride With Dolly Parton,NEW,1,Gains In Performance
2006-02-18,54,Drinkin' In My Sunday Dress,Susan Haynes,51,6,
2006-02-18,55,On Again Tonight,Trent Willmon,60,3,Gains In Performance
2006-02-18,56,Drinkin' Songs & Other Logic,Clint Black,54,2,Gains In Performance
2006-02-18,57,This Time Around,Cross Canadian Ragweed,58,2,Gains In Performance
2006-02-18,58,Down And Out,Randy Rogers Band,49,17,
2006-02-18,59,Before He Cheats,Carrie Underwood,NEW,1,Gains In Performance
2006-02-18,60,How 'Bout You,Eric Church,NEW,1,Gains In Performance
2006-02-25,1,"Jesus, Take The Wheel",Carrie Underwood,1,17,
2006-02-25,2,When I Get Where I'm Going,Brad Paisley Featuring Dolly Parton,2,21,Gains In Performance
2006-02-25,3,Your Man,Josh Turner,4,30,Gains In Performance
2006-02-25,4,Tonight I Wanna Cry,Keith Urban,6,13,Gains In Performance
2006-02-25,5,Living In Fast Forward,Kenny Chesney,9,15,Gains In Performance
2006-02-25,6,Honky Tonk Badonkadonk,Trace Adkins,3,23,
2006-02-25,7,What Hurts The Most,Rascal Flatts,11,8,Gains In Performance
2006-02-25,8,Just Might (Make Me Believe),Sugarland,7,23,Gains In Performance
2006-02-25,9,My Old Friend,Tim McGraw,8,21,
2006-02-25,10,She Don't Tell Me To,Montgomery Gentry,13,19,Gains In Performance
2006-02-25,11,Like We Never Loved At All,Faith Hill,5,27,
2006-02-25,12,Must Be Doin' Somethin' Right,Billy Currington,10,38,
2006-02-25,13,She Let Herself Go,George Strait,12,24,
2006-02-25,14,Cheatin',Sara Evans,15,17,Gains In Performance
2006-02-25,15,Get Drunk And Be Somebody,Toby Keith,14,9,Gains In Performance
2006-02-25,16,Nobody But Me,Blake Shelton,16,26,Gains In Performance
2006-02-25,17,Kerosene,Miranda Lambert,17,20,
2006-02-25,18,Believe,Brooks & Dunn,18,19,Gains In Performance
2006-02-25,19,Who Says You Can't Go Home,Bon Jovi Duet With Jennifer Nettles,20,13,Greatest gainer this week|Gains In Performance
2006-02-25,20,The Dollar,Jamey Johnson,19,26,Gains In Performance
2006-02-25,21,Nobody Gonna Tell Me What To Do,Van Zant,21,21,Gains In Performance
2006-02-25,22,Wherever You Are,Jack Ingram,23,20,Gains In Performance
2006-02-25,23,Drunker Than Me,Trent Tomlinson,24,19,Gains In Performance
2006-02-25,24,Good Ride Cowboy,Garth Brooks,22,19,
2006-02-25,25,Why,Jason Aldean,25,13,Gains In Performance
2006-02-25,26,Something's Gotta Give,LeAnn Rimes,26,11,Gains In Performance
2006-02-25,27,Love Will Always Win,Garth Brooks & Trisha Yearwood,27,4,Gains In Performance
2006-02-25,28,Settle For A Slowdown,Dierks Bentley,30,5,Gains In Performance
2006-02-25,29,I'm Taking The Wheel,SHeDAISY,29,14,Gains In Performance
2006-02-25,30,Every Time I Hear Your Name,Keith Anderson,32,8,Gains In Performance
2006-02-25,31,Size Matters (Someday),Joe Nichols,37,5,Gains In Performance
2006-02-25,32,I Got You,Craig Morgan,34,12,Gains In Performance
2006-02-25,33,I Don't,Danielle Peck,28,20,
2006-02-25,34,Twenty Years And Two Husbands Ago,Lee Ann Womack,33,13,Gains In Performance
2006-02-25,35,Lipstick,Rockie Lynne,31,17,
2006-02-25,36,Not Going Down,Jo Dee Messina,35,11,Gains In Performance
2006-02-25,37,I Can't Unlove You,Kenny Rogers,39,12,Gains In Performance
2006-02-25,38,I Love My Life,Jamie O'Neal,38,13,
2006-02-25,39,Life Ain't Always Beautiful,Gary Allan,40,6,Gains In Performance
2006-02-25,40,Never Mind Me,Big & Rich,42,4,Gains In Performance
2006-02-25,41,If You're Going Through Hell (Before The Devil Even Knows),Rodney Atkins,41,6,Gains In Performance
2006-02-25,42,I Don't Feel Like Loving You Today,Gretchen Wilson,36,19,
2006-02-25,43,Last Day Of My Life,Phil Vassar,44,4,Gains In Performance
2006-02-25,44,The Seashores Of Old Mexico,George Strait,48,2,Gains In Performance
2006-02-25,45,I'll Die Tryin',Lonestar,43,11,
2006-02-25,46,Bring It On Home,Little Big Town,47,3,Gains In Performance
2006-02-25,47,The Lucky One,Faith Hill,NEW,1,Highest ranking debut|Gains In Performance
2006-02-25,48,If I Don't Make It Back,Tracy Lawrence,45,14,
2006-02-25,49,Politically Uncorrect,Gretchen Wilson Featuring Merle Haggard,50,3,Gains In Performance
2006-02-25,50,Brand New Girlfriend,Steve Holy,46,6,
2006-02-25,51,On Again Tonight,Trent Willmon,55,4,Gains In Performance
2006-02-25,52,This Time Around,Cross Canadian Ragweed,57,3,Gains In Performance
2006-02-25,53,Good To Go,John Corbett,51,3,Gains In Performance
2006-02-25,54,Don't Forget To Remember Me,Carrie Underwood,NEW,1,Gains In Performance
2006-02-25,55,Drinkin' In My Sunday Dress,Susan Haynes,54,7,
2006-02-25,56,I Still Miss Someone,Martina McBride With Dolly Parton,53,2,
2006-02-25,57,How 'Bout You,Eric Church,60,2,Gains In Performance
2006-02-25,58,Just This Side Of Heaven (Hal-Lelujah),Hal Ketchum,RE,3,Gains In Performance
2006-02-25,59,No Shame,Jeff Bates,49,10,
2006-02-25,60,Before He Cheats,Carrie Underwood,59,2,Gains In Performance
2006-03-04,1,When I Get Where I'm Going,Brad Paisley Featuring Dolly Parton,2,22,Gains In Performance
2006-03-04,2,Your Man,Josh Turner,3,31,Greatest gainer this week|Gains In Performance
2006-03-04,3,"Jesus, Take The Wheel",Carrie Underwood,1,18,
2006-03-04,4,Living In Fast Forward,Kenny Chesney,5,16,Gains In Performance
2006-03-04,5,What Hurts The Most,Rascal Flatts,7,9,Gains In Performance
2006-03-04,6,Tonight I Wanna Cry,Keith Urban,4,14,Gains In Performance
2006-03-04,7,Just Might (Make Me Believe),Sugarland,8,24,Gains In Performance
2006-03-04,8,She Don't Tell Me To,Montgomery Gentry,10,20,Gains In Performance
2006-03-04,9,Get Drunk And Be Somebody,Toby Keith,15,10,Gains In Performance
2006-03-04,10,Honky Tonk Badonkadonk,Trace Adkins,6,24,
2006-03-04,11,My Old Friend,Tim McGraw,9,22,
2006-03-04,12,Must Be Doin' Somethin' Right,Billy Currington,12,39,
2006-03-04,13,Cheatin',Sara Evans,14,18,Gains In Performance
2006-03-04,14,Nobody But Me,Blake Shelton,16,27,Gains In Performance
2006-03-04,15,Who Says You Can't Go Home,Bon Jovi Duet With Jennifer Nettles,19,14,Gains In Performance
2006-03-04,16,Kerosene,Miranda Lambert,17,21,Gains In Performance
2006-03-04,17,Believe,Brooks & Dunn,18,20,Gains In Performance
2006-03-04,18,The Dollar,Jamey Johnson,20,27,Gains In Performance
2006-03-04,19,Nobody Gonna Tell Me What To Do,Van Zant,21,22,Gains In Performance
2006-03-04,20,Wherever You Are,Jack Ingram,22,21,Gains In Performance
2006-03-04,21,Why,Jason Aldean,25,14,Gains In Performance
2006-03-04,22,Drunker Than Me,Trent Tomlinson,23,20,Gains In Performance
2006-03-04,23,Something's Gotta Give,LeAnn Rimes,26,12,Gains In Performance
2006-03-04,24,Settle For A Slowdown,Dierks Bentley,28,6,Gains In Performance
2006-03-04,25,Love Will Always Win,Garth Brooks & Trisha Yearwood,27,5,Gains In Performance
2006-03-04,26,Good Ride Cowboy,Garth Brooks,24,20,
2006-03-04,27,Size Matters (Someday),Joe Nichols,31,6,Gains In Performance
2006-03-04,28,Every Time I Hear Your Name,Keith Anderson,30,9,Gains In Performance
2006-03-04,29,I'm Taking The Wheel,SHeDAISY,29,15,Gains In Performance
2006-03-04,30,I Got You,Craig Morgan,32,13,Gains In Performance
2006-03-04,31,Lipstick,Rockie Lynne,35,18,Gains In Performance
2006-03-04,32,Not Going Down,Jo Dee Messina,36,12,Gains In Performance
2006-03-04,33,Twenty Years And Two Husbands Ago,Lee Ann Womack,34,14,
2006-03-04,34,The Seashores Of Old Mexico,George Strait,44,3,Gains In Performance
2006-03-04,35,Last Day Of My Life,Phil Vassar,43,5,Gains In Performance
2006-03-04,36,The Lucky One,Faith Hill,47,2,Gains In Performance
2006-03-04,37,I Love My Life,Jamie O'Neal,38,14,Gains In Performance
2006-03-04,38,I Can't Unlove You,Kenny Rogers,37,13,Gains In Performance
2006-03-04,39,Life Ain't Always Beautiful,Gary Allan,39,7,Gains In Performance
2006-03-04,40,If You're Going Through Hell (Before The Devil Even Knows),Rodney Atkins,41,7,Gains In Performance
2006-03-04,41,Never Mind Me,Big & Rich,40,5,Gains In Performance
2006-03-04,42,Politically Uncorrect,Gretchen Wilson Featuring Merle Haggard,49,4,Gains In Performance
2006-03-04,43,I'll Die Tryin',Lonestar,45,12,Gains In Performance
2006-03-04,44,Bring It On Home,Little Big Town,46,4,Gains In Performance
2006-03-04,45,On Again Tonight,Trent Willmon,51,5,Gains In Performance
2006-03-04,46,Brand New Girlfriend,Steve Holy,50,7,Gains In Performance
2006-03-04,47,No Shame,Jeff Bates,59,11,Gains In Performance
2006-03-04,48,If I Don't Make It Back,Tracy Lawrence,48,15,
2006-03-04,49,This Time Around,Cross Canadian Ragweed,52,4,Gains In Performance
2006-03-04,50,How 'Bout You,Eric Church,57,3,Gains In Performance
2006-03-04,51,I Still Miss Someone,Martina McBride With Dolly Parton,56,3,Gains In Performance
2006-03-04,52,Don't Forget To Remember Me,Carrie Underwood,54,2,Gains In Performance
2006-03-04,53,Just This Side Of Heaven (Hal-Lelujah),Hal Ketchum,58,4,Gains In Performance
2006-03-04,54,The Last Of A Dying Breed,Neal McCoy,RE,2,Gains In Performance
2006-03-04,55,Drinkin' Songs & Other Logic,Clint Black,RE,3,Gains In Performance
2006-03-04,56,Wal-Mart Parking Lot,Chris Cagle,NEW,1,Highest ranking debut|Gains In Performance
2006-03-04,57,I Don't Feel Like Loving You Today,Gretchen Wilson,42,20,
2006-03-04,58,That's How They Do It In Dixie,"Hank Williams Jr. With Gretchen Wilson, Big & Rich & Van Zant",NEW,1,Gains In Performance
2006-03-04,59,I Don't Know What She Said,Blaine Larsen,NEW,1,Gains In Performance
2006-03-04,60,Good To Go,John Corbett,53,4,
2006-03-11,1,Your Man,Josh Turner,2,32,Gains In Performance
2006-03-11,2,When I Get Where I'm Going,Brad Paisley Featuring Dolly Parton,1,23,
2006-03-11,3,Living In Fast Forward,Kenny Chesney,4,17,Gains In Performance
2006-03-11,4,What Hurts The Most,Rascal Flatts,5,10,Gains In Performance
2006-03-11,5,Tonight I Wanna Cry,Keith Urban,6,15,Gains In Performance
2006-03-11,6,"Jesus, Take The Wheel",Carrie Underwood,3,19,
2006-03-11,7,She Don't Tell Me To,Montgomery Gentry,8,21,Gains In Performance
2006-03-11,8,Get Drunk And Be Somebody,Toby Keith,9,11,Gains In Performance
2006-03-11,9,Just Might (Make Me Believe),Sugarland,7,25,
2006-03-11,10,Nobody But Me,Blake Shelton,14,28,Gains In Performance
2006-03-11,11,Who Says You Can't Go Home,Bon Jovi Duet With Jennifer Nettles,15,15,Gains In Performance
2006-03-11,12,Cheatin',Sara Evans,13,19,Gains In Performance
2006-03-11,13,Believe,Brooks & Dunn,17,21,Gains In Performance
2006-03-11,14,Honky Tonk Badonkadonk,Trace Adkins,10,25,
2006-03-11,15,Kerosene,Miranda Lambert,16,22,
2006-03-11,16,The Dollar,Jamey Johnson,18,28,
2006-03-11,17,Nobody Gonna Tell Me What To Do,Van Zant,19,23,Gains In Performance
2006-03-11,18,Wherever You Are,Jack Ingram,20,22,Gains In Performance
2006-03-11,19,Why,Jason Aldean,21,15,Gains In Performance
2006-03-11,20,Drunker Than Me,Trent Tomlinson,22,21,Gains In Performance
2006-03-11,21,Settle For A Slowdown,Dierks Bentley,24,7,Gains In Performance
2006-03-11,22,Something's Gotta Give,LeAnn Rimes,23,13,Gains In Performance
2006-03-11,23,Love Will Always Win,Garth Brooks & Trisha Yearwood,25,6,Gains In Performance
2006-03-11,24,Size Matters (Someday),Joe Nichols,27,7,Gains In Performance
2006-03-11,25,Every Time I Hear Your Name,Keith Anderson,28,10,Gains In Performance
2006-03-11,26,The Lucky One,Faith Hill,36,3,Gains In Performance
2006-03-11,27,I Got You,Craig Morgan,30,14,Gains In Performance
2006-03-11,28,I'm Taking The Wheel,SHeDAISY,29,16,Gains In Performance
2006-03-11,29,The Seashores Of Old Mexico,George Strait,34,4,Gains In Performance
2006-03-11,30,Last Day Of My Life,Phil Vassar,35,6,Gains In Performance
2006-03-11,31,Not Going Down,Jo Dee Messina,32,13,Gains In Performance
2006-03-11,32,Lipstick,Rockie Lynne,31,19,
2006-03-11,33,Twenty Years And Two Husbands Ago,Lee Ann Womack,33,15,
2006-03-11,34,I Can't Unlove You,Kenny Rogers,38,14,Gains In Performance
2006-03-11,35,I Love My Life,Jamie O'Neal,37,15,Gains In Performance
2006-03-11,36,Life Ain't Always Beautiful,Gary Allan,39,8,Gains In Performance
2006-03-11,37,If You're Going Through Hell (Before The Devil Even Knows),Rodney Atkins,40,8,Gains In Performance
2006-03-11,38,Never Mind Me,Big & Rich,41,6,Gains In Performance
2006-03-11,39,Politically Uncorrect,Gretchen Wilson Featuring Merle Haggard,42,5,Gains In Performance
2006-03-11,40,Bring It On Home,Little Big Town,44,5,Gains In Performance
2006-03-11,41,How 'Bout You,Eric Church,50,4,Gains In Performance
2006-03-11,42,On Again Tonight,Trent Willmon,45,6,Gains In Performance
2006-03-11,43,Good To Go,John Corbett,60,5,Gains In Performance
2006-03-11,44,Wal-Mart Parking Lot,Chris Cagle,56,2,Gains In Performance
2006-03-11,45,The Last Of A Dying Breed,Neal McCoy,54,3,Gains In Performance
2006-03-11,46,Brand New Girlfriend,Steve Holy,46,8,Gains In Performance
2006-03-11,47,That's How They Do It In Dixie,"Hank Williams Jr. With Gretchen Wilson, Big & Rich & Van Zant",58,2,Gains In Performance
2006-03-11,48,If I Don't Make It Back,Tracy Lawrence,48,16,
2006-03-11,49,Don't Forget To Remember Me,Carrie Underwood,52,3,Gains In Performance
2006-03-11,50,I Still Miss Someone,Martina McBride With Dolly Parton,51,4,Gains In Performance
2006-03-11,51,I Don't Know What She Said,Blaine Larsen,59,2,Gains In Performance
2006-03-11,52,Just This Side Of Heaven (Hal-Lelujah),Hal Ketchum,53,5,Gains In Performance
2006-03-11,53,This Time Around,Cross Canadian Ragweed,49,5,
2006-03-11,54,"Why, Why, Why",Billy Currington,NEW,1,Highest ranking debut|Gains In Performance
2006-03-11,55,I'll Die Tryin',Lonestar,43,13,
2006-03-11,56,Favorite State Of Mind,Josh Gracin,NEW,1,Gains In Performance
2006-03-11,57,No Shame,Jeff Bates,47,12,
2006-03-11,58,Drinkin' Songs & Other Logic,Clint Black,55,4,
2006-03-11,59,Before He Cheats,Carrie Underwood,RE,3,
2006-03-11,60,Yee Haw,Jake Owen,NEW,1,Gains In Performance
2006-03-18,1,Living In Fast Forward,Kenny Chesney,3,18,Gains In Performance
2006-03-18,2,Your Man,Josh Turner,1,33,Gains In Performance
2006-03-18,3,What Hurts The Most,Rascal Flatts,4,11,Gains In Performance
2006-03-18,4,Tonight I Wanna Cry,Keith Urban,5,16,Gains In Performance
2006-03-18,5,When I Get Where I'm Going,Brad Paisley Featuring Dolly Parton,2,24,
2006-03-18,6,She Don't Tell Me To,Montgomery Gentry,7,22,Gains In Performance
2006-03-18,7,"Jesus, Take The Wheel",Carrie Underwood,6,20,
2006-03-18,8,Who Says You Can't Go Home,Bon Jovi Duet With Jennifer Nettles,11,16,Gains In Performance
2006-03-18,9,Nobody But Me,Blake Shelton,10,29,Gains In Performance
2006-03-18,10,Get Drunk And Be Somebody,Toby Keith,8,12,Gains In Performance
2006-03-18,11,Cheatin',Sara Evans,12,20,Gains In Performance
2006-03-18,12,Believe,Brooks & Dunn,13,22,Gains In Performance
2006-03-18,13,Just Might (Make Me Believe),Sugarland,9,26,
2006-03-18,14,The Dollar,Jamey Johnson,16,29,Gains In Performance
2006-03-18,15,Wherever You Are,Jack Ingram,18,23,Gains In Performance
2006-03-18,16,Nobody Gonna Tell Me What To Do,Van Zant,17,24,Gains In Performance
2006-03-18,17,Why,Jason Aldean,19,16,Gains In Performance
2006-03-18,18,Settle For A Slowdown,Dierks Bentley,21,8,Gains In Performance
2006-03-18,19,Something's Gotta Give,LeAnn Rimes,22,14,Gains In Performance
2006-03-18,20,Drunker Than Me,Trent Tomlinson,20,22,Gains In Performance
2006-03-18,21,Size Matters (Someday),Joe Nichols,24,8,Gains In Performance
2006-03-18,22,The Lucky One,Faith Hill,26,4,Gains In Performance
2006-03-18,23,Every Time I Hear Your Name,Keith Anderson,25,11,Gains In Performance
2006-03-18,24,Love Will Always Win,Garth Brooks & Trisha Yearwood,23,7,Gains In Performance
2006-03-18,25,The Seashores Of Old Mexico,George Strait,29,5,Gains In Performance
2006-03-18,26,I'm Taking The Wheel,SHeDAISY,28,17,Gains In Performance
2006-03-18,27,I Got You,Craig Morgan,27,15,Gains In Performance
2006-03-18,28,Last Day Of My Life,Phil Vassar,30,7,Gains In Performance
2006-03-18,29,Lipstick,Rockie Lynne,32,20,Gains In Performance
2006-03-18,30,Not Going Down,Jo Dee Messina,31,14,Gains In Performance
2006-03-18,31,Life Ain't Always Beautiful,Gary Allan,36,9,Gains In Performance
2006-03-18,32,Politically Uncorrect,Gretchen Wilson Featuring Merle Haggard,39,6,Gains In Performance
2006-03-18,33,I Love My Life,Jamie O'Neal,35,16,Gains In Performance
2006-03-18,34,I Can't Unlove You,Kenny Rogers,34,15,Gains In Performance
2006-03-18,35,When The Stars Go Blue,Tim McGraw,NEW,1,Highest ranking debut|Gains In Performance
2006-03-18,36,If You're Going Through Hell (Before The Devil Even Knows),Rodney Atkins,37,9,Gains In Performance
2006-03-18,37,Never Mind Me,Big & Rich,38,7,Gains In Performance
2006-03-18,38,How 'Bout You,Eric Church,41,5,Gains In Performance
2006-03-18,39,On Again Tonight,Trent Willmon,42,7,Gains In Performance
2006-03-18,40,Bring It On Home,Little Big Town,40,6,Gains In Performance
2006-03-18,41,The Last Of A Dying Breed,Neal McCoy,45,4,Gains In Performance
2006-03-18,42,"Why, Why, Why",Billy Currington,54,2,Gains In Performance
2006-03-18,43,Twenty Years And Two Husbands Ago,Lee Ann Womack,33,16,
2006-03-18,44,Good To Go,John Corbett,43,6,Gains In Performance
2006-03-18,45,Wal-Mart Parking Lot,Chris Cagle,44,3,Gains In Performance
2006-03-18,46,I Don't Know What She Said,Blaine Larsen,51,3,Gains In Performance
2006-03-18,47,Just This Side Of Heaven (Hal-Lelujah),Hal Ketchum,52,6,Gains In Performance
2006-03-18,48,That's How They Do It In Dixie,"Hank Williams Jr. With Gretchen Wilson, Big & Rich & Van Zant",47,3,Gains In Performance
2006-03-18,49,Favorite State Of Mind,Josh Gracin,56,2,Gains In Performance
2006-03-18,50,Brand New Girlfriend,Steve Holy,46,9,
2006-03-18,51,Yee Haw,Jake Owen,60,2,Gains In Performance
2006-03-18,52,Ain't What It Used To Be,Megan Mullins,NEW,1,Gains In Performance
2006-03-18,53,I Still Miss Someone,Martina McBride With Dolly Parton,50,5,
2006-03-18,54,Don't Forget To Remember Me,Carrie Underwood,49,4,
2006-03-18,55,Drinkin' Songs & Other Logic,Clint Black,58,5,Gains In Performance
2006-03-18,56,I've Got Friends That Do,Tim McGraw,NEW,1,Gains In Performance
2006-03-18,57,If I Don't Make It Back,Tracy Lawrence,48,17,
2006-03-18,58,Findin' A Good Man,Danielle Peck,NEW,1,Gains In Performance
2006-03-18,59,This Time Around,Cross Canadian Ragweed,53,6,
2006-03-18,60,I'll Die Tryin',Lonestar,55,14,
2006-03-25,1,Living In Fast Forward,Kenny Chesney,1,19,Gains In Performance
2006-03-25,2,Tonight I Wanna Cry,Keith Urban,4,17,Gains In Performance
2006-03-25,3,What Hurts The Most,Rascal Flatts,3,12,Gains In Performance
2006-03-25,4,Your Man,Josh Turner,2,34,
2006-03-25,5,She Don't Tell Me To,Montgomery Gentry,6,23,Gains In Performance
2006-03-25,6,Who Says You Can't Go Home,Bon Jovi Duet With Jennifer Nettles,8,17,Gains In Performance
2006-03-25,7,When I Get Where I'm Going,Brad Paisley Featuring Dolly Parton,5,25,
2006-03-25,8,Nobody But Me,Blake Shelton,9,30,Gains In Performance
2006-03-25,9,"Jesus, Take The Wheel",Carrie Underwood,7,21,
2006-03-25,10,Get Drunk And Be Somebody,Toby Keith,10,13,Gains In Performance
2006-03-25,11,Cheatin',Sara Evans,11,21,Gains In Performance
2006-03-25,12,Believe,Brooks & Dunn,12,23,Gains In Performance
2006-03-25,13,Wherever You Are,Jack Ingram,15,24,Gains In Performance
2006-03-25,14,The Dollar,Jamey Johnson,14,30,
2006-03-25,15,Why,Jason Aldean,17,17,Gains In Performance
2006-03-25,16,Nobody Gonna Tell Me What To Do,Van Zant,16,25,Gains In Performance
2006-03-25,17,The Lucky One,Faith Hill,22,5,Gains In Performance
2006-03-25,18,Settle For A Slowdown,Dierks Bentley,18,9,Gains In Performance
2006-03-25,19,Something's Gotta Give,LeAnn Rimes,19,15,Gains In Performance
2006-03-25,20,Drunker Than Me,Trent Tomlinson,20,23,Gains In Performance
2006-03-25,21,Size Matters (Someday),Joe Nichols,21,9,Gains In Performance
2006-03-25,22,The Seashores Of Old Mexico,George Strait,25,6,Gains In Performance
2006-03-25,23,Every Time I Hear Your Name,Keith Anderson,23,12,Gains In Performance
2006-03-25,24,I'm Taking The Wheel,SHeDAISY,26,18,Gains In Performance
2006-03-25,25,When The Stars Go Blue,Tim McGraw,35,2,Gains In Performance
2006-03-25,26,Love Will Always Win,Garth Brooks & Trisha Yearwood,24,8,
2006-03-25,27,Last Day Of My Life,Phil Vassar,28,8,Gains In Performance
2006-03-25,28,I Got You,Craig Morgan,27,16,Gains In Performance
2006-03-25,29,Politically Uncorrect,Gretchen Wilson Featuring Merle Haggard,32,7,Gains In Performance
2006-03-25,30,Lipstick,Rockie Lynne,29,21,
2006-03-25,31,Not Going Down,Jo Dee Messina,30,15,
2006-03-25,32,Life Ain't Always Beautiful,Gary Allan,31,10,Gains In Performance
2006-03-25,33,I Love My Life,Jamie O'Neal,33,17,Gains In Performance
2006-03-25,34,I Can't Unlove You,Kenny Rogers,34,16,Gains In Performance
2006-03-25,35,If You're Going Through Hell (Before The Devil Even Knows),Rodney Atkins,36,10,Gains In Performance
2006-03-25,36,Never Mind Me,Big & Rich,37,8,Gains In Performance
2006-03-25,37,Bring It On Home,Little Big Town,40,7,Gains In Performance
2006-03-25,38,How 'Bout You,Eric Church,38,6,Gains In Performance
2006-03-25,39,"Why, Why, Why",Billy Currington,42,3,Gains In Performance
2006-03-25,40,On Again Tonight,Trent Willmon,39,8,Gains In Performance
2006-03-25,41,The Last Of A Dying Breed,Neal McCoy,41,5,Gains In Performance
2006-03-25,42,Wal-Mart Parking Lot,Chris Cagle,45,4,Gains In Performance
2006-03-25,43,Down In Mississippi (Up To No Good),Sugarland,NEW,1,Highest ranking debut|Gains In Performance
2006-03-25,44,Yee Haw,Jake Owen,51,3,Gains In Performance
2006-03-25,45,Ain't What It Used To Be,Megan Mullins,52,2,Gains In Performance
2006-03-25,46,Don't Forget To Remember Me,Carrie Underwood,54,5,Gains In Performance
2006-03-25,47,Favorite State Of Mind,Josh Gracin,49,3,Gains In Performance
2006-03-25,48,Good To Go,John Corbett,44,7,
2006-03-25,49,That's How They Do It In Dixie,"Hank Williams Jr. With Gretchen Wilson, Big & Rich & Van Zant",48,4,Gains In Performance
2006-03-25,50,Brand New Girlfriend,Steve Holy,50,10,Gains In Performance
2006-03-25,51,I Don't Know What She Said,Blaine Larsen,46,4,
2006-03-25,52,Just This Side Of Heaven (Hal-Lelujah),Hal Ketchum,47,7,
2006-03-25,53,Chicken Fried,The Lost Trailers,NEW,1,Gains In Performance
2006-03-25,54,Not Ready To Make Nice,Dixie Chicks,NEW,1,Gains In Performance
2006-03-25,55,This Time Around,Cross Canadian Ragweed,59,7,Gains In Performance
2006-03-25,56,If I Don't Make It Back,Tracy Lawrence,57,18,Gains In Performance
2006-03-25,57,Satisfied,Ashley Monroe,NEW,1,Gains In Performance
2006-03-25,58,Twenty Years And Two Husbands Ago,Lee Ann Womack,43,17,
2006-03-25,59,Findin' A Good Man,Danielle Peck,58,2,Gains In Performance
2006-03-25,60,Drinkin' Songs & Other Logic,Clint Black,55,6,
2006-04-01,1,Living In Fast Forward,Kenny Chesney,1,20,Gains In Performance
2006-04-01,2,What Hurts The Most,Rascal Flatts,3,13,Gains In Performance
2006-04-01,3,Tonight I Wanna Cry,Keith Urban,2,18,Gains In Performance
2006-04-01,4,Who Says You Can't Go Home,Bon Jovi Duet With Jennifer Nettles,6,18,Gains In Performance
2006-04-01,5,Your Man,Josh Turner,4,35,
2006-04-01,6,She Don't Tell Me To,Montgomery Gentry,5,24,Gains In Performance
2006-04-01,7,Nobody But Me,Blake Shelton,8,31,Gains In Performance
2006-04-01,8,Get Drunk And Be Somebody,Toby Keith,10,14,Gains In Performance
2006-04-01,9,Cheatin',Sara Evans,11,22,Gains In Performance
2006-04-01,10,When I Get Where I'm Going,Brad Paisley Featuring Dolly Parton,7,26,
2006-04-01,11,Believe,Brooks & Dunn,12,24,Gains In Performance
2006-04-01,12,"Jesus, Take The Wheel",Carrie Underwood,9,22,
2006-04-01,13,Wherever You Are,Jack Ingram,13,25,Gains In Performance
2006-04-01,14,Why,Jason Aldean,15,18,Gains In Performance
2006-04-01,15,Settle For A Slowdown,Dierks Bentley,18,10,Gains In Performance
2006-04-01,16,The Lucky One,Faith Hill,17,6,Gains In Performance
2006-04-01,17,Something's Gotta Give,LeAnn Rimes,19,16,Gains In Performance
2006-04-01,18,Size Matters (Someday),Joe Nichols,21,10,Gains In Performance
2006-04-01,19,Drunker Than Me,Trent Tomlinson,20,24,
2006-04-01,20,When The Stars Go Blue,Tim McGraw,25,3,Gains In Performance
2006-04-01,21,The Seashores Of Old Mexico,George Strait,22,7,Gains In Performance
2006-04-01,22,Every Time I Hear Your Name,Keith Anderson,23,13,Gains In Performance
2006-04-01,23,I'm Taking The Wheel,SHeDAISY,24,19,Gains In Performance
2006-04-01,24,Last Day Of My Life,Phil Vassar,27,9,Gains In Performance
2006-04-01,25,I Got You,Craig Morgan,28,17,Gains In Performance
2006-04-01,26,Love Will Always Win,Garth Brooks & Trisha Yearwood,26,9,
2006-04-01,27,Politically Uncorrect,Gretchen Wilson Featuring Merle Haggard,29,8,Gains In Performance
2006-04-01,28,Not Going Down,Jo Dee Messina,31,16,Gains In Performance
2006-04-01,29,I Can't Unlove You,Kenny Rogers,34,17,Gains In Performance
2006-04-01,30,Life Ain't Always Beautiful,Gary Allan,32,11,Gains In Performance
2006-04-01,31,I Love My Life,Jamie O'Neal,33,18,Gains In Performance
2006-04-01,32,If You're Going Through Hell (Before The Devil Even Knows),Rodney Atkins,35,11,Gains In Performance
2006-04-01,33,Bring It On Home,Little Big Town,37,8,Gains In Performance
2006-04-01,34,How 'Bout You,Eric Church,38,7,Gains In Performance
2006-04-01,35,Never Mind Me,Big & Rich,36,9,
2006-04-01,36,Not Ready To Make Nice,Dixie Chicks,54,2,Gains In Performance
2006-04-01,37,The World,Brad Paisley,NEW,1,Highest ranking debut|Gains In Performance
2006-04-01,38,On Again Tonight,Trent Willmon,40,9,Gains In Performance
2006-04-01,39,"Why, Why, Why",Billy Currington,39,4,Gains In Performance
2006-04-01,40,Down In Mississippi (Up To No Good),Sugarland,43,2,Gains In Performance
2006-04-01,41,The Last Of A Dying Breed,Neal McCoy,41,6,Gains In Performance
2006-04-01,42,Yee Haw,Jake Owen,44,4,Gains In Performance
2006-04-01,43,Wal-Mart Parking Lot,Chris Cagle,42,5,Gains In Performance
2006-04-01,44,Favorite State Of Mind,Josh Gracin,47,4,Gains In Performance
2006-04-01,45,Ain't What It Used To Be,Megan Mullins,45,3,Gains In Performance
2006-04-01,46,Don't Forget To Remember Me,Carrie Underwood,46,6,Gains In Performance
2006-04-01,47,I Don't Know What She Said,Blaine Larsen,51,5,Gains In Performance
2006-04-01,48,That's How They Do It In Dixie,"Hank Williams Jr. With Gretchen Wilson, Big & Rich & Van Zant",49,5,Gains In Performance
2006-04-01,49,Brand New Girlfriend,Steve Holy,50,11,
2006-04-01,50,Good To Go,John Corbett,48,8,
2006-04-01,51,Satisfied,Ashley Monroe,57,2,Gains In Performance
2006-04-01,52,Chicken Fried,The Lost Trailers,53,2,Gains In Performance
2006-04-01,53,Findin' A Good Man,Danielle Peck,59,3,Gains In Performance
2006-04-01,54,This Time Around,Cross Canadian Ragweed,55,8,
2006-04-01,55,Just This Side Of Heaven (Hal-Lelujah),Hal Ketchum,52,8,
2006-04-01,56,Drinkin' Songs & Other Logic,Clint Black,60,7,Gains In Performance
2006-04-01,57,If I Don't Make It Back,Tracy Lawrence,56,19,
2006-04-01,58,Easy Does It,Hot Apple Pie,NEW,1,Gains In Performance
2006-04-01,59,Local Girls,Ronnie Milsap,NEW,1,Gains In Performance
2006-04-01,60,Before He Cheats,Carrie Underwood,RE,4,Gains In Performance
2006-04-08,1,What Hurts The Most,Rascal Flatts,2,14,Gains In Performance
2006-04-08,2,Tonight I Wanna Cry,Keith Urban,3,19,
2006-04-08,3,Living In Fast Forward,Kenny Chesney,1,21,
2006-04-08,4,Who Says You Can't Go Home,Bon Jovi Duet With Jennifer Nettles,4,19,Gains In Performance
2006-04-08,5,She Don't Tell Me To,Montgomery Gentry,6,25,Gains In Performance
2006-04-08,6,Nobody But Me,Blake Shelton,7,32,Gains In Performance
2006-04-08,7,Get Drunk And Be Somebody,Toby Keith,8,15,Gains In Performance
2006-04-08,8,Your Man,Josh Turner,5,36,
2006-04-08,9,Cheatin',Sara Evans,9,23,
2006-04-08,10,Believe,Brooks & Dunn,11,25,Gains In Performance
2006-04-08,11,"Jesus, Take The Wheel",Carrie Underwood,12,23,
2006-04-08,12,Wherever You Are,Jack Ingram,13,26,Gains In Performance
2006-04-08,13,Why,Jason Aldean,14,19,Gains In Performance
2006-04-08,14,The Lucky One,Faith Hill,16,7,Gains In Performance
2006-04-08,15,Settle For A Slowdown,Dierks Bentley,15,11,Gains In Performance
2006-04-08,16,Something's Gotta Give,LeAnn Rimes,17,17,Gains In Performance
2006-04-08,17,When The Stars Go Blue,Tim McGraw,20,4,Gains In Performance
2006-04-08,18,Size Matters (Someday),Joe Nichols,18,11,Gains In Performance
2006-04-08,19,The Seashores Of Old Mexico,George Strait,21,8,Gains In Performance
2006-04-08,20,Every Time I Hear Your Name,Keith Anderson,22,14,Gains In Performance
2006-04-08,21,Last Day Of My Life,Phil Vassar,24,10,Gains In Performance
2006-04-08,22,I'm Taking The Wheel,SHeDAISY,23,20,
2006-04-08,23,I Got You,Craig Morgan,25,18,Gains In Performance
2006-04-08,24,Politically Uncorrect,Gretchen Wilson Featuring Merle Haggard,27,9,Gains In Performance
2006-04-08,25,The World,Brad Paisley,37,2,Gains In Performance
2006-04-08,26,I Can't Unlove You,Kenny Rogers,29,18,Gains In Performance
2006-04-08,27,Life Ain't Always Beautiful,Gary Allan,30,12,Gains In Performance
2006-04-08,28,I Love My Life,Jamie O'Neal,31,19,Gains In Performance
2006-04-08,29,If You're Going Through Hell (Before The Devil Even Knows),Rodney Atkins,32,12,Gains In Performance
2006-04-08,30,How 'Bout You,Eric Church,34,8,Gains In Performance
2006-04-08,31,Bring It On Home,Little Big Town,33,9,Gains In Performance
2006-04-08,32,"Why, Why, Why",Billy Currington,39,5,Gains In Performance
2006-04-08,33,Not Going Down,Jo Dee Messina,28,17,
2006-04-08,34,Never Mind Me,Big & Rich,35,10,
2006-04-08,35,Down In Mississippi (Up To No Good),Sugarland,40,3,Gains In Performance
2006-04-08,36,On Again Tonight,Trent Willmon,38,10,Gains In Performance
2006-04-08,37,Yee Haw,Jake Owen,42,5,Gains In Performance
2006-04-08,38,Favorite State Of Mind,Josh Gracin,44,5,Gains In Performance
2006-04-08,39,Don't Forget To Remember Me,Carrie Underwood,46,7,Gains In Performance
2006-04-08,40,Not Ready To Make Nice,Dixie Chicks,36,3,
2006-04-08,41,The Last Of A Dying Breed,Neal McCoy,41,7,
2006-04-08,42,Love Will Always Win,Garth Brooks & Trisha Yearwood,26,10,
2006-04-08,43,Ain't What It Used To Be,Megan Mullins,45,4,Gains In Performance
2006-04-08,44,That's How They Do It In Dixie,"Hank Williams Jr. With Gretchen Wilson, Big & Rich & Van Zant",48,6,Gains In Performance
2006-04-08,45,Findin' A Good Man,Danielle Peck,53,4,Gains In Performance
2006-04-08,46,Wal-Mart Parking Lot,Chris Cagle,43,6,
2006-04-08,47,I Don't Know What She Said,Blaine Larsen,47,6,Gains In Performance
2006-04-08,48,Brand New Girlfriend,Steve Holy,49,12,Gains In Performance
2006-04-08,49,Good To Go,John Corbett,50,9,Gains In Performance
2006-04-08,50,Satisfied,Ashley Monroe,51,3,Gains In Performance
2006-04-08,51,This Time Around,Cross Canadian Ragweed,54,9,Gains In Performance
2006-04-08,52,Chicken Fried,The Lost Trailers,52,3,
2006-04-08,53,God Only Cries,Diamond Rio,NEW,1,Highest ranking debut|Gains In Performance
2006-04-08,54,Easy Does It,Hot Apple Pie,58,2,Gains In Performance
2006-04-08,55,Just This Side Of Heaven (Hal-Lelujah),Hal Ketchum,55,9,
2006-04-08,56,I've Got Friends That Do,Tim McGraw,RE,2,Gains In Performance
2006-04-08,57,Before He Cheats,Carrie Underwood,60,5,
2006-04-08,58,If I Don't Make It Back,Tracy Lawrence,57,20,
2006-04-08,59,Country Music Love Song,Bomshel,NEW,1,Gains In Performance
2006-04-08,60,Local Girls,Ronnie Milsap,59,2,
2006-04-15,1,What Hurts The Most,Rascal Flatts,1,15,Gains In Performance
2006-04-15,2,Tonight I Wanna Cry,Keith Urban,2,20,
2006-04-15,3,Who Says You Can't Go Home,Bon Jovi Duet With Jennifer Nettles,4,20,Gains In Performance
2006-04-15,4,Nobody But Me,Blake Shelton,6,33,Gains In Performance
2006-04-15,5,Get Drunk And Be Somebody,Toby Keith,7,16,Gains In Performance
2006-04-15,6,She Don't Tell Me To,Montgomery Gentry,5,26,
2006-04-15,7,Living In Fast Forward,Kenny Chesney,3,22,
2006-04-15,8,Believe,Brooks & Dunn,10,26,Gains In Performance
2006-04-15,9,Wherever You Are,Jack Ingram,12,27,Gains In Performance
2006-04-15,10,Your Man,Josh Turner,8,37,
2006-04-15,11,Why,Jason Aldean,13,20,Gains In Performance
2006-04-15,12,The Lucky One,Faith Hill,14,8,Gains In Performance
2006-04-15,13,Something's Gotta Give,LeAnn Rimes,16,18,Gains In Performance
2006-04-15,14,Settle For A Slowdown,Dierks Bentley,15,12,Gains In Performance
2006-04-15,15,When The Stars Go Blue,Tim McGraw,17,5,Gains In Performance
2006-04-15,16,Size Matters (Someday),Joe Nichols,18,12,Gains In Performance
2006-04-15,17,The Seashores Of Old Mexico,George Strait,19,9,Gains In Performance
2006-04-15,18,Last Day Of My Life,Phil Vassar,21,11,Gains In Performance
2006-04-15,19,Every Time I Hear Your Name,Keith Anderson,20,15,Gains In Performance
2006-04-15,20,I Got You,Craig Morgan,23,19,Gains In Performance
2006-04-15,21,The World,Brad Paisley,25,3,Gains In Performance
2006-04-15,22,I'm Taking The Wheel,SHeDAISY,22,21,
2006-04-15,23,Politically Uncorrect,Gretchen Wilson Featuring Merle Haggard,24,10,Gains In Performance
2006-04-15,24,Life Ain't Always Beautiful,Gary Allan,27,13,Gains In Performance
2006-04-15,25,I Can't Unlove You,Kenny Rogers,26,19,Gains In Performance
2006-04-15,26,I Love My Life,Jamie O'Neal,28,20,Gains In Performance
2006-04-15,27,Bring It On Home,Little Big Town,31,10,Gains In Performance
2006-04-15,28,If You're Going Through Hell (Before The Devil Even Knows),Rodney Atkins,29,13,Gains In Performance
2006-04-15,29,Don't Forget To Remember Me,Carrie Underwood,39,8,Gains In Performance
2006-04-15,30,How 'Bout You,Eric Church,30,9,Gains In Performance
2006-04-15,31,Summertime,Kenny Chesney,RE,2,Gains In Performance
2006-04-15,32,"Why, Why, Why",Billy Currington,32,6,Gains In Performance
2006-04-15,33,Down In Mississippi (Up To No Good),Sugarland,35,4,Gains In Performance
2006-04-15,34,Never Mind Me,Big & Rich,34,11,Gains In Performance
2006-04-15,35,On Again Tonight,Trent Willmon,36,11,Gains In Performance
2006-04-15,36,Yee Haw,Jake Owen,37,6,Gains In Performance
2006-04-15,37,Favorite State Of Mind,Josh Gracin,38,6,Gains In Performance
2006-04-15,38,Not Ready To Make Nice,Dixie Chicks,40,4,Gains In Performance
2006-04-15,39,The Last Of A Dying Breed,Neal McCoy,41,8,Gains In Performance
2006-04-15,40,Not Going Down,Jo Dee Messina,33,18,
2006-04-15,41,Ain't What It Used To Be,Megan Mullins,43,5,Gains In Performance
2006-04-15,42,Findin' A Good Man,Danielle Peck,45,5,Gains In Performance
2006-04-15,43,I Don't Know What She Said,Blaine Larsen,47,7,Gains In Performance
2006-04-15,44,Satisfied,Ashley Monroe,50,4,Gains In Performance
2006-04-15,45,That's How They Do It In Dixie,"Hank Williams Jr. With Gretchen Wilson, Big & Rich & Van Zant",44,7,
2006-04-15,46,Wal-Mart Parking Lot,Chris Cagle,46,7,Gains In Performance
2006-04-15,47,Brand New Girlfriend,Steve Holy,48,13,Gains In Performance
2006-04-15,48,Love Will Always Win,Garth Brooks & Trisha Yearwood,42,11,
2006-04-15,49,This Time Around,Cross Canadian Ragweed,51,10,Gains In Performance
2006-04-15,50,Me And My Gang,Rascal Flatts,NEW,1,Highest ranking debut|Gains In Performance
2006-04-15,51,Good To Go,John Corbett,49,10,
2006-04-15,52,God Only Cries,Diamond Rio,53,2,Gains In Performance
2006-04-15,53,Leave The Pieces,The Wreckers,NEW,1,Gains In Performance
2006-04-15,54,Backwards,Rascal Flatts,NEW,1,Gains In Performance
2006-04-15,55,Country Music Love Song,Bomshel,59,2,Gains In Performance
2006-04-15,56,Ellsworth,Rascal Flatts,NEW,1,Gains In Performance
2006-04-15,57,Pieces,Rascal Flatts,NEW,1,Gains In Performance
2006-04-15,58,Easy Does It,Hot Apple Pie,54,3,Gains In Performance
2006-04-15,59,Before He Cheats,Carrie Underwood,57,6,Gains In Performance
2006-04-15,60,A Good Man,Emerson Drive,NEW,1,Gains In Performance
2006-04-22,1,What Hurts The Most,Rascal Flatts,1,16,
2006-04-22,2,Who Says You Can't Go Home,Bon Jovi Duet With Jennifer Nettles,3,21,Gains In Performance
2006-04-22,3,Get Drunk And Be Somebody,Toby Keith,5,17,Gains In Performance
2006-04-22,4,Tonight I Wanna Cry,Keith Urban,2,21,
2006-04-22,5,Nobody But Me,Blake Shelton,4,34,
2006-04-22,6,She Don't Tell Me To,Montgomery Gentry,6,27,
2006-04-22,7,Wherever You Are,Jack Ingram,9,28,Gains In Performance
2006-04-22,8,Believe,Brooks & Dunn,8,27,Gains In Performance
2006-04-22,9,Why,Jason Aldean,11,21,Gains In Performance
2006-04-22,10,The Lucky One,Faith Hill,12,9,Gains In Performance
2006-04-22,11,Living In Fast Forward,Kenny Chesney,7,23,
2006-04-22,12,Settle For A Slowdown,Dierks Bentley,14,13,Gains In Performance
2006-04-22,13,Something's Gotta Give,LeAnn Rimes,13,19,Gains In Performance
2006-04-22,14,When The Stars Go Blue,Tim McGraw,15,6,Gains In Performance
2006-04-22,15,Size Matters (Someday),Joe Nichols,16,13,Gains In Performance
2006-04-22,16,The Seashores Of Old Mexico,George Strait,17,10,Gains In Performance
2006-04-22,17,Last Day Of My Life,Phil Vassar,18,12,Gains In Performance
2006-04-22,18,Every Time I Hear Your Name,Keith Anderson,19,16,Gains In Performance
2006-04-22,19,The World,Brad Paisley,21,4,Gains In Performance
2006-04-22,20,I Got You,Craig Morgan,20,20,Gains In Performance
2006-04-22,21,I'm Taking The Wheel,SHeDAISY,22,22,Gains In Performance
2006-04-22,22,Summertime,Kenny Chesney,31,3,Greatest gainer this week|Gains In Performance
2006-04-22,23,Don't Forget To Remember Me,Carrie Underwood,29,9,Gains In Performance
2006-04-22,24,Politically Uncorrect,Gretchen Wilson Featuring Merle Haggard,23,11,Gains In Performance
2006-04-22,25,Life Ain't Always Beautiful,Gary Allan,24,14,Gains In Performance
2006-04-22,26,I Can't Unlove You,Kenny Rogers,25,20,Gains In Performance
2006-04-22,27,Bring It On Home,Little Big Town,27,11,Gains In Performance
2006-04-22,28,How 'Bout You,Eric Church,30,10,Gains In Performance
2006-04-22,29,If You're Going Through Hell (Before The Devil Even Knows),Rodney Atkins,28,14,Gains In Performance
2006-04-22,30,I Love My Life,Jamie O'Neal,26,21,Gains In Performance
2006-04-22,31,"Why, Why, Why",Billy Currington,32,7,Gains In Performance
2006-04-22,32,Down In Mississippi (Up To No Good),Sugarland,33,5,Gains In Performance
2006-04-22,33,Favorite State Of Mind,Josh Gracin,37,7,Gains In Performance
2006-04-22,34,Yee Haw,Jake Owen,36,7,Gains In Performance
2006-04-22,35,Never Mind Me,Big & Rich,34,12,Gains In Performance
2006-04-22,36,On Again Tonight,Trent Willmon,35,12,Gains In Performance
2006-04-22,37,Not Ready To Make Nice,Dixie Chicks,38,5,
2006-04-22,38,The Last Of A Dying Breed,Neal McCoy,39,9,Gains In Performance
2006-04-22,39,Ain't What It Used To Be,Megan Mullins,41,6,Gains In Performance
2006-04-22,40,Findin' A Good Man,Danielle Peck,42,6,Gains In Performance
2006-04-22,41,I Don't Know What She Said,Blaine Larsen,43,8,Gains In Performance
2006-04-22,42,Brand New Girlfriend,Steve Holy,47,14,Gains In Performance
2006-04-22,43,That's How They Do It In Dixie,"Hank Williams Jr. With Gretchen Wilson, Big & Rich & Van Zant",45,8,Gains In Performance
2006-04-22,44,Satisfied,Ashley Monroe,44,5,Gains In Performance
2006-04-22,45,Not Going Down,Jo Dee Messina,40,19,
2006-04-22,46,Leave The Pieces,The Wreckers,53,2,Gains In Performance
2006-04-22,47,Wal-Mart Parking Lot,Chris Cagle,46,8,
2006-04-22,48,That Girl Is A Cowboy,Garth Brooks,NEW,1,Highest ranking debut|Gains In Performance
2006-04-22,49,Country Music Love Song,Bomshel,55,3,Gains In Performance
2006-04-22,50,This Time Around,Cross Canadian Ragweed,49,11,
2006-04-22,51,God Only Cries,Diamond Rio,52,3,Gains In Performance
2006-04-22,52,Good To Go,John Corbett,51,11,
2006-04-22,53,Easy Does It,Hot Apple Pie,58,4,Gains In Performance
2006-04-22,54,Backwards,Rascal Flatts,54,2,
2006-04-22,55,Me And My Gang,Rascal Flatts,50,2,
2006-04-22,56,Before He Cheats,Carrie Underwood,59,7,Gains In Performance
2006-04-22,57,Local Girls,Ronnie Milsap,RE,3,Gains In Performance
2006-04-22,58,A Good Man,Emerson Drive,60,2,Gains In Performance
2006-04-22,59,New Strings,Miranda Lambert,NEW,1,Gains In Performance
2006-04-22,60,Coalmine,Sara Evans,NEW,1,Gains In Performance
2006-04-29,1,What Hurts The Most,Rascal Flatts,1,17,Gains In Performance
2006-04-29,2,Who Says You Can't Go Home,Bon Jovi Duet With Jennifer Nettles,2,22,Gains In Performance
2006-04-29,3,Get Drunk And Be Somebody,Toby Keith,3,18,
2006-04-29,4,Why,Jason Aldean,9,22,Gains In Performance
2006-04-29,5,Tonight I Wanna Cry,Keith Urban,4,22,
2006-04-29,6,Wherever You Are,Jack Ingram,7,29,Gains In Performance
2006-04-29,7,The Lucky One,Faith Hill,10,10,Gains In Performance
2006-04-29,8,Believe,Brooks & Dunn,8,28,Gains In Performance
2006-04-29,9,Settle For A Slowdown,Dierks Bentley,12,14,Gains In Performance
2006-04-29,10,Something's Gotta Give,LeAnn Rimes,13,20,Gains In Performance
2006-04-29,11,Nobody But Me,Blake Shelton,5,35,
2006-04-29,12,When The Stars Go Blue,Tim McGraw,14,7,Gains In Performance
2006-04-29,13,Living In Fast Forward,Kenny Chesney,11,24,
2006-04-29,14,Size Matters (Someday),Joe Nichols,15,14,Gains In Performance
2006-04-29,15,The Seashores Of Old Mexico,George Strait,16,11,Gains In Performance
2006-04-29,16,Last Day Of My Life,Phil Vassar,17,13,Gains In Performance
2006-04-29,17,Every Time I Hear Your Name,Keith Anderson,18,17,Gains In Performance
2006-04-29,18,The World,Brad Paisley,19,5,Gains In Performance
2006-04-29,19,Summertime,Kenny Chesney,22,4,Gains In Performance
2006-04-29,20,I Got You,Craig Morgan,20,21,Gains In Performance
2006-04-29,21,Don't Forget To Remember Me,Carrie Underwood,23,10,Gains In Performance
2006-04-29,22,Life Ain't Always Beautiful,Gary Allan,25,15,Gains In Performance
2006-04-29,23,Politically Uncorrect,Gretchen Wilson Featuring Merle Haggard,24,12,Gains In Performance
2006-04-29,24,Bring It On Home,Little Big Town,27,12,Gains In Performance
2006-04-29,25,I Can't Unlove You,Kenny Rogers,26,21,Gains In Performance
2006-04-29,26,If You're Going Through Hell (Before The Devil Even Knows),Rodney Atkins,29,15,Gains In Performance
2006-04-29,27,How 'Bout You,Eric Church,28,11,Gains In Performance
2006-04-29,28,"Why, Why, Why",Billy Currington,31,8,Gains In Performance
2006-04-29,29,I Love My Life,Jamie O'Neal,30,22,Gains In Performance
2006-04-29,30,Down In Mississippi (Up To No Good),Sugarland,32,6,Gains In Performance
2006-04-29,31,On Again Tonight,Trent Willmon,36,13,Gains In Performance
2006-04-29,32,Favorite State Of Mind,Josh Gracin,33,8,Gains In Performance
2006-04-29,33,Yee Haw,Jake Owen,34,8,Gains In Performance
2006-04-29,34,Never Mind Me,Big & Rich,35,13,Gains In Performance
2006-04-29,35,The Last Of A Dying Breed,Neal McCoy,38,10,Gains In Performance
2006-04-29,36,Ain't What It Used To Be,Megan Mullins,39,7,Gains In Performance
2006-04-29,37,Not Ready To Make Nice,Dixie Chicks,37,6,Gains In Performance
2006-04-29,38,I Don't Know What She Said,Blaine Larsen,41,9,Gains In Performance
2006-04-29,39,Me And My Gang,Rascal Flatts,55,3,Gains In Performance
2006-04-29,40,Findin' A Good Man,Danielle Peck,40,7,Gains In Performance
2006-04-29,41,Leave The Pieces,The Wreckers,46,3,Gains In Performance
2006-04-29,42,That Girl Is A Cowboy,Garth Brooks,48,2,Gains In Performance
2006-04-29,43,Brand New Girlfriend,Steve Holy,42,15,Gains In Performance
2006-04-29,44,That's How They Do It In Dixie,"Hank Williams Jr. With Gretchen Wilson, Big & Rich & Van Zant",43,9,Gains In Performance
2006-04-29,45,A Little Too Late,Toby Keith,NEW,1,Highest ranking debut|Gains In Performance
2006-04-29,46,Satisfied,Ashley Monroe,44,6,Gains In Performance
2006-04-29,47,God Only Cries,Diamond Rio,51,4,Gains In Performance
2006-04-29,48,Good To Go,John Corbett,52,12,Gains In Performance
2006-04-29,49,Country Music Love Song,Bomshel,49,4,Gains In Performance
2006-04-29,50,Easy Does It,Hot Apple Pie,53,5,Gains In Performance
2006-04-29,51,This Time Around,Cross Canadian Ragweed,50,12,
2006-04-29,52,Not Going Down,Jo Dee Messina,45,20,
2006-04-29,53,New Strings,Miranda Lambert,59,2,Gains In Performance
2006-04-29,54,Local Girls,Ronnie Milsap,57,4,Gains In Performance
2006-04-29,55,Before He Cheats,Carrie Underwood,56,8,
2006-04-29,56,What's Up With That,Scotty Emerick,NEW,1,Gains In Performance
2006-04-29,57,A Good Man,Emerson Drive,58,3,Gains In Performance
2006-04-29,58,Wal-Mart Parking Lot,Chris Cagle,47,9,
2006-04-29,59,Gone Either Way,Ray Scott,NEW,1,Gains In Performance
2006-04-29,60,Coalmine,Sara Evans,60,2,
2006-05-06,1,Who Says You Can't Go Home,Bon Jovi Duet With Jennifer Nettles,2,23,Gains In Performance
2006-05-06,2,What Hurts The Most,Rascal Flatts,1,18,
2006-05-06,3,Why,Jason Aldean,4,23,Gains In Performance
2006-05-06,4,Wherever You Are,Jack Ingram,6,30,Gains In Performance
2006-05-06,5,The Lucky One,Faith Hill,7,11,Gains In Performance
2006-05-06,6,Settle For A Slowdown,Dierks Bentley,9,15,Gains In Performance
2006-05-06,7,Something's Gotta Give,LeAnn Rimes,10,21,Gains In Performance
2006-05-06,8,Believe,Brooks & Dunn,8,29,
2006-05-06,9,When The Stars Go Blue,Tim McGraw,12,8,Gains In Performance
2006-05-06,10,Tonight I Wanna Cry,Keith Urban,5,23,
2006-05-06,11,Get Drunk And Be Somebody,Toby Keith,3,19,
2006-05-06,12,The Seashores Of Old Mexico,George Strait,15,12,Gains In Performance
2006-05-06,13,Last Day Of My Life,Phil Vassar,16,14,Gains In Performance
2006-05-06,14,Size Matters (Someday),Joe Nichols,14,15,Gains In Performance
2006-05-06,15,Nobody But Me,Blake Shelton,11,36,
2006-05-06,16,Summertime,Kenny Chesney,19,5,Gains In Performance
2006-05-06,17,Every Time I Hear Your Name,Keith Anderson,17,18,Gains In Performance
2006-05-06,18,The World,Brad Paisley,18,6,Gains In Performance
2006-05-06,19,Don't Forget To Remember Me,Carrie Underwood,21,11,Gains In Performance
2006-05-06,20,I Got You,Craig Morgan,20,22,Gains In Performance
2006-05-06,21,Life Ain't Always Beautiful,Gary Allan,22,16,Gains In Performance
2006-05-06,22,Bring It On Home,Little Big Town,24,13,Gains In Performance
2006-05-06,23,If You're Going Through Hell (Before The Devil Even Knows),Rodney Atkins,26,16,Gains In Performance
2006-05-06,24,Politically Uncorrect,Gretchen Wilson Featuring Merle Haggard,23,13,Gains In Performance
2006-05-06,25,I Can't Unlove You,Kenny Rogers,25,22,Gains In Performance
2006-05-06,26,Me And My Gang,Rascal Flatts,39,4,Greatest gainer this week|Gains In Performance
2006-05-06,27,How 'Bout You,Eric Church,27,12,Gains In Performance
2006-05-06,28,Down In Mississippi (Up To No Good),Sugarland,30,7,Gains In Performance
2006-05-06,29,"Why, Why, Why",Billy Currington,28,9,Gains In Performance
2006-05-06,30,A Little Too Late,Toby Keith,45,2,Gains In Performance
2006-05-06,31,On Again Tonight,Trent Willmon,31,14,Gains In Performance
2006-05-06,32,Yee Haw,Jake Owen,33,9,Gains In Performance
2006-05-06,33,Favorite State Of Mind,Josh Gracin,32,9,Gains In Performance
2006-05-06,34,Never Mind Me,Big & Rich,34,14,
2006-05-06,35,Ain't What It Used To Be,Megan Mullins,36,8,Gains In Performance
2006-05-06,36,That Girl Is A Cowboy,Garth Brooks,42,3,Gains In Performance
2006-05-06,37,The Last Of A Dying Breed,Neal McCoy,35,11,
2006-05-06,38,Findin' A Good Man,Danielle Peck,40,8,Gains In Performance
2006-05-06,39,I Don't Know What She Said,Blaine Larsen,38,10,Gains In Performance
2006-05-06,40,Brand New Girlfriend,Steve Holy,43,16,Gains In Performance
2006-05-06,41,Leave The Pieces,The Wreckers,41,4,Gains In Performance
2006-05-06,42,That's How They Do It In Dixie,"Hank Williams Jr. With Gretchen Wilson, Big & Rich & Van Zant",44,10,Gains In Performance
2006-05-06,43,Not Ready To Make Nice,Dixie Chicks,37,7,
2006-05-06,44,Satisfied,Ashley Monroe,46,7,Gains In Performance
2006-05-06,45,New Strings,Miranda Lambert,53,3,Gains In Performance
2006-05-06,46,God Only Cries,Diamond Rio,47,5,Gains In Performance
2006-05-06,47,Would You Go With Me,Josh Turner,NEW,1,Highest ranking debut|Gains In Performance
2006-05-06,48,This Time Around,Cross Canadian Ragweed,51,13,Gains In Performance
2006-05-06,49,Coalmine,Sara Evans,60,3,Gains In Performance
2006-05-06,50,Good To Go,John Corbett,48,13,
2006-05-06,51,Country Music Love Song,Bomshel,49,5,
2006-05-06,52,What's Up With That,Scotty Emerick,56,2,Gains In Performance
2006-05-06,53,Everybody Knows,Dixie Chicks,NEW,1,Gains In Performance
2006-05-06,54,Hank,Mark Wills,NEW,1,Gains In Performance
2006-05-06,55,Before He Cheats,Carrie Underwood,55,9,
2006-05-06,56,Easy Does It,Hot Apple Pie,50,6,
2006-05-06,57,A Good Man,Emerson Drive,57,4,
2006-05-06,58,Local Girls,Ronnie Milsap,54,5,
2006-05-06,59,Gone Either Way,Ray Scott,59,2,
2006-05-06,60,Get Outta My Way,Carolina Rain,NEW,1,Gains In Performance
2006-05-13,1,Who Says You Can't Go Home,Bon Jovi Duet With Jennifer Nettles,1,24,
2006-05-13,2,Why,Jason Aldean,3,24,Gains In Performance
2006-05-13,3,What Hurts The Most,Rascal Flatts,2,19,
2006-05-13,4,Settle For A Slowdown,Dierks Bentley,6,16,Gains In Performance
2006-05-13,5,Wherever You Are,Jack Ingram,4,31,Gains In Performance
2006-05-13,6,The Lucky One,Faith Hill,5,12,Gains In Performance
2006-05-13,7,Something's Gotta Give,LeAnn Rimes,7,22,Gains In Performance
2006-05-13,8,When The Stars Go Blue,Tim McGraw,9,9,Gains In Performance
2006-05-13,9,Size Matters (Someday),Joe Nichols,14,16,Gains In Performance
2006-05-13,10,Last Day Of My Life,Phil Vassar,13,15,Gains In Performance
2006-05-13,11,Summertime,Kenny Chesney,16,6,Gains In Performance
2006-05-13,12,The Seashores Of Old Mexico,George Strait,12,13,
2006-05-13,13,The World,Brad Paisley,18,7,Gains In Performance
2006-05-13,14,Every Time I Hear Your Name,Keith Anderson,17,19,Gains In Performance
2006-05-13,15,Believe,Brooks & Dunn,8,30,
2006-05-13,16,Don't Forget To Remember Me,Carrie Underwood,19,12,Gains In Performance
2006-05-13,17,Get Drunk And Be Somebody,Toby Keith,11,20,
2006-05-13,18,I Got You,Craig Morgan,20,23,Gains In Performance
2006-05-13,19,Life Ain't Always Beautiful,Gary Allan,21,17,Gains In Performance
2006-05-13,20,Me And My Gang,Rascal Flatts,26,5,Gains In Performance
2006-05-13,21,Bring It On Home,Little Big Town,22,14,Gains In Performance
2006-05-13,22,If You're Going Through Hell (Before The Devil Even Knows),Rodney Atkins,23,17,Gains In Performance
2006-05-13,23,A Little Too Late,Toby Keith,30,3,Greatest gainer this week|Gains In Performance
2006-05-13,24,Politically Uncorrect,Gretchen Wilson Featuring Merle Haggard,24,14,Gains In Performance
2006-05-13,25,I Can't Unlove You,Kenny Rogers,25,23,Gains In Performance
2006-05-13,26,How 'Bout You,Eric Church,27,13,Gains In Performance
2006-05-13,27,Down In Mississippi (Up To No Good),Sugarland,28,8,Gains In Performance
2006-05-13,28,"Why, Why, Why",Billy Currington,29,10,Gains In Performance
2006-05-13,29,Favorite State Of Mind,Josh Gracin,33,10,Gains In Performance
2006-05-13,30,On Again Tonight,Trent Willmon,31,15,Gains In Performance
2006-05-13,31,Yee Haw,Jake Owen,32,10,Gains In Performance
2006-05-13,32,Leave The Pieces,The Wreckers,41,5,Gains In Performance
2006-05-13,33,Findin' A Good Man,Danielle Peck,38,9,Gains In Performance
2006-05-13,34,Brand New Girlfriend,Steve Holy,40,17,Gains In Performance
2006-05-13,35,Never Mind Me,Big & Rich,34,15,
2006-05-13,36,Ain't What It Used To Be,Megan Mullins,35,9,Gains In Performance
2006-05-13,37,I Don't Know What She Said,Blaine Larsen,39,11,Gains In Performance
2006-05-13,38,That Girl Is A Cowboy,Garth Brooks,36,4,Gains In Performance
2006-05-13,39,The Last Of A Dying Breed,Neal McCoy,37,12,Gains In Performance
2006-05-13,40,That's How They Do It In Dixie,"Hank Williams Jr. With Gretchen Wilson, Big & Rich & Van Zant",42,11,Gains In Performance
2006-05-13,41,Would You Go With Me,Josh Turner,47,2,Gains In Performance
2006-05-13,42,New Strings,Miranda Lambert,45,4,Gains In Performance
2006-05-13,43,Satisfied,Ashley Monroe,44,8,
2006-05-13,44,Not Ready To Make Nice,Dixie Chicks,43,8,
2006-05-13,45,God Only Cries,Diamond Rio,46,6,Gains In Performance
2006-05-13,46,Coalmine,Sara Evans,49,4,Gains In Performance
2006-05-13,47,Swing,Trace Adkins,NEW,1,Highest ranking debut|Gains In Performance
2006-05-13,48,Everybody Knows,Dixie Chicks,53,2,Gains In Performance
2006-05-13,49,This Time Around,Cross Canadian Ragweed,48,14,
2006-05-13,50,A Good Man,Emerson Drive,57,5,Gains In Performance
2006-05-13,51,Country Music Love Song,Bomshel,51,6,
2006-05-13,52,Good To Go,John Corbett,50,14,
2006-05-13,53,Kill Me Now,Rio Grand,NEW,1,Gains In Performance
2006-05-13,54,Hank,Mark Wills,54,2,Gains In Performance
2006-05-13,55,Get Outta My Way,Carolina Rain,60,2,Gains In Performance
2006-05-13,56,Gone Either Way,Ray Scott,59,3,Gains In Performance
2006-05-13,57,Anywhere But Here,Chris Cagle,NEW,1,Gains In Performance
2006-05-13,58,Tennessee Girl,Sammy Kershaw,NEW,1,Gains In Performance
2006-05-13,59,What's Up With That,Scotty Emerick,52,3,
2006-05-13,60,Local Girls,Ronnie Milsap,58,6,
2006-05-20,1,Wherever You Are,Jack Ingram,5,32,Greatest gainer this week|Gains In Performance
2006-05-20,2,Why,Jason Aldean,2,25,Gains In Performance
2006-05-20,3,Settle For A Slowdown,Dierks Bentley,4,17,Gains In Performance
2006-05-20,4,Something's Gotta Give,LeAnn Rimes,7,23,Gains In Performance
2006-05-20,5,Who Says You Can't Go Home,Bon Jovi Duet With Jennifer Nettles,1,25,
2006-05-20,6,What Hurts The Most,Rascal Flatts,3,20,
2006-05-20,7,The Lucky One,Faith Hill,6,13,
2006-05-20,8,When The Stars Go Blue,Tim McGraw,8,10,Gains In Performance
2006-05-20,9,Last Day Of My Life,Phil Vassar,10,16,Gains In Performance
2006-05-20,10,Size Matters (Someday),Joe Nichols,9,17,Gains In Performance
2006-05-20,11,Summertime,Kenny Chesney,11,7,Gains In Performance
2006-05-20,12,The World,Brad Paisley,13,8,Gains In Performance
2006-05-20,13,The Seashores Of Old Mexico,George Strait,12,14,Gains In Performance
2006-05-20,14,Every Time I Hear Your Name,Keith Anderson,14,20,Gains In Performance
2006-05-20,15,Don't Forget To Remember Me,Carrie Underwood,16,13,Gains In Performance
2006-05-20,16,I Got You,Craig Morgan,18,24,Gains In Performance
2006-05-20,17,Me And My Gang,Rascal Flatts,20,6,Gains In Performance
2006-05-20,18,Life Ain't Always Beautiful,Gary Allan,19,18,Gains In Performance
2006-05-20,19,A Little Too Late,Toby Keith,23,4,Gains In Performance
2006-05-20,20,If You're Going Through Hell (Before The Devil Even Knows),Rodney Atkins,22,18,Gains In Performance
2006-05-20,21,Bring It On Home,Little Big Town,21,15,Gains In Performance
2006-05-20,22,I Can't Unlove You,Kenny Rogers,25,24,Gains In Performance
2006-05-20,23,Politically Uncorrect,Gretchen Wilson Featuring Merle Haggard,24,15,
2006-05-20,24,How 'Bout You,Eric Church,26,14,Gains In Performance
2006-05-20,25,Down In Mississippi (Up To No Good),Sugarland,27,9,Gains In Performance
2006-05-20,26,"Why, Why, Why",Billy Currington,28,11,Gains In Performance
2006-05-20,27,Yee Haw,Jake Owen,31,11,Gains In Performance
2006-05-20,28,Favorite State Of Mind,Josh Gracin,29,11,Gains In Performance
2006-05-20,29,Leave The Pieces,The Wreckers,32,6,Gains In Performance
2006-05-20,30,On Again Tonight,Trent Willmon,30,16,
2006-05-20,31,Brand New Girlfriend,Steve Holy,34,18,Gains In Performance
2006-05-20,32,Findin' A Good Man,Danielle Peck,33,10,Gains In Performance
2006-05-20,33,Ain't What It Used To Be,Megan Mullins,36,10,Gains In Performance
2006-05-20,34,That Girl Is A Cowboy,Garth Brooks,38,5,Gains In Performance
2006-05-20,35,I Don't Know What She Said,Blaine Larsen,37,12,Gains In Performance
2006-05-20,36,The Last Of A Dying Breed,Neal McCoy,39,13,Gains In Performance
2006-05-20,37,Would You Go With Me,Josh Turner,41,3,Gains In Performance
2006-05-20,38,New Strings,Miranda Lambert,42,5,Gains In Performance
2006-05-20,39,That's How They Do It In Dixie,"Hank Williams Jr. With Gretchen Wilson, Big & Rich & Van Zant",40,12,Gains In Performance
2006-05-20,40,Swing,Trace Adkins,47,2,Gains In Performance
2006-05-20,41,Coalmine,Sara Evans,46,5,Gains In Performance
2006-05-20,42,Never Mind Me,Big & Rich,35,16,
2006-05-20,43,God Only Cries,Diamond Rio,45,7,Gains In Performance
2006-05-20,44,Satisfied,Ashley Monroe,43,9,
2006-05-20,45,This Time Around,Cross Canadian Ragweed,49,15,Gains In Performance
2006-05-20,46,A Good Man,Emerson Drive,50,6,Gains In Performance
2006-05-20,47,Call Me Crazy,The Lost Trailers,NEW,1,Highest ranking debut|Gains In Performance
2006-05-20,48,Everybody Knows,Dixie Chicks,48,3,
2006-05-20,49,Hank,Mark Wills,54,3,Gains In Performance
2006-05-20,50,Not Ready To Make Nice,Dixie Chicks,44,9,
2006-05-20,51,Tennessee Girl,Sammy Kershaw,58,2,Gains In Performance
2006-05-20,52,Kill Me Now,Rio Grand,53,2,
2006-05-20,53,Before He Cheats,Carrie Underwood,RE,10,Gains In Performance
2006-05-20,54,Get Outta My Way,Carolina Rain,55,3,
2006-05-20,55,Gone Either Way,Ray Scott,56,4,Gains In Performance
2006-05-20,56,Live To Love Another Day,Keith Urban,NEW,1,Gains In Performance
2006-05-20,57,Unbroken Ground,Gary Nichols,NEW,1,Gains In Performance
2006-05-20,58,Good To Go,John Corbett,52,15,
2006-05-20,59,Do We Still,Rockie Lynne,NEW,1,Gains In Performance
2006-05-20,60,What's Up With That,Scotty Emerick,59,4,
2006-05-27,1,Why,Jason Aldean,2,26,Gains In Performance
2006-05-27,2,Settle For A Slowdown,Dierks Bentley,3,18,Gains In Performance
2006-05-27,3,Something's Gotta Give,LeAnn Rimes,4,24,Gains In Performance
2006-05-27,4,Wherever You Are,Jack Ingram,1,33,
2006-05-27,5,When The Stars Go Blue,Tim McGraw,8,11,Gains In Performance
2006-05-27,6,The Lucky One,Faith Hill,7,14,
2006-05-27,7,Last Day Of My Life,Phil Vassar,9,17,Gains In Performance
2006-05-27,8,Summertime,Kenny Chesney,11,8,Gains In Performance
2006-05-27,9,What Hurts The Most,Rascal Flatts,6,21,
2006-05-27,10,Who Says You Can't Go Home,Bon Jovi Duet With Jennifer Nettles,5,26,
2006-05-27,11,Size Matters (Someday),Joe Nichols,10,18,Gains In Performance
2006-05-27,12,The World,Brad Paisley,12,9,Gains In Performance
2006-05-27,13,Every Time I Hear Your Name,Keith Anderson,14,21,Gains In Performance
2006-05-27,14,The Seashores Of Old Mexico,George Strait,13,15,
2006-05-27,15,Don't Forget To Remember Me,Carrie Underwood,15,14,Gains In Performance
2006-05-27,16,I Got You,Craig Morgan,16,25,Gains In Performance
2006-05-27,17,A Little Too Late,Toby Keith,19,5,Gains In Performance
2006-05-27,18,Me And My Gang,Rascal Flatts,17,7,Gains In Performance
2006-05-27,19,Life Ain't Always Beautiful,Gary Allan,18,19,Gains In Performance
2006-05-27,20,If You're Going Through Hell (Before The Devil Even Knows),Rodney Atkins,20,19,Gains In Performance
2006-05-27,21,Bring It On Home,Little Big Town,21,16,Gains In Performance
2006-05-27,22,I Can't Unlove You,Kenny Rogers,22,25,Gains In Performance
2006-05-27,23,How 'Bout You,Eric Church,24,15,Gains In Performance
2006-05-27,24,Down In Mississippi (Up To No Good),Sugarland,25,10,Gains In Performance
2006-05-27,25,"Why, Why, Why",Billy Currington,26,12,Gains In Performance
2006-05-27,26,Politically Uncorrect,Gretchen Wilson Featuring Merle Haggard,23,16,
2006-05-27,27,Favorite State Of Mind,Josh Gracin,28,12,Gains In Performance
2006-05-27,28,Yee Haw,Jake Owen,27,12,Gains In Performance
2006-05-27,29,Leave The Pieces,The Wreckers,29,7,Gains In Performance
2006-05-27,30,On Again Tonight,Trent Willmon,30,17,Gains In Performance
2006-05-27,31,Brand New Girlfriend,Steve Holy,31,19,Gains In Performance
2006-05-27,32,Feels Just Like It Should,Pat Green,NEW,1,Gains In Performance
2006-05-27,33,Findin' A Good Man,Danielle Peck,32,11,Gains In Performance
2006-05-27,34,Would You Go With Me,Josh Turner,37,4,Gains In Performance
2006-05-27,35,That Girl Is A Cowboy,Garth Brooks,34,6,Gains In Performance
2006-05-27,36,Ain't What It Used To Be,Megan Mullins,33,11,Gains In Performance
2006-05-27,37,I Don't Know What She Said,Blaine Larsen,35,13,Gains In Performance
2006-05-27,38,Swing,Trace Adkins,40,3,Gains In Performance
2006-05-27,39,New Strings,Miranda Lambert,38,6,Gains In Performance
2006-05-27,40,That's How They Do It In Dixie,"Hank Williams Jr. With Gretchen Wilson, Big & Rich & Van Zant",39,13,Gains In Performance
2006-05-27,41,The Last Of A Dying Breed,Neal McCoy,36,14,
2006-05-27,42,God Only Cries,Diamond Rio,43,8,Gains In Performance
2006-05-27,43,Coalmine,Sara Evans,41,6,Gains In Performance
2006-05-27,44,This Time Around,Cross Canadian Ragweed,45,16,Gains In Performance
2006-05-27,45,A Good Man,Emerson Drive,46,7,Gains In Performance
2006-05-27,46,Hank,Mark Wills,49,4,Gains In Performance
2006-05-27,47,Never Mind Me,Big & Rich,42,17,
2006-05-27,48,Call Me Crazy,The Lost Trailers,47,2,
2006-05-27,49,Kill Me Now,Rio Grand,52,3,Gains In Performance
2006-05-27,50,Everybody Knows,Dixie Chicks,48,4,
2006-05-27,51,Satisfied,Ashley Monroe,44,10,
2006-05-27,52,Before He Cheats,Carrie Underwood,53,11,Gains In Performance
2006-05-27,53,Live To Love Another Day,Keith Urban,56,2,Gains In Performance
2006-05-27,54,Not Ready To Make Nice,Dixie Chicks,50,10,
2006-05-27,55,Get Outta My Way,Carolina Rain,54,4,Gains In Performance
2006-05-27,56,Unbroken Ground,Gary Nichols,57,2,Gains In Performance
2006-05-27,57,Tennessee Girl,Sammy Kershaw,51,3,
2006-05-27,58,Gone Either Way,Ray Scott,55,5,Gains In Performance
2006-05-27,59,Nothin' But A Love Thang,Darryl Worley,NEW,1,Gains In Performance
2006-05-27,60,Do We Still,Rockie Lynne,59,2,Gains In Performance
2006-06-03,1,Settle For A Slowdown,Dierks Bentley,2,19,Gains In Performance
2006-06-03,2,Why,Jason Aldean,1,27,
2006-06-03,3,Something's Gotta Give,LeAnn Rimes,3,25,Gains In Performance
2006-06-03,4,Summertime,Kenny Chesney,8,9,Greatest gainer this week|Gains In Performance
2006-06-03,5,Last Day Of My Life,Phil Vassar,7,18,Gains In Performance
2006-06-03,6,When The Stars Go Blue,Tim McGraw,5,12,Gains In Performance
2006-06-03,7,Wherever You Are,Jack Ingram,4,34,
2006-06-03,8,The World,Brad Paisley,12,10,Gains In Performance
2006-06-03,9,Size Matters (Someday),Joe Nichols,11,19,
2006-06-03,10,Who Says You Can't Go Home,Bon Jovi Duet With Jennifer Nettles,10,27,
2006-06-03,11,The Lucky One,Faith Hill,6,15,
2006-06-03,12,Don't Forget To Remember Me,Carrie Underwood,15,15,Gains In Performance
2006-06-03,13,Every Time I Hear Your Name,Keith Anderson,13,22,Gains In Performance
2006-06-03,14,The Seashores Of Old Mexico,George Strait,14,16,Gains In Performance
2006-06-03,15,I Got You,Craig Morgan,16,26,Gains In Performance
2006-06-03,16,A Little Too Late,Toby Keith,17,6,Gains In Performance
2006-06-03,17,Me And My Gang,Rascal Flatts,18,8,Gains In Performance
2006-06-03,18,If You're Going Through Hell (Before The Devil Even Knows),Rodney Atkins,20,20,Gains In Performance
2006-06-03,19,Life Ain't Always Beautiful,Gary Allan,19,20,Gains In Performance
2006-06-03,20,Bring It On Home,Little Big Town,21,17,Gains In Performance
2006-06-03,21,I Can't Unlove You,Kenny Rogers,22,26,Gains In Performance
2006-06-03,22,How 'Bout You,Eric Church,23,16,Gains In Performance
2006-06-03,23,Down In Mississippi (Up To No Good),Sugarland,24,11,Gains In Performance
2006-06-03,24,"Why, Why, Why",Billy Currington,25,13,Gains In Performance
2006-06-03,25,Yee Haw,Jake Owen,28,13,Gains In Performance
2006-06-03,26,Leave The Pieces,The Wreckers,29,8,Gains In Performance
2006-06-03,27,Favorite State Of Mind,Josh Gracin,27,13,Gains In Performance
2006-06-03,28,On Again Tonight,Trent Willmon,30,18,Gains In Performance
2006-06-03,29,Brand New Girlfriend,Steve Holy,31,20,Gains In Performance
2006-06-03,30,Would You Go With Me,Josh Turner,34,5,Gains In Performance
2006-06-03,31,Findin' A Good Man,Danielle Peck,33,12,Gains In Performance
2006-06-03,32,Feels Just Like It Should,Pat Green,32,2,Gains In Performance
2006-06-03,33,Swing,Trace Adkins,38,4,Gains In Performance
2006-06-03,34,That Girl Is A Cowboy,Garth Brooks,35,7,Gains In Performance
2006-06-03,35,Ain't What It Used To Be,Megan Mullins,36,12,Gains In Performance
2006-06-03,36,New Strings,Miranda Lambert,39,7,Gains In Performance
2006-06-03,37,Politically Uncorrect,Gretchen Wilson Featuring Merle Haggard,26,17,
2006-06-03,38,I Don't Know What She Said,Blaine Larsen,37,14,Gains In Performance
2006-06-03,39,Coalmine,Sara Evans,43,7,Gains In Performance
2006-06-03,40,That's How They Do It In Dixie,"Hank Williams Jr. With Gretchen Wilson, Big & Rich & Van Zant",40,14,Gains In Performance
2006-06-03,41,God Only Cries,Diamond Rio,42,9,Gains In Performance
2006-06-03,42,The Last Of A Dying Breed,Neal McCoy,41,15,
2006-06-03,43,This Time Around,Cross Canadian Ragweed,44,17,Gains In Performance
2006-06-03,44,A Good Man,Emerson Drive,45,8,Gains In Performance
2006-06-03,45,Kill Me Now,Rio Grand,49,4,Gains In Performance
2006-06-03,46,Call Me Crazy,The Lost Trailers,48,3,Gains In Performance
2006-06-03,47,In Terms Of Love,SHeDAISY,NEW,1,Highest ranking debut|Gains In Performance
2006-06-03,48,Get Outta My Way,Carolina Rain,55,5,Gains In Performance
2006-06-03,49,Hank,Mark Wills,46,5,
2006-06-03,50,Live To Love Another Day,Keith Urban,53,3,Gains In Performance
2006-06-03,51,Nothin' But A Love Thang,Darryl Worley,59,2,Gains In Performance
2006-06-03,52,Tennessee Girl,Sammy Kershaw,57,4,Gains In Performance
2006-06-03,53,Gone Either Way,Ray Scott,58,6,Gains In Performance
2006-06-03,54,Everybody Knows,Dixie Chicks,50,5,
2006-06-03,55,Unbroken Ground,Gary Nichols,56,3,Gains In Performance
2006-06-03,56,Before He Cheats,Carrie Underwood,52,12,
2006-06-03,57,Anywhere But Here,Chris Cagle,RE,2,Gains In Performance
2006-06-03,58,Do We Still,Rockie Lynne,60,3,
2006-06-03,59,Building Bridges,Brooks & Dunn With Sheryl Crow & Vince Gill,NEW,1,Gains In Performance
2006-06-03,60,Things I Miss The Most,Van Zant,NEW,1,Gains In Performance
2006-06-10,1,Settle For A Slowdown,Dierks Bentley,1,20,Gains In Performance
2006-06-10,2,Summertime,Kenny Chesney,4,10,Gains In Performance
2006-06-10,3,Something's Gotta Give,LeAnn Rimes,3,26,
2006-06-10,4,Last Day Of My Life,Phil Vassar,5,19,Gains In Performance
2006-06-10,5,Why,Jason Aldean,2,28,
2006-06-10,6,When The Stars Go Blue,Tim McGraw,6,13,Gains In Performance
2006-06-10,7,The World,Brad Paisley,8,11,Gains In Performance
2006-06-10,8,Don't Forget To Remember Me,Carrie Underwood,12,16,Gains In Performance
2006-06-10,9,Size Matters (Someday),Joe Nichols,9,20,Gains In Performance
2006-06-10,10,Every Time I Hear Your Name,Keith Anderson,13,23,Gains In Performance
2006-06-10,11,The Seashores Of Old Mexico,George Strait,14,17,
2006-06-10,12,A Little Too Late,Toby Keith,16,7,Gains In Performance
2006-06-10,13,Wherever You Are,Jack Ingram,7,35,
2006-06-10,14,I Got You,Craig Morgan,15,27,
2006-06-10,15,If You're Going Through Hell (Before The Devil Even Knows),Rodney Atkins,18,21,Gains In Performance
2006-06-10,16,Me And My Gang,Rascal Flatts,17,9,Gains In Performance
2006-06-10,17,Life Ain't Always Beautiful,Gary Allan,19,21,Gains In Performance
2006-06-10,18,The Lucky One,Faith Hill,11,16,
2006-06-10,19,Bring It On Home,Little Big Town,20,18,Gains In Performance
2006-06-10,20,I Can't Unlove You,Kenny Rogers,21,27,Gains In Performance
2006-06-10,21,How 'Bout You,Eric Church,22,17,Gains In Performance
2006-06-10,22,Down In Mississippi (Up To No Good),Sugarland,23,12,Gains In Performance
2006-06-10,23,"Why, Why, Why",Billy Currington,24,14,Gains In Performance
2006-06-10,24,Yee Haw,Jake Owen,25,14,Gains In Performance
2006-06-10,25,Leave The Pieces,The Wreckers,26,9,Gains In Performance
2006-06-10,26,Favorite State Of Mind,Josh Gracin,27,14,Gains In Performance
2006-06-10,27,Brand New Girlfriend,Steve Holy,29,21,Gains In Performance
2006-06-10,28,On Again Tonight,Trent Willmon,28,19,Gains In Performance
2006-06-10,29,Would You Go With Me,Josh Turner,30,6,Gains In Performance
2006-06-10,30,Feels Just Like It Should,Pat Green,32,3,Gains In Performance
2006-06-10,31,Findin' A Good Man,Danielle Peck,31,13,Gains In Performance
2006-06-10,32,Swing,Trace Adkins,33,5,Gains In Performance
2006-06-10,33,New Strings,Miranda Lambert,36,8,Gains In Performance
2006-06-10,34,That Girl Is A Cowboy,Garth Brooks,34,8,
2006-06-10,35,Ain't What It Used To Be,Megan Mullins,35,13,Gains In Performance
2006-06-10,36,8th Of November,Big & Rich,RE,2,Gains In Performance
2006-06-10,37,I Don't Know What She Said,Blaine Larsen,38,15,Gains In Performance
2006-06-10,38,That's How They Do It In Dixie,"Hank Williams Jr. With Gretchen Wilson, Big & Rich & Van Zant",40,15,
2006-06-10,39,God Only Cries,Diamond Rio,41,10,Gains In Performance
2006-06-10,40,Coalmine,Sara Evans,39,8,
2006-06-10,41,Building Bridges,Brooks & Dunn With Sheryl Crow & Vince Gill,59,2,Gains In Performance
2006-06-10,42,A Good Man,Emerson Drive,44,9,Gains In Performance
2006-06-10,43,Politically Uncorrect,Gretchen Wilson Featuring Merle Haggard,37,18,
2006-06-10,44,This Time Around,Cross Canadian Ragweed,43,18,Gains In Performance
2006-06-10,45,Call Me Crazy,The Lost Trailers,46,4,Gains In Performance
2006-06-10,46,In Terms Of Love,SHeDAISY,47,2,Gains In Performance
2006-06-10,47,Kill Me Now,Rio Grand,45,5,Gains In Performance
2006-06-10,48,Get Outta My Way,Carolina Rain,48,6,Gains In Performance
2006-06-10,49,Everybody Knows,Dixie Chicks,54,6,Gains In Performance
2006-06-10,50,Nothin' But A Love Thang,Darryl Worley,51,3,Gains In Performance
2006-06-10,51,Hank,Mark Wills,49,6,Gains In Performance
2006-06-10,52,Love You,Jack Ingram,NEW,1,Highest ranking debut|Gains In Performance
2006-06-10,53,Unbroken Ground,Gary Nichols,55,4,Gains In Performance
2006-06-10,54,Do We Still,Rockie Lynne,58,4,Gains In Performance
2006-06-10,55,Live To Love Another Day,Keith Urban,50,4,
2006-06-10,56,Tennessee Girl,Sammy Kershaw,52,5,Gains In Performance
2006-06-10,57,The Last Of A Dying Breed,Neal McCoy,42,16,
2006-06-10,58,Before He Cheats,Carrie Underwood,56,13,Gains In Performance
2006-06-10,59,Anywhere But Here,Chris Cagle,57,3,Gains In Performance
2006-06-10,60,Gone Either Way,Ray Scott,53,7,
2006-06-17,1,Summertime,Kenny Chesney,2,11,Gains In Performance
2006-06-17,2,Something's Gotta Give,LeAnn Rimes,3,27,Gains In Performance
2006-06-17,3,Settle For A Slowdown,Dierks Bentley,1,21,
2006-06-17,4,Last Day Of My Life,Phil Vassar,4,20,Gains In Performance
2006-06-17,5,When The Stars Go Blue,Tim McGraw,6,14,Gains In Performance
2006-06-17,6,The World,Brad Paisley,7,12,Gains In Performance
2006-06-17,7,Why,Jason Aldean,5,29,
2006-06-17,8,Don't Forget To Remember Me,Carrie Underwood,8,17,Gains In Performance
2006-06-17,9,Size Matters (Someday),Joe Nichols,9,21,Gains In Performance
2006-06-17,10,Every Time I Hear Your Name,Keith Anderson,10,24,Gains In Performance
2006-06-17,11,A Little Too Late,Toby Keith,12,8,Greatest gainer this week|Gains In Performance
2006-06-17,12,I Got You,Craig Morgan,14,28,Gains In Performance
2006-06-17,13,Me And My Gang,Rascal Flatts,16,10,Gains In Performance
2006-06-17,14,If You're Going Through Hell (Before The Devil Even Knows),Rodney Atkins,15,22,Gains In Performance
2006-06-17,15,Life Ain't Always Beautiful,Gary Allan,17,22,Gains In Performance
2006-06-17,16,The Seashores Of Old Mexico,George Strait,11,18,
2006-06-17,17,Bring It On Home,Little Big Town,19,19,Gains In Performance
2006-06-17,18,I Can't Unlove You,Kenny Rogers,20,28,Gains In Performance
2006-06-17,19,How 'Bout You,Eric Church,21,18,Gains In Performance
2006-06-17,20,Down In Mississippi (Up To No Good),Sugarland,22,13,Gains In Performance
2006-06-17,21,The Lucky One,Faith Hill,18,17,
2006-06-17,22,"Why, Why, Why",Billy Currington,23,15,Gains In Performance
2006-06-17,23,Leave The Pieces,The Wreckers,25,10,Gains In Performance
2006-06-17,24,Yee Haw,Jake Owen,24,15,Gains In Performance
2006-06-17,25,Brand New Girlfriend,Steve Holy,27,22,Gains In Performance
2006-06-17,26,Would You Go With Me,Josh Turner,29,7,Gains In Performance
2006-06-17,27,Favorite State Of Mind,Josh Gracin,26,15,Gains In Performance
2006-06-17,28,Feels Just Like It Should,Pat Green,30,4,Gains In Performance
2006-06-17,29,On Again Tonight,Trent Willmon,28,20,Gains In Performance
2006-06-17,30,Findin' A Good Man,Danielle Peck,31,14,Gains In Performance
2006-06-17,31,Building Bridges,Brooks & Dunn With Sheryl Crow & Vince Gill,41,3,Gains In Performance
2006-06-17,32,Swing,Trace Adkins,32,6,Gains In Performance
2006-06-17,33,8th Of November,Big & Rich,36,3,Gains In Performance
2006-06-17,34,That Girl Is A Cowboy,Garth Brooks,34,9,Gains In Performance
2006-06-17,35,New Strings,Miranda Lambert,33,9,Gains In Performance
2006-06-17,36,Ain't What It Used To Be,Megan Mullins,35,14,Gains In Performance
2006-06-17,37,Coalmine,Sara Evans,40,9,Gains In Performance
2006-06-17,38,I Don't Know What She Said,Blaine Larsen,37,16,Gains In Performance
2006-06-17,39,God Only Cries,Diamond Rio,39,11,Gains In Performance
2006-06-17,40,That's How They Do It In Dixie,"Hank Williams Jr. With Gretchen Wilson, Big & Rich & Van Zant",38,16,
2006-06-17,41,A Good Man,Emerson Drive,42,10,Gains In Performance
2006-06-17,42,Kill Me Now,Rio Grand,47,6,Gains In Performance
2006-06-17,43,Call Me Crazy,The Lost Trailers,45,5,Gains In Performance
2006-06-17,44,This Time Around,Cross Canadian Ragweed,44,19,
2006-06-17,45,In Terms Of Love,SHeDAISY,46,3,Gains In Performance
2006-06-17,46,Get Outta My Way,Carolina Rain,48,7,Gains In Performance
2006-06-17,47,Love You,Jack Ingram,52,2,Gains In Performance
2006-06-17,48,Politically Uncorrect,Gretchen Wilson Featuring Merle Haggard,43,19,
2006-06-17,49,Hank,Mark Wills,51,7,Gains In Performance
2006-06-17,50,Do We Still,Rockie Lynne,54,5,Gains In Performance
2006-06-17,51,Everybody Knows,Dixie Chicks,49,7,Gains In Performance
2006-06-17,52,Unbroken Ground,Gary Nichols,53,5,Gains In Performance
2006-06-17,53,California Girls,Gretchen Wilson,NEW,1,Highest ranking debut|Gains In Performance
2006-06-17,54,Tennessee Girl,Sammy Kershaw,56,6,Gains In Performance
2006-06-17,55,Nothin' But A Love Thang,Darryl Worley,50,4,
2006-06-17,56,Live To Love Another Day,Keith Urban,55,5,Gains In Performance
2006-06-17,57,Sunshine And Summertime,Faith Hill,NEW,1,Gains In Performance
2006-06-17,58,Before He Cheats,Carrie Underwood,58,14,Gains In Performance
2006-06-17,59,Gone Either Way,Ray Scott,60,8,Gains In Performance
2006-06-17,60,Anywhere But Here,Chris Cagle,59,4,Gains In Performance
2006-06-24,1,Summertime,Kenny Chesney,1,12,Gains In Performance
2006-06-24,2,Last Day Of My Life,Phil Vassar,4,21,Gains In Performance
2006-06-24,3,The World,Brad Paisley,6,13,Gains In Performance
2006-06-24,4,When The Stars Go Blue,Tim McGraw,5,15,Gains In Performance
2006-06-24,5,Something's Gotta Give,LeAnn Rimes,2,28,
2006-06-24,6,Don't Forget To Remember Me,Carrie Underwood,8,18,Gains In Performance
2006-06-24,7,Settle For A Slowdown,Dierks Bentley,3,22,
2006-06-24,8,A Little Too Late,Toby Keith,11,9,Greatest gainer this week|Gains In Performance
2006-06-24,9,Every Time I Hear Your Name,Keith Anderson,10,25,Gains In Performance
2006-06-24,10,Size Matters (Someday),Joe Nichols,9,22,Gains In Performance
2006-06-24,11,Why,Jason Aldean,7,30,
2006-06-24,12,If You're Going Through Hell (Before The Devil Even Knows),Rodney Atkins,14,23,Gains In Performance
2006-06-24,13,Me And My Gang,Rascal Flatts,13,11,Gains In Performance
2006-06-24,14,Life Ain't Always Beautiful,Gary Allan,15,23,Gains In Performance
2006-06-24,15,I Got You,Craig Morgan,12,29,
2006-06-24,16,Bring It On Home,Little Big Town,17,20,Gains In Performance
2006-06-24,17,I Can't Unlove You,Kenny Rogers,18,29,Gains In Performance
2006-06-24,18,How 'Bout You,Eric Church,19,19,Gains In Performance
2006-06-24,19,Down In Mississippi (Up To No Good),Sugarland,20,14,Gains In Performance
2006-06-24,20,Leave The Pieces,The Wreckers,23,11,Gains In Performance
2006-06-24,21,"Why, Why, Why",Billy Currington,22,16,Gains In Performance
2006-06-24,22,Yee Haw,Jake Owen,24,16,Gains In Performance
2006-06-24,23,The Seashores Of Old Mexico,George Strait,16,19,
2006-06-24,24,Brand New Girlfriend,Steve Holy,25,23,Gains In Performance
2006-06-24,25,Would You Go With Me,Josh Turner,26,8,Gains In Performance
2006-06-24,26,Favorite State Of Mind,Josh Gracin,27,16,Gains In Performance
2006-06-24,27,Feels Just Like It Should,Pat Green,28,5,Gains In Performance
2006-06-24,28,Building Bridges,Brooks & Dunn With Sheryl Crow & Vince Gill,31,4,Gains In Performance
2006-06-24,29,The Lucky One,Faith Hill,21,18,
2006-06-24,30,On Again Tonight,Trent Willmon,29,21,Gains In Performance
2006-06-24,31,Findin' A Good Man,Danielle Peck,30,15,Gains In Performance
2006-06-24,32,Swing,Trace Adkins,32,7,Gains In Performance
2006-06-24,33,8th Of November,Big & Rich,33,4,Gains In Performance
2006-06-24,34,New Strings,Miranda Lambert,35,10,Gains In Performance
2006-06-24,35,That Girl Is A Cowboy,Garth Brooks,34,10,
2006-06-24,36,Ain't What It Used To Be,Megan Mullins,36,15,Gains In Performance
2006-06-24,37,I Don't Know What She Said,Blaine Larsen,38,17,Gains In Performance
2006-06-24,38,Coalmine,Sara Evans,37,10,Gains In Performance
2006-06-24,39,God Only Cries,Diamond Rio,39,12,Gains In Performance
2006-06-24,40,That's How They Do It In Dixie,"Hank Williams Jr. With Gretchen Wilson, Big & Rich & Van Zant",40,17,Gains In Performance
2006-06-24,41,A Good Man,Emerson Drive,41,11,Gains In Performance
2006-06-24,42,Sunshine And Summertime,Faith Hill,57,2,Gains In Performance
2006-06-24,43,California Girls,Gretchen Wilson,53,2,Gains In Performance
2006-06-24,44,In Terms Of Love,SHeDAISY,45,4,Gains In Performance
2006-06-24,45,Everybody Knows,Dixie Chicks,51,8,Gains In Performance
2006-06-24,46,Kill Me Now,Rio Grand,42,7,
2006-06-24,47,Call Me Crazy,The Lost Trailers,43,6,
2006-06-24,48,Unbroken Ground,Gary Nichols,52,6,Gains In Performance
2006-06-24,49,Love You,Jack Ingram,47,3,Gains In Performance
2006-06-24,50,Nothin' But A Love Thang,Darryl Worley,55,5,Gains In Performance
2006-06-24,51,Get Outta My Way,Carolina Rain,46,8,Gains In Performance
2006-06-24,52,This Time Around,Cross Canadian Ragweed,44,20,
2006-06-24,53,Do We Still,Rockie Lynne,50,6,Gains In Performance
2006-06-24,54,Tennessee Girl,Sammy Kershaw,54,7,Gains In Performance
2006-06-24,55,Live To Love Another Day,Keith Urban,56,6,Gains In Performance
2006-06-24,56,Before He Cheats,Carrie Underwood,58,15,Gains In Performance
2006-06-24,57,I'll Give It To You,Zona Jones,NEW,1,Highest ranking debut|Gains In Performance
2006-06-24,58,One Wing In The Fire,Trent Tomlinson,NEW,1,Gains In Performance
2006-06-24,59,One Second Chance,Jeff Bates,NEW,1,Gains In Performance
2006-06-24,60,Anywhere But Here,Chris Cagle,60,5,
2006-07-01,1,Summertime,Kenny Chesney,1,13,Gains In Performance
2006-07-01,2,Last Day Of My Life,Phil Vassar,2,22,Gains In Performance
2006-07-01,3,The World,Brad Paisley,3,14,Gains In Performance
2006-07-01,4,When The Stars Go Blue,Tim McGraw,4,16,
2006-07-01,5,Don't Forget To Remember Me,Carrie Underwood,6,19,Gains In Performance
2006-07-01,6,A Little Too Late,Toby Keith,8,10,Gains In Performance
2006-07-01,7,Every Time I Hear Your Name,Keith Anderson,9,26,Gains In Performance
2006-07-01,8,If You're Going Through Hell (Before The Devil Even Knows),Rodney Atkins,12,24,Gains In Performance
2006-07-01,9,Something's Gotta Give,LeAnn Rimes,5,29,
2006-07-01,10,Size Matters (Someday),Joe Nichols,10,23,Gains In Performance
2006-07-01,11,Settle For A Slowdown,Dierks Bentley,7,23,
2006-07-01,12,Me And My Gang,Rascal Flatts,13,12,Gains In Performance
2006-07-01,13,Life Ain't Always Beautiful,Gary Allan,14,24,Gains In Performance
2006-07-01,14,Why,Jason Aldean,11,31,
2006-07-01,15,Bring It On Home,Little Big Town,16,21,Gains In Performance
2006-07-01,16,Leave The Pieces,The Wreckers,20,12,Gains In Performance
2006-07-01,17,I Can't Unlove You,Kenny Rogers,17,30,
2006-07-01,18,How 'Bout You,Eric Church,18,20,Gains In Performance
2006-07-01,19,Down In Mississippi (Up To No Good),Sugarland,19,15,Gains In Performance
2006-07-01,20,"Why, Why, Why",Billy Currington,21,17,Gains In Performance
2006-07-01,21,Brand New Girlfriend,Steve Holy,24,24,Gains In Performance
2006-07-01,22,Yee Haw,Jake Owen,22,17,Gains In Performance
2006-07-01,23,Would You Go With Me,Josh Turner,25,9,Gains In Performance
2006-07-01,24,Feels Just Like It Should,Pat Green,27,6,Gains In Performance
2006-07-01,25,Building Bridges,Brooks & Dunn With Sheryl Crow & Vince Gill,28,5,Gains In Performance
2006-07-01,26,Favorite State Of Mind,Josh Gracin,26,17,Gains In Performance
2006-07-01,27,Findin' A Good Man,Danielle Peck,31,16,Gains In Performance
2006-07-01,28,On Again Tonight,Trent Willmon,30,22,Gains In Performance
2006-07-01,29,8th Of November,Big & Rich,33,5,Gains In Performance
2006-07-01,30,Swing,Trace Adkins,32,8,Gains In Performance
2006-07-01,31,The Lucky One,Faith Hill,29,19,
2006-07-01,32,The Seashores Of Old Mexico,George Strait,23,20,
2006-07-01,33,New Strings,Miranda Lambert,34,11,Gains In Performance
2006-07-01,34,Sunshine And Summertime,Faith Hill,42,3,Gains In Performance
2006-07-01,35,Ain't What It Used To Be,Megan Mullins,36,16,Gains In Performance
2006-07-01,36,I Don't Know What She Said,Blaine Larsen,37,18,Gains In Performance
2006-07-01,37,God Only Cries,Diamond Rio,39,13,Gains In Performance
2006-07-01,38,Coalmine,Sara Evans,38,11,
2006-07-01,39,That Girl Is A Cowboy,Garth Brooks,35,11,
2006-07-01,40,That's How They Do It In Dixie,"Hank Williams Jr. With Gretchen Wilson, Big & Rich & Van Zant",40,18,Gains In Performance
2006-07-01,41,A Good Man,Emerson Drive,41,12,Gains In Performance
2006-07-01,42,In Terms Of Love,SHeDAISY,44,5,Gains In Performance
2006-07-01,43,California Girls,Gretchen Wilson,43,3,Gains In Performance
2006-07-01,44,Love You,Jack Ingram,49,4,Gains In Performance
2006-07-01,45,Get Outta My Way,Carolina Rain,51,9,Gains In Performance
2006-07-01,46,Kill Me Now,Rio Grand,46,8,Gains In Performance
2006-07-01,47,Call Me Crazy,The Lost Trailers,47,7,Gains In Performance
2006-07-01,48,Life Is A Highway,Rascal Flatts,NEW,1,Highest ranking debut|Gains In Performance
2006-07-01,49,Do We Still,Rockie Lynne,53,7,Gains In Performance
2006-07-01,50,Nothin' But A Love Thang,Darryl Worley,50,6,
2006-07-01,51,Tennessee Girl,Sammy Kershaw,54,8,Gains In Performance
2006-07-01,52,Unbroken Ground,Gary Nichols,48,7,
2006-07-01,53,Mountains,Lonestar,NEW,1,Gains In Performance
2006-07-01,54,One Wing In The Fire,Trent Tomlinson,58,2,Gains In Performance
2006-07-01,55,Everybody Knows,Dixie Chicks,45,9,
2006-07-01,56,Before He Cheats,Carrie Underwood,56,16,Gains In Performance
2006-07-01,57,Live To Love Another Day,Keith Urban,55,7,
2006-07-01,58,Ain't My Day To Care,Bomshel,NEW,1,Gains In Performance
2006-07-01,59,One Second Chance,Jeff Bates,59,2,Gains In Performance
2006-07-01,60,Tim McGraw,Taylor Swift,NEW,1,Gains In Performance
2006-07-08,1,Summertime,Kenny Chesney,1,14,Gains In Performance
2006-07-08,2,The World,Brad Paisley,3,15,Gains In Performance
2006-07-08,3,Last Day Of My Life,Phil Vassar,2,23,
2006-07-08,4,Don't Forget To Remember Me,Carrie Underwood,5,20,Gains In Performance
2006-07-08,5,When The Stars Go Blue,Tim McGraw,4,17,
2006-07-08,6,A Little Too Late,Toby Keith,6,11,Gains In Performance
2006-07-08,7,If You're Going Through Hell (Before The Devil Even Knows),Rodney Atkins,8,25,Gains In Performance
2006-07-08,8,Every Time I Hear Your Name,Keith Anderson,7,27,
2006-07-08,9,Size Matters (Someday),Joe Nichols,10,24,
2006-07-08,10,Life Ain't Always Beautiful,Gary Allan,13,25,Gains In Performance
2006-07-08,11,Me And My Gang,Rascal Flatts,12,13,Gains In Performance
2006-07-08,12,Bring It On Home,Little Big Town,15,22,Gains In Performance
2006-07-08,13,Settle For A Slowdown,Dierks Bentley,11,24,
2006-07-08,14,Something's Gotta Give,LeAnn Rimes,9,30,
2006-07-08,15,Why,Jason Aldean,14,32,
2006-07-08,16,Leave The Pieces,The Wreckers,16,13,Gains In Performance
2006-07-08,17,How 'Bout You,Eric Church,18,21,Gains In Performance
2006-07-08,18,I Can't Unlove You,Kenny Rogers,17,31,Gains In Performance
2006-07-08,19,Brand New Girlfriend,Steve Holy,21,25,Gains In Performance
2006-07-08,20,Down In Mississippi (Up To No Good),Sugarland,19,16,Gains In Performance
2006-07-08,21,"Why, Why, Why",Billy Currington,20,18,Gains In Performance
2006-07-08,22,Yee Haw,Jake Owen,22,18,Gains In Performance
2006-07-08,23,Would You Go With Me,Josh Turner,23,10,Gains In Performance
2006-07-08,24,Building Bridges,Brooks & Dunn With Sheryl Crow & Vince Gill,25,6,Gains In Performance
2006-07-08,25,Feels Just Like It Should,Pat Green,24,7,Gains In Performance
2006-07-08,26,Sunshine And Summertime,Faith Hill,34,4,Gains In Performance
2006-07-08,27,Favorite State Of Mind,Josh Gracin,26,18,Gains In Performance
2006-07-08,28,8th Of November,Big & Rich,29,6,Gains In Performance
2006-07-08,29,Swing,Trace Adkins,30,9,Gains In Performance
2006-07-08,30,Findin' A Good Man,Danielle Peck,27,17,Gains In Performance
2006-07-08,31,On Again Tonight,Trent Willmon,28,23,Gains In Performance
2006-07-08,32,New Strings,Miranda Lambert,33,12,Gains In Performance
2006-07-08,33,The Lucky One,Faith Hill,31,20,
2006-07-08,34,Give It Away,George Strait,NEW,1,Greatest gainer this week|Gains In Performance
2006-07-08,35,I Don't Know What She Said,Blaine Larsen,36,19,Gains In Performance
2006-07-08,36,Ain't What It Used To Be,Megan Mullins,35,17,
2006-07-08,37,God Only Cries,Diamond Rio,37,14,Gains In Performance
2006-07-08,38,Coalmine,Sara Evans,38,12,
2006-07-08,39,That's How They Do It In Dixie,"Hank Williams Jr. With Gretchen Wilson, Big & Rich & Van Zant",40,19,Gains In Performance
2006-07-08,40,California Girls,Gretchen Wilson,43,4,Gains In Performance
2006-07-08,41,In Terms Of Love,SHeDAISY,42,6,Gains In Performance
2006-07-08,42,A Good Man,Emerson Drive,41,13,Gains In Performance
2006-07-08,43,Love You,Jack Ingram,44,5,Gains In Performance
2006-07-08,44,That Girl Is A Cowboy,Garth Brooks,39,12,
2006-07-08,45,Get Outta My Way,Carolina Rain,45,10,Gains In Performance
2006-07-08,46,Mountains,Lonestar,53,2,Gains In Performance
2006-07-08,47,Kill Me Now,Rio Grand,46,9,Gains In Performance
2006-07-08,48,Nothin' But A Love Thang,Darryl Worley,50,7,Gains In Performance
2006-07-08,49,Life Is A Highway,Rascal Flatts,48,2,Gains In Performance
2006-07-08,50,Unbroken Ground,Gary Nichols,52,8,Gains In Performance
2006-07-08,51,Do We Still,Rockie Lynne,49,8,Gains In Performance
2006-07-08,52,Tennessee Girl,Sammy Kershaw,51,9,Gains In Performance
2006-07-08,53,Before He Cheats,Carrie Underwood,56,17,Gains In Performance
2006-07-08,54,One Wing In The Fire,Trent Tomlinson,54,3,Gains In Performance
2006-07-08,55,Call Me Crazy,The Lost Trailers,47,8,
2006-07-08,56,Ain't My Day To Care,Bomshel,58,2,Gains In Performance
2006-07-08,57,I Loved Her First,Heartland,NEW,1,Gains In Performance
2006-07-08,58,Tim McGraw,Taylor Swift,60,2,Gains In Performance
2006-07-08,59,Live To Love Another Day,Keith Urban,57,8,Gains In Performance
2006-07-08,60,One Second Chance,Jeff Bates,59,3,Gains In Performance
2006-07-15,1,Summertime,Kenny Chesney,1,15,
2006-07-15,2,The World,Brad Paisley,2,16,Gains In Performance
2006-07-15,3,Don't Forget To Remember Me,Carrie Underwood,4,21,Gains In Performance
2006-07-15,4,A Little Too Late,Toby Keith,6,12,Gains In Performance
2006-07-15,5,Last Day Of My Life,Phil Vassar,3,24,
2006-07-15,6,If You're Going Through Hell (Before The Devil Even Knows),Rodney Atkins,7,26,Greatest gainer this week|Gains In Performance
2006-07-15,7,When The Stars Go Blue,Tim McGraw,5,18,
2006-07-15,8,Every Time I Hear Your Name,Keith Anderson,8,28,
2006-07-15,9,Life Ain't Always Beautiful,Gary Allan,10,26,Gains In Performance
2006-07-15,10,Me And My Gang,Rascal Flatts,11,14,Gains In Performance
2006-07-15,11,Bring It On Home,Little Big Town,12,23,Gains In Performance
2006-07-15,12,Leave The Pieces,The Wreckers,16,14,Gains In Performance
2006-07-15,13,Size Matters (Someday),Joe Nichols,9,25,
2006-07-15,14,Brand New Girlfriend,Steve Holy,19,26,Gains In Performance
2006-07-15,15,How 'Bout You,Eric Church,17,22,
2006-07-15,16,"Why, Why, Why",Billy Currington,21,19,Gains In Performance
2006-07-15,17,Down In Mississippi (Up To No Good),Sugarland,20,17,Gains In Performance
2006-07-15,18,Yee Haw,Jake Owen,22,19,Gains In Performance
2006-07-15,19,Building Bridges,Brooks & Dunn With Sheryl Crow & Vince Gill,24,7,Gains In Performance
2006-07-15,20,Would You Go With Me,Josh Turner,23,11,Gains In Performance
2006-07-15,21,Feels Just Like It Should,Pat Green,25,8,Gains In Performance
2006-07-15,22,Sunshine And Summertime,Faith Hill,26,5,Gains In Performance
2006-07-15,23,Favorite State Of Mind,Josh Gracin,27,19,Gains In Performance
2006-07-15,24,8th Of November,Big & Rich,28,7,Gains In Performance
2006-07-15,25,Swing,Trace Adkins,29,10,Gains In Performance
2006-07-15,26,Findin' A Good Man,Danielle Peck,30,18,Gains In Performance
2006-07-15,27,On Again Tonight,Trent Willmon,31,24,Gains In Performance
2006-07-15,28,Give It Away,George Strait,34,2,Gains In Performance
2006-07-15,29,New Strings,Miranda Lambert,32,13,Gains In Performance
2006-07-15,30,I Don't Know What She Said,Blaine Larsen,35,20,Gains In Performance
2006-07-15,31,God Only Cries,Diamond Rio,37,15,Gains In Performance
2006-07-15,32,Ain't What It Used To Be,Megan Mullins,36,18,
2006-07-15,33,California Girls,Gretchen Wilson,40,5,Gains In Performance
2006-07-15,34,Love You,Jack Ingram,43,6,Gains In Performance
2006-07-15,35,That's How They Do It In Dixie,"Hank Williams Jr. With Gretchen Wilson, Big & Rich & Van Zant",39,20,
2006-07-15,36,In Terms Of Love,SHeDAISY,41,7,Gains In Performance
2006-07-15,37,Coalmine,Sara Evans,38,13,
2006-07-15,38,A Good Man,Emerson Drive,42,14,Gains In Performance
2006-07-15,39,Mountains,Lonestar,46,3,Gains In Performance
2006-07-15,40,Get Outta My Way,Carolina Rain,45,11,Gains In Performance
2006-07-15,41,Life Is A Highway,Rascal Flatts,49,3,Gains In Performance
2006-07-15,42,I Loved Her First,Heartland,57,2,Gains In Performance
2006-07-15,43,Unbroken Ground,Gary Nichols,50,9,Gains In Performance
2006-07-15,44,Nothin' But A Love Thang,Darryl Worley,48,8,Gains In Performance
2006-07-15,45,Every Mile A Memory,Dierks Bentley,NEW,1,Highest ranking debut|Gains In Performance
2006-07-15,46,Tim McGraw,Taylor Swift,58,3,Gains In Performance
2006-07-15,47,Do We Still,Rockie Lynne,51,9,Gains In Performance
2006-07-15,48,Kill Me Now,Rio Grand,47,10,
2006-07-15,49,One Wing In The Fire,Trent Tomlinson,54,4,Gains In Performance
2006-07-15,50,Ain't My Day To Care,Bomshel,56,3,Gains In Performance
2006-07-15,51,Tennessee Girl,Sammy Kershaw,52,10,Gains In Performance
2006-07-15,52,Amarillo Sky,Jason Aldean,NEW,1,Gains In Performance
2006-07-15,53,That Girl Is A Cowboy,Garth Brooks,44,13,
2006-07-15,54,Anywhere But Here,Chris Cagle,RE,6,Gains In Performance
2006-07-15,55,Some People Change,Montgomery Gentry,NEW,1,Gains In Performance
2006-07-15,56,Good Good Lovin',Brian McComas,NEW,1,Gains In Performance
2006-07-15,57,Before He Cheats,Carrie Underwood,53,18,
2006-07-15,58,Kiss Me In The Dark,Randy Rogers Band,NEW,1,Gains In Performance
2006-07-15,59,One Second Chance,Jeff Bates,60,4,
2006-07-15,60,Live To Love Another Day,Keith Urban,59,9,
2006-07-22,1,The World,Brad Paisley,2,17,Gains In Performance
2006-07-22,2,Summertime,Kenny Chesney,1,16,Gains In Performance
2006-07-22,3,Don't Forget To Remember Me,Carrie Underwood,3,22,Gains In Performance
2006-07-22,4,A Little Too Late,Toby Keith,4,13,Gains In Performance
2006-07-22,5,If You're Going Through Hell (Before The Devil Even Knows),Rodney Atkins,6,27,Gains In Performance
2006-07-22,6,Last Day Of My Life,Phil Vassar,5,25,
2006-07-22,7,Life Ain't Always Beautiful,Gary Allan,9,27,Gains In Performance
2006-07-22,8,Me And My Gang,Rascal Flatts,10,15,Gains In Performance
2006-07-22,9,When The Stars Go Blue,Tim McGraw,7,19,
2006-07-22,10,Bring It On Home,Little Big Town,11,24,Gains In Performance
2006-07-22,11,Leave The Pieces,The Wreckers,12,15,Gains In Performance
2006-07-22,12,Every Time I Hear Your Name,Keith Anderson,8,29,
2006-07-22,13,Brand New Girlfriend,Steve Holy,14,27,Gains In Performance
2006-07-22,14,How 'Bout You,Eric Church,15,23,Gains In Performance
2006-07-22,15,Building Bridges,Brooks & Dunn With Sheryl Crow & Vince Gill,19,8,Gains In Performance
2006-07-22,16,"Why, Why, Why",Billy Currington,16,20,Gains In Performance
2006-07-22,17,Would You Go With Me,Josh Turner,20,12,Gains In Performance
2006-07-22,18,Yee Haw,Jake Owen,18,20,Gains In Performance
2006-07-22,19,Sunshine And Summertime,Faith Hill,22,6,Gains In Performance
2006-07-22,20,Feels Just Like It Should,Pat Green,21,9,Gains In Performance
2006-07-22,21,Down In Mississippi (Up To No Good),Sugarland,17,18,
2006-07-22,22,Favorite State Of Mind,Josh Gracin,23,20,Gains In Performance
2006-07-22,23,Give It Away,George Strait,28,3,Gains In Performance
2006-07-22,24,8th Of November,Big & Rich,24,8,Gains In Performance
2006-07-22,25,Swing,Trace Adkins,25,11,Gains In Performance
2006-07-22,26,Findin' A Good Man,Danielle Peck,26,19,Gains In Performance
2006-07-22,27,On Again Tonight,Trent Willmon,27,25,Gains In Performance
2006-07-22,28,New Strings,Miranda Lambert,29,14,Gains In Performance
2006-07-22,29,I Don't Know What She Said,Blaine Larsen,30,21,Gains In Performance
2006-07-22,30,God Only Cries,Diamond Rio,31,16,Gains In Performance
2006-07-22,31,California Girls,Gretchen Wilson,33,6,Gains In Performance
2006-07-22,32,Ain't What It Used To Be,Megan Mullins,32,19,
2006-07-22,33,Mountains,Lonestar,39,4,Gains In Performance
2006-07-22,34,Love You,Jack Ingram,34,7,Gains In Performance
2006-07-22,35,In Terms Of Love,SHeDAISY,36,8,Gains In Performance
2006-07-22,36,A Good Man,Emerson Drive,38,15,Gains In Performance
2006-07-22,37,Every Mile A Memory,Dierks Bentley,45,2,Gains In Performance
2006-07-22,38,I Loved Her First,Heartland,42,3,Gains In Performance
2006-07-22,39,Nothin' But A Love Thang,Darryl Worley,44,9,Gains In Performance
2006-07-22,40,Life Is A Highway,Rascal Flatts,41,4,Gains In Performance
2006-07-22,41,Get Outta My Way,Carolina Rain,40,12,Gains In Performance
2006-07-22,42,Tim McGraw,Taylor Swift,46,4,Gains In Performance
2006-07-22,43,Amarillo Sky,Jason Aldean,52,2,Gains In Performance
2006-07-22,44,Unbroken Ground,Gary Nichols,43,10,Gains In Performance
2006-07-22,45,One Wing In The Fire,Trent Tomlinson,49,5,Gains In Performance
2006-07-22,46,Do We Still,Rockie Lynne,47,10,Gains In Performance
2006-07-22,47,Tennessee Girl,Sammy Kershaw,51,11,Gains In Performance
2006-07-22,48,Kill Me Now,Rio Grand,48,11,Gains In Performance
2006-07-22,49,Some People Change,Montgomery Gentry,55,2,Gains In Performance
2006-07-22,50,Ain't My Day To Care,Bomshel,50,4,Gains In Performance
2006-07-22,51,Coalmine,Sara Evans,37,14,
2006-07-22,52,Anywhere But Here,Chris Cagle,54,7,Gains In Performance
2006-07-22,53,Kiss Me In The Dark,Randy Rogers Band,58,2,Gains In Performance
2006-07-22,54,Wait For Me,Bob Seger,NEW,1,Highest ranking debut|Gains In Performance
2006-07-22,55,Before He Cheats,Carrie Underwood,57,19,Gains In Performance
2006-07-22,56,Good Good Lovin',Brian McComas,56,2,Gains In Performance
2006-07-22,57,That Girl Is A Cowboy,Garth Brooks,53,14,
2006-07-22,58,It's Too Late To Worry,Jo Dee Messina,NEW,1,Gains In Performance
2006-07-22,59,You Don't Know A Thing,Steve Azar,NEW,1,Gains In Performance
2006-07-22,60,Live To Love Another Day,Keith Urban,60,10,Gains In Performance
2006-07-29,1,The World,Brad Paisley,1,18,
2006-07-29,2,Summertime,Kenny Chesney,2,17,
2006-07-29,3,Don't Forget To Remember Me,Carrie Underwood,3,23,
2006-07-29,4,A Little Too Late,Toby Keith,4,14,Gains In Performance
2006-07-29,5,If You're Going Through Hell (Before The Devil Even Knows),Rodney Atkins,5,28,Gains In Performance
2006-07-29,6,Life Ain't Always Beautiful,Gary Allan,7,28,Gains In Performance
2006-07-29,7,Me And My Gang,Rascal Flatts,8,16,Gains In Performance
2006-07-29,8,Leave The Pieces,The Wreckers,11,16,Gains In Performance
2006-07-29,9,Bring It On Home,Little Big Town,10,25,Gains In Performance
2006-07-29,10,Last Day Of My Life,Phil Vassar,6,26,
2006-07-29,11,Brand New Girlfriend,Steve Holy,13,28,Gains In Performance
2006-07-29,12,Every Time I Hear Your Name,Keith Anderson,12,30,
2006-07-29,13,Building Bridges,Brooks & Dunn With Sheryl Crow & Vince Gill,15,9,Gains In Performance
2006-07-29,14,How 'Bout You,Eric Church,14,24,Gains In Performance
2006-07-29,15,When The Stars Go Blue,Tim McGraw,9,20,
2006-07-29,16,Sunshine And Summertime,Faith Hill,19,7,Gains In Performance
2006-07-29,17,"Why, Why, Why",Billy Currington,16,21,Gains In Performance
2006-07-29,18,Would You Go With Me,Josh Turner,17,13,Gains In Performance
2006-07-29,19,Give It Away,George Strait,23,4,Gains In Performance
2006-07-29,20,Feels Just Like It Should,Pat Green,20,10,Gains In Performance
2006-07-29,21,Yee Haw,Jake Owen,18,21,Gains In Performance
2006-07-29,22,Favorite State Of Mind,Josh Gracin,22,21,Gains In Performance
2006-07-29,23,8th Of November,Big & Rich,24,9,Gains In Performance
2006-07-29,24,Findin' A Good Man,Danielle Peck,26,20,Gains In Performance
2006-07-29,25,Down In Mississippi (Up To No Good),Sugarland,21,19,
2006-07-29,26,Swing,Trace Adkins,25,12,Gains In Performance
2006-07-29,27,On Again Tonight,Trent Willmon,27,26,
2006-07-29,28,New Strings,Miranda Lambert,28,15,
2006-07-29,29,I Don't Know What She Said,Blaine Larsen,29,22,Gains In Performance
2006-07-29,30,California Girls,Gretchen Wilson,31,7,Gains In Performance
2006-07-29,31,Mountains,Lonestar,33,5,Gains In Performance
2006-07-29,32,God Only Cries,Diamond Rio,30,17,
2006-07-29,33,Love You,Jack Ingram,34,8,Gains In Performance
2006-07-29,34,Every Mile A Memory,Dierks Bentley,37,3,Gains In Performance
2006-07-29,35,I Loved Her First,Heartland,38,4,Gains In Performance
2006-07-29,36,In Terms Of Love,SHeDAISY,35,9,Gains In Performance
2006-07-29,37,Ain't What It Used To Be,Megan Mullins,32,20,
2006-07-29,38,A Good Man,Emerson Drive,36,16,Gains In Performance
2006-07-29,39,Some People Change,Montgomery Gentry,49,3,Gains In Performance
2006-07-29,40,Get Outta My Way,Carolina Rain,41,13,Gains In Performance
2006-07-29,41,Nothin' But A Love Thang,Darryl Worley,39,10,Gains In Performance
2006-07-29,42,Like Red On A Rose,Alan Jackson,NEW,1,Gains In Performance
2006-07-29,43,Tim McGraw,Taylor Swift,42,5,Gains In Performance
2006-07-29,44,Life Is A Highway,Rascal Flatts,40,5,Gains In Performance
2006-07-29,45,Amarillo Sky,Jason Aldean,43,3,Gains In Performance
2006-07-29,46,Unbroken Ground,Gary Nichols,44,11,Gains In Performance
2006-07-29,47,Do We Still,Rockie Lynne,46,11,Gains In Performance
2006-07-29,48,One Wing In The Fire,Trent Tomlinson,45,6,Gains In Performance
2006-07-29,49,Before He Cheats,Carrie Underwood,55,20,Gains In Performance
2006-07-29,50,Tennessee Girl,Sammy Kershaw,47,12,Gains In Performance
2006-07-29,51,It's Too Late To Worry,Jo Dee Messina,58,2,Gains In Performance
2006-07-29,52,Kill Me Now,Rio Grand,48,12,Gains In Performance
2006-07-29,53,Ain't My Day To Care,Bomshel,50,5,Gains In Performance
2006-07-29,54,Live To Love Another Day,Keith Urban,60,11,Gains In Performance
2006-07-29,55,Kiss Me In The Dark,Randy Rogers Band,53,3,
2006-07-29,56,Good Good Lovin',Brian McComas,56,3,
2006-07-29,57,Wait For Me,Bob Seger,54,2,
2006-07-29,58,Anywhere But Here,Chris Cagle,52,8,
2006-07-29,59,You Don't Know A Thing,Steve Azar,59,2,Gains In Performance
2006-07-29,60,One Second Chance,Jeff Bates,RE,5,Gains In Performance
2006-08-05,1,The World,Brad Paisley,1,19,
2006-08-05,2,Don't Forget To Remember Me,Carrie Underwood,3,24,Gains In Performance
2006-08-05,3,If You're Going Through Hell (Before The Devil Even Knows),Rodney Atkins,5,29,Gains In Performance
2006-08-05,4,A Little Too Late,Toby Keith,4,15,Gains In Performance
2006-08-05,5,Summertime,Kenny Chesney,2,18,
2006-08-05,6,Me And My Gang,Rascal Flatts,7,17,Gains In Performance
2006-08-05,7,Life Ain't Always Beautiful,Gary Allan,6,29,Gains In Performance
2006-08-05,8,Leave The Pieces,The Wreckers,8,17,Gains In Performance
2006-08-05,9,Bring It On Home,Little Big Town,9,26,Gains In Performance
2006-08-05,10,Brand New Girlfriend,Steve Holy,11,29,Gains In Performance
2006-08-05,11,Every Time I Hear Your Name,Keith Anderson,12,31,Gains In Performance
2006-08-05,12,Building Bridges,Brooks & Dunn With Sheryl Crow & Vince Gill,13,10,Gains In Performance
2006-08-05,13,Sunshine And Summertime,Faith Hill,16,8,Gains In Performance
2006-08-05,14,How 'Bout You,Eric Church,14,25,Gains In Performance
2006-08-05,15,Would You Go With Me,Josh Turner,18,14,Gains In Performance
2006-08-05,16,Give It Away,George Strait,19,5,Gains In Performance
2006-08-05,17,"Why, Why, Why",Billy Currington,17,22,Gains In Performance
2006-08-05,18,Feels Just Like It Should,Pat Green,20,11,Gains In Performance
2006-08-05,19,Yee Haw,Jake Owen,21,22,Gains In Performance
2006-08-05,20,Favorite State Of Mind,Josh Gracin,22,22,Gains In Performance
2006-08-05,21,8th Of November,Big & Rich,23,10,Gains In Performance
2006-08-05,22,Findin' A Good Man,Danielle Peck,24,21,Gains In Performance
2006-08-05,23,Swing,Trace Adkins,26,13,Gains In Performance
2006-08-05,24,Every Mile A Memory,Dierks Bentley,34,4,Gains In Performance
2006-08-05,25,New Strings,Miranda Lambert,28,16,Gains In Performance
2006-08-05,26,I Don't Know What She Said,Blaine Larsen,29,23,Gains In Performance
2006-08-05,27,California Girls,Gretchen Wilson,30,8,Gains In Performance
2006-08-05,28,Like Red On A Rose,Alan Jackson,42,2,Greatest gainer this week|Gains In Performance
2006-08-05,29,Mountains,Lonestar,31,6,Gains In Performance
2006-08-05,30,Love You,Jack Ingram,33,9,Gains In Performance
2006-08-05,31,Down In Mississippi (Up To No Good),Sugarland,25,20,
2006-08-05,32,I Loved Her First,Heartland,35,5,Gains In Performance
2006-08-05,33,God Only Cries,Diamond Rio,32,18,Gains In Performance
2006-08-05,34,In Terms Of Love,SHeDAISY,36,10,Gains In Performance
2006-08-05,35,A Good Man,Emerson Drive,38,17,Gains In Performance
2006-08-05,36,Some People Change,Montgomery Gentry,39,4,Gains In Performance
2006-08-05,37,Life Is A Highway,Rascal Flatts,44,6,Gains In Performance
2006-08-05,38,Nothin' But A Love Thang,Darryl Worley,41,11,Gains In Performance
2006-08-05,39,Get Outta My Way,Carolina Rain,40,14,Gains In Performance
2006-08-05,40,Tim McGraw,Taylor Swift,43,6,
2006-08-05,41,Amarillo Sky,Jason Aldean,45,4,Gains In Performance
2006-08-05,42,Unbroken Ground,Gary Nichols,46,12,Gains In Performance
2006-08-05,43,Before He Cheats,Carrie Underwood,49,21,Gains In Performance
2006-08-05,44,It's Too Late To Worry,Jo Dee Messina,51,3,Gains In Performance
2006-08-05,45,One Wing In The Fire,Trent Tomlinson,48,7,Gains In Performance
2006-08-05,46,Do We Still,Rockie Lynne,47,12,
2006-08-05,47,Tennessee Girl,Sammy Kershaw,50,13,
2006-08-05,48,Kill Me Now,Rio Grand,52,13,
2006-08-05,49,Ain't My Day To Care,Bomshel,53,6,Gains In Performance
2006-08-05,50,Live To Love Another Day,Keith Urban,54,12,
2006-08-05,51,Kiss Me In The Dark,Randy Rogers Band,55,4,Gains In Performance
2006-08-05,52,You Don't Know A Thing,Steve Azar,59,3,Gains In Performance
2006-08-05,53,Good Good Lovin',Brian McComas,56,4,
2006-08-05,54,Drinkin' Me Lonely,Chris Young,NEW,1,Highest ranking debut|Gains In Performance
2006-08-05,55,Cheapest Motel,Tracy Byrd,NEW,1,Gains In Performance
2006-08-05,56,The Reason Why,Vince Gill,NEW,1,Gains In Performance
2006-08-05,57,That's So You,Rushlow Harris,NEW,1,Gains In Performance
2006-08-05,58,Wait For Me,Bob Seger,57,3,
2006-08-05,59,Anywhere But Here,Chris Cagle,58,9,
2006-08-05,60,One Second Chance,Jeff Bates,60,6,
2006-08-12,1,If You're Going Through Hell (Before The Devil Even Knows),Rodney Atkins,3,30,Gains In Performance
2006-08-12,2,A Little Too Late,Toby Keith,4,16,Gains In Performance
2006-08-12,3,Don't Forget To Remember Me,Carrie Underwood,2,25,Gains In Performance
2006-08-12,4,The World,Brad Paisley,1,20,Gains In Performance
2006-08-12,5,Leave The Pieces,The Wreckers,8,18,Gains In Performance
2006-08-12,6,Summertime,Kenny Chesney,5,19,Gains In Performance
2006-08-12,7,Me And My Gang,Rascal Flatts,6,18,Gains In Performance
2006-08-12,8,Life Ain't Always Beautiful,Gary Allan,7,30,Gains In Performance
2006-08-12,9,Bring It On Home,Little Big Town,9,27,Gains In Performance
2006-08-12,10,Brand New Girlfriend,Steve Holy,10,30,Gains In Performance
2006-08-12,11,Building Bridges,Brooks & Dunn With Sheryl Crow & Vince Gill,12,11,Gains In Performance
2006-08-12,12,Give It Away,George Strait,16,6,Gains In Performance
2006-08-12,13,Sunshine And Summertime,Faith Hill,13,9,Gains In Performance
2006-08-12,14,Would You Go With Me,Josh Turner,15,15,Gains In Performance
2006-08-12,15,Every Time I Hear Your Name,Keith Anderson,11,32,Gains In Performance
2006-08-12,16,"Why, Why, Why",Billy Currington,17,23,Gains In Performance
2006-08-12,17,Yee Haw,Jake Owen,19,23,Gains In Performance
2006-08-12,18,Feels Just Like It Should,Pat Green,18,12,Gains In Performance
2006-08-12,19,Favorite State Of Mind,Josh Gracin,20,23,Gains In Performance
2006-08-12,20,8th Of November,Big & Rich,21,11,Gains In Performance
2006-08-12,21,Findin' A Good Man,Danielle Peck,22,22,Gains In Performance
2006-08-12,22,Swing,Trace Adkins,23,14,Gains In Performance
2006-08-12,23,Every Mile A Memory,Dierks Bentley,24,5,Gains In Performance
2006-08-12,24,I Don't Know What She Said,Blaine Larsen,26,24,Gains In Performance
2006-08-12,25,California Girls,Gretchen Wilson,27,9,Gains In Performance
2006-08-12,26,I Loved Her First,Heartland,32,6,Gains In Performance
2006-08-12,27,Like Red On A Rose,Alan Jackson,28,3,Gains In Performance
2006-08-12,28,Mountains,Lonestar,29,7,Gains In Performance
2006-08-12,29,New Strings,Miranda Lambert,25,17,Gains In Performance
2006-08-12,30,Love You,Jack Ingram,30,10,Gains In Performance
2006-08-12,31,Life Is A Highway,Rascal Flatts,37,7,Gains In Performance
2006-08-12,32,Some People Change,Montgomery Gentry,36,5,Gains In Performance
2006-08-12,33,In Terms Of Love,SHeDAISY,34,11,Gains In Performance
2006-08-12,34,God Only Cries,Diamond Rio,33,19,Gains In Performance
2006-08-12,35,A Good Man,Emerson Drive,35,18,Gains In Performance
2006-08-12,36,Want To,Sugarland,NEW,1,Highest ranking debut|Gains In Performance
2006-08-12,37,Nothin' But A Love Thang,Darryl Worley,38,12,Gains In Performance
2006-08-12,38,Amarillo Sky,Jason Aldean,41,5,Gains In Performance
2006-08-12,39,Tim McGraw,Taylor Swift,40,7,Gains In Performance
2006-08-12,40,Get Outta My Way,Carolina Rain,39,15,Gains In Performance
2006-08-12,41,Unbroken Ground,Gary Nichols,42,13,Gains In Performance
2006-08-12,42,It's Too Late To Worry,Jo Dee Messina,44,4,Gains In Performance
2006-08-12,43,One Wing In The Fire,Trent Tomlinson,45,8,Gains In Performance
2006-08-12,44,Before He Cheats,Carrie Underwood,43,22,
2006-08-12,45,Tennessee Girl,Sammy Kershaw,47,14,Gains In Performance
2006-08-12,46,Kiss Me In The Dark,Randy Rogers Band,51,5,Gains In Performance
2006-08-12,47,Do We Still,Rockie Lynne,46,13,
2006-08-12,48,Live To Love Another Day,Keith Urban,50,13,Gains In Performance
2006-08-12,49,Ain't My Day To Care,Bomshel,49,7,
2006-08-12,50,Kill Me Now,Rio Grand,48,14,
2006-08-12,51,My Little Girl,Tim McGraw,NEW,1,Gains In Performance
2006-08-12,52,Wait For Me,Bob Seger,58,4,Gains In Performance
2006-08-12,53,I've Got Friends That Do,Tim McGraw,RE,3,Gains In Performance
2006-08-12,54,You Don't Know A Thing,Steve Azar,52,4,
2006-08-12,55,Cheapest Motel,Tracy Byrd,55,2,
2006-08-12,56,Innocence,Sarah Buxton,NEW,1,Gains In Performance
2006-08-12,57,Why Me,The Lost Trailers,NEW,1,Gains In Performance
2006-08-12,58,That's So You,Rushlow Harris,57,2,Gains In Performance
2006-08-12,59,Drinkin' Me Lonely,Chris Young,54,2,
2006-08-12,60,Good Good Lovin',Brian McComas,53,5,
2006-08-19,1,If You're Going Through Hell (Before The Devil Even Knows),Rodney Atkins,1,31,Gains In Performance
2006-08-19,2,A Little Too Late,Toby Keith,2,17,
2006-08-19,3,Leave The Pieces,The Wreckers,5,19,Gains In Performance
2006-08-19,4,Life Ain't Always Beautiful,Gary Allan,8,31,Gains In Performance
2006-08-19,5,The World,Brad Paisley,4,21,
2006-08-19,6,Summertime,Kenny Chesney,6,20,
2006-08-19,7,Me And My Gang,Rascal Flatts,7,19,Gains In Performance
2006-08-19,8,Brand New Girlfriend,Steve Holy,10,31,Gains In Performance
2006-08-19,9,Bring It On Home,Little Big Town,9,28,Gains In Performance
2006-08-19,10,Don't Forget To Remember Me,Carrie Underwood,3,26,
2006-08-19,11,Building Bridges,Brooks & Dunn With Sheryl Crow & Vince Gill,11,12,Gains In Performance
2006-08-19,12,Give It Away,George Strait,12,7,Gains In Performance
2006-08-19,13,Sunshine And Summertime,Faith Hill,13,10,Gains In Performance
2006-08-19,14,Would You Go With Me,Josh Turner,14,16,Gains In Performance
2006-08-19,15,"Why, Why, Why",Billy Currington,16,24,Gains In Performance
2006-08-19,16,Yee Haw,Jake Owen,17,24,Gains In Performance
2006-08-19,17,Feels Just Like It Should,Pat Green,18,13,
2006-08-19,18,Every Mile A Memory,Dierks Bentley,23,6,Gains In Performance
2006-08-19,19,8th Of November,Big & Rich,20,12,Gains In Performance
2006-08-19,20,Findin' A Good Man,Danielle Peck,21,23,Gains In Performance
2006-08-19,21,Swing,Trace Adkins,22,15,Gains In Performance
2006-08-19,22,I Loved Her First,Heartland,26,7,Gains In Performance
2006-08-19,23,Like Red On A Rose,Alan Jackson,27,4,Gains In Performance
2006-08-19,24,Mountains,Lonestar,28,8,Gains In Performance
2006-08-19,25,I Don't Know What She Said,Blaine Larsen,24,25,Gains In Performance
2006-08-19,26,Life Is A Highway,Rascal Flatts,31,8,Gains In Performance
2006-08-19,27,California Girls,Gretchen Wilson,25,10,Gains In Performance
2006-08-19,28,Love You,Jack Ingram,30,11,Gains In Performance
2006-08-19,29,Some People Change,Montgomery Gentry,32,6,Gains In Performance
2006-08-19,30,Want To,Sugarland,36,2,Gains In Performance
2006-08-19,31,New Strings,Miranda Lambert,29,18,
2006-08-19,32,In Terms Of Love,SHeDAISY,33,12,Gains In Performance
2006-08-19,33,A Good Man,Emerson Drive,35,19,Gains In Performance
2006-08-19,34,Tim McGraw,Taylor Swift,39,8,Gains In Performance
2006-08-19,35,Amarillo Sky,Jason Aldean,38,6,Gains In Performance
2006-08-19,36,Nothin' But A Love Thang,Darryl Worley,37,13,Gains In Performance
2006-08-19,37,Get Outta My Way,Carolina Rain,40,16,Gains In Performance
2006-08-19,38,Before He Cheats,Carrie Underwood,44,23,Gains In Performance
2006-08-19,39,It's Too Late To Worry,Jo Dee Messina,42,5,Gains In Performance
2006-08-19,40,God Only Cries,Diamond Rio,34,20,
2006-08-19,41,Unbroken Ground,Gary Nichols,41,14,
2006-08-19,42,One Wing In The Fire,Trent Tomlinson,43,9,Gains In Performance
2006-08-19,43,Tennessee Girl,Sammy Kershaw,45,15,Gains In Performance
2006-08-19,44,Ain't My Day To Care,Bomshel,49,8,Gains In Performance
2006-08-19,45,Kiss Me In The Dark,Randy Rogers Band,46,6,
2006-08-19,46,Finding My Way Back Home,Lee Ann Womack,NEW,1,Highest ranking debut|Gains In Performance
2006-08-19,47,You Save Me,Kenny Chesney,NEW,1,Gains In Performance
2006-08-19,48,Live To Love Another Day,Keith Urban,48,14,
2006-08-19,49,Why Me,The Lost Trailers,57,2,Gains In Performance
2006-08-19,50,Some People,LeAnn Rimes,NEW,1,Gains In Performance
2006-08-19,51,Do We Still,Rockie Lynne,47,14,
2006-08-19,52,The Reason Why,Vince Gill,RE,2,Gains In Performance
2006-08-19,53,My Little Girl,Tim McGraw,51,2,Gains In Performance
2006-08-19,54,Innocence,Sarah Buxton,56,2,Gains In Performance
2006-08-19,55,Little Bit Of Life,Craig Morgan,NEW,1,Gains In Performance
2006-08-19,56,The Woman In My Life,Phil Vassar,NEW,1,Gains In Performance
2006-08-19,57,Cheapest Motel,Tracy Byrd,55,3,Gains In Performance
2006-08-19,58,I'll Wait For You,Joe Nichols,NEW,1,Gains In Performance
2006-08-19,59,I've Got Friends That Do,Tim McGraw,53,4,Gains In Performance
2006-08-19,60,You Don't Know A Thing,Steve Azar,54,5,Gains In Performance
2006-08-26,1,If You're Going Through Hell (Before The Devil Even Knows),Rodney Atkins,1,32,Gains In Performance
2006-08-26,2,Leave The Pieces,The Wreckers,3,20,Gains In Performance
2006-08-26,3,Brand New Girlfriend,Steve Holy,8,32,Gains In Performance
2006-08-26,4,A Little Too Late,Toby Keith,2,18,
2006-08-26,5,Bring It On Home,Little Big Town,9,29,Gains In Performance
2006-08-26,6,Life Ain't Always Beautiful,Gary Allan,4,32,
2006-08-26,7,The World,Brad Paisley,5,22,
2006-08-26,8,Give It Away,George Strait,12,8,Gains In Performance
2006-08-26,9,Building Bridges,Brooks & Dunn With Sheryl Crow & Vince Gill,11,13,Gains In Performance
2006-08-26,10,Sunshine And Summertime,Faith Hill,13,11,Gains In Performance
2006-08-26,11,Summertime,Kenny Chesney,6,21,
2006-08-26,12,Me And My Gang,Rascal Flatts,7,20,
2006-08-26,13,Would You Go With Me,Josh Turner,14,17,Gains In Performance
2006-08-26,14,Don't Forget To Remember Me,Carrie Underwood,10,27,
2006-08-26,15,"Why, Why, Why",Billy Currington,15,25,Gains In Performance
2006-08-26,16,Feels Just Like It Should,Pat Green,17,14,Gains In Performance
2006-08-26,17,Yee Haw,Jake Owen,16,25,
2006-08-26,18,Every Mile A Memory,Dierks Bentley,18,7,Gains In Performance
2006-08-26,19,I Loved Her First,Heartland,22,8,Gains In Performance
2006-08-26,20,8th Of November,Big & Rich,19,13,Gains In Performance
2006-08-26,21,Findin' A Good Man,Danielle Peck,20,24,Gains In Performance
2006-08-26,22,Swing,Trace Adkins,21,16,Gains In Performance
2006-08-26,23,Like Red On A Rose,Alan Jackson,23,5,Gains In Performance
2006-08-26,24,Mountains,Lonestar,24,9,Gains In Performance
2006-08-26,25,Want To,Sugarland,30,3,Gains In Performance
2006-08-26,26,Life Is A Highway,Rascal Flatts,26,9,Gains In Performance
2006-08-26,27,I Don't Know What She Said,Blaine Larsen,25,26,Gains In Performance
2006-08-26,28,Some People Change,Montgomery Gentry,29,7,Gains In Performance
2006-08-26,29,California Girls,Gretchen Wilson,27,11,Gains In Performance
2006-08-26,30,Love You,Jack Ingram,28,12,Gains In Performance
2006-08-26,31,You Save Me,Kenny Chesney,47,2,Gains In Performance
2006-08-26,32,A Good Man,Emerson Drive,33,20,Gains In Performance
2006-08-26,33,In Terms Of Love,SHeDAISY,32,13,Gains In Performance
2006-08-26,34,Before He Cheats,Carrie Underwood,38,24,Gains In Performance
2006-08-26,35,Tim McGraw,Taylor Swift,34,9,Gains In Performance
2006-08-26,36,Amarillo Sky,Jason Aldean,35,7,Gains In Performance
2006-08-26,37,Nothin' But A Love Thang,Darryl Worley,36,14,Gains In Performance
2006-08-26,38,Get Outta My Way,Carolina Rain,37,17,Gains In Performance
2006-08-26,39,New Strings,Miranda Lambert,31,19,
2006-08-26,40,It's Too Late To Worry,Jo Dee Messina,39,6,Gains In Performance
2006-08-26,41,Unbroken Ground,Gary Nichols,41,15,Gains In Performance
2006-08-26,42,One Wing In The Fire,Trent Tomlinson,42,10,Gains In Performance
2006-08-26,43,Innocence,Sarah Buxton,54,3,Gains In Performance
2006-08-26,44,Ain't My Day To Care,Bomshel,44,9,Gains In Performance
2006-08-26,45,Little Bit Of Life,Craig Morgan,55,2,Gains In Performance
2006-08-26,46,My Little Girl,Tim McGraw,53,3,Gains In Performance
2006-08-26,47,The Woman In My Life,Phil Vassar,56,2,Gains In Performance
2006-08-26,48,Some People,LeAnn Rimes,50,2,Gains In Performance
2006-08-26,49,I'll Wait For You,Joe Nichols,58,2,Gains In Performance
2006-08-26,50,Tennessee Girl,Sammy Kershaw,43,16,
2006-08-26,51,Finding My Way Back Home,Lee Ann Womack,46,2,Gains In Performance
2006-08-26,52,Kiss Me In The Dark,Randy Rogers Band,45,7,Gains In Performance
2006-08-26,53,Why Me,The Lost Trailers,49,3,Gains In Performance
2006-08-26,54,The Reason Why,Vince Gill,52,3,Gains In Performance
2006-08-26,55,Way Back Texas,Pat Green,NEW,1,Highest ranking debut|Gains In Performance
2006-08-26,56,My Wish,Rascal Flatts,NEW,1,Gains In Performance
2006-08-26,57,Crash Here Tonight,Toby Keith,NEW,1,Gains In Performance
2006-08-26,58,Cheapest Motel,Tracy Byrd,57,4,
2006-08-26,59,I've Got Friends That Do,Tim McGraw,59,5,Gains In Performance
2006-08-26,60,Wait For Me,Bob Seger,RE,5,Gains In Performance
2006-09-02,1,If You're Going Through Hell (Before The Devil Even Knows),Rodney Atkins,1,33,
2006-09-02,2,Leave The Pieces,The Wreckers,2,21,Gains In Performance
2006-09-02,3,Brand New Girlfriend,Steve Holy,3,33,Gains In Performance
2006-09-02,4,Bring It On Home,Little Big Town,5,30,Gains In Performance
2006-09-02,5,Give It Away,George Strait,8,9,Gains In Performance
2006-09-02,6,Building Bridges,Brooks & Dunn With Sheryl Crow & Vince Gill,9,14,Gains In Performance
2006-09-02,7,Sunshine And Summertime,Faith Hill,10,12,Gains In Performance
2006-09-02,8,Would You Go With Me,Josh Turner,13,18,Gains In Performance
2006-09-02,9,The World,Brad Paisley,7,23,
2006-09-02,10,A Little Too Late,Toby Keith,4,19,
2006-09-02,11,Life Ain't Always Beautiful,Gary Allan,6,33,
2006-09-02,12,Summertime,Kenny Chesney,11,22,
2006-09-02,13,Feels Just Like It Should,Pat Green,16,15,Gains In Performance
2006-09-02,14,"Why, Why, Why",Billy Currington,15,26,Gains In Performance
2006-09-02,15,Every Mile A Memory,Dierks Bentley,18,8,Gains In Performance
2006-09-02,16,I Loved Her First,Heartland,19,9,Gains In Performance
2006-09-02,17,Once In A Lifetime,Keith Urban,NEW,1,
2006-09-02,18,8th Of November,Big & Rich,20,14,Gains In Performance
2006-09-02,19,Findin' A Good Man,Danielle Peck,21,25,Gains In Performance
2006-09-02,20,Swing,Trace Adkins,22,17,Gains In Performance
2006-09-02,21,Like Red On A Rose,Alan Jackson,23,6,Gains In Performance
2006-09-02,22,Want To,Sugarland,25,4,Gains In Performance
2006-09-02,23,Mountains,Lonestar,24,10,Gains In Performance
2006-09-02,24,You Save Me,Kenny Chesney,31,3,Gains In Performance
2006-09-02,25,Life Is A Highway,Rascal Flatts,26,10,Gains In Performance
2006-09-02,26,I Don't Know What She Said,Blaine Larsen,27,27,Gains In Performance
2006-09-02,27,Some People Change,Montgomery Gentry,28,8,Gains In Performance
2006-09-02,28,California Girls,Gretchen Wilson,29,12,Gains In Performance
2006-09-02,29,Love You,Jack Ingram,30,13,Gains In Performance
2006-09-02,30,Before He Cheats,Carrie Underwood,34,25,Gains In Performance
2006-09-02,31,Tim McGraw,Taylor Swift,35,10,Gains In Performance
2006-09-02,32,A Good Man,Emerson Drive,32,21,Gains In Performance
2006-09-02,33,Amarillo Sky,Jason Aldean,36,8,Gains In Performance
2006-09-02,34,In Terms Of Love,SHeDAISY,33,14,Gains In Performance
2006-09-02,35,Nothin' But A Love Thang,Darryl Worley,37,15,
2006-09-02,36,Get Outta My Way,Carolina Rain,38,18,Gains In Performance
2006-09-02,37,My Little Girl,Tim McGraw,46,4,Gains In Performance
2006-09-02,38,My Wish,Rascal Flatts,56,2,Gains In Performance
2006-09-02,39,Unbroken Ground,Gary Nichols,41,16,Gains In Performance
2006-09-02,40,One Wing In The Fire,Trent Tomlinson,42,11,Gains In Performance
2006-09-02,41,Crash Here Tonight,Toby Keith,57,2,Gains In Performance
2006-09-02,42,It's Too Late To Worry,Jo Dee Messina,40,7,Gains In Performance
2006-09-02,43,New Strings,Miranda Lambert,39,20,
2006-09-02,44,Little Bit Of Life,Craig Morgan,45,3,Gains In Performance
2006-09-02,45,I'll Wait For You,Joe Nichols,49,3,Gains In Performance
2006-09-02,46,Finding My Way Back Home,Lee Ann Womack,51,3,Gains In Performance
2006-09-02,47,Innocence,Sarah Buxton,43,4,Gains In Performance
2006-09-02,48,Tennessee Girl,Sammy Kershaw,50,17,Gains In Performance
2006-09-02,49,Ain't My Day To Care,Bomshel,44,10,
2006-09-02,50,Some People,LeAnn Rimes,48,3,Gains In Performance
2006-09-02,51,Way Back Texas,Pat Green,55,2,Gains In Performance
2006-09-02,52,Two Pink Lines,Eric Church,NEW,1,Gains In Performance
2006-09-02,53,The Woman In My Life,Phil Vassar,47,3,
2006-09-02,54,You'll Always Be My Baby,Sara Evans,NEW,1,Gains In Performance
2006-09-02,55,Kiss Me In The Dark,Randy Rogers Band,52,8,
2006-09-02,56,The Reason Why,Vince Gill,54,4,Gains In Performance
2006-09-02,57,I've Got Friends That Do,Tim McGraw,59,6,Gains In Performance
2006-09-02,58,Why Me,The Lost Trailers,53,4,
2006-09-02,59,That's So You,Rushlow Harris,RE,3,Gains In Performance
2006-09-02,60,Cheapest Motel,Tracy Byrd,58,5,Gains In Performance
2006-09-09,1,Leave The Pieces,The Wreckers,2,22,Gains In Performance
2006-09-09,2,Brand New Girlfriend,Steve Holy,3,34,Gains In Performance
2006-09-09,3,If You're Going Through Hell (Before The Devil Even Knows),Rodney Atkins,1,34,
2006-09-09,4,Give It Away,George Strait,5,10,Gains In Performance
2006-09-09,5,Bring It On Home,Little Big Town,4,31,Gains In Performance
2006-09-09,6,Building Bridges,Brooks & Dunn With Sheryl Crow & Vince Gill,6,15,Gains In Performance
2006-09-09,7,Sunshine And Summertime,Faith Hill,7,13,Gains In Performance
2006-09-09,8,Would You Go With Me,Josh Turner,8,19,Gains In Performance
2006-09-09,9,The World,Brad Paisley,9,24,
2006-09-09,10,Summertime,Kenny Chesney,12,23,
2006-09-09,11,Every Mile A Memory,Dierks Bentley,15,9,Gains In Performance
2006-09-09,12,I Loved Her First,Heartland,16,10,Gains In Performance
2006-09-09,13,"Why, Why, Why",Billy Currington,14,27,Gains In Performance
2006-09-09,14,Feels Just Like It Should,Pat Green,13,16,Gains In Performance
2006-09-09,15,A Little Too Late,Toby Keith,10,20,
2006-09-09,16,Once In A Lifetime,Keith Urban,17,2,Gains In Performance
2006-09-09,17,You Save Me,Kenny Chesney,24,4,Gains In Performance
2006-09-09,18,Want To,Sugarland,22,5,Gains In Performance
2006-09-09,19,Findin' A Good Man,Danielle Peck,19,26,Gains In Performance
2006-09-09,20,Like Red On A Rose,Alan Jackson,21,7,Gains In Performance
2006-09-09,21,8th Of November,Big & Rich,18,15,
2006-09-09,22,Swing,Trace Adkins,20,18,
2006-09-09,23,Life Is A Highway,Rascal Flatts,25,11,Gains In Performance
2006-09-09,24,Mountains,Lonestar,23,11,Gains In Performance
2006-09-09,25,Before He Cheats,Carrie Underwood,30,26,Gains In Performance
2006-09-09,26,I Don't Know What She Said,Blaine Larsen,26,28,Gains In Performance
2006-09-09,27,Some People Change,Montgomery Gentry,27,9,Gains In Performance
2006-09-09,28,Love You,Jack Ingram,29,14,Gains In Performance
2006-09-09,29,California Girls,Gretchen Wilson,28,13,Gains In Performance
2006-09-09,30,My Wish,Rascal Flatts,38,3,Gains In Performance
2006-09-09,31,My Little Girl,Tim McGraw,37,5,Gains In Performance
2006-09-09,32,Tim McGraw,Taylor Swift,31,11,Gains In Performance
2006-09-09,33,Amarillo Sky,Jason Aldean,33,9,Gains In Performance
2006-09-09,34,Crash Here Tonight,Toby Keith,41,3,Gains In Performance
2006-09-09,35,A Good Man,Emerson Drive,32,22,Gains In Performance
2006-09-09,36,In Terms Of Love,SHeDAISY,34,15,
2006-09-09,37,Get Outta My Way,Carolina Rain,36,19,
2006-09-09,38,Nothin' But A Love Thang,Darryl Worley,35,16,
2006-09-09,39,One Wing In The Fire,Trent Tomlinson,40,12,Gains In Performance
2006-09-09,40,It's Too Late To Worry,Jo Dee Messina,42,8,Gains In Performance
2006-09-09,41,Unbroken Ground,Gary Nichols,39,17,
2006-09-09,42,Little Bit Of Life,Craig Morgan,44,4,Gains In Performance
2006-09-09,43,I'll Wait For You,Joe Nichols,45,4,Gains In Performance
2006-09-09,44,The Woman In My Life,Phil Vassar,53,4,Gains In Performance
2006-09-09,45,Two Pink Lines,Eric Church,52,2,Gains In Performance
2006-09-09,46,Finding My Way Back Home,Lee Ann Womack,46,4,Gains In Performance
2006-09-09,47,Innocence,Sarah Buxton,47,5,Gains In Performance
2006-09-09,48,Way Back Texas,Pat Green,51,3,Gains In Performance
2006-09-09,49,You'll Always Be My Baby,Sara Evans,54,2,Gains In Performance
2006-09-09,50,Some People,LeAnn Rimes,50,4,Gains In Performance
2006-09-09,51,Ain't My Day To Care,Bomshel,49,11,
2006-09-09,52,The Reason Why,Vince Gill,56,5,Gains In Performance
2006-09-09,53,Why Me,The Lost Trailers,58,5,Gains In Performance
2006-09-09,54,Kiss Me In The Dark,Randy Rogers Band,55,9,Gains In Performance
2006-09-09,55,I've Got Friends That Do,Tim McGraw,57,7,Gains In Performance
2006-09-09,56,Tennessee Girl,Sammy Kershaw,48,18,
2006-09-09,57,She's Everything,Brad Paisley,NEW,1,Highest ranking debut|Gains In Performance
2006-09-09,58,Cheapest Motel,Tracy Byrd,60,6,Gains In Performance
2006-09-09,59,Podunk,Keith Anderson,NEW,1,Gains In Performance
2006-09-09,60,You Don't Know A Thing,Steve Azar,RE,6,Gains In Performance
2006-09-16,1,Leave The Pieces,The Wreckers,1,23,
2006-09-16,2,Brand New Girlfriend,Steve Holy,2,35,Gains In Performance
2006-09-16,3,Give It Away,George Strait,4,11,Gains In Performance
2006-09-16,4,If You're Going Through Hell (Before The Devil Even Knows),Rodney Atkins,3,35,
2006-09-16,5,Bring It On Home,Little Big Town,5,32,
2006-09-16,6,Building Bridges,Brooks & Dunn With Sheryl Crow & Vince Gill,6,16,Gains In Performance
2006-09-16,7,Would You Go With Me,Josh Turner,8,20,Gains In Performance
2006-09-16,8,Sunshine And Summertime,Faith Hill,7,14,
2006-09-16,9,I Loved Her First,Heartland,12,11,Gains In Performance
2006-09-16,10,Once In A Lifetime,Keith Urban,16,3,Greatest gainer this week|Gains In Performance
2006-09-16,11,Every Mile A Memory,Dierks Bentley,11,10,Gains In Performance
2006-09-16,12,The World,Brad Paisley,9,25,
2006-09-16,13,Feels Just Like It Should,Pat Green,14,17,
2006-09-16,14,"Why, Why, Why",Billy Currington,13,28,
2006-09-16,15,You Save Me,Kenny Chesney,17,5,Gains In Performance
2006-09-16,16,Want To,Sugarland,18,6,Gains In Performance
2006-09-16,17,Findin' A Good Man,Danielle Peck,19,27,Gains In Performance
2006-09-16,18,Before He Cheats,Carrie Underwood,25,27,Gains In Performance
2006-09-16,19,Life Is A Highway,Rascal Flatts,23,12,Gains In Performance
2006-09-16,20,Like Red On A Rose,Alan Jackson,20,8,Gains In Performance
2006-09-16,21,8th Of November,Big & Rich,21,16,
2006-09-16,22,Mountains,Lonestar,24,12,Gains In Performance
2006-09-16,23,My Wish,Rascal Flatts,30,4,Gains In Performance
2006-09-16,24,Some People Change,Montgomery Gentry,27,10,Gains In Performance
2006-09-16,25,I Don't Know What She Said,Blaine Larsen,26,29,
2006-09-16,26,Love You,Jack Ingram,28,15,Gains In Performance
2006-09-16,27,My Little Girl,Tim McGraw,31,6,Gains In Performance
2006-09-16,28,Swing,Trace Adkins,22,19,
2006-09-16,29,California Girls,Gretchen Wilson,29,14,
2006-09-16,30,Crash Here Tonight,Toby Keith,34,4,Gains In Performance
2006-09-16,31,Tim McGraw,Taylor Swift,32,12,Gains In Performance
2006-09-16,32,Amarillo Sky,Jason Aldean,33,10,Gains In Performance
2006-09-16,33,A Good Man,Emerson Drive,35,23,
2006-09-16,34,In Terms Of Love,SHeDAISY,36,16,
2006-09-16,35,Get Outta My Way,Carolina Rain,37,20,Gains In Performance
2006-09-16,36,One Wing In The Fire,Trent Tomlinson,39,13,Gains In Performance
2006-09-16,37,It's Too Late To Worry,Jo Dee Messina,40,9,Gains In Performance
2006-09-16,38,Nothin' But A Love Thang,Darryl Worley,38,17,
2006-09-16,39,Little Bit Of Life,Craig Morgan,42,5,Gains In Performance
2006-09-16,40,She's Everything,Brad Paisley,57,2,Gains In Performance
2006-09-16,41,Two Pink Lines,Eric Church,45,3,Gains In Performance
2006-09-16,42,Unbroken Ground,Gary Nichols,41,18,
2006-09-16,43,Finding My Way Back Home,Lee Ann Womack,46,5,Gains In Performance
2006-09-16,44,I'll Wait For You,Joe Nichols,43,5,
2006-09-16,45,Kiss Me In The Dark,Randy Rogers Band,54,10,Gains In Performance
2006-09-16,46,You'll Always Be My Baby,Sara Evans,49,3,Gains In Performance
2006-09-16,47,The Woman In My Life,Phil Vassar,44,5,
2006-09-16,48,Innocence,Sarah Buxton,47,6,Gains In Performance
2006-09-16,49,Some People,LeAnn Rimes,50,5,Gains In Performance
2006-09-16,50,The Reason Why,Vince Gill,52,6,Gains In Performance
2006-09-16,51,Why Me,The Lost Trailers,53,6,Gains In Performance
2006-09-16,52,Way Back Texas,Pat Green,48,4,
2006-09-16,53,I've Got Friends That Do,Tim McGraw,55,8,
2006-09-16,54,Drinkin' Me Lonely,Chris Young,RE,3,Gains In Performance
2006-09-16,55,Tennessee Girl,Sammy Kershaw,56,19,
2006-09-16,56,You Don't Know A Thing,Steve Azar,60,7,
2006-09-16,57,Love Is,Katrina Elam,NEW,1,Highest ranking debut|Gains In Performance
2006-09-16,58,Ain't My Day To Care,Bomshel,51,12,
2006-09-16,59,Find Out Who Your Friends Are,Tracy Lawrence,NEW,1,Gains In Performance
2006-09-16,60,Podunk,Keith Anderson,59,2,
2006-09-23,1,Brand New Girlfriend,Steve Holy,2,36,Gains In Performance
2006-09-23,2,Give It Away,George Strait,3,12,Gains In Performance
2006-09-23,3,Leave The Pieces,The Wreckers,1,24,
2006-09-23,4,Would You Go With Me,Josh Turner,7,21,Gains In Performance
2006-09-23,5,Building Bridges,Brooks & Dunn With Sheryl Crow & Vince Gill,6,17,Gains In Performance
2006-09-23,6,If You're Going Through Hell (Before The Devil Even Knows),Rodney Atkins,4,36,
2006-09-23,7,Bring It On Home,Little Big Town,5,33,
2006-09-23,8,Sunshine And Summertime,Faith Hill,8,15,Gains In Performance
2006-09-23,9,I Loved Her First,Heartland,9,12,Gains In Performance
2006-09-23,10,Every Mile A Memory,Dierks Bentley,11,11,Gains In Performance
2006-09-23,11,Once In A Lifetime,Keith Urban,10,4,Gains In Performance
2006-09-23,12,You Save Me,Kenny Chesney,15,6,Greatest gainer this week|Gains In Performance
2006-09-23,13,Feels Just Like It Should,Pat Green,13,18,Gains In Performance
2006-09-23,14,Want To,Sugarland,16,7,Gains In Performance
2006-09-23,15,Before He Cheats,Carrie Underwood,18,28,Gains In Performance
2006-09-23,16,Findin' A Good Man,Danielle Peck,17,28,Gains In Performance
2006-09-23,17,My Wish,Rascal Flatts,23,5,Gains In Performance
2006-09-23,18,Like Red On A Rose,Alan Jackson,20,9,Gains In Performance
2006-09-23,19,Life Is A Highway,Rascal Flatts,19,13,Gains In Performance
2006-09-23,20,8th Of November,Big & Rich,21,17,
2006-09-23,21,My Little Girl,Tim McGraw,27,7,Gains In Performance
2006-09-23,22,Mountains,Lonestar,22,13,Gains In Performance
2006-09-23,23,Some People Change,Montgomery Gentry,24,11,Gains In Performance
2006-09-23,24,Love You,Jack Ingram,26,16,Gains In Performance
2006-09-23,25,I Don't Know What She Said,Blaine Larsen,25,30,Gains In Performance
2006-09-23,26,Crash Here Tonight,Toby Keith,30,5,Gains In Performance
2006-09-23,27,Tim McGraw,Taylor Swift,31,13,Gains In Performance
2006-09-23,28,Amarillo Sky,Jason Aldean,32,11,Gains In Performance
2006-09-23,29,A Good Man,Emerson Drive,33,24,Gains In Performance
2006-09-23,30,Swing,Trace Adkins,28,20,
2006-09-23,31,California Girls,Gretchen Wilson,29,15,
2006-09-23,32,One Wing In The Fire,Trent Tomlinson,36,14,Gains In Performance
2006-09-23,33,Little Bit Of Life,Craig Morgan,39,6,Gains In Performance
2006-09-23,34,Get Outta My Way,Carolina Rain,35,21,Gains In Performance
2006-09-23,35,It's Too Late To Worry,Jo Dee Messina,37,10,Gains In Performance
2006-09-23,36,She's Everything,Brad Paisley,40,3,Gains In Performance
2006-09-23,37,Two Pink Lines,Eric Church,41,4,Gains In Performance
2006-09-23,38,I'll Wait For You,Joe Nichols,44,6,Gains In Performance
2006-09-23,39,The Woman In My Life,Phil Vassar,47,6,Gains In Performance
2006-09-23,40,Finding My Way Back Home,Lee Ann Womack,43,6,Gains In Performance
2006-09-23,41,Some People,LeAnn Rimes,49,6,Gains In Performance
2006-09-23,42,Nothin' But A Love Thang,Darryl Worley,38,18,
2006-09-23,43,You'll Always Be My Baby,Sara Evans,46,4,Gains In Performance
2006-09-23,44,Innocence,Sarah Buxton,48,7,Gains In Performance
2006-09-23,45,The Reason Why,Vince Gill,50,7,Gains In Performance
2006-09-23,46,Kiss Me In The Dark,Randy Rogers Band,45,11,
2006-09-23,47,In Terms Of Love,SHeDAISY,34,17,
2006-09-23,48,Unbroken Ground,Gary Nichols,42,19,
2006-09-23,49,I've Got Friends That Do,Tim McGraw,53,9,Gains In Performance
2006-09-23,50,Why Me,The Lost Trailers,51,7,
2006-09-23,51,Drinkin' Me Lonely,Chris Young,54,4,Gains In Performance
2006-09-23,52,Way Back Texas,Pat Green,52,5,
2006-09-23,53,Podunk,Keith Anderson,60,3,Gains In Performance
2006-09-23,54,Love Is,Katrina Elam,57,2,Gains In Performance
2006-09-23,55,You Don't Know A Thing,Steve Azar,56,8,Gains In Performance
2006-09-23,56,"My, Oh My",The Wreckers,NEW,1,Highest ranking debut|Gains In Performance
2006-09-23,57,Cheapest Motel,Tracy Byrd,RE,7,Gains In Performance
2006-09-23,58,Find Out Who Your Friends Are,Tracy Lawrence,59,2,Gains In Performance
2006-09-23,59,Ladies Love Country Boys,Trace Adkins,NEW,1,Gains In Performance
2006-09-23,60,I Don't Want To,Ashley Monroe With Ronnie Dunn,NEW,1,Gains In Performance
2006-09-30,1,Give It Away,George Strait,2,13,Gains In Performance
2006-09-30,2,Would You Go With Me,Josh Turner,4,22,Gains In Performance
2006-09-30,3,Brand New Girlfriend,Steve Holy,1,37,
2006-09-30,4,Building Bridges,Brooks & Dunn With Sheryl Crow & Vince Gill,5,18,Gains In Performance
2006-09-30,5,Leave The Pieces,The Wreckers,3,25,
2006-09-30,6,I Loved Her First,Heartland,9,13,Gains In Performance
2006-09-30,7,If You're Going Through Hell (Before The Devil Even Knows),Rodney Atkins,6,37,
2006-09-30,8,Once In A Lifetime,Keith Urban,11,5,Gains In Performance
2006-09-30,9,Every Mile A Memory,Dierks Bentley,10,12,Gains In Performance
2006-09-30,10,Sunshine And Summertime,Faith Hill,8,16,
2006-09-30,11,You Save Me,Kenny Chesney,12,7,Greatest gainer this week|Gains In Performance
2006-09-30,12,Bring It On Home,Little Big Town,7,34,
2006-09-30,13,Before He Cheats,Carrie Underwood,15,29,Gains In Performance
2006-09-30,14,Want To,Sugarland,14,8,Gains In Performance
2006-09-30,15,Feels Just Like It Should,Pat Green,13,19,
2006-09-30,16,Findin' A Good Man,Danielle Peck,16,29,Gains In Performance
2006-09-30,17,My Wish,Rascal Flatts,17,6,Gains In Performance
2006-09-30,18,My Little Girl,Tim McGraw,21,8,Gains In Performance
2006-09-30,19,Like Red On A Rose,Alan Jackson,18,10,Gains In Performance
2006-09-30,20,Life Is A Highway,Rascal Flatts,19,14,Gains In Performance
2006-09-30,21,Mountains,Lonestar,22,14,Gains In Performance
2006-09-30,22,Love You,Jack Ingram,24,17,Gains In Performance
2006-09-30,23,Some People Change,Montgomery Gentry,23,12,Gains In Performance
2006-09-30,24,Crash Here Tonight,Toby Keith,26,6,Gains In Performance
2006-09-30,25,8th Of November,Big & Rich,20,18,
2006-09-30,26,Tim McGraw,Taylor Swift,27,14,Gains In Performance
2006-09-30,27,Amarillo Sky,Jason Aldean,28,12,Gains In Performance
2006-09-30,28,A Good Man,Emerson Drive,29,25,
2006-09-30,29,She's Everything,Brad Paisley,36,4,Gains In Performance
2006-09-30,30,Little Bit Of Life,Craig Morgan,33,7,Gains In Performance
2006-09-30,31,One Wing In The Fire,Trent Tomlinson,32,15,Gains In Performance
2006-09-30,32,Two Pink Lines,Eric Church,37,5,Gains In Performance
2006-09-30,33,Get Outta My Way,Carolina Rain,34,22,Gains In Performance
2006-09-30,34,It's Too Late To Worry,Jo Dee Messina,35,11,Gains In Performance
2006-09-30,35,You'll Always Be My Baby,Sara Evans,43,5,Gains In Performance
2006-09-30,36,Some People,LeAnn Rimes,41,7,Gains In Performance
2006-09-30,37,California Girls,Gretchen Wilson,31,16,
2006-09-30,38,I'll Wait For You,Joe Nichols,38,7,
2006-09-30,39,The Woman In My Life,Phil Vassar,39,7,
2006-09-30,40,Innocence,Sarah Buxton,44,8,Gains In Performance
2006-09-30,41,Finding My Way Back Home,Lee Ann Womack,40,7,Gains In Performance
2006-09-30,42,"My, Oh My",The Wreckers,56,2,Gains In Performance
2006-09-30,43,Kiss Me In The Dark,Randy Rogers Band,46,12,Gains In Performance
2006-09-30,44,The Reason Why,Vince Gill,45,8,
2006-09-30,45,Why Me,The Lost Trailers,50,8,Gains In Performance
2006-09-30,46,Ladies Love Country Boys,Trace Adkins,59,2,Gains In Performance
2006-09-30,47,Watching You,Rodney Atkins,NEW,1,Highest ranking debut|Gains In Performance
2006-09-30,48,Red High Heels,Kellie Pickler,NEW,1,Gains In Performance
2006-09-30,49,Podunk,Keith Anderson,53,4,Gains In Performance
2006-09-30,50,I've Got Friends That Do,Tim McGraw,49,10,
2006-09-30,51,Drinkin' Me Lonely,Chris Young,51,5,Gains In Performance
2006-09-30,52,I Just Came Back (From A War),Darryl Worley,NEW,1,Gains In Performance
2006-09-30,53,Love Is,Katrina Elam,54,3,Gains In Performance
2006-09-30,54,You Don't Know A Thing,Steve Azar,55,9,Gains In Performance
2006-09-30,55,I Don't Want To,Ashley Monroe With Ronnie Dunn,60,2,Gains In Performance
2006-09-30,56,'Fore She Was Mama,Clay Walker,NEW,1,Gains In Performance
2006-09-30,57,Nothin' But A Love Thang,Darryl Worley,42,19,
2006-09-30,58,Good As Gone,Little Big Town,NEW,1,Gains In Performance
2006-09-30,59,Cheapest Motel,Tracy Byrd,57,8,Gains In Performance
2006-09-30,60,Find Out Who Your Friends Are,Tracy Lawrence,58,3,
2006-10-07,1,Give It Away,George Strait,1,14,Gains In Performance
2006-10-07,2,Would You Go With Me,Josh Turner,2,23,Gains In Performance
2006-10-07,3,I Loved Her First,Heartland,6,14,Gains In Performance
2006-10-07,4,Building Bridges,Brooks & Dunn With Sheryl Crow & Vince Gill,4,19,Gains In Performance
2006-10-07,5,Every Mile A Memory,Dierks Bentley,9,13,Gains In Performance
2006-10-07,6,Brand New Girlfriend,Steve Holy,3,38,
2006-10-07,7,Once In A Lifetime,Keith Urban,8,6,Gains In Performance
2006-10-07,8,Leave The Pieces,The Wreckers,5,26,
2006-10-07,9,If You're Going Through Hell (Before The Devil Even Knows),Rodney Atkins,7,38,
2006-10-07,10,You Save Me,Kenny Chesney,11,8,Gains In Performance
2006-10-07,11,Before He Cheats,Carrie Underwood,13,30,Greatest gainer this week|Gains In Performance
2006-10-07,12,Want To,Sugarland,14,9,Gains In Performance
2006-10-07,13,Bring It On Home,Little Big Town,12,35,
2006-10-07,14,Sunshine And Summertime,Faith Hill,10,17,
2006-10-07,15,My Wish,Rascal Flatts,17,7,Gains In Performance
2006-10-07,16,My Little Girl,Tim McGraw,18,9,Gains In Performance
2006-10-07,17,Findin' A Good Man,Danielle Peck,16,30,Gains In Performance
2006-10-07,18,Feels Just Like It Should,Pat Green,15,20,
2006-10-07,19,Like Red On A Rose,Alan Jackson,19,11,Gains In Performance
2006-10-07,20,Life Is A Highway,Rascal Flatts,20,15,Gains In Performance
2006-10-07,21,Crash Here Tonight,Toby Keith,24,7,Gains In Performance
2006-10-07,22,Some People Change,Montgomery Gentry,23,13,Gains In Performance
2006-10-07,23,Love You,Jack Ingram,22,18,Gains In Performance
2006-10-07,24,Mountains,Lonestar,21,15,Gains In Performance
2006-10-07,25,Tim McGraw,Taylor Swift,26,15,Gains In Performance
2006-10-07,26,Amarillo Sky,Jason Aldean,27,13,Gains In Performance
2006-10-07,27,She's Everything,Brad Paisley,29,5,Gains In Performance
2006-10-07,28,A Good Man,Emerson Drive,28,26,Gains In Performance
2006-10-07,29,8th Of November,Big & Rich,25,19,
2006-10-07,30,Little Bit Of Life,Craig Morgan,30,8,Gains In Performance
2006-10-07,31,One Wing In The Fire,Trent Tomlinson,31,16,Gains In Performance
2006-10-07,32,Two Pink Lines,Eric Church,32,6,Gains In Performance
2006-10-07,33,Get Outta My Way,Carolina Rain,33,23,Gains In Performance
2006-10-07,34,It's Too Late To Worry,Jo Dee Messina,34,12,Gains In Performance
2006-10-07,35,I'll Wait For You,Joe Nichols,38,8,Gains In Performance
2006-10-07,36,The Woman In My Life,Phil Vassar,39,8,Gains In Performance
2006-10-07,37,You'll Always Be My Baby,Sara Evans,35,6,Gains In Performance
2006-10-07,38,Innocence,Sarah Buxton,40,9,Gains In Performance
2006-10-07,39,Some People,LeAnn Rimes,36,8,Gains In Performance
2006-10-07,40,Finding My Way Back Home,Lee Ann Womack,41,8,Gains In Performance
2006-10-07,41,"My, Oh My",The Wreckers,42,3,Gains In Performance
2006-10-07,42,Watching You,Rodney Atkins,47,2,Gains In Performance
2006-10-07,43,Ladies Love Country Boys,Trace Adkins,46,3,Gains In Performance
2006-10-07,44,The Reason Why,Vince Gill,44,9,Gains In Performance
2006-10-07,45,Kiss Me In The Dark,Randy Rogers Band,43,13,Gains In Performance
2006-10-07,46,Red High Heels,Kellie Pickler,48,2,Gains In Performance
2006-10-07,47,Podunk,Keith Anderson,49,5,Gains In Performance
2006-10-07,48,Why Me,The Lost Trailers,45,9,Gains In Performance
2006-10-07,49,You Don't Know A Thing,Steve Azar,54,10,Gains In Performance
2006-10-07,50,'Fore She Was Mama,Clay Walker,56,2,Gains In Performance
2006-10-07,51,I Don't Want To,Ashley Monroe With Ronnie Dunn,55,3,Gains In Performance
2006-10-07,52,Love Is,Katrina Elam,53,4,Gains In Performance
2006-10-07,53,Drinkin' Me Lonely,Chris Young,51,6,Gains In Performance
2006-10-07,54,I Just Came Back (From A War),Darryl Worley,52,2,Gains In Performance
2006-10-07,55,I've Got Friends That Do,Tim McGraw,50,11,Gains In Performance
2006-10-07,56,California Girls,Gretchen Wilson,37,17,
2006-10-07,57,Good As Gone,Little Big Town,58,2,Gains In Performance
2006-10-07,58,Alyssa Lies,Jason Michael Carroll,NEW,1,Highest ranking debut|Gains In Performance
2006-10-07,59,Find Out Who Your Friends Are,Tracy Lawrence,60,4,Gains In Performance
2006-10-07,60,Broken,Lindsey Haun,NEW,1,Gains In Performance
2006-10-14,1,Would You Go With Me,Josh Turner,2,24,Gains In Performance
2006-10-14,2,I Loved Her First,Heartland,3,15,Gains In Performance
2006-10-14,3,Give It Away,George Strait,1,15,
2006-10-14,4,Building Bridges,Brooks & Dunn With Sheryl Crow & Vince Gill,4,20,Gains In Performance
2006-10-14,5,Every Mile A Memory,Dierks Bentley,5,14,Gains In Performance
2006-10-14,6,Once In A Lifetime,Keith Urban,7,7,Gains In Performance
2006-10-14,7,Before He Cheats,Carrie Underwood,11,31,Greatest gainer this week|Gains In Performance
2006-10-14,8,You Save Me,Kenny Chesney,10,9,Gains In Performance
2006-10-14,9,Leave The Pieces,The Wreckers,8,27,
2006-10-14,10,Brand New Girlfriend,Steve Holy,6,39,
2006-10-14,11,If You're Going Through Hell (Before The Devil Even Knows),Rodney Atkins,9,39,
2006-10-14,12,Want To,Sugarland,12,10,Gains In Performance
2006-10-14,13,My Wish,Rascal Flatts,15,8,Gains In Performance
2006-10-14,14,My Little Girl,Tim McGraw,16,10,Gains In Performance
2006-10-14,15,Like Red On A Rose,Alan Jackson,19,12,Gains In Performance
2006-10-14,16,Some People Change,Montgomery Gentry,22,14,Gains In Performance
2006-10-14,17,Love You,Jack Ingram,23,19,Gains In Performance
2006-10-14,18,Life Is A Highway,Rascal Flatts,20,16,
2006-10-14,19,Crash Here Tonight,Toby Keith,21,8,Gains In Performance
2006-10-14,20,Mountains,Lonestar,24,16,Gains In Performance
2006-10-14,21,Tim McGraw,Taylor Swift,25,16,Gains In Performance
2006-10-14,22,Sunshine And Summertime,Faith Hill,14,18,
2006-10-14,23,She's Everything,Brad Paisley,27,6,Gains In Performance
2006-10-14,24,Amarillo Sky,Jason Aldean,26,14,Gains In Performance
2006-10-14,25,A Good Man,Emerson Drive,28,27,Gains In Performance
2006-10-14,26,Little Bit Of Life,Craig Morgan,30,9,Gains In Performance
2006-10-14,27,One Wing In The Fire,Trent Tomlinson,31,17,Gains In Performance
2006-10-14,28,Two Pink Lines,Eric Church,32,7,Gains In Performance
2006-10-14,29,I'll Wait For You,Joe Nichols,35,9,Gains In Performance
2006-10-14,30,It Just Comes Natural,George Strait,NEW,1,Highest ranking debut|Gains In Performance
2006-10-14,31,Get Outta My Way,Carolina Rain,33,24,Gains In Performance
2006-10-14,32,You'll Always Be My Baby,Sara Evans,37,7,Gains In Performance
2006-10-14,33,It's Too Late To Worry,Jo Dee Messina,34,13,Gains In Performance
2006-10-14,34,The Woman In My Life,Phil Vassar,36,9,Gains In Performance
2006-10-14,35,"My, Oh My",The Wreckers,41,4,Gains In Performance
2006-10-14,36,Innocence,Sarah Buxton,38,10,Gains In Performance
2006-10-14,37,Ladies Love Country Boys,Trace Adkins,43,4,Gains In Performance
2006-10-14,38,Some People,LeAnn Rimes,39,9,Gains In Performance
2006-10-14,39,Finding My Way Back Home,Lee Ann Womack,40,9,Gains In Performance
2006-10-14,40,Watching You,Rodney Atkins,42,3,Gains In Performance
2006-10-14,41,Red High Heels,Kellie Pickler,46,3,Gains In Performance
2006-10-14,42,The Reason Why,Vince Gill,44,10,Gains In Performance
2006-10-14,43,8th Of November,Big & Rich,29,20,
2006-10-14,44,Kiss Me In The Dark,Randy Rogers Band,45,14,Gains In Performance
2006-10-14,45,I Just Came Back (From A War),Darryl Worley,54,3,Gains In Performance
2006-10-14,46,Good As Gone,Little Big Town,57,3,Gains In Performance
2006-10-14,47,'Fore She Was Mama,Clay Walker,50,3,Gains In Performance
2006-10-14,48,Love Is,Katrina Elam,52,5,Gains In Performance
2006-10-14,49,I Don't Want To,Ashley Monroe With Ronnie Dunn,51,4,Gains In Performance
2006-10-14,50,You Don't Know A Thing,Steve Azar,49,11,
2006-10-14,51,Why Me,The Lost Trailers,48,10,
2006-10-14,52,Podunk,Keith Anderson,47,6,
2006-10-14,53,Drinkin' Me Lonely,Chris Young,53,7,
2006-10-14,54,Broken,Lindsey Haun,60,2,Gains In Performance
2006-10-14,55,Alyssa Lies,Jason Michael Carroll,58,2,Gains In Performance
2006-10-14,56,Find Out Who Your Friends Are,Tracy Lawrence,59,5,Gains In Performance
2006-10-14,57,I've Got Friends That Do,Tim McGraw,55,12,
2006-10-14,58,Stealing Kisses,Faith Hill,NEW,1,Gains In Performance
2006-10-14,59,So Am I,Trent Willmon,NEW,1,Gains In Performance
2006-10-14,60,If Her Lovin' Don't Kill Me,John Anderson,NEW,1,
2006-10-21,1,Would You Go With Me,Josh Turner,1,25,
2006-10-21,2,I Loved Her First,Heartland,2,16,Gains In Performance
2006-10-21,3,Every Mile A Memory,Dierks Bentley,5,15,Gains In Performance
2006-10-21,4,Before He Cheats,Carrie Underwood,7,32,Gains In Performance
2006-10-21,5,You Save Me,Kenny Chesney,8,10,Gains In Performance
2006-10-21,6,Give It Away,George Strait,3,16,
2006-10-21,7,Once In A Lifetime,Keith Urban,6,8,Gains In Performance
2006-10-21,8,Building Bridges,Brooks & Dunn With Sheryl Crow & Vince Gill,4,21,
2006-10-21,9,Want To,Sugarland,12,11,Gains In Performance
2006-10-21,10,My Wish,Rascal Flatts,13,9,Gains In Performance
2006-10-21,11,Brand New Girlfriend,Steve Holy,10,40,
2006-10-21,12,If You're Going Through Hell (Before The Devil Even Knows),Rodney Atkins,11,40,
2006-10-21,13,Leave The Pieces,The Wreckers,9,28,
2006-10-21,14,My Little Girl,Tim McGraw,14,11,Gains In Performance
2006-10-21,15,Some People Change,Montgomery Gentry,16,15,Gains In Performance
2006-10-21,16,Like Red On A Rose,Alan Jackson,15,13,Gains In Performance
2006-10-21,17,Love You,Jack Ingram,17,20,Gains In Performance
2006-10-21,18,Crash Here Tonight,Toby Keith,19,9,Gains In Performance
2006-10-21,19,Mountains,Lonestar,20,17,Gains In Performance
2006-10-21,20,Life Is A Highway,Rascal Flatts,18,17,Gains In Performance
2006-10-21,21,Tim McGraw,Taylor Swift,21,17,Gains In Performance
2006-10-21,22,She's Everything,Brad Paisley,23,7,Gains In Performance
2006-10-21,23,Amarillo Sky,Jason Aldean,24,15,Gains In Performance
2006-10-21,24,A Good Man,Emerson Drive,25,28,Gains In Performance
2006-10-21,25,Sunshine And Summertime,Faith Hill,22,19,
2006-10-21,26,It Just Comes Natural,George Strait,30,2,Gains In Performance
2006-10-21,27,Little Bit Of Life,Craig Morgan,26,10,Gains In Performance
2006-10-21,28,One Wing In The Fire,Trent Tomlinson,27,18,Gains In Performance
2006-10-21,29,Two Pink Lines,Eric Church,28,8,Gains In Performance
2006-10-21,30,"My, Oh My",The Wreckers,35,5,Gains In Performance
2006-10-21,31,Get Outta My Way,Carolina Rain,31,25,Gains In Performance
2006-10-21,32,Watching You,Rodney Atkins,40,4,Gains In Performance
2006-10-21,33,The Woman In My Life,Phil Vassar,34,10,Gains In Performance
2006-10-21,34,I'll Wait For You,Joe Nichols,29,10,Gains In Performance
2006-10-21,35,You'll Always Be My Baby,Sara Evans,32,8,Gains In Performance
2006-10-21,36,It's Too Late To Worry,Jo Dee Messina,33,14,Gains In Performance
2006-10-21,37,Ladies Love Country Boys,Trace Adkins,37,5,Gains In Performance
2006-10-21,38,Finding My Way Back Home,Lee Ann Womack,39,10,Gains In Performance
2006-10-21,39,Innocence,Sarah Buxton,36,11,Gains In Performance
2006-10-21,40,Some People,LeAnn Rimes,38,10,Gains In Performance
2006-10-21,41,Red High Heels,Kellie Pickler,41,4,Gains In Performance
2006-10-21,42,The Reason Why,Vince Gill,42,11,Gains In Performance
2006-10-21,43,I Just Came Back (From A War),Darryl Worley,45,4,Gains In Performance
2006-10-21,44,Kiss Me In The Dark,Randy Rogers Band,44,15,
2006-10-21,45,Good As Gone,Little Big Town,46,4,Gains In Performance
2006-10-21,46,'Fore She Was Mama,Clay Walker,47,4,Gains In Performance
2006-10-21,47,Podunk,Keith Anderson,52,7,Gains In Performance
2006-10-21,48,Stealing Kisses,Faith Hill,58,2,Gains In Performance
2006-10-21,49,I Don't Want To,Ashley Monroe With Ronnie Dunn,49,5,Gains In Performance
2006-10-21,50,Drinkin' Me Lonely,Chris Young,53,8,Gains In Performance
2006-10-21,51,Alyssa Lies,Jason Michael Carroll,55,3,Gains In Performance
2006-10-21,52,Broken,Lindsey Haun,54,3,Gains In Performance
2006-10-21,53,You Don't Know A Thing,Steve Azar,50,12,
2006-10-21,54,Love Is,Katrina Elam,48,6,
2006-10-21,55,I've Got Friends That Do,Tim McGraw,57,13,Gains In Performance
2006-10-21,56,Find Out Who Your Friends Are,Tracy Lawrence,56,6,
2006-10-21,57,Startin' With Me,Jake Owen,NEW,1,Highest ranking debut|Gains In Performance
2006-10-21,58,Why Me,The Lost Trailers,51,11,
2006-10-21,59,The Last Ten Years (Superman),Kenny Rogers,NEW,1,Gains In Performance
2006-10-21,60,Good Directions,Billy Currington,NEW,1,Gains In Performance
2006-10-28,1,I Loved Her First,Heartland,2,17,Gains In Performance
2006-10-28,2,Before He Cheats,Carrie Underwood,4,33,Gains In Performance
2006-10-28,3,Every Mile A Memory,Dierks Bentley,3,16,Gains In Performance
2006-10-28,4,Would You Go With Me,Josh Turner,1,26,
2006-10-28,5,You Save Me,Kenny Chesney,5,11,Gains In Performance
2006-10-28,6,Once In A Lifetime,Keith Urban,7,9,Gains In Performance
2006-10-28,7,My Wish,Rascal Flatts,10,10,Greatest gainer this week|Gains In Performance
2006-10-28,8,Want To,Sugarland,9,12,Gains In Performance
2006-10-28,9,Give It Away,George Strait,6,17,
2006-10-28,10,My Little Girl,Tim McGraw,14,12,Gains In Performance
2006-10-28,11,If You're Going Through Hell (Before The Devil Even Knows),Rodney Atkins,12,41,
2006-10-28,12,Brand New Girlfriend,Steve Holy,11,41,
2006-10-28,13,Building Bridges,Brooks & Dunn With Sheryl Crow & Vince Gill,8,22,
2006-10-28,14,Some People Change,Montgomery Gentry,15,16,Gains In Performance
2006-10-28,15,Love You,Jack Ingram,17,21,Gains In Performance
2006-10-28,16,Like Red On A Rose,Alan Jackson,16,14,Gains In Performance
2006-10-28,17,Tim McGraw,Taylor Swift,21,18,Gains In Performance
2006-10-28,18,Crash Here Tonight,Toby Keith,18,10,Gains In Performance
2006-10-28,19,Mountains,Lonestar,19,18,Gains In Performance
2006-10-28,20,She's Everything,Brad Paisley,22,8,Gains In Performance
2006-10-28,21,Amarillo Sky,Jason Aldean,23,16,Gains In Performance
2006-10-28,22,Life Is A Highway,Rascal Flatts,20,18,
2006-10-28,23,It Just Comes Natural,George Strait,26,3,Gains In Performance
2006-10-28,24,A Good Man,Emerson Drive,24,29,Gains In Performance
2006-10-28,25,Little Bit Of Life,Craig Morgan,27,11,Gains In Performance
2006-10-28,26,One Wing In The Fire,Trent Tomlinson,28,19,Gains In Performance
2006-10-28,27,Two Pink Lines,Eric Church,29,9,Gains In Performance
2006-10-28,28,"My, Oh My",The Wreckers,30,6,Gains In Performance
2006-10-28,29,Watching You,Rodney Atkins,32,5,Gains In Performance
2006-10-28,30,I'll Wait For You,Joe Nichols,34,11,Gains In Performance
2006-10-28,31,Sunshine And Summertime,Faith Hill,25,20,
2006-10-28,32,Get Outta My Way,Carolina Rain,31,26,Gains In Performance
2006-10-28,33,You'll Always Be My Baby,Sara Evans,35,9,Gains In Performance
2006-10-28,34,Ladies Love Country Boys,Trace Adkins,37,6,Gains In Performance
2006-10-28,35,The Woman In My Life,Phil Vassar,33,11,Gains In Performance
2006-10-28,36,It's Too Late To Worry,Jo Dee Messina,36,15,
2006-10-28,37,Finding My Way Back Home,Lee Ann Womack,38,11,Gains In Performance
2006-10-28,38,Red High Heels,Kellie Pickler,41,5,Gains In Performance
2006-10-28,39,Innocence,Sarah Buxton,39,12,Gains In Performance
2006-10-28,40,Some People,LeAnn Rimes,40,11,Gains In Performance
2006-10-28,41,The Reason Why,Vince Gill,42,12,Gains In Performance
2006-10-28,42,Alyssa Lies,Jason Michael Carroll,51,4,Gains In Performance
2006-10-28,43,I Just Came Back (From A War),Darryl Worley,43,5,Gains In Performance
2006-10-28,44,Stealing Kisses,Faith Hill,48,3,Gains In Performance
2006-10-28,45,Good As Gone,Little Big Town,45,5,Gains In Performance
2006-10-28,46,Kiss Me In The Dark,Randy Rogers Band,44,16,Gains In Performance
2006-10-28,47,'Fore She Was Mama,Clay Walker,46,5,Gains In Performance
2006-10-28,48,Podunk,Keith Anderson,47,8,
2006-10-28,49,I Don't Want To,Ashley Monroe With Ronnie Dunn,49,6,Gains In Performance
2006-10-28,50,Broken,Lindsey Haun,52,4,Gains In Performance
2006-10-28,51,Drinkin' Me Lonely,Chris Young,50,9,
2006-10-28,52,You Don't Know A Thing,Steve Azar,53,13,Gains In Performance
2006-10-28,53,Find Out Who Your Friends Are,Tracy Lawrence,56,7,Gains In Performance
2006-10-28,54,Love Is,Katrina Elam,54,7,Gains In Performance
2006-10-28,55,Good Directions,Billy Currington,60,2,Gains In Performance
2006-10-28,56,Startin' With Me,Jake Owen,57,2,Gains In Performance
2006-10-28,57,Dixie Lullaby,Pat Green,NEW,1,Highest ranking debut|Gains In Performance
2006-10-28,58,I Keep Coming Back,Josh Gracin,NEW,1,Gains In Performance
2006-10-28,59,I've Got Friends That Do,Tim McGraw,55,14,
2006-10-28,60,The Last Ten Years (Superman),Kenny Rogers,59,2,
2006-11-04,1,Every Mile A Memory,Dierks Bentley,3,17,Gains In Performance
2006-11-04,2,Before He Cheats,Carrie Underwood,2,34,Gains In Performance
2006-11-04,3,I Loved Her First,Heartland,1,18,
2006-11-04,4,My Wish,Rascal Flatts,7,11,Gains In Performance
2006-11-04,5,You Save Me,Kenny Chesney,5,12,Gains In Performance
2006-11-04,6,Once In A Lifetime,Keith Urban,6,10,Gains In Performance
2006-11-04,7,Want To,Sugarland,8,13,Gains In Performance
2006-11-04,8,Would You Go With Me,Josh Turner,4,27,
2006-11-04,9,My Little Girl,Tim McGraw,10,13,Gains In Performance
2006-11-04,10,Give It Away,George Strait,9,18,
2006-11-04,11,If You're Going Through Hell (Before The Devil Even Knows),Rodney Atkins,11,42,
2006-11-04,12,Some People Change,Montgomery Gentry,14,17,Gains In Performance
2006-11-04,13,Love You,Jack Ingram,15,22,Gains In Performance
2006-11-04,14,She's Everything,Brad Paisley,20,9,Gains In Performance
2006-11-04,15,Mountains,Lonestar,19,19,Gains In Performance
2006-11-04,16,Crash Here Tonight,Toby Keith,18,11,Gains In Performance
2006-11-04,17,Tim McGraw,Taylor Swift,17,19,Gains In Performance
2006-11-04,18,Like Red On A Rose,Alan Jackson,16,15,
2006-11-04,19,It Just Comes Natural,George Strait,23,4,Gains In Performance
2006-11-04,20,Amarillo Sky,Jason Aldean,21,17,Gains In Performance
2006-11-04,21,Life Is A Highway,Rascal Flatts,22,19,
2006-11-04,22,A Good Man,Emerson Drive,24,30,Gains In Performance
2006-11-04,23,Little Bit Of Life,Craig Morgan,25,12,Gains In Performance
2006-11-04,24,One Wing In The Fire,Trent Tomlinson,26,20,Gains In Performance
2006-11-04,25,Watching You,Rodney Atkins,29,6,Gains In Performance
2006-11-04,26,Two Pink Lines,Eric Church,27,10,Gains In Performance
2006-11-04,27,"My, Oh My",The Wreckers,28,7,Gains In Performance
2006-11-04,28,Get Outta My Way,Carolina Rain,32,27,Gains In Performance
2006-11-04,29,I'll Wait For You,Joe Nichols,30,12,Gains In Performance
2006-11-04,30,You'll Always Be My Baby,Sara Evans,33,10,Gains In Performance
2006-11-04,31,The Woman In My Life,Phil Vassar,35,12,Gains In Performance
2006-11-04,32,Alyssa Lies,Jason Michael Carroll,42,5,Gains In Performance
2006-11-04,33,Ladies Love Country Boys,Trace Adkins,34,7,Gains In Performance
2006-11-04,34,Innocence,Sarah Buxton,39,13,Gains In Performance
2006-11-04,35,The Reason Why,Vince Gill,41,13,Gains In Performance
2006-11-04,36,It's Too Late To Worry,Jo Dee Messina,36,16,
2006-11-04,37,Red High Heels,Kellie Pickler,38,6,
2006-11-04,38,Finding My Way Back Home,Lee Ann Womack,37,12,
2006-11-04,39,I Just Came Back (From A War),Darryl Worley,43,6,Gains In Performance
2006-11-04,40,Some People,LeAnn Rimes,40,12,
2006-11-04,41,Good As Gone,Little Big Town,45,6,Gains In Performance
2006-11-04,42,'Fore She Was Mama,Clay Walker,47,6,Gains In Performance
2006-11-04,43,Stealing Kisses,Faith Hill,44,4,Gains In Performance
2006-11-04,44,Kiss Me In The Dark,Randy Rogers Band,46,17,
2006-11-04,45,Drinkin' Me Lonely,Chris Young,51,10,Gains In Performance
2006-11-04,46,Podunk,Keith Anderson,48,9,Gains In Performance
2006-11-04,47,I Don't Want To,Ashley Monroe With Ronnie Dunn,49,7,Gains In Performance
2006-11-04,48,Startin' With Me,Jake Owen,56,3,Gains In Performance
2006-11-04,49,You Don't Know A Thing,Steve Azar,52,14,Gains In Performance
2006-11-04,50,Love Is,Katrina Elam,54,8,Gains In Performance
2006-11-04,51,Find Out Who Your Friends Are,Tracy Lawrence,53,8,Gains In Performance
2006-11-04,52,Broken,Lindsey Haun,50,5,
2006-11-04,53,Good Directions,Billy Currington,55,3,Gains In Performance
2006-11-04,54,A Feelin' Like That,Gary Allan,NEW,1,Highest ranking debut|Gains In Performance
2006-11-04,55,I Keep Coming Back,Josh Gracin,58,2,Gains In Performance
2006-11-04,56,The Last Ten Years (Superman),Kenny Rogers,60,3,Gains In Performance
2006-11-04,57,Dixie Lullaby,Pat Green,57,2,
2006-11-04,58,Bama Breeze,Jimmy Buffett,NEW,1,Gains In Performance
2006-11-04,59,That's All I'll Ever Need,Jimmy Wayne,NEW,1,Gains In Performance
2006-11-04,60,More,Rockie Lynne,NEW,1,Gains In Performance
2006-11-11,1,Before He Cheats,Carrie Underwood,2,35,Greatest gainer this week|Gains In Performance
2006-11-11,2,Every Mile A Memory,Dierks Bentley,1,18,
2006-11-11,3,You Save Me,Kenny Chesney,5,13,Gains In Performance
2006-11-11,4,I Loved Her First,Heartland,3,19,
2006-11-11,5,My Wish,Rascal Flatts,4,12,Gains In Performance
2006-11-11,6,Want To,Sugarland,7,14,Gains In Performance
2006-11-11,7,Once In A Lifetime,Keith Urban,6,11,Gains In Performance
2006-11-11,8,My Little Girl,Tim McGraw,9,14,Gains In Performance
2006-11-11,9,Would You Go With Me,Josh Turner,8,28,
2006-11-11,10,If You're Going Through Hell (Before The Devil Even Knows),Rodney Atkins,11,43,Gains In Performance
2006-11-11,11,Some People Change,Montgomery Gentry,12,18,Gains In Performance
2006-11-11,12,Give It Away,George Strait,10,19,
2006-11-11,13,She's Everything,Brad Paisley,14,10,Gains In Performance
2006-11-11,14,Tim McGraw,Taylor Swift,17,20,Gains In Performance
2006-11-11,15,Mountains,Lonestar,15,20,Gains In Performance
2006-11-11,16,Love You,Jack Ingram,13,23,Gains In Performance
2006-11-11,17,Crash Here Tonight,Toby Keith,16,12,Gains In Performance
2006-11-11,18,It Just Comes Natural,George Strait,19,5,Gains In Performance
2006-11-11,19,Amarillo Sky,Jason Aldean,20,18,Gains In Performance
2006-11-11,20,Like Red On A Rose,Alan Jackson,18,16,
2006-11-11,21,Life Is A Highway,Rascal Flatts,21,20,
2006-11-11,22,A Good Man,Emerson Drive,22,31,Gains In Performance
2006-11-11,23,Watching You,Rodney Atkins,25,7,Gains In Performance
2006-11-11,24,Little Bit Of Life,Craig Morgan,23,13,Gains In Performance
2006-11-11,25,One Wing In The Fire,Trent Tomlinson,24,21,Gains In Performance
2006-11-11,26,Two Pink Lines,Eric Church,26,11,Gains In Performance
2006-11-11,27,"My, Oh My",The Wreckers,27,8,Gains In Performance
2006-11-11,28,Alyssa Lies,Jason Michael Carroll,32,6,Gains In Performance
2006-11-11,29,I'll Wait For You,Joe Nichols,29,13,Gains In Performance
2006-11-11,30,You'll Always Be My Baby,Sara Evans,30,11,Gains In Performance
2006-11-11,31,The Woman In My Life,Phil Vassar,31,13,Gains In Performance
2006-11-11,32,Get Outta My Way,Carolina Rain,28,28,Gains In Performance
2006-11-11,33,Ladies Love Country Boys,Trace Adkins,33,8,Gains In Performance
2006-11-11,34,The Reason Why,Vince Gill,35,14,Gains In Performance
2006-11-11,35,Innocence,Sarah Buxton,34,14,Gains In Performance
2006-11-11,36,I Just Came Back (From A War),Darryl Worley,39,7,Gains In Performance
2006-11-11,37,'Fore She Was Mama,Clay Walker,42,7,Gains In Performance
2006-11-11,38,Good As Gone,Little Big Town,41,7,Gains In Performance
2006-11-11,39,Red High Heels,Kellie Pickler,37,7,Gains In Performance
2006-11-11,40,Some People,LeAnn Rimes,40,13,Gains In Performance
2006-11-11,41,Finding My Way Back Home,Lee Ann Womack,38,13,
2006-11-11,42,It's Too Late To Worry,Jo Dee Messina,36,17,
2006-11-11,43,Stealing Kisses,Faith Hill,43,5,Gains In Performance
2006-11-11,44,Kiss Me In The Dark,Randy Rogers Band,44,18,Gains In Performance
2006-11-11,45,Podunk,Keith Anderson,46,10,Gains In Performance
2006-11-11,46,Drinkin' Me Lonely,Chris Young,45,11,Gains In Performance
2006-11-11,47,A Feelin' Like That,Gary Allan,54,2,Gains In Performance
2006-11-11,48,Good Directions,Billy Currington,53,4,Gains In Performance
2006-11-11,49,Love Is,Katrina Elam,50,9,Gains In Performance
2006-11-11,50,Startin' With Me,Jake Owen,48,4,Gains In Performance
2006-11-11,51,Find Out Who Your Friends Are,Tracy Lawrence,51,9,Gains In Performance
2006-11-11,52,You Don't Know A Thing,Steve Azar,49,15,
2006-11-11,53,I Don't Want To,Ashley Monroe With Ronnie Dunn,47,8,
2006-11-11,54,Dixie Lullaby,Pat Green,57,3,Gains In Performance
2006-11-11,55,Broken,Lindsey Haun,52,6,
2006-11-11,56,Missing Missouri,Sara Evans,NEW,1,Highest ranking debut|Gains In Performance
2006-11-11,57,The Last Ten Years (Superman),Kenny Rogers,56,4,Gains In Performance
2006-11-11,58,I Keep Coming Back,Josh Gracin,55,3,Gains In Performance
2006-11-11,59,That's All I'll Ever Need,Jimmy Wayne,59,2,Gains In Performance
2006-11-11,60,Don't Make Me,Blake Shelton,NEW,1,Gains In Performance
2006-11-18,1,Before He Cheats,Carrie Underwood,1,36,Gains In Performance
2006-11-18,2,My Wish,Rascal Flatts,5,13,Gains In Performance
2006-11-18,3,You Save Me,Kenny Chesney,3,14,Gains In Performance
2006-11-18,4,Want To,Sugarland,6,15,Gains In Performance
2006-11-18,5,My Little Girl,Tim McGraw,8,15,Gains In Performance
2006-11-18,6,I Loved Her First,Heartland,4,20,
2006-11-18,7,Once In A Lifetime,Keith Urban,7,12,Gains In Performance
2006-11-18,8,Every Mile A Memory,Dierks Bentley,2,19,
2006-11-18,9,Some People Change,Montgomery Gentry,11,19,Gains In Performance
2006-11-18,10,Would You Go With Me,Josh Turner,9,29,
2006-11-18,11,She's Everything,Brad Paisley,13,11,Gains In Performance
2006-11-18,12,It Just Comes Natural,George Strait,18,6,Gains In Performance
2006-11-18,13,Give It Away,George Strait,12,20,
2006-11-18,14,Mountains,Lonestar,15,21,Gains In Performance
2006-11-18,15,Tim McGraw,Taylor Swift,14,21,Gains In Performance
2006-11-18,16,Love You,Jack Ingram,16,24,Gains In Performance
2006-11-18,17,Crash Here Tonight,Toby Keith,17,13,Gains In Performance
2006-11-18,18,Amarillo Sky,Jason Aldean,19,19,Gains In Performance
2006-11-18,19,Watching You,Rodney Atkins,23,8,Gains In Performance
2006-11-18,20,Little Bit Of Life,Craig Morgan,24,14,Gains In Performance
2006-11-18,21,A Good Man,Emerson Drive,22,32,Gains In Performance
2006-11-18,22,Life Is A Highway,Rascal Flatts,21,21,Gains In Performance
2006-11-18,23,One Wing In The Fire,Trent Tomlinson,25,22,Gains In Performance
2006-11-18,24,"My, Oh My",The Wreckers,27,9,Gains In Performance
2006-11-18,25,Two Pink Lines,Eric Church,26,12,Gains In Performance
2006-11-18,26,Alyssa Lies,Jason Michael Carroll,28,7,Gains In Performance
2006-11-18,27,Like Red On A Rose,Alan Jackson,20,17,
2006-11-18,28,You'll Always Be My Baby,Sara Evans,30,12,Gains In Performance
2006-11-18,29,I'll Wait For You,Joe Nichols,29,14,Gains In Performance
2006-11-18,30,The Woman In My Life,Phil Vassar,31,14,Gains In Performance
2006-11-18,31,Ladies Love Country Boys,Trace Adkins,33,9,Gains In Performance
2006-11-18,32,Get Outta My Way,Carolina Rain,32,29,Gains In Performance
2006-11-18,33,I Just Came Back (From A War),Darryl Worley,36,8,Gains In Performance
2006-11-18,34,Good As Gone,Little Big Town,38,8,Gains In Performance
2006-11-18,35,Innocence,Sarah Buxton,35,15,Gains In Performance
2006-11-18,36,The Reason Why,Vince Gill,34,15,Gains In Performance
2006-11-18,37,Red High Heels,Kellie Pickler,39,8,Gains In Performance
2006-11-18,38,'Fore She Was Mama,Clay Walker,37,8,Gains In Performance
2006-11-18,39,Some People,LeAnn Rimes,40,14,Gains In Performance
2006-11-18,40,A Feelin' Like That,Gary Allan,47,3,Gains In Performance
2006-11-18,41,Stealing Kisses,Faith Hill,43,6,Gains In Performance
2006-11-18,42,It's Too Late To Worry,Jo Dee Messina,42,18,
2006-11-18,43,Podunk,Keith Anderson,45,11,Gains In Performance
2006-11-18,44,Finding My Way Back Home,Lee Ann Womack,41,14,
2006-11-18,45,Good Directions,Billy Currington,48,5,Gains In Performance
2006-11-18,46,Kiss Me In The Dark,Randy Rogers Band,44,19,Gains In Performance
2006-11-18,47,I Don't Want To,Ashley Monroe With Ronnie Dunn,53,9,Gains In Performance
2006-11-18,48,Drinkin' Me Lonely,Chris Young,46,12,Gains In Performance
2006-11-18,49,Love Is,Katrina Elam,49,10,
2006-11-18,50,Broken,Lindsey Haun,55,7,Gains In Performance
2006-11-18,51,Find Out Who Your Friends Are,Tracy Lawrence,51,10,
2006-11-18,52,Startin' With Me,Jake Owen,50,5,
2006-11-18,53,You Don't Know A Thing,Steve Azar,52,16,
2006-11-18,54,I Keep Coming Back,Josh Gracin,58,4,Gains In Performance
2006-11-18,55,Dixie Lullaby,Pat Green,54,4,Gains In Performance
2006-11-18,56,Don't Make Me,Blake Shelton,60,2,Gains In Performance
2006-11-18,57,Hillbilly Deluxe,Brooks & Dunn,NEW,1,Highest ranking debut|Gains In Performance
2006-11-18,58,That's All I'll Ever Need,Jimmy Wayne,59,3,Gains In Performance
2006-11-18,59,The Last Ten Years (Superman),Kenny Rogers,57,5,
2006-11-18,60,Isn't That Everything,Danielle Peck,NEW,1,Gains In Performance
2006-11-25,1,Before He Cheats,Carrie Underwood,1,37,Gains In Performance
2006-11-25,2,My Wish,Rascal Flatts,2,14,Gains In Performance
2006-11-25,3,You Save Me,Kenny Chesney,3,15,Gains In Performance
2006-11-25,4,Want To,Sugarland,4,16,Gains In Performance
2006-11-25,5,My Little Girl,Tim McGraw,5,16,Gains In Performance
2006-11-25,6,Once In A Lifetime,Keith Urban,7,13,
2006-11-25,7,I Loved Her First,Heartland,6,21,
2006-11-25,8,Every Mile A Memory,Dierks Bentley,8,20,
2006-11-25,9,Some People Change,Montgomery Gentry,9,20,Gains In Performance
2006-11-25,10,She's Everything,Brad Paisley,11,12,Gains In Performance
2006-11-25,11,It Just Comes Natural,George Strait,12,7,Gains In Performance
2006-11-25,12,Love You,Jack Ingram,16,25,Gains In Performance
2006-11-25,13,Tim McGraw,Taylor Swift,15,22,Gains In Performance
2006-11-25,14,Mountains,Lonestar,14,22,Gains In Performance
2006-11-25,15,Amarillo Sky,Jason Aldean,18,20,Gains In Performance
2006-11-25,16,Watching You,Rodney Atkins,19,9,Gains In Performance
2006-11-25,17,Crash Here Tonight,Toby Keith,17,14,
2006-11-25,18,Little Bit Of Life,Craig Morgan,20,15,Gains In Performance
2006-11-25,19,A Good Man,Emerson Drive,21,33,Gains In Performance
2006-11-25,20,One Wing In The Fire,Trent Tomlinson,23,23,Gains In Performance
2006-11-25,21,"My, Oh My",The Wreckers,24,10,Gains In Performance
2006-11-25,22,Two Pink Lines,Eric Church,25,13,Gains In Performance
2006-11-25,23,Alyssa Lies,Jason Michael Carroll,26,8,Gains In Performance
2006-11-25,24,Ladies Love Country Boys,Trace Adkins,31,10,Gains In Performance
2006-11-25,25,I'll Wait For You,Joe Nichols,29,15,Gains In Performance
2006-11-25,26,The Woman In My Life,Phil Vassar,30,15,Gains In Performance
2006-11-25,27,You'll Always Be My Baby,Sara Evans,28,13,
2006-11-25,28,I Just Came Back (From A War),Darryl Worley,33,9,Gains In Performance
2006-11-25,29,Get Outta My Way,Carolina Rain,32,30,Gains In Performance
2006-11-25,30,Good As Gone,Little Big Town,34,9,Gains In Performance
2006-11-25,31,Innocence,Sarah Buxton,35,16,Gains In Performance
2006-11-25,32,The Reason Why,Vince Gill,36,16,Gains In Performance
2006-11-25,33,Red High Heels,Kellie Pickler,37,9,Gains In Performance
2006-11-25,34,'Fore She Was Mama,Clay Walker,38,9,Gains In Performance
2006-11-25,35,Like Red On A Rose,Alan Jackson,27,18,
2006-11-25,36,A Feelin' Like That,Gary Allan,40,4,Gains In Performance
2006-11-25,37,Some People,LeAnn Rimes,39,15,Gains In Performance
2006-11-25,38,Podunk,Keith Anderson,43,12,Gains In Performance
2006-11-25,39,Stealing Kisses,Faith Hill,41,7,Gains In Performance
2006-11-25,40,Anyway,Martina McBride,NEW,1,Highest ranking debut|Gains In Performance
2006-11-25,41,Good Directions,Billy Currington,45,6,Gains In Performance
2006-11-25,42,Drinkin' Me Lonely,Chris Young,48,13,Gains In Performance
2006-11-25,43,Kiss Me In The Dark,Randy Rogers Band,46,20,
2006-11-25,44,Hillbilly Deluxe,Brooks & Dunn,57,2,Gains In Performance
2006-11-25,45,I Don't Want To,Ashley Monroe With Ronnie Dunn,47,10,Gains In Performance
2006-11-25,46,Startin' With Me,Jake Owen,52,6,Gains In Performance
2006-11-25,47,Love Is,Katrina Elam,49,11,Gains In Performance
2006-11-25,48,I Keep Coming Back,Josh Gracin,54,5,Gains In Performance
2006-11-25,49,Dixie Lullaby,Pat Green,55,5,Gains In Performance
2006-11-25,50,Find Out Who Your Friends Are,Tracy Lawrence,51,11,Gains In Performance
2006-11-25,51,Come To Bed,Gretchen Wilson,NEW,1,Gains In Performance
2006-11-25,52,Broken,Lindsey Haun,50,8,
2006-11-25,53,Our Country,John Mellencamp,NEW,1,Gains In Performance
2006-11-25,54,Me And God,Josh Turner,NEW,1,Gains In Performance
2006-11-25,55,Don't Make Me,Blake Shelton,56,3,Gains In Performance
2006-11-25,56,It's Too Late To Worry,Jo Dee Messina,42,19,
2006-11-25,57,That's All I'll Ever Need,Jimmy Wayne,58,4,Gains In Performance
2006-11-25,58,You Don't Know A Thing,Steve Azar,53,17,
2006-11-25,59,Isn't That Everything,Danielle Peck,60,2,Gains In Performance
2006-11-25,60,Bagpipes Cryin',Rushlow Harris,NEW,1,Gains In Performance
2006-12-02,1,Before He Cheats,Carrie Underwood,1,38,
2006-12-02,2,My Wish,Rascal Flatts,2,15,Gains In Performance
2006-12-02,3,Want To,Sugarland,4,17,Gains In Performance
2006-12-02,4,You Save Me,Kenny Chesney,3,16,Gains In Performance
2006-12-02,5,My Little Girl,Tim McGraw,5,17,Gains In Performance
2006-12-02,6,She's Everything,Brad Paisley,10,13,Gains In Performance
2006-12-02,7,Some People Change,Montgomery Gentry,9,21,Gains In Performance
2006-12-02,8,I Loved Her First,Heartland,7,22,
2006-12-02,9,It Just Comes Natural,George Strait,11,8,Gains In Performance
2006-12-02,10,Once In A Lifetime,Keith Urban,6,14,
2006-12-02,11,Tim McGraw,Taylor Swift,13,23,Gains In Performance
2006-12-02,12,Mountains,Lonestar,14,23,Gains In Performance
2006-12-02,13,Watching You,Rodney Atkins,16,10,Greatest gainer this week|Gains In Performance
2006-12-02,14,Amarillo Sky,Jason Aldean,15,21,Gains In Performance
2006-12-02,15,Crash Here Tonight,Toby Keith,17,15,
2006-12-02,16,Little Bit Of Life,Craig Morgan,18,16,Gains In Performance
2006-12-02,17,One Wing In The Fire,Trent Tomlinson,20,24,Gains In Performance
2006-12-02,18,A Good Man,Emerson Drive,19,34,Gains In Performance
2006-12-02,19,"My, Oh My",The Wreckers,21,11,Gains In Performance
2006-12-02,20,Alyssa Lies,Jason Michael Carroll,23,9,Gains In Performance
2006-12-02,21,Two Pink Lines,Eric Church,22,14,Gains In Performance
2006-12-02,22,Ladies Love Country Boys,Trace Adkins,24,11,Gains In Performance
2006-12-02,23,I'll Wait For You,Joe Nichols,25,16,Gains In Performance
2006-12-02,24,I Just Came Back (From A War),Darryl Worley,28,10,Gains In Performance
2006-12-02,25,Red High Heels,Kellie Pickler,33,10,Gains In Performance
2006-12-02,26,The Woman In My Life,Phil Vassar,26,16,Gains In Performance
2006-12-02,27,You'll Always Be My Baby,Sara Evans,27,14,Gains In Performance
2006-12-02,28,Good As Gone,Little Big Town,30,10,Gains In Performance
2006-12-02,29,Anyway,Martina McBride,40,2,Gains In Performance
2006-12-02,30,The Reason Why,Vince Gill,32,17,Gains In Performance
2006-12-02,31,Innocence,Sarah Buxton,31,17,Gains In Performance
2006-12-02,32,A Feelin' Like That,Gary Allan,36,5,Gains In Performance
2006-12-02,33,'Fore She Was Mama,Clay Walker,34,10,Gains In Performance
2006-12-02,34,Some People,LeAnn Rimes,37,16,
2006-12-02,35,Podunk,Keith Anderson,38,13,Gains In Performance
2006-12-02,36,Stealing Kisses,Faith Hill,39,8,
2006-12-02,37,Hillbilly Deluxe,Brooks & Dunn,44,3,Gains In Performance
2006-12-02,38,Stupid Boy,Keith Urban,NEW,1,Highest ranking debut|Gains In Performance
2006-12-02,39,Good Directions,Billy Currington,41,7,Gains In Performance
2006-12-02,40,I Don't Want To,Ashley Monroe With Ronnie Dunn,45,11,Gains In Performance
2006-12-02,41,Like Red On A Rose,Alan Jackson,35,19,
2006-12-02,42,Long Trip Alone,Dierks Bentley,NEW,1,Gains In Performance
2006-12-02,43,Drinkin' Me Lonely,Chris Young,42,14,
2006-12-02,44,Me And God,Josh Turner,54,2,Gains In Performance
2006-12-02,45,Startin' With Me,Jake Owen,46,7,
2006-12-02,46,I Keep Coming Back,Josh Gracin,48,6,Gains In Performance
2006-12-02,47,Our Country,John Mellencamp,53,2,Gains In Performance
2006-12-02,48,Lips Of An Angel,Jack Ingram,NEW,1,Gains In Performance
2006-12-02,49,Come To Bed,Gretchen Wilson,51,2,Gains In Performance
2006-12-02,50,Find Out Who Your Friends Are,Tracy Lawrence,50,12,
2006-12-02,51,Dixie Lullaby,Pat Green,49,6,
2006-12-02,52,Don't Make Me,Blake Shelton,55,4,Gains In Performance
2006-12-02,53,That's All I'll Ever Need,Jimmy Wayne,57,5,Gains In Performance
2006-12-02,54,Broken,Lindsey Haun,52,9,
2006-12-02,55,Isn't That Everything,Danielle Peck,59,3,Gains In Performance
2006-12-02,56,Love Is,Katrina Elam,47,12,
2006-12-02,57,More,Rockie Lynne,RE,2,
2006-12-02,58,Come On Rain,Steve Holy,NEW,1,Gains In Performance
2006-12-02,59,Missing Missouri,Sara Evans,RE,2,Gains In Performance
2006-12-02,60,It's Too Late To Worry,Jo Dee Messina,56,20,
2006-12-09,1,Before He Cheats,Carrie Underwood,1,39,
2006-12-09,2,My Wish,Rascal Flatts,2,16,
2006-12-09,3,Want To,Sugarland,3,18,Gains In Performance
2006-12-09,4,You Save Me,Kenny Chesney,4,17,Gains In Performance
2006-12-09,5,My Little Girl,Tim McGraw,5,18,Gains In Performance
2006-12-09,6,She's Everything,Brad Paisley,6,14,Gains In Performance
2006-12-09,7,Some People Change,Montgomery Gentry,7,22,Gains In Performance
2006-12-09,8,It Just Comes Natural,George Strait,9,9,Gains In Performance
2006-12-09,9,Watching You,Rodney Atkins,13,11,Gains In Performance
2006-12-09,10,Mountains,Lonestar,12,24,Gains In Performance
2006-12-09,11,Tim McGraw,Taylor Swift,11,24,Gains In Performance
2006-12-09,12,Amarillo Sky,Jason Aldean,14,22,Gains In Performance
2006-12-09,13,Once In A Lifetime,Keith Urban,10,15,
2006-12-09,14,Little Bit Of Life,Craig Morgan,16,17,Gains In Performance
2006-12-09,15,"My, Oh My",The Wreckers,19,12,Gains In Performance
2006-12-09,16,One Wing In The Fire,Trent Tomlinson,17,25,Gains In Performance
2006-12-09,17,A Good Man,Emerson Drive,18,35,Gains In Performance
2006-12-09,18,Alyssa Lies,Jason Michael Carroll,20,10,Gains In Performance
2006-12-09,19,Crash Here Tonight,Toby Keith,15,16,
2006-12-09,20,Ladies Love Country Boys,Trace Adkins,22,12,Gains In Performance
2006-12-09,21,Two Pink Lines,Eric Church,21,15,Gains In Performance
2006-12-09,22,I'll Wait For You,Joe Nichols,23,17,Gains In Performance
2006-12-09,23,Anyway,Martina McBride,29,3,Gains In Performance
2006-12-09,24,I Just Came Back (From A War),Darryl Worley,24,11,Gains In Performance
2006-12-09,25,Red High Heels,Kellie Pickler,25,11,Gains In Performance
2006-12-09,26,The Woman In My Life,Phil Vassar,26,17,Gains In Performance
2006-12-09,27,You'll Always Be My Baby,Sara Evans,27,15,Gains In Performance
2006-12-09,28,Stupid Boy,Keith Urban,38,2,Gains In Performance
2006-12-09,29,Good As Gone,Little Big Town,28,11,Gains In Performance
2006-12-09,30,A Feelin' Like That,Gary Allan,32,6,Gains In Performance
2006-12-09,31,The Reason Why,Vince Gill,30,18,Gains In Performance
2006-12-09,32,Innocence,Sarah Buxton,31,18,Gains In Performance
2006-12-09,33,'Fore She Was Mama,Clay Walker,33,11,Gains In Performance
2006-12-09,34,Hillbilly Deluxe,Brooks & Dunn,37,4,Gains In Performance
2006-12-09,35,Podunk,Keith Anderson,35,14,Gains In Performance
2006-12-09,36,Some People,LeAnn Rimes,34,17,Gains In Performance
2006-12-09,37,Good Directions,Billy Currington,39,8,Gains In Performance
2006-12-09,38,Stealing Kisses,Faith Hill,36,9,Gains In Performance
2006-12-09,39,Long Trip Alone,Dierks Bentley,42,2,Gains In Performance
2006-12-09,40,I Don't Want To,Ashley Monroe With Ronnie Dunn,40,12,Gains In Performance
2006-12-09,41,Lips Of An Angel,Jack Ingram,48,2,Gains In Performance
2006-12-09,42,Me And God,Josh Turner,44,3,Gains In Performance
2006-12-09,43,Our Country,John Mellencamp,47,3,Gains In Performance
2006-12-09,44,Find Out Who Your Friends Are,Tracy Lawrence,50,13,Gains In Performance
2006-12-09,45,I Keep Coming Back,Josh Gracin,46,7,Gains In Performance
2006-12-09,46,Startin' With Me,Jake Owen,45,8,Gains In Performance
2006-12-09,47,Don't Make Me,Blake Shelton,52,5,Gains In Performance
2006-12-09,48,Dixie Lullaby,Pat Green,51,7,Gains In Performance
2006-12-09,49,Drinkin' Me Lonely,Chris Young,43,15,
2006-12-09,50,That's All I'll Ever Need,Jimmy Wayne,53,6,Gains In Performance
2006-12-09,51,Come To Bed,Gretchen Wilson,49,3,
2006-12-09,52,Like Red On A Rose,Alan Jackson,41,20,
2006-12-09,53,Isn't That Everything,Danielle Peck,55,4,Gains In Performance
2006-12-09,54,Broken,Lindsey Haun,54,10,
2006-12-09,55,More,Rockie Lynne,57,3,Gains In Performance
2006-12-09,56,Missing Missouri,Sara Evans,59,3,Gains In Performance
2006-12-09,57,Wasted,Carrie Underwood,NEW,1,Highest ranking debut|Gains In Performance
2006-12-09,58,"Baby, It's Cold Outside",Dean Martin & Martina McBride,NEW,1,Gains In Performance
2006-12-09,59,Santa Looked A Lot Like Daddy,Brad Paisley,NEW,1,Gains In Performance
2006-12-09,60,I Can't Love You Anymore,Gary Nichols,NEW,1,Gains In Performance
2006-12-16,1,My Wish,Rascal Flatts,2,17,Gains In Performance
2006-12-16,2,Want To,Sugarland,3,19,Gains In Performance
2006-12-16,3,Before He Cheats,Carrie Underwood,1,40,
2006-12-16,4,My Little Girl,Tim McGraw,5,19,Gains In Performance
2006-12-16,5,You Save Me,Kenny Chesney,4,18,
2006-12-16,6,She's Everything,Brad Paisley,6,15,Gains In Performance
2006-12-16,7,Some People Change,Montgomery Gentry,7,23,Gains In Performance
2006-12-16,8,It Just Comes Natural,George Strait,8,10,Gains In Performance
2006-12-16,9,Watching You,Rodney Atkins,9,12,Greatest gainer this week|Gains In Performance
2006-12-16,10,Tim McGraw,Taylor Swift,11,25,Gains In Performance
2006-12-16,11,Mountains,Lonestar,10,25,Gains In Performance
2006-12-16,12,Amarillo Sky,Jason Aldean,12,23,Gains In Performance
2006-12-16,13,Little Bit Of Life,Craig Morgan,14,18,Gains In Performance
2006-12-16,14,"My, Oh My",The Wreckers,15,13,Gains In Performance
2006-12-16,15,One Wing In The Fire,Trent Tomlinson,16,26,Gains In Performance
2006-12-16,16,Alyssa Lies,Jason Michael Carroll,18,11,Gains In Performance
2006-12-16,17,Ladies Love Country Boys,Trace Adkins,20,13,Gains In Performance
2006-12-16,18,Once In A Lifetime,Keith Urban,13,16,
2006-12-16,19,Two Pink Lines,Eric Church,21,16,Gains In Performance
2006-12-16,20,I'll Wait For You,Joe Nichols,22,18,Gains In Performance
2006-12-16,21,Stupid Boy,Keith Urban,28,3,Gains In Performance
2006-12-16,22,Anyway,Martina McBride,23,4,Gains In Performance
2006-12-16,23,Red High Heels,Kellie Pickler,25,12,Gains In Performance
2006-12-16,24,I Just Came Back (From A War),Darryl Worley,24,12,Gains In Performance
2006-12-16,25,You'll Always Be My Baby,Sara Evans,27,16,Gains In Performance
2006-12-16,26,The Woman In My Life,Phil Vassar,26,18,Gains In Performance
2006-12-16,27,Good As Gone,Little Big Town,29,12,Gains In Performance
2006-12-16,28,A Feelin' Like That,Gary Allan,30,7,Gains In Performance
2006-12-16,29,The Reason Why,Vince Gill,31,19,Gains In Performance
2006-12-16,30,Crash Here Tonight,Toby Keith,19,17,
2006-12-16,31,Hillbilly Deluxe,Brooks & Dunn,34,5,Gains In Performance
2006-12-16,32,'Fore She Was Mama,Clay Walker,33,12,Gains In Performance
2006-12-16,33,Innocence,Sarah Buxton,32,19,
2006-12-16,34,Lips Of An Angel,Jack Ingram,41,3,Gains In Performance
2006-12-16,35,Good Directions,Billy Currington,37,9,Gains In Performance
2006-12-16,36,Podunk,Keith Anderson,35,15,
2006-12-16,37,Long Trip Alone,Dierks Bentley,39,3,Gains In Performance
2006-12-16,38,Stealing Kisses,Faith Hill,38,10,
2006-12-16,39,I Don't Want To,Ashley Monroe With Ronnie Dunn,40,13,Gains In Performance
2006-12-16,40,Some People,LeAnn Rimes,36,18,
2006-12-16,41,I Keep Coming Back,Josh Gracin,45,8,Gains In Performance
2006-12-16,42,Our Country,John Mellencamp,43,4,Gains In Performance
2006-12-16,43,Me And God,Josh Turner,42,4,Gains In Performance
2006-12-16,44,Dixie Lullaby,Pat Green,48,8,Gains In Performance
2006-12-16,45,Don't Make Me,Blake Shelton,47,6,Gains In Performance
2006-12-16,46,Startin' With Me,Jake Owen,46,9,Gains In Performance
2006-12-16,47,Find Out Who Your Friends Are,Tracy Lawrence,44,14,
2006-12-16,48,Isn't That Everything,Danielle Peck,53,5,Gains In Performance
2006-12-16,49,Come To Bed,Gretchen Wilson,51,4,Gains In Performance
2006-12-16,50,That's All I'll Ever Need,Jimmy Wayne,50,7,Gains In Performance
2006-12-16,51,"Baby, It's Cold Outside",Dean Martin & Martina McBride,58,2,Gains In Performance
2006-12-16,52,Drinkin' Me Lonely,Chris Young,49,16,
2006-12-16,53,Broken,Lindsey Haun,54,11,Gains In Performance
2006-12-16,54,Born On Christmas Day,Brad Paisley,NEW,1,Highest ranking debut|Gains In Performance
2006-12-16,55,Missing Missouri,Sara Evans,56,4,Gains In Performance
2006-12-16,56,More,Rockie Lynne,55,4,Gains In Performance
2006-12-16,57,Come On Rain,Steve Holy,RE,2,Gains In Performance
2006-12-16,58,Wasted,Carrie Underwood,57,2,
2006-12-16,59,Bagpipes Cryin',Rushlow Harris,RE,2,Gains In Performance
2006-12-16,60,Santa Looked A Lot Like Daddy,Brad Paisley,59,2,
2006-12-23,1,Want To,Sugarland,2,20,Gains In Performance
2006-12-23,2,My Wish,Rascal Flatts,1,18,
2006-12-23,3,My Little Girl,Tim McGraw,4,20,Gains In Performance
2006-12-23,4,Before He Cheats,Carrie Underwood,3,41,
2006-12-23,5,She's Everything,Brad Paisley,6,16,Gains In Performance
2006-12-23,6,It Just Comes Natural,George Strait,8,11,Gains In Performance
2006-12-23,7,You Save Me,Kenny Chesney,5,19,
2006-12-23,8,Watching You,Rodney Atkins,9,13,Gains In Performance
2006-12-23,9,Some People Change,Montgomery Gentry,7,24,
2006-12-23,10,Tim McGraw,Taylor Swift,10,26,Gains In Performance
2006-12-23,11,Mountains,Lonestar,11,26,
2006-12-23,12,Amarillo Sky,Jason Aldean,12,24,Gains In Performance
2006-12-23,13,Alyssa Lies,Jason Michael Carroll,16,12,Gains In Performance
2006-12-23,14,"My, Oh My",The Wreckers,14,14,Gains In Performance
2006-12-23,15,One Wing In The Fire,Trent Tomlinson,15,27,Gains In Performance
2006-12-23,16,Little Bit Of Life,Craig Morgan,13,19,Gains In Performance
2006-12-23,17,Ladies Love Country Boys,Trace Adkins,17,14,Gains In Performance
2006-12-23,18,Stupid Boy,Keith Urban,21,4,Gains In Performance
2006-12-23,19,Anyway,Martina McBride,22,5,Gains In Performance
2006-12-23,20,I'll Wait For You,Joe Nichols,20,19,Gains In Performance
2006-12-23,21,Two Pink Lines,Eric Church,19,17,
2006-12-23,22,Once In A Lifetime,Keith Urban,18,17,
2006-12-23,23,Red High Heels,Kellie Pickler,23,13,Gains In Performance
2006-12-23,24,You'll Always Be My Baby,Sara Evans,25,17,Gains In Performance
2006-12-23,25,I Just Came Back (From A War),Darryl Worley,24,13,Gains In Performance
2006-12-23,26,Good As Gone,Little Big Town,27,13,Gains In Performance
2006-12-23,27,The Woman In My Life,Phil Vassar,26,19,Gains In Performance
2006-12-23,28,A Feelin' Like That,Gary Allan,28,8,Gains In Performance
2006-12-23,29,Hillbilly Deluxe,Brooks & Dunn,31,6,Gains In Performance
2006-12-23,30,The Reason Why,Vince Gill,29,20,
2006-12-23,31,'Fore She Was Mama,Clay Walker,32,13,Gains In Performance
2006-12-23,32,Long Trip Alone,Dierks Bentley,37,4,Gains In Performance
2006-12-23,33,Lips Of An Angel,Jack Ingram,34,4,Gains In Performance
2006-12-23,34,Good Directions,Billy Currington,35,10,Gains In Performance
2006-12-23,35,Podunk,Keith Anderson,36,16,
2006-12-23,36,Innocence,Sarah Buxton,33,20,
2006-12-23,37,Me And God,Josh Turner,43,5,Gains In Performance
2006-12-23,38,I Keep Coming Back,Josh Gracin,41,9,Gains In Performance
2006-12-23,39,Stealing Kisses,Faith Hill,38,11,
2006-12-23,40,Startin' With Me,Jake Owen,46,10,Gains In Performance
2006-12-23,41,Crash Here Tonight,Toby Keith,30,18,
2006-12-23,42,I Don't Want To,Ashley Monroe With Ronnie Dunn,39,14,Gains In Performance
2006-12-23,43,Our Country,John Mellencamp,42,5,Gains In Performance
2006-12-23,44,Find Out Who Your Friends Are,Tracy Lawrence,47,15,Gains In Performance
2006-12-23,45,Don't Make Me,Blake Shelton,45,7,Gains In Performance
2006-12-23,46,Dixie Lullaby,Pat Green,44,9,
2006-12-23,47,Isn't That Everything,Danielle Peck,48,6,Gains In Performance
2006-12-23,48,Come To Bed,Gretchen Wilson,49,5,Gains In Performance
2006-12-23,49,"Baby, It's Cold Outside",Dean Martin & Martina McBride,51,3,Gains In Performance
2006-12-23,50,Some People,LeAnn Rimes,40,19,
2006-12-23,51,That's All I'll Ever Need,Jimmy Wayne,50,8,
2006-12-23,52,Born On Christmas Day,Brad Paisley,54,2,Gains In Performance
2006-12-23,53,Come On Rain,Steve Holy,57,3,Gains In Performance
2006-12-23,54,More,Rockie Lynne,56,5,Gains In Performance
2006-12-23,55,Crazy Ex-Girlfriend,Miranda Lambert,NEW,1,Highest ranking debut|Gains In Performance
2006-12-23,56,Santa Looked A Lot Like Daddy,Brad Paisley,60,3,Gains In Performance
2006-12-23,57,Go Tell It On The Mountain,Little Big Town,NEW,1,Gains In Performance
2006-12-23,58,Drinkin' Me Lonely,Chris Young,52,17,
2006-12-23,59,Wasted,Carrie Underwood,58,3,Gains In Performance
2006-12-23,60,Broken,Lindsey Haun,53,12,
2006-12-30,1,Want To,Sugarland,1,21,
2006-12-30,2,My Wish,Rascal Flatts,2,19,
2006-12-30,3,My Little Girl,Tim McGraw,3,21,
2006-12-30,4,She's Everything,Brad Paisley,5,17,Gains In Performance
2006-12-30,5,Watching You,Rodney Atkins,8,14,Greatest gainer this week|Gains In Performance
2006-12-30,6,Before He Cheats,Carrie Underwood,4,42,
2006-12-30,7,It Just Comes Natural,George Strait,6,12,Gains In Performance
2006-12-30,8,Some People Change,Montgomery Gentry,9,25,
2006-12-30,9,Tim McGraw,Taylor Swift,10,27,Gains In Performance
2006-12-30,10,Amarillo Sky,Jason Aldean,12,25,Gains In Performance
2006-12-30,11,You Save Me,Kenny Chesney,7,20,
2006-12-30,12,Alyssa Lies,Jason Michael Carroll,13,13,Gains In Performance
2006-12-30,13,"My, Oh My",The Wreckers,14,15,Gains In Performance
2006-12-30,14,One Wing In The Fire,Trent Tomlinson,15,28,Gains In Performance
2006-12-30,15,Little Bit Of Life,Craig Morgan,16,20,Gains In Performance
2006-12-30,16,Stupid Boy,Keith Urban,18,5,Gains In Performance
2006-12-30,17,Ladies Love Country Boys,Trace Adkins,17,15,Gains In Performance
2006-12-30,18,Anyway,Martina McBride,19,6,Gains In Performance
2006-12-30,19,I'll Wait For You,Joe Nichols,20,20,Gains In Performance
2006-12-30,20,Red High Heels,Kellie Pickler,23,14,Gains In Performance
2006-12-30,21,You'll Always Be My Baby,Sara Evans,24,18,Gains In Performance
2006-12-30,22,The Woman In My Life,Phil Vassar,27,20,Gains In Performance
2006-12-30,23,I Just Came Back (From A War),Darryl Worley,25,14,Gains In Performance
2006-12-30,24,Good As Gone,Little Big Town,26,14,Gains In Performance
2006-12-30,25,A Feelin' Like That,Gary Allan,28,9,Gains In Performance
2006-12-30,26,Two Pink Lines,Eric Church,21,18,
2006-12-30,27,Once In A Lifetime,Keith Urban,22,18,
2006-12-30,28,Hillbilly Deluxe,Brooks & Dunn,29,7,Gains In Performance
2006-12-30,29,Lips Of An Angel,Jack Ingram,33,5,Gains In Performance
2006-12-30,30,The Reason Why,Vince Gill,30,21,Gains In Performance
2006-12-30,31,'Fore She Was Mama,Clay Walker,31,14,Gains In Performance
2006-12-30,32,Long Trip Alone,Dierks Bentley,32,5,Gains In Performance
2006-12-30,33,Good Directions,Billy Currington,34,11,Gains In Performance
2006-12-30,34,Me And God,Josh Turner,37,6,Gains In Performance
2006-12-30,35,Startin' With Me,Jake Owen,40,11,Gains In Performance
2006-12-30,36,Podunk,Keith Anderson,35,17,
2006-12-30,37,Stealing Kisses,Faith Hill,39,12,
2006-12-30,38,I Keep Coming Back,Josh Gracin,38,10,Gains In Performance
2006-12-30,39,Our Country,John Mellencamp,43,6,Gains In Performance
2006-12-30,40,I Don't Want To,Ashley Monroe With Ronnie Dunn,42,15,Gains In Performance
2006-12-30,41,Don't Make Me,Blake Shelton,45,8,Gains In Performance
2006-12-30,42,Find Out Who Your Friends Are,Tracy Lawrence,44,16,Gains In Performance
2006-12-30,43,Dixie Lullaby,Pat Green,46,10,Gains In Performance
2006-12-30,44,"Baby, It's Cold Outside",Dean Martin & Martina McBride,49,4,Gains In Performance
2006-12-30,45,Crash Here Tonight,Toby Keith,41,19,
2006-12-30,46,Isn't That Everything,Danielle Peck,47,7,Gains In Performance
2006-12-30,47,Go Tell It On The Mountain,Little Big Town,57,2,Gains In Performance
2006-12-30,48,Come To Bed,Gretchen Wilson,48,6,Gains In Performance
2006-12-30,49,Moments,Emerson Drive,NEW,1,Highest ranking debut|Gains In Performance
2006-12-30,50,That's All I'll Ever Need,Jimmy Wayne,51,9,
2006-12-30,51,Wasted,Carrie Underwood,59,4,Gains In Performance
2006-12-30,52,More,Rockie Lynne,54,6,Gains In Performance
2006-12-30,53,Missing You 2007,Alison Krauss And John Waite,NEW,1,Gains In Performance
2006-12-30,54,Born On Christmas Day,Brad Paisley,52,3,
2006-12-30,55,Bagpipes Cryin',Rushlow Harris,RE,3,Gains In Performance
2006-12-30,56,Santa Looked A Lot Like Daddy,Brad Paisley,56,4,Gains In Performance
2006-12-30,57,Come On Rain,Steve Holy,53,4,Gains In Performance
2006-12-30,58,Some People,LeAnn Rimes,50,20,
2006-12-30,59,Isn't She,Carolina Rain,NEW,1,Gains In Performance
2006-12-30,60,Crazy Ex-Girlfriend,Miranda Lambert,55,2,
2007-01-06,1,She's Everything,Brad Paisley,4,18,Gains In Performance
2007-01-06,2,My Wish,Rascal Flatts,2,20,
2007-01-06,3,Watching You,Rodney Atkins,5,15,
2007-01-06,4,Want To,Sugarland,1,22,
2007-01-06,5,My Little Girl,Tim McGraw,3,22,
2007-01-06,6,It Just Comes Natural,George Strait,7,13,
2007-01-06,7,Before He Cheats,Carrie Underwood,6,43,
2007-01-06,8,Amarillo Sky,Jason Aldean,10,26,Gains In Performance
2007-01-06,9,Tim McGraw,Taylor Swift,9,28,
2007-01-06,10,Some People Change,Montgomery Gentry,8,26,
2007-01-06,11,Alyssa Lies,Jason Michael Carroll,12,14,Gains In Performance
2007-01-06,12,"My, Oh My",The Wreckers,13,16,Gains In Performance
2007-01-06,13,Little Bit Of Life,Craig Morgan,15,21,
2007-01-06,14,Ladies Love Country Boys,Trace Adkins,17,16,Gains In Performance
2007-01-06,15,Anyway,Martina McBride,18,7,Gains In Performance
2007-01-06,16,One Wing In The Fire,Trent Tomlinson,14,29,
2007-01-06,17,Stupid Boy,Keith Urban,16,6,
2007-01-06,18,I'll Wait For You,Joe Nichols,19,21,
2007-01-06,19,Red High Heels,Kellie Pickler,20,15,
2007-01-06,20,I Just Came Back (From A War),Darryl Worley,23,15,
2007-01-06,21,The Woman In My Life,Phil Vassar,22,21,
2007-01-06,22,Good As Gone,Little Big Town,24,15,
2007-01-06,23,You'll Always Be My Baby,Sara Evans,21,19,
2007-01-06,24,A Feelin' Like That,Gary Allan,25,10,
2007-01-06,25,Hillbilly Deluxe,Brooks & Dunn,28,8,Gains In Performance
2007-01-06,26,Once In A Lifetime,Keith Urban,27,19,
2007-01-06,27,Lips Of An Angel,Jack Ingram,29,6,Gains In Performance
2007-01-06,28,'Fore She Was Mama,Clay Walker,31,15,Gains In Performance
2007-01-06,29,Long Trip Alone,Dierks Bentley,32,6,Gains In Performance
2007-01-06,30,The Reason Why,Vince Gill,30,22,
2007-01-06,31,Me And God,Josh Turner,34,7,Gains In Performance
2007-01-06,32,Good Directions,Billy Currington,33,12,Gains In Performance
2007-01-06,33,Startin' With Me,Jake Owen,35,12,Gains In Performance
2007-01-06,34,Podunk,Keith Anderson,36,18,Gains In Performance
2007-01-06,35,Go Tell It On The Mountain,Little Big Town,47,3,Gains In Performance
2007-01-06,36,"Baby, It's Cold Outside",Dean Martin & Martina McBride,44,5,Gains In Performance
2007-01-06,37,I Keep Coming Back,Josh Gracin,38,11,Gains In Performance
2007-01-06,38,Two Pink Lines,Eric Church,26,19,
2007-01-06,39,I Don't Want To,Ashley Monroe With Ronnie Dunn,40,16,
2007-01-06,40,Wasted,Carrie Underwood,51,5,Gains In Performance
2007-01-06,41,Born On Christmas Day,Brad Paisley,54,4,Gains In Performance
2007-01-06,42,Isn't That Everything,Danielle Peck,46,8,Gains In Performance
2007-01-06,43,Find Out Who Your Friends Are,Tracy Lawrence,42,17,
2007-01-06,44,Dixie Lullaby,Pat Green,43,11,
2007-01-06,45,Our Country,John Mellencamp,39,7,
2007-01-06,46,Missing You 2007,Alison Krauss And John Waite,53,2,Gains In Performance
2007-01-06,47,Stealing Kisses,Faith Hill,37,13,
2007-01-06,48,Don't Make Me,Blake Shelton,41,9,
2007-01-06,49,Santa Looked A Lot Like Daddy,Brad Paisley,56,5,Gains In Performance
2007-01-06,50,Moments,Emerson Drive,49,2,Gains In Performance
2007-01-06,51,Beer In Mexico,Kenny Chesney,RE,2,Greatest gainer this week|Gains In Performance
2007-01-06,52,Come To Bed,Gretchen Wilson,48,7,
2007-01-06,53,More,Rockie Lynne,52,7,Gains In Performance
2007-01-06,54,Santa Claus Is Coming To Town,Wynonna,NEW,1,Highest ranking debut|Gains In Performance
2007-01-06,55,"Penguin, James Penguin",Brad Paisley,NEW,1,Gains In Performance
2007-01-06,56,Crash Here Tonight,Toby Keith,45,20,
2007-01-06,57,A Woman's Love,Alan Jackson,NEW,1,Gains In Performance
2007-01-06,58,Winter Wonderland,Brad Paisley,NEW,1,Gains In Performance
2007-01-06,59,Kung Pao Buckaroo Holiday,Brad Paisley,NEW,1,Gains In Performance
2007-01-06,60,Bagpipes Cryin',Rushlow Harris,55,4,
2007-01-13,1,She's Everything,Brad Paisley,1,19,
2007-01-13,2,Watching You,Rodney Atkins,3,16,
2007-01-13,3,My Wish,Rascal Flatts,2,21,
2007-01-13,4,My Little Girl,Tim McGraw,5,23,
2007-01-13,5,It Just Comes Natural,George Strait,6,14,Gains In Performance
2007-01-13,6,Want To,Sugarland,4,23,
2007-01-13,7,Before He Cheats,Carrie Underwood,7,44,
2007-01-13,8,Amarillo Sky,Jason Aldean,8,27,
2007-01-13,9,Tim McGraw,Taylor Swift,9,29,
2007-01-13,10,Alyssa Lies,Jason Michael Carroll,11,15,Gains In Performance
2007-01-13,11,Some People Change,Montgomery Gentry,10,27,
2007-01-13,12,"My, Oh My",The Wreckers,12,17,Gains In Performance
2007-01-13,13,Ladies Love Country Boys,Trace Adkins,14,17,Gains In Performance
2007-01-13,14,Stupid Boy,Keith Urban,17,7,Gains In Performance
2007-01-13,15,Little Bit Of Life,Craig Morgan,13,22,
2007-01-13,16,Anyway,Martina McBride,15,8,Gains In Performance
2007-01-13,17,One Wing In The Fire,Trent Tomlinson,16,30,
2007-01-13,18,Red High Heels,Kellie Pickler,19,16,Gains In Performance
2007-01-13,19,I'll Wait For You,Joe Nichols,18,22,
2007-01-13,20,Good As Gone,Little Big Town,22,16,Gains In Performance
2007-01-13,21,The Woman In My Life,Phil Vassar,21,22,Gains In Performance
2007-01-13,22,You'll Always Be My Baby,Sara Evans,23,20,Gains In Performance
2007-01-13,23,I Just Came Back (From A War),Darryl Worley,20,16,
2007-01-13,24,Hillbilly Deluxe,Brooks & Dunn,25,9,Gains In Performance
2007-01-13,25,A Feelin' Like That,Gary Allan,24,11,Gains In Performance
2007-01-13,26,Once In A Lifetime,Keith Urban,26,20,
2007-01-13,27,Lips Of An Angel,Jack Ingram,27,7,
2007-01-13,28,Long Trip Alone,Dierks Bentley,29,7,Gains In Performance
2007-01-13,29,The Reason Why,Vince Gill,30,23,
2007-01-13,30,'Fore She Was Mama,Clay Walker,28,16,
2007-01-13,31,Me And God,Josh Turner,31,8,
2007-01-13,32,Good Directions,Billy Currington,32,13,
2007-01-13,33,Startin' With Me,Jake Owen,33,13,Gains In Performance
2007-01-13,34,Wasted,Carrie Underwood,40,6,Gains In Performance
2007-01-13,35,Beer In Mexico,Kenny Chesney,51,3,Gains In Performance
2007-01-13,36,I Keep Coming Back,Josh Gracin,37,12,Gains In Performance
2007-01-13,37,Podunk,Keith Anderson,34,19,
2007-01-13,38,Isn't That Everything,Danielle Peck,42,9,Gains In Performance
2007-01-13,39,Find Out Who Your Friends Are,Tracy Lawrence,43,18,Gains In Performance
2007-01-13,40,I Don't Want To,Ashley Monroe With Ronnie Dunn,39,17,
2007-01-13,41,Don't Make Me,Blake Shelton,48,10,Gains In Performance
2007-01-13,42,Dixie Lullaby,Pat Green,44,12,Gains In Performance
2007-01-13,43,Missing You 2007,Alison Krauss And John Waite,46,3,Gains In Performance
2007-01-13,44,Moments,Emerson Drive,50,3,Gains In Performance
2007-01-13,45,Come To Bed,Gretchen Wilson,52,8,Gains In Performance
2007-01-13,46,Go Tell It On The Mountain,Little Big Town,35,4,
2007-01-13,47,Two Pink Lines,Eric Church,38,20,
2007-01-13,48,A Woman's Love,Alan Jackson,57,2,Gains In Performance
2007-01-13,49,Settlin',Sugarland,NEW,1,Highest ranking debut|Gains In Performance
2007-01-13,50,Last Dollar (Fly Away),Tim McGraw,NEW,1,Greatest gainer this week|Gains In Performance
2007-01-13,51,Our Country,John Mellencamp,45,8,
2007-01-13,52,Stealing Kisses,Faith Hill,47,14,
2007-01-13,53,Come On Rain,Steve Holy,RE,5,Gains In Performance
2007-01-13,54,Bagpipes Cryin',Rushlow Harris,60,5,Gains In Performance
2007-01-13,55,More,Rockie Lynne,53,8,
2007-01-13,56,Born On Christmas Day,Brad Paisley,41,5,
2007-01-13,57,Isn't She,Carolina Rain,RE,2,Gains In Performance
2007-01-13,58,Santa Looked A Lot Like Daddy,Brad Paisley,49,6,
2007-01-13,59,That's All I'll Ever Need,Jimmy Wayne,RE,10,
2007-01-13,60,Crazy Ex-Girlfriend,Miranda Lambert,RE,3,Gains In Performance
2007-01-20,1,She's Everything,Brad Paisley,1,20,Greatest gainer this week|Gains In Performance
2007-01-20,2,Watching You,Rodney Atkins,2,17,Gains In Performance
2007-01-20,3,My Wish,Rascal Flatts,3,22,Gains In Performance
2007-01-20,4,It Just Comes Natural,George Strait,5,15,Gains In Performance
2007-01-20,5,Want To,Sugarland,6,24,Gains In Performance
2007-01-20,6,My Little Girl,Tim McGraw,4,24,Gains In Performance
2007-01-20,7,Before He Cheats,Carrie Underwood,7,45,Gains In Performance
2007-01-20,8,Amarillo Sky,Jason Aldean,8,28,Gains In Performance
2007-01-20,9,Tim McGraw,Taylor Swift,9,30,Gains In Performance
2007-01-20,10,"My, Oh My",The Wreckers,12,18,Gains In Performance
2007-01-20,11,Alyssa Lies,Jason Michael Carroll,10,16,Gains In Performance
2007-01-20,12,Stupid Boy,Keith Urban,14,8,Gains In Performance
2007-01-20,13,Ladies Love Country Boys,Trace Adkins,13,18,Gains In Performance
2007-01-20,14,Little Bit Of Life,Craig Morgan,15,23,Gains In Performance
2007-01-20,15,Anyway,Martina McBride,16,9,Gains In Performance
2007-01-20,16,One Wing In The Fire,Trent Tomlinson,17,31,Gains In Performance
2007-01-20,17,Red High Heels,Kellie Pickler,18,17,Gains In Performance
2007-01-20,18,I'll Wait For You,Joe Nichols,19,23,Gains In Performance
2007-01-20,19,Good As Gone,Little Big Town,20,17,Gains In Performance
2007-01-20,20,The Woman In My Life,Phil Vassar,21,23,Gains In Performance
2007-01-20,21,You'll Always Be My Baby,Sara Evans,22,21,Gains In Performance
2007-01-20,22,I Just Came Back (From A War),Darryl Worley,23,17,Gains In Performance
2007-01-20,23,Hillbilly Deluxe,Brooks & Dunn,24,10,Gains In Performance
2007-01-20,24,A Feelin' Like That,Gary Allan,25,12,Gains In Performance
2007-01-20,25,Lips Of An Angel,Jack Ingram,27,8,Gains In Performance
2007-01-20,26,Long Trip Alone,Dierks Bentley,28,8,Gains In Performance
2007-01-20,27,'Fore She Was Mama,Clay Walker,30,17,Gains In Performance
2007-01-20,28,The Reason Why,Vince Gill,29,24,Gains In Performance
2007-01-20,29,Beer In Mexico,Kenny Chesney,35,4,Gains In Performance
2007-01-20,30,Last Dollar (Fly Away),Tim McGraw,50,2,Gains In Performance
2007-01-20,31,Me And God,Josh Turner,31,9,Gains In Performance
2007-01-20,32,Good Directions,Billy Currington,32,14,Gains In Performance
2007-01-20,33,Wasted,Carrie Underwood,34,7,Gains In Performance
2007-01-20,34,Settlin',Sugarland,49,2,Gains In Performance
2007-01-20,35,Startin' With Me,Jake Owen,33,14,Gains In Performance
2007-01-20,36,I Keep Coming Back,Josh Gracin,36,13,Gains In Performance
2007-01-20,37,Podunk,Keith Anderson,37,20,Gains In Performance
2007-01-20,38,I Don't Want To,Ashley Monroe With Ronnie Dunn,40,18,Gains In Performance
2007-01-20,39,A Woman's Love,Alan Jackson,48,3,Gains In Performance
2007-01-20,40,Don't Make Me,Blake Shelton,41,11,Gains In Performance
2007-01-20,41,Moments,Emerson Drive,44,4,Gains In Performance
2007-01-20,42,Find Out Who Your Friends Are,Tracy Lawrence,39,19,Gains In Performance
2007-01-20,43,Dixie Lullaby,Pat Green,42,13,Gains In Performance
2007-01-20,44,Isn't That Everything,Danielle Peck,38,10,Gains In Performance
2007-01-20,45,Missing You 2007,Alison Krauss And John Waite,43,4,Gains In Performance
2007-01-20,46,Our Country,John Mellencamp,51,9,Gains In Performance
2007-01-20,47,Come To Bed,Gretchen Wilson,45,9,Gains In Performance
2007-01-20,48,Come On Rain,Steve Holy,53,6,Gains In Performance
2007-01-20,49,Stealing Kisses,Faith Hill,52,15,Gains In Performance
2007-01-20,50,Bagpipes Cryin',Rushlow Harris,54,6,Gains In Performance
2007-01-20,51,More,Rockie Lynne,55,9,Gains In Performance
2007-01-20,52,Isn't She,Carolina Rain,57,3,Gains In Performance
2007-01-20,53,House Like That,Donovan Chapman,NEW,1,Highest ranking debut|Gains In Performance
2007-01-20,54,That's All I'll Ever Need,Jimmy Wayne,59,11,Gains In Performance
2007-01-20,55,Crazy Ex-Girlfriend,Miranda Lambert,60,4,Gains In Performance
2007-01-20,56,A Country Boy Can Survive (Remix),Hank Williams Jr.,NEW,1,Gains In Performance
2007-01-20,57,I Get To,Blue County,NEW,1,Gains In Performance
2007-01-20,58,Spoken Like A Man,Blaine Larsen,NEW,1,Gains In Performance
2007-01-20,59,Broken,Lindsey Haun,RE,13,
2007-01-20,60,Stand,Rascal Flatts,NEW,1,Gains In Performance
2007-01-27,1,Watching You,Rodney Atkins,2,18,Gains In Performance
2007-01-27,2,She's Everything,Brad Paisley,1,21,
2007-01-27,3,It Just Comes Natural,George Strait,4,16,Gains In Performance
2007-01-27,4,My Wish,Rascal Flatts,3,23,
2007-01-27,5,Amarillo Sky,Jason Aldean,8,29,Gains In Performance
2007-01-27,6,Tim McGraw,Taylor Swift,9,31,Gains In Performance
2007-01-27,7,Want To,Sugarland,5,25,
2007-01-27,8,Before He Cheats,Carrie Underwood,7,46,
2007-01-27,9,Stupid Boy,Keith Urban,12,9,Gains In Performance
2007-01-27,10,"My, Oh My",The Wreckers,10,19,Gains In Performance
2007-01-27,11,Ladies Love Country Boys,Trace Adkins,13,19,Gains In Performance
2007-01-27,12,Alyssa Lies,Jason Michael Carroll,11,17,Gains In Performance
2007-01-27,13,Anyway,Martina McBride,15,10,Gains In Performance
2007-01-27,14,Little Bit Of Life,Craig Morgan,14,24,Gains In Performance
2007-01-27,15,One Wing In The Fire,Trent Tomlinson,16,32,
2007-01-27,16,Red High Heels,Kellie Pickler,17,18,Gains In Performance
2007-01-27,17,I'll Wait For You,Joe Nichols,18,24,Gains In Performance
2007-01-27,18,Good As Gone,Little Big Town,19,18,Gains In Performance
2007-01-27,19,Beer In Mexico,Kenny Chesney,29,5,Gains In Performance
2007-01-27,20,You'll Always Be My Baby,Sara Evans,21,22,Gains In Performance
2007-01-27,21,I Just Came Back (From A War),Darryl Worley,22,18,Gains In Performance
2007-01-27,22,Hillbilly Deluxe,Brooks & Dunn,23,11,Gains In Performance
2007-01-27,23,The Woman In My Life,Phil Vassar,20,24,
2007-01-27,24,A Feelin' Like That,Gary Allan,24,13,Gains In Performance
2007-01-27,25,Last Dollar (Fly Away),Tim McGraw,30,3,Gains In Performance
2007-01-27,26,Lips Of An Angel,Jack Ingram,25,9,Gains In Performance
2007-01-27,27,Long Trip Alone,Dierks Bentley,26,9,Gains In Performance
2007-01-27,28,Settlin',Sugarland,34,3,Gains In Performance
2007-01-27,29,'Fore She Was Mama,Clay Walker,27,18,Gains In Performance
2007-01-27,30,Wasted,Carrie Underwood,33,8,Gains In Performance
2007-01-27,31,The Reason Why,Vince Gill,28,25,
2007-01-27,32,Me And God,Josh Turner,31,10,Gains In Performance
2007-01-27,33,Good Directions,Billy Currington,32,15,Gains In Performance
2007-01-27,34,A Woman's Love,Alan Jackson,39,4,Gains In Performance
2007-01-27,35,Startin' With Me,Jake Owen,35,15,
2007-01-27,36,Moments,Emerson Drive,41,5,Gains In Performance
2007-01-27,37,I Keep Coming Back,Josh Gracin,36,14,Gains In Performance
2007-01-27,38,Don't Make Me,Blake Shelton,40,12,Gains In Performance
2007-01-27,39,I Don't Want To,Ashley Monroe With Ronnie Dunn,38,19,
2007-01-27,40,Find Out Who Your Friends Are,Tracy Lawrence,42,20,Gains In Performance
2007-01-27,41,Dixie Lullaby,Pat Green,43,14,Gains In Performance
2007-01-27,42,Isn't That Everything,Danielle Peck,44,11,Gains In Performance
2007-01-27,43,Missing You 2007,Alison Krauss And John Waite,45,5,Gains In Performance
2007-01-27,44,Come To Bed,Gretchen Wilson,47,10,
2007-01-27,45,Come On Rain,Steve Holy,48,7,Gains In Performance
2007-01-27,46,Our Country,John Mellencamp,46,10,
2007-01-27,47,Stand,Rascal Flatts,60,2,Gains In Performance
2007-01-27,48,Bagpipes Cryin',Rushlow Harris,50,7,
2007-01-27,49,Isn't She,Carolina Rain,52,4,
2007-01-27,50,House Like That,Donovan Chapman,53,2,
2007-01-27,51,More,Rockie Lynne,51,10,
2007-01-27,52,Crazy Ex-Girlfriend,Miranda Lambert,55,5,Gains In Performance
2007-01-27,53,Stealing Kisses,Faith Hill,49,16,
2007-01-27,54,A Country Boy Can Survive (Remix),Hank Williams Jr.,56,2,
2007-01-27,55,That's All I'll Ever Need,Jimmy Wayne,54,12,
2007-01-27,56,I Get To,Blue County,57,2,
2007-01-27,57,A Different World,Bucky Covington,NEW,1,Highest ranking debut|Gains In Performance
2007-01-27,58,Broken,Lindsey Haun,59,14,
2007-01-27,59,I Can't Love You Anymore,Gary Nichols,RE,2,Gains In Performance
2007-01-27,60,Spoken Like A Man,Blaine Larsen,58,2,
2007-02-03,1,Watching You,Rodney Atkins,1,19,Gains In Performance
2007-02-03,2,It Just Comes Natural,George Strait,3,17,Gains In Performance
2007-02-03,3,She's Everything,Brad Paisley,2,22,
2007-02-03,4,Amarillo Sky,Jason Aldean,5,30,Gains In Performance
2007-02-03,5,My Wish,Rascal Flatts,4,24,
2007-02-03,6,Ladies Love Country Boys,Trace Adkins,11,20,Gains In Performance
2007-02-03,7,Tim McGraw,Taylor Swift,6,32,
2007-02-03,8,Stupid Boy,Keith Urban,9,10,Gains In Performance
2007-02-03,9,"My, Oh My",The Wreckers,10,20,Gains In Performance
2007-02-03,10,Anyway,Martina McBride,13,11,Gains In Performance
2007-02-03,11,Little Bit Of Life,Craig Morgan,14,25,Gains In Performance
2007-02-03,12,Alyssa Lies,Jason Michael Carroll,12,18,Gains In Performance
2007-02-03,13,One Wing In The Fire,Trent Tomlinson,15,33,Gains In Performance
2007-02-03,14,Beer In Mexico,Kenny Chesney,19,6,Gains In Performance
2007-02-03,15,Red High Heels,Kellie Pickler,16,19,Gains In Performance
2007-02-03,16,I'll Wait For You,Joe Nichols,17,25,Gains In Performance
2007-02-03,17,You'll Always Be My Baby,Sara Evans,20,23,Gains In Performance
2007-02-03,18,Last Dollar (Fly Away),Tim McGraw,25,4,Gains In Performance
2007-02-03,19,I Just Came Back (From A War),Darryl Worley,21,19,Gains In Performance
2007-02-03,20,Good As Gone,Little Big Town,18,19,
2007-02-03,21,Hillbilly Deluxe,Brooks & Dunn,22,12,Gains In Performance
2007-02-03,22,A Feelin' Like That,Gary Allan,24,14,Gains In Performance
2007-02-03,23,Settlin',Sugarland,28,4,Gains In Performance
2007-02-03,24,Lips Of An Angel,Jack Ingram,26,10,Gains In Performance
2007-02-03,25,Wasted,Carrie Underwood,30,9,Gains In Performance
2007-02-03,26,Long Trip Alone,Dierks Bentley,27,10,Gains In Performance
2007-02-03,27,'Fore She Was Mama,Clay Walker,29,19,
2007-02-03,28,Me And God,Josh Turner,32,11,Gains In Performance
2007-02-03,29,Good Directions,Billy Currington,33,16,Gains In Performance
2007-02-03,30,A Woman's Love,Alan Jackson,34,5,Gains In Performance
2007-02-03,31,Startin' With Me,Jake Owen,35,16,Gains In Performance
2007-02-03,32,Moments,Emerson Drive,36,6,Gains In Performance
2007-02-03,33,Don't Make Me,Blake Shelton,38,13,Gains In Performance
2007-02-03,34,I Keep Coming Back,Josh Gracin,37,15,Gains In Performance
2007-02-03,35,Stand,Rascal Flatts,47,3,Gains In Performance
2007-02-03,36,Find Out Who Your Friends Are,Tracy Lawrence,40,21,Gains In Performance
2007-02-03,37,I Don't Want To,Ashley Monroe With Ronnie Dunn,39,20,
2007-02-03,38,Dixie Lullaby,Pat Green,41,15,
2007-02-03,39,Missing You 2007,Alison Krauss And John Waite,43,6,Gains In Performance
2007-02-03,40,Isn't That Everything,Danielle Peck,42,12,
2007-02-03,41,Come To Bed,Gretchen Wilson,44,11,Gains In Performance
2007-02-03,42,Our Country,John Mellencamp,46,11,Gains In Performance
2007-02-03,43,Come On Rain,Steve Holy,45,8,
2007-02-03,44,Isn't She,Carolina Rain,49,5,Gains In Performance
2007-02-03,45,Bagpipes Cryin',Rushlow Harris,48,8,
2007-02-03,46,House Like That,Donovan Chapman,50,3,Gains In Performance
2007-02-03,47,A Different World,Bucky Covington,57,2,Gains In Performance
2007-02-03,48,A Country Boy Can Survive (Remix),Hank Williams Jr.,54,3,Gains In Performance
2007-02-03,49,More,Rockie Lynne,51,11,
2007-02-03,50,Crazy Ex-Girlfriend,Miranda Lambert,52,6,
2007-02-03,51,I Get To,Blue County,56,3,Gains In Performance
2007-02-03,52,That's All I'll Ever Need,Jimmy Wayne,55,13,
2007-02-03,53,Guys Like Me,Eric Church,NEW,1,Highest ranking debut|Gains In Performance
2007-02-03,54,Take It All Out On Me,Mark Wills,NEW,1,Gains In Performance
2007-02-03,55,Stealing Kisses,Faith Hill,53,17,
2007-02-03,56,Spoken Like A Man,Blaine Larsen,60,3,Gains In Performance
2007-02-03,57,What I Did Last Night,Catherine Britt,NEW,1,Gains In Performance
2007-02-03,58,I Got More,Cole Deggs & The Lonesome,NEW,1,Gains In Performance
2007-02-03,59,Missing Missouri,Sara Evans,RE,5,Gains In Performance
2007-02-03,60,Built To Last,Heartland,NEW,1,Gains In Performance
2007-02-10,1,Watching You,Rodney Atkins,1,20,
2007-02-10,2,It Just Comes Natural,George Strait,2,18,Gains In Performance
2007-02-10,3,She's Everything,Brad Paisley,3,23,
2007-02-10,4,Amarillo Sky,Jason Aldean,4,31,Gains In Performance
2007-02-10,5,Ladies Love Country Boys,Trace Adkins,6,21,Gains In Performance
2007-02-10,6,Stupid Boy,Keith Urban,8,11,Gains In Performance
2007-02-10,7,Alyssa Lies,Jason Michael Carroll,12,19,Gains In Performance
2007-02-10,8,Anyway,Martina McBride,10,12,Gains In Performance
2007-02-10,9,Little Bit Of Life,Craig Morgan,11,26,Gains In Performance
2007-02-10,10,"My, Oh My",The Wreckers,9,21,
2007-02-10,11,Beer In Mexico,Kenny Chesney,14,7,Gains In Performance
2007-02-10,12,One Wing In The Fire,Trent Tomlinson,13,34,Gains In Performance
2007-02-10,13,Last Dollar (Fly Away),Tim McGraw,18,5,Gains In Performance
2007-02-10,14,I'll Wait For You,Joe Nichols,16,26,Gains In Performance
2007-02-10,15,You'll Always Be My Baby,Sara Evans,17,24,Gains In Performance
2007-02-10,16,Hillbilly Deluxe,Brooks & Dunn,21,13,Gains In Performance
2007-02-10,17,Settlin',Sugarland,23,5,Gains In Performance
2007-02-10,18,Red High Heels,Kellie Pickler,15,20,
2007-02-10,19,I Just Came Back (From A War),Darryl Worley,19,20,
2007-02-10,20,Good As Gone,Little Big Town,20,20,
2007-02-10,21,Wasted,Carrie Underwood,25,10,Gains In Performance
2007-02-10,22,Long Trip Alone,Dierks Bentley,26,11,Gains In Performance
2007-02-10,23,A Feelin' Like That,Gary Allan,22,15,
2007-02-10,24,Lips Of An Angel,Jack Ingram,24,11,Gains In Performance
2007-02-10,25,'Fore She Was Mama,Clay Walker,27,20,Gains In Performance
2007-02-10,26,Stand,Rascal Flatts,35,4,Gains In Performance
2007-02-10,27,A Woman's Love,Alan Jackson,30,6,Gains In Performance
2007-02-10,28,Me And God,Josh Turner,28,12,Gains In Performance
2007-02-10,29,Good Directions,Billy Currington,29,17,Gains In Performance
2007-02-10,30,I Keep Coming Back,Josh Gracin,34,16,Gains In Performance
2007-02-10,31,Moments,Emerson Drive,32,7,Gains In Performance
2007-02-10,32,Find Out Who Your Friends Are,Tracy Lawrence,36,22,Gains In Performance
2007-02-10,33,Don't Make Me,Blake Shelton,33,14,Gains In Performance
2007-02-10,34,Startin' With Me,Jake Owen,31,17,
2007-02-10,35,Dixie Lullaby,Pat Green,38,16,Gains In Performance
2007-02-10,36,Isn't That Everything,Danielle Peck,40,13,Gains In Performance
2007-02-10,37,Missing You 2007,Alison Krauss And John Waite,39,7,Gains In Performance
2007-02-10,38,Come To Bed,Gretchen Wilson,41,12,Gains In Performance
2007-02-10,39,Come On Rain,Steve Holy,43,9,Gains In Performance
2007-02-10,40,Isn't She,Carolina Rain,44,6,Gains In Performance
2007-02-10,41,Our Country,John Mellencamp,42,12,
2007-02-10,42,Bagpipes Cryin',Rushlow Harris,45,9,
2007-02-10,43,Guys Like Me,Eric Church,53,2,Gains In Performance
2007-02-10,44,House Like That,Donovan Chapman,46,4,Gains In Performance
2007-02-10,45,A Different World,Bucky Covington,47,3,Gains In Performance
2007-02-10,46,I Got More,Cole Deggs & The Lonesome,58,2,Gains In Performance
2007-02-10,47,A Country Boy Can Survive (Remix),Hank Williams Jr.,48,4,Gains In Performance
2007-02-10,48,Take It All Out On Me,Mark Wills,54,2,Gains In Performance
2007-02-10,49,More,Rockie Lynne,49,12,Gains In Performance
2007-02-10,50,What I Did Last Night,Catherine Britt,57,2,Gains In Performance
2007-02-10,51,Say Yes,Dusty Drake,NEW,1,Highest ranking debut|Gains In Performance
2007-02-10,52,I Get To,Blue County,51,4,
2007-02-10,53,Lucky Man,Montgomery Gentry,NEW,1,Gains In Performance
2007-02-10,54,Spoken Like A Man,Blaine Larsen,56,4,Gains In Performance
2007-02-10,55,Stealing Kisses,Faith Hill,55,18,
2007-02-10,56,Missing Missouri,Sara Evans,59,6,Gains In Performance
2007-02-10,57,He Believed,Aaron Tippin,NEW,1,Gains In Performance
2007-02-10,58,Broken,Lindsey Haun,RE,15,Gains In Performance
2007-02-10,59,All My Friends Say,Luke Bryan,NEW,1,Gains In Performance
2007-02-10,60,Bomshel Stomp,Bomshel,NEW,1,Gains In Performance
2007-02-17,1,Watching You,Rodney Atkins,1,21,
2007-02-17,2,It Just Comes Natural,George Strait,2,19,Gains In Performance
2007-02-17,3,She's Everything,Brad Paisley,3,24,
2007-02-17,4,Ladies Love Country Boys,Trace Adkins,5,22,Gains In Performance
2007-02-17,5,Amarillo Sky,Jason Aldean,4,32,
2007-02-17,6,Stupid Boy,Keith Urban,6,12,Gains In Performance
2007-02-17,7,Little Bit Of Life,Craig Morgan,9,27,Gains In Performance
2007-02-17,8,Alyssa Lies,Jason Michael Carroll,7,20,Gains In Performance
2007-02-17,9,Anyway,Martina McBride,8,13,Gains In Performance
2007-02-17,10,Beer In Mexico,Kenny Chesney,11,8,Gains In Performance
2007-02-17,11,One Wing In The Fire,Trent Tomlinson,12,35,Gains In Performance
2007-02-17,12,Last Dollar (Fly Away),Tim McGraw,13,6,Gains In Performance
2007-02-17,13,I'll Wait For You,Joe Nichols,14,27,Gains In Performance
2007-02-17,14,Wasted,Carrie Underwood,21,11,Gains In Performance
2007-02-17,15,Settlin',Sugarland,17,6,Gains In Performance
2007-02-17,16,You'll Always Be My Baby,Sara Evans,15,25,
2007-02-17,17,Hillbilly Deluxe,Brooks & Dunn,16,14,Gains In Performance
2007-02-17,18,I Just Came Back (From A War),Darryl Worley,19,21,Gains In Performance
2007-02-17,19,Long Trip Alone,Dierks Bentley,22,12,Gains In Performance
2007-02-17,20,Good As Gone,Little Big Town,20,21,
2007-02-17,21,A Feelin' Like That,Gary Allan,23,16,Gains In Performance
2007-02-17,22,Stand,Rascal Flatts,26,5,Greatest gainer this week|Gains In Performance
2007-02-17,23,Lips Of An Angel,Jack Ingram,24,12,Gains In Performance
2007-02-17,24,A Woman's Love,Alan Jackson,27,7,Gains In Performance
2007-02-17,25,'Fore She Was Mama,Clay Walker,25,21,Gains In Performance
2007-02-17,26,Good Directions,Billy Currington,29,18,Gains In Performance
2007-02-17,27,Me And God,Josh Turner,28,13,Gains In Performance
2007-02-17,28,Moments,Emerson Drive,31,8,Gains In Performance
2007-02-17,29,Don't Make Me,Blake Shelton,33,15,Gains In Performance
2007-02-17,30,I Keep Coming Back,Josh Gracin,30,17,Gains In Performance
2007-02-17,31,Startin' With Me,Jake Owen,34,18,Gains In Performance
2007-02-17,32,Find Out Who Your Friends Are,Tracy Lawrence,32,23,Gains In Performance
2007-02-17,33,Dixie Lullaby,Pat Green,35,17,Gains In Performance
2007-02-17,34,Isn't That Everything,Danielle Peck,36,14,Gains In Performance
2007-02-17,35,Missing You 2007,Alison Krauss And John Waite,37,8,Gains In Performance
2007-02-17,36,Come To Bed,Gretchen Wilson,38,13,
2007-02-17,37,High Maintenance Woman,Toby Keith,NEW,1,Highest ranking debut|Gains In Performance
2007-02-17,38,Come On Rain,Steve Holy,39,10,Gains In Performance
2007-02-17,39,Lucky Man,Montgomery Gentry,53,2,Gains In Performance
2007-02-17,40,Isn't She,Carolina Rain,40,7,Gains In Performance
2007-02-17,41,A Different World,Bucky Covington,45,4,Gains In Performance
2007-02-17,42,Guys Like Me,Eric Church,43,3,Gains In Performance
2007-02-17,43,I Got More,Cole Deggs & The Lonesome,46,3,Gains In Performance
2007-02-17,44,Johnny Cash,Jason Aldean,NEW,1,Gains In Performance
2007-02-17,45,Bagpipes Cryin',Rushlow Harris,42,10,Gains In Performance
2007-02-17,46,House Like That,Donovan Chapman,44,5,
2007-02-17,47,Say Yes,Dusty Drake,51,2,Gains In Performance
2007-02-17,48,Spoken Like A Man,Blaine Larsen,54,5,Gains In Performance
2007-02-17,49,Our Country,John Mellencamp,41,13,
2007-02-17,50,Take It All Out On Me,Mark Wills,48,3,
2007-02-17,51,What I Did Last Night,Catherine Britt,50,3,Gains In Performance
2007-02-17,52,Bomshel Stomp,Bomshel,60,2,Gains In Performance
2007-02-17,53,More,Rockie Lynne,49,13,
2007-02-17,54,All My Friends Say,Luke Bryan,59,2,Gains In Performance
2007-02-17,55,I Get To,Blue County,52,5,
2007-02-17,56,Missing Missouri,Sara Evans,56,7,
2007-02-17,57,Stealing Kisses,Faith Hill,55,19,
2007-02-17,58,Built To Last,Heartland,RE,2,Gains In Performance
2007-02-17,59,That Kind Of Day,Sarah Buxton,NEW,1,Gains In Performance
2007-02-17,60,I Wonder,Kellie Pickler,NEW,1,Gains In Performance
2007-02-24,1,It Just Comes Natural,George Strait,2,20,Gains In Performance
2007-02-24,2,Watching You,Rodney Atkins,1,22,
2007-02-24,3,Ladies Love Country Boys,Trace Adkins,4,23,Gains In Performance
2007-02-24,4,Stupid Boy,Keith Urban,6,13,Gains In Performance
2007-02-24,5,She's Everything,Brad Paisley,3,25,
2007-02-24,6,Alyssa Lies,Jason Michael Carroll,8,21,Gains In Performance
2007-02-24,7,Anyway,Martina McBride,9,14,Gains In Performance
2007-02-24,8,Little Bit Of Life,Craig Morgan,7,28,Gains In Performance
2007-02-24,9,Beer In Mexico,Kenny Chesney,10,9,Gains In Performance
2007-02-24,10,Last Dollar (Fly Away),Tim McGraw,12,7,Gains In Performance
2007-02-24,11,Wasted,Carrie Underwood,14,12,Gains In Performance
2007-02-24,12,I'll Wait For You,Joe Nichols,13,28,Gains In Performance
2007-02-24,13,Settlin',Sugarland,15,7,Gains In Performance
2007-02-24,14,Stand,Rascal Flatts,22,6,Gains In Performance
2007-02-24,15,You'll Always Be My Baby,Sara Evans,16,26,Gains In Performance
2007-02-24,16,Hillbilly Deluxe,Brooks & Dunn,17,15,Gains In Performance
2007-02-24,17,Long Trip Alone,Dierks Bentley,19,13,Gains In Performance
2007-02-24,18,A Feelin' Like That,Gary Allan,21,17,Gains In Performance
2007-02-24,19,Lips Of An Angel,Jack Ingram,23,13,Gains In Performance
2007-02-24,20,A Woman's Love,Alan Jackson,24,8,Gains In Performance
2007-02-24,21,'Fore She Was Mama,Clay Walker,25,22,Gains In Performance
2007-02-24,22,High Maintenance Woman,Toby Keith,37,2,Gains In Performance
2007-02-24,23,Good Directions,Billy Currington,26,19,Gains In Performance
2007-02-24,24,Me And God,Josh Turner,27,14,Gains In Performance
2007-02-24,25,Don't Make Me,Blake Shelton,29,16,Gains In Performance
2007-02-24,26,Moments,Emerson Drive,28,9,Gains In Performance
2007-02-24,27,Find Out Who Your Friends Are,Tracy Lawrence,32,24,Gains In Performance
2007-02-24,28,Startin' With Me,Jake Owen,31,19,Gains In Performance
2007-02-24,29,I Keep Coming Back,Josh Gracin,30,18,Gains In Performance
2007-02-24,30,Dixie Lullaby,Pat Green,33,18,Gains In Performance
2007-02-24,31,Isn't That Everything,Danielle Peck,34,15,Gains In Performance
2007-02-24,32,Come To Bed,Gretchen Wilson,36,14,Gains In Performance
2007-02-24,33,Lucky Man,Montgomery Gentry,39,3,Gains In Performance
2007-02-24,34,Missing You 2007,Alison Krauss And John Waite,35,9,Gains In Performance
2007-02-24,35,Come On Rain,Steve Holy,38,11,Gains In Performance
2007-02-24,36,Isn't She,Carolina Rain,40,8,Gains In Performance
2007-02-24,37,A Different World,Bucky Covington,41,5,Gains In Performance
2007-02-24,38,Guys Like Me,Eric Church,42,4,Gains In Performance
2007-02-24,39,Johnny Cash,Jason Aldean,44,2,Gains In Performance
2007-02-24,40,I Got More,Cole Deggs & The Lonesome,43,4,Gains In Performance
2007-02-24,41,Lost In This Moment,Big & Rich,NEW,1,Highest ranking debut|Gains In Performance
2007-02-24,42,Spoken Like A Man,Blaine Larsen,48,6,Gains In Performance
2007-02-24,43,House Like That,Donovan Chapman,46,6,Gains In Performance
2007-02-24,44,Say Yes,Dusty Drake,47,3,Gains In Performance
2007-02-24,45,What I Did Last Night,Catherine Britt,51,4,Gains In Performance
2007-02-24,46,Teardrops On My Guitar,Taylor Swift,NEW,1,Gains In Performance
2007-02-24,47,Take It All Out On Me,Mark Wills,50,4,Gains In Performance
2007-02-24,48,More,Rockie Lynne,53,14,Gains In Performance
2007-02-24,49,I Wonder,Kellie Pickler,60,2,Gains In Performance
2007-02-24,50,Bagpipes Cryin',Rushlow Harris,45,11,
2007-02-24,51,All My Friends Say,Luke Bryan,54,3,
2007-02-24,52,That Kind Of Day,Sarah Buxton,59,2,Gains In Performance
2007-02-24,53,I Get To,Blue County,55,6,
2007-02-24,54,Our Country,John Mellencamp,49,14,
2007-02-24,55,Missing Missouri,Sara Evans,56,8,Gains In Performance
2007-02-24,56,Nothing To Prove,Lonestar,NEW,1,Gains In Performance
2007-02-24,57,Bomshel Stomp,Bomshel,52,3,
2007-02-24,58,Stealing Kisses,Faith Hill,57,20,
2007-02-24,59,One More Goodbye,Randy Rogers Band,NEW,1,Gains In Performance
2007-02-24,60,Missing Years,Little Texas,NEW,1,Gains In Performance
2007-03-03,1,It Just Comes Natural,George Strait,1,21,
2007-03-03,2,Watching You,Rodney Atkins,2,23,
2007-03-03,3,Ladies Love Country Boys,Trace Adkins,3,24,Gains In Performance
2007-03-03,4,Stupid Boy,Keith Urban,4,14,Gains In Performance
2007-03-03,5,Alyssa Lies,Jason Michael Carroll,6,22,Gains In Performance
2007-03-03,6,Beer In Mexico,Kenny Chesney,9,10,Gains In Performance
2007-03-03,7,Anyway,Martina McBride,7,15,Gains In Performance
2007-03-03,8,Little Bit Of Life,Craig Morgan,8,29,Gains In Performance
2007-03-03,9,Last Dollar (Fly Away),Tim McGraw,10,8,Gains In Performance
2007-03-03,10,Wasted,Carrie Underwood,11,13,Gains In Performance
2007-03-03,11,I'll Wait For You,Joe Nichols,12,29,Gains In Performance
2007-03-03,12,Settlin',Sugarland,13,8,Gains In Performance
2007-03-03,13,Stand,Rascal Flatts,14,7,Gains In Performance
2007-03-03,14,You'll Always Be My Baby,Sara Evans,15,27,Gains In Performance
2007-03-03,15,Long Trip Alone,Dierks Bentley,17,14,Gains In Performance
2007-03-03,16,Hillbilly Deluxe,Brooks & Dunn,16,16,Gains In Performance
2007-03-03,17,A Feelin' Like That,Gary Allan,18,18,Gains In Performance
2007-03-03,18,High Maintenance Woman,Toby Keith,22,3,Gains In Performance
2007-03-03,19,Lips Of An Angel,Jack Ingram,19,14,Gains In Performance
2007-03-03,20,A Woman's Love,Alan Jackson,20,9,Gains In Performance
2007-03-03,21,Good Directions,Billy Currington,23,20,Gains In Performance
2007-03-03,22,'Fore She Was Mama,Clay Walker,21,23,Gains In Performance
2007-03-03,23,Me And God,Josh Turner,24,15,Gains In Performance
2007-03-03,24,Don't Make Me,Blake Shelton,25,17,Gains In Performance
2007-03-03,25,Moments,Emerson Drive,26,10,Gains In Performance
2007-03-03,26,Find Out Who Your Friends Are,Tracy Lawrence,27,25,Gains In Performance
2007-03-03,27,Startin' With Me,Jake Owen,28,20,Gains In Performance
2007-03-03,28,I Keep Coming Back,Josh Gracin,29,19,Gains In Performance
2007-03-03,29,Dixie Lullaby,Pat Green,30,19,Gains In Performance
2007-03-03,30,Isn't That Everything,Danielle Peck,31,16,Gains In Performance
2007-03-03,31,Lucky Man,Montgomery Gentry,33,4,Gains In Performance
2007-03-03,32,Johnny Cash,Jason Aldean,39,3,Gains In Performance
2007-03-03,33,Lost In This Moment,Big & Rich,41,2,Gains In Performance
2007-03-03,34,Come To Bed,Gretchen Wilson,32,15,Gains In Performance
2007-03-03,35,A Different World,Bucky Covington,37,6,Gains In Performance
2007-03-03,36,Missing You 2007,Alison Krauss And John Waite,34,10,
2007-03-03,37,Isn't She,Carolina Rain,36,9,Gains In Performance
2007-03-03,38,Come On Rain,Steve Holy,35,12,Gains In Performance
2007-03-03,39,Guys Like Me,Eric Church,38,5,Gains In Performance
2007-03-03,40,I Got More,Cole Deggs & The Lonesome,40,5,Gains In Performance
2007-03-03,41,Teardrops On My Guitar,Taylor Swift,46,2,Gains In Performance
2007-03-03,42,House Like That,Donovan Chapman,43,7,Gains In Performance
2007-03-03,43,I Wonder,Kellie Pickler,49,3,Gains In Performance
2007-03-03,44,Say Yes,Dusty Drake,44,4,Gains In Performance
2007-03-03,45,Spoken Like A Man,Blaine Larsen,42,7,Gains In Performance
2007-03-03,46,What I Did Last Night,Catherine Britt,45,5,Gains In Performance
2007-03-03,47,Take It All Out On Me,Mark Wills,47,5,Gains In Performance
2007-03-03,48,That Kind Of Day,Sarah Buxton,52,3,Gains In Performance
2007-03-03,49,More,Rockie Lynne,48,15,Gains In Performance
2007-03-03,50,All My Friends Say,Luke Bryan,51,4,Gains In Performance
2007-03-03,51,Nothing To Prove,Lonestar,56,2,Gains In Performance
2007-03-03,52,Missing Missouri,Sara Evans,55,9,Gains In Performance
2007-03-03,53,A Little More You,Little Big Town,NEW,1,Highest ranking debut|Gains In Performance
2007-03-03,54,I Get To,Blue County,53,7,
2007-03-03,55,Bomshel Stomp,Bomshel,57,4,Gains In Performance
2007-03-03,56,One More Goodbye,Randy Rogers Band,59,2,Gains In Performance
2007-03-03,57,Flat On The Floor,Katrina Elam,NEW,1,Gains In Performance
2007-03-03,58,He Believed,Aaron Tippin,RE,2,Gains In Performance
2007-03-03,59,I Love Women (My Momma Can't Stand),Jerrod Niemann,NEW,1,Gains In Performance
2007-03-03,60,Livin' Our Love Song,Jason Michael Carroll,NEW,1,Gains In Performance
2007-03-10,1,Ladies Love Country Boys,Trace Adkins,3,25,Gains In Performance
2007-03-10,2,Watching You,Rodney Atkins,2,24,
2007-03-10,3,Stupid Boy,Keith Urban,4,15,
2007-03-10,4,It Just Comes Natural,George Strait,1,22,
2007-03-10,5,Beer In Mexico,Kenny Chesney,6,11,Gains In Performance
2007-03-10,6,Alyssa Lies,Jason Michael Carroll,5,23,
2007-03-10,7,Last Dollar (Fly Away),Tim McGraw,9,9,Gains In Performance
2007-03-10,8,Wasted,Carrie Underwood,10,14,Gains In Performance
2007-03-10,9,Anyway,Martina McBride,7,16,
2007-03-10,10,Little Bit Of Life,Craig Morgan,8,30,
2007-03-10,11,Settlin',Sugarland,12,9,Gains In Performance
2007-03-10,12,Stand,Rascal Flatts,13,8,Greatest gainer this week|Gains In Performance
2007-03-10,13,I'll Wait For You,Joe Nichols,11,30,Gains In Performance
2007-03-10,14,High Maintenance Woman,Toby Keith,18,4,Gains In Performance
2007-03-10,15,You'll Always Be My Baby,Sara Evans,14,28,Gains In Performance
2007-03-10,16,Long Trip Alone,Dierks Bentley,15,15,Gains In Performance
2007-03-10,17,Hillbilly Deluxe,Brooks & Dunn,16,17,Gains In Performance
2007-03-10,18,A Feelin' Like That,Gary Allan,17,19,Gains In Performance
2007-03-10,19,Lips Of An Angel,Jack Ingram,19,15,Gains In Performance
2007-03-10,20,A Woman's Love,Alan Jackson,20,10,Gains In Performance
2007-03-10,21,Good Directions,Billy Currington,21,21,Gains In Performance
2007-03-10,22,'Fore She Was Mama,Clay Walker,22,24,Gains In Performance
2007-03-10,23,Me And God,Josh Turner,23,16,Gains In Performance
2007-03-10,24,Moments,Emerson Drive,25,11,Gains In Performance
2007-03-10,25,Don't Make Me,Blake Shelton,24,18,Gains In Performance
2007-03-10,26,Find Out Who Your Friends Are,Tracy Lawrence,26,26,Gains In Performance
2007-03-10,27,Startin' With Me,Jake Owen,27,21,Gains In Performance
2007-03-10,28,I Keep Coming Back,Josh Gracin,28,20,Gains In Performance
2007-03-10,29,Lucky Man,Montgomery Gentry,31,5,Gains In Performance
2007-03-10,30,Dixie Lullaby,Pat Green,29,20,Gains In Performance
2007-03-10,31,Isn't That Everything,Danielle Peck,30,17,Gains In Performance
2007-03-10,32,Lost In This Moment,Big & Rich,33,3,Gains In Performance
2007-03-10,33,Johnny Cash,Jason Aldean,32,4,Gains In Performance
2007-03-10,34,A Different World,Bucky Covington,35,7,Gains In Performance
2007-03-10,35,Come To Bed,Gretchen Wilson,34,16,Gains In Performance
2007-03-10,36,Guys Like Me,Eric Church,39,6,Gains In Performance
2007-03-10,37,Isn't She,Carolina Rain,37,10,Gains In Performance
2007-03-10,38,Come On Rain,Steve Holy,38,13,Gains In Performance
2007-03-10,39,Missing You 2007,Alison Krauss And John Waite,36,11,
2007-03-10,40,I Got More,Cole Deggs & The Lonesome,40,6,Gains In Performance
2007-03-10,41,Teardrops On My Guitar,Taylor Swift,41,3,Gains In Performance
2007-03-10,42,I Wonder,Kellie Pickler,43,4,Gains In Performance
2007-03-10,43,House Like That,Donovan Chapman,42,8,Gains In Performance
2007-03-10,44,That Kind Of Day,Sarah Buxton,48,4,Gains In Performance
2007-03-10,45,Spoken Like A Man,Blaine Larsen,45,8,Gains In Performance
2007-03-10,46,Say Yes,Dusty Drake,44,5,
2007-03-10,47,Take It All Out On Me,Mark Wills,47,6,Gains In Performance
2007-03-10,48,What I Did Last Night,Catherine Britt,46,6,
2007-03-10,49,All My Friends Say,Luke Bryan,50,5,Gains In Performance
2007-03-10,50,A Little More You,Little Big Town,53,2,Gains In Performance
2007-03-10,51,Nothing To Prove,Lonestar,51,3,Gains In Performance
2007-03-10,52,More,Rockie Lynne,49,16,
2007-03-10,53,I Get To,Blue County,54,8,Gains In Performance
2007-03-10,54,One More Goodbye,Randy Rogers Band,56,3,Gains In Performance
2007-03-10,55,He Believed,Aaron Tippin,58,3,Gains In Performance
2007-03-10,56,Our Country,John Mellencamp,RE,15,Gains In Performance
2007-03-10,57,Missing Missouri,Sara Evans,52,10,
2007-03-10,58,Bomshel Stomp,Bomshel,55,5,
2007-03-10,59,Calling Me,Kenny Rogers Featuring Don Henley,NEW,1,Highest ranking debut|Gains In Performance
2007-03-10,60,Flat On The Floor,Katrina Elam,57,2,
2007-03-17,1,Ladies Love Country Boys,Trace Adkins,1,26,Gains In Performance
2007-03-17,2,Beer In Mexico,Kenny Chesney,5,12,Gains In Performance
2007-03-17,3,Watching You,Rodney Atkins,2,25,
2007-03-17,4,Stupid Boy,Keith Urban,3,16,Gains In Performance
2007-03-17,5,Last Dollar (Fly Away),Tim McGraw,7,10,Gains In Performance
2007-03-17,6,Anyway,Martina McBride,9,17,Gains In Performance
2007-03-17,7,Wasted,Carrie Underwood,8,15,Gains In Performance
2007-03-17,8,Stand,Rascal Flatts,12,9,Greatest gainer this week|Gains In Performance
2007-03-17,9,Settlin',Sugarland,11,10,Gains In Performance
2007-03-17,10,Alyssa Lies,Jason Michael Carroll,6,24,
2007-03-17,11,I'll Wait For You,Joe Nichols,13,31,Gains In Performance
2007-03-17,12,High Maintenance Woman,Toby Keith,14,5,Gains In Performance
2007-03-17,13,Long Trip Alone,Dierks Bentley,16,16,Gains In Performance
2007-03-17,14,A Feelin' Like That,Gary Allan,18,20,Gains In Performance
2007-03-17,15,You'll Always Be My Baby,Sara Evans,15,29,Gains In Performance
2007-03-17,16,Hillbilly Deluxe,Brooks & Dunn,17,18,Gains In Performance
2007-03-17,17,Good Directions,Billy Currington,21,22,Gains In Performance
2007-03-17,18,A Woman's Love,Alan Jackson,20,11,Gains In Performance
2007-03-17,19,Lips Of An Angel,Jack Ingram,19,16,Gains In Performance
2007-03-17,20,Me And God,Josh Turner,23,17,Gains In Performance
2007-03-17,21,Don't Make Me,Blake Shelton,25,19,Gains In Performance
2007-03-17,22,'Fore She Was Mama,Clay Walker,22,25,Gains In Performance
2007-03-17,23,Moments,Emerson Drive,24,12,Gains In Performance
2007-03-17,24,Find Out Who Your Friends Are,Tracy Lawrence,26,27,Gains In Performance
2007-03-17,25,Lucky Man,Montgomery Gentry,29,6,Gains In Performance
2007-03-17,26,Dixie Lullaby,Pat Green,30,21,Gains In Performance
2007-03-17,27,Startin' With Me,Jake Owen,27,22,Gains In Performance
2007-03-17,28,I Keep Coming Back,Josh Gracin,28,21,Gains In Performance
2007-03-17,29,Lost In This Moment,Big & Rich,32,4,Gains In Performance
2007-03-17,30,Johnny Cash,Jason Aldean,33,5,Gains In Performance
2007-03-17,31,Isn't That Everything,Danielle Peck,31,18,Gains In Performance
2007-03-17,32,A Different World,Bucky Covington,34,8,Gains In Performance
2007-03-17,33,Come To Bed,Gretchen Wilson,35,17,Gains In Performance
2007-03-17,34,Guys Like Me,Eric Church,36,7,Gains In Performance
2007-03-17,35,Teardrops On My Guitar,Taylor Swift,41,4,Gains In Performance
2007-03-17,36,Isn't She,Carolina Rain,37,11,Gains In Performance
2007-03-17,37,I Wonder,Kellie Pickler,42,5,Gains In Performance
2007-03-17,38,Missing You 2007,Alison Krauss And John Waite,39,12,Gains In Performance
2007-03-17,39,Come On Rain,Steve Holy,38,14,Gains In Performance
2007-03-17,40,I Got More,Cole Deggs & The Lonesome,40,7,Gains In Performance
2007-03-17,41,That Kind Of Day,Sarah Buxton,44,5,Gains In Performance
2007-03-17,42,House Like That,Donovan Chapman,43,9,Gains In Performance
2007-03-17,43,Say Yes,Dusty Drake,46,6,Gains In Performance
2007-03-17,44,A Little More You,Little Big Town,50,3,Gains In Performance
2007-03-17,45,Spoken Like A Man,Blaine Larsen,45,9,
2007-03-17,46,What I Did Last Night,Catherine Britt,48,7,Gains In Performance
2007-03-17,47,Take It All Out On Me,Mark Wills,47,7,
2007-03-17,48,All My Friends Say,Luke Bryan,49,6,Gains In Performance
2007-03-17,49,More,Rockie Lynne,52,17,Gains In Performance
2007-03-17,50,Ticks,Brad Paisley,NEW,1,Highest ranking debut|Gains In Performance
2007-03-17,51,Nothing To Prove,Lonestar,51,4,
2007-03-17,52,Flat On The Floor,Katrina Elam,60,3,Gains In Performance
2007-03-17,53,Tennessee,The Wreckers,NEW,1,Gains In Performance
2007-03-17,54,Tough,Craig Morgan,NEW,1,Gains In Performance
2007-03-17,55,Bomshel Stomp,Bomshel,58,6,Gains In Performance
2007-03-17,56,Calling Me,Kenny Rogers Featuring Don Henley,59,2,Gains In Performance
2007-03-17,57,Missing Missouri,Sara Evans,57,11,Gains In Performance
2007-03-17,58,One More Goodbye,Randy Rogers Band,54,4,
2007-03-17,59,Separate Ways,Rick Trevino,NEW,1,Gains In Performance
2007-03-17,60,He Believed,Aaron Tippin,55,4,Gains In Performance
2007-03-24,1,Beer In Mexico,Kenny Chesney,2,13,Gains In Performance
2007-03-24,2,Last Dollar (Fly Away),Tim McGraw,5,11,Gains In Performance
2007-03-24,3,Ladies Love Country Boys,Trace Adkins,1,27,
2007-03-24,4,Stupid Boy,Keith Urban,4,17,
2007-03-24,5,Watching You,Rodney Atkins,3,26,
2007-03-24,6,Wasted,Carrie Underwood,7,16,Gains In Performance
2007-03-24,7,Anyway,Martina McBride,6,18,Gains In Performance
2007-03-24,8,Stand,Rascal Flatts,8,10,Gains In Performance
2007-03-24,9,Settlin',Sugarland,9,11,Gains In Performance
2007-03-24,10,I'll Wait For You,Joe Nichols,11,32,Gains In Performance
2007-03-24,11,High Maintenance Woman,Toby Keith,12,6,Gains In Performance
2007-03-24,12,Long Trip Alone,Dierks Bentley,13,17,Gains In Performance
2007-03-24,13,You'll Always Be My Baby,Sara Evans,15,30,Gains In Performance
2007-03-24,14,A Feelin' Like That,Gary Allan,14,21,Gains In Performance
2007-03-24,15,Good Directions,Billy Currington,17,23,Gains In Performance
2007-03-24,16,Hillbilly Deluxe,Brooks & Dunn,16,19,
2007-03-24,17,A Woman's Love,Alan Jackson,18,12,Gains In Performance
2007-03-24,18,Lips Of An Angel,Jack Ingram,19,17,Gains In Performance
2007-03-24,19,Moments,Emerson Drive,23,13,Gains In Performance
2007-03-24,20,Me And God,Josh Turner,20,18,Gains In Performance
2007-03-24,21,Don't Make Me,Blake Shelton,21,20,Gains In Performance
2007-03-24,22,'Fore She Was Mama,Clay Walker,22,26,Gains In Performance
2007-03-24,23,Find Out Who Your Friends Are,Tracy Lawrence,24,28,Gains In Performance
2007-03-24,24,Lucky Man,Montgomery Gentry,25,7,Gains In Performance
2007-03-24,25,Startin' With Me,Jake Owen,27,23,Gains In Performance
2007-03-24,26,Lost In This Moment,Big & Rich,29,5,Gains In Performance
2007-03-24,27,Dixie Lullaby,Pat Green,26,22,Gains In Performance
2007-03-24,28,I Keep Coming Back,Josh Gracin,28,22,Gains In Performance
2007-03-24,29,Johnny Cash,Jason Aldean,30,6,Gains In Performance
2007-03-24,30,Ticks,Brad Paisley,50,2,Gains In Performance
2007-03-24,31,Isn't That Everything,Danielle Peck,31,19,Gains In Performance
2007-03-24,32,A Different World,Bucky Covington,32,9,Gains In Performance
2007-03-24,33,Teardrops On My Guitar,Taylor Swift,35,5,Gains In Performance
2007-03-24,34,Guys Like Me,Eric Church,34,8,Gains In Performance
2007-03-24,35,I Wonder,Kellie Pickler,37,6,Gains In Performance
2007-03-24,36,Come To Bed,Gretchen Wilson,33,18,
2007-03-24,37,Isn't She,Carolina Rain,36,12,Gains In Performance
2007-03-24,38,I Got More,Cole Deggs & The Lonesome,40,8,Gains In Performance
2007-03-24,39,Come On Rain,Steve Holy,39,15,
2007-03-24,40,That Kind Of Day,Sarah Buxton,41,6,Gains In Performance
2007-03-24,41,Missing You 2007,Alison Krauss And John Waite,38,13,
2007-03-24,42,Wrapped,George Strait,NEW,1,Highest ranking debut|Gains In Performance
2007-03-24,43,All My Friends Say,Luke Bryan,48,7,Gains In Performance
2007-03-24,44,Say Yes,Dusty Drake,43,7,Gains In Performance
2007-03-24,45,House Like That,Donovan Chapman,42,10,Gains In Performance
2007-03-24,46,A Little More You,Little Big Town,44,4,Gains In Performance
2007-03-24,47,Spoken Like A Man,Blaine Larsen,45,10,Gains In Performance
2007-03-24,48,What I Did Last Night,Catherine Britt,46,8,Gains In Performance
2007-03-24,49,Tennessee,The Wreckers,53,2,Gains In Performance
2007-03-24,50,Tough,Craig Morgan,54,2,Gains In Performance
2007-03-24,51,Dirty Girl,Terri Clark,NEW,1,Gains In Performance
2007-03-24,52,Take It All Out On Me,Mark Wills,47,8,
2007-03-24,53,Calling Me,Kenny Rogers Featuring Don Henley,56,3,Gains In Performance
2007-03-24,54,She Ain't Right,Lee Brice,NEW,1,Gains In Performance
2007-03-24,55,Bomshel Stomp,Bomshel,55,7,Gains In Performance
2007-03-24,56,I Get To,Blue County,RE,9,Gains In Performance
2007-03-24,57,These Are My People,Rodney Atkins,NEW,1,Gains In Performance
2007-03-24,58,One More Goodbye,Randy Rogers Band,58,5,Gains In Performance
2007-03-24,59,More,Rockie Lynne,49,18,
2007-03-24,60,Livin' Our Love Song,Jason Michael Carroll,RE,2,Gains In Performance
2007-03-31,1,Beer In Mexico,Kenny Chesney,1,14,Gains In Performance
2007-03-31,2,Last Dollar (Fly Away),Tim McGraw,2,12,Gains In Performance
2007-03-31,3,Wasted,Carrie Underwood,6,17,Gains In Performance
2007-03-31,4,Stupid Boy,Keith Urban,4,18,
2007-03-31,5,Anyway,Martina McBride,7,19,Gains In Performance
2007-03-31,6,Stand,Rascal Flatts,8,11,Gains In Performance
2007-03-31,7,Ladies Love Country Boys,Trace Adkins,3,28,
2007-03-31,8,Settlin',Sugarland,9,12,Gains In Performance
2007-03-31,9,Watching You,Rodney Atkins,5,27,
2007-03-31,10,I'll Wait For You,Joe Nichols,10,33,Gains In Performance
2007-03-31,11,High Maintenance Woman,Toby Keith,11,7,Gains In Performance
2007-03-31,12,Long Trip Alone,Dierks Bentley,12,18,Gains In Performance
2007-03-31,13,Good Directions,Billy Currington,15,24,Gains In Performance
2007-03-31,14,A Feelin' Like That,Gary Allan,14,22,Gains In Performance
2007-03-31,15,A Woman's Love,Alan Jackson,17,13,Gains In Performance
2007-03-31,16,Hillbilly Deluxe,Brooks & Dunn,16,20,
2007-03-31,17,Lips Of An Angel,Jack Ingram,18,18,Gains In Performance
2007-03-31,18,Moments,Emerson Drive,19,14,Gains In Performance
2007-03-31,19,Me And God,Josh Turner,20,19,Gains In Performance
2007-03-31,20,Don't Make Me,Blake Shelton,21,21,Gains In Performance
2007-03-31,21,Find Out Who Your Friends Are,Tracy Lawrence,23,29,Gains In Performance
2007-03-31,22,Ticks,Brad Paisley,30,3,Gains In Performance
2007-03-31,23,Lucky Man,Montgomery Gentry,24,8,Gains In Performance
2007-03-31,24,Startin' With Me,Jake Owen,25,24,Gains In Performance
2007-03-31,25,Lost In This Moment,Big & Rich,26,6,Gains In Performance
2007-03-31,26,Dixie Lullaby,Pat Green,27,23,Gains In Performance
2007-03-31,27,Johnny Cash,Jason Aldean,29,7,Gains In Performance
2007-03-31,28,I Keep Coming Back,Josh Gracin,28,23,Gains In Performance
2007-03-31,29,Wrapped,George Strait,42,2,Gains In Performance
2007-03-31,30,Isn't That Everything,Danielle Peck,31,20,Gains In Performance
2007-03-31,31,Teardrops On My Guitar,Taylor Swift,33,6,Gains In Performance
2007-03-31,32,A Different World,Bucky Covington,32,10,Gains In Performance
2007-03-31,33,I Wonder,Kellie Pickler,35,7,Gains In Performance
2007-03-31,34,Guys Like Me,Eric Church,34,9,Gains In Performance
2007-03-31,35,Isn't She,Carolina Rain,37,13,Gains In Performance
2007-03-31,36,Come To Bed,Gretchen Wilson,36,19,
2007-03-31,37,I Got More,Cole Deggs & The Lonesome,38,9,Gains In Performance
2007-03-31,38,That Kind Of Day,Sarah Buxton,40,7,Gains In Performance
2007-03-31,39,A Little More You,Little Big Town,46,5,Gains In Performance
2007-03-31,40,All My Friends Say,Luke Bryan,43,8,Gains In Performance
2007-03-31,41,Missing You 2007,Alison Krauss And John Waite,41,14,
2007-03-31,42,Say Yes,Dusty Drake,44,8,Gains In Performance
2007-03-31,43,Come On Rain,Steve Holy,39,16,
2007-03-31,44,These Are My People,Rodney Atkins,57,2,Gains In Performance
2007-03-31,45,House Like That,Donovan Chapman,45,11,
2007-03-31,46,What I Did Last Night,Catherine Britt,48,9,
2007-03-31,47,Spoken Like A Man,Blaine Larsen,47,11,
2007-03-31,48,Dirty Girl,Terri Clark,51,2,Gains In Performance
2007-03-31,49,Tennessee,The Wreckers,49,3,Gains In Performance
2007-03-31,50,Tough,Craig Morgan,50,3,Gains In Performance
2007-03-31,51,She Ain't Right,Lee Brice,54,2,Gains In Performance
2007-03-31,52,Livin' Our Love Song,Jason Michael Carroll,60,3,Gains In Performance
2007-03-31,53,Bomshel Stomp,Bomshel,55,8,Gains In Performance
2007-03-31,54,Missing Missouri,Sara Evans,RE,12,Gains In Performance
2007-03-31,55,I Get To,Blue County,56,10,Gains In Performance
2007-03-31,56,Calling Me,Kenny Rogers Featuring Don Henley,53,4,
2007-03-31,57,More,Rockie Lynne,59,19,Gains In Performance
2007-03-31,58,Illegals,Cledus T. Judd,NEW,1,Highest ranking debut|Gains In Performance
2007-03-31,59,Last Good Time,Flynnville Train,NEW,1,Gains In Performance
2007-03-31,60,Take It All Out On Me,Mark Wills,52,9,
2007-04-07,1,Beer In Mexico,Kenny Chesney,1,15,Gains In Performance
2007-04-07,2,Last Dollar (Fly Away),Tim McGraw,2,13,Gains In Performance
2007-04-07,3,Wasted,Carrie Underwood,3,18,Gains In Performance
2007-04-07,4,Stand,Rascal Flatts,6,12,Gains In Performance
2007-04-07,5,Anyway,Martina McBride,5,20,Gains In Performance
2007-04-07,6,Settlin',Sugarland,8,13,Gains In Performance
2007-04-07,7,I'll Wait For You,Joe Nichols,10,34,Gains In Performance
2007-04-07,8,Ladies Love Country Boys,Trace Adkins,7,29,
2007-04-07,9,High Maintenance Woman,Toby Keith,11,8,Gains In Performance
2007-04-07,10,Stupid Boy,Keith Urban,4,19,
2007-04-07,11,Long Trip Alone,Dierks Bentley,12,19,Gains In Performance
2007-04-07,12,Good Directions,Billy Currington,13,25,Gains In Performance
2007-04-07,13,A Feelin' Like That,Gary Allan,14,23,Gains In Performance
2007-04-07,14,A Woman's Love,Alan Jackson,15,14,Gains In Performance
2007-04-07,15,Moments,Emerson Drive,18,15,Gains In Performance
2007-04-07,16,Lips Of An Angel,Jack Ingram,17,19,Gains In Performance
2007-04-07,17,Ticks,Brad Paisley,22,4,Gains In Performance
2007-04-07,18,Me And God,Josh Turner,19,20,Gains In Performance
2007-04-07,19,Don't Make Me,Blake Shelton,20,22,Gains In Performance
2007-04-07,20,Find Out Who Your Friends Are,Tracy Lawrence,21,30,Gains In Performance
2007-04-07,21,Lucky Man,Montgomery Gentry,23,9,Gains In Performance
2007-04-07,22,Startin' With Me,Jake Owen,24,25,Gains In Performance
2007-04-07,23,Wrapped,George Strait,29,3,Gains In Performance
2007-04-07,24,Lost In This Moment,Big & Rich,25,7,Gains In Performance
2007-04-07,25,Johnny Cash,Jason Aldean,27,8,Gains In Performance
2007-04-07,26,Dixie Lullaby,Pat Green,26,24,Gains In Performance
2007-04-07,27,Teardrops On My Guitar,Taylor Swift,31,7,Gains In Performance
2007-04-07,28,A Different World,Bucky Covington,32,11,Gains In Performance
2007-04-07,29,Guys Like Me,Eric Church,34,10,Gains In Performance
2007-04-07,30,I Wonder,Kellie Pickler,33,8,Gains In Performance
2007-04-07,31,Isn't She,Carolina Rain,35,14,Gains In Performance
2007-04-07,32,I Got More,Cole Deggs & The Lonesome,37,10,Gains In Performance
2007-04-07,33,That Kind Of Day,Sarah Buxton,38,8,Gains In Performance
2007-04-07,34,All My Friends Say,Luke Bryan,40,9,Gains In Performance
2007-04-07,35,A Little More You,Little Big Town,39,6,Gains In Performance
2007-04-07,36,These Are My People,Rodney Atkins,44,3,Gains In Performance
2007-04-07,37,Tough,Craig Morgan,50,4,Gains In Performance
2007-04-07,38,Missing You 2007,Alison Krauss And John Waite,41,15,
2007-04-07,39,(You Want To) Make A Memory,Bon Jovi,NEW,1,Highest ranking debut|Gains In Performance
2007-04-07,40,Come To Bed,Gretchen Wilson,36,20,
2007-04-07,41,Say Yes,Dusty Drake,42,9,
2007-04-07,42,What I Did Last Night,Catherine Britt,46,10,Gains In Performance
2007-04-07,43,Tennessee,The Wreckers,49,4,Gains In Performance
2007-04-07,44,Come On Rain,Steve Holy,43,17,
2007-04-07,45,Livin' Our Love Song,Jason Michael Carroll,52,4,Gains In Performance
2007-04-07,46,She Ain't Right,Lee Brice,51,3,Gains In Performance
2007-04-07,47,House Like That,Donovan Chapman,45,12,
2007-04-07,48,Dirty Girl,Terri Clark,48,3,
2007-04-07,49,Last Good Time,Flynnville Train,59,2,Gains In Performance
2007-04-07,50,Bomshel Stomp,Bomshel,53,9,Gains In Performance
2007-04-07,51,More,Rockie Lynne,57,20,Gains In Performance
2007-04-07,52,Just Might Have Her Radio On,Trent Tomlinson,NEW,1,Gains In Performance
2007-04-07,53,Calling Me,Kenny Rogers Featuring Don Henley,56,5,Gains In Performance
2007-04-07,54,Famous In A Small Town,Miranda Lambert,NEW,1,Gains In Performance
2007-04-07,55,Spoken Like A Man,Blaine Larsen,47,12,
2007-04-07,56,Suspicions,Tim McGraw,NEW,1,Gains In Performance
2007-04-07,57,Missing Years,Little Texas,RE,2,Gains In Performance
2007-04-07,58,Missing Missouri,Sara Evans,54,13,
2007-04-07,59,Fall,Clay Walker,NEW,1,Gains In Performance
2007-04-07,60,Daisy,Halfway to Hazard,NEW,1,Gains In Performance
2007-04-14,1,Last Dollar (Fly Away),Tim McGraw,2,14,Gains In Performance
2007-04-14,2,Wasted,Carrie Underwood,3,19,Gains In Performance
2007-04-14,3,Beer In Mexico,Kenny Chesney,1,16,
2007-04-14,4,Stand,Rascal Flatts,4,13,Gains In Performance
2007-04-14,5,Settlin',Sugarland,6,14,Gains In Performance
2007-04-14,6,Anyway,Martina McBride,5,21,Gains In Performance
2007-04-14,7,I'll Wait For You,Joe Nichols,7,35,Gains In Performance
2007-04-14,8,High Maintenance Woman,Toby Keith,9,9,Gains In Performance
2007-04-14,9,Good Directions,Billy Currington,12,26,Gains In Performance
2007-04-14,10,Long Trip Alone,Dierks Bentley,11,20,Gains In Performance
2007-04-14,11,A Woman's Love,Alan Jackson,14,15,Gains In Performance
2007-04-14,12,A Feelin' Like That,Gary Allan,13,24,Gains In Performance
2007-04-14,13,Moments,Emerson Drive,15,16,Gains In Performance
2007-04-14,14,Ticks,Brad Paisley,17,5,Gains In Performance
2007-04-14,15,Stupid Boy,Keith Urban,10,20,
2007-04-14,16,Lips Of An Angel,Jack Ingram,16,20,Gains In Performance
2007-04-14,17,Find Out Who Your Friends Are,Tracy Lawrence,20,31,Gains In Performance
2007-04-14,18,Me And God,Josh Turner,18,21,Gains In Performance
2007-04-14,19,Don't Make Me,Blake Shelton,19,23,Gains In Performance
2007-04-14,20,Wrapped,George Strait,23,4,Greatest gainer this week|Gains In Performance
2007-04-14,21,Lucky Man,Montgomery Gentry,21,10,Gains In Performance
2007-04-14,22,Startin' With Me,Jake Owen,22,26,Gains In Performance
2007-04-14,23,Lost In This Moment,Big & Rich,24,8,Gains In Performance
2007-04-14,24,Johnny Cash,Jason Aldean,25,9,Gains In Performance
2007-04-14,25,Dixie Lullaby,Pat Green,26,25,
2007-04-14,26,Teardrops On My Guitar,Taylor Swift,27,8,Gains In Performance
2007-04-14,27,A Different World,Bucky Covington,28,12,Gains In Performance
2007-04-14,28,I Wonder,Kellie Pickler,30,9,Gains In Performance
2007-04-14,29,Guys Like Me,Eric Church,29,11,Gains In Performance
2007-04-14,30,These Are My People,Rodney Atkins,36,4,Gains In Performance
2007-04-14,31,Isn't She,Carolina Rain,31,15,Gains In Performance
2007-04-14,32,That Kind Of Day,Sarah Buxton,33,9,Gains In Performance
2007-04-14,33,I Got More,Cole Deggs & The Lonesome,32,11,Gains In Performance
2007-04-14,34,All My Friends Say,Luke Bryan,34,10,Gains In Performance
2007-04-14,35,Tough,Craig Morgan,37,5,Gains In Performance
2007-04-14,36,A Little More You,Little Big Town,35,7,Gains In Performance
2007-04-14,37,Say Yes,Dusty Drake,41,10,Gains In Performance
2007-04-14,38,Tennessee,The Wreckers,43,5,Gains In Performance
2007-04-14,39,Dirty Girl,Terri Clark,48,4,Gains In Performance
2007-04-14,40,Livin' Our Love Song,Jason Michael Carroll,45,5,Gains In Performance
2007-04-14,41,Missing You 2007,Alison Krauss And John Waite,38,16,
2007-04-14,42,(You Want To) Make A Memory,Bon Jovi,39,2,
2007-04-14,43,What I Did Last Night,Catherine Britt,42,11,
2007-04-14,44,She Ain't Right,Lee Brice,46,4,Gains In Performance
2007-04-14,45,Just Might Have Her Radio On,Trent Tomlinson,52,2,Gains In Performance
2007-04-14,46,Bomshel Stomp,Bomshel,50,10,Gains In Performance
2007-04-14,47,Last Good Time,Flynnville Train,49,3,Gains In Performance
2007-04-14,48,I Need You,Tim McGraw With Faith Hill,NEW,1,Highest ranking debut|Gains In Performance
2007-04-14,49,Famous In A Small Town,Miranda Lambert,54,2,Gains In Performance
2007-04-14,50,God Don't Make Mistakes,Jamie O'Neal,NEW,1,Gains In Performance
2007-04-14,51,You're Gonna Love Me,Chris Young,NEW,1,Gains In Performance
2007-04-14,52,I Wanna Feel Something,Trace Adkins,NEW,1,Gains In Performance
2007-04-14,53,Fall,Clay Walker,59,2,Gains In Performance
2007-04-14,54,Missing Years,Little Texas,57,3,Gains In Performance
2007-04-14,55,Come On Rain,Steve Holy,44,18,
2007-04-14,56,House Like That,Donovan Chapman,47,13,
2007-04-14,57,More,Rockie Lynne,51,21,Gains In Performance
2007-04-14,58,Spoken Like A Man,Blaine Larsen,55,13,
2007-04-14,59,Calling Me,Kenny Rogers Featuring Don Henley,53,6,
2007-04-14,60,Suspicions,Tim McGraw,56,2,
2007-04-21,1,Wasted,Carrie Underwood,2,20,Gains In Performance
2007-04-21,2,Last Dollar (Fly Away),Tim McGraw,1,15,Gains In Performance
2007-04-21,3,Beer In Mexico,Kenny Chesney,3,17,
2007-04-21,4,Stand,Rascal Flatts,4,14,Gains In Performance
2007-04-21,5,Settlin',Sugarland,5,15,Gains In Performance
2007-04-21,6,Anyway,Martina McBride,6,22,Gains In Performance
2007-04-21,7,I'll Wait For You,Joe Nichols,7,36,Gains In Performance
2007-04-21,8,High Maintenance Woman,Toby Keith,8,10,Gains In Performance
2007-04-21,9,Good Directions,Billy Currington,9,27,Greatest gainer this week|Gains In Performance
2007-04-21,10,A Woman's Love,Alan Jackson,11,16,Gains In Performance
2007-04-21,11,Long Trip Alone,Dierks Bentley,10,21,Gains In Performance
2007-04-21,12,A Feelin' Like That,Gary Allan,12,25,Gains In Performance
2007-04-21,13,Ticks,Brad Paisley,14,6,Gains In Performance
2007-04-21,14,Moments,Emerson Drive,13,17,Gains In Performance
2007-04-21,15,Find Out Who Your Friends Are,Tracy Lawrence,17,32,Gains In Performance
2007-04-21,16,Wrapped,George Strait,20,5,Gains In Performance
2007-04-21,17,Lucky Man,Montgomery Gentry,21,11,Gains In Performance
2007-04-21,18,Me And God,Josh Turner,18,22,Gains In Performance
2007-04-21,19,Don't Make Me,Blake Shelton,19,24,Gains In Performance
2007-04-21,20,Lost In This Moment,Big & Rich,23,9,Gains In Performance
2007-04-21,21,Startin' With Me,Jake Owen,22,27,Gains In Performance
2007-04-21,22,Johnny Cash,Jason Aldean,24,10,Gains In Performance
2007-04-21,23,Teardrops On My Guitar,Taylor Swift,26,9,Gains In Performance
2007-04-21,24,Dixie Lullaby,Pat Green,25,26,Gains In Performance
2007-04-21,25,A Different World,Bucky Covington,27,13,Gains In Performance
2007-04-21,26,I Wonder,Kellie Pickler,28,10,Gains In Performance
2007-04-21,27,Guys Like Me,Eric Church,29,12,Gains In Performance
2007-04-21,28,These Are My People,Rodney Atkins,30,5,Gains In Performance
2007-04-21,29,Tough,Craig Morgan,35,6,Gains In Performance
2007-04-21,30,That Kind Of Day,Sarah Buxton,32,10,Gains In Performance
2007-04-21,31,Isn't She,Carolina Rain,31,16,Gains In Performance
2007-04-21,32,I Got More,Cole Deggs & The Lonesome,33,12,Gains In Performance
2007-04-21,33,All My Friends Say,Luke Bryan,34,11,Gains In Performance
2007-04-21,34,A Little More You,Little Big Town,36,8,Gains In Performance
2007-04-21,35,(You Want To) Make A Memory,Bon Jovi,42,3,Gains In Performance
2007-04-21,36,Say Yes,Dusty Drake,37,11,Gains In Performance
2007-04-21,37,Tennessee,The Wreckers,38,6,Gains In Performance
2007-04-21,38,Dirty Girl,Terri Clark,39,5,Gains In Performance
2007-04-21,39,Missing You 2007,Alison Krauss And John Waite,41,17,Gains In Performance
2007-04-21,40,What I Did Last Night,Catherine Britt,43,12,Gains In Performance
2007-04-21,41,Livin' Our Love Song,Jason Michael Carroll,40,6,Gains In Performance
2007-04-21,42,She Ain't Right,Lee Brice,44,5,Gains In Performance
2007-04-21,43,Just Might Have Her Radio On,Trent Tomlinson,45,3,Gains In Performance
2007-04-21,44,Fall,Clay Walker,53,3,Gains In Performance
2007-04-21,45,Missing Years,Little Texas,54,4,Gains In Performance
2007-04-21,46,Famous In A Small Town,Miranda Lambert,49,3,Gains In Performance
2007-04-21,47,God Don't Make Mistakes,Jamie O'Neal,50,2,Gains In Performance
2007-04-21,48,Last Good Time,Flynnville Train,47,4,Gains In Performance
2007-04-21,49,What You Give Away,Vince Gill With Sheryl Crow,NEW,1,Highest ranking debut|Gains In Performance
2007-04-21,50,I Need You,Tim McGraw With Faith Hill,48,2,Gains In Performance
2007-04-21,51,Daisy,Halfway to Hazard,RE,2,Gains In Performance
2007-04-21,52,I Wanna Feel Something,Trace Adkins,52,2,Gains In Performance
2007-04-21,53,You're Gonna Love Me,Chris Young,51,2,Gains In Performance
2007-04-21,54,Bomshel Stomp,Bomshel,46,11,
2007-04-21,55,The Americans,John Mellencamp,NEW,1,Gains In Performance
2007-04-21,56,Spoken Like A Man,Blaine Larsen,58,14,Gains In Performance
2007-04-21,57,Calling Me,Kenny Rogers Featuring Don Henley,59,7,Gains In Performance
2007-04-21,58,All I Need,Donovan Chapman,NEW,1,Gains In Performance
2007-04-21,59,House Like That,Donovan Chapman,56,14,
2007-04-21,60,Good Kind Of Crazy,Amy Dalley,NEW,1,Gains In Performance
2007-04-28,1,Wasted,Carrie Underwood,1,21,Gains In Performance
2007-04-28,2,Stand,Rascal Flatts,4,15,Gains In Performance
2007-04-28,3,Settlin',Sugarland,5,16,Gains In Performance
2007-04-28,4,Last Dollar (Fly Away),Tim McGraw,2,16,
2007-04-28,5,Beer In Mexico,Kenny Chesney,3,18,
2007-04-28,6,Good Directions,Billy Currington,9,28,Greatest gainer this week|Gains In Performance
2007-04-28,7,High Maintenance Woman,Toby Keith,8,11,Gains In Performance
2007-04-28,8,Anyway,Martina McBride,6,23,
2007-04-28,9,A Woman's Love,Alan Jackson,10,17,Gains In Performance
2007-04-28,10,I'll Wait For You,Joe Nichols,7,37,
2007-04-28,11,Ticks,Brad Paisley,13,7,Gains In Performance
2007-04-28,12,Long Trip Alone,Dierks Bentley,11,22,Gains In Performance
2007-04-28,13,Moments,Emerson Drive,14,18,Gains In Performance
2007-04-28,14,A Feelin' Like That,Gary Allan,12,26,Gains In Performance
2007-04-28,15,Find Out Who Your Friends Are,Tracy Lawrence,15,33,Gains In Performance
2007-04-28,16,Wrapped,George Strait,16,6,Gains In Performance
2007-04-28,17,Lucky Man,Montgomery Gentry,17,12,Gains In Performance
2007-04-28,18,Me And God,Josh Turner,18,23,Gains In Performance
2007-04-28,19,Don't Make Me,Blake Shelton,19,25,Gains In Performance
2007-04-28,20,Lost In This Moment,Big & Rich,20,10,Gains In Performance
2007-04-28,21,Startin' With Me,Jake Owen,21,28,Gains In Performance
2007-04-28,22,Johnny Cash,Jason Aldean,22,11,Gains In Performance
2007-04-28,23,Teardrops On My Guitar,Taylor Swift,23,10,Gains In Performance
2007-04-28,24,A Different World,Bucky Covington,25,14,Gains In Performance
2007-04-28,25,Dixie Lullaby,Pat Green,24,27,Gains In Performance
2007-04-28,26,I Wonder,Kellie Pickler,26,11,Gains In Performance
2007-04-28,27,Guys Like Me,Eric Church,27,13,Gains In Performance
2007-04-28,28,These Are My People,Rodney Atkins,28,6,Gains In Performance
2007-04-28,29,Tough,Craig Morgan,29,7,Gains In Performance
2007-04-28,30,Isn't She,Carolina Rain,31,17,Gains In Performance
2007-04-28,31,I Got More,Cole Deggs & The Lonesome,32,13,Gains In Performance
2007-04-28,32,That Kind Of Day,Sarah Buxton,30,11,Gains In Performance
2007-04-28,33,A Little More You,Little Big Town,34,9,Gains In Performance
2007-04-28,34,All My Friends Say,Luke Bryan,33,12,Gains In Performance
2007-04-28,35,Dirty Girl,Terri Clark,38,6,Gains In Performance
2007-04-28,36,Livin' Our Love Song,Jason Michael Carroll,41,7,Gains In Performance
2007-04-28,37,Tennessee,The Wreckers,37,7,Gains In Performance
2007-04-28,38,Say Yes,Dusty Drake,36,12,Gains In Performance
2007-04-28,39,What I Did Last Night,Catherine Britt,40,13,Gains In Performance
2007-04-28,40,(You Want To) Make A Memory,Bon Jovi,35,4,
2007-04-28,41,Just Might Have Her Radio On,Trent Tomlinson,43,4,Gains In Performance
2007-04-28,42,She Ain't Right,Lee Brice,42,6,Gains In Performance
2007-04-28,43,Fall,Clay Walker,44,4,Gains In Performance
2007-04-28,44,I Need You,Tim McGraw With Faith Hill,50,3,Gains In Performance
2007-04-28,45,Missing You 2007,Alison Krauss And John Waite,39,18,
2007-04-28,46,Famous In A Small Town,Miranda Lambert,46,4,Gains In Performance
2007-04-28,47,What You Give Away,Vince Gill With Sheryl Crow,49,2,Gains In Performance
2007-04-28,48,I Wanna Feel Something,Trace Adkins,52,3,Gains In Performance
2007-04-28,49,Daisy,Halfway to Hazard,51,3,Gains In Performance
2007-04-28,50,God Don't Make Mistakes,Jamie O'Neal,47,3,Gains In Performance
2007-04-28,51,Last Good Time,Flynnville Train,48,5,Gains In Performance
2007-04-28,52,Missing Years,Little Texas,45,5,
2007-04-28,53,I Told You So,Keith Urban,NEW,1,Highest ranking debut|Gains In Performance
2007-04-28,54,Measure Of A Man,Jack Ingram,NEW,1,Gains In Performance
2007-04-28,55,You're Gonna Love Me,Chris Young,53,3,
2007-04-28,56,Bomshel Stomp,Bomshel,54,12,
2007-04-28,57,One More Goodbye,Randy Rogers Band,RE,6,Gains In Performance
2007-04-28,58,All I Need,Donovan Chapman,58,2,Gains In Performance
2007-04-28,59,Livin' In The Here And Now,Darryl Worley,NEW,1,Gains In Performance
2007-04-28,60,Spoken Like A Man,Blaine Larsen,56,15,
2007-05-05,1,Wasted,Carrie Underwood,1,22,
2007-05-05,2,Stand,Rascal Flatts,2,16,Gains In Performance
2007-05-05,3,Settlin',Sugarland,3,17,Gains In Performance
2007-05-05,4,Good Directions,Billy Currington,6,29,Gains In Performance
2007-05-05,5,High Maintenance Woman,Toby Keith,7,12,Gains In Performance
2007-05-05,6,Last Dollar (Fly Away),Tim McGraw,4,17,
2007-05-05,7,Beer In Mexico,Kenny Chesney,5,19,
2007-05-05,8,Ticks,Brad Paisley,11,8,Gains In Performance
2007-05-05,9,A Woman's Love,Alan Jackson,9,18,Gains In Performance
2007-05-05,10,Moments,Emerson Drive,13,19,Gains In Performance
2007-05-05,11,Long Trip Alone,Dierks Bentley,12,23,Gains In Performance
2007-05-05,12,A Feelin' Like That,Gary Allan,14,27,Gains In Performance
2007-05-05,13,Find Out Who Your Friends Are,Tracy Lawrence,15,34,Gains In Performance
2007-05-05,14,Wrapped,George Strait,16,7,Gains In Performance
2007-05-05,15,Lucky Man,Montgomery Gentry,17,13,Gains In Performance
2007-05-05,16,Me And God,Josh Turner,18,24,Gains In Performance
2007-05-05,17,Don't Make Me,Blake Shelton,19,26,Gains In Performance
2007-05-05,18,Lost In This Moment,Big & Rich,20,11,Gains In Performance
2007-05-05,19,Startin' With Me,Jake Owen,21,29,Gains In Performance
2007-05-05,20,Johnny Cash,Jason Aldean,22,12,Gains In Performance
2007-05-05,21,Teardrops On My Guitar,Taylor Swift,23,11,Gains In Performance
2007-05-05,22,A Different World,Bucky Covington,24,15,Gains In Performance
2007-05-05,23,These Are My People,Rodney Atkins,28,7,Gains In Performance
2007-05-05,24,Dixie Lullaby,Pat Green,25,28,Gains In Performance
2007-05-05,25,I Wonder,Kellie Pickler,26,12,Gains In Performance
2007-05-05,26,Guys Like Me,Eric Church,27,14,Gains In Performance
2007-05-05,27,Tough,Craig Morgan,29,8,Gains In Performance
2007-05-05,28,Isn't She,Carolina Rain,30,18,Gains In Performance
2007-05-05,29,A Little More You,Little Big Town,33,10,Gains In Performance
2007-05-05,30,I Got More,Cole Deggs & The Lonesome,31,14,Gains In Performance
2007-05-05,31,That Kind Of Day,Sarah Buxton,32,12,Gains In Performance
2007-05-05,32,All My Friends Say,Luke Bryan,34,13,Gains In Performance
2007-05-05,33,I Told You So,Keith Urban,53,2,Gains In Performance
2007-05-05,34,Dirty Girl,Terri Clark,35,7,Gains In Performance
2007-05-05,35,Tennessee,The Wreckers,37,8,Gains In Performance
2007-05-05,36,Fall,Clay Walker,43,5,Gains In Performance
2007-05-05,37,Say Yes,Dusty Drake,38,13,Gains In Performance
2007-05-05,38,Livin' Our Love Song,Jason Michael Carroll,36,8,Gains In Performance
2007-05-05,39,(You Want To) Make A Memory,Bon Jovi,40,5,Gains In Performance
2007-05-05,40,I Need You,Tim McGraw With Faith Hill,44,4,Gains In Performance
2007-05-05,41,Just Might Have Her Radio On,Trent Tomlinson,41,5,Gains In Performance
2007-05-05,42,What I Did Last Night,Catherine Britt,39,14,
2007-05-05,43,She Ain't Right,Lee Brice,42,7,Gains In Performance
2007-05-05,44,What You Give Away,Vince Gill With Sheryl Crow,47,3,Gains In Performance
2007-05-05,45,Missing You 2007,Alison Krauss And John Waite,45,19,Gains In Performance
2007-05-05,46,Daisy,Halfway to Hazard,49,4,Gains In Performance
2007-05-05,47,Famous In A Small Town,Miranda Lambert,46,5,Gains In Performance
2007-05-05,48,I Wanna Feel Something,Trace Adkins,48,4,Gains In Performance
2007-05-05,49,Measure Of A Man,Jack Ingram,54,2,Gains In Performance
2007-05-05,50,Missing Years,Little Texas,52,6,Gains In Performance
2007-05-05,51,God Don't Make Mistakes,Jamie O'Neal,50,4,
2007-05-05,52,How I Feel,Martina McBride,NEW,1,Highest ranking debut|Gains In Performance
2007-05-05,53,Last Good Time,Flynnville Train,51,6,Gains In Performance
2007-05-05,54,That Scares Me,Van Zant,NEW,1,Gains In Performance
2007-05-05,55,Livin' In The Here And Now,Darryl Worley,59,2,Gains In Performance
2007-05-05,56,One More Goodbye,Randy Rogers Band,57,7,Gains In Performance
2007-05-05,57,You're Gonna Love Me,Chris Young,55,4,Gains In Performance
2007-05-05,58,All I Need,Donovan Chapman,58,3,Gains In Performance
2007-05-05,59,Spoken Like A Man,Blaine Larsen,60,16,Gains In Performance
2007-05-05,60,Calling Me,Kenny Rogers Featuring Don Henley,RE,8,Gains In Performance
2007-05-12,1,Stand,Rascal Flatts,2,17,Gains In Performance
2007-05-12,2,Settlin',Sugarland,3,18,Gains In Performance
2007-05-12,3,Wasted,Carrie Underwood,1,23,
2007-05-12,4,Good Directions,Billy Currington,4,30,Gains In Performance
2007-05-12,5,High Maintenance Woman,Toby Keith,5,13,Gains In Performance
2007-05-12,6,A Woman's Love,Alan Jackson,9,19,Gains In Performance
2007-05-12,7,Moments,Emerson Drive,10,20,Gains In Performance
2007-05-12,8,Ticks,Brad Paisley,8,9,Gains In Performance
2007-05-12,9,Find Out Who Your Friends Are,Tracy Lawrence,13,35,Gains In Performance
2007-05-12,10,Last Dollar (Fly Away),Tim McGraw,6,18,
2007-05-12,11,Long Trip Alone,Dierks Bentley,11,24,Gains In Performance
2007-05-12,12,Beer In Mexico,Kenny Chesney,7,20,
2007-05-12,13,Wrapped,George Strait,14,8,Gains In Performance
2007-05-12,14,Lucky Man,Montgomery Gentry,15,14,Gains In Performance
2007-05-12,15,Don't Make Me,Blake Shelton,17,27,Gains In Performance
2007-05-12,16,Me And God,Josh Turner,16,25,
2007-05-12,17,Lost In This Moment,Big & Rich,18,12,Gains In Performance
2007-05-12,18,Startin' With Me,Jake Owen,19,30,Gains In Performance
2007-05-12,19,Johnny Cash,Jason Aldean,20,13,Gains In Performance
2007-05-12,20,Teardrops On My Guitar,Taylor Swift,21,12,Gains In Performance
2007-05-12,21,A Different World,Bucky Covington,22,16,Gains In Performance
2007-05-12,22,These Are My People,Rodney Atkins,23,8,Gains In Performance
2007-05-12,23,Guys Like Me,Eric Church,26,15,Gains In Performance
2007-05-12,24,I Wonder,Kellie Pickler,25,13,Gains In Performance
2007-05-12,25,Tough,Craig Morgan,27,9,Gains In Performance
2007-05-12,26,I Told You So,Keith Urban,33,3,Gains In Performance
2007-05-12,27,Isn't She,Carolina Rain,28,19,Gains In Performance
2007-05-12,28,A Little More You,Little Big Town,29,11,Gains In Performance
2007-05-12,29,All My Friends Say,Luke Bryan,32,14,Gains In Performance
2007-05-12,30,I Got More,Cole Deggs & The Lonesome,30,15,Gains In Performance
2007-05-12,31,That Kind Of Day,Sarah Buxton,31,13,Gains In Performance
2007-05-12,32,Dirty Girl,Terri Clark,34,8,Gains In Performance
2007-05-12,33,I Need You,Tim McGraw With Faith Hill,40,5,Gains In Performance
2007-05-12,34,Livin' Our Love Song,Jason Michael Carroll,38,9,Gains In Performance
2007-05-12,35,Fall,Clay Walker,36,6,Gains In Performance
2007-05-12,36,Tennessee,The Wreckers,35,9,Gains In Performance
2007-05-12,37,Say Yes,Dusty Drake,37,14,Gains In Performance
2007-05-12,38,(You Want To) Make A Memory,Bon Jovi,39,6,
2007-05-12,39,Just Might Have Her Radio On,Trent Tomlinson,41,6,Gains In Performance
2007-05-12,40,I Wanna Feel Something,Trace Adkins,48,5,Gains In Performance
2007-05-12,41,She Ain't Right,Lee Brice,43,8,Gains In Performance
2007-05-12,42,What I Did Last Night,Catherine Britt,42,15,
2007-05-12,43,Measure Of A Man,Jack Ingram,49,3,Gains In Performance
2007-05-12,44,What You Give Away,Vince Gill With Sheryl Crow,44,4,Gains In Performance
2007-05-12,45,How I Feel,Martina McBride,52,2,Gains In Performance
2007-05-12,46,Famous In A Small Town,Miranda Lambert,47,6,Gains In Performance
2007-05-12,47,Last Good Time,Flynnville Train,53,7,Gains In Performance
2007-05-12,48,Daisy,Halfway to Hazard,46,5,
2007-05-12,49,Missing You 2007,Alison Krauss And John Waite,45,20,
2007-05-12,50,I'll Stand By You,Carrie Underwood,NEW,1,Highest ranking debut|Gains In Performance
2007-05-12,51,Missing Years,Little Texas,50,7,
2007-05-12,52,You're Gonna Love Me,Chris Young,57,5,Gains In Performance
2007-05-12,53,One More Goodbye,Randy Rogers Band,56,8,Gains In Performance
2007-05-12,54,Livin' In The Here And Now,Darryl Worley,55,3,Gains In Performance
2007-05-12,55,That Scares Me,Van Zant,54,2,
2007-05-12,56,God Don't Make Mistakes,Jamie O'Neal,51,5,
2007-05-12,57,Spoken Like A Man,Blaine Larsen,59,17,Gains In Performance
2007-05-12,58,All I Need,Donovan Chapman,58,4,Gains In Performance
2007-05-12,59,One Of The Boys,Gretchen Wilson,NEW,1,Gains In Performance
2007-05-12,60,You Never Take Me Dancing,Travis Tritt,NEW,1,Gains In Performance
2007-05-19,1,Settlin',Sugarland,2,19,Gains In Performance
2007-05-19,2,Stand,Rascal Flatts,1,18,
2007-05-19,3,Good Directions,Billy Currington,4,31,Gains In Performance
2007-05-19,4,Wasted,Carrie Underwood,3,24,
2007-05-19,5,High Maintenance Woman,Toby Keith,5,14,Gains In Performance
2007-05-19,6,Moments,Emerson Drive,7,21,Gains In Performance
2007-05-19,7,A Woman's Love,Alan Jackson,6,20,Gains In Performance
2007-05-19,8,Ticks,Brad Paisley,8,10,Gains In Performance
2007-05-19,9,Find Out Who Your Friends Are,Tracy Lawrence,9,36,Gains In Performance
2007-05-19,10,Long Trip Alone,Dierks Bentley,11,25,
2007-05-19,11,Lucky Man,Montgomery Gentry,14,15,Gains In Performance
2007-05-19,12,Wrapped,George Strait,13,9,Gains In Performance
2007-05-19,13,Last Dollar (Fly Away),Tim McGraw,10,19,
2007-05-19,14,Don't Make Me,Blake Shelton,15,28,Gains In Performance
2007-05-19,15,Lost In This Moment,Big & Rich,17,13,Gains In Performance
2007-05-19,16,Me And God,Josh Turner,16,26,Gains In Performance
2007-05-19,17,Startin' With Me,Jake Owen,18,31,Gains In Performance
2007-05-19,18,Johnny Cash,Jason Aldean,19,14,Gains In Performance
2007-05-19,19,A Different World,Bucky Covington,21,17,Gains In Performance
2007-05-19,20,Teardrops On My Guitar,Taylor Swift,20,13,Gains In Performance
2007-05-19,21,I Told You So,Keith Urban,26,4,Greatest gainer this week|Gains In Performance
2007-05-19,22,These Are My People,Rodney Atkins,22,9,Gains In Performance
2007-05-19,23,I Wonder,Kellie Pickler,24,14,Gains In Performance
2007-05-19,24,Guys Like Me,Eric Church,23,16,Gains In Performance
2007-05-19,25,Tough,Craig Morgan,25,10,Gains In Performance
2007-05-19,26,I Need You,Tim McGraw With Faith Hill,33,6,Gains In Performance
2007-05-19,27,A Little More You,Little Big Town,28,12,Gains In Performance
2007-05-19,28,Isn't She,Carolina Rain,27,20,Gains In Performance
2007-05-19,29,All My Friends Say,Luke Bryan,29,15,Gains In Performance
2007-05-19,30,That Kind Of Day,Sarah Buxton,31,14,Gains In Performance
2007-05-19,31,I Got More,Cole Deggs & The Lonesome,30,16,Gains In Performance
2007-05-19,32,Dirty Girl,Terri Clark,32,9,Gains In Performance
2007-05-19,33,Livin' Our Love Song,Jason Michael Carroll,34,10,Gains In Performance
2007-05-19,34,Fall,Clay Walker,35,7,Gains In Performance
2007-05-19,35,Tennessee,The Wreckers,36,10,Gains In Performance
2007-05-19,36,Say Yes,Dusty Drake,37,15,Gains In Performance
2007-05-19,37,How I Feel,Martina McBride,45,3,Gains In Performance
2007-05-19,38,Famous In A Small Town,Miranda Lambert,46,7,Gains In Performance
2007-05-19,39,I Wanna Feel Something,Trace Adkins,40,6,Gains In Performance
2007-05-19,40,Just Might Have Her Radio On,Trent Tomlinson,39,7,Gains In Performance
2007-05-19,41,She Ain't Right,Lee Brice,41,9,Gains In Performance
2007-05-19,42,Measure Of A Man,Jack Ingram,43,4,Gains In Performance
2007-05-19,43,What You Give Away,Vince Gill With Sheryl Crow,44,5,
2007-05-19,44,(You Want To) Make A Memory,Bon Jovi,38,7,
2007-05-19,45,What I Did Last Night,Catherine Britt,42,16,
2007-05-19,46,One Of The Boys,Gretchen Wilson,59,2,Gains In Performance
2007-05-19,47,Daisy,Halfway to Hazard,48,6,Gains In Performance
2007-05-19,48,That Scares Me,Van Zant,55,3,Gains In Performance
2007-05-19,49,Missing You 2007,Alison Krauss And John Waite,49,21,Gains In Performance
2007-05-19,50,Another Side Of You,Joe Nichols,NEW,1,Highest ranking debut|Gains In Performance
2007-05-19,51,Missing Years,Little Texas,51,8,Gains In Performance
2007-05-19,52,Last Good Time,Flynnville Train,47,8,
2007-05-19,53,I'll Stand By You,Carrie Underwood,50,2,Gains In Performance
2007-05-19,54,God Don't Make Mistakes,Jamie O'Neal,56,6,Gains In Performance
2007-05-19,55,Livin' In The Here And Now,Darryl Worley,54,4,Gains In Performance
2007-05-19,56,You're Gonna Love Me,Chris Young,52,6,
2007-05-19,57,The One In The Middle,Sarah Johns,NEW,1,Gains In Performance
2007-05-19,58,I Get To,Blue County,RE,11,Gains In Performance
2007-05-19,59,Spoken Like A Man,Blaine Larsen,57,18,
2007-05-19,60,All I Need,Donovan Chapman,58,5,
2007-05-26,1,Good Directions,Billy Currington,3,32,Gains In Performance
2007-05-26,2,Settlin',Sugarland,1,20,
2007-05-26,3,Moments,Emerson Drive,6,22,Gains In Performance
2007-05-26,4,High Maintenance Woman,Toby Keith,5,15,Gains In Performance
2007-05-26,5,Stand,Rascal Flatts,2,19,
2007-05-26,6,Ticks,Brad Paisley,8,11,Gains In Performance
2007-05-26,7,A Woman's Love,Alan Jackson,7,21,Gains In Performance
2007-05-26,8,Find Out Who Your Friends Are,Tracy Lawrence,9,37,Gains In Performance
2007-05-26,9,Wasted,Carrie Underwood,4,25,
2007-05-26,10,Lucky Man,Montgomery Gentry,11,16,Gains In Performance
2007-05-26,11,Wrapped,George Strait,12,10,Gains In Performance
2007-05-26,12,Lost In This Moment,Big & Rich,15,14,Gains In Performance
2007-05-26,13,Don't Make Me,Blake Shelton,14,29,Gains In Performance
2007-05-26,14,I Told You So,Keith Urban,21,5,Gains In Performance
2007-05-26,15,Startin' With Me,Jake Owen,17,32,Gains In Performance
2007-05-26,16,Johnny Cash,Jason Aldean,18,15,Gains In Performance
2007-05-26,17,Last Dollar (Fly Away),Tim McGraw,13,20,
2007-05-26,18,Teardrops On My Guitar,Taylor Swift,20,14,Gains In Performance
2007-05-26,19,A Different World,Bucky Covington,19,18,Gains In Performance
2007-05-26,20,These Are My People,Rodney Atkins,22,10,Gains In Performance
2007-05-26,21,I Need You,Tim McGraw With Faith Hill,26,7,Gains In Performance
2007-05-26,22,I Wonder,Kellie Pickler,23,15,Gains In Performance
2007-05-26,23,Tough,Craig Morgan,25,11,Gains In Performance
2007-05-26,24,Guys Like Me,Eric Church,24,17,Gains In Performance
2007-05-26,25,A Little More You,Little Big Town,27,13,Gains In Performance
2007-05-26,26,All My Friends Say,Luke Bryan,29,16,Gains In Performance
2007-05-26,27,Isn't She,Carolina Rain,28,21,Gains In Performance
2007-05-26,28,I Got More,Cole Deggs & The Lonesome,31,17,Gains In Performance
2007-05-26,29,That Kind Of Day,Sarah Buxton,30,15,
2007-05-26,30,Livin' Our Love Song,Jason Michael Carroll,33,11,Gains In Performance
2007-05-26,31,Dirty Girl,Terri Clark,32,10,Gains In Performance
2007-05-26,32,I Wanna Feel Something,Trace Adkins,39,7,Gains In Performance
2007-05-26,33,Fall,Clay Walker,34,8,Gains In Performance
2007-05-26,34,Tennessee,The Wreckers,35,11,Gains In Performance
2007-05-26,35,How I Feel,Martina McBride,37,4,Gains In Performance
2007-05-26,36,Say Yes,Dusty Drake,36,16,Gains In Performance
2007-05-26,37,Measure Of A Man,Jack Ingram,42,5,Gains In Performance
2007-05-26,38,Famous In A Small Town,Miranda Lambert,38,8,Gains In Performance
2007-05-26,39,Just Might Have Her Radio On,Trent Tomlinson,40,8,Gains In Performance
2007-05-26,40,She Ain't Right,Lee Brice,41,10,Gains In Performance
2007-05-26,41,One Of The Boys,Gretchen Wilson,46,3,Gains In Performance
2007-05-26,42,I'll Stand By You,Carrie Underwood,53,3,Gains In Performance
2007-05-26,43,Daisy,Halfway to Hazard,47,7,Gains In Performance
2007-05-26,44,Another Side Of You,Joe Nichols,50,2,Gains In Performance
2007-05-26,45,(You Want To) Make A Memory,Bon Jovi,44,8,
2007-05-26,46,What You Give Away,Vince Gill With Sheryl Crow,43,6,
2007-05-26,47,What I Did Last Night,Catherine Britt,45,17,
2007-05-26,48,Last Good Time,Flynnville Train,52,9,Gains In Performance
2007-05-26,49,Missing Years,Little Texas,51,9,Gains In Performance
2007-05-26,50,God Don't Make Mistakes,Jamie O'Neal,54,7,Gains In Performance
2007-05-26,51,You're Gonna Love Me,Chris Young,56,7,Gains In Performance
2007-05-26,52,You Never Take Me Dancing,Travis Tritt,RE,2,Gains In Performance
2007-05-26,53,That Scares Me,Van Zant,48,4,
2007-05-26,54,The One In The Middle,Sarah Johns,57,2,Gains In Performance
2007-05-26,55,Sunday Morning In America,Keith Anderson,NEW,1,Highest ranking debut|Gains In Performance
2007-05-26,56,Livin' In The Here And Now,Darryl Worley,55,5,
2007-05-26,57,Last Train Running,Whiskey Falls,NEW,1,Gains In Performance
2007-05-26,58,All I Need,Donovan Chapman,60,6,Gains In Performance
2007-05-26,59,Spoken Like A Man,Blaine Larsen,59,19,Gains In Performance
2007-05-26,60,I Get To,Blue County,58,12,
2007-06-02,1,Good Directions,Billy Currington,1,33,Gains In Performance
2007-06-02,2,Moments,Emerson Drive,3,23,Gains In Performance
2007-06-02,3,High Maintenance Woman,Toby Keith,4,16,Gains In Performance
2007-06-02,4,Ticks,Brad Paisley,6,12,Gains In Performance
2007-06-02,5,A Woman's Love,Alan Jackson,7,22,Gains In Performance
2007-06-02,6,Find Out Who Your Friends Are,Tracy Lawrence,8,38,Gains In Performance
2007-06-02,7,Settlin',Sugarland,2,21,
2007-06-02,8,Stand,Rascal Flatts,5,20,
2007-06-02,9,Wrapped,George Strait,11,11,Gains In Performance
2007-06-02,10,Lucky Man,Montgomery Gentry,10,17,Gains In Performance
2007-06-02,11,I Told You So,Keith Urban,14,6,Greatest gainer this week|Gains In Performance
2007-06-02,12,Lost In This Moment,Big & Rich,12,15,Gains In Performance
2007-06-02,13,Don't Make Me,Blake Shelton,13,30,Gains In Performance
2007-06-02,14,Startin' With Me,Jake Owen,15,33,Gains In Performance
2007-06-02,15,Johnny Cash,Jason Aldean,16,16,Gains In Performance
2007-06-02,16,Teardrops On My Guitar,Taylor Swift,18,15,Gains In Performance
2007-06-02,17,I Need You,Tim McGraw With Faith Hill,21,8,Gains In Performance
2007-06-02,18,A Different World,Bucky Covington,19,19,Gains In Performance
2007-06-02,19,These Are My People,Rodney Atkins,20,11,Gains In Performance
2007-06-02,20,I Wonder,Kellie Pickler,22,16,Gains In Performance
2007-06-02,21,Tough,Craig Morgan,23,12,Gains In Performance
2007-06-02,22,Guys Like Me,Eric Church,24,18,Gains In Performance
2007-06-02,23,A Little More You,Little Big Town,25,14,Gains In Performance
2007-06-02,24,All My Friends Say,Luke Bryan,26,17,Gains In Performance
2007-06-02,25,I Got More,Cole Deggs & The Lonesome,28,18,Gains In Performance
2007-06-02,26,That Kind Of Day,Sarah Buxton,29,16,Gains In Performance
2007-06-02,27,Isn't She,Carolina Rain,27,22,
2007-06-02,28,Livin' Our Love Song,Jason Michael Carroll,30,12,Gains In Performance
2007-06-02,29,How I Feel,Martina McBride,35,5,Gains In Performance
2007-06-02,30,Dirty Girl,Terri Clark,31,11,Gains In Performance
2007-06-02,31,I Wanna Feel Something,Trace Adkins,32,8,Gains In Performance
2007-06-02,32,Fall,Clay Walker,33,9,Gains In Performance
2007-06-02,33,Tennessee,The Wreckers,34,12,Gains In Performance
2007-06-02,34,Measure Of A Man,Jack Ingram,37,6,Gains In Performance
2007-06-02,35,If You're Reading This,Tim McGraw,NEW,1,Highest ranking debut|Gains In Performance
2007-06-02,36,Famous In A Small Town,Miranda Lambert,38,9,Gains In Performance
2007-06-02,37,Say Yes,Dusty Drake,36,17,Gains In Performance
2007-06-02,38,Just Might Have Her Radio On,Trent Tomlinson,39,9,Gains In Performance
2007-06-02,39,One Of The Boys,Gretchen Wilson,41,4,Gains In Performance
2007-06-02,40,She Ain't Right,Lee Brice,40,11,Gains In Performance
2007-06-02,41,Another Side Of You,Joe Nichols,44,3,Gains In Performance
2007-06-02,42,Because Of You,Reba McEntire Duet With Kelly Clarkson,NEW,1,Gains In Performance
2007-06-02,43,I'll Stand By You,Carrie Underwood,42,4,Gains In Performance
2007-06-02,44,Daisy,Halfway to Hazard,43,8,Gains In Performance
2007-06-02,45,Everyday America,Sugarland,NEW,1,Gains In Performance
2007-06-02,46,Sunday Morning In America,Keith Anderson,55,2,Gains In Performance
2007-06-02,47,What You Give Away,Vince Gill With Sheryl Crow,46,7,Gains In Performance
2007-06-02,48,Lost,Faith Hill,NEW,1,Gains In Performance
2007-06-02,49,You're Gonna Love Me,Chris Young,51,8,Gains In Performance
2007-06-02,50,Missing Years,Little Texas,49,10,Gains In Performance
2007-06-02,51,You Never Take Me Dancing,Travis Tritt,52,3,Gains In Performance
2007-06-02,52,That Scares Me,Van Zant,53,5,Gains In Performance
2007-06-02,53,What I Did Last Night,Catherine Britt,47,18,
2007-06-02,54,God Don't Make Mistakes,Jamie O'Neal,50,8,
2007-06-02,55,Last Good Time,Flynnville Train,48,10,
2007-06-02,56,The One In The Middle,Sarah Johns,54,3,Gains In Performance
2007-06-02,57,Last Train Running,Whiskey Falls,57,2,Gains In Performance
2007-06-02,58,All I Need,Donovan Chapman,58,7,Gains In Performance
2007-06-02,59,Days Of Thunder,Mark Wills,NEW,1,Gains In Performance
2007-06-02,60,Livin' In The Here And Now,Darryl Worley,56,6,
2007-06-09,1,Good Directions,Billy Currington,1,34,
2007-06-09,2,Moments,Emerson Drive,2,24,Gains In Performance
2007-06-09,3,Ticks,Brad Paisley,4,13,Gains In Performance
2007-06-09,4,Find Out Who Your Friends Are,Tracy Lawrence,6,39,Gains In Performance
2007-06-09,5,High Maintenance Woman,Toby Keith,3,17,
2007-06-09,6,A Woman's Love,Alan Jackson,5,23,Gains In Performance
2007-06-09,7,Lucky Man,Montgomery Gentry,10,18,Greatest gainer this week|Gains In Performance
2007-06-09,8,Wrapped,George Strait,9,12,Gains In Performance
2007-06-09,9,Lost In This Moment,Big & Rich,12,16,Gains In Performance
2007-06-09,10,Stand,Rascal Flatts,8,21,
2007-06-09,11,I Told You So,Keith Urban,11,7,Gains In Performance
2007-06-09,12,Don't Make Me,Blake Shelton,13,31,Gains In Performance
2007-06-09,13,Startin' With Me,Jake Owen,14,34,Gains In Performance
2007-06-09,14,Johnny Cash,Jason Aldean,15,17,Gains In Performance
2007-06-09,15,Teardrops On My Guitar,Taylor Swift,16,16,Gains In Performance
2007-06-09,16,I Need You,Tim McGraw With Faith Hill,17,9,Gains In Performance
2007-06-09,17,A Different World,Bucky Covington,18,20,Gains In Performance
2007-06-09,18,These Are My People,Rodney Atkins,19,12,Gains In Performance
2007-06-09,19,I Wonder,Kellie Pickler,20,17,Gains In Performance
2007-06-09,20,Tough,Craig Morgan,21,13,Gains In Performance
2007-06-09,21,Guys Like Me,Eric Church,22,19,
2007-06-09,22,A Little More You,Little Big Town,23,15,Gains In Performance
2007-06-09,23,All My Friends Say,Luke Bryan,24,18,Gains In Performance
2007-06-09,24,Livin' Our Love Song,Jason Michael Carroll,28,13,Gains In Performance
2007-06-09,25,I Got More,Cole Deggs & The Lonesome,25,19,Gains In Performance
2007-06-09,26,Isn't She,Carolina Rain,27,23,Gains In Performance
2007-06-09,27,How I Feel,Martina McBride,29,6,Gains In Performance
2007-06-09,28,That Kind Of Day,Sarah Buxton,26,17,
2007-06-09,29,If You're Reading This,Tim McGraw,35,2,Gains In Performance
2007-06-09,30,I Wanna Feel Something,Trace Adkins,31,9,Gains In Performance
2007-06-09,31,Because Of You,Reba McEntire Duet With Kelly Clarkson,42,2,Gains In Performance
2007-06-09,32,Dirty Girl,Terri Clark,30,12,
2007-06-09,33,Fall,Clay Walker,32,10,Gains In Performance
2007-06-09,34,Measure Of A Man,Jack Ingram,34,7,Gains In Performance
2007-06-09,35,Famous In A Small Town,Miranda Lambert,36,10,Gains In Performance
2007-06-09,36,Tennessee,The Wreckers,33,13,
2007-06-09,37,Everyday America,Sugarland,45,2,Gains In Performance
2007-06-09,38,Just Might Have Her Radio On,Trent Tomlinson,38,10,Gains In Performance
2007-06-09,39,Say Yes,Dusty Drake,37,18,
2007-06-09,40,One Of The Boys,Gretchen Wilson,39,5,Gains In Performance
2007-06-09,41,She Ain't Right,Lee Brice,40,12,
2007-06-09,42,Another Side Of You,Joe Nichols,41,4,Gains In Performance
2007-06-09,43,I'll Stand By You,Carrie Underwood,43,5,Gains In Performance
2007-06-09,44,Lost,Faith Hill,48,2,Gains In Performance
2007-06-09,45,Daisy,Halfway to Hazard,44,9,Gains In Performance
2007-06-09,46,You Never Take Me Dancing,Travis Tritt,51,4,Gains In Performance
2007-06-09,47,Sunday Morning In America,Keith Anderson,46,3,
2007-06-09,48,You're Gonna Love Me,Chris Young,49,9,Gains In Performance
2007-06-09,49,This Is My Life,Phil Vassar,NEW,1,Highest ranking debut|Gains In Performance
2007-06-09,50,Last Train Running,Whiskey Falls,57,3,Gains In Performance
2007-06-09,51,What You Give Away,Vince Gill With Sheryl Crow,47,8,
2007-06-09,52,That Scares Me,Van Zant,52,6,Gains In Performance
2007-06-09,53,Missing Years,Little Texas,50,11,
2007-06-09,54,The One In The Middle,Sarah Johns,56,4,Gains In Performance
2007-06-09,55,Free And Easy (Down The Road I Go),Dierks Bentley,NEW,1,Gains In Performance
2007-06-09,56,God Don't Make Mistakes,Jamie O'Neal,54,9,
2007-06-09,57,Days Of Thunder,Mark Wills,59,2,Gains In Performance
2007-06-09,58,All I Need,Donovan Chapman,58,8,
2007-06-09,59,A Soldier's Prayer,Collin Raye,NEW,1,Gains In Performance
2007-06-09,60,Men Buy The Drinks (Girls Call The Shots),Steve Holy,NEW,1,Gains In Performance
2007-06-16,1,Moments,Emerson Drive,2,25,Gains In Performance
2007-06-16,2,Ticks,Brad Paisley,3,14,Gains In Performance
2007-06-16,3,Good Directions,Billy Currington,1,35,
2007-06-16,4,Find Out Who Your Friends Are,Tracy Lawrence,4,40,Gains In Performance
2007-06-16,5,A Woman's Love,Alan Jackson,6,24,Gains In Performance
2007-06-16,6,Lucky Man,Montgomery Gentry,7,19,Gains In Performance
2007-06-16,7,High Maintenance Woman,Toby Keith,5,18,
2007-06-16,8,Wrapped,George Strait,8,13,Gains In Performance
2007-06-16,9,Lost In This Moment,Big & Rich,9,17,Gains In Performance
2007-06-16,10,I Told You So,Keith Urban,11,8,Gains In Performance
2007-06-16,11,Startin' With Me,Jake Owen,13,35,Gains In Performance
2007-06-16,12,Johnny Cash,Jason Aldean,14,18,Gains In Performance
2007-06-16,13,Teardrops On My Guitar,Taylor Swift,15,17,Gains In Performance
2007-06-16,14,I Need You,Tim McGraw With Faith Hill,16,10,Gains In Performance
2007-06-16,15,A Different World,Bucky Covington,17,21,Gains In Performance
2007-06-16,16,These Are My People,Rodney Atkins,18,13,Gains In Performance
2007-06-16,17,Tough,Craig Morgan,20,14,Gains In Performance
2007-06-16,18,I Wonder,Kellie Pickler,19,18,Gains In Performance
2007-06-16,19,Guys Like Me,Eric Church,21,20,Gains In Performance
2007-06-16,20,A Little More You,Little Big Town,22,16,Gains In Performance
2007-06-16,21,If You're Reading This,Tim McGraw,29,3,Gains In Performance
2007-06-16,22,All My Friends Say,Luke Bryan,23,19,Gains In Performance
2007-06-16,23,Livin' Our Love Song,Jason Michael Carroll,24,14,Gains In Performance
2007-06-16,24,How I Feel,Martina McBride,27,7,Gains In Performance
2007-06-16,25,Because Of You,Reba McEntire Duet With Kelly Clarkson,31,3,Gains In Performance
2007-06-16,26,Isn't She,Carolina Rain,26,24,Gains In Performance
2007-06-16,27,I Got More,Cole Deggs & The Lonesome,25,20,Gains In Performance
2007-06-16,28,I Wanna Feel Something,Trace Adkins,30,10,Gains In Performance
2007-06-16,29,That Kind Of Day,Sarah Buxton,28,18,
2007-06-16,30,Dirty Girl,Terri Clark,32,13,Gains In Performance
2007-06-16,31,Everyday America,Sugarland,37,3,Gains In Performance
2007-06-16,32,Fall,Clay Walker,33,11,Gains In Performance
2007-06-16,33,Measure Of A Man,Jack Ingram,34,8,Gains In Performance
2007-06-16,34,Famous In A Small Town,Miranda Lambert,35,11,Gains In Performance
2007-06-16,35,One Of The Boys,Gretchen Wilson,40,6,Gains In Performance
2007-06-16,36,Just Might Have Her Radio On,Trent Tomlinson,38,11,Gains In Performance
2007-06-16,37,Never Wanted Nothing More,Kenny Chesney,NEW,1,Gains In Performance
2007-06-16,38,Another Side Of You,Joe Nichols,42,5,Gains In Performance
2007-06-16,39,Tennessee,The Wreckers,36,14,Gains In Performance
2007-06-16,40,Say Yes,Dusty Drake,39,19,Gains In Performance
2007-06-16,41,She Ain't Right,Lee Brice,41,13,Gains In Performance
2007-06-16,42,I'll Stand By You,Carrie Underwood,43,6,Gains In Performance
2007-06-16,43,Lost,Faith Hill,44,3,Gains In Performance
2007-06-16,44,Sunday Morning In America,Keith Anderson,47,4,Gains In Performance
2007-06-16,45,Daisy,Halfway to Hazard,45,10,Gains In Performance
2007-06-16,46,You Never Take Me Dancing,Travis Tritt,46,5,Gains In Performance
2007-06-16,47,Free And Easy (Down The Road I Go),Dierks Bentley,55,2,Gains In Performance
2007-06-16,48,Proud Of The House We Built,Brooks & Dunn,NEW,1,Gains In Performance
2007-06-16,49,This Is My Life,Phil Vassar,49,2,Gains In Performance
2007-06-16,50,That Scares Me,Van Zant,52,7,Gains In Performance
2007-06-16,51,Last Train Running,Whiskey Falls,50,4,Gains In Performance
2007-06-16,52,You're Gonna Love Me,Chris Young,48,10,
2007-06-16,53,Missing Years,Little Texas,53,12,Gains In Performance
2007-06-16,54,Men Buy The Drinks (Girls Call The Shots),Steve Holy,60,2,Gains In Performance
2007-06-16,55,Nothin' Better To Do,LeAnn Rimes,NEW,1,Gains In Performance
2007-06-16,56,The One In The Middle,Sarah Johns,54,5,Gains In Performance
2007-06-16,57,What You Give Away,Vince Gill With Sheryl Crow,51,9,
2007-06-16,58,God Don't Make Mistakes,Jamie O'Neal,56,10,
2007-06-16,59,All I Need,Donovan Chapman,58,9,
2007-06-16,60,Flip-Flop Summer,Kenny Chesney,NEW,1,
2007-06-23,1,Find Out Who Your Friends Are,Tracy Lawrence,4,41,Gains In Performance
2007-06-23,2,Moments,Emerson Drive,1,26,
2007-06-23,3,Ticks,Brad Paisley,2,15,
2007-06-23,4,Lucky Man,Montgomery Gentry,6,20,Gains In Performance
2007-06-23,5,A Woman's Love,Alan Jackson,5,25,
2007-06-23,6,Wrapped,George Strait,8,14,Gains In Performance
2007-06-23,7,Good Directions,Billy Currington,3,36,
2007-06-23,8,Lost In This Moment,Big & Rich,9,18,Gains In Performance
2007-06-23,9,I Told You So,Keith Urban,10,9,Gains In Performance
2007-06-23,10,Startin' With Me,Jake Owen,11,36,Gains In Performance
2007-06-23,11,Johnny Cash,Jason Aldean,12,19,
2007-06-23,12,Teardrops On My Guitar,Taylor Swift,13,18,Gains In Performance
2007-06-23,13,High Maintenance Woman,Toby Keith,7,19,
2007-06-23,14,I Need You,Tim McGraw With Faith Hill,14,11,Gains In Performance
2007-06-23,15,These Are My People,Rodney Atkins,16,14,Gains In Performance
2007-06-23,16,A Different World,Bucky Covington,15,22,Gains In Performance
2007-06-23,17,Never Wanted Nothing More,Kenny Chesney,37,2,Gains In Performance
2007-06-23,18,Tough,Craig Morgan,17,15,Gains In Performance
2007-06-23,19,I Wonder,Kellie Pickler,18,19,
2007-06-23,20,Guys Like Me,Eric Church,19,21,Gains In Performance
2007-06-23,21,A Little More You,Little Big Town,20,17,
2007-06-23,22,Because Of You,Reba McEntire Duet With Kelly Clarkson,25,4,Gains In Performance
2007-06-23,23,All My Friends Say,Luke Bryan,22,20,Gains In Performance
2007-06-23,24,How I Feel,Martina McBride,24,8,Gains In Performance
2007-06-23,25,Livin' Our Love Song,Jason Michael Carroll,23,15,Gains In Performance
2007-06-23,26,I Got More,Cole Deggs & The Lonesome,27,21,Gains In Performance
2007-06-23,27,Everyday America,Sugarland,31,4,Gains In Performance
2007-06-23,28,I Wanna Feel Something,Trace Adkins,28,11,Gains In Performance
2007-06-23,29,If You're Reading This,Tim McGraw,21,4,
2007-06-23,30,Fall,Clay Walker,32,12,Gains In Performance
2007-06-23,31,Measure Of A Man,Jack Ingram,33,9,Gains In Performance
2007-06-23,32,Proud Of The House We Built,Brooks & Dunn,48,2,Gains In Performance
2007-06-23,33,Dirty Girl,Terri Clark,30,14,
2007-06-23,34,Famous In A Small Town,Miranda Lambert,34,12,
2007-06-23,35,One Of The Boys,Gretchen Wilson,35,7,
2007-06-23,36,Just Might Have Her Radio On,Trent Tomlinson,36,12,Gains In Performance
2007-06-23,37,Another Side Of You,Joe Nichols,38,6,Gains In Performance
2007-06-23,38,Lost,Faith Hill,43,4,Gains In Performance
2007-06-23,39,She Ain't Right,Lee Brice,41,14,
2007-06-23,40,Free And Easy (Down The Road I Go),Dierks Bentley,47,3,Gains In Performance
2007-06-23,41,Tennessee,The Wreckers,39,15,
2007-06-23,42,Love Me If You Can,Toby Keith,NEW,1,Highest ranking debut|Gains In Performance
2007-06-23,43,You Never Take Me Dancing,Travis Tritt,46,6,Gains In Performance
2007-06-23,44,Daisy,Halfway to Hazard,45,11,Gains In Performance
2007-06-23,45,I'll Stand By You,Carrie Underwood,42,7,
2007-06-23,46,Say Yes,Dusty Drake,40,20,
2007-06-23,47,Sunday Morning In America,Keith Anderson,44,5,
2007-06-23,48,That Kind Of Day,Sarah Buxton,29,19,
2007-06-23,49,Nothin' Better To Do,LeAnn Rimes,55,2,Gains In Performance
2007-06-23,50,This Is My Life,Phil Vassar,49,3,Gains In Performance
2007-06-23,51,Last Train Running,Whiskey Falls,51,5,Gains In Performance
2007-06-23,52,That Scares Me,Van Zant,50,8,Gains In Performance
2007-06-23,53,The One In The Middle,Sarah Johns,56,6,Gains In Performance
2007-06-23,54,Men Buy The Drinks (Girls Call The Shots),Steve Holy,54,3,Gains In Performance
2007-06-23,55,Missing Years,Little Texas,53,13,
2007-06-23,56,As If,Sara Evans,NEW,1,Gains In Performance
2007-06-23,57,You're Gonna Love Me,Chris Young,52,11,
2007-06-23,58,Days Of Thunder,Mark Wills,RE,3,Gains In Performance
2007-06-23,59,You Shook Me All Night Long,Big & Rich,NEW,1,Gains In Performance
2007-06-23,60,God Don't Make Mistakes,Jamie O'Neal,58,11,
2007-06-30,1,Ticks,Brad Paisley,3,16,Gains In Performance
2007-06-30,2,Find Out Who Your Friends Are,Tracy Lawrence,1,42,
2007-06-30,3,Lucky Man,Montgomery Gentry,4,21,Gains In Performance
2007-06-30,4,Wrapped,George Strait,6,15,Gains In Performance
2007-06-30,5,Moments,Emerson Drive,2,27,
2007-06-30,6,Lost In This Moment,Big & Rich,8,19,Gains In Performance
2007-06-30,7,Good Directions,Billy Currington,7,37,
2007-06-30,8,I Told You So,Keith Urban,9,10,Gains In Performance
2007-06-30,9,A Woman's Love,Alan Jackson,5,26,
2007-06-30,10,Startin' With Me,Jake Owen,10,37,Gains In Performance
2007-06-30,11,Johnny Cash,Jason Aldean,11,20,Gains In Performance
2007-06-30,12,Teardrops On My Guitar,Taylor Swift,12,19,Gains In Performance
2007-06-30,13,Never Wanted Nothing More,Kenny Chesney,17,3,Gains In Performance
2007-06-30,14,I Need You,Tim McGraw With Faith Hill,14,12,Gains In Performance
2007-06-30,15,These Are My People,Rodney Atkins,15,15,Gains In Performance
2007-06-30,16,A Different World,Bucky Covington,16,23,Gains In Performance
2007-06-30,17,Tough,Craig Morgan,18,16,Gains In Performance
2007-06-30,18,I Wonder,Kellie Pickler,19,20,Gains In Performance
2007-06-30,19,Guys Like Me,Eric Church,20,22,Gains In Performance
2007-06-30,20,High Maintenance Woman,Toby Keith,13,20,
2007-06-30,21,Because Of You,Reba McEntire Duet With Kelly Clarkson,22,5,Gains In Performance
2007-06-30,22,A Little More You,Little Big Town,21,18,Gains In Performance
2007-06-30,23,How I Feel,Martina McBride,24,9,Gains In Performance
2007-06-30,24,All My Friends Say,Luke Bryan,23,21,Gains In Performance
2007-06-30,25,Everyday America,Sugarland,27,5,Gains In Performance
2007-06-30,26,Livin' Our Love Song,Jason Michael Carroll,25,16,Gains In Performance
2007-06-30,27,I Got More,Cole Deggs & The Lonesome,26,22,Gains In Performance
2007-06-30,28,I Wanna Feel Something,Trace Adkins,28,12,Gains In Performance
2007-06-30,29,If You're Reading This,Tim McGraw,29,5,Gains In Performance
2007-06-30,30,Proud Of The House We Built,Brooks & Dunn,32,3,Gains In Performance
2007-06-30,31,Fall,Clay Walker,30,13,Gains In Performance
2007-06-30,32,Measure Of A Man,Jack Ingram,31,10,Gains In Performance
2007-06-30,33,Love Me If You Can,Toby Keith,42,2,Gains In Performance
2007-06-30,34,Free And Easy (Down The Road I Go),Dierks Bentley,40,4,Gains In Performance
2007-06-30,35,Famous In A Small Town,Miranda Lambert,34,13,Gains In Performance
2007-06-30,36,Another Side Of You,Joe Nichols,37,7,Gains In Performance
2007-06-30,37,Dirty Girl,Terri Clark,33,15,
2007-06-30,38,Just Might Have Her Radio On,Trent Tomlinson,36,13,Gains In Performance
2007-06-30,39,One Of The Boys,Gretchen Wilson,35,8,
2007-06-30,40,She Ain't Right,Lee Brice,39,15,Gains In Performance
2007-06-30,41,Lost,Faith Hill,38,5,Gains In Performance
2007-06-30,42,You Never Take Me Dancing,Travis Tritt,43,7,Gains In Performance
2007-06-30,43,Sunday Morning In America,Keith Anderson,47,6,Gains In Performance
2007-06-30,44,Daisy,Halfway to Hazard,44,12,
2007-06-30,45,I'll Stand By You,Carrie Underwood,45,8,
2007-06-30,46,Nothin' Better To Do,LeAnn Rimes,49,3,Gains In Performance
2007-06-30,47,Tennessee,The Wreckers,41,16,
2007-06-30,48,Last Train Running,Whiskey Falls,51,6,Gains In Performance
2007-06-30,49,This Is My Life,Phil Vassar,50,4,
2007-06-30,50,Men Buy The Drinks (Girls Call The Shots),Steve Holy,54,4,Gains In Performance
2007-06-30,51,The One In The Middle,Sarah Johns,53,7,Gains In Performance
2007-06-30,52,As If,Sara Evans,56,2,Gains In Performance
2007-06-30,53,That Scares Me,Van Zant,52,9,
2007-06-30,54,Days Of Thunder,Mark Wills,58,4,Gains In Performance
2007-06-30,55,That Kind Of Day,Sarah Buxton,48,20,
2007-06-30,56,Missing Years,Little Texas,55,14,
2007-06-30,57,One More Goodbye,Randy Rogers Band,RE,9,Gains In Performance
2007-06-30,58,Nineteen,Waycross,NEW,1,Highest ranking debut|Gains In Performance
2007-06-30,59,Flip-Flop Summer,Kenny Chesney,RE,2,Gains In Performance
2007-06-30,60,Tangled Up,Billy Currington,NEW,1,Gains In Performance
2007-07-07,1,Lucky Man,Montgomery Gentry,3,22,Gains In Performance
2007-07-07,2,Wrapped,George Strait,4,16,Gains In Performance
2007-07-07,3,Lost In This Moment,Big & Rich,6,20,Gains In Performance
2007-07-07,4,Find Out Who Your Friends Are,Tracy Lawrence,2,43,
2007-07-07,5,Ticks,Brad Paisley,1,17,
2007-07-07,6,Moments,Emerson Drive,5,28,
2007-07-07,7,I Told You So,Keith Urban,8,11,Gains In Performance
2007-07-07,8,Startin' With Me,Jake Owen,10,38,Gains In Performance
2007-07-07,9,Never Wanted Nothing More,Kenny Chesney,13,4,Greatest gainer this week|Gains In Performance
2007-07-07,10,Good Directions,Billy Currington,7,38,
2007-07-07,11,Johnny Cash,Jason Aldean,11,21,Gains In Performance
2007-07-07,12,Teardrops On My Guitar,Taylor Swift,12,20,Gains In Performance
2007-07-07,13,These Are My People,Rodney Atkins,15,16,Gains In Performance
2007-07-07,14,I Need You,Tim McGraw With Faith Hill,14,13,Gains In Performance
2007-07-07,15,A Different World,Bucky Covington,16,24,Gains In Performance
2007-07-07,16,Tough,Craig Morgan,17,17,Gains In Performance
2007-07-07,17,Because Of You,Reba McEntire Duet With Kelly Clarkson,21,6,Gains In Performance
2007-07-07,18,I Wonder,Kellie Pickler,18,21,Gains In Performance
2007-07-07,19,Guys Like Me,Eric Church,19,23,Gains In Performance
2007-07-07,20,Everyday America,Sugarland,25,6,Gains In Performance
2007-07-07,21,How I Feel,Martina McBride,23,10,Gains In Performance
2007-07-07,22,A Little More You,Little Big Town,22,19,Gains In Performance
2007-07-07,23,All My Friends Say,Luke Bryan,24,22,Gains In Performance
2007-07-07,24,Livin' Our Love Song,Jason Michael Carroll,26,17,Gains In Performance
2007-07-07,25,If You're Reading This,Tim McGraw,29,6,Gains In Performance
2007-07-07,26,Proud Of The House We Built,Brooks & Dunn,30,4,Gains In Performance
2007-07-07,27,I Got More,Cole Deggs & The Lonesome,27,23,Gains In Performance
2007-07-07,28,I Wanna Feel Something,Trace Adkins,28,13,Gains In Performance
2007-07-07,29,Love Me If You Can,Toby Keith,33,3,Gains In Performance
2007-07-07,30,Fall,Clay Walker,31,14,Gains In Performance
2007-07-07,31,Measure Of A Man,Jack Ingram,32,11,Gains In Performance
2007-07-07,32,Free And Easy (Down The Road I Go),Dierks Bentley,34,5,Gains In Performance
2007-07-07,33,Famous In A Small Town,Miranda Lambert,35,14,Gains In Performance
2007-07-07,34,Just Might Have Her Radio On,Trent Tomlinson,38,14,Gains In Performance
2007-07-07,35,Another Side Of You,Joe Nichols,36,8,Gains In Performance
2007-07-07,36,Lost,Faith Hill,41,6,Gains In Performance
2007-07-07,37,She Ain't Right,Lee Brice,40,16,Gains In Performance
2007-07-07,38,One Of The Boys,Gretchen Wilson,39,9,
2007-07-07,39,Dirty Girl,Terri Clark,37,16,
2007-07-07,40,Sunday Morning In America,Keith Anderson,43,7,Gains In Performance
2007-07-07,41,You Never Take Me Dancing,Travis Tritt,42,8,Gains In Performance
2007-07-07,42,Nothin' Better To Do,LeAnn Rimes,46,4,Gains In Performance
2007-07-07,43,Daisy,Halfway to Hazard,44,13,Gains In Performance
2007-07-07,44,I'll Stand By You,Carrie Underwood,45,9,Gains In Performance
2007-07-07,45,As If,Sara Evans,52,3,Gains In Performance
2007-07-07,46,The One In The Middle,Sarah Johns,51,8,Gains In Performance
2007-07-07,47,Men Buy The Drinks (Girls Call The Shots),Steve Holy,50,5,Gains In Performance
2007-07-07,48,Last Train Running,Whiskey Falls,48,7,Gains In Performance
2007-07-07,49,This Is My Life,Phil Vassar,49,5,Gains In Performance
2007-07-07,50,That Scares Me,Van Zant,53,10,
2007-07-07,51,Days Of Thunder,Mark Wills,54,5,Gains In Performance
2007-07-07,52,Online,Brad Paisley,NEW,1,Highest ranking debut|Gains In Performance
2007-07-07,53,Flip-Flop Summer,Kenny Chesney,59,3,Gains In Performance
2007-07-07,54,Nineteen,Waycross,58,2,Gains In Performance
2007-07-07,55,Just One,Lisa Shaffer,NEW,1,Gains In Performance
2007-07-07,56,The Strong One,Clint Black,NEW,1,Gains In Performance
2007-07-07,57,The More I Drink,Blake Shelton,NEW,1,Gains In Performance
2007-07-07,58,Guitar Slinger,Crossin Dixon,NEW,1,Gains In Performance
2007-07-07,59,You're Gonna Love Me,Chris Young,RE,12,Gains In Performance
2007-07-07,60,Tennessee,The Wreckers,47,17,
2007-07-14,1,Lucky Man,Montgomery Gentry,1,23,Gains In Performance
2007-07-14,2,Wrapped,George Strait,2,17,Gains In Performance
2007-07-14,3,Lost In This Moment,Big & Rich,3,21,Gains In Performance
2007-07-14,4,I Told You So,Keith Urban,7,12,Gains In Performance
2007-07-14,5,Never Wanted Nothing More,Kenny Chesney,9,5,Gains In Performance
2007-07-14,6,Startin' With Me,Jake Owen,8,39,Gains In Performance
2007-07-14,7,Find Out Who Your Friends Are,Tracy Lawrence,4,44,
2007-07-14,8,Teardrops On My Guitar,Taylor Swift,12,21,Gains In Performance
2007-07-14,9,Johnny Cash,Jason Aldean,11,22,Gains In Performance
2007-07-14,10,Ticks,Brad Paisley,5,18,
2007-07-14,11,These Are My People,Rodney Atkins,13,17,Gains In Performance
2007-07-14,12,A Different World,Bucky Covington,15,25,Gains In Performance
2007-07-14,13,I Need You,Tim McGraw With Faith Hill,14,14,
2007-07-14,14,Tough,Craig Morgan,16,18,Gains In Performance
2007-07-14,15,Because Of You,Reba McEntire Duet With Kelly Clarkson,17,7,Gains In Performance
2007-07-14,16,I Wonder,Kellie Pickler,18,22,Gains In Performance
2007-07-14,17,Guys Like Me,Eric Church,19,24,Gains In Performance
2007-07-14,18,Everyday America,Sugarland,20,7,Gains In Performance
2007-07-14,19,If You're Reading This,Tim McGraw,25,7,Gains In Performance
2007-07-14,20,How I Feel,Martina McBride,21,11,Gains In Performance
2007-07-14,21,All My Friends Say,Luke Bryan,23,23,Gains In Performance
2007-07-14,22,A Little More You,Little Big Town,22,20,Gains In Performance
2007-07-14,23,Proud Of The House We Built,Brooks & Dunn,26,5,Gains In Performance
2007-07-14,24,Love Me If You Can,Toby Keith,29,4,Greatest gainer this week|Gains In Performance
2007-07-14,25,Livin' Our Love Song,Jason Michael Carroll,24,18,Gains In Performance
2007-07-14,26,Free And Easy (Down The Road I Go),Dierks Bentley,32,6,Gains In Performance
2007-07-14,27,I Wanna Feel Something,Trace Adkins,28,14,Gains In Performance
2007-07-14,28,I Got More,Cole Deggs & The Lonesome,27,24,
2007-07-14,29,Fall,Clay Walker,30,15,Gains In Performance
2007-07-14,30,Measure Of A Man,Jack Ingram,31,12,Gains In Performance
2007-07-14,31,Just Might Have Her Radio On,Trent Tomlinson,34,15,Gains In Performance
2007-07-14,32,Famous In A Small Town,Miranda Lambert,33,15,
2007-07-14,33,Another Side Of You,Joe Nichols,35,9,
2007-07-14,34,Lost,Faith Hill,36,7,Gains In Performance
2007-07-14,35,She Ain't Right,Lee Brice,37,17,
2007-07-14,36,Nothin' Better To Do,LeAnn Rimes,42,5,Gains In Performance
2007-07-14,37,You Never Take Me Dancing,Travis Tritt,41,9,Gains In Performance
2007-07-14,38,Sunday Morning In America,Keith Anderson,40,8,Gains In Performance
2007-07-14,39,One Of The Boys,Gretchen Wilson,38,10,
2007-07-14,40,Daisy,Halfway to Hazard,43,14,
2007-07-14,41,I'll Stand By You,Carrie Underwood,44,10,
2007-07-14,42,As If,Sara Evans,45,4,Gains In Performance
2007-07-14,43,Dirty Girl,Terri Clark,39,17,
2007-07-14,44,Men Buy The Drinks (Girls Call The Shots),Steve Holy,47,6,Gains In Performance
2007-07-14,45,Last Train Running,Whiskey Falls,48,8,Gains In Performance
2007-07-14,46,The One In The Middle,Sarah Johns,46,9,Gains In Performance
2007-07-14,47,This Is My Life,Phil Vassar,49,6,Gains In Performance
2007-07-14,48,Online,Brad Paisley,52,2,Gains In Performance
2007-07-14,49,Tangled Up,Billy Currington,RE,2,Gains In Performance
2007-07-14,50,The More I Drink,Blake Shelton,57,2,Gains In Performance
2007-07-14,51,Bad For Me,Danielle Peck,NEW,1,Highest ranking debut|Gains In Performance
2007-07-14,52,Way Back Texas,Pat Green,RE,6,Gains In Performance
2007-07-14,53,That Scares Me,Van Zant,50,11,
2007-07-14,54,Days Of Thunder,Mark Wills,51,6,
2007-07-14,55,Guitar Slinger,Crossin Dixon,58,2,Gains In Performance
2007-07-14,56,The Strong One,Clint Black,56,2,Gains In Performance
2007-07-14,57,Nineteen,Waycross,54,3,
2007-07-14,58,Firecracker,Josh Turner,NEW,1,Gains In Performance
2007-07-14,59,Flip-Flop Summer,Kenny Chesney,53,4,
2007-07-14,60,Tattoo Rose,Andy Griggs,NEW,1,Gains In Performance
2007-07-21,1,Lost In This Moment,Big & Rich,3,22,Gains In Performance
2007-07-21,2,Wrapped,George Strait,2,18,Gains In Performance
2007-07-21,3,Lucky Man,Montgomery Gentry,1,24,
2007-07-21,4,I Told You So,Keith Urban,4,13,Gains In Performance
2007-07-21,5,Never Wanted Nothing More,Kenny Chesney,5,6,Gains In Performance
2007-07-21,6,Startin' With Me,Jake Owen,6,40,Gains In Performance
2007-07-21,7,Teardrops On My Guitar,Taylor Swift,8,22,Gains In Performance
2007-07-21,8,Johnny Cash,Jason Aldean,9,23,Gains In Performance
2007-07-21,9,These Are My People,Rodney Atkins,11,18,Gains In Performance
2007-07-21,10,I Need You,Tim McGraw With Faith Hill,13,15,Gains In Performance
2007-07-21,11,A Different World,Bucky Covington,12,26,Gains In Performance
2007-07-21,12,Because Of You,Reba McEntire Duet With Kelly Clarkson,15,8,Gains In Performance
2007-07-21,13,Tough,Craig Morgan,14,19,Gains In Performance
2007-07-21,14,Ticks,Brad Paisley,10,19,
2007-07-21,15,I Wonder,Kellie Pickler,16,23,Gains In Performance
2007-07-21,16,Everyday America,Sugarland,18,8,Gains In Performance
2007-07-21,17,Proud Of The House We Built,Brooks & Dunn,23,6,Gains In Performance
2007-07-21,18,Guys Like Me,Eric Church,17,25,Gains In Performance
2007-07-21,19,Love Me If You Can,Toby Keith,24,5,Gains In Performance
2007-07-21,20,If You're Reading This,Tim McGraw,19,8,Gains In Performance
2007-07-21,21,How I Feel,Martina McBride,20,12,Gains In Performance
2007-07-21,22,All My Friends Say,Luke Bryan,21,24,Gains In Performance
2007-07-21,23,A Little More You,Little Big Town,22,21,Gains In Performance
2007-07-21,24,Take Me There,Rascal Flatts,NEW,1,
2007-07-21,25,Free And Easy (Down The Road I Go),Dierks Bentley,26,7,Gains In Performance
2007-07-21,26,Livin' Our Love Song,Jason Michael Carroll,25,19,Gains In Performance
2007-07-21,27,I Wanna Feel Something,Trace Adkins,27,15,Gains In Performance
2007-07-21,28,I Got More,Cole Deggs & The Lonesome,28,25,Gains In Performance
2007-07-21,29,Measure Of A Man,Jack Ingram,30,13,Gains In Performance
2007-07-21,30,Fall,Clay Walker,29,16,Gains In Performance
2007-07-21,31,Just Might Have Her Radio On,Trent Tomlinson,31,16,Gains In Performance
2007-07-21,32,Famous In A Small Town,Miranda Lambert,32,16,Gains In Performance
2007-07-21,33,Another Side Of You,Joe Nichols,33,10,Gains In Performance
2007-07-21,34,Sunday Morning In America,Keith Anderson,38,9,Gains In Performance
2007-07-21,35,She Ain't Right,Lee Brice,35,18,Gains In Performance
2007-07-21,36,Lost,Faith Hill,34,8,Gains In Performance
2007-07-21,37,Online,Brad Paisley,48,3,Gains In Performance
2007-07-21,38,You Never Take Me Dancing,Travis Tritt,37,10,Gains In Performance
2007-07-21,39,Nothin' Better To Do,LeAnn Rimes,36,6,Gains In Performance
2007-07-21,40,As If,Sara Evans,42,5,Gains In Performance
2007-07-21,41,Daisy,Halfway to Hazard,40,15,Gains In Performance
2007-07-21,42,One Of The Boys,Gretchen Wilson,39,11,
2007-07-21,43,This Is My Life,Phil Vassar,47,7,Gains In Performance
2007-07-21,44,Firecracker,Josh Turner,58,2,Gains In Performance
2007-07-21,45,Men Buy The Drinks (Girls Call The Shots),Steve Holy,44,7,Gains In Performance
2007-07-21,46,The One In The Middle,Sarah Johns,46,10,Gains In Performance
2007-07-21,47,Way Back Texas,Pat Green,52,7,Gains In Performance
2007-07-21,48,Last Train Running,Whiskey Falls,45,9,Gains In Performance
2007-07-21,49,I'll Stand By You,Carrie Underwood,41,11,
2007-07-21,50,Bad For Me,Danielle Peck,51,2,Gains In Performance
2007-07-21,51,Dirty Girl,Terri Clark,43,18,
2007-07-21,52,The More I Drink,Blake Shelton,50,3,Gains In Performance
2007-07-21,53,Tangled Up,Billy Currington,49,3,Gains In Performance
2007-07-21,54,Days Of Thunder,Mark Wills,54,7,Gains In Performance
2007-07-21,55,The Strong One,Clint Black,56,3,Gains In Performance
2007-07-21,56,Guitar Slinger,Crossin Dixon,55,3,Gains In Performance
2007-07-21,57,Flip-Flop Summer,Kenny Chesney,59,5,Gains In Performance
2007-07-21,58,Nineteen,Waycross,57,4,Gains In Performance
2007-07-21,59,Nowhere Than Somewhere,Flynnville Train,NEW,1,Gains In Performance
2007-07-21,60,Tattoo Rose,Andy Griggs,60,2,Gains In Performance
2007-07-28,1,Lost In This Moment,Big & Rich,1,23,Gains In Performance
2007-07-28,2,Never Wanted Nothing More,Kenny Chesney,5,7,Gains In Performance
2007-07-28,3,I Told You So,Keith Urban,4,14,Gains In Performance
2007-07-28,4,Wrapped,George Strait,2,19,
2007-07-28,5,Teardrops On My Guitar,Taylor Swift,7,23,Gains In Performance
2007-07-28,6,Startin' With Me,Jake Owen,6,41,
2007-07-28,7,Lucky Man,Montgomery Gentry,3,25,
2007-07-28,8,These Are My People,Rodney Atkins,9,19,Gains In Performance
2007-07-28,9,Johnny Cash,Jason Aldean,8,24,Gains In Performance
2007-07-28,10,A Different World,Bucky Covington,11,27,Gains In Performance
2007-07-28,11,I Need You,Tim McGraw With Faith Hill,10,16,Gains In Performance
2007-07-28,12,Because Of You,Reba McEntire Duet With Kelly Clarkson,12,9,Gains In Performance
2007-07-28,13,Tough,Craig Morgan,13,20,Gains In Performance
2007-07-28,14,Everyday America,Sugarland,16,9,Gains In Performance
2007-07-28,15,I Wonder,Kellie Pickler,15,24,Gains In Performance
2007-07-28,16,Love Me If You Can,Toby Keith,19,6,Gains In Performance
2007-07-28,17,Proud Of The House We Built,Brooks & Dunn,17,7,Gains In Performance
2007-07-28,18,Guys Like Me,Eric Church,18,26,
2007-07-28,19,Take Me There,Rascal Flatts,24,2,Gains In Performance
2007-07-28,20,If You're Reading This,Tim McGraw,20,9,Gains In Performance
2007-07-28,21,Ticks,Brad Paisley,14,20,
2007-07-28,22,How I Feel,Martina McBride,21,13,Gains In Performance
2007-07-28,23,All My Friends Say,Luke Bryan,22,25,Gains In Performance
2007-07-28,24,A Little More You,Little Big Town,23,22,Gains In Performance
2007-07-28,25,Free And Easy (Down The Road I Go),Dierks Bentley,25,8,Gains In Performance
2007-07-28,26,Livin' Our Love Song,Jason Michael Carroll,26,20,Gains In Performance
2007-07-28,27,I Wanna Feel Something,Trace Adkins,27,16,Gains In Performance
2007-07-28,28,Measure Of A Man,Jack Ingram,29,14,Gains In Performance
2007-07-28,29,I Got More,Cole Deggs & The Lonesome,28,26,Gains In Performance
2007-07-28,30,Fall,Clay Walker,30,17,Gains In Performance
2007-07-28,31,Just Might Have Her Radio On,Trent Tomlinson,31,17,Gains In Performance
2007-07-28,32,Online,Brad Paisley,37,4,Gains In Performance
2007-07-28,33,Famous In A Small Town,Miranda Lambert,32,17,Gains In Performance
2007-07-28,34,Another Side Of You,Joe Nichols,33,11,Gains In Performance
2007-07-28,35,Lost,Faith Hill,36,9,
2007-07-28,36,Sunday Morning In America,Keith Anderson,34,10,
2007-07-28,37,She Ain't Right,Lee Brice,35,19,
2007-07-28,38,Nothin' Better To Do,LeAnn Rimes,39,7,Gains In Performance
2007-07-28,39,You Never Take Me Dancing,Travis Tritt,38,11,
2007-07-28,40,Firecracker,Josh Turner,44,3,Gains In Performance
2007-07-28,41,As If,Sara Evans,40,6,
2007-07-28,42,Daisy,Halfway to Hazard,41,16,Gains In Performance
2007-07-28,43,This Is My Life,Phil Vassar,43,8,Gains In Performance
2007-07-28,44,The One In The Middle,Sarah Johns,46,11,Gains In Performance
2007-07-28,45,Last Train Running,Whiskey Falls,48,10,Gains In Performance
2007-07-28,46,Tangled Up,Billy Currington,53,4,Gains In Performance
2007-07-28,47,Way Back Texas,Pat Green,47,8,Gains In Performance
2007-07-28,48,I'll Stand By You,Carrie Underwood,49,12,Gains In Performance
2007-07-28,49,Men Buy The Drinks (Girls Call The Shots),Steve Holy,45,8,
2007-07-28,50,Bad For Me,Danielle Peck,50,3,
2007-07-28,51,The More I Drink,Blake Shelton,52,4,Gains In Performance
2007-07-28,52,One Of The Boys,Gretchen Wilson,42,12,
2007-07-28,53,Guitar Slinger,Crossin Dixon,56,4,Gains In Performance
2007-07-28,54,Days Of Thunder,Mark Wills,54,8,
2007-07-28,55,The Strong One,Clint Black,55,4,
2007-07-28,56,Flip-Flop Summer,Kenny Chesney,57,6,Gains In Performance
2007-07-28,57,Dirty Girl,Terri Clark,51,19,
2007-07-28,58,Nineteen,Waycross,58,5,
2007-07-28,59,Biker Chick,Jo Dee Messina,NEW,1,Highest ranking debut|Gains In Performance
2007-07-28,60,Nowhere Than Somewhere,Flynnville Train,59,2,
2007-08-04,1,Never Wanted Nothing More,Kenny Chesney,2,8,Gains In Performance
2007-08-04,2,I Told You So,Keith Urban,3,15,Gains In Performance
2007-08-04,3,Lost In This Moment,Big & Rich,1,24,
2007-08-04,4,Teardrops On My Guitar,Taylor Swift,5,24,Gains In Performance
2007-08-04,5,These Are My People,Rodney Atkins,8,20,Gains In Performance
2007-08-04,6,Johnny Cash,Jason Aldean,9,25,Gains In Performance
2007-08-04,7,A Different World,Bucky Covington,10,28,Gains In Performance
2007-08-04,8,I Need You,Tim McGraw With Faith Hill,11,17,Gains In Performance
2007-08-04,9,Wrapped,George Strait,4,20,
2007-08-04,10,Because Of You,Reba McEntire Duet With Kelly Clarkson,12,10,Gains In Performance
2007-08-04,11,Tough,Craig Morgan,13,21,Gains In Performance
2007-08-04,12,Take Me There,Rascal Flatts,19,3,Greatest gainer this week|Gains In Performance
2007-08-04,13,Proud Of The House We Built,Brooks & Dunn,17,8,Gains In Performance
2007-08-04,14,I Wonder,Kellie Pickler,15,25,Gains In Performance
2007-08-04,15,Love Me If You Can,Toby Keith,16,7,Gains In Performance
2007-08-04,16,Everyday America,Sugarland,14,10,Gains In Performance
2007-08-04,17,If You're Reading This,Tim McGraw,20,10,Gains In Performance
2007-08-04,18,Guys Like Me,Eric Church,18,27,Gains In Performance
2007-08-04,19,How I Feel,Martina McBride,22,14,
2007-08-04,20,All My Friends Say,Luke Bryan,23,26,Gains In Performance
2007-08-04,21,Free And Easy (Down The Road I Go),Dierks Bentley,25,9,Gains In Performance
2007-08-04,22,A Little More You,Little Big Town,24,23,Gains In Performance
2007-08-04,23,Livin' Our Love Song,Jason Michael Carroll,26,21,Gains In Performance
2007-08-04,24,Online,Brad Paisley,32,5,Gains In Performance
2007-08-04,25,I Wanna Feel Something,Trace Adkins,27,17,Gains In Performance
2007-08-04,26,Measure Of A Man,Jack Ingram,28,15,Gains In Performance
2007-08-04,27,Fall,Clay Walker,30,18,Gains In Performance
2007-08-04,28,Just Might Have Her Radio On,Trent Tomlinson,31,18,Gains In Performance
2007-08-04,29,Famous In A Small Town,Miranda Lambert,33,18,Gains In Performance
2007-08-04,30,Another Side Of You,Joe Nichols,34,12,Gains In Performance
2007-08-04,31,Sunday Morning In America,Keith Anderson,36,11,Gains In Performance
2007-08-04,32,Lost,Faith Hill,35,10,Gains In Performance
2007-08-04,33,Firecracker,Josh Turner,40,4,Gains In Performance
2007-08-04,34,Nothin' Better To Do,LeAnn Rimes,38,8,Gains In Performance
2007-08-04,35,She Ain't Right,Lee Brice,37,20,
2007-08-04,36,As If,Sara Evans,41,7,Gains In Performance
2007-08-04,37,You Never Take Me Dancing,Travis Tritt,39,12,
2007-08-04,38,This Is My Life,Phil Vassar,43,9,Gains In Performance
2007-08-04,39,Daisy,Halfway to Hazard,42,17,
2007-08-04,40,Way Back Texas,Pat Green,47,9,Gains In Performance
2007-08-04,41,Last Train Running,Whiskey Falls,45,11,
2007-08-04,42,The One In The Middle,Sarah Johns,44,12,
2007-08-04,43,Tangled Up,Billy Currington,46,5,Gains In Performance
2007-08-04,44,I'll Stand By You,Carrie Underwood,48,13,Gains In Performance
2007-08-04,45,Men Buy The Drinks (Girls Call The Shots),Steve Holy,49,9,Gains In Performance
2007-08-04,46,The More I Drink,Blake Shelton,51,5,Gains In Performance
2007-08-04,47,Bad For Me,Danielle Peck,50,4,Gains In Performance
2007-08-04,48,Guitar Slinger,Crossin Dixon,53,5,
2007-08-04,49,"Heaven, Heartache And The Power Of Love",Trisha Yearwood,NEW,1,Highest ranking debut|Gains In Performance
2007-08-04,50,Days Of Thunder,Mark Wills,54,9,Gains In Performance
2007-08-04,51,Flip-Flop Summer,Kenny Chesney,56,7,Gains In Performance
2007-08-04,52,Biker Chick,Jo Dee Messina,59,2,Gains In Performance
2007-08-04,53,Watching Airplanes,Gary Allan,NEW,1,Gains In Performance
2007-08-04,54,The Strong One,Clint Black,55,5,
2007-08-04,55,You Still Own Me,Emerson Drive,NEW,1,Gains In Performance
2007-08-04,56,Nowhere Than Somewhere,Flynnville Train,60,3,Gains In Performance
2007-08-04,57,Tattoo Rose,Andy Griggs,RE,3,Gains In Performance
2007-08-04,58,What Kinda Gone,Chris Cagle,NEW,1,Gains In Performance
2007-08-04,59,What Do Ya Think About That,Montgomery Gentry,NEW,1,Gains In Performance
2007-08-04,60,Til I Was A Daddy Too,Tracy Lawrence,NEW,1,Gains In Performance
2007-08-11,1,Never Wanted Nothing More,Kenny Chesney,1,9,Gains In Performance
2007-08-11,2,I Told You So,Keith Urban,2,16,Gains In Performance
2007-08-11,3,Teardrops On My Guitar,Taylor Swift,4,25,Gains In Performance
2007-08-11,4,These Are My People,Rodney Atkins,5,21,Gains In Performance
2007-08-11,5,Lost In This Moment,Big & Rich,3,25,
2007-08-11,6,Because Of You,Reba McEntire Duet With Kelly Clarkson,10,11,Gains In Performance
2007-08-11,7,A Different World,Bucky Covington,7,29,Gains In Performance
2007-08-11,8,I Need You,Tim McGraw With Faith Hill,8,18,Gains In Performance
2007-08-11,9,Johnny Cash,Jason Aldean,6,26,
2007-08-11,10,Take Me There,Rascal Flatts,12,4,Gains In Performance
2007-08-11,11,Tough,Craig Morgan,11,22,Gains In Performance
2007-08-11,12,Proud Of The House We Built,Brooks & Dunn,13,9,Gains In Performance
2007-08-11,13,Everyday America,Sugarland,16,11,Gains In Performance
2007-08-11,14,Love Me If You Can,Toby Keith,15,8,Gains In Performance
2007-08-11,15,I Wonder,Kellie Pickler,14,26,Gains In Performance
2007-08-11,16,If You're Reading This,Tim McGraw,17,11,Gains In Performance
2007-08-11,17,All My Friends Say,Luke Bryan,20,27,Gains In Performance
2007-08-11,18,Free And Easy (Down The Road I Go),Dierks Bentley,21,10,Gains In Performance
2007-08-11,19,How I Feel,Martina McBride,19,15,Gains In Performance
2007-08-11,20,Online,Brad Paisley,24,6,Greatest gainer this week|Gains In Performance
2007-08-11,21,A Little More You,Little Big Town,22,24,Gains In Performance
2007-08-11,22,Livin' Our Love Song,Jason Michael Carroll,23,22,Gains In Performance
2007-08-11,23,Fall,Clay Walker,27,19,Gains In Performance
2007-08-11,24,Measure Of A Man,Jack Ingram,26,16,Gains In Performance
2007-08-11,25,Just Might Have Her Radio On,Trent Tomlinson,28,19,Gains In Performance
2007-08-11,26,Famous In A Small Town,Miranda Lambert,29,19,Gains In Performance
2007-08-11,27,Firecracker,Josh Turner,33,5,Gains In Performance
2007-08-11,28,Another Side Of You,Joe Nichols,30,13,Gains In Performance
2007-08-11,29,I Wanna Feel Something,Trace Adkins,25,18,
2007-08-11,30,Nothin' Better To Do,LeAnn Rimes,34,9,Gains In Performance
2007-08-11,31,As If,Sara Evans,36,8,Gains In Performance
2007-08-11,32,Sunday Morning In America,Keith Anderson,31,12,Gains In Performance
2007-08-11,33,She Ain't Right,Lee Brice,35,21,Gains In Performance
2007-08-11,34,Lost,Faith Hill,32,11,
2007-08-11,35,You Never Take Me Dancing,Travis Tritt,37,13,Gains In Performance
2007-08-11,36,Way Back Texas,Pat Green,40,10,Gains In Performance
2007-08-11,37,This Is My Life,Phil Vassar,38,10,Gains In Performance
2007-08-11,38,Tangled Up,Billy Currington,43,6,Gains In Performance
2007-08-11,39,The One In The Middle,Sarah Johns,42,13,Gains In Performance
2007-08-11,40,Last Train Running,Whiskey Falls,41,12,Gains In Performance
2007-08-11,41,Men Buy The Drinks (Girls Call The Shots),Steve Holy,45,10,Gains In Performance
2007-08-11,42,Daisy,Halfway to Hazard,39,18,
2007-08-11,43,The More I Drink,Blake Shelton,46,6,Gains In Performance
2007-08-11,44,I'll Stand By You,Carrie Underwood,44,14,
2007-08-11,45,What Do Ya Think About That,Montgomery Gentry,59,2,Gains In Performance
2007-08-11,46,Bad For Me,Danielle Peck,47,5,Gains In Performance
2007-08-11,47,"Ready, Set, Don't Go",Billy Ray Cyrus With Miley Cyrus,NEW,1,Highest ranking debut|Gains In Performance
2007-08-11,48,Watching Airplanes,Gary Allan,53,2,Gains In Performance
2007-08-11,49,Flip-Flop Summer,Kenny Chesney,51,8,Gains In Performance
2007-08-11,50,Biker Chick,Jo Dee Messina,52,3,Gains In Performance
2007-08-11,51,What Kinda Gone,Chris Cagle,58,2,Gains In Performance
2007-08-11,52,Guitar Slinger,Crossin Dixon,48,6,
2007-08-11,53,"Heaven, Heartache And The Power Of Love",Trisha Yearwood,49,2,Gains In Performance
2007-08-11,54,You Still Own Me,Emerson Drive,55,2,Gains In Performance
2007-08-11,55,Days Of Thunder,Mark Wills,50,10,
2007-08-11,56,The Strong One,Clint Black,54,6,Gains In Performance
2007-08-11,57,Nowhere Than Somewhere,Flynnville Train,56,4,Gains In Performance
2007-08-11,58,Tattoo Rose,Andy Griggs,57,4,Gains In Performance
2007-08-11,59,Til I Was A Daddy Too,Tracy Lawrence,60,2,Gains In Performance
2007-08-11,60,Joyride,Jennifer Hanson,NEW,1,Gains In Performance
2007-08-18,1,Never Wanted Nothing More,Kenny Chesney,1,10,Gains In Performance
2007-08-18,2,Teardrops On My Guitar,Taylor Swift,3,26,Gains In Performance
2007-08-18,3,These Are My People,Rodney Atkins,4,22,Gains In Performance
2007-08-18,4,I Told You So,Keith Urban,2,17,
2007-08-18,5,Because Of You,Reba McEntire Duet With Kelly Clarkson,6,12,Gains In Performance
2007-08-18,6,A Different World,Bucky Covington,7,30,Gains In Performance
2007-08-18,7,Lost In This Moment,Big & Rich,5,26,
2007-08-18,8,I Need You,Tim McGraw With Faith Hill,8,19,Gains In Performance
2007-08-18,9,Take Me There,Rascal Flatts,10,5,Gains In Performance
2007-08-18,10,Proud Of The House We Built,Brooks & Dunn,12,10,Gains In Performance
2007-08-18,11,Tough,Craig Morgan,11,23,Gains In Performance
2007-08-18,12,Everyday America,Sugarland,13,12,Gains In Performance
2007-08-18,13,Love Me If You Can,Toby Keith,14,9,Gains In Performance
2007-08-18,14,I Wonder,Kellie Pickler,15,27,Gains In Performance
2007-08-18,15,If You're Reading This,Tim McGraw,16,12,Gains In Performance
2007-08-18,16,Online,Brad Paisley,20,7,Gains In Performance
2007-08-18,17,All My Friends Say,Luke Bryan,17,28,Gains In Performance
2007-08-18,18,Free And Easy (Down The Road I Go),Dierks Bentley,18,11,Gains In Performance
2007-08-18,19,How I Feel,Martina McBride,19,16,Gains In Performance
2007-08-18,20,So Small,Carrie Underwood,NEW,1,
2007-08-18,21,A Little More You,Little Big Town,21,25,Gains In Performance
2007-08-18,22,Livin' Our Love Song,Jason Michael Carroll,22,23,Gains In Performance
2007-08-18,23,Fall,Clay Walker,23,20,Gains In Performance
2007-08-18,24,Measure Of A Man,Jack Ingram,24,17,Gains In Performance
2007-08-18,25,Just Might Have Her Radio On,Trent Tomlinson,25,20,Gains In Performance
2007-08-18,26,Famous In A Small Town,Miranda Lambert,26,20,Gains In Performance
2007-08-18,27,Firecracker,Josh Turner,27,6,Gains In Performance
2007-08-18,28,Another Side Of You,Joe Nichols,28,14,Gains In Performance
2007-08-18,29,As If,Sara Evans,31,9,Gains In Performance
2007-08-18,30,Nothin' Better To Do,LeAnn Rimes,30,10,Gains In Performance
2007-08-18,31,Sunday Morning In America,Keith Anderson,32,13,Gains In Performance
2007-08-18,32,She Ain't Right,Lee Brice,33,22,Gains In Performance
2007-08-18,33,You Never Take Me Dancing,Travis Tritt,35,14,Gains In Performance
2007-08-18,34,Way Back Texas,Pat Green,36,11,Gains In Performance
2007-08-18,35,Tangled Up,Billy Currington,38,7,Gains In Performance
2007-08-18,36,What Do Ya Think About That,Montgomery Gentry,45,3,Gains In Performance
2007-08-18,37,Last Train Running,Whiskey Falls,40,13,Gains In Performance
2007-08-18,38,This Is My Life,Phil Vassar,37,11,Gains In Performance
2007-08-18,39,I Wanna Feel Something,Trace Adkins,29,19,
2007-08-18,40,Men Buy The Drinks (Girls Call The Shots),Steve Holy,41,11,Gains In Performance
2007-08-18,41,The More I Drink,Blake Shelton,43,7,Gains In Performance
2007-08-18,42,Lost,Faith Hill,34,12,
2007-08-18,43,The One In The Middle,Sarah Johns,39,14,Gains In Performance
2007-08-18,44,Watching Airplanes,Gary Allan,48,3,Gains In Performance
2007-08-18,45,Daisy,Halfway to Hazard,42,19,Gains In Performance
2007-08-18,46,"Heaven, Heartache And The Power Of Love",Trisha Yearwood,53,3,Gains In Performance
2007-08-18,47,What Kinda Gone,Chris Cagle,51,3,Gains In Performance
2007-08-18,48,I'll Stand By You,Carrie Underwood,44,15,
2007-08-18,49,Bad For Me,Danielle Peck,46,6,
2007-08-18,50,Guitar Slinger,Crossin Dixon,52,7,Gains In Performance
2007-08-18,51,Flip-Flop Summer,Kenny Chesney,49,9,Gains In Performance
2007-08-18,52,Biker Chick,Jo Dee Messina,50,4,Gains In Performance
2007-08-18,53,You Still Own Me,Emerson Drive,54,3,Gains In Performance
2007-08-18,54,Joyride,Jennifer Hanson,60,2,Gains In Performance
2007-08-18,55,"Ready, Set, Don't Go",Billy Ray Cyrus With Miley Cyrus,47,2,
2007-08-18,56,The Strong One,Clint Black,56,7,Gains In Performance
2007-08-18,57,Days Of Thunder,Mark Wills,55,11,Gains In Performance
2007-08-18,58,Nowhere Than Somewhere,Flynnville Train,57,5,Gains In Performance
2007-08-18,59,Tattoo Rose,Andy Griggs,58,5,
2007-08-18,60,Revolution,Rascal Flatts,NEW,1,Gains In Performance
2007-08-25,1,Never Wanted Nothing More,Kenny Chesney,1,11,
2007-08-25,2,These Are My People,Rodney Atkins,3,23,Gains In Performance
2007-08-25,3,Teardrops On My Guitar,Taylor Swift,2,27,
2007-08-25,4,Because Of You,Reba McEntire Duet With Kelly Clarkson,5,13,Gains In Performance
2007-08-25,5,I Told You So,Keith Urban,4,18,
2007-08-25,6,A Different World,Bucky Covington,6,31,
2007-08-25,7,Take Me There,Rascal Flatts,9,6,Gains In Performance
2007-08-25,8,Proud Of The House We Built,Brooks & Dunn,10,11,Gains In Performance
2007-08-25,9,I Need You,Tim McGraw With Faith Hill,8,20,
2007-08-25,10,Love Me If You Can,Toby Keith,13,10,Gains In Performance
2007-08-25,11,Tough,Craig Morgan,11,24,Gains In Performance
2007-08-25,12,Everyday America,Sugarland,12,13,Gains In Performance
2007-08-25,13,If You're Reading This,Tim McGraw,15,13,Gains In Performance
2007-08-25,14,Online,Brad Paisley,16,8,Gains In Performance
2007-08-25,15,All My Friends Say,Luke Bryan,17,29,Gains In Performance
2007-08-25,16,Free And Easy (Down The Road I Go),Dierks Bentley,18,12,Gains In Performance
2007-08-25,17,So Small,Carrie Underwood,20,2,Gains In Performance
2007-08-25,18,How I Feel,Martina McBride,19,17,
2007-08-25,19,Livin' Our Love Song,Jason Michael Carroll,22,24,Gains In Performance
2007-08-25,20,Fall,Clay Walker,23,21,Gains In Performance
2007-08-25,21,Measure Of A Man,Jack Ingram,24,18,Gains In Performance
2007-08-25,22,Just Might Have Her Radio On,Trent Tomlinson,25,21,Gains In Performance
2007-08-25,23,Famous In A Small Town,Miranda Lambert,26,21,Gains In Performance
2007-08-25,24,Another Side Of You,Joe Nichols,28,15,Gains In Performance
2007-08-25,25,Firecracker,Josh Turner,27,7,Gains In Performance
2007-08-25,26,As If,Sara Evans,29,10,Gains In Performance
2007-08-25,27,Nothin' Better To Do,LeAnn Rimes,30,11,Gains In Performance
2007-08-25,28,Sunday Morning In America,Keith Anderson,31,14,
2007-08-25,29,She Ain't Right,Lee Brice,32,23,
2007-08-25,30,You Never Take Me Dancing,Travis Tritt,33,15,Gains In Performance
2007-08-25,31,Way Back Texas,Pat Green,34,12,Gains In Performance
2007-08-25,32,What Do Ya Think About That,Montgomery Gentry,36,4,Gains In Performance
2007-08-25,33,Tangled Up,Billy Currington,35,8,Gains In Performance
2007-08-25,34,Last Train Running,Whiskey Falls,37,14,Gains In Performance
2007-08-25,35,How 'Bout Them Cowgirls,George Strait,NEW,1,Highest ranking debut|Gains In Performance
2007-08-25,36,This Is My Life,Phil Vassar,38,12,Gains In Performance
2007-08-25,37,"Heaven, Heartache And The Power Of Love",Trisha Yearwood,46,4,Gains In Performance
2007-08-25,38,Watching Airplanes,Gary Allan,44,4,Gains In Performance
2007-08-25,39,The More I Drink,Blake Shelton,41,8,Gains In Performance
2007-08-25,40,The One In The Middle,Sarah Johns,43,15,
2007-08-25,41,Men Buy The Drinks (Girls Call The Shots),Steve Holy,40,12,
2007-08-25,42,I Wanna Feel Something,Trace Adkins,39,20,
2007-08-25,43,What Kinda Gone,Chris Cagle,47,4,Gains In Performance
2007-08-25,44,Joyride,Jennifer Hanson,54,3,Gains In Performance
2007-08-25,45,Guitar Slinger,Crossin Dixon,50,8,Gains In Performance
2007-08-25,46,You Still Own Me,Emerson Drive,53,4,Gains In Performance
2007-08-25,47,Daisy,Halfway to Hazard,45,20,
2007-08-25,48,The Strong One,Clint Black,56,8,Gains In Performance
2007-08-25,49,I Got My Game On,Trace Adkins,NEW,1,Gains In Performance
2007-08-25,50,Biker Chick,Jo Dee Messina,52,5,Gains In Performance
2007-08-25,51,Bad For Me,Danielle Peck,49,7,
2007-08-25,52,Lost,Faith Hill,42,13,
2007-08-25,53,Days Of Thunder,Mark Wills,57,12,Gains In Performance
2007-08-25,54,Nowhere Than Somewhere,Flynnville Train,58,6,Gains In Performance
2007-08-25,55,Flip-Flop Summer,Kenny Chesney,51,10,
2007-08-25,56,I'll Stand By You,Carrie Underwood,48,16,
2007-08-25,57,Between Raising Hell  And Amazing Grace,Big & Rich,NEW,1,Gains In Performance
2007-08-25,58,Laughed Until We Cried,Jason Aldean,NEW,1,Gains In Performance
2007-08-25,59,Revolution,Rascal Flatts,60,2,Gains In Performance
2007-08-25,60,"Ready, Set, Don't Go",Billy Ray Cyrus With Miley Cyrus,55,3,
2007-09-01,1,Never Wanted Nothing More,Kenny Chesney,1,12,Gains In Performance
2007-09-01,2,These Are My People,Rodney Atkins,2,24,Gains In Performance
2007-09-01,3,Because Of You,Reba McEntire Duet With Kelly Clarkson,4,14,Gains In Performance
2007-09-01,4,Take Me There,Rascal Flatts,7,7,Gains In Performance
2007-09-01,5,Proud Of The House We Built,Brooks & Dunn,8,12,Gains In Performance
2007-09-01,6,A Different World,Bucky Covington,6,32,
2007-09-01,7,Love Me If You Can,Toby Keith,10,11,Gains In Performance
2007-09-01,8,I Told You So,Keith Urban,5,19,
2007-09-01,9,Everyday America,Sugarland,12,14,Gains In Performance
2007-09-01,10,I Need You,Tim McGraw With Faith Hill,9,21,
2007-09-01,11,Online,Brad Paisley,14,9,Gains In Performance
2007-09-01,12,Tough,Craig Morgan,11,25,Gains In Performance
2007-09-01,13,All My Friends Say,Luke Bryan,15,30,Gains In Performance
2007-09-01,14,If You're Reading This,Tim McGraw,13,14,Gains In Performance
2007-09-01,15,So Small,Carrie Underwood,17,3,Greatest gainer this week|Gains In Performance
2007-09-01,16,Free And Easy (Down The Road I Go),Dierks Bentley,16,13,Gains In Performance
2007-09-01,17,How I Feel,Martina McBride,18,18,Gains In Performance
2007-09-01,18,Livin' Our Love Song,Jason Michael Carroll,19,25,Gains In Performance
2007-09-01,19,Fall,Clay Walker,20,22,Gains In Performance
2007-09-01,20,Measure Of A Man,Jack Ingram,21,19,Gains In Performance
2007-09-01,21,Firecracker,Josh Turner,25,8,Gains In Performance
2007-09-01,22,Just Might Have Her Radio On,Trent Tomlinson,22,22,Gains In Performance
2007-09-01,23,Famous In A Small Town,Miranda Lambert,23,22,Gains In Performance
2007-09-01,24,As If,Sara Evans,26,11,Gains In Performance
2007-09-01,25,Another Side Of You,Joe Nichols,24,16,Gains In Performance
2007-09-01,26,How 'Bout Them Cowgirls,George Strait,35,2,Gains In Performance
2007-09-01,27,Nothin' Better To Do,LeAnn Rimes,27,12,Gains In Performance
2007-09-01,28,What Do Ya Think About That,Montgomery Gentry,32,5,Gains In Performance
2007-09-01,29,You Never Take Me Dancing,Travis Tritt,30,16,Gains In Performance
2007-09-01,30,Way Back Texas,Pat Green,31,13,Gains In Performance
2007-09-01,31,Sunday Morning In America,Keith Anderson,28,15,
2007-09-01,32,Tangled Up,Billy Currington,33,9,Gains In Performance
2007-09-01,33,"Heaven, Heartache And The Power Of Love",Trisha Yearwood,37,5,Gains In Performance
2007-09-01,34,Last Train Running,Whiskey Falls,34,15,Gains In Performance
2007-09-01,35,This Is My Life,Phil Vassar,36,13,Gains In Performance
2007-09-01,36,Watching Airplanes,Gary Allan,38,5,Gains In Performance
2007-09-01,37,The More I Drink,Blake Shelton,39,9,Gains In Performance
2007-09-01,38,Men Buy The Drinks (Girls Call The Shots),Steve Holy,41,13,Gains In Performance
2007-09-01,39,What Kinda Gone,Chris Cagle,43,5,Gains In Performance
2007-09-01,40,I Got My Game On,Trace Adkins,49,2,Gains In Performance
2007-09-01,41,The One In The Middle,Sarah Johns,40,16,
2007-09-01,42,Joyride,Jennifer Hanson,44,4,Gains In Performance
2007-09-01,43,You Still Own Me,Emerson Drive,46,5,Gains In Performance
2007-09-01,44,How Long,Eagles,NEW,1,Highest ranking debut|Gains In Performance
2007-09-01,45,Between Raising Hell  And Amazing Grace,Big & Rich,57,2,Gains In Performance
2007-09-01,46,Guitar Slinger,Crossin Dixon,45,9,Gains In Performance
2007-09-01,47,The Strong One,Clint Black,48,9,Gains In Performance
2007-09-01,48,Biker Chick,Jo Dee Messina,50,6,Gains In Performance
2007-09-01,49,Rollin' With The Flow,Mark Chesnutt,NEW,1,Gains In Performance
2007-09-01,50,Laughed Until We Cried,Jason Aldean,58,2,Gains In Performance
2007-09-01,51,Flip-Flop Summer,Kenny Chesney,55,11,Gains In Performance
2007-09-01,52,Bad For Me,Danielle Peck,51,8,
2007-09-01,53,Nowhere Than Somewhere,Flynnville Train,54,7,Gains In Performance
2007-09-01,54,"Ready, Set, Don't Go",Billy Ray Cyrus With Miley Cyrus,60,4,Gains In Performance
2007-09-01,55,Our Song,Taylor Swift,NEW,1,Gains In Performance
2007-09-01,56,I'll Stand By You,Carrie Underwood,56,17,
2007-09-01,57,Days Of Thunder,Mark Wills,53,13,
2007-09-01,58,Country Girl,Rissi Palmer,NEW,1,Gains In Performance
2007-09-01,59,Til I Was A Daddy Too,Tracy Lawrence,RE,3,Gains In Performance
2007-09-01,60,The Prize,Joanna Cotten,NEW,1,Gains In Performance
2007-09-08,1,These Are My People,Rodney Atkins,2,25,Gains In Performance
2007-09-08,2,Because Of You,Reba McEntire Duet With Kelly Clarkson,3,15,Gains In Performance
2007-09-08,3,Never Wanted Nothing More,Kenny Chesney,1,13,
2007-09-08,4,Take Me There,Rascal Flatts,4,8,Gains In Performance
2007-09-08,5,Proud Of The House We Built,Brooks & Dunn,5,13,Gains In Performance
2007-09-08,6,Love Me If You Can,Toby Keith,7,12,Gains In Performance
2007-09-08,7,All My Friends Say,Luke Bryan,13,31,Gains In Performance
2007-09-08,8,Online,Brad Paisley,11,10,Gains In Performance
2007-09-08,9,Everyday America,Sugarland,9,15,Gains In Performance
2007-09-08,10,If You're Reading This,Tim McGraw,14,15,Gains In Performance
2007-09-08,11,So Small,Carrie Underwood,15,4,Gains In Performance
2007-09-08,12,Free And Easy (Down The Road I Go),Dierks Bentley,16,14,Gains In Performance
2007-09-08,13,I Told You So,Keith Urban,8,20,
2007-09-08,14,Livin' Our Love Song,Jason Michael Carroll,18,26,Gains In Performance
2007-09-08,15,How I Feel,Martina McBride,17,19,
2007-09-08,16,Don't Blink,Kenny Chesney,NEW,1,
2007-09-08,17,Fall,Clay Walker,19,23,Gains In Performance
2007-09-08,18,Measure Of A Man,Jack Ingram,20,20,Gains In Performance
2007-09-08,19,How 'Bout Them Cowgirls,George Strait,26,3,Gains In Performance
2007-09-08,20,Famous In A Small Town,Miranda Lambert,23,23,Gains In Performance
2007-09-08,21,Firecracker,Josh Turner,21,9,Gains In Performance
2007-09-08,22,As If,Sara Evans,24,12,Gains In Performance
2007-09-08,23,Another Side Of You,Joe Nichols,25,17,Gains In Performance
2007-09-08,24,Just Might Have Her Radio On,Trent Tomlinson,22,23,Gains In Performance
2007-09-08,25,Nothin' Better To Do,LeAnn Rimes,27,13,Gains In Performance
2007-09-08,26,What Do Ya Think About That,Montgomery Gentry,28,6,Gains In Performance
2007-09-08,27,You Never Take Me Dancing,Travis Tritt,29,17,Gains In Performance
2007-09-08,28,"Heaven, Heartache And The Power Of Love",Trisha Yearwood,33,6,Gains In Performance
2007-09-08,29,Way Back Texas,Pat Green,30,14,Gains In Performance
2007-09-08,30,Tangled Up,Billy Currington,32,10,Gains In Performance
2007-09-08,31,Watching Airplanes,Gary Allan,36,6,Gains In Performance
2007-09-08,32,The More I Drink,Blake Shelton,37,10,Gains In Performance
2007-09-08,33,How Long,Eagles,44,2,Gains In Performance
2007-09-08,34,Sunday Morning In America,Keith Anderson,31,16,
2007-09-08,35,Last Train Running,Whiskey Falls,34,16,Gains In Performance
2007-09-08,36,This Is My Life,Phil Vassar,35,14,
2007-09-08,37,Everybody,Keith Urban,NEW,1,Gains In Performance
2007-09-08,38,What Kinda Gone,Chris Cagle,39,6,Gains In Performance
2007-09-08,39,Men Buy The Drinks (Girls Call The Shots),Steve Holy,38,14,
2007-09-08,40,I Got My Game On,Trace Adkins,40,3,Gains In Performance
2007-09-08,41,Between Raising Hell  And Amazing Grace,Big & Rich,45,3,Gains In Performance
2007-09-08,42,Laughed Until We Cried,Jason Aldean,50,3,Gains In Performance
2007-09-08,43,You Still Own Me,Emerson Drive,43,6,Gains In Performance
2007-09-08,44,Joyride,Jennifer Hanson,42,5,
2007-09-08,45,The One In The Middle,Sarah Johns,41,17,
2007-09-08,46,Guitar Slinger,Crossin Dixon,46,10,
2007-09-08,47,Rollin' With The Flow,Mark Chesnutt,49,2,Gains In Performance
2007-09-08,48,The Strong One,Clint Black,47,10,
2007-09-08,49,Our Song,Taylor Swift,55,2,Gains In Performance
2007-09-08,50,Nowhere Than Somewhere,Flynnville Train,53,8,Gains In Performance
2007-09-08,51,Bad For Me,Danielle Peck,52,9,Gains In Performance
2007-09-08,52,Biker Chick,Jo Dee Messina,48,7,
2007-09-08,53,Stealing Cinderella,Chuck Wicks,NEW,1,Gains In Performance
2007-09-08,54,"Ready, Set, Don't Go",Billy Ray Cyrus With Miley Cyrus,54,5,Gains In Performance
2007-09-08,55,When It Rains,Eli Young Band,NEW,1,Gains In Performance
2007-09-08,56,I'll Stand By You,Carrie Underwood,56,18,
2007-09-08,57,Till We Ain't Strangers Anymore,Bon Jovi Featuring LeAnn Rimes,NEW,1,Gains In Performance
2007-09-08,58,Goes Down Easy,Van Zant,NEW,1,Gains In Performance
2007-09-08,59,Country Girl,Rissi Palmer,58,2,Gains In Performance
2007-09-08,60,I'm With The Band,Little Big Town,NEW,1,Gains In Performance
2007-09-15,1,More Than A Memory,Garth Brooks,NEW,1,Gains In Performance
2007-09-15,2,These Are My People,Rodney Atkins,1,26,
2007-09-15,3,Take Me There,Rascal Flatts,4,9,Gains In Performance
2007-09-15,4,Because Of You,Reba McEntire Duet With Kelly Clarkson,2,16,
2007-09-15,5,Proud Of The House We Built,Brooks & Dunn,5,14,Gains In Performance
2007-09-15,6,Love Me If You Can,Toby Keith,6,13,Gains In Performance
2007-09-15,7,All My Friends Say,Luke Bryan,7,32,Gains In Performance
2007-09-15,8,Never Wanted Nothing More,Kenny Chesney,3,14,
2007-09-15,9,Online,Brad Paisley,8,11,Gains In Performance
2007-09-15,10,Everyday America,Sugarland,9,16,Gains In Performance
2007-09-15,11,If You're Reading This,Tim McGraw,10,16,Gains In Performance
2007-09-15,12,Free And Easy (Down The Road I Go),Dierks Bentley,12,15,Gains In Performance
2007-09-15,13,So Small,Carrie Underwood,11,5,
2007-09-15,14,Don't Blink,Kenny Chesney,16,2,Gains In Performance
2007-09-15,15,Livin' Our Love Song,Jason Michael Carroll,14,27,Gains In Performance
2007-09-15,16,Fall,Clay Walker,17,24,Gains In Performance
2007-09-15,17,How 'Bout Them Cowgirls,George Strait,19,4,Gains In Performance
2007-09-15,18,How I Feel,Martina McBride,15,20,
2007-09-15,19,Firecracker,Josh Turner,21,10,Gains In Performance
2007-09-15,20,Measure Of A Man,Jack Ingram,18,21,Gains In Performance
2007-09-15,21,Famous In A Small Town,Miranda Lambert,20,24,Gains In Performance
2007-09-15,22,As If,Sara Evans,22,13,Gains In Performance
2007-09-15,23,Just Might Have Her Radio On,Trent Tomlinson,24,24,Gains In Performance
2007-09-15,24,Another Side Of You,Joe Nichols,23,18,Gains In Performance
2007-09-15,25,What Do Ya Think About That,Montgomery Gentry,26,7,Gains In Performance
2007-09-15,26,Nothin' Better To Do,LeAnn Rimes,25,14,
2007-09-15,27,"Heaven, Heartache And The Power Of Love",Trisha Yearwood,28,7,Gains In Performance
2007-09-15,28,Everybody,Keith Urban,37,2,Gains In Performance
2007-09-15,29,How Long,Eagles,33,3,Gains In Performance
2007-09-15,30,You Never Take Me Dancing,Travis Tritt,27,18,
2007-09-15,31,Way Back Texas,Pat Green,29,15,
2007-09-15,32,Watching Airplanes,Gary Allan,31,7,Gains In Performance
2007-09-15,33,The More I Drink,Blake Shelton,32,11,Gains In Performance
2007-09-15,34,Tangled Up,Billy Currington,30,11,
2007-09-15,35,Last Train Running,Whiskey Falls,35,17,
2007-09-15,36,Sunday Morning In America,Keith Anderson,34,17,
2007-09-15,37,This Is My Life,Phil Vassar,36,15,
2007-09-15,38,Men Buy The Drinks (Girls Call The Shots),Steve Holy,39,15,Gains In Performance
2007-09-15,39,Laughed Until We Cried,Jason Aldean,42,4,Gains In Performance
2007-09-15,40,What Kinda Gone,Chris Cagle,38,7,Gains In Performance
2007-09-15,41,I Got My Game On,Trace Adkins,40,4,Gains In Performance
2007-09-15,42,Our Song,Taylor Swift,49,3,Gains In Performance
2007-09-15,43,You Still Own Me,Emerson Drive,43,7,Gains In Performance
2007-09-15,44,Between Raising Hell  And Amazing Grace,Big & Rich,41,4,
2007-09-15,45,The Strong One,Clint Black,48,11,Gains In Performance
2007-09-15,46,Joyride,Jennifer Hanson,44,6,
2007-09-15,47,Rollin' With The Flow,Mark Chesnutt,47,3,
2007-09-15,48,The One In The Middle,Sarah Johns,45,18,
2007-09-15,49,Guitar Slinger,Crossin Dixon,46,11,
2007-09-15,50,Bad For Me,Danielle Peck,51,10,
2007-09-15,51,Nowhere Than Somewhere,Flynnville Train,50,9,
2007-09-15,52,Stealing Cinderella,Chuck Wicks,53,2,Gains In Performance
2007-09-15,53,I'm With The Band,Little Big Town,60,2,Gains In Performance
2007-09-15,54,Somethin' About A Woman,Jake Owen,NEW,1,Gains In Performance
2007-09-15,55,When It Rains,Eli Young Band,55,2,Gains In Performance
2007-09-15,56,"Ready, Set, Don't Go",Billy Ray Cyrus With Miley Cyrus,54,6,
2007-09-15,57,Revolution,Rascal Flatts,RE,3,Gains In Performance
2007-09-15,58,Goes Down Easy,Van Zant,58,2,Gains In Performance
2007-09-15,59,I'll Stand By You,Carrie Underwood,56,19,Gains In Performance
2007-09-15,60,Country Girl,Rissi Palmer,59,3,Gains In Performance
2007-09-22,1,Take Me There,Rascal Flatts,3,10,Gains In Performance
2007-09-22,2,These Are My People,Rodney Atkins,2,27,
2007-09-22,3,Love Me If You Can,Toby Keith,6,14,Gains In Performance
2007-09-22,4,Proud Of The House We Built,Brooks & Dunn,5,15,Gains In Performance
2007-09-22,5,Because Of You,Reba McEntire Duet With Kelly Clarkson,4,17,
2007-09-22,6,Online,Brad Paisley,9,12,Gains In Performance
2007-09-22,7,All My Friends Say,Luke Bryan,7,33,Gains In Performance
2007-09-22,8,More Than A Memory,Garth Brooks,1,2,
2007-09-22,9,If You're Reading This,Tim McGraw,11,17,Gains In Performance
2007-09-22,10,Don't Blink,Kenny Chesney,14,3,Greatest gainer this week|Gains In Performance
2007-09-22,11,Everyday America,Sugarland,10,17,Gains In Performance
2007-09-22,12,So Small,Carrie Underwood,13,6,Gains In Performance
2007-09-22,13,Never Wanted Nothing More,Kenny Chesney,8,15,
2007-09-22,14,Free And Easy (Down The Road I Go),Dierks Bentley,12,16,Gains In Performance
2007-09-22,15,Livin' Our Love Song,Jason Michael Carroll,15,28,Gains In Performance
2007-09-22,16,How 'Bout Them Cowgirls,George Strait,17,5,Gains In Performance
2007-09-22,17,Fall,Clay Walker,16,25,Gains In Performance
2007-09-22,18,Firecracker,Josh Turner,19,11,Gains In Performance
2007-09-22,19,Famous In A Small Town,Miranda Lambert,21,25,Gains In Performance
2007-09-22,20,Measure Of A Man,Jack Ingram,20,22,Gains In Performance
2007-09-22,21,As If,Sara Evans,22,14,Gains In Performance
2007-09-22,22,Just Might Have Her Radio On,Trent Tomlinson,23,25,Gains In Performance
2007-09-22,23,Another Side Of You,Joe Nichols,24,19,Gains In Performance
2007-09-22,24,What Do Ya Think About That,Montgomery Gentry,25,8,Gains In Performance
2007-09-22,25,Nothin' Better To Do,LeAnn Rimes,26,15,Gains In Performance
2007-09-22,26,Everybody,Keith Urban,28,3,Gains In Performance
2007-09-22,27,"Heaven, Heartache And The Power Of Love",Trisha Yearwood,27,8,Gains In Performance
2007-09-22,28,How Long,Eagles,29,4,Gains In Performance
2007-09-22,29,You Never Take Me Dancing,Travis Tritt,30,19,Gains In Performance
2007-09-22,30,Way Back Texas,Pat Green,31,16,Gains In Performance
2007-09-22,31,Watching Airplanes,Gary Allan,32,8,Gains In Performance
2007-09-22,32,The More I Drink,Blake Shelton,33,12,Gains In Performance
2007-09-22,33,Tangled Up,Billy Currington,34,12,Gains In Performance
2007-09-22,34,Last Train Running,Whiskey Falls,35,18,Gains In Performance
2007-09-22,35,Laughed Until We Cried,Jason Aldean,39,5,Gains In Performance
2007-09-22,36,Our Song,Taylor Swift,42,4,Gains In Performance
2007-09-22,37,What Kinda Gone,Chris Cagle,40,8,Gains In Performance
2007-09-22,38,I Got My Game On,Trace Adkins,41,5,Gains In Performance
2007-09-22,39,You Still Own Me,Emerson Drive,43,8,Gains In Performance
2007-09-22,40,Men Buy The Drinks (Girls Call The Shots),Steve Holy,38,16,
2007-09-22,41,Between Raising Hell  And Amazing Grace,Big & Rich,44,5,Gains In Performance
2007-09-22,42,Stealing Cinderella,Chuck Wicks,52,3,Gains In Performance
2007-09-22,43,Sunday Morning In America,Keith Anderson,36,18,
2007-09-22,44,This Is My Life,Phil Vassar,37,16,
2007-09-22,45,Joyride,Jennifer Hanson,46,7,Gains In Performance
2007-09-22,46,The Strong One,Clint Black,45,12,
2007-09-22,47,Shiftwork,Kenny Chesney Duet With George Strait,NEW,1,Highest ranking debut|Gains In Performance
2007-09-22,48,I'm With The Band,Little Big Town,53,3,Gains In Performance
2007-09-22,49,Rollin' With The Flow,Mark Chesnutt,47,4,
2007-09-22,50,Nowhere Than Somewhere,Flynnville Train,51,10,Gains In Performance
2007-09-22,51,Bad For Me,Danielle Peck,50,11,Gains In Performance
2007-09-22,52,Guitar Slinger,Crossin Dixon,49,12,
2007-09-22,53,"Ready, Set, Don't Go",Billy Ray Cyrus With Miley Cyrus,56,7,Gains In Performance
2007-09-22,54,It's Good To Be Us,Bucky Covington,NEW,1,Gains In Performance
2007-09-22,55,When It Rains,Eli Young Band,55,3,Gains In Performance
2007-09-22,56,Somethin' About A Woman,Jake Owen,54,2,Gains In Performance
2007-09-22,57,The One In The Middle,Sarah Johns,48,19,
2007-09-22,58,Country Girl,Rissi Palmer,60,4,Gains In Performance
2007-09-22,59,Goes Down Easy,Van Zant,58,3,Gains In Performance
2007-09-22,60,Till We Ain't Strangers Anymore,Bon Jovi Featuring LeAnn Rimes,RE,2,Gains In Performance
2007-09-29,1,Take Me There,Rascal Flatts,1,11,Gains In Performance
2007-09-29,2,Love Me If You Can,Toby Keith,3,15,Gains In Performance
2007-09-29,3,Online,Brad Paisley,6,13,Gains In Performance
2007-09-29,4,Proud Of The House We Built,Brooks & Dunn,4,16,Gains In Performance
2007-09-29,5,All My Friends Say,Luke Bryan,7,34,Gains In Performance
2007-09-29,6,Don't Blink,Kenny Chesney,10,4,Greatest gainer this week|Gains In Performance
2007-09-29,7,More Than A Memory,Garth Brooks,8,3,Gains In Performance
2007-09-29,8,If You're Reading This,Tim McGraw,9,18,Gains In Performance
2007-09-29,9,Because Of You,Reba McEntire Duet With Kelly Clarkson,5,18,
2007-09-29,10,Free And Easy (Down The Road I Go),Dierks Bentley,14,17,Gains In Performance
2007-09-29,11,So Small,Carrie Underwood,12,7,Gains In Performance
2007-09-29,12,Never Wanted Nothing More,Kenny Chesney,13,16,
2007-09-29,13,Livin' Our Love Song,Jason Michael Carroll,15,29,Gains In Performance
2007-09-29,14,How 'Bout Them Cowgirls,George Strait,16,6,Gains In Performance
2007-09-29,15,Fall,Clay Walker,17,26,Gains In Performance
2007-09-29,16,Everyday America,Sugarland,11,18,
2007-09-29,17,Firecracker,Josh Turner,18,12,Gains In Performance
2007-09-29,18,Famous In A Small Town,Miranda Lambert,19,26,Gains In Performance
2007-09-29,19,Measure Of A Man,Jack Ingram,20,23,Gains In Performance
2007-09-29,20,As If,Sara Evans,21,15,Gains In Performance
2007-09-29,21,Everybody,Keith Urban,26,4,Gains In Performance
2007-09-29,22,Just Might Have Her Radio On,Trent Tomlinson,22,26,Gains In Performance
2007-09-29,23,Another Side Of You,Joe Nichols,23,20,Gains In Performance
2007-09-29,24,What Do Ya Think About That,Montgomery Gentry,24,9,Gains In Performance
2007-09-29,25,Nothin' Better To Do,LeAnn Rimes,25,16,Gains In Performance
2007-09-29,26,How Long,Eagles,28,5,Gains In Performance
2007-09-29,27,"Heaven, Heartache And The Power Of Love",Trisha Yearwood,27,9,Gains In Performance
2007-09-29,28,You Never Take Me Dancing,Travis Tritt,29,20,Gains In Performance
2007-09-29,29,Watching Airplanes,Gary Allan,31,9,Gains In Performance
2007-09-29,30,Our Song,Taylor Swift,36,5,Gains In Performance
2007-09-29,31,The More I Drink,Blake Shelton,32,13,Gains In Performance
2007-09-29,32,Way Back Texas,Pat Green,30,17,Gains In Performance
2007-09-29,33,Tangled Up,Billy Currington,33,13,Gains In Performance
2007-09-29,34,Last Train Running,Whiskey Falls,34,19,Gains In Performance
2007-09-29,35,Laughed Until We Cried,Jason Aldean,35,6,Gains In Performance
2007-09-29,36,Stealing Cinderella,Chuck Wicks,42,4,Gains In Performance
2007-09-29,37,What Kinda Gone,Chris Cagle,37,9,Gains In Performance
2007-09-29,38,You Still Own Me,Emerson Drive,39,9,Gains In Performance
2007-09-29,39,I Got My Game On,Trace Adkins,38,6,Gains In Performance
2007-09-29,40,Between Raising Hell  And Amazing Grace,Big & Rich,41,6,Gains In Performance
2007-09-29,41,Stay,Sugarland,NEW,1,Highest ranking debut|Gains In Performance
2007-09-29,42,Shiftwork,Kenny Chesney Duet With George Strait,47,2,Gains In Performance
2007-09-29,43,Joyride,Jennifer Hanson,45,8,Gains In Performance
2007-09-29,44,Rollin' With The Flow,Mark Chesnutt,49,5,Gains In Performance
2007-09-29,45,It's Good To Be Us,Bucky Covington,54,2,Gains In Performance
2007-09-29,46,Sunday Morning In America,Keith Anderson,43,19,
2007-09-29,47,Men Buy The Drinks (Girls Call The Shots),Steve Holy,40,17,
2007-09-29,48,International Harvester,Craig Morgan,NEW,1,Gains In Performance
2007-09-29,49,The Strong One,Clint Black,46,13,
2007-09-29,50,Till We Ain't Strangers Anymore,Bon Jovi Featuring LeAnn Rimes,60,3,Gains In Performance
2007-09-29,51,Somethin' About A Woman,Jake Owen,56,3,Gains In Performance
2007-09-29,52,When It Rains,Eli Young Band,55,4,Gains In Performance
2007-09-29,53,I'm With The Band,Little Big Town,48,4,
2007-09-29,54,Nowhere Than Somewhere,Flynnville Train,50,11,
2007-09-29,55,"Ready, Set, Don't Go",Billy Ray Cyrus With Miley Cyrus,53,8,Gains In Performance
2007-09-29,56,Wild Ride,Kenny Chesney Featuring Joe Walsh,NEW,1,Gains In Performance
2007-09-29,57,Better Get To Livin',Dolly Parton,NEW,1,Gains In Performance
2007-09-29,58,Goes Down Easy,Van Zant,59,4,Gains In Performance
2007-09-29,59,This Is My Life,Phil Vassar,44,17,
2007-09-29,60,Bad For Me,Danielle Peck,51,12,
2007-10-06,1,Take Me There,Rascal Flatts,1,12,Gains In Performance
2007-10-06,2,Online,Brad Paisley,3,14,Greatest gainer this week|Gains In Performance
2007-10-06,3,Love Me If You Can,Toby Keith,2,16,Gains In Performance
2007-10-06,4,Proud Of The House We Built,Brooks & Dunn,4,17,Gains In Performance
2007-10-06,5,Don't Blink,Kenny Chesney,6,5,Gains In Performance
2007-10-06,6,All My Friends Say,Luke Bryan,5,35,Gains In Performance
2007-10-06,7,If You're Reading This,Tim McGraw,8,19,Gains In Performance
2007-10-06,8,More Than A Memory,Garth Brooks,7,4,
2007-10-06,9,Free And Easy (Down The Road I Go),Dierks Bentley,10,18,Gains In Performance
2007-10-06,10,So Small,Carrie Underwood,11,8,Gains In Performance
2007-10-06,11,Livin' Our Love Song,Jason Michael Carroll,13,30,Gains In Performance
2007-10-06,12,Never Wanted Nothing More,Kenny Chesney,12,17,
2007-10-06,13,How 'Bout Them Cowgirls,George Strait,14,7,Gains In Performance
2007-10-06,14,Because Of You,Reba McEntire Duet With Kelly Clarkson,9,19,
2007-10-06,15,Fall,Clay Walker,15,27,Gains In Performance
2007-10-06,16,Firecracker,Josh Turner,17,13,Gains In Performance
2007-10-06,17,Famous In A Small Town,Miranda Lambert,18,27,Gains In Performance
2007-10-06,18,Everybody,Keith Urban,21,5,Gains In Performance
2007-10-06,19,As If,Sara Evans,20,16,Gains In Performance
2007-10-06,20,Measure Of A Man,Jack Ingram,19,24,Gains In Performance
2007-10-06,21,Just Might Have Her Radio On,Trent Tomlinson,22,27,Gains In Performance
2007-10-06,22,What Do Ya Think About That,Montgomery Gentry,24,10,Gains In Performance
2007-10-06,23,Nothin' Better To Do,LeAnn Rimes,25,17,Gains In Performance
2007-10-06,24,Another Side Of You,Joe Nichols,23,21,
2007-10-06,25,Everyday America,Sugarland,16,19,
2007-10-06,26,"Heaven, Heartache And The Power Of Love",Trisha Yearwood,27,10,Gains In Performance
2007-10-06,27,Our Song,Taylor Swift,30,6,Gains In Performance
2007-10-06,28,How Long,Eagles,26,6,Gains In Performance
2007-10-06,29,Watching Airplanes,Gary Allan,29,10,Gains In Performance
2007-10-06,30,You Never Take Me Dancing,Travis Tritt,28,21,Gains In Performance
2007-10-06,31,The More I Drink,Blake Shelton,31,14,Gains In Performance
2007-10-06,32,Way Back Texas,Pat Green,32,18,Gains In Performance
2007-10-06,33,Stealing Cinderella,Chuck Wicks,36,5,Gains In Performance
2007-10-06,34,Tangled Up,Billy Currington,33,14,Gains In Performance
2007-10-06,35,Last Train Running,Whiskey Falls,34,20,Gains In Performance
2007-10-06,36,Laughed Until We Cried,Jason Aldean,35,7,Gains In Performance
2007-10-06,37,I Got My Game On,Trace Adkins,39,7,Gains In Performance
2007-10-06,38,Stay,Sugarland,41,2,Gains In Performance
2007-10-06,39,You Still Own Me,Emerson Drive,38,10,Gains In Performance
2007-10-06,40,What Kinda Gone,Chris Cagle,37,10,Gains In Performance
2007-10-06,41,Between Raising Hell  And Amazing Grace,Big & Rich,40,7,Gains In Performance
2007-10-06,42,It's Good To Be Us,Bucky Covington,45,3,Gains In Performance
2007-10-06,43,International Harvester,Craig Morgan,48,2,Gains In Performance
2007-10-06,44,Rollin' With The Flow,Mark Chesnutt,44,6,Gains In Performance
2007-10-06,45,Red Umbrella,Faith Hill,NEW,1,Highest ranking debut|Gains In Performance
2007-10-06,46,Joyride,Jennifer Hanson,43,9,Gains In Performance
2007-10-06,47,The Strong One,Clint Black,49,14,Gains In Performance
2007-10-06,48,I'm With The Band,Little Big Town,53,5,Gains In Performance
2007-10-06,49,Till We Ain't Strangers Anymore,Bon Jovi Featuring LeAnn Rimes,50,4,Gains In Performance
2007-10-06,50,Goes Down Easy,Van Zant,58,5,Gains In Performance
2007-10-06,51,Somethin' About A Woman,Jake Owen,51,4,
2007-10-06,52,Sunday Morning In America,Keith Anderson,46,20,
2007-10-06,53,"Ready, Set, Don't Go",Billy Ray Cyrus With Miley Cyrus,55,9,
2007-10-06,54,Cleaning This Gun (Come On In Boy),Rodney Atkins,NEW,1,Gains In Performance
2007-10-06,55,When It Rains,Eli Young Band,52,5,
2007-10-06,56,Country Girl,Rissi Palmer,RE,5,Gains In Performance
2007-10-06,57,Nowhere Than Somewhere,Flynnville Train,54,12,
2007-10-06,58,Sinners Like Me,Eric Church,NEW,1,Gains In Performance
2007-10-06,59,Things That Never Cross A Man's Mind,Kellie Pickler,NEW,1,
2007-10-06,60,The Power Of One,Bomshel,NEW,1,Gains In Performance
2007-10-13,1,Online,Brad Paisley,2,15,Gains In Performance
2007-10-13,2,Take Me There,Rascal Flatts,1,13,
2007-10-13,3,Love Me If You Can,Toby Keith,3,17,Gains In Performance
2007-10-13,4,Proud Of The House We Built,Brooks & Dunn,4,18,Gains In Performance
2007-10-13,5,Don't Blink,Kenny Chesney,5,6,Gains In Performance
2007-10-13,6,If You're Reading This,Tim McGraw,7,20,Greatest gainer this week|Gains In Performance
2007-10-13,7,All My Friends Say,Luke Bryan,6,36,
2007-10-13,8,Free And Easy (Down The Road I Go),Dierks Bentley,9,19,Gains In Performance
2007-10-13,9,So Small,Carrie Underwood,10,9,Gains In Performance
2007-10-13,10,More Than A Memory,Garth Brooks,8,5,Gains In Performance
2007-10-13,11,Livin' Our Love Song,Jason Michael Carroll,11,31,Gains In Performance
2007-10-13,12,How 'Bout Them Cowgirls,George Strait,13,8,Gains In Performance
2007-10-13,13,Never Wanted Nothing More,Kenny Chesney,12,18,
2007-10-13,14,Fall,Clay Walker,15,28,Gains In Performance
2007-10-13,15,Firecracker,Josh Turner,16,14,Gains In Performance
2007-10-13,16,Famous In A Small Town,Miranda Lambert,17,28,Gains In Performance
2007-10-13,17,Everybody,Keith Urban,18,6,Gains In Performance
2007-10-13,18,Because Of You,Reba McEntire Duet With Kelly Clarkson,14,20,
2007-10-13,19,As If,Sara Evans,19,17,Gains In Performance
2007-10-13,20,What Do Ya Think About That,Montgomery Gentry,22,11,Gains In Performance
2007-10-13,21,Another Side Of You,Joe Nichols,24,22,Gains In Performance
2007-10-13,22,Nothin' Better To Do,LeAnn Rimes,23,18,Gains In Performance
2007-10-13,23,Our Song,Taylor Swift,27,7,Gains In Performance
2007-10-13,24,"Heaven, Heartache And The Power Of Love",Trisha Yearwood,26,11,Gains In Performance
2007-10-13,25,How Long,Eagles,28,7,
2007-10-13,26,Everyday America,Sugarland,25,20,
2007-10-13,27,Watching Airplanes,Gary Allan,29,11,Gains In Performance
2007-10-13,28,The More I Drink,Blake Shelton,31,15,Gains In Performance
2007-10-13,29,Stay,Sugarland,38,3,Gains In Performance
2007-10-13,30,Way Back Texas,Pat Green,32,19,Gains In Performance
2007-10-13,31,Stealing Cinderella,Chuck Wicks,33,6,Gains In Performance
2007-10-13,32,Tangled Up,Billy Currington,34,15,Gains In Performance
2007-10-13,33,Last Train Running,Whiskey Falls,35,21,Gains In Performance
2007-10-13,34,Laughed Until We Cried,Jason Aldean,36,8,Gains In Performance
2007-10-13,35,You Still Own Me,Emerson Drive,39,11,Gains In Performance
2007-10-13,36,I Got My Game On,Trace Adkins,37,8,
2007-10-13,37,What Kinda Gone,Chris Cagle,40,11,Gains In Performance
2007-10-13,38,International Harvester,Craig Morgan,43,3,Gains In Performance
2007-10-13,39,Between Raising Hell  And Amazing Grace,Big & Rich,41,8,Gains In Performance
2007-10-13,40,Red Umbrella,Faith Hill,45,2,Gains In Performance
2007-10-13,41,It's Good To Be Us,Bucky Covington,42,4,Gains In Performance
2007-10-13,42,The Strong One,Clint Black,47,15,Gains In Performance
2007-10-13,43,Joyride,Jennifer Hanson,46,10,Gains In Performance
2007-10-13,44,Rollin' With The Flow,Mark Chesnutt,44,7,
2007-10-13,45,Things That Never Cross A Man's Mind,Kellie Pickler,59,2,Gains In Performance
2007-10-13,46,I'm With The Band,Little Big Town,48,6,
2007-10-13,47,Cleaning This Gun (Come On In Boy),Rodney Atkins,54,2,Gains In Performance
2007-10-13,48,Till We Ain't Strangers Anymore,Bon Jovi Featuring LeAnn Rimes,49,5,
2007-10-13,49,Somethin' About A Woman,Jake Owen,51,5,Gains In Performance
2007-10-13,50,When It Rains,Eli Young Band,55,6,Gains In Performance
2007-10-13,51,Goes Down Easy,Van Zant,50,6,
2007-10-13,52,Better Get To Livin',Dolly Parton,RE,2,Gains In Performance
2007-10-13,53,"Ready, Set, Don't Go",Billy Ray Cyrus With Miley Cyrus,53,10,Gains In Performance
2007-10-13,54,Country Girl,Rissi Palmer,56,6,Gains In Performance
2007-10-13,55,The Power Of One,Bomshel,60,2,Gains In Performance
2007-10-13,56,Still Feels Good,Rascal Flatts,NEW,1,Highest ranking debut|Gains In Performance
2007-10-13,57,Shiftwork,Kenny Chesney Duet With George Strait,RE,3,Gains In Performance
2007-10-13,58,Sinners Like Me,Eric Church,58,2,
2007-10-13,59,What If It's Me,Andy Griggs,NEW,1,Gains In Performance
2007-10-13,60,Once A Woman Gets A Hold Of Your Heart,Heartland,NEW,1,Gains In Performance
2007-10-20,1,Love Me If You Can,Toby Keith,3,18,Gains In Performance
2007-10-20,2,Don't Blink,Kenny Chesney,5,7,Gains In Performance
2007-10-20,3,Online,Brad Paisley,1,16,
2007-10-20,4,If You're Reading This,Tim McGraw,6,21,Gains In Performance
2007-10-20,5,Take Me There,Rascal Flatts,2,14,
2007-10-20,6,Proud Of The House We Built,Brooks & Dunn,4,19,
2007-10-20,7,Free And Easy (Down The Road I Go),Dierks Bentley,8,20,Gains In Performance
2007-10-20,8,So Small,Carrie Underwood,9,10,Gains In Performance
2007-10-20,9,More Than A Memory,Garth Brooks,10,6,Gains In Performance
2007-10-20,10,All My Friends Say,Luke Bryan,7,37,
2007-10-20,11,How 'Bout Them Cowgirls,George Strait,12,9,Gains In Performance
2007-10-20,12,Livin' Our Love Song,Jason Michael Carroll,11,32,Gains In Performance
2007-10-20,13,Fall,Clay Walker,14,29,Gains In Performance
2007-10-20,14,Firecracker,Josh Turner,15,15,Gains In Performance
2007-10-20,15,Everybody,Keith Urban,17,7,Gains In Performance
2007-10-20,16,Never Wanted Nothing More,Kenny Chesney,13,19,
2007-10-20,17,Famous In A Small Town,Miranda Lambert,16,29,Gains In Performance
2007-10-20,18,As If,Sara Evans,19,18,Gains In Performance
2007-10-20,19,What Do Ya Think About That,Montgomery Gentry,20,12,Gains In Performance
2007-10-20,20,Our Song,Taylor Swift,23,8,Gains In Performance
2007-10-20,21,Nothin' Better To Do,LeAnn Rimes,22,19,Gains In Performance
2007-10-20,22,Another Side Of You,Joe Nichols,21,23,Gains In Performance
2007-10-20,23,"Heaven, Heartache And The Power Of Love",Trisha Yearwood,24,12,Gains In Performance
2007-10-20,24,Watching Airplanes,Gary Allan,27,12,Gains In Performance
2007-10-20,25,Stay,Sugarland,29,4,Gains In Performance
2007-10-20,26,How Long,Eagles,25,8,Gains In Performance
2007-10-20,27,The More I Drink,Blake Shelton,28,16,Gains In Performance
2007-10-20,28,Stealing Cinderella,Chuck Wicks,31,7,Gains In Performance
2007-10-20,29,Way Back Texas,Pat Green,30,20,Gains In Performance
2007-10-20,30,Tangled Up,Billy Currington,32,16,Gains In Performance
2007-10-20,31,Laughed Until We Cried,Jason Aldean,34,9,Gains In Performance
2007-10-20,32,Last Train Running,Whiskey Falls,33,22,
2007-10-20,33,What Kinda Gone,Chris Cagle,37,12,Gains In Performance
2007-10-20,34,I Got My Game On,Trace Adkins,36,9,Gains In Performance
2007-10-20,35,You Still Own Me,Emerson Drive,35,12,Gains In Performance
2007-10-20,36,Red Umbrella,Faith Hill,40,3,Gains In Performance
2007-10-20,37,International Harvester,Craig Morgan,38,4,Gains In Performance
2007-10-20,38,Between Raising Hell  And Amazing Grace,Big & Rich,39,9,Gains In Performance
2007-10-20,39,It's Good To Be Us,Bucky Covington,41,5,Gains In Performance
2007-10-20,40,Cleaning This Gun (Come On In Boy),Rodney Atkins,47,3,Gains In Performance
2007-10-20,41,Rollin' With The Flow,Mark Chesnutt,44,8,Gains In Performance
2007-10-20,42,The Strong One,Clint Black,42,16,Gains In Performance
2007-10-20,43,Joyride,Jennifer Hanson,43,11,Gains In Performance
2007-10-20,44,I'm With The Band,Little Big Town,46,7,Gains In Performance
2007-10-20,45,Goes Down Easy,Van Zant,51,7,Gains In Performance
2007-10-20,46,Things That Never Cross A Man's Mind,Kellie Pickler,45,3,Gains In Performance
2007-10-20,47,Somethin' About A Woman,Jake Owen,49,6,Gains In Performance
2007-10-20,48,"Ready, Set, Don't Go",Billy Ray Cyrus With Miley Cyrus,53,11,Gains In Performance
2007-10-20,49,When It Rains,Eli Young Band,50,7,Gains In Performance
2007-10-20,50,Better Get To Livin',Dolly Parton,52,3,Gains In Performance
2007-10-20,51,Takin' Off This Pain,Ashton Shepherd,NEW,1,Highest ranking debut|Gains In Performance
2007-10-20,52,Sinners Like Me,Eric Church,58,3,Gains In Performance
2007-10-20,53,Love Don't Live Here,Lady Antebellum,NEW,1,Gains In Performance
2007-10-20,54,Shiftwork,Kenny Chesney Duet With George Strait,57,4,Gains In Performance
2007-10-20,55,Country Girl,Rissi Palmer,54,7,
2007-10-20,56,Cowboy Town,Brooks & Dunn,NEW,1,Gains In Performance
2007-10-20,57,Happy Endings,Lee Brice,NEW,1,Gains In Performance
2007-10-20,58,Just Got Started Lovin' You,James Otto,NEW,1,Gains In Performance
2007-10-20,59,What If It's Me,Andy Griggs,59,2,
2007-10-20,60,You Don't Have To Go Home,Gretchen Wilson,NEW,1,Gains In Performance
2007-10-27,1,Don't Blink,Kenny Chesney,2,8,Gains In Performance
2007-10-27,2,Love Me If You Can,Toby Keith,1,19,
2007-10-27,3,If You're Reading This,Tim McGraw,4,22,Gains In Performance
2007-10-27,4,Free And Easy (Down The Road I Go),Dierks Bentley,7,21,Gains In Performance
2007-10-27,5,So Small,Carrie Underwood,8,11,Gains In Performance
2007-10-27,6,Proud Of The House We Built,Brooks & Dunn,6,20,
2007-10-27,7,Online,Brad Paisley,3,17,
2007-10-27,8,More Than A Memory,Garth Brooks,9,7,Gains In Performance
2007-10-27,9,Take Me There,Rascal Flatts,5,15,
2007-10-27,10,Livin' Our Love Song,Jason Michael Carroll,12,33,Gains In Performance
2007-10-27,11,How 'Bout Them Cowgirls,George Strait,11,10,Gains In Performance
2007-10-27,12,Fall,Clay Walker,13,30,Gains In Performance
2007-10-27,13,Firecracker,Josh Turner,14,16,Gains In Performance
2007-10-27,14,Everybody,Keith Urban,15,8,Gains In Performance
2007-10-27,15,Our Song,Taylor Swift,20,9,Gains In Performance
2007-10-27,16,As If,Sara Evans,18,19,Gains In Performance
2007-10-27,17,What Do Ya Think About That,Montgomery Gentry,19,13,Gains In Performance
2007-10-27,18,Famous In A Small Town,Miranda Lambert,17,30,Gains In Performance
2007-10-27,19,Never Wanted Nothing More,Kenny Chesney,16,20,
2007-10-27,20,Nothin' Better To Do,LeAnn Rimes,21,20,Gains In Performance
2007-10-27,21,Another Side Of You,Joe Nichols,22,24,Gains In Performance
2007-10-27,22,Watching Airplanes,Gary Allan,24,13,Gains In Performance
2007-10-27,23,"Heaven, Heartache And The Power Of Love",Trisha Yearwood,23,13,Gains In Performance
2007-10-27,24,Stay,Sugarland,25,5,Gains In Performance
2007-10-27,25,Stealing Cinderella,Chuck Wicks,28,8,Gains In Performance
2007-10-27,26,The More I Drink,Blake Shelton,27,17,Gains In Performance
2007-10-27,27,How Long,Eagles,26,9,
2007-10-27,28,Way Back Texas,Pat Green,29,21,Gains In Performance
2007-10-27,29,Laughed Until We Cried,Jason Aldean,31,10,Gains In Performance
2007-10-27,30,Tangled Up,Billy Currington,30,17,Gains In Performance
2007-10-27,31,What Kinda Gone,Chris Cagle,33,13,Gains In Performance
2007-10-27,32,Last Train Running,Whiskey Falls,32,23,Gains In Performance
2007-10-27,33,"Ready, Set, Don't Go",Billy Ray Cyrus With Miley Cyrus,48,12,Greatest gainer this week|Gains In Performance
2007-10-27,34,Red Umbrella,Faith Hill,36,4,Gains In Performance
2007-10-27,35,International Harvester,Craig Morgan,37,5,Gains In Performance
2007-10-27,36,You Still Own Me,Emerson Drive,35,13,Gains In Performance
2007-10-27,37,I Got My Game On,Trace Adkins,34,10,Gains In Performance
2007-10-27,38,Cleaning This Gun (Come On In Boy),Rodney Atkins,40,4,Gains In Performance
2007-10-27,39,It's Good To Be Us,Bucky Covington,39,6,Gains In Performance
2007-10-27,40,Between Raising Hell  And Amazing Grace,Big & Rich,38,10,Gains In Performance
2007-10-27,41,Winner At A Losing Game,Rascal Flatts,NEW,1,Highest ranking debut|Gains In Performance
2007-10-27,42,Rollin' With The Flow,Mark Chesnutt,41,9,Gains In Performance
2007-10-27,43,I'm With The Band,Little Big Town,44,8,Gains In Performance
2007-10-27,44,Joyride,Jennifer Hanson,43,12,Gains In Performance
2007-10-27,45,Things That Never Cross A Man's Mind,Kellie Pickler,46,4,Gains In Performance
2007-10-27,46,Somethin' About A Woman,Jake Owen,47,7,Gains In Performance
2007-10-27,47,The Strong One,Clint Black,42,17,
2007-10-27,48,Takin' Off This Pain,Ashton Shepherd,51,2,Gains In Performance
2007-10-27,49,Goes Down Easy,Van Zant,45,8,
2007-10-27,50,When It Rains,Eli Young Band,49,8,
2007-10-27,51,Love Don't Live Here,Lady Antebellum,53,2,Gains In Performance
2007-10-27,52,What If It's Me,Andy Griggs,59,3,Gains In Performance
2007-10-27,53,Happy Endings,Lee Brice,57,2,Gains In Performance
2007-10-27,54,Sinners Like Me,Eric Church,52,4,Gains In Performance
2007-10-27,55,Better Get To Livin',Dolly Parton,50,4,
2007-10-27,56,Once A Woman Gets A Hold Of Your Heart,Heartland,RE,2,Gains In Performance
2007-10-27,57,Till We Ain't Strangers Anymore,Bon Jovi Featuring LeAnn Rimes,RE,6,Gains In Performance
2007-10-27,58,You Don't Have To Go Home,Gretchen Wilson,60,2,Gains In Performance
2007-10-27,59,The Power Of One,Bomshel,RE,3,Gains In Performance
2007-10-27,60,Letter To Me,Brad Paisley,NEW,1,Gains In Performance
2007-11-03,1,Don't Blink,Kenny Chesney,1,9,
2007-11-03,2,Free And Easy (Down The Road I Go),Dierks Bentley,4,22,Gains In Performance
2007-11-03,3,If You're Reading This,Tim McGraw,3,23,
2007-11-03,4,So Small,Carrie Underwood,5,12,Gains In Performance
2007-11-03,5,Love Me If You Can,Toby Keith,2,20,
2007-11-03,6,More Than A Memory,Garth Brooks,8,8,Gains In Performance
2007-11-03,7,Online,Brad Paisley,7,18,
2007-11-03,8,Livin' Our Love Song,Jason Michael Carroll,10,34,Gains In Performance
2007-11-03,9,How 'Bout Them Cowgirls,George Strait,11,11,Gains In Performance
2007-11-03,10,Fall,Clay Walker,12,31,Gains In Performance
2007-11-03,11,Firecracker,Josh Turner,13,17,Gains In Performance
2007-11-03,12,Take Me There,Rascal Flatts,9,16,
2007-11-03,13,Our Song,Taylor Swift,15,10,Gains In Performance
2007-11-03,14,Everybody,Keith Urban,14,9,Gains In Performance
2007-11-03,15,As If,Sara Evans,16,20,Gains In Performance
2007-11-03,16,What Do Ya Think About That,Montgomery Gentry,17,14,Gains In Performance
2007-11-03,17,Famous In A Small Town,Miranda Lambert,18,31,Gains In Performance
2007-11-03,18,Another Side Of You,Joe Nichols,21,25,Gains In Performance
2007-11-03,19,Nothin' Better To Do,LeAnn Rimes,20,21,Gains In Performance
2007-11-03,20,Stay,Sugarland,24,6,Gains In Performance
2007-11-03,21,Watching Airplanes,Gary Allan,22,14,Gains In Performance
2007-11-03,22,"Heaven, Heartache And The Power Of Love",Trisha Yearwood,23,14,
2007-11-03,23,Winner At A Losing Game,Rascal Flatts,41,2,Gains In Performance
2007-11-03,24,Stealing Cinderella,Chuck Wicks,25,9,Gains In Performance
2007-11-03,25,The More I Drink,Blake Shelton,26,18,Gains In Performance
2007-11-03,26,How Long,Eagles,27,10,
2007-11-03,27,"Ready, Set, Don't Go",Billy Ray Cyrus With Miley Cyrus,33,13,Gains In Performance
2007-11-03,28,Way Back Texas,Pat Green,28,22,
2007-11-03,29,Laughed Until We Cried,Jason Aldean,29,11,Gains In Performance
2007-11-03,30,What Kinda Gone,Chris Cagle,31,14,Gains In Performance
2007-11-03,31,Tangled Up,Billy Currington,30,18,
2007-11-03,32,International Harvester,Craig Morgan,35,6,Gains In Performance
2007-11-03,33,Cleaning This Gun (Come On In Boy),Rodney Atkins,38,5,Gains In Performance
2007-11-03,34,Red Umbrella,Faith Hill,34,5,Gains In Performance
2007-11-03,35,You Still Own Me,Emerson Drive,36,14,Gains In Performance
2007-11-03,36,It's Good To Be Us,Bucky Covington,39,7,Gains In Performance
2007-11-03,37,I Got My Game On,Trace Adkins,37,11,
2007-11-03,38,Letter To Me,Brad Paisley,60,2,Gains In Performance
2007-11-03,39,Between Raising Hell  And Amazing Grace,Big & Rich,40,11,
2007-11-03,40,Rollin' With The Flow,Mark Chesnutt,42,10,Gains In Performance
2007-11-03,41,I'm With The Band,Little Big Town,43,9,Gains In Performance
2007-11-03,42,Things That Never Cross A Man's Mind,Kellie Pickler,45,5,Gains In Performance
2007-11-03,43,Joyride,Jennifer Hanson,44,13,
2007-11-03,44,Takin' Off This Pain,Ashton Shepherd,48,3,Gains In Performance
2007-11-03,45,Love Don't Live Here,Lady Antebellum,51,3,Gains In Performance
2007-11-03,46,Somethin' About A Woman,Jake Owen,46,8,
2007-11-03,47,The Strong One,Clint Black,47,18,
2007-11-03,48,Goes Down Easy,Van Zant,49,9,Gains In Performance
2007-11-03,49,Get My Drink On,Toby Keith,NEW,1,Highest ranking debut|Gains In Performance
2007-11-03,50,Happy Endings,Lee Brice,53,3,Gains In Performance
2007-11-03,51,We Weren't Crazy,Josh Gracin,NEW,1,Gains In Performance
2007-11-03,52,Till We Ain't Strangers Anymore,Bon Jovi Featuring LeAnn Rimes,57,7,Gains In Performance
2007-11-03,53,You Don't Have To Go Home,Gretchen Wilson,58,3,Gains In Performance
2007-11-03,54,Once A Woman Gets A Hold Of Your Heart,Heartland,56,3,Gains In Performance
2007-11-03,55,What If It's Me,Andy Griggs,52,4,
2007-11-03,56,Sinners Like Me,Eric Church,54,5,
2007-11-03,57,The Power Of One,Bomshel,59,4,Gains In Performance
2007-11-03,58,Cowboy Town,Brooks & Dunn,RE,2,Gains In Performance
2007-11-03,59,Better Get To Livin',Dolly Parton,55,5,
2007-11-03,60,We Rode In Trucks,Luke Bryan,NEW,1,Gains In Performance
2007-11-10,1,Don't Blink,Kenny Chesney,1,10,Gains In Performance
2007-11-10,2,Free And Easy (Down The Road I Go),Dierks Bentley,2,23,Gains In Performance
2007-11-10,3,So Small,Carrie Underwood,4,13,Gains In Performance
2007-11-10,4,More Than A Memory,Garth Brooks,6,9,Gains In Performance
2007-11-10,5,If You're Reading This,Tim McGraw,3,24,
2007-11-10,6,How 'Bout Them Cowgirls,George Strait,9,12,Gains In Performance
2007-11-10,7,Fall,Clay Walker,10,32,Gains In Performance
2007-11-10,8,Firecracker,Josh Turner,11,18,Gains In Performance
2007-11-10,9,Livin' Our Love Song,Jason Michael Carroll,8,35,Gains In Performance
2007-11-10,10,Our Song,Taylor Swift,13,11,Gains In Performance
2007-11-10,11,Online,Brad Paisley,7,19,
2007-11-10,12,Everybody,Keith Urban,14,10,Gains In Performance
2007-11-10,13,What Do Ya Think About That,Montgomery Gentry,16,15,Gains In Performance
2007-11-10,14,As If,Sara Evans,15,21,Gains In Performance
2007-11-10,15,Take Me There,Rascal Flatts,12,17,
2007-11-10,16,Famous In A Small Town,Miranda Lambert,17,32,Gains In Performance
2007-11-10,17,Another Side Of You,Joe Nichols,18,26,Gains In Performance
2007-11-10,18,Stay,Sugarland,20,7,Gains In Performance
2007-11-10,19,Nothin' Better To Do,LeAnn Rimes,19,22,Gains In Performance
2007-11-10,20,Winner At A Losing Game,Rascal Flatts,23,3,Greatest gainer this week|Gains In Performance
2007-11-10,21,Watching Airplanes,Gary Allan,21,15,Gains In Performance
2007-11-10,22,"Heaven, Heartache And The Power Of Love",Trisha Yearwood,22,15,Gains In Performance
2007-11-10,23,"Ready, Set, Don't Go",Billy Ray Cyrus With Miley Cyrus,27,14,Gains In Performance
2007-11-10,24,Stealing Cinderella,Chuck Wicks,24,10,Gains In Performance
2007-11-10,25,The More I Drink,Blake Shelton,25,19,Gains In Performance
2007-11-10,26,How Long,Eagles,26,11,Gains In Performance
2007-11-10,27,What Kinda Gone,Chris Cagle,30,15,Gains In Performance
2007-11-10,28,International Harvester,Craig Morgan,32,7,Gains In Performance
2007-11-10,29,Laughed Until We Cried,Jason Aldean,29,12,Gains In Performance
2007-11-10,30,Letter To Me,Brad Paisley,38,3,Gains In Performance
2007-11-10,31,Cleaning This Gun (Come On In Boy),Rodney Atkins,33,6,Gains In Performance
2007-11-10,32,Red Umbrella,Faith Hill,34,6,Gains In Performance
2007-11-10,33,Tangled Up,Billy Currington,31,19,
2007-11-10,34,You Still Own Me,Emerson Drive,35,15,Gains In Performance
2007-11-10,35,It's Good To Be Us,Bucky Covington,36,8,Gains In Performance
2007-11-10,36,I Got My Game On,Trace Adkins,37,12,Gains In Performance
2007-11-10,37,Between Raising Hell  And Amazing Grace,Big & Rich,39,12,
2007-11-10,38,Rollin' With The Flow,Mark Chesnutt,40,11,Gains In Performance
2007-11-10,39,I'm With The Band,Little Big Town,41,10,Gains In Performance
2007-11-10,40,Things That Never Cross A Man's Mind,Kellie Pickler,42,6,Gains In Performance
2007-11-10,41,Get My Drink On,Toby Keith,49,2,Gains In Performance
2007-11-10,42,Love Don't Live Here,Lady Antebellum,45,4,Gains In Performance
2007-11-10,43,The Strong One,Clint Black,47,19,Gains In Performance
2007-11-10,44,Somethin' About A Woman,Jake Owen,46,9,Gains In Performance
2007-11-10,45,Joyride,Jennifer Hanson,43,14,
2007-11-10,46,Takin' Off This Pain,Ashton Shepherd,44,4,
2007-11-10,47,Till We Ain't Strangers Anymore,Bon Jovi Featuring LeAnn Rimes,52,8,Gains In Performance
2007-11-10,48,Goes Down Easy,Van Zant,48,10,
2007-11-10,49,Happy Endings,Lee Brice,50,4,Gains In Performance
2007-11-10,50,We Weren't Crazy,Josh Gracin,51,2,
2007-11-10,51,Sinners Like Me,Eric Church,56,6,Gains In Performance
2007-11-10,52,The Power Of One,Bomshel,57,5,Gains In Performance
2007-11-10,53,Once A Woman Gets A Hold Of Your Heart,Heartland,54,4,
2007-11-10,54,Just Got Started Lovin' You,James Otto,RE,2,Gains In Performance
2007-11-10,55,Load Up The Bases (The Baseball Song),Whiskey Falls,NEW,1,Highest ranking debut|Gains In Performance
2007-11-10,56,You Don't Have To Go Home,Gretchen Wilson,53,4,
2007-11-10,57,God Must Be Busy,Brooks & Dunn,NEW,1,Gains In Performance
2007-11-10,58,What If It's Me,Andy Griggs,55,5,
2007-11-10,59,We Rode In Trucks,Luke Bryan,60,2,Gains In Performance
2007-11-10,60,Make You Mine,Crossin Dixon,NEW,1,Gains In Performance
2007-11-17,1,Don't Blink,Kenny Chesney,1,11,
2007-11-17,2,Free And Easy (Down The Road I Go),Dierks Bentley,2,24,Gains In Performance
2007-11-17,3,So Small,Carrie Underwood,3,14,Gains In Performance
2007-11-17,4,More Than A Memory,Garth Brooks,4,10,Gains In Performance
2007-11-17,5,Fall,Clay Walker,7,33,Gains In Performance
2007-11-17,6,How 'Bout Them Cowgirls,George Strait,6,13,Gains In Performance
2007-11-17,7,Livin' Our Love Song,Jason Michael Carroll,9,36,Gains In Performance
2007-11-17,8,Firecracker,Josh Turner,8,19,Gains In Performance
2007-11-17,9,If You're Reading This,Tim McGraw,5,25,
2007-11-17,10,Our Song,Taylor Swift,10,12,Gains In Performance
2007-11-17,11,Everybody,Keith Urban,12,11,Gains In Performance
2007-11-17,12,What Do Ya Think About That,Montgomery Gentry,13,16,Gains In Performance
2007-11-17,13,As If,Sara Evans,14,22,Gains In Performance
2007-11-17,14,Famous In A Small Town,Miranda Lambert,16,33,Gains In Performance
2007-11-17,15,Online,Brad Paisley,11,20,
2007-11-17,16,Winner At A Losing Game,Rascal Flatts,20,4,Gains In Performance
2007-11-17,17,Take Me There,Rascal Flatts,15,18,
2007-11-17,18,Stay,Sugarland,18,8,Gains In Performance
2007-11-17,19,Nothin' Better To Do,LeAnn Rimes,19,23,Gains In Performance
2007-11-17,20,Another Side Of You,Joe Nichols,17,27,Gains In Performance
2007-11-17,21,Watching Airplanes,Gary Allan,21,16,Gains In Performance
2007-11-17,22,"Ready, Set, Don't Go",Billy Ray Cyrus With Miley Cyrus,23,15,Greatest gainer this week|Gains In Performance
2007-11-17,23,"Heaven, Heartache And The Power Of Love",Trisha Yearwood,22,16,Gains In Performance
2007-11-17,24,Stealing Cinderella,Chuck Wicks,24,11,Gains In Performance
2007-11-17,25,The More I Drink,Blake Shelton,25,20,Gains In Performance
2007-11-17,26,Letter To Me,Brad Paisley,30,4,Gains In Performance
2007-11-17,27,How Long,Eagles,26,12,Gains In Performance
2007-11-17,28,Laughed Until We Cried,Jason Aldean,29,13,Gains In Performance
2007-11-17,29,International Harvester,Craig Morgan,28,8,Gains In Performance
2007-11-17,30,What Kinda Gone,Chris Cagle,27,16,Gains In Performance
2007-11-17,31,Cleaning This Gun (Come On In Boy),Rodney Atkins,31,7,Gains In Performance
2007-11-17,32,Red Umbrella,Faith Hill,32,7,Gains In Performance
2007-11-17,33,Tangled Up,Billy Currington,33,20,
2007-11-17,34,You Still Own Me,Emerson Drive,34,16,Gains In Performance
2007-11-17,35,It's Good To Be Us,Bucky Covington,35,9,Gains In Performance
2007-11-17,36,Get My Drink On,Toby Keith,41,3,Gains In Performance
2007-11-17,37,I Got My Game On,Trace Adkins,36,13,
2007-11-17,38,Rollin' With The Flow,Mark Chesnutt,38,12,Gains In Performance
2007-11-17,39,Things That Never Cross A Man's Mind,Kellie Pickler,40,7,Gains In Performance
2007-11-17,40,I'm With The Band,Little Big Town,39,11,Gains In Performance
2007-11-17,41,Between Raising Hell  And Amazing Grace,Big & Rich,37,13,
2007-11-17,42,Love Don't Live Here,Lady Antebellum,42,5,Gains In Performance
2007-11-17,43,The Strong One,Clint Black,43,20,Gains In Performance
2007-11-17,44,God Must Be Busy,Brooks & Dunn,57,2,Gains In Performance
2007-11-17,45,Takin' Off This Pain,Ashton Shepherd,46,5,Gains In Performance
2007-11-17,46,Somethin' About A Woman,Jake Owen,44,10,Gains In Performance
2007-11-17,47,We Weren't Crazy,Josh Gracin,50,3,Gains In Performance
2007-11-17,48,For These Times,Martina McBride,NEW,1,Highest ranking debut|Gains In Performance
2007-11-17,49,Goes Down Easy,Van Zant,48,11,
2007-11-17,50,Till We Ain't Strangers Anymore,Bon Jovi Featuring LeAnn Rimes,47,9,
2007-11-17,51,Love Is A Beautiful Thing,Phil Vassar,NEW,1,Gains In Performance
2007-11-17,52,Happy Endings,Lee Brice,49,5,
2007-11-17,53,Better Get To Livin',Dolly Parton,RE,6,Gains In Performance
2007-11-17,54,Once A Woman Gets A Hold Of Your Heart,Heartland,53,5,Gains In Performance
2007-11-17,55,Sinners Like Me,Eric Church,51,7,
2007-11-17,56,You Don't Have To Go Home,Gretchen Wilson,56,5,Gains In Performance
2007-11-17,57,Just Got Started Lovin' You,James Otto,54,3,Gains In Performance
2007-11-17,58,The Power Of One,Bomshel,52,6,
2007-11-17,59,What If It's Me,Andy Griggs,58,6,Gains In Performance
2007-11-17,60,Make You Mine,Crossin Dixon,60,2,Gains In Performance
2007-11-24,1,Free And Easy (Down The Road I Go),Dierks Bentley,2,25,Gains In Performance
2007-11-24,2,Don't Blink,Kenny Chesney,1,12,
2007-11-24,3,So Small,Carrie Underwood,3,15,Gains In Performance
2007-11-24,4,More Than A Memory,Garth Brooks,4,11,Gains In Performance
2007-11-24,5,Firecracker,Josh Turner,8,20,Gains In Performance
2007-11-24,6,How 'Bout Them Cowgirls,George Strait,6,14,Gains In Performance
2007-11-24,7,Fall,Clay Walker,5,34,
2007-11-24,8,Livin' Our Love Song,Jason Michael Carroll,7,37,Gains In Performance
2007-11-24,9,Our Song,Taylor Swift,10,13,Gains In Performance
2007-11-24,10,What Do Ya Think About That,Montgomery Gentry,12,17,Gains In Performance
2007-11-24,11,Everybody,Keith Urban,11,12,Gains In Performance
2007-11-24,12,As If,Sara Evans,13,23,Gains In Performance
2007-11-24,13,Stay,Sugarland,18,9,Greatest gainer this week|Gains In Performance
2007-11-24,14,Winner At A Losing Game,Rascal Flatts,16,5,Gains In Performance
2007-11-24,15,Nothin' Better To Do,LeAnn Rimes,19,24,Gains In Performance
2007-11-24,16,Take Me There,Rascal Flatts,17,19,
2007-11-24,17,Watching Airplanes,Gary Allan,21,17,Gains In Performance
2007-11-24,18,"Ready, Set, Don't Go",Billy Ray Cyrus With Miley Cyrus,22,16,Gains In Performance
2007-11-24,19,"Heaven, Heartache And The Power Of Love",Trisha Yearwood,23,17,Gains In Performance
2007-11-24,20,Stealing Cinderella,Chuck Wicks,24,12,Gains In Performance
2007-11-24,21,The More I Drink,Blake Shelton,25,21,Gains In Performance
2007-11-24,22,Letter To Me,Brad Paisley,26,5,Gains In Performance
2007-11-24,23,International Harvester,Craig Morgan,29,9,Gains In Performance
2007-11-24,24,How Long,Eagles,27,13,Gains In Performance
2007-11-24,25,Cleaning This Gun (Come On In Boy),Rodney Atkins,31,8,Gains In Performance
2007-11-24,26,Laughed Until We Cried,Jason Aldean,28,14,Gains In Performance
2007-11-24,27,What Kinda Gone,Chris Cagle,30,17,Gains In Performance
2007-11-24,28,Red Umbrella,Faith Hill,32,8,Gains In Performance
2007-11-24,29,Get My Drink On,Toby Keith,36,4,Gains In Performance
2007-11-24,30,It's Good To Be Us,Bucky Covington,35,10,Gains In Performance
2007-11-24,31,You Still Own Me,Emerson Drive,34,17,
2007-11-24,32,I'm With The Band,Little Big Town,40,12,Gains In Performance
2007-11-24,33,Things That Never Cross A Man's Mind,Kellie Pickler,39,8,Gains In Performance
2007-11-24,34,Rollin' With The Flow,Mark Chesnutt,38,13,Gains In Performance
2007-11-24,35,God Must Be Busy,Brooks & Dunn,44,3,Gains In Performance
2007-11-24,36,I Got My Game On,Trace Adkins,37,14,
2007-11-24,37,Love Don't Live Here,Lady Antebellum,42,6,Gains In Performance
2007-11-24,38,Somethin' About A Woman,Jake Owen,46,11,Gains In Performance
2007-11-24,39,The Strong One,Clint Black,43,21,
2007-11-24,40,Love Is A Beautiful Thing,Phil Vassar,51,2,Gains In Performance
2007-11-24,41,Takin' Off This Pain,Ashton Shepherd,45,6,Gains In Performance
2007-11-24,42,Small Town Southern Man,Alan Jackson,NEW,1,Highest ranking debut|Gains In Performance
2007-11-24,43,For These Times,Martina McBride,48,2,Gains In Performance
2007-11-24,44,Between Raising Hell  And Amazing Grace,Big & Rich,41,14,
2007-11-24,45,Goes Down Easy,Van Zant,49,12,Gains In Performance
2007-11-24,46,We Weren't Crazy,Josh Gracin,47,4,Gains In Performance
2007-11-24,47,Happy Endings,Lee Brice,52,6,Gains In Performance
2007-11-24,48,Just Got Started Lovin' You,James Otto,57,4,Gains In Performance
2007-11-24,49,Till We Ain't Strangers Anymore,Bon Jovi Featuring LeAnn Rimes,50,10,Gains In Performance
2007-11-24,50,Maybe She'll Get Lonely,Jack Ingram,NEW,1,Gains In Performance
2007-11-24,51,Devil And The Cross,Halfway to Hazard,NEW,1,Gains In Performance
2007-11-24,52,Once A Woman Gets A Hold Of Your Heart,Heartland,54,6,
2007-11-24,53,We Rode In Trucks,Luke Bryan,RE,3,Gains In Performance
2007-11-24,54,What If It's Me,Andy Griggs,59,7,Gains In Performance
2007-11-24,55,You Don't Have To Go Home,Gretchen Wilson,56,6,Gains In Performance
2007-11-24,56,Better Get To Livin',Dolly Parton,53,7,
2007-11-24,57,Sinners Like Me,Eric Church,55,8,
2007-11-24,58,Girl Next Door,Cole Deggs & The Lonesome,NEW,1,Gains In Performance
2007-11-24,59,The Power Of One,Bomshel,58,7,
2007-11-24,60,Make You Mine,Crossin Dixon,60,3,
2007-12-01,1,So Small,Carrie Underwood,3,16,Gains In Performance
2007-12-01,2,Don't Blink,Kenny Chesney,2,13,
2007-12-01,3,More Than A Memory,Garth Brooks,4,12,Gains In Performance
2007-12-01,4,Free And Easy (Down The Road I Go),Dierks Bentley,1,26,
2007-12-01,5,How 'Bout Them Cowgirls,George Strait,6,15,Gains In Performance
2007-12-01,6,Livin' Our Love Song,Jason Michael Carroll,8,38,Gains In Performance
2007-12-01,7,Firecracker,Josh Turner,5,21,Gains In Performance
2007-12-01,8,Fall,Clay Walker,7,35,Gains In Performance
2007-12-01,9,Our Song,Taylor Swift,9,14,Gains In Performance
2007-12-01,10,What Do Ya Think About That,Montgomery Gentry,10,18,Gains In Performance
2007-12-01,11,Everybody,Keith Urban,11,13,Gains In Performance
2007-12-01,12,As If,Sara Evans,12,24,Gains In Performance
2007-12-01,13,Stay,Sugarland,13,10,Gains In Performance
2007-12-01,14,Winner At A Losing Game,Rascal Flatts,14,6,Gains In Performance
2007-12-01,15,Nothin' Better To Do,LeAnn Rimes,15,25,Gains In Performance
2007-12-01,16,"Ready, Set, Don't Go",Billy Ray Cyrus With Miley Cyrus,18,17,Gains In Performance
2007-12-01,17,Watching Airplanes,Gary Allan,17,18,Gains In Performance
2007-12-01,18,Letter To Me,Brad Paisley,22,6,Gains In Performance
2007-12-01,19,Take Me There,Rascal Flatts,16,20,
2007-12-01,20,Stealing Cinderella,Chuck Wicks,20,13,Gains In Performance
2007-12-01,21,"Heaven, Heartache And The Power Of Love",Trisha Yearwood,19,18,Gains In Performance
2007-12-01,22,The More I Drink,Blake Shelton,21,22,Gains In Performance
2007-12-01,23,International Harvester,Craig Morgan,23,10,Gains In Performance
2007-12-01,24,Cleaning This Gun (Come On In Boy),Rodney Atkins,25,9,Gains In Performance
2007-12-01,25,How Long,Eagles,24,14,Gains In Performance
2007-12-01,26,What Kinda Gone,Chris Cagle,27,18,Gains In Performance
2007-12-01,27,Get My Drink On,Toby Keith,29,5,Gains In Performance
2007-12-01,28,Laughed Until We Cried,Jason Aldean,26,15,Gains In Performance
2007-12-01,29,Red Umbrella,Faith Hill,28,9,Gains In Performance
2007-12-01,30,It's Good To Be Us,Bucky Covington,30,11,Gains In Performance
2007-12-01,31,God Must Be Busy,Brooks & Dunn,35,4,Gains In Performance
2007-12-01,32,You Still Own Me,Emerson Drive,31,18,Gains In Performance
2007-12-01,33,Things That Never Cross A Man's Mind,Kellie Pickler,33,9,Gains In Performance
2007-12-01,34,Small Town Southern Man,Alan Jackson,42,2,Gains In Performance
2007-12-01,35,Rollin' With The Flow,Mark Chesnutt,34,14,Gains In Performance
2007-12-01,36,I'm With The Band,Little Big Town,32,13,
2007-12-01,37,Love Is A Beautiful Thing,Phil Vassar,40,3,Gains In Performance
2007-12-01,38,Love Don't Live Here,Lady Antebellum,37,7,Gains In Performance
2007-12-01,39,The Strong One,Clint Black,39,22,Gains In Performance
2007-12-01,40,Takin' Off This Pain,Ashton Shepherd,41,7,Gains In Performance
2007-12-01,41,Somethin' About A Woman,Jake Owen,38,12,
2007-12-01,42,I Got My Game On,Trace Adkins,36,15,
2007-12-01,43,We Weren't Crazy,Josh Gracin,46,5,Gains In Performance
2007-12-01,44,For These Times,Martina McBride,43,3,
2007-12-01,45,Just Got Started Lovin' You,James Otto,48,5,Gains In Performance
2007-12-01,46,Happy Endings,Lee Brice,47,7,Gains In Performance
2007-12-01,47,Maybe She'll Get Lonely,Jack Ingram,50,2,Gains In Performance
2007-12-01,48,Goes Down Easy,Van Zant,45,13,
2007-12-01,49,Make You Mine,Crossin Dixon,60,4,Gains In Performance
2007-12-01,50,Devil And The Cross,Halfway to Hazard,51,2,Gains In Performance
2007-12-01,51,We Rode In Trucks,Luke Bryan,53,4,Gains In Performance
2007-12-01,52,What If It's Me,Andy Griggs,54,8,Gains In Performance
2007-12-01,53,Till We Ain't Strangers Anymore,Bon Jovi Featuring LeAnn Rimes,49,11,
2007-12-01,54,Better Get To Livin',Dolly Parton,56,8,Gains In Performance
2007-12-01,55,Once A Woman Gets A Hold Of Your Heart,Heartland,52,7,
2007-12-01,56,Loud,Big & Rich,NEW,1,Highest ranking debut|Gains In Performance
2007-12-01,57,You Don't Have To Go Home,Gretchen Wilson,55,7,
2007-12-01,58,The Power Of One,Bomshel,59,8,Gains In Performance
2007-12-01,59,Shiftwork,Kenny Chesney Duet With George Strait,RE,5,Gains In Performance
2007-12-01,60,In My Next Life,Terri Clark,NEW,1,Gains In Performance
2007-12-08,1,So Small,Carrie Underwood,1,17,
2007-12-08,2,More Than A Memory,Garth Brooks,3,13,
2007-12-08,3,Don't Blink,Kenny Chesney,2,14,
2007-12-08,4,How 'Bout Them Cowgirls,George Strait,5,16,Gains In Performance
2007-12-08,5,Firecracker,Josh Turner,7,22,Gains In Performance
2007-12-08,6,Livin' Our Love Song,Jason Michael Carroll,6,39,
2007-12-08,7,Our Song,Taylor Swift,9,15,Gains In Performance
2007-12-08,8,Free And Easy (Down The Road I Go),Dierks Bentley,4,27,
2007-12-08,9,Fall,Clay Walker,8,36,
2007-12-08,10,What Do Ya Think About That,Montgomery Gentry,10,19,Gains In Performance
2007-12-08,11,Everybody,Keith Urban,11,14,Gains In Performance
2007-12-08,12,Stay,Sugarland,13,11,Gains In Performance
2007-12-08,13,Winner At A Losing Game,Rascal Flatts,14,7,Gains In Performance
2007-12-08,14,As If,Sara Evans,12,25,Gains In Performance
2007-12-08,15,Nothin' Better To Do,LeAnn Rimes,15,26,
2007-12-08,16,Watching Airplanes,Gary Allan,17,19,Gains In Performance
2007-12-08,17,Letter To Me,Brad Paisley,18,7,Gains In Performance
2007-12-08,18,"Ready, Set, Don't Go",Billy Ray Cyrus With Miley Cyrus,16,18,Gains In Performance
2007-12-08,19,Stealing Cinderella,Chuck Wicks,20,14,Gains In Performance
2007-12-08,20,The More I Drink,Blake Shelton,22,23,Gains In Performance
2007-12-08,21,"Heaven, Heartache And The Power Of Love",Trisha Yearwood,21,19,
2007-12-08,22,Cleaning This Gun (Come On In Boy),Rodney Atkins,24,10,Gains In Performance
2007-12-08,23,International Harvester,Craig Morgan,23,11,Gains In Performance
2007-12-08,24,What Kinda Gone,Chris Cagle,26,19,Gains In Performance
2007-12-08,25,How Long,Eagles,25,15,Gains In Performance
2007-12-08,26,Get My Drink On,Toby Keith,27,6,Gains In Performance
2007-12-08,27,Laughed Until We Cried,Jason Aldean,28,16,Gains In Performance
2007-12-08,28,God Must Be Busy,Brooks & Dunn,31,5,Gains In Performance
2007-12-08,29,Red Umbrella,Faith Hill,29,10,Gains In Performance
2007-12-08,30,Small Town Southern Man,Alan Jackson,34,3,Greatest gainer this week|Gains In Performance
2007-12-08,31,It's Good To Be Us,Bucky Covington,30,12,Gains In Performance
2007-12-08,32,You Still Own Me,Emerson Drive,32,19,Gains In Performance
2007-12-08,33,Rollin' With The Flow,Mark Chesnutt,35,15,Gains In Performance
2007-12-08,34,Things That Never Cross A Man's Mind,Kellie Pickler,33,10,Gains In Performance
2007-12-08,35,Love Is A Beautiful Thing,Phil Vassar,37,4,Gains In Performance
2007-12-08,36,I'm With The Band,Little Big Town,36,14,Gains In Performance
2007-12-08,37,Love Don't Live Here,Lady Antebellum,38,8,Gains In Performance
2007-12-08,38,The Strong One,Clint Black,39,23,Gains In Performance
2007-12-08,39,Somethin' About A Woman,Jake Owen,41,13,Gains In Performance
2007-12-08,40,Takin' Off This Pain,Ashton Shepherd,40,8,Gains In Performance
2007-12-08,41,For These Times,Martina McBride,44,4,Gains In Performance
2007-12-08,42,Just Got Started Lovin' You,James Otto,45,6,Gains In Performance
2007-12-08,43,We Weren't Crazy,Josh Gracin,43,6,Gains In Performance
2007-12-08,44,Maybe She'll Get Lonely,Jack Ingram,47,3,Gains In Performance
2007-12-08,45,Happy Endings,Lee Brice,46,8,Gains In Performance
2007-12-08,46,We Rode In Trucks,Luke Bryan,51,5,Gains In Performance
2007-12-08,47,Make You Mine,Crossin Dixon,49,5,Gains In Performance
2007-12-08,48,Last Christmas,Taylor Swift,NEW,1,Highest ranking debut|Gains In Performance
2007-12-08,49,Santa Baby,Kellie Pickler,NEW,1,Gains In Performance
2007-12-08,50,In My Next Life,Terri Clark,60,2,Gains In Performance
2007-12-08,51,Suspicions,Tim McGraw,RE,3,Gains In Performance
2007-12-08,52,Devil And The Cross,Halfway to Hazard,50,3,
2007-12-08,53,Do You Hear What I Hear,Carrie Underwood,NEW,1,Gains In Performance
2007-12-08,54,Goes Down Easy,Van Zant,48,14,
2007-12-08,55,What If It's Me,Andy Griggs,52,9,
2007-12-08,56,Shiftwork,Kenny Chesney Duet With George Strait,59,6,Gains In Performance
2007-12-08,57,Falling Into You,Whiskey Falls,NEW,1,Gains In Performance
2007-12-08,58,Loud,Big & Rich,56,2,Gains In Performance
2007-12-08,59,Till We Ain't Strangers Anymore,Bon Jovi Featuring LeAnn Rimes,53,12,
2007-12-08,60,You Don't Have To Go Home,Gretchen Wilson,57,8,Gains In Performance
2007-12-15,1,So Small,Carrie Underwood,1,18,
2007-12-15,2,More Than A Memory,Garth Brooks,2,14,
2007-12-15,3,Don't Blink,Kenny Chesney,3,15,
2007-12-15,4,Firecracker,Josh Turner,5,23,Gains In Performance
2007-12-15,5,How 'Bout Them Cowgirls,George Strait,4,17,Gains In Performance
2007-12-15,6,Our Song,Taylor Swift,7,16,Greatest gainer this week|Gains In Performance
2007-12-15,7,Fall,Clay Walker,9,37,Gains In Performance
2007-12-15,8,What Do Ya Think About That,Montgomery Gentry,10,20,Gains In Performance
2007-12-15,9,Livin' Our Love Song,Jason Michael Carroll,6,40,
2007-12-15,10,Stay,Sugarland,12,12,Gains In Performance
2007-12-15,11,Winner At A Losing Game,Rascal Flatts,13,8,Gains In Performance
2007-12-15,12,Everybody,Keith Urban,11,15,Gains In Performance
2007-12-15,13,As If,Sara Evans,14,26,Gains In Performance
2007-12-15,14,Nothin' Better To Do,LeAnn Rimes,15,27,Gains In Performance
2007-12-15,15,Letter To Me,Brad Paisley,17,8,Gains In Performance
2007-12-15,16,"Ready, Set, Don't Go",Billy Ray Cyrus With Miley Cyrus,18,19,Gains In Performance
2007-12-15,17,Watching Airplanes,Gary Allan,16,20,Gains In Performance
2007-12-15,18,Stealing Cinderella,Chuck Wicks,19,15,Gains In Performance
2007-12-15,19,The More I Drink,Blake Shelton,20,24,Gains In Performance
2007-12-15,20,Cleaning This Gun (Come On In Boy),Rodney Atkins,22,11,Gains In Performance
2007-12-15,21,International Harvester,Craig Morgan,23,12,Gains In Performance
2007-12-15,22,Get My Drink On,Toby Keith,26,7,Gains In Performance
2007-12-15,23,What Kinda Gone,Chris Cagle,24,20,Gains In Performance
2007-12-15,24,How Long,Eagles,25,16,Gains In Performance
2007-12-15,25,"Heaven, Heartache And The Power Of Love",Trisha Yearwood,21,20,
2007-12-15,26,Small Town Southern Man,Alan Jackson,30,4,Gains In Performance
2007-12-15,27,God Must Be Busy,Brooks & Dunn,28,6,Gains In Performance
2007-12-15,28,Laughed Until We Cried,Jason Aldean,27,17,Gains In Performance
2007-12-15,29,It's Good To Be Us,Bucky Covington,31,13,Gains In Performance
2007-12-15,30,Red Umbrella,Faith Hill,29,11,
2007-12-15,31,You Still Own Me,Emerson Drive,32,20,Gains In Performance
2007-12-15,32,Things That Never Cross A Man's Mind,Kellie Pickler,34,11,Gains In Performance
2007-12-15,33,Rollin' With The Flow,Mark Chesnutt,33,16,Gains In Performance
2007-12-15,34,Love Is A Beautiful Thing,Phil Vassar,35,5,Gains In Performance
2007-12-15,35,I'm With The Band,Little Big Town,36,15,
2007-12-15,36,Love Don't Live Here,Lady Antebellum,37,9,
2007-12-15,37,Suspicions,Tim McGraw,51,4,Gains In Performance
2007-12-15,38,The Strong One,Clint Black,38,24,Gains In Performance
2007-12-15,39,Somethin' About A Woman,Jake Owen,39,14,Gains In Performance
2007-12-15,40,For These Times,Martina McBride,41,5,Gains In Performance
2007-12-15,41,Takin' Off This Pain,Ashton Shepherd,40,9,
2007-12-15,42,Last Christmas,Taylor Swift,48,2,Gains In Performance
2007-12-15,43,Just Got Started Lovin' You,James Otto,42,7,Gains In Performance
2007-12-15,44,We Weren't Crazy,Josh Gracin,43,7,Gains In Performance
2007-12-15,45,Maybe She'll Get Lonely,Jack Ingram,44,4,Gains In Performance
2007-12-15,46,Shiftwork,Kenny Chesney Duet With George Strait,56,7,Gains In Performance
2007-12-15,47,Santa Baby,Kellie Pickler,49,2,Gains In Performance
2007-12-15,48,In My Next Life,Terri Clark,50,3,Gains In Performance
2007-12-15,49,Do You Hear What I Hear,Carrie Underwood,53,2,Gains In Performance
2007-12-15,50,Happy Endings,Lee Brice,45,9,Gains In Performance
2007-12-15,51,Rockin' Around The Christmas Tree,Toby Keith,NEW,1,Highest ranking debut|Gains In Performance
2007-12-15,52,We Rode In Trucks,Luke Bryan,46,6,Gains In Performance
2007-12-15,53,Falling Into You,Whiskey Falls,57,2,Gains In Performance
2007-12-15,54,Make You Mine,Crossin Dixon,47,6,
2007-12-15,55,Devil And The Cross,Halfway to Hazard,52,4,
2007-12-15,56,Christmases When You Were Mine,Taylor Swift,NEW,1,Gains In Performance
2007-12-15,57,Loud,Big & Rich,58,3,Gains In Performance
2007-12-15,58,All-American Girl,Carrie Underwood,NEW,1,Gains In Performance
2007-12-15,59,Till We Ain't Strangers Anymore,Bon Jovi Featuring LeAnn Rimes,59,13,Gains In Performance
2007-12-15,60,Girl Next Door,Cole Deggs & The Lonesome,RE,2,Gains In Performance
2007-12-22,1,Our Song,Taylor Swift,6,17,Gains In Performance
2007-12-22,2,Firecracker,Josh Turner,4,24,Gains In Performance
2007-12-22,3,Don't Blink,Kenny Chesney,3,16,
2007-12-22,4,How 'Bout Them Cowgirls,George Strait,5,18,
2007-12-22,5,What Do Ya Think About That,Montgomery Gentry,8,21,Gains In Performance
2007-12-22,6,Stay,Sugarland,10,13,Gains In Performance
2007-12-22,7,More Than A Memory,Garth Brooks,2,15,
2007-12-22,8,Winner At A Losing Game,Rascal Flatts,11,9,Gains In Performance
2007-12-22,9,Everybody,Keith Urban,12,16,Gains In Performance
2007-12-22,10,So Small,Carrie Underwood,1,19,
2007-12-22,11,As If,Sara Evans,13,27,Gains In Performance
2007-12-22,12,Letter To Me,Brad Paisley,15,9,Gains In Performance
2007-12-22,13,Watching Airplanes,Gary Allan,17,21,Gains In Performance
2007-12-22,14,"Ready, Set, Don't Go",Billy Ray Cyrus With Miley Cyrus,16,20,Gains In Performance
2007-12-22,15,Nothin' Better To Do,LeAnn Rimes,14,28,
2007-12-22,16,Stealing Cinderella,Chuck Wicks,18,16,Gains In Performance
2007-12-22,17,Cleaning This Gun (Come On In Boy),Rodney Atkins,20,12,Gains In Performance
2007-12-22,18,Get My Drink On,Toby Keith,22,8,Gains In Performance
2007-12-22,19,International Harvester,Craig Morgan,21,13,Gains In Performance
2007-12-22,20,The More I Drink,Blake Shelton,19,25,
2007-12-22,21,What Kinda Gone,Chris Cagle,23,21,Gains In Performance
2007-12-22,22,Small Town Southern Man,Alan Jackson,26,5,Gains In Performance
2007-12-22,23,God Must Be Busy,Brooks & Dunn,27,7,Gains In Performance
2007-12-22,24,How Long,Eagles,24,17,Gains In Performance
2007-12-22,25,Laughed Until We Cried,Jason Aldean,28,18,Gains In Performance
2007-12-22,26,It's Good To Be Us,Bucky Covington,29,14,Gains In Performance
2007-12-22,27,Suspicions,Tim McGraw,37,5,Gains In Performance
2007-12-22,28,You Still Own Me,Emerson Drive,31,21,Gains In Performance
2007-12-22,29,Red Umbrella,Faith Hill,30,12,
2007-12-22,30,Rollin' With The Flow,Mark Chesnutt,33,17,Gains In Performance
2007-12-22,31,Things That Never Cross A Man's Mind,Kellie Pickler,32,12,Gains In Performance
2007-12-22,32,Love Is A Beautiful Thing,Phil Vassar,34,6,Gains In Performance
2007-12-22,33,Love Don't Live Here,Lady Antebellum,36,10,Gains In Performance
2007-12-22,34,Shiftwork,Kenny Chesney Duet With George Strait,46,8,Gains In Performance
2007-12-22,35,I'm With The Band,Little Big Town,35,16,Gains In Performance
2007-12-22,36,Somethin' About A Woman,Jake Owen,39,15,Gains In Performance
2007-12-22,37,Last Christmas,Taylor Swift,42,3,Gains In Performance
2007-12-22,38,Takin' Off This Pain,Ashton Shepherd,41,10,Gains In Performance
2007-12-22,39,The Strong One,Clint Black,38,25,Gains In Performance
2007-12-22,40,Do You Hear What I Hear,Carrie Underwood,49,3,Gains In Performance
2007-12-22,41,Maybe She'll Get Lonely,Jack Ingram,45,5,Gains In Performance
2007-12-22,42,Santa Baby,Kellie Pickler,47,3,Gains In Performance
2007-12-22,43,For These Times,Martina McBride,40,6,
2007-12-22,44,Rockin' Around The Christmas Tree,Toby Keith,51,2,Gains In Performance
2007-12-22,45,Just Got Started Lovin' You,James Otto,43,8,Gains In Performance
2007-12-22,46,All-American Girl,Carrie Underwood,58,2,Gains In Performance
2007-12-22,47,We Weren't Crazy,Josh Gracin,44,8,
2007-12-22,48,In My Next Life,Terri Clark,48,4,Gains In Performance
2007-12-22,49,Happy Endings,Lee Brice,50,10,Gains In Performance
2007-12-22,50,Santa Baby,Taylor Swift,NEW,1,Highest ranking debut|Gains In Performance
2007-12-22,51,Make You Mine,Crossin Dixon,54,7,Gains In Performance
2007-12-22,52,We Rode In Trucks,Luke Bryan,52,7,
2007-12-22,53,Falling Into You,Whiskey Falls,53,3,
2007-12-22,54,Christmases When You Were Mine,Taylor Swift,56,2,Gains In Performance
2007-12-22,55,"Let It Snow, Let It Snow, Let It Snow",Toby Keith,NEW,1,Gains In Performance
2007-12-22,56,You're Gonna Miss This,Trace Adkins,NEW,1,Gains In Performance
2007-12-22,57,Winter Wonderland,Toby Keith,NEW,1,Gains In Performance
2007-12-22,58,Bring Him Home Santa!,The Song Trust,NEW,1,Gains In Performance
2007-12-22,59,Devil And The Cross,Halfway to Hazard,55,5,
2007-12-22,60,Loud,Big & Rich,57,4,
2007-12-29,1,Our Song,Taylor Swift,1,18,Gains In Performance
2007-12-29,2,Firecracker,Josh Turner,2,25,Gains In Performance
2007-12-29,3,How 'Bout Them Cowgirls,George Strait,4,19,Gains In Performance
2007-12-29,4,What Do Ya Think About That,Montgomery Gentry,5,22,Gains In Performance
2007-12-29,5,Stay,Sugarland,6,14,Gains In Performance
2007-12-29,6,Don't Blink,Kenny Chesney,3,17,
2007-12-29,7,Winner At A Losing Game,Rascal Flatts,8,10,Gains In Performance
2007-12-29,8,Everybody,Keith Urban,9,17,Gains In Performance
2007-12-29,9,Letter To Me,Brad Paisley,12,10,Gains In Performance
2007-12-29,10,Watching Airplanes,Gary Allan,13,22,Gains In Performance
2007-12-29,11,So Small,Carrie Underwood,10,20,
2007-12-29,12,More Than A Memory,Garth Brooks,7,16,
2007-12-29,13,"Ready, Set, Don't Go",Billy Ray Cyrus With Miley Cyrus,14,21,Gains In Performance
2007-12-29,14,Cleaning This Gun (Come On In Boy),Rodney Atkins,17,13,Gains In Performance
2007-12-29,15,Stealing Cinderella,Chuck Wicks,16,17,Gains In Performance
2007-12-29,16,Get My Drink On,Toby Keith,18,9,Gains In Performance
2007-12-29,17,International Harvester,Craig Morgan,19,14,Gains In Performance
2007-12-29,18,Small Town Southern Man,Alan Jackson,22,6,Gains In Performance
2007-12-29,19,The More I Drink,Blake Shelton,20,26,Gains In Performance
2007-12-29,20,What Kinda Gone,Chris Cagle,21,22,Gains In Performance
2007-12-29,21,God Must Be Busy,Brooks & Dunn,23,8,Gains In Performance
2007-12-29,22,Suspicions,Tim McGraw,27,6,Gains In Performance
2007-12-29,23,How Long,Eagles,24,18,Gains In Performance
2007-12-29,24,Laughed Until We Cried,Jason Aldean,25,19,Gains In Performance
2007-12-29,25,Shiftwork,Kenny Chesney Duet With George Strait,34,9,Greatest gainer this week|Gains In Performance
2007-12-29,26,It's Good To Be Us,Bucky Covington,26,15,Gains In Performance
2007-12-29,27,You Still Own Me,Emerson Drive,28,22,Gains In Performance
2007-12-29,28,All-American Girl,Carrie Underwood,46,3,Gains In Performance
2007-12-29,29,Red Umbrella,Faith Hill,29,13,
2007-12-29,30,Things That Never Cross A Man's Mind,Kellie Pickler,31,13,
2007-12-29,31,Rollin' With The Flow,Mark Chesnutt,30,18,
2007-12-29,32,Love Is A Beautiful Thing,Phil Vassar,32,7,Gains In Performance
2007-12-29,33,Last Christmas,Taylor Swift,37,4,Gains In Performance
2007-12-29,34,Love Don't Live Here,Lady Antebellum,33,11,
2007-12-29,35,Somethin' About A Woman,Jake Owen,36,16,
2007-12-29,36,I'm With The Band,Little Big Town,35,17,
2007-12-29,37,Santa Baby,Kellie Pickler,42,4,Gains In Performance
2007-12-29,38,Takin' Off This Pain,Ashton Shepherd,38,11,Gains In Performance
2007-12-29,39,Do You Hear What I Hear,Carrie Underwood,40,4,Gains In Performance
2007-12-29,40,Bring Him Home Santa!,The Song Trust,58,2,Gains In Performance
2007-12-29,41,The Strong One,Clint Black,39,26,Gains In Performance
2007-12-29,42,Just Got Started Lovin' You,James Otto,45,9,Gains In Performance
2007-12-29,43,For These Times,Martina McBride,43,7,Gains In Performance
2007-12-29,44,Maybe She'll Get Lonely,Jack Ingram,41,6,Gains In Performance
2007-12-29,45,We Weren't Crazy,Josh Gracin,47,9,Gains In Performance
2007-12-29,46,Rockin' Around The Christmas Tree,Toby Keith,44,3,
2007-12-29,47,Happy Endings,Lee Brice,49,11,Gains In Performance
2007-12-29,48,Santa Baby,Taylor Swift,50,2,Gains In Performance
2007-12-29,49,In My Next Life,Terri Clark,48,5,
2007-12-29,50,Workin' For A Livin',Garth Brooks & Huey Lewis,NEW,1,Highest ranking debut|Gains In Performance
2007-12-29,51,We Rode In Trucks,Luke Bryan,52,8,Gains In Performance
2007-12-29,52,Christmases When You Were Mine,Taylor Swift,54,3,Gains In Performance
2007-12-29,53,You're Gonna Miss This,Trace Adkins,56,2,Gains In Performance
2007-12-29,54,Falling Into You,Whiskey Falls,53,4,Gains In Performance
2007-12-29,55,"Let It Snow, Let It Snow, Let It Snow",Toby Keith,55,2,Gains In Performance
2007-12-29,56,Loud,Big & Rich,60,5,Gains In Performance
2007-12-29,57,Winter Wonderland,Toby Keith,57,2,Gains In Performance
2007-12-29,58,Winter Wonderland,Sugarland,NEW,1,Gains In Performance
2007-12-29,59,White Christmas,Taylor Swift,NEW,1,Gains In Performance
2007-12-29,60,Make You Mine,Crossin Dixon,51,8,
2008-01-05,1,Our Song,Taylor Swift,1,19,
2008-01-05,2,Stay,Sugarland,5,15,Gains In Performance
2008-01-05,3,What Do Ya Think About That,Montgomery Gentry,4,23,Gains In Performance
2008-01-05,4,Firecracker,Josh Turner,2,26,
2008-01-05,5,Winner At A Losing Game,Rascal Flatts,7,11,Gains In Performance
2008-01-05,6,Everybody,Keith Urban,8,18,Gains In Performance
2008-01-05,7,Don't Blink,Kenny Chesney,6,18,
2008-01-05,8,How 'Bout Them Cowgirls,George Strait,3,20,
2008-01-05,9,Letter To Me,Brad Paisley,9,11,Gains In Performance
2008-01-05,10,Watching Airplanes,Gary Allan,10,23,Gains In Performance
2008-01-05,11,"Ready, Set, Don't Go",Billy Ray Cyrus With Miley Cyrus,13,22,Gains In Performance
2008-01-05,12,Cleaning This Gun (Come On In Boy),Rodney Atkins,14,14,Gains In Performance
2008-01-05,13,Stealing Cinderella,Chuck Wicks,15,18,Gains In Performance
2008-01-05,14,Get My Drink On,Toby Keith,16,10,Gains In Performance
2008-01-05,15,More Than A Memory,Garth Brooks,12,17,
2008-01-05,16,International Harvester,Craig Morgan,17,15,Gains In Performance
2008-01-05,17,Shiftwork,Kenny Chesney Duet With George Strait,25,10,Gains In Performance
2008-01-05,18,Small Town Southern Man,Alan Jackson,18,7,Gains In Performance
2008-01-05,19,Suspicions,Tim McGraw,22,7,Gains In Performance
2008-01-05,20,God Must Be Busy,Brooks & Dunn,21,9,Gains In Performance
2008-01-05,21,What Kinda Gone,Chris Cagle,20,23,
2008-01-05,22,All-American Girl,Carrie Underwood,28,4,Greatest gainer this week|Gains In Performance
2008-01-05,23,Laughed Until We Cried,Jason Aldean,24,20,
2008-01-05,24,How Long,Eagles,23,19,
2008-01-05,25,It's Good To Be Us,Bucky Covington,26,16,Gains In Performance
2008-01-05,26,The More I Drink,Blake Shelton,19,27,
2008-01-05,27,You Still Own Me,Emerson Drive,27,23,Gains In Performance
2008-01-05,28,Last Christmas,Taylor Swift,33,5,Gains In Performance
2008-01-05,29,Bring Him Home Santa!,The Song Trust,40,3,Gains In Performance
2008-01-05,30,Rollin' With The Flow,Mark Chesnutt,31,19,
2008-01-05,31,Things That Never Cross A Man's Mind,Kellie Pickler,30,14,Gains In Performance
2008-01-05,32,Love Is A Beautiful Thing,Phil Vassar,32,8,Gains In Performance
2008-01-05,33,Santa Baby,Kellie Pickler,37,5,Gains In Performance
2008-01-05,34,Do You Hear What I Hear,Carrie Underwood,39,5,Gains In Performance
2008-01-05,35,Love Don't Live Here,Lady Antebellum,34,12,Gains In Performance
2008-01-05,36,Somethin' About A Woman,Jake Owen,35,17,Gains In Performance
2008-01-05,37,I'm With The Band,Little Big Town,36,18,
2008-01-05,38,Takin' Off This Pain,Ashton Shepherd,38,12,Gains In Performance
2008-01-05,39,Just Got Started Lovin' You,James Otto,42,10,Gains In Performance
2008-01-05,40,Red Umbrella,Faith Hill,29,14,
2008-01-05,41,Workin' For A Livin',Garth Brooks & Huey Lewis,50,2,Gains In Performance
2008-01-05,42,The Strong One,Clint Black,41,27,
2008-01-05,43,Maybe She'll Get Lonely,Jack Ingram,44,7,Gains In Performance
2008-01-05,44,Rockin' Around The Christmas Tree,Toby Keith,46,4,Gains In Performance
2008-01-05,45,For These Times,Martina McBride,43,8,Gains In Performance
2008-01-05,46,Santa Baby,Taylor Swift,48,3,Gains In Performance
2008-01-05,47,We Weren't Crazy,Josh Gracin,45,10,Gains In Performance
2008-01-05,48,Christmases When You Were Mine,Taylor Swift,52,4,Gains In Performance
2008-01-05,49,You're Gonna Miss This,Trace Adkins,53,3,Gains In Performance
2008-01-05,50,Winter Wonderland,Sugarland,58,2,Gains In Performance
2008-01-05,51,Nuttin' For Christmas,Sugarland,NEW,1,Highest ranking debut|Gains In Performance
2008-01-05,52,Happy Endings,Lee Brice,47,12,Gains In Performance
2008-01-05,53,"Let It Snow, Let It Snow, Let It Snow",Toby Keith,55,3,Gains In Performance
2008-01-05,54,In My Next Life,Terri Clark,49,6,
2008-01-05,55,Winter Wonderland,Toby Keith,57,3,Gains In Performance
2008-01-05,56,We Rode In Trucks,Luke Bryan,51,9,Gains In Performance
2008-01-05,57,Falling Into You,Whiskey Falls,54,5,Gains In Performance
2008-01-05,58,Little Drummer Boy,Toby Keith,NEW,1,Gains In Performance
2008-01-05,59,I'll Be Home For Christmas,Sara Evans,NEW,1,Gains In Performance
2008-01-05,60,White Christmas,Taylor Swift,59,2,Gains In Performance
2008-01-12,1,Our Song,Taylor Swift,1,20,
2008-01-12,2,Stay,Sugarland,2,16,
2008-01-12,3,What Do Ya Think About That,Montgomery Gentry,3,24,
2008-01-12,4,Winner At A Losing Game,Rascal Flatts,5,12,
2008-01-12,5,Everybody,Keith Urban,6,19,
2008-01-12,6,Firecracker,Josh Turner,4,27,
2008-01-12,7,Don't Blink,Kenny Chesney,7,19,
2008-01-12,8,Letter To Me,Brad Paisley,9,12,
2008-01-12,9,Watching Airplanes,Gary Allan,10,24,
2008-01-12,10,How 'Bout Them Cowgirls,George Strait,8,21,
2008-01-12,11,"Ready, Set, Don't Go",Billy Ray Cyrus With Miley Cyrus,11,23,
2008-01-12,12,Cleaning This Gun (Come On In Boy),Rodney Atkins,12,15,
2008-01-12,13,More Than A Memory,Garth Brooks,15,18,
2008-01-12,14,Shiftwork,Kenny Chesney Duet With George Strait,17,11,Gains In Performance
2008-01-12,15,Stealing Cinderella,Chuck Wicks,13,19,
2008-01-12,16,Get My Drink On,Toby Keith,14,11,
2008-01-12,17,Small Town Southern Man,Alan Jackson,18,8,
2008-01-12,18,International Harvester,Craig Morgan,16,16,
2008-01-12,19,Suspicions,Tim McGraw,19,8,
2008-01-12,20,All-American Girl,Carrie Underwood,22,5,Gains In Performance
2008-01-12,21,What Kinda Gone,Chris Cagle,21,24,
2008-01-12,22,God Must Be Busy,Brooks & Dunn,20,10,
2008-01-12,23,Laughed Until We Cried,Jason Aldean,23,21,
2008-01-12,24,It's Good To Be Us,Bucky Covington,25,17,
2008-01-12,25,How Long,Eagles,24,20,
2008-01-12,26,You Still Own Me,Emerson Drive,27,24,
2008-01-12,27,Do You Hear What I Hear,Carrie Underwood,34,6,Greatest gainer this week|Gains In Performance
2008-01-12,28,Love Is A Beautiful Thing,Phil Vassar,32,9,Gains In Performance
2008-01-12,29,Last Christmas,Taylor Swift,28,6,
2008-01-12,30,Rollin' With The Flow,Mark Chesnutt,30,20,
2008-01-12,31,Things That Never Cross A Man's Mind,Kellie Pickler,31,15,
2008-01-12,32,Love Don't Live Here,Lady Antebellum,35,13,Gains In Performance
2008-01-12,33,Santa Baby,Kellie Pickler,33,6,
2008-01-12,34,Workin' For A Livin',Garth Brooks & Huey Lewis,41,3,Gains In Performance
2008-01-12,35,Just Got Started Lovin' You,James Otto,39,11,Gains In Performance
2008-01-12,36,Somethin' About A Woman,Jake Owen,36,18,
2008-01-12,37,Takin' Off This Pain,Ashton Shepherd,38,13,
2008-01-12,38,I'm With The Band,Little Big Town,37,19,
2008-01-12,39,Maybe She'll Get Lonely,Jack Ingram,43,8,
2008-01-12,40,We Weren't Crazy,Josh Gracin,47,11,Gains In Performance
2008-01-12,41,Little Drummer Boy,Toby Keith,58,2,Gains In Performance
2008-01-12,42,Bring Him Home Santa!,The Song Trust,29,4,
2008-01-12,43,Santa Baby,Taylor Swift,46,4,Gains In Performance
2008-01-12,44,You're Gonna Miss This,Trace Adkins,49,4,Gains In Performance
2008-01-12,45,For These Times,Martina McBride,45,9,
2008-01-12,46,I'll Be Home For Christmas,Sara Evans,59,2,Gains In Performance
2008-01-12,47,Red Umbrella,Faith Hill,40,15,
2008-01-12,48,Nuttin' For Christmas,Sugarland,51,2,Gains In Performance
2008-01-12,49,In My Next Life,Terri Clark,54,7,Gains In Performance
2008-01-12,50,The Strong One,Clint Black,42,28,
2008-01-12,51,Christmases When You Were Mine,Taylor Swift,48,5,
2008-01-12,52,Happy Endings,Lee Brice,52,13,
2008-01-12,53,Away In A Manger,Blaine Larsen,NEW,1,Highest ranking debut|Gains In Performance
2008-01-12,54,Silent Night,Taylor Swift,NEW,1,Gains In Performance
2008-01-12,55,We Rode In Trucks,Luke Bryan,56,10,Gains In Performance
2008-01-12,56,Rockin' Around The Christmas Tree,Toby Keith,44,5,
2008-01-12,57,All Wrapped Up In Christmas,Tracy Lawrence,NEW,1,Gains In Performance
2008-01-12,58,Winter Wonderland,Sugarland,50,3,
2008-01-12,59,Falling Into You,Whiskey Falls,57,6,Gains In Performance
2008-01-12,60,O Little Town Of Bethlehem,Terri Clark,NEW,1,Gains In Performance
2008-01-19,1,Our Song,Taylor Swift,1,21,Gains In Performance
2008-01-19,2,Stay,Sugarland,2,17,Gains In Performance
2008-01-19,3,What Do Ya Think About That,Montgomery Gentry,3,25,Gains In Performance
2008-01-19,4,Winner At A Losing Game,Rascal Flatts,4,13,Gains In Performance
2008-01-19,5,Everybody,Keith Urban,5,20,Gains In Performance
2008-01-19,6,Letter To Me,Brad Paisley,8,13,Greatest gainer this week|Gains In Performance
2008-01-19,7,Watching Airplanes,Gary Allan,9,25,Gains In Performance
2008-01-19,8,Don't Blink,Kenny Chesney,7,20,Gains In Performance
2008-01-19,9,Firecracker,Josh Turner,6,28,Gains In Performance
2008-01-19,10,"Ready, Set, Don't Go",Billy Ray Cyrus With Miley Cyrus,11,24,Gains In Performance
2008-01-19,11,How 'Bout Them Cowgirls,George Strait,10,22,Gains In Performance
2008-01-19,12,Cleaning This Gun (Come On In Boy),Rodney Atkins,12,16,Gains In Performance
2008-01-19,13,Stealing Cinderella,Chuck Wicks,15,20,Gains In Performance
2008-01-19,14,Shiftwork,Kenny Chesney Duet With George Strait,14,12,Gains In Performance
2008-01-19,15,Get My Drink On,Toby Keith,16,12,Gains In Performance
2008-01-19,16,Small Town Southern Man,Alan Jackson,17,9,Gains In Performance
2008-01-19,17,Suspicions,Tim McGraw,19,9,Gains In Performance
2008-01-19,18,International Harvester,Craig Morgan,18,17,Gains In Performance
2008-01-19,19,All-American Girl,Carrie Underwood,20,6,Gains In Performance
2008-01-19,20,More Than A Memory,Garth Brooks,13,19,Gains In Performance
2008-01-19,21,God Must Be Busy,Brooks & Dunn,22,11,Gains In Performance
2008-01-19,22,What Kinda Gone,Chris Cagle,21,25,Gains In Performance
2008-01-19,23,Laughed Until We Cried,Jason Aldean,23,22,Gains In Performance
2008-01-19,24,It's Good To Be Us,Bucky Covington,24,18,Gains In Performance
2008-01-19,25,How Long,Eagles,25,21,Gains In Performance
2008-01-19,26,You Still Own Me,Emerson Drive,26,25,Gains In Performance
2008-01-19,27,Love Is A Beautiful Thing,Phil Vassar,28,10,Gains In Performance
2008-01-19,28,Things That Never Cross A Man's Mind,Kellie Pickler,31,16,Gains In Performance
2008-01-19,29,Love Don't Live Here,Lady Antebellum,32,14,Gains In Performance
2008-01-19,30,Rollin' With The Flow,Mark Chesnutt,30,21,Gains In Performance
2008-01-19,31,Workin' For A Livin',Garth Brooks & Huey Lewis,34,4,Gains In Performance
2008-01-19,32,Just Got Started Lovin' You,James Otto,35,12,Gains In Performance
2008-01-19,33,Somethin' About A Woman,Jake Owen,36,19,Gains In Performance
2008-01-19,34,Takin' Off This Pain,Ashton Shepherd,37,14,Gains In Performance
2008-01-19,35,Maybe She'll Get Lonely,Jack Ingram,39,9,Gains In Performance
2008-01-19,36,We Weren't Crazy,Josh Gracin,40,12,Gains In Performance
2008-01-19,37,I'm With The Band,Little Big Town,38,20,Gains In Performance
2008-01-19,38,You're Gonna Miss This,Trace Adkins,44,5,Gains In Performance
2008-01-19,39,For These Times,Martina McBride,45,10,Gains In Performance
2008-01-19,40,The Strong One,Clint Black,50,29,Gains In Performance
2008-01-19,41,Happy Endings,Lee Brice,52,14,Gains In Performance
2008-01-19,42,We Rode In Trucks,Luke Bryan,55,11,Gains In Performance
2008-01-19,43,In My Next Life,Terri Clark,49,8,Gains In Performance
2008-01-19,44,Red Umbrella,Faith Hill,47,16,Gains In Performance
2008-01-19,45,It Ain't No Crime,Joe Nichols,NEW,1,Highest ranking debut|Gains In Performance
2008-01-19,46,I Don't Love You Like That,Jypsi,NEW,1,Gains In Performance
2008-01-19,47,Falling Into You,Whiskey Falls,59,7,Gains In Performance
2008-01-19,48,Loud,Big & Rich,RE,6,Gains In Performance
2008-01-19,49,Girl Next Door,Cole Deggs & The Lonesome,RE,3,Gains In Performance
2008-01-19,50,Til I Was A Daddy Too,Tracy Lawrence,RE,4,Gains In Performance
2008-01-19,51,Gunpowder And Lead,Miranda Lambert,NEW,1,Gains In Performance
2008-01-19,52,She's Pretty,Star De Azlan,NEW,1,Gains In Performance
2008-01-19,53,You Don't Have To Go Home,Gretchen Wilson,RE,9,Gains In Performance
2008-01-19,54,I Can't Believe It's Me,Rockie Lynne,NEW,1,Gains In Performance
2008-01-19,55,Better Get To Livin',Dolly Parton,RE,9,Gains In Performance
2008-01-19,56,Make You Mine,Crossin Dixon,RE,9,Gains In Performance
2008-01-19,57,Another Try,Josh Turner Featuring Trisha Yearwood,NEW,1,Gains In Performance
2008-01-19,58,This Is Me You're Talking To,Trisha Yearwood,NEW,1,Gains In Performance
2008-01-19,59,I Got My Game On,Trace Adkins,RE,16,Gains In Performance
2008-01-19,60,I Don't Know When To Quit,The Road Hammers,NEW,1,Gains In Performance
2008-01-26,1,Our Song,Taylor Swift,1,22,
2008-01-26,2,Stay,Sugarland,2,18,Gains In Performance
2008-01-26,3,Winner At A Losing Game,Rascal Flatts,4,14,Gains In Performance
2008-01-26,4,What Do Ya Think About That,Montgomery Gentry,3,26,Gains In Performance
2008-01-26,5,Letter To Me,Brad Paisley,6,14,Gains In Performance
2008-01-26,6,Everybody,Keith Urban,5,21,Gains In Performance
2008-01-26,7,Watching Airplanes,Gary Allan,7,26,Gains In Performance
2008-01-26,8,"Ready, Set, Don't Go",Billy Ray Cyrus With Miley Cyrus,10,25,Gains In Performance
2008-01-26,9,Shiftwork,Kenny Chesney Duet With George Strait,14,13,Greatest gainer this week|Gains In Performance
2008-01-26,10,Cleaning This Gun (Come On In Boy),Rodney Atkins,12,17,Gains In Performance
2008-01-26,11,Small Town Southern Man,Alan Jackson,16,10,Gains In Performance
2008-01-26,12,All-American Girl,Carrie Underwood,19,7,Gains In Performance
2008-01-26,13,Stealing Cinderella,Chuck Wicks,13,21,Gains In Performance
2008-01-26,14,Get My Drink On,Toby Keith,15,13,Gains In Performance
2008-01-26,15,Suspicions,Tim McGraw,17,10,Gains In Performance
2008-01-26,16,International Harvester,Craig Morgan,18,18,Gains In Performance
2008-01-26,17,God Must Be Busy,Brooks & Dunn,21,12,Gains In Performance
2008-01-26,18,What Kinda Gone,Chris Cagle,22,26,Gains In Performance
2008-01-26,19,More Than A Memory,Garth Brooks,20,20,
2008-01-26,20,Laughed Until We Cried,Jason Aldean,23,23,Gains In Performance
2008-01-26,21,It's Good To Be Us,Bucky Covington,24,19,Gains In Performance
2008-01-26,22,You Still Own Me,Emerson Drive,26,26,Gains In Performance
2008-01-26,23,Love Is A Beautiful Thing,Phil Vassar,27,11,Gains In Performance
2008-01-26,24,Things That Never Cross A Man's Mind,Kellie Pickler,28,17,Gains In Performance
2008-01-26,25,Rollin' With The Flow,Mark Chesnutt,30,22,Gains In Performance
2008-01-26,26,Workin' For A Livin',Garth Brooks & Huey Lewis,31,5,Gains In Performance
2008-01-26,27,Love Don't Live Here,Lady Antebellum,29,15,Gains In Performance
2008-01-26,28,You're Gonna Miss This,Trace Adkins,38,6,Gains In Performance
2008-01-26,29,Just Got Started Lovin' You,James Otto,32,13,Gains In Performance
2008-01-26,30,Somethin' About A Woman,Jake Owen,33,20,Gains In Performance
2008-01-26,31,Takin' Off This Pain,Ashton Shepherd,34,15,Gains In Performance
2008-01-26,32,Maybe She'll Get Lonely,Jack Ingram,35,10,Gains In Performance
2008-01-26,33,We Weren't Crazy,Josh Gracin,36,13,Gains In Performance
2008-01-26,34,I'm With The Band,Little Big Town,37,21,Gains In Performance
2008-01-26,35,For These Times,Martina McBride,39,11,Gains In Performance
2008-01-26,36,Happy Endings,Lee Brice,41,15,Gains In Performance
2008-01-26,37,The Strong One,Clint Black,40,30,
2008-01-26,38,We Rode In Trucks,Luke Bryan,42,12,Gains In Performance
2008-01-26,39,In My Next Life,Terri Clark,43,9,Gains In Performance
2008-01-26,40,It Ain't No Crime,Joe Nichols,45,2,Gains In Performance
2008-01-26,41,Another Try,Josh Turner Featuring Trisha Yearwood,57,2,Gains In Performance
2008-01-26,42,Loud,Big & Rich,48,7,Gains In Performance
2008-01-26,43,I Don't Love You Like That,Jypsi,46,2,Gains In Performance
2008-01-26,44,Falling Into You,Whiskey Falls,47,8,Gains In Performance
2008-01-26,45,This Is Me You're Talking To,Trisha Yearwood,58,2,Gains In Performance
2008-01-26,46,Red Umbrella,Faith Hill,44,17,
2008-01-26,47,Gunpowder And Lead,Miranda Lambert,51,2,Gains In Performance
2008-01-26,48,Til I Was A Daddy Too,Tracy Lawrence,50,5,Gains In Performance
2008-01-26,49,I Can't Believe It's Me,Rockie Lynne,54,2,Gains In Performance
2008-01-26,50,Better Get To Livin',Dolly Parton,55,10,Gains In Performance
2008-01-26,51,She's Pretty,Star De Azlan,52,2,Gains In Performance
2008-01-26,52,Picture To Burn,Taylor Swift,NEW,1,Highest ranking debut|Gains In Performance
2008-01-26,53,Make You Mine,Crossin Dixon,56,10,
2008-01-26,54,When It Rains,Eli Young Band,RE,9,Gains In Performance
2008-01-26,55,You Don't Have To Go Home,Gretchen Wilson,53,10,
2008-01-26,56,Girl Next Door,Cole Deggs & The Lonesome,49,4,
2008-01-26,57,Trying To Stop Your Leaving,Dierks Bentley,NEW,1,Gains In Performance
2008-01-26,58,Cowboy Town,Brooks & Dunn,RE,3,Gains In Performance
2008-01-26,59,Young Love,Carter's Chord,NEW,1,
2008-01-26,60,That's What Angels Do,Lila McCann,NEW,1,Gains In Performance
2008-02-02,1,Letter To Me,Brad Paisley,5,15,Gains In Performance
2008-02-02,2,Winner At A Losing Game,Rascal Flatts,3,15,Gains In Performance
2008-02-02,3,What Do Ya Think About That,Montgomery Gentry,4,27,
2008-02-02,4,Stay,Sugarland,2,19,
2008-02-02,5,Our Song,Taylor Swift,1,23,
2008-02-02,6,Everybody,Keith Urban,6,22,
2008-02-02,7,Watching Airplanes,Gary Allan,7,27,Gains In Performance
2008-02-02,8,"Ready, Set, Don't Go",Billy Ray Cyrus With Miley Cyrus,8,26,Gains In Performance
2008-02-02,9,Shiftwork,Kenny Chesney Duet With George Strait,9,14,Gains In Performance
2008-02-02,10,Cleaning This Gun (Come On In Boy),Rodney Atkins,10,18,Gains In Performance
2008-02-02,11,Small Town Southern Man,Alan Jackson,11,11,Gains In Performance
2008-02-02,12,All-American Girl,Carrie Underwood,12,8,Gains In Performance
2008-02-02,13,Get My Drink On,Toby Keith,14,14,Gains In Performance
2008-02-02,14,Stealing Cinderella,Chuck Wicks,13,22,Gains In Performance
2008-02-02,15,International Harvester,Craig Morgan,16,19,Gains In Performance
2008-02-02,16,Suspicions,Tim McGraw,15,11,Gains In Performance
2008-02-02,17,God Must Be Busy,Brooks & Dunn,17,13,Gains In Performance
2008-02-02,18,What Kinda Gone,Chris Cagle,18,27,Gains In Performance
2008-02-02,19,Laughed Until We Cried,Jason Aldean,20,24,Gains In Performance
2008-02-02,20,It's Good To Be Us,Bucky Covington,21,20,Gains In Performance
2008-02-02,21,Love Is A Beautiful Thing,Phil Vassar,23,12,Gains In Performance
2008-02-02,22,You're Gonna Miss This,Trace Adkins,28,7,Gains In Performance
2008-02-02,23,You Still Own Me,Emerson Drive,22,27,Gains In Performance
2008-02-02,24,Love Don't Live Here,Lady Antebellum,27,16,Gains In Performance
2008-02-02,25,Workin' For A Livin',Garth Brooks & Huey Lewis,26,6,Gains In Performance
2008-02-02,26,Rollin' With The Flow,Mark Chesnutt,25,23,Gains In Performance
2008-02-02,27,Things That Never Cross A Man's Mind,Kellie Pickler,24,18,Gains In Performance
2008-02-02,28,Just Got Started Lovin' You,James Otto,29,14,Gains In Performance
2008-02-02,29,Somethin' About A Woman,Jake Owen,30,21,Gains In Performance
2008-02-02,30,Takin' Off This Pain,Ashton Shepherd,31,16,Gains In Performance
2008-02-02,31,Maybe She'll Get Lonely,Jack Ingram,32,11,Gains In Performance
2008-02-02,32,Another Try,Josh Turner Featuring Trisha Yearwood,41,3,Gains In Performance
2008-02-02,33,We Weren't Crazy,Josh Gracin,33,14,Gains In Performance
2008-02-02,34,It Ain't No Crime,Joe Nichols,40,3,Gains In Performance
2008-02-02,35,For These Times,Martina McBride,35,12,Gains In Performance
2008-02-02,36,Happy Endings,Lee Brice,36,16,Gains In Performance
2008-02-02,37,We Rode In Trucks,Luke Bryan,38,13,Gains In Performance
2008-02-02,38,In My Next Life,Terri Clark,39,10,Gains In Performance
2008-02-02,39,This Is Me You're Talking To,Trisha Yearwood,45,3,Gains In Performance
2008-02-02,40,I Don't Love You Like That,Jypsi,43,3,Gains In Performance
2008-02-02,41,Falling Into You,Whiskey Falls,44,9,Gains In Performance
2008-02-02,42,Loud,Big & Rich,42,8,
2008-02-02,43,Gunpowder And Lead,Miranda Lambert,47,3,Gains In Performance
2008-02-02,44,Til I Was A Daddy Too,Tracy Lawrence,48,6,Gains In Performance
2008-02-02,45,Red Umbrella,Faith Hill,46,18,Gains In Performance
2008-02-02,46,Picture To Burn,Taylor Swift,52,2,Gains In Performance
2008-02-02,47,Trying To Stop Your Leaving,Dierks Bentley,57,2,Gains In Performance
2008-02-02,48,Better Get To Livin',Dolly Parton,50,11,Gains In Performance
2008-02-02,49,I Can't Believe It's Me,Rockie Lynne,49,3,
2008-02-02,50,Stronger Woman,Jewel,NEW,1,Highest ranking debut|Gains In Performance
2008-02-02,51,I Don't Know When To Quit,The Road Hammers,RE,2,Gains In Performance
2008-02-02,52,She's Pretty,Star De Azlan,51,3,
2008-02-02,53,You Don't Have To Go Home,Gretchen Wilson,55,11,Gains In Performance
2008-02-02,54,Some Things Never Change,Sara Evans,NEW,1,Gains In Performance
2008-02-02,55,Make You Mine,Crossin Dixon,53,11,
2008-02-02,56,Young Love,Carter's Chord,59,2,Gains In Performance
2008-02-02,57,When It Rains,Eli Young Band,54,10,
2008-02-02,58,Every Other Weekend,Reba McEntire With Kenny Chesney,NEW,1,Gains In Performance
2008-02-02,59,She Likes It In The Morning,Clay Walker,NEW,1,Gains In Performance
2008-02-02,60,Back There All The Time,The Drew Davis Band,NEW,1,Gains In Performance
2008-02-09,1,Letter To Me,Brad Paisley,1,16,Gains In Performance
2008-02-09,2,Winner At A Losing Game,Rascal Flatts,2,16,Gains In Performance
2008-02-09,3,Watching Airplanes,Gary Allan,7,28,Gains In Performance
2008-02-09,4,"Ready, Set, Don't Go",Billy Ray Cyrus With Miley Cyrus,8,27,Gains In Performance
2008-02-09,5,What Do Ya Think About That,Montgomery Gentry,3,28,
2008-02-09,6,Our Song,Taylor Swift,5,24,
2008-02-09,7,Cleaning This Gun (Come On In Boy),Rodney Atkins,10,19,Greatest gainer this week|Gains In Performance
2008-02-09,8,Everybody,Keith Urban,6,23,
2008-02-09,9,Shiftwork,Kenny Chesney Duet With George Strait,9,15,Gains In Performance
2008-02-09,10,Stay,Sugarland,4,20,
2008-02-09,11,Small Town Southern Man,Alan Jackson,11,12,Gains In Performance
2008-02-09,12,All-American Girl,Carrie Underwood,12,9,Gains In Performance
2008-02-09,13,Stealing Cinderella,Chuck Wicks,14,23,Gains In Performance
2008-02-09,14,Get My Drink On,Toby Keith,13,15,Gains In Performance
2008-02-09,15,International Harvester,Craig Morgan,15,20,Gains In Performance
2008-02-09,16,Suspicions,Tim McGraw,16,12,Gains In Performance
2008-02-09,17,God Must Be Busy,Brooks & Dunn,17,14,Gains In Performance
2008-02-09,18,What Kinda Gone,Chris Cagle,18,28,Gains In Performance
2008-02-09,19,Laughed Until We Cried,Jason Aldean,19,25,Gains In Performance
2008-02-09,20,It's Good To Be Us,Bucky Covington,20,21,Gains In Performance
2008-02-09,21,You're Gonna Miss This,Trace Adkins,22,8,Gains In Performance
2008-02-09,22,Love Is A Beautiful Thing,Phil Vassar,21,13,Gains In Performance
2008-02-09,23,You Still Own Me,Emerson Drive,23,28,Gains In Performance
2008-02-09,24,Workin' For A Livin',Garth Brooks & Huey Lewis,25,7,Gains In Performance
2008-02-09,25,Things That Never Cross A Man's Mind,Kellie Pickler,27,19,Gains In Performance
2008-02-09,26,Love Don't Live Here,Lady Antebellum,24,17,Gains In Performance
2008-02-09,27,Just Got Started Lovin' You,James Otto,28,15,Gains In Performance
2008-02-09,28,Rollin' With The Flow,Mark Chesnutt,26,24,Gains In Performance
2008-02-09,29,Somethin' About A Woman,Jake Owen,29,22,Gains In Performance
2008-02-09,30,It Ain't No Crime,Joe Nichols,34,4,Gains In Performance
2008-02-09,31,Takin' Off This Pain,Ashton Shepherd,30,17,Gains In Performance
2008-02-09,32,Maybe She'll Get Lonely,Jack Ingram,31,12,Gains In Performance
2008-02-09,33,Another Try,Josh Turner Featuring Trisha Yearwood,32,4,Gains In Performance
2008-02-09,34,We Weren't Crazy,Josh Gracin,33,15,Gains In Performance
2008-02-09,35,We Rode In Trucks,Luke Bryan,37,14,Gains In Performance
2008-02-09,36,Happy Endings,Lee Brice,36,17,Gains In Performance
2008-02-09,37,For These Times,Martina McBride,35,13,
2008-02-09,38,In My Next Life,Terri Clark,38,11,Gains In Performance
2008-02-09,39,Picture To Burn,Taylor Swift,46,3,Gains In Performance
2008-02-09,40,Stronger Woman,Jewel,50,2,Gains In Performance
2008-02-09,41,Trying To Stop Your Leaving,Dierks Bentley,47,3,Gains In Performance
2008-02-09,42,Gunpowder And Lead,Miranda Lambert,43,4,Gains In Performance
2008-02-09,43,I Don't Love You Like That,Jypsi,40,4,Gains In Performance
2008-02-09,44,This Is Me You're Talking To,Trisha Yearwood,39,4,
2008-02-09,45,Falling Into You,Whiskey Falls,41,10,Gains In Performance
2008-02-09,46,Loud,Big & Rich,42,9,Gains In Performance
2008-02-09,47,Til I Was A Daddy Too,Tracy Lawrence,44,7,Gains In Performance
2008-02-09,48,Busy Being Fabulous,Eagles,NEW,1,Highest ranking debut|Gains In Performance
2008-02-09,49,Better Get To Livin',Dolly Parton,48,12,
2008-02-09,50,I Can't Believe It's Me,Rockie Lynne,49,4,Gains In Performance
2008-02-09,51,I Don't Know When To Quit,The Road Hammers,51,3,Gains In Performance
2008-02-09,52,She's Pretty,Star De Azlan,52,4,Gains In Performance
2008-02-09,53,Red Umbrella,Faith Hill,45,19,
2008-02-09,54,Braid My Hair,Randy Owen,NEW,1,Gains In Performance
2008-02-09,55,If You Didn't Love Me,Phil Stacey,NEW,1,Gains In Performance
2008-02-09,56,Young Love,Carter's Chord,56,3,Gains In Performance
2008-02-09,57,Some Things Never Change,Sara Evans,54,2,Gains In Performance
2008-02-09,58,You Don't Have To Go Home,Gretchen Wilson,53,12,
2008-02-09,59,Back There All The Time,The Drew Davis Band,60,2,Gains In Performance
2008-02-09,60,Home,Blake Shelton,NEW,1,Gains In Performance
2008-02-16,1,Letter To Me,Brad Paisley,1,17,Gains In Performance
2008-02-16,2,Winner At A Losing Game,Rascal Flatts,2,17,Gains In Performance
2008-02-16,3,Watching Airplanes,Gary Allan,3,29,Gains In Performance
2008-02-16,4,Cleaning This Gun (Come On In Boy),Rodney Atkins,7,20,Greatest gainer this week|Gains In Performance
2008-02-16,5,Shiftwork,Kenny Chesney Duet With George Strait,9,16,Gains In Performance
2008-02-16,6,"Ready, Set, Don't Go",Billy Ray Cyrus With Miley Cyrus,4,28,Gains In Performance
2008-02-16,7,Small Town Southern Man,Alan Jackson,11,13,Gains In Performance
2008-02-16,8,All-American Girl,Carrie Underwood,12,10,Gains In Performance
2008-02-16,9,Stealing Cinderella,Chuck Wicks,13,24,Gains In Performance
2008-02-16,10,International Harvester,Craig Morgan,15,21,Gains In Performance
2008-02-16,11,Get My Drink On,Toby Keith,14,16,
2008-02-16,12,Suspicions,Tim McGraw,16,13,Gains In Performance
2008-02-16,13,What Kinda Gone,Chris Cagle,18,29,Gains In Performance
2008-02-16,14,God Must Be Busy,Brooks & Dunn,17,15,Gains In Performance
2008-02-16,15,Laughed Until We Cried,Jason Aldean,19,26,Gains In Performance
2008-02-16,16,You're Gonna Miss This,Trace Adkins,21,9,Gains In Performance
2008-02-16,17,It's Good To Be Us,Bucky Covington,20,22,Gains In Performance
2008-02-16,18,Love Is A Beautiful Thing,Phil Vassar,22,14,Gains In Performance
2008-02-16,19,Workin' For A Livin',Garth Brooks & Huey Lewis,24,8,Gains In Performance
2008-02-16,20,Just Got Started Lovin' You,James Otto,27,16,Gains In Performance
2008-02-16,21,Things That Never Cross A Man's Mind,Kellie Pickler,25,20,Gains In Performance
2008-02-16,22,You Still Own Me,Emerson Drive,23,29,Gains In Performance
2008-02-16,23,Love Don't Live Here,Lady Antebellum,26,18,Gains In Performance
2008-02-16,24,It Ain't No Crime,Joe Nichols,30,5,Gains In Performance
2008-02-16,25,Rollin' With The Flow,Mark Chesnutt,28,25,
2008-02-16,26,Somethin' About A Woman,Jake Owen,29,23,Gains In Performance
2008-02-16,27,Another Try,Josh Turner Featuring Trisha Yearwood,33,5,Gains In Performance
2008-02-16,28,Takin' Off This Pain,Ashton Shepherd,31,18,Gains In Performance
2008-02-16,29,Maybe She'll Get Lonely,Jack Ingram,32,13,Gains In Performance
2008-02-16,30,Picture To Burn,Taylor Swift,39,4,Gains In Performance
2008-02-16,31,We Weren't Crazy,Josh Gracin,34,16,Gains In Performance
2008-02-16,32,Stronger Woman,Jewel,40,3,Gains In Performance
2008-02-16,33,We Rode In Trucks,Luke Bryan,35,15,Gains In Performance
2008-02-16,34,Trying To Stop Your Leaving,Dierks Bentley,41,4,Gains In Performance
2008-02-16,35,Happy Endings,Lee Brice,36,18,Gains In Performance
2008-02-16,36,In My Next Life,Terri Clark,38,12,Gains In Performance
2008-02-16,37,Gunpowder And Lead,Miranda Lambert,42,5,Gains In Performance
2008-02-16,38,This Is Me You're Talking To,Trisha Yearwood,44,5,Gains In Performance
2008-02-16,39,I Don't Love You Like That,Jypsi,43,5,Gains In Performance
2008-02-16,40,For These Times,Martina McBride,37,14,
2008-02-16,41,Some Things Never Change,Sara Evans,57,3,Gains In Performance
2008-02-16,42,Busy Being Fabulous,Eagles,48,2,Gains In Performance
2008-02-16,43,Falling Into You,Whiskey Falls,45,11,
2008-02-16,44,I Still Miss You,Keith Anderson,NEW,1,Highest ranking debut|Gains In Performance
2008-02-16,45,Loud,Big & Rich,46,10,
2008-02-16,46,Til I Was A Daddy Too,Tracy Lawrence,47,8,Gains In Performance
2008-02-16,47,Home,Blake Shelton,60,2,Gains In Performance
2008-02-16,48,Braid My Hair,Randy Owen,54,2,Gains In Performance
2008-02-16,49,Better Get To Livin',Dolly Parton,49,13,Gains In Performance
2008-02-16,50,If You Didn't Love Me,Phil Stacey,55,2,Gains In Performance
2008-02-16,51,She's Pretty,Star De Azlan,52,5,Gains In Performance
2008-02-16,52,I Can't Believe It's Me,Rockie Lynne,50,5,Gains In Performance
2008-02-16,53,She Likes It In The Morning,Clay Walker,RE,2,Gains In Performance
2008-02-16,54,I Don't Know When To Quit,The Road Hammers,51,4,Gains In Performance
2008-02-16,55,Young Love,Carter's Chord,56,4,Gains In Performance
2008-02-16,56,When It Rains,Eli Young Band,RE,11,Gains In Performance
2008-02-16,57,Things A Mama Don't Know,Mica Roberts Featuring Toby Keith,NEW,1,Gains In Performance
2008-02-16,58,Back There All The Time,The Drew Davis Band,59,3,
2008-02-16,59,I Can Sleep When I'm Dead,Jason Michael Carroll,NEW,1,Gains In Performance
2008-02-16,60,He Hates Me,Sarah Johns,NEW,1,Gains In Performance
2008-02-23,1,Letter To Me,Brad Paisley,1,18,
2008-02-23,2,Winner At A Losing Game,Rascal Flatts,2,18,
2008-02-23,3,Cleaning This Gun (Come On In Boy),Rodney Atkins,4,21,Gains In Performance
2008-02-23,4,Watching Airplanes,Gary Allan,3,30,Gains In Performance
2008-02-23,5,"Ready, Set, Don't Go",Billy Ray Cyrus With Miley Cyrus,6,29,Gains In Performance
2008-02-23,6,Shiftwork,Kenny Chesney Duet With George Strait,5,17,Gains In Performance
2008-02-23,7,Small Town Southern Man,Alan Jackson,7,14,Gains In Performance
2008-02-23,8,All-American Girl,Carrie Underwood,8,11,Gains In Performance
2008-02-23,9,Stealing Cinderella,Chuck Wicks,9,25,Gains In Performance
2008-02-23,10,International Harvester,Craig Morgan,10,22,Gains In Performance
2008-02-23,11,What Kinda Gone,Chris Cagle,13,30,Gains In Performance
2008-02-23,12,Get My Drink On,Toby Keith,11,17,
2008-02-23,13,God Must Be Busy,Brooks & Dunn,14,16,
2008-02-23,14,Laughed Until We Cried,Jason Aldean,15,27,Gains In Performance
2008-02-23,15,You're Gonna Miss This,Trace Adkins,16,10,Gains In Performance
2008-02-23,16,Suspicions,Tim McGraw,12,14,
2008-02-23,17,It's Good To Be Us,Bucky Covington,17,23,Gains In Performance
2008-02-23,18,Love Is A Beautiful Thing,Phil Vassar,18,15,Gains In Performance
2008-02-23,19,I Saw God Today,George Strait,NEW,1,
2008-02-23,20,Just Got Started Lovin' You,James Otto,20,17,Gains In Performance
2008-02-23,21,Workin' For A Livin',Garth Brooks & Huey Lewis,19,9,
2008-02-23,22,Things That Never Cross A Man's Mind,Kellie Pickler,21,21,Gains In Performance
2008-02-23,23,You Still Own Me,Emerson Drive,22,30,Gains In Performance
2008-02-23,24,Love Don't Live Here,Lady Antebellum,23,19,Gains In Performance
2008-02-23,25,Picture To Burn,Taylor Swift,30,5,Gains In Performance
2008-02-23,26,It Ain't No Crime,Joe Nichols,24,6,Gains In Performance
2008-02-23,27,Rollin' With The Flow,Mark Chesnutt,25,26,Gains In Performance
2008-02-23,28,Somethin' About A Woman,Jake Owen,26,24,Gains In Performance
2008-02-23,29,Takin' Off This Pain,Ashton Shepherd,28,19,Gains In Performance
2008-02-23,30,Another Try,Josh Turner Featuring Trisha Yearwood,27,6,Gains In Performance
2008-02-23,31,Maybe She'll Get Lonely,Jack Ingram,29,14,Gains In Performance
2008-02-23,32,Stronger Woman,Jewel,32,4,Gains In Performance
2008-02-23,33,We Weren't Crazy,Josh Gracin,31,17,Gains In Performance
2008-02-23,34,Trying To Stop Your Leaving,Dierks Bentley,34,5,Gains In Performance
2008-02-23,35,Happy Endings,Lee Brice,35,19,
2008-02-23,36,We Rode In Trucks,Luke Bryan,33,16,
2008-02-23,37,Gunpowder And Lead,Miranda Lambert,37,6,Gains In Performance
2008-02-23,38,In My Next Life,Terri Clark,36,13,
2008-02-23,39,This Is Me You're Talking To,Trisha Yearwood,38,6,Gains In Performance
2008-02-23,40,Busy Being Fabulous,Eagles,42,3,Gains In Performance
2008-02-23,41,I Still Miss You,Keith Anderson,44,2,Gains In Performance
2008-02-23,42,I Don't Love You Like That,Jypsi,39,6,
2008-02-23,43,Some Things Never Change,Sara Evans,41,4,
2008-02-23,44,Home,Blake Shelton,47,3,Gains In Performance
2008-02-23,45,Falling Into You,Whiskey Falls,43,12,
2008-02-23,46,She Likes It In The Morning,Clay Walker,53,3,Gains In Performance
2008-02-23,47,If You Didn't Love Me,Phil Stacey,50,3,Gains In Performance
2008-02-23,48,Til I Was A Daddy Too,Tracy Lawrence,46,9,
2008-02-23,49,Braid My Hair,Randy Owen,48,3,Gains In Performance
2008-02-23,50,Better Get To Livin',Dolly Parton,49,14,Gains In Performance
2008-02-23,51,I Can't Believe It's Me,Rockie Lynne,52,6,Gains In Performance
2008-02-23,52,She's Pretty,Star De Azlan,51,6,
2008-02-23,53,When It Rains,Eli Young Band,56,12,Gains In Performance
2008-02-23,54,Young Love,Carter's Chord,55,5,Gains In Performance
2008-02-23,55,For These Times,Martina McBride,40,15,
2008-02-23,56,I Don't Know When To Quit,The Road Hammers,54,5,
2008-02-23,57,Loud,Big & Rich,45,11,
2008-02-23,58,I Can Sleep When I'm Dead,Jason Michael Carroll,59,2,Gains In Performance
2008-02-23,59,Every Other Weekend,Reba McEntire With Kenny Chesney,RE,2,Gains In Performance
2008-02-23,60,Holler Back,The Lost Trailers,NEW,1,Gains In Performance
2008-03-01,1,Cleaning This Gun (Come On In Boy),Rodney Atkins,3,22,Gains In Performance
2008-03-01,2,Watching Airplanes,Gary Allan,4,31,Gains In Performance
2008-03-01,3,Letter To Me,Brad Paisley,1,19,
2008-03-01,4,Shiftwork,Kenny Chesney Duet With George Strait,6,18,Gains In Performance
2008-03-01,5,Small Town Southern Man,Alan Jackson,7,15,Gains In Performance
2008-03-01,6,"Ready, Set, Don't Go",Billy Ray Cyrus With Miley Cyrus,5,30,
2008-03-01,7,All-American Girl,Carrie Underwood,8,12,Gains In Performance
2008-03-01,8,Winner At A Losing Game,Rascal Flatts,2,19,
2008-03-01,9,Stealing Cinderella,Chuck Wicks,9,26,Gains In Performance
2008-03-01,10,International Harvester,Craig Morgan,10,23,Gains In Performance
2008-03-01,11,What Kinda Gone,Chris Cagle,11,31,Gains In Performance
2008-03-01,12,You're Gonna Miss This,Trace Adkins,15,11,Gains In Performance
2008-03-01,13,God Must Be Busy,Brooks & Dunn,13,17,Gains In Performance
2008-03-01,14,Laughed Until We Cried,Jason Aldean,14,28,Gains In Performance
2008-03-01,15,I Saw God Today,George Strait,19,2,Gains In Performance
2008-03-01,16,It's Good To Be Us,Bucky Covington,17,24,Gains In Performance
2008-03-01,17,Love Is A Beautiful Thing,Phil Vassar,18,16,Gains In Performance
2008-03-01,18,Just Got Started Lovin' You,James Otto,20,18,Gains In Performance
2008-03-01,19,Get My Drink On,Toby Keith,12,18,
2008-03-01,20,Picture To Burn,Taylor Swift,25,6,Gains In Performance
2008-03-01,21,Love Don't Live Here,Lady Antebellum,24,20,Gains In Performance
2008-03-01,22,Suspicions,Tim McGraw,16,15,
2008-03-01,23,Workin' For A Livin',Garth Brooks & Huey Lewis,21,10,Gains In Performance
2008-03-01,24,Things That Never Cross A Man's Mind,Kellie Pickler,22,22,Gains In Performance
2008-03-01,25,You Still Own Me,Emerson Drive,23,31,Gains In Performance
2008-03-01,26,It Ain't No Crime,Joe Nichols,26,7,Gains In Performance
2008-03-01,27,Somethin' About A Woman,Jake Owen,28,25,Gains In Performance
2008-03-01,28,Stronger Woman,Jewel,32,5,Gains In Performance
2008-03-01,29,Rollin' With The Flow,Mark Chesnutt,27,27,
2008-03-01,30,Takin' Off This Pain,Ashton Shepherd,29,20,Gains In Performance
2008-03-01,31,Maybe She'll Get Lonely,Jack Ingram,31,15,Gains In Performance
2008-03-01,32,Another Try,Josh Turner Featuring Trisha Yearwood,30,7,Gains In Performance
2008-03-01,33,Trying To Stop Your Leaving,Dierks Bentley,34,6,Gains In Performance
2008-03-01,34,We Weren't Crazy,Josh Gracin,33,18,Gains In Performance
2008-03-01,35,Gunpowder And Lead,Miranda Lambert,37,7,Gains In Performance
2008-03-01,36,Happy Endings,Lee Brice,35,20,
2008-03-01,37,We Rode In Trucks,Luke Bryan,36,17,
2008-03-01,38,Busy Being Fabulous,Eagles,40,4,Gains In Performance
2008-03-01,39,This Is Me You're Talking To,Trisha Yearwood,39,7,Gains In Performance
2008-03-01,40,Home,Blake Shelton,44,4,Gains In Performance
2008-03-01,41,In My Next Life,Terri Clark,38,14,
2008-03-01,42,I Don't Love You Like That,Jypsi,42,7,Gains In Performance
2008-03-01,43,I Still Miss You,Keith Anderson,41,3,Gains In Performance
2008-03-01,44,Some Things Never Change,Sara Evans,43,5,Gains In Performance
2008-03-01,45,If You Didn't Love Me,Phil Stacey,47,4,Gains In Performance
2008-03-01,46,Falling Into You,Whiskey Falls,45,13,
2008-03-01,47,Til I Was A Daddy Too,Tracy Lawrence,48,10,Gains In Performance
2008-03-01,48,She Likes It In The Morning,Clay Walker,46,4,Gains In Performance
2008-03-01,49,Back When I Knew It All,Montgomery Gentry,NEW,1,Highest ranking debut|Gains In Performance
2008-03-01,50,Young Love,Carter's Chord,54,6,Gains In Performance
2008-03-01,51,She's Pretty,Star De Azlan,52,7,Gains In Performance
2008-03-01,52,I Can't Believe It's Me,Rockie Lynne,51,7,
2008-03-01,53,When It Rains,Eli Young Band,53,13,Gains In Performance
2008-03-01,54,Braid My Hair,Randy Owen,49,4,
2008-03-01,55,Better Get To Livin',Dolly Parton,50,15,
2008-03-01,56,He Hates Me,Sarah Johns,RE,2,Gains In Performance
2008-03-01,57,Every Other Weekend,Reba McEntire With Kenny Chesney,59,3,Gains In Performance
2008-03-01,58,I Can Sleep When I'm Dead,Jason Michael Carroll,58,3,Gains In Performance
2008-03-01,59,I Don't Know When To Quit,The Road Hammers,56,6,
2008-03-01,60,For These Times,Martina McBride,55,16,
2008-03-08,1,Cleaning This Gun (Come On In Boy),Rodney Atkins,1,23,Gains In Performance
2008-03-08,2,Shiftwork,Kenny Chesney Duet With George Strait,4,19,Gains In Performance
2008-03-08,3,Letter To Me,Brad Paisley,3,20,
2008-03-08,4,Small Town Southern Man,Alan Jackson,5,16,Gains In Performance
2008-03-08,5,All-American Girl,Carrie Underwood,7,13,Gains In Performance
2008-03-08,6,Watching Airplanes,Gary Allan,2,32,
2008-03-08,7,Stealing Cinderella,Chuck Wicks,9,27,Gains In Performance
2008-03-08,8,"Ready, Set, Don't Go",Billy Ray Cyrus With Miley Cyrus,6,31,
2008-03-08,9,What Kinda Gone,Chris Cagle,11,32,Gains In Performance
2008-03-08,10,You're Gonna Miss This,Trace Adkins,12,12,Gains In Performance
2008-03-08,11,International Harvester,Craig Morgan,10,24,Gains In Performance
2008-03-08,12,I Saw God Today,George Strait,15,3,Greatest gainer this week|Gains In Performance
2008-03-08,13,Winner At A Losing Game,Rascal Flatts,8,20,
2008-03-08,14,Laughed Until We Cried,Jason Aldean,14,29,Gains In Performance
2008-03-08,15,God Must Be Busy,Brooks & Dunn,13,18,Gains In Performance
2008-03-08,16,Just Got Started Lovin' You,James Otto,18,19,Gains In Performance
2008-03-08,17,Love Is A Beautiful Thing,Phil Vassar,17,17,Gains In Performance
2008-03-08,18,It's Good To Be Us,Bucky Covington,16,25,Gains In Performance
2008-03-08,19,Picture To Burn,Taylor Swift,20,7,Gains In Performance
2008-03-08,20,Love Don't Live Here,Lady Antebellum,21,21,Gains In Performance
2008-03-08,21,Things That Never Cross A Man's Mind,Kellie Pickler,24,23,Gains In Performance
2008-03-08,22,Workin' For A Livin',Garth Brooks & Huey Lewis,23,11,
2008-03-08,23,It Ain't No Crime,Joe Nichols,26,8,Gains In Performance
2008-03-08,24,You Still Own Me,Emerson Drive,25,32,Gains In Performance
2008-03-08,25,Somethin' About A Woman,Jake Owen,27,26,Gains In Performance
2008-03-08,26,Stronger Woman,Jewel,28,6,Gains In Performance
2008-03-08,27,Get My Drink On,Toby Keith,19,19,
2008-03-08,28,Trying To Stop Your Leaving,Dierks Bentley,33,7,Gains In Performance
2008-03-08,29,Takin' Off This Pain,Ashton Shepherd,30,21,Gains In Performance
2008-03-08,30,Maybe She'll Get Lonely,Jack Ingram,31,16,Gains In Performance
2008-03-08,31,Another Try,Josh Turner Featuring Trisha Yearwood,32,8,Gains In Performance
2008-03-08,32,Suspicions,Tim McGraw,22,16,
2008-03-08,33,We Weren't Crazy,Josh Gracin,34,19,Gains In Performance
2008-03-08,34,Busy Being Fabulous,Eagles,38,5,Gains In Performance
2008-03-08,35,Home,Blake Shelton,40,5,Gains In Performance
2008-03-08,36,Gunpowder And Lead,Miranda Lambert,35,8,Gains In Performance
2008-03-08,37,Happy Endings,Lee Brice,36,21,Gains In Performance
2008-03-08,38,This Is Me You're Talking To,Trisha Yearwood,39,8,Gains In Performance
2008-03-08,39,Back When I Knew It All,Montgomery Gentry,49,2,Gains In Performance
2008-03-08,40,I Still Miss You,Keith Anderson,43,4,Gains In Performance
2008-03-08,41,Some Things Never Change,Sara Evans,44,6,Gains In Performance
2008-03-08,42,Every Day,Rascal Flatts,NEW,1,Highest ranking debut|Gains In Performance
2008-03-08,43,We Rode In Trucks,Luke Bryan,37,18,
2008-03-08,44,I Don't Love You Like That,Jypsi,42,8,
2008-03-08,45,In My Next Life,Terri Clark,41,15,
2008-03-08,46,If You Didn't Love Me,Phil Stacey,45,5,Gains In Performance
2008-03-08,47,Til I Was A Daddy Too,Tracy Lawrence,47,11,Gains In Performance
2008-03-08,48,I'm Still A Guy,Brad Paisley,NEW,1,Gains In Performance
2008-03-08,49,Falling Into You,Whiskey Falls,46,14,Gains In Performance
2008-03-08,50,Braid My Hair,Randy Owen,54,5,Gains In Performance
2008-03-08,51,She Likes It In The Morning,Clay Walker,48,5,Gains In Performance
2008-03-08,52,I Can Sleep When I'm Dead,Jason Michael Carroll,58,4,Gains In Performance
2008-03-08,53,He Hates Me,Sarah Johns,56,3,Gains In Performance
2008-03-08,54,Young Love,Carter's Chord,50,7,Gains In Performance
2008-03-08,55,When It Rains,Eli Young Band,53,14,Gains In Performance
2008-03-08,56,She's Pretty,Star De Azlan,51,8,
2008-03-08,57,Every Other Weekend,Reba McEntire With Kenny Chesney,57,4,Gains In Performance
2008-03-08,58,I Don't Know When To Quit,The Road Hammers,59,7,Gains In Performance
2008-03-08,59,I Can't Believe It's Me,Rockie Lynne,52,8,
2008-03-08,60,Better Get To Livin',Dolly Parton,55,16,
2008-03-15,1,All-American Girl,Carrie Underwood,5,14,Gains In Performance
2008-03-15,2,Cleaning This Gun (Come On In Boy),Rodney Atkins,1,24,
2008-03-15,3,Small Town Southern Man,Alan Jackson,4,17,Gains In Performance
2008-03-15,4,Shiftwork,Kenny Chesney Duet With George Strait,2,20,Gains In Performance
2008-03-15,5,Stealing Cinderella,Chuck Wicks,7,28,Gains In Performance
2008-03-15,6,You're Gonna Miss This,Trace Adkins,10,13,Gains In Performance
2008-03-15,7,Watching Airplanes,Gary Allan,6,33,
2008-03-15,8,I Saw God Today,George Strait,12,4,Gains In Performance
2008-03-15,9,What Kinda Gone,Chris Cagle,9,33,Gains In Performance
2008-03-15,10,Laughed Until We Cried,Jason Aldean,14,30,Gains In Performance
2008-03-15,11,God Must Be Busy,Brooks & Dunn,15,19,Gains In Performance
2008-03-15,12,Just Got Started Lovin' You,James Otto,16,20,Gains In Performance
2008-03-15,13,Picture To Burn,Taylor Swift,19,8,Gains In Performance
2008-03-15,14,Love Is A Beautiful Thing,Phil Vassar,17,18,Gains In Performance
2008-03-15,15,It's Good To Be Us,Bucky Covington,18,26,Gains In Performance
2008-03-15,16,Love Don't Live Here,Lady Antebellum,20,22,Gains In Performance
2008-03-15,17,Things That Never Cross A Man's Mind,Kellie Pickler,21,24,Gains In Performance
2008-03-15,18,It Ain't No Crime,Joe Nichols,23,9,Gains In Performance
2008-03-15,19,Stronger Woman,Jewel,26,7,Gains In Performance
2008-03-15,20,Somethin' About A Woman,Jake Owen,25,27,Gains In Performance
2008-03-15,21,Trying To Stop Your Leaving,Dierks Bentley,28,8,Gains In Performance
2008-03-15,22,Another Try,Josh Turner Featuring Trisha Yearwood,31,9,Gains In Performance
2008-03-15,23,Workin' For A Livin',Garth Brooks & Huey Lewis,22,12,
2008-03-15,24,Takin' Off This Pain,Ashton Shepherd,29,22,Gains In Performance
2008-03-15,25,Maybe She'll Get Lonely,Jack Ingram,30,17,Gains In Performance
2008-03-15,26,Every Day,Rascal Flatts,42,2,Gains In Performance
2008-03-15,27,I'm Still A Guy,Brad Paisley,48,2,Gains In Performance
2008-03-15,28,Back When I Knew It All,Montgomery Gentry,39,3,Gains In Performance
2008-03-15,29,We Weren't Crazy,Josh Gracin,33,20,Gains In Performance
2008-03-15,30,Busy Being Fabulous,Eagles,34,6,Gains In Performance
2008-03-15,31,Home,Blake Shelton,35,6,Gains In Performance
2008-03-15,32,Get My Drink On,Toby Keith,27,20,
2008-03-15,33,Gunpowder And Lead,Miranda Lambert,36,9,Gains In Performance
2008-03-15,34,Happy Endings,Lee Brice,37,22,Gains In Performance
2008-03-15,35,This Is Me You're Talking To,Trisha Yearwood,38,9,Gains In Performance
2008-03-15,36,I Still Miss You,Keith Anderson,40,5,Gains In Performance
2008-03-15,37,Some Things Never Change,Sara Evans,41,7,Gains In Performance
2008-03-15,38,I Don't Love You Like That,Jypsi,44,9,Gains In Performance
2008-03-15,39,If You Didn't Love Me,Phil Stacey,46,6,Gains In Performance
2008-03-15,40,Til I Was A Daddy Too,Tracy Lawrence,47,12,Gains In Performance
2008-03-15,41,Every Other Weekend,Reba McEntire With Kenny Chesney,57,5,Gains In Performance
2008-03-15,42,I Can Sleep When I'm Dead,Jason Michael Carroll,52,5,Gains In Performance
2008-03-15,43,Falling Into You,Whiskey Falls,49,15,Gains In Performance
2008-03-15,44,She Likes It In The Morning,Clay Walker,51,6,Gains In Performance
2008-03-15,45,In My Next Life,Terri Clark,45,16,
2008-03-15,46,Suspicions,Tim McGraw,32,17,
2008-03-15,47,Braid My Hair,Randy Owen,50,6,
2008-03-15,48,Holler Back,The Lost Trailers,RE,2,Gains In Performance
2008-03-15,49,Young Love,Carter's Chord,54,8,Gains In Performance
2008-03-15,50,He Hates Me,Sarah Johns,53,4,Gains In Performance
2008-03-15,51,That Song In My Head,Julianne Hough,NEW,1,Highest ranking debut|Gains In Performance
2008-03-15,52,We Rode In Trucks,Luke Bryan,43,19,
2008-03-15,53,Kristofferson,Tim McGraw,NEW,1,Gains In Performance
2008-03-15,54,Rocks In Your Shoes,Emily West,NEW,1,Gains In Performance
2008-03-15,55,When It Rains,Eli Young Band,55,15,
2008-03-15,56,She's A Hottie,Toby Keith,NEW,1,Gains In Performance
2008-03-15,57,I Can't Believe It's Me,Rockie Lynne,59,9,Gains In Performance
2008-03-15,58,Things A Mama Don't Know,Mica Roberts Featuring Toby Keith,RE,2,Gains In Performance
2008-03-15,59,Good Friend And A Glass Of Wine,LeAnn Rimes,NEW,1,Gains In Performance
2008-03-15,60,I Don't Know When To Quit,The Road Hammers,58,8,
2008-03-22,1,All-American Girl,Carrie Underwood,1,15,Gains In Performance
2008-03-22,2,Small Town Southern Man,Alan Jackson,3,18,Gains In Performance
2008-03-22,3,Shiftwork,Kenny Chesney Duet With George Strait,4,21,Gains In Performance
2008-03-22,4,Cleaning This Gun (Come On In Boy),Rodney Atkins,2,25,
2008-03-22,5,You're Gonna Miss This,Trace Adkins,6,14,Gains In Performance
2008-03-22,6,Stealing Cinderella,Chuck Wicks,5,29,
2008-03-22,7,What Kinda Gone,Chris Cagle,9,34,Gains In Performance
2008-03-22,8,I Saw God Today,George Strait,8,5,Gains In Performance
2008-03-22,9,Laughed Until We Cried,Jason Aldean,10,31,Gains In Performance
2008-03-22,10,Just Got Started Lovin' You,James Otto,12,21,Gains In Performance
2008-03-22,11,God Must Be Busy,Brooks & Dunn,11,20,
2008-03-22,12,Picture To Burn,Taylor Swift,13,9,Gains In Performance
2008-03-22,13,Love Is A Beautiful Thing,Phil Vassar,14,19,Gains In Performance
2008-03-22,14,It's Good To Be Us,Bucky Covington,15,27,Gains In Performance
2008-03-22,15,Love Don't Live Here,Lady Antebellum,16,23,Gains In Performance
2008-03-22,16,Things That Never Cross A Man's Mind,Kellie Pickler,17,25,Gains In Performance
2008-03-22,17,Stronger Woman,Jewel,19,8,Gains In Performance
2008-03-22,18,It Ain't No Crime,Joe Nichols,18,10,Gains In Performance
2008-03-22,19,Every Day,Rascal Flatts,26,3,Greatest gainer this week|Gains In Performance
2008-03-22,20,Trying To Stop Your Leaving,Dierks Bentley,21,9,Gains In Performance
2008-03-22,21,Somethin' About A Woman,Jake Owen,20,28,Gains In Performance
2008-03-22,22,I'm Still A Guy,Brad Paisley,27,3,Gains In Performance
2008-03-22,23,Another Try,Josh Turner Featuring Trisha Yearwood,22,10,Gains In Performance
2008-03-22,24,Takin' Off This Pain,Ashton Shepherd,24,23,Gains In Performance
2008-03-22,25,Maybe She'll Get Lonely,Jack Ingram,25,18,
2008-03-22,26,Back When I Knew It All,Montgomery Gentry,28,4,Gains In Performance
2008-03-22,27,Home,Blake Shelton,31,7,Gains In Performance
2008-03-22,28,Busy Being Fabulous,Eagles,30,7,Gains In Performance
2008-03-22,29,We Weren't Crazy,Josh Gracin,29,21,Gains In Performance
2008-03-22,30,Gunpowder And Lead,Miranda Lambert,33,10,Gains In Performance
2008-03-22,31,Workin' For A Livin',Garth Brooks & Huey Lewis,23,13,
2008-03-22,32,This Is Me You're Talking To,Trisha Yearwood,35,10,Gains In Performance
2008-03-22,33,I Still Miss You,Keith Anderson,36,6,Gains In Performance
2008-03-22,34,Some Things Never Change,Sara Evans,37,8,Gains In Performance
2008-03-22,35,Every Other Weekend,Reba McEntire With Kenny Chesney,41,6,Gains In Performance
2008-03-22,36,Til I Was A Daddy Too,Tracy Lawrence,40,13,Gains In Performance
2008-03-22,37,She's A Hottie,Toby Keith,56,2,Gains In Performance
2008-03-22,38,I Don't Love You Like That,Jypsi,38,10,
2008-03-22,39,If You Didn't Love Me,Phil Stacey,39,7,Gains In Performance
2008-03-22,40,Kristofferson,Tim McGraw,53,2,Gains In Performance
2008-03-22,41,I Can Sleep When I'm Dead,Jason Michael Carroll,42,6,Gains In Performance
2008-03-22,42,Falling Into You,Whiskey Falls,43,16,
2008-03-22,43,That Song In My Head,Julianne Hough,51,2,Gains In Performance
2008-03-22,44,She Likes It In The Morning,Clay Walker,44,7,
2008-03-22,45,Braid My Hair,Randy Owen,47,7,Gains In Performance
2008-03-22,46,Holler Back,The Lost Trailers,48,3,Gains In Performance
2008-03-22,47,Rocks In Your Shoes,Emily West,54,2,Gains In Performance
2008-03-22,48,He Hates Me,Sarah Johns,50,5,
2008-03-22,49,Good Friend And A Glass Of Wine,LeAnn Rimes,59,2,Gains In Performance
2008-03-22,50,When It Rains,Eli Young Band,55,16,Gains In Performance
2008-03-22,51,Young Love,Carter's Chord,49,9,
2008-03-22,52,I Can't Believe It's Me,Rockie Lynne,57,10,Gains In Performance
2008-03-22,53,I Don't Know When To Quit,The Road Hammers,60,9,Gains In Performance
2008-03-22,54,Suspicions,Tim McGraw,46,18,
2008-03-22,55,Things A Mama Don't Know,Mica Roberts Featuring Toby Keith,58,3,Gains In Performance
2008-03-22,56,I'm Done,Jo Dee Messina,NEW,1,Highest ranking debut|Gains In Performance
2008-03-22,57,In My Next Life,Terri Clark,45,17,
2008-03-22,58,Long Cool Woman,Clint Black,NEW,1,Gains In Performance
2008-03-22,59,Country Man,Luke Bryan,NEW,1,Gains In Performance
2008-03-22,60,Cry Lonely,Cross Canadian Ragweed,NEW,1,Gains In Performance
2008-03-29,1,Small Town Southern Man,Alan Jackson,2,19,Gains In Performance
2008-03-29,2,All-American Girl,Carrie Underwood,1,16,
2008-03-29,3,You're Gonna Miss This,Trace Adkins,5,15,Gains In Performance
2008-03-29,4,Cleaning This Gun (Come On In Boy),Rodney Atkins,4,26,
2008-03-29,5,Shiftwork,Kenny Chesney Duet With George Strait,3,22,
2008-03-29,6,What Kinda Gone,Chris Cagle,7,35,Gains In Performance
2008-03-29,7,I Saw God Today,George Strait,8,6,Gains In Performance
2008-03-29,8,Stealing Cinderella,Chuck Wicks,6,30,
2008-03-29,9,Just Got Started Lovin' You,James Otto,10,22,Gains In Performance
2008-03-29,10,Laughed Until We Cried,Jason Aldean,9,32,Gains In Performance
2008-03-29,11,Picture To Burn,Taylor Swift,12,10,Gains In Performance
2008-03-29,12,God Must Be Busy,Brooks & Dunn,11,21,Gains In Performance
2008-03-29,13,Love Is A Beautiful Thing,Phil Vassar,13,20,Gains In Performance
2008-03-29,14,It's Good To Be Us,Bucky Covington,14,28,Gains In Performance
2008-03-29,15,Love Don't Live Here,Lady Antebellum,15,24,Gains In Performance
2008-03-29,16,Every Day,Rascal Flatts,19,4,Gains In Performance
2008-03-29,17,Stronger Woman,Jewel,17,9,Gains In Performance
2008-03-29,18,Things That Never Cross A Man's Mind,Kellie Pickler,16,26,Gains In Performance
2008-03-29,19,I'm Still A Guy,Brad Paisley,22,4,Gains In Performance
2008-03-29,20,It Ain't No Crime,Joe Nichols,18,11,Gains In Performance
2008-03-29,21,Trying To Stop Your Leaving,Dierks Bentley,20,10,Gains In Performance
2008-03-29,22,Somethin' About A Woman,Jake Owen,21,29,Gains In Performance
2008-03-29,23,Another Try,Josh Turner Featuring Trisha Yearwood,23,11,Gains In Performance
2008-03-29,24,Takin' Off This Pain,Ashton Shepherd,24,24,Gains In Performance
2008-03-29,25,Back When I Knew It All,Montgomery Gentry,26,5,Gains In Performance
2008-03-29,26,Maybe She'll Get Lonely,Jack Ingram,25,19,Gains In Performance
2008-03-29,27,Home,Blake Shelton,27,8,Gains In Performance
2008-03-29,28,We Weren't Crazy,Josh Gracin,29,22,Gains In Performance
2008-03-29,29,Busy Being Fabulous,Eagles,28,8,
2008-03-29,30,Gunpowder And Lead,Miranda Lambert,30,11,Gains In Performance
2008-03-29,31,Workin' For A Livin',Garth Brooks & Huey Lewis,31,14,Gains In Performance
2008-03-29,32,Happy Endings,Lee Brice,RE,23,Gains In Performance
2008-03-29,33,This Is Me You're Talking To,Trisha Yearwood,32,11,Gains In Performance
2008-03-29,34,I Still Miss You,Keith Anderson,33,7,Gains In Performance
2008-03-29,35,Some Things Never Change,Sara Evans,34,9,Gains In Performance
2008-03-29,36,She's A Hottie,Toby Keith,37,3,Gains In Performance
2008-03-29,37,Every Other Weekend,Reba McEntire With Kenny Chesney,35,7,Gains In Performance
2008-03-29,38,Til I Was A Daddy Too,Tracy Lawrence,36,14,Gains In Performance
2008-03-29,39,If You Didn't Love Me,Phil Stacey,39,8,Gains In Performance
2008-03-29,40,Kristofferson,Tim McGraw,40,3,Gains In Performance
2008-03-29,41,I Can Sleep When I'm Dead,Jason Michael Carroll,41,7,Gains In Performance
2008-03-29,42,I Don't Love You Like That,Jypsi,38,11,
2008-03-29,43,That Song In My Head,Julianne Hough,43,3,Gains In Performance
2008-03-29,44,She Likes It In The Morning,Clay Walker,44,8,Gains In Performance
2008-03-29,45,Falling Into You,Whiskey Falls,42,17,
2008-03-29,46,Last Name,Carrie Underwood,NEW,1,Highest ranking debut|Gains In Performance
2008-03-29,47,Braid My Hair,Randy Owen,45,8,Gains In Performance
2008-03-29,48,Holler Back,The Lost Trailers,46,4,Gains In Performance
2008-03-29,49,I'm Done,Jo Dee Messina,56,2,Gains In Performance
2008-03-29,50,Rocks In Your Shoes,Emily West,47,3,Gains In Performance
2008-03-29,51,Young Love,Carter's Chord,51,10,Gains In Performance
2008-03-29,52,Good Friend And A Glass Of Wine,LeAnn Rimes,49,3,Gains In Performance
2008-03-29,53,He Hates Me,Sarah Johns,48,6,Gains In Performance
2008-03-29,54,When It Rains,Eli Young Band,50,17,Gains In Performance
2008-03-29,55,I Can't Believe It's Me,Rockie Lynne,52,11,Gains In Performance
2008-03-29,56,Country Man,Luke Bryan,59,2,Gains In Performance
2008-03-29,57,I Don't Know When To Quit,The Road Hammers,53,10,Gains In Performance
2008-03-29,58,Things A Mama Don't Know,Mica Roberts Featuring Toby Keith,55,4,
2008-03-29,59,Long Cool Woman,Clint Black,58,2,
2008-03-29,60,Cry Lonely,Cross Canadian Ragweed,60,2,Gains In Performance
2008-04-05,1,Small Town Southern Man,Alan Jackson,1,20,Gains In Performance
2008-04-05,2,You're Gonna Miss This,Trace Adkins,3,16,Gains In Performance
2008-04-05,3,What Kinda Gone,Chris Cagle,6,36,Gains In Performance
2008-04-05,4,I Saw God Today,George Strait,7,7,Gains In Performance
2008-04-05,5,All-American Girl,Carrie Underwood,2,17,
2008-04-05,6,Just Got Started Lovin' You,James Otto,9,23,Gains In Performance
2008-04-05,7,Cleaning This Gun (Come On In Boy),Rodney Atkins,4,27,
2008-04-05,8,Laughed Until We Cried,Jason Aldean,10,33,Gains In Performance
2008-04-05,9,Picture To Burn,Taylor Swift,11,11,Gains In Performance
2008-04-05,10,Love Is A Beautiful Thing,Phil Vassar,13,21,Gains In Performance
2008-04-05,11,It's Good To Be Us,Bucky Covington,14,29,Gains In Performance
2008-04-05,12,Every Day,Rascal Flatts,16,5,Gains In Performance
2008-04-05,13,I'm Still A Guy,Brad Paisley,19,5,Gains In Performance
2008-04-05,14,Love Don't Live Here,Lady Antebellum,15,25,Gains In Performance
2008-04-05,15,Stronger Woman,Jewel,17,10,Gains In Performance
2008-04-05,16,Things That Never Cross A Man's Mind,Kellie Pickler,18,27,Gains In Performance
2008-04-05,17,Trying To Stop Your Leaving,Dierks Bentley,21,11,Gains In Performance
2008-04-05,18,It Ain't No Crime,Joe Nichols,20,12,Gains In Performance
2008-04-05,19,Somethin' About A Woman,Jake Owen,22,30,Gains In Performance
2008-04-05,20,Back When I Knew It All,Montgomery Gentry,25,6,Gains In Performance
2008-04-05,21,Takin' Off This Pain,Ashton Shepherd,24,25,Gains In Performance
2008-04-05,22,Another Try,Josh Turner Featuring Trisha Yearwood,23,12,Gains In Performance
2008-04-05,23,Home,Blake Shelton,27,9,Gains In Performance
2008-04-05,24,Maybe She'll Get Lonely,Jack Ingram,26,20,Gains In Performance
2008-04-05,25,We Weren't Crazy,Josh Gracin,28,23,Gains In Performance
2008-04-05,26,She's A Hottie,Toby Keith,36,4,Gains In Performance
2008-04-05,27,Gunpowder And Lead,Miranda Lambert,30,12,Gains In Performance
2008-04-05,28,Last Name,Carrie Underwood,46,2,Gains In Performance
2008-04-05,29,Busy Being Fabulous,Eagles,29,9,
2008-04-05,30,I Still Miss You,Keith Anderson,34,8,Gains In Performance
2008-04-05,31,This Is Me You're Talking To,Trisha Yearwood,33,12,Gains In Performance
2008-04-05,32,Every Other Weekend,Reba McEntire With Kenny Chesney,37,8,Gains In Performance
2008-04-05,33,Some Things Never Change,Sara Evans,35,10,Gains In Performance
2008-04-05,34,Kristofferson,Tim McGraw,40,4,Gains In Performance
2008-04-05,35,If You Didn't Love Me,Phil Stacey,39,9,Gains In Performance
2008-04-05,36,Til I Was A Daddy Too,Tracy Lawrence,38,15,Gains In Performance
2008-04-05,37,Workin' For A Livin',Garth Brooks & Huey Lewis,31,15,
2008-04-05,38,That Song In My Head,Julianne Hough,43,4,Gains In Performance
2008-04-05,39,I Can Sleep When I'm Dead,Jason Michael Carroll,41,8,Gains In Performance
2008-04-05,40,I Don't Love You Like That,Jypsi,42,12,Gains In Performance
2008-04-05,41,Holler Back,The Lost Trailers,48,5,Gains In Performance
2008-04-05,42,Falling Into You,Whiskey Falls,45,18,Gains In Performance
2008-04-05,43,She Likes It In The Morning,Clay Walker,44,9,Gains In Performance
2008-04-05,44,Rocks In Your Shoes,Emily West,50,4,Gains In Performance
2008-04-05,45,I'm Done,Jo Dee Messina,49,3,Gains In Performance
2008-04-05,46,Good Friend And A Glass Of Wine,LeAnn Rimes,52,4,Gains In Performance
2008-04-05,47,Better As A Memory,Kenny Chesney,NEW,1,Highest ranking debut|Gains In Performance
2008-04-05,48,He Hates Me,Sarah Johns,53,7,Gains In Performance
2008-04-05,49,Young Love,Carter's Chord,51,11,
2008-04-05,50,Country Man,Luke Bryan,56,3,Gains In Performance
2008-04-05,51,Learning How To Bend,Gary Allan,NEW,1,Gains In Performance
2008-04-05,52,I Don't Know When To Quit,The Road Hammers,57,11,Gains In Performance
2008-04-05,53,Midnight Sun,Garth Brooks,NEW,1,Gains In Performance
2008-04-05,54,I Can't Believe It's Me,Rockie Lynne,55,12,
2008-04-05,55,When It Rains,Eli Young Band,54,18,
2008-04-05,56,Braid My Hair,Randy Owen,47,9,
2008-04-05,57,Life In A Northern Town,Sugarland Featuring Little Big Town & Jake Owen,NEW,1,Gains In Performance
2008-04-05,58,Jesus & Gravity,Dolly Parton,NEW,1,Gains In Performance
2008-04-05,59,Cry Lonely,Cross Canadian Ragweed,60,3,Gains In Performance
2008-04-05,60,You Can Let Go,Crystal Shawanda,NEW,1,Gains In Performance
2008-04-12,1,You're Gonna Miss This,Trace Adkins,2,17,Gains In Performance
2008-04-12,2,I Saw God Today,George Strait,4,8,Gains In Performance
2008-04-12,3,What Kinda Gone,Chris Cagle,3,37,Gains In Performance
2008-04-12,4,Small Town Southern Man,Alan Jackson,1,21,
2008-04-12,5,Just Got Started Lovin' You,James Otto,6,24,Gains In Performance
2008-04-12,6,Laughed Until We Cried,Jason Aldean,8,34,Gains In Performance
2008-04-12,7,Picture To Burn,Taylor Swift,9,12,Gains In Performance
2008-04-12,8,Cleaning This Gun (Come On In Boy),Rodney Atkins,7,28,
2008-04-12,9,All-American Girl,Carrie Underwood,5,18,
2008-04-12,10,Love Is A Beautiful Thing,Phil Vassar,10,22,Gains In Performance
2008-04-12,11,Every Day,Rascal Flatts,12,6,Gains In Performance
2008-04-12,12,I'm Still A Guy,Brad Paisley,13,6,Gains In Performance
2008-04-12,13,It's Good To Be Us,Bucky Covington,11,30,Gains In Performance
2008-04-12,14,Love Don't Live Here,Lady Antebellum,14,26,Gains In Performance
2008-04-12,15,Stronger Woman,Jewel,15,11,Gains In Performance
2008-04-12,16,Things That Never Cross A Man's Mind,Kellie Pickler,16,28,Gains In Performance
2008-04-12,17,Trying To Stop Your Leaving,Dierks Bentley,17,12,Gains In Performance
2008-04-12,18,Somethin' About A Woman,Jake Owen,19,31,Gains In Performance
2008-04-12,19,It Ain't No Crime,Joe Nichols,18,13,Gains In Performance
2008-04-12,20,Back When I Knew It All,Montgomery Gentry,20,7,Gains In Performance
2008-04-12,21,Last Name,Carrie Underwood,28,3,Gains In Performance
2008-04-12,22,Another Try,Josh Turner Featuring Trisha Yearwood,22,13,Gains In Performance
2008-04-12,23,Takin' Off This Pain,Ashton Shepherd,21,26,Gains In Performance
2008-04-12,24,Home,Blake Shelton,23,10,Gains In Performance
2008-04-12,25,Better As A Memory,Kenny Chesney,47,2,Gains In Performance
2008-04-12,26,She's A Hottie,Toby Keith,26,5,Gains In Performance
2008-04-12,27,Maybe She'll Get Lonely,Jack Ingram,24,21,Gains In Performance
2008-04-12,28,We Weren't Crazy,Josh Gracin,25,24,Gains In Performance
2008-04-12,29,Gunpowder And Lead,Miranda Lambert,27,13,Gains In Performance
2008-04-12,30,I Still Miss You,Keith Anderson,30,9,Gains In Performance
2008-04-12,31,This Is Me You're Talking To,Trisha Yearwood,31,13,Gains In Performance
2008-04-12,32,Every Other Weekend,Reba McEntire With Kenny Chesney,32,9,Gains In Performance
2008-04-12,33,Kristofferson,Tim McGraw,34,5,Gains In Performance
2008-04-12,34,Some Things Never Change,Sara Evans,33,11,Gains In Performance
2008-04-12,35,Busy Being Fabulous,Eagles,29,10,
2008-04-12,36,Til I Was A Daddy Too,Tracy Lawrence,36,16,Gains In Performance
2008-04-12,37,If You Didn't Love Me,Phil Stacey,35,10,Gains In Performance
2008-04-12,38,I Can Sleep When I'm Dead,Jason Michael Carroll,39,9,Gains In Performance
2008-04-12,39,That Song In My Head,Julianne Hough,38,5,Gains In Performance
2008-04-12,40,Workin' For A Livin',Garth Brooks & Huey Lewis,37,16,
2008-04-12,41,Learning How To Bend,Gary Allan,51,2,Gains In Performance
2008-04-12,42,Rocks In Your Shoes,Emily West,44,5,Gains In Performance
2008-04-12,43,Holler Back,The Lost Trailers,41,6,Gains In Performance
2008-04-12,44,Falling Into You,Whiskey Falls,42,19,Gains In Performance
2008-04-12,45,Midnight Sun,Garth Brooks,53,2,Gains In Performance
2008-04-12,46,I'm Done,Jo Dee Messina,45,4,Gains In Performance
2008-04-12,47,Country Man,Luke Bryan,50,4,Gains In Performance
2008-04-12,48,She Likes It In The Morning,Clay Walker,43,10,
2008-04-12,49,Good Friend And A Glass Of Wine,LeAnn Rimes,46,5,Gains In Performance
2008-04-12,50,I Don't Love You Like That,Jypsi,40,13,
2008-04-12,51,He Hates Me,Sarah Johns,48,8,Gains In Performance
2008-04-12,52,Young Love,Carter's Chord,49,12,Gains In Performance
2008-04-12,53,Do You Believe Me Now,Jimmy Wayne,NEW,1,Highest ranking debut|Gains In Performance
2008-04-12,54,Life In A Northern Town,Sugarland Featuring Little Big Town & Jake Owen,57,2,Gains In Performance
2008-04-12,55,I Don't Know When To Quit,The Road Hammers,52,12,
2008-04-12,56,When It Rains,Eli Young Band,55,19,Gains In Performance
2008-04-12,57,I Can't Believe It's Me,Rockie Lynne,54,13,Gains In Performance
2008-04-12,58,You Can Let Go,Crystal Shawanda,60,2,Gains In Performance
2008-04-12,59,Braid My Hair,Randy Owen,56,10,
2008-04-12,60,Cry Lonely,Cross Canadian Ragweed,59,4,
2008-04-19,1,You're Gonna Miss This,Trace Adkins,1,18,Gains In Performance
2008-04-19,2,I Saw God Today,George Strait,2,9,Gains In Performance
2008-04-19,3,What Kinda Gone,Chris Cagle,3,38,Gains In Performance
2008-04-19,4,Just Got Started Lovin' You,James Otto,5,25,Gains In Performance
2008-04-19,5,Picture To Burn,Taylor Swift,7,13,Gains In Performance
2008-04-19,6,Laughed Until We Cried,Jason Aldean,6,35,Gains In Performance
2008-04-19,7,Small Town Southern Man,Alan Jackson,4,22,
2008-04-19,8,Love Is A Beautiful Thing,Phil Vassar,10,23,Gains In Performance
2008-04-19,9,Every Day,Rascal Flatts,11,7,Gains In Performance
2008-04-19,10,I'm Still A Guy,Brad Paisley,12,7,Gains In Performance
2008-04-19,11,It's Good To Be Us,Bucky Covington,13,31,Gains In Performance
2008-04-19,12,All-American Girl,Carrie Underwood,9,19,
2008-04-19,13,Love Don't Live Here,Lady Antebellum,14,27,Gains In Performance
2008-04-19,14,Stronger Woman,Jewel,15,12,Gains In Performance
2008-04-19,15,Trying To Stop Your Leaving,Dierks Bentley,17,13,Gains In Performance
2008-04-19,16,Somethin' About A Woman,Jake Owen,18,32,Gains In Performance
2008-04-19,17,Last Name,Carrie Underwood,21,4,Gains In Performance
2008-04-19,18,Things That Never Cross A Man's Mind,Kellie Pickler,16,29,Gains In Performance
2008-04-19,19,Back When I Knew It All,Montgomery Gentry,20,8,Gains In Performance
2008-04-19,20,It Ain't No Crime,Joe Nichols,19,14,Gains In Performance
2008-04-19,21,Better As A Memory,Kenny Chesney,25,3,Gains In Performance
2008-04-19,22,Takin' Off This Pain,Ashton Shepherd,23,27,Gains In Performance
2008-04-19,23,Home,Blake Shelton,24,11,Gains In Performance
2008-04-19,24,Another Try,Josh Turner Featuring Trisha Yearwood,22,14,Gains In Performance
2008-04-19,25,She's A Hottie,Toby Keith,26,6,Gains In Performance
2008-04-19,26,We Weren't Crazy,Josh Gracin,28,25,Gains In Performance
2008-04-19,27,Maybe She'll Get Lonely,Jack Ingram,27,22,Gains In Performance
2008-04-19,28,Gunpowder And Lead,Miranda Lambert,29,14,Gains In Performance
2008-04-19,29,I Still Miss You,Keith Anderson,30,10,Gains In Performance
2008-04-19,30,Kristofferson,Tim McGraw,33,6,Gains In Performance
2008-04-19,31,Every Other Weekend,Reba McEntire With Kenny Chesney,32,10,Gains In Performance
2008-04-19,32,This Is Me You're Talking To,Trisha Yearwood,31,14,Gains In Performance
2008-04-19,33,Some Things Never Change,Sara Evans,34,12,Gains In Performance
2008-04-19,34,If You Didn't Love Me,Phil Stacey,37,11,Gains In Performance
2008-04-19,35,I Can Sleep When I'm Dead,Jason Michael Carroll,38,10,Gains In Performance
2008-04-19,36,That Song In My Head,Julianne Hough,39,6,Gains In Performance
2008-04-19,37,Til I Was A Daddy Too,Tracy Lawrence,36,17,
2008-04-19,38,Learning How To Bend,Gary Allan,41,3,Gains In Performance
2008-04-19,39,Midnight Sun,Garth Brooks,45,3,Gains In Performance
2008-04-19,40,Workin' For A Livin',Garth Brooks & Huey Lewis,40,17,Gains In Performance
2008-04-19,41,Holler Back,The Lost Trailers,43,7,Gains In Performance
2008-04-19,42,Falling Into You,Whiskey Falls,44,20,Gains In Performance
2008-04-19,43,Busy Being Fabulous,Eagles,35,11,
2008-04-19,44,Rocks In Your Shoes,Emily West,42,6,Gains In Performance
2008-04-19,45,Country Man,Luke Bryan,47,5,Gains In Performance
2008-04-19,46,Johnny & June,Heidi Newfield,NEW,1,Highest ranking debut|Gains In Performance
2008-04-19,47,Good Friend And A Glass Of Wine,LeAnn Rimes,49,6,Gains In Performance
2008-04-19,48,Do You Believe Me Now,Jimmy Wayne,53,2,Gains In Performance
2008-04-19,49,I'm Done,Jo Dee Messina,46,5,Gains In Performance
2008-04-19,50,Life In A Northern Town,Sugarland Featuring Little Big Town & Jake Owen,54,3,Gains In Performance
2008-04-19,51,She Likes It In The Morning,Clay Walker,48,11,
2008-04-19,52,He Hates Me,Sarah Johns,51,9,Gains In Performance
2008-04-19,53,I Don't Love You Like That,Jypsi,50,14,
2008-04-19,54,I Don't Know When To Quit,The Road Hammers,55,13,Gains In Performance
2008-04-19,55,You Can Let Go,Crystal Shawanda,58,3,Gains In Performance
2008-04-19,56,Jesus & Gravity,Dolly Parton,RE,2,Gains In Performance
2008-04-19,57,In Color,Jamey Johnson,NEW,1,Gains In Performance
2008-04-19,58,I Can't Believe It's Me,Rockie Lynne,57,14,
2008-04-19,59,When It Rains,Eli Young Band,56,20,
2008-04-19,60,Let Me Love You,Lonestar,NEW,1,Gains In Performance
2008-04-26,1,You're Gonna Miss This,Trace Adkins,1,19,Gains In Performance
2008-04-26,2,I Saw God Today,George Strait,2,10,Gains In Performance
2008-04-26,3,Just Got Started Lovin' You,James Otto,4,26,Gains In Performance
2008-04-26,4,What Kinda Gone,Chris Cagle,3,39,
2008-04-26,5,Picture To Burn,Taylor Swift,5,14,Gains In Performance
2008-04-26,6,Love Is A Beautiful Thing,Phil Vassar,8,24,Gains In Performance
2008-04-26,7,Laughed Until We Cried,Jason Aldean,6,36,Gains In Performance
2008-04-26,8,I'm Still A Guy,Brad Paisley,10,8,Gains In Performance
2008-04-26,9,Every Day,Rascal Flatts,9,8,Gains In Performance
2008-04-26,10,Small Town Southern Man,Alan Jackson,7,23,
2008-04-26,11,Love Don't Live Here,Lady Antebellum,13,28,Gains In Performance
2008-04-26,12,Last Name,Carrie Underwood,17,5,Gains In Performance
2008-04-26,13,Stronger Woman,Jewel,14,13,Gains In Performance
2008-04-26,14,Back When I Knew It All,Montgomery Gentry,19,9,Gains In Performance
2008-04-26,15,Better As A Memory,Kenny Chesney,21,4,Gains In Performance
2008-04-26,16,Somethin' About A Woman,Jake Owen,16,33,Gains In Performance
2008-04-26,17,Trying To Stop Your Leaving,Dierks Bentley,15,14,Gains In Performance
2008-04-26,18,All-American Girl,Carrie Underwood,12,20,
2008-04-26,19,It Ain't No Crime,Joe Nichols,20,15,Gains In Performance
2008-04-26,20,Home,Blake Shelton,23,12,Gains In Performance
2008-04-26,21,She's A Hottie,Toby Keith,25,7,Gains In Performance
2008-04-26,22,Another Try,Josh Turner Featuring Trisha Yearwood,24,15,Gains In Performance
2008-04-26,23,Takin' Off This Pain,Ashton Shepherd,22,28,Gains In Performance
2008-04-26,24,Gunpowder And Lead,Miranda Lambert,28,15,Gains In Performance
2008-04-26,25,We Weren't Crazy,Josh Gracin,26,26,Gains In Performance
2008-04-26,26,I Still Miss You,Keith Anderson,29,11,Gains In Performance
2008-04-26,27,Kristofferson,Tim McGraw,30,7,Gains In Performance
2008-04-26,28,This Is Me You're Talking To,Trisha Yearwood,32,15,Gains In Performance
2008-04-26,29,Every Other Weekend,Reba McEntire With Kenny Chesney,31,11,Gains In Performance
2008-04-26,30,Some Things Never Change,Sara Evans,33,13,Gains In Performance
2008-04-26,31,If You Didn't Love Me,Phil Stacey,34,12,Gains In Performance
2008-04-26,32,That Song In My Head,Julianne Hough,36,7,Gains In Performance
2008-04-26,33,I Can Sleep When I'm Dead,Jason Michael Carroll,35,11,Gains In Performance
2008-04-26,34,Learning How To Bend,Gary Allan,38,4,Gains In Performance
2008-04-26,35,Til I Was A Daddy Too,Tracy Lawrence,37,18,Gains In Performance
2008-04-26,36,Midnight Sun,Garth Brooks,39,4,Gains In Performance
2008-04-26,37,Holler Back,The Lost Trailers,41,8,Gains In Performance
2008-04-26,38,Country Man,Luke Bryan,45,6,Gains In Performance
2008-04-26,39,Johnny & June,Heidi Newfield,46,2,Gains In Performance
2008-04-26,40,Falling Into You,Whiskey Falls,42,21,Gains In Performance
2008-04-26,41,Do You Believe Me Now,Jimmy Wayne,48,3,Gains In Performance
2008-04-26,42,Good Time,Alan Jackson,NEW,1,Highest ranking debut|Gains In Performance
2008-04-26,43,Rocks In Your Shoes,Emily West,44,7,Gains In Performance
2008-04-26,44,Good Friend And A Glass Of Wine,LeAnn Rimes,47,7,Gains In Performance
2008-04-26,45,Life In A Northern Town,Sugarland Featuring Little Big Town & Jake Owen,50,4,Gains In Performance
2008-04-26,46,I'm Done,Jo Dee Messina,49,6,Gains In Performance
2008-04-26,47,Busy Being Fabulous,Eagles,43,12,
2008-04-26,48,You Can Let Go,Crystal Shawanda,55,4,Gains In Performance
2008-04-26,49,Workin' For A Livin',Garth Brooks & Huey Lewis,40,18,
2008-04-26,50,In Color,Jamey Johnson,57,2,Gains In Performance
2008-04-26,51,She Likes It In The Morning,Clay Walker,51,12,
2008-04-26,52,He Hates Me,Sarah Johns,52,10,
2008-04-26,53,I Don't Know When To Quit,The Road Hammers,54,14,Gains In Performance
2008-04-26,54,When It Rains,Eli Young Band,59,21,Gains In Performance
2008-04-26,55,Let Me Love You,Lonestar,60,2,Gains In Performance
2008-04-26,56,How You Live (Turn Up The Music),Point Of Grace,NEW,1,Gains In Performance
2008-04-26,57,Invisibly Shaken,Rodney Atkins,NEW,1,Gains In Performance
2008-04-26,58,Jesus & Gravity,Dolly Parton,56,3,
2008-04-26,59,Things A Mama Don't Know,Mica Roberts Featuring Toby Keith,RE,5,
2008-04-26,60,Cry Lonely,Cross Canadian Ragweed,RE,5,Gains In Performance
2008-05-03,1,I Saw God Today,George Strait,2,11,Gains In Performance
2008-05-03,2,You're Gonna Miss This,Trace Adkins,1,20,
2008-05-03,3,Just Got Started Lovin' You,James Otto,3,27,Gains In Performance
2008-05-03,4,Picture To Burn,Taylor Swift,5,15,Gains In Performance
2008-05-03,5,Love Is A Beautiful Thing,Phil Vassar,6,25,Gains In Performance
2008-05-03,6,I'm Still A Guy,Brad Paisley,8,9,Gains In Performance
2008-05-03,7,Every Day,Rascal Flatts,9,9,Gains In Performance
2008-05-03,8,What Kinda Gone,Chris Cagle,4,40,
2008-05-03,9,Love Don't Live Here,Lady Antebellum,11,29,Gains In Performance
2008-05-03,10,Last Name,Carrie Underwood,12,6,Gains In Performance
2008-05-03,11,Better As A Memory,Kenny Chesney,15,5,Gains In Performance
2008-05-03,12,Back When I Knew It All,Montgomery Gentry,14,10,Gains In Performance
2008-05-03,13,Trying To Stop Your Leaving,Dierks Bentley,17,15,Gains In Performance
2008-05-03,14,Stronger Woman,Jewel,13,14,
2008-05-03,15,Somethin' About A Woman,Jake Owen,16,34,Gains In Performance
2008-05-03,16,Home,Blake Shelton,20,13,Gains In Performance
2008-05-03,17,It Ain't No Crime,Joe Nichols,19,16,Gains In Performance
2008-05-03,18,She's A Hottie,Toby Keith,21,8,Gains In Performance
2008-05-03,19,Another Try,Josh Turner Featuring Trisha Yearwood,22,16,Gains In Performance
2008-05-03,20,Takin' Off This Pain,Ashton Shepherd,23,29,
2008-05-03,21,Kristofferson,Tim McGraw,27,8,Gains In Performance
2008-05-03,22,Gunpowder And Lead,Miranda Lambert,24,16,Gains In Performance
2008-05-03,23,We Weren't Crazy,Josh Gracin,25,27,Gains In Performance
2008-05-03,24,I Still Miss You,Keith Anderson,26,12,Gains In Performance
2008-05-03,25,Every Other Weekend,Reba McEntire With Kenny Chesney,29,12,Gains In Performance
2008-05-03,26,This Is Me You're Talking To,Trisha Yearwood,28,16,
2008-05-03,27,Good Time,Alan Jackson,42,2,Gains In Performance
2008-05-03,28,Some Things Never Change,Sara Evans,30,14,Gains In Performance
2008-05-03,29,That Song In My Head,Julianne Hough,32,8,Gains In Performance
2008-05-03,30,If You Didn't Love Me,Phil Stacey,31,13,Gains In Performance
2008-05-03,31,Learning How To Bend,Gary Allan,34,5,Gains In Performance
2008-05-03,32,I Can Sleep When I'm Dead,Jason Michael Carroll,33,12,Gains In Performance
2008-05-03,33,Til I Was A Daddy Too,Tracy Lawrence,35,19,Gains In Performance
2008-05-03,34,Holler Back,The Lost Trailers,37,9,Gains In Performance
2008-05-03,35,Do You Believe Me Now,Jimmy Wayne,41,4,Gains In Performance
2008-05-03,36,Life In A Northern Town,Sugarland Featuring Little Big Town & Jake Owen,45,5,Gains In Performance
2008-05-03,37,Country Man,Luke Bryan,38,7,Gains In Performance
2008-05-03,38,Midnight Sun,Garth Brooks,36,5,Gains In Performance
2008-05-03,39,Johnny & June,Heidi Newfield,39,3,Gains In Performance
2008-05-03,40,Workin' For A Livin',Garth Brooks & Huey Lewis,49,19,Gains In Performance
2008-05-03,41,Rocks In Your Shoes,Emily West,43,8,
2008-05-03,42,Good Friend And A Glass Of Wine,LeAnn Rimes,44,8,Gains In Performance
2008-05-03,43,I'm Done,Jo Dee Messina,46,7,Gains In Performance
2008-05-03,44,You Can Let Go,Crystal Shawanda,48,5,Gains In Performance
2008-05-03,45,In Color,Jamey Johnson,50,3,Gains In Performance
2008-05-03,46,She Likes It In The Morning,Clay Walker,51,13,Gains In Performance
2008-05-03,47,He Hates Me,Sarah Johns,52,11,Gains In Performance
2008-05-03,48,When It Rains,Eli Young Band,54,22,Gains In Performance
2008-05-03,49,Invisibly Shaken,Rodney Atkins,57,2,Gains In Performance
2008-05-03,50,All I Ever Wanted,Chuck Wicks,NEW,1,Highest ranking debut|Gains In Performance
2008-05-03,51,Don't Think I Don't Think About It,Darius Rucker,NEW,1,Gains In Performance
2008-05-03,52,I Don't Know When To Quit,The Road Hammers,53,15,
2008-05-03,53,Let Me Love You,Lonestar,55,3,
2008-05-03,54,How You Live (Turn Up The Music),Point Of Grace,56,2,Gains In Performance
2008-05-03,55,His Kind Of Money (My Kind Of Love),Eric Church,NEW,1,Gains In Performance
2008-05-03,56,Busy Being Fabulous,Eagles,47,13,
2008-05-03,57,Jesus & Gravity,Dolly Parton,58,4,Gains In Performance
2008-05-03,58,Things A Mama Don't Know,Mica Roberts Featuring Toby Keith,59,6,Gains In Performance
2008-05-03,59,Hold On To Me,Rissi Palmer,NEW,1,Gains In Performance
2008-05-03,60,Best Mistake I Ever Made,Kevin Fowler,NEW,1,Gains In Performance
2008-05-10,1,I Saw God Today,George Strait,1,12,
2008-05-10,2,Just Got Started Lovin' You,James Otto,3,28,Gains In Performance
2008-05-10,3,You're Gonna Miss This,Trace Adkins,2,21,
2008-05-10,4,Picture To Burn,Taylor Swift,4,16,Gains In Performance
2008-05-10,5,Love Is A Beautiful Thing,Phil Vassar,5,26,Gains In Performance
2008-05-10,6,I'm Still A Guy,Brad Paisley,6,10,Gains In Performance
2008-05-10,7,Every Day,Rascal Flatts,7,10,Gains In Performance
2008-05-10,8,Love Don't Live Here,Lady Antebellum,9,30,Gains In Performance
2008-05-10,9,Last Name,Carrie Underwood,10,7,Gains In Performance
2008-05-10,10,Better As A Memory,Kenny Chesney,11,6,Gains In Performance
2008-05-10,11,Back When I Knew It All,Montgomery Gentry,12,11,Gains In Performance
2008-05-10,12,Trying To Stop Your Leaving,Dierks Bentley,13,16,Gains In Performance
2008-05-10,13,Home,Blake Shelton,16,14,Gains In Performance
2008-05-10,14,Stronger Woman,Jewel,14,15,Gains In Performance
2008-05-10,15,Somethin' About A Woman,Jake Owen,15,35,Gains In Performance
2008-05-10,16,It Ain't No Crime,Joe Nichols,17,17,Gains In Performance
2008-05-10,17,She's A Hottie,Toby Keith,18,9,Gains In Performance
2008-05-10,18,Another Try,Josh Turner Featuring Trisha Yearwood,19,17,Gains In Performance
2008-05-10,19,Kristofferson,Tim McGraw,21,9,Gains In Performance
2008-05-10,20,We Weren't Crazy,Josh Gracin,23,28,Gains In Performance
2008-05-10,21,Good Time,Alan Jackson,27,3,Greatest gainer this week|Gains In Performance
2008-05-10,22,Gunpowder And Lead,Miranda Lambert,22,17,Gains In Performance
2008-05-10,23,I Still Miss You,Keith Anderson,24,13,Gains In Performance
2008-05-10,24,Every Other Weekend,Reba McEntire With Kenny Chesney,25,13,Gains In Performance
2008-05-10,25,This Is Me You're Talking To,Trisha Yearwood,26,17,Gains In Performance
2008-05-10,26,Some Things Never Change,Sara Evans,28,15,Gains In Performance
2008-05-10,27,Learning How To Bend,Gary Allan,31,6,Gains In Performance
2008-05-10,28,I Can Sleep When I'm Dead,Jason Michael Carroll,32,13,Gains In Performance
2008-05-10,29,If You Didn't Love Me,Phil Stacey,30,14,Gains In Performance
2008-05-10,30,Holler Back,The Lost Trailers,34,10,Gains In Performance
2008-05-10,31,That Song In My Head,Julianne Hough,29,9,Gains In Performance
2008-05-10,32,Til I Was A Daddy Too,Tracy Lawrence,33,20,
2008-05-10,33,Life In A Northern Town,Sugarland Featuring Little Big Town & Jake Owen,36,6,Gains In Performance
2008-05-10,34,Country Man,Luke Bryan,37,8,Gains In Performance
2008-05-10,35,Johnny & June,Heidi Newfield,39,4,Gains In Performance
2008-05-10,36,Do You Believe Me Now,Jimmy Wayne,35,5,Gains In Performance
2008-05-10,37,Midnight Sun,Garth Brooks,38,6,Gains In Performance
2008-05-10,38,Good Friend And A Glass Of Wine,LeAnn Rimes,42,9,Gains In Performance
2008-05-10,39,I'm Done,Jo Dee Messina,43,8,Gains In Performance
2008-05-10,40,Rocks In Your Shoes,Emily West,41,9,Gains In Performance
2008-05-10,41,You Can Let Go,Crystal Shawanda,44,6,Gains In Performance
2008-05-10,42,In Color,Jamey Johnson,45,4,Gains In Performance
2008-05-10,43,Invisibly Shaken,Rodney Atkins,49,3,Gains In Performance
2008-05-10,44,All I Ever Wanted,Chuck Wicks,50,2,Gains In Performance
2008-05-10,45,She Likes It In The Morning,Clay Walker,46,14,Gains In Performance
2008-05-10,46,When It Rains,Eli Young Band,48,23,Gains In Performance
2008-05-10,47,Don't Think I Don't Think About It,Darius Rucker,51,2,Gains In Performance
2008-05-10,48,Put A Girl In It,Brooks & Dunn,NEW,1,Highest ranking debut|Gains In Performance
2008-05-10,49,His Kind Of Money (My Kind Of Love),Eric Church,55,2,Gains In Performance
2008-05-10,50,Let Me Love You,Lonestar,53,4,Gains In Performance
2008-05-10,51,Best Mistake I Ever Made,Kevin Fowler,60,2,Gains In Performance
2008-05-10,52,How You Live (Turn Up The Music),Point Of Grace,54,3,
2008-05-10,53,He Hates Me,Sarah Johns,47,12,
2008-05-10,54,Relentless,Jason Aldean,NEW,1,Gains In Performance
2008-05-10,55,Things A Mama Don't Know,Mica Roberts Featuring Toby Keith,58,7,
2008-05-10,56,I Don't Know When To Quit,The Road Hammers,52,16,
2008-05-10,57,Out The Window,Ashley Gearing,NEW,1,Gains In Performance
2008-05-10,58,Workin' For A Livin',Garth Brooks & Huey Lewis,40,20,
2008-05-10,59,I'm About To Come Alive,David Nail,NEW,1,Gains In Performance
2008-05-10,60,I'll Walk,Bucky Covington,NEW,1,Gains In Performance
2008-05-17,1,Just Got Started Lovin' You,James Otto,2,29,Gains In Performance
2008-05-17,2,I Saw God Today,George Strait,1,13,
2008-05-17,3,Picture To Burn,Taylor Swift,4,17,Gains In Performance
2008-05-17,4,You're Gonna Miss This,Trace Adkins,3,22,
2008-05-17,5,I'm Still A Guy,Brad Paisley,6,11,Gains In Performance
2008-05-17,6,Love Is A Beautiful Thing,Phil Vassar,5,27,Gains In Performance
2008-05-17,7,Every Day,Rascal Flatts,7,11,Gains In Performance
2008-05-17,8,Love Don't Live Here,Lady Antebellum,8,31,Gains In Performance
2008-05-17,9,Better As A Memory,Kenny Chesney,10,7,Gains In Performance
2008-05-17,10,Last Name,Carrie Underwood,9,8,Gains In Performance
2008-05-17,11,Back When I Knew It All,Montgomery Gentry,11,12,Gains In Performance
2008-05-17,12,Home,Blake Shelton,13,15,Gains In Performance
2008-05-17,13,Trying To Stop Your Leaving,Dierks Bentley,12,17,Gains In Performance
2008-05-17,14,Stronger Woman,Jewel,14,16,Gains In Performance
2008-05-17,15,Somethin' About A Woman,Jake Owen,15,36,Gains In Performance
2008-05-17,16,She's A Hottie,Toby Keith,17,10,Gains In Performance
2008-05-17,17,It Ain't No Crime,Joe Nichols,16,18,Gains In Performance
2008-05-17,18,Another Try,Josh Turner Featuring Trisha Yearwood,18,18,Gains In Performance
2008-05-17,19,Good Time,Alan Jackson,21,4,Gains In Performance
2008-05-17,20,Kristofferson,Tim McGraw,19,10,Gains In Performance
2008-05-17,21,Gunpowder And Lead,Miranda Lambert,22,18,Gains In Performance
2008-05-17,22,We Weren't Crazy,Josh Gracin,20,29,Gains In Performance
2008-05-17,23,I Still Miss You,Keith Anderson,23,14,Gains In Performance
2008-05-17,24,Every Other Weekend,Reba McEntire With Kenny Chesney,24,14,Gains In Performance
2008-05-17,25,This Is Me You're Talking To,Trisha Yearwood,25,18,Gains In Performance
2008-05-17,26,Learning How To Bend,Gary Allan,27,7,Gains In Performance
2008-05-17,27,Some Things Never Change,Sara Evans,26,16,
2008-05-17,28,If You Didn't Love Me,Phil Stacey,29,15,Gains In Performance
2008-05-17,29,Holler Back,The Lost Trailers,30,11,Gains In Performance
2008-05-17,30,I Can Sleep When I'm Dead,Jason Michael Carroll,28,14,Gains In Performance
2008-05-17,31,That Song In My Head,Julianne Hough,31,10,Gains In Performance
2008-05-17,32,Life In A Northern Town,Sugarland Featuring Little Big Town & Jake Owen,33,7,Gains In Performance
2008-05-17,33,Johnny & June,Heidi Newfield,35,5,Gains In Performance
2008-05-17,34,Til I Was A Daddy Too,Tracy Lawrence,32,21,Gains In Performance
2008-05-17,35,Country Man,Luke Bryan,34,9,Gains In Performance
2008-05-17,36,Do You Believe Me Now,Jimmy Wayne,36,6,Gains In Performance
2008-05-17,37,Put A Girl In It,Brooks & Dunn,48,2,Gains In Performance
2008-05-17,38,Midnight Sun,Garth Brooks,37,7,Gains In Performance
2008-05-17,39,Good Friend And A Glass Of Wine,LeAnn Rimes,38,10,
2008-05-17,40,I'm Done,Jo Dee Messina,39,9,
2008-05-17,41,Rocks In Your Shoes,Emily West,40,10,Gains In Performance
2008-05-17,42,You Can Let Go,Crystal Shawanda,41,7,Gains In Performance
2008-05-17,43,In Color,Jamey Johnson,42,5,Gains In Performance
2008-05-17,44,All I Ever Wanted,Chuck Wicks,44,3,Gains In Performance
2008-05-17,45,Don't Think I Don't Think About It,Darius Rucker,47,3,Gains In Performance
2008-05-17,46,Invisibly Shaken,Rodney Atkins,43,4,Gains In Performance
2008-05-17,47,Relentless,Jason Aldean,54,2,Gains In Performance
2008-05-17,48,His Kind Of Money (My Kind Of Love),Eric Church,49,3,Gains In Performance
2008-05-17,49,When It Rains,Eli Young Band,46,24,Gains In Performance
2008-05-17,50,I'm About To Come Alive,David Nail,59,2,Gains In Performance
2008-05-17,51,She Likes It In The Morning,Clay Walker,45,15,
2008-05-17,52,Best Mistake I Ever Made,Kevin Fowler,51,3,Gains In Performance
2008-05-17,53,Crazy Days,Adam Gregory,NEW,1,Highest ranking debut|Gains In Performance
2008-05-17,54,How You Live (Turn Up The Music),Point Of Grace,52,4,Gains In Performance
2008-05-17,55,Let Me Love You,Lonestar,50,5,
2008-05-17,56,I'll Walk,Bucky Covington,60,2,Gains In Performance
2008-05-17,57,Jesus & Gravity,Dolly Parton,RE,5,Gains In Performance
2008-05-17,58,Things A Mama Don't Know,Mica Roberts Featuring Toby Keith,55,8,Gains In Performance
2008-05-17,59,All Summer Long,Kid Rock,NEW,1,Gains In Performance
2008-05-17,60,Workin' For A Livin',Garth Brooks & Huey Lewis,58,21,Gains In Performance
2008-05-24,1,Just Got Started Lovin' You,James Otto,1,30,
2008-05-24,2,I'm Still A Guy,Brad Paisley,5,12,Gains In Performance
2008-05-24,3,Love Is A Beautiful Thing,Phil Vassar,6,28,Gains In Performance
2008-05-24,4,Picture To Burn,Taylor Swift,3,18,
2008-05-24,5,I Saw God Today,George Strait,2,14,
2008-05-24,6,Every Day,Rascal Flatts,7,12,Gains In Performance
2008-05-24,7,You're Gonna Miss This,Trace Adkins,4,23,
2008-05-24,8,Love Don't Live Here,Lady Antebellum,8,32,Gains In Performance
2008-05-24,9,Better As A Memory,Kenny Chesney,9,8,Gains In Performance
2008-05-24,10,Last Name,Carrie Underwood,10,9,Gains In Performance
2008-05-24,11,Back When I Knew It All,Montgomery Gentry,11,13,Gains In Performance
2008-05-24,12,Home,Blake Shelton,12,16,Gains In Performance
2008-05-24,13,Trying To Stop Your Leaving,Dierks Bentley,13,18,Gains In Performance
2008-05-24,14,Stronger Woman,Jewel,14,17,Gains In Performance
2008-05-24,15,She's A Hottie,Toby Keith,16,11,Gains In Performance
2008-05-24,16,Good Time,Alan Jackson,19,5,Greatest gainer this week|Gains In Performance
2008-05-24,17,Another Try,Josh Turner Featuring Trisha Yearwood,18,19,Gains In Performance
2008-05-24,18,It Ain't No Crime,Joe Nichols,17,19,
2008-05-24,19,Kristofferson,Tim McGraw,20,11,Gains In Performance
2008-05-24,20,Gunpowder And Lead,Miranda Lambert,21,19,Gains In Performance
2008-05-24,21,We Weren't Crazy,Josh Gracin,22,30,Gains In Performance
2008-05-24,22,I Still Miss You,Keith Anderson,23,15,Gains In Performance
2008-05-24,23,Every Other Weekend,Reba McEntire With Kenny Chesney,24,15,Gains In Performance
2008-05-24,24,Learning How To Bend,Gary Allan,26,8,Gains In Performance
2008-05-24,25,This Is Me You're Talking To,Trisha Yearwood,25,19,Gains In Performance
2008-05-24,26,I Can Sleep When I'm Dead,Jason Michael Carroll,30,15,Gains In Performance
2008-05-24,27,Put A Girl In It,Brooks & Dunn,37,3,Gains In Performance
2008-05-24,28,Some Things Never Change,Sara Evans,27,17,Gains In Performance
2008-05-24,29,Holler Back,The Lost Trailers,29,12,Gains In Performance
2008-05-24,30,Life In A Northern Town,Sugarland Featuring Little Big Town & Jake Owen,32,8,Gains In Performance
2008-05-24,31,If You Didn't Love Me,Phil Stacey,28,16,Gains In Performance
2008-05-24,32,That Song In My Head,Julianne Hough,31,11,Gains In Performance
2008-05-24,33,Johnny & June,Heidi Newfield,33,6,Gains In Performance
2008-05-24,34,Do You Believe Me Now,Jimmy Wayne,36,7,Gains In Performance
2008-05-24,35,Til I Was A Daddy Too,Tracy Lawrence,34,22,
2008-05-24,36,Country Man,Luke Bryan,35,10,Gains In Performance
2008-05-24,37,Good Friend And A Glass Of Wine,LeAnn Rimes,39,11,Gains In Performance
2008-05-24,38,Midnight Sun,Garth Brooks,38,8,
2008-05-24,39,Rocks In Your Shoes,Emily West,41,11,Gains In Performance
2008-05-24,40,I'm Done,Jo Dee Messina,40,10,Gains In Performance
2008-05-24,41,All I Ever Wanted,Chuck Wicks,44,4,Gains In Performance
2008-05-24,42,Don't Think I Don't Think About It,Darius Rucker,45,4,Gains In Performance
2008-05-24,43,You Can Let Go,Crystal Shawanda,42,8,
2008-05-24,44,Relentless,Jason Aldean,47,3,Gains In Performance
2008-05-24,45,In Color,Jamey Johnson,43,6,
2008-05-24,46,Invisibly Shaken,Rodney Atkins,46,5,Gains In Performance
2008-05-24,47,His Kind Of Money (My Kind Of Love),Eric Church,48,4,Gains In Performance
2008-05-24,48,When It Rains,Eli Young Band,49,25,Gains In Performance
2008-05-24,49,I'm About To Come Alive,David Nail,50,3,
2008-05-24,50,Let Me Love You,Lonestar,55,6,Gains In Performance
2008-05-24,51,I'll Walk,Bucky Covington,56,3,Gains In Performance
2008-05-24,52,Crazy Days,Adam Gregory,53,2,Gains In Performance
2008-05-24,53,No Love Songs,Chris Cagle,NEW,1,Highest ranking debut|Gains In Performance
2008-05-24,54,Love Remembers,Craig Morgan,NEW,1,Gains In Performance
2008-05-24,55,Best Mistake I Ever Made,Kevin Fowler,52,4,
2008-05-24,56,How You Live (Turn Up The Music),Point Of Grace,54,5,
2008-05-24,57,Things A Mama Don't Know,Mica Roberts Featuring Toby Keith,58,9,Gains In Performance
2008-05-24,58,No Air,Rissi Palmer,NEW,1,Gains In Performance
2008-05-24,59,Cry Lonely,Cross Canadian Ragweed,RE,6,Gains In Performance
2008-05-24,60,She Likes It In The Morning,Clay Walker,51,16,
2008-05-31,1,I'm Still A Guy,Brad Paisley,2,13,Gains In Performance
2008-05-31,2,Love Is A Beautiful Thing,Phil Vassar,3,29,Gains In Performance
2008-05-31,3,Just Got Started Lovin' You,James Otto,1,31,
2008-05-31,4,Every Day,Rascal Flatts,6,13,Gains In Performance
2008-05-31,5,Love Don't Live Here,Lady Antebellum,8,33,Gains In Performance
2008-05-31,6,I Saw God Today,George Strait,5,15,
2008-05-31,7,Last Name,Carrie Underwood,10,10,Gains In Performance
2008-05-31,8,Better As A Memory,Kenny Chesney,9,9,Gains In Performance
2008-05-31,9,Picture To Burn,Taylor Swift,4,19,
2008-05-31,10,Back When I Knew It All,Montgomery Gentry,11,14,Gains In Performance
2008-05-31,11,Home,Blake Shelton,12,17,Gains In Performance
2008-05-31,12,Trying To Stop Your Leaving,Dierks Bentley,13,19,Gains In Performance
2008-05-31,13,Good Time,Alan Jackson,16,6,Gains In Performance
2008-05-31,14,She's A Hottie,Toby Keith,15,12,Gains In Performance
2008-05-31,15,Stronger Woman,Jewel,14,18,
2008-05-31,16,Kristofferson,Tim McGraw,19,12,Gains In Performance
2008-05-31,17,Another Try,Josh Turner Featuring Trisha Yearwood,17,20,Gains In Performance
2008-05-31,18,Gunpowder And Lead,Miranda Lambert,20,20,Gains In Performance
2008-05-31,19,Every Other Weekend,Reba McEntire With Kenny Chesney,23,16,Gains In Performance
2008-05-31,20,I Still Miss You,Keith Anderson,22,16,Gains In Performance
2008-05-31,21,We Weren't Crazy,Josh Gracin,21,31,Gains In Performance
2008-05-31,22,Put A Girl In It,Brooks & Dunn,27,4,Greatest gainer this week|Gains In Performance
2008-05-31,23,Learning How To Bend,Gary Allan,24,9,Gains In Performance
2008-05-31,24,It Ain't No Crime,Joe Nichols,18,20,
2008-05-31,25,This Is Me You're Talking To,Trisha Yearwood,25,20,Gains In Performance
2008-05-31,26,I Can Sleep When I'm Dead,Jason Michael Carroll,26,16,Gains In Performance
2008-05-31,27,Holler Back,The Lost Trailers,29,13,Gains In Performance
2008-05-31,28,Life In A Northern Town,Sugarland Featuring Little Big Town & Jake Owen,30,9,Gains In Performance
2008-05-31,29,That Song In My Head,Julianne Hough,32,12,Gains In Performance
2008-05-31,30,Do You Believe Me Now,Jimmy Wayne,34,8,Gains In Performance
2008-05-31,31,Some Things Never Change,Sara Evans,28,18,Gains In Performance
2008-05-31,32,Johnny & June,Heidi Newfield,33,7,Gains In Performance
2008-05-31,33,If You Didn't Love Me,Phil Stacey,31,17,
2008-05-31,34,Country Man,Luke Bryan,36,11,Gains In Performance
2008-05-31,35,Good Friend And A Glass Of Wine,LeAnn Rimes,37,12,Gains In Performance
2008-05-31,36,You Can Let Go,Crystal Shawanda,43,9,Gains In Performance
2008-05-31,37,Relentless,Jason Aldean,44,4,Gains In Performance
2008-05-31,38,Midnight Sun,Garth Brooks,38,9,
2008-05-31,39,Don't Think I Don't Think About It,Darius Rucker,42,5,Gains In Performance
2008-05-31,40,I'm Done,Jo Dee Messina,40,11,Gains In Performance
2008-05-31,41,All I Ever Wanted,Chuck Wicks,41,5,Gains In Performance
2008-05-31,42,Rocks In Your Shoes,Emily West,39,12,
2008-05-31,43,In Color,Jamey Johnson,45,7,Gains In Performance
2008-05-31,44,When It Rains,Eli Young Band,48,26,Gains In Performance
2008-05-31,45,Invisibly Shaken,Rodney Atkins,46,6,Gains In Performance
2008-05-31,46,His Kind Of Money (My Kind Of Love),Eric Church,47,5,Gains In Performance
2008-05-31,47,I'm About To Come Alive,David Nail,49,4,Gains In Performance
2008-05-31,48,Love Remembers,Craig Morgan,54,2,Gains In Performance
2008-05-31,49,To Life,Eddy Arnold,NEW,1,Highest ranking debut|Gains In Performance
2008-05-31,50,I'll Walk,Bucky Covington,51,4,Gains In Performance
2008-05-31,51,Best Mistake I Ever Made,Kevin Fowler,55,5,Gains In Performance
2008-05-31,52,No Air,Rissi Palmer,58,2,Gains In Performance
2008-05-31,53,Let Me Love You,Lonestar,50,7,Gains In Performance
2008-05-31,54,Crazy Days,Adam Gregory,52,3,Gains In Performance
2008-05-31,55,Out The Window,Ashley Gearing,RE,2,Gains In Performance
2008-05-31,56,Sounds So Good,Ashton Shepherd,NEW,1,Gains In Performance
2008-05-31,57,No Love Songs,Chris Cagle,53,2,
2008-05-31,58,Things A Mama Don't Know,Mica Roberts Featuring Toby Keith,57,10,
2008-05-31,59,Should've Said No,Taylor Swift,NEW,1,Gains In Performance
2008-05-31,60,All Summer Long,Kid Rock,RE,2,
2008-06-07,1,I'm Still A Guy,Brad Paisley,1,14,Gains In Performance
2008-06-07,2,Love Is A Beautiful Thing,Phil Vassar,2,30,Gains In Performance
2008-06-07,3,Just Got Started Lovin' You,James Otto,3,32,
2008-06-07,4,Every Day,Rascal Flatts,4,14,Gains In Performance
2008-06-07,5,Love Don't Live Here,Lady Antebellum,5,34,Gains In Performance
2008-06-07,6,Better As A Memory,Kenny Chesney,8,10,Gains In Performance
2008-06-07,7,Last Name,Carrie Underwood,7,11,Gains In Performance
2008-06-07,8,Home,Blake Shelton,11,18,Gains In Performance
2008-06-07,9,Back When I Knew It All,Montgomery Gentry,10,15,Gains In Performance
2008-06-07,10,I Saw God Today,George Strait,6,16,
2008-06-07,11,Trying To Stop Your Leaving,Dierks Bentley,12,20,Gains In Performance
2008-06-07,12,Good Time,Alan Jackson,13,7,Gains In Performance
2008-06-07,13,Picture To Burn,Taylor Swift,9,20,
2008-06-07,14,She's A Hottie,Toby Keith,14,13,
2008-06-07,15,Stronger Woman,Jewel,15,19,
2008-06-07,16,Gunpowder And Lead,Miranda Lambert,18,21,Gains In Performance
2008-06-07,17,Another Try,Josh Turner Featuring Trisha Yearwood,17,21,Gains In Performance
2008-06-07,18,Kristofferson,Tim McGraw,16,13,
2008-06-07,19,I Still Miss You,Keith Anderson,20,17,Gains In Performance
2008-06-07,20,Put A Girl In It,Brooks & Dunn,22,5,Gains In Performance
2008-06-07,21,Every Other Weekend,Reba McEntire With Kenny Chesney,19,17,Gains In Performance
2008-06-07,22,We Weren't Crazy,Josh Gracin,21,32,Gains In Performance
2008-06-07,23,Learning How To Bend,Gary Allan,23,10,Gains In Performance
2008-06-07,24,Holler Back,The Lost Trailers,27,14,Gains In Performance
2008-06-07,25,I Can Sleep When I'm Dead,Jason Michael Carroll,26,17,Gains In Performance
2008-06-07,26,This Is Me You're Talking To,Trisha Yearwood,25,21,Gains In Performance
2008-06-07,27,All I Want To Do,Sugarland,NEW,1,
2008-06-07,28,That Song In My Head,Julianne Hough,29,13,Gains In Performance
2008-06-07,29,Life In A Northern Town,Sugarland Featuring Little Big Town & Jake Owen,28,10,Gains In Performance
2008-06-07,30,Do You Believe Me Now,Jimmy Wayne,30,9,Gains In Performance
2008-06-07,31,Johnny & June,Heidi Newfield,32,8,Gains In Performance
2008-06-07,32,If You Didn't Love Me,Phil Stacey,33,18,
2008-06-07,33,Country Man,Luke Bryan,34,12,Gains In Performance
2008-06-07,34,Should've Said No,Taylor Swift,59,2,Gains In Performance
2008-06-07,35,Some Things Never Change,Sara Evans,31,19,
2008-06-07,36,All I Ever Wanted,Chuck Wicks,41,6,Gains In Performance
2008-06-07,37,Good Friend And A Glass Of Wine,LeAnn Rimes,35,13,
2008-06-07,38,Don't Think I Don't Think About It,Darius Rucker,39,6,Gains In Performance
2008-06-07,39,Relentless,Jason Aldean,37,5,Gains In Performance
2008-06-07,40,I'm Done,Jo Dee Messina,40,12,Gains In Performance
2008-06-07,41,You Can Let Go,Crystal Shawanda,36,10,
2008-06-07,42,Rocks In Your Shoes,Emily West,42,13,Gains In Performance
2008-06-07,43,In Color,Jamey Johnson,43,8,Gains In Performance
2008-06-07,44,Midnight Sun,Garth Brooks,38,10,
2008-06-07,45,Invisibly Shaken,Rodney Atkins,45,7,Gains In Performance
2008-06-07,46,Love Remembers,Craig Morgan,48,3,Gains In Performance
2008-06-07,47,When It Rains,Eli Young Band,44,27,
2008-06-07,48,I'm About To Come Alive,David Nail,47,5,Gains In Performance
2008-06-07,49,His Kind Of Money (My Kind Of Love),Eric Church,46,6,
2008-06-07,50,I'll Walk,Bucky Covington,50,5,Gains In Performance
2008-06-07,51,Best Mistake I Ever Made,Kevin Fowler,51,6,
2008-06-07,52,Crazy Days,Adam Gregory,54,4,Gains In Performance
2008-06-07,53,No Air,Rissi Palmer,52,3,Gains In Performance
2008-06-07,54,Let Me Love You,Lonestar,53,8,
2008-06-07,55,Sounds So Good,Ashton Shepherd,56,2,Gains In Performance
2008-06-07,56,Don't You Know You're Beautiful,Kellie Pickler,NEW,1,Gains In Performance
2008-06-07,57,No Love Songs,Chris Cagle,57,3,Gains In Performance
2008-06-07,58,Out The Window,Ashley Gearing,55,3,
2008-06-07,59,All Summer Long,Kid Rock,60,3,Gains In Performance
2008-06-07,60,Voices,Chris Young,NEW,1,Gains In Performance
2008-06-14,1,I'm Still A Guy,Brad Paisley,1,15,Gains In Performance
2008-06-14,2,Every Day,Rascal Flatts,4,15,Gains In Performance
2008-06-14,3,Love Don't Live Here,Lady Antebellum,5,35,Gains In Performance
2008-06-14,4,Love Is A Beautiful Thing,Phil Vassar,2,31,
2008-06-14,5,Last Name,Carrie Underwood,7,12,Gains In Performance
2008-06-14,6,Better As A Memory,Kenny Chesney,6,11,Gains In Performance
2008-06-14,7,Just Got Started Lovin' You,James Otto,3,33,
2008-06-14,8,Home,Blake Shelton,8,19,Gains In Performance
2008-06-14,9,Back When I Knew It All,Montgomery Gentry,9,16,Gains In Performance
2008-06-14,10,Good Time,Alan Jackson,12,8,Gains In Performance
2008-06-14,11,I Saw God Today,George Strait,10,17,
2008-06-14,12,Trying To Stop Your Leaving,Dierks Bentley,11,21,Gains In Performance
2008-06-14,13,She's A Hottie,Toby Keith,14,14,Gains In Performance
2008-06-14,14,Gunpowder And Lead,Miranda Lambert,16,22,Gains In Performance
2008-06-14,15,Put A Girl In It,Brooks & Dunn,20,6,Gains In Performance
2008-06-14,16,Another Try,Josh Turner Featuring Trisha Yearwood,17,22,Gains In Performance
2008-06-14,17,I Still Miss You,Keith Anderson,19,18,Gains In Performance
2008-06-14,18,Kristofferson,Tim McGraw,18,14,Gains In Performance
2008-06-14,19,We Weren't Crazy,Josh Gracin,22,33,Gains In Performance
2008-06-14,20,Every Other Weekend,Reba McEntire With Kenny Chesney,21,18,Gains In Performance
2008-06-14,21,Stronger Woman,Jewel,15,20,
2008-06-14,22,Learning How To Bend,Gary Allan,23,11,Gains In Performance
2008-06-14,23,All I Want To Do,Sugarland,27,2,Gains In Performance
2008-06-14,24,Holler Back,The Lost Trailers,24,15,Gains In Performance
2008-06-14,25,I Can Sleep When I'm Dead,Jason Michael Carroll,25,18,Gains In Performance
2008-06-14,26,This Is Me You're Talking To,Trisha Yearwood,26,22,Gains In Performance
2008-06-14,27,Should've Said No,Taylor Swift,34,3,Greatest gainer this week|Gains In Performance
2008-06-14,28,Do You Believe Me Now,Jimmy Wayne,30,10,Gains In Performance
2008-06-14,29,That Song In My Head,Julianne Hough,28,14,Gains In Performance
2008-06-14,30,Life In A Northern Town,Sugarland Featuring Little Big Town & Jake Owen,29,11,Gains In Performance
2008-06-14,31,Johnny & June,Heidi Newfield,31,9,Gains In Performance
2008-06-14,32,Country Man,Luke Bryan,33,13,Gains In Performance
2008-06-14,33,Don't Think I Don't Think About It,Darius Rucker,38,7,Gains In Performance
2008-06-14,34,If You Didn't Love Me,Phil Stacey,32,19,
2008-06-14,35,Relentless,Jason Aldean,39,6,Gains In Performance
2008-06-14,36,All I Ever Wanted,Chuck Wicks,36,7,Gains In Performance
2008-06-14,37,Good Friend And A Glass Of Wine,LeAnn Rimes,37,14,Gains In Performance
2008-06-14,38,You Can Let Go,Crystal Shawanda,41,11,Gains In Performance
2008-06-14,39,I'm Done,Jo Dee Messina,40,13,Gains In Performance
2008-06-14,40,Some Things Never Change,Sara Evans,35,20,
2008-06-14,41,Come On Over,Jessica Simpson,NEW,1,Highest ranking debut|Gains In Performance
2008-06-14,42,You Look Good In My Shirt,Keith Urban,RE,2,Gains In Performance
2008-06-14,43,In Color,Jamey Johnson,43,9,Gains In Performance
2008-06-14,44,Love Remembers,Craig Morgan,46,4,Gains In Performance
2008-06-14,45,Rocks In Your Shoes,Emily West,42,14,
2008-06-14,46,Invisibly Shaken,Rodney Atkins,45,8,Gains In Performance
2008-06-14,47,No Air,Rissi Palmer,53,4,Gains In Performance
2008-06-14,48,When It Rains,Eli Young Band,47,28,Gains In Performance
2008-06-14,49,I'm About To Come Alive,David Nail,48,6,Gains In Performance
2008-06-14,50,I'll Walk,Bucky Covington,50,6,Gains In Performance
2008-06-14,51,His Kind Of Money (My Kind Of Love),Eric Church,49,7,Gains In Performance
2008-06-14,52,Crazy Days,Adam Gregory,52,5,Gains In Performance
2008-06-14,53,Midnight Sun,Garth Brooks,44,11,
2008-06-14,54,Let Me Love You,Lonestar,54,9,Gains In Performance
2008-06-14,55,Best Mistake I Ever Made,Kevin Fowler,51,7,Gains In Performance
2008-06-14,56,Don't You Know You're Beautiful,Kellie Pickler,56,2,Gains In Performance
2008-06-14,57,Troubadour,George Strait,NEW,1,Gains In Performance
2008-06-14,58,Sounds So Good,Ashton Shepherd,55,3,Gains In Performance
2008-06-14,59,Out The Window,Ashley Gearing,58,4,Gains In Performance
2008-06-14,60,Voices,Chris Young,60,2,Gains In Performance
2008-06-21,1,Last Name,Carrie Underwood,5,13,Gains In Performance
2008-06-21,2,I'm Still A Guy,Brad Paisley,1,16,
2008-06-21,3,Every Day,Rascal Flatts,2,16,Gains In Performance
2008-06-21,4,Better As A Memory,Kenny Chesney,6,12,Gains In Performance
2008-06-21,5,Home,Blake Shelton,8,20,Gains In Performance
2008-06-21,6,Back When I Knew It All,Montgomery Gentry,9,17,Gains In Performance
2008-06-21,7,Love Don't Live Here,Lady Antebellum,3,36,
2008-06-21,8,Just Got Started Lovin' You,James Otto,7,34,
2008-06-21,9,Good Time,Alan Jackson,10,9,Gains In Performance
2008-06-21,10,Trying To Stop Your Leaving,Dierks Bentley,12,22,Gains In Performance
2008-06-21,11,I Saw God Today,George Strait,11,18,
2008-06-21,12,Gunpowder And Lead,Miranda Lambert,14,23,Gains In Performance
2008-06-21,13,Put A Girl In It,Brooks & Dunn,15,7,Gains In Performance
2008-06-21,14,I Still Miss You,Keith Anderson,17,19,Gains In Performance
2008-06-21,15,Another Try,Josh Turner Featuring Trisha Yearwood,16,23,Gains In Performance
2008-06-21,16,She's A Hottie,Toby Keith,13,15,
2008-06-21,17,We Weren't Crazy,Josh Gracin,19,34,Gains In Performance
2008-06-21,18,All I Want To Do,Sugarland,23,3,Gains In Performance
2008-06-21,19,Every Other Weekend,Reba McEntire With Kenny Chesney,20,19,Gains In Performance
2008-06-21,20,Learning How To Bend,Gary Allan,22,12,Gains In Performance
2008-06-21,21,Kristofferson,Tim McGraw,18,15,
2008-06-21,22,Holler Back,The Lost Trailers,24,16,Gains In Performance
2008-06-21,23,I Can Sleep When I'm Dead,Jason Michael Carroll,25,19,Gains In Performance
2008-06-21,24,Should've Said No,Taylor Swift,27,4,Gains In Performance
2008-06-21,25,This Is Me You're Talking To,Trisha Yearwood,26,23,
2008-06-21,26,That Song In My Head,Julianne Hough,29,15,Gains In Performance
2008-06-21,27,Do You Believe Me Now,Jimmy Wayne,28,11,Gains In Performance
2008-06-21,28,Country Man,Luke Bryan,32,14,Gains In Performance
2008-06-21,29,You Look Good In My Shirt,Keith Urban,42,3,Gains In Performance
2008-06-21,30,Don't Think I Don't Think About It,Darius Rucker,33,8,Gains In Performance
2008-06-21,31,Johnny & June,Heidi Newfield,31,10,Gains In Performance
2008-06-21,32,Life In A Northern Town,Sugarland Featuring Little Big Town & Jake Owen,30,12,
2008-06-21,33,All I Ever Wanted,Chuck Wicks,36,8,Gains In Performance
2008-06-21,34,Troubadour,George Strait,57,2,Gains In Performance
2008-06-21,35,Relentless,Jason Aldean,35,7,Gains In Performance
2008-06-21,36,Come On Over,Jessica Simpson,41,2,Gains In Performance
2008-06-21,37,You Can Let Go,Crystal Shawanda,38,12,Gains In Performance
2008-06-21,38,Good Friend And A Glass Of Wine,LeAnn Rimes,37,15,
2008-06-21,39,I'm Done,Jo Dee Messina,39,14,
2008-06-21,40,If You Didn't Love Me,Phil Stacey,34,20,
2008-06-21,41,Love Remembers,Craig Morgan,44,5,Gains In Performance
2008-06-21,42,In Color,Jamey Johnson,43,10,Gains In Performance
2008-06-21,43,When It Rains,Eli Young Band,48,29,Gains In Performance
2008-06-21,44,Invisibly Shaken,Rodney Atkins,46,9,Gains In Performance
2008-06-21,45,His Kind Of Money (My Kind Of Love),Eric Church,51,8,Gains In Performance
2008-06-21,46,Crazy Days,Adam Gregory,52,6,Gains In Performance
2008-06-21,47,Don't You Know You're Beautiful,Kellie Pickler,56,3,Gains In Performance
2008-06-21,48,No Air,Rissi Palmer,47,5,Gains In Performance
2008-06-21,49,I'll Walk,Bucky Covington,50,7,Gains In Performance
2008-06-21,50,I'm About To Come Alive,David Nail,49,7,
2008-06-21,51,Sounds So Good,Ashton Shepherd,58,4,Gains In Performance
2008-06-21,52,Best Mistake I Ever Made,Kevin Fowler,55,8,Gains In Performance
2008-06-21,53,Let Me Love You,Lonestar,54,10,Gains In Performance
2008-06-21,54,Voices,Chris Young,60,3,Gains In Performance
2008-06-21,55,Rocks In Your Shoes,Emily West,45,15,
2008-06-21,56,Anything Goes,Randy Houser,NEW,1,Highest ranking debut|Gains In Performance
2008-06-21,57,My Kind Of Beautiful,One Flew South,NEW,1,Gains In Performance
2008-06-21,58,All Summer Long,Kid Rock,RE,4,Gains In Performance
2008-06-21,59,Out The Window,Ashley Gearing,59,5,
2008-06-21,60,Lookin' For A Good Time,Lady Antebellum,NEW,1,Gains In Performance
2008-06-28,1,Better As A Memory,Kenny Chesney,4,13,Gains In Performance
2008-06-28,2,Last Name,Carrie Underwood,1,14,Gains In Performance
2008-06-28,3,Home,Blake Shelton,5,21,Gains In Performance
2008-06-28,4,I'm Still A Guy,Brad Paisley,2,17,
2008-06-28,5,Every Day,Rascal Flatts,3,17,
2008-06-28,6,Back When I Knew It All,Montgomery Gentry,6,18,Gains In Performance
2008-06-28,7,Good Time,Alan Jackson,9,10,Gains In Performance
2008-06-28,8,Trying To Stop Your Leaving,Dierks Bentley,10,23,Gains In Performance
2008-06-28,9,Love Don't Live Here,Lady Antebellum,7,37,
2008-06-28,10,Put A Girl In It,Brooks & Dunn,13,8,Gains In Performance
2008-06-28,11,I Saw God Today,George Strait,11,19,
2008-06-28,12,Gunpowder And Lead,Miranda Lambert,12,24,Gains In Performance
2008-06-28,13,All I Want To Do,Sugarland,18,4,Gains In Performance
2008-06-28,14,I Still Miss You,Keith Anderson,14,20,Gains In Performance
2008-06-28,15,We Weren't Crazy,Josh Gracin,17,35,Gains In Performance
2008-06-28,16,Another Try,Josh Turner Featuring Trisha Yearwood,15,24,Gains In Performance
2008-06-28,17,Should've Said No,Taylor Swift,24,5,Gains In Performance
2008-06-28,18,Every Other Weekend,Reba McEntire With Kenny Chesney,19,20,Gains In Performance
2008-06-28,19,Learning How To Bend,Gary Allan,20,13,Gains In Performance
2008-06-28,20,Holler Back,The Lost Trailers,22,17,Gains In Performance
2008-06-28,21,She's A Hottie,Toby Keith,16,16,
2008-06-28,22,You Look Good In My Shirt,Keith Urban,29,4,Greatest gainer this week|Gains In Performance
2008-06-28,23,That Song In My Head,Julianne Hough,26,16,Gains In Performance
2008-06-28,24,I Can Sleep When I'm Dead,Jason Michael Carroll,23,20,Gains In Performance
2008-06-28,25,Do You Believe Me Now,Jimmy Wayne,27,12,Gains In Performance
2008-06-28,26,This Is Me You're Talking To,Trisha Yearwood,25,24,Gains In Performance
2008-06-28,27,Don't Think I Don't Think About It,Darius Rucker,30,9,Gains In Performance
2008-06-28,28,Country Man,Luke Bryan,28,15,Gains In Performance
2008-06-28,29,Kristofferson,Tim McGraw,21,16,
2008-06-28,30,Life In A Northern Town,Sugarland Featuring Little Big Town & Jake Owen,32,13,Gains In Performance
2008-06-28,31,Johnny & June,Heidi Newfield,31,11,Gains In Performance
2008-06-28,32,Troubadour,George Strait,34,3,Gains In Performance
2008-06-28,33,Come On Over,Jessica Simpson,36,3,Gains In Performance
2008-06-28,34,Relentless,Jason Aldean,35,8,Gains In Performance
2008-06-28,35,All I Ever Wanted,Chuck Wicks,33,9,Gains In Performance
2008-06-28,36,You Can Let Go,Crystal Shawanda,37,13,Gains In Performance
2008-06-28,37,Good Friend And A Glass Of Wine,LeAnn Rimes,38,16,
2008-06-28,38,I'm Done,Jo Dee Messina,39,15,
2008-06-28,39,Love Remembers,Craig Morgan,41,6,Gains In Performance
2008-06-28,40,In Color,Jamey Johnson,42,11,Gains In Performance
2008-06-28,41,When It Rains,Eli Young Band,43,30,Gains In Performance
2008-06-28,42,Invisibly Shaken,Rodney Atkins,44,10,Gains In Performance
2008-06-28,43,Crazy Days,Adam Gregory,46,7,Gains In Performance
2008-06-28,44,I'll Walk,Bucky Covington,49,8,Gains In Performance
2008-06-28,45,Don't You Know You're Beautiful,Kellie Pickler,47,4,Gains In Performance
2008-06-28,46,His Kind Of Money (My Kind Of Love),Eric Church,45,9,
2008-06-28,47,Sounds So Good,Ashton Shepherd,51,5,Gains In Performance
2008-06-28,48,Best Mistake I Ever Made,Kevin Fowler,52,9,Gains In Performance
2008-06-28,49,I'm About To Come Alive,David Nail,50,8,Gains In Performance
2008-06-28,50,No Air,Rissi Palmer,48,6,
2008-06-28,51,Waitin' On A Woman,Brad Paisley,NEW,1,Highest ranking debut|Gains In Performance
2008-06-28,52,Anything Goes,Randy Houser,56,2,Gains In Performance
2008-06-28,53,Let Me,Pat Green,NEW,1,Gains In Performance
2008-06-28,54,Voices,Chris Young,54,4,
2008-06-28,55,Let Me Love You,Lonestar,53,11,
2008-06-28,56,Lookin' For A Good Time,Lady Antebellum,60,2,Gains In Performance
2008-06-28,57,All Summer Long,Kid Rock,58,5,Gains In Performance
2008-06-28,58,For You,James Otto,NEW,1,Gains In Performance
2008-06-28,59,Chicken Fried,Zac Brown Band,NEW,1,Gains In Performance
2008-06-28,60,Out The Window,Ashley Gearing,59,6,
2008-07-05,1,Better As A Memory,Kenny Chesney,1,14,Gains In Performance
2008-07-05,2,Home,Blake Shelton,3,22,Gains In Performance
2008-07-05,3,Back When I Knew It All,Montgomery Gentry,6,19,Gains In Performance
2008-07-05,4,Last Name,Carrie Underwood,2,15,
2008-07-05,5,Good Time,Alan Jackson,7,11,Gains In Performance
2008-07-05,6,I'm Still A Guy,Brad Paisley,4,18,
2008-07-05,7,Trying To Stop Your Leaving,Dierks Bentley,8,24,Gains In Performance
2008-07-05,8,Every Day,Rascal Flatts,5,18,
2008-07-05,9,Put A Girl In It,Brooks & Dunn,10,9,Gains In Performance
2008-07-05,10,All I Want To Do,Sugarland,13,5,Gains In Performance
2008-07-05,11,Gunpowder And Lead,Miranda Lambert,12,25,Gains In Performance
2008-07-05,12,I Still Miss You,Keith Anderson,14,21,Gains In Performance
2008-07-05,13,I Saw God Today,George Strait,11,20,
2008-07-05,14,You Look Good In My Shirt,Keith Urban,22,5,Gains In Performance
2008-07-05,15,We Weren't Crazy,Josh Gracin,15,36,Gains In Performance
2008-07-05,16,Should've Said No,Taylor Swift,17,6,Gains In Performance
2008-07-05,17,Another Try,Josh Turner Featuring Trisha Yearwood,16,25,Gains In Performance
2008-07-05,18,Every Other Weekend,Reba McEntire With Kenny Chesney,18,21,Gains In Performance
2008-07-05,19,Learning How To Bend,Gary Allan,19,14,Gains In Performance
2008-07-05,20,Holler Back,The Lost Trailers,20,18,Gains In Performance
2008-07-05,21,That Song In My Head,Julianne Hough,23,17,Gains In Performance
2008-07-05,22,Do You Believe Me Now,Jimmy Wayne,25,13,Gains In Performance
2008-07-05,23,I Can Sleep When I'm Dead,Jason Michael Carroll,24,21,Gains In Performance
2008-07-05,24,Don't Think I Don't Think About It,Darius Rucker,27,10,Gains In Performance
2008-07-05,25,Troubadour,George Strait,32,4,Gains In Performance
2008-07-05,26,This Is Me You're Talking To,Trisha Yearwood,26,25,Gains In Performance
2008-07-05,27,Country Man,Luke Bryan,28,16,Gains In Performance
2008-07-05,28,Johnny & June,Heidi Newfield,31,12,Gains In Performance
2008-07-05,29,Come On Over,Jessica Simpson,33,4,Gains In Performance
2008-07-05,30,Life In A Northern Town,Sugarland Featuring Little Big Town & Jake Owen,30,14,
2008-07-05,31,She's A Hottie,Toby Keith,21,17,
2008-07-05,32,All I Ever Wanted,Chuck Wicks,35,10,Gains In Performance
2008-07-05,33,Relentless,Jason Aldean,34,9,Gains In Performance
2008-07-05,34,Waitin' On A Woman,Brad Paisley,51,2,Gains In Performance
2008-07-05,35,You Can Let Go,Crystal Shawanda,36,14,Gains In Performance
2008-07-05,36,Love Remembers,Craig Morgan,39,7,Gains In Performance
2008-07-05,37,I'm Done,Jo Dee Messina,38,16,Gains In Performance
2008-07-05,38,In Color,Jamey Johnson,40,12,Gains In Performance
2008-07-05,39,When It Rains,Eli Young Band,41,31,Gains In Performance
2008-07-05,40,I'll Walk,Bucky Covington,44,9,Gains In Performance
2008-07-05,41,Invisibly Shaken,Rodney Atkins,42,11,Gains In Performance
2008-07-05,42,Don't You Know You're Beautiful,Kellie Pickler,45,5,Gains In Performance
2008-07-05,43,Crazy Days,Adam Gregory,43,8,Gains In Performance
2008-07-05,44,Kristofferson,Tim McGraw,29,17,
2008-07-05,45,Sounds So Good,Ashton Shepherd,47,6,Gains In Performance
2008-07-05,46,His Kind Of Money (My Kind Of Love),Eric Church,46,10,Gains In Performance
2008-07-05,47,No Air,Rissi Palmer,50,7,Gains In Performance
2008-07-05,48,I'm About To Come Alive,David Nail,49,9,
2008-07-05,49,Anything Goes,Randy Houser,52,3,Gains In Performance
2008-07-05,50,Let Me,Pat Green,53,2,Gains In Performance
2008-07-05,51,Good Friend And A Glass Of Wine,LeAnn Rimes,37,17,
2008-07-05,52,Best Mistake I Ever Made,Kevin Fowler,48,10,
2008-07-05,53,Lookin' For A Good Time,Lady Antebellum,56,3,Gains In Performance
2008-07-05,54,Voices,Chris Young,54,5,Gains In Performance
2008-07-05,55,For You,James Otto,58,2,Gains In Performance
2008-07-05,56,Bob That Head,Rascal Flatts,NEW,1,Highest ranking debut|Gains In Performance
2008-07-05,57,All Summer Long,Kid Rock,57,6,
2008-07-05,58,I Love This Song,Marcel,NEW,1,Gains In Performance
2008-07-05,59,Let Me Love You,Lonestar,55,12,
2008-07-05,60,Upper Middle Class White Trash,Lee Brice,NEW,1,Gains In Performance
2008-07-12,1,Back When I Knew It All,Montgomery Gentry,3,20,Gains In Performance
2008-07-12,2,Home,Blake Shelton,2,23,Gains In Performance
2008-07-12,3,Better As A Memory,Kenny Chesney,1,15,
2008-07-12,4,Good Time,Alan Jackson,5,12,Gains In Performance
2008-07-12,5,Trying To Stop Your Leaving,Dierks Bentley,7,25,Gains In Performance
2008-07-12,6,Put A Girl In It,Brooks & Dunn,9,10,Gains In Performance
2008-07-12,7,Last Name,Carrie Underwood,4,16,
2008-07-12,8,All I Want To Do,Sugarland,10,6,Gains In Performance
2008-07-12,9,I'm Still A Guy,Brad Paisley,6,19,
2008-07-12,10,I Still Miss You,Keith Anderson,12,22,Gains In Performance
2008-07-12,11,Gunpowder And Lead,Miranda Lambert,11,26,Gains In Performance
2008-07-12,12,You Look Good In My Shirt,Keith Urban,14,6,Gains In Performance
2008-07-12,13,Should've Said No,Taylor Swift,16,7,Gains In Performance
2008-07-12,14,We Weren't Crazy,Josh Gracin,15,37,Gains In Performance
2008-07-12,15,Another Try,Josh Turner Featuring Trisha Yearwood,17,26,Gains In Performance
2008-07-12,16,Every Other Weekend,Reba McEntire With Kenny Chesney,18,22,Gains In Performance
2008-07-12,17,Learning How To Bend,Gary Allan,19,15,Gains In Performance
2008-07-12,18,Holler Back,The Lost Trailers,20,19,Gains In Performance
2008-07-12,19,Every Day,Rascal Flatts,8,19,
2008-07-12,20,Do You Believe Me Now,Jimmy Wayne,22,14,Gains In Performance
2008-07-12,21,That Song In My Head,Julianne Hough,21,18,Gains In Performance
2008-07-12,22,Troubadour,George Strait,25,5,Gains In Performance
2008-07-12,23,I Can Sleep When I'm Dead,Jason Michael Carroll,23,22,Gains In Performance
2008-07-12,24,Don't Think I Don't Think About It,Darius Rucker,24,11,Gains In Performance
2008-07-12,25,Country Man,Luke Bryan,27,17,Gains In Performance
2008-07-12,26,Waitin' On A Woman,Brad Paisley,34,3,Greatest gainer this week|Gains In Performance
2008-07-12,27,Come On Over,Jessica Simpson,29,5,Gains In Performance
2008-07-12,28,Johnny & June,Heidi Newfield,28,13,Gains In Performance
2008-07-12,29,Life In A Northern Town,Sugarland Featuring Little Big Town & Jake Owen,30,15,
2008-07-12,30,All I Ever Wanted,Chuck Wicks,32,11,Gains In Performance
2008-07-12,31,Relentless,Jason Aldean,33,10,Gains In Performance
2008-07-12,32,You Can Let Go,Crystal Shawanda,35,15,Gains In Performance
2008-07-12,33,Love Remembers,Craig Morgan,36,8,Gains In Performance
2008-07-12,34,I'm Done,Jo Dee Messina,37,17,Gains In Performance
2008-07-12,35,Bob That Head,Rascal Flatts,56,2,Gains In Performance
2008-07-12,36,In Color,Jamey Johnson,38,13,Gains In Performance
2008-07-12,37,When It Rains,Eli Young Band,39,32,Gains In Performance
2008-07-12,38,I'll Walk,Bucky Covington,40,10,Gains In Performance
2008-07-12,39,She's A Hottie,Toby Keith,31,18,
2008-07-12,40,Crazy Days,Adam Gregory,43,9,Gains In Performance
2008-07-12,41,Invisibly Shaken,Rodney Atkins,41,12,Gains In Performance
2008-07-12,42,Lookin' For A Good Time,Lady Antebellum,53,4,Gains In Performance
2008-07-12,43,Don't You Know You're Beautiful,Kellie Pickler,42,6,
2008-07-12,44,Sounds So Good,Ashton Shepherd,45,7,
2008-07-12,45,Anything Goes,Randy Houser,49,4,Gains In Performance
2008-07-12,46,Kristofferson,Tim McGraw,44,18,
2008-07-12,47,No Air,Rissi Palmer,47,8,Gains In Performance
2008-07-12,48,His Kind Of Money (My Kind Of Love),Eric Church,46,11,Gains In Performance
2008-07-12,49,Let Me,Pat Green,50,3,Gains In Performance
2008-07-12,50,Voices,Chris Young,54,6,Gains In Performance
2008-07-12,51,I'm About To Come Alive,David Nail,48,10,
2008-07-12,52,For You,James Otto,55,3,Gains In Performance
2008-07-12,53,All Summer Long,Kid Rock,57,7,Gains In Performance
2008-07-12,54,Best Mistake I Ever Made,Kevin Fowler,52,11,Gains In Performance
2008-07-12,55,She Never Cried In Front Of Me,Toby Keith,NEW,1,Highest ranking debut|Gains In Performance
2008-07-12,56,Chicken Fried,Zac Brown Band,RE,2,Gains In Performance
2008-07-12,57,Upper Middle Class White Trash,Lee Brice,60,2,Gains In Performance
2008-07-12,58,I Love This Song,Marcel,58,2,Gains In Performance
2008-07-12,59,Let Me Love You,Lonestar,59,13,Gains In Performance
2008-07-12,60,I Do,Jewel,NEW,1,Gains In Performance
2008-07-19,1,Home,Blake Shelton,2,24,Gains In Performance
2008-07-19,2,Good Time,Alan Jackson,4,13,Gains In Performance
2008-07-19,3,Back When I Knew It All,Montgomery Gentry,1,21,
2008-07-19,4,Better As A Memory,Kenny Chesney,3,16,
2008-07-19,5,Put A Girl In It,Brooks & Dunn,6,11,Gains In Performance
2008-07-19,6,Trying To Stop Your Leaving,Dierks Bentley,5,26,Gains In Performance
2008-07-19,7,All I Want To Do,Sugarland,8,7,Gains In Performance
2008-07-19,8,I Still Miss You,Keith Anderson,10,23,Gains In Performance
2008-07-19,9,You Look Good In My Shirt,Keith Urban,12,7,Gains In Performance
2008-07-19,10,Should've Said No,Taylor Swift,13,8,Gains In Performance
2008-07-19,11,I'm Still A Guy,Brad Paisley,9,20,
2008-07-19,12,Gunpowder And Lead,Miranda Lambert,11,27,Gains In Performance
2008-07-19,13,Last Name,Carrie Underwood,7,17,
2008-07-19,14,We Weren't Crazy,Josh Gracin,14,38,Gains In Performance
2008-07-19,15,Learning How To Bend,Gary Allan,17,16,Gains In Performance
2008-07-19,16,Every Other Weekend,Reba McEntire With Kenny Chesney,16,23,Gains In Performance
2008-07-19,17,Holler Back,The Lost Trailers,18,20,Gains In Performance
2008-07-19,18,Do You Believe Me Now,Jimmy Wayne,20,15,Gains In Performance
2008-07-19,19,Troubadour,George Strait,22,6,Gains In Performance
2008-07-19,20,That Song In My Head,Julianne Hough,21,19,Gains In Performance
2008-07-19,21,Don't Think I Don't Think About It,Darius Rucker,24,12,Gains In Performance
2008-07-19,22,Every Day,Rascal Flatts,19,20,
2008-07-19,23,I Can Sleep When I'm Dead,Jason Michael Carroll,23,23,Gains In Performance
2008-07-19,24,Waitin' On A Woman,Brad Paisley,26,4,Gains In Performance
2008-07-19,25,Country Man,Luke Bryan,25,18,Gains In Performance
2008-07-19,26,Come On Over,Jessica Simpson,27,6,Gains In Performance
2008-07-19,27,Johnny & June,Heidi Newfield,28,14,Gains In Performance
2008-07-19,28,Bob That Head,Rascal Flatts,35,3,Greatest gainer this week|Gains In Performance
2008-07-19,29,Relentless,Jason Aldean,31,11,Gains In Performance
2008-07-19,30,All I Ever Wanted,Chuck Wicks,30,12,Gains In Performance
2008-07-19,31,Life In A Northern Town,Sugarland Featuring Little Big Town & Jake Owen,29,16,
2008-07-19,32,You Can Let Go,Crystal Shawanda,32,16,Gains In Performance
2008-07-19,33,Love Remembers,Craig Morgan,33,9,Gains In Performance
2008-07-19,34,She Never Cried In Front Of Me,Toby Keith,55,2,Gains In Performance
2008-07-19,35,I'm Done,Jo Dee Messina,34,18,Gains In Performance
2008-07-19,36,I'll Walk,Bucky Covington,38,11,Gains In Performance
2008-07-19,37,In Color,Jamey Johnson,36,14,Gains In Performance
2008-07-19,38,When It Rains,Eli Young Band,37,33,Gains In Performance
2008-07-19,39,Don't You Know You're Beautiful,Kellie Pickler,43,7,Gains In Performance
2008-07-19,40,Crazy Days,Adam Gregory,40,10,Gains In Performance
2008-07-19,41,Invisibly Shaken,Rodney Atkins,41,13,Gains In Performance
2008-07-19,42,Sounds So Good,Ashton Shepherd,44,8,Gains In Performance
2008-07-19,43,Lookin' For A Good Time,Lady Antebellum,42,5,Gains In Performance
2008-07-19,44,All Summer Long,Kid Rock,53,8,Gains In Performance
2008-07-19,45,Anything Goes,Randy Houser,45,5,Gains In Performance
2008-07-19,46,Let Me,Pat Green,49,4,Gains In Performance
2008-07-19,47,No Air,Rissi Palmer,47,9,Gains In Performance
2008-07-19,48,His Kind Of Money (My Kind Of Love),Eric Church,48,12,Gains In Performance
2008-07-19,49,Voices,Chris Young,50,7,Gains In Performance
2008-07-19,50,She's A Hottie,Toby Keith,39,19,
2008-07-19,51,Chicken Fried,Zac Brown Band,56,3,Gains In Performance
2008-07-19,52,Best Mistake I Ever Made,Kevin Fowler,54,12,Gains In Performance
2008-07-19,53,Upper Middle Class White Trash,Lee Brice,57,3,Gains In Performance
2008-07-19,54,For You,James Otto,52,4,
2008-07-19,55,Kristofferson,Tim McGraw,46,19,
2008-07-19,56,I Do,Jewel,60,2,Gains In Performance
2008-07-19,57,Old Glory,Phil Stacey,NEW,1,Highest ranking debut|Gains In Performance
2008-07-19,58,I Love This Song,Marcel,58,3,Gains In Performance
2008-07-19,59,Let Me Love You,Lonestar,59,14,
2008-07-19,60,Girl On The Billboard,The Road Hammers,NEW,1,Gains In Performance
2008-07-26,1,Home,Blake Shelton,1,25,
2008-07-26,2,Good Time,Alan Jackson,2,14,Gains In Performance
2008-07-26,3,Put A Girl In It,Brooks & Dunn,5,12,Gains In Performance
2008-07-26,4,Back When I Knew It All,Montgomery Gentry,3,22,
2008-07-26,5,All I Want To Do,Sugarland,7,8,Gains In Performance
2008-07-26,6,You Look Good In My Shirt,Keith Urban,9,8,Gains In Performance
2008-07-26,7,Should've Said No,Taylor Swift,10,9,Gains In Performance
2008-07-26,8,I Still Miss You,Keith Anderson,8,24,Gains In Performance
2008-07-26,9,Gunpowder And Lead,Miranda Lambert,12,28,Gains In Performance
2008-07-26,10,Better As A Memory,Kenny Chesney,4,17,
2008-07-26,11,We Weren't Crazy,Josh Gracin,14,39,Gains In Performance
2008-07-26,12,Holler Back,The Lost Trailers,17,21,Gains In Performance
2008-07-26,13,Last Name,Carrie Underwood,13,18,
2008-07-26,14,Learning How To Bend,Gary Allan,15,17,Gains In Performance
2008-07-26,15,Every Other Weekend,Reba McEntire With Kenny Chesney,16,24,Gains In Performance
2008-07-26,16,Do You Believe Me Now,Jimmy Wayne,18,16,Gains In Performance
2008-07-26,17,Troubadour,George Strait,19,7,Gains In Performance
2008-07-26,18,Don't Think I Don't Think About It,Darius Rucker,21,13,Gains In Performance
2008-07-26,19,Waitin' On A Woman,Brad Paisley,24,5,Gains In Performance
2008-07-26,20,That Song In My Head,Julianne Hough,20,20,Gains In Performance
2008-07-26,21,I Can Sleep When I'm Dead,Jason Michael Carroll,23,24,Gains In Performance
2008-07-26,22,Country Man,Luke Bryan,25,19,Gains In Performance
2008-07-26,23,Come On Over,Jessica Simpson,26,7,Gains In Performance
2008-07-26,24,Bob That Head,Rascal Flatts,28,4,Gains In Performance
2008-07-26,25,Johnny & June,Heidi Newfield,27,15,Gains In Performance
2008-07-26,26,She Never Cried In Front Of Me,Toby Keith,34,3,Gains In Performance
2008-07-26,27,All I Ever Wanted,Chuck Wicks,30,13,Gains In Performance
2008-07-26,28,Relentless,Jason Aldean,29,12,Gains In Performance
2008-07-26,29,You Can Let Go,Crystal Shawanda,32,17,Gains In Performance
2008-07-26,30,Love Remembers,Craig Morgan,33,10,Gains In Performance
2008-07-26,31,Life In A Northern Town,Sugarland Featuring Little Big Town & Jake Owen,31,17,
2008-07-26,32,All Summer Long,Kid Rock,44,9,Gains In Performance
2008-07-26,33,I'll Walk,Bucky Covington,36,12,Gains In Performance
2008-07-26,34,In Color,Jamey Johnson,37,15,Gains In Performance
2008-07-26,35,Don't You Know You're Beautiful,Kellie Pickler,39,8,Gains In Performance
2008-07-26,36,I'm Done,Jo Dee Messina,35,19,
2008-07-26,37,Crazy Days,Adam Gregory,40,11,Gains In Performance
2008-07-26,38,Lookin' For A Good Time,Lady Antebellum,43,6,Gains In Performance
2008-07-26,39,When It Rains,Eli Young Band,38,34,Gains In Performance
2008-07-26,40,Sounds So Good,Ashton Shepherd,42,9,Gains In Performance
2008-07-26,41,Invisibly Shaken,Rodney Atkins,41,14,
2008-07-26,42,Anything Goes,Randy Houser,45,6,Gains In Performance
2008-07-26,43,Let Me,Pat Green,46,5,Gains In Performance
2008-07-26,44,Voices,Chris Young,49,8,Gains In Performance
2008-07-26,45,Just A Dream,Carrie Underwood,NEW,1,Highest ranking debut|Gains In Performance
2008-07-26,46,His Kind Of Money (My Kind Of Love),Eric Church,48,13,Gains In Performance
2008-07-26,47,Chicken Fried,Zac Brown Band,51,4,Gains In Performance
2008-07-26,48,No Air,Rissi Palmer,47,10,
2008-07-26,49,I Do,Jewel,56,3,Gains In Performance
2008-07-26,50,For You,James Otto,54,5,Gains In Performance
2008-07-26,51,Upper Middle Class White Trash,Lee Brice,53,4,Gains In Performance
2008-07-26,52,She's A Hottie,Toby Keith,50,20,
2008-07-26,53,Best Mistake I Ever Made,Kevin Fowler,52,13,
2008-07-26,54,I Love This Song,Marcel,58,4,Gains In Performance
2008-07-26,55,Kristofferson,Tim McGraw,55,20,
2008-07-26,56,Last Call,Lee Ann Womack,NEW,1,Gains In Performance
2008-07-26,57,Girl On The Billboard,The Road Hammers,60,2,Gains In Performance
2008-07-26,58,Fine Line,Little Big Town,NEW,1,Gains In Performance
2008-07-26,59,Don't Do Me No Good,Gretchen Wilson,NEW,1,Gains In Performance
2008-07-26,60,Let Me Love You,Lonestar,59,15,
2008-08-02,1,Good Time,Alan Jackson,2,15,Gains In Performance
2008-08-02,2,Home,Blake Shelton,1,26,
2008-08-02,3,All I Want To Do,Sugarland,5,9,Gains In Performance
2008-08-02,4,Put A Girl In It,Brooks & Dunn,3,13,Gains In Performance
2008-08-02,5,You Look Good In My Shirt,Keith Urban,6,9,Gains In Performance
2008-08-02,6,Should've Said No,Taylor Swift,7,10,Gains In Performance
2008-08-02,7,I Still Miss You,Keith Anderson,8,25,Gains In Performance
2008-08-02,8,Gunpowder And Lead,Miranda Lambert,9,29,Gains In Performance
2008-08-02,9,Back When I Knew It All,Montgomery Gentry,4,23,
2008-08-02,10,We Weren't Crazy,Josh Gracin,11,40,Gains In Performance
2008-08-02,11,Better As A Memory,Kenny Chesney,10,18,
2008-08-02,12,Holler Back,The Lost Trailers,12,22,Gains In Performance
2008-08-02,13,Learning How To Bend,Gary Allan,14,18,Gains In Performance
2008-08-02,14,Waitin' On A Woman,Brad Paisley,19,6,Greatest gainer this week|Gains In Performance
2008-08-02,15,Do You Believe Me Now,Jimmy Wayne,16,17,Gains In Performance
2008-08-02,16,Troubadour,George Strait,17,8,Gains In Performance
2008-08-02,17,Don't Think I Don't Think About It,Darius Rucker,18,14,Gains In Performance
2008-08-02,18,That Song In My Head,Julianne Hough,20,21,Gains In Performance
2008-08-02,19,Last Name,Carrie Underwood,13,19,
2008-08-02,20,Come On Over,Jessica Simpson,23,8,Gains In Performance
2008-08-02,21,Bob That Head,Rascal Flatts,24,5,Gains In Performance
2008-08-02,22,Country Man,Luke Bryan,22,20,Gains In Performance
2008-08-02,23,She Never Cried In Front Of Me,Toby Keith,26,4,Gains In Performance
2008-08-02,24,Johnny & June,Heidi Newfield,25,16,Gains In Performance
2008-08-02,25,All Summer Long,Kid Rock,32,10,Gains In Performance
2008-08-02,26,All I Ever Wanted,Chuck Wicks,27,14,Gains In Performance
2008-08-02,27,Relentless,Jason Aldean,28,13,Gains In Performance
2008-08-02,28,You Can Let Go,Crystal Shawanda,29,18,Gains In Performance
2008-08-02,29,Love Remembers,Craig Morgan,30,11,Gains In Performance
2008-08-02,30,Life In A Northern Town,Sugarland Featuring Little Big Town & Jake Owen,31,18,Gains In Performance
2008-08-02,31,Just A Dream,Carrie Underwood,45,2,Gains In Performance
2008-08-02,32,Don't You Know You're Beautiful,Kellie Pickler,35,9,Gains In Performance
2008-08-02,33,I'll Walk,Bucky Covington,33,13,Gains In Performance
2008-08-02,34,In Color,Jamey Johnson,34,16,Gains In Performance
2008-08-02,35,Lookin' For A Good Time,Lady Antebellum,38,7,Gains In Performance
2008-08-02,36,I'm Done,Jo Dee Messina,36,20,Gains In Performance
2008-08-02,37,When It Rains,Eli Young Band,39,35,Gains In Performance
2008-08-02,38,Let Me,Pat Green,43,6,Gains In Performance
2008-08-02,39,Sounds So Good,Ashton Shepherd,40,10,Gains In Performance
2008-08-02,40,Crazy Days,Adam Gregory,37,12,Gains In Performance
2008-08-02,41,Anything Goes,Randy Houser,42,7,Gains In Performance
2008-08-02,42,Chicken Fried,Zac Brown Band,47,5,Gains In Performance
2008-08-02,43,Voices,Chris Young,44,9,Gains In Performance
2008-08-02,44,I Do,Jewel,49,4,Gains In Performance
2008-08-02,45,For You,James Otto,50,6,Gains In Performance
2008-08-02,46,Invisibly Shaken,Rodney Atkins,41,15,
2008-08-02,47,His Kind Of Money (My Kind Of Love),Eric Church,46,14,
2008-08-02,48,Last Call,Lee Ann Womack,56,2,Gains In Performance
2008-08-02,49,Upper Middle Class White Trash,Lee Brice,51,5,Gains In Performance
2008-08-02,50,No Air,Rissi Palmer,48,11,
2008-08-02,51,Fine Line,Little Big Town,58,2,Gains In Performance
2008-08-02,52,I Would,Phil Vassar,NEW,1,Highest ranking debut|Gains In Performance
2008-08-02,53,Don't Do Me No Good,Gretchen Wilson,59,2,Gains In Performance
2008-08-02,54,Best Mistake I Ever Made,Kevin Fowler,53,14,Gains In Performance
2008-08-02,55,Don't,Billy Currington,NEW,1,Gains In Performance
2008-08-02,56,I Love This Song,Marcel,54,5,
2008-08-02,57,Got A Little Crazy,Kenny Chesney,NEW,1,Gains In Performance
2008-08-02,58,Girl On The Billboard,The Road Hammers,57,3,
2008-08-02,59,Let It Go,Tim McGraw,NEW,1,Gains In Performance
2008-08-02,60,They Call It Falling For A Reason,Trisha Yearwood,NEW,1,Gains In Performance
2008-08-09,1,Good Time,Alan Jackson,1,16,
2008-08-09,2,All I Want To Do,Sugarland,3,10,Gains In Performance
2008-08-09,3,You Look Good In My Shirt,Keith Urban,5,10,Gains In Performance
2008-08-09,4,Should've Said No,Taylor Swift,6,11,Gains In Performance
2008-08-09,5,Put A Girl In It,Brooks & Dunn,4,14,Gains In Performance
2008-08-09,6,I Still Miss You,Keith Anderson,7,26,Gains In Performance
2008-08-09,7,Home,Blake Shelton,2,27,
2008-08-09,8,Gunpowder And Lead,Miranda Lambert,8,30,Gains In Performance
2008-08-09,9,Do You Believe Me Now,Jimmy Wayne,15,18,Gains In Performance
2008-08-09,10,We Weren't Crazy,Josh Gracin,10,41,Gains In Performance
2008-08-09,11,Waitin' On A Woman,Brad Paisley,14,7,Gains In Performance
2008-08-09,12,Troubadour,George Strait,16,9,Gains In Performance
2008-08-09,13,Holler Back,The Lost Trailers,12,23,Gains In Performance
2008-08-09,14,Learning How To Bend,Gary Allan,13,19,Gains In Performance
2008-08-09,15,Don't Think I Don't Think About It,Darius Rucker,17,15,Gains In Performance
2008-08-09,16,Better As A Memory,Kenny Chesney,11,19,
2008-08-09,17,She Never Cried In Front Of Me,Toby Keith,23,5,Gains In Performance
2008-08-09,18,That Song In My Head,Julianne Hough,18,22,Gains In Performance
2008-08-09,19,Bob That Head,Rascal Flatts,21,6,Gains In Performance
2008-08-09,20,Come On Over,Jessica Simpson,20,9,Gains In Performance
2008-08-09,21,All Summer Long,Kid Rock,25,11,Greatest gainer this week|Gains In Performance
2008-08-09,22,Country Man,Luke Bryan,22,21,Gains In Performance
2008-08-09,23,Last Name,Carrie Underwood,19,20,
2008-08-09,24,Johnny & June,Heidi Newfield,24,17,Gains In Performance
2008-08-09,25,Just A Dream,Carrie Underwood,31,3,Gains In Performance
2008-08-09,26,All I Ever Wanted,Chuck Wicks,26,15,Gains In Performance
2008-08-09,27,You Can Let Go,Crystal Shawanda,28,19,Gains In Performance
2008-08-09,28,Relentless,Jason Aldean,27,14,Gains In Performance
2008-08-09,29,Love Remembers,Craig Morgan,29,12,Gains In Performance
2008-08-09,30,I'll Walk,Bucky Covington,33,14,Gains In Performance
2008-08-09,31,Don't You Know You're Beautiful,Kellie Pickler,32,10,Gains In Performance
2008-08-09,32,Life In A Northern Town,Sugarland Featuring Little Big Town & Jake Owen,30,19,
2008-08-09,33,Lookin' For A Good Time,Lady Antebellum,35,8,Gains In Performance
2008-08-09,34,In Color,Jamey Johnson,34,17,Gains In Performance
2008-08-09,35,Sounds So Good,Ashton Shepherd,39,11,Gains In Performance
2008-08-09,36,When It Rains,Eli Young Band,37,36,Gains In Performance
2008-08-09,37,Crazy Days,Adam Gregory,40,13,Gains In Performance
2008-08-09,38,Anything Goes,Randy Houser,41,8,Gains In Performance
2008-08-09,39,Let Me,Pat Green,38,7,
2008-08-09,40,Chicken Fried,Zac Brown Band,42,6,Gains In Performance
2008-08-09,41,Voices,Chris Young,43,10,Gains In Performance
2008-08-09,42,I Do,Jewel,44,5,Gains In Performance
2008-08-09,43,For You,James Otto,45,7,Gains In Performance
2008-08-09,44,Fine Line,Little Big Town,51,3,Gains In Performance
2008-08-09,45,Don't Do Me No Good,Gretchen Wilson,53,3,Gains In Performance
2008-08-09,46,Let It Go,Tim McGraw,59,2,Gains In Performance
2008-08-09,47,Last Call,Lee Ann Womack,48,3,Gains In Performance
2008-08-09,48,Don't,Billy Currington,55,2,Gains In Performance
2008-08-09,49,No Air,Rissi Palmer,50,12,Gains In Performance
2008-08-09,50,I Would,Phil Vassar,52,2,Gains In Performance
2008-08-09,51,Best Mistake I Ever Made,Kevin Fowler,54,15,Gains In Performance
2008-08-09,52,Upper Middle Class White Trash,Lee Brice,49,6,
2008-08-09,53,His Kind Of Money (My Kind Of Love),Eric Church,47,15,
2008-08-09,54,I Love This Song,Marcel,56,6,Gains In Performance
2008-08-09,55,Invisibly Shaken,Rodney Atkins,46,16,
2008-08-09,56,Roll With Me,Montgomery Gentry,NEW,1,Highest ranking debut|Gains In Performance
2008-08-09,57,Girl On The Billboard,The Road Hammers,58,4,Gains In Performance
2008-08-09,58,Got A Little Crazy,Kenny Chesney,57,2,
2008-08-09,59,Like I Never Broke Her Heart,Randy Owen,NEW,1,Gains In Performance
2008-08-09,60,Different Breed,Carter's Chord,NEW,1,Gains In Performance
2008-08-16,1,All I Want To Do,Sugarland,2,11,Gains In Performance
2008-08-16,2,You Look Good In My Shirt,Keith Urban,3,11,Gains In Performance
2008-08-16,3,Good Time,Alan Jackson,1,17,
2008-08-16,4,Put A Girl In It,Brooks & Dunn,5,15,Gains In Performance
2008-08-16,5,Should've Said No,Taylor Swift,4,12,Gains In Performance
2008-08-16,6,I Still Miss You,Keith Anderson,6,27,Gains In Performance
2008-08-16,7,Gunpowder And Lead,Miranda Lambert,8,31,Gains In Performance
2008-08-16,8,Do You Believe Me Now,Jimmy Wayne,9,19,Gains In Performance
2008-08-16,9,Home,Blake Shelton,7,28,
2008-08-16,10,Waitin' On A Woman,Brad Paisley,11,8,Gains In Performance
2008-08-16,11,Troubadour,George Strait,12,10,Gains In Performance
2008-08-16,12,Holler Back,The Lost Trailers,13,24,Gains In Performance
2008-08-16,13,Learning How To Bend,Gary Allan,14,20,Gains In Performance
2008-08-16,14,Don't Think I Don't Think About It,Darius Rucker,15,16,Gains In Performance
2008-08-16,15,She Never Cried In Front Of Me,Toby Keith,17,6,Gains In Performance
2008-08-16,16,All Summer Long,Kid Rock,21,12,Gains In Performance
2008-08-16,17,Bob That Head,Rascal Flatts,19,7,Gains In Performance
2008-08-16,18,Come On Over,Jessica Simpson,20,10,
2008-08-16,19,Better As A Memory,Kenny Chesney,16,20,
2008-08-16,20,Country Man,Luke Bryan,22,22,Gains In Performance
2008-08-16,21,Just A Dream,Carrie Underwood,25,4,Gains In Performance
2008-08-16,22,Everybody Wants To Go To Heaven,Kenny Chesney With The Wailers,NEW,1,
2008-08-16,23,Johnny & June,Heidi Newfield,24,18,Gains In Performance
2008-08-16,24,All I Ever Wanted,Chuck Wicks,26,16,Gains In Performance
2008-08-16,25,You Can Let Go,Crystal Shawanda,27,20,Gains In Performance
2008-08-16,26,Relentless,Jason Aldean,28,15,Gains In Performance
2008-08-16,27,Love Remembers,Craig Morgan,29,13,Gains In Performance
2008-08-16,28,I'll Walk,Bucky Covington,30,15,Gains In Performance
2008-08-16,29,Lookin' For A Good Time,Lady Antebellum,33,9,Gains In Performance
2008-08-16,30,In Color,Jamey Johnson,34,18,Gains In Performance
2008-08-16,31,Don't You Know You're Beautiful,Kellie Pickler,31,11,Gains In Performance
2008-08-16,32,Sounds So Good,Ashton Shepherd,35,12,Gains In Performance
2008-08-16,33,Life In A Northern Town,Sugarland Featuring Little Big Town & Jake Owen,32,20,
2008-08-16,34,When It Rains,Eli Young Band,36,37,
2008-08-16,35,Crazy Days,Adam Gregory,37,14,Gains In Performance
2008-08-16,36,Let It Go,Tim McGraw,46,3,Gains In Performance
2008-08-16,37,Chicken Fried,Zac Brown Band,40,7,Gains In Performance
2008-08-16,38,Let Me,Pat Green,39,8,Gains In Performance
2008-08-16,39,Anything Goes,Randy Houser,38,9,
2008-08-16,40,Voices,Chris Young,41,11,Gains In Performance
2008-08-16,41,Don't,Billy Currington,48,3,Gains In Performance
2008-08-16,42,Fine Line,Little Big Town,44,4,Gains In Performance
2008-08-16,43,For You,James Otto,43,8,Gains In Performance
2008-08-16,44,Last Call,Lee Ann Womack,47,4,Gains In Performance
2008-08-16,45,I Do,Jewel,42,6,
2008-08-16,46,I Would,Phil Vassar,50,3,Gains In Performance
2008-08-16,47,Don't Do Me No Good,Gretchen Wilson,45,4,
2008-08-16,48,Roll With Me,Montgomery Gentry,56,2,Gains In Performance
2008-08-16,49,Upper Middle Class White Trash,Lee Brice,52,7,
2008-08-16,50,Best Mistake I Ever Made,Kevin Fowler,51,16,
2008-08-16,51,No Air,Rissi Palmer,49,13,
2008-08-16,52,I Love This Song,Marcel,54,7,
2008-08-16,53,Somebody Said A Prayer,Billy Ray Cyrus,NEW,1,Gains In Performance
2008-08-16,54,Girl On The Billboard,The Road Hammers,57,5,Gains In Performance
2008-08-16,55,Like I Never Broke Her Heart,Randy Owen,59,2,Gains In Performance
2008-08-16,56,My Kind Of Beautiful,One Flew South,RE,2,Gains In Performance
2008-08-16,57,American Radio,Carolina Rain,NEW,1,Gains In Performance
2008-08-16,58,15 Minutes Of Shame,Kristy Lee Cook,NEW,1,Gains In Performance
2008-08-16,59,They Call It Falling For A Reason,Trisha Yearwood,RE,2,Gains In Performance
2008-08-16,60,Different Breed,Carter's Chord,60,2,Gains In Performance
2008-08-23,1,Should've Said No,Taylor Swift,5,13,Gains In Performance
2008-08-23,2,You Look Good In My Shirt,Keith Urban,2,12,Gains In Performance
2008-08-23,3,All I Want To Do,Sugarland,1,12,
2008-08-23,4,I Still Miss You,Keith Anderson,6,28,Gains In Performance
2008-08-23,5,Put A Girl In It,Brooks & Dunn,4,16,
2008-08-23,6,Good Time,Alan Jackson,3,18,
2008-08-23,7,Waitin' On A Woman,Brad Paisley,10,9,Gains In Performance
2008-08-23,8,Do You Believe Me Now,Jimmy Wayne,8,20,Gains In Performance
2008-08-23,9,Troubadour,George Strait,11,11,Gains In Performance
2008-08-23,10,Holler Back,The Lost Trailers,12,25,Gains In Performance
2008-08-23,11,She Never Cried In Front Of Me,Toby Keith,15,7,Gains In Performance
2008-08-23,12,Don't Think I Don't Think About It,Darius Rucker,14,17,Gains In Performance
2008-08-23,13,All Summer Long,Kid Rock,16,13,Gains In Performance
2008-08-23,14,Learning How To Bend,Gary Allan,13,21,
2008-08-23,15,Everybody Wants To Go To Heaven,Kenny Chesney With The Wailers,22,2,Gains In Performance
2008-08-23,16,Bob That Head,Rascal Flatts,17,8,Gains In Performance
2008-08-23,17,Just A Dream,Carrie Underwood,21,5,Gains In Performance
2008-08-23,18,Country Man,Luke Bryan,20,23,Gains In Performance
2008-08-23,19,Come On Over,Jessica Simpson,18,11,
2008-08-23,20,Johnny & June,Heidi Newfield,23,19,Gains In Performance
2008-08-23,21,All I Ever Wanted,Chuck Wicks,24,17,Gains In Performance
2008-08-23,22,You Can Let Go,Crystal Shawanda,25,21,Gains In Performance
2008-08-23,23,I'll Walk,Bucky Covington,28,16,Gains In Performance
2008-08-23,24,Relentless,Jason Aldean,26,16,Gains In Performance
2008-08-23,25,Love Remembers,Craig Morgan,27,14,Gains In Performance
2008-08-23,26,Don't You Know You're Beautiful,Kellie Pickler,31,12,Gains In Performance
2008-08-23,27,In Color,Jamey Johnson,30,19,Gains In Performance
2008-08-23,28,Lookin' For A Good Time,Lady Antebellum,29,10,Gains In Performance
2008-08-23,29,Sounds So Good,Ashton Shepherd,32,13,Gains In Performance
2008-08-23,30,Let It Go,Tim McGraw,36,4,Gains In Performance
2008-08-23,31,Let Me,Pat Green,38,9,Gains In Performance
2008-08-23,32,Chicken Fried,Zac Brown Band,37,8,Gains In Performance
2008-08-23,33,Anything Goes,Randy Houser,39,10,Gains In Performance
2008-08-23,34,When It Rains,Eli Young Band,34,38,Gains In Performance
2008-08-23,35,Crazy Days,Adam Gregory,35,15,Gains In Performance
2008-08-23,36,Don't,Billy Currington,41,4,Gains In Performance
2008-08-23,37,Voices,Chris Young,40,12,
2008-08-23,38,Roll With Me,Montgomery Gentry,48,3,Gains In Performance
2008-08-23,39,Fine Line,Little Big Town,42,5,Gains In Performance
2008-08-23,40,For You,James Otto,43,9,Gains In Performance
2008-08-23,41,I Do,Jewel,45,7,Gains In Performance
2008-08-23,42,I Would,Phil Vassar,46,4,Gains In Performance
2008-08-23,43,Don't Do Me No Good,Gretchen Wilson,47,5,Gains In Performance
2008-08-23,44,Last Call,Lee Ann Womack,44,5,
2008-08-23,45,Muddy Water,Trace Adkins,NEW,1,Highest ranking debut|Gains In Performance
2008-08-23,46,Somebody Said A Prayer,Billy Ray Cyrus,53,2,Gains In Performance
2008-08-23,47,Upper Middle Class White Trash,Lee Brice,49,8,Gains In Performance
2008-08-23,48,Best Mistake I Ever Made,Kevin Fowler,50,17,Gains In Performance
2008-08-23,49,What If It All Goes Right,Melissa Lawson,NEW,1,Gains In Performance
2008-08-23,50,No Air,Rissi Palmer,51,14,
2008-08-23,51,Like I Never Broke Her Heart,Randy Owen,55,3,Gains In Performance
2008-08-23,52,She Wouldn't Be Gone,Blake Shelton,NEW,1,Gains In Performance
2008-08-23,53,I Love This Song,Marcel,52,8,
2008-08-23,54,They Call It Falling For A Reason,Trisha Yearwood,59,3,Gains In Performance
2008-08-23,55,Back That Thing up,Justin Moore,NEW,1,Gains In Performance
2008-08-23,56,Different Breed,Carter's Chord,60,3,Gains In Performance
2008-08-23,57,My Kind Of Beautiful,One Flew South,56,3,Gains In Performance
2008-08-23,58,American Radio,Carolina Rain,57,2,
2008-08-23,59,Girl On The Billboard,The Road Hammers,54,6,
2008-08-23,60,15 Minutes Of Shame,Kristy Lee Cook,58,2,
2008-08-30,1,Should've Said No,Taylor Swift,1,14,Gains In Performance
2008-08-30,2,You Look Good In My Shirt,Keith Urban,2,13,Gains In Performance
2008-08-30,3,I Still Miss You,Keith Anderson,4,29,Gains In Performance
2008-08-30,4,Do You Believe Me Now,Jimmy Wayne,8,21,Gains In Performance
2008-08-30,5,Waitin' On A Woman,Brad Paisley,7,10,Gains In Performance
2008-08-30,6,Put A Girl In It,Brooks & Dunn,5,17,
2008-08-30,7,All I Want To Do,Sugarland,3,13,
2008-08-30,8,Good Time,Alan Jackson,6,19,
2008-08-30,9,Troubadour,George Strait,9,12,Gains In Performance
2008-08-30,10,Don't Think I Don't Think About It,Darius Rucker,12,18,Gains In Performance
2008-08-30,11,She Never Cried In Front Of Me,Toby Keith,11,8,Gains In Performance
2008-08-30,12,Holler Back,The Lost Trailers,10,26,Gains In Performance
2008-08-30,13,Everybody Wants To Go To Heaven,Kenny Chesney With The Wailers,15,3,Greatest gainer this week|Gains In Performance
2008-08-30,14,All Summer Long,Kid Rock,13,14,Gains In Performance
2008-08-30,15,Just A Dream,Carrie Underwood,17,6,Gains In Performance
2008-08-30,16,Bob That Head,Rascal Flatts,16,9,Gains In Performance
2008-08-30,17,Country Man,Luke Bryan,18,24,Gains In Performance
2008-08-30,18,Johnny & June,Heidi Newfield,20,20,Gains In Performance
2008-08-30,19,Come On Over,Jessica Simpson,19,12,
2008-08-30,20,All I Ever Wanted,Chuck Wicks,21,18,Gains In Performance
2008-08-30,21,You Can Let Go,Crystal Shawanda,22,22,Gains In Performance
2008-08-30,22,Relentless,Jason Aldean,24,17,Gains In Performance
2008-08-30,23,I'll Walk,Bucky Covington,23,17,Gains In Performance
2008-08-30,24,Love Remembers,Craig Morgan,25,15,Gains In Performance
2008-08-30,25,In Color,Jamey Johnson,27,20,Gains In Performance
2008-08-30,26,Let It Go,Tim McGraw,30,5,Gains In Performance
2008-08-30,27,Lookin' For A Good Time,Lady Antebellum,28,11,Gains In Performance
2008-08-30,28,Don't You Know You're Beautiful,Kellie Pickler,26,13,Gains In Performance
2008-08-30,29,Sounds So Good,Ashton Shepherd,29,14,Gains In Performance
2008-08-30,30,Chicken Fried,Zac Brown Band,32,9,Gains In Performance
2008-08-30,31,Let Me,Pat Green,31,10,Gains In Performance
2008-08-30,32,Anything Goes,Randy Houser,33,11,Gains In Performance
2008-08-30,33,Crazy Days,Adam Gregory,35,16,Gains In Performance
2008-08-30,34,Roll With Me,Montgomery Gentry,38,4,Gains In Performance
2008-08-30,35,Don't,Billy Currington,36,5,Gains In Performance
2008-08-30,36,Muddy Water,Trace Adkins,45,2,Gains In Performance
2008-08-30,37,Voices,Chris Young,37,13,Gains In Performance
2008-08-30,38,Fine Line,Little Big Town,39,6,Gains In Performance
2008-08-30,39,I Do,Jewel,41,8,Gains In Performance
2008-08-30,40,I Would,Phil Vassar,42,5,Gains In Performance
2008-08-30,41,For You,James Otto,40,10,
2008-08-30,42,Somebody Said A Prayer,Billy Ray Cyrus,46,3,Gains In Performance
2008-08-30,43,Last Call,Lee Ann Womack,44,6,Gains In Performance
2008-08-30,44,Upper Middle Class White Trash,Lee Brice,47,9,Gains In Performance
2008-08-30,45,Don't Do Me No Good,Gretchen Wilson,43,6,
2008-08-30,46,15 Minutes Of Shame,Kristy Lee Cook,60,3,Gains In Performance
2008-08-30,47,Best Mistake I Ever Made,Kevin Fowler,48,18,
2008-08-30,48,She Wouldn't Be Gone,Blake Shelton,52,2,Gains In Performance
2008-08-30,49,Like I Never Broke Her Heart,Randy Owen,51,4,Gains In Performance
2008-08-30,50,Back That Thing up,Justin Moore,55,2,Gains In Performance
2008-08-30,51,Sweet & Wild,Dierks Bentley,NEW,1,Highest ranking debut|Gains In Performance
2008-08-30,52,Different Breed,Carter's Chord,56,4,Gains In Performance
2008-08-30,53,American Radio,Carolina Rain,58,3,Gains In Performance
2008-08-30,54,My Kind Of Beautiful,One Flew South,57,4,Gains In Performance
2008-08-30,55,They Call It Falling For A Reason,Trisha Yearwood,54,4,
2008-08-30,56,Girl On The Billboard,The Road Hammers,59,7,
2008-08-30,57,Change,Taylor Swift,NEW,1,Gains In Performance
2008-08-30,58,No Air,Rissi Palmer,50,15,
2008-08-30,59,Got A Little Crazy,Kenny Chesney,RE,3,
2008-08-30,60,Don't Think I Can't Love You,Jake Owen,NEW,1,Gains In Performance
2008-09-06,1,You Look Good In My Shirt,Keith Urban,2,14,Gains In Performance
2008-09-06,2,I Still Miss You,Keith Anderson,3,30,Gains In Performance
2008-09-06,3,Waitin' On A Woman,Brad Paisley,5,11,Gains In Performance
2008-09-06,4,Do You Believe Me Now,Jimmy Wayne,4,22,Gains In Performance
2008-09-06,5,Should've Said No,Taylor Swift,1,15,
2008-09-06,6,Everybody Wants To Go To Heaven,Kenny Chesney With The Wailers,13,4,Greatest gainer this week|Gains In Performance
2008-09-06,7,Don't Think I Don't Think About It,Darius Rucker,10,19,Gains In Performance
2008-09-06,8,Troubadour,George Strait,9,13,Gains In Performance
2008-09-06,9,She Never Cried In Front Of Me,Toby Keith,11,9,Gains In Performance
2008-09-06,10,All Summer Long,Kid Rock,14,15,Gains In Performance
2008-09-06,11,Holler Back,The Lost Trailers,12,27,Gains In Performance
2008-09-06,12,Good Time,Alan Jackson,8,20,
2008-09-06,13,All I Want To Do,Sugarland,7,14,
2008-09-06,14,Just A Dream,Carrie Underwood,15,7,Gains In Performance
2008-09-06,15,Put A Girl In It,Brooks & Dunn,6,18,
2008-09-06,16,Johnny & June,Heidi Newfield,18,21,Gains In Performance
2008-09-06,17,Bob That Head,Rascal Flatts,16,10,Gains In Performance
2008-09-06,18,Country Man,Luke Bryan,17,25,Gains In Performance
2008-09-06,19,All I Ever Wanted,Chuck Wicks,20,19,Gains In Performance
2008-09-06,20,Relentless,Jason Aldean,22,18,Gains In Performance
2008-09-06,21,I'll Walk,Bucky Covington,23,18,Gains In Performance
2008-09-06,22,You Can Let Go,Crystal Shawanda,21,23,Gains In Performance
2008-09-06,23,Let It Go,Tim McGraw,26,6,Gains In Performance
2008-09-06,24,Come On Over,Jessica Simpson,19,13,
2008-09-06,25,In Color,Jamey Johnson,25,21,Gains In Performance
2008-09-06,26,Love Remembers,Craig Morgan,24,16,Gains In Performance
2008-09-06,27,Lookin' For A Good Time,Lady Antebellum,27,12,Gains In Performance
2008-09-06,28,Don't You Know You're Beautiful,Kellie Pickler,28,14,Gains In Performance
2008-09-06,29,Roll With Me,Montgomery Gentry,34,5,Gains In Performance
2008-09-06,30,Chicken Fried,Zac Brown Band,30,10,Gains In Performance
2008-09-06,31,Sounds So Good,Ashton Shepherd,29,15,Gains In Performance
2008-09-06,32,Let Me,Pat Green,31,11,Gains In Performance
2008-09-06,33,Anything Goes,Randy Houser,32,12,Gains In Performance
2008-09-06,34,Don't,Billy Currington,35,6,Gains In Performance
2008-09-06,35,Crazy Days,Adam Gregory,33,17,Gains In Performance
2008-09-06,36,Muddy Water,Trace Adkins,36,3,Gains In Performance
2008-09-06,37,Fine Line,Little Big Town,38,7,Gains In Performance
2008-09-06,38,I Do,Jewel,39,9,Gains In Performance
2008-09-06,39,I Would,Phil Vassar,40,6,Gains In Performance
2008-09-06,40,She Wouldn't Be Gone,Blake Shelton,48,3,Gains In Performance
2008-09-06,41,Voices,Chris Young,37,14,
2008-09-06,42,For You,James Otto,41,11,Gains In Performance
2008-09-06,43,Somebody Said A Prayer,Billy Ray Cyrus,42,4,Gains In Performance
2008-09-06,44,Last Call,Lee Ann Womack,43,7,
2008-09-06,45,Don't Do Me No Good,Gretchen Wilson,45,7,Gains In Performance
2008-09-06,46,15 Minutes Of Shame,Kristy Lee Cook,46,4,Gains In Performance
2008-09-06,47,Upper Middle Class White Trash,Lee Brice,44,10,Gains In Performance
2008-09-06,48,Best Mistake I Ever Made,Kevin Fowler,47,19,Gains In Performance
2008-09-06,49,Like I Never Broke Her Heart,Randy Owen,49,5,Gains In Performance
2008-09-06,50,Don't Think I Can't Love You,Jake Owen,60,2,Gains In Performance
2008-09-06,51,Back That Thing up,Justin Moore,50,3,Gains In Performance
2008-09-06,52,Everything Is Fine,Josh Turner,NEW,1,Highest ranking debut|Gains In Performance
2008-09-06,53,American Radio,Carolina Rain,53,4,Gains In Performance
2008-09-06,54,More Like Her,Miranda Lambert,NEW,1,Gains In Performance
2008-09-06,55,My Kind Of Beautiful,One Flew South,54,5,Gains In Performance
2008-09-06,56,Sweet & Wild,Dierks Bentley,51,2,
2008-09-06,57,Different Breed,Carter's Chord,52,5,
2008-09-06,58,They Call It Falling For A Reason,Trisha Yearwood,55,5,
2008-09-06,59,Girl On The Billboard,The Road Hammers,56,8,
2008-09-06,60,Change,Taylor Swift,57,2,Gains In Performance
2008-09-13,1,Do You Believe Me Now,Jimmy Wayne,4,23,Greatest gainer this week|Gains In Performance
2008-09-13,2,Waitin' On A Woman,Brad Paisley,3,12,Gains In Performance
2008-09-13,3,You Look Good In My Shirt,Keith Urban,1,15,
2008-09-13,4,I Still Miss You,Keith Anderson,2,31,
2008-09-13,5,Don't Think I Don't Think About It,Darius Rucker,7,20,Gains In Performance
2008-09-13,6,Everybody Wants To Go To Heaven,Kenny Chesney With The Wailers,6,5,Gains In Performance
2008-09-13,7,All Summer Long,Kid Rock,10,16,Gains In Performance
2008-09-13,8,Troubadour,George Strait,8,14,Gains In Performance
2008-09-13,9,She Never Cried In Front Of Me,Toby Keith,9,10,Gains In Performance
2008-09-13,10,Holler Back,The Lost Trailers,11,28,Gains In Performance
2008-09-13,11,Should've Said No,Taylor Swift,5,16,
2008-09-13,12,Just A Dream,Carrie Underwood,14,8,Gains In Performance
2008-09-13,13,All I Want To Do,Sugarland,13,15,
2008-09-13,14,Johnny & June,Heidi Newfield,16,22,Gains In Performance
2008-09-13,15,Bob That Head,Rascal Flatts,17,11,Gains In Performance
2008-09-13,16,Country Man,Luke Bryan,18,26,Gains In Performance
2008-09-13,17,Put A Girl In It,Brooks & Dunn,15,19,
2008-09-13,18,All I Ever Wanted,Chuck Wicks,19,20,Gains In Performance
2008-09-13,19,Relentless,Jason Aldean,20,19,Gains In Performance
2008-09-13,20,Let It Go,Tim McGraw,23,7,Gains In Performance
2008-09-13,21,I'll Walk,Bucky Covington,21,19,Gains In Performance
2008-09-13,22,Love Remembers,Craig Morgan,26,17,Gains In Performance
2008-09-13,23,In Color,Jamey Johnson,25,22,Gains In Performance
2008-09-13,24,Lookin' For A Good Time,Lady Antebellum,27,13,Gains In Performance
2008-09-13,25,You Can Let Go,Crystal Shawanda,22,24,Gains In Performance
2008-09-13,26,Roll With Me,Montgomery Gentry,29,6,Gains In Performance
2008-09-13,27,Chicken Fried,Zac Brown Band,30,11,Gains In Performance
2008-09-13,28,Don't You Know You're Beautiful,Kellie Pickler,28,15,Gains In Performance
2008-09-13,29,Sounds So Good,Ashton Shepherd,31,16,Gains In Performance
2008-09-13,30,Come On Over,Jessica Simpson,24,14,
2008-09-13,31,Let Me,Pat Green,32,12,Gains In Performance
2008-09-13,32,Anything Goes,Randy Houser,33,13,Gains In Performance
2008-09-13,33,Don't,Billy Currington,34,7,Gains In Performance
2008-09-13,34,Muddy Water,Trace Adkins,36,4,Gains In Performance
2008-09-13,35,Crazy Days,Adam Gregory,35,18,Gains In Performance
2008-09-13,36,Fine Line,Little Big Town,37,8,Gains In Performance
2008-09-13,37,She Wouldn't Be Gone,Blake Shelton,40,4,Gains In Performance
2008-09-13,38,I Do,Jewel,38,10,Gains In Performance
2008-09-13,39,I Would,Phil Vassar,39,7,Gains In Performance
2008-09-13,40,Somebody Said A Prayer,Billy Ray Cyrus,43,5,Gains In Performance
2008-09-13,41,For You,James Otto,42,12,Gains In Performance
2008-09-13,42,15 Minutes Of Shame,Kristy Lee Cook,46,5,Gains In Performance
2008-09-13,43,Last Call,Lee Ann Womack,44,8,Gains In Performance
2008-09-13,44,Upper Middle Class White Trash,Lee Brice,47,11,Gains In Performance
2008-09-13,45,Don't Think I Can't Love You,Jake Owen,50,3,Gains In Performance
2008-09-13,46,Voices,Chris Young,41,15,
2008-09-13,47,Already Gone,Sugarland,NEW,1,Highest ranking debut|Gains In Performance
2008-09-13,48,Best Mistake I Ever Made,Kevin Fowler,48,20,Gains In Performance
2008-09-13,49,Don't Do Me No Good,Gretchen Wilson,45,8,
2008-09-13,50,Back That Thing up,Justin Moore,51,4,Gains In Performance
2008-09-13,51,More Like Her,Miranda Lambert,54,2,Gains In Performance
2008-09-13,52,Everything Is Fine,Josh Turner,52,2,Gains In Performance
2008-09-13,53,Like I Never Broke Her Heart,Randy Owen,49,6,
2008-09-13,54,American Radio,Carolina Rain,53,5,Gains In Performance
2008-09-13,55,My Kind Of Beautiful,One Flew South,55,6,
2008-09-13,56,Different Breed,Carter's Chord,57,6,Gains In Performance
2008-09-13,57,Unbelievable (Ann Marie),Josh Gracin,NEW,1,Gains In Performance
2008-09-13,58,They Call It Falling For A Reason,Trisha Yearwood,58,6,
2008-09-13,59,Sweet & Wild,Dierks Bentley,56,3,
2008-09-13,60,Girl On The Billboard,The Road Hammers,59,9,
2008-09-20,1,Waitin' On A Woman,Brad Paisley,2,13,Gains In Performance
2008-09-20,2,Do You Believe Me Now,Jimmy Wayne,1,24,Gains In Performance
2008-09-20,3,Don't Think I Don't Think About It,Darius Rucker,5,21,Gains In Performance
2008-09-20,4,You Look Good In My Shirt,Keith Urban,3,16,
2008-09-20,5,Everybody Wants To Go To Heaven,Kenny Chesney With The Wailers,6,6,Gains In Performance
2008-09-20,6,All Summer Long,Kid Rock,7,17,Gains In Performance
2008-09-20,7,I Still Miss You,Keith Anderson,4,32,
2008-09-20,8,She Never Cried In Front Of Me,Toby Keith,9,11,Gains In Performance
2008-09-20,9,Troubadour,George Strait,8,15,Gains In Performance
2008-09-20,10,Holler Back,The Lost Trailers,10,29,Gains In Performance
2008-09-20,11,Just A Dream,Carrie Underwood,12,9,Gains In Performance
2008-09-20,12,Should've Said No,Taylor Swift,11,17,
2008-09-20,13,Johnny & June,Heidi Newfield,14,23,Gains In Performance
2008-09-20,14,Country Man,Luke Bryan,16,27,Gains In Performance
2008-09-20,15,Let It Go,Tim McGraw,20,8,Gains In Performance
2008-09-20,16,All I Want To Do,Sugarland,13,16,
2008-09-20,17,Relentless,Jason Aldean,19,20,Gains In Performance
2008-09-20,18,All I Ever Wanted,Chuck Wicks,18,21,Gains In Performance
2008-09-20,19,Roll With Me,Montgomery Gentry,26,7,Greatest gainer this week|Gains In Performance
2008-09-20,20,I'll Walk,Bucky Covington,21,20,Gains In Performance
2008-09-20,21,You Can Let Go,Crystal Shawanda,25,25,Gains In Performance
2008-09-20,22,Love Remembers,Craig Morgan,22,18,Gains In Performance
2008-09-20,23,In Color,Jamey Johnson,23,23,Gains In Performance
2008-09-20,24,Lookin' For A Good Time,Lady Antebellum,24,14,Gains In Performance
2008-09-20,25,Bob That Head,Rascal Flatts,15,12,
2008-09-20,26,Put A Girl In It,Brooks & Dunn,17,20,
2008-09-20,27,Sounds So Good,Ashton Shepherd,29,17,Gains In Performance
2008-09-20,28,Chicken Fried,Zac Brown Band,27,12,Gains In Performance
2008-09-20,29,Don't You Know You're Beautiful,Kellie Pickler,28,16,Gains In Performance
2008-09-20,30,Let Me,Pat Green,31,13,Gains In Performance
2008-09-20,31,Anything Goes,Randy Houser,32,14,Gains In Performance
2008-09-20,32,Muddy Water,Trace Adkins,34,5,Gains In Performance
2008-09-20,33,Don't,Billy Currington,33,8,Gains In Performance
2008-09-20,34,Crazy Days,Adam Gregory,35,19,Gains In Performance
2008-09-20,35,She Wouldn't Be Gone,Blake Shelton,37,5,Gains In Performance
2008-09-20,36,Come On Over,Jessica Simpson,30,15,
2008-09-20,37,I Would,Phil Vassar,39,8,Gains In Performance
2008-09-20,38,Fine Line,Little Big Town,36,9,Gains In Performance
2008-09-20,39,For You,James Otto,41,13,Gains In Performance
2008-09-20,40,I Do,Jewel,38,11,Gains In Performance
2008-09-20,41,Already Gone,Sugarland,47,2,Gains In Performance
2008-09-20,42,Somebody Said A Prayer,Billy Ray Cyrus,40,6,Gains In Performance
2008-09-20,43,Don't Think I Can't Love You,Jake Owen,45,4,Gains In Performance
2008-09-20,44,Last Call,Lee Ann Womack,43,9,Gains In Performance
2008-09-20,45,15 Minutes Of Shame,Kristy Lee Cook,42,6,Gains In Performance
2008-09-20,46,Upper Middle Class White Trash,Lee Brice,44,12,Gains In Performance
2008-09-20,47,Don't Do Me No Good,Gretchen Wilson,49,9,Gains In Performance
2008-09-20,48,Everything Is Fine,Josh Turner,52,3,Gains In Performance
2008-09-20,49,Here,Rascal Flatts,NEW,1,Highest ranking debut|Gains In Performance
2008-09-20,50,Like I Never Broke Her Heart,Randy Owen,53,7,Gains In Performance
2008-09-20,51,Back That Thing up,Justin Moore,50,5,Gains In Performance
2008-09-20,52,Voices,Chris Young,46,16,
2008-09-20,53,More Like Her,Miranda Lambert,51,3,Gains In Performance
2008-09-20,54,American Radio,Carolina Rain,54,6,Gains In Performance
2008-09-20,55,Unbelievable (Ann Marie),Josh Gracin,57,2,Gains In Performance
2008-09-20,56,My Kind Of Beautiful,One Flew South,55,7,Gains In Performance
2008-09-20,57,Different Breed,Carter's Chord,56,7,Gains In Performance
2008-09-20,58,They Call It Falling For A Reason,Trisha Yearwood,58,7,Gains In Performance
2008-09-20,59,Sweet & Wild,Dierks Bentley,59,4,Gains In Performance
2008-09-20,60,Always The Love Songs,Eli Young Band,NEW,1,Gains In Performance
2008-09-27,1,Do You Believe Me Now,Jimmy Wayne,2,25,
2008-09-27,2,Waitin' On A Woman,Brad Paisley,1,14,
2008-09-27,3,Don't Think I Don't Think About It,Darius Rucker,3,22,Gains In Performance
2008-09-27,4,Everybody Wants To Go To Heaven,Kenny Chesney With The Wailers,5,7,Gains In Performance
2008-09-27,5,All Summer Long,Kid Rock,6,18,Gains In Performance
2008-09-27,6,She Never Cried In Front Of Me,Toby Keith,8,12,Gains In Performance
2008-09-27,7,Troubadour,George Strait,9,16,
2008-09-27,8,Just A Dream,Carrie Underwood,11,10,Gains In Performance
2008-09-27,9,You Look Good In My Shirt,Keith Urban,4,17,
2008-09-27,10,Holler Back,The Lost Trailers,10,30,
2008-09-27,11,Johnny & June,Heidi Newfield,13,24,
2008-09-27,12,Country Man,Luke Bryan,14,28,Gains In Performance
2008-09-27,13,Let It Go,Tim McGraw,15,9,Gains In Performance
2008-09-27,14,All I Ever Wanted,Chuck Wicks,18,22,Gains In Performance
2008-09-27,15,Relentless,Jason Aldean,17,21,Gains In Performance
2008-09-27,16,Should've Said No,Taylor Swift,12,18,
2008-09-27,17,Roll With Me,Montgomery Gentry,19,8,Gains In Performance
2008-09-27,18,I'll Walk,Bucky Covington,20,21,Gains In Performance
2008-09-27,19,Lookin' For A Good Time,Lady Antebellum,24,15,Gains In Performance
2008-09-27,20,Love Remembers,Craig Morgan,22,19,Gains In Performance
2008-09-27,21,In Color,Jamey Johnson,23,24,Gains In Performance
2008-09-27,22,All I Want To Do,Sugarland,16,17,
2008-09-27,23,You Can Let Go,Crystal Shawanda,21,26,Gains In Performance
2008-09-27,24,Chicken Fried,Zac Brown Band,28,13,Gains In Performance
2008-09-27,25,Love Story,Taylor Swift,NEW,1,Highest ranking debut|Gains In Performance
2008-09-27,26,Don't You Know You're Beautiful,Kellie Pickler,29,17,Gains In Performance
2008-09-27,27,Sounds So Good,Ashton Shepherd,27,18,
2008-09-27,28,Already Gone,Sugarland,41,3,Gains In Performance
2008-09-27,29,Anything Goes,Randy Houser,31,15,Gains In Performance
2008-09-27,30,Let Me,Pat Green,30,14,Gains In Performance
2008-09-27,31,Start A Band,Brad Paisley Duet With Keith Urban,NEW,1,Gains In Performance
2008-09-27,32,Don't,Billy Currington,33,9,Gains In Performance
2008-09-27,33,Here,Rascal Flatts,49,2,Gains In Performance
2008-09-27,34,She Wouldn't Be Gone,Blake Shelton,35,6,Gains In Performance
2008-09-27,35,Muddy Water,Trace Adkins,32,6,Gains In Performance
2008-09-27,36,Crazy Days,Adam Gregory,34,20,
2008-09-27,37,I Would,Phil Vassar,37,9,
2008-09-27,38,Fine Line,Little Big Town,38,10,Gains In Performance
2008-09-27,39,I Do,Jewel,40,12,Gains In Performance
2008-09-27,40,Bob That Head,Rascal Flatts,25,13,
2008-09-27,41,Somebody Said A Prayer,Billy Ray Cyrus,42,7,Gains In Performance
2008-09-27,42,Come On Over,Jessica Simpson,36,16,
2008-09-27,43,Don't Think I Can't Love You,Jake Owen,43,5,Gains In Performance
2008-09-27,44,For You,James Otto,39,14,
2008-09-27,45,Last Call,Lee Ann Womack,44,10,Gains In Performance
2008-09-27,46,15 Minutes Of Shame,Kristy Lee Cook,45,7,Gains In Performance
2008-09-27,47,Everything Is Fine,Josh Turner,48,4,Gains In Performance
2008-09-27,48,Upper Middle Class White Trash,Lee Brice,46,13,
2008-09-27,49,Don't Do Me No Good,Gretchen Wilson,47,10,
2008-09-27,50,Like I Never Broke Her Heart,Randy Owen,50,8,Gains In Performance
2008-09-27,51,Back That Thing up,Justin Moore,51,6,Gains In Performance
2008-09-27,52,More Like Her,Miranda Lambert,53,4,
2008-09-27,53,Unbelievable (Ann Marie),Josh Gracin,55,3,Gains In Performance
2008-09-27,54,Always The Love Songs,Eli Young Band,60,2,Gains In Performance
2008-09-27,55,American Radio,Carolina Rain,54,7,
2008-09-27,56,Voices,Chris Young,52,17,
2008-09-27,57,Cheater Cheater,Joey + Rory,NEW,1,Gains In Performance
2008-09-27,58,My Kind Of Beautiful,One Flew South,56,8,
2008-09-27,59,When I Said I Would,Whitney Duncan,NEW,1,Gains In Performance
2008-09-27,60,Different Breed,Carter's Chord,57,8,
2008-10-04,1,Don't Think I Don't Think About It,Darius Rucker,3,23,Gains In Performance
2008-10-04,2,Everybody Wants To Go To Heaven,Kenny Chesney With The Wailers,4,8,Gains In Performance
2008-10-04,3,Do You Believe Me Now,Jimmy Wayne,1,26,
2008-10-04,4,All Summer Long,Kid Rock,5,19,Gains In Performance
2008-10-04,5,She Never Cried In Front Of Me,Toby Keith,6,13,Gains In Performance
2008-10-04,6,Waitin' On A Woman,Brad Paisley,2,15,
2008-10-04,7,Just A Dream,Carrie Underwood,8,11,Gains In Performance
2008-10-04,8,Troubadour,George Strait,7,17,Gains In Performance
2008-10-04,9,Holler Back,The Lost Trailers,10,31,
2008-10-04,10,You Look Good In My Shirt,Keith Urban,9,18,
2008-10-04,11,Let It Go,Tim McGraw,13,10,Gains In Performance
2008-10-04,12,Country Man,Luke Bryan,12,29,Gains In Performance
2008-10-04,13,Johnny & June,Heidi Newfield,11,25,Gains In Performance
2008-10-04,14,All I Ever Wanted,Chuck Wicks,14,23,Gains In Performance
2008-10-04,15,Relentless,Jason Aldean,15,22,Gains In Performance
2008-10-04,16,Roll With Me,Montgomery Gentry,17,9,Gains In Performance
2008-10-04,17,I'll Walk,Bucky Covington,18,22,Gains In Performance
2008-10-04,18,Love Story,Taylor Swift,25,2,Greatest gainer this week|Gains In Performance
2008-10-04,19,Love Remembers,Craig Morgan,20,20,Gains In Performance
2008-10-04,20,Lookin' For A Good Time,Lady Antebellum,19,16,Gains In Performance
2008-10-04,21,In Color,Jamey Johnson,21,25,Gains In Performance
2008-10-04,22,Chicken Fried,Zac Brown Band,24,14,Gains In Performance
2008-10-04,23,You Can Let Go,Crystal Shawanda,23,27,Gains In Performance
2008-10-04,24,All I Want To Do,Sugarland,22,18,
2008-10-04,25,Already Gone,Sugarland,28,4,Gains In Performance
2008-10-04,26,Here,Rascal Flatts,33,3,Gains In Performance
2008-10-04,27,Don't You Know You're Beautiful,Kellie Pickler,26,18,Gains In Performance
2008-10-04,28,Should've Said No,Taylor Swift,16,19,
2008-10-04,29,Start A Band,Brad Paisley Duet With Keith Urban,31,2,Gains In Performance
2008-10-04,30,Sounds So Good,Ashton Shepherd,27,19,Gains In Performance
2008-10-04,31,Anything Goes,Randy Houser,29,16,Gains In Performance
2008-10-04,32,Don't,Billy Currington,32,10,Gains In Performance
2008-10-04,33,Muddy Water,Trace Adkins,35,7,Gains In Performance
2008-10-04,34,Let Me,Pat Green,30,15,Gains In Performance
2008-10-04,35,She Wouldn't Be Gone,Blake Shelton,34,7,Gains In Performance
2008-10-04,36,Crazy Days,Adam Gregory,36,21,Gains In Performance
2008-10-04,37,I Would,Phil Vassar,37,10,Gains In Performance
2008-10-04,38,Fine Line,Little Big Town,38,11,Gains In Performance
2008-10-04,39,Don't Think I Can't Love You,Jake Owen,43,6,Gains In Performance
2008-10-04,40,For You,James Otto,44,15,Gains In Performance
2008-10-04,41,Somebody Said A Prayer,Billy Ray Cyrus,41,8,Gains In Performance
2008-10-04,42,Last Call,Lee Ann Womack,45,11,Gains In Performance
2008-10-04,43,15 Minutes Of Shame,Kristy Lee Cook,46,8,Gains In Performance
2008-10-04,44,I Do,Jewel,39,13,
2008-10-04,45,Bob That Head,Rascal Flatts,40,14,
2008-10-04,46,Everything Is Fine,Josh Turner,47,5,Gains In Performance
2008-10-04,47,Come On Over,Jessica Simpson,42,17,
2008-10-04,48,More Like Her,Miranda Lambert,52,5,Gains In Performance
2008-10-04,49,Feel That Fire,Dierks Bentley,NEW,1,Highest ranking debut|Gains In Performance
2008-10-04,50,Upper Middle Class White Trash,Lee Brice,48,14,
2008-10-04,51,Don't Do Me No Good,Gretchen Wilson,49,11,
2008-10-04,52,Back That Thing up,Justin Moore,51,7,Gains In Performance
2008-10-04,53,Like I Never Broke Her Heart,Randy Owen,50,9,Gains In Performance
2008-10-04,54,Unbelievable (Ann Marie),Josh Gracin,53,4,Gains In Performance
2008-10-04,55,Always The Love Songs,Eli Young Band,54,3,Gains In Performance
2008-10-04,56,Tequila On Ice,Darryl Worley,NEW,1,Gains In Performance
2008-10-04,57,Cheater Cheater,Joey + Rory,57,2,Gains In Performance
2008-10-04,58,Voices,Chris Young,56,18,Gains In Performance
2008-10-04,59,When I Said I Would,Whitney Duncan,59,2,Gains In Performance
2008-10-04,60,My Kind Of Beautiful,One Flew South,58,9,Gains In Performance
2008-10-11,1,Don't Think I Don't Think About It,Darius Rucker,1,24,Gains In Performance
2008-10-11,2,Everybody Wants To Go To Heaven,Kenny Chesney With The Wailers,2,9,Gains In Performance
2008-10-11,3,She Never Cried In Front Of Me,Toby Keith,5,14,Gains In Performance
2008-10-11,4,All Summer Long,Kid Rock,4,20,Gains In Performance
2008-10-11,5,Do You Believe Me Now,Jimmy Wayne,3,27,
2008-10-11,6,Just A Dream,Carrie Underwood,7,12,Gains In Performance
2008-10-11,7,Troubadour,George Strait,8,18,Gains In Performance
2008-10-11,8,Waitin' On A Woman,Brad Paisley,6,16,
2008-10-11,9,Let It Go,Tim McGraw,11,11,Gains In Performance
2008-10-11,10,Country Man,Luke Bryan,12,30,Gains In Performance
2008-10-11,11,Love Story,Taylor Swift,18,3,Gains In Performance
2008-10-11,12,Johnny & June,Heidi Newfield,13,26,Gains In Performance
2008-10-11,13,Roll With Me,Montgomery Gentry,16,10,Gains In Performance
2008-10-11,14,All I Ever Wanted,Chuck Wicks,14,24,Gains In Performance
2008-10-11,15,You Look Good In My Shirt,Keith Urban,10,19,
2008-10-11,16,I'll Walk,Bucky Covington,17,23,Gains In Performance
2008-10-11,17,Relentless,Jason Aldean,15,23,
2008-10-11,18,Already Gone,Sugarland,25,5,Greatest gainer this week|Gains In Performance
2008-10-11,19,Love Remembers,Craig Morgan,19,21,Gains In Performance
2008-10-11,20,Chicken Fried,Zac Brown Band,22,15,Gains In Performance
2008-10-11,21,Here,Rascal Flatts,26,4,Gains In Performance
2008-10-11,22,Lookin' For A Good Time,Lady Antebellum,20,17,Gains In Performance
2008-10-11,23,In Color,Jamey Johnson,21,26,Gains In Performance
2008-10-11,24,Start A Band,Brad Paisley Duet With Keith Urban,29,3,Gains In Performance
2008-10-11,25,You Can Let Go,Crystal Shawanda,23,28,Gains In Performance
2008-10-11,26,Don't You Know You're Beautiful,Kellie Pickler,27,19,Gains In Performance
2008-10-11,27,All I Want To Do,Sugarland,24,19,
2008-10-11,28,Sounds So Good,Ashton Shepherd,30,20,Gains In Performance
2008-10-11,29,Should've Said No,Taylor Swift,28,20,
2008-10-11,30,Anything Goes,Randy Houser,31,17,Gains In Performance
2008-10-11,31,Don't,Billy Currington,32,11,Gains In Performance
2008-10-11,32,Muddy Water,Trace Adkins,33,8,Gains In Performance
2008-10-11,33,She Wouldn't Be Gone,Blake Shelton,35,8,Gains In Performance
2008-10-11,34,Let Me,Pat Green,34,16,Gains In Performance
2008-10-11,35,I Would,Phil Vassar,37,11,Gains In Performance
2008-10-11,36,Fine Line,Little Big Town,38,12,Gains In Performance
2008-10-11,37,Don't Think I Can't Love You,Jake Owen,39,7,Gains In Performance
2008-10-11,38,Last Call,Lee Ann Womack,42,12,
2008-10-11,39,Somebody Said A Prayer,Billy Ray Cyrus,41,9,
2008-10-11,40,Feel That Fire,Dierks Bentley,49,2,Gains In Performance
2008-10-11,41,15 Minutes Of Shame,Kristy Lee Cook,43,9,
2008-10-11,42,For You,James Otto,40,16,
2008-10-11,43,Country Boy,Alan Jackson,NEW,1,Highest ranking debut|Gains In Performance
2008-10-11,44,Everything Is Fine,Josh Turner,46,6,Gains In Performance
2008-10-11,45,More Like Her,Miranda Lambert,48,6,Gains In Performance
2008-10-11,46,Back That Thing up,Justin Moore,52,8,Gains In Performance
2008-10-11,47,Like I Never Broke Her Heart,Randy Owen,53,10,Gains In Performance
2008-10-11,48,Unbelievable (Ann Marie),Josh Gracin,54,5,Gains In Performance
2008-10-11,49,Bob That Head,Rascal Flatts,45,15,
2008-10-11,50,Come On Over,Jessica Simpson,47,18,
2008-10-11,51,Always The Love Songs,Eli Young Band,55,4,Gains In Performance
2008-10-11,52,I Do,Jewel,44,14,
2008-10-11,53,Upper Middle Class White Trash,Lee Brice,50,15,
2008-10-11,54,Don't Do Me No Good,Gretchen Wilson,51,12,
2008-10-11,55,Voices,Chris Young,58,19,Gains In Performance
2008-10-11,56,Tequila On Ice,Darryl Worley,56,2,
2008-10-11,57,When I Said I Would,Whitney Duncan,59,3,Gains In Performance
2008-10-11,58,Cheater Cheater,Joey + Rory,57,3,
2008-10-11,59,My Kind Of Beautiful,One Flew South,60,10,
2008-10-11,60,American Radio,Carolina Rain,RE,8,
2008-10-18,1,Everybody Wants To Go To Heaven,Kenny Chesney With The Wailers,2,10,Gains In Performance
2008-10-18,2,Don't Think I Don't Think About It,Darius Rucker,1,25,
2008-10-18,3,She Never Cried In Front Of Me,Toby Keith,3,15,Gains In Performance
2008-10-18,4,Just A Dream,Carrie Underwood,6,13,Gains In Performance
2008-10-18,5,All Summer Long,Kid Rock,4,21,
2008-10-18,6,Waitin' On A Woman,Brad Paisley,8,17,
2008-10-18,7,Do You Believe Me Now,Jimmy Wayne,5,28,
2008-10-18,8,Let It Go,Tim McGraw,9,12,Gains In Performance
2008-10-18,9,Love Story,Taylor Swift,11,4,Greatest gainer this week|Gains In Performance
2008-10-18,10,Troubadour,George Strait,7,19,
2008-10-18,11,Already Gone,Sugarland,18,6,Gains In Performance
2008-10-18,12,Roll With Me,Montgomery Gentry,13,11,Gains In Performance
2008-10-18,13,Country Man,Luke Bryan,10,31,Gains In Performance
2008-10-18,14,All I Ever Wanted,Chuck Wicks,14,25,Gains In Performance
2008-10-18,15,Johnny & June,Heidi Newfield,12,27,
2008-10-18,16,Start A Band,Brad Paisley Duet With Keith Urban,24,4,Gains In Performance
2008-10-18,17,I'll Walk,Bucky Covington,16,24,Gains In Performance
2008-10-18,18,Here,Rascal Flatts,21,5,Gains In Performance
2008-10-18,19,Chicken Fried,Zac Brown Band,20,16,Gains In Performance
2008-10-18,20,Love Remembers,Craig Morgan,19,22,Gains In Performance
2008-10-18,21,In Color,Jamey Johnson,23,27,Gains In Performance
2008-10-18,22,Lookin' For A Good Time,Lady Antebellum,22,18,Gains In Performance
2008-10-18,23,You Look Good In My Shirt,Keith Urban,15,20,
2008-10-18,24,You Can Let Go,Crystal Shawanda,25,29,Gains In Performance
2008-10-18,25,Don't You Know You're Beautiful,Kellie Pickler,26,20,Gains In Performance
2008-10-18,26,Should've Said No,Taylor Swift,29,21,Gains In Performance
2008-10-18,27,Anything Goes,Randy Houser,30,18,Gains In Performance
2008-10-18,28,All I Want To Do,Sugarland,27,20,
2008-10-18,29,Sounds So Good,Ashton Shepherd,28,21,Gains In Performance
2008-10-18,30,Don't,Billy Currington,31,12,Gains In Performance
2008-10-18,31,Muddy Water,Trace Adkins,32,9,Gains In Performance
2008-10-18,32,She Wouldn't Be Gone,Blake Shelton,33,9,Gains In Performance
2008-10-18,33,Let Me,Pat Green,34,17,Gains In Performance
2008-10-18,34,Country Boy,Alan Jackson,43,2,Gains In Performance
2008-10-18,35,Feel That Fire,Dierks Bentley,40,3,Gains In Performance
2008-10-18,36,I Would,Phil Vassar,35,12,Gains In Performance
2008-10-18,37,Fine Line,Little Big Town,36,13,Gains In Performance
2008-10-18,38,Don't Think I Can't Love You,Jake Owen,37,8,Gains In Performance
2008-10-18,39,Somebody Said A Prayer,Billy Ray Cyrus,39,10,Gains In Performance
2008-10-18,40,15 Minutes Of Shame,Kristy Lee Cook,41,10,Gains In Performance
2008-10-18,41,Last Call,Lee Ann Womack,38,13,Gains In Performance
2008-10-18,42,Everything Is Fine,Josh Turner,44,7,Gains In Performance
2008-10-18,43,More Like Her,Miranda Lambert,45,7,Gains In Performance
2008-10-18,44,For You,James Otto,42,17,
2008-10-18,45,Back That Thing up,Justin Moore,46,9,Gains In Performance
2008-10-18,46,Always The Love Songs,Eli Young Band,51,5,Gains In Performance
2008-10-18,47,That's A Man,Jack Ingram,NEW,1,Highest ranking debut|Gains In Performance
2008-10-18,48,Unbelievable (Ann Marie),Josh Gracin,48,6,Gains In Performance
2008-10-18,49,Like I Never Broke Her Heart,Randy Owen,47,11,
2008-10-18,50,Come On Over,Jessica Simpson,50,19,Gains In Performance
2008-10-18,51,Tequila On Ice,Darryl Worley,56,3,Gains In Performance
2008-10-18,52,Cheater Cheater,Joey + Rory,58,4,Gains In Performance
2008-10-18,53,When I Said I Would,Whitney Duncan,57,4,
2008-10-18,54,Voices,Chris Young,55,20,
2008-10-18,55,Remember That,Jessica Simpson,NEW,1,Gains In Performance
2008-10-18,56,My Kind Of Beautiful,One Flew South,59,11,Gains In Performance
2008-10-18,57,Forever,John Michael Montgomery,NEW,1,Gains In Performance
2008-10-18,58,Bob That Head,Rascal Flatts,49,16,
2008-10-18,59,Don't Do Me No Good,Gretchen Wilson,54,13,
2008-10-18,60,Upper Middle Class White Trash,Lee Brice,53,16,
2008-10-25,1,Everybody Wants To Go To Heaven,Kenny Chesney With The Wailers,1,11,Gains In Performance
2008-10-25,2,She Never Cried In Front Of Me,Toby Keith,3,16,Gains In Performance
2008-10-25,3,Just A Dream,Carrie Underwood,4,14,Gains In Performance
2008-10-25,4,Don't Think I Don't Think About It,Darius Rucker,2,26,
2008-10-25,5,All Summer Long,Kid Rock,5,22,
2008-10-25,6,Let It Go,Tim McGraw,8,13,Gains In Performance
2008-10-25,7,Love Story,Taylor Swift,9,5,Gains In Performance
2008-10-25,8,Waitin' On A Woman,Brad Paisley,6,18,
2008-10-25,9,Already Gone,Sugarland,11,7,Gains In Performance
2008-10-25,10,Roll With Me,Montgomery Gentry,12,12,Gains In Performance
2008-10-25,11,Chicken Fried,Zac Brown Band,19,17,Greatest gainer this week|Gains In Performance
2008-10-25,12,Country Man,Luke Bryan,13,32,Gains In Performance
2008-10-25,13,Start A Band,Brad Paisley Duet With Keith Urban,16,5,Gains In Performance
2008-10-25,14,Here,Rascal Flatts,18,6,Gains In Performance
2008-10-25,15,All I Ever Wanted,Chuck Wicks,14,26,Gains In Performance
2008-10-25,16,I'll Walk,Bucky Covington,17,25,Gains In Performance
2008-10-25,17,Troubadour,George Strait,10,20,
2008-10-25,18,Love Remembers,Craig Morgan,20,23,Gains In Performance
2008-10-25,19,In Color,Jamey Johnson,21,28,Gains In Performance
2008-10-25,20,Lookin' For A Good Time,Lady Antebellum,22,19,Gains In Performance
2008-10-25,21,Don't You Know You're Beautiful,Kellie Pickler,25,21,Gains In Performance
2008-10-25,22,Don't,Billy Currington,30,13,Gains In Performance
2008-10-25,23,Anything Goes,Randy Houser,27,19,Gains In Performance
2008-10-25,24,Sounds So Good,Ashton Shepherd,29,22,Gains In Performance
2008-10-25,25,She Wouldn't Be Gone,Blake Shelton,32,10,Gains In Performance
2008-10-25,26,Muddy Water,Trace Adkins,31,10,Gains In Performance
2008-10-25,27,Let Me,Pat Green,33,18,Gains In Performance
2008-10-25,28,Country Boy,Alan Jackson,34,3,Gains In Performance
2008-10-25,29,Feel That Fire,Dierks Bentley,35,4,Gains In Performance
2008-10-25,30,Don't Think I Can't Love You,Jake Owen,38,9,Gains In Performance
2008-10-25,31,I Would,Phil Vassar,36,13,Gains In Performance
2008-10-25,32,Fine Line,Little Big Town,37,14,Gains In Performance
2008-10-25,33,Last Call,Lee Ann Womack,41,14,Gains In Performance
2008-10-25,34,15 Minutes Of Shame,Kristy Lee Cook,40,11,Gains In Performance
2008-10-25,35,Everything Is Fine,Josh Turner,42,8,Gains In Performance
2008-10-25,36,Somebody Said A Prayer,Billy Ray Cyrus,39,11,
2008-10-25,37,More Like Her,Miranda Lambert,43,8,Gains In Performance
2008-10-25,38,That's A Man,Jack Ingram,47,2,Gains In Performance
2008-10-25,39,Always The Love Songs,Eli Young Band,46,6,Gains In Performance
2008-10-25,40,Cowgirls Don't Cry,Brooks & Dunn Featuring Reba McEntire,NEW,1,Highest ranking debut|Gains In Performance
2008-10-25,41,Unbelievable (Ann Marie),Josh Gracin,48,7,Gains In Performance
2008-10-25,42,Back That Thing up,Justin Moore,45,10,
2008-10-25,43,Cheater Cheater,Joey + Rory,52,5,Gains In Performance
2008-10-25,44,Like I Never Broke Her Heart,Randy Owen,49,12,
2008-10-25,45,She's So California,Gary Allan,NEW,1,Gains In Performance
2008-10-25,46,Come On Over,Jessica Simpson,50,20,
2008-10-25,47,Tequila On Ice,Darryl Worley,51,4,
2008-10-25,48,Remember That,Jessica Simpson,55,2,Gains In Performance
2008-10-25,49,When I Said I Would,Whitney Duncan,53,5,Gains In Performance
2008-10-25,50,For You,James Otto,44,18,
2008-10-25,51,My Hallelujah Song,Julianne Hough,NEW,1,Gains In Performance
2008-10-25,52,I Will,Jimmy Wayne,NEW,1,Gains In Performance
2008-10-25,53,Forever,John Michael Montgomery,57,2,Gains In Performance
2008-10-25,54,How 'Bout You Don't,The Lost Trailers,NEW,1,Gains In Performance
2008-10-25,55,My Kind Of Beautiful,One Flew South,56,12,
2008-10-25,56,Ten With A Two,Kenny Chesney,NEW,1,Gains In Performance
2008-10-25,57,Somebody Needs A Hug,Keith Anderson,NEW,1,Gains In Performance
2008-10-25,58,In My Arms Instead,Randy Rogers Band,NEW,1,Gains In Performance
2008-10-25,59,Low,Sara Evans,NEW,1,Gains In Performance
2008-10-25,60,Got A Little Crazy,Kenny Chesney,RE,4,Gains In Performance
2008-11-01,1,She Never Cried In Front Of Me,Toby Keith,2,17,Gains In Performance
2008-11-01,2,Everybody Wants To Go To Heaven,Kenny Chesney With The Wailers,1,12,
2008-11-01,3,Just A Dream,Carrie Underwood,3,15,Gains In Performance
2008-11-01,4,Love Story,Taylor Swift,7,6,Gains In Performance
2008-11-01,5,Don't Think I Don't Think About It,Darius Rucker,4,27,
2008-11-01,6,Let It Go,Tim McGraw,6,14,Gains In Performance
2008-11-01,7,Chicken Fried,Zac Brown Band,11,18,Greatest gainer this week|Gains In Performance
2008-11-01,8,Already Gone,Sugarland,9,8,Gains In Performance
2008-11-01,9,Roll With Me,Montgomery Gentry,10,13,Gains In Performance
2008-11-01,10,Waitin' On A Woman,Brad Paisley,8,19,
2008-11-01,11,Country Man,Luke Bryan,12,33,Gains In Performance
2008-11-01,12,Here,Rascal Flatts,14,7,Gains In Performance
2008-11-01,13,Start A Band,Brad Paisley Duet With Keith Urban,13,6,Gains In Performance
2008-11-01,14,All I Ever Wanted,Chuck Wicks,15,27,Gains In Performance
2008-11-01,15,I'll Walk,Bucky Covington,16,26,Gains In Performance
2008-11-01,16,Love Remembers,Craig Morgan,18,24,Gains In Performance
2008-11-01,17,In Color,Jamey Johnson,19,29,Gains In Performance
2008-11-01,18,Lookin' For A Good Time,Lady Antebellum,20,20,Gains In Performance
2008-11-01,19,Don't,Billy Currington,22,14,Gains In Performance
2008-11-01,20,Country Boy,Alan Jackson,28,4,Gains In Performance
2008-11-01,21,She Wouldn't Be Gone,Blake Shelton,25,11,Gains In Performance
2008-11-01,22,Anything Goes,Randy Houser,23,20,Gains In Performance
2008-11-01,23,Don't You Know You're Beautiful,Kellie Pickler,21,22,
2008-11-01,24,Sounds So Good,Ashton Shepherd,24,23,Gains In Performance
2008-11-01,25,Feel That Fire,Dierks Bentley,29,5,Gains In Performance
2008-11-01,26,Muddy Water,Trace Adkins,26,11,Gains In Performance
2008-11-01,27,Let Me,Pat Green,27,19,Gains In Performance
2008-11-01,28,Don't Think I Can't Love You,Jake Owen,30,10,Gains In Performance
2008-11-01,29,I Would,Phil Vassar,31,14,Gains In Performance
2008-11-01,30,Last Call,Lee Ann Womack,33,15,Gains In Performance
2008-11-01,31,Fine Line,Little Big Town,32,15,
2008-11-01,32,15 Minutes Of Shame,Kristy Lee Cook,34,12,Gains In Performance
2008-11-01,33,Everything Is Fine,Josh Turner,35,9,Gains In Performance
2008-11-01,34,Cowgirls Don't Cry,Brooks & Dunn Featuring Reba McEntire,40,2,Gains In Performance
2008-11-01,35,Somebody Said A Prayer,Billy Ray Cyrus,36,12,Gains In Performance
2008-11-01,36,More Like Her,Miranda Lambert,37,9,Gains In Performance
2008-11-01,37,That's A Man,Jack Ingram,38,3,Gains In Performance
2008-11-01,38,Always The Love Songs,Eli Young Band,39,7,Gains In Performance
2008-11-01,39,She's So California,Gary Allan,45,2,Gains In Performance
2008-11-01,40,Unbelievable (Ann Marie),Josh Gracin,41,8,Gains In Performance
2008-11-01,41,Back That Thing up,Justin Moore,42,11,Gains In Performance
2008-11-01,42,Cheater Cheater,Joey + Rory,43,6,Gains In Performance
2008-11-01,43,Like I Never Broke Her Heart,Randy Owen,44,13,Gains In Performance
2008-11-01,44,I Will,Jimmy Wayne,52,2,Gains In Performance
2008-11-01,45,It Won't Be Like This For Long,Darius Rucker,NEW,1,Highest ranking debut|Gains In Performance
2008-11-01,46,Tequila On Ice,Darryl Worley,47,5,Gains In Performance
2008-11-01,47,My Hallelujah Song,Julianne Hough,51,2,Gains In Performance
2008-11-01,48,When I Said I Would,Whitney Duncan,49,6,Gains In Performance
2008-11-01,49,Remember That,Jessica Simpson,48,3,Gains In Performance
2008-11-01,50,Somebody Needs A Hug,Keith Anderson,57,2,Gains In Performance
2008-11-01,51,Forever,John Michael Montgomery,53,3,Gains In Performance
2008-11-01,52,How 'Bout You Don't,The Lost Trailers,54,2,Gains In Performance
2008-11-01,53,Got A Little Crazy,Kenny Chesney,60,5,Gains In Performance
2008-11-01,54,Ten With A Two,Kenny Chesney,56,2,Gains In Performance
2008-11-01,55,I'm Alive,Kenny Chesney With Dave Matthews,NEW,1,Gains In Performance
2008-11-01,56,That Lucky Old Sun (Just Rolls Around Heaven All Day),Kenny Chesney With Willie Nelson,NEW,1,Gains In Performance
2008-11-01,57,In My Arms Instead,Randy Rogers Band,58,2,Gains In Performance
2008-11-01,58,My Kind Of Beautiful,One Flew South,55,13,
2008-11-01,59,Down The Road,Kenny Chesney With Mac McAnally,NEW,1,Gains In Performance
2008-11-01,60,What If It All Goes Right,Melissa Lawson,RE,2,Gains In Performance
2008-11-08,1,Just A Dream,Carrie Underwood,3,16,Gains In Performance
2008-11-08,2,She Never Cried In Front Of Me,Toby Keith,1,18,
2008-11-08,3,Love Story,Taylor Swift,4,7,Gains In Performance
2008-11-08,4,Everybody Wants To Go To Heaven,Kenny Chesney With The Wailers,2,13,
2008-11-08,5,Let It Go,Tim McGraw,6,15,Gains In Performance
2008-11-08,6,Chicken Fried,Zac Brown Band,7,19,Greatest gainer this week|Gains In Performance
2008-11-08,7,Don't Think I Don't Think About It,Darius Rucker,5,28,
2008-11-08,8,Roll With Me,Montgomery Gentry,9,14,Gains In Performance
2008-11-08,9,Already Gone,Sugarland,8,9,Gains In Performance
2008-11-08,10,Start A Band,Brad Paisley Duet With Keith Urban,13,7,Gains In Performance
2008-11-08,11,Here,Rascal Flatts,12,8,Gains In Performance
2008-11-08,12,I'll Walk,Bucky Covington,15,27,Gains In Performance
2008-11-08,13,Country Man,Luke Bryan,11,34,
2008-11-08,14,Love Remembers,Craig Morgan,16,25,Gains In Performance
2008-11-08,15,Waitin' On A Woman,Brad Paisley,10,20,
2008-11-08,16,In Color,Jamey Johnson,17,30,Gains In Performance
2008-11-08,17,Lookin' For A Good Time,Lady Antebellum,18,21,Gains In Performance
2008-11-08,18,Don't,Billy Currington,19,15,Gains In Performance
2008-11-08,19,Country Boy,Alan Jackson,20,5,Gains In Performance
2008-11-08,20,Feel That Fire,Dierks Bentley,25,6,Gains In Performance
2008-11-08,21,She Wouldn't Be Gone,Blake Shelton,21,12,Gains In Performance
2008-11-08,22,Anything Goes,Randy Houser,22,21,Gains In Performance
2008-11-08,23,Sounds So Good,Ashton Shepherd,24,24,
2008-11-08,24,Muddy Water,Trace Adkins,26,12,Gains In Performance
2008-11-08,25,Let Me,Pat Green,27,20,Gains In Performance
2008-11-08,26,Don't Think I Can't Love You,Jake Owen,28,11,
2008-11-08,27,I Would,Phil Vassar,29,15,Gains In Performance
2008-11-08,28,Last Call,Lee Ann Womack,30,16,Gains In Performance
2008-11-08,29,Cowgirls Don't Cry,Brooks & Dunn Featuring Reba McEntire,34,3,Gains In Performance
2008-11-08,30,15 Minutes Of Shame,Kristy Lee Cook,32,13,Gains In Performance
2008-11-08,31,Everything Is Fine,Josh Turner,33,10,Gains In Performance
2008-11-08,32,That's A Man,Jack Ingram,37,4,Gains In Performance
2008-11-08,33,Fine Line,Little Big Town,31,16,
2008-11-08,34,Somebody Said A Prayer,Billy Ray Cyrus,35,13,Gains In Performance
2008-11-08,35,More Like Her,Miranda Lambert,36,10,Gains In Performance
2008-11-08,36,She's So California,Gary Allan,39,3,Gains In Performance
2008-11-08,37,I Will,Jimmy Wayne,44,3,Gains In Performance
2008-11-08,38,Always The Love Songs,Eli Young Band,38,8,Gains In Performance
2008-11-08,39,Unbelievable (Ann Marie),Josh Gracin,40,9,Gains In Performance
2008-11-08,40,It Won't Be Like This For Long,Darius Rucker,45,2,Gains In Performance
2008-11-08,41,Cheater Cheater,Joey + Rory,42,7,Gains In Performance
2008-11-08,42,Like I Never Broke Her Heart,Randy Owen,43,14,Gains In Performance
2008-11-08,43,Back That Thing up,Justin Moore,41,12,
2008-11-08,44,My Hallelujah Song,Julianne Hough,47,3,Gains In Performance
2008-11-08,45,Tequila On Ice,Darryl Worley,46,6,Gains In Performance
2008-11-08,46,Somebody Needs A Hug,Keith Anderson,50,3,Gains In Performance
2008-11-08,47,Forever,John Michael Montgomery,51,4,Gains In Performance
2008-11-08,48,Remember That,Jessica Simpson,49,4,Gains In Performance
2008-11-08,49,God Love Her,Toby Keith,NEW,1,Highest ranking debut|Gains In Performance
2008-11-08,50,How 'Bout You Don't,The Lost Trailers,52,3,Gains In Performance
2008-11-08,51,When I Said I Would,Whitney Duncan,48,7,Gains In Performance
2008-11-08,52,In My Arms Instead,Randy Rogers Band,57,3,Gains In Performance
2008-11-08,53,Got A Little Crazy,Kenny Chesney,53,6,
2008-11-08,54,Space,Sarah Buxton,NEW,1,Gains In Performance
2008-11-08,55,My Kind Of Beautiful,One Flew South,58,14,
2008-11-08,56,What If It All Goes Right,Melissa Lawson,60,3,Gains In Performance
2008-11-08,57,Till It Feels Like Cheating,Jewel,NEW,1,Gains In Performance
2008-11-08,58,Brothers,Dean Brody,NEW,1,Gains In Performance
2008-11-08,59,Shine,Matt Stillwell,NEW,1,Gains In Performance
2008-11-08,60,These Are The Good Old Days,James Otto,NEW,1,Gains In Performance
2008-11-15,1,Just A Dream,Carrie Underwood,1,17,
2008-11-15,2,Love Story,Taylor Swift,3,8,Gains In Performance
2008-11-15,3,Chicken Fried,Zac Brown Band,6,20,Gains In Performance
2008-11-15,4,Let It Go,Tim McGraw,5,16,Gains In Performance
2008-11-15,5,She Never Cried In Front Of Me,Toby Keith,2,19,
2008-11-15,6,Roll With Me,Montgomery Gentry,8,15,Gains In Performance
2008-11-15,7,Already Gone,Sugarland,9,10,Gains In Performance
2008-11-15,8,Everybody Wants To Go To Heaven,Kenny Chesney With The Wailers,4,14,
2008-11-15,9,Here,Rascal Flatts,11,9,Gains In Performance
2008-11-15,10,Start A Band,Brad Paisley Duet With Keith Urban,10,8,Gains In Performance
2008-11-15,11,I'll Walk,Bucky Covington,12,28,Gains In Performance
2008-11-15,12,Love Remembers,Craig Morgan,14,26,Gains In Performance
2008-11-15,13,In Color,Jamey Johnson,16,31,Gains In Performance
2008-11-15,14,Lookin' For A Good Time,Lady Antebellum,17,22,Gains In Performance
2008-11-15,15,Country Boy,Alan Jackson,19,6,Gains In Performance
2008-11-15,16,Feel That Fire,Dierks Bentley,20,7,Gains In Performance
2008-11-15,17,Don't,Billy Currington,18,16,Gains In Performance
2008-11-15,18,She Wouldn't Be Gone,Blake Shelton,21,13,Gains In Performance
2008-11-15,19,Anything Goes,Randy Houser,22,22,Gains In Performance
2008-11-15,20,Let Me,Pat Green,25,21,Gains In Performance
2008-11-15,21,Sounds So Good,Ashton Shepherd,23,25,Gains In Performance
2008-11-15,22,Muddy Water,Trace Adkins,24,13,Gains In Performance
2008-11-15,23,Cowgirls Don't Cry,Brooks & Dunn Featuring Reba McEntire,29,4,Gains In Performance
2008-11-15,24,Don't Think I Can't Love You,Jake Owen,26,12,Gains In Performance
2008-11-15,25,Last Call,Lee Ann Womack,28,17,Gains In Performance
2008-11-15,26,I Would,Phil Vassar,27,16,Gains In Performance
2008-11-15,27,Everything Is Fine,Josh Turner,31,11,Gains In Performance
2008-11-15,28,15 Minutes Of Shame,Kristy Lee Cook,30,14,Gains In Performance
2008-11-15,29,God Love Her,Toby Keith,49,2,Gains In Performance
2008-11-15,30,That's A Man,Jack Ingram,32,5,Gains In Performance
2008-11-15,31,She's So California,Gary Allan,36,4,Gains In Performance
2008-11-15,32,More Like Her,Miranda Lambert,35,11,Gains In Performance
2008-11-15,33,Somebody Said A Prayer,Billy Ray Cyrus,34,14,Gains In Performance
2008-11-15,34,I Will,Jimmy Wayne,37,4,Gains In Performance
2008-11-15,35,It Won't Be Like This For Long,Darius Rucker,40,3,Gains In Performance
2008-11-15,36,Unbelievable (Ann Marie),Josh Gracin,39,10,Gains In Performance
2008-11-15,37,Always The Love Songs,Eli Young Band,38,9,
2008-11-15,38,Down The Road,Kenny Chesney With Mac McAnally,RE,2,Gains In Performance
2008-11-15,39,Cheater Cheater,Joey + Rory,41,8,Gains In Performance
2008-11-15,40,Fine Line,Little Big Town,33,17,
2008-11-15,41,Like I Never Broke Her Heart,Randy Owen,42,15,
2008-11-15,42,Back That Thing up,Justin Moore,43,13,Gains In Performance
2008-11-15,43,Ride,Martina McBride,NEW,1,Highest ranking debut|Gains In Performance
2008-11-15,44,Tequila On Ice,Darryl Worley,45,7,Gains In Performance
2008-11-15,45,How 'Bout You Don't,The Lost Trailers,50,4,Gains In Performance
2008-11-15,46,Somebody Needs A Hug,Keith Anderson,46,4,Gains In Performance
2008-11-15,47,My Hallelujah Song,Julianne Hough,44,4,
2008-11-15,48,Forever,John Michael Montgomery,47,5,Gains In Performance
2008-11-15,49,When I Said I Would,Whitney Duncan,51,8,Gains In Performance
2008-11-15,50,Remember That,Jessica Simpson,48,5,Gains In Performance
2008-11-15,51,Space,Sarah Buxton,54,2,Gains In Performance
2008-11-15,52,Got A Little Crazy,Kenny Chesney,53,7,Gains In Performance
2008-11-15,53,These Are The Good Old Days,James Otto,60,2,Gains In Performance
2008-11-15,54,Brothers,Dean Brody,58,2,Gains In Performance
2008-11-15,55,Load Up The Bases (The Baseball Song),Whiskey Falls,RE,2,Gains In Performance
2008-11-15,56,Shine,Matt Stillwell,59,2,Gains In Performance
2008-11-15,57,In My Arms Instead,Randy Rogers Band,52,4,
2008-11-15,58,Cold,Jeremy McComb,NEW,1,Gains In Performance
2008-11-15,59,Like A Woman,Jamie O'Neal,NEW,1,Gains In Performance
2008-11-15,60,That Don't Make Me A Bad Guy,Toby Keith,NEW,1,Gains In Performance
2008-11-22,1,Love Story,Taylor Swift,2,9,Gains In Performance
2008-11-22,2,Chicken Fried,Zac Brown Band,3,21,Gains In Performance
2008-11-22,3,Let It Go,Tim McGraw,4,17,Gains In Performance
2008-11-22,4,Just A Dream,Carrie Underwood,1,18,
2008-11-22,5,Roll With Me,Montgomery Gentry,6,16,Gains In Performance
2008-11-22,6,Already Gone,Sugarland,7,11,Gains In Performance
2008-11-22,7,Here,Rascal Flatts,9,10,Gains In Performance
2008-11-22,8,Start A Band,Brad Paisley Duet With Keith Urban,10,9,Gains In Performance
2008-11-22,9,She Never Cried In Front Of Me,Toby Keith,5,20,
2008-11-22,10,Everybody Wants To Go To Heaven,Kenny Chesney With The Wailers,8,15,
2008-11-22,11,I'll Walk,Bucky Covington,11,29,Gains In Performance
2008-11-22,12,Love Remembers,Craig Morgan,12,27,Gains In Performance
2008-11-22,13,In Color,Jamey Johnson,13,32,Gains In Performance
2008-11-22,14,Feel That Fire,Dierks Bentley,16,8,Gains In Performance
2008-11-22,15,Lookin' For A Good Time,Lady Antebellum,14,23,Gains In Performance
2008-11-22,16,Country Boy,Alan Jackson,15,7,Gains In Performance
2008-11-22,17,Don't,Billy Currington,17,17,Gains In Performance
2008-11-22,18,She Wouldn't Be Gone,Blake Shelton,18,14,Gains In Performance
2008-11-22,19,Anything Goes,Randy Houser,19,23,Gains In Performance
2008-11-22,20,Let Me,Pat Green,20,22,Gains In Performance
2008-11-22,21,Cowgirls Don't Cry,Brooks & Dunn Featuring Reba McEntire,23,5,Gains In Performance
2008-11-22,22,Muddy Water,Trace Adkins,22,14,Gains In Performance
2008-11-22,23,Sounds So Good,Ashton Shepherd,21,26,Gains In Performance
2008-11-22,24,God Love Her,Toby Keith,29,3,Gains In Performance
2008-11-22,25,Last Call,Lee Ann Womack,25,18,Gains In Performance
2008-11-22,26,Don't Think I Can't Love You,Jake Owen,24,13,Gains In Performance
2008-11-22,27,Down The Road,Kenny Chesney With Mac McAnally,38,3,Gains In Performance
2008-11-22,28,I Would,Phil Vassar,26,17,Gains In Performance
2008-11-22,29,Everything Is Fine,Josh Turner,27,12,Gains In Performance
2008-11-22,30,Sweet Thing,Keith Urban,NEW,1,
2008-11-22,31,15 Minutes Of Shame,Kristy Lee Cook,28,15,Gains In Performance
2008-11-22,32,That's A Man,Jack Ingram,30,6,Gains In Performance
2008-11-22,33,It Won't Be Like This For Long,Darius Rucker,35,4,Gains In Performance
2008-11-22,34,She's So California,Gary Allan,31,5,Gains In Performance
2008-11-22,35,I Will,Jimmy Wayne,34,5,Gains In Performance
2008-11-22,36,More Like Her,Miranda Lambert,32,12,Gains In Performance
2008-11-22,37,Cheater Cheater,Joey + Rory,39,9,Gains In Performance
2008-11-22,38,Ride,Martina McBride,43,2,Gains In Performance
2008-11-22,39,Always The Love Songs,Eli Young Band,37,10,Gains In Performance
2008-11-22,40,Somebody Said A Prayer,Billy Ray Cyrus,33,15,
2008-11-22,41,Unbelievable (Ann Marie),Josh Gracin,36,11,Gains In Performance
2008-11-22,42,Back That Thing up,Justin Moore,42,14,Gains In Performance
2008-11-22,43,Like I Never Broke Her Heart,Randy Owen,41,16,Gains In Performance
2008-11-22,44,How 'Bout You Don't,The Lost Trailers,45,5,Gains In Performance
2008-11-22,45,River Of Love,George Strait,NEW,1,Gains In Performance
2008-11-22,46,Tequila On Ice,Darryl Worley,44,8,
2008-11-22,47,Forever,John Michael Montgomery,48,6,Gains In Performance
2008-11-22,48,Fine Line,Little Big Town,40,18,
2008-11-22,49,Remember That,Jessica Simpson,50,6,Gains In Performance
2008-11-22,50,Somebody Needs A Hug,Keith Anderson,46,5,
2008-11-22,51,My Hallelujah Song,Julianne Hough,47,5,
2008-11-22,52,Space,Sarah Buxton,51,3,Gains In Performance
2008-11-22,53,When I Said I Would,Whitney Duncan,49,9,
2008-11-22,54,Got A Little Crazy,Kenny Chesney,52,8,
2008-11-22,55,These Are The Good Old Days,James Otto,53,3,Gains In Performance
2008-11-22,56,Cry Cry ('til The Sun Shines),Heidi Newfield,NEW,1,Gains In Performance
2008-11-22,57,Brothers,Dean Brody,54,3,Gains In Performance
2008-11-22,58,In My Arms Instead,Randy Rogers Band,57,5,Gains In Performance
2008-11-22,59,What It Takes,Adam Gregory,NEW,1,Gains In Performance
2008-11-22,60,Cold,Jeremy McComb,58,2,Gains In Performance
2008-11-29,1,Love Story,Taylor Swift,1,10,Gains In Performance
2008-11-29,2,Chicken Fried,Zac Brown Band,2,22,Gains In Performance
2008-11-29,3,Roll With Me,Montgomery Gentry,5,17,Gains In Performance
2008-11-29,4,Let It Go,Tim McGraw,3,18,Gains In Performance
2008-11-29,5,Already Gone,Sugarland,6,12,Gains In Performance
2008-11-29,6,Here,Rascal Flatts,7,11,Gains In Performance
2008-11-29,7,Just A Dream,Carrie Underwood,4,19,
2008-11-29,8,Start A Band,Brad Paisley Duet With Keith Urban,8,10,Gains In Performance
2008-11-29,9,Love Remembers,Craig Morgan,12,28,Gains In Performance
2008-11-29,10,I'll Walk,Bucky Covington,11,30,
2008-11-29,11,In Color,Jamey Johnson,13,33,Gains In Performance
2008-11-29,12,Feel That Fire,Dierks Bentley,14,9,Gains In Performance
2008-11-29,13,Lookin' For A Good Time,Lady Antebellum,15,24,Gains In Performance
2008-11-29,14,Country Boy,Alan Jackson,16,8,Gains In Performance
2008-11-29,15,Don't,Billy Currington,17,18,Gains In Performance
2008-11-29,16,Everybody Wants To Go To Heaven,Kenny Chesney With The Wailers,10,16,
2008-11-29,17,She Wouldn't Be Gone,Blake Shelton,18,15,Gains In Performance
2008-11-29,18,Anything Goes,Randy Houser,19,24,Gains In Performance
2008-11-29,19,Cowgirls Don't Cry,Brooks & Dunn Featuring Reba McEntire,21,6,Gains In Performance
2008-11-29,20,Let Me,Pat Green,20,23,Gains In Performance
2008-11-29,21,God Love Her,Toby Keith,24,4,Gains In Performance
2008-11-29,22,Sounds So Good,Ashton Shepherd,23,27,Gains In Performance
2008-11-29,23,Muddy Water,Trace Adkins,22,15,
2008-11-29,24,Down The Road,Kenny Chesney With Mac McAnally,27,4,Gains In Performance
2008-11-29,25,Sweet Thing,Keith Urban,30,2,Gains In Performance
2008-11-29,26,Last Call,Lee Ann Womack,25,19,Gains In Performance
2008-11-29,27,Don't Think I Can't Love You,Jake Owen,26,14,Gains In Performance
2008-11-29,28,I Would,Phil Vassar,28,18,Gains In Performance
2008-11-29,29,Everything Is Fine,Josh Turner,29,13,Gains In Performance
2008-11-29,30,That's A Man,Jack Ingram,32,7,Gains In Performance
2008-11-29,31,It Won't Be Like This For Long,Darius Rucker,33,5,Gains In Performance
2008-11-29,32,15 Minutes Of Shame,Kristy Lee Cook,31,16,Gains In Performance
2008-11-29,33,River Of Love,George Strait,45,2,Gains In Performance
2008-11-29,34,She's So California,Gary Allan,34,6,Gains In Performance
2008-11-29,35,I Will,Jimmy Wayne,35,6,Gains In Performance
2008-11-29,36,More Like Her,Miranda Lambert,36,13,Gains In Performance
2008-11-29,37,Ride,Martina McBride,38,3,Gains In Performance
2008-11-29,38,Always The Love Songs,Eli Young Band,39,11,Gains In Performance
2008-11-29,39,Cheater Cheater,Joey + Rory,37,10,
2008-11-29,40,Unbelievable (Ann Marie),Josh Gracin,41,12,Gains In Performance
2008-11-29,41,Back That Thing up,Justin Moore,42,15,
2008-11-29,42,Somebody Said A Prayer,Billy Ray Cyrus,40,16,
2008-11-29,43,How 'Bout You Don't,The Lost Trailers,44,6,Gains In Performance
2008-11-29,44,Forever,John Michael Montgomery,47,7,Gains In Performance
2008-11-29,45,Tequila On Ice,Darryl Worley,46,9,Gains In Performance
2008-11-29,46,Like I Never Broke Her Heart,Randy Owen,43,17,
2008-11-29,47,Remember That,Jessica Simpson,49,7,Gains In Performance
2008-11-29,48,My Hallelujah Song,Julianne Hough,51,6,
2008-11-29,49,Space,Sarah Buxton,52,4,
2008-11-29,50,Somebody Needs A Hug,Keith Anderson,50,6,
2008-11-29,51,Brothers,Dean Brody,57,4,Gains In Performance
2008-11-29,52,When I Said I Would,Whitney Duncan,53,10,
2008-11-29,53,Cry Cry ('til The Sun Shines),Heidi Newfield,56,2,Gains In Performance
2008-11-29,54,Got A Little Crazy,Kenny Chesney,54,9,
2008-11-29,55,These Are The Good Old Days,James Otto,55,4,
2008-11-29,56,Best Days Of Your Life,Kellie Pickler,NEW,1,Highest ranking debut|Gains In Performance
2008-11-29,57,It's America,Rodney Atkins,NEW,1,Gains In Performance
2008-11-29,58,Cold,Jeremy McComb,60,3,Gains In Performance
2008-11-29,59,Fine Line,Little Big Town,48,19,
2008-11-29,60,Belongs To You,Emerson Drive,NEW,1,Gains In Performance
2008-12-06,1,Chicken Fried,Zac Brown Band,2,23,Gains In Performance
2008-12-06,2,Let It Go,Tim McGraw,4,19,Gains In Performance
2008-12-06,3,Love Story,Taylor Swift,1,11,
2008-12-06,4,Roll With Me,Montgomery Gentry,3,18,Gains In Performance
2008-12-06,5,Here,Rascal Flatts,6,12,Gains In Performance
2008-12-06,6,Already Gone,Sugarland,5,13,Gains In Performance
2008-12-06,7,Start A Band,Brad Paisley Duet With Keith Urban,8,11,Gains In Performance
2008-12-06,8,Just A Dream,Carrie Underwood,7,20,
2008-12-06,9,Love Remembers,Craig Morgan,9,29,Gains In Performance
2008-12-06,10,Feel That Fire,Dierks Bentley,12,10,Gains In Performance
2008-12-06,11,Don't,Billy Currington,15,19,Gains In Performance
2008-12-06,12,Country Boy,Alan Jackson,14,9,Gains In Performance
2008-12-06,13,Lookin' For A Good Time,Lady Antebellum,13,25,Gains In Performance
2008-12-06,14,In Color,Jamey Johnson,11,34,Gains In Performance
2008-12-06,15,She Wouldn't Be Gone,Blake Shelton,17,16,Gains In Performance
2008-12-06,16,Anything Goes,Randy Houser,18,25,Gains In Performance
2008-12-06,17,Cowgirls Don't Cry,Brooks & Dunn Featuring Reba McEntire,19,7,Gains In Performance
2008-12-06,18,God Love Her,Toby Keith,21,5,Gains In Performance
2008-12-06,19,Down The Road,Kenny Chesney With Mac McAnally,24,5,Gains In Performance
2008-12-06,20,Sweet Thing,Keith Urban,25,3,Gains In Performance
2008-12-06,21,Let Me,Pat Green,20,24,Gains In Performance
2008-12-06,22,Muddy Water,Trace Adkins,23,16,Gains In Performance
2008-12-06,23,Sounds So Good,Ashton Shepherd,22,28,
2008-12-06,24,River Of Love,George Strait,33,3,Gains In Performance
2008-12-06,25,Don't Think I Can't Love You,Jake Owen,27,15,Gains In Performance
2008-12-06,26,Last Call,Lee Ann Womack,26,20,Gains In Performance
2008-12-06,27,It Won't Be Like This For Long,Darius Rucker,31,6,Gains In Performance
2008-12-06,28,I Would,Phil Vassar,28,19,
2008-12-06,29,That's A Man,Jack Ingram,30,8,Gains In Performance
2008-12-06,30,Everything Is Fine,Josh Turner,29,14,Gains In Performance
2008-12-06,31,15 Minutes Of Shame,Kristy Lee Cook,32,17,
2008-12-06,32,I Will,Jimmy Wayne,35,7,Gains In Performance
2008-12-06,33,Ride,Martina McBride,37,4,Gains In Performance
2008-12-06,34,She's So California,Gary Allan,34,7,Gains In Performance
2008-12-06,35,More Like Her,Miranda Lambert,36,14,Gains In Performance
2008-12-06,36,Cheater Cheater,Joey + Rory,39,11,Gains In Performance
2008-12-06,37,Always The Love Songs,Eli Young Band,38,12,
2008-12-06,38,Back That Thing up,Justin Moore,41,16,
2008-12-06,39,How 'Bout You Don't,The Lost Trailers,43,7,Gains In Performance
2008-12-06,40,Unbelievable (Ann Marie),Josh Gracin,40,13,
2008-12-06,41,It's America,Rodney Atkins,57,2,Gains In Performance
2008-12-06,42,Forever,John Michael Montgomery,44,8,Gains In Performance
2008-12-06,43,Space,Sarah Buxton,49,5,Gains In Performance
2008-12-06,44,Remember That,Jessica Simpson,47,8,
2008-12-06,45,Tequila On Ice,Darryl Worley,45,10,
2008-12-06,46,Cry Cry ('til The Sun Shines),Heidi Newfield,53,3,Gains In Performance
2008-12-06,47,What If It All Goes Right,Melissa Lawson,RE,4,Gains In Performance
2008-12-06,48,My Hallelujah Song,Julianne Hough,48,7,
2008-12-06,49,Belongs To You,Emerson Drive,60,2,Gains In Performance
2008-12-06,50,Brothers,Dean Brody,51,5,
2008-12-06,51,She's Country,Jason Aldean,NEW,1,Highest ranking debut|Gains In Performance
2008-12-06,52,Somebody Needs A Hug,Keith Anderson,50,7,
2008-12-06,53,Like I Never Broke Her Heart,Randy Owen,46,18,
2008-12-06,54,When I Said I Would,Whitney Duncan,52,11,
2008-12-06,55,These Are The Good Old Days,James Otto,55,5,
2008-12-06,56,Like A Woman,Jamie O'Neal,RE,2,Gains In Performance
2008-12-06,57,Cold,Jeremy McComb,58,4,
2008-12-06,58,What It Takes,Adam Gregory,RE,2,Gains In Performance
2008-12-06,59,Best Days Of Your Life,Kellie Pickler,56,2,
2008-12-06,60,Where I'm From,Jason Michael Carroll,NEW,1,Gains In Performance
2008-12-13,1,Chicken Fried,Zac Brown Band,1,24,
2008-12-13,2,Let It Go,Tim McGraw,2,20,
2008-12-13,3,Roll With Me,Montgomery Gentry,4,19,Gains In Performance
2008-12-13,4,Here,Rascal Flatts,5,13,Gains In Performance
2008-12-13,5,Already Gone,Sugarland,6,14,Gains In Performance
2008-12-13,6,Love Story,Taylor Swift,3,12,
2008-12-13,7,Start A Band,Brad Paisley Duet With Keith Urban,7,12,Gains In Performance
2008-12-13,8,Don't,Billy Currington,11,20,Gains In Performance
2008-12-13,9,Love Remembers,Craig Morgan,9,30,
2008-12-13,10,Country Boy,Alan Jackson,12,10,Gains In Performance
2008-12-13,11,Feel That Fire,Dierks Bentley,10,11,Gains In Performance
2008-12-13,12,In Color,Jamey Johnson,14,35,Gains In Performance
2008-12-13,13,Lookin' For A Good Time,Lady Antebellum,13,26,
2008-12-13,14,She Wouldn't Be Gone,Blake Shelton,15,17,Gains In Performance
2008-12-13,15,Cowgirls Don't Cry,Brooks & Dunn Featuring Reba McEntire,17,8,Greatest gainer this week|Gains In Performance
2008-12-13,16,God Love Her,Toby Keith,18,6,Gains In Performance
2008-12-13,17,Sweet Thing,Keith Urban,20,4,Gains In Performance
2008-12-13,18,Down The Road,Kenny Chesney With Mac McAnally,19,6,Gains In Performance
2008-12-13,19,Anything Goes,Randy Houser,16,26,Gains In Performance
2008-12-13,20,Let Me,Pat Green,21,25,Gains In Performance
2008-12-13,21,River Of Love,George Strait,24,4,Gains In Performance
2008-12-13,22,Muddy Water,Trace Adkins,22,17,
2008-12-13,23,Don't Think I Can't Love You,Jake Owen,25,16,Gains In Performance
2008-12-13,24,Last Call,Lee Ann Womack,26,21,Gains In Performance
2008-12-13,25,It Won't Be Like This For Long,Darius Rucker,27,7,Gains In Performance
2008-12-13,26,That's A Man,Jack Ingram,29,9,Gains In Performance
2008-12-13,27,Everything Is Fine,Josh Turner,30,15,Gains In Performance
2008-12-13,28,I Would,Phil Vassar,28,20,
2008-12-13,29,Ride,Martina McBride,33,5,Gains In Performance
2008-12-13,30,15 Minutes Of Shame,Kristy Lee Cook,31,18,
2008-12-13,31,I Will,Jimmy Wayne,32,8,Gains In Performance
2008-12-13,32,More Like Her,Miranda Lambert,35,15,Gains In Performance
2008-12-13,33,She's So California,Gary Allan,34,8,Gains In Performance
2008-12-13,34,Always The Love Songs,Eli Young Band,37,13,Gains In Performance
2008-12-13,35,Cheater Cheater,Joey + Rory,36,12,
2008-12-13,36,It's America,Rodney Atkins,41,3,Gains In Performance
2008-12-13,37,White Horse,Taylor Swift,NEW,1,Highest ranking debut|Gains In Performance
2008-12-13,38,How 'Bout You Don't,The Lost Trailers,39,8,Gains In Performance
2008-12-13,39,She's Country,Jason Aldean,51,2,Gains In Performance
2008-12-13,40,Forever,John Michael Montgomery,42,9,Gains In Performance
2008-12-13,41,Unbelievable (Ann Marie),Josh Gracin,40,14,
2008-12-13,42,Space,Sarah Buxton,43,6,Gains In Performance
2008-12-13,43,What If It All Goes Right,Melissa Lawson,47,5,Gains In Performance
2008-12-13,44,Brothers,Dean Brody,50,6,Gains In Performance
2008-12-13,45,Jingle Bell Rock,Rascal Flatts,NEW,1,Gains In Performance
2008-12-13,46,Belongs To You,Emerson Drive,49,3,Gains In Performance
2008-12-13,47,Remember That,Jessica Simpson,44,9,
2008-12-13,48,Cry Cry ('til The Sun Shines),Heidi Newfield,46,4,Gains In Performance
2008-12-13,49,Tequila On Ice,Darryl Worley,45,11,
2008-12-13,50,Where I'm From,Jason Michael Carroll,60,2,Gains In Performance
2008-12-13,51,These Are The Good Old Days,James Otto,55,6,Gains In Performance
2008-12-13,52,White Christmas,Rascal Flatts,NEW,1,Gains In Performance
2008-12-13,53,Best Days Of Your Life,Kellie Pickler,59,3,Gains In Performance
2008-12-13,54,Cold,Jeremy McComb,57,5,Gains In Performance
2008-12-13,55,Like A Woman,Jamie O'Neal,56,3,Gains In Performance
2008-12-13,56,What It Takes,Adam Gregory,58,3,Gains In Performance
2008-12-13,57,A Baby Changes Everything,Faith Hill,NEW,1,Gains In Performance
2008-12-13,58,I'll Be Home For Christmas,Rascal Flatts,NEW,1,Gains In Performance
2008-12-13,59,Everything,Jessica Andrews,NEW,1,Gains In Performance
2008-12-13,60,I'll Be Home For Christmas,Elvis Presley With Carrie Underwood,NEW,1,Gains In Performance
2008-12-20,1,Roll With Me,Montgomery Gentry,3,20,Gains In Performance
2008-12-20,2,Chicken Fried,Zac Brown Band,1,25,
2008-12-20,3,Let It Go,Tim McGraw,2,21,
2008-12-20,4,Already Gone,Sugarland,5,15,Gains In Performance
2008-12-20,5,Here,Rascal Flatts,4,14,Gains In Performance
2008-12-20,6,Start A Band,Brad Paisley Duet With Keith Urban,7,13,Gains In Performance
2008-12-20,7,Country Boy,Alan Jackson,10,11,Gains In Performance
2008-12-20,8,Feel That Fire,Dierks Bentley,11,12,Gains In Performance
2008-12-20,9,Don't,Billy Currington,8,21,Gains In Performance
2008-12-20,10,In Color,Jamey Johnson,12,36,Gains In Performance
2008-12-20,11,Lookin' For A Good Time,Lady Antebellum,13,27,Gains In Performance
2008-12-20,12,She Wouldn't Be Gone,Blake Shelton,14,18,Gains In Performance
2008-12-20,13,Cowgirls Don't Cry,Brooks & Dunn Featuring Reba McEntire,15,9,Gains In Performance
2008-12-20,14,Down The Road,Kenny Chesney With Mac McAnally,18,7,Gains In Performance
2008-12-20,15,God Love Her,Toby Keith,16,7,Gains In Performance
2008-12-20,16,Sweet Thing,Keith Urban,17,5,Gains In Performance
2008-12-20,17,Anything Goes,Randy Houser,19,27,Gains In Performance
2008-12-20,18,River Of Love,George Strait,21,5,Gains In Performance
2008-12-20,19,Let Me,Pat Green,20,26,Gains In Performance
2008-12-20,20,Last Call,Lee Ann Womack,24,22,Gains In Performance
2008-12-20,21,Don't Think I Can't Love You,Jake Owen,23,17,Gains In Performance
2008-12-20,22,Muddy Water,Trace Adkins,22,18,
2008-12-20,23,It Won't Be Like This For Long,Darius Rucker,25,8,Gains In Performance
2008-12-20,24,That's A Man,Jack Ingram,26,10,Gains In Performance
2008-12-20,25,Everything Is Fine,Josh Turner,27,16,Gains In Performance
2008-12-20,26,White Horse,Taylor Swift,37,2,Gains In Performance
2008-12-20,27,Ride,Martina McBride,29,6,Gains In Performance
2008-12-20,28,More Like Her,Miranda Lambert,32,16,Gains In Performance
2008-12-20,29,I Will,Jimmy Wayne,31,9,Gains In Performance
2008-12-20,30,She's So California,Gary Allan,33,9,Gains In Performance
2008-12-20,31,Always The Love Songs,Eli Young Band,34,14,Gains In Performance
2008-12-20,32,It's America,Rodney Atkins,36,4,Gains In Performance
2008-12-20,33,Cheater Cheater,Joey + Rory,35,13,Gains In Performance
2008-12-20,34,How 'Bout You Don't,The Lost Trailers,38,9,Gains In Performance
2008-12-20,35,She's Country,Jason Aldean,39,3,Gains In Performance
2008-12-20,36,Forever,John Michael Montgomery,40,10,Gains In Performance
2008-12-20,37,Jingle Bell Rock,Rascal Flatts,45,2,Gains In Performance
2008-12-20,38,Space,Sarah Buxton,42,7,Gains In Performance
2008-12-20,39,Belongs To You,Emerson Drive,46,4,Gains In Performance
2008-12-20,40,Cry Cry ('til The Sun Shines),Heidi Newfield,48,5,Gains In Performance
2008-12-20,41,Brothers,Dean Brody,44,7,Gains In Performance
2008-12-20,42,Remember That,Jessica Simpson,47,10,Gains In Performance
2008-12-20,43,Blue Christmas,Elvis Presley With Martina McBride,NEW,1,Highest ranking debut|Gains In Performance
2008-12-20,44,Where I'm From,Jason Michael Carroll,50,3,Gains In Performance
2008-12-20,45,What If It All Goes Right,Melissa Lawson,43,6,
2008-12-20,46,Best Days Of Your Life,Kellie Pickler,53,4,Gains In Performance
2008-12-20,47,A Baby Changes Everything,Faith Hill,57,2,Gains In Performance
2008-12-20,48,White Christmas,Rascal Flatts,52,2,Gains In Performance
2008-12-20,49,These Are The Good Old Days,James Otto,51,7,Gains In Performance
2008-12-20,50,Cold,Jeremy McComb,54,6,Gains In Performance
2008-12-20,51,I'll Be Home For Christmas,Rascal Flatts,58,2,Gains In Performance
2008-12-20,52,What It Takes,Adam Gregory,56,4,Gains In Performance
2008-12-20,53,Run Run Rudolph,Luke Bryan,NEW,1,Gains In Performance
2008-12-20,54,Everything,Jessica Andrews,59,2,Gains In Performance
2008-12-20,55,Like A Woman,Jamie O'Neal,55,4,
2008-12-20,56,You Can't Hide Redneck,Tracy Lawrence,NEW,1,Gains In Performance
2008-12-20,57,Joy To The World!,Faith Hill,NEW,1,Gains In Performance
2008-12-20,58,I'll Be Home For Christmas,Elvis Presley With Carrie Underwood,60,2,Gains In Performance
2008-12-20,59,Santa Claus Is Coming To Town,Faith Hill,NEW,1,Gains In Performance
2008-12-20,60,Good Lord Willing,Little Big Town,NEW,1,Gains In Performance
2008-12-27,1,Roll With Me,Montgomery Gentry,1,21,
2008-12-27,2,Here,Rascal Flatts,5,15,Gains In Performance
2008-12-27,3,Chicken Fried,Zac Brown Band,2,26,
2008-12-27,4,Already Gone,Sugarland,4,16,Gains In Performance
2008-12-27,5,Start A Band,Brad Paisley Duet With Keith Urban,6,14,Gains In Performance
2008-12-27,6,Let It Go,Tim McGraw,3,22,
2008-12-27,7,Country Boy,Alan Jackson,7,12,Gains In Performance
2008-12-27,8,Don't,Billy Currington,9,22,Gains In Performance
2008-12-27,9,Feel That Fire,Dierks Bentley,8,13,Gains In Performance
2008-12-27,10,In Color,Jamey Johnson,10,37,Gains In Performance
2008-12-27,11,She Wouldn't Be Gone,Blake Shelton,12,19,Gains In Performance
2008-12-27,12,Lookin' For A Good Time,Lady Antebellum,11,28,Gains In Performance
2008-12-27,13,God Love Her,Toby Keith,15,8,Gains In Performance
2008-12-27,14,Down The Road,Kenny Chesney With Mac McAnally,14,8,Gains In Performance
2008-12-27,15,Cowgirls Don't Cry,Brooks & Dunn Featuring Reba McEntire,13,10,Gains In Performance
2008-12-27,16,Sweet Thing,Keith Urban,16,6,Gains In Performance
2008-12-27,17,River Of Love,George Strait,18,6,Gains In Performance
2008-12-27,18,Anything Goes,Randy Houser,17,28,Gains In Performance
2008-12-27,19,Let Me,Pat Green,19,27,Gains In Performance
2008-12-27,20,White Horse,Taylor Swift,26,3,Gains In Performance
2008-12-27,21,It Won't Be Like This For Long,Darius Rucker,23,9,Gains In Performance
2008-12-27,22,Don't Think I Can't Love You,Jake Owen,21,18,Gains In Performance
2008-12-27,23,Last Call,Lee Ann Womack,20,23,Gains In Performance
2008-12-27,24,That's A Man,Jack Ingram,24,11,Gains In Performance
2008-12-27,25,Ride,Martina McBride,27,7,Gains In Performance
2008-12-27,26,More Like Her,Miranda Lambert,28,17,Gains In Performance
2008-12-27,27,Everything Is Fine,Josh Turner,25,17,Gains In Performance
2008-12-27,28,I Will,Jimmy Wayne,29,10,Gains In Performance
2008-12-27,29,It's America,Rodney Atkins,32,5,Gains In Performance
2008-12-27,30,She's So California,Gary Allan,30,10,Gains In Performance
2008-12-27,31,Always The Love Songs,Eli Young Band,31,15,Gains In Performance
2008-12-27,32,Cheater Cheater,Joey + Rory,33,14,Gains In Performance
2008-12-27,33,How 'Bout You Don't,The Lost Trailers,34,10,Gains In Performance
2008-12-27,34,She's Country,Jason Aldean,35,4,Gains In Performance
2008-12-27,35,Forever,John Michael Montgomery,36,11,Gains In Performance
2008-12-27,36,Jingle Bell Rock,Rascal Flatts,37,3,Gains In Performance
2008-12-27,37,Where I'm From,Jason Michael Carroll,44,4,Gains In Performance
2008-12-27,38,Space,Sarah Buxton,38,8,Gains In Performance
2008-12-27,39,Brothers,Dean Brody,41,8,Gains In Performance
2008-12-27,40,Belongs To You,Emerson Drive,39,5,Gains In Performance
2008-12-27,41,Cry Cry ('til The Sun Shines),Heidi Newfield,40,6,Gains In Performance
2008-12-27,42,A Baby Changes Everything,Faith Hill,47,3,Gains In Performance
2008-12-27,43,These Are The Good Old Days,James Otto,49,8,Gains In Performance
2008-12-27,44,Run Run Rudolph,Luke Bryan,53,2,Gains In Performance
2008-12-27,45,Blue Christmas,Elvis Presley With Martina McBride,43,2,Gains In Performance
2008-12-27,46,Best Days Of Your Life,Kellie Pickler,46,5,Gains In Performance
2008-12-27,47,White Christmas,Rascal Flatts,48,3,Gains In Performance
2008-12-27,48,What If It All Goes Right,Melissa Lawson,45,7,Gains In Performance
2008-12-27,49,What It Takes,Adam Gregory,52,5,Gains In Performance
2008-12-27,50,I'll Be Home For Christmas,Rascal Flatts,51,3,Gains In Performance
2008-12-27,51,Cold,Jeremy McComb,50,7,Gains In Performance
2008-12-27,52,Everything,Jessica Andrews,54,3,Gains In Performance
2008-12-27,53,Santa Claus Is Coming To Town,Faith Hill,59,2,Gains In Performance
2008-12-27,54,Hark! The Herald Angels Sing,Carrie Underwood,NEW,1,Highest ranking debut|Gains In Performance
2008-12-27,55,Good Lord Willing,Little Big Town,60,2,Gains In Performance
2008-12-27,56,I'll Be Home For Christmas,Elvis Presley With Carrie Underwood,58,3,Gains In Performance
2008-12-27,57,Like A Woman,Jamie O'Neal,55,5,Gains In Performance
2008-12-27,58,Telluride,Josh Gracin,NEW,1,Gains In Performance
2008-12-27,59,Little Drummer Boy,Faith Hill,NEW,1,Gains In Performance
2008-12-27,60,Might Have Been,Steve Holy,NEW,1,Gains In Performance
2009-01-03,1,Here,Rascal Flatts,2,16,Gains In Performance
2009-01-03,2,Roll With Me,Montgomery Gentry,1,22,
2009-01-03,3,Already Gone,Sugarland,4,17,
2009-01-03,4,Chicken Fried,Zac Brown Band,3,27,
2009-01-03,5,Start A Band,Brad Paisley Duet With Keith Urban,5,15,Gains In Performance
2009-01-03,6,Country Boy,Alan Jackson,7,13,Gains In Performance
2009-01-03,7,Don't,Billy Currington,8,23,Gains In Performance
2009-01-03,8,Feel That Fire,Dierks Bentley,9,14,Gains In Performance
2009-01-03,9,In Color,Jamey Johnson,10,38,
2009-01-03,10,She Wouldn't Be Gone,Blake Shelton,11,20,Gains In Performance
2009-01-03,11,God Love Her,Toby Keith,13,9,Gains In Performance
2009-01-03,12,Sweet Thing,Keith Urban,16,7,Gains In Performance
2009-01-03,13,Down The Road,Kenny Chesney With Mac McAnally,14,9,Gains In Performance
2009-01-03,14,Cowgirls Don't Cry,Brooks & Dunn Featuring Reba McEntire,15,11,Gains In Performance
2009-01-03,15,Lookin' For A Good Time,Lady Antebellum,12,29,
2009-01-03,16,River Of Love,George Strait,17,7,Gains In Performance
2009-01-03,17,Anything Goes,Randy Houser,18,29,
2009-01-03,18,Let Me,Pat Green,19,28,
2009-01-03,19,White Horse,Taylor Swift,20,4,Greatest gainer this week|Gains In Performance
2009-01-03,20,It Won't Be Like This For Long,Darius Rucker,21,10,Gains In Performance
2009-01-03,21,Last Call,Lee Ann Womack,23,24,Gains In Performance
2009-01-03,22,Don't Think I Can't Love You,Jake Owen,22,19,Gains In Performance
2009-01-03,23,That's A Man,Jack Ingram,24,12,Gains In Performance
2009-01-03,24,More Like Her,Miranda Lambert,26,18,Gains In Performance
2009-01-03,25,Everything Is Fine,Josh Turner,27,18,Gains In Performance
2009-01-03,26,Ride,Martina McBride,25,8,Gains In Performance
2009-01-03,27,It's America,Rodney Atkins,29,6,Gains In Performance
2009-01-03,28,I Will,Jimmy Wayne,28,11,Gains In Performance
2009-01-03,29,She's So California,Gary Allan,30,11,Gains In Performance
2009-01-03,30,Always The Love Songs,Eli Young Band,31,16,
2009-01-03,31,She's Country,Jason Aldean,34,5,Gains In Performance
2009-01-03,32,Cheater Cheater,Joey + Rory,32,15,
2009-01-03,33,How 'Bout You Don't,The Lost Trailers,33,11,Gains In Performance
2009-01-03,34,Jingle Bell Rock,Rascal Flatts,36,4,Gains In Performance
2009-01-03,35,Forever,John Michael Montgomery,35,12,
2009-01-03,36,Blue Christmas,Elvis Presley With Martina McBride,45,3,Gains In Performance
2009-01-03,37,A Baby Changes Everything,Faith Hill,42,4,Gains In Performance
2009-01-03,38,Where I'm From,Jason Michael Carroll,37,5,Gains In Performance
2009-01-03,39,Brothers,Dean Brody,39,9,Gains In Performance
2009-01-03,40,Belongs To You,Emerson Drive,40,6,Gains In Performance
2009-01-03,41,I'll Be Home For Christmas,Rascal Flatts,50,4,Gains In Performance
2009-01-03,42,White Christmas,Rascal Flatts,47,4,Gains In Performance
2009-01-03,43,Space,Sarah Buxton,38,9,Gains In Performance
2009-01-03,44,Run Run Rudolph,Luke Bryan,44,3,Gains In Performance
2009-01-03,45,Cry Cry ('til The Sun Shines),Heidi Newfield,41,7,Gains In Performance
2009-01-03,46,These Are The Good Old Days,James Otto,43,9,Gains In Performance
2009-01-03,47,Best Days Of Your Life,Kellie Pickler,46,6,
2009-01-03,48,Hark! The Herald Angels Sing,Carrie Underwood,54,2,Gains In Performance
2009-01-03,49,Winter Wonderland,Darius Rucker,NEW,1,Highest ranking debut|Gains In Performance
2009-01-03,50,Cold,Jeremy McComb,51,8,Gains In Performance
2009-01-03,51,What It Takes,Adam Gregory,49,6,
2009-01-03,52,Joy To The World!,Faith Hill,RE,2,Gains In Performance
2009-01-03,53,Santa Claus Is Coming To Town,Faith Hill,53,3,Gains In Performance
2009-01-03,54,I'll Be Home For Christmas,Elvis Presley With Carrie Underwood,56,4,Gains In Performance
2009-01-03,55,Everything,Jessica Andrews,52,4,Gains In Performance
2009-01-03,56,Telluride,Josh Gracin,58,2,Gains In Performance
2009-01-03,57,Nothin' To Die For,Tim McGraw,NEW,1,Gains In Performance
2009-01-03,58,Good Lord Willing,Little Big Town,55,3,Gains In Performance
2009-01-03,59,Little Drummer Boy,Faith Hill,59,2,Gains In Performance
2009-01-03,60,All I Want For Christmas Is You,Whitney Duncan,NEW,1,Gains In Performance
2009-01-10,1,Here,Rascal Flatts,1,17,
2009-01-10,2,Already Gone,Sugarland,3,18,
2009-01-10,3,Chicken Fried,Zac Brown Band,4,28,
2009-01-10,4,Roll With Me,Montgomery Gentry,2,23,
2009-01-10,5,Start A Band,Brad Paisley Duet With Keith Urban,5,16,
2009-01-10,6,Country Boy,Alan Jackson,6,14,
2009-01-10,7,Don't,Billy Currington,7,24,
2009-01-10,8,Feel That Fire,Dierks Bentley,8,15,
2009-01-10,9,In Color,Jamey Johnson,9,39,
2009-01-10,10,She Wouldn't Be Gone,Blake Shelton,10,21,
2009-01-10,11,God Love Her,Toby Keith,11,10,
2009-01-10,12,Down The Road,Kenny Chesney With Mac McAnally,13,10,
2009-01-10,13,Sweet Thing,Keith Urban,12,8,
2009-01-10,14,Cowgirls Don't Cry,Brooks & Dunn Featuring Reba McEntire,14,12,
2009-01-10,15,Lookin' For A Good Time,Lady Antebellum,15,30,
2009-01-10,16,River Of Love,George Strait,16,8,
2009-01-10,17,Anything Goes,Randy Houser,17,30,
2009-01-10,18,Let Me,Pat Green,18,29,
2009-01-10,19,White Horse,Taylor Swift,19,5,
2009-01-10,20,It Won't Be Like This For Long,Darius Rucker,20,11,
2009-01-10,21,Last Call,Lee Ann Womack,21,25,
2009-01-10,22,Don't Think I Can't Love You,Jake Owen,22,20,
2009-01-10,23,That's A Man,Jack Ingram,23,13,
2009-01-10,24,More Like Her,Miranda Lambert,24,19,
2009-01-10,25,Everything Is Fine,Josh Turner,25,19,
2009-01-10,26,Ride,Martina McBride,26,9,
2009-01-10,27,It's America,Rodney Atkins,27,7,
2009-01-10,28,I Will,Jimmy Wayne,28,12,
2009-01-10,29,Jingle Bell Rock,Rascal Flatts,34,5,Greatest gainer this week|Gains In Performance
2009-01-10,30,She's So California,Gary Allan,29,12,
2009-01-10,31,Always The Love Songs,Eli Young Band,30,17,
2009-01-10,32,White Christmas,Rascal Flatts,42,5,Gains In Performance
2009-01-10,33,She's Country,Jason Aldean,31,6,
2009-01-10,34,I'll Be Home For Christmas,Rascal Flatts,41,5,Gains In Performance
2009-01-10,35,How 'Bout You Don't,The Lost Trailers,33,12,
2009-01-10,36,A Baby Changes Everything,Faith Hill,37,5,Gains In Performance
2009-01-10,37,Cheater Cheater,Joey + Rory,32,16,
2009-01-10,38,Blue Christmas,Elvis Presley With Martina McBride,36,4,Gains In Performance
2009-01-10,39,O Holy Night,Carrie Underwood,NEW,1,Highest ranking debut|Gains In Performance
2009-01-10,40,Forever,John Michael Montgomery,35,13,
2009-01-10,41,Hark! The Herald Angels Sing,Carrie Underwood,48,3,Gains In Performance
2009-01-10,42,Run Run Rudolph,Luke Bryan,44,4,Gains In Performance
2009-01-10,43,Where I'm From,Jason Michael Carroll,38,6,
2009-01-10,44,Joy To The World!,Faith Hill,52,3,Gains In Performance
2009-01-10,45,Belongs To You,Emerson Drive,40,7,
2009-01-10,46,Brothers,Dean Brody,39,10,
2009-01-10,47,Cry Cry ('til The Sun Shines),Heidi Newfield,45,8,Gains In Performance
2009-01-10,48,Space,Sarah Buxton,43,10,
2009-01-10,49,Nothin' To Die For,Tim McGraw,57,2,Gains In Performance
2009-01-10,50,The First Noel,Carrie Underwood,NEW,1,Gains In Performance
2009-01-10,51,What Child Is This,Carrie Underwood,NEW,1,Gains In Performance
2009-01-10,52,These Are The Good Old Days,James Otto,46,10,
2009-01-10,53,Best Days Of Your Life,Kellie Pickler,47,7,Gains In Performance
2009-01-10,54,Winter Wonderland,Darius Rucker,49,2,Gains In Performance
2009-01-10,55,I'll Be Home For Christmas,Elvis Presley With Carrie Underwood,54,5,Gains In Performance
2009-01-10,56,Cold,Jeremy McComb,50,9,
2009-01-10,57,What It Takes,Adam Gregory,51,7,
2009-01-10,58,Little Drummer Boy,Faith Hill,59,3,Gains In Performance
2009-01-10,59,Santa Claus Is Coming To Town,Faith Hill,53,4,
2009-01-10,60,O Come All Ye Faithful,Faith Hill,NEW,1,Gains In Performance
2009-01-17,1,Already Gone,Sugarland,2,19,Gains In Performance
2009-01-17,2,Here,Rascal Flatts,1,18,Gains In Performance
2009-01-17,3,Start A Band,Brad Paisley Duet With Keith Urban,5,17,Greatest gainer this week|Gains In Performance
2009-01-17,4,Chicken Fried,Zac Brown Band,3,29,Gains In Performance
2009-01-17,5,Roll With Me,Montgomery Gentry,4,24,Gains In Performance
2009-01-17,6,Country Boy,Alan Jackson,6,15,Gains In Performance
2009-01-17,7,Don't,Billy Currington,7,25,Gains In Performance
2009-01-17,8,Feel That Fire,Dierks Bentley,8,16,Gains In Performance
2009-01-17,9,She Wouldn't Be Gone,Blake Shelton,10,22,Gains In Performance
2009-01-17,10,Down The Road,Kenny Chesney With Mac McAnally,12,11,Gains In Performance
2009-01-17,11,In Color,Jamey Johnson,9,40,Gains In Performance
2009-01-17,12,Sweet Thing,Keith Urban,13,9,Gains In Performance
2009-01-17,13,God Love Her,Toby Keith,11,11,Gains In Performance
2009-01-17,14,Cowgirls Don't Cry,Brooks & Dunn Featuring Reba McEntire,14,13,Gains In Performance
2009-01-17,15,Lookin' For A Good Time,Lady Antebellum,15,31,Gains In Performance
2009-01-17,16,River Of Love,George Strait,16,9,Gains In Performance
2009-01-17,17,Anything Goes,Randy Houser,17,31,Gains In Performance
2009-01-17,18,It Won't Be Like This For Long,Darius Rucker,20,12,Gains In Performance
2009-01-17,19,Let Me,Pat Green,18,30,Gains In Performance
2009-01-17,20,White Horse,Taylor Swift,19,6,Gains In Performance
2009-01-17,21,Last Call,Lee Ann Womack,21,26,Gains In Performance
2009-01-17,22,Don't Think I Can't Love You,Jake Owen,22,21,Gains In Performance
2009-01-17,23,That's A Man,Jack Ingram,23,14,Gains In Performance
2009-01-17,24,More Like Her,Miranda Lambert,24,20,Gains In Performance
2009-01-17,25,Ride,Martina McBride,26,10,Gains In Performance
2009-01-17,26,Everything Is Fine,Josh Turner,25,20,Gains In Performance
2009-01-17,27,It's America,Rodney Atkins,27,8,Gains In Performance
2009-01-17,28,I Will,Jimmy Wayne,28,13,Gains In Performance
2009-01-17,29,She's So California,Gary Allan,30,13,Gains In Performance
2009-01-17,30,Always The Love Songs,Eli Young Band,31,18,Gains In Performance
2009-01-17,31,She's Country,Jason Aldean,33,7,Gains In Performance
2009-01-17,32,Cheater Cheater,Joey + Rory,37,17,Gains In Performance
2009-01-17,33,How 'Bout You Don't,The Lost Trailers,35,13,Gains In Performance
2009-01-17,34,Forever,John Michael Montgomery,40,14,Gains In Performance
2009-01-17,35,Nothin' To Die For,Tim McGraw,49,3,Gains In Performance
2009-01-17,36,Where I'm From,Jason Michael Carroll,43,7,Gains In Performance
2009-01-17,37,Belongs To You,Emerson Drive,45,8,Gains In Performance
2009-01-17,38,Brothers,Dean Brody,46,11,Gains In Performance
2009-01-17,39,Space,Sarah Buxton,48,11,Gains In Performance
2009-01-17,40,These Are The Good Old Days,James Otto,52,11,Gains In Performance
2009-01-17,41,Cry Cry ('til The Sun Shines),Heidi Newfield,47,9,Gains In Performance
2009-01-17,42,Best Days Of Your Life,Kellie Pickler,53,8,Gains In Performance
2009-01-17,43,Cold,Jeremy McComb,56,10,Gains In Performance
2009-01-17,44,What It Takes,Adam Gregory,57,8,Gains In Performance
2009-01-17,45,Telluride,Josh Gracin,RE,3,Gains In Performance
2009-01-17,46,Good Lord Willing,Little Big Town,RE,4,Gains In Performance
2009-01-17,47,Everything,Jessica Andrews,RE,5,Gains In Performance
2009-01-17,48,What If It All Goes Right,Melissa Lawson,RE,8,Gains In Performance
2009-01-17,49,Marry For Money,Trace Adkins,NEW,1,Highest ranking debut|Gains In Performance
2009-01-17,50,Like A Woman,Jamie O'Neal,RE,6,Gains In Performance
2009-01-17,51,That's How It Still Oughta Be,Trent Tomlinson,NEW,1,Gains In Performance
2009-01-17,52,Shine,Matt Stillwell,RE,3,Gains In Performance
2009-01-17,53,How Do I Just Stop,Richie McDonald,NEW,1,Gains In Performance
2009-01-17,54,God Must Really Love Me,Craig Morgan,NEW,1,Gains In Performance
2009-01-17,55,I Wish,Point Of Grace,NEW,1,Gains In Performance
2009-01-17,56,Might Have Been,Steve Holy,RE,2,Gains In Performance
2009-01-17,57,You're My Life,Steve Azar,NEW,1,Gains In Performance
2009-01-17,58,My Roots Are Showing,Crystal Shawanda,NEW,1,Gains In Performance
2009-01-17,59,You Can't Hide Redneck,Tracy Lawrence,RE,2,Gains In Performance
2009-01-17,60,Bartender Song,Rehab Featuring Hank Williams Jr.,NEW,1,Gains In Performance
2009-01-24,1,Start A Band,Brad Paisley Duet With Keith Urban,3,18,Gains In Performance
2009-01-24,2,Already Gone,Sugarland,1,20,Gains In Performance
2009-01-24,3,Here,Rascal Flatts,2,19,
2009-01-24,4,Don't,Billy Currington,7,26,Gains In Performance
2009-01-24,5,Country Boy,Alan Jackson,6,16,Gains In Performance
2009-01-24,6,Chicken Fried,Zac Brown Band,4,30,
2009-01-24,7,Roll With Me,Montgomery Gentry,5,25,
2009-01-24,8,Feel That Fire,Dierks Bentley,8,17,Gains In Performance
2009-01-24,9,She Wouldn't Be Gone,Blake Shelton,9,23,Greatest gainer this week|Gains In Performance
2009-01-24,10,God Love Her,Toby Keith,13,12,Gains In Performance
2009-01-24,11,Down The Road,Kenny Chesney With Mac McAnally,10,12,Gains In Performance
2009-01-24,12,Sweet Thing,Keith Urban,12,10,Gains In Performance
2009-01-24,13,Cowgirls Don't Cry,Brooks & Dunn Featuring Reba McEntire,14,14,Gains In Performance
2009-01-24,14,River Of Love,George Strait,16,10,Gains In Performance
2009-01-24,15,White Horse,Taylor Swift,20,7,Gains In Performance
2009-01-24,16,It Won't Be Like This For Long,Darius Rucker,18,13,Gains In Performance
2009-01-24,17,Anything Goes,Randy Houser,17,32,
2009-01-24,18,Let Me,Pat Green,19,31,Gains In Performance
2009-01-24,19,Last Call,Lee Ann Womack,21,27,Gains In Performance
2009-01-24,20,Don't Think I Can't Love You,Jake Owen,22,22,Gains In Performance
2009-01-24,21,That's A Man,Jack Ingram,23,15,Gains In Performance
2009-01-24,22,More Like Her,Miranda Lambert,24,21,Gains In Performance
2009-01-24,23,Ride,Martina McBride,25,11,Gains In Performance
2009-01-24,24,It's America,Rodney Atkins,27,9,Gains In Performance
2009-01-24,25,Everything Is Fine,Josh Turner,26,21,Gains In Performance
2009-01-24,26,I Will,Jimmy Wayne,28,14,Gains In Performance
2009-01-24,27,She's So California,Gary Allan,29,14,Gains In Performance
2009-01-24,28,Always The Love Songs,Eli Young Band,30,19,Gains In Performance
2009-01-24,29,She's Country,Jason Aldean,31,8,Gains In Performance
2009-01-24,30,How 'Bout You Don't,The Lost Trailers,33,14,Gains In Performance
2009-01-24,31,Nothin' To Die For,Tim McGraw,35,4,Gains In Performance
2009-01-24,32,Cheater Cheater,Joey + Rory,32,18,Gains In Performance
2009-01-24,33,Forever,John Michael Montgomery,34,15,Gains In Performance
2009-01-24,34,Where I'm From,Jason Michael Carroll,36,8,Gains In Performance
2009-01-24,35,Cry Cry ('til The Sun Shines),Heidi Newfield,41,10,Gains In Performance
2009-01-24,36,Belongs To You,Emerson Drive,37,9,Gains In Performance
2009-01-24,37,Marry For Money,Trace Adkins,49,2,Gains In Performance
2009-01-24,38,Space,Sarah Buxton,39,12,Gains In Performance
2009-01-24,39,Brothers,Dean Brody,38,12,Gains In Performance
2009-01-24,40,Best Days Of Your Life,Kellie Pickler,42,9,Gains In Performance
2009-01-24,41,These Are The Good Old Days,James Otto,40,12,Gains In Performance
2009-01-24,42,What It Takes,Adam Gregory,44,9,Gains In Performance
2009-01-24,43,Cold,Jeremy McComb,43,11,
2009-01-24,44,Telluride,Josh Gracin,45,4,Gains In Performance
2009-01-24,45,Everything,Jessica Andrews,47,6,Gains In Performance
2009-01-24,46,God Must Really Love Me,Craig Morgan,54,2,Gains In Performance
2009-01-24,47,That's How It Still Oughta Be,Trent Tomlinson,51,2,Gains In Performance
2009-01-24,48,Good Lord Willing,Little Big Town,46,5,
2009-01-24,49,What If It All Goes Right,Melissa Lawson,48,9,
2009-01-24,50,Like A Woman,Jamie O'Neal,50,7,Gains In Performance
2009-01-24,51,Another You,John Rich,NEW,1,Highest ranking debut|Gains In Performance
2009-01-24,52,You're My Life,Steve Azar,57,2,Gains In Performance
2009-01-24,53,Shine,Matt Stillwell,52,4,Gains In Performance
2009-01-24,54,Whatever It Is,Zac Brown Band,NEW,1,Gains In Performance
2009-01-24,55,I Wish,Point Of Grace,55,2,Gains In Performance
2009-01-24,56,How Do I Just Stop,Richie McDonald,53,2,
2009-01-24,57,My Roots Are Showing,Crystal Shawanda,58,2,Gains In Performance
2009-01-24,58,Might Have Been,Steve Holy,56,3,
2009-01-24,59,Low,Sara Evans,RE,2,Gains In Performance
2009-01-24,60,You Can't Hide Redneck,Tracy Lawrence,59,3,
2009-01-31,1,Country Boy,Alan Jackson,5,17,Gains In Performance
2009-01-31,2,Start A Band,Brad Paisley Duet With Keith Urban,1,19,
2009-01-31,3,She Wouldn't Be Gone,Blake Shelton,9,24,Gains In Performance
2009-01-31,4,Don't,Billy Currington,4,27,Gains In Performance
2009-01-31,5,Feel That Fire,Dierks Bentley,8,18,Gains In Performance
2009-01-31,6,God Love Her,Toby Keith,10,13,Gains In Performance
2009-01-31,7,Down The Road,Kenny Chesney With Mac McAnally,11,13,Gains In Performance
2009-01-31,8,Sweet Thing,Keith Urban,12,11,Gains In Performance
2009-01-31,9,Cowgirls Don't Cry,Brooks & Dunn Featuring Reba McEntire,13,15,Gains In Performance
2009-01-31,10,Already Gone,Sugarland,2,21,
2009-01-31,11,Here,Rascal Flatts,3,20,
2009-01-31,12,River Of Love,George Strait,14,11,Gains In Performance
2009-01-31,13,White Horse,Taylor Swift,15,8,Gains In Performance
2009-01-31,14,It Won't Be Like This For Long,Darius Rucker,16,14,Gains In Performance
2009-01-31,15,Let Me,Pat Green,18,32,Gains In Performance
2009-01-31,16,Last Call,Lee Ann Womack,19,28,Gains In Performance
2009-01-31,17,Don't Think I Can't Love You,Jake Owen,20,23,Gains In Performance
2009-01-31,18,It's America,Rodney Atkins,24,10,Gains In Performance
2009-01-31,19,That's A Man,Jack Ingram,21,16,Gains In Performance
2009-01-31,20,More Like Her,Miranda Lambert,22,22,Gains In Performance
2009-01-31,21,Ride,Martina McBride,23,12,Gains In Performance
2009-01-31,22,Everything Is Fine,Josh Turner,25,22,Gains In Performance
2009-01-31,23,I Will,Jimmy Wayne,26,15,Gains In Performance
2009-01-31,24,Nothin' To Die For,Tim McGraw,31,5,Greatest gainer this week|Gains In Performance
2009-01-31,25,She's Country,Jason Aldean,29,9,Gains In Performance
2009-01-31,26,Always The Love Songs,Eli Young Band,28,20,Gains In Performance
2009-01-31,27,She's So California,Gary Allan,27,15,Gains In Performance
2009-01-31,28,How 'Bout You Don't,The Lost Trailers,30,15,Gains In Performance
2009-01-31,29,Marry For Money,Trace Adkins,37,3,Gains In Performance
2009-01-31,30,Cheater Cheater,Joey + Rory,32,19,Gains In Performance
2009-01-31,31,Forever,John Michael Montgomery,33,16,Gains In Performance
2009-01-31,32,Where I'm From,Jason Michael Carroll,34,9,Gains In Performance
2009-01-31,33,Belongs To You,Emerson Drive,36,10,Gains In Performance
2009-01-31,34,Cry Cry ('til The Sun Shines),Heidi Newfield,35,11,Gains In Performance
2009-01-31,35,Brothers,Dean Brody,39,13,Gains In Performance
2009-01-31,36,These Are The Good Old Days,James Otto,41,13,Gains In Performance
2009-01-31,37,I Told You So,Carrie Underwood Featuring Randy Travis,NEW,1,Highest ranking debut|Gains In Performance
2009-01-31,38,Space,Sarah Buxton,38,13,Gains In Performance
2009-01-31,39,Best Days Of Your Life,Kellie Pickler,40,10,Gains In Performance
2009-01-31,40,Telluride,Josh Gracin,44,5,Gains In Performance
2009-01-31,41,What It Takes,Adam Gregory,42,10,Gains In Performance
2009-01-31,42,God Must Really Love Me,Craig Morgan,46,3,Gains In Performance
2009-01-31,43,What If It All Goes Right,Melissa Lawson,49,10,Gains In Performance
2009-01-31,44,Cold,Jeremy McComb,43,12,
2009-01-31,45,Like A Woman,Jamie O'Neal,50,8,Gains In Performance
2009-01-31,46,Everything,Jessica Andrews,45,7,Gains In Performance
2009-01-31,47,Whatever It Is,Zac Brown Band,54,2,Gains In Performance
2009-01-31,48,Another You,John Rich,51,2,Gains In Performance
2009-01-31,49,That's How It Still Oughta Be,Trent Tomlinson,47,3,Gains In Performance
2009-01-31,50,I Run To You,Lady Antebellum,NEW,1,Gains In Performance
2009-01-31,51,Good Lord Willing,Little Big Town,48,6,
2009-01-31,52,The More Boys I Meet,Carrie Underwood,NEW,1,Gains In Performance
2009-01-31,53,Shine,Matt Stillwell,53,5,
2009-01-31,54,How Do I Just Stop,Richie McDonald,56,3,Gains In Performance
2009-01-31,55,You're My Life,Steve Azar,52,3,
2009-01-31,56,I Wish,Point Of Grace,55,3,
2009-01-31,57,You Can't Hide Redneck,Tracy Lawrence,60,4,Gains In Performance
2009-01-31,58,My Roots Are Showing,Crystal Shawanda,57,3,Gains In Performance
2009-01-31,59,Man Of The House,Chuck Wicks,NEW,1,Gains In Performance
2009-01-31,60,She Could've Been Mine,Keith Anderson,NEW,1,Gains In Performance
2009-02-07,1,She Wouldn't Be Gone,Blake Shelton,3,25,Gains In Performance
2009-02-07,2,Don't,Billy Currington,4,28,Gains In Performance
2009-02-07,3,Country Boy,Alan Jackson,1,18,Gains In Performance
2009-02-07,4,Feel That Fire,Dierks Bentley,5,19,Gains In Performance
2009-02-07,5,God Love Her,Toby Keith,6,14,Gains In Performance
2009-02-07,6,Down The Road,Kenny Chesney With Mac McAnally,7,14,Gains In Performance
2009-02-07,7,Sweet Thing,Keith Urban,8,12,Gains In Performance
2009-02-07,8,Cowgirls Don't Cry,Brooks & Dunn Featuring Reba McEntire,9,16,Gains In Performance
2009-02-07,9,Start A Band,Brad Paisley Duet With Keith Urban,2,20,
2009-02-07,10,River Of Love,George Strait,12,12,Gains In Performance
2009-02-07,11,White Horse,Taylor Swift,13,9,Gains In Performance
2009-02-07,12,It Won't Be Like This For Long,Darius Rucker,14,15,Gains In Performance
2009-02-07,13,Let Me,Pat Green,15,33,Gains In Performance
2009-02-07,14,Last Call,Lee Ann Womack,16,29,
2009-02-07,15,Don't Think I Can't Love You,Jake Owen,17,24,Gains In Performance
2009-02-07,16,It's America,Rodney Atkins,18,11,Gains In Performance
2009-02-07,17,Ride,Martina McBride,21,13,Gains In Performance
2009-02-07,18,More Like Her,Miranda Lambert,20,23,Gains In Performance
2009-02-07,19,That's A Man,Jack Ingram,19,17,Gains In Performance
2009-02-07,20,Nothin' To Die For,Tim McGraw,24,6,Gains In Performance
2009-02-07,21,Everything Is Fine,Josh Turner,22,23,Gains In Performance
2009-02-07,22,I Will,Jimmy Wayne,23,16,Gains In Performance
2009-02-07,23,She's Country,Jason Aldean,25,10,Gains In Performance
2009-02-07,24,She's So California,Gary Allan,27,16,Gains In Performance
2009-02-07,25,Always The Love Songs,Eli Young Band,26,21,Gains In Performance
2009-02-07,26,I Told You So,Carrie Underwood Featuring Randy Travis,37,2,Gains In Performance
2009-02-07,27,Marry For Money,Trace Adkins,29,4,Gains In Performance
2009-02-07,28,How 'Bout You Don't,The Lost Trailers,28,16,Gains In Performance
2009-02-07,29,Here Comes Goodbye,Rascal Flatts,NEW,1,Highest ranking debut|Gains In Performance
2009-02-07,30,Where I'm From,Jason Michael Carroll,32,10,Gains In Performance
2009-02-07,31,Forever,John Michael Montgomery,31,17,Gains In Performance
2009-02-07,32,Cheater Cheater,Joey + Rory,30,20,
2009-02-07,33,Cry Cry ('til The Sun Shines),Heidi Newfield,34,12,Gains In Performance
2009-02-07,34,Belongs To You,Emerson Drive,33,11,Gains In Performance
2009-02-07,35,Brothers,Dean Brody,35,14,Gains In Performance
2009-02-07,36,Best Days Of Your Life,Kellie Pickler,39,11,Gains In Performance
2009-02-07,37,These Are The Good Old Days,James Otto,36,14,Gains In Performance
2009-02-07,38,Space,Sarah Buxton,38,14,Gains In Performance
2009-02-07,39,What It Takes,Adam Gregory,41,11,Gains In Performance
2009-02-07,40,Telluride,Josh Gracin,40,6,Gains In Performance
2009-02-07,41,God Must Really Love Me,Craig Morgan,42,4,Gains In Performance
2009-02-07,42,Whatever It Is,Zac Brown Band,47,3,Gains In Performance
2009-02-07,43,Like A Woman,Jamie O'Neal,45,9,Gains In Performance
2009-02-07,44,That's How It Still Oughta Be,Trent Tomlinson,49,4,Gains In Performance
2009-02-07,45,Another You,John Rich,48,3,Gains In Performance
2009-02-07,46,What If It All Goes Right,Melissa Lawson,43,11,
2009-02-07,47,Everything,Jessica Andrews,46,8,Gains In Performance
2009-02-07,48,I Run To You,Lady Antebellum,50,2,Gains In Performance
2009-02-07,49,One In Every Crowd,Montgomery Gentry,NEW,1,Gains In Performance
2009-02-07,50,Good Lord Willing,Little Big Town,51,7,Gains In Performance
2009-02-07,51,The More Boys I Meet,Carrie Underwood,52,2,Gains In Performance
2009-02-07,52,Man Of The House,Chuck Wicks,59,2,Gains In Performance
2009-02-07,53,How Do I Just Stop,Richie McDonald,54,4,Gains In Performance
2009-02-07,54,I Wish,Point Of Grace,56,4,Gains In Performance
2009-02-07,55,Wild At Heart,Gloriana,NEW,1,Gains In Performance
2009-02-07,56,Shine,Matt Stillwell,53,6,
2009-02-07,57,Blue Jeans And A Rosary,Kid Rock,NEW,1,Gains In Performance
2009-02-07,58,She Could've Been Mine,Keith Anderson,60,2,Gains In Performance
2009-02-07,59,You're My Life,Steve Azar,55,4,
2009-02-07,60,Might Have Been,Steve Holy,RE,4,Gains In Performance
2009-02-14,1,She Wouldn't Be Gone,Blake Shelton,1,26,Gains In Performance
2009-02-14,2,Feel That Fire,Dierks Bentley,4,20,Gains In Performance
2009-02-14,3,Down The Road,Kenny Chesney With Mac McAnally,6,15,Gains In Performance
2009-02-14,4,Sweet Thing,Keith Urban,7,13,Gains In Performance
2009-02-14,5,God Love Her,Toby Keith,5,15,Gains In Performance
2009-02-14,6,Don't,Billy Currington,2,29,
2009-02-14,7,Cowgirls Don't Cry,Brooks & Dunn Featuring Reba McEntire,8,17,Gains In Performance
2009-02-14,8,Country Boy,Alan Jackson,3,19,
2009-02-14,9,River Of Love,George Strait,10,13,Gains In Performance
2009-02-14,10,White Horse,Taylor Swift,11,10,Gains In Performance
2009-02-14,11,It Won't Be Like This For Long,Darius Rucker,12,16,Gains In Performance
2009-02-14,12,Let Me,Pat Green,13,34,Gains In Performance
2009-02-14,13,Don't Think I Can't Love You,Jake Owen,15,25,Gains In Performance
2009-02-14,14,It's America,Rodney Atkins,16,12,Gains In Performance
2009-02-14,15,Last Call,Lee Ann Womack,14,30,Gains In Performance
2009-02-14,16,Nothin' To Die For,Tim McGraw,20,7,Gains In Performance
2009-02-14,17,Ride,Martina McBride,17,14,Gains In Performance
2009-02-14,18,That's A Man,Jack Ingram,19,18,Gains In Performance
2009-02-14,19,More Like Her,Miranda Lambert,18,24,Gains In Performance
2009-02-14,20,Everything Is Fine,Josh Turner,21,24,Gains In Performance
2009-02-14,21,She's Country,Jason Aldean,23,11,Gains In Performance
2009-02-14,22,I Told You So,Carrie Underwood Featuring Randy Travis,26,3,Gains In Performance
2009-02-14,23,I Will,Jimmy Wayne,22,17,Gains In Performance
2009-02-14,24,Marry For Money,Trace Adkins,27,5,Gains In Performance
2009-02-14,25,Here Comes Goodbye,Rascal Flatts,29,2,Gains In Performance
2009-02-14,26,She's So California,Gary Allan,24,17,Gains In Performance
2009-02-14,27,Always The Love Songs,Eli Young Band,25,22,Gains In Performance
2009-02-14,28,How 'Bout You Don't,The Lost Trailers,28,17,Gains In Performance
2009-02-14,29,Where I'm From,Jason Michael Carroll,30,11,Gains In Performance
2009-02-14,30,Forever,John Michael Montgomery,31,18,Gains In Performance
2009-02-14,31,Cry Cry ('til The Sun Shines),Heidi Newfield,33,13,Gains In Performance
2009-02-14,32,Belongs To You,Emerson Drive,34,12,Gains In Performance
2009-02-14,33,Brothers,Dean Brody,35,15,Gains In Performance
2009-02-14,34,Shuttin' Detroit Down,John Rich,NEW,1,Highest ranking debut|Gains In Performance
2009-02-14,35,Best Days Of Your Life,Kellie Pickler,36,12,Gains In Performance
2009-02-14,36,These Are The Good Old Days,James Otto,37,15,
2009-02-14,37,Telluride,Josh Gracin,40,7,Gains In Performance
2009-02-14,38,Space,Sarah Buxton,38,15,
2009-02-14,39,One In Every Crowd,Montgomery Gentry,49,2,Gains In Performance
2009-02-14,40,Whatever It Is,Zac Brown Band,42,4,Gains In Performance
2009-02-14,41,God Must Really Love Me,Craig Morgan,41,5,Gains In Performance
2009-02-14,42,I Run To You,Lady Antebellum,48,3,Gains In Performance
2009-02-14,43,What It Takes,Adam Gregory,39,12,
2009-02-14,44,What If It All Goes Right,Melissa Lawson,46,12,Gains In Performance
2009-02-14,45,That's How It Still Oughta Be,Trent Tomlinson,44,5,Gains In Performance
2009-02-14,46,Good Lord Willing,Little Big Town,50,8,Gains In Performance
2009-02-14,47,Like A Woman,Jamie O'Neal,43,10,
2009-02-14,48,Everything,Jessica Andrews,47,9,Gains In Performance
2009-02-14,49,Another You,John Rich,45,4,
2009-02-14,50,The More Boys I Meet,Carrie Underwood,51,3,Gains In Performance
2009-02-14,51,Man Of The House,Chuck Wicks,52,3,Gains In Performance
2009-02-14,52,Sounds Like Life To Me,Darryl Worley,NEW,1,Gains In Performance
2009-02-14,53,How Do I Just Stop,Richie McDonald,53,5,Gains In Performance
2009-02-14,54,I Wish,Point Of Grace,54,5,Gains In Performance
2009-02-14,55,Wild At Heart,Gloriana,55,2,Gains In Performance
2009-02-14,56,Blue Jeans And A Rosary,Kid Rock,57,2,Gains In Performance
2009-02-14,57,She Could've Been Mine,Keith Anderson,58,3,Gains In Performance
2009-02-14,58,The 12th Man,Dusty Drake,NEW,1,Gains In Performance
2009-02-14,59,You're My Life,Steve Azar,59,5,Gains In Performance
2009-02-14,60,What Would You Say,Trailer Choir,NEW,1,Gains In Performance
2009-02-21,1,Feel That Fire,Dierks Bentley,2,21,Gains In Performance
2009-02-21,2,Down The Road,Kenny Chesney With Mac McAnally,3,16,Gains In Performance
2009-02-21,3,Sweet Thing,Keith Urban,4,14,Gains In Performance
2009-02-21,4,God Love Her,Toby Keith,5,16,Gains In Performance
2009-02-21,5,She Wouldn't Be Gone,Blake Shelton,1,27,
2009-02-21,6,Cowgirls Don't Cry,Brooks & Dunn Featuring Reba McEntire,7,18,Gains In Performance
2009-02-21,7,Don't,Billy Currington,6,30,
2009-02-21,8,It Won't Be Like This For Long,Darius Rucker,11,17,Gains In Performance
2009-02-21,9,River Of Love,George Strait,9,14,Gains In Performance
2009-02-21,10,White Horse,Taylor Swift,10,11,Gains In Performance
2009-02-21,11,Country Boy,Alan Jackson,8,20,
2009-02-21,12,Don't Think I Can't Love You,Jake Owen,13,26,Gains In Performance
2009-02-21,13,Nothin' To Die For,Tim McGraw,16,8,Gains In Performance
2009-02-21,14,It's America,Rodney Atkins,14,13,Gains In Performance
2009-02-21,15,Last Call,Lee Ann Womack,15,31,Gains In Performance
2009-02-21,16,Ride,Martina McBride,17,15,Gains In Performance
2009-02-21,17,More Like Her,Miranda Lambert,19,25,Gains In Performance
2009-02-21,18,I Told You So,Carrie Underwood Featuring Randy Travis,22,4,Gains In Performance
2009-02-21,19,That's A Man,Jack Ingram,18,19,Gains In Performance
2009-02-21,20,Here Comes Goodbye,Rascal Flatts,25,3,Greatest gainer this week|Gains In Performance
2009-02-21,21,She's Country,Jason Aldean,21,12,Gains In Performance
2009-02-21,22,Everything Is Fine,Josh Turner,20,25,Gains In Performance
2009-02-21,23,I Will,Jimmy Wayne,23,18,Gains In Performance
2009-02-21,24,Marry For Money,Trace Adkins,24,6,Gains In Performance
2009-02-21,25,Always The Love Songs,Eli Young Band,27,23,Gains In Performance
2009-02-21,26,Shuttin' Detroit Down,John Rich,34,2,Gains In Performance
2009-02-21,27,She's So California,Gary Allan,26,18,
2009-02-21,28,How 'Bout You Don't,The Lost Trailers,28,18,Gains In Performance
2009-02-21,29,Where I'm From,Jason Michael Carroll,29,12,Gains In Performance
2009-02-21,30,Forever,John Michael Montgomery,30,19,Gains In Performance
2009-02-21,31,Brothers,Dean Brody,33,16,Gains In Performance
2009-02-21,32,Cry Cry ('til The Sun Shines),Heidi Newfield,31,14,
2009-02-21,33,Belongs To You,Emerson Drive,32,13,Gains In Performance
2009-02-21,34,Best Days Of Your Life,Kellie Pickler,35,13,Gains In Performance
2009-02-21,35,I Run To You,Lady Antebellum,42,4,Gains In Performance
2009-02-21,36,One In Every Crowd,Montgomery Gentry,39,3,Gains In Performance
2009-02-21,37,These Are The Good Old Days,James Otto,36,16,Gains In Performance
2009-02-21,38,Whatever It Is,Zac Brown Band,40,5,Gains In Performance
2009-02-21,39,Telluride,Josh Gracin,37,8,Gains In Performance
2009-02-21,40,God Must Really Love Me,Craig Morgan,41,6,Gains In Performance
2009-02-21,41,Space,Sarah Buxton,38,16,
2009-02-21,42,What It Takes,Adam Gregory,43,13,Gains In Performance
2009-02-21,43,Good Lord Willing,Little Big Town,46,9,Gains In Performance
2009-02-21,44,That's How It Still Oughta Be,Trent Tomlinson,45,6,Gains In Performance
2009-02-21,45,Everything,Jessica Andrews,48,10,Gains In Performance
2009-02-21,46,Like A Woman,Jamie O'Neal,47,11,
2009-02-21,47,Man Of The House,Chuck Wicks,51,4,Gains In Performance
2009-02-21,48,Sounds Like Life To Me,Darryl Worley,52,2,Gains In Performance
2009-02-21,49,The More Boys I Meet,Carrie Underwood,50,4,Gains In Performance
2009-02-21,50,What If It All Goes Right,Melissa Lawson,44,13,
2009-02-21,51,How Do I Just Stop,Richie McDonald,53,6,
2009-02-21,52,I Wish,Point Of Grace,54,6,
2009-02-21,53,Blue Jeans And A Rosary,Kid Rock,56,3,Gains In Performance
2009-02-21,54,Wild At Heart,Gloriana,55,3,Gains In Performance
2009-02-21,55,Small Town USA,Justin Moore,NEW,1,Highest ranking debut|Gains In Performance
2009-02-21,56,She Could've Been Mine,Keith Anderson,57,4,
2009-02-21,57,You're My Life,Steve Azar,59,6,Gains In Performance
2009-02-21,58,Shine,Matt Stillwell,RE,7,Gains In Performance
2009-02-21,59,What Would You Say,Trailer Choir,60,2,
2009-02-21,60,High Cost Of Living,Jamey Johnson,NEW,1,Gains In Performance
2009-02-28,1,Down The Road,Kenny Chesney With Mac McAnally,2,17,Gains In Performance
2009-02-28,2,God Love Her,Toby Keith,4,17,Gains In Performance
2009-02-28,3,Sweet Thing,Keith Urban,3,15,Gains In Performance
2009-02-28,4,Feel That Fire,Dierks Bentley,1,22,
2009-02-28,5,Cowgirls Don't Cry,Brooks & Dunn Featuring Reba McEntire,6,19,Gains In Performance
2009-02-28,6,She Wouldn't Be Gone,Blake Shelton,5,28,
2009-02-28,7,River Of Love,George Strait,9,15,Gains In Performance
2009-02-28,8,It Won't Be Like This For Long,Darius Rucker,8,18,Gains In Performance
2009-02-28,9,White Horse,Taylor Swift,10,12,Gains In Performance
2009-02-28,10,Don't Think I Can't Love You,Jake Owen,12,27,Gains In Performance
2009-02-28,11,Nothin' To Die For,Tim McGraw,13,9,Gains In Performance
2009-02-28,12,It's America,Rodney Atkins,14,14,Gains In Performance
2009-02-28,13,Here Comes Goodbye,Rascal Flatts,20,4,Gains In Performance
2009-02-28,14,I Told You So,Carrie Underwood Featuring Randy Travis,18,5,Gains In Performance
2009-02-28,15,Last Call,Lee Ann Womack,15,32,Gains In Performance
2009-02-28,16,Ride,Martina McBride,16,16,Gains In Performance
2009-02-28,17,She's Country,Jason Aldean,21,13,Gains In Performance
2009-02-28,18,That's A Man,Jack Ingram,19,20,Gains In Performance
2009-02-28,19,More Like Her,Miranda Lambert,17,26,
2009-02-28,20,Everything Is Fine,Josh Turner,22,26,Gains In Performance
2009-02-28,21,Shuttin' Detroit Down,John Rich,26,3,Greatest gainer this week|Gains In Performance
2009-02-28,22,Marry For Money,Trace Adkins,24,7,Gains In Performance
2009-02-28,23,I Will,Jimmy Wayne,23,19,Gains In Performance
2009-02-28,24,Always The Love Songs,Eli Young Band,25,24,Gains In Performance
2009-02-28,25,How 'Bout You Don't,The Lost Trailers,28,19,Gains In Performance
2009-02-28,26,Where I'm From,Jason Michael Carroll,29,13,Gains In Performance
2009-02-28,27,One In Every Crowd,Montgomery Gentry,36,4,Gains In Performance
2009-02-28,28,Forever,John Michael Montgomery,30,20,Gains In Performance
2009-02-28,29,Brothers,Dean Brody,31,17,Gains In Performance
2009-02-28,30,Best Days Of Your Life,Kellie Pickler,34,14,Gains In Performance
2009-02-28,31,I Run To You,Lady Antebellum,35,5,Gains In Performance
2009-02-28,32,Cry Cry ('til The Sun Shines),Heidi Newfield,32,15,Gains In Performance
2009-02-28,33,Belongs To You,Emerson Drive,33,14,
2009-02-28,34,Telluride,Josh Gracin,39,9,Gains In Performance
2009-02-28,35,Whatever It Is,Zac Brown Band,38,6,Gains In Performance
2009-02-28,36,These Are The Good Old Days,James Otto,37,17,Gains In Performance
2009-02-28,37,God Must Really Love Me,Craig Morgan,40,7,Gains In Performance
2009-02-28,38,What It Takes,Adam Gregory,42,14,Gains In Performance
2009-02-28,39,That's How It Still Oughta Be,Trent Tomlinson,44,7,Gains In Performance
2009-02-28,40,It Happens,Sugarland,NEW,1,Highest ranking debut|Gains In Performance
2009-02-28,41,Man Of The House,Chuck Wicks,47,5,Gains In Performance
2009-02-28,42,Sounds Like Life To Me,Darryl Worley,48,3,Gains In Performance
2009-02-28,43,Like A Woman,Jamie O'Neal,46,12,Gains In Performance
2009-02-28,44,Good Lord Willing,Little Big Town,43,10,
2009-02-28,45,Sissy's Song,Alan Jackson,NEW,1,Gains In Performance
2009-02-28,46,High Cost Of Living,Jamey Johnson,60,2,Gains In Performance
2009-02-28,47,The More Boys I Meet,Carrie Underwood,49,5,Gains In Performance
2009-02-28,48,Everything,Jessica Andrews,45,11,
2009-02-28,49,I Wish,Point Of Grace,52,7,Gains In Performance
2009-02-28,50,Blue Jeans And A Rosary,Kid Rock,53,4,Gains In Performance
2009-02-28,51,Wild At Heart,Gloriana,54,4,Gains In Performance
2009-02-28,52,What Would You Say,Trailer Choir,59,3,Gains In Performance
2009-02-28,53,Small Town USA,Justin Moore,55,2,Gains In Performance
2009-02-28,54,Fight Like A Girl,Bomshel,NEW,1,Gains In Performance
2009-02-28,55,You're My Life,Steve Azar,57,7,Gains In Performance
2009-02-28,56,She Could've Been Mine,Keith Anderson,56,5,
2009-02-28,57,How Do I Just Stop,Richie McDonald,51,7,
2009-02-28,58,Country Star,Pat Green,NEW,1,Gains In Performance
2009-02-28,59,Love Your Love The Most,Eric Church,NEW,1,Gains In Performance
2009-02-28,60,Gettin' You Home,Chris Young,NEW,1,Gains In Performance
2009-03-07,1,God Love Her,Toby Keith,2,18,Gains In Performance
2009-03-07,2,Down The Road,Kenny Chesney With Mac McAnally,1,18,
2009-03-07,3,Sweet Thing,Keith Urban,3,16,Gains In Performance
2009-03-07,4,Cowgirls Don't Cry,Brooks & Dunn Featuring Reba McEntire,5,20,Gains In Performance
2009-03-07,5,Feel That Fire,Dierks Bentley,4,23,
2009-03-07,6,It Won't Be Like This For Long,Darius Rucker,8,19,Gains In Performance
2009-03-07,7,River Of Love,George Strait,7,16,Gains In Performance
2009-03-07,8,White Horse,Taylor Swift,9,13,Gains In Performance
2009-03-07,9,She Wouldn't Be Gone,Blake Shelton,6,29,
2009-03-07,10,Don't Think I Can't Love You,Jake Owen,10,28,Gains In Performance
2009-03-07,11,Nothin' To Die For,Tim McGraw,11,10,Gains In Performance
2009-03-07,12,It's America,Rodney Atkins,12,15,Gains In Performance
2009-03-07,13,I Told You So,Carrie Underwood Featuring Randy Travis,14,6,Gains In Performance
2009-03-07,14,Here Comes Goodbye,Rascal Flatts,13,5,Gains In Performance
2009-03-07,15,Last Call,Lee Ann Womack,15,33,Gains In Performance
2009-03-07,16,She's Country,Jason Aldean,17,14,Gains In Performance
2009-03-07,17,Ride,Martina McBride,16,17,Gains In Performance
2009-03-07,18,Shuttin' Detroit Down,John Rich,21,4,Gains In Performance
2009-03-07,19,That's A Man,Jack Ingram,18,21,Gains In Performance
2009-03-07,20,More Like Her,Miranda Lambert,19,27,Gains In Performance
2009-03-07,21,Marry For Money,Trace Adkins,22,8,Gains In Performance
2009-03-07,22,Everything Is Fine,Josh Turner,20,27,Gains In Performance
2009-03-07,23,I Will,Jimmy Wayne,23,20,Gains In Performance
2009-03-07,24,Always The Love Songs,Eli Young Band,24,25,Gains In Performance
2009-03-07,25,How 'Bout You Don't,The Lost Trailers,25,20,Gains In Performance
2009-03-07,26,Where I'm From,Jason Michael Carroll,26,14,Gains In Performance
2009-03-07,27,One In Every Crowd,Montgomery Gentry,27,5,Gains In Performance
2009-03-07,28,I Run To You,Lady Antebellum,31,6,Gains In Performance
2009-03-07,29,It Happens,Sugarland,40,2,Gains In Performance
2009-03-07,30,Brothers,Dean Brody,29,18,Gains In Performance
2009-03-07,31,Best Days Of Your Life,Kellie Pickler,30,15,Gains In Performance
2009-03-07,32,Forever,John Michael Montgomery,28,21,Gains In Performance
2009-03-07,33,Cry Cry ('til The Sun Shines),Heidi Newfield,32,16,Gains In Performance
2009-03-07,34,Whatever It Is,Zac Brown Band,35,7,Gains In Performance
2009-03-07,35,Belongs To You,Emerson Drive,33,15,
2009-03-07,36,Telluride,Josh Gracin,34,10,
2009-03-07,37,God Must Really Love Me,Craig Morgan,37,8,Gains In Performance
2009-03-07,38,These Are The Good Old Days,James Otto,36,18,Gains In Performance
2009-03-07,39,Sissy's Song,Alan Jackson,45,2,Gains In Performance
2009-03-07,40,Man Of The House,Chuck Wicks,41,6,Gains In Performance
2009-03-07,41,What It Takes,Adam Gregory,38,15,Gains In Performance
2009-03-07,42,That's How It Still Oughta Be,Trent Tomlinson,39,8,Gains In Performance
2009-03-07,43,High Cost Of Living,Jamey Johnson,46,3,Gains In Performance
2009-03-07,44,Sounds Like Life To Me,Darryl Worley,42,4,Gains In Performance
2009-03-07,45,Good Lord Willing,Little Big Town,44,11,Gains In Performance
2009-03-07,46,Like A Woman,Jamie O'Neal,43,13,
2009-03-07,47,Wild At Heart,Gloriana,51,5,Gains In Performance
2009-03-07,48,The More Boys I Meet,Carrie Underwood,47,6,
2009-03-07,49,Everything,Jessica Andrews,48,12,
2009-03-07,50,What Would You Say,Trailer Choir,52,4,Gains In Performance
2009-03-07,51,Gettin' You Home,Chris Young,60,2,Gains In Performance
2009-03-07,52,Small Town USA,Justin Moore,53,3,Gains In Performance
2009-03-07,53,Country Star,Pat Green,58,2,Gains In Performance
2009-03-07,54,Blue Jeans And A Rosary,Kid Rock,50,5,
2009-03-07,55,Love Your Love The Most,Eric Church,59,2,Gains In Performance
2009-03-07,56,Fight Like A Girl,Bomshel,54,2,Gains In Performance
2009-03-07,57,You're My Life,Steve Azar,55,8,Gains In Performance
2009-03-07,58,I Wish,Point Of Grace,49,8,
2009-03-07,59,Boots On,Randy Houser,NEW,1,Highest ranking debut|Gains In Performance
2009-03-07,60,I'll Just Hold On,Blake Shelton,NEW,1,Gains In Performance
2009-03-14,1,Sweet Thing,Keith Urban,3,17,Gains In Performance
2009-03-14,2,God Love Her,Toby Keith,1,19,
2009-03-14,3,It Won't Be Like This For Long,Darius Rucker,6,20,Gains In Performance
2009-03-14,4,Down The Road,Kenny Chesney With Mac McAnally,2,19,
2009-03-14,5,Cowgirls Don't Cry,Brooks & Dunn Featuring Reba McEntire,4,21,Gains In Performance
2009-03-14,6,River Of Love,George Strait,7,17,Gains In Performance
2009-03-14,7,White Horse,Taylor Swift,8,14,Gains In Performance
2009-03-14,8,Feel That Fire,Dierks Bentley,5,24,
2009-03-14,9,Don't Think I Can't Love You,Jake Owen,10,29,Gains In Performance
2009-03-14,10,Nothin' To Die For,Tim McGraw,11,11,Gains In Performance
2009-03-14,11,It's America,Rodney Atkins,12,16,Gains In Performance
2009-03-14,12,Here Comes Goodbye,Rascal Flatts,14,6,Gains In Performance
2009-03-14,13,I Told You So,Carrie Underwood Featuring Randy Travis,13,7,Gains In Performance
2009-03-14,14,She's Country,Jason Aldean,16,15,Gains In Performance
2009-03-14,15,Last Call,Lee Ann Womack,15,34,Gains In Performance
2009-03-14,16,Ride,Martina McBride,17,18,Gains In Performance
2009-03-14,17,Shuttin' Detroit Down,John Rich,18,5,Gains In Performance
2009-03-14,18,That's A Man,Jack Ingram,19,22,Gains In Performance
2009-03-14,19,Marry For Money,Trace Adkins,21,9,Gains In Performance
2009-03-14,20,More Like Her,Miranda Lambert,20,28,
2009-03-14,21,I Will,Jimmy Wayne,23,21,Gains In Performance
2009-03-14,22,Always The Love Songs,Eli Young Band,24,26,Gains In Performance
2009-03-14,23,It Happens,Sugarland,29,3,Greatest gainer this week|Gains In Performance
2009-03-14,24,One In Every Crowd,Montgomery Gentry,27,6,Gains In Performance
2009-03-14,25,How 'Bout You Don't,The Lost Trailers,25,21,Gains In Performance
2009-03-14,26,Where I'm From,Jason Michael Carroll,26,15,Gains In Performance
2009-03-14,27,Brothers,Dean Brody,30,19,Gains In Performance
2009-03-14,28,I Run To You,Lady Antebellum,28,7,Gains In Performance
2009-03-14,29,Forever,John Michael Montgomery,32,22,Gains In Performance
2009-03-14,30,Cry Cry ('til The Sun Shines),Heidi Newfield,33,17,Gains In Performance
2009-03-14,31,Best Days Of Your Life,Kellie Pickler,31,16,Gains In Performance
2009-03-14,32,Whatever It Is,Zac Brown Band,34,8,Gains In Performance
2009-03-14,33,Sissy's Song,Alan Jackson,39,3,Gains In Performance
2009-03-14,34,God Must Really Love Me,Craig Morgan,37,9,Gains In Performance
2009-03-14,35,Telluride,Josh Gracin,36,11,
2009-03-14,36,That's How It Still Oughta Be,Trent Tomlinson,42,9,Gains In Performance
2009-03-14,37,These Are The Good Old Days,James Otto,38,19,
2009-03-14,38,Sideways,Dierks Bentley,NEW,1,Highest ranking debut|Gains In Performance
2009-03-14,39,Man Of The House,Chuck Wicks,40,7,
2009-03-14,40,What It Takes,Adam Gregory,41,16,
2009-03-14,41,Wild At Heart,Gloriana,47,6,Gains In Performance
2009-03-14,42,Boots On,Randy Houser,59,2,Gains In Performance
2009-03-14,43,High Cost Of Living,Jamey Johnson,43,4,Gains In Performance
2009-03-14,44,Love Your Love The Most,Eric Church,55,3,Gains In Performance
2009-03-14,45,I'll Just Hold On,Blake Shelton,60,2,Gains In Performance
2009-03-14,46,Sounds Like Life To Me,Darryl Worley,44,5,
2009-03-14,47,The More Boys I Meet,Carrie Underwood,48,7,Gains In Performance
2009-03-14,48,The Climb,Miley Cyrus,NEW,1,Gains In Performance
2009-03-14,49,Like A Woman,Jamie O'Neal,46,14,
2009-03-14,50,Blue Jeans And A Rosary,Kid Rock,54,6,Gains In Performance
2009-03-14,51,Small Town USA,Justin Moore,52,4,Gains In Performance
2009-03-14,52,Fight Like A Girl,Bomshel,56,3,Gains In Performance
2009-03-14,53,Good Lord Willing,Little Big Town,45,12,
2009-03-14,54,Gettin' You Home,Chris Young,51,3,Gains In Performance
2009-03-14,55,Country Star,Pat Green,53,3,Gains In Performance
2009-03-14,56,What Would You Say,Trailer Choir,50,5,Gains In Performance
2009-03-14,57,I Wish,Point Of Grace,58,9,Gains In Performance
2009-03-14,58,Red Light,David Nail,NEW,1,Gains In Performance
2009-03-14,59,Back To Tennessee,Billy Ray Cyrus,NEW,1,Gains In Performance
2009-03-14,60,Runaway,Love And Theft,NEW,1,Gains In Performance
2009-03-21,1,Sweet Thing,Keith Urban,1,18,Gains In Performance
2009-03-21,2,It Won't Be Like This For Long,Darius Rucker,3,21,Gains In Performance
2009-03-21,3,Cowgirls Don't Cry,Brooks & Dunn Featuring Reba McEntire,5,22,Gains In Performance
2009-03-21,4,God Love Her,Toby Keith,2,20,
2009-03-21,5,River Of Love,George Strait,6,18,Gains In Performance
2009-03-21,6,White Horse,Taylor Swift,7,15,Gains In Performance
2009-03-21,7,Down The Road,Kenny Chesney With Mac McAnally,4,20,
2009-03-21,8,Don't Think I Can't Love You,Jake Owen,9,30,Gains In Performance
2009-03-21,9,It's America,Rodney Atkins,11,17,Gains In Performance
2009-03-21,10,Nothin' To Die For,Tim McGraw,10,12,Gains In Performance
2009-03-21,11,Here Comes Goodbye,Rascal Flatts,12,7,Gains In Performance
2009-03-21,12,I Told You So,Carrie Underwood Featuring Randy Travis,13,8,Gains In Performance
2009-03-21,13,She's Country,Jason Aldean,14,16,Gains In Performance
2009-03-21,14,Shuttin' Detroit Down,John Rich,17,6,Gains In Performance
2009-03-21,15,Last Call,Lee Ann Womack,15,35,Gains In Performance
2009-03-21,16,Ride,Martina McBride,16,19,Gains In Performance
2009-03-21,17,Marry For Money,Trace Adkins,19,10,Gains In Performance
2009-03-21,18,That's A Man,Jack Ingram,18,23,
2009-03-21,19,It Happens,Sugarland,23,4,Greatest gainer this week|Gains In Performance
2009-03-21,20,Always The Love Songs,Eli Young Band,22,27,Gains In Performance
2009-03-21,21,I Will,Jimmy Wayne,21,22,Gains In Performance
2009-03-21,22,One In Every Crowd,Montgomery Gentry,24,7,Gains In Performance
2009-03-21,23,How 'Bout You Don't,The Lost Trailers,25,22,Gains In Performance
2009-03-21,24,Where I'm From,Jason Michael Carroll,26,16,Gains In Performance
2009-03-21,25,I Run To You,Lady Antebellum,28,8,Gains In Performance
2009-03-21,26,Sissy's Song,Alan Jackson,33,4,Gains In Performance
2009-03-21,27,Brothers,Dean Brody,27,20,Gains In Performance
2009-03-21,28,Whatever It Is,Zac Brown Band,32,9,Gains In Performance
2009-03-21,29,Forever,John Michael Montgomery,29,23,Gains In Performance
2009-03-21,30,Cry Cry ('til The Sun Shines),Heidi Newfield,30,18,Gains In Performance
2009-03-21,31,Best Days Of Your Life,Kellie Pickler,31,17,Gains In Performance
2009-03-21,32,Sideways,Dierks Bentley,38,2,Gains In Performance
2009-03-21,33,God Must Really Love Me,Craig Morgan,34,10,Gains In Performance
2009-03-21,34,That's How It Still Oughta Be,Trent Tomlinson,36,10,Gains In Performance
2009-03-21,35,Boots On,Randy Houser,42,3,Gains In Performance
2009-03-21,36,Wild At Heart,Gloriana,41,7,Gains In Performance
2009-03-21,37,Man Of The House,Chuck Wicks,39,8,Gains In Performance
2009-03-21,38,These Are The Good Old Days,James Otto,37,20,
2009-03-21,39,What It Takes,Adam Gregory,40,17,
2009-03-21,40,High Cost Of Living,Jamey Johnson,43,5,Gains In Performance
2009-03-21,41,I'll Just Hold On,Blake Shelton,45,3,Gains In Performance
2009-03-21,42,Love Your Love The Most,Eric Church,44,4,Gains In Performance
2009-03-21,43,Gettin' You Home,Chris Young,54,4,Gains In Performance
2009-03-21,44,Sounds Like Life To Me,Darryl Worley,46,6,Gains In Performance
2009-03-21,45,Small Town USA,Justin Moore,51,5,Gains In Performance
2009-03-21,46,The More Boys I Meet,Carrie Underwood,47,8,Gains In Performance
2009-03-21,47,The Climb,Miley Cyrus,48,2,Gains In Performance
2009-03-21,48,People Are Crazy,Billy Currington,NEW,1,Highest ranking debut|Gains In Performance
2009-03-21,49,Runaway,Love And Theft,60,2,Gains In Performance
2009-03-21,50,Like A Woman,Jamie O'Neal,49,15,Gains In Performance
2009-03-21,51,Country Star,Pat Green,55,4,Gains In Performance
2009-03-21,52,Blue Jeans And A Rosary,Kid Rock,50,7,
2009-03-21,53,Fight Like A Girl,Bomshel,52,4,Gains In Performance
2009-03-21,54,Back To Tennessee,Billy Ray Cyrus,59,2,Gains In Performance
2009-03-21,55,What Would You Say,Trailer Choir,56,6,
2009-03-21,56,Keep The Change,Holly Williams,NEW,1,Gains In Performance
2009-03-21,57,Lost You Anyway,Toby Keith,NEW,1,Gains In Performance
2009-03-21,58,Red Light,David Nail,58,2,
2009-03-21,59,I Wish,Point Of Grace,57,10,
2009-03-21,60,Prayer Of A Common Man,Phil Vassar,NEW,1,Gains In Performance
2009-03-28,1,It Won't Be Like This For Long,Darius Rucker,2,22,Gains In Performance
2009-03-28,2,Cowgirls Don't Cry,Brooks & Dunn Featuring Reba McEntire,3,23,
2009-03-28,3,Sweet Thing,Keith Urban,1,19,
2009-03-28,4,River Of Love,George Strait,5,19,Gains In Performance
2009-03-28,5,White Horse,Taylor Swift,6,16,Gains In Performance
2009-03-28,6,Don't Think I Can't Love You,Jake Owen,8,31,Gains In Performance
2009-03-28,7,God Love Her,Toby Keith,4,21,
2009-03-28,8,It's America,Rodney Atkins,9,18,Gains In Performance
2009-03-28,9,Nothin' To Die For,Tim McGraw,10,13,Gains In Performance
2009-03-28,10,Here Comes Goodbye,Rascal Flatts,11,8,Gains In Performance
2009-03-28,11,She's Country,Jason Aldean,13,17,Gains In Performance
2009-03-28,12,I Told You So,Carrie Underwood Featuring Randy Travis,12,9,Gains In Performance
2009-03-28,13,Shuttin' Detroit Down,John Rich,14,7,Gains In Performance
2009-03-28,14,Ride,Martina McBride,16,20,Gains In Performance
2009-03-28,15,Last Call,Lee Ann Womack,15,36,
2009-03-28,16,It Happens,Sugarland,19,5,Gains In Performance
2009-03-28,17,Marry For Money,Trace Adkins,17,11,Gains In Performance
2009-03-28,18,One In Every Crowd,Montgomery Gentry,22,8,Gains In Performance
2009-03-28,19,Always The Love Songs,Eli Young Band,20,28,Gains In Performance
2009-03-28,20,I Will,Jimmy Wayne,21,23,Gains In Performance
2009-03-28,21,Where I'm From,Jason Michael Carroll,24,17,Gains In Performance
2009-03-28,22,How 'Bout You Don't,The Lost Trailers,23,23,Gains In Performance
2009-03-28,23,I Run To You,Lady Antebellum,25,9,Gains In Performance
2009-03-28,24,Sissy's Song,Alan Jackson,26,5,Gains In Performance
2009-03-28,25,Sideways,Dierks Bentley,32,3,Gains In Performance
2009-03-28,26,Brothers,Dean Brody,27,21,Gains In Performance
2009-03-28,27,Whatever It Is,Zac Brown Band,28,10,Gains In Performance
2009-03-28,28,Best Days Of Your Life,Kellie Pickler,31,18,Gains In Performance
2009-03-28,29,Kiss A Girl,Keith Urban,NEW,1,
2009-03-28,30,Forever,John Michael Montgomery,29,24,
2009-03-28,31,Cry Cry ('til The Sun Shines),Heidi Newfield,30,19,Gains In Performance
2009-03-28,32,Boots On,Randy Houser,35,4,Gains In Performance
2009-03-28,33,God Must Really Love Me,Craig Morgan,33,11,Gains In Performance
2009-03-28,34,Wild At Heart,Gloriana,36,8,Gains In Performance
2009-03-28,35,That's How It Still Oughta Be,Trent Tomlinson,34,11,Gains In Performance
2009-03-28,36,Man Of The House,Chuck Wicks,37,9,Gains In Performance
2009-03-28,37,People Are Crazy,Billy Currington,48,2,Gains In Performance
2009-03-28,38,What It Takes,Adam Gregory,39,18,Gains In Performance
2009-03-28,39,Country Star,Pat Green,51,5,Gains In Performance
2009-03-28,40,I'll Just Hold On,Blake Shelton,41,4,Gains In Performance
2009-03-28,41,High Cost Of Living,Jamey Johnson,40,6,Gains In Performance
2009-03-28,42,Sounds Like Life To Me,Darryl Worley,44,7,Gains In Performance
2009-03-28,43,Lost You Anyway,Toby Keith,57,2,Gains In Performance
2009-03-28,44,Love Your Love The Most,Eric Church,42,5,Gains In Performance
2009-03-28,45,Gettin' You Home,Chris Young,43,5,Gains In Performance
2009-03-28,46,The More Boys I Meet,Carrie Underwood,46,9,Gains In Performance
2009-03-28,47,Runaway,Love And Theft,49,3,Gains In Performance
2009-03-28,48,The Climb,Miley Cyrus,47,3,Gains In Performance
2009-03-28,49,Small Town USA,Justin Moore,45,6,
2009-03-28,50,Like A Woman,Jamie O'Neal,50,16,Gains In Performance
2009-03-28,51,Fight Like A Girl,Bomshel,53,5,Gains In Performance
2009-03-28,52,Home Sweet Home,Carrie Underwood,NEW,1,Gains In Performance
2009-03-28,53,Blue Jeans And A Rosary,Kid Rock,52,8,
2009-03-28,54,Back To Tennessee,Billy Ray Cyrus,54,3,Gains In Performance
2009-03-28,55,What Would You Say,Trailer Choir,55,7,Gains In Performance
2009-03-28,56,Red Light,David Nail,58,3,Gains In Performance
2009-03-28,57,Prayer Of A Common Man,Phil Vassar,60,2,Gains In Performance
2009-03-28,58,Boy Like Me,Jessica Harp,NEW,1,Gains In Performance
2009-03-28,59,Keep The Change,Holly Williams,56,2,
2009-03-28,60,Address In The Stars,Caitlin & Will,NEW,1,Gains In Performance
2009-04-04,1,It Won't Be Like This For Long,Darius Rucker,1,23,Gains In Performance
2009-04-04,2,White Horse,Taylor Swift,5,17,Gains In Performance
2009-04-04,3,River Of Love,George Strait,4,20,Gains In Performance
2009-04-04,4,Don't Think I Can't Love You,Jake Owen,6,32,Gains In Performance
2009-04-04,5,It's America,Rodney Atkins,8,19,Gains In Performance
2009-04-04,6,Cowgirls Don't Cry,Brooks & Dunn Featuring Reba McEntire,2,24,
2009-04-04,7,Nothin' To Die For,Tim McGraw,9,14,Gains In Performance
2009-04-04,8,She's Country,Jason Aldean,11,18,Gains In Performance
2009-04-04,9,Here Comes Goodbye,Rascal Flatts,10,9,Gains In Performance
2009-04-04,10,Sweet Thing,Keith Urban,3,20,
2009-04-04,11,I Told You So,Carrie Underwood Featuring Randy Travis,12,10,Gains In Performance
2009-04-04,12,It Happens,Sugarland,16,6,Gains In Performance
2009-04-04,13,Shuttin' Detroit Down,John Rich,13,8,Gains In Performance
2009-04-04,14,Ride,Martina McBride,14,21,Gains In Performance
2009-04-04,15,Marry For Money,Trace Adkins,17,12,Gains In Performance
2009-04-04,16,One In Every Crowd,Montgomery Gentry,18,9,Gains In Performance
2009-04-04,17,Always The Love Songs,Eli Young Band,19,29,Gains In Performance
2009-04-04,18,I Will,Jimmy Wayne,20,24,Gains In Performance
2009-04-04,19,I Run To You,Lady Antebellum,23,10,Gains In Performance
2009-04-04,20,Kiss A Girl,Keith Urban,29,2,Gains In Performance
2009-04-04,21,Where I'm From,Jason Michael Carroll,21,18,Gains In Performance
2009-04-04,22,Sideways,Dierks Bentley,25,4,Gains In Performance
2009-04-04,23,How 'Bout You Don't,The Lost Trailers,22,24,Gains In Performance
2009-04-04,24,Sissy's Song,Alan Jackson,24,6,Gains In Performance
2009-04-04,25,Whatever It Is,Zac Brown Band,27,11,Gains In Performance
2009-04-04,26,Then,Brad Paisley,NEW,1,
2009-04-04,27,Brothers,Dean Brody,26,22,Gains In Performance
2009-04-04,28,Best Days Of Your Life,Kellie Pickler,28,19,Gains In Performance
2009-04-04,29,Cry Cry ('til The Sun Shines),Heidi Newfield,31,20,Gains In Performance
2009-04-04,30,Boots On,Randy Houser,32,5,Gains In Performance
2009-04-04,31,Lost You Anyway,Toby Keith,43,3,Gains In Performance
2009-04-04,32,Wild At Heart,Gloriana,34,9,Gains In Performance
2009-04-04,33,God Must Really Love Me,Craig Morgan,33,12,
2009-04-04,34,I'll Just Hold On,Blake Shelton,40,5,Gains In Performance
2009-04-04,35,Man Of The House,Chuck Wicks,36,10,Gains In Performance
2009-04-04,36,That's How It Still Oughta Be,Trent Tomlinson,35,12,Gains In Performance
2009-04-04,37,People Are Crazy,Billy Currington,37,3,Gains In Performance
2009-04-04,38,What It Takes,Adam Gregory,38,19,Gains In Performance
2009-04-04,39,High Cost Of Living,Jamey Johnson,41,7,Gains In Performance
2009-04-04,40,Sounds Like Life To Me,Darryl Worley,42,8,Gains In Performance
2009-04-04,41,Country Star,Pat Green,39,6,
2009-04-04,42,Love Your Love The Most,Eric Church,44,6,Gains In Performance
2009-04-04,43,Runaway,Love And Theft,47,4,Gains In Performance
2009-04-04,44,Gettin' You Home,Chris Young,45,6,Gains In Performance
2009-04-04,45,The More Boys I Meet,Carrie Underwood,46,10,Gains In Performance
2009-04-04,46,Small Town USA,Justin Moore,49,7,Gains In Performance
2009-04-04,47,The Climb,Miley Cyrus,48,4,
2009-04-04,48,What Would You Say,Trailer Choir,55,8,Gains In Performance
2009-04-04,49,Fight Like A Girl,Bomshel,51,6,Gains In Performance
2009-04-04,50,Back To Tennessee,Billy Ray Cyrus,54,4,
2009-04-04,51,Like A Woman,Jamie O'Neal,50,17,
2009-04-04,52,Red Light,David Nail,56,4,
2009-04-04,53,Keep The Change,Holly Williams,59,3,Gains In Performance
2009-04-04,54,Boy Like Me,Jessica Harp,58,2,Gains In Performance
2009-04-04,55,Address In The Stars,Caitlin & Will,60,2,Gains In Performance
2009-04-04,56,Barefoot And Crazy,Jack Ingram,NEW,1,Gains In Performance
2009-04-04,57,Prayer Of A Common Man,Phil Vassar,57,3,
2009-04-04,58,What I'm For,Pat Green,NEW,1,Gains In Performance
2009-04-04,59,Home Sweet Home,Carrie Underwood,52,2,
2009-04-04,60,Livin' In Paradise,Jonathan Singleton & The Grove,NEW,1,Gains In Performance
2009-04-11,1,It Won't Be Like This For Long,Darius Rucker,1,24,
2009-04-11,2,White Horse,Taylor Swift,2,18,Gains In Performance
2009-04-11,3,River Of Love,George Strait,3,21,Gains In Performance
2009-04-11,4,Don't Think I Can't Love You,Jake Owen,4,33,Gains In Performance
2009-04-11,5,It's America,Rodney Atkins,5,20,Gains In Performance
2009-04-11,6,She's Country,Jason Aldean,8,19,Gains In Performance
2009-04-11,7,Nothin' To Die For,Tim McGraw,7,15,Gains In Performance
2009-04-11,8,Here Comes Goodbye,Rascal Flatts,9,10,Gains In Performance
2009-04-11,9,I Told You So,Carrie Underwood Featuring Randy Travis,11,11,Gains In Performance
2009-04-11,10,It Happens,Sugarland,12,7,Gains In Performance
2009-04-11,11,Ride,Martina McBride,14,22,Gains In Performance
2009-04-11,12,Shuttin' Detroit Down,John Rich,13,9,Gains In Performance
2009-04-11,13,One In Every Crowd,Montgomery Gentry,16,10,Gains In Performance
2009-04-11,14,Marry For Money,Trace Adkins,15,13,Gains In Performance
2009-04-11,15,Kiss A Girl,Keith Urban,20,3,Gains In Performance
2009-04-11,16,Always The Love Songs,Eli Young Band,17,30,Gains In Performance
2009-04-11,17,Sideways,Dierks Bentley,22,5,Gains In Performance
2009-04-11,18,I Will,Jimmy Wayne,18,25,Gains In Performance
2009-04-11,19,I Run To You,Lady Antebellum,19,11,Gains In Performance
2009-04-11,20,Then,Brad Paisley,26,2,Gains In Performance
2009-04-11,21,Where I'm From,Jason Michael Carroll,21,19,Gains In Performance
2009-04-11,22,How 'Bout You Don't,The Lost Trailers,23,25,Gains In Performance
2009-04-11,23,Sissy's Song,Alan Jackson,24,7,Gains In Performance
2009-04-11,24,Whatever It Is,Zac Brown Band,25,12,Gains In Performance
2009-04-11,25,Out Last Night,Kenny Chesney,NEW,1,
2009-04-11,26,Best Days Of Your Life,Kellie Pickler,28,20,Gains In Performance
2009-04-11,27,Brothers,Dean Brody,27,23,Gains In Performance
2009-04-11,28,Lost You Anyway,Toby Keith,31,4,Gains In Performance
2009-04-11,29,Cry Cry ('til The Sun Shines),Heidi Newfield,29,21,Gains In Performance
2009-04-11,30,Boots On,Randy Houser,30,6,Gains In Performance
2009-04-11,31,God Must Really Love Me,Craig Morgan,33,13,Gains In Performance
2009-04-11,32,I'll Just Hold On,Blake Shelton,34,6,Gains In Performance
2009-04-11,33,Wild At Heart,Gloriana,32,10,Gains In Performance
2009-04-11,34,People Are Crazy,Billy Currington,37,4,Gains In Performance
2009-04-11,35,Man Of The House,Chuck Wicks,35,11,Gains In Performance
2009-04-11,36,That's How It Still Oughta Be,Trent Tomlinson,36,13,
2009-04-11,37,Sounds Like Life To Me,Darryl Worley,40,9,Gains In Performance
2009-04-11,38,Country Star,Pat Green,41,7,Gains In Performance
2009-04-11,39,Love Your Love The Most,Eric Church,42,7,Gains In Performance
2009-04-11,40,What It Takes,Adam Gregory,38,20,
2009-04-11,41,High Cost Of Living,Jamey Johnson,39,8,
2009-04-11,42,Gettin' You Home,Chris Young,44,7,Gains In Performance
2009-04-11,43,Runaway,Love And Theft,43,5,Gains In Performance
2009-04-11,44,Small Town USA,Justin Moore,46,8,Gains In Performance
2009-04-11,45,The More Boys I Meet,Carrie Underwood,45,11,
2009-04-11,46,The Climb,Miley Cyrus,47,5,Gains In Performance
2009-04-11,47,What Would You Say,Trailer Choir,48,9,Gains In Performance
2009-04-11,48,Fight Like A Girl,Bomshel,49,7,Gains In Performance
2009-04-11,49,Barefoot And Crazy,Jack Ingram,56,2,Gains In Performance
2009-04-11,50,Red Light,David Nail,52,5,Gains In Performance
2009-04-11,51,Back To Tennessee,Billy Ray Cyrus,50,5,Gains In Performance
2009-04-11,52,Like A Woman,Jamie O'Neal,51,18,Gains In Performance
2009-04-11,53,Boy Like Me,Jessica Harp,54,3,Gains In Performance
2009-04-11,54,Prayer Of A Common Man,Phil Vassar,57,4,Gains In Performance
2009-04-11,55,Address In The Stars,Caitlin & Will,55,3,Gains In Performance
2009-04-11,56,Home Sweet Home,Carrie Underwood,59,3,Gains In Performance
2009-04-11,57,Keep The Change,Holly Williams,53,4,
2009-04-11,58,What I'm For,Pat Green,58,2,Gains In Performance
2009-04-11,59,Livin' In Paradise,Jonathan Singleton & The Grove,60,2,Gains In Performance
2009-04-11,60,She Never Got Me Over You,Mark Chesnutt,NEW,1,Gains In Performance
2009-04-18,1,River Of Love,George Strait,3,22,Gains In Performance
2009-04-18,2,Don't Think I Can't Love You,Jake Owen,4,34,Gains In Performance
2009-04-18,3,It Won't Be Like This For Long,Darius Rucker,1,25,
2009-04-18,4,It's America,Rodney Atkins,5,21,Gains In Performance
2009-04-18,5,She's Country,Jason Aldean,6,20,Gains In Performance
2009-04-18,6,Here Comes Goodbye,Rascal Flatts,8,11,Gains In Performance
2009-04-18,7,White Horse,Taylor Swift,2,19,
2009-04-18,8,Nothin' To Die For,Tim McGraw,7,16,Gains In Performance
2009-04-18,9,I Told You So,Carrie Underwood Featuring Randy Travis,9,12,Gains In Performance
2009-04-18,10,It Happens,Sugarland,10,8,Gains In Performance
2009-04-18,11,Ride,Martina McBride,11,23,Gains In Performance
2009-04-18,12,Shuttin' Detroit Down,John Rich,12,10,Gains In Performance
2009-04-18,13,Kiss A Girl,Keith Urban,15,4,Gains In Performance
2009-04-18,14,One In Every Crowd,Montgomery Gentry,13,11,Gains In Performance
2009-04-18,15,Marry For Money,Trace Adkins,14,14,Gains In Performance
2009-04-18,16,Always The Love Songs,Eli Young Band,16,31,Gains In Performance
2009-04-18,17,Then,Brad Paisley,20,3,Gains In Performance
2009-04-18,18,Sideways,Dierks Bentley,17,6,Gains In Performance
2009-04-18,19,Out Last Night,Kenny Chesney,25,2,Gains In Performance
2009-04-18,20,I Will,Jimmy Wayne,18,26,Gains In Performance
2009-04-18,21,I Run To You,Lady Antebellum,19,12,Gains In Performance
2009-04-18,22,Where I'm From,Jason Michael Carroll,21,20,Gains In Performance
2009-04-18,23,How 'Bout You Don't,The Lost Trailers,22,26,Gains In Performance
2009-04-18,24,Sissy's Song,Alan Jackson,23,8,Gains In Performance
2009-04-18,25,Whatever It Is,Zac Brown Band,24,13,Gains In Performance
2009-04-18,26,Lost You Anyway,Toby Keith,28,5,Gains In Performance
2009-04-18,27,Brothers,Dean Brody,27,24,Gains In Performance
2009-04-18,28,Best Days Of Your Life,Kellie Pickler,26,21,Gains In Performance
2009-04-18,29,Boots On,Randy Houser,30,7,Gains In Performance
2009-04-18,30,Cry Cry ('til The Sun Shines),Heidi Newfield,29,22,
2009-04-18,31,People Are Crazy,Billy Currington,34,5,Gains In Performance
2009-04-18,32,I'll Just Hold On,Blake Shelton,32,7,Gains In Performance
2009-04-18,33,Wild At Heart,Gloriana,33,11,Gains In Performance
2009-04-18,34,God Must Really Love Me,Craig Morgan,31,14,Gains In Performance
2009-04-18,35,Man Of The House,Chuck Wicks,35,12,Gains In Performance
2009-04-18,36,That's How It Still Oughta Be,Trent Tomlinson,36,14,Gains In Performance
2009-04-18,37,Sounds Like Life To Me,Darryl Worley,37,10,Gains In Performance
2009-04-18,38,Country Star,Pat Green,38,8,Gains In Performance
2009-04-18,39,High Cost Of Living,Jamey Johnson,41,9,Gains In Performance
2009-04-18,40,Love Your Love The Most,Eric Church,39,8,
2009-04-18,41,The Climb,Miley Cyrus,46,6,Gains In Performance
2009-04-18,42,Runaway,Love And Theft,43,6,Gains In Performance
2009-04-18,43,Gettin' You Home,Chris Young,42,8,
2009-04-18,44,Small Town USA,Justin Moore,44,9,Gains In Performance
2009-04-18,45,What Would You Say,Trailer Choir,47,10,Gains In Performance
2009-04-18,46,The More Boys I Meet,Carrie Underwood,45,12,
2009-04-18,47,Barefoot And Crazy,Jack Ingram,49,3,Gains In Performance
2009-04-18,48,Fight Like A Girl,Bomshel,48,8,
2009-04-18,49,Red Light,David Nail,50,6,
2009-04-18,50,Back To Tennessee,Billy Ray Cyrus,51,6,
2009-04-18,51,Boy Like Me,Jessica Harp,53,4,Gains In Performance
2009-04-18,52,Address In The Stars,Caitlin & Will,55,4,Gains In Performance
2009-04-18,53,Prayer Of A Common Man,Phil Vassar,54,5,
2009-04-18,54,Keep The Change,Holly Williams,57,5,Gains In Performance
2009-04-18,55,What I'm For,Pat Green,58,3,Gains In Performance
2009-04-18,56,Livin' In Paradise,Jonathan Singleton & The Grove,59,3,Gains In Performance
2009-04-18,57,Summer Nights,Rascal Flatts,NEW,1,Highest ranking debut|Gains In Performance
2009-04-18,58,I Want My Life Back,Bucky Covington,NEW,1,Gains In Performance
2009-04-18,59,Like A Woman,Jamie O'Neal,52,19,
2009-04-18,60,Solitary Thinkin',Lee Ann Womack,NEW,1,Gains In Performance
2009-04-25,1,Here Comes Goodbye,Rascal Flatts,6,12,Gains In Performance
2009-04-25,2,Don't Think I Can't Love You,Jake Owen,2,35,Gains In Performance
2009-04-25,3,She's Country,Jason Aldean,5,21,Gains In Performance
2009-04-25,4,It's America,Rodney Atkins,4,22,Gains In Performance
2009-04-25,5,I Told You So,Carrie Underwood Featuring Randy Travis,9,13,Gains In Performance
2009-04-25,6,Nothin' To Die For,Tim McGraw,8,17,Gains In Performance
2009-04-25,7,It Won't Be Like This For Long,Darius Rucker,3,26,
2009-04-25,8,It Happens,Sugarland,10,9,Gains In Performance
2009-04-25,9,River Of Love,George Strait,1,23,
2009-04-25,10,White Horse,Taylor Swift,7,20,
2009-04-25,11,Ride,Martina McBride,11,24,Gains In Performance
2009-04-25,12,Kiss A Girl,Keith Urban,13,5,Gains In Performance
2009-04-25,13,One In Every Crowd,Montgomery Gentry,14,12,Gains In Performance
2009-04-25,14,Shuttin' Detroit Down,John Rich,12,11,
2009-04-25,15,Then,Brad Paisley,17,4,Gains In Performance
2009-04-25,16,Out Last Night,Kenny Chesney,19,3,Gains In Performance
2009-04-25,17,Marry For Money,Trace Adkins,15,15,Gains In Performance
2009-04-25,18,Sideways,Dierks Bentley,18,7,Gains In Performance
2009-04-25,19,Always The Love Songs,Eli Young Band,16,32,Gains In Performance
2009-04-25,20,I Will,Jimmy Wayne,20,27,Gains In Performance
2009-04-25,21,Sissy's Song,Alan Jackson,24,9,Gains In Performance
2009-04-25,22,I Run To You,Lady Antebellum,21,13,Gains In Performance
2009-04-25,23,Whatever It Is,Zac Brown Band,25,14,Gains In Performance
2009-04-25,24,Where I'm From,Jason Michael Carroll,22,21,Gains In Performance
2009-04-25,25,How 'Bout You Don't,The Lost Trailers,23,27,Gains In Performance
2009-04-25,26,Lost You Anyway,Toby Keith,26,6,Gains In Performance
2009-04-25,27,Best Days Of Your Life,Kellie Pickler,28,22,Gains In Performance
2009-04-25,28,Brothers,Dean Brody,27,25,
2009-04-25,29,Boots On,Randy Houser,29,8,Gains In Performance
2009-04-25,30,People Are Crazy,Billy Currington,31,6,Gains In Performance
2009-04-25,31,God Must Really Love Me,Craig Morgan,34,15,Gains In Performance
2009-04-25,32,Wild At Heart,Gloriana,33,12,Gains In Performance
2009-04-25,33,I'll Just Hold On,Blake Shelton,32,8,Gains In Performance
2009-04-25,34,Sounds Like Life To Me,Darryl Worley,37,11,Gains In Performance
2009-04-25,35,Man Of The House,Chuck Wicks,35,13,
2009-04-25,36,Country Star,Pat Green,38,9,Gains In Performance
2009-04-25,37,That's How It Still Oughta Be,Trent Tomlinson,36,15,
2009-04-25,38,Love Your Love The Most,Eric Church,40,9,Gains In Performance
2009-04-25,39,Strange,Reba,NEW,1,Highest ranking debut|Gains In Performance
2009-04-25,40,High Cost Of Living,Jamey Johnson,39,10,
2009-04-25,41,The Climb,Miley Cyrus,41,7,Gains In Performance
2009-04-25,42,Small Town USA,Justin Moore,44,10,Gains In Performance
2009-04-25,43,Runaway,Love And Theft,42,7,Gains In Performance
2009-04-25,44,Gettin' You Home,Chris Young,43,9,
2009-04-25,45,The More Boys I Meet,Carrie Underwood,46,13,Gains In Performance
2009-04-25,46,Barefoot And Crazy,Jack Ingram,47,4,Gains In Performance
2009-04-25,47,Back To Tennessee,Billy Ray Cyrus,50,7,Gains In Performance
2009-04-25,48,What Would You Say,Trailer Choir,45,11,
2009-04-25,49,Fight Like A Girl,Bomshel,48,9,
2009-04-25,50,Til The Last Shot's Fired,Trace Adkins,NEW,1,Gains In Performance
2009-04-25,51,Address In The Stars,Caitlin & Will,52,5,Gains In Performance
2009-04-25,52,Boy Like Me,Jessica Harp,51,5,Gains In Performance
2009-04-25,53,Red Light,David Nail,49,7,
2009-04-25,54,Livin' In Paradise,Jonathan Singleton & The Grove,56,4,Gains In Performance
2009-04-25,55,Prayer Of A Common Man,Phil Vassar,53,6,Gains In Performance
2009-04-25,56,Alright,Darius Rucker,NEW,1,Gains In Performance
2009-04-25,57,Summer Nights,Rascal Flatts,57,2,Gains In Performance
2009-04-25,58,Keep The Change,Holly Williams,54,6,
2009-04-25,59,Love Who You Love,Rascal Flatts,NEW,1,Gains In Performance
2009-04-25,60,"Red, White, & Pink-Slip Blues",Hank Williams Jr.,NEW,1,Gains In Performance
2009-05-02,1,It's America,Rodney Atkins,4,23,Gains In Performance
2009-05-02,2,Here Comes Goodbye,Rascal Flatts,1,13,Gains In Performance
2009-05-02,3,She's Country,Jason Aldean,3,22,Gains In Performance
2009-05-02,4,I Told You So,Carrie Underwood Featuring Randy Travis,5,14,Gains In Performance
2009-05-02,5,Nothin' To Die For,Tim McGraw,6,18,Gains In Performance
2009-05-02,6,It Happens,Sugarland,8,10,Gains In Performance
2009-05-02,7,Don't Think I Can't Love You,Jake Owen,2,36,
2009-05-02,8,It Won't Be Like This For Long,Darius Rucker,7,27,
2009-05-02,9,Kiss A Girl,Keith Urban,12,6,Gains In Performance
2009-05-02,10,Then,Brad Paisley,15,5,Gains In Performance
2009-05-02,11,One In Every Crowd,Montgomery Gentry,13,13,Gains In Performance
2009-05-02,12,Out Last Night,Kenny Chesney,16,4,Gains In Performance
2009-05-02,13,Sideways,Dierks Bentley,18,8,Gains In Performance
2009-05-02,14,Always The Love Songs,Eli Young Band,19,33,Gains In Performance
2009-05-02,15,Shuttin' Detroit Down,John Rich,14,12,
2009-05-02,16,Marry For Money,Trace Adkins,17,16,Gains In Performance
2009-05-02,17,Sissy's Song,Alan Jackson,21,10,Gains In Performance
2009-05-02,18,Whatever It Is,Zac Brown Band,23,15,Gains In Performance
2009-05-02,19,I Run To You,Lady Antebellum,22,14,Gains In Performance
2009-05-02,20,I Will,Jimmy Wayne,20,28,Gains In Performance
2009-05-02,21,Where I'm From,Jason Michael Carroll,24,22,Gains In Performance
2009-05-02,22,How 'Bout You Don't,The Lost Trailers,25,28,Gains In Performance
2009-05-02,23,Lost You Anyway,Toby Keith,26,7,Gains In Performance
2009-05-02,24,Best Days Of Your Life,Kellie Pickler,27,23,Gains In Performance
2009-05-02,25,Boots On,Randy Houser,29,9,Gains In Performance
2009-05-02,26,Brothers,Dean Brody,28,26,Gains In Performance
2009-05-02,27,People Are Crazy,Billy Currington,30,7,Gains In Performance
2009-05-02,28,Strange,Reba,39,2,Gains In Performance
2009-05-02,29,I'll Just Hold On,Blake Shelton,33,9,Gains In Performance
2009-05-02,30,Wild At Heart,Gloriana,32,13,Gains In Performance
2009-05-02,31,God Must Really Love Me,Craig Morgan,31,16,Gains In Performance
2009-05-02,32,You Belong With Me,Taylor Swift,NEW,1,Highest ranking debut|Gains In Performance
2009-05-02,33,Love Your Love The Most,Eric Church,38,10,Gains In Performance
2009-05-02,34,Man Of The House,Chuck Wicks,35,14,Gains In Performance
2009-05-02,35,Sounds Like Life To Me,Darryl Worley,34,12,Gains In Performance
2009-05-02,36,That's How It Still Oughta Be,Trent Tomlinson,37,16,Gains In Performance
2009-05-02,37,Country Star,Pat Green,36,10,
2009-05-02,38,The Climb,Miley Cyrus,41,8,Gains In Performance
2009-05-02,39,High Cost Of Living,Jamey Johnson,40,11,Gains In Performance
2009-05-02,40,Small Town USA,Justin Moore,42,11,Gains In Performance
2009-05-02,41,Gettin' You Home,Chris Young,44,10,Gains In Performance
2009-05-02,42,Alright,Darius Rucker,56,2,Gains In Performance
2009-05-02,43,Runaway,Love And Theft,43,8,Gains In Performance
2009-05-02,44,Barefoot And Crazy,Jack Ingram,46,5,Gains In Performance
2009-05-02,45,The More Boys I Meet,Carrie Underwood,45,14,Gains In Performance
2009-05-02,46,"Red, White, & Pink-Slip Blues",Hank Williams Jr.,60,2,Gains In Performance
2009-05-02,47,What Would You Say,Trailer Choir,48,12,Gains In Performance
2009-05-02,48,Fight Like A Girl,Bomshel,49,10,Gains In Performance
2009-05-02,49,Boy Like Me,Jessica Harp,52,6,Gains In Performance
2009-05-02,50,Address In The Stars,Caitlin & Will,51,6,Gains In Performance
2009-05-02,51,Red Light,David Nail,53,8,Gains In Performance
2009-05-02,52,Back To Tennessee,Billy Ray Cyrus,47,8,
2009-05-02,53,Believers,Joe Nichols,NEW,1,Gains In Performance
2009-05-02,54,Livin' In Paradise,Jonathan Singleton & The Grove,54,5,
2009-05-02,55,What I'm For,Pat Green,RE,4,Gains In Performance
2009-05-02,56,Solitary Thinkin',Lee Ann Womack,RE,2,Gains In Performance
2009-05-02,57,Prayer Of A Common Man,Phil Vassar,55,7,
2009-05-02,58,Til The Last Shot's Fired,Trace Adkins,50,2,
2009-05-02,59,Dead Flowers,Miranda Lambert,NEW,1,Gains In Performance
2009-05-02,60,Keep The Change,Holly Williams,58,7,
2009-05-09,1,It's America,Rodney Atkins,1,24,Gains In Performance
2009-05-09,2,She's Country,Jason Aldean,3,23,Gains In Performance
2009-05-09,3,I Told You So,Carrie Underwood Featuring Randy Travis,4,15,Gains In Performance
2009-05-09,4,Here Comes Goodbye,Rascal Flatts,2,14,
2009-05-09,5,It Happens,Sugarland,6,11,Gains In Performance
2009-05-09,6,Kiss A Girl,Keith Urban,9,7,Gains In Performance
2009-05-09,7,Then,Brad Paisley,10,6,Gains In Performance
2009-05-09,8,One In Every Crowd,Montgomery Gentry,11,14,Gains In Performance
2009-05-09,9,Out Last Night,Kenny Chesney,12,5,Gains In Performance
2009-05-09,10,Nothin' To Die For,Tim McGraw,5,19,
2009-05-09,11,Sideways,Dierks Bentley,13,9,Gains In Performance
2009-05-09,12,Always The Love Songs,Eli Young Band,14,34,Gains In Performance
2009-05-09,13,Sissy's Song,Alan Jackson,17,11,Gains In Performance
2009-05-09,14,Whatever It Is,Zac Brown Band,18,16,Gains In Performance
2009-05-09,15,I Run To You,Lady Antebellum,19,15,Gains In Performance
2009-05-09,16,Where I'm From,Jason Michael Carroll,21,23,Gains In Performance
2009-05-09,17,Lost You Anyway,Toby Keith,23,8,Gains In Performance
2009-05-09,18,Marry For Money,Trace Adkins,16,17,
2009-05-09,19,How 'Bout You Don't,The Lost Trailers,22,29,Gains In Performance
2009-05-09,20,Best Days Of Your Life,Kellie Pickler,24,24,Gains In Performance
2009-05-09,21,People Are Crazy,Billy Currington,27,8,Gains In Performance
2009-05-09,22,Boots On,Randy Houser,25,10,Gains In Performance
2009-05-09,23,Strange,Reba,28,3,Gains In Performance
2009-05-09,24,You Belong With Me,Taylor Swift,32,2,Gains In Performance
2009-05-09,25,I'll Just Hold On,Blake Shelton,29,10,Gains In Performance
2009-05-09,26,Wild At Heart,Gloriana,30,14,Gains In Performance
2009-05-09,27,Alright,Darius Rucker,42,3,Gains In Performance
2009-05-09,28,God Must Really Love Me,Craig Morgan,31,17,Gains In Performance
2009-05-09,29,Sounds Like Life To Me,Darryl Worley,35,13,Gains In Performance
2009-05-09,30,Love Your Love The Most,Eric Church,33,11,Gains In Performance
2009-05-09,31,Man Of The House,Chuck Wicks,34,15,Gains In Performance
2009-05-09,32,Country Star,Pat Green,37,11,Gains In Performance
2009-05-09,33,The Climb,Miley Cyrus,38,9,Gains In Performance
2009-05-09,34,Small Town USA,Justin Moore,40,12,Gains In Performance
2009-05-09,35,High Cost Of Living,Jamey Johnson,39,12,Gains In Performance
2009-05-09,36,Barefoot And Crazy,Jack Ingram,44,6,Gains In Performance
2009-05-09,37,That's How It Still Oughta Be,Trent Tomlinson,36,17,
2009-05-09,38,Runaway,Love And Theft,43,9,Gains In Performance
2009-05-09,39,Gettin' You Home,Chris Young,41,11,
2009-05-09,40,Boy Like Me,Jessica Harp,49,7,Gains In Performance
2009-05-09,41,Fight Like A Girl,Bomshel,48,11,Gains In Performance
2009-05-09,42,Believers,Joe Nichols,53,2,Gains In Performance
2009-05-09,43,"Red, White, & Pink-Slip Blues",Hank Williams Jr.,46,3,
2009-05-09,44,What Would You Say,Trailer Choir,47,13,
2009-05-09,45,The More Boys I Meet,Carrie Underwood,45,15,
2009-05-09,46,Address In The Stars,Caitlin & Will,50,7,Gains In Performance
2009-05-09,47,Red Light,David Nail,51,9,Gains In Performance
2009-05-09,48,Back To Tennessee,Billy Ray Cyrus,52,9,Gains In Performance
2009-05-09,49,Solitary Thinkin',Lee Ann Womack,56,3,Gains In Performance
2009-05-09,50,I Want My Life Back,Bucky Covington,RE,2,Gains In Performance
2009-05-09,51,Livin' In Paradise,Jonathan Singleton & The Grove,54,6,Gains In Performance
2009-05-09,52,What I'm For,Pat Green,55,5,Gains In Performance
2009-05-09,53,Do I,Luke Bryan,NEW,1,Highest ranking debut|Gains In Performance
2009-05-09,54,Til The Last Shot's Fired,Trace Adkins,58,3,Gains In Performance
2009-05-09,55,Dead Flowers,Miranda Lambert,59,2,Gains In Performance
2009-05-09,56,Dreaming Love,Kate & Kacey,NEW,1,Gains In Performance
2009-05-09,57,Bobbi With An I,Phil Vassar,NEW,1,Gains In Performance
2009-05-09,58,Heart Like Memphis,Carter Twins,NEW,1,Gains In Performance
2009-05-09,59,Six-Foot Teddybear,Richie McDonald,NEW,1,Gains In Performance
2009-05-09,60,She Never Got Me Over You,Mark Chesnutt,RE,2,
2009-05-16,1,She's Country,Jason Aldean,2,24,Gains In Performance
2009-05-16,2,I Told You So,Carrie Underwood Featuring Randy Travis,3,16,Gains In Performance
2009-05-16,3,It Happens,Sugarland,5,12,Gains In Performance
2009-05-16,4,It's America,Rodney Atkins,1,25,
2009-05-16,5,Here Comes Goodbye,Rascal Flatts,4,15,
2009-05-16,6,Then,Brad Paisley,7,7,Gains In Performance
2009-05-16,7,Kiss A Girl,Keith Urban,6,8,Gains In Performance
2009-05-16,8,One In Every Crowd,Montgomery Gentry,8,15,Gains In Performance
2009-05-16,9,Out Last Night,Kenny Chesney,9,6,Gains In Performance
2009-05-16,10,Sideways,Dierks Bentley,11,10,Gains In Performance
2009-05-16,11,Whatever It Is,Zac Brown Band,14,17,Gains In Performance
2009-05-16,12,Sissy's Song,Alan Jackson,13,12,Gains In Performance
2009-05-16,13,Always The Love Songs,Eli Young Band,12,35,Gains In Performance
2009-05-16,14,I Run To You,Lady Antebellum,15,16,Gains In Performance
2009-05-16,15,Where I'm From,Jason Michael Carroll,16,24,Gains In Performance
2009-05-16,16,Lost You Anyway,Toby Keith,17,9,Gains In Performance
2009-05-16,17,How 'Bout You Don't,The Lost Trailers,19,30,Gains In Performance
2009-05-16,18,You Belong With Me,Taylor Swift,24,3,Gains In Performance
2009-05-16,19,Best Days Of Your Life,Kellie Pickler,20,25,Gains In Performance
2009-05-16,20,Strange,Reba,23,4,Gains In Performance
2009-05-16,21,People Are Crazy,Billy Currington,21,9,Gains In Performance
2009-05-16,22,Boots On,Randy Houser,22,11,Gains In Performance
2009-05-16,23,Alright,Darius Rucker,27,4,Gains In Performance
2009-05-16,24,I'll Just Hold On,Blake Shelton,25,11,Gains In Performance
2009-05-16,25,Wild At Heart,Gloriana,26,15,Gains In Performance
2009-05-16,26,God Must Really Love Me,Craig Morgan,28,18,Gains In Performance
2009-05-16,27,Love Your Love The Most,Eric Church,30,12,Gains In Performance
2009-05-16,28,Sounds Like Life To Me,Darryl Worley,29,14,Gains In Performance
2009-05-16,29,Man Of The House,Chuck Wicks,31,16,Gains In Performance
2009-05-16,30,Small Town USA,Justin Moore,34,13,Gains In Performance
2009-05-16,31,The Climb,Miley Cyrus,33,10,Gains In Performance
2009-05-16,32,Barefoot And Crazy,Jack Ingram,36,7,Gains In Performance
2009-05-16,33,Country Star,Pat Green,32,12,Gains In Performance
2009-05-16,34,Runaway,Love And Theft,38,10,Gains In Performance
2009-05-16,35,High Cost Of Living,Jamey Johnson,35,13,Gains In Performance
2009-05-16,36,Gettin' You Home,Chris Young,39,12,Gains In Performance
2009-05-16,37,Boy Like Me,Jessica Harp,40,8,Gains In Performance
2009-05-16,38,Fight Like A Girl,Bomshel,41,12,Gains In Performance
2009-05-16,39,Believers,Joe Nichols,42,3,Gains In Performance
2009-05-16,40,Dead Flowers,Miranda Lambert,55,3,Gains In Performance
2009-05-16,41,Red Light,David Nail,47,10,Gains In Performance
2009-05-16,42,Solitary Thinkin',Lee Ann Womack,49,4,Gains In Performance
2009-05-16,43,What Would You Say,Trailer Choir,44,14,
2009-05-16,44,Address In The Stars,Caitlin & Will,46,8,Gains In Performance
2009-05-16,45,I Want My Life Back,Bucky Covington,50,3,Gains In Performance
2009-05-16,46,"Red, White, & Pink-Slip Blues",Hank Williams Jr.,43,4,
2009-05-16,47,What I'm For,Pat Green,52,6,Gains In Performance
2009-05-16,48,Back To Tennessee,Billy Ray Cyrus,48,10,
2009-05-16,49,Livin' In Paradise,Jonathan Singleton & The Grove,51,7,Gains In Performance
2009-05-16,50,Do I,Luke Bryan,53,2,Gains In Performance
2009-05-16,51,Henry Cartwright's Produce Stand,Trent Tomlinson,NEW,1,Highest ranking debut|Gains In Performance
2009-05-16,52,Bobbi With An I,Phil Vassar,57,2,Gains In Performance
2009-05-16,53,Summer Nights,Rascal Flatts,RE,3,Gains In Performance
2009-05-16,54,Heart Like Memphis,Carter Twins,58,2,Gains In Performance
2009-05-16,55,Foot Stompin',Davisson Brothers Band,NEW,1,Gains In Performance
2009-05-16,56,Since You Brought It Up,James Otto,NEW,1,Gains In Performance
2009-05-16,57,Smoke A Little Smoke,Eric Church,NEW,1,Gains In Performance
2009-05-16,58,Dreaming Love,Kate & Kacey,56,2,
2009-05-16,59,I Just Call You Mine,Martina McBride,NEW,1,Gains In Performance
2009-05-16,60,Six-Foot Teddybear,Richie McDonald,59,2,Gains In Performance
2009-05-23,1,It Happens,Sugarland,3,13,Gains In Performance
2009-05-23,2,I Told You So,Carrie Underwood Featuring Randy Travis,2,17,Gains In Performance
2009-05-23,3,She's Country,Jason Aldean,1,25,
2009-05-23,4,Then,Brad Paisley,6,8,Gains In Performance
2009-05-23,5,Kiss A Girl,Keith Urban,7,9,Gains In Performance
2009-05-23,6,Out Last Night,Kenny Chesney,9,7,Gains In Performance
2009-05-23,7,One In Every Crowd,Montgomery Gentry,8,16,Gains In Performance
2009-05-23,8,Here Comes Goodbye,Rascal Flatts,5,16,
2009-05-23,9,It's America,Rodney Atkins,4,26,
2009-05-23,10,Sideways,Dierks Bentley,10,11,Gains In Performance
2009-05-23,11,Whatever It Is,Zac Brown Band,11,18,Gains In Performance
2009-05-23,12,Always The Love Songs,Eli Young Band,13,36,Gains In Performance
2009-05-23,13,I Run To You,Lady Antebellum,14,17,Gains In Performance
2009-05-23,14,Sissy's Song,Alan Jackson,12,13,Gains In Performance
2009-05-23,15,Where I'm From,Jason Michael Carroll,15,25,Gains In Performance
2009-05-23,16,Lost You Anyway,Toby Keith,16,10,Gains In Performance
2009-05-23,17,You Belong With Me,Taylor Swift,18,4,Greatest gainer this week|Gains In Performance
2009-05-23,18,Strange,Reba,20,5,Gains In Performance
2009-05-23,19,How 'Bout You Don't,The Lost Trailers,17,31,Gains In Performance
2009-05-23,20,Best Days Of Your Life,Kellie Pickler,19,26,Gains In Performance
2009-05-23,21,People Are Crazy,Billy Currington,21,10,Gains In Performance
2009-05-23,22,Alright,Darius Rucker,23,5,Gains In Performance
2009-05-23,23,Boots On,Randy Houser,22,12,Gains In Performance
2009-05-23,24,I'll Just Hold On,Blake Shelton,24,12,Gains In Performance
2009-05-23,25,Wild At Heart,Gloriana,25,16,Gains In Performance
2009-05-23,26,Love Your Love The Most,Eric Church,27,13,Gains In Performance
2009-05-23,27,God Must Really Love Me,Craig Morgan,26,19,
2009-05-23,28,Small Town USA,Justin Moore,30,14,Gains In Performance
2009-05-23,29,Barefoot And Crazy,Jack Ingram,32,8,Gains In Performance
2009-05-23,30,Sounds Like Life To Me,Darryl Worley,28,15,Gains In Performance
2009-05-23,31,Man Of The House,Chuck Wicks,29,17,Gains In Performance
2009-05-23,32,Runaway,Love And Theft,34,11,Gains In Performance
2009-05-23,33,The Climb,Miley Cyrus,31,11,Gains In Performance
2009-05-23,34,High Cost Of Living,Jamey Johnson,35,14,Gains In Performance
2009-05-23,35,Gettin' You Home,Chris Young,36,13,Gains In Performance
2009-05-23,36,Boy Like Me,Jessica Harp,37,9,Gains In Performance
2009-05-23,37,Fight Like A Girl,Bomshel,38,13,Gains In Performance
2009-05-23,38,Believers,Joe Nichols,39,4,Gains In Performance
2009-05-23,39,Country Star,Pat Green,33,13,
2009-05-23,40,What I'm For,Pat Green,47,7,Gains In Performance
2009-05-23,41,Red Light,David Nail,41,11,Gains In Performance
2009-05-23,42,Dead Flowers,Miranda Lambert,40,4,Gains In Performance
2009-05-23,43,Solitary Thinkin',Lee Ann Womack,42,5,Gains In Performance
2009-05-23,44,I Want My Life Back,Bucky Covington,45,4,Gains In Performance
2009-05-23,45,Since You Brought It Up,James Otto,56,2,Gains In Performance
2009-05-23,46,Do I,Luke Bryan,50,3,Gains In Performance
2009-05-23,47,Address In The Stars,Caitlin & Will,44,9,Gains In Performance
2009-05-23,48,Indian Summer,Brooks & Dunn,NEW,1,Highest ranking debut|Gains In Performance
2009-05-23,49,Livin' In Paradise,Jonathan Singleton & The Grove,49,8,
2009-05-23,50,Summer Nights,Rascal Flatts,53,4,Gains In Performance
2009-05-23,51,All I Ask For Anymore,Trace Adkins,NEW,1,Gains In Performance
2009-05-23,52,Back To Tennessee,Billy Ray Cyrus,48,11,
2009-05-23,53,Six-Foot Teddybear,Richie McDonald,60,3,Gains In Performance
2009-05-23,54,Henry Cartwright's Produce Stand,Trent Tomlinson,51,2,Gains In Performance
2009-05-23,55,Bobbi With An I,Phil Vassar,52,3,
2009-05-23,56,The Best Day,Taylor Swift,NEW,1,Gains In Performance
2009-05-23,57,What Am I Waiting For,Heidi Newfield,NEW,1,Gains In Performance
2009-05-23,58,Heart Like Memphis,Carter Twins,54,3,
2009-05-23,59,I Just Call You Mine,Martina McBride,59,2,Gains In Performance
2009-05-23,60,Til The Last Shot's Fired,Trace Adkins,RE,4,Gains In Performance
2009-05-30,1,It Happens,Sugarland,1,14,Gains In Performance
2009-05-30,2,Then,Brad Paisley,4,9,Gains In Performance
2009-05-30,3,Kiss A Girl,Keith Urban,5,10,Gains In Performance
2009-05-30,4,Out Last Night,Kenny Chesney,6,8,Gains In Performance
2009-05-30,5,One In Every Crowd,Montgomery Gentry,7,17,Gains In Performance
2009-05-30,6,She's Country,Jason Aldean,3,26,
2009-05-30,7,Sideways,Dierks Bentley,10,12,Gains In Performance
2009-05-30,8,Whatever It Is,Zac Brown Band,11,19,Gains In Performance
2009-05-30,9,I Told You So,Carrie Underwood Featuring Randy Travis,2,18,
2009-05-30,10,I Run To You,Lady Antebellum,13,18,Gains In Performance
2009-05-30,11,Always The Love Songs,Eli Young Band,12,37,Gains In Performance
2009-05-30,12,Sissy's Song,Alan Jackson,14,14,Gains In Performance
2009-05-30,13,Where I'm From,Jason Michael Carroll,15,26,Gains In Performance
2009-05-30,14,Lost You Anyway,Toby Keith,16,11,Gains In Performance
2009-05-30,15,You Belong With Me,Taylor Swift,17,5,Gains In Performance
2009-05-30,16,Strange,Reba,18,6,Gains In Performance
2009-05-30,17,People Are Crazy,Billy Currington,21,11,Gains In Performance
2009-05-30,18,Best Days Of Your Life,Kellie Pickler,20,27,Gains In Performance
2009-05-30,19,How 'Bout You Don't,The Lost Trailers,19,32,Gains In Performance
2009-05-30,20,Alright,Darius Rucker,22,6,Gains In Performance
2009-05-30,21,Boots On,Randy Houser,23,13,Gains In Performance
2009-05-30,22,Wild At Heart,Gloriana,25,17,Gains In Performance
2009-05-30,23,I'll Just Hold On,Blake Shelton,24,13,Gains In Performance
2009-05-30,24,Small Town USA,Justin Moore,28,15,Gains In Performance
2009-05-30,25,Love Your Love The Most,Eric Church,26,14,Gains In Performance
2009-05-30,26,Barefoot And Crazy,Jack Ingram,29,9,Gains In Performance
2009-05-30,27,Sounds Like Life To Me,Darryl Worley,30,16,Gains In Performance
2009-05-30,28,Man Of The House,Chuck Wicks,31,18,Gains In Performance
2009-05-30,29,God Must Really Love Me,Craig Morgan,27,20,
2009-05-30,30,Summer Nights,Rascal Flatts,50,5,Gains In Performance
2009-05-30,31,Runaway,Love And Theft,32,12,Gains In Performance
2009-05-30,32,The Climb,Miley Cyrus,33,12,Gains In Performance
2009-05-30,33,Gettin' You Home,Chris Young,35,14,Gains In Performance
2009-05-30,34,Believers,Joe Nichols,38,5,Gains In Performance
2009-05-30,35,High Cost Of Living,Jamey Johnson,34,15,
2009-05-30,36,Fight Like A Girl,Bomshel,37,14,Gains In Performance
2009-05-30,37,Boy Like Me,Jessica Harp,36,10,Gains In Performance
2009-05-30,38,What I'm For,Pat Green,40,8,Gains In Performance
2009-05-30,39,Indian Summer,Brooks & Dunn,48,2,Gains In Performance
2009-05-30,40,Red Light,David Nail,41,12,Gains In Performance
2009-05-30,41,Since You Brought It Up,James Otto,45,3,Gains In Performance
2009-05-30,42,Dead Flowers,Miranda Lambert,42,5,Gains In Performance
2009-05-30,43,I Want My Life Back,Bucky Covington,44,5,Gains In Performance
2009-05-30,44,All I Ask For Anymore,Trace Adkins,51,2,Gains In Performance
2009-05-30,45,Do I,Luke Bryan,46,4,Gains In Performance
2009-05-30,46,Solitary Thinkin',Lee Ann Womack,43,6,Gains In Performance
2009-05-30,47,Address In The Stars,Caitlin & Will,47,10,Gains In Performance
2009-05-30,48,Big Green Tractor,Jason Aldean,NEW,1,Highest ranking debut|Gains In Performance
2009-05-30,49,Country Star,Pat Green,39,14,
2009-05-30,50,Henry Cartwright's Produce Stand,Trent Tomlinson,54,3,Gains In Performance
2009-05-30,51,Livin' In Paradise,Jonathan Singleton & The Grove,49,9,
2009-05-30,52,Bobbi With An I,Phil Vassar,55,4,Gains In Performance
2009-05-30,53,Six-Foot Teddybear,Richie McDonald,53,4,Gains In Performance
2009-05-30,54,Dreaming Love,Kate & Kacey,RE,3,Gains In Performance
2009-05-30,55,I Just Call You Mine,Martina McBride,59,3,Gains In Performance
2009-05-30,56,I'll Be That,Jimmy Wayne,NEW,1,Gains In Performance
2009-05-30,57,15 Minutes,Rodney Atkins,NEW,1,Gains In Performance
2009-05-30,58,Heart Like Memphis,Carter Twins,58,4,Gains In Performance
2009-05-30,59,Long Past Gone,Megan Mullins,NEW,1,Gains In Performance
2009-05-30,60,Rockin' The Beer Gut,Trailer Choir,NEW,1,Gains In Performance
2009-06-06,1,Then,Brad Paisley,2,10,Gains In Performance
2009-06-06,2,It Happens,Sugarland,1,15,
2009-06-06,3,Kiss A Girl,Keith Urban,3,11,Gains In Performance
2009-06-06,4,Out Last Night,Kenny Chesney,4,9,Gains In Performance
2009-06-06,5,Sideways,Dierks Bentley,7,13,Gains In Performance
2009-06-06,6,One In Every Crowd,Montgomery Gentry,5,18,Gains In Performance
2009-06-06,7,Whatever It Is,Zac Brown Band,8,20,Gains In Performance
2009-06-06,8,She's Country,Jason Aldean,6,27,
2009-06-06,9,I Run To You,Lady Antebellum,10,19,Gains In Performance
2009-06-06,10,Sissy's Song,Alan Jackson,12,15,Gains In Performance
2009-06-06,11,Where I'm From,Jason Michael Carroll,13,27,Gains In Performance
2009-06-06,12,Lost You Anyway,Toby Keith,14,12,Gains In Performance
2009-06-06,13,You Belong With Me,Taylor Swift,15,6,Gains In Performance
2009-06-06,14,I Told You So,Carrie Underwood Featuring Randy Travis,9,19,
2009-06-06,15,Strange,Reba,16,7,Gains In Performance
2009-06-06,16,People Are Crazy,Billy Currington,17,12,Gains In Performance
2009-06-06,17,Alright,Darius Rucker,20,7,Gains In Performance
2009-06-06,18,How 'Bout You Don't,The Lost Trailers,19,33,Gains In Performance
2009-06-06,19,Best Days Of Your Life,Kellie Pickler,18,28,
2009-06-06,20,Boots On,Randy Houser,21,14,Gains In Performance
2009-06-06,21,Wild At Heart,Gloriana,22,18,Gains In Performance
2009-06-06,22,I'll Just Hold On,Blake Shelton,23,14,Gains In Performance
2009-06-06,23,Summer Nights,Rascal Flatts,30,6,Gains In Performance
2009-06-06,24,Small Town USA,Justin Moore,24,16,Gains In Performance
2009-06-06,25,Barefoot And Crazy,Jack Ingram,26,10,Gains In Performance
2009-06-06,26,Love Your Love The Most,Eric Church,25,15,Gains In Performance
2009-06-06,27,Sounds Like Life To Me,Darryl Worley,27,17,Gains In Performance
2009-06-06,28,Man Of The House,Chuck Wicks,28,19,Gains In Performance
2009-06-06,29,Runaway,Love And Theft,31,13,Gains In Performance
2009-06-06,30,The Climb,Miley Cyrus,32,13,Gains In Performance
2009-06-06,31,Indian Summer,Brooks & Dunn,39,3,Gains In Performance
2009-06-06,32,Believers,Joe Nichols,34,6,Gains In Performance
2009-06-06,33,Gettin' You Home,Chris Young,33,15,Gains In Performance
2009-06-06,34,High Cost Of Living,Jamey Johnson,35,16,Gains In Performance
2009-06-06,35,Boy Like Me,Jessica Harp,37,11,Gains In Performance
2009-06-06,36,Fight Like A Girl,Bomshel,36,15,Gains In Performance
2009-06-06,37,All I Ask For Anymore,Trace Adkins,44,3,Gains In Performance
2009-06-06,38,What I'm For,Pat Green,38,9,Gains In Performance
2009-06-06,39,Big Green Tractor,Jason Aldean,48,2,Gains In Performance
2009-06-06,40,I Want My Life Back,Bucky Covington,43,6,Gains In Performance
2009-06-06,41,Since You Brought It Up,James Otto,41,4,Gains In Performance
2009-06-06,42,Red Light,David Nail,40,13,
2009-06-06,43,Address In The Stars,Caitlin & Will,47,11,Gains In Performance
2009-06-06,44,Solitary Thinkin',Lee Ann Womack,46,7,Gains In Performance
2009-06-06,45,Do I,Luke Bryan,45,5,Gains In Performance
2009-06-06,46,Dead Flowers,Miranda Lambert,42,6,
2009-06-06,47,Bobbi With An I,Phil Vassar,52,5,Gains In Performance
2009-06-06,48,Livin' In Paradise,Jonathan Singleton & The Grove,51,10,Gains In Performance
2009-06-06,49,I Just Call You Mine,Martina McBride,55,4,Gains In Performance
2009-06-06,50,Henry Cartwright's Produce Stand,Trent Tomlinson,50,4,
2009-06-06,51,Six-Foot Teddybear,Richie McDonald,53,5,Gains In Performance
2009-06-06,52,Rockin' The Beer Gut,Trailer Choir,60,2,Gains In Performance
2009-06-06,53,15 Minutes,Rodney Atkins,57,2,Gains In Performance
2009-06-06,54,I Was Here,Lady Antebellum,NEW,1,Highest ranking debut|Gains In Performance
2009-06-06,55,Bonfire,Craig Morgan,NEW,1,Gains In Performance
2009-06-06,56,Long Past Gone,Megan Mullins,59,2,Gains In Performance
2009-06-06,57,Up To Him,Tracy Lawrence,NEW,1,Gains In Performance
2009-06-06,58,Dreaming Love,Kate & Kacey,54,4,
2009-06-06,59,It's A Girl Thing,Jesse Lee,NEW,1,Gains In Performance
2009-06-06,60,She Never Got Me Over You,Mark Chesnutt,RE,3,Gains In Performance
2009-06-13,1,Then,Brad Paisley,1,11,Gains In Performance
2009-06-13,2,Out Last Night,Kenny Chesney,4,10,Gains In Performance
2009-06-13,3,Kiss A Girl,Keith Urban,3,12,Gains In Performance
2009-06-13,4,Sideways,Dierks Bentley,5,14,Gains In Performance
2009-06-13,5,It Happens,Sugarland,2,16,
2009-06-13,6,Whatever It Is,Zac Brown Band,7,21,Gains In Performance
2009-06-13,7,One In Every Crowd,Montgomery Gentry,6,19,Gains In Performance
2009-06-13,8,I Run To You,Lady Antebellum,9,20,Gains In Performance
2009-06-13,9,Sissy's Song,Alan Jackson,10,16,Gains In Performance
2009-06-13,10,You Belong With Me,Taylor Swift,13,7,Gains In Performance
2009-06-13,11,Where I'm From,Jason Michael Carroll,11,28,Gains In Performance
2009-06-13,12,Lost You Anyway,Toby Keith,12,13,Gains In Performance
2009-06-13,13,People Are Crazy,Billy Currington,16,13,Gains In Performance
2009-06-13,14,Strange,Reba,15,8,Gains In Performance
2009-06-13,15,Alright,Darius Rucker,17,8,Gains In Performance
2009-06-13,16,Boots On,Randy Houser,20,15,Gains In Performance
2009-06-13,17,Summer Nights,Rascal Flatts,23,7,Gains In Performance
2009-06-13,18,Best Days Of Your Life,Kellie Pickler,19,29,Gains In Performance
2009-06-13,19,I'll Just Hold On,Blake Shelton,22,15,Gains In Performance
2009-06-13,20,Wild At Heart,Gloriana,21,19,Gains In Performance
2009-06-13,21,Small Town USA,Justin Moore,24,17,Gains In Performance
2009-06-13,22,Barefoot And Crazy,Jack Ingram,25,11,Gains In Performance
2009-06-13,23,Love Your Love The Most,Eric Church,26,16,Gains In Performance
2009-06-13,24,Sounds Like Life To Me,Darryl Worley,27,18,Gains In Performance
2009-06-13,25,Runaway,Love And Theft,29,14,Gains In Performance
2009-06-13,26,Indian Summer,Brooks & Dunn,31,4,Gains In Performance
2009-06-13,27,Man Of The House,Chuck Wicks,28,20,Gains In Performance
2009-06-13,28,The Climb,Miley Cyrus,30,14,Gains In Performance
2009-06-13,29,Gettin' You Home,Chris Young,33,16,Gains In Performance
2009-06-13,30,Big Green Tractor,Jason Aldean,39,3,Gains In Performance
2009-06-13,31,Believers,Joe Nichols,32,7,Gains In Performance
2009-06-13,32,Boy Like Me,Jessica Harp,35,12,Gains In Performance
2009-06-13,33,What I'm For,Pat Green,38,10,Gains In Performance
2009-06-13,34,Living For The Night,George Strait,NEW,1,Highest ranking debut|Gains In Performance
2009-06-13,35,High Cost Of Living,Jamey Johnson,34,17,Gains In Performance
2009-06-13,36,Fight Like A Girl,Bomshel,36,16,Gains In Performance
2009-06-13,37,All I Ask For Anymore,Trace Adkins,37,4,Gains In Performance
2009-06-13,38,I Want My Life Back,Bucky Covington,40,7,Gains In Performance
2009-06-13,39,Red Light,David Nail,42,14,Gains In Performance
2009-06-13,40,Do I,Luke Bryan,45,6,Gains In Performance
2009-06-13,41,Since You Brought It Up,James Otto,41,5,Gains In Performance
2009-06-13,42,Dead Flowers,Miranda Lambert,46,7,Gains In Performance
2009-06-13,43,Solitary Thinkin',Lee Ann Womack,44,8,Gains In Performance
2009-06-13,44,Address In The Stars,Caitlin & Will,43,12,
2009-06-13,45,15 Minutes,Rodney Atkins,53,3,Gains In Performance
2009-06-13,46,Bobbi With An I,Phil Vassar,47,6,Gains In Performance
2009-06-13,47,I Just Call You Mine,Martina McBride,49,5,Gains In Performance
2009-06-13,48,Henry Cartwright's Produce Stand,Trent Tomlinson,50,5,Gains In Performance
2009-06-13,49,Livin' In Paradise,Jonathan Singleton & The Grove,48,11,
2009-06-13,50,Bonfire,Craig Morgan,55,2,Gains In Performance
2009-06-13,51,Six-Foot Teddybear,Richie McDonald,51,6,
2009-06-13,52,Rockin' The Beer Gut,Trailer Choir,52,3,
2009-06-13,53,Long Past Gone,Megan Mullins,56,3,Gains In Performance
2009-06-13,54,Til The Last Shot's Fired,Trace Adkins,RE,5,Gains In Performance
2009-06-13,55,Dreaming Love,Kate & Kacey,58,5,Gains In Performance
2009-06-13,56,She Never Got Me Over You,Mark Chesnutt,60,4,Gains In Performance
2009-06-13,57,I'll Be That,Jimmy Wayne,RE,2,Gains In Performance
2009-06-13,58,Up To Him,Tracy Lawrence,57,2,
2009-06-13,59,It's A Girl Thing,Jesse Lee,59,2,Gains In Performance
2009-06-13,60,Guinevere,Eli Young Band,NEW,1,Gains In Performance
2009-06-20,1,Then,Brad Paisley,1,12,Gains In Performance
2009-06-20,2,Out Last Night,Kenny Chesney,2,11,Gains In Performance
2009-06-20,3,Kiss A Girl,Keith Urban,3,13,Gains In Performance
2009-06-20,4,Whatever It Is,Zac Brown Band,6,22,Gains In Performance
2009-06-20,5,Sideways,Dierks Bentley,4,15,Gains In Performance
2009-06-20,6,I Run To You,Lady Antebellum,8,21,Gains In Performance
2009-06-20,7,It Happens,Sugarland,5,17,
2009-06-20,8,One In Every Crowd,Montgomery Gentry,7,20,
2009-06-20,9,You Belong With Me,Taylor Swift,10,8,Gains In Performance
2009-06-20,10,Sissy's Song,Alan Jackson,9,17,
2009-06-20,11,People Are Crazy,Billy Currington,13,14,Gains In Performance
2009-06-20,12,Lost You Anyway,Toby Keith,12,14,Gains In Performance
2009-06-20,13,Where I'm From,Jason Michael Carroll,11,29,Gains In Performance
2009-06-20,14,Alright,Darius Rucker,15,9,Gains In Performance
2009-06-20,15,Strange,Reba,14,9,Gains In Performance
2009-06-20,16,Summer Nights,Rascal Flatts,17,8,Gains In Performance
2009-06-20,17,Boots On,Randy Houser,16,16,Gains In Performance
2009-06-20,18,Best Days Of Your Life,Kellie Pickler,18,30,Gains In Performance
2009-06-20,19,Wild At Heart,Gloriana,20,20,Gains In Performance
2009-06-20,20,I'll Just Hold On,Blake Shelton,19,16,Gains In Performance
2009-06-20,21,Small Town USA,Justin Moore,21,18,Gains In Performance
2009-06-20,22,Barefoot And Crazy,Jack Ingram,22,12,Gains In Performance
2009-06-20,23,Love Your Love The Most,Eric Church,23,17,Gains In Performance
2009-06-20,24,Living For The Night,George Strait,34,2,Gains In Performance
2009-06-20,25,Indian Summer,Brooks & Dunn,26,5,Gains In Performance
2009-06-20,26,Sounds Like Life To Me,Darryl Worley,24,19,Gains In Performance
2009-06-20,27,Runaway,Love And Theft,25,15,Gains In Performance
2009-06-20,28,The Climb,Miley Cyrus,28,15,Gains In Performance
2009-06-20,29,Big Green Tractor,Jason Aldean,30,4,Gains In Performance
2009-06-20,30,Gettin' You Home,Chris Young,29,17,Gains In Performance
2009-06-20,31,Believers,Joe Nichols,31,8,Gains In Performance
2009-06-20,32,What I'm For,Pat Green,33,11,Gains In Performance
2009-06-20,33,Fight Like A Girl,Bomshel,36,17,Gains In Performance
2009-06-20,34,Boy Like Me,Jessica Harp,32,13,Gains In Performance
2009-06-20,35,All I Ask For Anymore,Trace Adkins,37,5,Gains In Performance
2009-06-20,36,I Want My Life Back,Bucky Covington,38,8,Gains In Performance
2009-06-20,37,Red Light,David Nail,39,15,Gains In Performance
2009-06-20,38,High Cost Of Living,Jamey Johnson,35,18,
2009-06-20,39,Dead Flowers,Miranda Lambert,42,8,Gains In Performance
2009-06-20,40,Since You Brought It Up,James Otto,41,6,Gains In Performance
2009-06-20,41,Do I,Luke Bryan,40,7,Gains In Performance
2009-06-20,42,15 Minutes,Rodney Atkins,45,4,Gains In Performance
2009-06-20,43,Solitary Thinkin',Lee Ann Womack,43,9,Gains In Performance
2009-06-20,44,Address In The Stars,Caitlin & Will,44,13,
2009-06-20,45,Bonfire,Craig Morgan,50,3,Gains In Performance
2009-06-20,46,I Just Call You Mine,Martina McBride,47,6,Gains In Performance
2009-06-20,47,Rockin' The Beer Gut,Trailer Choir,52,4,Gains In Performance
2009-06-20,48,Bobbi With An I,Phil Vassar,46,7,
2009-06-20,49,I'll Be That,Jimmy Wayne,57,3,Gains In Performance
2009-06-20,50,Up To Him,Tracy Lawrence,58,3,Gains In Performance
2009-06-20,51,Long Past Gone,Megan Mullins,53,4,Gains In Performance
2009-06-20,52,Henry Cartwright's Produce Stand,Trent Tomlinson,48,6,
2009-06-20,53,She Never Got Me Over You,Mark Chesnutt,56,5,Gains In Performance
2009-06-20,54,Six-Foot Teddybear,Richie McDonald,51,7,Gains In Performance
2009-06-20,55,Dreaming Love,Kate & Kacey,55,6,Gains In Performance
2009-06-20,56,Livin' In Paradise,Jonathan Singleton & The Grove,49,12,
2009-06-20,57,Eight Second Ride,Jake Owen,NEW,1,Highest ranking debut|Gains In Performance
2009-06-20,58,Country Folks (Livin' Loud),The Lost Trailers,NEW,1,Gains In Performance
2009-06-20,59,It's A Girl Thing,Jesse Lee,59,3,Gains In Performance
2009-06-20,60,Moo La Moo,Steve Azar,NEW,1,Gains In Performance
2009-06-27,1,Out Last Night,Kenny Chesney,2,12,Gains In Performance
2009-06-27,2,Then,Brad Paisley,1,13,
2009-06-27,3,Sideways,Dierks Bentley,5,16,Gains In Performance
2009-06-27,4,Kiss A Girl,Keith Urban,3,14,
2009-06-27,5,Whatever It Is,Zac Brown Band,4,23,Gains In Performance
2009-06-27,6,I Run To You,Lady Antebellum,6,22,Gains In Performance
2009-06-27,7,People Are Crazy,Billy Currington,11,15,Gains In Performance
2009-06-27,8,You Belong With Me,Taylor Swift,9,9,Gains In Performance
2009-06-27,9,Alright,Darius Rucker,14,10,Gains In Performance
2009-06-27,10,Lost You Anyway,Toby Keith,12,15,Gains In Performance
2009-06-27,11,Sissy's Song,Alan Jackson,10,18,
2009-06-27,12,Summer Nights,Rascal Flatts,16,9,Gains In Performance
2009-06-27,13,Strange,Reba,15,10,Gains In Performance
2009-06-27,14,Boots On,Randy Houser,17,17,Gains In Performance
2009-06-27,15,Best Days Of Your Life,Kellie Pickler,18,31,Gains In Performance
2009-06-27,16,I'll Just Hold On,Blake Shelton,20,17,Gains In Performance
2009-06-27,17,Wild At Heart,Gloriana,19,21,Gains In Performance
2009-06-27,18,Small Town USA,Justin Moore,21,19,Gains In Performance
2009-06-27,19,Barefoot And Crazy,Jack Ingram,22,13,Gains In Performance
2009-06-27,20,Living For The Night,George Strait,24,3,Gains In Performance
2009-06-27,21,Love Your Love The Most,Eric Church,23,18,Gains In Performance
2009-06-27,22,Indian Summer,Brooks & Dunn,25,6,Gains In Performance
2009-06-27,23,Sounds Like Life To Me,Darryl Worley,26,20,Gains In Performance
2009-06-27,24,Big Green Tractor,Jason Aldean,29,5,Gains In Performance
2009-06-27,25,Runaway,Love And Theft,27,16,Gains In Performance
2009-06-27,26,The Climb,Miley Cyrus,28,16,Gains In Performance
2009-06-27,27,Gettin' You Home,Chris Young,30,18,Gains In Performance
2009-06-27,28,Believers,Joe Nichols,31,9,Gains In Performance
2009-06-27,29,What I'm For,Pat Green,32,12,Gains In Performance
2009-06-27,30,Boy Like Me,Jessica Harp,34,14,Gains In Performance
2009-06-27,31,Fight Like A Girl,Bomshel,33,18,Gains In Performance
2009-06-27,32,I Want My Life Back,Bucky Covington,36,9,Gains In Performance
2009-06-27,33,All I Ask For Anymore,Trace Adkins,35,6,Gains In Performance
2009-06-27,34,15 Minutes,Rodney Atkins,42,5,Gains In Performance
2009-06-27,35,Do I,Luke Bryan,41,8,Gains In Performance
2009-06-27,36,Red Light,David Nail,37,16,Gains In Performance
2009-06-27,37,Since You Brought It Up,James Otto,40,7,Gains In Performance
2009-06-27,38,Bonfire,Craig Morgan,45,4,Gains In Performance
2009-06-27,39,Solitary Thinkin',Lee Ann Womack,43,10,Gains In Performance
2009-06-27,40,Dead Flowers,Miranda Lambert,39,9,
2009-06-27,41,Rockin' The Beer Gut,Trailer Choir,47,5,Gains In Performance
2009-06-27,42,Address In The Stars,Caitlin & Will,44,14,Gains In Performance
2009-06-27,43,I Just Call You Mine,Martina McBride,46,7,Gains In Performance
2009-06-27,44,Eight Second Ride,Jake Owen,57,2,Gains In Performance
2009-06-27,45,High Cost Of Living,Jamey Johnson,38,19,
2009-06-27,46,I'll Be That,Jimmy Wayne,49,4,Gains In Performance
2009-06-27,47,Henry Cartwright's Produce Stand,Trent Tomlinson,52,7,Gains In Performance
2009-06-27,48,Long Line Of Losers,Montgomery Gentry,NEW,1,Highest ranking debut|Gains In Performance
2009-06-27,49,Long Past Gone,Megan Mullins,51,5,Gains In Performance
2009-06-27,50,Up To Him,Tracy Lawrence,50,4,Gains In Performance
2009-06-27,51,Bobbi With An I,Phil Vassar,48,8,
2009-06-27,52,Dreaming Love,Kate & Kacey,55,7,Gains In Performance
2009-06-27,53,She Never Got Me Over You,Mark Chesnutt,53,6,Gains In Performance
2009-06-27,54,I Was Here,Lady Antebellum,RE,2,Gains In Performance
2009-06-27,55,Country Folks (Livin' Loud),The Lost Trailers,58,2,Gains In Performance
2009-06-27,56,It's A Girl Thing,Jesse Lee,59,4,Gains In Performance
2009-06-27,57,Six-Foot Teddybear,Richie McDonald,54,8,
2009-06-27,58,Moo La Moo,Steve Azar,60,2,Gains In Performance
2009-06-27,59,Jeep Jeep,Krista Marie,NEW,1,Gains In Performance
2009-06-27,60,What Am I Waiting For,Heidi Newfield,RE,2,Gains In Performance
2009-07-04,1,Out Last Night,Kenny Chesney,1,13,
2009-07-04,2,Whatever It Is,Zac Brown Band,5,24,Gains In Performance
2009-07-04,3,Sideways,Dierks Bentley,3,17,Gains In Performance
2009-07-04,4,Then,Brad Paisley,2,14,
2009-07-04,5,Kiss A Girl,Keith Urban,4,15,
2009-07-04,6,I Run To You,Lady Antebellum,6,23,Gains In Performance
2009-07-04,7,People Are Crazy,Billy Currington,7,16,Gains In Performance
2009-07-04,8,You Belong With Me,Taylor Swift,8,10,Gains In Performance
2009-07-04,9,Alright,Darius Rucker,9,11,Gains In Performance
2009-07-04,10,Lost You Anyway,Toby Keith,10,16,Gains In Performance
2009-07-04,11,Summer Nights,Rascal Flatts,12,10,Gains In Performance
2009-07-04,12,Strange,Reba,13,11,Gains In Performance
2009-07-04,13,Boots On,Randy Houser,14,18,Gains In Performance
2009-07-04,14,Best Days Of Your Life,Kellie Pickler,15,32,Gains In Performance
2009-07-04,15,Living For The Night,George Strait,20,4,Greatest gainer this week|Gains In Performance
2009-07-04,16,I'll Just Hold On,Blake Shelton,16,18,Gains In Performance
2009-07-04,17,Wild At Heart,Gloriana,17,22,Gains In Performance
2009-07-04,18,Barefoot And Crazy,Jack Ingram,19,14,Gains In Performance
2009-07-04,19,Small Town USA,Justin Moore,18,20,Gains In Performance
2009-07-04,20,Indian Summer,Brooks & Dunn,22,7,Gains In Performance
2009-07-04,21,Big Green Tractor,Jason Aldean,24,6,Gains In Performance
2009-07-04,22,Love Your Love The Most,Eric Church,21,19,Gains In Performance
2009-07-04,23,Sounds Like Life To Me,Darryl Worley,23,21,Gains In Performance
2009-07-04,24,Runaway,Love And Theft,25,17,Gains In Performance
2009-07-04,25,The Climb,Miley Cyrus,26,17,Gains In Performance
2009-07-04,26,Gettin' You Home,Chris Young,27,19,Gains In Performance
2009-07-04,27,15 Minutes,Rodney Atkins,34,6,Gains In Performance
2009-07-04,28,What I'm For,Pat Green,29,13,Gains In Performance
2009-07-04,29,Believers,Joe Nichols,28,10,Gains In Performance
2009-07-04,30,All I Ask For Anymore,Trace Adkins,33,7,Gains In Performance
2009-07-04,31,Boy Like Me,Jessica Harp,30,15,Gains In Performance
2009-07-04,32,Fight Like A Girl,Bomshel,31,19,Gains In Performance
2009-07-04,33,I Want My Life Back,Bucky Covington,32,10,Gains In Performance
2009-07-04,34,Do I,Luke Bryan,35,9,Gains In Performance
2009-07-04,35,Red Light,David Nail,36,17,Gains In Performance
2009-07-04,36,Bonfire,Craig Morgan,38,5,Gains In Performance
2009-07-04,37,Since You Brought It Up,James Otto,37,8,Gains In Performance
2009-07-04,38,Dead Flowers,Miranda Lambert,40,10,Gains In Performance
2009-07-04,39,Rockin' The Beer Gut,Trailer Choir,41,6,Gains In Performance
2009-07-04,40,I Just Call You Mine,Martina McBride,43,8,Gains In Performance
2009-07-04,41,Solitary Thinkin',Lee Ann Womack,39,11,
2009-07-04,42,Long Line Of Losers,Montgomery Gentry,48,2,Gains In Performance
2009-07-04,43,Eight Second Ride,Jake Owen,44,3,Gains In Performance
2009-07-04,44,Address In The Stars,Caitlin & Will,42,15,
2009-07-04,45,Henry Cartwright's Produce Stand,Trent Tomlinson,47,8,Gains In Performance
2009-07-04,46,I'll Be That,Jimmy Wayne,46,5,
2009-07-04,47,Up To Him,Tracy Lawrence,50,5,Gains In Performance
2009-07-04,48,Long Past Gone,Megan Mullins,49,6,
2009-07-04,49,She Never Got Me Over You,Mark Chesnutt,53,7,Gains In Performance
2009-07-04,50,Joey,Sugarland,NEW,1,Highest ranking debut|Gains In Performance
2009-07-04,51,Dreaming Love,Kate & Kacey,52,8,
2009-07-04,52,It's A Girl Thing,Jesse Lee,56,5,Gains In Performance
2009-07-04,53,Country Folks (Livin' Loud),The Lost Trailers,55,3,Gains In Performance
2009-07-04,54,Moo La Moo,Steve Azar,58,3,Gains In Performance
2009-07-04,55,Mama,Holly Williams,NEW,1,Gains In Performance
2009-07-04,56,I Was Here,Lady Antebellum,54,3,
2009-07-04,57,Jeep Jeep,Krista Marie,59,2,Gains In Performance
2009-07-04,58,Sweet Sun Angel,Matt Stillwell,NEW,1,Gains In Performance
2009-07-04,59,The Good Lord And The Man,John Rich,NEW,1,Gains In Performance
2009-07-04,60,Six-Foot Teddybear,Richie McDonald,57,9,
2009-07-11,1,Sideways,Dierks Bentley,3,18,Gains In Performance
2009-07-11,2,Whatever It Is,Zac Brown Band,2,25,Gains In Performance
2009-07-11,3,Out Last Night,Kenny Chesney,1,14,
2009-07-11,4,Then,Brad Paisley,4,15,
2009-07-11,5,I Run To You,Lady Antebellum,6,24,Gains In Performance
2009-07-11,6,People Are Crazy,Billy Currington,7,17,Gains In Performance
2009-07-11,7,Kiss A Girl,Keith Urban,5,16,
2009-07-11,8,You Belong With Me,Taylor Swift,8,11,Gains In Performance
2009-07-11,9,Alright,Darius Rucker,9,12,Gains In Performance
2009-07-11,10,Lost You Anyway,Toby Keith,10,17,Gains In Performance
2009-07-11,11,Summer Nights,Rascal Flatts,11,11,Gains In Performance
2009-07-11,12,Strange,Reba,12,12,Gains In Performance
2009-07-11,13,Boots On,Randy Houser,13,19,Gains In Performance
2009-07-11,14,Best Days Of Your Life,Kellie Pickler,14,33,Gains In Performance
2009-07-11,15,Living For The Night,George Strait,15,5,Gains In Performance
2009-07-11,16,I'll Just Hold On,Blake Shelton,16,19,Gains In Performance
2009-07-11,17,Wild At Heart,Gloriana,17,23,Gains In Performance
2009-07-11,18,Barefoot And Crazy,Jack Ingram,18,15,Gains In Performance
2009-07-11,19,Big Green Tractor,Jason Aldean,21,7,Gains In Performance
2009-07-11,20,Small Town USA,Justin Moore,19,21,Gains In Performance
2009-07-11,21,Indian Summer,Brooks & Dunn,20,8,Gains In Performance
2009-07-11,22,Love Your Love The Most,Eric Church,22,20,Gains In Performance
2009-07-11,23,Sounds Like Life To Me,Darryl Worley,23,22,Gains In Performance
2009-07-11,24,Runaway,Love And Theft,24,18,Gains In Performance
2009-07-11,25,Gettin' You Home,Chris Young,26,20,Gains In Performance
2009-07-11,26,The Climb,Miley Cyrus,25,18,Gains In Performance
2009-07-11,27,15 Minutes,Rodney Atkins,27,7,Gains In Performance
2009-07-11,28,Believers,Joe Nichols,29,11,Gains In Performance
2009-07-11,29,What I'm For,Pat Green,28,14,Gains In Performance
2009-07-11,30,Fight Like A Girl,Bomshel,32,20,Gains In Performance
2009-07-11,31,Boy Like Me,Jessica Harp,31,16,Gains In Performance
2009-07-11,32,All I Ask For Anymore,Trace Adkins,30,8,Gains In Performance
2009-07-11,33,Red Light,David Nail,35,18,Gains In Performance
2009-07-11,34,I Want My Life Back,Bucky Covington,33,11,Gains In Performance
2009-07-11,35,Do I,Luke Bryan,34,10,Gains In Performance
2009-07-11,36,Bonfire,Craig Morgan,36,6,Gains In Performance
2009-07-11,37,Dead Flowers,Miranda Lambert,38,11,Gains In Performance
2009-07-11,38,Since You Brought It Up,James Otto,37,9,Gains In Performance
2009-07-11,39,I Just Call You Mine,Martina McBride,40,9,Gains In Performance
2009-07-11,40,Rockin' The Beer Gut,Trailer Choir,39,7,Gains In Performance
2009-07-11,41,Long Line Of Losers,Montgomery Gentry,42,3,Gains In Performance
2009-07-11,42,Solitary Thinkin',Lee Ann Womack,41,12,Gains In Performance
2009-07-11,43,Eight Second Ride,Jake Owen,43,4,Gains In Performance
2009-07-11,44,Address In The Stars,Caitlin & Will,44,16,Gains In Performance
2009-07-11,45,Henry Cartwright's Produce Stand,Trent Tomlinson,45,9,
2009-07-11,46,Joey,Sugarland,50,2,Gains In Performance
2009-07-11,47,I'll Be That,Jimmy Wayne,46,6,
2009-07-11,48,Long Past Gone,Megan Mullins,48,7,Gains In Performance
2009-07-11,49,Up To Him,Tracy Lawrence,47,6,
2009-07-11,50,She Never Got Me Over You,Mark Chesnutt,49,8,Gains In Performance
2009-07-11,51,Toes,Zac Brown Band,NEW,1,Highest ranking debut|Gains In Performance
2009-07-11,52,Today,Gary Allan,NEW,1,Gains In Performance
2009-07-11,53,Dreaming Love,Kate & Kacey,51,9,Gains In Performance
2009-07-11,54,Moo La Moo,Steve Azar,54,4,Gains In Performance
2009-07-11,55,It's A Girl Thing,Jesse Lee,52,6,Gains In Performance
2009-07-11,56,The Good Lord And The Man,John Rich,59,2,Gains In Performance
2009-07-11,57,Country Folks (Livin' Loud),The Lost Trailers,53,4,
2009-07-11,58,I Was Here,Lady Antebellum,56,4,Gains In Performance
2009-07-11,59,Welcome To The Future,Brad Paisley,NEW,1,Gains In Performance
2009-07-11,60,Mama,Holly Williams,55,2,
2009-07-18,1,Sideways,Dierks Bentley,1,19,Gains In Performance
2009-07-18,2,Whatever It Is,Zac Brown Band,2,26,
2009-07-18,3,I Run To You,Lady Antebellum,5,25,Gains In Performance
2009-07-18,4,People Are Crazy,Billy Currington,6,18,Gains In Performance
2009-07-18,5,Then,Brad Paisley,4,16,
2009-07-18,6,Alright,Darius Rucker,9,13,Gains In Performance
2009-07-18,7,You Belong With Me,Taylor Swift,8,12,Gains In Performance
2009-07-18,8,Out Last Night,Kenny Chesney,3,15,
2009-07-18,9,Kiss A Girl,Keith Urban,7,17,
2009-07-18,10,Summer Nights,Rascal Flatts,11,12,Gains In Performance
2009-07-18,11,Lost You Anyway,Toby Keith,10,18,
2009-07-18,12,Boots On,Randy Houser,13,20,Gains In Performance
2009-07-18,13,Strange,Reba,12,13,Gains In Performance
2009-07-18,14,Best Days Of Your Life,Kellie Pickler,14,34,Gains In Performance
2009-07-18,15,Living For The Night,George Strait,15,6,Gains In Performance
2009-07-18,16,I'll Just Hold On,Blake Shelton,16,20,Gains In Performance
2009-07-18,17,Big Green Tractor,Jason Aldean,19,8,Gains In Performance
2009-07-18,18,Wild At Heart,Gloriana,17,24,Gains In Performance
2009-07-18,19,Barefoot And Crazy,Jack Ingram,18,16,Gains In Performance
2009-07-18,20,Small Town USA,Justin Moore,20,22,Gains In Performance
2009-07-18,21,Indian Summer,Brooks & Dunn,21,9,Gains In Performance
2009-07-18,22,Love Your Love The Most,Eric Church,22,21,Gains In Performance
2009-07-18,23,Sounds Like Life To Me,Darryl Worley,23,23,Gains In Performance
2009-07-18,24,Runaway,Love And Theft,24,19,Gains In Performance
2009-07-18,25,Gettin' You Home,Chris Young,25,21,Gains In Performance
2009-07-18,26,The Climb,Miley Cyrus,26,19,Gains In Performance
2009-07-18,27,15 Minutes,Rodney Atkins,27,8,Gains In Performance
2009-07-18,28,Believers,Joe Nichols,28,12,Gains In Performance
2009-07-18,29,What I'm For,Pat Green,29,15,Gains In Performance
2009-07-18,30,Red Light,David Nail,33,19,Gains In Performance
2009-07-18,31,All I Ask For Anymore,Trace Adkins,32,9,Gains In Performance
2009-07-18,32,Bonfire,Craig Morgan,36,7,Gains In Performance
2009-07-18,33,Do I,Luke Bryan,35,11,Gains In Performance
2009-07-18,34,Boy Like Me,Jessica Harp,31,17,Gains In Performance
2009-07-18,35,It's A Business Doing Pleasure With You,Tim McGraw,NEW,1,Highest ranking debut|Gains In Performance
2009-07-18,36,Fight Like A Girl,Bomshel,30,21,
2009-07-18,37,I Want My Life Back,Bucky Covington,34,12,Gains In Performance
2009-07-18,38,American Ride,Toby Keith,NEW,1,Gains In Performance
2009-07-18,39,I Just Call You Mine,Martina McBride,39,10,Gains In Performance
2009-07-18,40,Since You Brought It Up,James Otto,38,10,Gains In Performance
2009-07-18,41,Welcome To The Future,Brad Paisley,59,2,Gains In Performance
2009-07-18,42,Dead Flowers,Miranda Lambert,37,12,
2009-07-18,43,Joey,Sugarland,46,3,Gains In Performance
2009-07-18,44,Rockin' The Beer Gut,Trailer Choir,40,8,Gains In Performance
2009-07-18,45,Long Line Of Losers,Montgomery Gentry,41,4,Gains In Performance
2009-07-18,46,Eight Second Ride,Jake Owen,43,5,Gains In Performance
2009-07-18,47,Address In The Stars,Caitlin & Will,44,17,Gains In Performance
2009-07-18,48,Henry Cartwright's Produce Stand,Trent Tomlinson,45,10,Gains In Performance
2009-07-18,49,Toes,Zac Brown Band,51,2,Gains In Performance
2009-07-18,50,Today,Gary Allan,52,2,Gains In Performance
2009-07-18,51,Solitary Thinkin',Lee Ann Womack,42,13,
2009-07-18,52,Only You Can Love Me This Way,Keith Urban,NEW,1,Gains In Performance
2009-07-18,53,Long Past Gone,Megan Mullins,48,8,Gains In Performance
2009-07-18,54,I'll Be That,Jimmy Wayne,47,7,Gains In Performance
2009-07-18,55,Up To Him,Tracy Lawrence,49,7,
2009-07-18,56,Hurry Home,Jason Michael Carroll,NEW,1,Gains In Performance
2009-07-18,57,Outside My Window,Sarah Buxton,NEW,1,Gains In Performance
2009-07-18,58,Moo La Moo,Steve Azar,54,5,Gains In Performance
2009-07-18,59,American Saturday Night,Brad Paisley,NEW,1,Gains In Performance
2009-07-18,60,Dreaming Love,Kate & Kacey,53,10,
2009-07-25,1,I Run To You,Lady Antebellum,3,26,Gains In Performance
2009-07-25,2,People Are Crazy,Billy Currington,4,19,Gains In Performance
2009-07-25,3,Whatever It Is,Zac Brown Band,2,27,
2009-07-25,4,Sideways,Dierks Bentley,1,20,
2009-07-25,5,Alright,Darius Rucker,6,14,Gains In Performance
2009-07-25,6,You Belong With Me,Taylor Swift,7,13,Gains In Performance
2009-07-25,7,Summer Nights,Rascal Flatts,10,13,Gains In Performance
2009-07-25,8,Then,Brad Paisley,5,17,
2009-07-25,9,Boots On,Randy Houser,12,21,Gains In Performance
2009-07-25,10,Living For The Night,George Strait,15,7,Gains In Performance
2009-07-25,11,Strange,Reba,13,14,Gains In Performance
2009-07-25,12,Best Days Of Your Life,Kellie Pickler,14,35,Gains In Performance
2009-07-25,13,Big Green Tractor,Jason Aldean,17,9,Gains In Performance
2009-07-25,14,I'll Just Hold On,Blake Shelton,16,21,Gains In Performance
2009-07-25,15,Barefoot And Crazy,Jack Ingram,19,17,Gains In Performance
2009-07-25,16,Wild At Heart,Gloriana,18,25,Gains In Performance
2009-07-25,17,Lost You Anyway,Toby Keith,11,19,
2009-07-25,18,Small Town USA,Justin Moore,20,23,Gains In Performance
2009-07-25,19,Indian Summer,Brooks & Dunn,21,10,Gains In Performance
2009-07-25,20,Love Your Love The Most,Eric Church,22,22,Gains In Performance
2009-07-25,21,Sounds Like Life To Me,Darryl Worley,23,24,Gains In Performance
2009-07-25,22,Runaway,Love And Theft,24,20,Gains In Performance
2009-07-25,23,It's A Business Doing Pleasure With You,Tim McGraw,35,2,Greatest gainer this week|Gains In Performance
2009-07-25,24,Gettin' You Home,Chris Young,25,22,Gains In Performance
2009-07-25,25,15 Minutes,Rodney Atkins,27,9,Gains In Performance
2009-07-25,26,The Climb,Miley Cyrus,26,20,Gains In Performance
2009-07-25,27,American Ride,Toby Keith,38,2,Gains In Performance
2009-07-25,28,Welcome To The Future,Brad Paisley,41,3,Gains In Performance
2009-07-25,29,Believers,Joe Nichols,28,13,Gains In Performance
2009-07-25,30,Only You Can Love Me This Way,Keith Urban,52,2,Gains In Performance
2009-07-25,31,What I'm For,Pat Green,29,16,Gains In Performance
2009-07-25,32,Red Light,David Nail,30,20,Gains In Performance
2009-07-25,33,Joey,Sugarland,43,4,Gains In Performance
2009-07-25,34,Bonfire,Craig Morgan,32,8,Gains In Performance
2009-07-25,35,All I Ask For Anymore,Trace Adkins,31,10,Gains In Performance
2009-07-25,36,Fight Like A Girl,Bomshel,36,22,Gains In Performance
2009-07-25,37,Do I,Luke Bryan,33,12,Gains In Performance
2009-07-25,38,Boy Like Me,Jessica Harp,34,18,
2009-07-25,39,I Want My Life Back,Bucky Covington,37,13,Gains In Performance
2009-07-25,40,Rockin' The Beer Gut,Trailer Choir,44,9,Gains In Performance
2009-07-25,41,I Just Call You Mine,Martina McBride,39,11,Gains In Performance
2009-07-25,42,Since You Brought It Up,James Otto,40,11,Gains In Performance
2009-07-25,43,Long Line Of Losers,Montgomery Gentry,45,5,Gains In Performance
2009-07-25,44,Dead Flowers,Miranda Lambert,42,13,Gains In Performance
2009-07-25,45,Eight Second Ride,Jake Owen,46,6,Gains In Performance
2009-07-25,46,Address In The Stars,Caitlin & Will,47,18,Gains In Performance
2009-07-25,47,Toes,Zac Brown Band,49,3,Gains In Performance
2009-07-25,48,Today,Gary Allan,50,3,Gains In Performance
2009-07-25,49,Henry Cartwright's Produce Stand,Trent Tomlinson,48,11,
2009-07-25,50,Hurry Home,Jason Michael Carroll,56,2,Gains In Performance
2009-07-25,51,I'll Be That,Jimmy Wayne,54,8,
2009-07-25,52,Long Past Gone,Megan Mullins,53,9,
2009-07-25,53,Up To Him,Tracy Lawrence,55,8,Gains In Performance
2009-07-25,54,Solitary Thinkin',Lee Ann Womack,51,14,
2009-07-25,55,Moo La Moo,Steve Azar,58,6,Gains In Performance
2009-07-25,56,Radio Waves,Eli Young Band,NEW,1,Highest ranking debut|Gains In Performance
2009-07-25,57,That Thang,Fast Ryde,NEW,1,Gains In Performance
2009-07-25,58,Outside My Window,Sarah Buxton,57,2,
2009-07-25,59,It's A Girl Thing,Jesse Lee,RE,7,Gains In Performance
2009-07-25,60,Country Folks (Livin' Loud),The Lost Trailers,RE,5,Gains In Performance
2009-08-01,1,People Are Crazy,Billy Currington,2,20,Gains In Performance
2009-08-01,2,Alright,Darius Rucker,5,15,Gains In Performance
2009-08-01,3,I Run To You,Lady Antebellum,1,27,
2009-08-01,4,You Belong With Me,Taylor Swift,6,14,Gains In Performance
2009-08-01,5,Whatever It Is,Zac Brown Band,3,28,
2009-08-01,6,Sideways,Dierks Bentley,4,21,
2009-08-01,7,Summer Nights,Rascal Flatts,7,14,Gains In Performance
2009-08-01,8,Boots On,Randy Houser,9,22,Gains In Performance
2009-08-01,9,Living For The Night,George Strait,10,8,Gains In Performance
2009-08-01,10,Big Green Tractor,Jason Aldean,13,10,Gains In Performance
2009-08-01,11,Best Days Of Your Life,Kellie Pickler,12,36,Gains In Performance
2009-08-01,12,Strange,Reba,11,15,
2009-08-01,13,I'll Just Hold On,Blake Shelton,14,22,Gains In Performance
2009-08-01,14,Barefoot And Crazy,Jack Ingram,15,18,Gains In Performance
2009-08-01,15,Small Town USA,Justin Moore,18,24,Gains In Performance
2009-08-01,16,Indian Summer,Brooks & Dunn,19,11,Gains In Performance
2009-08-01,17,Sounds Like Life To Me,Darryl Worley,21,25,Gains In Performance
2009-08-01,18,Love Your Love The Most,Eric Church,20,23,
2009-08-01,19,It's A Business Doing Pleasure With You,Tim McGraw,23,3,Gains In Performance
2009-08-01,20,American Ride,Toby Keith,27,3,Greatest gainer this week|Gains In Performance
2009-08-01,21,Welcome To The Future,Brad Paisley,28,4,Gains In Performance
2009-08-01,22,Runaway,Love And Theft,22,21,Gains In Performance
2009-08-01,23,Gettin' You Home,Chris Young,24,23,Gains In Performance
2009-08-01,24,15 Minutes,Rodney Atkins,25,10,Gains In Performance
2009-08-01,25,Only You Can Love Me This Way,Keith Urban,30,3,Gains In Performance
2009-08-01,26,The Climb,Miley Cyrus,26,21,Gains In Performance
2009-08-01,27,Joey,Sugarland,33,5,Gains In Performance
2009-08-01,28,Red Light,David Nail,32,21,Gains In Performance
2009-08-01,29,Believers,Joe Nichols,29,14,Gains In Performance
2009-08-01,30,What I'm For,Pat Green,31,17,Gains In Performance
2009-08-01,31,Bonfire,Craig Morgan,34,9,Gains In Performance
2009-08-01,32,All I Ask For Anymore,Trace Adkins,35,11,Gains In Performance
2009-08-01,33,Fight Like A Girl,Bomshel,36,23,Gains In Performance
2009-08-01,34,Do I,Luke Bryan,37,13,Gains In Performance
2009-08-01,35,I Want My Life Back,Bucky Covington,39,14,Gains In Performance
2009-08-01,36,I Just Call You Mine,Martina McBride,41,12,Gains In Performance
2009-08-01,37,Boy Like Me,Jessica Harp,38,19,
2009-08-01,38,Rockin' The Beer Gut,Trailer Choir,40,10,Gains In Performance
2009-08-01,39,Since You Brought It Up,James Otto,42,12,
2009-08-01,40,Toes,Zac Brown Band,47,4,Gains In Performance
2009-08-01,41,Dead Flowers,Miranda Lambert,44,14,
2009-08-01,42,Long Line Of Losers,Montgomery Gentry,43,6,
2009-08-01,43,Eight Second Ride,Jake Owen,45,7,Gains In Performance
2009-08-01,44,Today,Gary Allan,48,4,
2009-08-01,45,Henry Cartwright's Produce Stand,Trent Tomlinson,49,12,Gains In Performance
2009-08-01,46,Address In The Stars,Caitlin & Will,46,19,
2009-08-01,47,Hurry Home,Jason Michael Carroll,50,3,Gains In Performance
2009-08-01,48,Radio Waves,Eli Young Band,56,2,Gains In Performance
2009-08-01,49,Moo La Moo,Steve Azar,55,7,Gains In Performance
2009-08-01,50,Outside My Window,Sarah Buxton,58,3,Gains In Performance
2009-08-01,51,Long Past Gone,Megan Mullins,52,10,Gains In Performance
2009-08-01,52,Country Folks (Livin' Loud),The Lost Trailers,60,6,Gains In Performance
2009-08-01,53,I'll Be That,Jimmy Wayne,51,9,
2009-08-01,54,That Thang,Fast Ryde,57,2,Gains In Performance
2009-08-01,55,Up To Him,Tracy Lawrence,53,9,
2009-08-01,56,It's A Girl Thing,Jesse Lee,59,8,Gains In Performance
2009-08-01,57,Dreaming Love,Kate & Kacey,RE,11,Gains In Performance
2009-08-01,58,Water,Brad Paisley,NEW,1,Highest ranking debut|Gains In Performance
2009-08-01,59,I Was Here,Lady Antebellum,RE,5,Gains In Performance
2009-08-01,60,She Never Got Me Over You,Mark Chesnutt,RE,9,Gains In Performance
2009-08-08,1,People Are Crazy,Billy Currington,1,21,Gains In Performance
2009-08-08,2,Alright,Darius Rucker,2,16,Gains In Performance
2009-08-08,3,You Belong With Me,Taylor Swift,4,15,Gains In Performance
2009-08-08,4,I Run To You,Lady Antebellum,3,28,
2009-08-08,5,Whatever It Is,Zac Brown Band,5,29,
2009-08-08,6,Summer Nights,Rascal Flatts,7,15,Gains In Performance
2009-08-08,7,Boots On,Randy Houser,8,23,Gains In Performance
2009-08-08,8,Living For The Night,George Strait,9,9,Gains In Performance
2009-08-08,9,Big Green Tractor,Jason Aldean,10,11,Gains In Performance
2009-08-08,10,Best Days Of Your Life,Kellie Pickler,11,37,Gains In Performance
2009-08-08,11,Strange,Reba,12,16,Gains In Performance
2009-08-08,12,I'll Just Hold On,Blake Shelton,13,23,Gains In Performance
2009-08-08,13,Small Town USA,Justin Moore,15,25,Gains In Performance
2009-08-08,14,Barefoot And Crazy,Jack Ingram,14,19,Gains In Performance
2009-08-08,15,It's A Business Doing Pleasure With You,Tim McGraw,19,4,Greatest gainer this week|Gains In Performance
2009-08-08,16,Wild At Heart,Gloriana,RE,26,Gains In Performance
2009-08-08,17,Indian Summer,Brooks & Dunn,16,12,Gains In Performance
2009-08-08,18,Sounds Like Life To Me,Darryl Worley,17,26,Gains In Performance
2009-08-08,19,American Ride,Toby Keith,20,4,Gains In Performance
2009-08-08,20,Love Your Love The Most,Eric Church,18,24,Gains In Performance
2009-08-08,21,Welcome To The Future,Brad Paisley,21,5,Gains In Performance
2009-08-08,22,Only You Can Love Me This Way,Keith Urban,25,4,Gains In Performance
2009-08-08,23,Gettin' You Home,Chris Young,23,24,Gains In Performance
2009-08-08,24,Runaway,Love And Theft,22,22,Gains In Performance
2009-08-08,25,15 Minutes,Rodney Atkins,24,11,Gains In Performance
2009-08-08,26,Joey,Sugarland,27,6,Gains In Performance
2009-08-08,27,The Climb,Miley Cyrus,26,22,Gains In Performance
2009-08-08,28,Red Light,David Nail,28,22,Gains In Performance
2009-08-08,29,Believers,Joe Nichols,29,15,
2009-08-08,30,All I Ask For Anymore,Trace Adkins,32,12,Gains In Performance
2009-08-08,31,Bonfire,Craig Morgan,31,10,Gains In Performance
2009-08-08,32,What I'm For,Pat Green,30,18,
2009-08-08,33,Fight Like A Girl,Bomshel,33,24,Gains In Performance
2009-08-08,34,Do I,Luke Bryan,34,14,Gains In Performance
2009-08-08,35,Toes,Zac Brown Band,40,5,Gains In Performance
2009-08-08,36,I Want My Life Back,Bucky Covington,35,15,Gains In Performance
2009-08-08,37,Rockin' The Beer Gut,Trailer Choir,38,11,Gains In Performance
2009-08-08,38,I Just Call You Mine,Martina McBride,36,13,Gains In Performance
2009-08-08,39,Long Line Of Losers,Montgomery Gentry,42,7,Gains In Performance
2009-08-08,40,Eight Second Ride,Jake Owen,43,8,Gains In Performance
2009-08-08,41,Dead Flowers,Miranda Lambert,41,15,
2009-08-08,42,Since You Brought It Up,James Otto,39,13,
2009-08-08,43,Today,Gary Allan,44,5,Gains In Performance
2009-08-08,44,Henry Cartwright's Produce Stand,Trent Tomlinson,45,13,Gains In Performance
2009-08-08,45,Hurry Home,Jason Michael Carroll,47,4,Gains In Performance
2009-08-08,46,That Thang,Fast Ryde,54,3,Gains In Performance
2009-08-08,47,Radio Waves,Eli Young Band,48,3,Gains In Performance
2009-08-08,48,Outside My Window,Sarah Buxton,50,4,Gains In Performance
2009-08-08,49,Moo La Moo,Steve Azar,49,8,
2009-08-08,50,Long Past Gone,Megan Mullins,51,11,
2009-08-08,51,I Wanna Make You Close Your Eyes,Dierks Bentley,NEW,1,Highest ranking debut|Gains In Performance
2009-08-08,52,Address In The Stars,Caitlin & Will,46,20,
2009-08-08,53,Country Folks (Livin' Loud),The Lost Trailers,52,7,
2009-08-08,54,Up To Him,Tracy Lawrence,55,10,
2009-08-08,55,It's A Girl Thing,Jesse Lee,56,9,
2009-08-08,56,I Still Like Bologna,Alan Jackson,NEW,1,Gains In Performance
2009-08-08,57,Dreaming Love,Kate & Kacey,57,12,
2009-08-08,58,Water,Brad Paisley,58,2,
2009-08-08,59,I Was Here,Lady Antebellum,59,6,
2009-08-08,60,Skinny Dippin',Whitney Duncan,NEW,1,Gains In Performance
2009-08-15,1,Alright,Darius Rucker,2,17,Gains In Performance
2009-08-15,2,People Are Crazy,Billy Currington,1,22,
2009-08-15,3,You Belong With Me,Taylor Swift,3,16,Gains In Performance
2009-08-15,4,Summer Nights,Rascal Flatts,6,16,Gains In Performance
2009-08-15,5,Boots On,Randy Houser,7,24,Gains In Performance
2009-08-15,6,Big Green Tractor,Jason Aldean,9,12,Greatest gainer this week|Gains In Performance
2009-08-15,7,Living For The Night,George Strait,8,10,Gains In Performance
2009-08-15,8,I Run To You,Lady Antebellum,4,29,
2009-08-15,9,Best Days Of Your Life,Kellie Pickler,10,38,
2009-08-15,10,I'll Just Hold On,Blake Shelton,12,24,Gains In Performance
2009-08-15,11,Small Town USA,Justin Moore,13,26,Gains In Performance
2009-08-15,12,Barefoot And Crazy,Jack Ingram,14,20,Gains In Performance
2009-08-15,13,It's A Business Doing Pleasure With You,Tim McGraw,15,5,Gains In Performance
2009-08-15,14,American Ride,Toby Keith,19,5,Gains In Performance
2009-08-15,15,Wild At Heart,Gloriana,16,27,Gains In Performance
2009-08-15,16,Welcome To The Future,Brad Paisley,21,6,Gains In Performance
2009-08-15,17,Love Your Love The Most,Eric Church,20,25,Gains In Performance
2009-08-15,18,Indian Summer,Brooks & Dunn,17,13,Gains In Performance
2009-08-15,19,Sounds Like Life To Me,Darryl Worley,18,27,Gains In Performance
2009-08-15,20,Only You Can Love Me This Way,Keith Urban,22,5,Gains In Performance
2009-08-15,21,Strange,Reba,11,17,
2009-08-15,22,Gettin' You Home,Chris Young,23,25,Gains In Performance
2009-08-15,23,Runaway,Love And Theft,24,23,Gains In Performance
2009-08-15,24,Joey,Sugarland,26,7,Gains In Performance
2009-08-15,25,15 Minutes,Rodney Atkins,25,12,Gains In Performance
2009-08-15,26,The Climb,Miley Cyrus,27,23,Gains In Performance
2009-08-15,27,Red Light,David Nail,28,23,Gains In Performance
2009-08-15,28,Toes,Zac Brown Band,35,6,Gains In Performance
2009-08-15,29,Bonfire,Craig Morgan,31,11,Gains In Performance
2009-08-15,30,All I Ask For Anymore,Trace Adkins,30,13,Gains In Performance
2009-08-15,31,Believers,Joe Nichols,29,16,Gains In Performance
2009-08-15,32,Do I,Luke Bryan,34,15,Gains In Performance
2009-08-15,33,Rockin' The Beer Gut,Trailer Choir,37,12,Gains In Performance
2009-08-15,34,What I'm For,Pat Green,32,19,Gains In Performance
2009-08-15,35,Fight Like A Girl,Bomshel,33,25,Gains In Performance
2009-08-15,36,I Just Call You Mine,Martina McBride,38,14,Gains In Performance
2009-08-15,37,I Want My Life Back,Bucky Covington,36,16,Gains In Performance
2009-08-15,38,Long Line Of Losers,Montgomery Gentry,39,8,Gains In Performance
2009-08-15,39,Since You Brought It Up,James Otto,42,14,Gains In Performance
2009-08-15,40,Eight Second Ride,Jake Owen,40,9,Gains In Performance
2009-08-15,41,I'm Alive,Kenny Chesney With Dave Matthews,RE,2,Gains In Performance
2009-08-15,42,Hurry Home,Jason Michael Carroll,45,5,Gains In Performance
2009-08-15,43,Radio Waves,Eli Young Band,47,4,Gains In Performance
2009-08-15,44,Today,Gary Allan,43,6,Gains In Performance
2009-08-15,45,That Thang,Fast Ryde,46,4,Gains In Performance
2009-08-15,46,I Wanna Make You Close Your Eyes,Dierks Bentley,51,2,Gains In Performance
2009-08-15,47,Henry Cartwright's Produce Stand,Trent Tomlinson,44,14,Gains In Performance
2009-08-15,48,Outside My Window,Sarah Buxton,48,5,Gains In Performance
2009-08-15,49,Country Folks (Livin' Loud),The Lost Trailers,53,8,Gains In Performance
2009-08-15,50,I Still Like Bologna,Alan Jackson,56,2,Gains In Performance
2009-08-15,51,Moo La Moo,Steve Azar,49,9,Gains In Performance
2009-08-15,52,It's A Girl Thing,Jesse Lee,55,10,Gains In Performance
2009-08-15,53,Up To Him,Tracy Lawrence,54,11,Gains In Performance
2009-08-15,54,Skinny Dippin',Whitney Duncan,60,2,Gains In Performance
2009-08-15,55,Beer On The Table,Josh Thompson,NEW,1,Highest ranking debut|Gains In Performance
2009-08-15,56,Water,Brad Paisley,58,3,Gains In Performance
2009-08-15,57,Long Past Gone,Megan Mullins,50,12,
2009-08-15,58,El Rey,George Strait,NEW,1,Gains In Performance
2009-08-15,59,Feels Just Like A Love Song,Sara Evans,NEW,1,Gains In Performance
2009-08-15,60,Honky Tonk Stomp,Brooks & Dunn Featuring Billy Gibbons,NEW,1,Gains In Performance
2009-08-22,1,You Belong With Me,Taylor Swift,3,17,Gains In Performance
2009-08-22,2,Alright,Darius Rucker,1,18,
2009-08-22,3,People Are Crazy,Billy Currington,2,23,
2009-08-22,4,Big Green Tractor,Jason Aldean,6,13,Gains In Performance
2009-08-22,5,Summer Nights,Rascal Flatts,4,17,Gains In Performance
2009-08-22,6,Boots On,Randy Houser,5,25,Gains In Performance
2009-08-22,7,Living For The Night,George Strait,7,11,Gains In Performance
2009-08-22,8,Small Town USA,Justin Moore,11,27,Gains In Performance
2009-08-22,9,I Run To You,Lady Antebellum,8,30,
2009-08-22,10,I'll Just Hold On,Blake Shelton,10,25,Gains In Performance
2009-08-22,11,Barefoot And Crazy,Jack Ingram,12,21,Gains In Performance
2009-08-22,12,American Ride,Toby Keith,14,6,Gains In Performance
2009-08-22,13,It's A Business Doing Pleasure With You,Tim McGraw,13,6,Gains In Performance
2009-08-22,14,Welcome To The Future,Brad Paisley,16,7,Gains In Performance
2009-08-22,15,Wild At Heart,Gloriana,15,28,Gains In Performance
2009-08-22,16,Only You Can Love Me This Way,Keith Urban,20,6,Gains In Performance
2009-08-22,17,Love Your Love The Most,Eric Church,17,26,Gains In Performance
2009-08-22,18,Sounds Like Life To Me,Darryl Worley,19,28,Gains In Performance
2009-08-22,19,Gettin' You Home,Chris Young,22,26,Gains In Performance
2009-08-22,20,Runaway,Love And Theft,23,24,Gains In Performance
2009-08-22,21,Joey,Sugarland,24,8,Gains In Performance
2009-08-22,22,15 Minutes,Rodney Atkins,25,13,Gains In Performance
2009-08-22,23,Indian Summer,Brooks & Dunn,18,14,
2009-08-22,24,Toes,Zac Brown Band,28,7,Gains In Performance
2009-08-22,25,Red Light,David Nail,27,24,Gains In Performance
2009-08-22,26,I'm Alive,Kenny Chesney With Dave Matthews,41,3,Gains In Performance
2009-08-22,27,Bonfire,Craig Morgan,29,12,Gains In Performance
2009-08-22,28,Strange,Reba,21,18,
2009-08-22,29,Believers,Joe Nichols,31,17,Gains In Performance
2009-08-22,30,All I Ask For Anymore,Trace Adkins,30,14,Gains In Performance
2009-08-22,31,Do I,Luke Bryan,32,16,Gains In Performance
2009-08-22,32,What I'm For,Pat Green,34,20,Gains In Performance
2009-08-22,33,Rockin' The Beer Gut,Trailer Choir,33,13,Gains In Performance
2009-08-22,34,Fight Like A Girl,Bomshel,35,26,Gains In Performance
2009-08-22,35,I Just Call You Mine,Martina McBride,36,15,Gains In Performance
2009-08-22,36,Long Line Of Losers,Montgomery Gentry,38,9,Gains In Performance
2009-08-22,37,I Want My Life Back,Bucky Covington,37,17,Gains In Performance
2009-08-22,38,I Wanna Make You Close Your Eyes,Dierks Bentley,46,3,Gains In Performance
2009-08-22,39,Eight Second Ride,Jake Owen,40,10,Gains In Performance
2009-08-22,40,Hurry Home,Jason Michael Carroll,42,6,Gains In Performance
2009-08-22,41,Honky Tonk Stomp,Brooks & Dunn Featuring Billy Gibbons,60,2,Gains In Performance
2009-08-22,42,Radio Waves,Eli Young Band,43,5,Gains In Performance
2009-08-22,43,That Thang,Fast Ryde,45,5,Gains In Performance
2009-08-22,44,I Still Like Bologna,Alan Jackson,50,3,Gains In Performance
2009-08-22,45,Today,Gary Allan,44,7,Gains In Performance
2009-08-22,46,Since You Brought It Up,James Otto,39,15,
2009-08-22,47,Henry Cartwright's Produce Stand,Trent Tomlinson,47,15,
2009-08-22,48,Outside My Window,Sarah Buxton,48,6,Gains In Performance
2009-08-22,49,Country Folks (Livin' Loud),The Lost Trailers,49,9,Gains In Performance
2009-08-22,50,Moo La Moo,Steve Azar,51,10,Gains In Performance
2009-08-22,51,Consider Me Gone,Reba,NEW,1,Highest ranking debut|Gains In Performance
2009-08-22,52,Beer On The Table,Josh Thompson,55,2,Gains In Performance
2009-08-22,53,Skinny Dippin',Whitney Duncan,54,3,Gains In Performance
2009-08-22,54,It's A Girl Thing,Jesse Lee,52,11,
2009-08-22,55,Water,Brad Paisley,56,4,Gains In Performance
2009-08-22,56,A Little More Country Than That,Easton Corbin,NEW,1,Gains In Performance
2009-08-22,57,Love Lives On,Mallary Hope,NEW,1,Gains In Performance
2009-08-22,58,Twang,George Strait,NEW,1,Gains In Performance
2009-08-22,59,Feels Just Like A Love Song,Sara Evans,59,2,Gains In Performance
2009-08-22,60,Up To Him,Tracy Lawrence,53,12,
2009-08-29,1,You Belong With Me,Taylor Swift,1,18,
2009-08-29,2,Alright,Darius Rucker,2,19,
2009-08-29,3,Big Green Tractor,Jason Aldean,4,14,Gains In Performance
2009-08-29,4,Summer Nights,Rascal Flatts,5,18,Gains In Performance
2009-08-29,5,People Are Crazy,Billy Currington,3,24,
2009-08-29,6,Boots On,Randy Houser,6,26,Gains In Performance
2009-08-29,7,Living For The Night,George Strait,7,12,
2009-08-29,8,Small Town USA,Justin Moore,8,28,Gains In Performance
2009-08-29,9,American Ride,Toby Keith,12,7,Greatest gainer this week|Gains In Performance
2009-08-29,10,I'll Just Hold On,Blake Shelton,10,26,Gains In Performance
2009-08-29,11,Barefoot And Crazy,Jack Ingram,11,22,Gains In Performance
2009-08-29,12,Only You Can Love Me This Way,Keith Urban,16,7,Gains In Performance
2009-08-29,13,It's A Business Doing Pleasure With You,Tim McGraw,13,7,Gains In Performance
2009-08-29,14,Welcome To The Future,Brad Paisley,14,8,Gains In Performance
2009-08-29,15,Love Your Love The Most,Eric Church,17,27,Gains In Performance
2009-08-29,16,Wild At Heart,Gloriana,15,29,Gains In Performance
2009-08-29,17,Gettin' You Home,Chris Young,19,27,Gains In Performance
2009-08-29,18,Sounds Like Life To Me,Darryl Worley,18,29,Gains In Performance
2009-08-29,19,Runaway,Love And Theft,20,25,Gains In Performance
2009-08-29,20,Joey,Sugarland,21,9,Gains In Performance
2009-08-29,21,Toes,Zac Brown Band,24,8,Gains In Performance
2009-08-29,22,15 Minutes,Rodney Atkins,22,14,Gains In Performance
2009-08-29,23,I'm Alive,Kenny Chesney With Dave Matthews,26,4,Gains In Performance
2009-08-29,24,Red Light,David Nail,25,25,Gains In Performance
2009-08-29,25,Bonfire,Craig Morgan,27,13,Gains In Performance
2009-08-29,26,All I Ask For Anymore,Trace Adkins,30,15,Gains In Performance
2009-08-29,27,Do I,Luke Bryan,31,17,Gains In Performance
2009-08-29,28,Believers,Joe Nichols,29,18,Gains In Performance
2009-08-29,29,I Just Call You Mine,Martina McBride,35,16,Gains In Performance
2009-08-29,30,Rockin' The Beer Gut,Trailer Choir,33,14,Gains In Performance
2009-08-29,31,Long Line Of Losers,Montgomery Gentry,36,10,Gains In Performance
2009-08-29,32,Fight Like A Girl,Bomshel,34,27,Gains In Performance
2009-08-29,33,I Want My Life Back,Bucky Covington,37,18,Gains In Performance
2009-08-29,34,Honky Tonk Stomp,Brooks & Dunn Featuring Billy Gibbons,41,3,Gains In Performance
2009-08-29,35,Indian Summer,Brooks & Dunn,23,15,
2009-08-29,36,I Wanna Make You Close Your Eyes,Dierks Bentley,38,4,Gains In Performance
2009-08-29,37,Eight Second Ride,Jake Owen,39,11,Gains In Performance
2009-08-29,38,Hurry Home,Jason Michael Carroll,40,7,Gains In Performance
2009-08-29,39,I Still Like Bologna,Alan Jackson,44,4,Gains In Performance
2009-08-29,40,Radio Waves,Eli Young Band,42,6,Gains In Performance
2009-08-29,41,Today,Gary Allan,45,8,Gains In Performance
2009-08-29,42,That Thang,Fast Ryde,43,6,Gains In Performance
2009-08-29,43,Consider Me Gone,Reba,51,2,Gains In Performance
2009-08-29,44,Since You Brought It Up,James Otto,46,16,Gains In Performance
2009-08-29,45,Outside My Window,Sarah Buxton,48,7,Gains In Performance
2009-08-29,46,Henry Cartwright's Produce Stand,Trent Tomlinson,47,16,
2009-08-29,47,Moo La Moo,Steve Azar,50,11,Gains In Performance
2009-08-29,48,Country Folks (Livin' Loud),The Lost Trailers,49,10,Gains In Performance
2009-08-29,49,Beer On The Table,Josh Thompson,52,3,Gains In Performance
2009-08-29,50,Need You Now,Lady Antebellum,NEW,1,Highest ranking debut|Gains In Performance
2009-08-29,51,Twang,George Strait,58,2,Gains In Performance
2009-08-29,52,Love Lives On,Mallary Hope,57,2,Gains In Performance
2009-08-29,53,It's A Girl Thing,Jesse Lee,54,12,Gains In Performance
2009-08-29,54,Skinny Dippin',Whitney Duncan,53,4,
2009-08-29,55,Water,Brad Paisley,55,5,Gains In Performance
2009-08-29,56,My Way To You,Jamey Johnson,NEW,1,Gains In Performance
2009-08-29,57,Long After I'm Gone,Big Kenny,NEW,1,Gains In Performance
2009-08-29,58,Keep On Lovin' You,Steel Magnolia,NEW,1,Gains In Performance
2009-08-29,59,It Did,Blaine Larsen,NEW,1,Gains In Performance
2009-08-29,60,Up To Him,Tracy Lawrence,60,13,
2009-09-05,1,Big Green Tractor,Jason Aldean,3,15,Gains In Performance
2009-09-05,2,Summer Nights,Rascal Flatts,4,19,Gains In Performance
2009-09-05,3,Alright,Darius Rucker,2,20,
2009-09-05,4,Boots On,Randy Houser,6,27,Gains In Performance
2009-09-05,5,Living For The Night,George Strait,7,13,Gains In Performance
2009-09-05,6,You Belong With Me,Taylor Swift,1,19,
2009-09-05,7,Small Town USA,Justin Moore,8,29,Gains In Performance
2009-09-05,8,People Are Crazy,Billy Currington,5,25,
2009-09-05,9,American Ride,Toby Keith,9,8,Gains In Performance
2009-09-05,10,I'll Just Hold On,Blake Shelton,10,27,Gains In Performance
2009-09-05,11,Barefoot And Crazy,Jack Ingram,11,23,Gains In Performance
2009-09-05,12,Only You Can Love Me This Way,Keith Urban,12,8,Gains In Performance
2009-09-05,13,It's A Business Doing Pleasure With You,Tim McGraw,13,8,Gains In Performance
2009-09-05,14,Welcome To The Future,Brad Paisley,14,9,Gains In Performance
2009-09-05,15,Love Your Love The Most,Eric Church,15,28,Gains In Performance
2009-09-05,16,Gettin' You Home,Chris Young,17,28,Gains In Performance
2009-09-05,17,Wild At Heart,Gloriana,16,30,Gains In Performance
2009-09-05,18,Sounds Like Life To Me,Darryl Worley,18,30,Gains In Performance
2009-09-05,19,Toes,Zac Brown Band,21,9,Greatest gainer this week|Gains In Performance
2009-09-05,20,Runaway,Love And Theft,19,26,Gains In Performance
2009-09-05,21,I'm Alive,Kenny Chesney With Dave Matthews,23,5,Gains In Performance
2009-09-05,22,Joey,Sugarland,20,10,Gains In Performance
2009-09-05,23,15 Minutes,Rodney Atkins,22,15,Gains In Performance
2009-09-05,24,Red Light,David Nail,24,26,Gains In Performance
2009-09-05,25,Bonfire,Craig Morgan,25,14,Gains In Performance
2009-09-05,26,All I Ask For Anymore,Trace Adkins,26,16,Gains In Performance
2009-09-05,27,Do I,Luke Bryan,27,18,Gains In Performance
2009-09-05,28,Believers,Joe Nichols,28,19,Gains In Performance
2009-09-05,29,I Just Call You Mine,Martina McBride,29,17,Gains In Performance
2009-09-05,30,Honky Tonk Stomp,Brooks & Dunn Featuring Billy Gibbons,34,4,Gains In Performance
2009-09-05,31,Rockin' The Beer Gut,Trailer Choir,30,15,
2009-09-05,32,Long Line Of Losers,Montgomery Gentry,31,11,Gains In Performance
2009-09-05,33,I Want My Life Back,Bucky Covington,33,19,Gains In Performance
2009-09-05,34,I Wanna Make You Close Your Eyes,Dierks Bentley,36,5,Gains In Performance
2009-09-05,35,Eight Second Ride,Jake Owen,37,12,Gains In Performance
2009-09-05,36,I Still Like Bologna,Alan Jackson,39,5,Gains In Performance
2009-09-05,37,Hurry Home,Jason Michael Carroll,38,8,Gains In Performance
2009-09-05,38,Consider Me Gone,Reba,43,3,Gains In Performance
2009-09-05,39,Need You Now,Lady Antebellum,50,2,Gains In Performance
2009-09-05,40,That Thang,Fast Ryde,42,7,Gains In Performance
2009-09-05,41,Today,Gary Allan,41,9,Gains In Performance
2009-09-05,42,Radio Waves,Eli Young Band,40,7,Gains In Performance
2009-09-05,43,Outside My Window,Sarah Buxton,45,8,Gains In Performance
2009-09-05,44,Country Folks (Livin' Loud),The Lost Trailers,48,11,Gains In Performance
2009-09-05,45,Moo La Moo,Steve Azar,47,12,Gains In Performance
2009-09-05,46,Beer On The Table,Josh Thompson,49,4,
2009-09-05,47,A Little More Country Than That,Easton Corbin,RE,2,Gains In Performance
2009-09-05,48,Long After I'm Gone,Big Kenny,57,2,Gains In Performance
2009-09-05,49,Skinny Dippin',Whitney Duncan,54,5,Gains In Performance
2009-09-05,50,White Liar,Miranda Lambert,NEW,1,Highest ranking debut|Gains In Performance
2009-09-05,51,Water,Brad Paisley,55,6,Gains In Performance
2009-09-05,52,Love Lives On,Mallary Hope,52,3,
2009-09-05,53,Since You Brought It Up,James Otto,44,17,
2009-09-05,54,My Way To You,Jamey Johnson,56,2,Gains In Performance
2009-09-05,55,It's A Girl Thing,Jesse Lee,53,13,
2009-09-05,56,Up To Him,Tracy Lawrence,60,14,Gains In Performance
2009-09-05,57,Why Don't We Just Dance,Josh Turner,NEW,1,Gains In Performance
2009-09-05,58,Love Like Crazy,Lee Brice,NEW,1,Gains In Performance
2009-09-05,59,Sooner Or Later,Michelle Branch,NEW,1,Gains In Performance
2009-09-05,60,A Good Day,Billy Ray Cyrus,NEW,1,Gains In Performance
2009-09-12,1,Big Green Tractor,Jason Aldean,1,16,Gains In Performance
2009-09-12,2,Boots On,Randy Houser,4,28,Greatest gainer this week|Gains In Performance
2009-09-12,3,Summer Nights,Rascal Flatts,2,20,Gains In Performance
2009-09-12,4,Living For The Night,George Strait,5,14,Gains In Performance
2009-09-12,5,Small Town USA,Justin Moore,7,30,Gains In Performance
2009-09-12,6,Alright,Darius Rucker,3,21,
2009-09-12,7,American Ride,Toby Keith,9,9,Gains In Performance
2009-09-12,8,I'll Just Hold On,Blake Shelton,10,28,Gains In Performance
2009-09-12,9,Only You Can Love Me This Way,Keith Urban,12,9,Gains In Performance
2009-09-12,10,Barefoot And Crazy,Jack Ingram,11,24,Gains In Performance
2009-09-12,11,Welcome To The Future,Brad Paisley,14,10,Gains In Performance
2009-09-12,12,Gettin' You Home,Chris Young,16,29,Gains In Performance
2009-09-12,13,It's A Business Doing Pleasure With You,Tim McGraw,13,9,Gains In Performance
2009-09-12,14,Love Your Love The Most,Eric Church,15,29,Gains In Performance
2009-09-12,15,Wild At Heart,Gloriana,17,31,Gains In Performance
2009-09-12,16,Sounds Like Life To Me,Darryl Worley,18,31,Gains In Performance
2009-09-12,17,Toes,Zac Brown Band,19,10,Gains In Performance
2009-09-12,18,Runaway,Love And Theft,20,27,Gains In Performance
2009-09-12,19,I'm Alive,Kenny Chesney With Dave Matthews,21,6,Gains In Performance
2009-09-12,20,Joey,Sugarland,22,11,Gains In Performance
2009-09-12,21,15 Minutes,Rodney Atkins,23,16,Gains In Performance
2009-09-12,22,Red Light,David Nail,24,27,Gains In Performance
2009-09-12,23,Bonfire,Craig Morgan,25,15,Gains In Performance
2009-09-12,24,Do I,Luke Bryan,27,19,Gains In Performance
2009-09-12,25,All I Ask For Anymore,Trace Adkins,26,17,Gains In Performance
2009-09-12,26,Honky Tonk Stomp,Brooks & Dunn Featuring Billy Gibbons,30,5,Gains In Performance
2009-09-12,27,Believers,Joe Nichols,28,20,Gains In Performance
2009-09-12,28,I Just Call You Mine,Martina McBride,29,18,Gains In Performance
2009-09-12,29,I Wanna Make You Close Your Eyes,Dierks Bentley,34,6,Gains In Performance
2009-09-12,30,Long Line Of Losers,Montgomery Gentry,32,12,Gains In Performance
2009-09-12,31,Need You Now,Lady Antebellum,39,3,Gains In Performance
2009-09-12,32,Rockin' The Beer Gut,Trailer Choir,31,16,Gains In Performance
2009-09-12,33,I Want My Life Back,Bucky Covington,33,20,Gains In Performance
2009-09-12,34,Consider Me Gone,Reba,38,4,Gains In Performance
2009-09-12,35,Eight Second Ride,Jake Owen,35,13,Gains In Performance
2009-09-12,36,I Still Like Bologna,Alan Jackson,36,6,Gains In Performance
2009-09-12,37,Hurry Home,Jason Michael Carroll,37,9,Gains In Performance
2009-09-12,38,Radio Waves,Eli Young Band,42,8,Gains In Performance
2009-09-12,39,Today,Gary Allan,41,10,Gains In Performance
2009-09-12,40,That Thang,Fast Ryde,40,8,
2009-09-12,41,Fifteen,Taylor Swift,NEW,1,Highest ranking debut|Gains In Performance
2009-09-12,42,Outside My Window,Sarah Buxton,43,9,Gains In Performance
2009-09-12,43,Moo La Moo,Steve Azar,45,13,Gains In Performance
2009-09-12,44,Country Folks (Livin' Loud),The Lost Trailers,44,12,Gains In Performance
2009-09-12,45,Beer On The Table,Josh Thompson,46,5,Gains In Performance
2009-09-12,46,White Liar,Miranda Lambert,50,2,Gains In Performance
2009-09-12,47,A Little More Country Than That,Easton Corbin,47,3,Gains In Performance
2009-09-12,48,Skinny Dippin',Whitney Duncan,49,6,Gains In Performance
2009-09-12,49,Long After I'm Gone,Big Kenny,48,3,Gains In Performance
2009-09-12,50,Love Like Crazy,Lee Brice,58,2,Gains In Performance
2009-09-12,51,Love Lives On,Mallary Hope,52,4,Gains In Performance
2009-09-12,52,My Way To You,Jamey Johnson,54,3,Gains In Performance
2009-09-12,53,Why Don't We Just Dance,Josh Turner,57,2,Gains In Performance
2009-09-12,54,Water,Brad Paisley,51,7,
2009-09-12,55,Didn't You Know How Much I Loved You,Kellie Pickler,NEW,1,Gains In Performance
2009-09-12,56,Since You Brought It Up,James Otto,53,18,
2009-09-12,57,Up To Him,Tracy Lawrence,56,15,
2009-09-12,58,It Did,Blaine Larsen,RE,2,Gains In Performance
2009-09-12,59,Sooner Or Later,Michelle Branch,59,2,
2009-09-12,60,Bringin' Back The Sunshine,Anthony Smith,NEW,1,Gains In Performance
2009-09-19,1,Big Green Tractor,Jason Aldean,1,17,
2009-09-19,2,Living For The Night,George Strait,4,15,Gains In Performance
2009-09-19,3,Small Town USA,Justin Moore,5,31,Gains In Performance
2009-09-19,4,American Ride,Toby Keith,7,10,Gains In Performance
2009-09-19,5,Boots On,Randy Houser,2,29,
2009-09-19,6,Summer Nights,Rascal Flatts,3,21,
2009-09-19,7,Only You Can Love Me This Way,Keith Urban,9,10,Gains In Performance
2009-09-19,8,I'll Just Hold On,Blake Shelton,8,29,Gains In Performance
2009-09-19,9,Gettin' You Home,Chris Young,12,30,Gains In Performance
2009-09-19,10,Barefoot And Crazy,Jack Ingram,10,25,Gains In Performance
2009-09-19,11,Welcome To The Future,Brad Paisley,11,11,Gains In Performance
2009-09-19,12,Love Your Love The Most,Eric Church,14,30,Gains In Performance
2009-09-19,13,Toes,Zac Brown Band,17,11,Gains In Performance
2009-09-19,14,It's A Business Doing Pleasure With You,Tim McGraw,13,10,
2009-09-19,15,Sounds Like Life To Me,Darryl Worley,16,32,Gains In Performance
2009-09-19,16,I'm Alive,Kenny Chesney With Dave Matthews,19,7,Gains In Performance
2009-09-19,17,Runaway,Love And Theft,18,28,Gains In Performance
2009-09-19,18,Joey,Sugarland,20,12,Gains In Performance
2009-09-19,19,Red Light,David Nail,22,28,Gains In Performance
2009-09-19,20,15 Minutes,Rodney Atkins,21,17,
2009-09-19,21,Bonfire,Craig Morgan,23,16,Gains In Performance
2009-09-19,22,Do I,Luke Bryan,24,20,Gains In Performance
2009-09-19,23,All I Ask For Anymore,Trace Adkins,25,18,Gains In Performance
2009-09-19,24,Honky Tonk Stomp,Brooks & Dunn Featuring Billy Gibbons,26,6,Gains In Performance
2009-09-19,25,Need You Now,Lady Antebellum,31,4,Gains In Performance
2009-09-19,26,Cowboy Casanova,Carrie Underwood,NEW,1,Highest ranking debut|Gains In Performance
2009-09-19,27,Believers,Joe Nichols,27,21,Gains In Performance
2009-09-19,28,I Just Call You Mine,Martina McBride,28,19,Gains In Performance
2009-09-19,29,I Wanna Make You Close Your Eyes,Dierks Bentley,29,7,Gains In Performance
2009-09-19,30,Long Line Of Losers,Montgomery Gentry,30,13,Gains In Performance
2009-09-19,31,Fifteen,Taylor Swift,41,2,Gains In Performance
2009-09-19,32,Consider Me Gone,Reba,34,5,Gains In Performance
2009-09-19,33,Rockin' The Beer Gut,Trailer Choir,32,17,Gains In Performance
2009-09-19,34,I Want My Life Back,Bucky Covington,33,21,Gains In Performance
2009-09-19,35,Eight Second Ride,Jake Owen,35,14,Gains In Performance
2009-09-19,36,I Still Like Bologna,Alan Jackson,36,7,Gains In Performance
2009-09-19,37,Hurry Home,Jason Michael Carroll,37,10,Gains In Performance
2009-09-19,38,Radio Waves,Eli Young Band,38,9,Gains In Performance
2009-09-19,39,Today,Gary Allan,39,11,Gains In Performance
2009-09-19,40,Outside My Window,Sarah Buxton,42,10,Gains In Performance
2009-09-19,41,That Thang,Fast Ryde,40,9,Gains In Performance
2009-09-19,42,Moo La Moo,Steve Azar,43,14,Gains In Performance
2009-09-19,43,Country Folks (Livin' Loud),The Lost Trailers,44,13,Gains In Performance
2009-09-19,44,White Liar,Miranda Lambert,46,3,Gains In Performance
2009-09-19,45,Beer On The Table,Josh Thompson,45,6,Gains In Performance
2009-09-19,46,Why Don't We Just Dance,Josh Turner,53,3,Gains In Performance
2009-09-19,47,A Little More Country Than That,Easton Corbin,47,4,Gains In Performance
2009-09-19,48,Love Like Crazy,Lee Brice,50,3,Gains In Performance
2009-09-19,49,Long After I'm Gone,Big Kenny,49,4,Gains In Performance
2009-09-19,50,Love Lives On,Mallary Hope,51,5,Gains In Performance
2009-09-19,51,History In The Making,Darius Rucker,NEW,1,Gains In Performance
2009-09-19,52,Skinny Dippin',Whitney Duncan,48,7,
2009-09-19,53,Didn't You Know How Much I Loved You,Kellie Pickler,55,2,Gains In Performance
2009-09-19,54,Up To Him,Tracy Lawrence,57,16,Gains In Performance
2009-09-19,55,My Way To You,Jamey Johnson,52,4,
2009-09-19,56,Water,Brad Paisley,54,8,
2009-09-19,57,Sooner Or Later,Michelle Branch,59,3,
2009-09-19,58,It Did,Blaine Larsen,58,3,
2009-09-19,59,A Good Day,Billy Ray Cyrus,RE,2,Gains In Performance
2009-09-19,60,Stuck,Ash Bowers,NEW,1,Gains In Performance
2009-09-26,1,Big Green Tractor,Jason Aldean,1,18,Gains In Performance
2009-09-26,2,Living For The Night,George Strait,2,16,Gains In Performance
2009-09-26,3,Small Town USA,Justin Moore,3,32,Gains In Performance
2009-09-26,4,American Ride,Toby Keith,4,11,Gains In Performance
2009-09-26,5,Only You Can Love Me This Way,Keith Urban,7,11,Gains In Performance
2009-09-26,6,Boots On,Randy Houser,5,30,
2009-09-26,7,Gettin' You Home,Chris Young,9,31,Gains In Performance
2009-09-26,8,I'll Just Hold On,Blake Shelton,8,30,Gains In Performance
2009-09-26,9,Summer Nights,Rascal Flatts,6,22,
2009-09-26,10,Welcome To The Future,Brad Paisley,11,12,Gains In Performance
2009-09-26,11,Toes,Zac Brown Band,13,12,Gains In Performance
2009-09-26,12,Love Your Love The Most,Eric Church,12,31,Gains In Performance
2009-09-26,13,Sounds Like Life To Me,Darryl Worley,15,33,Gains In Performance
2009-09-26,14,I'm Alive,Kenny Chesney With Dave Matthews,16,8,Gains In Performance
2009-09-26,15,Runaway,Love And Theft,17,29,Gains In Performance
2009-09-26,16,It's A Business Doing Pleasure With You,Tim McGraw,14,11,
2009-09-26,17,Joey,Sugarland,18,13,
2009-09-26,18,Cowboy Casanova,Carrie Underwood,26,2,Greatest gainer this week|Gains In Performance
2009-09-26,19,Red Light,David Nail,19,29,Gains In Performance
2009-09-26,20,Bonfire,Craig Morgan,21,17,Gains In Performance
2009-09-26,21,Do I,Luke Bryan,22,21,Gains In Performance
2009-09-26,22,Need You Now,Lady Antebellum,25,5,Gains In Performance
2009-09-26,23,15 Minutes,Rodney Atkins,20,18,
2009-09-26,24,Honky Tonk Stomp,Brooks & Dunn Featuring Billy Gibbons,24,7,Gains In Performance
2009-09-26,25,Fifteen,Taylor Swift,31,3,Gains In Performance
2009-09-26,26,All I Ask For Anymore,Trace Adkins,23,19,Gains In Performance
2009-09-26,27,I Wanna Make You Close Your Eyes,Dierks Bentley,29,8,Gains In Performance
2009-09-26,28,Believers,Joe Nichols,27,22,Gains In Performance
2009-09-26,29,I Just Call You Mine,Martina McBride,28,20,Gains In Performance
2009-09-26,30,Consider Me Gone,Reba,32,6,Gains In Performance
2009-09-26,31,Long Line Of Losers,Montgomery Gentry,30,14,Gains In Performance
2009-09-26,32,Eight Second Ride,Jake Owen,35,15,Gains In Performance
2009-09-26,33,Rockin' The Beer Gut,Trailer Choir,33,18,
2009-09-26,34,Hurry Home,Jason Michael Carroll,37,11,Gains In Performance
2009-09-26,35,I Still Like Bologna,Alan Jackson,36,8,Gains In Performance
2009-09-26,36,Today,Gary Allan,39,12,Gains In Performance
2009-09-26,37,Radio Waves,Eli Young Band,38,10,Gains In Performance
2009-09-26,38,That Thang,Fast Ryde,41,10,Gains In Performance
2009-09-26,39,Outside My Window,Sarah Buxton,40,11,
2009-09-26,40,White Liar,Miranda Lambert,44,4,Gains In Performance
2009-09-26,41,History In The Making,Darius Rucker,51,2,Gains In Performance
2009-09-26,42,Beer On The Table,Josh Thompson,45,7,Gains In Performance
2009-09-26,43,Moo La Moo,Steve Azar,42,15,
2009-09-26,44,Country Folks (Livin' Loud),The Lost Trailers,43,14,
2009-09-26,45,A Little More Country Than That,Easton Corbin,47,5,Gains In Performance
2009-09-26,46,Why Don't We Just Dance,Josh Turner,46,4,Gains In Performance
2009-09-26,47,Love Like Crazy,Lee Brice,48,4,Gains In Performance
2009-09-26,48,Long After I'm Gone,Big Kenny,49,5,Gains In Performance
2009-09-26,49,Southern Voice,Tim McGraw,NEW,1,Highest ranking debut|Gains In Performance
2009-09-26,50,Didn't You Know How Much I Loved You,Kellie Pickler,53,3,Gains In Performance
2009-09-26,51,Love Lives On,Mallary Hope,50,6,
2009-09-26,52,Skinny Dippin',Whitney Duncan,52,8,Gains In Performance
2009-09-26,53,My Way To You,Jamey Johnson,55,5,Gains In Performance
2009-09-26,54,That's How Country Boys Roll,Billy Currington,NEW,1,Gains In Performance
2009-09-26,55,Up To Him,Tracy Lawrence,54,17,
2009-09-26,56,Everywhere I Go,Phil Vassar,NEW,1,Gains In Performance
2009-09-26,57,It Did,Blaine Larsen,58,4,Gains In Performance
2009-09-26,58,Mister Officer,Jypsi,NEW,1,Gains In Performance
2009-09-26,59,Stuck,Ash Bowers,60,2,Gains In Performance
2009-09-26,60,All This Love,The Lost Trailers,NEW,1,
2009-10-03,1,Small Town USA,Justin Moore,3,33,Gains In Performance
2009-10-03,2,American Ride,Toby Keith,4,12,Gains In Performance
2009-10-03,3,Big Green Tractor,Jason Aldean,1,19,
2009-10-03,4,Living For The Night,George Strait,2,17,
2009-10-03,5,Only You Can Love Me This Way,Keith Urban,5,12,Gains In Performance
2009-10-03,6,Gettin' You Home,Chris Young,7,32,Gains In Performance
2009-10-03,7,Welcome To The Future,Brad Paisley,10,13,Gains In Performance
2009-10-03,8,I'll Just Hold On,Blake Shelton,8,31,Gains In Performance
2009-10-03,9,Toes,Zac Brown Band,11,13,Gains In Performance
2009-10-03,10,Love Your Love The Most,Eric Church,12,32,Gains In Performance
2009-10-03,11,Cowboy Casanova,Carrie Underwood,18,3,Gains In Performance
2009-10-03,12,I'm Alive,Kenny Chesney With Dave Matthews,14,9,Gains In Performance
2009-10-03,13,Sounds Like Life To Me,Darryl Worley,13,34,Gains In Performance
2009-10-03,14,Runaway,Love And Theft,15,30,Gains In Performance
2009-10-03,15,Need You Now,Lady Antebellum,22,6,Gains In Performance
2009-10-03,16,Fifteen,Taylor Swift,25,4,Gains In Performance
2009-10-03,17,Do I,Luke Bryan,21,22,Gains In Performance
2009-10-03,18,Bonfire,Craig Morgan,20,18,Gains In Performance
2009-10-03,19,Red Light,David Nail,19,30,Gains In Performance
2009-10-03,20,Honky Tonk Stomp,Brooks & Dunn Featuring Billy Gibbons,24,8,Gains In Performance
2009-10-03,21,All I Ask For Anymore,Trace Adkins,26,20,Gains In Performance
2009-10-03,22,I Wanna Make You Close Your Eyes,Dierks Bentley,27,9,Gains In Performance
2009-10-03,23,Consider Me Gone,Reba,30,7,Gains In Performance
2009-10-03,24,I Just Call You Mine,Martina McBride,29,21,Gains In Performance
2009-10-03,25,Joey,Sugarland,17,14,
2009-10-03,26,Believers,Joe Nichols,28,23,Gains In Performance
2009-10-03,27,Long Line Of Losers,Montgomery Gentry,31,15,Gains In Performance
2009-10-03,28,Eight Second Ride,Jake Owen,32,16,Gains In Performance
2009-10-03,29,Hurry Home,Jason Michael Carroll,34,12,Gains In Performance
2009-10-03,30,History In The Making,Darius Rucker,41,3,Gains In Performance
2009-10-03,31,Rockin' The Beer Gut,Trailer Choir,33,19,
2009-10-03,32,I Still Like Bologna,Alan Jackson,35,9,
2009-10-03,33,Today,Gary Allan,36,13,Gains In Performance
2009-10-03,34,Outside My Window,Sarah Buxton,39,12,Gains In Performance
2009-10-03,35,Southern Voice,Tim McGraw,49,2,Gains In Performance
2009-10-03,36,Radio Waves,Eli Young Band,37,11,
2009-10-03,37,White Liar,Miranda Lambert,40,5,Gains In Performance
2009-10-03,38,Beer On The Table,Josh Thompson,42,8,Gains In Performance
2009-10-03,39,Why Don't We Just Dance,Josh Turner,46,5,Gains In Performance
2009-10-03,40,A Little More Country Than That,Easton Corbin,45,6,Gains In Performance
2009-10-03,41,Moo La Moo,Steve Azar,43,16,Gains In Performance
2009-10-03,42,Country Folks (Livin' Loud),The Lost Trailers,44,15,Gains In Performance
2009-10-03,43,That's How Country Boys Roll,Billy Currington,54,2,Gains In Performance
2009-10-03,44,Didn't You Know How Much I Loved You,Kellie Pickler,50,4,Gains In Performance
2009-10-03,45,Long After I'm Gone,Big Kenny,48,6,Gains In Performance
2009-10-03,46,Love Like Crazy,Lee Brice,47,5,Gains In Performance
2009-10-03,47,That Thang,Fast Ryde,38,11,
2009-10-03,48,Love Lives On,Mallary Hope,51,7,Gains In Performance
2009-10-03,49,Keep On Lovin' You,Steel Magnolia,RE,2,Gains In Performance
2009-10-03,50,Everywhere I Go,Phil Vassar,56,2,Gains In Performance
2009-10-03,51,Sara Smile,Jimmy Wayne Featuring Daryl Hall & John Oates,NEW,1,Highest ranking debut|Gains In Performance
2009-10-03,52,Skinny Dippin',Whitney Duncan,52,9,
2009-10-03,53,The Truth,Jason Aldean,NEW,1,Gains In Performance
2009-10-03,54,Sooner Or Later,Michelle Branch,RE,4,Gains In Performance
2009-10-03,55,19 And Crazy,Bomshel,NEW,1,Gains In Performance
2009-10-03,56,It Did,Blaine Larsen,57,5,Gains In Performance
2009-10-03,57,Stuck,Ash Bowers,59,3,Gains In Performance
2009-10-03,58,Mister Officer,Jypsi,58,2,Gains In Performance
2009-10-03,59,Up To Him,Tracy Lawrence,55,18,
2009-10-03,60,My Way To You,Jamey Johnson,53,6,
2009-10-10,1,American Ride,Toby Keith,2,13,Gains In Performance
2009-10-10,2,Small Town USA,Justin Moore,1,34,
2009-10-10,3,Gettin' You Home,Chris Young,6,33,Gains In Performance
2009-10-10,4,Only You Can Love Me This Way,Keith Urban,5,13,Gains In Performance
2009-10-10,5,Big Green Tractor,Jason Aldean,3,20,
2009-10-10,6,Welcome To The Future,Brad Paisley,7,14,Gains In Performance
2009-10-10,7,Toes,Zac Brown Band,9,14,Gains In Performance
2009-10-10,8,Living For The Night,George Strait,4,18,
2009-10-10,9,I'll Just Hold On,Blake Shelton,8,32,
2009-10-10,10,Love Your Love The Most,Eric Church,10,33,Gains In Performance
2009-10-10,11,Cowboy Casanova,Carrie Underwood,11,4,Gains In Performance
2009-10-10,12,Sounds Like Life To Me,Darryl Worley,13,35,Gains In Performance
2009-10-10,13,I'm Alive,Kenny Chesney With Dave Matthews,12,10,Gains In Performance
2009-10-10,14,Runaway,Love And Theft,14,31,Gains In Performance
2009-10-10,15,Need You Now,Lady Antebellum,15,7,Greatest gainer this week|Gains In Performance
2009-10-10,16,Fifteen,Taylor Swift,16,5,Gains In Performance
2009-10-10,17,Do I,Luke Bryan,17,23,Gains In Performance
2009-10-10,18,Bonfire,Craig Morgan,18,19,Gains In Performance
2009-10-10,19,Red Light,David Nail,19,31,Gains In Performance
2009-10-10,20,Honky Tonk Stomp,Brooks & Dunn Featuring Billy Gibbons,20,9,Gains In Performance
2009-10-10,21,I Wanna Make You Close Your Eyes,Dierks Bentley,22,10,Gains In Performance
2009-10-10,22,All I Ask For Anymore,Trace Adkins,21,21,Gains In Performance
2009-10-10,23,Consider Me Gone,Reba,23,8,Gains In Performance
2009-10-10,24,I Just Call You Mine,Martina McBride,24,22,Gains In Performance
2009-10-10,25,Long Line Of Losers,Montgomery Gentry,27,16,Gains In Performance
2009-10-10,26,History In The Making,Darius Rucker,30,4,Gains In Performance
2009-10-10,27,Eight Second Ride,Jake Owen,28,17,Gains In Performance
2009-10-10,28,Southern Voice,Tim McGraw,35,3,Gains In Performance
2009-10-10,29,Hurry Home,Jason Michael Carroll,29,13,Gains In Performance
2009-10-10,30,Outside My Window,Sarah Buxton,34,13,Gains In Performance
2009-10-10,31,White Liar,Miranda Lambert,37,6,Gains In Performance
2009-10-10,32,Today,Gary Allan,33,14,Gains In Performance
2009-10-10,33,That's How Country Boys Roll,Billy Currington,43,3,Gains In Performance
2009-10-10,34,Why Don't We Just Dance,Josh Turner,39,6,Gains In Performance
2009-10-10,35,Radio Waves,Eli Young Band,36,12,Gains In Performance
2009-10-10,36,I Still Like Bologna,Alan Jackson,32,10,
2009-10-10,37,Beer On The Table,Josh Thompson,38,9,Gains In Performance
2009-10-10,38,A Little More Country Than That,Easton Corbin,40,7,Gains In Performance
2009-10-10,39,Country Folks (Livin' Loud),The Lost Trailers,42,16,Gains In Performance
2009-10-10,40,Didn't You Know How Much I Loved You,Kellie Pickler,44,5,Gains In Performance
2009-10-10,41,Moo La Moo,Steve Azar,41,17,
2009-10-10,42,The Truth,Jason Aldean,53,2,Gains In Performance
2009-10-10,43,Long After I'm Gone,Big Kenny,45,7,Gains In Performance
2009-10-10,44,Why,Rascal Flatts,NEW,1,Highest ranking debut|Gains In Performance
2009-10-10,45,Love Like Crazy,Lee Brice,46,6,
2009-10-10,46,Sara Smile,Jimmy Wayne Featuring Daryl Hall & John Oates,51,2,Gains In Performance
2009-10-10,47,Keep On Lovin' You,Steel Magnolia,49,3,Gains In Performance
2009-10-10,48,Love Lives On,Mallary Hope,48,8,Gains In Performance
2009-10-10,49,Everywhere I Go,Phil Vassar,50,3,Gains In Performance
2009-10-10,50,Stuck,Ash Bowers,57,4,Gains In Performance
2009-10-10,51,Sooner Or Later,Michelle Branch,54,5,Gains In Performance
2009-10-10,52,19 And Crazy,Bomshel,55,2,Gains In Performance
2009-10-10,53,It Did,Blaine Larsen,56,6,Gains In Performance
2009-10-10,54,Up To Him,Tracy Lawrence,59,19,Gains In Performance
2009-10-10,55,Skinny Dippin',Whitney Duncan,52,10,
2009-10-10,56,How Far Do You Wanna Go?,Gloriana,NEW,1,Gains In Performance
2009-10-10,57,Ride Through The Country,Colt Ford Featuring John Michael Montgomery,NEW,1,Gains In Performance
2009-10-10,58,All This Love,The Lost Trailers,RE,2,Gains In Performance
2009-10-10,59,Mister Officer,Jypsi,58,3,
2009-10-10,60,Country Livin',Williams Riley,NEW,1,Gains In Performance
2009-10-17,1,American Ride,Toby Keith,1,14,Gains In Performance
2009-10-17,2,Gettin' You Home,Chris Young,3,34,Gains In Performance
2009-10-17,3,Only You Can Love Me This Way,Keith Urban,4,14,Gains In Performance
2009-10-17,4,Toes,Zac Brown Band,7,15,Gains In Performance
2009-10-17,5,Small Town USA,Justin Moore,2,35,
2009-10-17,6,Welcome To The Future,Brad Paisley,6,15,Gains In Performance
2009-10-17,7,Big Green Tractor,Jason Aldean,5,21,
2009-10-17,8,Cowboy Casanova,Carrie Underwood,11,5,Gains In Performance
2009-10-17,9,I'm Alive,Kenny Chesney With Dave Matthews,13,11,Gains In Performance
2009-10-17,10,Need You Now,Lady Antebellum,15,8,Gains In Performance
2009-10-17,11,Sounds Like Life To Me,Darryl Worley,12,36,Gains In Performance
2009-10-17,12,Runaway,Love And Theft,14,32,Gains In Performance
2009-10-17,13,Fifteen,Taylor Swift,16,6,Gains In Performance
2009-10-17,14,Do I,Luke Bryan,17,24,Gains In Performance
2009-10-17,15,Bonfire,Craig Morgan,18,20,Gains In Performance
2009-10-17,16,Red Light,David Nail,19,32,Gains In Performance
2009-10-17,17,Honky Tonk Stomp,Brooks & Dunn Featuring Billy Gibbons,20,10,Gains In Performance
2009-10-17,18,I Wanna Make You Close Your Eyes,Dierks Bentley,21,11,Gains In Performance
2009-10-17,19,Consider Me Gone,Reba,23,9,Gains In Performance
2009-10-17,20,All I Ask For Anymore,Trace Adkins,22,22,Gains In Performance
2009-10-17,21,I Just Call You Mine,Martina McBride,24,23,Gains In Performance
2009-10-17,22,History In The Making,Darius Rucker,26,5,Gains In Performance
2009-10-17,23,Southern Voice,Tim McGraw,28,4,Gains In Performance
2009-10-17,24,Long Line Of Losers,Montgomery Gentry,25,17,Gains In Performance
2009-10-17,25,Eight Second Ride,Jake Owen,27,18,Gains In Performance
2009-10-17,26,White Liar,Miranda Lambert,31,7,Gains In Performance
2009-10-17,27,Hurry Home,Jason Michael Carroll,29,14,Gains In Performance
2009-10-17,28,Why,Rascal Flatts,44,2,Gains In Performance
2009-10-17,29,Why Don't We Just Dance,Josh Turner,34,7,Gains In Performance
2009-10-17,30,Outside My Window,Sarah Buxton,30,14,Gains In Performance
2009-10-17,31,Today,Gary Allan,32,15,Gains In Performance
2009-10-17,32,That's How Country Boys Roll,Billy Currington,33,4,Gains In Performance
2009-10-17,33,The Truth,Jason Aldean,42,3,Gains In Performance
2009-10-17,34,Beer On The Table,Josh Thompson,37,10,Gains In Performance
2009-10-17,35,Radio Waves,Eli Young Band,35,13,
2009-10-17,36,A Little More Country Than That,Easton Corbin,38,8,Gains In Performance
2009-10-17,37,Didn't You Know How Much I Loved You,Kellie Pickler,40,6,Gains In Performance
2009-10-17,38,Country Folks (Livin' Loud),The Lost Trailers,39,17,Gains In Performance
2009-10-17,39,Moo La Moo,Steve Azar,41,18,Gains In Performance
2009-10-17,40,Long After I'm Gone,Big Kenny,43,8,Gains In Performance
2009-10-17,41,Keep On Lovin' You,Steel Magnolia,47,4,Gains In Performance
2009-10-17,42,Sara Smile,Jimmy Wayne Featuring Daryl Hall & John Oates,46,3,Gains In Performance
2009-10-17,43,Love Like Crazy,Lee Brice,45,7,Gains In Performance
2009-10-17,44,Love Lives On,Mallary Hope,48,9,Gains In Performance
2009-10-17,45,Twang,George Strait,RE,3,Gains In Performance
2009-10-17,46,Everywhere I Go,Phil Vassar,49,4,Gains In Performance
2009-10-17,47,19 And Crazy,Bomshel,52,3,Gains In Performance
2009-10-17,48,Stuck,Ash Bowers,50,5,Gains In Performance
2009-10-17,49,Sooner Or Later,Michelle Branch,51,6,Gains In Performance
2009-10-17,50,Skinny Dippin',Whitney Duncan,55,11,Gains In Performance
2009-10-17,51,Up To Him,Tracy Lawrence,54,20,Gains In Performance
2009-10-17,52,How Far Do You Wanna Go?,Gloriana,56,2,Gains In Performance
2009-10-17,53,Country Livin',Williams Riley,60,2,Gains In Performance
2009-10-17,54,It Did,Blaine Larsen,53,7,
2009-10-17,55,The Call,Matt Kennon,NEW,1,Highest ranking debut|Gains In Performance
2009-10-17,56,Every Dog Has Its Day,Toby Keith,NEW,1,Gains In Performance
2009-10-17,57,Mister Officer,Jypsi,59,4,Gains In Performance
2009-10-17,58,Cryin' For Me (Wayman's Song),Toby Keith,NEW,1,Gains In Performance
2009-10-17,59,If I Had One,Toby Keith,NEW,1,Gains In Performance
2009-10-17,60,Days You Live For,Mica Roberts,NEW,1,Gains In Performance
2009-10-24,1,Gettin' You Home,Chris Young,2,35,Gains In Performance
2009-10-24,2,American Ride,Toby Keith,1,15,
2009-10-24,3,Only You Can Love Me This Way,Keith Urban,3,15,Gains In Performance
2009-10-24,4,Toes,Zac Brown Band,4,16,Greatest gainer this week|Gains In Performance
2009-10-24,5,Welcome To The Future,Brad Paisley,6,16,Gains In Performance
2009-10-24,6,Cowboy Casanova,Carrie Underwood,8,6,Gains In Performance
2009-10-24,7,Need You Now,Lady Antebellum,10,9,Gains In Performance
2009-10-24,8,I'm Alive,Kenny Chesney With Dave Matthews,9,12,Gains In Performance
2009-10-24,9,Do I,Luke Bryan,14,25,Gains In Performance
2009-10-24,10,Runaway,Love And Theft,12,33,Gains In Performance
2009-10-24,11,Fifteen,Taylor Swift,13,7,Gains In Performance
2009-10-24,12,Bonfire,Craig Morgan,15,21,Gains In Performance
2009-10-24,13,Red Light,David Nail,16,33,Gains In Performance
2009-10-24,14,I Wanna Make You Close Your Eyes,Dierks Bentley,18,12,Gains In Performance
2009-10-24,15,Consider Me Gone,Reba,19,10,Gains In Performance
2009-10-24,16,Honky Tonk Stomp,Brooks & Dunn Featuring Billy Gibbons,17,11,Gains In Performance
2009-10-24,17,All I Ask For Anymore,Trace Adkins,20,23,Gains In Performance
2009-10-24,18,Southern Voice,Tim McGraw,23,5,Gains In Performance
2009-10-24,19,I Just Call You Mine,Martina McBride,21,24,Gains In Performance
2009-10-24,20,History In The Making,Darius Rucker,22,6,Gains In Performance
2009-10-24,21,White Liar,Miranda Lambert,26,8,Gains In Performance
2009-10-24,22,Why,Rascal Flatts,28,3,Gains In Performance
2009-10-24,23,Long Line Of Losers,Montgomery Gentry,24,18,
2009-10-24,24,Eight Second Ride,Jake Owen,25,19,Gains In Performance
2009-10-24,25,Hurry Home,Jason Michael Carroll,27,15,Gains In Performance
2009-10-24,26,The Truth,Jason Aldean,33,4,Gains In Performance
2009-10-24,27,That's How Country Boys Roll,Billy Currington,32,5,Gains In Performance
2009-10-24,28,Why Don't We Just Dance,Josh Turner,29,8,Gains In Performance
2009-10-24,29,Today,Gary Allan,31,16,Gains In Performance
2009-10-24,30,Outside My Window,Sarah Buxton,30,15,Gains In Performance
2009-10-24,31,A Little More Country Than That,Easton Corbin,36,9,Gains In Performance
2009-10-24,32,Beer On The Table,Josh Thompson,34,11,Gains In Performance
2009-10-24,33,Didn't You Know How Much I Loved You,Kellie Pickler,37,7,Gains In Performance
2009-10-24,34,Twang,George Strait,45,4,Gains In Performance
2009-10-24,35,Radio Waves,Eli Young Band,35,14,Gains In Performance
2009-10-24,36,Sara Smile,Jimmy Wayne Featuring Daryl Hall & John Oates,42,4,Gains In Performance
2009-10-24,37,Country Folks (Livin' Loud),The Lost Trailers,38,18,Gains In Performance
2009-10-24,38,Keep On Lovin' You,Steel Magnolia,41,5,Gains In Performance
2009-10-24,39,Long After I'm Gone,Big Kenny,40,9,Gains In Performance
2009-10-24,40,Everywhere I Go,Phil Vassar,46,5,Gains In Performance
2009-10-24,41,Love Like Crazy,Lee Brice,43,8,Gains In Performance
2009-10-24,42,Moo La Moo,Steve Azar,39,19,
2009-10-24,43,19 And Crazy,Bomshel,47,4,Gains In Performance
2009-10-24,44,Love Lives On,Mallary Hope,44,10,
2009-10-24,45,Stuck,Ash Bowers,48,6,Gains In Performance
2009-10-24,46,How Far Do You Wanna Go?,Gloriana,52,3,Gains In Performance
2009-10-24,47,Sooner Or Later,Michelle Branch,49,7,Gains In Performance
2009-10-24,48,Skinny Dippin',Whitney Duncan,50,12,Gains In Performance
2009-10-24,49,The Call,Matt Kennon,55,2,Gains In Performance
2009-10-24,50,It Did,Blaine Larsen,54,8,Gains In Performance
2009-10-24,51,Country Livin',Williams Riley,53,3,
2009-10-24,52,Hell On The Heart,Eric Church,NEW,1,Highest ranking debut|Gains In Performance
2009-10-24,53,Mister Officer,Jypsi,57,5,
2009-10-24,54,Backwoods,Justin Moore,NEW,1,Gains In Performance
2009-10-24,55,All This Love,The Lost Trailers,RE,3,Gains In Performance
2009-10-24,56,Every Dog Has Its Day,Toby Keith,56,2,
2009-10-24,57,Tomboy,Krista Marie,NEW,1,Gains In Performance
2009-10-24,58,Ride Through The Country,Colt Ford Featuring John Michael Montgomery,RE,2,
2009-10-24,59,Cryin' For Me (Wayman's Song),Toby Keith,58,2,
2009-10-24,60,Gimmie That Girl,Joe Nichols,NEW,1,Gains In Performance
2009-10-31,1,Only You Can Love Me This Way,Keith Urban,3,16,Gains In Performance
2009-10-31,2,Toes,Zac Brown Band,4,17,Gains In Performance
2009-10-31,3,Gettin' You Home,Chris Young,1,36,
2009-10-31,4,Welcome To The Future,Brad Paisley,5,17,Gains In Performance
2009-10-31,5,Cowboy Casanova,Carrie Underwood,6,7,Gains In Performance
2009-10-31,6,American Ride,Toby Keith,2,16,
2009-10-31,7,Need You Now,Lady Antebellum,7,10,Gains In Performance
2009-10-31,8,Do I,Luke Bryan,9,26,Gains In Performance
2009-10-31,9,I'm Alive,Kenny Chesney With Dave Matthews,8,13,Gains In Performance
2009-10-31,10,Runaway,Love And Theft,10,34,Gains In Performance
2009-10-31,11,Fifteen,Taylor Swift,11,8,
2009-10-31,12,Bonfire,Craig Morgan,12,22,Gains In Performance
2009-10-31,13,Consider Me Gone,Reba,15,11,Gains In Performance
2009-10-31,14,Red Light,David Nail,13,34,Gains In Performance
2009-10-31,15,I Wanna Make You Close Your Eyes,Dierks Bentley,14,13,Gains In Performance
2009-10-31,16,Honky Tonk Stomp,Brooks & Dunn Featuring Billy Gibbons,16,12,Gains In Performance
2009-10-31,17,All I Ask For Anymore,Trace Adkins,17,24,Gains In Performance
2009-10-31,18,Southern Voice,Tim McGraw,18,6,Gains In Performance
2009-10-31,19,History In The Making,Darius Rucker,20,7,Gains In Performance
2009-10-31,20,I Just Call You Mine,Martina McBride,19,25,Gains In Performance
2009-10-31,21,Why,Rascal Flatts,22,4,Greatest gainer this week|Gains In Performance
2009-10-31,22,White Liar,Miranda Lambert,21,9,Gains In Performance
2009-10-31,23,Eight Second Ride,Jake Owen,24,20,Gains In Performance
2009-10-31,24,Hurry Home,Jason Michael Carroll,25,16,Gains In Performance
2009-10-31,25,The Truth,Jason Aldean,26,5,Gains In Performance
2009-10-31,26,That's How Country Boys Roll,Billy Currington,27,6,Gains In Performance
2009-10-31,27,Why Don't We Just Dance,Josh Turner,28,9,Gains In Performance
2009-10-31,28,Long Line Of Losers,Montgomery Gentry,23,19,
2009-10-31,29,Today,Gary Allan,29,17,Gains In Performance
2009-10-31,30,Twang,George Strait,34,5,Gains In Performance
2009-10-31,31,Outside My Window,Sarah Buxton,30,16,Gains In Performance
2009-10-31,32,A Little More Country Than That,Easton Corbin,31,10,Gains In Performance
2009-10-31,33,Beer On The Table,Josh Thompson,32,12,Gains In Performance
2009-10-31,34,Didn't You Know How Much I Loved You,Kellie Pickler,33,8,Gains In Performance
2009-10-31,35,Sara Smile,Jimmy Wayne Featuring Daryl Hall & John Oates,36,5,Gains In Performance
2009-10-31,36,Country Folks (Livin' Loud),The Lost Trailers,37,19,Gains In Performance
2009-10-31,37,Keep On Lovin' You,Steel Magnolia,38,6,Gains In Performance
2009-10-31,38,Long After I'm Gone,Big Kenny,39,10,Gains In Performance
2009-10-31,39,Everywhere I Go,Phil Vassar,40,6,Gains In Performance
2009-10-31,40,Radio Waves,Eli Young Band,35,15,
2009-10-31,41,19 And Crazy,Bomshel,43,5,Gains In Performance
2009-10-31,42,Love Like Crazy,Lee Brice,41,9,Gains In Performance
2009-10-31,43,Love Lives On,Mallary Hope,44,11,Gains In Performance
2009-10-31,44,Stuck,Ash Bowers,45,7,
2009-10-31,45,How Far Do You Wanna Go?,Gloriana,46,4,Gains In Performance
2009-10-31,46,Sooner Or Later,Michelle Branch,47,8,
2009-10-31,47,The Call,Matt Kennon,49,3,Gains In Performance
2009-10-31,48,Hell On The Heart,Eric Church,52,2,Gains In Performance
2009-10-31,49,Skinny Dippin',Whitney Duncan,48,13,Gains In Performance
2009-10-31,50,Backwoods,Justin Moore,54,2,Gains In Performance
2009-10-31,51,Hillbilly Bone,Blake Shelton Featuring Trace Adkins,NEW,1,Highest ranking debut|Gains In Performance
2009-10-31,52,Mister Officer,Jypsi,53,6,Gains In Performance
2009-10-31,53,It Did,Blaine Larsen,50,9,Gains In Performance
2009-10-31,54,Country Livin',Williams Riley,51,4,Gains In Performance
2009-10-31,55,Cryin' For Me (Wayman's Song),Toby Keith,59,3,Gains In Performance
2009-10-31,56,Chasin' Girls,Rodney Atkins,NEW,1,Gains In Performance
2009-10-31,57,Gimmie That Girl,Joe Nichols,60,2,Gains In Performance
2009-10-31,58,I Can't Make It Rain,Houston County,NEW,1,Gains In Performance
2009-10-31,59,Whistlin' Dixie,Randy Houser,NEW,1,Gains In Performance
2009-10-31,60,All This Love,The Lost Trailers,55,4,
2009-11-07,1,Toes,Zac Brown Band,2,18,Gains In Performance
2009-11-07,2,Welcome To The Future,Brad Paisley,4,18,Gains In Performance
2009-11-07,3,Only You Can Love Me This Way,Keith Urban,1,17,
2009-11-07,4,Gettin' You Home,Chris Young,3,37,
2009-11-07,5,Cowboy Casanova,Carrie Underwood,5,8,Gains In Performance
2009-11-07,6,Need You Now,Lady Antebellum,7,11,Gains In Performance
2009-11-07,7,American Ride,Toby Keith,6,17,
2009-11-07,8,Do I,Luke Bryan,8,27,Gains In Performance
2009-11-07,9,I'm Alive,Kenny Chesney With Dave Matthews,9,14,Gains In Performance
2009-11-07,10,Fifteen,Taylor Swift,11,9,Gains In Performance
2009-11-07,11,Bonfire,Craig Morgan,12,23,Gains In Performance
2009-11-07,12,Runaway,Love And Theft,10,35,Gains In Performance
2009-11-07,13,Consider Me Gone,Reba,13,12,Gains In Performance
2009-11-07,14,I Wanna Make You Close Your Eyes,Dierks Bentley,15,14,Gains In Performance
2009-11-07,15,Red Light,David Nail,14,35,Gains In Performance
2009-11-07,16,Southern Voice,Tim McGraw,18,7,Gains In Performance
2009-11-07,17,All I Ask For Anymore,Trace Adkins,17,25,Gains In Performance
2009-11-07,18,Honky Tonk Stomp,Brooks & Dunn Featuring Billy Gibbons,16,13,
2009-11-07,19,History In The Making,Darius Rucker,19,8,Gains In Performance
2009-11-07,20,I Just Call You Mine,Martina McBride,20,26,Gains In Performance
2009-11-07,21,White Liar,Miranda Lambert,22,10,Gains In Performance
2009-11-07,22,Why,Rascal Flatts,21,5,Gains In Performance
2009-11-07,23,Eight Second Ride,Jake Owen,23,21,Gains In Performance
2009-11-07,24,Twang,George Strait,30,6,Greatest gainer this week|Gains In Performance
2009-11-07,25,Hurry Home,Jason Michael Carroll,24,17,Gains In Performance
2009-11-07,26,The Truth,Jason Aldean,25,6,Gains In Performance
2009-11-07,27,That's How Country Boys Roll,Billy Currington,26,7,Gains In Performance
2009-11-07,28,Why Don't We Just Dance,Josh Turner,27,10,Gains In Performance
2009-11-07,29,Today,Gary Allan,29,18,Gains In Performance
2009-11-07,30,Outside My Window,Sarah Buxton,31,17,Gains In Performance
2009-11-07,31,A Little More Country Than That,Easton Corbin,32,11,Gains In Performance
2009-11-07,32,Beer On The Table,Josh Thompson,33,13,Gains In Performance
2009-11-07,33,Didn't You Know How Much I Loved You,Kellie Pickler,34,9,Gains In Performance
2009-11-07,34,Sara Smile,Jimmy Wayne Featuring Daryl Hall & John Oates,35,6,Gains In Performance
2009-11-07,35,Keep On Lovin' You,Steel Magnolia,37,7,Gains In Performance
2009-11-07,36,Long After I'm Gone,Big Kenny,38,11,Gains In Performance
2009-11-07,37,Country Folks (Livin' Loud),The Lost Trailers,36,20,Gains In Performance
2009-11-07,38,Everywhere I Go,Phil Vassar,39,7,Gains In Performance
2009-11-07,39,Cryin' For Me (Wayman's Song),Toby Keith,55,4,Gains In Performance
2009-11-07,40,19 And Crazy,Bomshel,41,6,Gains In Performance
2009-11-07,41,Love Like Crazy,Lee Brice,42,10,Gains In Performance
2009-11-07,42,Backwoods,Justin Moore,50,3,Gains In Performance
2009-11-07,43,Stuck,Ash Bowers,44,8,Gains In Performance
2009-11-07,44,Love Lives On,Mallary Hope,43,12,
2009-11-07,45,Hillbilly Bone,Blake Shelton Featuring Trace Adkins,51,2,Gains In Performance
2009-11-07,46,How Far Do You Wanna Go?,Gloriana,45,5,Gains In Performance
2009-11-07,47,Hell On The Heart,Eric Church,48,3,Gains In Performance
2009-11-07,48,Gimmie That Girl,Joe Nichols,57,3,Gains In Performance
2009-11-07,49,Radio Waves,Eli Young Band,40,16,
2009-11-07,50,The Call,Matt Kennon,47,4,Gains In Performance
2009-11-07,51,Sooner Or Later,Michelle Branch,46,9,Gains In Performance
2009-11-07,52,Skinny Dippin',Whitney Duncan,49,14,Gains In Performance
2009-11-07,53,Whistlin' Dixie,Randy Houser,59,2,Gains In Performance
2009-11-07,54,Chasin' Girls,Rodney Atkins,56,2,Gains In Performance
2009-11-07,55,Country Livin',Williams Riley,54,5,Gains In Performance
2009-11-07,56,Mister Officer,Jypsi,52,7,Gains In Performance
2009-11-07,57,Smile,Uncle Kracker,NEW,1,Highest ranking debut|Gains In Performance
2009-11-07,58,It Did,Blaine Larsen,53,10,Gains In Performance
2009-11-07,59,I Can't Make It Rain,Houston County,58,2,Gains In Performance
2009-11-07,60,Seeing Stars,Jack Ingram Featuring Patty Griffin,NEW,1,Gains In Performance
2009-11-14,1,Toes,Zac Brown Band,1,19,
2009-11-14,2,Welcome To The Future,Brad Paisley,2,19,
2009-11-14,3,Cowboy Casanova,Carrie Underwood,5,9,Gains In Performance
2009-11-14,4,Need You Now,Lady Antebellum,6,12,Greatest gainer this week|Gains In Performance
2009-11-14,5,Only You Can Love Me This Way,Keith Urban,3,18,
2009-11-14,6,Do I,Luke Bryan,8,28,Gains In Performance
2009-11-14,7,Gettin' You Home,Chris Young,4,38,
2009-11-14,8,I'm Alive,Kenny Chesney With Dave Matthews,9,15,Gains In Performance
2009-11-14,9,Fifteen,Taylor Swift,10,10,Gains In Performance
2009-11-14,10,Consider Me Gone,Reba,13,13,Gains In Performance
2009-11-14,11,Bonfire,Craig Morgan,11,24,Gains In Performance
2009-11-14,12,I Wanna Make You Close Your Eyes,Dierks Bentley,14,15,Gains In Performance
2009-11-14,13,Red Light,David Nail,15,36,Gains In Performance
2009-11-14,14,Southern Voice,Tim McGraw,16,8,Gains In Performance
2009-11-14,15,All I Ask For Anymore,Trace Adkins,17,26,Gains In Performance
2009-11-14,16,History In The Making,Darius Rucker,19,9,Gains In Performance
2009-11-14,17,White Liar,Miranda Lambert,21,11,Gains In Performance
2009-11-14,18,Why,Rascal Flatts,22,6,Gains In Performance
2009-11-14,19,I Just Call You Mine,Martina McBride,20,27,Gains In Performance
2009-11-14,20,Honky Tonk Stomp,Brooks & Dunn Featuring Billy Gibbons,18,14,
2009-11-14,21,The Truth,Jason Aldean,26,7,Gains In Performance
2009-11-14,22,Twang,George Strait,24,7,Gains In Performance
2009-11-14,23,Eight Second Ride,Jake Owen,23,22,Gains In Performance
2009-11-14,24,That's How Country Boys Roll,Billy Currington,27,8,Gains In Performance
2009-11-14,25,Hurry Home,Jason Michael Carroll,25,18,Gains In Performance
2009-11-14,26,Why Don't We Just Dance,Josh Turner,28,11,Gains In Performance
2009-11-14,27,Today,Gary Allan,29,19,Gains In Performance
2009-11-14,28,Outside My Window,Sarah Buxton,30,18,Gains In Performance
2009-11-14,29,Beer On The Table,Josh Thompson,32,14,Gains In Performance
2009-11-14,30,A Little More Country Than That,Easton Corbin,31,12,Gains In Performance
2009-11-14,31,Didn't You Know How Much I Loved You,Kellie Pickler,33,10,Gains In Performance
2009-11-14,32,Sara Smile,Jimmy Wayne Featuring Daryl Hall & John Oates,34,7,Gains In Performance
2009-11-14,33,Cryin' For Me (Wayman's Song),Toby Keith,39,5,Gains In Performance
2009-11-14,34,Keep On Lovin' You,Steel Magnolia,35,8,Gains In Performance
2009-11-14,35,Long After I'm Gone,Big Kenny,36,12,
2009-11-14,36,Backwoods,Justin Moore,42,4,Gains In Performance
2009-11-14,37,Everywhere I Go,Phil Vassar,38,8,Gains In Performance
2009-11-14,38,Hillbilly Bone,Blake Shelton Featuring Trace Adkins,45,3,Gains In Performance
2009-11-14,39,Love Like Crazy,Lee Brice,41,11,Gains In Performance
2009-11-14,40,Hell On The Heart,Eric Church,47,4,Gains In Performance
2009-11-14,41,Gimmie That Girl,Joe Nichols,48,4,Gains In Performance
2009-11-14,42,19 And Crazy,Bomshel,40,7,Gains In Performance
2009-11-14,43,Stuck,Ash Bowers,43,9,Gains In Performance
2009-11-14,44,Love Lives On,Mallary Hope,44,13,Gains In Performance
2009-11-14,45,How Far Do You Wanna Go?,Gloriana,46,6,Gains In Performance
2009-11-14,46,Whistlin' Dixie,Randy Houser,53,3,Gains In Performance
2009-11-14,47,The Call,Matt Kennon,50,5,Gains In Performance
2009-11-14,48,Skinny Dippin',Whitney Duncan,52,15,Gains In Performance
2009-11-14,49,Chasin' Girls,Rodney Atkins,54,3,Gains In Performance
2009-11-14,50,Country Livin',Williams Riley,55,6,Gains In Performance
2009-11-14,51,Smile,Uncle Kracker,57,2,Gains In Performance
2009-11-14,52,Hip To My Heart,The Band Perry,NEW,1,Highest ranking debut|Gains In Performance
2009-11-14,53,Sooner Or Later,Michelle Branch,51,10,
2009-11-14,54,It Did,Blaine Larsen,58,11,Gains In Performance
2009-11-14,55,I Can't Make It Rain,Houston County,59,3,Gains In Performance
2009-11-14,56,"Work Hard, Play Harder",Gretchen Wilson,NEW,1,Gains In Performance
2009-11-14,57,Days You Live For,Mica Roberts,RE,2,Gains In Performance
2009-11-14,58,Gotta Be Somebody,Bucky Covington,NEW,1,Gains In Performance
2009-11-14,59,Jump Then Fall,Taylor Swift,NEW,1,Gains In Performance
2009-11-14,60,There Is A God,Lee Ann Womack,NEW,1,Gains In Performance
2009-11-21,1,Cowboy Casanova,Carrie Underwood,3,10,Gains In Performance
2009-11-21,2,Need You Now,Lady Antebellum,4,13,Gains In Performance
2009-11-21,3,Do I,Luke Bryan,6,29,Gains In Performance
2009-11-21,4,Toes,Zac Brown Band,1,20,
2009-11-21,5,Consider Me Gone,Reba,10,14,Greatest gainer this week|Gains In Performance
2009-11-21,6,Welcome To The Future,Brad Paisley,2,20,
2009-11-21,7,I'm Alive,Kenny Chesney With Dave Matthews,8,16,Gains In Performance
2009-11-21,8,Only You Can Love Me This Way,Keith Urban,5,19,
2009-11-21,9,Fifteen,Taylor Swift,9,11,Gains In Performance
2009-11-21,10,Bonfire,Craig Morgan,11,25,Gains In Performance
2009-11-21,11,I Wanna Make You Close Your Eyes,Dierks Bentley,12,16,Gains In Performance
2009-11-21,12,Red Light,David Nail,13,37,Gains In Performance
2009-11-21,13,Southern Voice,Tim McGraw,14,9,Gains In Performance
2009-11-21,14,All I Ask For Anymore,Trace Adkins,15,27,Gains In Performance
2009-11-21,15,History In The Making,Darius Rucker,16,10,Gains In Performance
2009-11-21,16,White Liar,Miranda Lambert,17,12,Gains In Performance
2009-11-21,17,The Truth,Jason Aldean,21,8,Gains In Performance
2009-11-21,18,Why,Rascal Flatts,18,7,Gains In Performance
2009-11-21,19,I Just Call You Mine,Martina McBride,19,28,Gains In Performance
2009-11-21,20,Twang,George Strait,22,8,Gains In Performance
2009-11-21,21,Eight Second Ride,Jake Owen,23,23,Gains In Performance
2009-11-21,22,That's How Country Boys Roll,Billy Currington,24,9,Gains In Performance
2009-11-21,23,Why Don't We Just Dance,Josh Turner,26,12,Gains In Performance
2009-11-21,24,Hurry Home,Jason Michael Carroll,25,19,Gains In Performance
2009-11-21,25,Cryin' For Me (Wayman's Song),Toby Keith,33,6,Gains In Performance
2009-11-21,26,Today,Gary Allan,27,20,Gains In Performance
2009-11-21,27,Outside My Window,Sarah Buxton,28,19,Gains In Performance
2009-11-21,28,Beer On The Table,Josh Thompson,29,15,Gains In Performance
2009-11-21,29,A Little More Country Than That,Easton Corbin,30,13,Gains In Performance
2009-11-21,30,Didn't You Know How Much I Loved You,Kellie Pickler,31,11,Gains In Performance
2009-11-21,31,Keep On Lovin' You,Steel Magnolia,34,9,Gains In Performance
2009-11-21,32,Sara Smile,Jimmy Wayne Featuring Daryl Hall & John Oates,32,8,Gains In Performance
2009-11-21,33,Backwoods,Justin Moore,36,5,Gains In Performance
2009-11-21,34,Long After I'm Gone,Big Kenny,35,13,Gains In Performance
2009-11-21,35,Hillbilly Bone,Blake Shelton Featuring Trace Adkins,38,4,Gains In Performance
2009-11-21,36,Everywhere I Go,Phil Vassar,37,9,Gains In Performance
2009-11-21,37,Hell On The Heart,Eric Church,40,5,Gains In Performance
2009-11-21,38,Love Like Crazy,Lee Brice,39,12,Gains In Performance
2009-11-21,39,19 And Crazy,Bomshel,42,8,Gains In Performance
2009-11-21,40,Gimmie That Girl,Joe Nichols,41,5,Gains In Performance
2009-11-21,41,American Saturday Night,Brad Paisley,RE,2,Gains In Performance
2009-11-21,42,Whistlin' Dixie,Randy Houser,46,4,Gains In Performance
2009-11-21,43,Love Lives On,Mallary Hope,44,14,Gains In Performance
2009-11-21,44,Stuck,Ash Bowers,43,10,Gains In Performance
2009-11-21,45,The Call,Matt Kennon,47,6,Gains In Performance
2009-11-21,46,How Far Do You Wanna Go?,Gloriana,45,7,Gains In Performance
2009-11-21,47,Country Livin',Williams Riley,50,7,Gains In Performance
2009-11-21,48,Chasin' Girls,Rodney Atkins,49,4,Gains In Performance
2009-11-21,49,Hip To My Heart,The Band Perry,52,2,Gains In Performance
2009-11-21,50,There Is A God,Lee Ann Womack,60,2,Gains In Performance
2009-11-21,51,Skinny Dippin',Whitney Duncan,48,16,
2009-11-21,52,Smile,Uncle Kracker,51,3,Gains In Performance
2009-11-21,53,I Can't Make It Rain,Houston County,55,4,Gains In Performance
2009-11-21,54,Sooner Or Later,Michelle Branch,53,11,
2009-11-21,55,It Did,Blaine Larsen,54,12,
2009-11-21,56,Gotta Be Somebody,Bucky Covington,58,2,Gains In Performance
2009-11-21,57,"Work Hard, Play Harder",Gretchen Wilson,56,2,Gains In Performance
2009-11-21,58,Days You Live For,Mica Roberts,57,3,Gains In Performance
2009-11-21,59,Oughta Be More Songs About That,Montgomery Gentry,NEW,1,Highest ranking debut|Gains In Performance
2009-11-21,60,One More Day,Rocket Club,NEW,1,Gains In Performance
2009-11-28,1,Need You Now,Lady Antebellum,2,14,Gains In Performance
2009-11-28,2,Cowboy Casanova,Carrie Underwood,1,11,
2009-11-28,3,Do I,Luke Bryan,3,30,Gains In Performance
2009-11-28,4,Consider Me Gone,Reba,5,15,Gains In Performance
2009-11-28,5,Toes,Zac Brown Band,4,21,
2009-11-28,6,Bonfire,Craig Morgan,10,26,Greatest gainer this week|Gains In Performance
2009-11-28,7,I'm Alive,Kenny Chesney With Dave Matthews,7,17,Gains In Performance
2009-11-28,8,Fifteen,Taylor Swift,9,12,Gains In Performance
2009-11-28,9,I Wanna Make You Close Your Eyes,Dierks Bentley,11,17,Gains In Performance
2009-11-28,10,Red Light,David Nail,12,38,Gains In Performance
2009-11-28,11,Southern Voice,Tim McGraw,13,10,Gains In Performance
2009-11-28,12,History In The Making,Darius Rucker,15,11,Gains In Performance
2009-11-28,13,White Liar,Miranda Lambert,16,13,Gains In Performance
2009-11-28,14,All I Ask For Anymore,Trace Adkins,14,28,Gains In Performance
2009-11-28,15,The Truth,Jason Aldean,17,9,Gains In Performance
2009-11-28,16,Eight Second Ride,Jake Owen,21,24,Gains In Performance
2009-11-28,17,Twang,George Strait,20,9,Gains In Performance
2009-11-28,18,I Just Call You Mine,Martina McBride,19,29,Gains In Performance
2009-11-28,19,Why,Rascal Flatts,18,8,Gains In Performance
2009-11-28,20,Why Don't We Just Dance,Josh Turner,23,13,Gains In Performance
2009-11-28,21,That's How Country Boys Roll,Billy Currington,22,10,Gains In Performance
2009-11-28,22,Hurry Home,Jason Michael Carroll,24,20,Gains In Performance
2009-11-28,23,Cryin' For Me (Wayman's Song),Toby Keith,25,7,Gains In Performance
2009-11-28,24,Today,Gary Allan,26,21,Gains In Performance
2009-11-28,25,A Little More Country Than That,Easton Corbin,29,14,Gains In Performance
2009-11-28,26,Outside My Window,Sarah Buxton,27,20,Gains In Performance
2009-11-28,27,Beer On The Table,Josh Thompson,28,16,Gains In Performance
2009-11-28,28,Didn't You Know How Much I Loved You,Kellie Pickler,30,12,Gains In Performance
2009-11-28,29,Keep On Lovin' You,Steel Magnolia,31,10,Gains In Performance
2009-11-28,30,American Saturday Night,Brad Paisley,41,3,Gains In Performance
2009-11-28,31,Hillbilly Bone,Blake Shelton Featuring Trace Adkins,35,5,Gains In Performance
2009-11-28,32,Backwoods,Justin Moore,33,6,Gains In Performance
2009-11-28,33,Sara Smile,Jimmy Wayne Featuring Daryl Hall & John Oates,32,9,
2009-11-28,34,Hell On The Heart,Eric Church,37,6,Gains In Performance
2009-11-28,35,Long After I'm Gone,Big Kenny,34,14,
2009-11-28,36,Everywhere I Go,Phil Vassar,36,10,Gains In Performance
2009-11-28,37,Gimmie That Girl,Joe Nichols,40,6,Gains In Performance
2009-11-28,38,Love Like Crazy,Lee Brice,38,13,Gains In Performance
2009-11-28,39,Whistlin' Dixie,Randy Houser,42,5,Gains In Performance
2009-11-28,40,19 And Crazy,Bomshel,39,9,
2009-11-28,41,'Til Summer Comes Around,Keith Urban,NEW,1,Highest ranking debut|Gains In Performance
2009-11-28,42,Love Lives On,Mallary Hope,43,15,Gains In Performance
2009-11-28,43,The Call,Matt Kennon,45,7,Gains In Performance
2009-11-28,44,Stuck,Ash Bowers,44,11,Gains In Performance
2009-11-28,45,How Far Do You Wanna Go?,Gloriana,46,8,Gains In Performance
2009-11-28,46,There Is A God,Lee Ann Womack,50,3,Gains In Performance
2009-11-28,47,Hip To My Heart,The Band Perry,49,3,Gains In Performance
2009-11-28,48,Chasin' Girls,Rodney Atkins,48,5,Gains In Performance
2009-11-28,49,Country Livin',Williams Riley,47,8,
2009-11-28,50,Skinny Dippin',Whitney Duncan,51,17,Gains In Performance
2009-11-28,51,Gotta Be Somebody,Bucky Covington,56,3,Gains In Performance
2009-11-28,52,Smile,Uncle Kracker,52,4,Gains In Performance
2009-11-28,53,Oughta Be More Songs About That,Montgomery Gentry,59,2,Gains In Performance
2009-11-28,54,Highway 20 Ride,Zac Brown Band,NEW,1,Gains In Performance
2009-11-28,55,"Work Hard, Play Harder",Gretchen Wilson,57,3,Gains In Performance
2009-11-28,56,I Can't Make It Rain,Houston County,53,5,
2009-11-28,57,Days You Live For,Mica Roberts,58,4,Gains In Performance
2009-11-28,58,The Man I Want To Be,Chris Young,NEW,1,Gains In Performance
2009-11-28,59,She Won't Be Lonely Long,Clay Walker,NEW,1,Gains In Performance
2009-11-28,60,Over The Next Hill,Brooks & Dunn & Mac Powell,NEW,1,Gains In Performance
2009-12-05,1,Need You Now,Lady Antebellum,1,15,Gains In Performance
2009-12-05,2,Do I,Luke Bryan,3,31,Gains In Performance
2009-12-05,3,Cowboy Casanova,Carrie Underwood,2,12,
2009-12-05,4,Consider Me Gone,Reba,4,16,Gains In Performance
2009-12-05,5,Bonfire,Craig Morgan,6,27,Gains In Performance
2009-12-05,6,I'm Alive,Kenny Chesney With Dave Matthews,7,18,Gains In Performance
2009-12-05,7,I Wanna Make You Close Your Eyes,Dierks Bentley,9,18,Gains In Performance
2009-12-05,8,Fifteen,Taylor Swift,8,13,Gains In Performance
2009-12-05,9,Toes,Zac Brown Band,5,22,
2009-12-05,10,Red Light,David Nail,10,39,Gains In Performance
2009-12-05,11,Southern Voice,Tim McGraw,11,11,Gains In Performance
2009-12-05,12,History In The Making,Darius Rucker,12,12,Gains In Performance
2009-12-05,13,White Liar,Miranda Lambert,13,14,Gains In Performance
2009-12-05,14,The Truth,Jason Aldean,15,10,Gains In Performance
2009-12-05,15,All I Ask For Anymore,Trace Adkins,14,29,Gains In Performance
2009-12-05,16,Eight Second Ride,Jake Owen,16,25,Gains In Performance
2009-12-05,17,Twang,George Strait,17,10,Gains In Performance
2009-12-05,18,Why,Rascal Flatts,19,9,Gains In Performance
2009-12-05,19,Why Don't We Just Dance,Josh Turner,20,14,Gains In Performance
2009-12-05,20,I Just Call You Mine,Martina McBride,18,30,
2009-12-05,21,That's How Country Boys Roll,Billy Currington,21,11,Gains In Performance
2009-12-05,22,Hurry Home,Jason Michael Carroll,22,21,Gains In Performance
2009-12-05,23,Cryin' For Me (Wayman's Song),Toby Keith,23,8,Gains In Performance
2009-12-05,24,American Saturday Night,Brad Paisley,30,4,Greatest gainer this week|Gains In Performance
2009-12-05,25,Today,Gary Allan,24,22,Gains In Performance
2009-12-05,26,A Little More Country Than That,Easton Corbin,25,15,Gains In Performance
2009-12-05,27,Didn't You Know How Much I Loved You,Kellie Pickler,28,13,Gains In Performance
2009-12-05,28,Beer On The Table,Josh Thompson,27,17,Gains In Performance
2009-12-05,29,Outside My Window,Sarah Buxton,26,21,Gains In Performance
2009-12-05,30,Hillbilly Bone,Blake Shelton Featuring Trace Adkins,31,6,Gains In Performance
2009-12-05,31,Keep On Lovin' You,Steel Magnolia,29,11,Gains In Performance
2009-12-05,32,'Til Summer Comes Around,Keith Urban,41,2,Gains In Performance
2009-12-05,33,Sara Smile,Jimmy Wayne Featuring Daryl Hall & John Oates,33,10,Gains In Performance
2009-12-05,34,Backwoods,Justin Moore,32,7,Gains In Performance
2009-12-05,35,Gimmie That Girl,Joe Nichols,37,7,Gains In Performance
2009-12-05,36,Hell On The Heart,Eric Church,34,7,Gains In Performance
2009-12-05,37,Everywhere I Go,Phil Vassar,36,11,Gains In Performance
2009-12-05,38,Long After I'm Gone,Big Kenny,35,15,Gains In Performance
2009-12-05,39,19 And Crazy,Bomshel,40,10,Gains In Performance
2009-12-05,40,Love Like Crazy,Lee Brice,38,14,Gains In Performance
2009-12-05,41,Whistlin' Dixie,Randy Houser,39,6,Gains In Performance
2009-12-05,42,Stuck,Ash Bowers,44,12,Gains In Performance
2009-12-05,43,Love Lives On,Mallary Hope,42,16,Gains In Performance
2009-12-05,44,There Is A God,Lee Ann Womack,46,4,Gains In Performance
2009-12-05,45,Hip To My Heart,The Band Perry,47,4,Gains In Performance
2009-12-05,46,How Far Do You Wanna Go?,Gloriana,45,9,Gains In Performance
2009-12-05,47,The Man I Want To Be,Chris Young,58,2,Gains In Performance
2009-12-05,48,The Call,Matt Kennon,43,8,
2009-12-05,49,Oughta Be More Songs About That,Montgomery Gentry,53,3,Gains In Performance
2009-12-05,50,Chasin' Girls,Rodney Atkins,48,6,Gains In Performance
2009-12-05,51,Country Livin',Williams Riley,49,9,Gains In Performance
2009-12-05,52,Highway 20 Ride,Zac Brown Band,54,2,Gains In Performance
2009-12-05,53,She Won't Be Lonely Long,Clay Walker,59,2,Gains In Performance
2009-12-05,54,Skinny Dippin',Whitney Duncan,50,18,
2009-12-05,55,Smile,Uncle Kracker,52,5,
2009-12-05,56,"Work Hard, Play Harder",Gretchen Wilson,55,4,
2009-12-05,57,Gotta Be Somebody,Bucky Covington,51,4,
2009-12-05,58,Pray For You,Jaron And The Long Road To Love,NEW,1,Highest ranking debut|Gains In Performance
2009-12-05,59,I Can't Make It Rain,Houston County,56,6,
2009-12-05,60,Over The Next Hill,Brooks & Dunn & Mac Powell,60,2,Gains In Performance
2009-12-12,1,Need You Now,Lady Antebellum,1,16,Gains In Performance
2009-12-12,2,Do I,Luke Bryan,2,32,Gains In Performance
2009-12-12,3,Consider Me Gone,Reba,4,17,Gains In Performance
2009-12-12,4,Cowboy Casanova,Carrie Underwood,3,13,
2009-12-12,5,Bonfire,Craig Morgan,5,28,Gains In Performance
2009-12-12,6,I Wanna Make You Close Your Eyes,Dierks Bentley,7,19,Gains In Performance
2009-12-12,7,Fifteen,Taylor Swift,8,14,
2009-12-12,8,Red Light,David Nail,10,40,Gains In Performance
2009-12-12,9,I'm Alive,Kenny Chesney With Dave Matthews,6,19,
2009-12-12,10,Southern Voice,Tim McGraw,11,12,Gains In Performance
2009-12-12,11,White Liar,Miranda Lambert,13,15,Gains In Performance
2009-12-12,12,History In The Making,Darius Rucker,12,13,Gains In Performance
2009-12-12,13,The Truth,Jason Aldean,14,11,Gains In Performance
2009-12-12,14,Eight Second Ride,Jake Owen,16,26,Gains In Performance
2009-12-12,15,All I Ask For Anymore,Trace Adkins,15,30,Gains In Performance
2009-12-12,16,Twang,George Strait,17,11,Gains In Performance
2009-12-12,17,Why Don't We Just Dance,Josh Turner,19,15,Gains In Performance
2009-12-12,18,That's How Country Boys Roll,Billy Currington,21,12,Gains In Performance
2009-12-12,19,Why,Rascal Flatts,18,10,
2009-12-12,20,Hurry Home,Jason Michael Carroll,22,22,Gains In Performance
2009-12-12,21,American Saturday Night,Brad Paisley,24,5,Greatest gainer this week|Gains In Performance
2009-12-12,22,Cryin' For Me (Wayman's Song),Toby Keith,23,9,Gains In Performance
2009-12-12,23,A Little More Country Than That,Easton Corbin,26,16,Gains In Performance
2009-12-12,24,Today,Gary Allan,25,23,Gains In Performance
2009-12-12,25,Didn't You Know How Much I Loved You,Kellie Pickler,27,14,Gains In Performance
2009-12-12,26,Beer On The Table,Josh Thompson,28,18,Gains In Performance
2009-12-12,27,'Til Summer Comes Around,Keith Urban,32,3,Gains In Performance
2009-12-12,28,Keep On Lovin' You,Steel Magnolia,31,12,Gains In Performance
2009-12-12,29,Outside My Window,Sarah Buxton,29,22,Gains In Performance
2009-12-12,30,Hillbilly Bone,Blake Shelton Featuring Trace Adkins,30,7,Gains In Performance
2009-12-12,31,Sara Smile,Jimmy Wayne Featuring Daryl Hall & John Oates,33,11,Gains In Performance
2009-12-12,32,Backwoods,Justin Moore,34,8,Gains In Performance
2009-12-12,33,Hell On The Heart,Eric Church,36,8,Gains In Performance
2009-12-12,34,Gimmie That Girl,Joe Nichols,35,8,Gains In Performance
2009-12-12,35,Whistlin' Dixie,Randy Houser,41,7,Gains In Performance
2009-12-12,36,Everywhere I Go,Phil Vassar,37,12,Gains In Performance
2009-12-12,37,Love Like Crazy,Lee Brice,40,15,Gains In Performance
2009-12-12,38,Long After I'm Gone,Big Kenny,38,16,
2009-12-12,39,19 And Crazy,Bomshel,39,11,Gains In Performance
2009-12-12,40,Hip To My Heart,The Band Perry,45,5,Gains In Performance
2009-12-12,41,How Far Do You Wanna Go?,Gloriana,46,10,Gains In Performance
2009-12-12,42,Love Lives On,Mallary Hope,43,17,Gains In Performance
2009-12-12,43,The Man I Want To Be,Chris Young,47,3,Gains In Performance
2009-12-12,44,There Is A God,Lee Ann Womack,44,5,Gains In Performance
2009-12-12,45,Highway 20 Ride,Zac Brown Band,52,3,Gains In Performance
2009-12-12,46,Stuck,Ash Bowers,42,13,
2009-12-12,47,The Call,Matt Kennon,48,9,Gains In Performance
2009-12-12,48,Temporary Home,Carrie Underwood,NEW,1,Highest ranking debut|Gains In Performance
2009-12-12,49,Oughta Be More Songs About That,Montgomery Gentry,49,4,
2009-12-12,50,Chasin' Girls,Rodney Atkins,50,7,
2009-12-12,51,She Won't Be Lonely Long,Clay Walker,53,3,Gains In Performance
2009-12-12,52,I Can't Make It Rain,Houston County,59,7,Gains In Performance
2009-12-12,53,Country Livin',Williams Riley,51,10,
2009-12-12,54,Smile,Uncle Kracker,55,6,Gains In Performance
2009-12-12,55,Seeing Stars,Jack Ingram Featuring Patty Griffin,RE,2,Gains In Performance
2009-12-12,56,"Work Hard, Play Harder",Gretchen Wilson,56,5,
2009-12-12,57,Gotta Be Somebody,Bucky Covington,57,5,
2009-12-12,58,Days You Live For,Mica Roberts,RE,5,Gains In Performance
2009-12-12,59,Dancing In Circles,Love And Theft,NEW,1,Gains In Performance
2009-12-12,60,Pray For You,Jaron And The Long Road To Love,58,2,
2009-12-19,1,Need You Now,Lady Antebellum,1,17,
2009-12-19,2,Do I,Luke Bryan,2,33,Gains In Performance
2009-12-19,3,Consider Me Gone,Reba,3,18,Gains In Performance
2009-12-19,4,Bonfire,Craig Morgan,5,29,Gains In Performance
2009-12-19,5,I Wanna Make You Close Your Eyes,Dierks Bentley,6,20,Gains In Performance
2009-12-19,6,Cowboy Casanova,Carrie Underwood,4,14,
2009-12-19,7,Red Light,David Nail,8,41,Gains In Performance
2009-12-19,8,Southern Voice,Tim McGraw,10,13,Gains In Performance
2009-12-19,9,Fifteen,Taylor Swift,7,15,
2009-12-19,10,White Liar,Miranda Lambert,11,16,Gains In Performance
2009-12-19,11,History In The Making,Darius Rucker,12,14,Gains In Performance
2009-12-19,12,The Truth,Jason Aldean,13,12,Gains In Performance
2009-12-19,13,Eight Second Ride,Jake Owen,14,27,Gains In Performance
2009-12-19,14,I'm Alive,Kenny Chesney With Dave Matthews,9,20,
2009-12-19,15,All I Ask For Anymore,Trace Adkins,15,31,
2009-12-19,16,Why Don't We Just Dance,Josh Turner,17,16,Gains In Performance
2009-12-19,17,Twang,George Strait,16,12,Gains In Performance
2009-12-19,18,American Saturday Night,Brad Paisley,21,6,Gains In Performance
2009-12-19,19,That's How Country Boys Roll,Billy Currington,18,13,Gains In Performance
2009-12-19,20,Cryin' For Me (Wayman's Song),Toby Keith,22,10,Gains In Performance
2009-12-19,21,Hurry Home,Jason Michael Carroll,20,23,Gains In Performance
2009-12-19,22,Why,Rascal Flatts,19,11,
2009-12-19,23,A Little More Country Than That,Easton Corbin,23,17,Gains In Performance
2009-12-19,24,'Til Summer Comes Around,Keith Urban,27,4,Gains In Performance
2009-12-19,25,Today,Gary Allan,24,24,Gains In Performance
2009-12-19,26,Beer On The Table,Josh Thompson,26,19,Gains In Performance
2009-12-19,27,Hillbilly Bone,Blake Shelton Featuring Trace Adkins,30,8,Gains In Performance
2009-12-19,28,Didn't You Know How Much I Loved You,Kellie Pickler,25,15,Gains In Performance
2009-12-19,29,Outside My Window,Sarah Buxton,29,23,Gains In Performance
2009-12-19,30,Keep On Lovin' You,Steel Magnolia,28,13,Gains In Performance
2009-12-19,31,Backwoods,Justin Moore,32,9,Gains In Performance
2009-12-19,32,Sara Smile,Jimmy Wayne Featuring Daryl Hall & John Oates,31,12,
2009-12-19,33,Hell On The Heart,Eric Church,33,9,Gains In Performance
2009-12-19,34,Gimmie That Girl,Joe Nichols,34,9,Gains In Performance
2009-12-19,35,Highway 20 Ride,Zac Brown Band,45,4,Gains In Performance
2009-12-19,36,Temporary Home,Carrie Underwood,48,2,Gains In Performance
2009-12-19,37,Whistlin' Dixie,Randy Houser,35,8,Gains In Performance
2009-12-19,38,Everywhere I Go,Phil Vassar,36,13,
2009-12-19,39,19 And Crazy,Bomshel,39,12,Gains In Performance
2009-12-19,40,Love Like Crazy,Lee Brice,37,16,
2009-12-19,41,Hip To My Heart,The Band Perry,40,6,Gains In Performance
2009-12-19,42,How Far Do You Wanna Go?,Gloriana,41,11,Gains In Performance
2009-12-19,43,The Call,Matt Kennon,47,10,Gains In Performance
2009-12-19,44,The Man I Want To Be,Chris Young,43,4,Gains In Performance
2009-12-19,45,Love Lives On,Mallary Hope,42,18,
2009-12-19,46,Long After I'm Gone,Big Kenny,38,17,
2009-12-19,47,Stuck,Ash Bowers,46,14,
2009-12-19,48,There Is A God,Lee Ann Womack,44,6,
2009-12-19,49,Oughta Be More Songs About That,Montgomery Gentry,49,5,Gains In Performance
2009-12-19,50,She Won't Be Lonely Long,Clay Walker,51,4,Gains In Performance
2009-12-19,51,Country Livin',Williams Riley,53,11,Gains In Performance
2009-12-19,52,Camouflage And Christmas Lights,Rodney Carrington,NEW,1,Highest ranking debut|Gains In Performance
2009-12-19,53,Chasin' Girls,Rodney Atkins,50,8,
2009-12-19,54,Dancing In Circles,Love And Theft,59,2,Gains In Performance
2009-12-19,55,"Work Hard, Play Harder",Gretchen Wilson,56,6,Gains In Performance
2009-12-19,56,Pray For You,Jaron And The Long Road To Love,60,3,Gains In Performance
2009-12-19,57,I Can't Make It Rain,Houston County,52,8,
2009-12-19,58,Smile,Uncle Kracker,54,7,
2009-12-19,59,Seeing Stars,Jack Ingram Featuring Patty Griffin,55,3,
2009-12-19,60,Candy Cane Christmas,Darius Rucker,NEW,1,Gains In Performance
2009-12-26,1,Need You Now,Lady Antebellum,1,18,
2009-12-26,2,Consider Me Gone,Reba,3,19,Gains In Performance
2009-12-26,3,Do I,Luke Bryan,2,34,
2009-12-26,4,I Wanna Make You Close Your Eyes,Dierks Bentley,5,21,Gains In Performance
2009-12-26,5,Bonfire,Craig Morgan,4,30,
2009-12-26,6,Southern Voice,Tim McGraw,8,14,Gains In Performance
2009-12-26,7,Red Light,David Nail,7,42,
2009-12-26,8,White Liar,Miranda Lambert,10,17,Gains In Performance
2009-12-26,9,The Truth,Jason Aldean,12,13,Gains In Performance
2009-12-26,10,History In The Making,Darius Rucker,11,15,Gains In Performance
2009-12-26,11,Eight Second Ride,Jake Owen,13,28,Gains In Performance
2009-12-26,12,American Saturday Night,Brad Paisley,18,7,Gains In Performance
2009-12-26,13,Why Don't We Just Dance,Josh Turner,16,17,Gains In Performance
2009-12-26,14,That's How Country Boys Roll,Billy Currington,19,14,Gains In Performance
2009-12-26,15,Twang,George Strait,17,13,Gains In Performance
2009-12-26,16,Cryin' For Me (Wayman's Song),Toby Keith,20,11,Gains In Performance
2009-12-26,17,Hurry Home,Jason Michael Carroll,21,24,Gains In Performance
2009-12-26,18,'Til Summer Comes Around,Keith Urban,24,5,Gains In Performance
2009-12-26,19,A Little More Country Than That,Easton Corbin,23,18,Gains In Performance
2009-12-26,20,Hillbilly Bone,Blake Shelton Featuring Trace Adkins,27,9,Gains In Performance
2009-12-26,21,Today,Gary Allan,25,25,Gains In Performance
2009-12-26,22,Beer On The Table,Josh Thompson,26,20,Gains In Performance
2009-12-26,23,Didn't You Know How Much I Loved You,Kellie Pickler,28,16,Gains In Performance
2009-12-26,24,Keep On Lovin' You,Steel Magnolia,30,14,Gains In Performance
2009-12-26,25,Outside My Window,Sarah Buxton,29,24,Gains In Performance
2009-12-26,26,Temporary Home,Carrie Underwood,36,3,Gains In Performance
2009-12-26,27,Backwoods,Justin Moore,31,10,Gains In Performance
2009-12-26,28,Hell On The Heart,Eric Church,33,10,Gains In Performance
2009-12-26,29,Highway 20 Ride,Zac Brown Band,35,5,Gains In Performance
2009-12-26,30,Gimmie That Girl,Joe Nichols,34,10,Gains In Performance
2009-12-26,31,Sara Smile,Jimmy Wayne Featuring Daryl Hall & John Oates,32,13,
2009-12-26,32,Whistlin' Dixie,Randy Houser,37,9,Gains In Performance
2009-12-26,33,19 And Crazy,Bomshel,39,13,Gains In Performance
2009-12-26,34,The Man I Want To Be,Chris Young,44,5,Gains In Performance
2009-12-26,35,Love Like Crazy,Lee Brice,40,17,Gains In Performance
2009-12-26,36,Everywhere I Go,Phil Vassar,38,14,
2009-12-26,37,How Far Do You Wanna Go?,Gloriana,42,12,Gains In Performance
2009-12-26,38,Hip To My Heart,The Band Perry,41,7,
2009-12-26,39,Camouflage And Christmas Lights,Rodney Carrington,52,2,Gains In Performance
2009-12-26,40,The Call,Matt Kennon,43,11,
2009-12-26,41,There Is A God,Lee Ann Womack,48,7,Gains In Performance
2009-12-26,42,Love Lives On,Mallary Hope,45,19,
2009-12-26,43,Dancing In Circles,Love And Theft,54,3,Gains In Performance
2009-12-26,44,She Won't Be Lonely Long,Clay Walker,50,5,Gains In Performance
2009-12-26,45,Oughta Be More Songs About That,Montgomery Gentry,49,6,
2009-12-26,46,"Work Hard, Play Harder",Gretchen Wilson,55,7,Gains In Performance
2009-12-26,47,Candy Cane Christmas,Darius Rucker,60,2,Gains In Performance
2009-12-26,48,Country Livin',Williams Riley,51,12,
2009-12-26,49,I Can't Make It Rain,Houston County,57,9,Gains In Performance
2009-12-26,50,It's Just That Way,Alan Jackson,NEW,1,Highest ranking debut|Gains In Performance
2009-12-26,51,Rockin' The Beer Gut (Holla Day Version),Trailer Choir,NEW,1,Gains In Performance
2009-12-26,52,Smile,Uncle Kracker,58,8,Gains In Performance
2009-12-26,53,Pray For You,Jaron And The Long Road To Love,56,4,
2009-12-26,54,Seeing Stars,Jack Ingram Featuring Patty Griffin,59,4,
2009-12-26,55,My Best Days Are Ahead Of Me,Danny Gokey,NEW,1,Gains In Performance
2009-12-26,56,Look Who's Back In Love,Jonathan Singleton & The Grove,NEW,1,Gains In Performance
2009-12-26,57,One More Day,Rocket Club,RE,2,Gains In Performance
2009-12-26,58,Gotta Be Somebody,Bucky Covington,RE,6,
2009-12-26,59,Merry Swiftmas (Even Though I Celebrate Chanukah),Evan Taubenfeld,NEW,1,Gains In Performance
2009-12-26,60,Over The Next Hill,Brooks & Dunn & Mac Powell,RE,3,
2010-01-02,1,Consider Me Gone,Reba,2,20,Gains In Performance
2010-01-02,2,Need You Now,Lady Antebellum,1,19,
2010-01-02,3,Do I,Luke Bryan,3,35,
2010-01-02,4,I Wanna Make You Close Your Eyes,Dierks Bentley,4,22,Gains In Performance
2010-01-02,5,Southern Voice,Tim McGraw,6,15,Gains In Performance
2010-01-02,6,White Liar,Miranda Lambert,8,18,Gains In Performance
2010-01-02,7,Bonfire,Craig Morgan,5,31,
2010-01-02,8,The Truth,Jason Aldean,9,14,Gains In Performance
2010-01-02,9,Red Light,David Nail,7,43,
2010-01-02,10,History In The Making,Darius Rucker,10,16,Gains In Performance
2010-01-02,11,Why Don't We Just Dance,Josh Turner,13,18,Gains In Performance
2010-01-02,12,American Saturday Night,Brad Paisley,12,8,Gains In Performance
2010-01-02,13,Eight Second Ride,Jake Owen,11,29,Gains In Performance
2010-01-02,14,That's How Country Boys Roll,Billy Currington,14,15,Gains In Performance
2010-01-02,15,Twang,George Strait,15,14,Gains In Performance
2010-01-02,16,Cryin' For Me (Wayman's Song),Toby Keith,16,12,Gains In Performance
2010-01-02,17,Hurry Home,Jason Michael Carroll,17,25,Gains In Performance
2010-01-02,18,'Til Summer Comes Around,Keith Urban,18,6,Gains In Performance
2010-01-02,19,A Little More Country Than That,Easton Corbin,19,19,Gains In Performance
2010-01-02,20,Hillbilly Bone,Blake Shelton Featuring Trace Adkins,20,10,Gains In Performance
2010-01-02,21,Temporary Home,Carrie Underwood,26,4,Greatest gainer this week|Gains In Performance
2010-01-02,22,Today,Gary Allan,21,26,
2010-01-02,23,Didn't You Know How Much I Loved You,Kellie Pickler,23,17,Gains In Performance
2010-01-02,24,Beer On The Table,Josh Thompson,22,21,
2010-01-02,25,Keep On Lovin' You,Steel Magnolia,24,15,Gains In Performance
2010-01-02,26,Outside My Window,Sarah Buxton,25,25,
2010-01-02,27,Highway 20 Ride,Zac Brown Band,29,6,Gains In Performance
2010-01-02,28,Backwoods,Justin Moore,27,11,Gains In Performance
2010-01-02,29,Hell On The Heart,Eric Church,28,11,Gains In Performance
2010-01-02,30,Gimmie That Girl,Joe Nichols,30,11,Gains In Performance
2010-01-02,31,Camouflage And Christmas Lights,Rodney Carrington,39,3,Gains In Performance
2010-01-02,32,Whistlin' Dixie,Randy Houser,32,10,Gains In Performance
2010-01-02,33,The Man I Want To Be,Chris Young,34,6,Gains In Performance
2010-01-02,34,Hip To My Heart,The Band Perry,38,8,Gains In Performance
2010-01-02,35,Love Like Crazy,Lee Brice,35,18,
2010-01-02,36,Sara Smile,Jimmy Wayne Featuring Daryl Hall & John Oates,31,14,
2010-01-02,37,Everywhere I Go,Phil Vassar,36,15,
2010-01-02,38,19 And Crazy,Bomshel,33,14,
2010-01-02,39,Candy Cane Christmas,Darius Rucker,47,3,Gains In Performance
2010-01-02,40,There Is A God,Lee Ann Womack,41,8,Gains In Performance
2010-01-02,41,Dancing In Circles,Love And Theft,43,4,Gains In Performance
2010-01-02,42,It's Just That Way,Alan Jackson,50,2,Gains In Performance
2010-01-02,43,How Far Do You Wanna Go?,Gloriana,37,13,
2010-01-02,44,She Won't Be Lonely Long,Clay Walker,44,6,Gains In Performance
2010-01-02,45,The Call,Matt Kennon,40,12,
2010-01-02,46,Love Lives On,Mallary Hope,42,20,Gains In Performance
2010-01-02,47,American Honey,Lady Antebellum,NEW,1,Highest ranking debut|Gains In Performance
2010-01-02,48,Oughta Be More Songs About That,Montgomery Gentry,45,7,Gains In Performance
2010-01-02,49,"Work Hard, Play Harder",Gretchen Wilson,46,8,Gains In Performance
2010-01-02,50,Fearless,Taylor Swift,NEW,1,Gains In Performance
2010-01-02,51,Rockin' The Beer Gut (Holla Day Version),Trailer Choir,51,2,Gains In Performance
2010-01-02,52,My Best Days Are Ahead Of Me,Danny Gokey,55,2,Gains In Performance
2010-01-02,53,Smile,Uncle Kracker,52,9,Gains In Performance
2010-01-02,54,I Want A Hippopotamas For Christmas,Gretchen Wilson,NEW,1,Gains In Performance
2010-01-02,55,I Can't Make It Rain,Houston County,49,10,
2010-01-02,56,One More Day,Rocket Club,57,3,Gains In Performance
2010-01-02,57,Pray For You,Jaron And The Long Road To Love,53,5,Gains In Performance
2010-01-02,58,Country Livin',Williams Riley,48,13,
2010-01-02,59,Look Who's Back In Love,Jonathan Singleton & The Grove,56,2,
2010-01-02,60,Seeing Stars,Jack Ingram Featuring Patty Griffin,54,5,
2010-01-09,1,Consider Me Gone,Reba,1,21,
2010-01-09,2,Need You Now,Lady Antebellum,2,20,
2010-01-09,3,I Wanna Make You Close Your Eyes,Dierks Bentley,4,23,
2010-01-09,4,Southern Voice,Tim McGraw,5,16,
2010-01-09,5,Do I,Luke Bryan,3,36,
2010-01-09,6,White Liar,Miranda Lambert,6,19,
2010-01-09,7,The Truth,Jason Aldean,8,15,
2010-01-09,8,History In The Making,Darius Rucker,10,17,
2010-01-09,9,Red Light,David Nail,9,44,
2010-01-09,10,Why Don't We Just Dance,Josh Turner,11,19,
2010-01-09,11,Bonfire,Craig Morgan,7,32,
2010-01-09,12,American Saturday Night,Brad Paisley,12,9,
2010-01-09,13,Eight Second Ride,Jake Owen,13,30,
2010-01-09,14,That's How Country Boys Roll,Billy Currington,14,16,
2010-01-09,15,Cryin' For Me (Wayman's Song),Toby Keith,16,13,
2010-01-09,16,Twang,George Strait,15,15,
2010-01-09,17,'Til Summer Comes Around,Keith Urban,18,7,
2010-01-09,18,Hurry Home,Jason Michael Carroll,17,26,
2010-01-09,19,Temporary Home,Carrie Underwood,21,5,Gains In Performance
2010-01-09,20,A Little More Country Than That,Easton Corbin,19,20,
2010-01-09,21,Hillbilly Bone,Blake Shelton Featuring Trace Adkins,20,11,
2010-01-09,22,Today,Gary Allan,22,27,
2010-01-09,23,Didn't You Know How Much I Loved You,Kellie Pickler,23,18,
2010-01-09,24,Beer On The Table,Josh Thompson,24,22,
2010-01-09,25,Keep On Lovin' You,Steel Magnolia,25,16,
2010-01-09,26,Highway 20 Ride,Zac Brown Band,27,7,Gains In Performance
2010-01-09,27,Outside My Window,Sarah Buxton,26,26,
2010-01-09,28,Backwoods,Justin Moore,28,12,
2010-01-09,29,Hell On The Heart,Eric Church,29,12,
2010-01-09,30,Gimmie That Girl,Joe Nichols,30,12,
2010-01-09,31,Camouflage And Christmas Lights,Rodney Carrington,31,4,Gains In Performance
2010-01-09,32,Candy Cane Christmas,Darius Rucker,39,4,Greatest gainer this week|Gains In Performance
2010-01-09,33,The Man I Want To Be,Chris Young,33,7,Gains In Performance
2010-01-09,34,Whistlin' Dixie,Randy Houser,32,11,
2010-01-09,35,Hip To My Heart,The Band Perry,34,9,Gains In Performance
2010-01-09,36,Love Like Crazy,Lee Brice,35,19,
2010-01-09,37,It's Just That Way,Alan Jackson,42,3,Gains In Performance
2010-01-09,38,American Honey,Lady Antebellum,47,2,Gains In Performance
2010-01-09,39,How Far Do You Wanna Go?,Gloriana,43,14,Gains In Performance
2010-01-09,40,19 And Crazy,Bomshel,38,15,
2010-01-09,41,There Is A God,Lee Ann Womack,40,9,Gains In Performance
2010-01-09,42,Dancing In Circles,Love And Theft,41,5,
2010-01-09,43,Fearless,Taylor Swift,50,2,Gains In Performance
2010-01-09,44,She Won't Be Lonely Long,Clay Walker,44,7,
2010-01-09,45,Everywhere I Go,Phil Vassar,37,16,
2010-01-09,46,Oughta Be More Songs About That,Montgomery Gentry,48,8,
2010-01-09,47,I Want A Hippopotamas For Christmas,Gretchen Wilson,54,2,Gains In Performance
2010-01-09,48,Love Lives On,Mallary Hope,46,21,
2010-01-09,49,The Call,Matt Kennon,45,13,
2010-01-09,50,Sara Smile,Jimmy Wayne Featuring Daryl Hall & John Oates,36,15,
2010-01-09,51,"Work Hard, Play Harder",Gretchen Wilson,49,9,
2010-01-09,52,Rockin' The Beer Gut (Holla Day Version),Trailer Choir,51,3,Gains In Performance
2010-01-09,53,My Best Days Are Ahead Of Me,Danny Gokey,52,3,
2010-01-09,54,Country Livin',Williams Riley,58,14,
2010-01-09,55,"Baby, It's Cold Outside",Willie Nelson Featuring Norah Jones,NEW,1,Highest ranking debut|Gains In Performance
2010-01-09,56,Unstoppable,Rascal Flatts,NEW,1,Gains In Performance
2010-01-09,57,Smile,Uncle Kracker,53,10,
2010-01-09,58,One More Day,Rocket Club,56,4,
2010-01-09,59,I Can't Make It Rain,Houston County,55,11,
2010-01-09,60,Gold And Green,Sugarland,NEW,1,Gains In Performance
2010-01-16,1,Consider Me Gone,Reba,1,22,Gains In Performance
2010-01-16,2,Need You Now,Lady Antebellum,2,21,Gains In Performance
2010-01-16,3,I Wanna Make You Close Your Eyes,Dierks Bentley,3,24,Gains In Performance
2010-01-16,4,Southern Voice,Tim McGraw,4,17,Gains In Performance
2010-01-16,5,Do I,Luke Bryan,5,37,Gains In Performance
2010-01-16,6,White Liar,Miranda Lambert,6,20,Gains In Performance
2010-01-16,7,The Truth,Jason Aldean,7,16,Gains In Performance
2010-01-16,8,History In The Making,Darius Rucker,8,18,Greatest gainer this week|Gains In Performance
2010-01-16,9,Why Don't We Just Dance,Josh Turner,10,20,Gains In Performance
2010-01-16,10,American Saturday Night,Brad Paisley,12,10,Gains In Performance
2010-01-16,11,Red Light,David Nail,9,45,Gains In Performance
2010-01-16,12,Eight Second Ride,Jake Owen,13,31,Gains In Performance
2010-01-16,13,That's How Country Boys Roll,Billy Currington,14,17,Gains In Performance
2010-01-16,14,Cryin' For Me (Wayman's Song),Toby Keith,15,14,Gains In Performance
2010-01-16,15,'Til Summer Comes Around,Keith Urban,17,8,Gains In Performance
2010-01-16,16,Twang,George Strait,16,16,Gains In Performance
2010-01-16,17,Temporary Home,Carrie Underwood,19,6,Gains In Performance
2010-01-16,18,Hurry Home,Jason Michael Carroll,18,27,Gains In Performance
2010-01-16,19,A Little More Country Than That,Easton Corbin,20,21,Gains In Performance
2010-01-16,20,Hillbilly Bone,Blake Shelton Featuring Trace Adkins,21,12,Gains In Performance
2010-01-16,21,Didn't You Know How Much I Loved You,Kellie Pickler,23,19,Gains In Performance
2010-01-16,22,Beer On The Table,Josh Thompson,24,23,Gains In Performance
2010-01-16,23,Today,Gary Allan,22,28,Gains In Performance
2010-01-16,24,Highway 20 Ride,Zac Brown Band,26,8,Gains In Performance
2010-01-16,25,Keep On Lovin' You,Steel Magnolia,25,17,Gains In Performance
2010-01-16,26,Outside My Window,Sarah Buxton,27,27,Gains In Performance
2010-01-16,27,Backwoods,Justin Moore,28,13,Gains In Performance
2010-01-16,28,Hell On The Heart,Eric Church,29,13,Gains In Performance
2010-01-16,29,Gimmie That Girl,Joe Nichols,30,13,Gains In Performance
2010-01-16,30,American Honey,Lady Antebellum,38,3,Gains In Performance
2010-01-16,31,The Man I Want To Be,Chris Young,33,8,Gains In Performance
2010-01-16,32,It's Just That Way,Alan Jackson,37,4,Gains In Performance
2010-01-16,33,Fearless,Taylor Swift,43,3,Gains In Performance
2010-01-16,34,Whistlin' Dixie,Randy Houser,34,12,Gains In Performance
2010-01-16,35,Hip To My Heart,The Band Perry,35,10,Gains In Performance
2010-01-16,36,How Far Do You Wanna Go?,Gloriana,39,15,Gains In Performance
2010-01-16,37,Love Like Crazy,Lee Brice,36,20,Gains In Performance
2010-01-16,38,Dancing In Circles,Love And Theft,42,6,Gains In Performance
2010-01-16,39,19 And Crazy,Bomshel,40,16,Gains In Performance
2010-01-16,40,There Is A God,Lee Ann Womack,41,10,Gains In Performance
2010-01-16,41,Oughta Be More Songs About That,Montgomery Gentry,46,9,Gains In Performance
2010-01-16,42,She Won't Be Lonely Long,Clay Walker,44,8,Gains In Performance
2010-01-16,43,The Call,Matt Kennon,49,14,Gains In Performance
2010-01-16,44,Unstoppable,Rascal Flatts,56,2,Gains In Performance
2010-01-16,45,Everywhere I Go,Phil Vassar,45,17,Gains In Performance
2010-01-16,46,"Work Hard, Play Harder",Gretchen Wilson,51,10,Gains In Performance
2010-01-16,47,Love Lives On,Mallary Hope,48,22,Gains In Performance
2010-01-16,48,My Best Days Are Ahead Of Me,Danny Gokey,53,4,Gains In Performance
2010-01-16,49,Country Livin',Williams Riley,54,15,Gains In Performance
2010-01-16,50,I Can't Make It Rain,Houston County,59,12,Gains In Performance
2010-01-16,51,One More Day,Rocket Club,58,5,Gains In Performance
2010-01-16,52,Look Who's Back In Love,Jonathan Singleton & The Grove,RE,3,Gains In Performance
2010-01-16,53,Smile,Uncle Kracker,57,11,
2010-01-16,54,Jackson Hole,James Wesley,NEW,1,Highest ranking debut|Gains In Performance
2010-01-16,55,Over The Next Hill,Brooks & Dunn & Mac Powell,RE,4,Gains In Performance
2010-01-16,56,Pray For You,Jaron And The Long Road To Love,RE,6,Gains In Performance
2010-01-16,57,I Gotta Get To You,George Strait,NEW,1,Gains In Performance
2010-01-16,58,Ala-Freakin-Bama,Trace Adkins,NEW,1,Gains In Performance
2010-01-16,59,Seeing Stars,Jack Ingram Featuring Patty Griffin,RE,6,Gains In Performance
2010-01-16,60,One More Drinkin' Song,Jerrod Niemann,NEW,1,Gains In Performance
2010-01-23,1,Consider Me Gone,Reba,1,23,
2010-01-23,2,I Wanna Make You Close Your Eyes,Dierks Bentley,3,25,Gains In Performance
2010-01-23,3,Southern Voice,Tim McGraw,4,18,Gains In Performance
2010-01-23,4,White Liar,Miranda Lambert,6,21,Gains In Performance
2010-01-23,5,Need You Now,Lady Antebellum,2,22,
2010-01-23,6,The Truth,Jason Aldean,7,17,Greatest gainer this week|Gains In Performance
2010-01-23,7,Do I,Luke Bryan,5,38,
2010-01-23,8,History In The Making,Darius Rucker,8,19,Gains In Performance
2010-01-23,9,Why Don't We Just Dance,Josh Turner,9,21,Gains In Performance
2010-01-23,10,American Saturday Night,Brad Paisley,10,11,Gains In Performance
2010-01-23,11,That's How Country Boys Roll,Billy Currington,13,18,Gains In Performance
2010-01-23,12,Eight Second Ride,Jake Owen,12,32,Gains In Performance
2010-01-23,13,Cryin' For Me (Wayman's Song),Toby Keith,14,15,Gains In Performance
2010-01-23,14,'Til Summer Comes Around,Keith Urban,15,9,Gains In Performance
2010-01-23,15,Twang,George Strait,16,17,Gains In Performance
2010-01-23,16,Temporary Home,Carrie Underwood,17,7,Gains In Performance
2010-01-23,17,Hurry Home,Jason Michael Carroll,18,28,Gains In Performance
2010-01-23,18,Hillbilly Bone,Blake Shelton Featuring Trace Adkins,20,13,Gains In Performance
2010-01-23,19,A Little More Country Than That,Easton Corbin,19,22,Gains In Performance
2010-01-23,20,Highway 20 Ride,Zac Brown Band,24,9,Gains In Performance
2010-01-23,21,Didn't You Know How Much I Loved You,Kellie Pickler,21,20,Gains In Performance
2010-01-23,22,Today,Gary Allan,23,29,Gains In Performance
2010-01-23,23,Beer On The Table,Josh Thompson,22,24,Gains In Performance
2010-01-23,24,Keep On Lovin' You,Steel Magnolia,25,18,Gains In Performance
2010-01-23,25,Outside My Window,Sarah Buxton,26,28,Gains In Performance
2010-01-23,26,Backwoods,Justin Moore,27,14,Gains In Performance
2010-01-23,27,American Honey,Lady Antebellum,30,4,Gains In Performance
2010-01-23,28,Hell On The Heart,Eric Church,28,14,Gains In Performance
2010-01-23,29,Fearless,Taylor Swift,33,4,Gains In Performance
2010-01-23,30,Gimmie That Girl,Joe Nichols,29,14,Gains In Performance
2010-01-23,31,The Man I Want To Be,Chris Young,31,9,Gains In Performance
2010-01-23,32,It's Just That Way,Alan Jackson,32,5,Gains In Performance
2010-01-23,33,Whistlin' Dixie,Randy Houser,34,13,Gains In Performance
2010-01-23,34,Love Like Crazy,Lee Brice,37,21,Gains In Performance
2010-01-23,35,Dancing In Circles,Love And Theft,38,7,Gains In Performance
2010-01-23,36,How Far Do You Wanna Go?,Gloriana,36,16,Gains In Performance
2010-01-23,37,Hip To My Heart,The Band Perry,35,11,
2010-01-23,38,Unstoppable,Rascal Flatts,44,3,Gains In Performance
2010-01-23,39,19 And Crazy,Bomshel,39,17,Gains In Performance
2010-01-23,40,There Is A God,Lee Ann Womack,40,11,Gains In Performance
2010-01-23,41,She Won't Be Lonely Long,Clay Walker,42,9,Gains In Performance
2010-01-23,42,Oughta Be More Songs About That,Montgomery Gentry,41,10,
2010-01-23,43,"Work Hard, Play Harder",Gretchen Wilson,46,11,Gains In Performance
2010-01-23,44,The Call,Matt Kennon,43,15,Gains In Performance
2010-01-23,45,Love Lives On,Mallary Hope,47,23,
2010-01-23,46,Everywhere I Go,Phil Vassar,45,18,
2010-01-23,47,My Best Days Are Ahead Of Me,Danny Gokey,48,5,
2010-01-23,48,Country Livin',Williams Riley,49,16,Gains In Performance
2010-01-23,49,Ala-Freakin-Bama,Trace Adkins,58,2,Gains In Performance
2010-01-23,50,This Is Our Moment,Kenny Chesney,NEW,1,Highest ranking debut|Gains In Performance
2010-01-23,51,Chasin' Girls,Rodney Atkins,RE,9,
2010-01-23,52,One More Day,Rocket Club,51,6,
2010-01-23,53,I Can't Make It Rain,Houston County,50,13,
2010-01-23,54,Smile,Uncle Kracker,53,12,Gains In Performance
2010-01-23,55,Jackson Hole,James Wesley,54,2,Gains In Performance
2010-01-23,56,Look Who's Back In Love,Jonathan Singleton & The Grove,52,4,Gains In Performance
2010-01-23,57,Pray For You,Jaron And The Long Road To Love,56,7,Gains In Performance
2010-01-23,58,Over The Next Hill,Brooks & Dunn & Mac Powell,55,5,Gains In Performance
2010-01-23,59,Cold Beer,Colt Ford Featuring Jamey Johnson,NEW,1,Gains In Performance
2010-01-23,60,Rain Is A Good Thing,Luke Bryan,NEW,1,Gains In Performance
2010-01-30,1,Southern Voice,Tim McGraw,3,19,Gains In Performance
2010-01-30,2,I Wanna Make You Close Your Eyes,Dierks Bentley,2,26,Gains In Performance
2010-01-30,3,The Truth,Jason Aldean,6,18,Gains In Performance
2010-01-30,4,White Liar,Miranda Lambert,4,22,Gains In Performance
2010-01-30,5,Consider Me Gone,Reba,1,24,
2010-01-30,6,Need You Now,Lady Antebellum,5,23,
2010-01-30,7,History In The Making,Darius Rucker,8,20,Gains In Performance
2010-01-30,8,American Saturday Night,Brad Paisley,10,12,Gains In Performance
2010-01-30,9,Why Don't We Just Dance,Josh Turner,9,22,Gains In Performance
2010-01-30,10,That's How Country Boys Roll,Billy Currington,11,19,Gains In Performance
2010-01-30,11,Cryin' For Me (Wayman's Song),Toby Keith,13,16,Gains In Performance
2010-01-30,12,'Til Summer Comes Around,Keith Urban,14,10,Gains In Performance
2010-01-30,13,Temporary Home,Carrie Underwood,16,8,Gains In Performance
2010-01-30,14,Twang,George Strait,15,18,Gains In Performance
2010-01-30,15,Hurry Home,Jason Michael Carroll,17,29,Gains In Performance
2010-01-30,16,Hillbilly Bone,Blake Shelton Featuring Trace Adkins,18,14,Gains In Performance
2010-01-30,17,A Little More Country Than That,Easton Corbin,19,23,Gains In Performance
2010-01-30,18,Highway 20 Ride,Zac Brown Band,20,10,Gains In Performance
2010-01-30,19,Didn't You Know How Much I Loved You,Kellie Pickler,21,21,Gains In Performance
2010-01-30,20,Fearless,Taylor Swift,29,5,Greatest gainer this week|Gains In Performance
2010-01-30,21,Today,Gary Allan,22,30,Gains In Performance
2010-01-30,22,Beer On The Table,Josh Thompson,23,25,Gains In Performance
2010-01-30,23,American Honey,Lady Antebellum,27,5,Gains In Performance
2010-01-30,24,Keep On Lovin' You,Steel Magnolia,24,19,Gains In Performance
2010-01-30,25,Backwoods,Justin Moore,26,15,Gains In Performance
2010-01-30,26,Hell On The Heart,Eric Church,28,15,Gains In Performance
2010-01-30,27,Outside My Window,Sarah Buxton,25,29,Gains In Performance
2010-01-30,28,Gimmie That Girl,Joe Nichols,30,15,Gains In Performance
2010-01-30,29,The Man I Want To Be,Chris Young,31,10,Gains In Performance
2010-01-30,30,It's Just That Way,Alan Jackson,32,6,Gains In Performance
2010-01-30,31,Unstoppable,Rascal Flatts,38,4,Gains In Performance
2010-01-30,32,Whistlin' Dixie,Randy Houser,33,14,Gains In Performance
2010-01-30,33,Love Like Crazy,Lee Brice,34,22,Gains In Performance
2010-01-30,34,Dancing In Circles,Love And Theft,35,8,Gains In Performance
2010-01-30,35,Hip To My Heart,The Band Perry,37,12,Gains In Performance
2010-01-30,36,How Far Do You Wanna Go?,Gloriana,36,17,Gains In Performance
2010-01-30,37,19 And Crazy,Bomshel,39,18,Gains In Performance
2010-01-30,38,There Is A God,Lee Ann Womack,40,12,Gains In Performance
2010-01-30,39,She Won't Be Lonely Long,Clay Walker,41,10,Gains In Performance
2010-01-30,40,Oughta Be More Songs About That,Montgomery Gentry,42,11,
2010-01-30,41,"Work Hard, Play Harder",Gretchen Wilson,43,12,
2010-01-30,42,The Call,Matt Kennon,44,16,
2010-01-30,43,My Best Days Are Ahead Of Me,Danny Gokey,47,6,Gains In Performance
2010-01-30,44,Everywhere I Go,Phil Vassar,46,19,
2010-01-30,45,Country Livin',Williams Riley,48,17,
2010-01-30,46,This Is Our Moment,Kenny Chesney,50,2,Gains In Performance
2010-01-30,47,Look Who's Back In Love,Jonathan Singleton & The Grove,56,5,Gains In Performance
2010-01-30,48,I Can't Make It Rain,Houston County,53,14,Gains In Performance
2010-01-30,49,One More Day,Rocket Club,52,7,
2010-01-30,50,Jackson Hole,James Wesley,55,3,Gains In Performance
2010-01-30,51,Rain Is A Good Thing,Luke Bryan,60,2,Gains In Performance
2010-01-30,52,This Ain't Nothin',Craig Morgan,NEW,1,Highest ranking debut|Gains In Performance
2010-01-30,53,Pray For You,Jaron And The Long Road To Love,57,8,Gains In Performance
2010-01-30,54,Cold Beer,Colt Ford Featuring Jamey Johnson,59,2,Gains In Performance
2010-01-30,55,Over The Next Hill,Brooks & Dunn & Mac Powell,58,6,Gains In Performance
2010-01-30,56,I Gotta Get To You,George Strait,RE,2,Gains In Performance
2010-01-30,57,Smile,Uncle Kracker,54,13,
2010-01-30,58,Stay Here Forever,Jewel,NEW,1,Gains In Performance
2010-01-30,59,Ala-Freakin-Bama,Trace Adkins,49,3,
2010-01-30,60,Mr. Goodtime,Colt Ford,NEW,1,
2010-02-06,1,The Truth,Jason Aldean,3,19,Gains In Performance
2010-02-06,2,White Liar,Miranda Lambert,4,23,Gains In Performance
2010-02-06,3,Southern Voice,Tim McGraw,1,20,
2010-02-06,4,I Wanna Make You Close Your Eyes,Dierks Bentley,2,27,
2010-02-06,5,American Saturday Night,Brad Paisley,8,13,Gains In Performance
2010-02-06,6,History In The Making,Darius Rucker,7,21,Gains In Performance
2010-02-06,7,Why Don't We Just Dance,Josh Turner,9,23,Gains In Performance
2010-02-06,8,Consider Me Gone,Reba,5,25,
2010-02-06,9,That's How Country Boys Roll,Billy Currington,10,20,Gains In Performance
2010-02-06,10,Cryin' For Me (Wayman's Song),Toby Keith,11,17,Gains In Performance
2010-02-06,11,Temporary Home,Carrie Underwood,13,9,Gains In Performance
2010-02-06,12,'Til Summer Comes Around,Keith Urban,12,11,Gains In Performance
2010-02-06,13,Hillbilly Bone,Blake Shelton Featuring Trace Adkins,16,15,Gains In Performance
2010-02-06,14,A Little More Country Than That,Easton Corbin,17,24,Gains In Performance
2010-02-06,15,Hurry Home,Jason Michael Carroll,15,30,Gains In Performance
2010-02-06,16,Twang,George Strait,14,19,
2010-02-06,17,Highway 20 Ride,Zac Brown Band,18,11,Gains In Performance
2010-02-06,18,Fearless,Taylor Swift,20,6,Gains In Performance
2010-02-06,19,Didn't You Know How Much I Loved You,Kellie Pickler,19,22,Gains In Performance
2010-02-06,20,American Honey,Lady Antebellum,23,6,Gains In Performance
2010-02-06,21,Today,Gary Allan,21,31,Gains In Performance
2010-02-06,22,Keep On Lovin' You,Steel Magnolia,24,20,Gains In Performance
2010-02-06,23,Beer On The Table,Josh Thompson,22,26,Gains In Performance
2010-02-06,24,Backwoods,Justin Moore,25,16,Gains In Performance
2010-02-06,25,Hell On The Heart,Eric Church,26,16,Gains In Performance
2010-02-06,26,Unstoppable,Rascal Flatts,31,5,Gains In Performance
2010-02-06,27,Gimmie That Girl,Joe Nichols,28,16,Gains In Performance
2010-02-06,28,Outside My Window,Sarah Buxton,27,30,
2010-02-06,29,It's Just That Way,Alan Jackson,30,7,Gains In Performance
2010-02-06,30,The Man I Want To Be,Chris Young,29,11,Gains In Performance
2010-02-06,31,Whistlin' Dixie,Randy Houser,32,15,Gains In Performance
2010-02-06,32,Hip To My Heart,The Band Perry,35,13,Gains In Performance
2010-02-06,33,Dancing In Circles,Love And Theft,34,9,Gains In Performance
2010-02-06,34,Love Like Crazy,Lee Brice,33,23,
2010-02-06,35,She Won't Be Lonely Long,Clay Walker,39,11,Gains In Performance
2010-02-06,36,19 And Crazy,Bomshel,37,19,Gains In Performance
2010-02-06,37,There Is A God,Lee Ann Womack,38,13,Gains In Performance
2010-02-06,38,How Far Do You Wanna Go?,Gloriana,36,18,
2010-02-06,39,The Call,Matt Kennon,42,17,Gains In Performance
2010-02-06,40,"Work Hard, Play Harder",Gretchen Wilson,41,13,Gains In Performance
2010-02-06,41,My Best Days Are Ahead Of Me,Danny Gokey,43,7,Gains In Performance
2010-02-06,42,This Ain't Nothin',Craig Morgan,52,2,Gains In Performance
2010-02-06,43,Country Livin',Williams Riley,45,18,Gains In Performance
2010-02-06,44,Rain Is A Good Thing,Luke Bryan,51,3,Gains In Performance
2010-02-06,45,Jackson Hole,James Wesley,50,4,Gains In Performance
2010-02-06,46,Pray For You,Jaron And The Long Road To Love,53,9,Gains In Performance
2010-02-06,47,Stay Here Forever,Jewel,58,2,Gains In Performance
2010-02-06,48,This Is Our Moment,Kenny Chesney,46,3,Gains In Performance
2010-02-06,49,I Can't Make It Rain,Houston County,48,15,Gains In Performance
2010-02-06,50,Look Who's Back In Love,Jonathan Singleton & The Grove,47,6,
2010-02-06,51,Wrong Baby Wrong,Martina McBride,NEW,1,Highest ranking debut|Gains In Performance
2010-02-06,52,Today Was A Fairytale,Taylor Swift,NEW,1,Gains In Performance
2010-02-06,53,Cold Beer,Colt Ford Featuring Jamey Johnson,54,3,Gains In Performance
2010-02-06,54,Smile,Uncle Kracker,57,14,Gains In Performance
2010-02-06,55,Over The Next Hill,Brooks & Dunn & Mac Powell,55,7,Gains In Performance
2010-02-06,56,I Gotta Get To You,George Strait,56,3,
2010-02-06,57,I Keep On Loving You,Reba,NEW,1,Gains In Performance
2010-02-06,58,Guinevere,Eli Young Band,RE,2,Gains In Performance
2010-02-06,59,Best Of Both Worlds,Darryl Worley,NEW,1,Gains In Performance
2010-02-06,60,Free,Jack Ingram,NEW,1,
2010-02-13,1,The Truth,Jason Aldean,1,20,Gains In Performance
2010-02-13,2,White Liar,Miranda Lambert,2,24,
2010-02-13,3,American Saturday Night,Brad Paisley,5,14,Gains In Performance
2010-02-13,4,Why Don't We Just Dance,Josh Turner,7,24,Greatest gainer this week|Gains In Performance
2010-02-13,5,History In The Making,Darius Rucker,6,22,Gains In Performance
2010-02-13,6,Southern Voice,Tim McGraw,3,21,
2010-02-13,7,That's How Country Boys Roll,Billy Currington,9,21,Gains In Performance
2010-02-13,8,I Wanna Make You Close Your Eyes,Dierks Bentley,4,28,
2010-02-13,9,Cryin' For Me (Wayman's Song),Toby Keith,10,18,Gains In Performance
2010-02-13,10,Temporary Home,Carrie Underwood,11,10,Gains In Performance
2010-02-13,11,A Little More Country Than That,Easton Corbin,14,25,Gains In Performance
2010-02-13,12,Hillbilly Bone,Blake Shelton Featuring Trace Adkins,13,16,Gains In Performance
2010-02-13,13,'Til Summer Comes Around,Keith Urban,12,12,Gains In Performance
2010-02-13,14,Hurry Home,Jason Michael Carroll,15,31,Gains In Performance
2010-02-13,15,Highway 20 Ride,Zac Brown Band,17,12,Gains In Performance
2010-02-13,16,Fearless,Taylor Swift,18,7,Gains In Performance
2010-02-13,17,American Honey,Lady Antebellum,20,7,Gains In Performance
2010-02-13,18,Didn't You Know How Much I Loved You,Kellie Pickler,19,23,Gains In Performance
2010-02-13,19,Keep On Lovin' You,Steel Magnolia,22,21,Gains In Performance
2010-02-13,20,Today,Gary Allan,21,32,Gains In Performance
2010-02-13,21,Beer On The Table,Josh Thompson,23,27,Gains In Performance
2010-02-13,22,Backwoods,Justin Moore,24,17,Gains In Performance
2010-02-13,23,Hell On The Heart,Eric Church,25,17,Gains In Performance
2010-02-13,24,Unstoppable,Rascal Flatts,26,6,Gains In Performance
2010-02-13,25,It's Just That Way,Alan Jackson,29,8,Gains In Performance
2010-02-13,26,Gimmie That Girl,Joe Nichols,27,17,Gains In Performance
2010-02-13,27,The Man I Want To Be,Chris Young,30,12,Gains In Performance
2010-02-13,28,Outside My Window,Sarah Buxton,28,31,Gains In Performance
2010-02-13,29,She Won't Be Lonely Long,Clay Walker,35,12,Gains In Performance
2010-02-13,30,Hip To My Heart,The Band Perry,32,14,Gains In Performance
2010-02-13,31,Dancing In Circles,Love And Theft,33,10,Gains In Performance
2010-02-13,32,Love Like Crazy,Lee Brice,34,24,Gains In Performance
2010-02-13,33,Whistlin' Dixie,Randy Houser,31,16,
2010-02-13,34,19 And Crazy,Bomshel,36,20,Gains In Performance
2010-02-13,35,There Is A God,Lee Ann Womack,37,14,Gains In Performance
2010-02-13,36,Rain Is A Good Thing,Luke Bryan,44,4,Gains In Performance
2010-02-13,37,How Far Do You Wanna Go?,Gloriana,38,19,
2010-02-13,38,"Work Hard, Play Harder",Gretchen Wilson,40,14,Gains In Performance
2010-02-13,39,The Call,Matt Kennon,39,18,
2010-02-13,40,This Ain't Nothin',Craig Morgan,42,3,Gains In Performance
2010-02-13,41,My Best Days Are Ahead Of Me,Danny Gokey,41,8,Gains In Performance
2010-02-13,42,Today Was A Fairytale,Taylor Swift,52,2,Gains In Performance
2010-02-13,43,Wrong Baby Wrong,Martina McBride,51,2,Gains In Performance
2010-02-13,44,Jackson Hole,James Wesley,45,5,Gains In Performance
2010-02-13,45,Country Livin',Williams Riley,43,19,
2010-02-13,46,This Is Our Moment,Kenny Chesney,48,4,Gains In Performance
2010-02-13,47,Pray For You,Jaron And The Long Road To Love,46,10,Gains In Performance
2010-02-13,48,Stay Here Forever,Jewel,47,3,Gains In Performance
2010-02-13,49,Turning Home,David Nail,NEW,1,Highest ranking debut|Gains In Performance
2010-02-13,50,I Keep On Loving You,Reba,57,2,Gains In Performance
2010-02-13,51,Still,Tim McGraw,NEW,1,Gains In Performance
2010-02-13,52,I Can't Make It Rain,Houston County,49,16,
2010-02-13,53,Smile,Uncle Kracker,54,15,Gains In Performance
2010-02-13,54,Look Who's Back In Love,Jonathan Singleton & The Grove,50,7,Gains In Performance
2010-02-13,55,I Gotta Get To You,George Strait,56,4,Gains In Performance
2010-02-13,56,Free,Jack Ingram,60,2,Gains In Performance
2010-02-13,57,Best Of Both Worlds,Darryl Worley,59,2,Gains In Performance
2010-02-13,58,Cold Beer,Colt Ford Featuring Jamey Johnson,53,4,
2010-02-13,59,Over The Next Hill,Brooks & Dunn & Mac Powell,55,8,
2010-02-13,60,Close,Rascal Flatts,NEW,1,Gains In Performance
2010-02-20,1,Why Don't We Just Dance,Josh Turner,4,25,Greatest gainer this week|Gains In Performance
2010-02-20,2,The Truth,Jason Aldean,1,21,Gains In Performance
2010-02-20,3,American Saturday Night,Brad Paisley,3,15,Gains In Performance
2010-02-20,4,History In The Making,Darius Rucker,5,23,Gains In Performance
2010-02-20,5,White Liar,Miranda Lambert,2,25,
2010-02-20,6,That's How Country Boys Roll,Billy Currington,7,22,Gains In Performance
2010-02-20,7,Cryin' For Me (Wayman's Song),Toby Keith,9,19,Gains In Performance
2010-02-20,8,Temporary Home,Carrie Underwood,10,11,Gains In Performance
2010-02-20,9,Hillbilly Bone,Blake Shelton Featuring Trace Adkins,12,17,Gains In Performance
2010-02-20,10,Southern Voice,Tim McGraw,6,22,
2010-02-20,11,A Little More Country Than That,Easton Corbin,11,26,Gains In Performance
2010-02-20,12,'Til Summer Comes Around,Keith Urban,13,13,Gains In Performance
2010-02-20,13,Highway 20 Ride,Zac Brown Band,15,13,Gains In Performance
2010-02-20,14,Hurry Home,Jason Michael Carroll,14,32,
2010-02-20,15,Fearless,Taylor Swift,16,8,Gains In Performance
2010-02-20,16,American Honey,Lady Antebellum,17,8,Gains In Performance
2010-02-20,17,Didn't You Know How Much I Loved You,Kellie Pickler,18,24,Gains In Performance
2010-02-20,18,Keep On Lovin' You,Steel Magnolia,19,22,Gains In Performance
2010-02-20,19,Beer On The Table,Josh Thompson,21,28,Gains In Performance
2010-02-20,20,Today,Gary Allan,20,33,Gains In Performance
2010-02-20,21,Backwoods,Justin Moore,22,18,Gains In Performance
2010-02-20,22,Unstoppable,Rascal Flatts,24,7,Gains In Performance
2010-02-20,23,Hell On The Heart,Eric Church,23,18,Gains In Performance
2010-02-20,24,It's Just That Way,Alan Jackson,25,9,Gains In Performance
2010-02-20,25,Gimmie That Girl,Joe Nichols,26,18,Gains In Performance
2010-02-20,26,The Man I Want To Be,Chris Young,27,13,Gains In Performance
2010-02-20,27,Outside My Window,Sarah Buxton,28,32,Gains In Performance
2010-02-20,28,She Won't Be Lonely Long,Clay Walker,29,13,Gains In Performance
2010-02-20,29,Hip To My Heart,The Band Perry,30,15,Gains In Performance
2010-02-20,30,Dancing In Circles,Love And Theft,31,11,Gains In Performance
2010-02-20,31,Love Like Crazy,Lee Brice,32,25,Gains In Performance
2010-02-20,32,Whistlin' Dixie,Randy Houser,33,17,Gains In Performance
2010-02-20,33,19 And Crazy,Bomshel,34,21,Gains In Performance
2010-02-20,34,There Is A God,Lee Ann Womack,35,15,Gains In Performance
2010-02-20,35,Rain Is A Good Thing,Luke Bryan,36,5,Gains In Performance
2010-02-20,36,The Call,Matt Kennon,39,19,Gains In Performance
2010-02-20,37,"Work Hard, Play Harder",Gretchen Wilson,38,15,Gains In Performance
2010-02-20,38,Still,Tim McGraw,51,2,Gains In Performance
2010-02-20,39,My Best Days Are Ahead Of Me,Danny Gokey,41,9,Gains In Performance
2010-02-20,40,Wrong Baby Wrong,Martina McBride,43,3,Gains In Performance
2010-02-20,41,This Ain't Nothin',Craig Morgan,40,4,Gains In Performance
2010-02-20,42,I Keep On Loving You,Reba,50,3,Gains In Performance
2010-02-20,43,I Gotta Get To You,George Strait,55,5,Gains In Performance
2010-02-20,44,Today Was A Fairytale,Taylor Swift,42,3,Gains In Performance
2010-02-20,45,Turning Home,David Nail,49,2,Gains In Performance
2010-02-20,46,Pray For You,Jaron And The Long Road To Love,47,11,Gains In Performance
2010-02-20,47,Jackson Hole,James Wesley,44,6,Gains In Performance
2010-02-20,48,Stay Here Forever,Jewel,48,4,Gains In Performance
2010-02-20,49,This Is Our Moment,Kenny Chesney,46,5,Gains In Performance
2010-02-20,50,Smile,Uncle Kracker,53,16,Gains In Performance
2010-02-20,51,Best Of Both Worlds,Darryl Worley,57,3,Gains In Performance
2010-02-20,52,Free,Jack Ingram,56,3,Gains In Performance
2010-02-20,53,Blue Sky,Emily West Featuring Keith Urban,NEW,1,Highest ranking debut|Gains In Performance
2010-02-20,54,Look Who's Back In Love,Jonathan Singleton & The Grove,54,8,
2010-02-20,55,Cold Beer,Colt Ford Featuring Jamey Johnson,58,5,Gains In Performance
2010-02-20,56,I Can't Make It Rain,Houston County,52,17,
2010-02-20,57,Country Livin',Williams Riley,45,20,
2010-02-20,58,Over The Next Hill,Brooks & Dunn & Mac Powell,59,9,
2010-02-20,59,Bring On The Love,Coldwater Jane,NEW,1,Gains In Performance
2010-02-20,60,Giddy On Up,Laura Bell Bundy,NEW,1,Gains In Performance
2010-02-27,1,Why Don't We Just Dance,Josh Turner,1,26,Gains In Performance
2010-02-27,2,American Saturday Night,Brad Paisley,3,16,Gains In Performance
2010-02-27,3,The Truth,Jason Aldean,2,22,
2010-02-27,4,History In The Making,Darius Rucker,4,24,
2010-02-27,5,That's How Country Boys Roll,Billy Currington,6,23,Gains In Performance
2010-02-27,6,Cryin' For Me (Wayman's Song),Toby Keith,7,20,Gains In Performance
2010-02-27,7,Hillbilly Bone,Blake Shelton Featuring Trace Adkins,9,18,Gains In Performance
2010-02-27,8,Temporary Home,Carrie Underwood,8,12,Gains In Performance
2010-02-27,9,A Little More Country Than That,Easton Corbin,11,27,Gains In Performance
2010-02-27,10,'Til Summer Comes Around,Keith Urban,12,14,Gains In Performance
2010-02-27,11,Highway 20 Ride,Zac Brown Band,13,14,Gains In Performance
2010-02-27,12,American Honey,Lady Antebellum,16,9,Gains In Performance
2010-02-27,13,Fearless,Taylor Swift,15,9,Gains In Performance
2010-02-27,14,Didn't You Know How Much I Loved You,Kellie Pickler,17,25,Gains In Performance
2010-02-27,15,Keep On Lovin' You,Steel Magnolia,18,23,Gains In Performance
2010-02-27,16,Unstoppable,Rascal Flatts,22,8,Gains In Performance
2010-02-27,17,Beer On The Table,Josh Thompson,19,29,
2010-02-27,18,Today,Gary Allan,20,34,
2010-02-27,19,Backwoods,Justin Moore,21,19,Gains In Performance
2010-02-27,20,Hell On The Heart,Eric Church,23,19,Gains In Performance
2010-02-27,21,Gimmie That Girl,Joe Nichols,25,19,Gains In Performance
2010-02-27,22,It's Just That Way,Alan Jackson,24,10,Gains In Performance
2010-02-27,23,Ain't Back Yet,Kenny Chesney,NEW,1,Highest ranking debut|Gains In Performance
2010-02-27,24,The Man I Want To Be,Chris Young,26,14,Gains In Performance
2010-02-27,25,Outside My Window,Sarah Buxton,27,33,Gains In Performance
2010-02-27,26,She Won't Be Lonely Long,Clay Walker,28,14,Gains In Performance
2010-02-27,27,Hip To My Heart,The Band Perry,29,16,Gains In Performance
2010-02-27,28,Dancing In Circles,Love And Theft,30,12,Gains In Performance
2010-02-27,29,I Gotta Get To You,George Strait,43,6,Gains In Performance
2010-02-27,30,Still,Tim McGraw,38,3,Gains In Performance
2010-02-27,31,I Keep On Loving You,Reba,42,4,Gains In Performance
2010-02-27,32,Wrong Baby Wrong,Martina McBride,40,4,Gains In Performance
2010-02-27,33,Love Like Crazy,Lee Brice,31,26,Gains In Performance
2010-02-27,34,Rain Is A Good Thing,Luke Bryan,35,6,Gains In Performance
2010-02-27,35,There Is A God,Lee Ann Womack,34,16,Gains In Performance
2010-02-27,36,"Work Hard, Play Harder",Gretchen Wilson,37,16,Gains In Performance
2010-02-27,37,Whistlin' Dixie,Randy Houser,32,18,
2010-02-27,38,The Call,Matt Kennon,36,20,
2010-02-27,39,My Best Days Are Ahead Of Me,Danny Gokey,39,10,
2010-02-27,40,This Ain't Nothin',Craig Morgan,41,5,
2010-02-27,41,Turning Home,David Nail,45,3,Gains In Performance
2010-02-27,42,Stay Here Forever,Jewel,48,5,Gains In Performance
2010-02-27,43,Today Was A Fairytale,Taylor Swift,44,4,
2010-02-27,44,Pray For You,Jaron And The Long Road To Love,46,12,Gains In Performance
2010-02-27,45,Smile,Uncle Kracker,50,17,Gains In Performance
2010-02-27,46,Jackson Hole,James Wesley,47,7,Gains In Performance
2010-02-27,47,Free,Jack Ingram,52,4,Gains In Performance
2010-02-27,48,Blue Sky,Emily West Featuring Keith Urban,53,2,Gains In Performance
2010-02-27,49,This Is Our Moment,Kenny Chesney,49,6,
2010-02-27,50,Best Of Both Worlds,Darryl Worley,51,4,
2010-02-27,51,Look Who's Back In Love,Jonathan Singleton & The Grove,54,9,
2010-02-27,52,Bring On The Love,Coldwater Jane,59,2,Gains In Performance
2010-02-27,53,Giddy On Up,Laura Bell Bundy,60,2,Gains In Performance
2010-02-27,54,Cold Beer,Colt Ford Featuring Jamey Johnson,55,6,
2010-02-27,55,Over The Next Hill,Brooks & Dunn & Mac Powell,58,10,Gains In Performance
2010-02-27,56,Close,Rascal Flatts,RE,2,Gains In Performance
2010-02-27,57,Kiss Me Now,Katie Armiger,NEW,1,Gains In Performance
2010-02-27,58,A Woman Needs,Jessica Harp,NEW,1,
2010-02-27,59,I Can't Make It Rain,Houston County,56,18,
2010-02-27,60,Sunshine (Everybody Needs A Little),Steve Azar,NEW,1,Gains In Performance
2010-03-06,1,Why Don't We Just Dance,Josh Turner,1,27,Gains In Performance
2010-03-06,2,American Saturday Night,Brad Paisley,2,17,
2010-03-06,3,History In The Making,Darius Rucker,4,25,Gains In Performance
2010-03-06,4,The Truth,Jason Aldean,3,23,
2010-03-06,5,That's How Country Boys Roll,Billy Currington,5,24,Gains In Performance
2010-03-06,6,Hillbilly Bone,Blake Shelton Featuring Trace Adkins,7,19,Gains In Performance
2010-03-06,7,Temporary Home,Carrie Underwood,8,13,Gains In Performance
2010-03-06,8,Cryin' For Me (Wayman's Song),Toby Keith,6,21,Gains In Performance
2010-03-06,9,A Little More Country Than That,Easton Corbin,9,28,Gains In Performance
2010-03-06,10,'Til Summer Comes Around,Keith Urban,10,15,Gains In Performance
2010-03-06,11,Highway 20 Ride,Zac Brown Band,11,15,Gains In Performance
2010-03-06,12,American Honey,Lady Antebellum,12,10,Gains In Performance
2010-03-06,13,Fearless,Taylor Swift,13,10,Gains In Performance
2010-03-06,14,Didn't You Know How Much I Loved You,Kellie Pickler,14,26,Gains In Performance
2010-03-06,15,Ain't Back Yet,Kenny Chesney,23,2,Gains In Performance
2010-03-06,16,Keep On Lovin' You,Steel Magnolia,15,24,Gains In Performance
2010-03-06,17,Unstoppable,Rascal Flatts,16,9,Gains In Performance
2010-03-06,18,Backwoods,Justin Moore,19,20,Gains In Performance
2010-03-06,19,Hell On The Heart,Eric Church,20,20,Gains In Performance
2010-03-06,20,It's Just That Way,Alan Jackson,22,11,Gains In Performance
2010-03-06,21,Gimmie That Girl,Joe Nichols,21,20,Gains In Performance
2010-03-06,22,The Man I Want To Be,Chris Young,24,15,Gains In Performance
2010-03-06,23,Outside My Window,Sarah Buxton,25,34,Gains In Performance
2010-03-06,24,I Gotta Get To You,George Strait,29,7,Gains In Performance
2010-03-06,25,She Won't Be Lonely Long,Clay Walker,26,15,Gains In Performance
2010-03-06,26,Hip To My Heart,The Band Perry,27,17,Gains In Performance
2010-03-06,27,Wrong Baby Wrong,Martina McBride,32,5,Gains In Performance
2010-03-06,28,Still,Tim McGraw,30,4,Gains In Performance
2010-03-06,29,Dancing In Circles,Love And Theft,28,13,Gains In Performance
2010-03-06,30,I Keep On Loving You,Reba,31,5,Gains In Performance
2010-03-06,31,Rain Is A Good Thing,Luke Bryan,34,7,Gains In Performance
2010-03-06,32,Love Like Crazy,Lee Brice,33,27,Gains In Performance
2010-03-06,33,"Work Hard, Play Harder",Gretchen Wilson,36,17,Gains In Performance
2010-03-06,34,There Is A God,Lee Ann Womack,35,17,Gains In Performance
2010-03-06,35,My Best Days Are Ahead Of Me,Danny Gokey,39,11,Gains In Performance
2010-03-06,36,This Ain't Nothin',Craig Morgan,40,6,Gains In Performance
2010-03-06,37,The Call,Matt Kennon,38,21,Gains In Performance
2010-03-06,38,Pray For You,Jaron And The Long Road To Love,44,13,Gains In Performance
2010-03-06,39,Turning Home,David Nail,41,4,Gains In Performance
2010-03-06,40,Stay Here Forever,Jewel,42,6,Gains In Performance
2010-03-06,41,Today Was A Fairytale,Taylor Swift,43,5,Gains In Performance
2010-03-06,42,Whistlin' Dixie,Randy Houser,37,19,
2010-03-06,43,Smile,Uncle Kracker,45,18,Gains In Performance
2010-03-06,44,Jackson Hole,James Wesley,46,8,Gains In Performance
2010-03-06,45,Free,Jack Ingram,47,5,Gains In Performance
2010-03-06,46,Best Of Both Worlds,Darryl Worley,50,5,Gains In Performance
2010-03-06,47,Blue Sky,Emily West Featuring Keith Urban,48,3,Gains In Performance
2010-03-06,48,Giddy On Up,Laura Bell Bundy,53,3,Gains In Performance
2010-03-06,49,Crazy Town,Jason Aldean,NEW,1,Highest ranking debut|Gains In Performance
2010-03-06,50,Bring On The Love,Coldwater Jane,52,3,Gains In Performance
2010-03-06,51,The House That Built Me,Miranda Lambert,NEW,1,Gains In Performance
2010-03-06,52,"Lover, Lover",Jerrod Niemann,NEW,1,Gains In Performance
2010-03-06,53,Ain't No Stopping Her Now,Ash Bowers,NEW,1,Gains In Performance
2010-03-06,54,Chillin',Blaine Larsen,NEW,1,Gains In Performance
2010-03-06,55,Over The Next Hill,Brooks & Dunn & Mac Powell,55,11,
2010-03-06,56,Cold Beer,Colt Ford Featuring Jamey Johnson,54,7,
2010-03-06,57,Close,Rascal Flatts,56,3,Gains In Performance
2010-03-06,58,A Woman Needs,Jessica Harp,58,2,Gains In Performance
2010-03-06,59,This Is Our Moment,Kenny Chesney,49,7,
2010-03-06,60,Guinevere,Eli Young Band,RE,3,Gains In Performance
2010-03-13,1,Why Don't We Just Dance,Josh Turner,1,28,
2010-03-13,2,That's How Country Boys Roll,Billy Currington,5,25,Gains In Performance
2010-03-13,3,History In The Making,Darius Rucker,3,26,Gains In Performance
2010-03-13,4,Hillbilly Bone,Blake Shelton Featuring Trace Adkins,6,20,Gains In Performance
2010-03-13,5,American Saturday Night,Brad Paisley,2,18,
2010-03-13,6,A Little More Country Than That,Easton Corbin,9,29,Gains In Performance
2010-03-13,7,Temporary Home,Carrie Underwood,7,14,Gains In Performance
2010-03-13,8,'Til Summer Comes Around,Keith Urban,10,16,Gains In Performance
2010-03-13,9,Highway 20 Ride,Zac Brown Band,11,16,Gains In Performance
2010-03-13,10,American Honey,Lady Antebellum,12,11,Gains In Performance
2010-03-13,11,Ain't Back Yet,Kenny Chesney,15,3,Greatest gainer this week|Gains In Performance
2010-03-13,12,Fearless,Taylor Swift,13,11,Gains In Performance
2010-03-13,13,Unstoppable,Rascal Flatts,17,10,Gains In Performance
2010-03-13,14,Didn't You Know How Much I Loved You,Kellie Pickler,14,27,Gains In Performance
2010-03-13,15,Keep On Lovin' You,Steel Magnolia,16,25,Gains In Performance
2010-03-13,16,Backwoods,Justin Moore,18,21,Gains In Performance
2010-03-13,17,Hell On The Heart,Eric Church,19,21,Gains In Performance
2010-03-13,18,Gimmie That Girl,Joe Nichols,21,21,Gains In Performance
2010-03-13,19,It's Just That Way,Alan Jackson,20,12,Gains In Performance
2010-03-13,20,The Man I Want To Be,Chris Young,22,16,Gains In Performance
2010-03-13,21,I Gotta Get To You,George Strait,24,8,Gains In Performance
2010-03-13,22,Still,Tim McGraw,28,5,Gains In Performance
2010-03-13,23,Wrong Baby Wrong,Martina McBride,27,6,Gains In Performance
2010-03-13,24,She Won't Be Lonely Long,Clay Walker,25,16,Gains In Performance
2010-03-13,25,Hip To My Heart,The Band Perry,26,18,Gains In Performance
2010-03-13,26,I Keep On Loving You,Reba,30,6,Gains In Performance
2010-03-13,27,Dancing In Circles,Love And Theft,29,14,Gains In Performance
2010-03-13,28,Rain Is A Good Thing,Luke Bryan,31,8,Gains In Performance
2010-03-13,29,Love Like Crazy,Lee Brice,32,28,Gains In Performance
2010-03-13,30,"Work Hard, Play Harder",Gretchen Wilson,33,18,Gains In Performance
2010-03-13,31,My Best Days Are Ahead Of Me,Danny Gokey,35,12,Gains In Performance
2010-03-13,32,There Is A God,Lee Ann Womack,34,18,
2010-03-13,33,The Call,Matt Kennon,37,22,Gains In Performance
2010-03-13,34,This Ain't Nothin',Craig Morgan,36,7,
2010-03-13,35,Pray For You,Jaron And The Long Road To Love,38,14,Gains In Performance
2010-03-13,36,Crazy Town,Jason Aldean,49,2,Gains In Performance
2010-03-13,37,Stay Here Forever,Jewel,40,7,Gains In Performance
2010-03-13,38,Turning Home,David Nail,39,5,Gains In Performance
2010-03-13,39,The House That Built Me,Miranda Lambert,51,2,Gains In Performance
2010-03-13,40,Smile,Uncle Kracker,43,19,Gains In Performance
2010-03-13,41,Today Was A Fairytale,Taylor Swift,41,6,Gains In Performance
2010-03-13,42,Jackson Hole,James Wesley,44,9,Gains In Performance
2010-03-13,43,Best Of Both Worlds,Darryl Worley,46,6,Gains In Performance
2010-03-13,44,Giddy On Up,Laura Bell Bundy,48,4,Gains In Performance
2010-03-13,45,Free,Jack Ingram,45,6,Gains In Performance
2010-03-13,46,Blue Sky,Emily West Featuring Keith Urban,47,4,Gains In Performance
2010-03-13,47,Every Dog Has Its Day,Toby Keith,RE,3,Gains In Performance
2010-03-13,48,Bring On The Love,Coldwater Jane,50,4,Gains In Performance
2010-03-13,49,"Lover, Lover",Jerrod Niemann,52,2,Gains In Performance
2010-03-13,50,Chillin',Blaine Larsen,54,2,Gains In Performance
2010-03-13,51,Tell Your Sister I'm Single,Tyler Dickerson,NEW,1,Highest ranking debut|Gains In Performance
2010-03-13,52,Ain't No Stopping Her Now,Ash Bowers,53,2,Gains In Performance
2010-03-13,53,Cold Beer,Colt Ford Featuring Jamey Johnson,56,8,Gains In Performance
2010-03-13,54,Guinevere,Eli Young Band,60,4,Gains In Performance
2010-03-13,55,Over The Next Hill,Brooks & Dunn & Mac Powell,55,12,
2010-03-13,56,A Woman Needs,Jessica Harp,58,3,Gains In Performance
2010-03-13,57,Sunshine (Everybody Needs A Little),Steve Azar,RE,2,Gains In Performance
2010-03-13,58,Close,Rascal Flatts,57,4,
2010-03-13,59,Just Knowing You Love Me,Jimmy Wayne With Whitney Ducan,NEW,1,Gains In Performance
2010-03-13,60,Blossom In The Dust,Mallary Hope,NEW,1,Gains In Performance
2010-03-20,1,That's How Country Boys Roll,Billy Currington,2,26,Gains In Performance
2010-03-20,2,Why Don't We Just Dance,Josh Turner,1,29,
2010-03-20,3,Hillbilly Bone,Blake Shelton Featuring Trace Adkins,4,21,Gains In Performance
2010-03-20,4,A Little More Country Than That,Easton Corbin,6,30,Gains In Performance
2010-03-20,5,Temporary Home,Carrie Underwood,7,15,Greatest gainer this week|Gains In Performance
2010-03-20,6,'Til Summer Comes Around,Keith Urban,8,17,Gains In Performance
2010-03-20,7,Highway 20 Ride,Zac Brown Band,9,17,Gains In Performance
2010-03-20,8,History In The Making,Darius Rucker,3,27,
2010-03-20,9,American Saturday Night,Brad Paisley,5,19,
2010-03-20,10,American Honey,Lady Antebellum,10,12,Gains In Performance
2010-03-20,11,Ain't Back Yet,Kenny Chesney,11,4,Gains In Performance
2010-03-20,12,Fearless,Taylor Swift,12,12,Gains In Performance
2010-03-20,13,Unstoppable,Rascal Flatts,13,11,Gains In Performance
2010-03-20,14,Keep On Lovin' You,Steel Magnolia,15,26,Gains In Performance
2010-03-20,15,Backwoods,Justin Moore,16,22,Gains In Performance
2010-03-20,16,Gimmie That Girl,Joe Nichols,18,22,Gains In Performance
2010-03-20,17,Hell On The Heart,Eric Church,17,22,Gains In Performance
2010-03-20,18,It's Just That Way,Alan Jackson,19,13,Gains In Performance
2010-03-20,19,The Man I Want To Be,Chris Young,20,17,Gains In Performance
2010-03-20,20,I Gotta Get To You,George Strait,21,9,Gains In Performance
2010-03-20,21,Wrong Baby Wrong,Martina McBride,23,7,Gains In Performance
2010-03-20,22,Still,Tim McGraw,22,6,Gains In Performance
2010-03-20,23,She Won't Be Lonely Long,Clay Walker,24,17,Gains In Performance
2010-03-20,24,Hip To My Heart,The Band Perry,25,19,Gains In Performance
2010-03-20,25,I Keep On Loving You,Reba,26,7,Gains In Performance
2010-03-20,26,Dancing In Circles,Love And Theft,27,15,Gains In Performance
2010-03-20,27,Rain Is A Good Thing,Luke Bryan,28,9,Gains In Performance
2010-03-20,28,Love Like Crazy,Lee Brice,29,29,Gains In Performance
2010-03-20,29,My Best Days Are Ahead Of Me,Danny Gokey,31,13,Gains In Performance
2010-03-20,30,Crazy Town,Jason Aldean,36,3,Gains In Performance
2010-03-20,31,"Work Hard, Play Harder",Gretchen Wilson,30,19,Gains In Performance
2010-03-20,32,The House That Built Me,Miranda Lambert,39,3,Gains In Performance
2010-03-20,33,There Is A God,Lee Ann Womack,32,19,Gains In Performance
2010-03-20,34,The Call,Matt Kennon,33,23,Gains In Performance
2010-03-20,35,This Ain't Nothin',Craig Morgan,34,8,Gains In Performance
2010-03-20,36,Pray For You,Jaron And The Long Road To Love,35,15,Gains In Performance
2010-03-20,37,Stay Here Forever,Jewel,37,8,Gains In Performance
2010-03-20,38,Every Dog Has Its Day,Toby Keith,47,4,Gains In Performance
2010-03-20,39,Turning Home,David Nail,38,6,Gains In Performance
2010-03-20,40,Smile,Uncle Kracker,40,20,Gains In Performance
2010-03-20,41,"Lover, Lover",Jerrod Niemann,49,3,Gains In Performance
2010-03-20,42,Giddy On Up,Laura Bell Bundy,44,5,Gains In Performance
2010-03-20,43,Today Was A Fairytale,Taylor Swift,41,7,
2010-03-20,44,Jackson Hole,James Wesley,42,10,Gains In Performance
2010-03-20,45,Free,Jack Ingram,45,7,Gains In Performance
2010-03-20,46,Blue Sky,Emily West Featuring Keith Urban,46,5,Gains In Performance
2010-03-20,47,Best Of Both Worlds,Darryl Worley,43,7,Gains In Performance
2010-03-20,48,Little White Church,Little Big Town,NEW,1,Highest ranking debut|Gains In Performance
2010-03-20,49,Tell Your Sister I'm Single,Tyler Dickerson,51,2,Gains In Performance
2010-03-20,50,Bring On The Love,Coldwater Jane,48,5,Gains In Performance
2010-03-20,51,Chillin',Blaine Larsen,50,3,Gains In Performance
2010-03-20,52,Sunshine (Everybody Needs A Little),Steve Azar,57,3,Gains In Performance
2010-03-20,53,Ain't No Stopping Her Now,Ash Bowers,52,3,Gains In Performance
2010-03-20,54,Jenny,The Harters,NEW,1,Gains In Performance
2010-03-20,55,Over The Next Hill,Brooks & Dunn & Mac Powell,55,13,Gains In Performance
2010-03-20,56,Cold Beer,Colt Ford Featuring Jamey Johnson,53,9,
2010-03-20,57,Way Out Here,Josh Thompson,NEW,1,Gains In Performance
2010-03-20,58,Close,Rascal Flatts,58,5,Gains In Performance
2010-03-20,59,Guinevere,Eli Young Band,54,5,Gains In Performance
2010-03-20,60,Just Knowing You Love Me,Jimmy Wayne With Whitney Ducan,59,2,Gains In Performance
2010-03-27,1,Hillbilly Bone,Blake Shelton Featuring Trace Adkins,3,22,Gains In Performance
2010-03-27,2,A Little More Country Than That,Easton Corbin,4,31,Gains In Performance
2010-03-27,3,Temporary Home,Carrie Underwood,5,16,Gains In Performance
2010-03-27,4,Why Don't We Just Dance,Josh Turner,2,30,
2010-03-27,5,Highway 20 Ride,Zac Brown Band,7,18,Gains In Performance
2010-03-27,6,That's How Country Boys Roll,Billy Currington,1,27,
2010-03-27,7,'Til Summer Comes Around,Keith Urban,6,18,Gains In Performance
2010-03-27,8,American Honey,Lady Antebellum,10,13,Greatest gainer this week|Gains In Performance
2010-03-27,9,Ain't Back Yet,Kenny Chesney,11,5,Gains In Performance
2010-03-27,10,Fearless,Taylor Swift,12,13,Gains In Performance
2010-03-27,11,Unstoppable,Rascal Flatts,13,12,Gains In Performance
2010-03-27,12,Keep On Lovin' You,Steel Magnolia,14,27,Gains In Performance
2010-03-27,13,Gimmie That Girl,Joe Nichols,16,23,Gains In Performance
2010-03-27,14,Backwoods,Justin Moore,15,23,Gains In Performance
2010-03-27,15,I Gotta Get To You,George Strait,20,10,Gains In Performance
2010-03-27,16,Hell On The Heart,Eric Church,17,23,Gains In Performance
2010-03-27,17,The Man I Want To Be,Chris Young,19,18,Gains In Performance
2010-03-27,18,It's Just That Way,Alan Jackson,18,14,Gains In Performance
2010-03-27,19,Wrong Baby Wrong,Martina McBride,21,8,Gains In Performance
2010-03-27,20,Still,Tim McGraw,22,7,Gains In Performance
2010-03-27,21,She Won't Be Lonely Long,Clay Walker,23,18,Gains In Performance
2010-03-27,22,I Keep On Loving You,Reba,25,8,Gains In Performance
2010-03-27,23,Hip To My Heart,The Band Perry,24,20,Gains In Performance
2010-03-27,24,Rain Is A Good Thing,Luke Bryan,27,10,Gains In Performance
2010-03-27,25,Dancing In Circles,Love And Theft,26,16,Gains In Performance
2010-03-27,26,Crazy Town,Jason Aldean,30,4,Gains In Performance
2010-03-27,27,Love Like Crazy,Lee Brice,28,30,Gains In Performance
2010-03-27,28,The House That Built Me,Miranda Lambert,32,4,Gains In Performance
2010-03-27,29,My Best Days Are Ahead Of Me,Danny Gokey,29,14,Gains In Performance
2010-03-27,30,"Work Hard, Play Harder",Gretchen Wilson,31,20,Gains In Performance
2010-03-27,31,Every Dog Has Its Day,Toby Keith,38,5,Gains In Performance
2010-03-27,32,Pray For You,Jaron And The Long Road To Love,36,16,Gains In Performance
2010-03-27,33,This Ain't Nothin',Craig Morgan,35,9,Gains In Performance
2010-03-27,34,There Is A God,Lee Ann Womack,33,20,Gains In Performance
2010-03-27,35,The Call,Matt Kennon,34,24,Gains In Performance
2010-03-27,36,Smile,Uncle Kracker,40,21,Gains In Performance
2010-03-27,37,"Lover, Lover",Jerrod Niemann,41,4,Gains In Performance
2010-03-27,38,Turning Home,David Nail,39,7,Gains In Performance
2010-03-27,39,Stay Here Forever,Jewel,37,9,Gains In Performance
2010-03-27,40,Little White Church,Little Big Town,48,2,Gains In Performance
2010-03-27,41,Giddy On Up,Laura Bell Bundy,42,6,Gains In Performance
2010-03-27,42,Free,Jack Ingram,45,8,Gains In Performance
2010-03-27,43,Today Was A Fairytale,Taylor Swift,43,8,Gains In Performance
2010-03-27,44,Jackson Hole,James Wesley,44,11,Gains In Performance
2010-03-27,45,Best Of Both Worlds,Darryl Worley,47,8,Gains In Performance
2010-03-27,46,Blue Sky,Emily West Featuring Keith Urban,46,6,Gains In Performance
2010-03-27,47,Tell Your Sister I'm Single,Tyler Dickerson,49,3,Gains In Performance
2010-03-27,48,Water,Brad Paisley,RE,9,Gains In Performance
2010-03-27,49,Bring On The Love,Coldwater Jane,50,6,Gains In Performance
2010-03-27,50,Chillin',Blaine Larsen,51,4,Gains In Performance
2010-03-27,51,Ain't No Stopping Her Now,Ash Bowers,53,4,Gains In Performance
2010-03-27,52,Sunshine (Everybody Needs A Little),Steve Azar,52,4,Gains In Performance
2010-03-27,53,Jenny,The Harters,54,2,Gains In Performance
2010-03-27,54,Groovy Little Summer Song,James Otto,NEW,1,Highest ranking debut|Gains In Performance
2010-03-27,55,Close,Rascal Flatts,58,6,Gains In Performance
2010-03-27,56,Guinevere,Eli Young Band,59,6,Gains In Performance
2010-03-27,57,Over The Next Hill,Brooks & Dunn & Mac Powell,55,14,Gains In Performance
2010-03-27,58,Cold Beer,Colt Ford Featuring Jamey Johnson,56,10,
2010-03-27,59,Just Knowing You Love Me,Jimmy Wayne With Whitney Ducan,60,3,Gains In Performance
2010-03-27,60,Blossom In The Dust,Mallary Hope,RE,2,Gains In Performance
2010-04-03,1,A Little More Country Than That,Easton Corbin,2,32,Gains In Performance
2010-04-03,2,Temporary Home,Carrie Underwood,3,17,Gains In Performance
2010-04-03,3,Hillbilly Bone,Blake Shelton Featuring Trace Adkins,1,23,
2010-04-03,4,Highway 20 Ride,Zac Brown Band,5,19,Gains In Performance
2010-04-03,5,'Til Summer Comes Around,Keith Urban,7,19,Gains In Performance
2010-04-03,6,American Honey,Lady Antebellum,8,14,Greatest gainer this week|Gains In Performance
2010-04-03,7,Why Don't We Just Dance,Josh Turner,4,31,
2010-04-03,8,That's How Country Boys Roll,Billy Currington,6,28,
2010-04-03,9,Ain't Back Yet,Kenny Chesney,9,6,Gains In Performance
2010-04-03,10,Fearless,Taylor Swift,10,14,Gains In Performance
2010-04-03,11,Gimmie That Girl,Joe Nichols,13,24,Gains In Performance
2010-04-03,12,Unstoppable,Rascal Flatts,11,13,Gains In Performance
2010-04-03,13,Keep On Lovin' You,Steel Magnolia,12,28,Gains In Performance
2010-04-03,14,The Man I Want To Be,Chris Young,17,19,Gains In Performance
2010-04-03,15,Backwoods,Justin Moore,14,24,Gains In Performance
2010-04-03,16,I Gotta Get To You,George Strait,15,11,Gains In Performance
2010-04-03,17,Hell On The Heart,Eric Church,16,24,Gains In Performance
2010-04-03,18,It's Just That Way,Alan Jackson,18,15,Gains In Performance
2010-04-03,19,Wrong Baby Wrong,Martina McBride,19,9,Gains In Performance
2010-04-03,20,Still,Tim McGraw,20,8,Gains In Performance
2010-04-03,21,She Won't Be Lonely Long,Clay Walker,21,19,Gains In Performance
2010-04-03,22,I Keep On Loving You,Reba,22,9,Gains In Performance
2010-04-03,23,Hip To My Heart,The Band Perry,23,21,Gains In Performance
2010-04-03,24,Crazy Town,Jason Aldean,26,5,Gains In Performance
2010-04-03,25,Rain Is A Good Thing,Luke Bryan,24,11,Gains In Performance
2010-04-03,26,The House That Built Me,Miranda Lambert,28,5,Gains In Performance
2010-04-03,27,Dancing In Circles,Love And Theft,25,17,Gains In Performance
2010-04-03,28,Love Like Crazy,Lee Brice,27,31,Gains In Performance
2010-04-03,29,My Best Days Are Ahead Of Me,Danny Gokey,29,15,Gains In Performance
2010-04-03,30,Every Dog Has Its Day,Toby Keith,31,6,Gains In Performance
2010-04-03,31,"Work Hard, Play Harder",Gretchen Wilson,30,21,Gains In Performance
2010-04-03,32,"Lover, Lover",Jerrod Niemann,37,5,Gains In Performance
2010-04-03,33,This Ain't Nothin',Craig Morgan,33,10,Gains In Performance
2010-04-03,34,Pray For You,Jaron And The Long Road To Love,32,17,Gains In Performance
2010-04-03,35,The Call,Matt Kennon,35,25,Gains In Performance
2010-04-03,36,Smile,Uncle Kracker,36,22,Gains In Performance
2010-04-03,37,Stay Here Forever,Jewel,39,10,Gains In Performance
2010-04-03,38,Water,Brad Paisley,48,10,Gains In Performance
2010-04-03,39,Turning Home,David Nail,38,8,
2010-04-03,40,Giddy On Up,Laura Bell Bundy,41,7,Gains In Performance
2010-04-03,41,Little White Church,Little Big Town,40,3,Gains In Performance
2010-04-03,42,Jackson Hole,James Wesley,44,12,Gains In Performance
2010-04-03,43,Blue Sky,Emily West Featuring Keith Urban,46,7,Gains In Performance
2010-04-03,44,Free,Jack Ingram,42,9,
2010-04-03,45,Best Of Both Worlds,Darryl Worley,45,9,
2010-04-03,46,Groovy Little Summer Song,James Otto,54,2,Gains In Performance
2010-04-03,47,Bring On The Love,Coldwater Jane,49,7,Gains In Performance
2010-04-03,48,Tell Your Sister I'm Single,Tyler Dickerson,47,4,
2010-04-03,49,Today Was A Fairytale,Taylor Swift,43,9,
2010-04-03,50,Chillin',Blaine Larsen,50,5,Gains In Performance
2010-04-03,51,The World Is Ours Tonight,Gloriana,NEW,1,Highest ranking debut|Gains In Performance
2010-04-03,52,Ain't No Stopping Her Now,Ash Bowers,51,5,
2010-04-03,53,Sunshine (Everybody Needs A Little),Steve Azar,52,5,Gains In Performance
2010-04-03,54,Guinevere,Eli Young Band,56,7,Gains In Performance
2010-04-03,55,Jenny,The Harters,53,3,
2010-04-03,56,Blossom In The Dust,Mallary Hope,60,3,Gains In Performance
2010-04-03,57,Close,Rascal Flatts,55,7,Gains In Performance
2010-04-03,58,Way Out Here,Josh Thompson,RE,2,Gains In Performance
2010-04-03,59,Ain't Much Left Of Lovin' You,Randy Montana,NEW,1,Gains In Performance
2010-04-03,60,Kiss Me Now,Katie Armiger,RE,2,Gains In Performance
2010-04-10,1,Temporary Home,Carrie Underwood,2,18,Gains In Performance
2010-04-10,2,Highway 20 Ride,Zac Brown Band,4,20,Gains In Performance
2010-04-10,3,A Little More Country Than That,Easton Corbin,1,33,
2010-04-10,4,American Honey,Lady Antebellum,6,15,Gains In Performance
2010-04-10,5,'Til Summer Comes Around,Keith Urban,5,20,Gains In Performance
2010-04-10,6,Hillbilly Bone,Blake Shelton Featuring Trace Adkins,3,24,
2010-04-10,7,Ain't Back Yet,Kenny Chesney,9,7,Gains In Performance
2010-04-10,8,Why Don't We Just Dance,Josh Turner,7,32,
2010-04-10,9,Gimmie That Girl,Joe Nichols,11,25,Greatest gainer this week|Gains In Performance
2010-04-10,10,The Man I Want To Be,Chris Young,14,20,Gains In Performance
2010-04-10,11,Fearless,Taylor Swift,10,15,Gains In Performance
2010-04-10,12,Keep On Lovin' You,Steel Magnolia,13,29,Gains In Performance
2010-04-10,13,Unstoppable,Rascal Flatts,12,14,Gains In Performance
2010-04-10,14,Backwoods,Justin Moore,15,25,Gains In Performance
2010-04-10,15,I Gotta Get To You,George Strait,16,12,Gains In Performance
2010-04-10,16,Hell On The Heart,Eric Church,17,25,Gains In Performance
2010-04-10,17,It's Just That Way,Alan Jackson,18,16,Gains In Performance
2010-04-10,18,Wrong Baby Wrong,Martina McBride,19,10,Gains In Performance
2010-04-10,19,Still,Tim McGraw,20,9,Gains In Performance
2010-04-10,20,She Won't Be Lonely Long,Clay Walker,21,20,Gains In Performance
2010-04-10,21,I Keep On Loving You,Reba,22,10,Gains In Performance
2010-04-10,22,The House That Built Me,Miranda Lambert,26,6,Gains In Performance
2010-04-10,23,Crazy Town,Jason Aldean,24,6,Gains In Performance
2010-04-10,24,Hip To My Heart,The Band Perry,23,22,Gains In Performance
2010-04-10,25,Rain Is A Good Thing,Luke Bryan,25,12,Gains In Performance
2010-04-10,26,Dancing In Circles,Love And Theft,27,18,Gains In Performance
2010-04-10,27,Love Like Crazy,Lee Brice,28,32,Gains In Performance
2010-04-10,28,Every Dog Has Its Day,Toby Keith,30,7,Gains In Performance
2010-04-10,29,My Best Days Are Ahead Of Me,Danny Gokey,29,16,Gains In Performance
2010-04-10,30,"Lover, Lover",Jerrod Niemann,32,6,Gains In Performance
2010-04-10,31,"Work Hard, Play Harder",Gretchen Wilson,31,22,Gains In Performance
2010-04-10,32,Pray For You,Jaron And The Long Road To Love,34,18,Gains In Performance
2010-04-10,33,Water,Brad Paisley,38,11,Gains In Performance
2010-04-10,34,This Ain't Nothin',Craig Morgan,33,11,Gains In Performance
2010-04-10,35,The Call,Matt Kennon,35,26,Gains In Performance
2010-04-10,36,Smile,Uncle Kracker,36,23,Gains In Performance
2010-04-10,37,Turning Home,David Nail,39,9,Gains In Performance
2010-04-10,38,Stay Here Forever,Jewel,37,11,Gains In Performance
2010-04-10,39,Little White Church,Little Big Town,41,4,Gains In Performance
2010-04-10,40,Giddy On Up,Laura Bell Bundy,40,8,Gains In Performance
2010-04-10,41,Jackson Hole,James Wesley,42,13,Gains In Performance
2010-04-10,42,Get Off On The Pain,Gary Allan,NEW,1,Highest ranking debut|Gains In Performance
2010-04-10,43,Blue Sky,Emily West Featuring Keith Urban,43,8,Gains In Performance
2010-04-10,44,Groovy Little Summer Song,James Otto,46,3,Gains In Performance
2010-04-10,45,Best Of Both Worlds,Darryl Worley,45,10,Gains In Performance
2010-04-10,46,Free,Jack Ingram,44,10,Gains In Performance
2010-04-10,47,Bring On The Love,Coldwater Jane,47,8,Gains In Performance
2010-04-10,48,The World Is Ours Tonight,Gloriana,51,2,Gains In Performance
2010-04-10,49,Ain't No Stopping Her Now,Ash Bowers,52,6,Gains In Performance
2010-04-10,50,Tell Your Sister I'm Single,Tyler Dickerson,48,5,
2010-04-10,51,Guinevere,Eli Young Band,54,8,Gains In Performance
2010-04-10,52,Sunshine (Everybody Needs A Little),Steve Azar,53,6,Gains In Performance
2010-04-10,53,Chillin',Blaine Larsen,50,6,Gains In Performance
2010-04-10,54,Ain't Much Left Of Lovin' You,Randy Montana,59,2,Gains In Performance
2010-04-10,55,Kiss Me Now,Katie Armiger,60,3,Gains In Performance
2010-04-10,56,Jenny,The Harters,55,4,Gains In Performance
2010-04-10,57,A Father's Love (The Only Way He Knew How),Bucky Covington,NEW,1,Gains In Performance
2010-04-10,58,Blossom In The Dust,Mallary Hope,56,4,Gains In Performance
2010-04-10,59,Way Out Here,Josh Thompson,58,3,Gains In Performance
2010-04-10,60,Close,Rascal Flatts,57,8,Gains In Performance
2010-04-17,1,Highway 20 Ride,Zac Brown Band,2,21,Gains In Performance
2010-04-17,2,American Honey,Lady Antebellum,4,16,Gains In Performance
2010-04-17,3,A Little More Country Than That,Easton Corbin,3,34,
2010-04-17,4,Temporary Home,Carrie Underwood,1,19,
2010-04-17,5,'Til Summer Comes Around,Keith Urban,5,21,Gains In Performance
2010-04-17,6,Ain't Back Yet,Kenny Chesney,7,8,Gains In Performance
2010-04-17,7,Gimmie That Girl,Joe Nichols,9,26,Gains In Performance
2010-04-17,8,Hillbilly Bone,Blake Shelton Featuring Trace Adkins,6,25,
2010-04-17,9,The Man I Want To Be,Chris Young,10,21,Greatest gainer this week|Gains In Performance
2010-04-17,10,Keep On Lovin' You,Steel Magnolia,12,30,Gains In Performance
2010-04-17,11,Fearless,Taylor Swift,11,16,Gains In Performance
2010-04-17,12,I Gotta Get To You,George Strait,15,13,Gains In Performance
2010-04-17,13,Unstoppable,Rascal Flatts,13,15,Gains In Performance
2010-04-17,14,Backwoods,Justin Moore,14,26,Gains In Performance
2010-04-17,15,Hell On The Heart,Eric Church,16,26,Gains In Performance
2010-04-17,16,It's Just That Way,Alan Jackson,17,17,Gains In Performance
2010-04-17,17,Wrong Baby Wrong,Martina McBride,18,11,Gains In Performance
2010-04-17,18,Still,Tim McGraw,19,10,Gains In Performance
2010-04-17,19,She Won't Be Lonely Long,Clay Walker,20,21,Gains In Performance
2010-04-17,20,I Keep On Loving You,Reba,21,11,Gains In Performance
2010-04-17,21,The House That Built Me,Miranda Lambert,22,7,Gains In Performance
2010-04-17,22,Crazy Town,Jason Aldean,23,7,Gains In Performance
2010-04-17,23,Rain Is A Good Thing,Luke Bryan,25,13,Gains In Performance
2010-04-17,24,Hip To My Heart,The Band Perry,24,23,Gains In Performance
2010-04-17,25,Water,Brad Paisley,33,12,Gains In Performance
2010-04-17,26,Every Dog Has Its Day,Toby Keith,28,8,Gains In Performance
2010-04-17,27,Love Like Crazy,Lee Brice,27,33,Gains In Performance
2010-04-17,28,Dancing In Circles,Love And Theft,26,19,Gains In Performance
2010-04-17,29,My Best Days Are Ahead Of Me,Danny Gokey,29,17,Gains In Performance
2010-04-17,30,"Lover, Lover",Jerrod Niemann,30,7,Gains In Performance
2010-04-17,31,"Work Hard, Play Harder",Gretchen Wilson,31,23,Gains In Performance
2010-04-17,32,Pray For You,Jaron And The Long Road To Love,32,19,Gains In Performance
2010-04-17,33,This Ain't Nothin',Craig Morgan,34,12,Gains In Performance
2010-04-17,34,Smile,Uncle Kracker,36,24,Gains In Performance
2010-04-17,35,The Call,Matt Kennon,35,27,Gains In Performance
2010-04-17,36,Little White Church,Little Big Town,39,5,Gains In Performance
2010-04-17,37,Stay Here Forever,Jewel,38,12,Gains In Performance
2010-04-17,38,Turning Home,David Nail,37,10,Gains In Performance
2010-04-17,39,Giddy On Up,Laura Bell Bundy,40,9,Gains In Performance
2010-04-17,40,Get Off On The Pain,Gary Allan,42,2,Gains In Performance
2010-04-17,41,Jackson Hole,James Wesley,41,14,Gains In Performance
2010-04-17,42,Way Out Here,Josh Thompson,59,4,Gains In Performance
2010-04-17,43,Blue Sky,Emily West Featuring Keith Urban,43,9,Gains In Performance
2010-04-17,44,Groovy Little Summer Song,James Otto,44,4,Gains In Performance
2010-04-17,45,All About Tonight,Blake Shelton,NEW,1,Highest ranking debut|Gains In Performance
2010-04-17,46,Ain't No Stopping Her Now,Ash Bowers,49,7,Gains In Performance
2010-04-17,47,Best Of Both Worlds,Darryl Worley,45,11,
2010-04-17,48,Bring On The Love,Coldwater Jane,47,9,Gains In Performance
2010-04-17,49,Sunshine (Everybody Needs A Little),Steve Azar,52,7,Gains In Performance
2010-04-17,50,Chillin',Blaine Larsen,53,7,Gains In Performance
2010-04-17,51,Farmer's Daughter,Rodney Atkins,NEW,1,Gains In Performance
2010-04-17,52,The World Is Ours Tonight,Gloriana,48,3,
2010-04-17,53,Guinevere,Eli Young Band,51,9,Gains In Performance
2010-04-17,54,Blossom In The Dust,Mallary Hope,58,5,Gains In Performance
2010-04-17,55,Tell Your Sister I'm Single,Tyler Dickerson,50,6,Gains In Performance
2010-04-17,56,Ain't Much Left Of Lovin' You,Randy Montana,54,3,Gains In Performance
2010-04-17,57,Free,Jack Ingram,46,11,
2010-04-17,58,A Father's Love (The Only Way He Knew How),Bucky Covington,57,2,Gains In Performance
2010-04-17,59,Jenny,The Harters,56,5,Gains In Performance
2010-04-17,60,Kiss Me Now,Katie Armiger,55,4,
2010-04-24,1,American Honey,Lady Antebellum,2,17,Gains In Performance
2010-04-24,2,Highway 20 Ride,Zac Brown Band,1,22,
2010-04-24,3,'Til Summer Comes Around,Keith Urban,5,22,Gains In Performance
2010-04-24,4,Ain't Back Yet,Kenny Chesney,6,9,Gains In Performance
2010-04-24,5,Gimmie That Girl,Joe Nichols,7,27,Gains In Performance
2010-04-24,6,The Man I Want To Be,Chris Young,9,22,Gains In Performance
2010-04-24,7,A Little More Country Than That,Easton Corbin,3,35,
2010-04-24,8,Temporary Home,Carrie Underwood,4,20,
2010-04-24,9,I Gotta Get To You,George Strait,12,14,Gains In Performance
2010-04-24,10,Keep On Lovin' You,Steel Magnolia,10,31,Gains In Performance
2010-04-24,11,Unstoppable,Rascal Flatts,13,16,Gains In Performance
2010-04-24,12,Backwoods,Justin Moore,14,27,Gains In Performance
2010-04-24,13,Fearless,Taylor Swift,11,17,Gains In Performance
2010-04-24,14,Hell On The Heart,Eric Church,15,27,Gains In Performance
2010-04-24,15,The House That Built Me,Miranda Lambert,21,8,Gains In Performance
2010-04-24,16,Wrong Baby Wrong,Martina McBride,17,12,Gains In Performance
2010-04-24,17,It's Just That Way,Alan Jackson,16,18,
2010-04-24,18,Still,Tim McGraw,18,11,Gains In Performance
2010-04-24,19,She Won't Be Lonely Long,Clay Walker,19,22,Gains In Performance
2010-04-24,20,Crazy Town,Jason Aldean,22,8,Gains In Performance
2010-04-24,21,I Keep On Loving You,Reba,20,12,Gains In Performance
2010-04-24,22,Rain Is A Good Thing,Luke Bryan,23,14,Gains In Performance
2010-04-24,23,Hip To My Heart,The Band Perry,24,24,Gains In Performance
2010-04-24,24,Water,Brad Paisley,25,13,Gains In Performance
2010-04-24,25,Every Dog Has Its Day,Toby Keith,26,9,Gains In Performance
2010-04-24,26,Love Like Crazy,Lee Brice,27,34,Gains In Performance
2010-04-24,27,Dancing In Circles,Love And Theft,28,20,Gains In Performance
2010-04-24,28,"Lover, Lover",Jerrod Niemann,30,8,Gains In Performance
2010-04-24,29,Pray For You,Jaron And The Long Road To Love,32,20,Gains In Performance
2010-04-24,30,My Best Days Are Ahead Of Me,Danny Gokey,29,18,Gains In Performance
2010-04-24,31,"Work Hard, Play Harder",Gretchen Wilson,31,24,Gains In Performance
2010-04-24,32,This Ain't Nothin',Craig Morgan,33,13,Gains In Performance
2010-04-24,33,Little White Church,Little Big Town,36,6,Gains In Performance
2010-04-24,34,Smile,Uncle Kracker,34,25,Gains In Performance
2010-04-24,35,The Call,Matt Kennon,35,28,Gains In Performance
2010-04-24,36,Turning Home,David Nail,38,11,Gains In Performance
2010-04-24,37,Stay Here Forever,Jewel,37,13,
2010-04-24,38,Giddy On Up,Laura Bell Bundy,39,10,Gains In Performance
2010-04-24,39,Get Off On The Pain,Gary Allan,40,3,Gains In Performance
2010-04-24,40,Way Out Here,Josh Thompson,42,5,Gains In Performance
2010-04-24,41,All About Tonight,Blake Shelton,45,2,Gains In Performance
2010-04-24,42,Farmer's Daughter,Rodney Atkins,51,2,Gains In Performance
2010-04-24,43,Blue Sky,Emily West Featuring Keith Urban,43,10,
2010-04-24,44,Groovy Little Summer Song,James Otto,44,5,Gains In Performance
2010-04-24,45,Sunshine (Everybody Needs A Little),Steve Azar,49,8,Gains In Performance
2010-04-24,46,Jackson Hole,James Wesley,41,15,
2010-04-24,47,A Father's Love (The Only Way He Knew How),Bucky Covington,58,3,Gains In Performance
2010-04-24,48,Ain't Much Left Of Lovin' You,Randy Montana,56,4,Gains In Performance
2010-04-24,49,Chillin',Blaine Larsen,50,8,Gains In Performance
2010-04-24,50,Ain't No Stopping Her Now,Ash Bowers,46,8,
2010-04-24,51,Bring On The Love,Coldwater Jane,48,10,
2010-04-24,52,Blossom In The Dust,Mallary Hope,54,6,Gains In Performance
2010-04-24,53,The World Is Ours Tonight,Gloriana,52,4,Gains In Performance
2010-04-24,54,Guinevere,Eli Young Band,53,10,
2010-04-24,55,Jenny,The Harters,59,6,Gains In Performance
2010-04-24,56,Best Of Both Worlds,Darryl Worley,47,12,
2010-04-24,57,Tell Me,Jake Owen,NEW,1,Highest ranking debut|Gains In Performance
2010-04-24,58,Tell Your Sister I'm Single,Tyler Dickerson,55,7,
2010-04-24,59,All Over Me,Josh Turner,NEW,1,Gains In Performance
2010-04-24,60,Rollin' Through The Sunshine,Trailer Choir,NEW,1,Gains In Performance
2010-05-01,1,American Honey,Lady Antebellum,1,18,Gains In Performance
2010-05-01,2,Highway 20 Ride,Zac Brown Band,2,23,
2010-05-01,3,Gimmie That Girl,Joe Nichols,5,28,Greatest gainer this week|Gains In Performance
2010-05-01,4,Ain't Back Yet,Kenny Chesney,4,10,Gains In Performance
2010-05-01,5,The Man I Want To Be,Chris Young,6,23,Gains In Performance
2010-05-01,6,'Til Summer Comes Around,Keith Urban,3,23,
2010-05-01,7,I Gotta Get To You,George Strait,9,15,Gains In Performance
2010-05-01,8,Keep On Lovin' You,Steel Magnolia,10,32,Gains In Performance
2010-05-01,9,Backwoods,Justin Moore,12,28,Gains In Performance
2010-05-01,10,Unstoppable,Rascal Flatts,11,17,Gains In Performance
2010-05-01,11,Fearless,Taylor Swift,13,18,
2010-05-01,12,Hell On The Heart,Eric Church,14,28,Gains In Performance
2010-05-01,13,The House That Built Me,Miranda Lambert,15,9,Gains In Performance
2010-05-01,14,Wrong Baby Wrong,Martina McBride,16,13,Gains In Performance
2010-05-01,15,Crazy Town,Jason Aldean,20,9,Gains In Performance
2010-05-01,16,Still,Tim McGraw,18,12,Gains In Performance
2010-05-01,17,I Keep On Loving You,Reba,21,13,Gains In Performance
2010-05-01,18,She Won't Be Lonely Long,Clay Walker,19,23,Gains In Performance
2010-05-01,19,Water,Brad Paisley,24,14,Gains In Performance
2010-05-01,20,Rain Is A Good Thing,Luke Bryan,22,15,Gains In Performance
2010-05-01,21,Hip To My Heart,The Band Perry,23,25,Gains In Performance
2010-05-01,22,Every Dog Has Its Day,Toby Keith,25,10,Gains In Performance
2010-05-01,23,"Lover, Lover",Jerrod Niemann,28,9,Gains In Performance
2010-05-01,24,Pray For You,Jaron And The Long Road To Love,29,21,Gains In Performance
2010-05-01,25,Love Like Crazy,Lee Brice,26,35,Gains In Performance
2010-05-01,26,My Best Days Are Ahead Of Me,Danny Gokey,30,19,Gains In Performance
2010-05-01,27,It's Just That Way,Alan Jackson,17,19,
2010-05-01,28,"Work Hard, Play Harder",Gretchen Wilson,31,25,Gains In Performance
2010-05-01,29,This Ain't Nothin',Craig Morgan,32,14,Gains In Performance
2010-05-01,30,Little White Church,Little Big Town,33,7,Gains In Performance
2010-05-01,31,Smile,Uncle Kracker,34,26,Gains In Performance
2010-05-01,32,Turning Home,David Nail,36,12,Gains In Performance
2010-05-01,33,Giddy On Up,Laura Bell Bundy,38,11,Gains In Performance
2010-05-01,34,Stay Here Forever,Jewel,37,14,
2010-05-01,35,Get Off On The Pain,Gary Allan,39,4,Gains In Performance
2010-05-01,36,All About Tonight,Blake Shelton,41,3,Gains In Performance
2010-05-01,37,Way Out Here,Josh Thompson,40,6,Gains In Performance
2010-05-01,38,Blue Sky,Emily West Featuring Keith Urban,43,11,Gains In Performance
2010-05-01,39,Groovy Little Summer Song,James Otto,44,6,Gains In Performance
2010-05-01,40,A Father's Love (The Only Way He Knew How),Bucky Covington,47,4,Gains In Performance
2010-05-01,41,Farmer's Daughter,Rodney Atkins,42,3,Gains In Performance
2010-05-01,42,All Over Me,Josh Turner,59,2,Gains In Performance
2010-05-01,43,Undo It,Carrie Underwood,NEW,1,Highest ranking debut|Gains In Performance
2010-05-01,44,Ain't No Stopping Her Now,Ash Bowers,50,9,Gains In Performance
2010-05-01,45,Ain't Much Left Of Lovin' You,Randy Montana,48,5,Gains In Performance
2010-05-01,46,The World Is Ours Tonight,Gloriana,53,5,Gains In Performance
2010-05-01,47,Sunshine (Everybody Needs A Little),Steve Azar,45,9,
2010-05-01,48,Blossom In The Dust,Mallary Hope,52,7,Gains In Performance
2010-05-01,49,Chillin',Blaine Larsen,49,9,
2010-05-01,50,Jackson Hole,James Wesley,46,16,
2010-05-01,51,Tell Me,Jake Owen,57,2,Gains In Performance
2010-05-01,52,Pound Sign (#?*!),Kevin Fowler,NEW,1,Gains In Performance
2010-05-01,53,Guinevere,Eli Young Band,54,11,Gains In Performance
2010-05-01,54,Free,Zac Brown Band,NEW,1,Gains In Performance
2010-05-01,55,Jenny,The Harters,55,7,Gains In Performance
2010-05-01,56,'Til A Woman Comes Along,Chris Janson,NEW,1,Gains In Performance
2010-05-01,57,Hard Hat And A Hammer,Alan Jackson,NEW,1,Gains In Performance
2010-05-01,58,Roll With It,Easton Corbin,NEW,1,Gains In Performance
2010-05-01,59,Up On The Ridge,Dierks Bentley,NEW,1,Gains In Performance
2010-05-01,60,Bring On The Love,Coldwater Jane,51,11,
2010-05-08,1,Gimmie That Girl,Joe Nichols,3,29,Gains In Performance
2010-05-08,2,American Honey,Lady Antebellum,1,19,
2010-05-08,3,Ain't Back Yet,Kenny Chesney,4,11,Gains In Performance
2010-05-08,4,The Man I Want To Be,Chris Young,5,24,Gains In Performance
2010-05-08,5,Highway 20 Ride,Zac Brown Band,2,24,
2010-05-08,6,I Gotta Get To You,George Strait,7,16,Gains In Performance
2010-05-08,7,Keep On Lovin' You,Steel Magnolia,8,33,Gains In Performance
2010-05-08,8,Backwoods,Justin Moore,9,29,Gains In Performance
2010-05-08,9,The House That Built Me,Miranda Lambert,13,10,Greatest gainer this week|Gains In Performance
2010-05-08,10,Unstoppable,Rascal Flatts,10,18,Gains In Performance
2010-05-08,11,Hell On The Heart,Eric Church,12,29,Gains In Performance
2010-05-08,12,Crazy Town,Jason Aldean,15,10,Gains In Performance
2010-05-08,13,She Won't Be Lonely Long,Clay Walker,18,24,Gains In Performance
2010-05-08,14,Water,Brad Paisley,19,15,Gains In Performance
2010-05-08,15,Wrong Baby Wrong,Martina McBride,14,14,Gains In Performance
2010-05-08,16,Fearless,Taylor Swift,11,19,
2010-05-08,17,I Keep On Loving You,Reba,17,14,Gains In Performance
2010-05-08,18,Rain Is A Good Thing,Luke Bryan,20,16,Gains In Performance
2010-05-08,19,Still,Tim McGraw,16,13,Gains In Performance
2010-05-08,20,Hip To My Heart,The Band Perry,21,26,Gains In Performance
2010-05-08,21,Every Dog Has Its Day,Toby Keith,22,11,Gains In Performance
2010-05-08,22,"Lover, Lover",Jerrod Niemann,23,10,Gains In Performance
2010-05-08,23,Pray For You,Jaron And The Long Road To Love,24,22,Gains In Performance
2010-05-08,24,Love Like Crazy,Lee Brice,25,36,Gains In Performance
2010-05-08,25,My Best Days Are Ahead Of Me,Danny Gokey,26,20,Gains In Performance
2010-05-08,26,"Work Hard, Play Harder",Gretchen Wilson,28,26,Gains In Performance
2010-05-08,27,This Ain't Nothin',Craig Morgan,29,15,Gains In Performance
2010-05-08,28,Little White Church,Little Big Town,30,8,Gains In Performance
2010-05-08,29,Smile,Uncle Kracker,31,27,Gains In Performance
2010-05-08,30,Get Off On The Pain,Gary Allan,35,5,Gains In Performance
2010-05-08,31,Giddy On Up,Laura Bell Bundy,33,12,Gains In Performance
2010-05-08,32,Turning Home,David Nail,32,13,Gains In Performance
2010-05-08,33,All About Tonight,Blake Shelton,36,4,Gains In Performance
2010-05-08,34,Undo It,Carrie Underwood,43,2,Gains In Performance
2010-05-08,35,Way Out Here,Josh Thompson,37,7,Gains In Performance
2010-05-08,36,All Over Me,Josh Turner,42,3,Gains In Performance
2010-05-08,37,Free,Zac Brown Band,54,2,Gains In Performance
2010-05-08,38,A Father's Love (The Only Way He Knew How),Bucky Covington,40,5,Gains In Performance
2010-05-08,39,Farmer's Daughter,Rodney Atkins,41,4,Gains In Performance
2010-05-08,40,Blue Sky,Emily West Featuring Keith Urban,38,12,Gains In Performance
2010-05-08,41,Groovy Little Summer Song,James Otto,39,7,Gains In Performance
2010-05-08,42,Sunshine (Everybody Needs A Little),Steve Azar,47,10,Gains In Performance
2010-05-08,43,The World Is Ours Tonight,Gloriana,46,6,Gains In Performance
2010-05-08,44,Ain't Much Left Of Lovin' You,Randy Montana,45,6,Gains In Performance
2010-05-08,45,Tell Me,Jake Owen,51,3,Gains In Performance
2010-05-08,46,Pound Sign (#?*!),Kevin Fowler,52,2,Gains In Performance
2010-05-08,47,Guinevere,Eli Young Band,53,12,Gains In Performance
2010-05-08,48,Blossom In The Dust,Mallary Hope,48,8,Gains In Performance
2010-05-08,49,Chillin',Blaine Larsen,49,10,Gains In Performance
2010-05-08,50,Ain't No Stopping Her Now,Ash Bowers,44,10,
2010-05-08,51,Up On The Ridge,Dierks Bentley,59,2,Gains In Performance
2010-05-08,52,Roll With It,Easton Corbin,58,2,Gains In Performance
2010-05-08,53,Makin' Me Fall In Love Again,Kellie Pickler,NEW,1,Highest ranking debut|Gains In Performance
2010-05-08,54,Hard Hat And A Hammer,Alan Jackson,57,2,Gains In Performance
2010-05-08,55,Rollin' Through The Sunshine,Trailer Choir,RE,2,Gains In Performance
2010-05-08,56,Jenny,The Harters,55,8,
2010-05-08,57,'Til A Woman Comes Along,Chris Janson,56,2,
2010-05-08,58,Kiss Me Now,Katie Armiger,RE,5,Gains In Performance
2010-05-08,59,While You're Still Young,Montgomery Gentry,NEW,1,Gains In Performance
2010-05-08,60,Here Comes Summer,LoCash Cowboys,NEW,1,Gains In Performance
2010-05-15,1,Gimmie That Girl,Joe Nichols,1,30,Gains In Performance
2010-05-15,2,The Man I Want To Be,Chris Young,4,25,Gains In Performance
2010-05-15,3,Ain't Back Yet,Kenny Chesney,3,12,Gains In Performance
2010-05-15,4,American Honey,Lady Antebellum,2,20,
2010-05-15,5,I Gotta Get To You,George Strait,6,17,Gains In Performance
2010-05-15,6,Backwoods,Justin Moore,8,30,Gains In Performance
2010-05-15,7,The House That Built Me,Miranda Lambert,9,11,Greatest gainer this week|Gains In Performance
2010-05-15,8,Keep On Lovin' You,Steel Magnolia,7,34,Gains In Performance
2010-05-15,9,Highway 20 Ride,Zac Brown Band,5,25,
2010-05-15,10,Unstoppable,Rascal Flatts,10,19,Gains In Performance
2010-05-15,11,Hell On The Heart,Eric Church,11,30,Gains In Performance
2010-05-15,12,Crazy Town,Jason Aldean,12,11,Gains In Performance
2010-05-15,13,She Won't Be Lonely Long,Clay Walker,13,25,Gains In Performance
2010-05-15,14,Water,Brad Paisley,14,16,Gains In Performance
2010-05-15,15,Rain Is A Good Thing,Luke Bryan,18,17,Gains In Performance
2010-05-15,16,I Keep On Loving You,Reba,17,15,Gains In Performance
2010-05-15,17,Wrong Baby Wrong,Martina McBride,15,15,Gains In Performance
2010-05-15,18,Still,Tim McGraw,19,14,Gains In Performance
2010-05-15,19,Every Dog Has Its Day,Toby Keith,21,12,Gains In Performance
2010-05-15,20,Hip To My Heart,The Band Perry,20,27,Gains In Performance
2010-05-15,21,"Lover, Lover",Jerrod Niemann,22,11,Gains In Performance
2010-05-15,22,Pray For You,Jaron And The Long Road To Love,23,23,Gains In Performance
2010-05-15,23,Love Like Crazy,Lee Brice,24,37,Gains In Performance
2010-05-15,24,My Best Days Are Ahead Of Me,Danny Gokey,25,21,Gains In Performance
2010-05-15,25,"Work Hard, Play Harder",Gretchen Wilson,26,27,Gains In Performance
2010-05-15,26,Little White Church,Little Big Town,28,9,Gains In Performance
2010-05-15,27,This Ain't Nothin',Craig Morgan,27,16,Gains In Performance
2010-05-15,28,All About Tonight,Blake Shelton,33,5,Gains In Performance
2010-05-15,29,Undo It,Carrie Underwood,34,3,Gains In Performance
2010-05-15,30,Smile,Uncle Kracker,29,28,Gains In Performance
2010-05-15,31,Get Off On The Pain,Gary Allan,30,6,Gains In Performance
2010-05-15,32,Turning Home,David Nail,32,14,Gains In Performance
2010-05-15,33,Giddy On Up,Laura Bell Bundy,31,13,
2010-05-15,34,Way Out Here,Josh Thompson,35,8,Gains In Performance
2010-05-15,35,Free,Zac Brown Band,37,3,Gains In Performance
2010-05-15,36,All Over Me,Josh Turner,36,4,Gains In Performance
2010-05-15,37,Groovy Little Summer Song,James Otto,41,8,Gains In Performance
2010-05-15,38,A Father's Love (The Only Way He Knew How),Bucky Covington,38,6,Gains In Performance
2010-05-15,39,Farmer's Daughter,Rodney Atkins,39,5,Gains In Performance
2010-05-15,40,Blue Sky,Emily West Featuring Keith Urban,40,13,Gains In Performance
2010-05-15,41,Up On The Ridge,Dierks Bentley,51,3,Gains In Performance
2010-05-15,42,The World Is Ours Tonight,Gloriana,43,7,Gains In Performance
2010-05-15,43,Ain't Much Left Of Lovin' You,Randy Montana,44,7,Gains In Performance
2010-05-15,44,Sunshine (Everybody Needs A Little),Steve Azar,42,11,Gains In Performance
2010-05-15,45,Tell Me,Jake Owen,45,4,Gains In Performance
2010-05-15,46,Hard Hat And A Hammer,Alan Jackson,54,3,Gains In Performance
2010-05-15,47,Chillin',Blaine Larsen,49,11,Gains In Performance
2010-05-15,48,Roll With It,Easton Corbin,52,3,Gains In Performance
2010-05-15,49,Guinevere,Eli Young Band,47,13,Gains In Performance
2010-05-15,50,Ain't No Stopping Her Now,Ash Bowers,50,11,Gains In Performance
2010-05-15,51,Pound Sign (#?*!),Kevin Fowler,46,3,Gains In Performance
2010-05-15,52,Makin' Me Fall In Love Again,Kellie Pickler,53,2,Gains In Performance
2010-05-15,53,'Til A Woman Comes Along,Chris Janson,57,3,Gains In Performance
2010-05-15,54,Blossom In The Dust,Mallary Hope,48,9,
2010-05-15,55,Rollin' Through The Sunshine,Trailer Choir,55,3,Gains In Performance
2010-05-15,56,While You're Still Young,Montgomery Gentry,59,2,Gains In Performance
2010-05-15,57,Summer Thing,Troy Olsen,NEW,1,Highest ranking debut|Gains In Performance
2010-05-15,58,Wildflower,The JaneDear Girls,NEW,1,Gains In Performance
2010-05-15,59,Here Comes Summer,LoCash Cowboys,60,2,Gains In Performance
2010-05-15,60,I'm In,Keith Urban,NEW,1,Gains In Performance
2010-05-22,1,The Man I Want To Be,Chris Young,2,26,Gains In Performance
2010-05-22,2,Gimmie That Girl,Joe Nichols,1,31,
2010-05-22,3,Ain't Back Yet,Kenny Chesney,3,13,Gains In Performance
2010-05-22,4,American Honey,Lady Antebellum,4,21,
2010-05-22,5,The House That Built Me,Miranda Lambert,7,12,Gains In Performance
2010-05-22,6,I Gotta Get To You,George Strait,5,18,Gains In Performance
2010-05-22,7,Backwoods,Justin Moore,6,31,Gains In Performance
2010-05-22,8,Keep On Lovin' You,Steel Magnolia,8,35,Gains In Performance
2010-05-22,9,Unstoppable,Rascal Flatts,10,20,Gains In Performance
2010-05-22,10,Hell On The Heart,Eric Church,11,31,Gains In Performance
2010-05-22,11,Crazy Town,Jason Aldean,12,12,Gains In Performance
2010-05-22,12,She Won't Be Lonely Long,Clay Walker,13,26,Gains In Performance
2010-05-22,13,Water,Brad Paisley,14,17,Gains In Performance
2010-05-22,14,Rain Is A Good Thing,Luke Bryan,15,18,Gains In Performance
2010-05-22,15,I Keep On Loving You,Reba,16,16,Gains In Performance
2010-05-22,16,Wrong Baby Wrong,Martina McBride,17,16,Gains In Performance
2010-05-22,17,Still,Tim McGraw,18,15,
2010-05-22,18,Every Dog Has Its Day,Toby Keith,19,13,Gains In Performance
2010-05-22,19,"Lover, Lover",Jerrod Niemann,21,12,Gains In Performance
2010-05-22,20,Hip To My Heart,The Band Perry,20,28,
2010-05-22,21,Pray For You,Jaron And The Long Road To Love,22,24,Gains In Performance
2010-05-22,22,Love Like Crazy,Lee Brice,23,38,Gains In Performance
2010-05-22,23,Undo It,Carrie Underwood,29,4,Greatest gainer this week|Gains In Performance
2010-05-22,24,My Best Days Are Ahead Of Me,Danny Gokey,24,22,Gains In Performance
2010-05-22,25,"Work Hard, Play Harder",Gretchen Wilson,25,28,Gains In Performance
2010-05-22,26,Little White Church,Little Big Town,26,10,Gains In Performance
2010-05-22,27,All About Tonight,Blake Shelton,28,6,Gains In Performance
2010-05-22,28,This Ain't Nothin',Craig Morgan,27,17,Gains In Performance
2010-05-22,29,Smile,Uncle Kracker,30,29,Gains In Performance
2010-05-22,30,Get Off On The Pain,Gary Allan,31,7,Gains In Performance
2010-05-22,31,Free,Zac Brown Band,35,4,Gains In Performance
2010-05-22,32,Turning Home,David Nail,32,15,Gains In Performance
2010-05-22,33,All Over Me,Josh Turner,36,5,Gains In Performance
2010-05-22,34,Giddy On Up,Laura Bell Bundy,33,14,Gains In Performance
2010-05-22,35,Way Out Here,Josh Thompson,34,9,Gains In Performance
2010-05-22,36,A Father's Love (The Only Way He Knew How),Bucky Covington,38,7,Gains In Performance
2010-05-22,37,Farmer's Daughter,Rodney Atkins,39,6,Gains In Performance
2010-05-22,38,Groovy Little Summer Song,James Otto,37,9,Gains In Performance
2010-05-22,39,Hard Hat And A Hammer,Alan Jackson,46,4,Gains In Performance
2010-05-22,40,Up On The Ridge,Dierks Bentley,41,4,Gains In Performance
2010-05-22,41,Roll With It,Easton Corbin,48,4,Gains In Performance
2010-05-22,42,Blue Sky,Emily West Featuring Keith Urban,40,14,
2010-05-22,43,The World Is Ours Tonight,Gloriana,42,8,Gains In Performance
2010-05-22,44,Ain't Much Left Of Lovin' You,Randy Montana,43,8,Gains In Performance
2010-05-22,45,Sunshine (Everybody Needs A Little),Steve Azar,44,12,Gains In Performance
2010-05-22,46,Makin' Me Fall In Love Again,Kellie Pickler,52,3,Gains In Performance
2010-05-22,47,Pound Sign (#?*!),Kevin Fowler,51,4,Gains In Performance
2010-05-22,48,Tell Me,Jake Owen,45,5,Gains In Performance
2010-05-22,49,Guinevere,Eli Young Band,49,14,Gains In Performance
2010-05-22,50,Chillin',Blaine Larsen,47,12,
2010-05-22,51,Ain't No Stopping Her Now,Ash Bowers,50,12,
2010-05-22,52,I'm In,Keith Urban,60,2,Gains In Performance
2010-05-22,53,While You're Still Young,Montgomery Gentry,56,3,Gains In Performance
2010-05-22,54,'Til A Woman Comes Along,Chris Janson,53,4,Gains In Performance
2010-05-22,55,Rollin' Through The Sunshine,Trailer Choir,55,4,Gains In Performance
2010-05-22,56,Summer Thing,Troy Olsen,57,2,Gains In Performance
2010-05-22,57,Here Comes Summer,LoCash Cowboys,59,3,Gains In Performance
2010-05-22,58,I'm All About It,Randy Houser,NEW,1,Highest ranking debut|Gains In Performance
2010-05-22,59,Wildflower,The JaneDear Girls,58,2,Gains In Performance
2010-05-22,60,Blossom In The Dust,Mallary Hope,54,10,
2010-05-29,1,The Man I Want To Be,Chris Young,1,27,Gains In Performance
2010-05-29,2,Gimmie That Girl,Joe Nichols,2,32,
2010-05-29,3,Ain't Back Yet,Kenny Chesney,3,14,
2010-05-29,4,The House That Built Me,Miranda Lambert,5,13,Gains In Performance
2010-05-29,5,I Gotta Get To You,George Strait,6,19,Gains In Performance
2010-05-29,6,Keep On Lovin' You,Steel Magnolia,8,36,Gains In Performance
2010-05-29,7,American Honey,Lady Antebellum,4,22,
2010-05-29,8,Unstoppable,Rascal Flatts,9,21,Gains In Performance
2010-05-29,9,Crazy Town,Jason Aldean,11,13,Gains In Performance
2010-05-29,10,Backwoods,Justin Moore,7,32,
2010-05-29,11,Water,Brad Paisley,13,18,Gains In Performance
2010-05-29,12,She Won't Be Lonely Long,Clay Walker,12,27,Gains In Performance
2010-05-29,13,Rain Is A Good Thing,Luke Bryan,14,19,Gains In Performance
2010-05-29,14,I Keep On Loving You,Reba,15,17,Gains In Performance
2010-05-29,15,Wrong Baby Wrong,Martina McBride,16,17,Gains In Performance
2010-05-29,16,Every Dog Has Its Day,Toby Keith,18,14,Gains In Performance
2010-05-29,17,"Lover, Lover",Jerrod Niemann,19,13,Gains In Performance
2010-05-29,18,Still,Tim McGraw,17,16,
2010-05-29,19,Undo It,Carrie Underwood,23,5,Gains In Performance
2010-05-29,20,Pray For You,Jaron And The Long Road To Love,21,25,Gains In Performance
2010-05-29,21,Love Like Crazy,Lee Brice,22,39,Gains In Performance
2010-05-29,22,Little White Church,Little Big Town,26,11,Gains In Performance
2010-05-29,23,All About Tonight,Blake Shelton,27,7,Gains In Performance
2010-05-29,24,"Work Hard, Play Harder",Gretchen Wilson,25,29,Gains In Performance
2010-05-29,25,Free,Zac Brown Band,31,5,Gains In Performance
2010-05-29,26,Smile,Uncle Kracker,29,30,Gains In Performance
2010-05-29,27,This Ain't Nothin',Craig Morgan,28,18,Gains In Performance
2010-05-29,28,Get Off On The Pain,Gary Allan,30,8,Gains In Performance
2010-05-29,29,I'm In,Keith Urban,52,3,Greatest gainer this week|Gains In Performance
2010-05-29,30,All Over Me,Josh Turner,33,6,Gains In Performance
2010-05-29,31,Turning Home,David Nail,32,16,Gains In Performance
2010-05-29,32,Way Out Here,Josh Thompson,35,10,Gains In Performance
2010-05-29,33,A Father's Love (The Only Way He Knew How),Bucky Covington,36,8,Gains In Performance
2010-05-29,34,Giddy On Up,Laura Bell Bundy,34,15,Gains In Performance
2010-05-29,35,Farmer's Daughter,Rodney Atkins,37,7,Gains In Performance
2010-05-29,36,Hard Hat And A Hammer,Alan Jackson,39,5,Gains In Performance
2010-05-29,37,Up On The Ridge,Dierks Bentley,40,5,Gains In Performance
2010-05-29,38,Groovy Little Summer Song,James Otto,38,10,Gains In Performance
2010-05-29,39,Roll With It,Easton Corbin,41,5,Gains In Performance
2010-05-29,40,The World Is Ours Tonight,Gloriana,43,9,Gains In Performance
2010-05-29,41,Ain't Much Left Of Lovin' You,Randy Montana,44,9,Gains In Performance
2010-05-29,42,Sunshine (Everybody Needs A Little),Steve Azar,45,13,Gains In Performance
2010-05-29,43,Tell Me,Jake Owen,48,6,Gains In Performance
2010-05-29,44,Pound Sign (#?*!),Kevin Fowler,47,5,Gains In Performance
2010-05-29,45,Guinevere,Eli Young Band,49,15,Gains In Performance
2010-05-29,46,Blue Sky,Emily West Featuring Keith Urban,42,15,
2010-05-29,47,Makin' Me Fall In Love Again,Kellie Pickler,46,4,Gains In Performance
2010-05-29,48,Chillin',Blaine Larsen,50,13,Gains In Performance
2010-05-29,49,Ain't No Stopping Her Now,Ash Bowers,51,13,
2010-05-29,50,While You're Still Young,Montgomery Gentry,53,4,Gains In Performance
2010-05-29,51,Summer Thing,Troy Olsen,56,3,Gains In Performance
2010-05-29,52,Rollin' Through The Sunshine,Trailer Choir,55,5,Gains In Performance
2010-05-29,53,'Til A Woman Comes Along,Chris Janson,54,5,
2010-05-29,54,This Ain't No Love Song,Trace Adkins,NEW,1,Highest ranking debut|Gains In Performance
2010-05-29,55,I'm All About It,Randy Houser,58,2,Gains In Performance
2010-05-29,56,Barbie Doll,Jack Ingram,NEW,1,Gains In Performance
2010-05-29,57,If I Die Young,The Band Perry,NEW,1,Gains In Performance
2010-05-29,58,Here Comes Summer,LoCash Cowboys,57,4,
2010-05-29,59,Wildflower,The JaneDear Girls,59,3,
2010-05-29,60,Chicken & Biscuits,Colt Ford,NEW,1,Gains In Performance
2010-06-05,1,The Man I Want To Be,Chris Young,1,28,
2010-06-05,2,The House That Built Me,Miranda Lambert,4,14,Gains In Performance
2010-06-05,3,I Gotta Get To You,George Strait,5,20,Gains In Performance
2010-06-05,4,Keep On Lovin' You,Steel Magnolia,6,37,Gains In Performance
2010-06-05,5,Gimmie That Girl,Joe Nichols,2,33,
2010-06-05,6,Crazy Town,Jason Aldean,9,14,Gains In Performance
2010-06-05,7,Unstoppable,Rascal Flatts,8,22,Gains In Performance
2010-06-05,8,Ain't Back Yet,Kenny Chesney,3,15,
2010-06-05,9,She Won't Be Lonely Long,Clay Walker,12,28,Gains In Performance
2010-06-05,10,Water,Brad Paisley,11,19,Gains In Performance
2010-06-05,11,Rain Is A Good Thing,Luke Bryan,13,20,Gains In Performance
2010-06-05,12,I Keep On Loving You,Reba,14,18,Gains In Performance
2010-06-05,13,Wrong Baby Wrong,Martina McBride,15,18,Gains In Performance
2010-06-05,14,Undo It,Carrie Underwood,19,6,Gains In Performance
2010-06-05,15,"Lover, Lover",Jerrod Niemann,17,14,Gains In Performance
2010-06-05,16,Every Dog Has Its Day,Toby Keith,16,15,Gains In Performance
2010-06-05,17,Pray For You,Jaron And The Long Road To Love,20,26,Gains In Performance
2010-06-05,18,Love Like Crazy,Lee Brice,21,40,Gains In Performance
2010-06-05,19,All About Tonight,Blake Shelton,23,8,Gains In Performance
2010-06-05,20,I'm In,Keith Urban,29,4,Gains In Performance
2010-06-05,21,Free,Zac Brown Band,25,6,Gains In Performance
2010-06-05,22,Little White Church,Little Big Town,22,12,Gains In Performance
2010-06-05,23,"Work Hard, Play Harder",Gretchen Wilson,24,30,Gains In Performance
2010-06-05,24,Smile,Uncle Kracker,26,31,Gains In Performance
2010-06-05,25,This Ain't Nothin',Craig Morgan,27,19,Gains In Performance
2010-06-05,26,All Over Me,Josh Turner,30,7,Gains In Performance
2010-06-05,27,Get Off On The Pain,Gary Allan,28,9,Gains In Performance
2010-06-05,28,Turning Home,David Nail,31,17,Gains In Performance
2010-06-05,29,Up On The Ridge,Dierks Bentley,37,6,Gains In Performance
2010-06-05,30,Way Out Here,Josh Thompson,32,11,Gains In Performance
2010-06-05,31,Hard Hat And A Hammer,Alan Jackson,36,6,Gains In Performance
2010-06-05,32,A Father's Love (The Only Way He Knew How),Bucky Covington,33,9,Gains In Performance
2010-06-05,33,Farmer's Daughter,Rodney Atkins,35,8,Gains In Performance
2010-06-05,34,Giddy On Up,Laura Bell Bundy,34,16,Gains In Performance
2010-06-05,35,Roll With It,Easton Corbin,39,6,Gains In Performance
2010-06-05,36,Groovy Little Summer Song,James Otto,38,11,Gains In Performance
2010-06-05,37,The World Is Ours Tonight,Gloriana,40,10,
2010-06-05,38,Pound Sign (#?*!),Kevin Fowler,44,6,Gains In Performance
2010-06-05,39,Makin' Me Fall In Love Again,Kellie Pickler,47,5,Gains In Performance
2010-06-05,40,Chillin',Blaine Larsen,48,14,Gains In Performance
2010-06-05,41,While You're Still Young,Montgomery Gentry,50,5,Gains In Performance
2010-06-05,42,Ain't Much Left Of Lovin' You,Randy Montana,41,10,Gains In Performance
2010-06-05,43,Sunshine (Everybody Needs A Little),Steve Azar,42,14,Gains In Performance
2010-06-05,44,Tell Me,Jake Owen,43,7,Gains In Performance
2010-06-05,45,Guinevere,Eli Young Band,45,16,Gains In Performance
2010-06-05,46,This Ain't No Love Song,Trace Adkins,54,2,Gains In Performance
2010-06-05,47,Summer Thing,Troy Olsen,51,4,Gains In Performance
2010-06-05,48,Pretty Good At Drinkin' Beer,Billy Currington,NEW,1,Highest ranking debut|Gains In Performance
2010-06-05,49,If I Die Young,The Band Perry,57,2,Gains In Performance
2010-06-05,50,Our Kind Of Love,Lady Antebellum,NEW,1,Gains In Performance
2010-06-05,51,Rollin' Through The Sunshine,Trailer Choir,52,6,Gains In Performance
2010-06-05,52,'Til A Woman Comes Along,Chris Janson,53,6,Gains In Performance
2010-06-05,53,Here Comes Summer,LoCash Cowboys,58,5,Gains In Performance
2010-06-05,54,I'm All About It,Randy Houser,55,3,Gains In Performance
2010-06-05,55,Hold That Thought,Chuck Wicks,NEW,1,Gains In Performance
2010-06-05,56,Barbie Doll,Jack Ingram,56,2,
2010-06-05,57,Keep The Change,Darryl Worley,NEW,1,Gains In Performance
2010-06-05,58,Let's Fight,Thompson Square,NEW,1,Gains In Performance
2010-06-05,59,Wildflower,The JaneDear Girls,59,4,Gains In Performance
2010-06-05,60,Chicken & Biscuits,Colt Ford,60,2,
2010-06-12,1,The House That Built Me,Miranda Lambert,2,15,Gains In Performance
2010-06-12,2,The Man I Want To Be,Chris Young,1,29,
2010-06-12,3,I Gotta Get To You,George Strait,3,21,
2010-06-12,4,Crazy Town,Jason Aldean,6,15,Gains In Performance
2010-06-12,5,Gimmie That Girl,Joe Nichols,5,34,
2010-06-12,6,Water,Brad Paisley,10,20,Gains In Performance
2010-06-12,7,Keep On Lovin' You,Steel Magnolia,4,38,
2010-06-12,8,She Won't Be Lonely Long,Clay Walker,9,29,Gains In Performance
2010-06-12,9,Rain Is A Good Thing,Luke Bryan,11,21,Gains In Performance
2010-06-12,10,Unstoppable,Rascal Flatts,7,23,
2010-06-12,11,Undo It,Carrie Underwood,14,7,Gains In Performance
2010-06-12,12,I Keep On Loving You,Reba,12,19,Gains In Performance
2010-06-12,13,Wrong Baby Wrong,Martina McBride,13,19,Gains In Performance
2010-06-12,14,"Lover, Lover",Jerrod Niemann,15,15,Gains In Performance
2010-06-12,15,Every Dog Has Its Day,Toby Keith,16,16,Gains In Performance
2010-06-12,16,I'm In,Keith Urban,20,5,Gains In Performance
2010-06-12,17,Pray For You,Jaron And The Long Road To Love,17,27,Gains In Performance
2010-06-12,18,Love Like Crazy,Lee Brice,18,41,Gains In Performance
2010-06-12,19,All About Tonight,Blake Shelton,19,9,Gains In Performance
2010-06-12,20,Free,Zac Brown Band,21,7,Gains In Performance
2010-06-12,21,Little White Church,Little Big Town,22,13,Gains In Performance
2010-06-12,22,"Work Hard, Play Harder",Gretchen Wilson,23,31,Gains In Performance
2010-06-12,23,Smile,Uncle Kracker,24,32,Gains In Performance
2010-06-12,24,This Ain't Nothin',Craig Morgan,25,20,Gains In Performance
2010-06-12,25,All Over Me,Josh Turner,26,8,Gains In Performance
2010-06-12,26,Get Off On The Pain,Gary Allan,27,10,Gains In Performance
2010-06-12,27,Turning Home,David Nail,28,18,Gains In Performance
2010-06-12,28,Up On The Ridge,Dierks Bentley,29,7,Gains In Performance
2010-06-12,29,Hard Hat And A Hammer,Alan Jackson,31,7,Gains In Performance
2010-06-12,30,A Father's Love (The Only Way He Knew How),Bucky Covington,32,10,Gains In Performance
2010-06-12,31,Roll With It,Easton Corbin,35,7,Gains In Performance
2010-06-12,32,Way Out Here,Josh Thompson,30,12,Gains In Performance
2010-06-12,33,Farmer's Daughter,Rodney Atkins,33,9,Gains In Performance
2010-06-12,34,Groovy Little Summer Song,James Otto,36,12,Gains In Performance
2010-06-12,35,Giddy On Up,Laura Bell Bundy,34,17,
2010-06-12,36,Pretty Good At Drinkin' Beer,Billy Currington,48,2,Gains In Performance
2010-06-12,37,While You're Still Young,Montgomery Gentry,41,6,Gains In Performance
2010-06-12,38,Our Kind Of Love,Lady Antebellum,50,2,Gains In Performance
2010-06-12,39,This Ain't No Love Song,Trace Adkins,46,3,Gains In Performance
2010-06-12,40,The World Is Ours Tonight,Gloriana,37,11,Gains In Performance
2010-06-12,41,Tell Me,Jake Owen,44,8,Gains In Performance
2010-06-12,42,Makin' Me Fall In Love Again,Kellie Pickler,39,6,Gains In Performance
2010-06-12,43,Pound Sign (#?*!),Kevin Fowler,38,7,Gains In Performance
2010-06-12,44,Chillin',Blaine Larsen,40,15,Gains In Performance
2010-06-12,45,Ain't Much Left Of Lovin' You,Randy Montana,42,11,Gains In Performance
2010-06-12,46,Sunshine (Everybody Needs A Little),Steve Azar,43,15,Gains In Performance
2010-06-12,47,If I Die Young,The Band Perry,49,3,Gains In Performance
2010-06-12,48,Guinevere,Eli Young Band,45,17,
2010-06-12,49,Summer Thing,Troy Olsen,47,5,Gains In Performance
2010-06-12,50,Here Comes Summer,LoCash Cowboys,53,6,Gains In Performance
2010-06-12,51,Rollin' Through The Sunshine,Trailer Choir,51,7,Gains In Performance
2010-06-12,52,I'm All About It,Randy Houser,54,4,Gains In Performance
2010-06-12,53,Keep The Change,Darryl Worley,57,2,Gains In Performance
2010-06-12,54,How I Got To Be This Way,Justin Moore,NEW,1,Highest ranking debut|Gains In Performance
2010-06-12,55,'Til A Woman Comes Along,Chris Janson,52,7,
2010-06-12,56,Hold That Thought,Chuck Wicks,55,2,Gains In Performance
2010-06-12,57,Smoke A Little Smoke,Eric Church,RE,2,Gains In Performance
2010-06-12,58,Let's Fight,Thompson Square,58,2,Gains In Performance
2010-06-12,59,Tell Me You Get Lonely,Frankie Ballard,NEW,1,Gains In Performance
2010-06-12,60,Wildflower,The JaneDear Girls,59,5,Gains In Performance
2010-06-19,1,The House That Built Me,Miranda Lambert,1,16,Gains In Performance
2010-06-19,2,Crazy Town,Jason Aldean,4,16,Gains In Performance
2010-06-19,3,Water,Brad Paisley,6,21,Gains In Performance
2010-06-19,4,The Man I Want To Be,Chris Young,2,30,
2010-06-19,5,She Won't Be Lonely Long,Clay Walker,8,30,Gains In Performance
2010-06-19,6,I Gotta Get To You,George Strait,3,22,
2010-06-19,7,Rain Is A Good Thing,Luke Bryan,9,22,Gains In Performance
2010-06-19,8,Gimmie That Girl,Joe Nichols,5,35,
2010-06-19,9,Undo It,Carrie Underwood,11,8,Gains In Performance
2010-06-19,10,I Keep On Loving You,Reba,12,20,Gains In Performance
2010-06-19,11,Wrong Baby Wrong,Martina McBride,13,20,Gains In Performance
2010-06-19,12,I'm In,Keith Urban,16,6,Greatest gainer this week|Gains In Performance
2010-06-19,13,"Lover, Lover",Jerrod Niemann,14,16,Gains In Performance
2010-06-19,14,Love Like Crazy,Lee Brice,18,42,Gains In Performance
2010-06-19,15,Free,Zac Brown Band,20,8,Gains In Performance
2010-06-19,16,Pray For You,Jaron And The Long Road To Love,17,28,Gains In Performance
2010-06-19,17,All About Tonight,Blake Shelton,19,10,Gains In Performance
2010-06-19,18,Every Dog Has Its Day,Toby Keith,15,17,
2010-06-19,19,Little White Church,Little Big Town,21,14,Gains In Performance
2010-06-19,20,Smile,Uncle Kracker,23,33,Gains In Performance
2010-06-19,21,"Work Hard, Play Harder",Gretchen Wilson,22,32,Gains In Performance
2010-06-19,22,This Ain't Nothin',Craig Morgan,24,21,Gains In Performance
2010-06-19,23,All Over Me,Josh Turner,25,9,Gains In Performance
2010-06-19,24,Get Off On The Pain,Gary Allan,26,11,Gains In Performance
2010-06-19,25,Up On The Ridge,Dierks Bentley,28,8,Gains In Performance
2010-06-19,26,Turning Home,David Nail,27,19,Gains In Performance
2010-06-19,27,A Father's Love (The Only Way He Knew How),Bucky Covington,30,11,Gains In Performance
2010-06-19,28,Hard Hat And A Hammer,Alan Jackson,29,8,Gains In Performance
2010-06-19,29,Our Kind Of Love,Lady Antebellum,38,3,Gains In Performance
2010-06-19,30,Roll With It,Easton Corbin,31,8,Gains In Performance
2010-06-19,31,Pretty Good At Drinkin' Beer,Billy Currington,36,3,Gains In Performance
2010-06-19,32,Way Out Here,Josh Thompson,32,13,Gains In Performance
2010-06-19,33,Farmer's Daughter,Rodney Atkins,33,10,Gains In Performance
2010-06-19,34,Groovy Little Summer Song,James Otto,34,13,Gains In Performance
2010-06-19,35,Giddy On Up,Laura Bell Bundy,35,18,Gains In Performance
2010-06-19,36,While You're Still Young,Montgomery Gentry,37,7,Gains In Performance
2010-06-19,37,Tell Me,Jake Owen,41,9,Gains In Performance
2010-06-19,38,Makin' Me Fall In Love Again,Kellie Pickler,42,7,Gains In Performance
2010-06-19,39,This Ain't No Love Song,Trace Adkins,39,4,Gains In Performance
2010-06-19,40,If I Die Young,The Band Perry,47,4,Gains In Performance
2010-06-19,41,The World Is Ours Tonight,Gloriana,40,12,Gains In Performance
2010-06-19,42,Pound Sign (#?*!),Kevin Fowler,43,8,Gains In Performance
2010-06-19,43,Sunshine (Everybody Needs A Little),Steve Azar,46,16,Gains In Performance
2010-06-19,44,Chillin',Blaine Larsen,44,16,Gains In Performance
2010-06-19,45,Ain't Much Left Of Lovin' You,Randy Montana,45,12,Gains In Performance
2010-06-19,46,Summer Thing,Troy Olsen,49,6,Gains In Performance
2010-06-19,47,Guinevere,Eli Young Band,48,18,Gains In Performance
2010-06-19,48,How I Got To Be This Way,Justin Moore,54,2,Gains In Performance
2010-06-19,49,Here Comes Summer,LoCash Cowboys,50,7,
2010-06-19,50,Rollin' Through The Sunshine,Trailer Choir,51,8,Gains In Performance
2010-06-19,51,I'm All About It,Randy Houser,52,5,Gains In Performance
2010-06-19,52,Hold That Thought,Chuck Wicks,56,3,Gains In Performance
2010-06-19,53,Keep The Change,Darryl Worley,53,3,
2010-06-19,54,Wildflower,The JaneDear Girls,60,6,Gains In Performance
2010-06-19,55,Tell Me You Get Lonely,Frankie Ballard,59,2,Gains In Performance
2010-06-19,56,Real,James Wesley,NEW,1,Highest ranking debut|Gains In Performance
2010-06-19,57,Smoke A Little Smoke,Eric Church,57,3,
2010-06-19,58,'Til A Woman Comes Along,Chris Janson,55,8,
2010-06-19,59,Satisfied,Jewel,NEW,1,Gains In Performance
2010-06-19,60,Let's Fight,Thompson Square,58,3,
2010-06-26,1,The House That Built Me,Miranda Lambert,1,17,Gains In Performance
2010-06-26,2,Crazy Town,Jason Aldean,2,17,Gains In Performance
2010-06-26,3,Water,Brad Paisley,3,22,Gains In Performance
2010-06-26,4,She Won't Be Lonely Long,Clay Walker,5,31,Gains In Performance
2010-06-26,5,Rain Is A Good Thing,Luke Bryan,7,23,Gains In Performance
2010-06-26,6,Undo It,Carrie Underwood,9,9,Gains In Performance
2010-06-26,7,The Man I Want To Be,Chris Young,4,31,
2010-06-26,8,I Keep On Loving You,Reba,10,21,Gains In Performance
2010-06-26,9,I'm In,Keith Urban,12,7,Gains In Performance
2010-06-26,10,"Lover, Lover",Jerrod Niemann,13,17,Gains In Performance
2010-06-26,11,Wrong Baby Wrong,Martina McBride,11,21,Gains In Performance
2010-06-26,12,Free,Zac Brown Band,15,9,Gains In Performance
2010-06-26,13,Love Like Crazy,Lee Brice,14,43,Gains In Performance
2010-06-26,14,All About Tonight,Blake Shelton,17,11,Gains In Performance
2010-06-26,15,Pray For You,Jaron And The Long Road To Love,16,29,Gains In Performance
2010-06-26,16,Smile,Uncle Kracker,20,34,Gains In Performance
2010-06-26,17,Little White Church,Little Big Town,19,15,Gains In Performance
2010-06-26,18,"Work Hard, Play Harder",Gretchen Wilson,21,33,Gains In Performance
2010-06-26,19,This Ain't Nothin',Craig Morgan,22,22,Gains In Performance
2010-06-26,20,All Over Me,Josh Turner,23,10,Gains In Performance
2010-06-26,21,Our Kind Of Love,Lady Antebellum,29,4,Greatest gainer this week|Gains In Performance
2010-06-26,22,Pretty Good At Drinkin' Beer,Billy Currington,31,4,Gains In Performance
2010-06-26,23,Get Off On The Pain,Gary Allan,24,12,Gains In Performance
2010-06-26,24,Up On The Ridge,Dierks Bentley,25,9,Gains In Performance
2010-06-26,25,Hard Hat And A Hammer,Alan Jackson,28,9,Gains In Performance
2010-06-26,26,A Father's Love (The Only Way He Knew How),Bucky Covington,27,12,Gains In Performance
2010-06-26,27,Turning Home,David Nail,26,20,Gains In Performance
2010-06-26,28,Roll With It,Easton Corbin,30,9,Gains In Performance
2010-06-26,29,Every Dog Has Its Day,Toby Keith,18,18,
2010-06-26,30,Way Out Here,Josh Thompson,32,14,Gains In Performance
2010-06-26,31,Farmer's Daughter,Rodney Atkins,33,11,Gains In Performance
2010-06-26,32,Groovy Little Summer Song,James Otto,34,14,Gains In Performance
2010-06-26,33,While You're Still Young,Montgomery Gentry,36,8,Gains In Performance
2010-06-26,34,Makin' Me Fall In Love Again,Kellie Pickler,38,8,Gains In Performance
2010-06-26,35,Tell Me,Jake Owen,37,10,Gains In Performance
2010-06-26,36,If I Die Young,The Band Perry,40,5,Gains In Performance
2010-06-26,37,Sunshine (Everybody Needs A Little),Steve Azar,43,17,Gains In Performance
2010-06-26,38,This Ain't No Love Song,Trace Adkins,39,5,Gains In Performance
2010-06-26,39,The World Is Ours Tonight,Gloriana,41,13,
2010-06-26,40,Pound Sign (#?*!),Kevin Fowler,42,9,Gains In Performance
2010-06-26,41,Giddy On Up,Laura Bell Bundy,35,19,
2010-06-26,42,How I Got To Be This Way,Justin Moore,48,3,Gains In Performance
2010-06-26,43,Chillin',Blaine Larsen,44,17,
2010-06-26,44,Ain't Much Left Of Lovin' You,Randy Montana,45,13,
2010-06-26,45,Summer Thing,Troy Olsen,46,7,Gains In Performance
2010-06-26,46,Smoke A Little Smoke,Eric Church,57,4,Gains In Performance
2010-06-26,47,Keep The Change,Darryl Worley,53,4,Gains In Performance
2010-06-26,48,Here Comes Summer,LoCash Cowboys,49,8,
2010-06-26,49,I'm All About It,Randy Houser,51,6,Gains In Performance
2010-06-26,50,Rollin' Through The Sunshine,Trailer Choir,50,9,Gains In Performance
2010-06-26,51,Hold That Thought,Chuck Wicks,52,4,Gains In Performance
2010-06-26,52,Wildflower,The JaneDear Girls,54,7,Gains In Performance
2010-06-26,53,Guinevere,Eli Young Band,47,19,
2010-06-26,54,Real,James Wesley,56,2,Gains In Performance
2010-06-26,55,Trailerhood,Toby Keith,NEW,1,Highest ranking debut|Gains In Performance
2010-06-26,56,Tell Me You Get Lonely,Frankie Ballard,55,3,Gains In Performance
2010-06-26,57,Satisfied,Jewel,59,2,Gains In Performance
2010-06-26,58,From A Table Away,Sunny Sweeney,NEW,1,Gains In Performance
2010-06-26,59,Let's Fight,Thompson Square,60,4,
2010-06-26,60,Chicken & Biscuits,Colt Ford,RE,3,Gains In Performance
2010-07-03,1,The House That Built Me,Miranda Lambert,1,18,
2010-07-03,2,Crazy Town,Jason Aldean,2,18,Gains In Performance
2010-07-03,3,Water,Brad Paisley,3,23,Gains In Performance
2010-07-03,4,Rain Is A Good Thing,Luke Bryan,5,24,Gains In Performance
2010-07-03,5,She Won't Be Lonely Long,Clay Walker,4,32,Gains In Performance
2010-07-03,6,Undo It,Carrie Underwood,6,10,Gains In Performance
2010-07-03,7,I Keep On Loving You,Reba,8,22,Gains In Performance
2010-07-03,8,"Lover, Lover",Jerrod Niemann,10,18,Gains In Performance
2010-07-03,9,I'm In,Keith Urban,9,8,Gains In Performance
2010-07-03,10,Free,Zac Brown Band,12,10,Gains In Performance
2010-07-03,11,Love Like Crazy,Lee Brice,13,44,Gains In Performance
2010-07-03,12,Wrong Baby Wrong,Martina McBride,11,22,Gains In Performance
2010-07-03,13,All About Tonight,Blake Shelton,14,12,Gains In Performance
2010-07-03,14,Pray For You,Jaron And The Long Road To Love,15,30,Gains In Performance
2010-07-03,15,Smile,Uncle Kracker,16,35,Gains In Performance
2010-07-03,16,Little White Church,Little Big Town,17,16,Gains In Performance
2010-07-03,17,Our Kind Of Love,Lady Antebellum,21,5,Gains In Performance
2010-07-03,18,"Work Hard, Play Harder",Gretchen Wilson,18,34,Gains In Performance
2010-07-03,19,All Over Me,Josh Turner,20,11,Gains In Performance
2010-07-03,20,This Ain't Nothin',Craig Morgan,19,23,Gains In Performance
2010-07-03,21,Pretty Good At Drinkin' Beer,Billy Currington,22,5,Gains In Performance
2010-07-03,22,Get Off On The Pain,Gary Allan,23,13,Gains In Performance
2010-07-03,23,A Father's Love (The Only Way He Knew How),Bucky Covington,26,13,Gains In Performance
2010-07-03,24,Hard Hat And A Hammer,Alan Jackson,25,10,Gains In Performance
2010-07-03,25,Turning Home,David Nail,27,21,Gains In Performance
2010-07-03,26,Up On The Ridge,Dierks Bentley,24,10,
2010-07-03,27,Roll With It,Easton Corbin,28,10,Gains In Performance
2010-07-03,28,Way Out Here,Josh Thompson,30,15,Gains In Performance
2010-07-03,29,Farmer's Daughter,Rodney Atkins,31,12,Gains In Performance
2010-07-03,30,Groovy Little Summer Song,James Otto,32,15,Gains In Performance
2010-07-03,31,Makin' Me Fall In Love Again,Kellie Pickler,34,9,Gains In Performance
2010-07-03,32,Sunshine (Everybody Needs A Little),Steve Azar,37,18,Gains In Performance
2010-07-03,33,This Ain't No Love Song,Trace Adkins,38,6,Gains In Performance
2010-07-03,34,While You're Still Young,Montgomery Gentry,33,9,
2010-07-03,35,If I Die Young,The Band Perry,36,6,Gains In Performance
2010-07-03,36,Pound Sign (#?*!),Kevin Fowler,40,10,Gains In Performance
2010-07-03,37,Tell Me,Jake Owen,35,11,
2010-07-03,38,How I Got To Be This Way,Justin Moore,42,4,Gains In Performance
2010-07-03,39,The World Is Ours Tonight,Gloriana,39,14,
2010-07-03,40,Chillin',Blaine Larsen,43,18,
2010-07-03,41,Ain't Much Left Of Lovin' You,Randy Montana,44,14,
2010-07-03,42,Summer Thing,Troy Olsen,45,8,Gains In Performance
2010-07-03,43,Giddy On Up,Laura Bell Bundy,41,20,
2010-07-03,44,Smoke A Little Smoke,Eric Church,46,5,Gains In Performance
2010-07-03,45,Here Comes Summer,LoCash Cowboys,48,9,Gains In Performance
2010-07-03,46,Trailerhood,Toby Keith,55,2,Gains In Performance
2010-07-03,47,Wildflower,The JaneDear Girls,52,8,Gains In Performance
2010-07-03,48,Keep The Change,Darryl Worley,47,5,Gains In Performance
2010-07-03,49,I'm All About It,Randy Houser,49,7,Gains In Performance
2010-07-03,50,Real,James Wesley,54,3,Gains In Performance
2010-07-03,51,Hold That Thought,Chuck Wicks,51,5,Gains In Performance
2010-07-03,52,Rollin' Through The Sunshine,Trailer Choir,50,10,
2010-07-03,53,Tell Me You Get Lonely,Frankie Ballard,56,4,Gains In Performance
2010-07-03,54,From A Table Away,Sunny Sweeney,58,2,Gains In Performance
2010-07-03,55,Too Late For Goodbye,Randy Rogers Band,NEW,1,Highest ranking debut|Gains In Performance
2010-07-03,56,Just Fine,Bomshel,NEW,1,Gains In Performance
2010-07-03,57,Just By Being You (Halo And Wings),Steel Magnolia,NEW,1,Gains In Performance
2010-07-03,58,The Breath You Take,George Strait,NEW,1,Gains In Performance
2010-07-03,59,Satisfied,Jewel,57,3,
2010-07-03,60,Guinevere,Eli Young Band,53,20,
2010-07-10,1,Water,Brad Paisley,3,24,Gains In Performance
2010-07-10,2,Crazy Town,Jason Aldean,2,19,Gains In Performance
2010-07-10,3,The House That Built Me,Miranda Lambert,1,19,
2010-07-10,4,Rain Is A Good Thing,Luke Bryan,4,25,Gains In Performance
2010-07-10,5,She Won't Be Lonely Long,Clay Walker,5,33,Gains In Performance
2010-07-10,6,Undo It,Carrie Underwood,6,11,Gains In Performance
2010-07-10,7,I'm In,Keith Urban,9,9,Gains In Performance
2010-07-10,8,"Lover, Lover",Jerrod Niemann,8,19,Gains In Performance
2010-07-10,9,I Keep On Loving You,Reba,7,23,
2010-07-10,10,Free,Zac Brown Band,10,11,Gains In Performance
2010-07-10,11,Love Like Crazy,Lee Brice,11,45,Gains In Performance
2010-07-10,12,All About Tonight,Blake Shelton,13,13,Gains In Performance
2010-07-10,13,Wrong Baby Wrong,Martina McBride,12,23,
2010-07-10,14,Pray For You,Jaron And The Long Road To Love,14,31,Gains In Performance
2010-07-10,15,Smile,Uncle Kracker,15,36,Gains In Performance
2010-07-10,16,Our Kind Of Love,Lady Antebellum,17,6,Greatest gainer this week|Gains In Performance
2010-07-10,17,Little White Church,Little Big Town,16,17,Gains In Performance
2010-07-10,18,Pretty Good At Drinkin' Beer,Billy Currington,21,6,Gains In Performance
2010-07-10,19,"Work Hard, Play Harder",Gretchen Wilson,18,35,Gains In Performance
2010-07-10,20,This Ain't Nothin',Craig Morgan,20,24,Gains In Performance
2010-07-10,21,All Over Me,Josh Turner,19,12,Gains In Performance
2010-07-10,22,Get Off On The Pain,Gary Allan,22,14,Gains In Performance
2010-07-10,23,Hard Hat And A Hammer,Alan Jackson,24,11,Gains In Performance
2010-07-10,24,Up On The Ridge,Dierks Bentley,26,11,Gains In Performance
2010-07-10,25,A Father's Love (The Only Way He Knew How),Bucky Covington,23,14,
2010-07-10,26,Roll With It,Easton Corbin,27,11,Gains In Performance
2010-07-10,27,Turning Home,David Nail,25,22,Gains In Performance
2010-07-10,28,Way Out Here,Josh Thompson,28,16,Gains In Performance
2010-07-10,29,Farmer's Daughter,Rodney Atkins,29,13,Gains In Performance
2010-07-10,30,Groovy Little Summer Song,James Otto,30,16,Gains In Performance
2010-07-10,31,Sunshine (Everybody Needs A Little),Steve Azar,32,19,Gains In Performance
2010-07-10,32,If I Die Young,The Band Perry,35,7,Gains In Performance
2010-07-10,33,Makin' Me Fall In Love Again,Kellie Pickler,31,10,Gains In Performance
2010-07-10,34,This Ain't No Love Song,Trace Adkins,33,7,Gains In Performance
2010-07-10,35,While You're Still Young,Montgomery Gentry,34,10,Gains In Performance
2010-07-10,36,Pound Sign (#?*!),Kevin Fowler,36,11,Gains In Performance
2010-07-10,37,How I Got To Be This Way,Justin Moore,38,5,Gains In Performance
2010-07-10,38,Tell Me,Jake Owen,37,12,
2010-07-10,39,Chillin',Blaine Larsen,40,19,Gains In Performance
2010-07-10,40,Ain't Much Left Of Lovin' You,Randy Montana,41,15,Gains In Performance
2010-07-10,41,Summer Thing,Troy Olsen,42,9,Gains In Performance
2010-07-10,42,Trailerhood,Toby Keith,46,3,Gains In Performance
2010-07-10,43,Smoke A Little Smoke,Eric Church,44,6,
2010-07-10,44,Come Back Song,Darius Rucker,NEW,1,Highest ranking debut|Gains In Performance
2010-07-10,45,Here Comes Summer,LoCash Cowboys,45,10,Gains In Performance
2010-07-10,46,Hold That Thought,Chuck Wicks,51,6,Gains In Performance
2010-07-10,47,Wildflower,The JaneDear Girls,47,9,Gains In Performance
2010-07-10,48,Real,James Wesley,50,4,Gains In Performance
2010-07-10,49,Keep The Change,Darryl Worley,48,6,
2010-07-10,50,Too Late For Goodbye,Randy Rogers Band,55,2,Gains In Performance
2010-07-10,51,Tell Me You Get Lonely,Frankie Ballard,53,5,Gains In Performance
2010-07-10,52,I'm All About It,Randy Houser,49,8,
2010-07-10,53,Just By Being You (Halo And Wings),Steel Magnolia,57,2,Gains In Performance
2010-07-10,54,From A Table Away,Sunny Sweeney,54,3,Gains In Performance
2010-07-10,55,Just Fine,Bomshel,56,2,Gains In Performance
2010-07-10,56,The Breath You Take,George Strait,58,2,
2010-07-10,57,Satisfied,Jewel,59,4,Gains In Performance
2010-07-10,58,Not That Far Away,Jennette McCurdy,NEW,1,Gains In Performance
2010-07-10,59,Makes Me Go (La La),Williams Riley,NEW,1,Gains In Performance
2010-07-10,60,"Hey, Soul Sister",Train,NEW,1,Gains In Performance
2010-07-17,1,Water,Brad Paisley,1,25,
2010-07-17,2,Crazy Town,Jason Aldean,2,20,
2010-07-17,3,Rain Is A Good Thing,Luke Bryan,4,26,Gains In Performance
2010-07-17,4,She Won't Be Lonely Long,Clay Walker,5,34,Gains In Performance
2010-07-17,5,Undo It,Carrie Underwood,6,12,Gains In Performance
2010-07-17,6,The House That Built Me,Miranda Lambert,3,20,
2010-07-17,7,I'm In,Keith Urban,7,10,Gains In Performance
2010-07-17,8,"Lover, Lover",Jerrod Niemann,8,20,Gains In Performance
2010-07-17,9,Free,Zac Brown Band,10,12,Gains In Performance
2010-07-17,10,Love Like Crazy,Lee Brice,11,46,Gains In Performance
2010-07-17,11,All About Tonight,Blake Shelton,12,14,Gains In Performance
2010-07-17,12,Smile,Uncle Kracker,15,37,Gains In Performance
2010-07-17,13,Pray For You,Jaron And The Long Road To Love,14,32,Gains In Performance
2010-07-17,14,Our Kind Of Love,Lady Antebellum,16,7,Gains In Performance
2010-07-17,15,Pretty Good At Drinkin' Beer,Billy Currington,18,7,Gains In Performance
2010-07-17,16,Little White Church,Little Big Town,17,18,Gains In Performance
2010-07-17,17,All Over Me,Josh Turner,21,13,Gains In Performance
2010-07-17,18,This Ain't Nothin',Craig Morgan,20,25,Gains In Performance
2010-07-17,19,Hard Hat And A Hammer,Alan Jackson,23,12,Gains In Performance
2010-07-17,20,Get Off On The Pain,Gary Allan,22,15,Gains In Performance
2010-07-17,21,Roll With It,Easton Corbin,26,12,Gains In Performance
2010-07-17,22,Up On The Ridge,Dierks Bentley,24,12,Gains In Performance
2010-07-17,23,A Father's Love (The Only Way He Knew How),Bucky Covington,25,15,Gains In Performance
2010-07-17,24,Turning Home,David Nail,27,23,Gains In Performance
2010-07-17,25,Way Out Here,Josh Thompson,28,17,Gains In Performance
2010-07-17,26,Farmer's Daughter,Rodney Atkins,29,14,Gains In Performance
2010-07-17,27,If I Die Young,The Band Perry,32,8,Gains In Performance
2010-07-17,28,Groovy Little Summer Song,James Otto,30,17,Gains In Performance
2010-07-17,29,Sunshine (Everybody Needs A Little),Steve Azar,31,20,Gains In Performance
2010-07-17,30,Makin' Me Fall In Love Again,Kellie Pickler,33,11,Gains In Performance
2010-07-17,31,This Ain't No Love Song,Trace Adkins,34,8,Gains In Performance
2010-07-17,32,How I Got To Be This Way,Justin Moore,37,6,Gains In Performance
2010-07-17,33,While You're Still Young,Montgomery Gentry,35,11,Gains In Performance
2010-07-17,34,Pound Sign (#?*!),Kevin Fowler,36,12,Gains In Performance
2010-07-17,35,Come Back Song,Darius Rucker,44,2,Gains In Performance
2010-07-17,36,Trailerhood,Toby Keith,42,4,Gains In Performance
2010-07-17,37,Ain't Much Left Of Lovin' You,Randy Montana,40,16,Gains In Performance
2010-07-17,38,Chillin',Blaine Larsen,39,20,Gains In Performance
2010-07-17,39,Smoke A Little Smoke,Eric Church,43,7,Gains In Performance
2010-07-17,40,Summer Thing,Troy Olsen,41,10,
2010-07-17,41,Here Comes Summer,LoCash Cowboys,45,11,Gains In Performance
2010-07-17,42,Hold That Thought,Chuck Wicks,46,7,Gains In Performance
2010-07-17,43,Wildflower,The JaneDear Girls,47,10,Gains In Performance
2010-07-17,44,The Breath You Take,George Strait,56,3,Gains In Performance
2010-07-17,45,Only Prettier,Miranda Lambert,NEW,1,Highest ranking debut|Gains In Performance
2010-07-17,46,Just By Being You (Halo And Wings),Steel Magnolia,53,3,Gains In Performance
2010-07-17,47,Real,James Wesley,48,5,Gains In Performance
2010-07-17,48,Keep The Change,Darryl Worley,49,7,Gains In Performance
2010-07-17,49,Too Late For Goodbye,Randy Rogers Band,50,3,Gains In Performance
2010-07-17,50,From A Table Away,Sunny Sweeney,54,4,Gains In Performance
2010-07-17,51,Tell Me You Get Lonely,Frankie Ballard,51,6,Gains In Performance
2010-07-17,52,Country Done Come To Town,John Rich,NEW,1,Gains In Performance
2010-07-17,53,I Will Not Say Goodbye,Danny Gokey,NEW,1,Gains In Performance
2010-07-17,54,"Hey, Soul Sister",Train,60,2,Gains In Performance
2010-07-17,55,Just Fine,Bomshel,55,3,
2010-07-17,56,I'm All About It,Randy Houser,52,9,
2010-07-17,57,Satisfied,Jewel,57,5,
2010-07-17,58,A Different Kind Of Fine,Zac Brown Band,NEW,1,Gains In Performance
2010-07-17,59,He Better Be Dead,Stealing Angels,NEW,1,Gains In Performance
2010-07-17,60,Swingin',LeAnn Rimes,NEW,1,Gains In Performance
2010-07-24,1,Rain Is A Good Thing,Luke Bryan,3,27,Gains In Performance
2010-07-24,2,Water,Brad Paisley,1,26,
2010-07-24,3,Undo It,Carrie Underwood,5,13,Gains In Performance
2010-07-24,4,Crazy Town,Jason Aldean,2,21,
2010-07-24,5,She Won't Be Lonely Long,Clay Walker,4,35,
2010-07-24,6,The House That Built Me,Miranda Lambert,6,21,
2010-07-24,7,"Lover, Lover",Jerrod Niemann,8,21,Gains In Performance
2010-07-24,8,Free,Zac Brown Band,9,13,Gains In Performance
2010-07-24,9,I'm In,Keith Urban,7,11,Gains In Performance
2010-07-24,10,All About Tonight,Blake Shelton,11,15,Gains In Performance
2010-07-24,11,Love Like Crazy,Lee Brice,10,47,Gains In Performance
2010-07-24,12,Pretty Good At Drinkin' Beer,Billy Currington,15,8,Gains In Performance
2010-07-24,13,Our Kind Of Love,Lady Antebellum,14,8,Gains In Performance
2010-07-24,14,Smile,Uncle Kracker,12,38,Gains In Performance
2010-07-24,15,Little White Church,Little Big Town,16,19,Gains In Performance
2010-07-24,16,All Over Me,Josh Turner,17,14,Gains In Performance
2010-07-24,17,This Ain't Nothin',Craig Morgan,18,26,Gains In Performance
2010-07-24,18,Roll With It,Easton Corbin,21,13,Gains In Performance
2010-07-24,19,Hard Hat And A Hammer,Alan Jackson,19,13,Gains In Performance
2010-07-24,20,Get Off On The Pain,Gary Allan,20,16,Gains In Performance
2010-07-24,21,Up On The Ridge,Dierks Bentley,22,13,Gains In Performance
2010-07-24,22,Turning Home,David Nail,24,24,Gains In Performance
2010-07-24,23,A Father's Love (The Only Way He Knew How),Bucky Covington,23,16,Gains In Performance
2010-07-24,24,Farmer's Daughter,Rodney Atkins,26,15,Gains In Performance
2010-07-24,25,Way Out Here,Josh Thompson,25,18,Gains In Performance
2010-07-24,26,Come Back Song,Darius Rucker,35,3,Gains In Performance
2010-07-24,27,If I Die Young,The Band Perry,27,9,Gains In Performance
2010-07-24,28,Groovy Little Summer Song,James Otto,28,18,Gains In Performance
2010-07-24,29,Sunshine (Everybody Needs A Little),Steve Azar,29,21,Gains In Performance
2010-07-24,30,This Ain't No Love Song,Trace Adkins,31,9,Gains In Performance
2010-07-24,31,Makin' Me Fall In Love Again,Kellie Pickler,30,12,Gains In Performance
2010-07-24,32,While You're Still Young,Montgomery Gentry,33,12,Gains In Performance
2010-07-24,33,How I Got To Be This Way,Justin Moore,32,7,Gains In Performance
2010-07-24,34,Trailerhood,Toby Keith,36,5,Gains In Performance
2010-07-24,35,Pound Sign (#?*!),Kevin Fowler,34,13,Gains In Performance
2010-07-24,36,Ain't Much Left Of Lovin' You,Randy Montana,37,17,Gains In Performance
2010-07-24,37,Only Prettier,Miranda Lambert,45,2,Gains In Performance
2010-07-24,38,The Breath You Take,George Strait,44,4,Gains In Performance
2010-07-24,39,Smoke A Little Smoke,Eric Church,39,8,Gains In Performance
2010-07-24,40,Summer Thing,Troy Olsen,40,11,Gains In Performance
2010-07-24,41,Just By Being You (Halo And Wings),Steel Magnolia,46,4,Gains In Performance
2010-07-24,42,I Will Not Say Goodbye,Danny Gokey,53,2,Gains In Performance
2010-07-24,43,Hold That Thought,Chuck Wicks,42,8,Gains In Performance
2010-07-24,44,Here Comes Summer,LoCash Cowboys,41,12,Gains In Performance
2010-07-24,45,Wildflower,The JaneDear Girls,43,11,Gains In Performance
2010-07-24,46,Keep The Change,Darryl Worley,48,8,Gains In Performance
2010-07-24,47,Real,James Wesley,47,6,Gains In Performance
2010-07-24,48,From A Table Away,Sunny Sweeney,50,5,Gains In Performance
2010-07-24,49,Too Late For Goodbye,Randy Rogers Band,49,4,Gains In Performance
2010-07-24,50,Tell Me You Get Lonely,Frankie Ballard,51,7,Gains In Performance
2010-07-24,51,Country Done Come To Town,John Rich,52,2,
2010-07-24,52,"Hey, Soul Sister",Train,54,3,Gains In Performance
2010-07-24,53,Just Fine,Bomshel,55,4,Gains In Performance
2010-07-24,54,Turn On The Radio,Reba,NEW,1,Highest ranking debut|Gains In Performance
2010-07-24,55,A Different Kind Of Fine,Zac Brown Band,58,2,Gains In Performance
2010-07-24,56,Voices,Chris Young,RE,21,Gains In Performance
2010-07-24,57,Swingin',LeAnn Rimes,60,2,Gains In Performance
2010-07-24,58,Satisfied,Jewel,57,6,
2010-07-24,59,One Thing Beautiful,Rocket Club,NEW,1,Gains In Performance
2010-07-24,60,Not That Far Away,Jennette McCurdy,RE,2,
2010-07-31,1,Rain Is A Good Thing,Luke Bryan,1,28,Gains In Performance
2010-07-31,2,Undo It,Carrie Underwood,3,14,Gains In Performance
2010-07-31,3,"Lover, Lover",Jerrod Niemann,7,22,Gains In Performance
2010-07-31,4,Water,Brad Paisley,2,27,
2010-07-31,5,Free,Zac Brown Band,8,14,Gains In Performance
2010-07-31,6,I'm In,Keith Urban,9,12,Gains In Performance
2010-07-31,7,She Won't Be Lonely Long,Clay Walker,5,36,
2010-07-31,8,Crazy Town,Jason Aldean,4,22,
2010-07-31,9,All About Tonight,Blake Shelton,10,16,Gains In Performance
2010-07-31,10,Love Like Crazy,Lee Brice,11,48,Gains In Performance
2010-07-31,11,Pretty Good At Drinkin' Beer,Billy Currington,12,9,Gains In Performance
2010-07-31,12,Our Kind Of Love,Lady Antebellum,13,9,Gains In Performance
2010-07-31,13,Smile,Uncle Kracker,14,39,Gains In Performance
2010-07-31,14,Little White Church,Little Big Town,15,20,Gains In Performance
2010-07-31,15,All Over Me,Josh Turner,16,15,Gains In Performance
2010-07-31,16,This Ain't Nothin',Craig Morgan,17,27,Gains In Performance
2010-07-31,17,The Boys of Fall,Kenny Chesney,NEW,1,
2010-07-31,18,Roll With It,Easton Corbin,18,14,Gains In Performance
2010-07-31,19,Hard Hat And A Hammer,Alan Jackson,19,14,Gains In Performance
2010-07-31,20,Come Back Song,Darius Rucker,26,4,Gains In Performance
2010-07-31,21,Get Off On The Pain,Gary Allan,20,17,Gains In Performance
2010-07-31,22,Turning Home,David Nail,22,25,Gains In Performance
2010-07-31,23,Up On The Ridge,Dierks Bentley,21,14,
2010-07-31,24,Farmer's Daughter,Rodney Atkins,24,16,Gains In Performance
2010-07-31,25,Way Out Here,Josh Thompson,25,19,Gains In Performance
2010-07-31,26,A Father's Love (The Only Way He Knew How),Bucky Covington,23,17,
2010-07-31,27,If I Die Young,The Band Perry,27,10,Gains In Performance
2010-07-31,28,Groovy Little Summer Song,James Otto,28,19,Gains In Performance
2010-07-31,29,Sunshine (Everybody Needs A Little),Steve Azar,29,22,Gains In Performance
2010-07-31,30,Trailerhood,Toby Keith,34,6,Gains In Performance
2010-07-31,31,How I Got To Be This Way,Justin Moore,33,8,Gains In Performance
2010-07-31,32,This Ain't No Love Song,Trace Adkins,30,10,Gains In Performance
2010-07-31,33,The Breath You Take,George Strait,38,5,Gains In Performance
2010-07-31,34,Makin' Me Fall In Love Again,Kellie Pickler,31,13,Gains In Performance
2010-07-31,35,While You're Still Young,Montgomery Gentry,32,13,
2010-07-31,36,Pound Sign (#?*!),Kevin Fowler,35,14,Gains In Performance
2010-07-31,37,Ain't Much Left Of Lovin' You,Randy Montana,36,18,Gains In Performance
2010-07-31,38,Only Prettier,Miranda Lambert,37,3,Gains In Performance
2010-07-31,39,Smoke A Little Smoke,Eric Church,39,9,Gains In Performance
2010-07-31,40,Summer Thing,Troy Olsen,40,12,Gains In Performance
2010-07-31,41,Turn On The Radio,Reba,54,2,Gains In Performance
2010-07-31,42,Just By Being You (Halo And Wings),Steel Magnolia,41,5,Gains In Performance
2010-07-31,43,I Will Not Say Goodbye,Danny Gokey,42,3,Gains In Performance
2010-07-31,44,Wildflower,The JaneDear Girls,45,12,Gains In Performance
2010-07-31,45,Hold That Thought,Chuck Wicks,43,9,Gains In Performance
2010-07-31,46,Here Comes Summer,LoCash Cowboys,44,13,Gains In Performance
2010-07-31,47,Too Late For Goodbye,Randy Rogers Band,49,5,Gains In Performance
2010-07-31,48,Keep The Change,Darryl Worley,46,9,Gains In Performance
2010-07-31,49,Tell Me You Get Lonely,Frankie Ballard,50,8,Gains In Performance
2010-07-31,50,From A Table Away,Sunny Sweeney,48,6,Gains In Performance
2010-07-31,51,Real,James Wesley,47,7,Gains In Performance
2010-07-31,52,Country Done Come To Town,John Rich,51,3,Gains In Performance
2010-07-31,53,Voices,Chris Young,56,22,Gains In Performance
2010-07-31,54,"Hey, Soul Sister",Train,52,4,
2010-07-31,55,Good To Be Me,Uncle Kracker Featuring Kid Rock,NEW,1,Gains In Performance
2010-07-31,56,Just Fine,Bomshel,53,5,
2010-07-31,57,One Thing Beautiful,Rocket Club,59,2,Gains In Performance
2010-07-31,58,Boys In The Summer,Jessie James,NEW,1,Gains In Performance
2010-07-31,59,Swingin',LeAnn Rimes,57,3,Gains In Performance
2010-07-31,60,Satisfied,Jewel,58,7,Gains In Performance
2010-08-07,1,Undo It,Carrie Underwood,2,15,Gains In Performance
2010-08-07,2,Free,Zac Brown Band,5,15,Gains In Performance
2010-08-07,3,"Lover, Lover",Jerrod Niemann,3,23,Gains In Performance
2010-08-07,4,Rain Is A Good Thing,Luke Bryan,1,29,
2010-08-07,5,I'm In,Keith Urban,6,13,Gains In Performance
2010-08-07,6,All About Tonight,Blake Shelton,9,17,Gains In Performance
2010-08-07,7,Love Like Crazy,Lee Brice,10,49,Gains In Performance
2010-08-07,8,Pretty Good At Drinkin' Beer,Billy Currington,11,10,Gains In Performance
2010-08-07,9,Water,Brad Paisley,4,28,
2010-08-07,10,Our Kind Of Love,Lady Antebellum,12,10,Gains In Performance
2010-08-07,11,Smile,Uncle Kracker,13,40,Gains In Performance
2010-08-07,12,All Over Me,Josh Turner,15,16,Gains In Performance
2010-08-07,13,The Boys of Fall,Kenny Chesney,17,2,Gains In Performance
2010-08-07,14,Little White Church,Little Big Town,14,21,Gains In Performance
2010-08-07,15,This Ain't Nothin',Craig Morgan,16,28,Gains In Performance
2010-08-07,16,Roll With It,Easton Corbin,18,15,Gains In Performance
2010-08-07,17,Come Back Song,Darius Rucker,20,5,Gains In Performance
2010-08-07,18,Hard Hat And A Hammer,Alan Jackson,19,15,Gains In Performance
2010-08-07,19,Get Off On The Pain,Gary Allan,21,18,Gains In Performance
2010-08-07,20,Farmer's Daughter,Rodney Atkins,24,17,Gains In Performance
2010-08-07,21,Turning Home,David Nail,22,26,Gains In Performance
2010-08-07,22,Way Out Here,Josh Thompson,25,20,Gains In Performance
2010-08-07,23,Up On The Ridge,Dierks Bentley,23,15,
2010-08-07,24,If I Die Young,The Band Perry,27,11,Gains In Performance
2010-08-07,25,Trailerhood,Toby Keith,30,7,Gains In Performance
2010-08-07,26,The Breath You Take,George Strait,33,6,Gains In Performance
2010-08-07,27,Groovy Little Summer Song,James Otto,28,20,Gains In Performance
2010-08-07,28,How I Got To Be This Way,Justin Moore,31,9,Gains In Performance
2010-08-07,29,Sunshine (Everybody Needs A Little),Steve Azar,29,23,Gains In Performance
2010-08-07,30,This Ain't No Love Song,Trace Adkins,32,11,Gains In Performance
2010-08-07,31,Makin' Me Fall In Love Again,Kellie Pickler,34,14,Gains In Performance
2010-08-07,32,Turn On The Radio,Reba,41,3,Gains In Performance
2010-08-07,33,A Father's Love (The Only Way He Knew How),Bucky Covington,26,18,
2010-08-07,34,While You're Still Young,Montgomery Gentry,35,14,Gains In Performance
2010-08-07,35,Only Prettier,Miranda Lambert,38,4,Gains In Performance
2010-08-07,36,Pound Sign (#?*!),Kevin Fowler,36,15,Gains In Performance
2010-08-07,37,Smoke A Little Smoke,Eric Church,39,10,Gains In Performance
2010-08-07,38,Ain't Much Left Of Lovin' You,Randy Montana,37,19,
2010-08-07,39,Summer Thing,Troy Olsen,40,13,Gains In Performance
2010-08-07,40,Just By Being You (Halo And Wings),Steel Magnolia,42,6,Gains In Performance
2010-08-07,41,I Will Not Say Goodbye,Danny Gokey,43,4,Gains In Performance
2010-08-07,42,Wildflower,The JaneDear Girls,44,13,Gains In Performance
2010-08-07,43,Hold That Thought,Chuck Wicks,45,10,Gains In Performance
2010-08-07,44,Stuck Like Glue,Sugarland,NEW,1,Highest ranking debut|Gains In Performance
2010-08-07,45,Voices,Chris Young,53,23,Gains In Performance
2010-08-07,46,From A Table Away,Sunny Sweeney,50,7,Gains In Performance
2010-08-07,47,Too Late For Goodbye,Randy Rogers Band,47,6,
2010-08-07,48,Real,James Wesley,51,8,Gains In Performance
2010-08-07,49,Tell Me You Get Lonely,Frankie Ballard,49,9,
2010-08-07,50,Keep The Change,Darryl Worley,48,10,
2010-08-07,51,Country Done Come To Town,John Rich,52,4,Gains In Performance
2010-08-07,52,Here Comes Summer,LoCash Cowboys,46,14,
2010-08-07,53,Good To Be Me,Uncle Kracker Featuring Kid Rock,55,2,Gains In Performance
2010-08-07,54,He Better Be Dead,Stealing Angels,RE,2,Gains In Performance
2010-08-07,55,The Shape I'm In,Joe Nichols,NEW,1,Gains In Performance
2010-08-07,56,Just Fine,Bomshel,56,6,
2010-08-07,57,Are You Gonna Kiss Me Or Not,Thompson Square,NEW,1,Gains In Performance
2010-08-07,58,Boys In The Summer,Jessie James,58,2,Gains In Performance
2010-08-07,59,One Thing Beautiful,Rocket Club,57,3,Gains In Performance
2010-08-07,60,A Different Kind Of Fine,Zac Brown Band,RE,3,Gains In Performance
2010-08-14,1,"Lover, Lover",Jerrod Niemann,3,24,Gains In Performance
2010-08-14,2,Free,Zac Brown Band,2,16,Gains In Performance
2010-08-14,3,I'm In,Keith Urban,5,14,Gains In Performance
2010-08-14,4,Undo It,Carrie Underwood,1,16,
2010-08-14,5,All About Tonight,Blake Shelton,6,18,Gains In Performance
2010-08-14,6,Love Like Crazy,Lee Brice,7,50,Gains In Performance
2010-08-14,7,Pretty Good At Drinkin' Beer,Billy Currington,8,11,Gains In Performance
2010-08-14,8,Our Kind Of Love,Lady Antebellum,10,11,Gains In Performance
2010-08-14,9,Rain Is A Good Thing,Luke Bryan,4,30,
2010-08-14,10,Smile,Uncle Kracker,11,41,Gains In Performance
2010-08-14,11,The Boys of Fall,Kenny Chesney,13,3,Gains In Performance
2010-08-14,12,All Over Me,Josh Turner,12,17,Gains In Performance
2010-08-14,13,Roll With It,Easton Corbin,16,16,Gains In Performance
2010-08-14,14,Little White Church,Little Big Town,14,22,Gains In Performance
2010-08-14,15,This Ain't Nothin',Craig Morgan,15,29,Gains In Performance
2010-08-14,16,Come Back Song,Darius Rucker,17,6,Gains In Performance
2010-08-14,17,Hard Hat And A Hammer,Alan Jackson,18,16,Gains In Performance
2010-08-14,18,Get Off On The Pain,Gary Allan,19,19,Gains In Performance
2010-08-14,19,Farmer's Daughter,Rodney Atkins,20,18,Gains In Performance
2010-08-14,20,Turning Home,David Nail,21,27,Gains In Performance
2010-08-14,21,Way Out Here,Josh Thompson,22,21,Gains In Performance
2010-08-14,22,Stuck Like Glue,Sugarland,44,2,Gains In Performance
2010-08-14,23,If I Die Young,The Band Perry,24,12,Gains In Performance
2010-08-14,24,The Breath You Take,George Strait,26,7,Gains In Performance
2010-08-14,25,Trailerhood,Toby Keith,25,8,Gains In Performance
2010-08-14,26,How I Got To Be This Way,Justin Moore,28,10,Gains In Performance
2010-08-14,27,Groovy Little Summer Song,James Otto,27,21,Gains In Performance
2010-08-14,28,Turn On The Radio,Reba,32,4,Gains In Performance
2010-08-14,29,This Ain't No Love Song,Trace Adkins,30,12,Gains In Performance
2010-08-14,30,Sunshine (Everybody Needs A Little),Steve Azar,29,24,Gains In Performance
2010-08-14,31,Makin' Me Fall In Love Again,Kellie Pickler,31,15,Gains In Performance
2010-08-14,32,Only Prettier,Miranda Lambert,35,5,Gains In Performance
2010-08-14,33,While You're Still Young,Montgomery Gentry,34,15,
2010-08-14,34,Why Wait,Rascal Flatts,NEW,1,Highest ranking debut|Gains In Performance
2010-08-14,35,Smoke A Little Smoke,Eric Church,37,11,Gains In Performance
2010-08-14,36,Pound Sign (#?*!),Kevin Fowler,36,16,
2010-08-14,37,Just By Being You (Halo And Wings),Steel Magnolia,40,7,Gains In Performance
2010-08-14,38,Summer Thing,Troy Olsen,39,14,Gains In Performance
2010-08-14,39,Ain't Much Left Of Lovin' You,Randy Montana,38,20,
2010-08-14,40,I Will Not Say Goodbye,Danny Gokey,41,5,Gains In Performance
2010-08-14,41,Voices,Chris Young,45,24,Gains In Performance
2010-08-14,42,Wildflower,The JaneDear Girls,42,14,Gains In Performance
2010-08-14,43,Hold That Thought,Chuck Wicks,43,11,Gains In Performance
2010-08-14,44,Real,James Wesley,48,9,Gains In Performance
2010-08-14,45,Tell Me You Get Lonely,Frankie Ballard,49,10,Gains In Performance
2010-08-14,46,From A Table Away,Sunny Sweeney,46,8,
2010-08-14,47,The Shape I'm In,Joe Nichols,55,2,Gains In Performance
2010-08-14,48,Country Done Come To Town,John Rich,51,5,Gains In Performance
2010-08-14,49,Keep The Change,Darryl Worley,50,11,
2010-08-14,50,Too Late For Goodbye,Randy Rogers Band,47,7,
2010-08-14,51,Good To Be Me,Uncle Kracker Featuring Kid Rock,53,3,Gains In Performance
2010-08-14,52,Someone Else Calling You Baby,Luke Bryan,NEW,1,Gains In Performance
2010-08-14,53,Here Comes Summer,LoCash Cowboys,52,15,
2010-08-14,54,One Thing Beautiful,Rocket Club,59,4,Gains In Performance
2010-08-14,55,Country Strong,Gwyneth Paltrow,NEW,1,Gains In Performance
2010-08-14,56,Just Fine,Bomshel,56,7,Gains In Performance
2010-08-14,57,He Better Be Dead,Stealing Angels,54,3,
2010-08-14,58,Are You Gonna Kiss Me Or Not,Thompson Square,57,2,
2010-08-14,59,In The Meantime,Sarah Marince,NEW,1,Gains In Performance
2010-08-14,60,Family Man,Craig Campbell,NEW,1,Gains In Performance
2010-08-21,1,Free,Zac Brown Band,2,17,Gains In Performance
2010-08-21,2,I'm In,Keith Urban,3,15,Gains In Performance
2010-08-21,3,All About Tonight,Blake Shelton,5,19,Gains In Performance
2010-08-21,4,"Lover, Lover",Jerrod Niemann,1,25,
2010-08-21,5,Love Like Crazy,Lee Brice,6,51,Gains In Performance
2010-08-21,6,Undo It,Carrie Underwood,4,17,
2010-08-21,7,Pretty Good At Drinkin' Beer,Billy Currington,7,12,Gains In Performance
2010-08-21,8,Our Kind Of Love,Lady Antebellum,8,12,Gains In Performance
2010-08-21,9,Smile,Uncle Kracker,10,42,Gains In Performance
2010-08-21,10,Rain Is A Good Thing,Luke Bryan,9,31,
2010-08-21,11,The Boys of Fall,Kenny Chesney,11,4,Gains In Performance
2010-08-21,12,Roll With It,Easton Corbin,13,17,Gains In Performance
2010-08-21,13,All Over Me,Josh Turner,12,18,Gains In Performance
2010-08-21,14,Little White Church,Little Big Town,14,23,Gains In Performance
2010-08-21,15,Come Back Song,Darius Rucker,16,7,Gains In Performance
2010-08-21,16,This Ain't Nothin',Craig Morgan,15,30,Gains In Performance
2010-08-21,17,Stuck Like Glue,Sugarland,22,3,Gains In Performance
2010-08-21,18,Hard Hat And A Hammer,Alan Jackson,17,17,Gains In Performance
2010-08-21,19,Get Off On The Pain,Gary Allan,18,20,Gains In Performance
2010-08-21,20,Farmer's Daughter,Rodney Atkins,19,19,Gains In Performance
2010-08-21,21,The Breath You Take,George Strait,24,8,Gains In Performance
2010-08-21,22,Way Out Here,Josh Thompson,21,22,Gains In Performance
2010-08-21,23,Turning Home,David Nail,20,28,Gains In Performance
2010-08-21,24,If I Die Young,The Band Perry,23,13,Gains In Performance
2010-08-21,25,Trailerhood,Toby Keith,25,9,Gains In Performance
2010-08-21,26,Mine,Taylor Swift,NEW,1,Highest ranking debut|Gains In Performance
2010-08-21,27,Why Wait,Rascal Flatts,34,2,Gains In Performance
2010-08-21,28,Turn On The Radio,Reba,28,5,Gains In Performance
2010-08-21,29,How I Got To Be This Way,Justin Moore,26,11,Gains In Performance
2010-08-21,30,Groovy Little Summer Song,James Otto,27,22,Gains In Performance
2010-08-21,31,This Ain't No Love Song,Trace Adkins,29,13,Gains In Performance
2010-08-21,32,Sunshine (Everybody Needs A Little),Steve Azar,30,25,Gains In Performance
2010-08-21,33,Makin' Me Fall In Love Again,Kellie Pickler,31,16,Gains In Performance
2010-08-21,34,Only Prettier,Miranda Lambert,32,6,Gains In Performance
2010-08-21,35,While You're Still Young,Montgomery Gentry,33,16,
2010-08-21,36,Smoke A Little Smoke,Eric Church,35,12,
2010-08-21,37,Just By Being You (Halo And Wings),Steel Magnolia,37,8,Gains In Performance
2010-08-21,38,Pound Sign (#?*!),Kevin Fowler,36,17,
2010-08-21,39,I Will Not Say Goodbye,Danny Gokey,40,6,Gains In Performance
2010-08-21,40,Summer Thing,Troy Olsen,38,15,
2010-08-21,41,My Kinda Party,Jason Aldean,NEW,1,Gains In Performance
2010-08-21,42,Anything Like Me,Brad Paisley,NEW,1,Gains In Performance
2010-08-21,43,Voices,Chris Young,41,25,
2010-08-21,44,Hold That Thought,Chuck Wicks,43,12,Gains In Performance
2010-08-21,45,Wildflower,The JaneDear Girls,42,15,
2010-08-21,46,Real,James Wesley,44,10,Gains In Performance
2010-08-21,47,From A Table Away,Sunny Sweeney,46,9,Gains In Performance
2010-08-21,48,Tell Me You Get Lonely,Frankie Ballard,45,11,Gains In Performance
2010-08-21,49,The Shape I'm In,Joe Nichols,47,3,Gains In Performance
2010-08-21,50,Someone Else Calling You Baby,Luke Bryan,52,2,Gains In Performance
2010-08-21,51,Country Done Come To Town,John Rich,48,6,Gains In Performance
2010-08-21,52,Too Late For Goodbye,Randy Rogers Band,50,8,Gains In Performance
2010-08-21,53,Good To Be Me,Uncle Kracker Featuring Kid Rock,51,4,Gains In Performance
2010-08-21,54,Are You Gonna Kiss Me Or Not,Thompson Square,58,3,Gains In Performance
2010-08-21,55,Family Man,Craig Campbell,60,2,Gains In Performance
2010-08-21,56,One Thing Beautiful,Rocket Club,54,5,
2010-08-21,57,He Better Be Dead,Stealing Angels,57,4,
2010-08-21,58,Just Fine,Bomshel,56,8,
2010-08-21,59,A Different Kind Of Fine,Zac Brown Band,RE,4,Gains In Performance
2010-08-21,60,Where Do I Go From You,Clay Walker,NEW,1,Gains In Performance
2010-08-28,1,All About Tonight,Blake Shelton,3,20,Gains In Performance
2010-08-28,2,I'm In,Keith Urban,2,16,Gains In Performance
2010-08-28,3,Free,Zac Brown Band,1,18,
2010-08-28,4,Pretty Good At Drinkin' Beer,Billy Currington,7,13,Gains In Performance
2010-08-28,5,Love Like Crazy,Lee Brice,5,52,Gains In Performance
2010-08-28,6,Our Kind Of Love,Lady Antebellum,8,13,Gains In Performance
2010-08-28,7,"Lover, Lover",Jerrod Niemann,4,26,
2010-08-28,8,Smile,Uncle Kracker,9,43,Gains In Performance
2010-08-28,9,The Boys of Fall,Kenny Chesney,11,5,Gains In Performance
2010-08-28,10,Undo It,Carrie Underwood,6,18,
2010-08-28,11,Roll With It,Easton Corbin,12,18,Gains In Performance
2010-08-28,12,All Over Me,Josh Turner,13,19,Gains In Performance
2010-08-28,13,Little White Church,Little Big Town,14,24,Gains In Performance
2010-08-28,14,Come Back Song,Darius Rucker,15,8,Gains In Performance
2010-08-28,15,This Ain't Nothin',Craig Morgan,16,31,Gains In Performance
2010-08-28,16,Stuck Like Glue,Sugarland,17,4,Gains In Performance
2010-08-28,17,Mine,Taylor Swift,26,2,Greatest gainer this week|Gains In Performance
2010-08-28,18,Why Wait,Rascal Flatts,27,3,Gains In Performance
2010-08-28,19,Farmer's Daughter,Rodney Atkins,20,20,Gains In Performance
2010-08-28,20,Get Off On The Pain,Gary Allan,19,21,Gains In Performance
2010-08-28,21,The Breath You Take,George Strait,21,9,Gains In Performance
2010-08-28,22,Way Out Here,Josh Thompson,22,23,Gains In Performance
2010-08-28,23,If I Die Young,The Band Perry,24,14,Gains In Performance
2010-08-28,24,Hard Hat And A Hammer,Alan Jackson,18,18,
2010-08-28,25,Trailerhood,Toby Keith,25,10,Gains In Performance
2010-08-28,26,Turning Home,David Nail,23,29,
2010-08-28,27,Turn On The Radio,Reba,28,6,Gains In Performance
2010-08-28,28,How I Got To Be This Way,Justin Moore,29,12,Gains In Performance
2010-08-28,29,Groovy Little Summer Song,James Otto,30,23,Gains In Performance
2010-08-28,30,This Ain't No Love Song,Trace Adkins,31,14,Gains In Performance
2010-08-28,31,Sunshine (Everybody Needs A Little),Steve Azar,32,26,Gains In Performance
2010-08-28,32,As She's Walking Away,Zac Brown Band Featuring Alan Jackson,NEW,1,Highest ranking debut|Gains In Performance
2010-08-28,33,Makin' Me Fall In Love Again,Kellie Pickler,33,17,
2010-08-28,34,Only Prettier,Miranda Lambert,34,7,Gains In Performance
2010-08-28,35,Anything Like Me,Brad Paisley,42,2,Gains In Performance
2010-08-28,36,My Kinda Party,Jason Aldean,41,2,Gains In Performance
2010-08-28,37,Smoke A Little Smoke,Eric Church,36,13,
2010-08-28,38,Just By Being You (Halo And Wings),Steel Magnolia,37,9,Gains In Performance
2010-08-28,39,I Will Not Say Goodbye,Danny Gokey,39,7,
2010-08-28,40,Summer Thing,Troy Olsen,40,16,
2010-08-28,41,Voices,Chris Young,43,26,Gains In Performance
2010-08-28,42,Wildflower,The JaneDear Girls,45,16,Gains In Performance
2010-08-28,43,Someone Else Calling You Baby,Luke Bryan,50,3,Gains In Performance
2010-08-28,44,From A Table Away,Sunny Sweeney,47,10,Gains In Performance
2010-08-28,45,Real,James Wesley,46,11,Gains In Performance
2010-08-28,46,Hold That Thought,Chuck Wicks,44,13,
2010-08-28,47,Tell Me You Get Lonely,Frankie Ballard,48,12,Gains In Performance
2010-08-28,48,The Shape I'm In,Joe Nichols,49,4,Gains In Performance
2010-08-28,49,Too Late For Goodbye,Randy Rogers Band,52,9,
2010-08-28,50,Good To Be Me,Uncle Kracker Featuring Kid Rock,53,5,Gains In Performance
2010-08-28,51,Country Done Come To Town,John Rich,51,7,
2010-08-28,52,One Thing Beautiful,Rocket Club,56,6,Gains In Performance
2010-08-28,53,Family Man,Craig Campbell,55,3,Gains In Performance
2010-08-28,54,Are You Gonna Kiss Me Or Not,Thompson Square,54,4,
2010-08-28,55,He Better Be Dead,Stealing Angels,57,5,Gains In Performance
2010-08-28,56,Where Do I Go From You,Clay Walker,60,2,Gains In Performance
2010-08-28,57,Just Fine,Bomshel,58,9,Gains In Performance
2010-08-28,58,Drop On By,Laura Bell Bundy,NEW,1,Gains In Performance
2010-08-28,59,Leavin',Blaine Larsen,NEW,1,Gains In Performance
2010-08-28,60,In The Meantime,Sarah Marince,RE,2,
2010-09-04,1,All About Tonight,Blake Shelton,1,21,
2010-09-04,2,I'm In,Keith Urban,2,17,
2010-09-04,3,Pretty Good At Drinkin' Beer,Billy Currington,4,14,Gains In Performance
2010-09-04,4,Love Like Crazy,Lee Brice,5,53,Gains In Performance
2010-09-04,5,Our Kind Of Love,Lady Antebellum,6,14,Gains In Performance
2010-09-04,6,Free,Zac Brown Band,3,19,
2010-09-04,7,Smile,Uncle Kracker,8,44,Gains In Performance
2010-09-04,8,The Boys of Fall,Kenny Chesney,9,6,Gains In Performance
2010-09-04,9,All Over Me,Josh Turner,12,20,Gains In Performance
2010-09-04,10,Roll With It,Easton Corbin,11,19,Gains In Performance
2010-09-04,11,Little White Church,Little Big Town,13,25,Gains In Performance
2010-09-04,12,Come Back Song,Darius Rucker,14,9,Gains In Performance
2010-09-04,13,This Ain't Nothin',Craig Morgan,15,32,Gains In Performance
2010-09-04,14,Mine,Taylor Swift,17,3,Gains In Performance
2010-09-04,15,Stuck Like Glue,Sugarland,16,5,Gains In Performance
2010-09-04,16,Why Wait,Rascal Flatts,18,4,Gains In Performance
2010-09-04,17,Farmer's Daughter,Rodney Atkins,19,21,Gains In Performance
2010-09-04,18,The Breath You Take,George Strait,21,10,Gains In Performance
2010-09-04,19,Way Out Here,Josh Thompson,22,24,Gains In Performance
2010-09-04,20,If I Die Young,The Band Perry,23,15,Gains In Performance
2010-09-04,21,Trailerhood,Toby Keith,25,11,Gains In Performance
2010-09-04,22,Turn On The Radio,Reba,27,7,Gains In Performance
2010-09-04,23,How I Got To Be This Way,Justin Moore,28,13,Gains In Performance
2010-09-04,24,Anything Like Me,Brad Paisley,35,3,Greatest gainer this week|Gains In Performance
2010-09-04,25,As She's Walking Away,Zac Brown Band Featuring Alan Jackson,32,2,Gains In Performance
2010-09-04,26,Groovy Little Summer Song,James Otto,29,24,
2010-09-04,27,This Ain't No Love Song,Trace Adkins,30,15,Gains In Performance
2010-09-04,28,Sunshine (Everybody Needs A Little),Steve Azar,31,27,Gains In Performance
2010-09-04,29,Only Prettier,Miranda Lambert,34,8,Gains In Performance
2010-09-04,30,My Kinda Party,Jason Aldean,36,3,Gains In Performance
2010-09-04,31,Makin' Me Fall In Love Again,Kellie Pickler,33,18,
2010-09-04,32,Hard Hat And A Hammer,Alan Jackson,24,19,
2010-09-04,33,Smoke A Little Smoke,Eric Church,37,14,Gains In Performance
2010-09-04,34,Just By Being You (Halo And Wings),Steel Magnolia,38,10,Gains In Performance
2010-09-04,35,I Will Not Say Goodbye,Danny Gokey,39,8,Gains In Performance
2010-09-04,36,Voices,Chris Young,41,27,Gains In Performance
2010-09-04,37,Someone Else Calling You Baby,Luke Bryan,43,4,Gains In Performance
2010-09-04,38,Summer Thing,Troy Olsen,40,17,Gains In Performance
2010-09-04,39,Wildflower,The JaneDear Girls,42,17,Gains In Performance
2010-09-04,40,From A Table Away,Sunny Sweeney,44,11,Gains In Performance
2010-09-04,41,Real,James Wesley,45,12,Gains In Performance
2010-09-04,42,The Shape I'm In,Joe Nichols,48,5,Gains In Performance
2010-09-04,43,Tell Me You Get Lonely,Frankie Ballard,47,13,
2010-09-04,44,Country Done Come To Town,John Rich,51,8,Gains In Performance
2010-09-04,45,Hold That Thought,Chuck Wicks,46,14,
2010-09-04,46,Good To Be Me,Uncle Kracker Featuring Kid Rock,50,6,
2010-09-04,47,Family Man,Craig Campbell,53,4,Gains In Performance
2010-09-04,48,Too Late For Goodbye,Randy Rogers Band,49,10,
2010-09-04,49,Are You Gonna Kiss Me Or Not,Thompson Square,54,5,Gains In Performance
2010-09-04,50,Georgia Clay,Josh Kelley,NEW,1,Highest ranking debut|Gains In Performance
2010-09-04,51,He Better Be Dead,Stealing Angels,55,6,Gains In Performance
2010-09-04,52,One Thing Beautiful,Rocket Club,52,7,
2010-09-04,53,Where Do I Go From You,Clay Walker,56,3,Gains In Performance
2010-09-04,54,Drop On By,Laura Bell Bundy,58,2,Gains In Performance
2010-09-04,55,Mama's Song,Carrie Underwood,NEW,1,Gains In Performance
2010-09-04,56,Just Fine,Bomshel,57,10,
2010-09-04,57,Playing The Part,Jamey Johnson,NEW,1,Gains In Performance
2010-09-04,58,Cover Girl,Josh Gracin,NEW,1,Gains In Performance
2010-09-04,59,Leavin',Blaine Larsen,59,2,
2010-09-04,60,Draw Me A Map,Dierks Bentley,NEW,1,Gains In Performance
2010-09-11,1,All About Tonight,Blake Shelton,1,22,
2010-09-11,2,Pretty Good At Drinkin' Beer,Billy Currington,3,15,Gains In Performance
2010-09-11,3,I'm In,Keith Urban,2,18,
2010-09-11,4,Our Kind Of Love,Lady Antebellum,5,15,Gains In Performance
2010-09-11,5,Love Like Crazy,Lee Brice,4,54,Gains In Performance
2010-09-11,6,Smile,Uncle Kracker,7,45,Gains In Performance
2010-09-11,7,The Boys of Fall,Kenny Chesney,8,7,Gains In Performance
2010-09-11,8,All Over Me,Josh Turner,9,21,Gains In Performance
2010-09-11,9,Roll With It,Easton Corbin,10,20,Gains In Performance
2010-09-11,10,Little White Church,Little Big Town,11,26,Gains In Performance
2010-09-11,11,Mine,Taylor Swift,14,4,Gains In Performance
2010-09-11,12,Come Back Song,Darius Rucker,12,10,Gains In Performance
2010-09-11,13,This Ain't Nothin',Craig Morgan,13,33,Gains In Performance
2010-09-11,14,Stuck Like Glue,Sugarland,15,6,Gains In Performance
2010-09-11,15,Why Wait,Rascal Flatts,16,5,Gains In Performance
2010-09-11,16,Farmer's Daughter,Rodney Atkins,17,22,Gains In Performance
2010-09-11,17,The Breath You Take,George Strait,18,11,Gains In Performance
2010-09-11,18,If I Die Young,The Band Perry,20,16,Gains In Performance
2010-09-11,19,Way Out Here,Josh Thompson,19,25,Gains In Performance
2010-09-11,20,Trailerhood,Toby Keith,21,12,Gains In Performance
2010-09-11,21,As She's Walking Away,Zac Brown Band Featuring Alan Jackson,25,3,Greatest gainer this week|Gains In Performance
2010-09-11,22,Anything Like Me,Brad Paisley,24,4,Gains In Performance
2010-09-11,23,Turn On The Radio,Reba,22,8,Gains In Performance
2010-09-11,24,How I Got To Be This Way,Justin Moore,23,14,Gains In Performance
2010-09-11,25,This Ain't No Love Song,Trace Adkins,27,16,Gains In Performance
2010-09-11,26,Only Prettier,Miranda Lambert,29,9,Gains In Performance
2010-09-11,27,My Kinda Party,Jason Aldean,30,4,Gains In Performance
2010-09-11,28,Sunshine (Everybody Needs A Little),Steve Azar,28,28,Gains In Performance
2010-09-11,29,Voices,Chris Young,36,28,Gains In Performance
2010-09-11,30,Just By Being You (Halo And Wings),Steel Magnolia,34,11,Gains In Performance
2010-09-11,31,Smoke A Little Smoke,Eric Church,33,15,Gains In Performance
2010-09-11,32,Someone Else Calling You Baby,Luke Bryan,37,5,Gains In Performance
2010-09-11,33,I Will Not Say Goodbye,Danny Gokey,35,9,Gains In Performance
2010-09-11,34,Wildflower,The JaneDear Girls,39,18,Gains In Performance
2010-09-11,35,Summer Thing,Troy Olsen,38,18,
2010-09-11,36,From A Table Away,Sunny Sweeney,40,12,Gains In Performance
2010-09-11,37,Real,James Wesley,41,13,Gains In Performance
2010-09-11,38,The Shape I'm In,Joe Nichols,42,6,Gains In Performance
2010-09-11,39,Mama's Song,Carrie Underwood,55,2,Gains In Performance
2010-09-11,40,Tell Me You Get Lonely,Frankie Ballard,43,14,Gains In Performance
2010-09-11,41,Country Done Come To Town,John Rich,44,9,Gains In Performance
2010-09-11,42,Family Man,Craig Campbell,47,5,Gains In Performance
2010-09-11,43,Georgia Clay,Josh Kelley,50,2,Gains In Performance
2010-09-11,44,Draw Me A Map,Dierks Bentley,60,2,Gains In Performance
2010-09-11,45,Good To Be Me,Uncle Kracker Featuring Kid Rock,46,7,Gains In Performance
2010-09-11,46,Are You Gonna Kiss Me Or Not,Thompson Square,49,6,Gains In Performance
2010-09-11,47,Where Do I Go From You,Clay Walker,53,4,Gains In Performance
2010-09-11,48,He Better Be Dead,Stealing Angels,51,7,Gains In Performance
2010-09-11,49,Leavin',Blaine Larsen,59,3,Gains In Performance
2010-09-11,50,Drop On By,Laura Bell Bundy,54,3,Gains In Performance
2010-09-11,51,One Thing Beautiful,Rocket Club,52,8,Gains In Performance
2010-09-11,52,Playing The Part,Jamey Johnson,57,2,Gains In Performance
2010-09-11,53,Just Fine,Bomshel,56,11,
2010-09-11,54,Shakin' That Tailgate,Trailer Choir,NEW,1,Highest ranking debut|Gains In Performance
2010-09-11,55,I Got Your Country Right Here,Gretchen Wilson,NEW,1,Gains In Performance
2010-09-11,56,Kiss Me When I'm Down,Gary Allan,NEW,1,Gains In Performance
2010-09-11,57,Cover Girl,Josh Gracin,58,2,
2010-09-11,58,Soldiers & Jesus,James Otto,NEW,1,Gains In Performance
2010-09-11,59,Country Strong,Gwyneth Paltrow,RE,2,Gains In Performance
2010-09-11,60,What You Think About Us,Ashley Gearing,NEW,1,Gains In Performance
2010-09-18,1,Pretty Good At Drinkin' Beer,Billy Currington,2,16,Gains In Performance
2010-09-18,2,Our Kind Of Love,Lady Antebellum,4,16,Gains In Performance
2010-09-18,3,Love Like Crazy,Lee Brice,5,55,
2010-09-18,4,All About Tonight,Blake Shelton,1,23,
2010-09-18,5,The Boys of Fall,Kenny Chesney,7,8,Gains In Performance
2010-09-18,6,Smile,Uncle Kracker,6,46,Gains In Performance
2010-09-18,7,I'm In,Keith Urban,3,19,
2010-09-18,8,All Over Me,Josh Turner,8,22,Gains In Performance
2010-09-18,9,Roll With It,Easton Corbin,9,21,Gains In Performance
2010-09-18,10,Little White Church,Little Big Town,10,27,Gains In Performance
2010-09-18,11,Come Back Song,Darius Rucker,12,11,Gains In Performance
2010-09-18,12,Mine,Taylor Swift,11,5,Gains In Performance
2010-09-18,13,Stuck Like Glue,Sugarland,14,7,Gains In Performance
2010-09-18,14,This Ain't Nothin',Craig Morgan,13,34,Gains In Performance
2010-09-18,15,Why Wait,Rascal Flatts,15,6,Gains In Performance
2010-09-18,16,Farmer's Daughter,Rodney Atkins,16,23,Gains In Performance
2010-09-18,17,The Breath You Take,George Strait,17,12,Gains In Performance
2010-09-18,18,If I Die Young,The Band Perry,18,17,Gains In Performance
2010-09-18,19,As She's Walking Away,Zac Brown Band Featuring Alan Jackson,21,4,Gains In Performance
2010-09-18,20,Way Out Here,Josh Thompson,19,26,Gains In Performance
2010-09-18,21,Anything Like Me,Brad Paisley,22,5,Gains In Performance
2010-09-18,22,Turn On The Radio,Reba,23,9,Gains In Performance
2010-09-18,23,Trailerhood,Toby Keith,20,13,Gains In Performance
2010-09-18,24,How I Got To Be This Way,Justin Moore,24,15,Gains In Performance
2010-09-18,25,My Kinda Party,Jason Aldean,27,5,Gains In Performance
2010-09-18,26,Only Prettier,Miranda Lambert,26,10,Gains In Performance
2010-09-18,27,This Ain't No Love Song,Trace Adkins,25,17,Gains In Performance
2010-09-18,28,Sunshine (Everybody Needs A Little),Steve Azar,28,29,Gains In Performance
2010-09-18,29,Just By Being You (Halo And Wings),Steel Magnolia,30,12,Gains In Performance
2010-09-18,30,Voices,Chris Young,29,29,Gains In Performance
2010-09-18,31,Mama's Song,Carrie Underwood,39,3,Gains In Performance
2010-09-18,32,Smoke A Little Smoke,Eric Church,31,16,Gains In Performance
2010-09-18,33,Someone Else Calling You Baby,Luke Bryan,32,6,Gains In Performance
2010-09-18,34,I Will Not Say Goodbye,Danny Gokey,33,10,
2010-09-18,35,Wildflower,The JaneDear Girls,34,19,Gains In Performance
2010-09-18,36,From A Table Away,Sunny Sweeney,36,13,Gains In Performance
2010-09-18,37,The Shape I'm In,Joe Nichols,38,7,Gains In Performance
2010-09-18,38,Real,James Wesley,37,14,Gains In Performance
2010-09-18,39,Tell Me You Get Lonely,Frankie Ballard,40,15,Gains In Performance
2010-09-18,40,Georgia Clay,Josh Kelley,43,3,Gains In Performance
2010-09-18,41,Summer Thing,Troy Olsen,35,19,
2010-09-18,42,Country Done Come To Town,John Rich,41,10,Gains In Performance
2010-09-18,43,Draw Me A Map,Dierks Bentley,44,3,Gains In Performance
2010-09-18,44,Family Man,Craig Campbell,42,6,Gains In Performance
2010-09-18,45,Are You Gonna Kiss Me Or Not,Thompson Square,46,7,Gains In Performance
2010-09-18,46,Playing The Part,Jamey Johnson,52,3,Gains In Performance
2010-09-18,47,Where Do I Go From You,Clay Walker,47,5,Gains In Performance
2010-09-18,48,Good To Be Me,Uncle Kracker Featuring Kid Rock,45,8,Gains In Performance
2010-09-18,49,Drop On By,Laura Bell Bundy,50,4,Gains In Performance
2010-09-18,50,Country Strong,Gwyneth Paltrow,59,3,Gains In Performance
2010-09-18,51,One Thing Beautiful,Rocket Club,51,9,Gains In Performance
2010-09-18,52,Leavin',Blaine Larsen,49,4,Gains In Performance
2010-09-18,53,Shakin' That Tailgate,Trailer Choir,54,2,Gains In Performance
2010-09-18,54,He Better Be Dead,Stealing Angels,48,8,
2010-09-18,55,Ready For Love,Adam Brand,NEW,1,Highest ranking debut|Gains In Performance
2010-09-18,56,I Got Your Country Right Here,Gretchen Wilson,55,2,Gains In Performance
2010-09-18,57,Kiss Me When I'm Down,Gary Allan,56,2,Gains In Performance
2010-09-18,58,Cover Girl,Josh Gracin,57,3,Gains In Performance
2010-09-18,59,Soldiers & Jesus,James Otto,58,2,
2010-09-18,60,Pants,Walker Hayes,NEW,1,Gains In Performance
2010-09-25,1,Our Kind Of Love,Lady Antebellum,2,17,Gains In Performance
2010-09-25,2,Pretty Good At Drinkin' Beer,Billy Currington,1,17,
2010-09-25,3,The Boys of Fall,Kenny Chesney,5,9,Gains In Performance
2010-09-25,4,All About Tonight,Blake Shelton,4,24,
2010-09-25,5,All Over Me,Josh Turner,8,23,Gains In Performance
2010-09-25,6,Roll With It,Easton Corbin,9,22,Gains In Performance
2010-09-25,7,Smile,Uncle Kracker,6,47,
2010-09-25,8,Love Like Crazy,Lee Brice,3,56,
2010-09-25,9,Come Back Song,Darius Rucker,11,12,Gains In Performance
2010-09-25,10,Little White Church,Little Big Town,10,28,Gains In Performance
2010-09-25,11,Mine,Taylor Swift,12,6,Gains In Performance
2010-09-25,12,Stuck Like Glue,Sugarland,13,8,Gains In Performance
2010-09-25,13,Why Wait,Rascal Flatts,15,7,Gains In Performance
2010-09-25,14,Farmer's Daughter,Rodney Atkins,16,24,Gains In Performance
2010-09-25,15,The Breath You Take,George Strait,17,13,Gains In Performance
2010-09-25,16,As She's Walking Away,Zac Brown Band Featuring Alan Jackson,19,5,Gains In Performance
2010-09-25,17,If I Die Young,The Band Perry,18,18,Gains In Performance
2010-09-25,18,Anything Like Me,Brad Paisley,21,6,Gains In Performance
2010-09-25,19,Way Out Here,Josh Thompson,20,27,Gains In Performance
2010-09-25,20,Turn On The Radio,Reba,22,10,Gains In Performance
2010-09-25,21,Trailerhood,Toby Keith,23,14,Gains In Performance
2010-09-25,22,How I Got To Be This Way,Justin Moore,24,16,Gains In Performance
2010-09-25,23,My Kinda Party,Jason Aldean,25,6,Gains In Performance
2010-09-25,24,Only Prettier,Miranda Lambert,26,11,Gains In Performance
2010-09-25,25,This Ain't No Love Song,Trace Adkins,27,18,Gains In Performance
2010-09-25,26,Mama's Song,Carrie Underwood,31,4,Gains In Performance
2010-09-25,27,Sunshine (Everybody Needs A Little),Steve Azar,28,30,Gains In Performance
2010-09-25,28,Someone Else Calling You Baby,Luke Bryan,33,7,Gains In Performance
2010-09-25,29,Voices,Chris Young,30,30,Gains In Performance
2010-09-25,30,Smoke A Little Smoke,Eric Church,32,17,Gains In Performance
2010-09-25,31,Just By Being You (Halo And Wings),Steel Magnolia,29,13,Gains In Performance
2010-09-25,32,I Will Not Say Goodbye,Danny Gokey,34,11,Gains In Performance
2010-09-25,33,Wildflower,The JaneDear Girls,35,20,Gains In Performance
2010-09-25,34,From A Table Away,Sunny Sweeney,36,14,Gains In Performance
2010-09-25,35,Real,James Wesley,38,15,Gains In Performance
2010-09-25,36,The Shape I'm In,Joe Nichols,37,8,Gains In Performance
2010-09-25,37,Tell Me You Get Lonely,Frankie Ballard,39,16,Gains In Performance
2010-09-25,38,Family Man,Craig Campbell,44,7,Gains In Performance
2010-09-25,39,Georgia Clay,Josh Kelley,40,4,Gains In Performance
2010-09-25,40,Country Done Come To Town,John Rich,42,11,Gains In Performance
2010-09-25,41,Draw Me A Map,Dierks Bentley,43,4,Gains In Performance
2010-09-25,42,Are You Gonna Kiss Me Or Not,Thompson Square,45,8,Gains In Performance
2010-09-25,43,Playing The Part,Jamey Johnson,46,4,Gains In Performance
2010-09-25,44,Where Do I Go From You,Clay Walker,47,6,Gains In Performance
2010-09-25,45,Good To Be Me,Uncle Kracker Featuring Kid Rock,48,9,Gains In Performance
2010-09-25,46,Country Strong,Gwyneth Paltrow,50,4,Gains In Performance
2010-09-25,47,Leavin',Blaine Larsen,52,5,Gains In Performance
2010-09-25,48,Drop On By,Laura Bell Bundy,49,5,
2010-09-25,49,Ready For Love,Adam Brand,55,2,Gains In Performance
2010-09-25,50,He Better Be Dead,Stealing Angels,54,9,Gains In Performance
2010-09-25,51,Who Are You When I'm Not Looking,Blake Shelton,NEW,1,Highest ranking debut|Gains In Performance
2010-09-25,52,Shakin' That Tailgate,Trailer Choir,53,3,
2010-09-25,53,One Thing Beautiful,Rocket Club,51,10,
2010-09-25,54,Soldiers & Jesus,James Otto,59,3,Gains In Performance
2010-09-25,55,Pants,Walker Hayes,60,2,Gains In Performance
2010-09-25,56,Kiss Me When I'm Down,Gary Allan,57,3,Gains In Performance
2010-09-25,57,Cover Girl,Josh Gracin,58,4,Gains In Performance
2010-09-25,58,I Got Your Country Right Here,Gretchen Wilson,56,3,
2010-09-25,59,That's Beautiful To Me,Jaron And The Long Road To Love,NEW,1,Gains In Performance
2010-09-25,60,Gettin' Married,Joanna Smith,NEW,1,Gains In Performance
2010-10-02,1,Our Kind Of Love,Lady Antebellum,1,18,Gains In Performance
2010-10-02,2,The Boys of Fall,Kenny Chesney,3,10,Gains In Performance
2010-10-02,3,All Over Me,Josh Turner,5,24,Gains In Performance
2010-10-02,4,Roll With It,Easton Corbin,6,23,Gains In Performance
2010-10-02,5,Pretty Good At Drinkin' Beer,Billy Currington,2,18,
2010-10-02,6,Come Back Song,Darius Rucker,9,13,Gains In Performance
2010-10-02,7,Little White Church,Little Big Town,10,29,Gains In Performance
2010-10-02,8,All About Tonight,Blake Shelton,4,25,
2010-10-02,9,Stuck Like Glue,Sugarland,12,9,Gains In Performance
2010-10-02,10,Mine,Taylor Swift,11,7,Gains In Performance
2010-10-02,11,Farmer's Daughter,Rodney Atkins,14,25,Gains In Performance
2010-10-02,12,Why Wait,Rascal Flatts,13,8,Gains In Performance
2010-10-02,13,As She's Walking Away,Zac Brown Band Featuring Alan Jackson,16,6,Gains In Performance
2010-10-02,14,The Breath You Take,George Strait,15,14,Gains In Performance
2010-10-02,15,If I Die Young,The Band Perry,17,19,Gains In Performance
2010-10-02,16,Anything Like Me,Brad Paisley,18,7,Gains In Performance
2010-10-02,17,Way Out Here,Josh Thompson,19,28,Gains In Performance
2010-10-02,18,Turn On The Radio,Reba,20,11,Gains In Performance
2010-10-02,19,Trailerhood,Toby Keith,21,15,Gains In Performance
2010-10-02,20,How I Got To Be This Way,Justin Moore,22,17,Gains In Performance
2010-10-02,21,Mama's Song,Carrie Underwood,26,5,Gains In Performance
2010-10-02,22,My Kinda Party,Jason Aldean,23,7,Gains In Performance
2010-10-02,23,Only Prettier,Miranda Lambert,24,12,Gains In Performance
2010-10-02,24,This Ain't No Love Song,Trace Adkins,25,19,Gains In Performance
2010-10-02,25,Voices,Chris Young,29,31,Gains In Performance
2010-10-02,26,Smoke A Little Smoke,Eric Church,30,18,Gains In Performance
2010-10-02,27,Sunshine (Everybody Needs A Little),Steve Azar,27,31,
2010-10-02,28,Someone Else Calling You Baby,Luke Bryan,28,8,Gains In Performance
2010-10-02,29,Put You In A Song,Keith Urban,NEW,1,
2010-10-02,30,Just By Being You (Halo And Wings),Steel Magnolia,31,14,Gains In Performance
2010-10-02,31,From A Table Away,Sunny Sweeney,34,15,Gains In Performance
2010-10-02,32,The Shape I'm In,Joe Nichols,36,9,Gains In Performance
2010-10-02,33,Wildflower,The JaneDear Girls,33,21,Gains In Performance
2010-10-02,34,I Will Not Say Goodbye,Danny Gokey,32,12,
2010-10-02,35,Real,James Wesley,35,16,Gains In Performance
2010-10-02,36,Tell Me You Get Lonely,Frankie Ballard,37,17,
2010-10-02,37,Family Man,Craig Campbell,38,8,Gains In Performance
2010-10-02,38,Country Done Come To Town,John Rich,40,12,Gains In Performance
2010-10-02,39,Georgia Clay,Josh Kelley,39,5,Gains In Performance
2010-10-02,40,Draw Me A Map,Dierks Bentley,41,5,Gains In Performance
2010-10-02,41,Playing The Part,Jamey Johnson,43,5,Gains In Performance
2010-10-02,42,Are You Gonna Kiss Me Or Not,Thompson Square,42,9,Gains In Performance
2010-10-02,43,Country Strong,Gwyneth Paltrow,46,5,Gains In Performance
2010-10-02,44,Who Are You When I'm Not Looking,Blake Shelton,51,2,Gains In Performance
2010-10-02,45,Where Do I Go From You,Clay Walker,44,7,Gains In Performance
2010-10-02,46,Good To Be Me,Uncle Kracker Featuring Kid Rock,45,10,Gains In Performance
2010-10-02,47,Pants,Walker Hayes,55,3,Gains In Performance
2010-10-02,48,Ready For Love,Adam Brand,49,3,Gains In Performance
2010-10-02,49,Leavin',Blaine Larsen,47,6,
2010-10-02,50,Shakin' That Tailgate,Trailer Choir,52,4,Gains In Performance
2010-10-02,51,Soldiers & Jesus,James Otto,54,4,Gains In Performance
2010-10-02,52,Kiss Me When I'm Down,Gary Allan,56,4,Gains In Performance
2010-10-02,53,He Better Be Dead,Stealing Angels,50,10,
2010-10-02,54,One Thing Beautiful,Rocket Club,53,11,Gains In Performance
2010-10-02,55,That's Beautiful To Me,Jaron And The Long Road To Love,59,2,Gains In Performance
2010-10-02,56,A Little Bit Stronger,Sara Evans,NEW,1,Gains In Performance
2010-10-02,57,Drop On By,Laura Bell Bundy,48,6,
2010-10-02,58,Gettin' Married,Joanna Smith,60,2,Gains In Performance
2010-10-02,59,I Got Your Country Right Here,Gretchen Wilson,58,4,Gains In Performance
2010-10-02,60,Born Free,Kid Rock,NEW,1,Gains In Performance
2010-10-09,1,The Boys of Fall,Kenny Chesney,2,11,Gains In Performance
2010-10-09,2,All Over Me,Josh Turner,3,25,Gains In Performance
2010-10-09,3,Roll With It,Easton Corbin,4,24,Gains In Performance
2010-10-09,4,Our Kind Of Love,Lady Antebellum,1,19,
2010-10-09,5,Come Back Song,Darius Rucker,6,14,Gains In Performance
2010-10-09,6,Little White Church,Little Big Town,7,30,
2010-10-09,7,Stuck Like Glue,Sugarland,9,10,Gains In Performance
2010-10-09,8,Mine,Taylor Swift,10,8,Gains In Performance
2010-10-09,9,Pretty Good At Drinkin' Beer,Billy Currington,5,19,
2010-10-09,10,Farmer's Daughter,Rodney Atkins,11,26,Gains In Performance
2010-10-09,11,Why Wait,Rascal Flatts,12,9,Gains In Performance
2010-10-09,12,As She's Walking Away,Zac Brown Band Featuring Alan Jackson,13,7,Gains In Performance
2010-10-09,13,Anything Like Me,Brad Paisley,16,8,Gains In Performance
2010-10-09,14,If I Die Young,The Band Perry,15,20,Gains In Performance
2010-10-09,15,The Breath You Take,George Strait,14,15,Gains In Performance
2010-10-09,16,Way Out Here,Josh Thompson,17,29,Gains In Performance
2010-10-09,17,Turn On The Radio,Reba,18,12,Gains In Performance
2010-10-09,18,Mama's Song,Carrie Underwood,21,6,Gains In Performance
2010-10-09,19,My Kinda Party,Jason Aldean,22,8,Gains In Performance
2010-10-09,20,How I Got To Be This Way,Justin Moore,20,18,Gains In Performance
2010-10-09,21,Only Prettier,Miranda Lambert,23,13,Gains In Performance
2010-10-09,22,This Ain't No Love Song,Trace Adkins,24,20,Gains In Performance
2010-10-09,23,Put You In A Song,Keith Urban,29,2,Greatest gainer this week|Gains In Performance
2010-10-09,24,Trailerhood,Toby Keith,19,16,
2010-10-09,25,Voices,Chris Young,25,32,Gains In Performance
2010-10-09,26,Someone Else Calling You Baby,Luke Bryan,28,9,Gains In Performance
2010-10-09,27,Smoke A Little Smoke,Eric Church,26,19,Gains In Performance
2010-10-09,28,Sunshine (Everybody Needs A Little),Steve Azar,27,32,Gains In Performance
2010-10-09,29,Just By Being You (Halo And Wings),Steel Magnolia,30,15,Gains In Performance
2010-10-09,30,The Shape I'm In,Joe Nichols,32,10,Gains In Performance
2010-10-09,31,From A Table Away,Sunny Sweeney,31,16,Gains In Performance
2010-10-09,32,Real,James Wesley,35,17,Gains In Performance
2010-10-09,33,Felt Good On My Lips,Tim McGraw,NEW,1,Highest ranking debut|Gains In Performance
2010-10-09,34,Wildflower,The JaneDear Girls,33,22,
2010-10-09,35,Family Man,Craig Campbell,37,9,Gains In Performance
2010-10-09,36,Tell Me You Get Lonely,Frankie Ballard,36,18,Gains In Performance
2010-10-09,37,Bullets In The Gun,Toby Keith,NEW,1,Gains In Performance
2010-10-09,38,Georgia Clay,Josh Kelley,39,6,Gains In Performance
2010-10-09,39,I Will Not Say Goodbye,Danny Gokey,34,13,
2010-10-09,40,Country Done Come To Town,John Rich,38,13,
2010-10-09,41,Draw Me A Map,Dierks Bentley,40,6,Gains In Performance
2010-10-09,42,Are You Gonna Kiss Me Or Not,Thompson Square,42,10,Gains In Performance
2010-10-09,43,Country Strong,Gwyneth Paltrow,43,6,Gains In Performance
2010-10-09,44,Who Are You When I'm Not Looking,Blake Shelton,44,3,Gains In Performance
2010-10-09,45,Playing The Part,Jamey Johnson,41,6,
2010-10-09,46,Let Me Down Easy,Billy Currington,NEW,1,Gains In Performance
2010-10-09,47,Where Do I Go From You,Clay Walker,45,8,Gains In Performance
2010-10-09,48,Good To Be Me,Uncle Kracker Featuring Kid Rock,46,11,Gains In Performance
2010-10-09,49,What Do You Want,Jerrod Niemann,NEW,1,Gains In Performance
2010-10-09,50,Pants,Walker Hayes,47,4,
2010-10-09,51,Ready For Love,Adam Brand,48,4,Gains In Performance
2010-10-09,52,Soldiers & Jesus,James Otto,51,5,Gains In Performance
2010-10-09,53,Hello World,Lady Antebellum,NEW,1,Gains In Performance
2010-10-09,54,Leavin',Blaine Larsen,49,7,
2010-10-09,55,Shakin' That Tailgate,Trailer Choir,50,5,
2010-10-09,56,He Better Be Dead,Stealing Angels,53,11,Gains In Performance
2010-10-09,57,Kiss Me When I'm Down,Gary Allan,52,5,Gains In Performance
2010-10-09,58,I Got Your Country Right Here,Gretchen Wilson,59,5,Gains In Performance
2010-10-09,59,That's Beautiful To Me,Jaron And The Long Road To Love,55,3,Gains In Performance
2010-10-09,60,A Little Bit Stronger,Sara Evans,56,2,Gains In Performance
2010-10-16,1,The Boys of Fall,Kenny Chesney,1,12,Gains In Performance
2010-10-16,2,All Over Me,Josh Turner,2,26,Gains In Performance
2010-10-16,3,Come Back Song,Darius Rucker,5,15,Gains In Performance
2010-10-16,4,Roll With It,Easton Corbin,3,25,Gains In Performance
2010-10-16,5,Stuck Like Glue,Sugarland,7,11,Gains In Performance
2010-10-16,6,Our Kind Of Love,Lady Antebellum,4,20,
2010-10-16,7,Mine,Taylor Swift,8,9,Gains In Performance
2010-10-16,8,Farmer's Daughter,Rodney Atkins,10,27,Gains In Performance
2010-10-16,9,As She's Walking Away,Zac Brown Band Featuring Alan Jackson,12,8,Gains In Performance
2010-10-16,10,Little White Church,Little Big Town,6,31,
2010-10-16,11,Why Wait,Rascal Flatts,11,10,Gains In Performance
2010-10-16,12,Anything Like Me,Brad Paisley,13,9,Gains In Performance
2010-10-16,13,If I Die Young,The Band Perry,14,21,Gains In Performance
2010-10-16,14,The Breath You Take,George Strait,15,16,Gains In Performance
2010-10-16,15,Turn On The Radio,Reba,17,13,Gains In Performance
2010-10-16,16,Way Out Here,Josh Thompson,16,30,Gains In Performance
2010-10-16,17,Mama's Song,Carrie Underwood,18,7,Gains In Performance
2010-10-16,18,My Kinda Party,Jason Aldean,19,9,Gains In Performance
2010-10-16,19,How I Got To Be This Way,Justin Moore,20,19,Gains In Performance
2010-10-16,20,Only Prettier,Miranda Lambert,21,14,Gains In Performance
2010-10-16,21,This Ain't No Love Song,Trace Adkins,22,21,Gains In Performance
2010-10-16,22,Put You In A Song,Keith Urban,23,3,Gains In Performance
2010-10-16,23,Someone Else Calling You Baby,Luke Bryan,26,10,Gains In Performance
2010-10-16,24,Voices,Chris Young,25,33,Gains In Performance
2010-10-16,25,Smoke A Little Smoke,Eric Church,27,20,Gains In Performance
2010-10-16,26,Felt Good On My Lips,Tim McGraw,33,2,Gains In Performance
2010-10-16,27,Just By Being You (Halo And Wings),Steel Magnolia,29,16,Gains In Performance
2010-10-16,28,The Shape I'm In,Joe Nichols,30,11,Gains In Performance
2010-10-16,29,Bullets In The Gun,Toby Keith,37,2,Gains In Performance
2010-10-16,30,Trailerhood,Toby Keith,24,17,
2010-10-16,31,From A Table Away,Sunny Sweeney,31,17,Gains In Performance
2010-10-16,32,Real,James Wesley,32,18,Gains In Performance
2010-10-16,33,Wildflower,The JaneDear Girls,34,23,Gains In Performance
2010-10-16,34,Family Man,Craig Campbell,35,10,Gains In Performance
2010-10-16,35,Tell Me You Get Lonely,Frankie Ballard,36,19,Gains In Performance
2010-10-16,36,Draw Me A Map,Dierks Bentley,41,7,Gains In Performance
2010-10-16,37,Georgia Clay,Josh Kelley,38,7,Gains In Performance
2010-10-16,38,Who Are You When I'm Not Looking,Blake Shelton,44,4,Gains In Performance
2010-10-16,39,Hello World,Lady Antebellum,53,2,Gains In Performance
2010-10-16,40,Playing The Part,Jamey Johnson,45,7,Gains In Performance
2010-10-16,41,Are You Gonna Kiss Me Or Not,Thompson Square,42,11,Gains In Performance
2010-10-16,42,Country Done Come To Town,John Rich,40,14,
2010-10-16,43,Let Me Down Easy,Billy Currington,46,2,Gains In Performance
2010-10-16,44,Country Strong,Gwyneth Paltrow,43,7,
2010-10-16,45,Where Do I Go From You,Clay Walker,47,9,Gains In Performance
2010-10-16,46,Good To Be Me,Uncle Kracker Featuring Kid Rock,48,12,Gains In Performance
2010-10-16,47,What Do You Want,Jerrod Niemann,49,2,Gains In Performance
2010-10-16,48,A Little Bit Stronger,Sara Evans,60,3,Gains In Performance
2010-10-16,49,Ready For Love,Adam Brand,51,5,Gains In Performance
2010-10-16,50,Kiss Me When I'm Down,Gary Allan,57,6,Gains In Performance
2010-10-16,51,Pants,Walker Hayes,50,5,Gains In Performance
2010-10-16,52,Raymond,Brett Eldredge,NEW,1,Highest ranking debut|Gains In Performance
2010-10-16,53,Soldiers & Jesus,James Otto,52,6,
2010-10-16,54,Still A Little Chicken Left On That Bone,Craig Morgan,NEW,1,Gains In Performance
2010-10-16,55,Ten,Jewel,NEW,1,Gains In Performance
2010-10-16,56,That's Beautiful To Me,Jaron And The Long Road To Love,59,4,
2010-10-16,57,One Thing Beautiful,Rocket Club,RE,12,Gains In Performance
2010-10-16,58,I Got Your Country Right Here,Gretchen Wilson,58,6,
2010-10-16,59,He Better Be Dead,Stealing Angels,56,12,
2010-10-16,60,Shakin' That Tailgate,Trailer Choir,55,6,
2010-10-23,1,All Over Me,Josh Turner,2,27,Gains In Performance
2010-10-23,2,Roll With It,Easton Corbin,4,26,Gains In Performance
2010-10-23,3,Come Back Song,Darius Rucker,3,16,Gains In Performance
2010-10-23,4,The Boys of Fall,Kenny Chesney,1,13,
2010-10-23,5,Stuck Like Glue,Sugarland,5,12,Gains In Performance
2010-10-23,6,Mine,Taylor Swift,7,10,Gains In Performance
2010-10-23,7,As She's Walking Away,Zac Brown Band Featuring Alan Jackson,9,9,Gains In Performance
2010-10-23,8,Farmer's Daughter,Rodney Atkins,8,28,Gains In Performance
2010-10-23,9,Anything Like Me,Brad Paisley,12,10,Gains In Performance
2010-10-23,10,Why Wait,Rascal Flatts,11,11,Gains In Performance
2010-10-23,11,If I Die Young,The Band Perry,13,22,Gains In Performance
2010-10-23,12,The Breath You Take,George Strait,14,17,Gains In Performance
2010-10-23,13,Turn On The Radio,Reba,15,14,Gains In Performance
2010-10-23,14,Mama's Song,Carrie Underwood,17,8,Gains In Performance
2010-10-23,15,Way Out Here,Josh Thompson,16,31,Gains In Performance
2010-10-23,16,My Kinda Party,Jason Aldean,18,10,Gains In Performance
2010-10-23,17,How I Got To Be This Way,Justin Moore,19,20,Gains In Performance
2010-10-23,18,Put You In A Song,Keith Urban,22,4,Gains In Performance
2010-10-23,19,Only Prettier,Miranda Lambert,20,15,Gains In Performance
2010-10-23,20,This Ain't No Love Song,Trace Adkins,21,22,Gains In Performance
2010-10-23,21,Felt Good On My Lips,Tim McGraw,26,3,Gains In Performance
2010-10-23,22,Someone Else Calling You Baby,Luke Bryan,23,11,Gains In Performance
2010-10-23,23,Voices,Chris Young,24,34,Gains In Performance
2010-10-23,24,Smoke A Little Smoke,Eric Church,25,21,Gains In Performance
2010-10-23,25,Bullets In The Gun,Toby Keith,29,3,Gains In Performance
2010-10-23,26,Just By Being You (Halo And Wings),Steel Magnolia,27,17,Gains In Performance
2010-10-23,27,The Shape I'm In,Joe Nichols,28,12,Gains In Performance
2010-10-23,28,From A Table Away,Sunny Sweeney,31,18,Gains In Performance
2010-10-23,29,Real,James Wesley,32,19,Gains In Performance
2010-10-23,30,Wildflower,The JaneDear Girls,33,24,Gains In Performance
2010-10-23,31,Hello World,Lady Antebellum,39,3,Gains In Performance
2010-10-23,32,Family Man,Craig Campbell,34,11,Gains In Performance
2010-10-23,33,Who Are You When I'm Not Looking,Blake Shelton,38,5,Gains In Performance
2010-10-23,34,Draw Me A Map,Dierks Bentley,36,8,Gains In Performance
2010-10-23,35,Tell Me You Get Lonely,Frankie Ballard,35,20,
2010-10-23,36,Georgia Clay,Josh Kelley,37,8,Gains In Performance
2010-10-23,37,Let Me Down Easy,Billy Currington,43,3,Gains In Performance
2010-10-23,38,Are You Gonna Kiss Me Or Not,Thompson Square,41,12,Gains In Performance
2010-10-23,39,Playing The Part,Jamey Johnson,40,8,
2010-10-23,40,What Do You Want,Jerrod Niemann,47,3,Gains In Performance
2010-10-23,41,Where Do I Go From You,Clay Walker,45,10,Gains In Performance
2010-10-23,42,A Little Bit Stronger,Sara Evans,48,4,Gains In Performance
2010-10-23,43,Country Strong,Gwyneth Paltrow,44,8,Gains In Performance
2010-10-23,44,Good To Be Me,Uncle Kracker Featuring Kid Rock,46,13,Gains In Performance
2010-10-23,45,Kiss Me When I'm Down,Gary Allan,50,7,Gains In Performance
2010-10-23,46,Raymond,Brett Eldredge,52,2,Gains In Performance
2010-10-23,47,Pants,Walker Hayes,51,6,Gains In Performance
2010-10-23,48,Ready For Love,Adam Brand,49,6,Gains In Performance
2010-10-23,49,Soldiers & Jesus,James Otto,53,7,Gains In Performance
2010-10-23,50,Keep In Mind,LoCash Cowboys,NEW,1,Highest ranking debut|Gains In Performance
2010-10-23,51,Still A Little Chicken Left On That Bone,Craig Morgan,54,2,Gains In Performance
2010-10-23,52,Ten,Jewel,55,2,Gains In Performance
2010-10-23,53,Good Hands,Troy Olsen,NEW,1,Gains In Performance
2010-10-23,54,I Got Your Country Right Here,Gretchen Wilson,58,7,Gains In Performance
2010-10-23,55,Gettin' Married,Joanna Smith,RE,3,Gains In Performance
2010-10-23,56,One Thing Beautiful,Rocket Club,57,13,
2010-10-23,57,He Better Be Dead,Stealing Angels,59,13,
2010-10-23,58,That's Beautiful To Me,Jaron And The Long Road To Love,56,5,
2010-10-23,59,A Man Like Me,Randy Houser,NEW,1,Gains In Performance
2010-10-23,60,Speak Now,Taylor Swift,NEW,1,Gains In Performance
2010-10-30,1,Roll With It,Easton Corbin,2,27,Gains In Performance
2010-10-30,2,Come Back Song,Darius Rucker,3,17,Gains In Performance
2010-10-30,3,Stuck Like Glue,Sugarland,5,13,Gains In Performance
2010-10-30,4,All Over Me,Josh Turner,1,28,
2010-10-30,5,The Boys of Fall,Kenny Chesney,4,14,
2010-10-30,6,As She's Walking Away,Zac Brown Band Featuring Alan Jackson,7,10,Greatest gainer this week|Gains In Performance
2010-10-30,7,Farmer's Daughter,Rodney Atkins,8,29,Gains In Performance
2010-10-30,8,Mine,Taylor Swift,6,11,Gains In Performance
2010-10-30,9,Anything Like Me,Brad Paisley,9,11,Gains In Performance
2010-10-30,10,If I Die Young,The Band Perry,11,23,Gains In Performance
2010-10-30,11,Why Wait,Rascal Flatts,10,12,Gains In Performance
2010-10-30,12,The Breath You Take,George Strait,12,18,Gains In Performance
2010-10-30,13,Turn On The Radio,Reba,13,15,Gains In Performance
2010-10-30,14,Mama's Song,Carrie Underwood,14,9,Gains In Performance
2010-10-30,15,My Kinda Party,Jason Aldean,16,11,Gains In Performance
2010-10-30,16,Way Out Here,Josh Thompson,15,32,Gains In Performance
2010-10-30,17,Put You In A Song,Keith Urban,18,5,Gains In Performance
2010-10-30,18,How I Got To Be This Way,Justin Moore,17,21,Gains In Performance
2010-10-30,19,Only Prettier,Miranda Lambert,19,16,Gains In Performance
2010-10-30,20,This Ain't No Love Song,Trace Adkins,20,23,Gains In Performance
2010-10-30,21,Felt Good On My Lips,Tim McGraw,21,4,Gains In Performance
2010-10-30,22,Someone Else Calling You Baby,Luke Bryan,22,12,Gains In Performance
2010-10-30,23,Voices,Chris Young,23,35,Gains In Performance
2010-10-30,24,Smoke A Little Smoke,Eric Church,24,22,Gains In Performance
2010-10-30,25,Bullets In The Gun,Toby Keith,25,4,Gains In Performance
2010-10-30,26,Just By Being You (Halo And Wings),Steel Magnolia,26,18,Gains In Performance
2010-10-30,27,The Shape I'm In,Joe Nichols,27,13,Gains In Performance
2010-10-30,28,From A Table Away,Sunny Sweeney,28,19,Gains In Performance
2010-10-30,29,Hello World,Lady Antebellum,31,4,Gains In Performance
2010-10-30,30,Wildflower,The JaneDear Girls,30,25,Gains In Performance
2010-10-30,31,Real,James Wesley,29,20,Gains In Performance
2010-10-30,32,Who Are You When I'm Not Looking,Blake Shelton,33,6,Gains In Performance
2010-10-30,33,Family Man,Craig Campbell,32,12,Gains In Performance
2010-10-30,34,Draw Me A Map,Dierks Bentley,34,9,Gains In Performance
2010-10-30,35,Let Me Down Easy,Billy Currington,37,4,Gains In Performance
2010-10-30,36,Georgia Clay,Josh Kelley,36,9,Gains In Performance
2010-10-30,37,Tell Me You Get Lonely,Frankie Ballard,35,21,
2010-10-30,38,What Do You Want,Jerrod Niemann,40,4,Gains In Performance
2010-10-30,39,Are You Gonna Kiss Me Or Not,Thompson Square,38,13,Gains In Performance
2010-10-30,40,Where Do I Go From You,Clay Walker,41,11,Gains In Performance
2010-10-30,41,Playing The Part,Jamey Johnson,39,9,Gains In Performance
2010-10-30,42,Good To Be Me,Uncle Kracker Featuring Kid Rock,44,14,Gains In Performance
2010-10-30,43,A Little Bit Stronger,Sara Evans,42,5,Gains In Performance
2010-10-30,44,Country Strong,Gwyneth Paltrow,43,9,
2010-10-30,45,Kiss Me When I'm Down,Gary Allan,45,8,Gains In Performance
2010-10-30,46,Raymond,Brett Eldredge,46,3,Gains In Performance
2010-10-30,47,Still A Little Chicken Left On That Bone,Craig Morgan,51,3,Gains In Performance
2010-10-30,48,Ready For Love,Adam Brand,48,7,Gains In Performance
2010-10-30,49,Pants,Walker Hayes,47,7,
2010-10-30,50,Soldiers & Jesus,James Otto,49,8,Gains In Performance
2010-10-30,51,Ten,Jewel,52,3,Gains In Performance
2010-10-30,52,Keep In Mind,LoCash Cowboys,50,2,
2010-10-30,53,I Got Your Country Right Here,Gretchen Wilson,54,8,Gains In Performance
2010-10-30,54,Good Hands,Troy Olsen,53,2,Gains In Performance
2010-10-30,55,A Man Like Me,Randy Houser,59,2,Gains In Performance
2010-10-30,56,Gettin' Married,Joanna Smith,55,4,Gains In Performance
2010-10-30,57,That's Beautiful To Me,Jaron And The Long Road To Love,58,6,Gains In Performance
2010-10-30,58,One Thing Beautiful,Rocket Club,56,14,
2010-10-30,59,What You Think About Us,Ashley Gearing,RE,2,Gains In Performance
2010-10-30,60,Born Free,Kid Rock,RE,2,Gains In Performance
2010-11-06,1,Come Back Song,Darius Rucker,2,18,Gains In Performance
2010-11-06,2,As She's Walking Away,Zac Brown Band Featuring Alan Jackson,6,11,Gains In Performance
2010-11-06,3,Stuck Like Glue,Sugarland,3,14,Gains In Performance
2010-11-06,4,Roll With It,Easton Corbin,1,28,
2010-11-06,5,Mine,Taylor Swift,8,12,Gains In Performance
2010-11-06,6,Farmer's Daughter,Rodney Atkins,7,30,Gains In Performance
2010-11-06,7,Anything Like Me,Brad Paisley,9,12,Gains In Performance
2010-11-06,8,If I Die Young,The Band Perry,10,24,Gains In Performance
2010-11-06,9,All Over Me,Josh Turner,4,29,
2010-11-06,10,Why Wait,Rascal Flatts,11,13,Gains In Performance
2010-11-06,11,The Breath You Take,George Strait,12,19,
2010-11-06,12,Turn On The Radio,Reba,13,16,Gains In Performance
2010-11-06,13,My Kinda Party,Jason Aldean,15,12,Gains In Performance
2010-11-06,14,Mama's Song,Carrie Underwood,14,10,Gains In Performance
2010-11-06,15,Put You In A Song,Keith Urban,17,6,Gains In Performance
2010-11-06,16,Felt Good On My Lips,Tim McGraw,21,5,Gains In Performance
2010-11-06,17,This Ain't No Love Song,Trace Adkins,20,24,Gains In Performance
2010-11-06,18,Only Prettier,Miranda Lambert,19,17,Gains In Performance
2010-11-06,19,How I Got To Be This Way,Justin Moore,18,22,Gains In Performance
2010-11-06,20,Someone Else Calling You Baby,Luke Bryan,22,13,Gains In Performance
2010-11-06,21,Voices,Chris Young,23,36,Gains In Performance
2010-11-06,22,Smoke A Little Smoke,Eric Church,24,23,Gains In Performance
2010-11-06,23,Bullets In The Gun,Toby Keith,25,5,Gains In Performance
2010-11-06,24,Hello World,Lady Antebellum,29,5,Gains In Performance
2010-11-06,25,Just By Being You (Halo And Wings),Steel Magnolia,26,19,Gains In Performance
2010-11-06,26,From A Table Away,Sunny Sweeney,28,20,Gains In Performance
2010-11-06,27,The Shape I'm In,Joe Nichols,27,14,Gains In Performance
2010-11-06,28,Wildflower,The JaneDear Girls,30,26,Gains In Performance
2010-11-06,29,Who Are You When I'm Not Looking,Blake Shelton,32,7,Gains In Performance
2010-11-06,30,Real,James Wesley,31,21,Gains In Performance
2010-11-06,31,Family Man,Craig Campbell,33,13,Gains In Performance
2010-11-06,32,Let Me Down Easy,Billy Currington,35,5,Gains In Performance
2010-11-06,33,What Do You Want,Jerrod Niemann,38,5,Gains In Performance
2010-11-06,34,Georgia Clay,Josh Kelley,36,10,Gains In Performance
2010-11-06,35,Somewhere With You,Kenny Chesney,NEW,1,Highest ranking debut|Gains In Performance
2010-11-06,36,Are You Gonna Kiss Me Or Not,Thompson Square,39,14,Gains In Performance
2010-11-06,37,Draw Me A Map,Dierks Bentley,34,10,Gains In Performance
2010-11-06,38,Tell Me You Get Lonely,Frankie Ballard,37,22,Gains In Performance
2010-11-06,39,Good To Be Me,Uncle Kracker Featuring Kid Rock,42,15,Gains In Performance
2010-11-06,40,Playing The Part,Jamey Johnson,41,10,Gains In Performance
2010-11-06,41,A Little Bit Stronger,Sara Evans,43,6,Gains In Performance
2010-11-06,42,Where Do I Go From You,Clay Walker,40,12,
2010-11-06,43,Country Strong,Gwyneth Paltrow,44,10,Gains In Performance
2010-11-06,44,Raymond,Brett Eldredge,46,4,Gains In Performance
2010-11-06,45,Kiss Me When I'm Down,Gary Allan,45,9,
2010-11-06,46,Still A Little Chicken Left On That Bone,Craig Morgan,47,4,Gains In Performance
2010-11-06,47,Ready For Love,Adam Brand,48,8,Gains In Performance
2010-11-06,48,That's Beautiful To Me,Jaron And The Long Road To Love,57,7,Gains In Performance
2010-11-06,49,Soldiers & Jesus,James Otto,50,9,Gains In Performance
2010-11-06,50,Keep In Mind,LoCash Cowboys,52,3,Gains In Performance
2010-11-06,51,Pants,Walker Hayes,49,8,Gains In Performance
2010-11-06,52,Good Hands,Troy Olsen,54,3,Gains In Performance
2010-11-06,53,I Got Your Country Right Here,Gretchen Wilson,53,9,
2010-11-06,54,The House Rules,Christian Kane,NEW,1,Gains In Performance
2010-11-06,55,Ten,Jewel,51,4,
2010-11-06,56,A Man Like Me,Randy Houser,55,3,
2010-11-06,57,Gettin' Married,Joanna Smith,56,5,
2010-11-06,58,What You Think About Us,Ashley Gearing,59,3,Gains In Performance
2010-11-06,59,Beautiful Every Time,Lee Brice,NEW,1,Gains In Performance
2010-11-06,60,Born Free,Kid Rock,60,3,
2010-11-13,1,Come Back Song,Darius Rucker,1,19,
2010-11-13,2,Mine,Taylor Swift,5,13,Gains In Performance
2010-11-13,3,Stuck Like Glue,Sugarland,3,15,Gains In Performance
2010-11-13,4,As She's Walking Away,Zac Brown Band Featuring Alan Jackson,2,12,Gains In Performance
2010-11-13,5,Anything Like Me,Brad Paisley,7,13,Gains In Performance
2010-11-13,6,Farmer's Daughter,Rodney Atkins,6,31,Gains In Performance
2010-11-13,7,If I Die Young,The Band Perry,8,25,Gains In Performance
2010-11-13,8,Roll With It,Easton Corbin,4,29,
2010-11-13,9,Why Wait,Rascal Flatts,10,14,Gains In Performance
2010-11-13,10,Turn On The Radio,Reba,12,17,Gains In Performance
2010-11-13,11,The Breath You Take,George Strait,11,20,Gains In Performance
2010-11-13,12,My Kinda Party,Jason Aldean,13,13,Gains In Performance
2010-11-13,13,Mama's Song,Carrie Underwood,14,11,Gains In Performance
2010-11-13,14,Felt Good On My Lips,Tim McGraw,16,6,Gains In Performance
2010-11-13,15,This Ain't No Love Song,Trace Adkins,17,25,Gains In Performance
2010-11-13,16,Put You In A Song,Keith Urban,15,7,Gains In Performance
2010-11-13,17,Only Prettier,Miranda Lambert,18,18,Gains In Performance
2010-11-13,18,How I Got To Be This Way,Justin Moore,19,23,Gains In Performance
2010-11-13,19,Someone Else Calling You Baby,Luke Bryan,20,14,Gains In Performance
2010-11-13,20,Voices,Chris Young,21,37,Gains In Performance
2010-11-13,21,Bullets In The Gun,Toby Keith,23,6,Gains In Performance
2010-11-13,22,Smoke A Little Smoke,Eric Church,22,24,Gains In Performance
2010-11-13,23,Somewhere With You,Kenny Chesney,35,2,Gains In Performance
2010-11-13,24,Hello World,Lady Antebellum,24,6,Gains In Performance
2010-11-13,25,From A Table Away,Sunny Sweeney,26,21,Gains In Performance
2010-11-13,26,Just By Being You (Halo And Wings),Steel Magnolia,25,20,
2010-11-13,27,The Shape I'm In,Joe Nichols,27,15,Gains In Performance
2010-11-13,28,Who Are You When I'm Not Looking,Blake Shelton,29,8,Gains In Performance
2010-11-13,29,Wildflower,The JaneDear Girls,28,27,Gains In Performance
2010-11-13,30,Real,James Wesley,30,22,Gains In Performance
2010-11-13,31,Let Me Down Easy,Billy Currington,32,6,Gains In Performance
2010-11-13,32,Family Man,Craig Campbell,31,14,Gains In Performance
2010-11-13,33,What Do You Want,Jerrod Niemann,33,6,Gains In Performance
2010-11-13,34,Georgia Clay,Josh Kelley,34,11,Gains In Performance
2010-11-13,35,Are You Gonna Kiss Me Or Not,Thompson Square,36,15,Gains In Performance
2010-11-13,36,Draw Me A Map,Dierks Bentley,37,11,Gains In Performance
2010-11-13,37,Tell Me You Get Lonely,Frankie Ballard,38,23,Gains In Performance
2010-11-13,38,Good To Be Me,Uncle Kracker Featuring Kid Rock,39,16,Gains In Performance
2010-11-13,39,A Little Bit Stronger,Sara Evans,41,7,Gains In Performance
2010-11-13,40,Where Do I Go From You,Clay Walker,42,13,Gains In Performance
2010-11-13,41,Playing The Part,Jamey Johnson,40,11,
2010-11-13,42,Country Strong,Gwyneth Paltrow,43,11,Gains In Performance
2010-11-13,43,Raymond,Brett Eldredge,44,5,Gains In Performance
2010-11-13,44,Kiss Me When I'm Down,Gary Allan,45,10,Gains In Performance
2010-11-13,45,Still A Little Chicken Left On That Bone,Craig Morgan,46,5,Gains In Performance
2010-11-13,46,Ready For Love,Adam Brand,47,9,Gains In Performance
2010-11-13,47,Pants,Walker Hayes,51,9,Gains In Performance
2010-11-13,48,Soldiers & Jesus,James Otto,49,10,Gains In Performance
2010-11-13,49,That's Beautiful To Me,Jaron And The Long Road To Love,48,8,
2010-11-13,50,Keep In Mind,LoCash Cowboys,50,4,
2010-11-13,51,Beautiful Every Time,Lee Brice,59,2,Gains In Performance
2010-11-13,52,Good Hands,Troy Olsen,52,4,
2010-11-13,53,The House Rules,Christian Kane,54,2,Gains In Performance
2010-11-13,54,A Man Like Me,Randy Houser,56,4,Gains In Performance
2010-11-13,55,Mean,Taylor Swift,NEW,1,Highest ranking debut|Gains In Performance
2010-11-13,56,I Wouldn't Be A Man,Josh Turner,NEW,1,Gains In Performance
2010-11-13,57,I Got Your Country Right Here,Gretchen Wilson,53,10,
2010-11-13,58,Speak Now,Taylor Swift,RE,2,Gains In Performance
2010-11-13,59,What You Think About Us,Ashley Gearing,58,4,Gains In Performance
2010-11-13,60,Ten,Jewel,55,5,
2010-11-20,1,As She's Walking Away,Zac Brown Band Featuring Alan Jackson,4,13,Gains In Performance
2010-11-20,2,Stuck Like Glue,Sugarland,3,16,Gains In Performance
2010-11-20,3,Anything Like Me,Brad Paisley,5,14,Gains In Performance
2010-11-20,4,Come Back Song,Darius Rucker,1,20,
2010-11-20,5,Farmer's Daughter,Rodney Atkins,6,32,Gains In Performance
2010-11-20,6,If I Die Young,The Band Perry,7,26,Gains In Performance
2010-11-20,7,Mine,Taylor Swift,2,14,
2010-11-20,8,Why Wait,Rascal Flatts,9,15,Gains In Performance
2010-11-20,9,Turn On The Radio,Reba,10,18,Gains In Performance
2010-11-20,10,My Kinda Party,Jason Aldean,12,14,Gains In Performance
2010-11-20,11,The Breath You Take,George Strait,11,21,Gains In Performance
2010-11-20,12,Mama's Song,Carrie Underwood,13,12,Gains In Performance
2010-11-20,13,Felt Good On My Lips,Tim McGraw,14,7,Gains In Performance
2010-11-20,14,Put You In A Song,Keith Urban,16,8,Gains In Performance
2010-11-20,15,Only Prettier,Miranda Lambert,17,19,Gains In Performance
2010-11-20,16,This Ain't No Love Song,Trace Adkins,15,26,Gains In Performance
2010-11-20,17,How I Got To Be This Way,Justin Moore,18,24,Gains In Performance
2010-11-20,18,Voices,Chris Young,20,38,Gains In Performance
2010-11-20,19,Someone Else Calling You Baby,Luke Bryan,19,15,Gains In Performance
2010-11-20,20,Somewhere With You,Kenny Chesney,23,3,Gains In Performance
2010-11-20,21,Bullets In The Gun,Toby Keith,21,7,Gains In Performance
2010-11-20,22,Smoke A Little Smoke,Eric Church,22,25,Gains In Performance
2010-11-20,23,Hello World,Lady Antebellum,24,7,Gains In Performance
2010-11-20,24,From A Table Away,Sunny Sweeney,25,22,Gains In Performance
2010-11-20,25,The Shape I'm In,Joe Nichols,27,16,Gains In Performance
2010-11-20,26,Who Are You When I'm Not Looking,Blake Shelton,28,9,Gains In Performance
2010-11-20,27,Just By Being You (Halo And Wings),Steel Magnolia,26,21,Gains In Performance
2010-11-20,28,Wildflower,The JaneDear Girls,29,28,Gains In Performance
2010-11-20,29,Let Me Down Easy,Billy Currington,31,7,Gains In Performance
2010-11-20,30,Real,James Wesley,30,23,Gains In Performance
2010-11-20,31,What Do You Want,Jerrod Niemann,33,7,Gains In Performance
2010-11-20,32,Family Man,Craig Campbell,32,15,Gains In Performance
2010-11-20,33,Georgia Clay,Josh Kelley,34,12,Gains In Performance
2010-11-20,34,Are You Gonna Kiss Me Or Not,Thompson Square,35,16,Gains In Performance
2010-11-20,35,Draw Me A Map,Dierks Bentley,36,12,Gains In Performance
2010-11-20,36,Good To Be Me,Uncle Kracker Featuring Kid Rock,38,17,Gains In Performance
2010-11-20,37,Tell Me You Get Lonely,Frankie Ballard,37,24,Gains In Performance
2010-11-20,38,Where Do I Go From You,Clay Walker,40,14,Gains In Performance
2010-11-20,39,Playing The Part,Jamey Johnson,41,12,Gains In Performance
2010-11-20,40,A Little Bit Stronger,Sara Evans,39,8,
2010-11-20,41,Country Strong,Gwyneth Paltrow,42,12,Gains In Performance
2010-11-20,42,Raymond,Brett Eldredge,43,6,Gains In Performance
2010-11-20,43,Soldiers & Jesus,James Otto,48,11,Gains In Performance
2010-11-20,44,Still A Little Chicken Left On That Bone,Craig Morgan,45,6,Gains In Performance
2010-11-20,45,Kiss Me When I'm Down,Gary Allan,44,11,Gains In Performance
2010-11-20,46,Ready For Love,Adam Brand,46,10,Gains In Performance
2010-11-20,47,Beautiful Every Time,Lee Brice,51,3,Gains In Performance
2010-11-20,48,Pants,Walker Hayes,47,10,Gains In Performance
2010-11-20,49,That's Beautiful To Me,Jaron And The Long Road To Love,49,9,Gains In Performance
2010-11-20,50,I Wouldn't Be A Man,Josh Turner,56,2,Gains In Performance
2010-11-20,51,Keep In Mind,LoCash Cowboys,50,5,Gains In Performance
2010-11-20,52,Good Hands,Troy Olsen,52,5,Gains In Performance
2010-11-20,53,A Man Like Me,Randy Houser,54,5,Gains In Performance
2010-11-20,54,Kiss Goodbye,Little Big Town,NEW,1,Highest ranking debut|Gains In Performance
2010-11-20,55,Ten,Jewel,60,6,Gains In Performance
2010-11-20,56,The House Rules,Christian Kane,53,3,
2010-11-20,57,Back To December,Taylor Swift,NEW,1,Gains In Performance
2010-11-20,58,What You Think About Us,Ashley Gearing,59,5,Gains In Performance
2010-11-20,59,Don't You Wanna Stay,Jason Aldean With Kelly Clarkson,NEW,1,Gains In Performance
2010-11-20,60,Born Free,Kid Rock,RE,4,Gains In Performance
2010-11-27,1,As She's Walking Away,Zac Brown Band Featuring Alan Jackson,1,14,Gains In Performance
2010-11-27,2,Anything Like Me,Brad Paisley,3,15,Gains In Performance
2010-11-27,3,Stuck Like Glue,Sugarland,2,17,
2010-11-27,4,If I Die Young,The Band Perry,6,27,Gains In Performance
2010-11-27,5,Farmer's Daughter,Rodney Atkins,5,33,Gains In Performance
2010-11-27,6,Why Wait,Rascal Flatts,8,16,Gains In Performance
2010-11-27,7,Come Back Song,Darius Rucker,4,21,
2010-11-27,8,Turn On The Radio,Reba,9,19,Gains In Performance
2010-11-27,9,My Kinda Party,Jason Aldean,10,15,Gains In Performance
2010-11-27,10,The Breath You Take,George Strait,11,22,Gains In Performance
2010-11-27,11,Mama's Song,Carrie Underwood,12,13,Gains In Performance
2010-11-27,12,Mine,Taylor Swift,7,15,
2010-11-27,13,Felt Good On My Lips,Tim McGraw,13,8,Gains In Performance
2010-11-27,14,Put You In A Song,Keith Urban,14,9,Gains In Performance
2010-11-27,15,Only Prettier,Miranda Lambert,15,20,Gains In Performance
2010-11-27,16,Voices,Chris Young,18,39,Gains In Performance
2010-11-27,17,This Ain't No Love Song,Trace Adkins,16,27,Gains In Performance
2010-11-27,18,Somewhere With You,Kenny Chesney,20,4,Greatest gainer this week|Gains In Performance
2010-11-27,19,How I Got To Be This Way,Justin Moore,17,25,
2010-11-27,20,Someone Else Calling You Baby,Luke Bryan,19,16,Gains In Performance
2010-11-27,21,Bullets In The Gun,Toby Keith,21,8,Gains In Performance
2010-11-27,22,Hello World,Lady Antebellum,23,8,Gains In Performance
2010-11-27,23,Smoke A Little Smoke,Eric Church,22,26,Gains In Performance
2010-11-27,24,From A Table Away,Sunny Sweeney,24,23,Gains In Performance
2010-11-27,25,Who Are You When I'm Not Looking,Blake Shelton,26,10,Gains In Performance
2010-11-27,26,Let Me Down Easy,Billy Currington,29,8,Gains In Performance
2010-11-27,27,The Shape I'm In,Joe Nichols,25,17,Gains In Performance
2010-11-27,28,Wildflower,The JaneDear Girls,28,29,Gains In Performance
2010-11-27,29,What Do You Want,Jerrod Niemann,31,8,Gains In Performance
2010-11-27,30,Real,James Wesley,30,24,Gains In Performance
2010-11-27,31,Family Man,Craig Campbell,32,16,Gains In Performance
2010-11-27,32,Georgia Clay,Josh Kelley,33,13,
2010-11-27,33,Are You Gonna Kiss Me Or Not,Thompson Square,34,17,Gains In Performance
2010-11-27,34,Good To Be Me,Uncle Kracker Featuring Kid Rock,36,18,Gains In Performance
2010-11-27,35,Draw Me A Map,Dierks Bentley,35,13,
2010-11-27,36,Tell Me You Get Lonely,Frankie Ballard,37,25,Gains In Performance
2010-11-27,37,Where Do I Go From You,Clay Walker,38,15,
2010-11-27,38,A Little Bit Stronger,Sara Evans,40,9,Gains In Performance
2010-11-27,39,Back To December,Taylor Swift,57,2,Gains In Performance
2010-11-27,40,Country Strong,Gwyneth Paltrow,41,13,Gains In Performance
2010-11-27,41,Soldiers & Jesus,James Otto,43,12,Gains In Performance
2010-11-27,42,Playing The Part,Jamey Johnson,39,13,
2010-11-27,43,Raymond,Brett Eldredge,42,7,Gains In Performance
2010-11-27,44,Still A Little Chicken Left On That Bone,Craig Morgan,44,7,Gains In Performance
2010-11-27,45,Pants,Walker Hayes,48,11,Gains In Performance
2010-11-27,46,Kiss Me When I'm Down,Gary Allan,45,12,
2010-11-27,47,Keep In Mind,LoCash Cowboys,51,6,Gains In Performance
2010-11-27,48,I Wouldn't Be A Man,Josh Turner,50,3,Gains In Performance
2010-11-27,49,Don't You Wanna Stay,Jason Aldean With Kelly Clarkson,59,2,Gains In Performance
2010-11-27,50,Ready For Love,Adam Brand,46,11,
2010-11-27,51,Beautiful Every Time,Lee Brice,47,4,
2010-11-27,52,That's Beautiful To Me,Jaron And The Long Road To Love,49,10,
2010-11-27,53,Good Hands,Troy Olsen,52,6,Gains In Performance
2010-11-27,54,I Can't Love You Back,Easton Corbin,NEW,1,Highest ranking debut|Gains In Performance
2010-11-27,55,Kiss Goodbye,Little Big Town,54,2,Gains In Performance
2010-11-27,56,The House Rules,Christian Kane,56,4,Gains In Performance
2010-11-27,57,A Man Like Me,Randy Houser,53,6,Gains In Performance
2010-11-27,58,Ten,Jewel,55,7,Gains In Performance
2010-11-27,59,This,Darius Rucker,NEW,1,Gains In Performance
2010-11-27,60,If I Were A Boy,Reba,NEW,1,Gains In Performance
2010-12-04,1,Anything Like Me,Brad Paisley,2,16,Gains In Performance
2010-12-04,2,As She's Walking Away,Zac Brown Band Featuring Alan Jackson,1,15,Gains In Performance
2010-12-04,3,If I Die Young,The Band Perry,4,28,Gains In Performance
2010-12-04,4,Why Wait,Rascal Flatts,6,17,Gains In Performance
2010-12-04,5,Farmer's Daughter,Rodney Atkins,5,34,
2010-12-04,6,Turn On The Radio,Reba,8,20,Gains In Performance
2010-12-04,7,My Kinda Party,Jason Aldean,9,16,Gains In Performance
2010-12-04,8,Stuck Like Glue,Sugarland,3,18,
2010-12-04,9,Mama's Song,Carrie Underwood,11,14,Gains In Performance
2010-12-04,10,The Breath You Take,George Strait,10,23,Gains In Performance
2010-12-04,11,Felt Good On My Lips,Tim McGraw,13,9,Gains In Performance
2010-12-04,12,Voices,Chris Young,16,40,Gains In Performance
2010-12-04,13,Put You In A Song,Keith Urban,14,10,Gains In Performance
2010-12-04,14,Only Prettier,Miranda Lambert,15,21,Gains In Performance
2010-12-04,15,Somewhere With You,Kenny Chesney,18,5,Gains In Performance
2010-12-04,16,This Ain't No Love Song,Trace Adkins,17,28,Gains In Performance
2010-12-04,17,Someone Else Calling You Baby,Luke Bryan,20,17,Gains In Performance
2010-12-04,18,Bullets In The Gun,Toby Keith,21,9,Gains In Performance
2010-12-04,19,Hello World,Lady Antebellum,22,9,Gains In Performance
2010-12-04,20,Smoke A Little Smoke,Eric Church,23,27,Gains In Performance
2010-12-04,21,Who Are You When I'm Not Looking,Blake Shelton,25,11,Gains In Performance
2010-12-04,22,Let Me Down Easy,Billy Currington,26,9,Gains In Performance
2010-12-04,23,From A Table Away,Sunny Sweeney,24,24,Gains In Performance
2010-12-04,24,The Shape I'm In,Joe Nichols,27,18,Gains In Performance
2010-12-04,25,Wildflower,The JaneDear Girls,28,30,Gains In Performance
2010-12-04,26,Back To December,Taylor Swift,39,3,Greatest gainer this week|Gains In Performance
2010-12-04,27,What Do You Want,Jerrod Niemann,29,9,Gains In Performance
2010-12-04,28,Real,James Wesley,30,25,Gains In Performance
2010-12-04,29,Family Man,Craig Campbell,31,17,Gains In Performance
2010-12-04,30,Are You Gonna Kiss Me Or Not,Thompson Square,33,18,Gains In Performance
2010-12-04,31,Georgia Clay,Josh Kelley,32,14,Gains In Performance
2010-12-04,32,Good To Be Me,Uncle Kracker Featuring Kid Rock,34,19,Gains In Performance
2010-12-04,33,Draw Me A Map,Dierks Bentley,35,14,Gains In Performance
2010-12-04,34,Tell Me You Get Lonely,Frankie Ballard,36,26,Gains In Performance
2010-12-04,35,Where Do I Go From You,Clay Walker,37,16,Gains In Performance
2010-12-04,36,A Little Bit Stronger,Sara Evans,38,10,Gains In Performance
2010-12-04,37,Country Strong,Gwyneth Paltrow,40,14,Gains In Performance
2010-12-04,38,Don't You Wanna Stay,Jason Aldean With Kelly Clarkson,49,3,Gains In Performance
2010-12-04,39,Raymond,Brett Eldredge,43,8,Gains In Performance
2010-12-04,40,Soldiers & Jesus,James Otto,41,13,
2010-12-04,41,Still A Little Chicken Left On That Bone,Craig Morgan,44,8,Gains In Performance
2010-12-04,42,Playing The Part,Jamey Johnson,42,14,
2010-12-04,43,I Can't Love You Back,Easton Corbin,54,2,Gains In Performance
2010-12-04,44,I Wouldn't Be A Man,Josh Turner,48,4,Gains In Performance
2010-12-04,45,This,Darius Rucker,59,2,Gains In Performance
2010-12-04,46,Kiss Me When I'm Down,Gary Allan,46,13,Gains In Performance
2010-12-04,47,Little Miss,Sugarland,NEW,1,Highest ranking debut|Gains In Performance
2010-12-04,48,Keep In Mind,LoCash Cowboys,47,7,Gains In Performance
2010-12-04,49,That's Beautiful To Me,Jaron And The Long Road To Love,52,11,Gains In Performance
2010-12-04,50,Beautiful Every Time,Lee Brice,51,5,Gains In Performance
2010-12-04,51,Pants,Walker Hayes,45,12,
2010-12-04,52,This Is Country Music,Brad Paisley,NEW,1,Gains In Performance
2010-12-04,53,Ready For Love,Adam Brand,50,12,
2010-12-04,54,Good Hands,Troy Olsen,53,7,Gains In Performance
2010-12-04,55,Coal Miner's Daughter,"Loretta Lynn, Sheryl Crow and Miranda Lambert",NEW,1,Gains In Performance
2010-12-04,56,A Man Like Me,Randy Houser,57,7,Gains In Performance
2010-12-04,57,Ten,Jewel,58,8,
2010-12-04,58,Kiss Goodbye,Little Big Town,55,3,
2010-12-04,59,The House Rules,Christian Kane,56,5,
2010-12-04,60,Best Song Ever,Katie Armiger,NEW,1,Gains In Performance
2010-12-11,1,If I Die Young,The Band Perry,3,29,Gains In Performance
2010-12-11,2,Anything Like Me,Brad Paisley,1,17,
2010-12-11,3,As She's Walking Away,Zac Brown Band Featuring Alan Jackson,2,16,
2010-12-11,4,Why Wait,Rascal Flatts,4,18,Gains In Performance
2010-12-11,5,My Kinda Party,Jason Aldean,7,17,Gains In Performance
2010-12-11,6,Turn On The Radio,Reba,6,21,Gains In Performance
2010-12-11,7,Farmer's Daughter,Rodney Atkins,5,35,
2010-12-11,8,Mama's Song,Carrie Underwood,9,15,Gains In Performance
2010-12-11,9,Felt Good On My Lips,Tim McGraw,11,10,Gains In Performance
2010-12-11,10,The Breath You Take,George Strait,10,24,Gains In Performance
2010-12-11,11,Somewhere With You,Kenny Chesney,15,6,Gains In Performance
2010-12-11,12,Only Prettier,Miranda Lambert,14,22,Gains In Performance
2010-12-11,13,Voices,Chris Young,12,41,Gains In Performance
2010-12-11,14,Put You In A Song,Keith Urban,13,11,Gains In Performance
2010-12-11,15,Someone Else Calling You Baby,Luke Bryan,17,18,Gains In Performance
2010-12-11,16,This Ain't No Love Song,Trace Adkins,16,29,
2010-12-11,17,Bullets In The Gun,Toby Keith,18,10,Gains In Performance
2010-12-11,18,Hello World,Lady Antebellum,19,10,Gains In Performance
2010-12-11,19,Who Are You When I'm Not Looking,Blake Shelton,21,12,Gains In Performance
2010-12-11,20,Smoke A Little Smoke,Eric Church,20,28,Gains In Performance
2010-12-11,21,Let Me Down Easy,Billy Currington,22,10,Gains In Performance
2010-12-11,22,Back To December,Taylor Swift,26,4,Gains In Performance
2010-12-11,23,From A Table Away,Sunny Sweeney,23,25,Gains In Performance
2010-12-11,24,Wildflower,The JaneDear Girls,25,31,Gains In Performance
2010-12-11,25,The Shape I'm In,Joe Nichols,24,19,Gains In Performance
2010-12-11,26,What Do You Want,Jerrod Niemann,27,10,Gains In Performance
2010-12-11,27,Family Man,Craig Campbell,29,18,Gains In Performance
2010-12-11,28,Real,James Wesley,28,26,Gains In Performance
2010-12-11,29,This Is Country Music,Brad Paisley,52,2,Greatest gainer this week|Gains In Performance
2010-12-11,30,Are You Gonna Kiss Me Or Not,Thompson Square,30,19,Gains In Performance
2010-12-11,31,Georgia Clay,Josh Kelley,31,15,Gains In Performance
2010-12-11,32,Don't You Wanna Stay,Jason Aldean With Kelly Clarkson,38,4,Gains In Performance
2010-12-11,33,Good To Be Me,Uncle Kracker Featuring Kid Rock,32,20,Gains In Performance
2010-12-11,34,Where Do I Go From You,Clay Walker,35,17,Gains In Performance
2010-12-11,35,This,Darius Rucker,45,3,Gains In Performance
2010-12-11,36,A Little Bit Stronger,Sara Evans,36,11,Gains In Performance
2010-12-11,37,Tell Me You Get Lonely,Frankie Ballard,34,27,Gains In Performance
2010-12-11,38,Draw Me A Map,Dierks Bentley,33,15,
2010-12-11,39,Country Strong,Gwyneth Paltrow,37,15,Gains In Performance
2010-12-11,40,Raymond,Brett Eldredge,39,9,Gains In Performance
2010-12-11,41,Little Miss,Sugarland,47,2,Gains In Performance
2010-12-11,42,I Can't Love You Back,Easton Corbin,43,3,Gains In Performance
2010-12-11,43,Soldiers & Jesus,James Otto,40,14,Gains In Performance
2010-12-11,44,Still A Little Chicken Left On That Bone,Craig Morgan,41,9,Gains In Performance
2010-12-11,45,I Wouldn't Be A Man,Josh Turner,44,5,Gains In Performance
2010-12-11,46,Pants,Walker Hayes,51,13,Gains In Performance
2010-12-11,47,Kiss Me When I'm Down,Gary Allan,46,14,Gains In Performance
2010-12-11,48,Beautiful Every Time,Lee Brice,50,6,Gains In Performance
2010-12-11,49,That's Beautiful To Me,Jaron And The Long Road To Love,49,12,Gains In Performance
2010-12-11,50,Keep In Mind,LoCash Cowboys,48,8,
2010-12-11,51,Good Hands,Troy Olsen,54,8,Gains In Performance
2010-12-11,52,The House Rules,Christian Kane,59,6,Gains In Performance
2010-12-11,53,Kiss Goodbye,Little Big Town,58,4,Gains In Performance
2010-12-11,54,A Man Like Me,Randy Houser,56,8,Gains In Performance
2010-12-11,55,Best Song Ever,Katie Armiger,60,2,Gains In Performance
2010-12-11,56,Won't Be Lonely Long,Josh Thompson,NEW,1,Highest ranking debut|Gains In Performance
2010-12-11,57,Ring Of Fire,Alan Jackson,NEW,1,Gains In Performance
2010-12-11,58,Ten,Jewel,57,9,
2010-12-11,59,I've Got This Feeling,Blake Wise,NEW,1,Gains In Performance
2010-12-11,60,Have Yourself A Merry Little Christmas,Lady Antebellum,NEW,1,Gains In Performance
2010-12-18,1,Why Wait,Rascal Flatts,4,19,Gains In Performance
2010-12-18,2,As She's Walking Away,Zac Brown Band Featuring Alan Jackson,3,17,
2010-12-18,3,If I Die Young,The Band Perry,1,30,
2010-12-18,4,Turn On The Radio,Reba,6,22,Gains In Performance
2010-12-18,5,My Kinda Party,Jason Aldean,5,18,Gains In Performance
2010-12-18,6,Anything Like Me,Brad Paisley,2,18,
2010-12-18,7,Mama's Song,Carrie Underwood,8,16,Gains In Performance
2010-12-18,8,Felt Good On My Lips,Tim McGraw,9,11,Gains In Performance
2010-12-18,9,The Breath You Take,George Strait,10,25,Gains In Performance
2010-12-18,10,Farmer's Daughter,Rodney Atkins,7,36,
2010-12-18,11,Somewhere With You,Kenny Chesney,11,7,Gains In Performance
2010-12-18,12,Put You In A Song,Keith Urban,14,12,Gains In Performance
2010-12-18,13,Voices,Chris Young,13,42,Gains In Performance
2010-12-18,14,Only Prettier,Miranda Lambert,12,23,Gains In Performance
2010-12-18,15,Someone Else Calling You Baby,Luke Bryan,15,19,Gains In Performance
2010-12-18,16,Bullets In The Gun,Toby Keith,17,11,Gains In Performance
2010-12-18,17,Hello World,Lady Antebellum,18,11,Gains In Performance
2010-12-18,18,Who Are You When I'm Not Looking,Blake Shelton,19,13,Gains In Performance
2010-12-18,19,Back To December,Taylor Swift,22,5,Gains In Performance
2010-12-18,20,Let Me Down Easy,Billy Currington,21,11,Gains In Performance
2010-12-18,21,Smoke A Little Smoke,Eric Church,20,29,Gains In Performance
2010-12-18,22,From A Table Away,Sunny Sweeney,23,26,Gains In Performance
2010-12-18,23,This Is Country Music,Brad Paisley,29,3,Gains In Performance
2010-12-18,24,Wildflower,The JaneDear Girls,24,32,Gains In Performance
2010-12-18,25,The Shape I'm In,Joe Nichols,25,20,Gains In Performance
2010-12-18,26,What Do You Want,Jerrod Niemann,26,11,Gains In Performance
2010-12-18,27,Real,James Wesley,28,27,Gains In Performance
2010-12-18,28,Don't You Wanna Stay,Jason Aldean With Kelly Clarkson,32,5,Gains In Performance
2010-12-18,29,Family Man,Craig Campbell,27,19,Gains In Performance
2010-12-18,30,Are You Gonna Kiss Me Or Not,Thompson Square,30,20,Gains In Performance
2010-12-18,31,This,Darius Rucker,35,4,Gains In Performance
2010-12-18,32,Georgia Clay,Josh Kelley,31,16,Gains In Performance
2010-12-18,33,Where Do I Go From You,Clay Walker,34,18,Gains In Performance
2010-12-18,34,A Little Bit Stronger,Sara Evans,36,12,Gains In Performance
2010-12-18,35,Good To Be Me,Uncle Kracker Featuring Kid Rock,33,21,Gains In Performance
2010-12-18,36,Little Miss,Sugarland,41,3,Gains In Performance
2010-12-18,37,Raymond,Brett Eldredge,40,10,Gains In Performance
2010-12-18,38,Tell Me You Get Lonely,Frankie Ballard,37,28,Gains In Performance
2010-12-18,39,Country Strong,Gwyneth Paltrow,39,16,Gains In Performance
2010-12-18,40,I Can't Love You Back,Easton Corbin,42,4,Gains In Performance
2010-12-18,41,Still A Little Chicken Left On That Bone,Craig Morgan,44,10,Gains In Performance
2010-12-18,42,Soldiers & Jesus,James Otto,43,15,
2010-12-18,43,I Wouldn't Be A Man,Josh Turner,45,6,Gains In Performance
2010-12-18,44,Draw Me A Map,Dierks Bentley,38,16,
2010-12-18,45,Pants,Walker Hayes,46,14,Gains In Performance
2010-12-18,46,Kiss Me When I'm Down,Gary Allan,47,15,Gains In Performance
2010-12-18,47,Keep In Mind,LoCash Cowboys,50,9,Gains In Performance
2010-12-18,48,Beautiful Every Time,Lee Brice,48,7,Gains In Performance
2010-12-18,49,That's Beautiful To Me,Jaron And The Long Road To Love,49,13,
2010-12-18,50,Good Hands,Troy Olsen,51,9,Gains In Performance
2010-12-18,51,The House Rules,Christian Kane,52,7,Gains In Performance
2010-12-18,52,Best Song Ever,Katie Armiger,55,3,Gains In Performance
2010-12-18,53,A Man Like Me,Randy Houser,54,9,
2010-12-18,54,Kiss Goodbye,Little Big Town,53,5,
2010-12-18,55,Won't Be Lonely Long,Josh Thompson,56,2,Gains In Performance
2010-12-18,56,"Let It Snow, Let It Snow, Let It Snow",Lady Antebellum,NEW,1,Highest ranking debut|Gains In Performance
2010-12-18,57,All I Want For Christmas Is You,Lady Antebellum,NEW,1,Gains In Performance
2010-12-18,58,Have Yourself A Merry Little Christmas,Lady Antebellum,60,2,Gains In Performance
2010-12-18,59,I've Got This Feeling,Blake Wise,59,2,Gains In Performance
2010-12-18,60,Ring Of Fire,Alan Jackson,57,2,
2010-12-25,1,Why Wait,Rascal Flatts,1,20,
2010-12-25,2,Turn On The Radio,Reba,4,23,Gains In Performance
2010-12-25,3,My Kinda Party,Jason Aldean,5,19,Gains In Performance
2010-12-25,4,Mama's Song,Carrie Underwood,7,17,Gains In Performance
2010-12-25,5,Felt Good On My Lips,Tim McGraw,8,12,Gains In Performance
2010-12-25,6,As She's Walking Away,Zac Brown Band Featuring Alan Jackson,2,18,
2010-12-25,7,Somewhere With You,Kenny Chesney,11,8,Gains In Performance
2010-12-25,8,The Breath You Take,George Strait,9,26,Gains In Performance
2010-12-25,9,If I Die Young,The Band Perry,3,31,
2010-12-25,10,Voices,Chris Young,13,43,Gains In Performance
2010-12-25,11,Put You In A Song,Keith Urban,12,13,Gains In Performance
2010-12-25,12,Only Prettier,Miranda Lambert,14,24,Gains In Performance
2010-12-25,13,Someone Else Calling You Baby,Luke Bryan,15,20,Gains In Performance
2010-12-25,14,Who Are You When I'm Not Looking,Blake Shelton,18,14,Gains In Performance
2010-12-25,15,Hello World,Lady Antebellum,17,12,Gains In Performance
2010-12-25,16,Back To December,Taylor Swift,19,6,Gains In Performance
2010-12-25,17,Bullets In The Gun,Toby Keith,16,12,
2010-12-25,18,Let Me Down Easy,Billy Currington,20,12,Gains In Performance
2010-12-25,19,This Is Country Music,Brad Paisley,23,4,Gains In Performance
2010-12-25,20,Smoke A Little Smoke,Eric Church,21,30,Gains In Performance
2010-12-25,21,From A Table Away,Sunny Sweeney,22,27,Gains In Performance
2010-12-25,22,Wildflower,The JaneDear Girls,24,33,Gains In Performance
2010-12-25,23,The Shape I'm In,Joe Nichols,25,21,Gains In Performance
2010-12-25,24,What Do You Want,Jerrod Niemann,26,12,Gains In Performance
2010-12-25,25,Don't You Wanna Stay,Jason Aldean With Kelly Clarkson,28,6,Gains In Performance
2010-12-25,26,This,Darius Rucker,31,5,Gains In Performance
2010-12-25,27,Real,James Wesley,27,28,Gains In Performance
2010-12-25,28,Family Man,Craig Campbell,29,20,Gains In Performance
2010-12-25,29,Are You Gonna Kiss Me Or Not,Thompson Square,30,21,Gains In Performance
2010-12-25,30,Little Miss,Sugarland,36,4,Gains In Performance
2010-12-25,31,Georgia Clay,Josh Kelley,32,17,Gains In Performance
2010-12-25,32,A Little Bit Stronger,Sara Evans,34,13,Gains In Performance
2010-12-25,33,Where Do I Go From You,Clay Walker,33,19,Gains In Performance
2010-12-25,34,Good To Be Me,Uncle Kracker Featuring Kid Rock,35,22,
2010-12-25,35,Raymond,Brett Eldredge,37,11,Gains In Performance
2010-12-25,36,I Can't Love You Back,Easton Corbin,40,5,Gains In Performance
2010-12-25,37,Tell Me You Get Lonely,Frankie Ballard,38,29,Gains In Performance
2010-12-25,38,Country Strong,Gwyneth Paltrow,39,17,Gains In Performance
2010-12-25,39,Still A Little Chicken Left On That Bone,Craig Morgan,41,11,Gains In Performance
2010-12-25,40,Soldiers & Jesus,James Otto,42,16,Gains In Performance
2010-12-25,41,I Wouldn't Be A Man,Josh Turner,43,7,Gains In Performance
2010-12-25,42,Pants,Walker Hayes,45,15,Gains In Performance
2010-12-25,43,Beautiful Every Time,Lee Brice,48,8,Gains In Performance
2010-12-25,44,Kiss Me When I'm Down,Gary Allan,46,16,
2010-12-25,45,Keep In Mind,LoCash Cowboys,47,10,
2010-12-25,46,Ring Of Fire,Alan Jackson,60,3,Gains In Performance
2010-12-25,47,Good Hands,Troy Olsen,50,10,Gains In Performance
2010-12-25,48,That's Beautiful To Me,Jaron And The Long Road To Love,49,14,
2010-12-25,49,The House Rules,Christian Kane,51,8,Gains In Performance
2010-12-25,50,Won't Be Lonely Long,Josh Thompson,55,3,Gains In Performance
2010-12-25,51,Kiss Goodbye,Little Big Town,54,6,Gains In Performance
2010-12-25,52,Best Song Ever,Katie Armiger,52,4,
2010-12-25,53,"Let It Snow, Let It Snow, Let It Snow",Lady Antebellum,56,2,Gains In Performance
2010-12-25,54,A Man Like Me,Randy Houser,53,10,
2010-12-25,55,Have Yourself A Merry Little Christmas,Lady Antebellum,58,3,Gains In Performance
2010-12-25,56,All I Want For Christmas Is You,Lady Antebellum,57,2,Gains In Performance
2010-12-25,57,Old School,Chuck Wicks,NEW,1,Highest ranking debut|Gains In Performance
2010-12-25,58,I've Got This Feeling,Blake Wise,59,3,Gains In Performance
2010-12-25,59,You Lie,The Band Perry,NEW,1,Gains In Performance
2010-12-25,60,Mississippi's Cryin',Margaret Durante,NEW,1,Gains In Performance
2011-01-01,1,Turn On The Radio,Reba,2,24,Gains In Performance
2011-01-01,2,My Kinda Party,Jason Aldean,3,20,Gains In Performance
2011-01-01,3,Felt Good On My Lips,Tim McGraw,5,13,Gains In Performance
2011-01-01,4,Mama's Song,Carrie Underwood,4,18,Gains In Performance
2011-01-01,5,Somewhere With You,Kenny Chesney,7,9,Gains In Performance
2011-01-01,6,Why Wait,Rascal Flatts,1,21,
2011-01-01,7,Put You In A Song,Keith Urban,11,14,Gains In Performance
2011-01-01,8,Voices,Chris Young,10,44,Gains In Performance
2011-01-01,9,The Breath You Take,George Strait,8,27,
2011-01-01,10,As She's Walking Away,Zac Brown Band Featuring Alan Jackson,6,19,
2011-01-01,11,Someone Else Calling You Baby,Luke Bryan,13,21,Gains In Performance
2011-01-01,12,Who Are You When I'm Not Looking,Blake Shelton,14,15,Gains In Performance
2011-01-01,13,Back To December,Taylor Swift,16,7,Greatest gainer this week|Gains In Performance
2011-01-01,14,Hello World,Lady Antebellum,15,13,Gains In Performance
2011-01-01,15,Let Me Down Easy,Billy Currington,18,13,Gains In Performance
2011-01-01,16,Bullets In The Gun,Toby Keith,17,13,Gains In Performance
2011-01-01,17,This Is Country Music,Brad Paisley,19,5,Gains In Performance
2011-01-01,18,Smoke A Little Smoke,Eric Church,20,31,Gains In Performance
2011-01-01,19,From A Table Away,Sunny Sweeney,21,28,Gains In Performance
2011-01-01,20,Wildflower,The JaneDear Girls,22,34,Gains In Performance
2011-01-01,21,What Do You Want,Jerrod Niemann,24,13,Gains In Performance
2011-01-01,22,The Shape I'm In,Joe Nichols,23,22,Gains In Performance
2011-01-01,23,Don't You Wanna Stay,Jason Aldean With Kelly Clarkson,25,7,Gains In Performance
2011-01-01,24,This,Darius Rucker,26,6,Gains In Performance
2011-01-01,25,Real,James Wesley,27,29,Gains In Performance
2011-01-01,26,Family Man,Craig Campbell,28,21,Gains In Performance
2011-01-01,27,Are You Gonna Kiss Me Or Not,Thompson Square,29,22,Gains In Performance
2011-01-01,28,Little Miss,Sugarland,30,5,Gains In Performance
2011-01-01,29,Georgia Clay,Josh Kelley,31,18,Gains In Performance
2011-01-01,30,A Little Bit Stronger,Sara Evans,32,14,Gains In Performance
2011-01-01,31,Where Do I Go From You,Clay Walker,33,20,Gains In Performance
2011-01-01,32,Good To Be Me,Uncle Kracker Featuring Kid Rock,34,23,Gains In Performance
2011-01-01,33,I Can't Love You Back,Easton Corbin,36,6,Gains In Performance
2011-01-01,34,Raymond,Brett Eldredge,35,12,Gains In Performance
2011-01-01,35,Tell Me You Get Lonely,Frankie Ballard,37,30,Gains In Performance
2011-01-01,36,Country Strong,Gwyneth Paltrow,38,18,
2011-01-01,37,Soldiers & Jesus,James Otto,40,17,Gains In Performance
2011-01-01,38,Still A Little Chicken Left On That Bone,Craig Morgan,39,12,
2011-01-01,39,I Wouldn't Be A Man,Josh Turner,41,8,Gains In Performance
2011-01-01,40,Pants,Walker Hayes,42,16,Gains In Performance
2011-01-01,41,Kiss Me When I'm Down,Gary Allan,44,17,Gains In Performance
2011-01-01,42,Beautiful Every Time,Lee Brice,43,9,
2011-01-01,43,Keep In Mind,LoCash Cowboys,45,11,
2011-01-01,44,That's Beautiful To Me,Jaron And The Long Road To Love,48,15,Gains In Performance
2011-01-01,45,Ring Of Fire,Alan Jackson,46,4,Gains In Performance
2011-01-01,46,Good Hands,Troy Olsen,47,11,Gains In Performance
2011-01-01,47,Won't Be Lonely Long,Josh Thompson,50,4,Gains In Performance
2011-01-01,48,All I Want For Christmas Is You,Lady Antebellum,56,3,Gains In Performance
2011-01-01,49,Best Song Ever,Katie Armiger,52,5,Gains In Performance
2011-01-01,50,"Let It Snow, Let It Snow, Let It Snow",Lady Antebellum,53,3,Gains In Performance
2011-01-01,51,Have Yourself A Merry Little Christmas,Lady Antebellum,55,4,Gains In Performance
2011-01-01,52,The House Rules,Christian Kane,49,9,
2011-01-01,53,You Lie,The Band Perry,59,2,Gains In Performance
2011-01-01,54,Blue Christmas,Lady Antebellum,NEW,1,Highest ranking debut|Gains In Performance
2011-01-01,55,Kiss Goodbye,Little Big Town,51,7,
2011-01-01,56,Colder Weather,Zac Brown Band,NEW,1,Gains In Performance
2011-01-01,57,Old School,Chuck Wicks,57,2,Gains In Performance
2011-01-01,58,A Man Like Me,Randy Houser,54,11,
2011-01-01,59,Last Night Again,Steel Magnolia,NEW,1,Gains In Performance
2011-01-01,60,Silver Bells,Lady Antebellum,NEW,1,Gains In Performance
2011-01-08,1,Felt Good On My Lips,Tim McGraw,3,14,Gains In Performance
2011-01-08,2,My Kinda Party,Jason Aldean,2,21,
2011-01-08,3,Mama's Song,Carrie Underwood,4,19,
2011-01-08,4,Somewhere With You,Kenny Chesney,5,10,
2011-01-08,5,Turn On The Radio,Reba,1,25,
2011-01-08,6,Put You In A Song,Keith Urban,7,15,
2011-01-08,7,Voices,Chris Young,8,45,
2011-01-08,8,The Breath You Take,George Strait,9,28,
2011-01-08,9,Why Wait,Rascal Flatts,6,22,
2011-01-08,10,Someone Else Calling You Baby,Luke Bryan,11,22,
2011-01-08,11,Who Are You When I'm Not Looking,Blake Shelton,12,16,
2011-01-08,12,Back To December,Taylor Swift,13,8,
2011-01-08,13,Let Me Down Easy,Billy Currington,15,14,
2011-01-08,14,This Is Country Music,Brad Paisley,17,6,
2011-01-08,15,Hello World,Lady Antebellum,14,14,
2011-01-08,16,Bullets In The Gun,Toby Keith,16,14,
2011-01-08,17,Smoke A Little Smoke,Eric Church,18,32,
2011-01-08,18,From A Table Away,Sunny Sweeney,19,29,
2011-01-08,19,What Do You Want,Jerrod Niemann,21,14,
2011-01-08,20,Wildflower,The JaneDear Girls,20,35,
2011-01-08,21,Don't You Wanna Stay,Jason Aldean With Kelly Clarkson,23,8,
2011-01-08,22,This,Darius Rucker,24,7,
2011-01-08,23,The Shape I'm In,Joe Nichols,22,23,
2011-01-08,24,Little Miss,Sugarland,28,6,Gains In Performance
2011-01-08,25,Family Man,Craig Campbell,26,22,
2011-01-08,26,Real,James Wesley,25,30,
2011-01-08,27,Are You Gonna Kiss Me Or Not,Thompson Square,27,23,
2011-01-08,28,A Little Bit Stronger,Sara Evans,30,15,
2011-01-08,29,Georgia Clay,Josh Kelley,29,19,
2011-01-08,30,Where Do I Go From You,Clay Walker,31,21,Gains In Performance
2011-01-08,31,I Can't Love You Back,Easton Corbin,33,7,
2011-01-08,32,Good To Be Me,Uncle Kracker Featuring Kid Rock,32,24,
2011-01-08,33,Raymond,Brett Eldredge,34,13,
2011-01-08,34,"Let It Snow, Let It Snow, Let It Snow",Lady Antebellum,50,4,Greatest gainer this week|Gains In Performance
2011-01-08,35,Country Strong,Gwyneth Paltrow,36,19,
2011-01-08,36,Have Yourself A Merry Little Christmas,Lady Antebellum,51,5,Gains In Performance
2011-01-08,37,Tell Me You Get Lonely,Frankie Ballard,35,31,
2011-01-08,38,All I Want For Christmas Is You,Lady Antebellum,48,4,Gains In Performance
2011-01-08,39,Soldiers & Jesus,James Otto,37,18,
2011-01-08,40,I Wouldn't Be A Man,Josh Turner,39,9,
2011-01-08,41,Still A Little Chicken Left On That Bone,Craig Morgan,38,13,
2011-01-08,42,Blue Christmas,Lady Antebellum,54,2,Gains In Performance
2011-01-08,43,Kiss Me When I'm Down,Gary Allan,41,18,Gains In Performance
2011-01-08,44,Beautiful Every Time,Lee Brice,42,10,Gains In Performance
2011-01-08,45,Pants,Walker Hayes,40,17,
2011-01-08,46,Keep In Mind,LoCash Cowboys,43,12,
2011-01-08,47,Silver Bells,Lady Antebellum,60,2,Gains In Performance
2011-01-08,48,You Lie,The Band Perry,53,3,Gains In Performance
2011-01-08,49,Good Hands,Troy Olsen,46,12,Gains In Performance
2011-01-08,50,That's Beautiful To Me,Jaron And The Long Road To Love,44,16,
2011-01-08,51,Won't Be Lonely Long,Josh Thompson,47,5,
2011-01-08,52,Best Song Ever,Katie Armiger,49,6,
2011-01-08,53,Ring Of Fire,Alan Jackson,45,5,
2011-01-08,54,Colder Weather,Zac Brown Band,56,2,Gains In Performance
2011-01-08,55,The House Rules,Christian Kane,52,10,
2011-01-08,56,Kiss Goodbye,Little Big Town,55,8,
2011-01-08,57,Old School,Chuck Wicks,57,3,
2011-01-08,58,Heart Like Mine,Miranda Lambert,NEW,1,Highest ranking debut|Gains In Performance
2011-01-08,59,On This Winter's Night,Lady Antebellum,NEW,1,Gains In Performance
2011-01-08,60,Last Night Again,Steel Magnolia,59,2,
2011-01-15,1,Felt Good On My Lips,Tim McGraw,1,15,Greatest gainer this week|Gains In Performance
2011-01-15,2,My Kinda Party,Jason Aldean,2,22,Gains In Performance
2011-01-15,3,Mama's Song,Carrie Underwood,3,20,Gains In Performance
2011-01-15,4,Somewhere With You,Kenny Chesney,4,11,Gains In Performance
2011-01-15,5,Put You In A Song,Keith Urban,6,16,Gains In Performance
2011-01-15,6,The Breath You Take,George Strait,8,29,Gains In Performance
2011-01-15,7,Voices,Chris Young,7,46,Gains In Performance
2011-01-15,8,Turn On The Radio,Reba,5,26,Gains In Performance
2011-01-15,9,Why Wait,Rascal Flatts,9,23,Gains In Performance
2011-01-15,10,Someone Else Calling You Baby,Luke Bryan,10,23,Gains In Performance
2011-01-15,11,Who Are You When I'm Not Looking,Blake Shelton,11,17,Gains In Performance
2011-01-15,12,Back To December,Taylor Swift,12,9,Gains In Performance
2011-01-15,13,Let Me Down Easy,Billy Currington,13,15,Gains In Performance
2011-01-15,14,This Is Country Music,Brad Paisley,14,7,Gains In Performance
2011-01-15,15,Hello World,Lady Antebellum,15,15,Gains In Performance
2011-01-15,16,Bullets In The Gun,Toby Keith,16,15,Gains In Performance
2011-01-15,17,From A Table Away,Sunny Sweeney,18,30,Gains In Performance
2011-01-15,18,Smoke A Little Smoke,Eric Church,17,33,Gains In Performance
2011-01-15,19,Don't You Wanna Stay,Jason Aldean With Kelly Clarkson,21,9,Gains In Performance
2011-01-15,20,What Do You Want,Jerrod Niemann,19,15,Gains In Performance
2011-01-15,21,Wildflower,The JaneDear Girls,20,36,Gains In Performance
2011-01-15,22,This,Darius Rucker,22,8,Gains In Performance
2011-01-15,23,The Shape I'm In,Joe Nichols,23,24,Gains In Performance
2011-01-15,24,Little Miss,Sugarland,24,7,Gains In Performance
2011-01-15,25,Family Man,Craig Campbell,25,23,Gains In Performance
2011-01-15,26,Are You Gonna Kiss Me Or Not,Thompson Square,27,24,Gains In Performance
2011-01-15,27,Real,James Wesley,26,31,Gains In Performance
2011-01-15,28,Georgia Clay,Josh Kelley,29,20,Gains In Performance
2011-01-15,29,A Little Bit Stronger,Sara Evans,28,16,Gains In Performance
2011-01-15,30,Where Do I Go From You,Clay Walker,30,22,Gains In Performance
2011-01-15,31,Good To Be Me,Uncle Kracker Featuring Kid Rock,32,25,Gains In Performance
2011-01-15,32,I Can't Love You Back,Easton Corbin,31,8,Gains In Performance
2011-01-15,33,Tell Me You Get Lonely,Frankie Ballard,37,32,Gains In Performance
2011-01-15,34,Raymond,Brett Eldredge,33,14,Gains In Performance
2011-01-15,35,Country Strong,Gwyneth Paltrow,35,20,Gains In Performance
2011-01-15,36,I Wouldn't Be A Man,Josh Turner,40,10,Gains In Performance
2011-01-15,37,Soldiers & Jesus,James Otto,39,19,Gains In Performance
2011-01-15,38,Still A Little Chicken Left On That Bone,Craig Morgan,41,14,Gains In Performance
2011-01-15,39,Kiss Me When I'm Down,Gary Allan,43,19,Gains In Performance
2011-01-15,40,Beautiful Every Time,Lee Brice,44,11,Gains In Performance
2011-01-15,41,Good Hands,Troy Olsen,49,13,Gains In Performance
2011-01-15,42,Colder Weather,Zac Brown Band,54,3,Gains In Performance
2011-01-15,43,Keep In Mind,LoCash Cowboys,46,13,Gains In Performance
2011-01-15,44,Heart Like Mine,Miranda Lambert,58,2,Gains In Performance
2011-01-15,45,You Lie,The Band Perry,48,4,Gains In Performance
2011-01-15,46,Won't Be Lonely Long,Josh Thompson,51,6,Gains In Performance
2011-01-15,47,Pants,Walker Hayes,45,18,Gains In Performance
2011-01-15,48,That's Beautiful To Me,Jaron And The Long Road To Love,50,17,Gains In Performance
2011-01-15,49,Ring Of Fire,Alan Jackson,53,6,Gains In Performance
2011-01-15,50,Best Song Ever,Katie Armiger,52,7,Gains In Performance
2011-01-15,51,Kiss Goodbye,Little Big Town,56,9,Gains In Performance
2011-01-15,52,Old School,Chuck Wicks,57,4,Gains In Performance
2011-01-15,53,The House Rules,Christian Kane,55,11,Gains In Performance
2011-01-15,54,Last Night Again,Steel Magnolia,60,3,Gains In Performance
2011-01-15,55,Look It Up,Ashton Shepherd,NEW,1,Highest ranking debut|Gains In Performance
2011-01-15,56,I've Got This Feeling,Blake Wise,RE,4,Gains In Performance
2011-01-15,57,Brown Chicken Brown Cow,Trace Adkins,NEW,1,Gains In Performance
2011-01-15,58,Mississippi's Cryin',Margaret Durante,RE,2,Gains In Performance
2011-01-15,59,Born Free,Kid Rock,RE,5,Gains In Performance
2011-01-15,60,Give In To Me,Faith Hill,NEW,1,Gains In Performance
2011-01-22,1,Felt Good On My Lips,Tim McGraw,1,16,Gains In Performance
2011-01-22,2,Mama's Song,Carrie Underwood,3,21,Gains In Performance
2011-01-22,3,Somewhere With You,Kenny Chesney,4,12,Greatest gainer this week|Gains In Performance
2011-01-22,4,Put You In A Song,Keith Urban,5,17,Gains In Performance
2011-01-22,5,Voices,Chris Young,7,47,Gains In Performance
2011-01-22,6,My Kinda Party,Jason Aldean,2,23,
2011-01-22,7,The Breath You Take,George Strait,6,30,Gains In Performance
2011-01-22,8,Someone Else Calling You Baby,Luke Bryan,10,24,Gains In Performance
2011-01-22,9,Turn On The Radio,Reba,8,27,
2011-01-22,10,Who Are You When I'm Not Looking,Blake Shelton,11,18,Gains In Performance
2011-01-22,11,Back To December,Taylor Swift,12,10,Gains In Performance
2011-01-22,12,This Is Country Music,Brad Paisley,14,8,Gains In Performance
2011-01-22,13,Let Me Down Easy,Billy Currington,13,16,Gains In Performance
2011-01-22,14,Hello World,Lady Antebellum,15,16,Gains In Performance
2011-01-22,15,Bullets In The Gun,Toby Keith,16,16,Gains In Performance
2011-01-22,16,From A Table Away,Sunny Sweeney,17,31,Gains In Performance
2011-01-22,17,Smoke A Little Smoke,Eric Church,18,34,Gains In Performance
2011-01-22,18,Don't You Wanna Stay,Jason Aldean With Kelly Clarkson,19,10,Gains In Performance
2011-01-22,19,What Do You Want,Jerrod Niemann,20,16,Gains In Performance
2011-01-22,20,This,Darius Rucker,22,9,Gains In Performance
2011-01-22,21,Wildflower,The JaneDear Girls,21,37,Gains In Performance
2011-01-22,22,The Shape I'm In,Joe Nichols,23,25,Gains In Performance
2011-01-22,23,Little Miss,Sugarland,24,8,Gains In Performance
2011-01-22,24,Are You Gonna Kiss Me Or Not,Thompson Square,26,25,Gains In Performance
2011-01-22,25,Family Man,Craig Campbell,25,24,Gains In Performance
2011-01-22,26,Real,James Wesley,27,32,Gains In Performance
2011-01-22,27,A Little Bit Stronger,Sara Evans,29,17,Gains In Performance
2011-01-22,28,Georgia Clay,Josh Kelley,28,21,Gains In Performance
2011-01-22,29,Where Do I Go From You,Clay Walker,30,23,Gains In Performance
2011-01-22,30,Country Strong,Gwyneth Paltrow,35,21,Gains In Performance
2011-01-22,31,Good To Be Me,Uncle Kracker Featuring Kid Rock,31,26,Gains In Performance
2011-01-22,32,I Can't Love You Back,Easton Corbin,32,9,Gains In Performance
2011-01-22,33,Colder Weather,Zac Brown Band,42,4,Gains In Performance
2011-01-22,34,Raymond,Brett Eldredge,34,15,Gains In Performance
2011-01-22,35,Tell Me You Get Lonely,Frankie Ballard,33,33,Gains In Performance
2011-01-22,36,Soldiers & Jesus,James Otto,37,20,Gains In Performance
2011-01-22,37,Heart Like Mine,Miranda Lambert,44,3,Gains In Performance
2011-01-22,38,I Wouldn't Be A Man,Josh Turner,36,11,Gains In Performance
2011-01-22,39,Still A Little Chicken Left On That Bone,Craig Morgan,38,15,Gains In Performance
2011-01-22,40,You Lie,The Band Perry,45,5,Gains In Performance
2011-01-22,41,Pants,Walker Hayes,47,19,Gains In Performance
2011-01-22,42,Kiss Me When I'm Down,Gary Allan,39,20,Gains In Performance
2011-01-22,43,Beautiful Every Time,Lee Brice,40,12,Gains In Performance
2011-01-22,44,Won't Be Lonely Long,Josh Thompson,46,7,Gains In Performance
2011-01-22,45,I Won't Let Go,Rascal Flatts,NEW,1,Highest ranking debut|Gains In Performance
2011-01-22,46,Keep In Mind,LoCash Cowboys,43,14,Gains In Performance
2011-01-22,47,Look It Up,Ashton Shepherd,55,2,Gains In Performance
2011-01-22,48,Good Hands,Troy Olsen,41,14,Gains In Performance
2011-01-22,49,Ring Of Fire,Alan Jackson,49,7,Gains In Performance
2011-01-22,50,Last Night Again,Steel Magnolia,54,4,Gains In Performance
2011-01-22,51,Best Song Ever,Katie Armiger,50,8,Gains In Performance
2011-01-22,52,Kiss Goodbye,Little Big Town,51,10,
2011-01-22,53,The House Rules,Christian Kane,53,12,
2011-01-22,54,Old School,Chuck Wicks,52,5,
2011-01-22,55,Brown Chicken Brown Cow,Trace Adkins,57,2,Gains In Performance
2011-01-22,56,Born Free,Kid Rock,59,6,Gains In Performance
2011-01-22,57,Mississippi's Cryin',Margaret Durante,58,3,Gains In Performance
2011-01-22,58,Love Don't Run,Steve Holy,NEW,1,Gains In Performance
2011-01-22,59,I've Got This Feeling,Blake Wise,56,5,
2011-01-22,60,Crazy Women,LeAnn Rimes,NEW,1,Gains In Performance
2011-01-29,1,Somewhere With You,Kenny Chesney,3,13,Gains In Performance
2011-01-29,2,Felt Good On My Lips,Tim McGraw,1,17,
2011-01-29,3,Put You In A Song,Keith Urban,4,18,Gains In Performance
2011-01-29,4,Mama's Song,Carrie Underwood,2,22,
2011-01-29,5,Voices,Chris Young,5,48,Gains In Performance
2011-01-29,6,Someone Else Calling You Baby,Luke Bryan,8,25,Gains In Performance
2011-01-29,7,Who Are You When I'm Not Looking,Blake Shelton,10,19,Gains In Performance
2011-01-29,8,My Kinda Party,Jason Aldean,6,24,
2011-01-29,9,Back To December,Taylor Swift,11,11,Gains In Performance
2011-01-29,10,This Is Country Music,Brad Paisley,12,9,Gains In Performance
2011-01-29,11,Let Me Down Easy,Billy Currington,13,17,Gains In Performance
2011-01-29,12,Hello World,Lady Antebellum,14,17,Gains In Performance
2011-01-29,13,Don't You Wanna Stay,Jason Aldean With Kelly Clarkson,18,11,Greatest gainer this week|Gains In Performance
2011-01-29,14,Bullets In The Gun,Toby Keith,15,17,
2011-01-29,15,From A Table Away,Sunny Sweeney,16,32,Gains In Performance
2011-01-29,16,Smoke A Little Smoke,Eric Church,17,35,Gains In Performance
2011-01-29,17,This,Darius Rucker,20,10,Gains In Performance
2011-01-29,18,Wildflower,The JaneDear Girls,21,38,Gains In Performance
2011-01-29,19,What Do You Want,Jerrod Niemann,19,17,Gains In Performance
2011-01-29,20,Little Miss,Sugarland,23,9,Gains In Performance
2011-01-29,21,The Shape I'm In,Joe Nichols,22,26,Gains In Performance
2011-01-29,22,Are You Gonna Kiss Me Or Not,Thompson Square,24,26,Gains In Performance
2011-01-29,23,Family Man,Craig Campbell,25,25,Gains In Performance
2011-01-29,24,A Little Bit Stronger,Sara Evans,27,18,Gains In Performance
2011-01-29,25,Colder Weather,Zac Brown Band,33,5,Gains In Performance
2011-01-29,26,Real,James Wesley,26,33,Gains In Performance
2011-01-29,27,Georgia Clay,Josh Kelley,28,22,Gains In Performance
2011-01-29,28,Where Do I Go From You,Clay Walker,29,24,Gains In Performance
2011-01-29,29,Heart Like Mine,Miranda Lambert,37,4,Gains In Performance
2011-01-29,30,I Can't Love You Back,Easton Corbin,32,10,Gains In Performance
2011-01-29,31,Good To Be Me,Uncle Kracker Featuring Kid Rock,31,27,
2011-01-29,32,Country Strong,Gwyneth Paltrow,30,22,
2011-01-29,33,Raymond,Brett Eldredge,34,16,Gains In Performance
2011-01-29,34,I Wouldn't Be A Man,Josh Turner,38,12,Gains In Performance
2011-01-29,35,I Won't Let Go,Rascal Flatts,45,2,Gains In Performance
2011-01-29,36,Tell Me You Get Lonely,Frankie Ballard,35,34,
2011-01-29,37,You Lie,The Band Perry,40,6,Gains In Performance
2011-01-29,38,Soldiers & Jesus,James Otto,36,21,
2011-01-29,39,Still A Little Chicken Left On That Bone,Craig Morgan,39,16,
2011-01-29,40,Look It Up,Ashton Shepherd,47,3,Gains In Performance
2011-01-29,41,Kiss Me When I'm Down,Gary Allan,42,21,Gains In Performance
2011-01-29,42,Beautiful Every Time,Lee Brice,43,13,Gains In Performance
2011-01-29,43,Won't Be Lonely Long,Josh Thompson,44,8,Gains In Performance
2011-01-29,44,Pants,Walker Hayes,41,20,
2011-01-29,45,Good Hands,Troy Olsen,48,15,
2011-01-29,46,Keep In Mind,LoCash Cowboys,46,15,
2011-01-29,47,Last Night Again,Steel Magnolia,50,5,Gains In Performance
2011-01-29,48,Ring Of Fire,Alan Jackson,49,8,
2011-01-29,49,Best Song Ever,Katie Armiger,51,9,Gains In Performance
2011-01-29,50,Kiss Goodbye,Little Big Town,52,11,Gains In Performance
2011-01-29,51,Old School,Chuck Wicks,54,6,Gains In Performance
2011-01-29,52,Brown Chicken Brown Cow,Trace Adkins,55,3,Gains In Performance
2011-01-29,53,The House Rules,Christian Kane,53,13,
2011-01-29,54,Love Don't Run,Steve Holy,58,2,Gains In Performance
2011-01-29,55,Crazy Women,LeAnn Rimes,60,2,Gains In Performance
2011-01-29,56,"1,000 Faces",Randy Montana,NEW,1,Highest ranking debut|Gains In Performance
2011-01-29,57,Born Free,Kid Rock,56,7,
2011-01-29,58,I've Got This Feeling,Blake Wise,59,6,Gains In Performance
2011-01-29,59,Mississippi's Cryin',Margaret Durante,57,4,
2011-01-29,60,If I Were A Boy,Reba,RE,2,Gains In Performance
2011-02-05,1,Somewhere With You,Kenny Chesney,1,14,Gains In Performance
2011-02-05,2,Put You In A Song,Keith Urban,3,19,Gains In Performance
2011-02-05,3,Someone Else Calling You Baby,Luke Bryan,6,26,Gains In Performance
2011-02-05,4,Felt Good On My Lips,Tim McGraw,2,18,
2011-02-05,5,Voices,Chris Young,5,49,Gains In Performance
2011-02-05,6,Who Are You When I'm Not Looking,Blake Shelton,7,20,Gains In Performance
2011-02-05,7,Back To December,Taylor Swift,9,12,Gains In Performance
2011-02-05,8,This Is Country Music,Brad Paisley,10,10,Gains In Performance
2011-02-05,9,Mama's Song,Carrie Underwood,4,23,
2011-02-05,10,Let Me Down Easy,Billy Currington,11,18,Gains In Performance
2011-02-05,11,Don't You Wanna Stay,Jason Aldean With Kelly Clarkson,13,12,Gains In Performance
2011-02-05,12,Hello World,Lady Antebellum,12,18,Gains In Performance
2011-02-05,13,Bullets In The Gun,Toby Keith,14,18,Gains In Performance
2011-02-05,14,From A Table Away,Sunny Sweeney,15,33,Gains In Performance
2011-02-05,15,This,Darius Rucker,17,11,Gains In Performance
2011-02-05,16,Smoke A Little Smoke,Eric Church,16,36,Gains In Performance
2011-02-05,17,Wildflower,The JaneDear Girls,18,39,Gains In Performance
2011-02-05,18,What Do You Want,Jerrod Niemann,19,18,Gains In Performance
2011-02-05,19,Little Miss,Sugarland,20,10,Gains In Performance
2011-02-05,20,Are You Gonna Kiss Me Or Not,Thompson Square,22,27,Gains In Performance
2011-02-05,21,The Shape I'm In,Joe Nichols,21,27,Gains In Performance
2011-02-05,22,Colder Weather,Zac Brown Band,25,6,Greatest gainer this week|Gains In Performance
2011-02-05,23,Family Man,Craig Campbell,23,26,Gains In Performance
2011-02-05,24,A Little Bit Stronger,Sara Evans,24,19,Gains In Performance
2011-02-05,25,Real,James Wesley,26,34,Gains In Performance
2011-02-05,26,Heart Like Mine,Miranda Lambert,29,5,Gains In Performance
2011-02-05,27,Georgia Clay,Josh Kelley,27,23,Gains In Performance
2011-02-05,28,I Can't Love You Back,Easton Corbin,30,11,Gains In Performance
2011-02-05,29,Where Do I Go From You,Clay Walker,28,25,Gains In Performance
2011-02-05,30,I Won't Let Go,Rascal Flatts,35,3,Gains In Performance
2011-02-05,31,Country Strong,Gwyneth Paltrow,32,23,Gains In Performance
2011-02-05,32,You Lie,The Band Perry,37,7,Gains In Performance
2011-02-05,33,Good To Be Me,Uncle Kracker Featuring Kid Rock,31,28,Gains In Performance
2011-02-05,34,Raymond,Brett Eldredge,33,17,Gains In Performance
2011-02-05,35,I Wouldn't Be A Man,Josh Turner,34,13,Gains In Performance
2011-02-05,36,Soldiers & Jesus,James Otto,38,22,
2011-02-05,37,Look It Up,Ashton Shepherd,40,4,Gains In Performance
2011-02-05,38,Still A Little Chicken Left On That Bone,Craig Morgan,39,17,Gains In Performance
2011-02-05,39,Beautiful Every Time,Lee Brice,42,14,Gains In Performance
2011-02-05,40,Kiss Me When I'm Down,Gary Allan,41,22,Gains In Performance
2011-02-05,41,Pants,Walker Hayes,44,21,Gains In Performance
2011-02-05,42,Won't Be Lonely Long,Josh Thompson,43,9,Gains In Performance
2011-02-05,43,Keep In Mind,LoCash Cowboys,46,16,Gains In Performance
2011-02-05,44,Good Hands,Troy Olsen,45,16,Gains In Performance
2011-02-05,45,If I Were A Boy,Reba,60,3,Gains In Performance
2011-02-05,46,Kiss Goodbye,Little Big Town,50,12,Gains In Performance
2011-02-05,47,Best Song Ever,Katie Armiger,49,10,
2011-02-05,48,Last Night Again,Steel Magnolia,47,6,
2011-02-05,49,Brown Chicken Brown Cow,Trace Adkins,52,4,Gains In Performance
2011-02-05,50,Ring Of Fire,Alan Jackson,48,9,
2011-02-05,51,Love Don't Run,Steve Holy,54,3,Gains In Performance
2011-02-05,52,Old School,Chuck Wicks,51,7,
2011-02-05,53,Crazy Women,LeAnn Rimes,55,3,Gains In Performance
2011-02-05,54,"1,000 Faces",Randy Montana,56,2,Gains In Performance
2011-02-05,55,Born Free,Kid Rock,57,8,
2011-02-05,56,I've Got This Feeling,Blake Wise,58,7,
2011-02-05,57,Dirt Road Anthem,Jason Aldean,NEW,1,Highest ranking debut|Gains In Performance
2011-02-05,58,Mississippi's Cryin',Margaret Durante,59,5,
2011-02-05,59,Country Boy,Aaron Lewis Featuring George Jones & Charlie Daniels,NEW,1,Gains In Performance
2011-02-05,60,Are You Sure Hank Done It This Way?,Alabama,NEW,1,Gains In Performance
2011-02-12,1,Somewhere With You,Kenny Chesney,1,15,Gains In Performance
2011-02-12,2,Put You In A Song,Keith Urban,2,20,Gains In Performance
2011-02-12,3,Voices,Chris Young,5,50,Gains In Performance
2011-02-12,4,Someone Else Calling You Baby,Luke Bryan,3,27,Gains In Performance
2011-02-12,5,Who Are You When I'm Not Looking,Blake Shelton,6,21,Gains In Performance
2011-02-12,6,Felt Good On My Lips,Tim McGraw,4,19,
2011-02-12,7,Back To December,Taylor Swift,7,13,Gains In Performance
2011-02-12,8,This Is Country Music,Brad Paisley,8,11,Gains In Performance
2011-02-12,9,Let Me Down Easy,Billy Currington,10,19,Gains In Performance
2011-02-12,10,Don't You Wanna Stay,Jason Aldean With Kelly Clarkson,11,13,Greatest gainer this week|Gains In Performance
2011-02-12,11,Hello World,Lady Antebellum,12,19,Gains In Performance
2011-02-12,12,Bullets In The Gun,Toby Keith,13,19,Gains In Performance
2011-02-12,13,From A Table Away,Sunny Sweeney,14,34,Gains In Performance
2011-02-12,14,This,Darius Rucker,15,12,Gains In Performance
2011-02-12,15,Wildflower,The JaneDear Girls,17,40,Gains In Performance
2011-02-12,16,Smoke A Little Smoke,Eric Church,16,37,Gains In Performance
2011-02-12,17,What Do You Want,Jerrod Niemann,18,19,Gains In Performance
2011-02-12,18,Colder Weather,Zac Brown Band,22,7,Gains In Performance
2011-02-12,19,Are You Gonna Kiss Me Or Not,Thompson Square,20,28,Gains In Performance
2011-02-12,20,Little Miss,Sugarland,19,11,Gains In Performance
2011-02-12,21,The Shape I'm In,Joe Nichols,21,28,Gains In Performance
2011-02-12,22,Family Man,Craig Campbell,23,27,Gains In Performance
2011-02-12,23,Heart Like Mine,Miranda Lambert,26,6,Gains In Performance
2011-02-12,24,A Little Bit Stronger,Sara Evans,24,20,Gains In Performance
2011-02-12,25,Real,James Wesley,25,35,Gains In Performance
2011-02-12,26,I Won't Let Go,Rascal Flatts,30,4,Gains In Performance
2011-02-12,27,Georgia Clay,Josh Kelley,27,24,Gains In Performance
2011-02-12,28,I Can't Love You Back,Easton Corbin,28,12,Gains In Performance
2011-02-12,29,Where Do I Go From You,Clay Walker,29,26,Gains In Performance
2011-02-12,30,You Lie,The Band Perry,32,8,Gains In Performance
2011-02-12,31,I Wouldn't Be A Man,Josh Turner,35,14,Gains In Performance
2011-02-12,32,Raymond,Brett Eldredge,34,18,Gains In Performance
2011-02-12,33,Look It Up,Ashton Shepherd,37,5,Gains In Performance
2011-02-12,34,Soldiers & Jesus,James Otto,36,23,Gains In Performance
2011-02-12,35,Beautiful Every Time,Lee Brice,39,15,Gains In Performance
2011-02-12,36,If I Were A Boy,Reba,45,4,Gains In Performance
2011-02-12,37,Still A Little Chicken Left On That Bone,Craig Morgan,38,18,
2011-02-12,38,Kiss Me When I'm Down,Gary Allan,40,23,
2011-02-12,39,Won't Be Lonely Long,Josh Thompson,42,10,Gains In Performance
2011-02-12,40,Keep In Mind,LoCash Cowboys,43,17,Gains In Performance
2011-02-12,41,Good Hands,Troy Olsen,44,17,Gains In Performance
2011-02-12,42,Last Night Again,Steel Magnolia,48,7,Gains In Performance
2011-02-12,43,Crazy Women,LeAnn Rimes,53,4,Gains In Performance
2011-02-12,44,Kiss Goodbye,Little Big Town,46,13,Gains In Performance
2011-02-12,45,Love Don't Run,Steve Holy,51,4,Gains In Performance
2011-02-12,46,Best Song Ever,Katie Armiger,47,11,
2011-02-12,47,Old School,Chuck Wicks,52,8,Gains In Performance
2011-02-12,48,Brown Chicken Brown Cow,Trace Adkins,49,5,
2011-02-12,49,"1,000 Faces",Randy Montana,54,3,Gains In Performance
2011-02-12,50,Dirt Road Anthem,Jason Aldean,57,2,Gains In Performance
2011-02-12,51,If I Run,The Harters,NEW,1,Highest ranking debut|Gains In Performance
2011-02-12,52,Born Free,Kid Rock,55,9,Gains In Performance
2011-02-12,53,Are You Sure Hank Done It This Way?,Alabama,60,2,Gains In Performance
2011-02-12,54,I've Got This Feeling,Blake Wise,56,8,Gains In Performance
2011-02-12,55,Shotgun Girl,The JaneDear Girls,NEW,1,Gains In Performance
2011-02-12,56,Give In To Me,Faith Hill,RE,2,Gains In Performance
2011-02-12,57,Country Boy,Aaron Lewis Featuring George Jones & Charlie Daniels,59,2,
2011-02-12,58,That's Important To Me,Joey + Rory,NEW,1,
2011-02-12,59,"Oh, Tonight",Josh Abbott Band Featuring Kacey Musgraves,NEW,1,Gains In Performance
2011-02-12,60,Let It Rain,David Nail Featuring Sarah Buxton,NEW,1,Gains In Performance
2011-02-19,1,Voices,Chris Young,3,51,Gains In Performance
2011-02-19,2,Somewhere With You,Kenny Chesney,1,16,
2011-02-19,3,Someone Else Calling You Baby,Luke Bryan,4,28,Gains In Performance
2011-02-19,4,Who Are You When I'm Not Looking,Blake Shelton,5,22,Gains In Performance
2011-02-19,5,Put You In A Song,Keith Urban,2,21,
2011-02-19,6,This Is Country Music,Brad Paisley,8,12,Gains In Performance
2011-02-19,7,Back To December,Taylor Swift,7,14,Gains In Performance
2011-02-19,8,Don't You Wanna Stay,Jason Aldean With Kelly Clarkson,10,14,Gains In Performance
2011-02-19,9,Let Me Down Easy,Billy Currington,9,20,Gains In Performance
2011-02-19,10,Felt Good On My Lips,Tim McGraw,6,20,
2011-02-19,11,Hello World,Lady Antebellum,11,20,Gains In Performance
2011-02-19,12,This,Darius Rucker,14,13,Gains In Performance
2011-02-19,13,Bullets In The Gun,Toby Keith,12,20,Gains In Performance
2011-02-19,14,From A Table Away,Sunny Sweeney,13,35,Gains In Performance
2011-02-19,15,Are You Gonna Kiss Me Or Not,Thompson Square,19,29,Gains In Performance
2011-02-19,16,Colder Weather,Zac Brown Band,18,8,Gains In Performance
2011-02-19,17,Wildflower,The JaneDear Girls,15,41,Gains In Performance
2011-02-19,18,What Do You Want,Jerrod Niemann,17,20,Gains In Performance
2011-02-19,19,Little Miss,Sugarland,20,12,Gains In Performance
2011-02-19,20,The Shape I'm In,Joe Nichols,21,29,Gains In Performance
2011-02-19,21,Heart Like Mine,Miranda Lambert,23,7,Gains In Performance
2011-02-19,22,A Little Bit Stronger,Sara Evans,24,21,Gains In Performance
2011-02-19,23,Family Man,Craig Campbell,22,28,Gains In Performance
2011-02-19,24,Real,James Wesley,25,36,Gains In Performance
2011-02-19,25,I Won't Let Go,Rascal Flatts,26,5,Gains In Performance
2011-02-19,26,You Lie,The Band Perry,30,9,Gains In Performance
2011-02-19,27,Georgia Clay,Josh Kelley,27,25,Gains In Performance
2011-02-19,28,I Can't Love You Back,Easton Corbin,28,13,Gains In Performance
2011-02-19,29,Where Do I Go From You,Clay Walker,29,27,Gains In Performance
2011-02-19,30,Bleed Red,Ronnie Dunn,NEW,1,
2011-02-19,31,I Wouldn't Be A Man,Josh Turner,31,15,Gains In Performance
2011-02-19,32,If I Were A Boy,Reba,36,5,Gains In Performance
2011-02-19,33,Look It Up,Ashton Shepherd,33,6,Gains In Performance
2011-02-19,34,Raymond,Brett Eldredge,32,19,Gains In Performance
2011-02-19,35,Beautiful Every Time,Lee Brice,35,16,Gains In Performance
2011-02-19,36,Won't Be Lonely Long,Josh Thompson,39,11,Gains In Performance
2011-02-19,37,Keep In Mind,LoCash Cowboys,40,18,Gains In Performance
2011-02-19,38,Good Hands,Troy Olsen,41,18,Gains In Performance
2011-02-19,39,Last Night Again,Steel Magnolia,42,8,Gains In Performance
2011-02-19,40,Still A Little Chicken Left On That Bone,Craig Morgan,37,19,
2011-02-19,41,Crazy Women,LeAnn Rimes,43,5,Gains In Performance
2011-02-19,42,Kiss Goodbye,Little Big Town,44,14,
2011-02-19,43,Love Don't Run,Steve Holy,45,5,Gains In Performance
2011-02-19,44,Best Song Ever,Katie Armiger,46,12,Gains In Performance
2011-02-19,45,Brown Chicken Brown Cow,Trace Adkins,48,6,Gains In Performance
2011-02-19,46,Old School,Chuck Wicks,47,9,Gains In Performance
2011-02-19,47,Without You,Keith Urban,NEW,1,Gains In Performance
2011-02-19,48,"1,000 Faces",Randy Montana,49,4,
2011-02-19,49,Live A Little,Kenny Chesney,NEW,1,Gains In Performance
2011-02-19,50,Dirt Road Anthem,Jason Aldean,50,3,
2011-02-19,51,Heartache,Jamey Johnson,NEW,1,Gains In Performance
2011-02-19,52,Songs Like This,Carrie Underwood,NEW,1,Gains In Performance
2011-02-19,53,Born Free,Kid Rock,52,10,
2011-02-19,54,That's Important To Me,Joey + Rory,58,2,Gains In Performance
2011-02-19,55,Country Thang,Colt Ford,NEW,1,Gains In Performance
2011-02-19,56,If I Run,The Harters,51,2,
2011-02-19,57,Are You Sure Hank Done It This Way?,Alabama,53,3,
2011-02-19,58,Country Boy,Aaron Lewis Featuring George Jones & Charlie Daniels,57,3,Gains In Performance
2011-02-19,59,Give In To Me,Faith Hill,56,3,
2011-02-19,60,I'd Love To Be Your Last,Gretchen Wilson,NEW,1,Gains In Performance
2011-02-26,1,Someone Else Calling You Baby,Luke Bryan,3,29,Gains In Performance
2011-02-26,2,Who Are You When I'm Not Looking,Blake Shelton,4,23,Gains In Performance
2011-02-26,3,Voices,Chris Young,1,52,
2011-02-26,4,Somewhere With You,Kenny Chesney,2,17,
2011-02-26,5,This Is Country Music,Brad Paisley,6,13,Gains In Performance
2011-02-26,6,Don't You Wanna Stay,Jason Aldean With Kelly Clarkson,8,15,Gains In Performance
2011-02-26,7,Back To December,Taylor Swift,7,15,Gains In Performance
2011-02-26,8,Let Me Down Easy,Billy Currington,9,21,Gains In Performance
2011-02-26,9,Put You In A Song,Keith Urban,5,22,
2011-02-26,10,Hello World,Lady Antebellum,11,21,Gains In Performance
2011-02-26,11,This,Darius Rucker,12,14,Gains In Performance
2011-02-26,12,Are You Gonna Kiss Me Or Not,Thompson Square,15,30,Gains In Performance
2011-02-26,13,From A Table Away,Sunny Sweeney,14,36,Gains In Performance
2011-02-26,14,Colder Weather,Zac Brown Band,16,9,Gains In Performance
2011-02-26,15,What Do You Want,Jerrod Niemann,18,21,Gains In Performance
2011-02-26,16,Wildflower,The JaneDear Girls,17,42,Gains In Performance
2011-02-26,17,Little Miss,Sugarland,19,13,Gains In Performance
2011-02-26,18,Heart Like Mine,Miranda Lambert,21,8,Gains In Performance
2011-02-26,19,The Shape I'm In,Joe Nichols,20,30,Gains In Performance
2011-02-26,20,A Little Bit Stronger,Sara Evans,22,22,Gains In Performance
2011-02-26,21,Family Man,Craig Campbell,23,29,Gains In Performance
2011-02-26,22,I Won't Let Go,Rascal Flatts,25,6,Gains In Performance
2011-02-26,23,Real,James Wesley,24,37,Gains In Performance
2011-02-26,24,Bleed Red,Ronnie Dunn,30,2,Greatest gainer this week|Gains In Performance
2011-02-26,25,You Lie,The Band Perry,26,10,Gains In Performance
2011-02-26,26,I Can't Love You Back,Easton Corbin,28,14,Gains In Performance
2011-02-26,27,Georgia Clay,Josh Kelley,27,26,Gains In Performance
2011-02-26,28,Where Do I Go From You,Clay Walker,29,28,Gains In Performance
2011-02-26,29,If I Were A Boy,Reba,32,6,Gains In Performance
2011-02-26,30,Look It Up,Ashton Shepherd,33,7,Gains In Performance
2011-02-26,31,I Wouldn't Be A Man,Josh Turner,31,16,Gains In Performance
2011-02-26,32,Raymond,Brett Eldredge,34,20,Gains In Performance
2011-02-26,33,Beautiful Every Time,Lee Brice,35,17,Gains In Performance
2011-02-26,34,Without You,Keith Urban,47,2,Gains In Performance
2011-02-26,35,Won't Be Lonely Long,Josh Thompson,36,12,Gains In Performance
2011-02-26,36,Keep In Mind,LoCash Cowboys,37,19,Gains In Performance
2011-02-26,37,Last Night Again,Steel Magnolia,39,9,Gains In Performance
2011-02-26,38,Live A Little,Kenny Chesney,49,2,Gains In Performance
2011-02-26,39,Good Hands,Troy Olsen,38,19,Gains In Performance
2011-02-26,40,Crazy Women,LeAnn Rimes,41,6,Gains In Performance
2011-02-26,41,Love Don't Run,Steve Holy,43,6,Gains In Performance
2011-02-26,42,Best Song Ever,Katie Armiger,44,13,Gains In Performance
2011-02-26,43,Old School,Chuck Wicks,46,10,Gains In Performance
2011-02-26,44,Brown Chicken Brown Cow,Trace Adkins,45,7,
2011-02-26,45,"1,000 Faces",Randy Montana,48,5,Gains In Performance
2011-02-26,46,If Heaven Wasn't So Far Away,Justin Moore,NEW,1,Highest ranking debut|Gains In Performance
2011-02-26,47,Kiss Goodbye,Little Big Town,42,15,
2011-02-26,48,I'd Love To Be Your Last,Gretchen Wilson,60,2,Gains In Performance
2011-02-26,49,Dirt Road Anthem,Jason Aldean,50,4,Gains In Performance
2011-02-26,50,Songs Like This,Carrie Underwood,52,2,Gains In Performance
2011-02-26,51,That's Important To Me,Joey + Rory,54,3,Gains In Performance
2011-02-26,52,Heartache,Jamey Johnson,51,2,Gains In Performance
2011-02-26,53,Why Wait For Summer,Walker Hayes,NEW,1,Gains In Performance
2011-02-26,54,Let It Rain,David Nail Featuring Sarah Buxton,RE,2,Gains In Performance
2011-02-26,55,If I Run,The Harters,56,3,Gains In Performance
2011-02-26,56,Country Thang,Colt Ford,55,2,Gains In Performance
2011-02-26,57,Me And Tennessee,Tim McGraw & Gwyneth Paltrow,NEW,1,Gains In Performance
2011-02-26,58,Tomorrow,Chris Young,NEW,1,Gains In Performance
2011-02-26,59,Born Free,Kid Rock,53,11,
2011-02-26,60,Are You Sure Hank Done It This Way?,Alabama,57,4,
2011-03-05,1,Who Are You When I'm Not Looking,Blake Shelton,2,24,Gains In Performance
2011-03-05,2,Don't You Wanna Stay,Jason Aldean With Kelly Clarkson,6,16,Gains In Performance
2011-03-05,3,This Is Country Music,Brad Paisley,5,14,Gains In Performance
2011-03-05,4,Someone Else Calling You Baby,Luke Bryan,1,30,
2011-03-05,5,Back To December,Taylor Swift,7,16,Gains In Performance
2011-03-05,6,Let Me Down Easy,Billy Currington,8,22,Gains In Performance
2011-03-05,7,Somewhere With You,Kenny Chesney,4,18,
2011-03-05,8,Voices,Chris Young,3,53,
2011-03-05,9,Hello World,Lady Antebellum,10,22,Gains In Performance
2011-03-05,10,Are You Gonna Kiss Me Or Not,Thompson Square,12,31,Gains In Performance
2011-03-05,11,Colder Weather,Zac Brown Band,14,10,Gains In Performance
2011-03-05,12,This,Darius Rucker,11,15,Gains In Performance
2011-03-05,13,From A Table Away,Sunny Sweeney,13,37,Gains In Performance
2011-03-05,14,What Do You Want,Jerrod Niemann,15,22,Gains In Performance
2011-03-05,15,Wildflower,The JaneDear Girls,16,43,Gains In Performance
2011-03-05,16,Heart Like Mine,Miranda Lambert,18,9,Gains In Performance
2011-03-05,17,Little Miss,Sugarland,17,14,Gains In Performance
2011-03-05,18,A Little Bit Stronger,Sara Evans,20,23,Gains In Performance
2011-03-05,19,The Shape I'm In,Joe Nichols,19,31,Gains In Performance
2011-03-05,20,I Won't Let Go,Rascal Flatts,22,7,Gains In Performance
2011-03-05,21,Family Man,Craig Campbell,21,30,Gains In Performance
2011-03-05,22,Bleed Red,Ronnie Dunn,24,3,Gains In Performance
2011-03-05,23,Real,James Wesley,23,38,Gains In Performance
2011-03-05,24,You Lie,The Band Perry,25,11,Gains In Performance
2011-03-05,25,I Can't Love You Back,Easton Corbin,26,15,Gains In Performance
2011-03-05,26,Georgia Clay,Josh Kelley,27,27,Gains In Performance
2011-03-05,27,Where Do I Go From You,Clay Walker,28,29,Gains In Performance
2011-03-05,28,Without You,Keith Urban,34,3,Gains In Performance
2011-03-05,29,Live A Little,Kenny Chesney,38,3,Gains In Performance
2011-03-05,30,If I Were A Boy,Reba,29,7,Gains In Performance
2011-03-05,31,Look It Up,Ashton Shepherd,30,8,Gains In Performance
2011-03-05,32,I Wouldn't Be A Man,Josh Turner,31,17,Gains In Performance
2011-03-05,33,Raymond,Brett Eldredge,32,21,Gains In Performance
2011-03-05,34,Last Night Again,Steel Magnolia,37,10,Gains In Performance
2011-03-05,35,Beautiful Every Time,Lee Brice,33,18,
2011-03-05,36,Won't Be Lonely Long,Josh Thompson,35,13,Gains In Performance
2011-03-05,37,If Heaven Wasn't So Far Away,Justin Moore,46,2,Gains In Performance
2011-03-05,38,Keep In Mind,LoCash Cowboys,36,20,
2011-03-05,39,Good Hands,Troy Olsen,39,20,Gains In Performance
2011-03-05,40,Love Don't Run,Steve Holy,41,7,Gains In Performance
2011-03-05,41,Crazy Women,LeAnn Rimes,40,7,
2011-03-05,42,Brown Chicken Brown Cow,Trace Adkins,44,8,Gains In Performance
2011-03-05,43,Tomorrow,Chris Young,58,2,Gains In Performance
2011-03-05,44,"1,000 Faces",Randy Montana,45,6,Gains In Performance
2011-03-05,45,Old School,Chuck Wicks,43,11,Gains In Performance
2011-03-05,46,Best Song Ever,Katie Armiger,42,14,
2011-03-05,47,I'd Love To Be Your Last,Gretchen Wilson,48,3,Gains In Performance
2011-03-05,48,Homeboy,Eric Church,NEW,1,Highest ranking debut|Gains In Performance
2011-03-05,49,Why Wait For Summer,Walker Hayes,53,2,Gains In Performance
2011-03-05,50,Dirt Road Anthem,Jason Aldean,49,5,Gains In Performance
2011-03-05,51,Crazy Girl,Eli Young Band,NEW,1,Gains In Performance
2011-03-05,52,Heartache,Jamey Johnson,52,3,Gains In Performance
2011-03-05,53,Songs Like This,Carrie Underwood,50,3,Gains In Performance
2011-03-05,54,Let It Rain,David Nail Featuring Sarah Buxton,54,3,Gains In Performance
2011-03-05,55,Me And Tennessee,Tim McGraw & Gwyneth Paltrow,57,2,Gains In Performance
2011-03-05,56,That's Important To Me,Joey + Rory,51,4,
2011-03-05,57,Somewhere Else,Toby Keith,NEW,1,Gains In Performance
2011-03-05,58,If I Run,The Harters,55,4,Gains In Performance
2011-03-05,59,A Buncha Girls,Frankie Ballard,NEW,1,Gains In Performance
2011-03-05,60,Country Thang,Colt Ford,56,3,
2011-03-12,1,Don't You Wanna Stay,Jason Aldean With Kelly Clarkson,2,17,Gains In Performance
2011-03-12,2,This Is Country Music,Brad Paisley,3,15,Gains In Performance
2011-03-12,3,Back To December,Taylor Swift,5,17,Gains In Performance
2011-03-12,4,Who Are You When I'm Not Looking,Blake Shelton,1,25,
2011-03-12,5,Let Me Down Easy,Billy Currington,6,23,Gains In Performance
2011-03-12,6,Someone Else Calling You Baby,Luke Bryan,4,31,
2011-03-12,7,Are You Gonna Kiss Me Or Not,Thompson Square,10,32,Gains In Performance
2011-03-12,8,Hello World,Lady Antebellum,9,23,Gains In Performance
2011-03-12,9,Colder Weather,Zac Brown Band,11,11,Gains In Performance
2011-03-12,10,This,Darius Rucker,12,16,Gains In Performance
2011-03-12,11,What Do You Want,Jerrod Niemann,14,23,Gains In Performance
2011-03-12,12,From A Table Away,Sunny Sweeney,13,38,Gains In Performance
2011-03-12,13,Heart Like Mine,Miranda Lambert,16,10,Gains In Performance
2011-03-12,14,Little Miss,Sugarland,17,15,Gains In Performance
2011-03-12,15,A Little Bit Stronger,Sara Evans,18,24,Gains In Performance
2011-03-12,16,I Won't Let Go,Rascal Flatts,20,8,Gains In Performance
2011-03-12,17,The Shape I'm In,Joe Nichols,19,32,Gains In Performance
2011-03-12,18,Bleed Red,Ronnie Dunn,22,4,Gains In Performance
2011-03-12,19,Family Man,Craig Campbell,21,31,Gains In Performance
2011-03-12,20,Live A Little,Kenny Chesney,29,4,Greatest gainer this week|Gains In Performance
2011-03-12,21,You Lie,The Band Perry,24,12,Gains In Performance
2011-03-12,22,Real,James Wesley,23,39,
2011-03-12,23,Georgia Clay,Josh Kelley,26,28,Gains In Performance
2011-03-12,24,Without You,Keith Urban,28,4,Gains In Performance
2011-03-12,25,I Can't Love You Back,Easton Corbin,25,16,Gains In Performance
2011-03-12,26,If I Were A Boy,Reba,30,8,Gains In Performance
2011-03-12,27,Where Do I Go From You,Clay Walker,27,30,Gains In Performance
2011-03-12,28,Look It Up,Ashton Shepherd,31,9,Gains In Performance
2011-03-12,29,I Wouldn't Be A Man,Josh Turner,32,18,Gains In Performance
2011-03-12,30,Raymond,Brett Eldredge,33,22,
2011-03-12,31,If Heaven Wasn't So Far Away,Justin Moore,37,3,Gains In Performance
2011-03-12,32,Last Night Again,Steel Magnolia,34,11,Gains In Performance
2011-03-12,33,Won't Be Lonely Long,Josh Thompson,36,14,
2011-03-12,34,Beautiful Every Time,Lee Brice,35,19,
2011-03-12,35,Keep In Mind,LoCash Cowboys,38,21,Gains In Performance
2011-03-12,36,Good Hands,Troy Olsen,39,21,Gains In Performance
2011-03-12,37,Tomorrow,Chris Young,43,3,Gains In Performance
2011-03-12,38,Somewhere Else,Toby Keith,57,2,Gains In Performance
2011-03-12,39,Brown Chicken Brown Cow,Trace Adkins,42,9,Gains In Performance
2011-03-12,40,Love Don't Run,Steve Holy,40,8,Gains In Performance
2011-03-12,41,Me And Tennessee,Tim McGraw & Gwyneth Paltrow,55,3,Gains In Performance
2011-03-12,42,Crazy Women,LeAnn Rimes,41,8,
2011-03-12,43,Best Song Ever,Katie Armiger,46,15,Gains In Performance
2011-03-12,44,"1,000 Faces",Randy Montana,44,7,Gains In Performance
2011-03-12,45,Homeboy,Eric Church,48,2,Gains In Performance
2011-03-12,46,Old School,Chuck Wicks,45,12,Gains In Performance
2011-03-12,47,Crazy Girl,Eli Young Band,51,2,Gains In Performance
2011-03-12,48,Why Wait For Summer,Walker Hayes,49,3,Gains In Performance
2011-03-12,49,I'd Love To Be Your Last,Gretchen Wilson,47,4,Gains In Performance
2011-03-12,50,Let It Rain,David Nail Featuring Sarah Buxton,54,4,Gains In Performance
2011-03-12,51,Songs Like This,Carrie Underwood,53,4,Gains In Performance
2011-03-12,52,A Buncha Girls,Frankie Ballard,59,2,Gains In Performance
2011-03-12,53,Heartache,Jamey Johnson,52,4,
2011-03-12,54,Dirt Road Anthem,Jason Aldean,50,6,
2011-03-12,55,That's Important To Me,Joey + Rory,56,5,
2011-03-12,56,Something Better,The Dirt Drifters,NEW,1,Highest ranking debut|Gains In Performance
2011-03-12,57,Country Boy,Aaron Lewis Featuring George Jones & Charlie Daniels,RE,4,Gains In Performance
2011-03-12,58,Shotgun Girl,The JaneDear Girls,RE,2,Gains In Performance
2011-03-12,59,Georgia Mud,Joanna Smith,NEW,1,Gains In Performance
2011-03-12,60,If I Run,The Harters,58,5,
2011-03-19,1,Don't You Wanna Stay,Jason Aldean With Kelly Clarkson,1,18,Gains In Performance
2011-03-19,2,This Is Country Music,Brad Paisley,2,16,Gains In Performance
2011-03-19,3,Let Me Down Easy,Billy Currington,5,24,Gains In Performance
2011-03-19,4,Are You Gonna Kiss Me Or Not,Thompson Square,7,33,Greatest gainer this week|Gains In Performance
2011-03-19,5,Who Are You When I'm Not Looking,Blake Shelton,4,26,
2011-03-19,6,Back To December,Taylor Swift,3,18,
2011-03-19,7,Hello World,Lady Antebellum,8,24,Gains In Performance
2011-03-19,8,Colder Weather,Zac Brown Band,9,12,Gains In Performance
2011-03-19,9,This,Darius Rucker,10,17,Gains In Performance
2011-03-19,10,From A Table Away,Sunny Sweeney,12,39,Gains In Performance
2011-03-19,11,What Do You Want,Jerrod Niemann,11,24,Gains In Performance
2011-03-19,12,Heart Like Mine,Miranda Lambert,13,11,Gains In Performance
2011-03-19,13,Little Miss,Sugarland,14,16,Gains In Performance
2011-03-19,14,A Little Bit Stronger,Sara Evans,15,25,Gains In Performance
2011-03-19,15,I Won't Let Go,Rascal Flatts,16,9,Gains In Performance
2011-03-19,16,Bleed Red,Ronnie Dunn,18,5,Gains In Performance
2011-03-19,17,Live A Little,Kenny Chesney,20,5,Gains In Performance
2011-03-19,18,The Shape I'm In,Joe Nichols,17,33,Gains In Performance
2011-03-19,19,Family Man,Craig Campbell,19,32,Gains In Performance
2011-03-19,20,Without You,Keith Urban,24,5,Gains In Performance
2011-03-19,21,You Lie,The Band Perry,21,13,Gains In Performance
2011-03-19,22,Georgia Clay,Josh Kelley,23,29,Gains In Performance
2011-03-19,23,Real,James Wesley,22,40,Gains In Performance
2011-03-19,24,I Can't Love You Back,Easton Corbin,25,17,Gains In Performance
2011-03-19,25,If I Were A Boy,Reba,26,9,Gains In Performance
2011-03-19,26,Where Do I Go From You,Clay Walker,27,31,
2011-03-19,27,Look It Up,Ashton Shepherd,28,10,Gains In Performance
2011-03-19,28,If Heaven Wasn't So Far Away,Justin Moore,31,4,Gains In Performance
2011-03-19,29,I Wouldn't Be A Man,Josh Turner,29,19,Gains In Performance
2011-03-19,30,Raymond,Brett Eldredge,30,23,Gains In Performance
2011-03-19,31,Good To Be Me,Uncle Kracker Featuring Kid Rock,RE,29,Gains In Performance
2011-03-19,32,Last Night Again,Steel Magnolia,32,12,Gains In Performance
2011-03-19,33,Won't Be Lonely Long,Josh Thompson,33,15,Gains In Performance
2011-03-19,34,Tomorrow,Chris Young,37,4,Gains In Performance
2011-03-19,35,Somewhere Else,Toby Keith,38,3,Gains In Performance
2011-03-19,36,Beautiful Every Time,Lee Brice,34,20,Gains In Performance
2011-03-19,37,Keep In Mind,LoCash Cowboys,35,22,Gains In Performance
2011-03-19,38,Good Hands,Troy Olsen,36,22,Gains In Performance
2011-03-19,39,Love Don't Run,Steve Holy,40,9,Gains In Performance
2011-03-19,40,Brown Chicken Brown Cow,Trace Adkins,39,10,Gains In Performance
2011-03-19,41,Me And Tennessee,Tim McGraw & Gwyneth Paltrow,41,4,Gains In Performance
2011-03-19,42,Crazy Women,LeAnn Rimes,42,9,Gains In Performance
2011-03-19,43,Crazy Girl,Eli Young Band,47,3,Gains In Performance
2011-03-19,44,Homeboy,Eric Church,45,3,Gains In Performance
2011-03-19,45,"1,000 Faces",Randy Montana,44,8,
2011-03-19,46,Best Song Ever,Katie Armiger,43,16,
2011-03-19,47,Old School,Chuck Wicks,46,13,Gains In Performance
2011-03-19,48,Why Wait For Summer,Walker Hayes,48,4,Gains In Performance
2011-03-19,49,A Buncha Girls,Frankie Ballard,52,3,Gains In Performance
2011-03-19,50,I'd Love To Be Your Last,Gretchen Wilson,49,5,Gains In Performance
2011-03-19,51,Let It Rain,David Nail Featuring Sarah Buxton,50,5,Gains In Performance
2011-03-19,52,Songs Like This,Carrie Underwood,51,5,Gains In Performance
2011-03-19,53,Dirt Road Anthem,Jason Aldean,54,7,Gains In Performance
2011-03-19,54,Heartache,Jamey Johnson,53,5,
2011-03-19,55,That's Important To Me,Joey + Rory,55,6,Gains In Performance
2011-03-19,56,Something Better,The Dirt Drifters,56,2,Gains In Performance
2011-03-19,57,Georgia Mud,Joanna Smith,59,2,Gains In Performance
2011-03-19,58,Country Boy,Aaron Lewis Featuring George Jones & Charlie Daniels,57,5,Gains In Performance
2011-03-19,59,The Reason Why,Little Big Town,NEW,1,Highest ranking debut|Gains In Performance
2011-03-19,60,Shotgun Girl,The JaneDear Girls,58,3,Gains In Performance
2011-03-26,1,Don't You Wanna Stay,Jason Aldean With Kelly Clarkson,1,19,
2011-03-26,2,Let Me Down Easy,Billy Currington,3,25,Gains In Performance
2011-03-26,3,Are You Gonna Kiss Me Or Not,Thompson Square,4,34,Gains In Performance
2011-03-26,4,This Is Country Music,Brad Paisley,2,17,
2011-03-26,5,Colder Weather,Zac Brown Band,8,13,Gains In Performance
2011-03-26,6,This,Darius Rucker,9,18,Gains In Performance
2011-03-26,7,Hello World,Lady Antebellum,7,25,Gains In Performance
2011-03-26,8,Who Are You When I'm Not Looking,Blake Shelton,5,27,
2011-03-26,9,What Do You Want,Jerrod Niemann,11,25,Gains In Performance
2011-03-26,10,Heart Like Mine,Miranda Lambert,12,12,Gains In Performance
2011-03-26,11,Back To December,Taylor Swift,6,19,
2011-03-26,12,Little Miss,Sugarland,13,17,Gains In Performance
2011-03-26,13,A Little Bit Stronger,Sara Evans,14,26,Greatest gainer this week|Gains In Performance
2011-03-26,14,Live A Little,Kenny Chesney,17,6,Gains In Performance
2011-03-26,15,I Won't Let Go,Rascal Flatts,15,10,Gains In Performance
2011-03-26,16,Bleed Red,Ronnie Dunn,16,6,Gains In Performance
2011-03-26,17,Family Man,Craig Campbell,19,33,Gains In Performance
2011-03-26,18,Without You,Keith Urban,20,6,Gains In Performance
2011-03-26,19,You Lie,The Band Perry,21,14,Gains In Performance
2011-03-26,20,Georgia Clay,Josh Kelley,22,30,Gains In Performance
2011-03-26,21,I Can't Love You Back,Easton Corbin,24,18,Gains In Performance
2011-03-26,22,If I Were A Boy,Reba,25,10,Gains In Performance
2011-03-26,23,If Heaven Wasn't So Far Away,Justin Moore,28,5,Gains In Performance
2011-03-26,24,Look It Up,Ashton Shepherd,27,11,Gains In Performance
2011-03-26,25,Tomorrow,Chris Young,34,5,Gains In Performance
2011-03-26,26,I Wouldn't Be A Man,Josh Turner,29,20,Gains In Performance
2011-03-26,27,Raymond,Brett Eldredge,30,24,Gains In Performance
2011-03-26,28,Somewhere Else,Toby Keith,35,4,Gains In Performance
2011-03-26,29,Good To Be Me,Uncle Kracker Featuring Kid Rock,31,30,Gains In Performance
2011-03-26,30,Last Night Again,Steel Magnolia,32,13,Gains In Performance
2011-03-26,31,Won't Be Lonely Long,Josh Thompson,33,16,Gains In Performance
2011-03-26,32,Beautiful Every Time,Lee Brice,36,21,Gains In Performance
2011-03-26,33,Mean,Taylor Swift,RE,2,Gains In Performance
2011-03-26,34,Keep In Mind,LoCash Cowboys,37,23,
2011-03-26,35,Homeboy,Eric Church,44,4,Gains In Performance
2011-03-26,36,Love Don't Run,Steve Holy,39,10,Gains In Performance
2011-03-26,37,Me And Tennessee,Tim McGraw & Gwyneth Paltrow,41,5,Gains In Performance
2011-03-26,38,Good Hands,Troy Olsen,38,23,Gains In Performance
2011-03-26,39,Crazy Girl,Eli Young Band,43,4,Gains In Performance
2011-03-26,40,"1,000 Faces",Randy Montana,45,9,Gains In Performance
2011-03-26,41,A Buncha Girls,Frankie Ballard,49,4,Gains In Performance
2011-03-26,42,Best Song Ever,Katie Armiger,46,17,Gains In Performance
2011-03-26,43,Crazy Women,LeAnn Rimes,42,10,
2011-03-26,44,Old Alabama,Brad Paisley Featuring Alabama,NEW,1,Highest ranking debut|Gains In Performance
2011-03-26,45,Why Wait For Summer,Walker Hayes,48,5,Gains In Performance
2011-03-26,46,Old School,Chuck Wicks,47,14,Gains In Performance
2011-03-26,47,Brown Chicken Brown Cow,Trace Adkins,40,11,
2011-03-26,48,Songs Like This,Carrie Underwood,52,6,Gains In Performance
2011-03-26,49,I'd Love To Be Your Last,Gretchen Wilson,50,6,Gains In Performance
2011-03-26,50,Let It Rain,David Nail Featuring Sarah Buxton,51,6,Gains In Performance
2011-03-26,51,Something Better,The Dirt Drifters,56,3,Gains In Performance
2011-03-26,52,Dirt Road Anthem,Jason Aldean,53,8,Gains In Performance
2011-03-26,53,Shotgun Girl,The JaneDear Girls,60,4,Gains In Performance
2011-03-26,54,Country Boy,Aaron Lewis Featuring George Jones & Charlie Daniels,58,6,Gains In Performance
2011-03-26,55,The Reason Why,Little Big Town,59,2,Gains In Performance
2011-03-26,56,Wanna Take You Home,Gloriana,NEW,1,Gains In Performance
2011-03-26,57,That's Important To Me,Joey + Rory,55,7,
2011-03-26,58,Country Thang,Colt Ford,RE,4,Gains In Performance
2011-03-26,59,Georgia Mud,Joanna Smith,57,3,
2011-03-26,60,If I Run,The Harters,RE,6,Gains In Performance
2011-04-02,1,Let Me Down Easy,Billy Currington,2,26,Gains In Performance
2011-04-02,2,Don't You Wanna Stay,Jason Aldean With Kelly Clarkson,1,20,
2011-04-02,3,Are You Gonna Kiss Me Or Not,Thompson Square,3,35,Gains In Performance
2011-04-02,4,Colder Weather,Zac Brown Band,5,14,Gains In Performance
2011-04-02,5,This,Darius Rucker,6,19,Gains In Performance
2011-04-02,6,Hello World,Lady Antebellum,7,26,
2011-04-02,7,What Do You Want,Jerrod Niemann,9,26,Gains In Performance
2011-04-02,8,This Is Country Music,Brad Paisley,4,18,
2011-04-02,9,A Little Bit Stronger,Sara Evans,13,27,Gains In Performance
2011-04-02,10,Heart Like Mine,Miranda Lambert,10,13,Gains In Performance
2011-04-02,11,Live A Little,Kenny Chesney,14,7,Gains In Performance
2011-04-02,12,Little Miss,Sugarland,12,18,Gains In Performance
2011-04-02,13,I Won't Let Go,Rascal Flatts,15,11,Gains In Performance
2011-04-02,14,Bleed Red,Ronnie Dunn,16,7,Gains In Performance
2011-04-02,15,Without You,Keith Urban,18,7,Gains In Performance
2011-04-02,16,Family Man,Craig Campbell,17,34,Gains In Performance
2011-04-02,17,You Lie,The Band Perry,19,15,Gains In Performance
2011-04-02,18,Georgia Clay,Josh Kelley,20,31,Gains In Performance
2011-04-02,19,I Can't Love You Back,Easton Corbin,21,19,Gains In Performance
2011-04-02,20,Tomorrow,Chris Young,25,6,Gains In Performance
2011-04-02,21,If Heaven Wasn't So Far Away,Justin Moore,23,6,Gains In Performance
2011-04-02,22,If I Were A Boy,Reba,22,11,
2011-04-02,23,Look It Up,Ashton Shepherd,24,12,Gains In Performance
2011-04-02,24,Mean,Taylor Swift,33,3,Gains In Performance
2011-04-02,25,Somewhere Else,Toby Keith,28,5,Gains In Performance
2011-04-02,26,Old Alabama,Brad Paisley Featuring Alabama,44,2,Gains In Performance
2011-04-02,27,I Wouldn't Be A Man,Josh Turner,26,21,Gains In Performance
2011-04-02,28,Raymond,Brett Eldredge,27,25,Gains In Performance
2011-04-02,29,Good To Be Me,Uncle Kracker Featuring Kid Rock,29,31,Gains In Performance
2011-04-02,30,Won't Be Lonely Long,Josh Thompson,31,17,Gains In Performance
2011-04-02,31,Last Night Again,Steel Magnolia,30,14,Gains In Performance
2011-04-02,32,Beautiful Every Time,Lee Brice,32,22,Gains In Performance
2011-04-02,33,Homeboy,Eric Church,35,5,Gains In Performance
2011-04-02,34,Me And Tennessee,Tim McGraw & Gwyneth Paltrow,37,6,Gains In Performance
2011-04-02,35,Love Don't Run,Steve Holy,36,11,Gains In Performance
2011-04-02,36,Keep In Mind,LoCash Cowboys,34,24,
2011-04-02,37,Crazy Girl,Eli Young Band,39,5,Gains In Performance
2011-04-02,38,Good Hands,Troy Olsen,38,24,Gains In Performance
2011-04-02,39,"1,000 Faces",Randy Montana,40,10,Gains In Performance
2011-04-02,40,Teenage Daughters,Martina McBride,NEW,1,Highest ranking debut|Gains In Performance
2011-04-02,41,A Buncha Girls,Frankie Ballard,41,5,Gains In Performance
2011-04-02,42,Why Wait For Summer,Walker Hayes,45,6,Gains In Performance
2011-04-02,43,Old School,Chuck Wicks,46,15,Gains In Performance
2011-04-02,44,Best Song Ever,Katie Armiger,42,18,
2011-04-02,45,Crazy Women,LeAnn Rimes,43,11,
2011-04-02,46,Let It Rain,David Nail Featuring Sarah Buxton,50,7,Gains In Performance
2011-04-02,47,Songs Like This,Carrie Underwood,48,7,Gains In Performance
2011-04-02,48,I'd Love To Be Your Last,Gretchen Wilson,49,7,Gains In Performance
2011-04-02,49,Something Better,The Dirt Drifters,51,4,Gains In Performance
2011-04-02,50,Shotgun Girl,The JaneDear Girls,53,5,Gains In Performance
2011-04-02,51,Mr. Bartender,Bradley Gaskin,NEW,1,Gains In Performance
2011-04-02,52,Country Girl (Shake It For Me),Luke Bryan,NEW,1,Gains In Performance
2011-04-02,53,Country Boy,Aaron Lewis Featuring George Jones & Charlie Daniels,54,7,Gains In Performance
2011-04-02,54,Country Thang,Colt Ford,58,5,Gains In Performance
2011-04-02,55,The Reason Why,Little Big Town,55,3,Gains In Performance
2011-04-02,56,Wanna Take You Home,Gloriana,56,2,Gains In Performance
2011-04-02,57,Dirt Road Anthem,Jason Aldean,52,9,
2011-04-02,58,Mary Was The Marrying Kind,Kip Moore,NEW,1,Gains In Performance
2011-04-02,59,That's Important To Me,Joey + Rory,57,8,Gains In Performance
2011-04-02,60,If I Run,The Harters,60,7,Gains In Performance
2011-04-09,1,Are You Gonna Kiss Me Or Not,Thompson Square,3,36,Gains In Performance
2011-04-09,2,Don't You Wanna Stay,Jason Aldean With Kelly Clarkson,2,21,
2011-04-09,3,Let Me Down Easy,Billy Currington,1,27,
2011-04-09,4,Colder Weather,Zac Brown Band,4,15,Gains In Performance
2011-04-09,5,This,Darius Rucker,5,20,Gains In Performance
2011-04-09,6,What Do You Want,Jerrod Niemann,7,27,Gains In Performance
2011-04-09,7,Live A Little,Kenny Chesney,11,8,Gains In Performance
2011-04-09,8,Heart Like Mine,Miranda Lambert,10,14,Gains In Performance
2011-04-09,9,A Little Bit Stronger,Sara Evans,9,28,Gains In Performance
2011-04-09,10,I Won't Let Go,Rascal Flatts,13,12,Gains In Performance
2011-04-09,11,Little Miss,Sugarland,12,19,Gains In Performance
2011-04-09,12,Bleed Red,Ronnie Dunn,14,8,Gains In Performance
2011-04-09,13,Without You,Keith Urban,15,8,Gains In Performance
2011-04-09,14,Family Man,Craig Campbell,16,35,Gains In Performance
2011-04-09,15,You Lie,The Band Perry,17,16,Gains In Performance
2011-04-09,16,I Can't Love You Back,Easton Corbin,19,20,Gains In Performance
2011-04-09,17,Georgia Clay,Josh Kelley,18,32,Gains In Performance
2011-04-09,18,Old Alabama,Brad Paisley Featuring Alabama,26,3,Gains In Performance
2011-04-09,19,Mean,Taylor Swift,24,4,Gains In Performance
2011-04-09,20,Tomorrow,Chris Young,20,7,Gains In Performance
2011-04-09,21,If Heaven Wasn't So Far Away,Justin Moore,21,7,Gains In Performance
2011-04-09,22,Somewhere Else,Toby Keith,25,6,Gains In Performance
2011-04-09,23,Look It Up,Ashton Shepherd,23,13,Gains In Performance
2011-04-09,24,If I Were A Boy,Reba,22,12,
2011-04-09,25,I Wouldn't Be A Man,Josh Turner,27,22,Gains In Performance
2011-04-09,26,Raymond,Brett Eldredge,28,26,Gains In Performance
2011-04-09,27,Last Night Again,Steel Magnolia,31,15,Gains In Performance
2011-04-09,28,Good To Be Me,Uncle Kracker Featuring Kid Rock,29,32,Gains In Performance
2011-04-09,29,Homeboy,Eric Church,33,6,Gains In Performance
2011-04-09,30,Beautiful Every Time,Lee Brice,32,23,Gains In Performance
2011-04-09,31,Won't Be Lonely Long,Josh Thompson,30,18,
2011-04-09,32,Country Girl (Shake It For Me),Luke Bryan,52,2,Gains In Performance
2011-04-09,33,Love Don't Run,Steve Holy,35,12,Gains In Performance
2011-04-09,34,Me And Tennessee,Tim McGraw & Gwyneth Paltrow,34,7,Gains In Performance
2011-04-09,35,Teenage Daughters,Martina McBride,40,2,Gains In Performance
2011-04-09,36,Keep In Mind,LoCash Cowboys,36,25,Gains In Performance
2011-04-09,37,Crazy Girl,Eli Young Band,37,6,Gains In Performance
2011-04-09,38,A Buncha Girls,Frankie Ballard,41,6,Gains In Performance
2011-04-09,39,Songs Like This,Carrie Underwood,47,8,Gains In Performance
2011-04-09,40,Just Fishin',Trace Adkins,NEW,1,Highest ranking debut|Gains In Performance
2011-04-09,41,"1,000 Faces",Randy Montana,39,11,
2011-04-09,42,Let It Rain,David Nail Featuring Sarah Buxton,46,8,Gains In Performance
2011-04-09,43,Why Wait For Summer,Walker Hayes,42,7,
2011-04-09,44,Best Song Ever,Katie Armiger,44,19,Gains In Performance
2011-04-09,45,Old School,Chuck Wicks,43,16,Gains In Performance
2011-04-09,46,Shotgun Girl,The JaneDear Girls,50,6,Gains In Performance
2011-04-09,47,Am I The Only One,Dierks Bentley,NEW,1,Gains In Performance
2011-04-09,48,I'd Love To Be Your Last,Gretchen Wilson,48,8,Gains In Performance
2011-04-09,49,Mr. Bartender,Bradley Gaskin,51,2,Gains In Performance
2011-04-09,50,Country Boy,Aaron Lewis Featuring George Jones & Charlie Daniels,53,8,Gains In Performance
2011-04-09,51,The Reason Why,Little Big Town,55,4,Gains In Performance
2011-04-09,52,Something Better,The Dirt Drifters,49,5,Gains In Performance
2011-04-09,53,Dirt Road Anthem,Jason Aldean,57,10,Gains In Performance
2011-04-09,54,Country Thang,Colt Ford,54,6,
2011-04-09,55,Barefoot Blue Jean Night,Jake Owen,NEW,1,Gains In Performance
2011-04-09,56,Mary Was The Marrying Kind,Kip Moore,58,2,Gains In Performance
2011-04-09,57,That's Important To Me,Joey + Rory,59,9,Gains In Performance
2011-04-09,58,If I Run,The Harters,60,8,Gains In Performance
2011-04-09,59,Wanna Take You Home,Gloriana,56,3,
2011-04-09,60,Amen,Edens Edge,NEW,1,Gains In Performance
2011-04-16,1,Colder Weather,Zac Brown Band,4,16,Gains In Performance
2011-04-16,2,Are You Gonna Kiss Me Or Not,Thompson Square,1,37,
2011-04-16,3,Don't You Wanna Stay,Jason Aldean With Kelly Clarkson,2,22,
2011-04-16,4,This,Darius Rucker,5,21,Gains In Performance
2011-04-16,5,Let Me Down Easy,Billy Currington,3,28,
2011-04-16,6,Live A Little,Kenny Chesney,7,9,Greatest gainer this week|Gains In Performance
2011-04-16,7,What Do You Want,Jerrod Niemann,6,28,Gains In Performance
2011-04-16,8,Heart Like Mine,Miranda Lambert,8,15,Gains In Performance
2011-04-16,9,A Little Bit Stronger,Sara Evans,9,29,Gains In Performance
2011-04-16,10,I Won't Let Go,Rascal Flatts,10,13,Gains In Performance
2011-04-16,11,Without You,Keith Urban,13,9,Gains In Performance
2011-04-16,12,Little Miss,Sugarland,11,20,
2011-04-16,13,Bleed Red,Ronnie Dunn,12,9,Gains In Performance
2011-04-16,14,Family Man,Craig Campbell,14,36,Gains In Performance
2011-04-16,15,You Lie,The Band Perry,15,17,Gains In Performance
2011-04-16,16,Old Alabama,Brad Paisley Featuring Alabama,18,4,Gains In Performance
2011-04-16,17,Mean,Taylor Swift,19,5,Gains In Performance
2011-04-16,18,I Can't Love You Back,Easton Corbin,16,21,Gains In Performance
2011-04-16,19,Georgia Clay,Josh Kelley,17,33,Gains In Performance
2011-04-16,20,If Heaven Wasn't So Far Away,Justin Moore,21,8,Gains In Performance
2011-04-16,21,Tomorrow,Chris Young,20,8,Gains In Performance
2011-04-16,22,Somewhere Else,Toby Keith,22,7,Gains In Performance
2011-04-16,23,Look It Up,Ashton Shepherd,23,14,Gains In Performance
2011-04-16,24,I Wouldn't Be A Man,Josh Turner,25,23,Gains In Performance
2011-04-16,25,Raymond,Brett Eldredge,26,27,Gains In Performance
2011-04-16,26,Country Girl (Shake It For Me),Luke Bryan,32,3,Gains In Performance
2011-04-16,27,Homeboy,Eric Church,29,7,Gains In Performance
2011-04-16,28,Teenage Daughters,Martina McBride,35,3,Gains In Performance
2011-04-16,29,Last Night Again,Steel Magnolia,27,16,Gains In Performance
2011-04-16,30,Good To Be Me,Uncle Kracker Featuring Kid Rock,28,33,Gains In Performance
2011-04-16,31,Won't Be Lonely Long,Josh Thompson,31,19,Gains In Performance
2011-04-16,32,Beautiful Every Time,Lee Brice,30,24,Gains In Performance
2011-04-16,33,Crazy Girl,Eli Young Band,37,7,Gains In Performance
2011-04-16,34,Love Don't Run,Steve Holy,33,13,Gains In Performance
2011-04-16,35,Me And Tennessee,Tim McGraw & Gwyneth Paltrow,34,8,Gains In Performance
2011-04-16,36,Keep In Mind,LoCash Cowboys,36,26,Gains In Performance
2011-04-16,37,Am I The Only One,Dierks Bentley,47,2,Gains In Performance
2011-04-16,38,Just Fishin',Trace Adkins,40,2,Gains In Performance
2011-04-16,39,A Buncha Girls,Frankie Ballard,38,7,Gains In Performance
2011-04-16,40,Songs Like This,Carrie Underwood,39,9,Gains In Performance
2011-04-16,41,"1,000 Faces",Randy Montana,41,12,Gains In Performance
2011-04-16,42,Why Wait For Summer,Walker Hayes,43,8,Gains In Performance
2011-04-16,43,Barefoot Blue Jean Night,Jake Owen,55,2,Gains In Performance
2011-04-16,44,Shotgun Girl,The JaneDear Girls,46,7,Gains In Performance
2011-04-16,45,Best Song Ever,Katie Armiger,44,20,Gains In Performance
2011-04-16,46,Let It Rain,David Nail Featuring Sarah Buxton,42,9,
2011-04-16,47,Mr. Bartender,Bradley Gaskin,49,3,Gains In Performance
2011-04-16,48,I'd Love To Be Your Last,Gretchen Wilson,48,9,Gains In Performance
2011-04-16,49,Dirt Road Anthem,Jason Aldean,53,11,Gains In Performance
2011-04-16,50,The Reason Why,Little Big Town,51,5,Gains In Performance
2011-04-16,51,Wanna Take You Home,Gloriana,59,4,Gains In Performance
2011-04-16,52,Old School,Chuck Wicks,45,17,
2011-04-16,53,Something Better,The Dirt Drifters,52,6,Gains In Performance
2011-04-16,54,Country Thang,Colt Ford,54,7,Gains In Performance
2011-04-16,55,Country Boy,Aaron Lewis Featuring George Jones & Charlie Daniels,50,9,
2011-04-16,56,Mary Was The Marrying Kind,Kip Moore,56,3,Gains In Performance
2011-04-16,57,Stay Up Late,Heidi Newfield,NEW,1,Highest ranking debut|Gains In Performance
2011-04-16,58,If I Run,The Harters,58,9,Gains In Performance
2011-04-16,59,Amen,Edens Edge,60,2,Gains In Performance
2011-04-16,60,"Oh, Tonight",Josh Abbott Band Featuring Kacey Musgraves,RE,2,Gains In Performance
2011-04-23,1,Colder Weather,Zac Brown Band,1,17,
2011-04-23,2,This,Darius Rucker,4,22,Gains In Performance
2011-04-23,3,Are You Gonna Kiss Me Or Not,Thompson Square,2,38,
2011-04-23,4,Live A Little,Kenny Chesney,6,10,Gains In Performance
2011-04-23,5,Heart Like Mine,Miranda Lambert,8,16,Gains In Performance
2011-04-23,6,What Do You Want,Jerrod Niemann,7,29,Gains In Performance
2011-04-23,7,A Little Bit Stronger,Sara Evans,9,30,Gains In Performance
2011-04-23,8,Don't You Wanna Stay,Jason Aldean With Kelly Clarkson,3,23,
2011-04-23,9,Let Me Down Easy,Billy Currington,5,29,
2011-04-23,10,I Won't Let Go,Rascal Flatts,10,14,Gains In Performance
2011-04-23,11,Without You,Keith Urban,11,10,Gains In Performance
2011-04-23,12,You Lie,The Band Perry,15,18,Gains In Performance
2011-04-23,13,Little Miss,Sugarland,12,21,Gains In Performance
2011-04-23,14,Old Alabama,Brad Paisley Featuring Alabama,16,5,Gains In Performance
2011-04-23,15,Bleed Red,Ronnie Dunn,13,10,Gains In Performance
2011-04-23,16,Family Man,Craig Campbell,14,37,Gains In Performance
2011-04-23,17,Mean,Taylor Swift,17,6,Gains In Performance
2011-04-23,18,I Can't Love You Back,Easton Corbin,18,22,Gains In Performance
2011-04-23,19,Tomorrow,Chris Young,21,9,Gains In Performance
2011-04-23,20,If Heaven Wasn't So Far Away,Justin Moore,20,9,Gains In Performance
2011-04-23,21,Somewhere Else,Toby Keith,22,8,Gains In Performance
2011-04-23,22,Look It Up,Ashton Shepherd,23,15,
2011-04-23,23,Country Girl (Shake It For Me),Luke Bryan,26,4,Gains In Performance
2011-04-23,24,I Wouldn't Be A Man,Josh Turner,24,24,Gains In Performance
2011-04-23,25,Teenage Daughters,Martina McBride,28,4,Gains In Performance
2011-04-23,26,Homeboy,Eric Church,27,8,Gains In Performance
2011-04-23,27,Raymond,Brett Eldredge,25,28,Gains In Performance
2011-04-23,28,Last Night Again,Steel Magnolia,29,17,Gains In Performance
2011-04-23,29,Good To Be Me,Uncle Kracker Featuring Kid Rock,30,34,Gains In Performance
2011-04-23,30,Won't Be Lonely Long,Josh Thompson,31,20,Gains In Performance
2011-04-23,31,Honey Bee,Blake Shelton,NEW,1,Highest ranking debut|Gains In Performance
2011-04-23,32,Beautiful Every Time,Lee Brice,32,25,Gains In Performance
2011-04-23,33,Am I The Only One,Dierks Bentley,37,3,Gains In Performance
2011-04-23,34,Crazy Girl,Eli Young Band,33,8,Gains In Performance
2011-04-23,35,Just Fishin',Trace Adkins,38,3,Gains In Performance
2011-04-23,36,Love Don't Run,Steve Holy,34,14,Gains In Performance
2011-04-23,37,Keep In Mind,LoCash Cowboys,36,27,Gains In Performance
2011-04-23,38,Me And Tennessee,Tim McGraw & Gwyneth Paltrow,35,9,
2011-04-23,39,Dirt Road Anthem,Jason Aldean,49,12,Gains In Performance
2011-04-23,40,A Buncha Girls,Frankie Ballard,39,8,Gains In Performance
2011-04-23,41,Barefoot Blue Jean Night,Jake Owen,43,3,Gains In Performance
2011-04-23,42,Songs Like This,Carrie Underwood,40,10,Gains In Performance
2011-04-23,43,"1,000 Faces",Randy Montana,41,13,
2011-04-23,44,Country Must Be Country Wide,Brantley Gilbert,NEW,1,Gains In Performance
2011-04-23,45,Shotgun Girl,The JaneDear Girls,44,8,Gains In Performance
2011-04-23,46,Mr. Bartender,Bradley Gaskin,47,4,Gains In Performance
2011-04-23,47,Let It Rain,David Nail Featuring Sarah Buxton,46,10,Gains In Performance
2011-04-23,48,Why Wait For Summer,Walker Hayes,42,9,
2011-04-23,49,The Reason Why,Little Big Town,50,6,Gains In Performance
2011-04-23,50,Old School,Chuck Wicks,52,18,Gains In Performance
2011-04-23,51,Wanna Take You Home,Gloriana,51,5,
2011-04-23,52,Something Better,The Dirt Drifters,53,7,Gains In Performance
2011-04-23,53,Amen,Edens Edge,59,3,Gains In Performance
2011-04-23,54,Country Boy,Aaron Lewis Featuring George Jones & Charlie Daniels,55,10,Gains In Performance
2011-04-23,55,I'd Love To Be Your Last,Gretchen Wilson,48,10,
2011-04-23,56,Country Thang,Colt Ford,54,8,
2011-04-23,57,Stay Up Late,Heidi Newfield,57,2,Gains In Performance
2011-04-23,58,Mary Was The Marrying Kind,Kip Moore,56,4,
2011-04-23,59,If I Run,The Harters,58,10,
2011-04-23,60,"Oh, Tonight",Josh Abbott Band Featuring Kacey Musgraves,60,3,Gains In Performance
2011-04-30,1,This,Darius Rucker,2,23,Gains In Performance
2011-04-30,2,Live A Little,Kenny Chesney,4,11,Gains In Performance
2011-04-30,3,Heart Like Mine,Miranda Lambert,5,17,Gains In Performance
2011-04-30,4,A Little Bit Stronger,Sara Evans,7,31,Gains In Performance
2011-04-30,5,Colder Weather,Zac Brown Band,1,18,
2011-04-30,6,What Do You Want,Jerrod Niemann,6,30,Gains In Performance
2011-04-30,7,Are You Gonna Kiss Me Or Not,Thompson Square,3,39,
2011-04-30,8,I Won't Let Go,Rascal Flatts,10,15,Gains In Performance
2011-04-30,9,Without You,Keith Urban,11,11,Gains In Performance
2011-04-30,10,Old Alabama,Brad Paisley Featuring Alabama,14,6,Gains In Performance
2011-04-30,11,You Lie,The Band Perry,12,19,Gains In Performance
2011-04-30,12,Mean,Taylor Swift,17,7,Gains In Performance
2011-04-30,13,Bleed Red,Ronnie Dunn,15,11,Gains In Performance
2011-04-30,14,Family Man,Craig Campbell,16,38,Gains In Performance
2011-04-30,15,I Can't Love You Back,Easton Corbin,18,23,Gains In Performance
2011-04-30,16,Tomorrow,Chris Young,19,10,Gains In Performance
2011-04-30,17,If Heaven Wasn't So Far Away,Justin Moore,20,10,Gains In Performance
2011-04-30,18,Somewhere Else,Toby Keith,21,9,Gains In Performance
2011-04-30,19,Country Girl (Shake It For Me),Luke Bryan,23,5,Gains In Performance
2011-04-30,20,Look It Up,Ashton Shepherd,22,16,Gains In Performance
2011-04-30,21,Honey Bee,Blake Shelton,31,2,Gains In Performance
2011-04-30,22,Teenage Daughters,Martina McBride,25,5,Gains In Performance
2011-04-30,23,Raymond,Brett Eldredge,27,29,Gains In Performance
2011-04-30,24,Homeboy,Eric Church,26,9,Gains In Performance
2011-04-30,25,I Wouldn't Be A Man,Josh Turner,24,25,Gains In Performance
2011-04-30,26,Am I The Only One,Dierks Bentley,33,4,Gains In Performance
2011-04-30,27,Last Night Again,Steel Magnolia,28,18,
2011-04-30,28,Good To Be Me,Uncle Kracker Featuring Kid Rock,29,35,Gains In Performance
2011-04-30,29,Won't Be Lonely Long,Josh Thompson,30,21,Gains In Performance
2011-04-30,30,Beautiful Every Time,Lee Brice,32,26,Gains In Performance
2011-04-30,31,Dirt Road Anthem,Jason Aldean,39,13,Gains In Performance
2011-04-30,32,Just Fishin',Trace Adkins,35,4,Gains In Performance
2011-04-30,33,Crazy Girl,Eli Young Band,34,9,Gains In Performance
2011-04-30,34,Love Don't Run,Steve Holy,36,15,Gains In Performance
2011-04-30,35,Keep In Mind,LoCash Cowboys,37,28,Gains In Performance
2011-04-30,36,Barefoot Blue Jean Night,Jake Owen,41,4,Gains In Performance
2011-04-30,37,A Buncha Girls,Frankie Ballard,40,9,Gains In Performance
2011-04-30,38,Me And Tennessee,Tim McGraw & Gwyneth Paltrow,38,10,
2011-04-30,39,Songs Like This,Carrie Underwood,42,11,Gains In Performance
2011-04-30,40,"1,000 Faces",Randy Montana,43,14,Gains In Performance
2011-04-30,41,Country Must Be Country Wide,Brantley Gilbert,44,2,Gains In Performance
2011-04-30,42,Mr. Bartender,Bradley Gaskin,46,5,Gains In Performance
2011-04-30,43,Shotgun Girl,The JaneDear Girls,45,9,Gains In Performance
2011-04-30,44,The Reason Why,Little Big Town,49,7,Gains In Performance
2011-04-30,45,Let It Rain,David Nail Featuring Sarah Buxton,47,11,
2011-04-30,46,Wanna Take You Home,Gloriana,51,6,Gains In Performance
2011-04-30,47,Why Wait For Summer,Walker Hayes,48,10,
2011-04-30,48,Old School,Chuck Wicks,50,19,
2011-04-30,49,Something Better,The Dirt Drifters,52,8,Gains In Performance
2011-04-30,50,Amen,Edens Edge,53,4,Gains In Performance
2011-04-30,51,I'd Love To Be Your Last,Gretchen Wilson,55,11,Gains In Performance
2011-04-30,52,Country Boy,Aaron Lewis Featuring George Jones & Charlie Daniels,54,11,Gains In Performance
2011-04-30,53,Knee Deep,Zac Brown Band Featuring Jimmy Buffett,NEW,1,Highest ranking debut|Gains In Performance
2011-04-30,54,Mary Was The Marrying Kind,Kip Moore,58,5,Gains In Performance
2011-04-30,55,When Love Gets A Hold Of You,Reba,NEW,1,Gains In Performance
2011-04-30,56,Country Thang,Colt Ford,56,9,
2011-04-30,57,Stay Up Late,Heidi Newfield,57,3,
2011-04-30,58,Didn't I,James Wesley,NEW,1,Gains In Performance
2011-04-30,59,Love Done Gone,Billy Currington,NEW,1,Gains In Performance
2011-04-30,60,If I Run,The Harters,59,11,Gains In Performance
2011-05-07,1,Live A Little,Kenny Chesney,2,12,Gains In Performance
2011-05-07,2,A Little Bit Stronger,Sara Evans,4,32,Gains In Performance
2011-05-07,3,Heart Like Mine,Miranda Lambert,3,18,Gains In Performance
2011-05-07,4,What Do You Want,Jerrod Niemann,6,31,Gains In Performance
2011-05-07,5,This,Darius Rucker,1,24,
2011-05-07,6,I Won't Let Go,Rascal Flatts,8,16,Gains In Performance
2011-05-07,7,Colder Weather,Zac Brown Band,5,19,
2011-05-07,8,Are You Gonna Kiss Me Or Not,Thompson Square,7,40,
2011-05-07,9,Without You,Keith Urban,9,12,Gains In Performance
2011-05-07,10,Old Alabama,Brad Paisley Featuring Alabama,10,7,Gains In Performance
2011-05-07,11,You Lie,The Band Perry,11,20,Gains In Performance
2011-05-07,12,Mean,Taylor Swift,12,8,Gains In Performance
2011-05-07,13,Bleed Red,Ronnie Dunn,13,12,Gains In Performance
2011-05-07,14,Family Man,Craig Campbell,14,39,Gains In Performance
2011-05-07,15,Tomorrow,Chris Young,16,11,Gains In Performance
2011-05-07,16,I Can't Love You Back,Easton Corbin,15,24,Gains In Performance
2011-05-07,17,If Heaven Wasn't So Far Away,Justin Moore,17,11,Gains In Performance
2011-05-07,18,Somewhere Else,Toby Keith,18,10,Gains In Performance
2011-05-07,19,Country Girl (Shake It For Me),Luke Bryan,19,6,Gains In Performance
2011-05-07,20,Honey Bee,Blake Shelton,21,3,Gains In Performance
2011-05-07,21,Look It Up,Ashton Shepherd,20,17,Gains In Performance
2011-05-07,22,Teenage Daughters,Martina McBride,22,6,Gains In Performance
2011-05-07,23,Am I The Only One,Dierks Bentley,26,5,Gains In Performance
2011-05-07,24,Homeboy,Eric Church,24,10,Gains In Performance
2011-05-07,25,Dirt Road Anthem,Jason Aldean,31,14,Gains In Performance
2011-05-07,26,Raymond,Brett Eldredge,23,30,Gains In Performance
2011-05-07,27,I Wouldn't Be A Man,Josh Turner,25,26,Gains In Performance
2011-05-07,28,Last Night Again,Steel Magnolia,27,19,Gains In Performance
2011-05-07,29,Won't Be Lonely Long,Josh Thompson,29,22,Gains In Performance
2011-05-07,30,Just Fishin',Trace Adkins,32,5,Gains In Performance
2011-05-07,31,Beautiful Every Time,Lee Brice,30,27,
2011-05-07,32,Crazy Girl,Eli Young Band,33,10,Gains In Performance
2011-05-07,33,Love Don't Run,Steve Holy,34,16,Gains In Performance
2011-05-07,34,Barefoot Blue Jean Night,Jake Owen,36,5,Gains In Performance
2011-05-07,35,Knee Deep,Zac Brown Band Featuring Jimmy Buffett,53,2,Gains In Performance
2011-05-07,36,A Buncha Girls,Frankie Ballard,37,10,Gains In Performance
2011-05-07,37,Let It Rain,David Nail Featuring Sarah Buxton,45,12,Gains In Performance
2011-05-07,38,Songs Like This,Carrie Underwood,39,12,Gains In Performance
2011-05-07,39,"1,000 Faces",Randy Montana,40,15,Gains In Performance
2011-05-07,40,Country Must Be Country Wide,Brantley Gilbert,41,3,Gains In Performance
2011-05-07,41,Take A Back Road,Rodney Atkins,NEW,1,Highest ranking debut|Gains In Performance
2011-05-07,42,Shotgun Girl,The JaneDear Girls,43,10,Gains In Performance
2011-05-07,43,Mr. Bartender,Bradley Gaskin,42,6,Gains In Performance
2011-05-07,44,The Reason Why,Little Big Town,44,8,Gains In Performance
2011-05-07,45,Love Done Gone,Billy Currington,59,2,Gains In Performance
2011-05-07,46,Wanna Take You Home,Gloriana,46,7,Gains In Performance
2011-05-07,47,Amen,Edens Edge,50,5,Gains In Performance
2011-05-07,48,When Love Gets A Hold Of You,Reba,55,2,Gains In Performance
2011-05-07,49,I'd Love To Be Your Last,Gretchen Wilson,51,12,Gains In Performance
2011-05-07,50,Something Better,The Dirt Drifters,49,9,Gains In Performance
2011-05-07,51,Old School,Chuck Wicks,48,20,
2011-05-07,52,Country Boy,Aaron Lewis Featuring George Jones & Charlie Daniels,52,12,
2011-05-07,53,Didn't I,James Wesley,58,2,Gains In Performance
2011-05-07,54,Tonight,Sugarland,NEW,1,Gains In Performance
2011-05-07,55,Mary Was The Marrying Kind,Kip Moore,54,6,Gains In Performance
2011-05-07,56,Stay Up Late,Heidi Newfield,57,4,Gains In Performance
2011-05-07,57,Country Thang,Colt Ford,56,10,Gains In Performance
2011-05-07,58,I'm Doing Alright,Jacob Lyda,NEW,1,Gains In Performance
2011-05-07,59,In God's Time,Randy Houser,NEW,1,Gains In Performance
2011-05-07,60,Staying's Worse Than Leaving,Sunny Sweeney,NEW,1,Gains In Performance
2011-05-14,1,A Little Bit Stronger,Sara Evans,2,33,Gains In Performance
2011-05-14,2,Heart Like Mine,Miranda Lambert,3,19,Gains In Performance
2011-05-14,3,Live A Little,Kenny Chesney,1,13,
2011-05-14,4,What Do You Want,Jerrod Niemann,4,32,Gains In Performance
2011-05-14,5,Old Alabama,Brad Paisley Featuring Alabama,10,8,Gains In Performance
2011-05-14,6,I Won't Let Go,Rascal Flatts,6,17,Gains In Performance
2011-05-14,7,Without You,Keith Urban,9,13,Gains In Performance
2011-05-14,8,This,Darius Rucker,5,25,
2011-05-14,9,Mean,Taylor Swift,12,9,Gains In Performance
2011-05-14,10,You Lie,The Band Perry,11,21,Gains In Performance
2011-05-14,11,Bleed Red,Ronnie Dunn,13,13,Gains In Performance
2011-05-14,12,If Heaven Wasn't So Far Away,Justin Moore,17,12,Gains In Performance
2011-05-14,13,Tomorrow,Chris Young,15,12,Gains In Performance
2011-05-14,14,Family Man,Craig Campbell,14,40,
2011-05-14,15,I Can't Love You Back,Easton Corbin,16,25,Gains In Performance
2011-05-14,16,Honey Bee,Blake Shelton,20,4,Greatest gainer this week|Gains In Performance
2011-05-14,17,Somewhere Else,Toby Keith,18,11,Gains In Performance
2011-05-14,18,Country Girl (Shake It For Me),Luke Bryan,19,7,Gains In Performance
2011-05-14,19,Teenage Daughters,Martina McBride,22,7,Gains In Performance
2011-05-14,20,Look It Up,Ashton Shepherd,21,18,Gains In Performance
2011-05-14,21,Dirt Road Anthem,Jason Aldean,25,15,Gains In Performance
2011-05-14,22,Am I The Only One,Dierks Bentley,23,6,Gains In Performance
2011-05-14,23,Homeboy,Eric Church,24,11,Gains In Performance
2011-05-14,24,Raymond,Brett Eldredge,26,31,Gains In Performance
2011-05-14,25,I Wouldn't Be A Man,Josh Turner,27,27,Gains In Performance
2011-05-14,26,Just Fishin',Trace Adkins,30,6,Gains In Performance
2011-05-14,27,Last Night Again,Steel Magnolia,28,20,Gains In Performance
2011-05-14,28,Won't Be Lonely Long,Josh Thompson,29,23,Gains In Performance
2011-05-14,29,Barefoot Blue Jean Night,Jake Owen,34,6,Gains In Performance
2011-05-14,30,Crazy Girl,Eli Young Band,32,11,Gains In Performance
2011-05-14,31,Beautiful Every Time,Lee Brice,31,28,Gains In Performance
2011-05-14,32,Love Don't Run,Steve Holy,33,17,Gains In Performance
2011-05-14,33,Knee Deep,Zac Brown Band Featuring Jimmy Buffett,35,3,Gains In Performance
2011-05-14,34,A Buncha Girls,Frankie Ballard,36,11,Gains In Performance
2011-05-14,35,Take A Back Road,Rodney Atkins,41,2,Gains In Performance
2011-05-14,36,Love Done Gone,Billy Currington,45,3,Gains In Performance
2011-05-14,37,Tonight,Sugarland,54,2,Gains In Performance
2011-05-14,38,Let It Rain,David Nail Featuring Sarah Buxton,37,13,
2011-05-14,39,"1,000 Faces",Randy Montana,39,16,Gains In Performance
2011-05-14,40,Country Must Be Country Wide,Brantley Gilbert,40,4,Gains In Performance
2011-05-14,41,Songs Like This,Carrie Underwood,38,13,
2011-05-14,42,Shotgun Girl,The JaneDear Girls,42,11,Gains In Performance
2011-05-14,43,Mr. Bartender,Bradley Gaskin,43,7,Gains In Performance
2011-05-14,44,The Reason Why,Little Big Town,44,9,
2011-05-14,45,Wanna Take You Home,Gloriana,46,8,Gains In Performance
2011-05-14,46,Amen,Edens Edge,47,6,Gains In Performance
2011-05-14,47,When Love Gets A Hold Of You,Reba,48,3,Gains In Performance
2011-05-14,48,Didn't I,James Wesley,53,3,Gains In Performance
2011-05-14,49,Something Better,The Dirt Drifters,50,10,Gains In Performance
2011-05-14,50,Country Boy,Aaron Lewis Featuring George Jones & Charlie Daniels,52,13,Gains In Performance
2011-05-14,51,I'd Love To Be Your Last,Gretchen Wilson,49,13,
2011-05-14,52,Mary Was The Marrying Kind,Kip Moore,55,7,Gains In Performance
2011-05-14,53,Stay Up Late,Heidi Newfield,56,5,
2011-05-14,54,In God's Time,Randy Houser,59,2,Gains In Performance
2011-05-14,55,Country Thang,Colt Ford,57,11,
2011-05-14,56,I'm Doing Alright,Jacob Lyda,58,2,Gains In Performance
2011-05-14,57,Generation Love,Jennette McCurdy,NEW,1,Highest ranking debut|Gains In Performance
2011-05-14,58,Collide,Kid Rock Featuring Sheryl Crow & Bob Seger,NEW,1,Gains In Performance
2011-05-14,59,"Oh, Tonight",Josh Abbott Band Featuring Kacey Musgraves,RE,4,Gains In Performance
2011-05-14,60,Storm Warning,Hunter Hayes,NEW,1,Gains In Performance
2011-05-21,1,A Little Bit Stronger,Sara Evans,1,34,Gains In Performance
2011-05-21,2,Heart Like Mine,Miranda Lambert,2,20,Gains In Performance
2011-05-21,3,Old Alabama,Brad Paisley Featuring Alabama,5,9,Gains In Performance
2011-05-21,4,I Won't Let Go,Rascal Flatts,6,18,Gains In Performance
2011-05-21,5,Live A Little,Kenny Chesney,3,14,
2011-05-21,6,Without You,Keith Urban,7,14,Gains In Performance
2011-05-21,7,What Do You Want,Jerrod Niemann,4,33,
2011-05-21,8,Mean,Taylor Swift,9,10,Gains In Performance
2011-05-21,9,You Lie,The Band Perry,10,22,Gains In Performance
2011-05-21,10,Bleed Red,Ronnie Dunn,11,14,Gains In Performance
2011-05-21,11,If Heaven Wasn't So Far Away,Justin Moore,12,13,Gains In Performance
2011-05-21,12,Honey Bee,Blake Shelton,16,5,Gains In Performance
2011-05-21,13,Tomorrow,Chris Young,13,13,Gains In Performance
2011-05-21,14,I Can't Love You Back,Easton Corbin,15,26,Gains In Performance
2011-05-21,15,Somewhere Else,Toby Keith,17,12,Gains In Performance
2011-05-21,16,Country Girl (Shake It For Me),Luke Bryan,18,8,Gains In Performance
2011-05-21,17,Dirt Road Anthem,Jason Aldean,21,16,Gains In Performance
2011-05-21,18,Am I The Only One,Dierks Bentley,22,7,Gains In Performance
2011-05-21,19,Teenage Daughters,Martina McBride,19,8,Gains In Performance
2011-05-21,20,Look It Up,Ashton Shepherd,20,19,Gains In Performance
2011-05-21,21,Homeboy,Eric Church,23,12,Gains In Performance
2011-05-21,22,Just Fishin',Trace Adkins,26,7,Gains In Performance
2011-05-21,23,I Wouldn't Be A Man,Josh Turner,25,28,Gains In Performance
2011-05-21,24,Raymond,Brett Eldredge,24,32,Gains In Performance
2011-05-21,25,Last Night Again,Steel Magnolia,27,21,Gains In Performance
2011-05-21,26,Knee Deep,Zac Brown Band Featuring Jimmy Buffett,33,4,Gains In Performance
2011-05-21,27,Won't Be Lonely Long,Josh Thompson,28,24,Gains In Performance
2011-05-21,28,Just A Kiss,Lady Antebellum,NEW,1,
2011-05-21,29,Barefoot Blue Jean Night,Jake Owen,29,7,Gains In Performance
2011-05-21,30,Crazy Girl,Eli Young Band,30,12,Gains In Performance
2011-05-21,31,Love Don't Run,Steve Holy,32,18,Gains In Performance
2011-05-21,32,Take A Back Road,Rodney Atkins,35,3,Gains In Performance
2011-05-21,33,Love Done Gone,Billy Currington,36,4,Gains In Performance
2011-05-21,34,A Buncha Girls,Frankie Ballard,34,12,Gains In Performance
2011-05-21,35,Tonight,Sugarland,37,3,Gains In Performance
2011-05-21,36,Country Must Be Country Wide,Brantley Gilbert,40,5,Gains In Performance
2011-05-21,37,Let It Rain,David Nail Featuring Sarah Buxton,38,14,Gains In Performance
2011-05-21,38,Mr. Bartender,Bradley Gaskin,43,8,Gains In Performance
2011-05-21,39,"1,000 Faces",Randy Montana,39,17,Gains In Performance
2011-05-21,40,Shotgun Girl,The JaneDear Girls,42,12,Gains In Performance
2011-05-21,41,Wanna Take You Home,Gloriana,45,9,Gains In Performance
2011-05-21,42,The Reason Why,Little Big Town,44,10,Gains In Performance
2011-05-21,43,When Love Gets A Hold Of You,Reba,47,4,Gains In Performance
2011-05-21,44,You And Tequila,Kenny Chesney Featuring Grace Potter,NEW,1,Gains In Performance
2011-05-21,45,Amen,Edens Edge,46,7,Gains In Performance
2011-05-21,46,Didn't I,James Wesley,48,4,Gains In Performance
2011-05-21,47,Songs Like This,Carrie Underwood,41,14,
2011-05-21,48,Something Better,The Dirt Drifters,49,11,
2011-05-21,49,Mary Was The Marrying Kind,Kip Moore,52,8,Gains In Performance
2011-05-21,50,Generation Love,Jennette McCurdy,57,2,Gains In Performance
2011-05-21,51,Country Boy,Aaron Lewis Featuring George Jones & Charlie Daniels,50,14,
2011-05-21,52,Collide,Kid Rock Featuring Sheryl Crow & Bob Seger,58,2,Gains In Performance
2011-05-21,53,Stay Up Late,Heidi Newfield,53,6,Gains In Performance
2011-05-21,54,Staying's Worse Than Leaving,Sunny Sweeney,RE,2,Gains In Performance
2011-05-21,55,I'd Love To Be Your Last,Gretchen Wilson,51,14,
2011-05-21,56,In God's Time,Randy Houser,54,3,
2011-05-21,57,Country Thang,Colt Ford,55,12,
2011-05-21,58,"Oh, Tonight",Josh Abbott Band Featuring Kacey Musgraves,59,5,Gains In Performance
2011-05-21,59,I'm Doing Alright,Jacob Lyda,56,3,Gains In Performance
2011-05-21,60,Storm Warning,Hunter Hayes,60,2,Gains In Performance
2011-05-28,1,Heart Like Mine,Miranda Lambert,2,21,Gains In Performance
2011-05-28,2,Old Alabama,Brad Paisley Featuring Alabama,3,10,Gains In Performance
2011-05-28,3,A Little Bit Stronger,Sara Evans,1,35,
2011-05-28,4,I Won't Let Go,Rascal Flatts,4,19,Gains In Performance
2011-05-28,5,Without You,Keith Urban,6,15,Gains In Performance
2011-05-28,6,Mean,Taylor Swift,8,11,Gains In Performance
2011-05-28,7,Live A Little,Kenny Chesney,5,15,
2011-05-28,8,You Lie,The Band Perry,9,23,Gains In Performance
2011-05-28,9,Honey Bee,Blake Shelton,12,6,Gains In Performance
2011-05-28,10,If Heaven Wasn't So Far Away,Justin Moore,11,14,Gains In Performance
2011-05-28,11,Tomorrow,Chris Young,13,14,Gains In Performance
2011-05-28,12,Bleed Red,Ronnie Dunn,10,15,Gains In Performance
2011-05-28,13,Somewhere Else,Toby Keith,15,13,Gains In Performance
2011-05-28,14,Country Girl (Shake It For Me),Luke Bryan,16,9,Gains In Performance
2011-05-28,15,I Can't Love You Back,Easton Corbin,14,27,Gains In Performance
2011-05-28,16,Am I The Only One,Dierks Bentley,18,8,Gains In Performance
2011-05-28,17,Dirt Road Anthem,Jason Aldean,17,17,Gains In Performance
2011-05-28,18,Teenage Daughters,Martina McBride,19,9,Gains In Performance
2011-05-28,19,Look It Up,Ashton Shepherd,20,20,Gains In Performance
2011-05-28,20,Just A Kiss,Lady Antebellum,28,2,Greatest gainer this week|Gains In Performance
2011-05-28,21,Knee Deep,Zac Brown Band Featuring Jimmy Buffett,26,5,Gains In Performance
2011-05-28,22,Homeboy,Eric Church,21,13,Gains In Performance
2011-05-28,23,Just Fishin',Trace Adkins,22,8,Gains In Performance
2011-05-28,24,I Wouldn't Be A Man,Josh Turner,23,29,Gains In Performance
2011-05-28,25,Raymond,Brett Eldredge,24,33,Gains In Performance
2011-05-28,26,Last Night Again,Steel Magnolia,25,22,Gains In Performance
2011-05-28,27,Barefoot Blue Jean Night,Jake Owen,29,8,Gains In Performance
2011-05-28,28,Won't Be Lonely Long,Josh Thompson,27,25,Gains In Performance
2011-05-28,29,Crazy Girl,Eli Young Band,30,13,Gains In Performance
2011-05-28,30,Love Done Gone,Billy Currington,33,5,Gains In Performance
2011-05-28,31,Love Don't Run,Steve Holy,31,19,Gains In Performance
2011-05-28,32,Take A Back Road,Rodney Atkins,32,4,Gains In Performance
2011-05-28,33,You And Tequila,Kenny Chesney Featuring Grace Potter,44,2,Gains In Performance
2011-05-28,34,Country Must Be Country Wide,Brantley Gilbert,36,6,Gains In Performance
2011-05-28,35,A Buncha Girls,Frankie Ballard,34,13,Gains In Performance
2011-05-28,36,Tonight,Sugarland,35,4,Gains In Performance
2011-05-28,37,Let It Rain,David Nail Featuring Sarah Buxton,37,15,Gains In Performance
2011-05-28,38,"1,000 Faces",Randy Montana,39,18,Gains In Performance
2011-05-28,39,Mr. Bartender,Bradley Gaskin,38,9,
2011-05-28,40,Wanna Take You Home,Gloriana,41,10,Gains In Performance
2011-05-28,41,I Got You,Thompson Square,NEW,1,Highest ranking debut|Gains In Performance
2011-05-28,42,The Reason Why,Little Big Town,42,11,Gains In Performance
2011-05-28,43,When Love Gets A Hold Of You,Reba,43,5,Gains In Performance
2011-05-28,44,Generation Love,Jennette McCurdy,50,3,Gains In Performance
2011-05-28,45,Shotgun Girl,The JaneDear Girls,40,13,
2011-05-28,46,Amen,Edens Edge,45,8,Gains In Performance
2011-05-28,47,Didn't I,James Wesley,46,5,Gains In Performance
2011-05-28,48,Staying's Worse Than Leaving,Sunny Sweeney,54,3,Gains In Performance
2011-05-28,49,Mary Was The Marrying Kind,Kip Moore,49,9,Gains In Performance
2011-05-28,50,Twenty-One,Corey Smith,NEW,1,Gains In Performance
2011-05-28,51,Country Boy,Aaron Lewis Featuring George Jones & Charlie Daniels,51,15,Gains In Performance
2011-05-28,52,Stay Up Late,Heidi Newfield,53,7,Gains In Performance
2011-05-28,53,Collide,Kid Rock Featuring Sheryl Crow & Bob Seger,52,3,Gains In Performance
2011-05-28,54,"Oh, Tonight",Josh Abbott Band Featuring Kacey Musgraves,58,6,Gains In Performance
2011-05-28,55,Something Better,The Dirt Drifters,48,12,
2011-05-28,56,In God's Time,Randy Houser,56,4,
2011-05-28,57,Five More Minutes,Ashley Gearing,NEW,1,Gains In Performance
2011-05-28,58,I'm Doing Alright,Jacob Lyda,59,4,
2011-05-28,59,Storm Warning,Hunter Hayes,60,3,
2011-05-28,60,Numbers,Jason Michael Carroll,NEW,1,Gains In Performance
2011-06-04,1,Old Alabama,Brad Paisley Featuring Alabama,2,11,Gains In Performance
2011-06-04,2,I Won't Let Go,Rascal Flatts,4,20,Greatest gainer this week|Gains In Performance
2011-06-04,3,Heart Like Mine,Miranda Lambert,1,22,
2011-06-04,4,Without You,Keith Urban,5,16,Gains In Performance
2011-06-04,5,Mean,Taylor Swift,6,12,Gains In Performance
2011-06-04,6,A Little Bit Stronger,Sara Evans,3,36,
2011-06-04,7,You Lie,The Band Perry,8,24,Gains In Performance
2011-06-04,8,Honey Bee,Blake Shelton,9,7,Gains In Performance
2011-06-04,9,Tomorrow,Chris Young,11,15,Gains In Performance
2011-06-04,10,Bleed Red,Ronnie Dunn,12,16,Gains In Performance
2011-06-04,11,If Heaven Wasn't So Far Away,Justin Moore,10,15,Gains In Performance
2011-06-04,12,Somewhere Else,Toby Keith,13,14,Gains In Performance
2011-06-04,13,Country Girl (Shake It For Me),Luke Bryan,14,10,Gains In Performance
2011-06-04,14,Dirt Road Anthem,Jason Aldean,17,18,Gains In Performance
2011-06-04,15,I Can't Love You Back,Easton Corbin,15,28,
2011-06-04,16,Am I The Only One,Dierks Bentley,16,9,Gains In Performance
2011-06-04,17,Just A Kiss,Lady Antebellum,20,3,Gains In Performance
2011-06-04,18,Knee Deep,Zac Brown Band Featuring Jimmy Buffett,21,6,Gains In Performance
2011-06-04,19,Look It Up,Ashton Shepherd,19,21,Gains In Performance
2011-06-04,20,Teenage Daughters,Martina McBride,18,10,Gains In Performance
2011-06-04,21,Homeboy,Eric Church,22,14,Gains In Performance
2011-06-04,22,Just Fishin',Trace Adkins,23,9,Gains In Performance
2011-06-04,23,I Wouldn't Be A Man,Josh Turner,24,30,Gains In Performance
2011-06-04,24,Barefoot Blue Jean Night,Jake Owen,27,9,Gains In Performance
2011-06-04,25,Last Night Again,Steel Magnolia,26,23,Gains In Performance
2011-06-04,26,Won't Be Lonely Long,Josh Thompson,28,26,Gains In Performance
2011-06-04,27,You And Tequila,Kenny Chesney Featuring Grace Potter,33,3,Gains In Performance
2011-06-04,28,Crazy Girl,Eli Young Band,29,14,Gains In Performance
2011-06-04,29,Love Done Gone,Billy Currington,30,6,Gains In Performance
2011-06-04,30,Take A Back Road,Rodney Atkins,32,5,Gains In Performance
2011-06-04,31,Love Don't Run,Steve Holy,31,20,Gains In Performance
2011-06-04,32,Country Must Be Country Wide,Brantley Gilbert,34,7,Gains In Performance
2011-06-04,33,A Buncha Girls,Frankie Ballard,35,14,Gains In Performance
2011-06-04,34,Tonight,Sugarland,36,5,Gains In Performance
2011-06-04,35,Let It Rain,David Nail Featuring Sarah Buxton,37,16,Gains In Performance
2011-06-04,36,Remind Me,Brad Paisley Duet With Carrie Underwood,NEW,1,Highest ranking debut|Gains In Performance
2011-06-04,37,"1,000 Faces",Randy Montana,38,19,Gains In Performance
2011-06-04,38,Mr. Bartender,Bradley Gaskin,39,10,Gains In Performance
2011-06-04,39,Shotgun Girl,The JaneDear Girls,45,14,Gains In Performance
2011-06-04,40,I Got You,Thompson Square,41,2,Gains In Performance
2011-06-04,41,Wanna Take You Home,Gloriana,40,11,Gains In Performance
2011-06-04,42,The Reason Why,Little Big Town,42,12,Gains In Performance
2011-06-04,43,When Love Gets A Hold Of You,Reba,43,6,Gains In Performance
2011-06-04,44,Amen,Edens Edge,46,9,Gains In Performance
2011-06-04,45,Generation Love,Jennette McCurdy,44,4,
2011-06-04,46,Didn't I,James Wesley,47,6,Gains In Performance
2011-06-04,47,Storm Warning,Hunter Hayes,59,4,Gains In Performance
2011-06-04,48,Staying's Worse Than Leaving,Sunny Sweeney,48,4,Gains In Performance
2011-06-04,49,Mary Was The Marrying Kind,Kip Moore,49,10,Gains In Performance
2011-06-04,50,Country Boy,Aaron Lewis Featuring George Jones & Charlie Daniels,51,16,Gains In Performance
2011-06-04,51,Stay Up Late,Heidi Newfield,52,8,Gains In Performance
2011-06-04,52,Collide,Kid Rock Featuring Sheryl Crow & Bob Seger,53,4,Gains In Performance
2011-06-04,53,"Oh, Tonight",Josh Abbott Band Featuring Kacey Musgraves,54,7,Gains In Performance
2011-06-04,54,I Got Nothin',Darius Rucker,NEW,1,Gains In Performance
2011-06-04,55,Let's Get Together,Phil Vassar,NEW,1,Gains In Performance
2011-06-04,56,I'm Doing Alright,Jacob Lyda,58,5,Gains In Performance
2011-06-04,57,Twenty-One,Corey Smith,50,2,
2011-06-04,58,Five More Minutes,Ashley Gearing,57,2,Gains In Performance
2011-06-04,59,Paper Heart,Stealing Angels,NEW,1,Gains In Performance
2011-06-04,60,Take It Off,Joe Nichols,NEW,1,Gains In Performance
2011-06-11,1,Old Alabama,Brad Paisley Featuring Alabama,1,12,Gains In Performance
2011-06-11,2,Without You,Keith Urban,4,17,Gains In Performance
2011-06-11,3,I Won't Let Go,Rascal Flatts,2,21,
2011-06-11,4,Mean,Taylor Swift,5,13,Gains In Performance
2011-06-11,5,Honey Bee,Blake Shelton,8,8,Greatest gainer this week|Gains In Performance
2011-06-11,6,You Lie,The Band Perry,7,25,Gains In Performance
2011-06-11,7,Heart Like Mine,Miranda Lambert,3,23,
2011-06-11,8,If Heaven Wasn't So Far Away,Justin Moore,11,16,Gains In Performance
2011-06-11,9,Tomorrow,Chris Young,9,16,Gains In Performance
2011-06-11,10,Bleed Red,Ronnie Dunn,10,17,Gains In Performance
2011-06-11,11,Dirt Road Anthem,Jason Aldean,14,19,Gains In Performance
2011-06-11,12,Somewhere Else,Toby Keith,12,15,Gains In Performance
2011-06-11,13,Country Girl (Shake It For Me),Luke Bryan,13,11,Gains In Performance
2011-06-11,14,Am I The Only One,Dierks Bentley,16,10,Gains In Performance
2011-06-11,15,Just A Kiss,Lady Antebellum,17,4,Gains In Performance
2011-06-11,16,Knee Deep,Zac Brown Band Featuring Jimmy Buffett,18,7,Gains In Performance
2011-06-11,17,Teenage Daughters,Martina McBride,20,11,Gains In Performance
2011-06-11,18,Homeboy,Eric Church,21,15,Gains In Performance
2011-06-11,19,Look It Up,Ashton Shepherd,19,22,
2011-06-11,20,Just Fishin',Trace Adkins,22,10,Gains In Performance
2011-06-11,21,You And Tequila,Kenny Chesney Featuring Grace Potter,27,4,Gains In Performance
2011-06-11,22,I Wouldn't Be A Man,Josh Turner,23,31,Gains In Performance
2011-06-11,23,Barefoot Blue Jean Night,Jake Owen,24,10,Gains In Performance
2011-06-11,24,Last Night Again,Steel Magnolia,25,24,Gains In Performance
2011-06-11,25,Crazy Girl,Eli Young Band,28,15,Gains In Performance
2011-06-11,26,Won't Be Lonely Long,Josh Thompson,26,27,
2011-06-11,27,Love Done Gone,Billy Currington,29,7,Gains In Performance
2011-06-11,28,Take A Back Road,Rodney Atkins,30,6,Gains In Performance
2011-06-11,29,Love Don't Run,Steve Holy,31,21,Gains In Performance
2011-06-11,30,Remind Me,Brad Paisley Duet With Carrie Underwood,36,2,Gains In Performance
2011-06-11,31,Country Must Be Country Wide,Brantley Gilbert,32,8,Gains In Performance
2011-06-11,32,I Love You This Big,Scotty McCreery,NEW,1,Highest ranking debut|Gains In Performance
2011-06-11,33,A Buncha Girls,Frankie Ballard,33,15,Gains In Performance
2011-06-11,34,I Got You,Thompson Square,40,3,Gains In Performance
2011-06-11,35,Tonight,Sugarland,34,6,Gains In Performance
2011-06-11,36,Let It Rain,David Nail Featuring Sarah Buxton,35,17,Gains In Performance
2011-06-11,37,Mr. Bartender,Bradley Gaskin,38,11,Gains In Performance
2011-06-11,38,"1,000 Faces",Randy Montana,37,20,Gains In Performance
2011-06-11,39,Wanna Take You Home,Gloriana,41,12,Gains In Performance
2011-06-11,40,Amen,Edens Edge,44,10,Gains In Performance
2011-06-11,41,Shotgun Girl,The JaneDear Girls,39,15,
2011-06-11,42,I Got Nothin',Darius Rucker,54,2,Gains In Performance
2011-06-11,43,When Love Gets A Hold Of You,Reba,43,7,Gains In Performance
2011-06-11,44,Generation Love,Jennette McCurdy,45,5,Gains In Performance
2011-06-11,45,The Reason Why,Little Big Town,42,13,
2011-06-11,46,Didn't I,James Wesley,46,7,Gains In Performance
2011-06-11,47,Storm Warning,Hunter Hayes,47,5,Gains In Performance
2011-06-11,48,Staying's Worse Than Leaving,Sunny Sweeney,48,5,Gains In Performance
2011-06-11,49,Like My Mother Does,Lauren Alaina,NEW,1,Gains In Performance
2011-06-11,50,"Oh, Tonight",Josh Abbott Band Featuring Kacey Musgraves,53,8,Gains In Performance
2011-06-11,51,Mary Was The Marrying Kind,Kip Moore,49,11,Gains In Performance
2011-06-11,52,Take It Off,Joe Nichols,60,2,Gains In Performance
2011-06-11,53,Collide,Kid Rock Featuring Sheryl Crow & Bob Seger,52,5,Gains In Performance
2011-06-11,54,Country Boy,Aaron Lewis Featuring George Jones & Charlie Daniels,50,17,
2011-06-11,55,Stay Up Late,Heidi Newfield,51,9,
2011-06-11,56,Let's Get Together,Phil Vassar,55,2,Gains In Performance
2011-06-11,57,Twenty-One,Corey Smith,57,3,Gains In Performance
2011-06-11,58,One More Drinkin' Song,Jerrod Niemann,RE,2,Gains In Performance
2011-06-11,59,Ferris Wheel,Jason Jones,NEW,1,Gains In Performance
2011-06-11,60,I'm Doing Alright,Jacob Lyda,56,6,
2011-06-18,1,Without You,Keith Urban,2,18,Gains In Performance
2011-06-18,2,Old Alabama,Brad Paisley Featuring Alabama,1,13,
2011-06-18,3,Honey Bee,Blake Shelton,5,9,Gains In Performance
2011-06-18,4,Mean,Taylor Swift,4,14,Gains In Performance
2011-06-18,5,You Lie,The Band Perry,6,26,Gains In Performance
2011-06-18,6,Tomorrow,Chris Young,9,17,Gains In Performance
2011-06-18,7,If Heaven Wasn't So Far Away,Justin Moore,8,17,Gains In Performance
2011-06-18,8,I Won't Let Go,Rascal Flatts,3,22,
2011-06-18,9,Dirt Road Anthem,Jason Aldean,11,20,Gains In Performance
2011-06-18,10,Bleed Red,Ronnie Dunn,10,18,Gains In Performance
2011-06-18,11,Just A Kiss,Lady Antebellum,15,5,Gains In Performance
2011-06-18,12,Somewhere Else,Toby Keith,12,16,Gains In Performance
2011-06-18,13,Country Girl (Shake It For Me),Luke Bryan,13,12,Gains In Performance
2011-06-18,14,Knee Deep,Zac Brown Band Featuring Jimmy Buffett,16,8,Gains In Performance
2011-06-18,15,Am I The Only One,Dierks Bentley,14,11,Gains In Performance
2011-06-18,16,You And Tequila,Kenny Chesney Featuring Grace Potter,21,5,Gains In Performance
2011-06-18,17,Homeboy,Eric Church,18,16,Gains In Performance
2011-06-18,18,Teenage Daughters,Martina McBride,17,12,Gains In Performance
2011-06-18,19,Just Fishin',Trace Adkins,20,11,Gains In Performance
2011-06-18,20,Barefoot Blue Jean Night,Jake Owen,23,11,Gains In Performance
2011-06-18,21,I Wouldn't Be A Man,Josh Turner,22,32,Gains In Performance
2011-06-18,22,Crazy Girl,Eli Young Band,25,16,Gains In Performance
2011-06-18,23,Take A Back Road,Rodney Atkins,28,7,Gains In Performance
2011-06-18,24,Love Done Gone,Billy Currington,27,8,Gains In Performance
2011-06-18,25,Won't Be Lonely Long,Josh Thompson,26,28,Gains In Performance
2011-06-18,26,Remind Me,Brad Paisley Duet With Carrie Underwood,30,3,Gains In Performance
2011-06-18,27,Love Don't Run,Steve Holy,29,22,Gains In Performance
2011-06-18,28,I Love You This Big,Scotty McCreery,32,2,Gains In Performance
2011-06-18,29,Country Must Be Country Wide,Brantley Gilbert,31,9,Gains In Performance
2011-06-18,30,I Got You,Thompson Square,34,4,Gains In Performance
2011-06-18,31,A Buncha Girls,Frankie Ballard,33,16,Gains In Performance
2011-06-18,32,Tonight,Sugarland,35,7,Gains In Performance
2011-06-18,33,Let It Rain,David Nail Featuring Sarah Buxton,36,18,Gains In Performance
2011-06-18,34,I Got Nothin',Darius Rucker,42,3,Gains In Performance
2011-06-18,35,Mr. Bartender,Bradley Gaskin,37,12,Gains In Performance
2011-06-18,36,Shotgun Girl,The JaneDear Girls,41,16,Gains In Performance
2011-06-18,37,"1,000 Faces",Randy Montana,38,21,Gains In Performance
2011-06-18,38,Wanna Take You Home,Gloriana,39,13,Gains In Performance
2011-06-18,39,Amen,Edens Edge,40,11,Gains In Performance
2011-06-18,40,When Love Gets A Hold Of You,Reba,43,8,Gains In Performance
2011-06-18,41,Take It Off,Joe Nichols,52,3,Gains In Performance
2011-06-18,42,Storm Warning,Hunter Hayes,47,6,Gains In Performance
2011-06-18,43,Like My Mother Does,Lauren Alaina,49,2,Gains In Performance
2011-06-18,44,Didn't I,James Wesley,46,8,Gains In Performance
2011-06-18,45,The Reason Why,Little Big Town,45,14,
2011-06-18,46,Generation Love,Jennette McCurdy,44,6,
2011-06-18,47,"Oh, Tonight",Josh Abbott Band Featuring Kacey Musgraves,50,9,Gains In Performance
2011-06-18,48,One More Drinkin' Song,Jerrod Niemann,58,3,Gains In Performance
2011-06-18,49,Mary Was The Marrying Kind,Kip Moore,51,12,Gains In Performance
2011-06-18,50,Staying's Worse Than Leaving,Sunny Sweeney,48,6,Gains In Performance
2011-06-18,51,Collide,Kid Rock Featuring Sheryl Crow & Bob Seger,53,6,Gains In Performance
2011-06-18,52,Let's Get Together,Phil Vassar,56,3,Gains In Performance
2011-06-18,53,Fish,Craig Campbell,NEW,1,Highest ranking debut|Gains In Performance
2011-06-18,54,My Heart Can't Tell You No,Sara Evans,NEW,1,Gains In Performance
2011-06-18,55,Stay Up Late,Heidi Newfield,55,10,
2011-06-18,56,Fake ID,Big & Rich Featuring Gretchen Wilson,NEW,1,Gains In Performance
2011-06-18,57,Country Boy,Aaron Lewis Featuring George Jones & Charlie Daniels,54,18,
2011-06-18,58,A Place To Shine,The Lunabelles,NEW,1,Gains In Performance
2011-06-18,59,Tough,Kellie Pickler,NEW,1,Gains In Performance
2011-06-18,60,Twenty-One,Corey Smith,57,4,
2011-06-25,1,Honey Bee,Blake Shelton,3,10,Gains In Performance
2011-06-25,2,Mean,Taylor Swift,4,15,Gains In Performance
2011-06-25,3,Without You,Keith Urban,1,19,
2011-06-25,4,You Lie,The Band Perry,5,27,Gains In Performance
2011-06-25,5,If Heaven Wasn't So Far Away,Justin Moore,7,18,Gains In Performance
2011-06-25,6,Old Alabama,Brad Paisley Featuring Alabama,2,14,
2011-06-25,7,Tomorrow,Chris Young,6,18,Gains In Performance
2011-06-25,8,Dirt Road Anthem,Jason Aldean,9,21,Gains In Performance
2011-06-25,9,Just A Kiss,Lady Antebellum,11,6,Gains In Performance
2011-06-25,10,Knee Deep,Zac Brown Band Featuring Jimmy Buffett,14,9,Gains In Performance
2011-06-25,11,Am I The Only One,Dierks Bentley,15,12,Gains In Performance
2011-06-25,12,Country Girl (Shake It For Me),Luke Bryan,13,13,Gains In Performance
2011-06-25,13,Somewhere Else,Toby Keith,12,17,
2011-06-25,14,Bleed Red,Ronnie Dunn,10,19,
2011-06-25,15,You And Tequila,Kenny Chesney Featuring Grace Potter,16,6,Gains In Performance
2011-06-25,16,Homeboy,Eric Church,17,17,Gains In Performance
2011-06-25,17,Barefoot Blue Jean Night,Jake Owen,20,12,Gains In Performance
2011-06-25,18,Just Fishin',Trace Adkins,19,12,Gains In Performance
2011-06-25,19,Teenage Daughters,Martina McBride,18,13,
2011-06-25,20,I Wouldn't Be A Man,Josh Turner,21,33,Gains In Performance
2011-06-25,21,Remind Me,Brad Paisley Duet With Carrie Underwood,26,4,Greatest gainer this week|Gains In Performance
2011-06-25,22,Crazy Girl,Eli Young Band,22,17,Gains In Performance
2011-06-25,23,Love Done Gone,Billy Currington,24,9,Gains In Performance
2011-06-25,24,Take A Back Road,Rodney Atkins,23,8,Gains In Performance
2011-06-25,25,I Love You This Big,Scotty McCreery,28,3,Gains In Performance
2011-06-25,26,Love Don't Run,Steve Holy,27,23,Gains In Performance
2011-06-25,27,I Got You,Thompson Square,30,5,Gains In Performance
2011-06-25,28,Country Must Be Country Wide,Brantley Gilbert,29,10,Gains In Performance
2011-06-25,29,Here For A Good Time,George Strait,NEW,1,Highest ranking debut|Gains In Performance
2011-06-25,30,A Buncha Girls,Frankie Ballard,31,17,Gains In Performance
2011-06-25,31,Let It Rain,David Nail Featuring Sarah Buxton,33,19,Gains In Performance
2011-06-25,32,I Got Nothin',Darius Rucker,34,4,Gains In Performance
2011-06-25,33,Tonight,Sugarland,32,8,
2011-06-25,34,One More Drinkin' Song,Jerrod Niemann,48,4,Gains In Performance
2011-06-25,35,Mr. Bartender,Bradley Gaskin,35,13,Gains In Performance
2011-06-25,36,Wanna Take You Home,Gloriana,38,14,Gains In Performance
2011-06-25,37,Shotgun Girl,The JaneDear Girls,36,17,Gains In Performance
2011-06-25,38,Amen,Edens Edge,39,12,Gains In Performance
2011-06-25,39,Made In America,Toby Keith,NEW,1,Gains In Performance
2011-06-25,40,Take It Off,Joe Nichols,41,4,Gains In Performance
2011-06-25,41,"1,000 Faces",Randy Montana,37,22,
2011-06-25,42,When Love Gets A Hold Of You,Reba,40,9,Gains In Performance
2011-06-25,43,Didn't I,James Wesley,44,9,Gains In Performance
2011-06-25,44,Storm Warning,Hunter Hayes,42,7,Gains In Performance
2011-06-25,45,Like My Mother Does,Lauren Alaina,43,3,Gains In Performance
2011-06-25,46,Fish,Craig Campbell,53,2,Gains In Performance
2011-06-25,47,"Oh, Tonight",Josh Abbott Band Featuring Kacey Musgraves,47,10,Gains In Performance
2011-06-25,48,Staying's Worse Than Leaving,Sunny Sweeney,50,7,Gains In Performance
2011-06-25,49,My Heart Can't Tell You No,Sara Evans,54,2,Gains In Performance
2011-06-25,50,Mary Was The Marrying Kind,Kip Moore,49,13,
2011-06-25,51,Let's Get Together,Phil Vassar,52,4,Gains In Performance
2011-06-25,52,Collide,Kid Rock Featuring Sheryl Crow & Bob Seger,51,7,Gains In Performance
2011-06-25,53,Tough,Kellie Pickler,59,2,Gains In Performance
2011-06-25,54,Generation Love,Jennette McCurdy,46,7,
2011-06-25,55,Fake ID,Big & Rich Featuring Gretchen Wilson,56,2,Gains In Performance
2011-06-25,56,Cost Of Livin',Ronnie Dunn,NEW,1,Gains In Performance
2011-06-25,57,A Place To Shine,The Lunabelles,58,2,Gains In Performance
2011-06-25,58,Twenty-One,Corey Smith,60,5,Gains In Performance
2011-06-25,59,Paper Heart,Stealing Angels,RE,2,Gains In Performance
2011-06-25,60,North Country,Rocket Club,NEW,1,
2011-07-02,1,Honey Bee,Blake Shelton,1,11,Gains In Performance
2011-07-02,2,Mean,Taylor Swift,2,16,Gains In Performance
2011-07-02,3,You Lie,The Band Perry,4,28,Gains In Performance
2011-07-02,4,If Heaven Wasn't So Far Away,Justin Moore,5,19,Gains In Performance
2011-07-02,5,Tomorrow,Chris Young,7,19,Gains In Performance
2011-07-02,6,Dirt Road Anthem,Jason Aldean,8,22,Gains In Performance
2011-07-02,7,Without You,Keith Urban,3,20,
2011-07-02,8,Just A Kiss,Lady Antebellum,9,7,Gains In Performance
2011-07-02,9,Knee Deep,Zac Brown Band Featuring Jimmy Buffett,10,10,Gains In Performance
2011-07-02,10,Old Alabama,Brad Paisley Featuring Alabama,6,15,
2011-07-02,11,Am I The Only One,Dierks Bentley,11,13,Gains In Performance
2011-07-02,12,Country Girl (Shake It For Me),Luke Bryan,12,14,Gains In Performance
2011-07-02,13,You And Tequila,Kenny Chesney Featuring Grace Potter,15,7,Gains In Performance
2011-07-02,14,Barefoot Blue Jean Night,Jake Owen,17,13,Gains In Performance
2011-07-02,15,Just Fishin',Trace Adkins,18,13,Gains In Performance
2011-07-02,16,Homeboy,Eric Church,16,18,Gains In Performance
2011-07-02,17,Remind Me,Brad Paisley Duet With Carrie Underwood,21,5,Gains In Performance
2011-07-02,18,Teenage Daughters,Martina McBride,19,14,Gains In Performance
2011-07-02,19,I Wouldn't Be A Man,Josh Turner,20,34,Gains In Performance
2011-07-02,20,Crazy Girl,Eli Young Band,22,18,Gains In Performance
2011-07-02,21,Take A Back Road,Rodney Atkins,24,9,Gains In Performance
2011-07-02,22,I Love You This Big,Scotty McCreery,25,4,Gains In Performance
2011-07-02,23,Love Done Gone,Billy Currington,23,10,Gains In Performance
2011-07-02,24,Somewhere Else,Toby Keith,13,18,
2011-07-02,25,Here For A Good Time,George Strait,29,2,Gains In Performance
2011-07-02,26,Bleed Red,Ronnie Dunn,14,20,
2011-07-02,27,Love Don't Run,Steve Holy,26,24,Gains In Performance
2011-07-02,28,I Got You,Thompson Square,27,6,Gains In Performance
2011-07-02,29,Made In America,Toby Keith,39,2,Gains In Performance
2011-07-02,30,Country Must Be Country Wide,Brantley Gilbert,28,11,Gains In Performance
2011-07-02,31,I Got Nothin',Darius Rucker,32,5,Gains In Performance
2011-07-02,32,A Buncha Girls,Frankie Ballard,30,18,Gains In Performance
2011-07-02,33,One More Drinkin' Song,Jerrod Niemann,34,5,Gains In Performance
2011-07-02,34,Let It Rain,David Nail Featuring Sarah Buxton,31,20,Gains In Performance
2011-07-02,35,Wanna Take You Home,Gloriana,36,15,Gains In Performance
2011-07-02,36,Mr. Bartender,Bradley Gaskin,35,14,Gains In Performance
2011-07-02,37,Amen,Edens Edge,38,13,Gains In Performance
2011-07-02,38,Fish,Craig Campbell,46,3,Gains In Performance
2011-07-02,39,Shotgun Girl,The JaneDear Girls,37,18,Gains In Performance
2011-07-02,40,Today Is Your Day,Shania Twain,NEW,1,Highest ranking debut|Gains In Performance
2011-07-02,41,Take It Off,Joe Nichols,40,5,Gains In Performance
2011-07-02,42,Tonight,Sugarland,33,9,
2011-07-02,43,Didn't I,James Wesley,43,10,Gains In Performance
2011-07-02,44,Storm Warning,Hunter Hayes,44,8,Gains In Performance
2011-07-02,45,When Love Gets A Hold Of You,Reba,42,10,
2011-07-02,46,Like My Mother Does,Lauren Alaina,45,4,Gains In Performance
2011-07-02,47,Tough,Kellie Pickler,53,3,Gains In Performance
2011-07-02,48,Cost Of Livin',Ronnie Dunn,56,2,Gains In Performance
2011-07-02,49,Staying's Worse Than Leaving,Sunny Sweeney,48,8,Gains In Performance
2011-07-02,50,Mary Was The Marrying Kind,Kip Moore,50,14,Gains In Performance
2011-07-02,51,My Heart Can't Tell You No,Sara Evans,49,3,Gains In Performance
2011-07-02,52,"Oh, Tonight",Josh Abbott Band Featuring Kacey Musgraves,47,11,
2011-07-02,53,Long Way To Go,Alan Jackson,NEW,1,Gains In Performance
2011-07-02,54,Let's Get Together,Phil Vassar,51,5,
2011-07-02,55,Fake ID,Big & Rich Featuring Gretchen Wilson,55,3,Gains In Performance
2011-07-02,56,Collide,Kid Rock Featuring Sheryl Crow & Bob Seger,52,8,
2011-07-02,57,A Place To Shine,The Lunabelles,57,3,Gains In Performance
2011-07-02,58,Country Boy,Aaron Lewis Featuring George Jones & Charlie Daniels,RE,19,Gains In Performance
2011-07-02,59,Twenty-One,Corey Smith,58,6,Gains In Performance
2011-07-02,60,I'm Doing Alright,Jacob Lyda,RE,7,Gains In Performance
2011-07-09,1,Honey Bee,Blake Shelton,1,12,Gains In Performance
2011-07-09,2,Mean,Taylor Swift,2,17,Gains In Performance
2011-07-09,3,You Lie,The Band Perry,3,29,Gains In Performance
2011-07-09,4,Tomorrow,Chris Young,5,20,Gains In Performance
2011-07-09,5,If Heaven Wasn't So Far Away,Justin Moore,4,20,Gains In Performance
2011-07-09,6,Dirt Road Anthem,Jason Aldean,6,23,Gains In Performance
2011-07-09,7,Just A Kiss,Lady Antebellum,8,8,Gains In Performance
2011-07-09,8,Knee Deep,Zac Brown Band Featuring Jimmy Buffett,9,11,Gains In Performance
2011-07-09,9,Am I The Only One,Dierks Bentley,11,14,Gains In Performance
2011-07-09,10,Country Girl (Shake It For Me),Luke Bryan,12,15,Gains In Performance
2011-07-09,11,You And Tequila,Kenny Chesney Featuring Grace Potter,13,8,Gains In Performance
2011-07-09,12,Remind Me,Brad Paisley Duet With Carrie Underwood,17,6,Greatest gainer this week|Gains In Performance
2011-07-09,13,Barefoot Blue Jean Night,Jake Owen,14,14,Gains In Performance
2011-07-09,14,Just Fishin',Trace Adkins,15,14,Gains In Performance
2011-07-09,15,Homeboy,Eric Church,16,19,Gains In Performance
2011-07-09,16,Crazy Girl,Eli Young Band,20,19,Gains In Performance
2011-07-09,17,I Love You This Big,Scotty McCreery,22,5,Gains In Performance
2011-07-09,18,I Wouldn't Be A Man,Josh Turner,19,35,Gains In Performance
2011-07-09,19,Love Done Gone,Billy Currington,23,11,Gains In Performance
2011-07-09,20,Here For A Good Time,George Strait,25,3,Gains In Performance
2011-07-09,21,Take A Back Road,Rodney Atkins,21,10,Gains In Performance
2011-07-09,22,Teenage Daughters,Martina McBride,18,15,
2011-07-09,23,Made In America,Toby Keith,29,3,Gains In Performance
2011-07-09,24,I Got You,Thompson Square,28,7,Gains In Performance
2011-07-09,25,Love Don't Run,Steve Holy,27,25,Gains In Performance
2011-07-09,26,Country Must Be Country Wide,Brantley Gilbert,30,12,Gains In Performance
2011-07-09,27,One More Drinkin' Song,Jerrod Niemann,33,6,Gains In Performance
2011-07-09,28,I Got Nothin',Darius Rucker,31,6,Gains In Performance
2011-07-09,29,A Buncha Girls,Frankie Ballard,32,19,Gains In Performance
2011-07-09,30,Let It Rain,David Nail Featuring Sarah Buxton,34,21,Gains In Performance
2011-07-09,31,Cost Of Livin',Ronnie Dunn,48,3,Gains In Performance
2011-07-09,32,Mr. Bartender,Bradley Gaskin,36,15,Gains In Performance
2011-07-09,33,Amen,Edens Edge,37,14,Gains In Performance
2011-07-09,34,Take It Off,Joe Nichols,41,6,Gains In Performance
2011-07-09,35,Fish,Craig Campbell,38,4,Gains In Performance
2011-07-09,36,Wanna Take You Home,Gloriana,35,16,
2011-07-09,37,Shotgun Girl,The JaneDear Girls,39,19,Gains In Performance
2011-07-09,38,Today Is Your Day,Shania Twain,40,2,
2011-07-09,39,Didn't I,James Wesley,43,11,Gains In Performance
2011-07-09,40,Tough,Kellie Pickler,47,4,Gains In Performance
2011-07-09,41,Long Hot Summer,Keith Urban,NEW,1,Highest ranking debut|Gains In Performance
2011-07-09,42,Storm Warning,Hunter Hayes,44,9,Gains In Performance
2011-07-09,43,Long Way To Go,Alan Jackson,53,2,Gains In Performance
2011-07-09,44,Staying's Worse Than Leaving,Sunny Sweeney,49,9,Gains In Performance
2011-07-09,45,Like My Mother Does,Lauren Alaina,46,5,Gains In Performance
2011-07-09,46,My Heart Can't Tell You No,Sara Evans,51,4,Gains In Performance
2011-07-09,47,When Love Gets A Hold Of You,Reba,45,11,
2011-07-09,48,Mary Was The Marrying Kind,Kip Moore,50,15,Gains In Performance
2011-07-09,49,Let's Get Together,Phil Vassar,54,6,Gains In Performance
2011-07-09,50,"Oh, Tonight",Josh Abbott Band Featuring Kacey Musgraves,52,12,
2011-07-09,51,Fake ID,Big & Rich Featuring Gretchen Wilson,55,4,Gains In Performance
2011-07-09,52,Easy,Rascal Flatts Featuring Natasha Bedingfield,NEW,1,Gains In Performance
2011-07-09,53,I'm Doing Alright,Jacob Lyda,60,8,Gains In Performance
2011-07-09,54,A Place To Shine,The Lunabelles,57,4,Gains In Performance
2011-07-09,55,Collide,Kid Rock Featuring Sheryl Crow & Bob Seger,56,9,
2011-07-09,56,You Got Me,LoCash Cowboys,NEW,1,Gains In Performance
2011-07-09,57,Hunt You Down,JT Hodges,NEW,1,Gains In Performance
2011-07-09,58,Twenty-One,Corey Smith,59,7,
2011-07-09,59,North Country,Rocket Club,RE,2,Gains In Performance
2011-07-09,60,Gone Like That,Josh Kelley,NEW,1,Gains In Performance
2011-07-16,1,Honey Bee,Blake Shelton,1,13,Gains In Performance
2011-07-16,2,You Lie,The Band Perry,3,30,Gains In Performance
2011-07-16,3,If Heaven Wasn't So Far Away,Justin Moore,5,21,Gains In Performance
2011-07-16,4,Dirt Road Anthem,Jason Aldean,6,24,Gains In Performance
2011-07-16,5,Tomorrow,Chris Young,4,21,Gains In Performance
2011-07-16,6,Mean,Taylor Swift,2,18,
2011-07-16,7,Just A Kiss,Lady Antebellum,7,9,Gains In Performance
2011-07-16,8,Knee Deep,Zac Brown Band Featuring Jimmy Buffett,8,12,Gains In Performance
2011-07-16,9,Am I The Only One,Dierks Bentley,9,15,Gains In Performance
2011-07-16,10,Country Girl (Shake It For Me),Luke Bryan,10,16,Gains In Performance
2011-07-16,11,You And Tequila,Kenny Chesney Featuring Grace Potter,11,9,Gains In Performance
2011-07-16,12,Barefoot Blue Jean Night,Jake Owen,13,15,Gains In Performance
2011-07-16,13,Remind Me,Brad Paisley Duet With Carrie Underwood,12,7,Gains In Performance
2011-07-16,14,Just Fishin',Trace Adkins,14,15,Gains In Performance
2011-07-16,15,Homeboy,Eric Church,15,20,Gains In Performance
2011-07-16,16,Love Done Gone,Billy Currington,19,12,Gains In Performance
2011-07-16,17,Crazy Girl,Eli Young Band,16,20,Gains In Performance
2011-07-16,18,Take A Back Road,Rodney Atkins,21,11,Gains In Performance
2011-07-16,19,I Love You This Big,Scotty McCreery,17,6,Gains In Performance
2011-07-16,20,Here For A Good Time,George Strait,20,4,Gains In Performance
2011-07-16,21,I Wouldn't Be A Man,Josh Turner,18,36,Gains In Performance
2011-07-16,22,Made In America,Toby Keith,23,4,Gains In Performance
2011-07-16,23,I Got You,Thompson Square,24,8,Gains In Performance
2011-07-16,24,Love Don't Run,Steve Holy,25,26,Gains In Performance
2011-07-16,25,Country Must Be Country Wide,Brantley Gilbert,26,13,Gains In Performance
2011-07-16,26,Long Hot Summer,Keith Urban,41,2,Gains In Performance
2011-07-16,27,One More Drinkin' Song,Jerrod Niemann,27,7,Gains In Performance
2011-07-16,28,I Got Nothin',Darius Rucker,28,7,Gains In Performance
2011-07-16,29,Teenage Daughters,Martina McBride,22,16,
2011-07-16,30,A Buncha Girls,Frankie Ballard,29,20,Gains In Performance
2011-07-16,31,Let It Rain,David Nail Featuring Sarah Buxton,30,22,Gains In Performance
2011-07-16,32,Cost Of Livin',Ronnie Dunn,31,4,Gains In Performance
2011-07-16,33,Take It Off,Joe Nichols,34,7,Gains In Performance
2011-07-16,34,Mr. Bartender,Bradley Gaskin,32,16,Gains In Performance
2011-07-16,35,Fish,Craig Campbell,35,5,Gains In Performance
2011-07-16,36,Today Is Your Day,Shania Twain,38,3,Gains In Performance
2011-07-16,37,Amen,Edens Edge,33,15,Gains In Performance
2011-07-16,38,Wanna Take You Home,Gloriana,36,17,Gains In Performance
2011-07-16,39,Shotgun Girl,The JaneDear Girls,37,20,Gains In Performance
2011-07-16,40,Tough,Kellie Pickler,40,5,Gains In Performance
2011-07-16,41,Didn't I,James Wesley,39,12,Gains In Performance
2011-07-16,42,Storm Warning,Hunter Hayes,42,10,Gains In Performance
2011-07-16,43,Long Way To Go,Alan Jackson,43,3,Gains In Performance
2011-07-16,44,My Heart Can't Tell You No,Sara Evans,46,5,Gains In Performance
2011-07-16,45,Staying's Worse Than Leaving,Sunny Sweeney,44,10,Gains In Performance
2011-07-16,46,Mary Was The Marrying Kind,Kip Moore,48,16,Gains In Performance
2011-07-16,47,Like My Mother Does,Lauren Alaina,45,6,Gains In Performance
2011-07-16,48,Easy,Rascal Flatts Featuring Natasha Bedingfield,52,2,Gains In Performance
2011-07-16,49,"Oh, Tonight",Josh Abbott Band Featuring Kacey Musgraves,50,13,Gains In Performance
2011-07-16,50,Let's Get Together,Phil Vassar,49,7,
2011-07-16,51,Fake ID,Big & Rich Featuring Gretchen Wilson,51,5,Gains In Performance
2011-07-16,52,A Place To Shine,The Lunabelles,54,5,Gains In Performance
2011-07-16,53,Hunt You Down,JT Hodges,57,2,Gains In Performance
2011-07-16,54,Ferris Wheel,Jason Jones,RE,2,Gains In Performance
2011-07-16,55,Twenty-One,Corey Smith,58,8,Gains In Performance
2011-07-16,56,I'm Doing Alright,Jacob Lyda,53,9,
2011-07-16,57,Gone Like That,Josh Kelley,60,2,
2011-07-16,58,North Country,Rocket Club,59,3,
2011-07-16,59,You Got Me,LoCash Cowboys,56,2,
2011-07-16,60,Give,LeAnn Rimes,NEW,1,Highest ranking debut|Gains In Performance
2011-07-23,1,If Heaven Wasn't So Far Away,Justin Moore,3,22,Gains In Performance
2011-07-23,2,Honey Bee,Blake Shelton,1,14,
2011-07-23,3,Dirt Road Anthem,Jason Aldean,4,25,Gains In Performance
2011-07-23,4,Tomorrow,Chris Young,5,22,Gains In Performance
2011-07-23,5,Knee Deep,Zac Brown Band Featuring Jimmy Buffett,8,13,Gains In Performance
2011-07-23,6,Just A Kiss,Lady Antebellum,7,10,Gains In Performance
2011-07-23,7,You Lie,The Band Perry,2,31,
2011-07-23,8,Am I The Only One,Dierks Bentley,9,16,Gains In Performance
2011-07-23,9,Mean,Taylor Swift,6,19,
2011-07-23,10,Country Girl (Shake It For Me),Luke Bryan,10,17,Gains In Performance
2011-07-23,11,You And Tequila,Kenny Chesney Featuring Grace Potter,11,10,Gains In Performance
2011-07-23,12,Remind Me,Brad Paisley Duet With Carrie Underwood,13,8,Gains In Performance
2011-07-23,13,Barefoot Blue Jean Night,Jake Owen,12,16,Gains In Performance
2011-07-23,14,Just Fishin',Trace Adkins,14,16,Gains In Performance
2011-07-23,15,Homeboy,Eric Church,15,21,Gains In Performance
2011-07-23,16,Love Done Gone,Billy Currington,16,13,Gains In Performance
2011-07-23,17,Made In America,Toby Keith,22,5,Gains In Performance
2011-07-23,18,Here For A Good Time,George Strait,20,5,Gains In Performance
2011-07-23,19,Take A Back Road,Rodney Atkins,18,12,Gains In Performance
2011-07-23,20,I Love You This Big,Scotty McCreery,19,7,Gains In Performance
2011-07-23,21,Crazy Girl,Eli Young Band,17,21,Gains In Performance
2011-07-23,22,Long Hot Summer,Keith Urban,26,3,Greatest gainer this week|Gains In Performance
2011-07-23,23,I Got You,Thompson Square,23,9,Gains In Performance
2011-07-23,24,Country Must Be Country Wide,Brantley Gilbert,25,14,Gains In Performance
2011-07-23,25,One More Drinkin' Song,Jerrod Niemann,27,8,Gains In Performance
2011-07-23,26,Love Don't Run,Steve Holy,24,27,
2011-07-23,27,I Got Nothin',Darius Rucker,28,8,Gains In Performance
2011-07-23,28,A Buncha Girls,Frankie Ballard,30,21,Gains In Performance
2011-07-23,29,Cost Of Livin',Ronnie Dunn,32,5,Gains In Performance
2011-07-23,30,Let It Rain,David Nail Featuring Sarah Buxton,31,23,Gains In Performance
2011-07-23,31,Fish,Craig Campbell,35,6,Gains In Performance
2011-07-23,32,Take It Off,Joe Nichols,33,8,Gains In Performance
2011-07-23,33,Tough,Kellie Pickler,40,6,Gains In Performance
2011-07-23,34,Mr. Bartender,Bradley Gaskin,34,17,Gains In Performance
2011-07-23,35,Didn't I,James Wesley,41,13,Gains In Performance
2011-07-23,36,Amen,Edens Edge,37,16,Gains In Performance
2011-07-23,37,Today Is Your Day,Shania Twain,36,4,
2011-07-23,38,Shotgun Girl,The JaneDear Girls,39,21,Gains In Performance
2011-07-23,39,Wanna Take You Home,Gloriana,38,18,
2011-07-23,40,Storm Warning,Hunter Hayes,42,11,Gains In Performance
2011-07-23,41,My Heart Can't Tell You No,Sara Evans,44,6,Gains In Performance
2011-07-23,42,Long Way To Go,Alan Jackson,43,4,Gains In Performance
2011-07-23,43,Staying's Worse Than Leaving,Sunny Sweeney,45,11,Gains In Performance
2011-07-23,44,Easy,Rascal Flatts Featuring Natasha Bedingfield,48,3,Gains In Performance
2011-07-23,45,Mary Was The Marrying Kind,Kip Moore,46,17,Gains In Performance
2011-07-23,46,Let's Get Together,Phil Vassar,50,8,Gains In Performance
2011-07-23,47,Like My Mother Does,Lauren Alaina,47,7,
2011-07-23,48,"Oh, Tonight",Josh Abbott Band Featuring Kacey Musgraves,49,14,Gains In Performance
2011-07-23,49,Sparks Fly,Taylor Swift,NEW,1,Highest ranking debut|Gains In Performance
2011-07-23,50,Fake ID,Big & Rich Featuring Gretchen Wilson,51,6,
2011-07-23,51,Hunt You Down,JT Hodges,53,3,Gains In Performance
2011-07-23,52,A Place To Shine,The Lunabelles,52,6,
2011-07-23,53,Ferris Wheel,Jason Jones,54,3,
2011-07-23,54,Gone Like That,Josh Kelley,57,3,Gains In Performance
2011-07-23,55,Give,LeAnn Rimes,60,2,Gains In Performance
2011-07-23,56,God Gave Me You,Blake Shelton,NEW,1,Gains In Performance
2011-07-23,57,Twenty-One,Corey Smith,55,9,
2011-07-23,58,You Got Me,LoCash Cowboys,59,3,Gains In Performance
2011-07-23,59,I'm Doing Alright,Jacob Lyda,56,10,
2011-07-23,60,North Country,Rocket Club,58,4,
2011-07-30,1,Dirt Road Anthem,Jason Aldean,3,26,Gains In Performance
2011-07-30,2,Tomorrow,Chris Young,4,23,Gains In Performance
2011-07-30,3,Honey Bee,Blake Shelton,2,15,
2011-07-30,4,Knee Deep,Zac Brown Band Featuring Jimmy Buffett,5,14,Gains In Performance
2011-07-30,5,If Heaven Wasn't So Far Away,Justin Moore,1,23,
2011-07-30,6,Just A Kiss,Lady Antebellum,6,11,Gains In Performance
2011-07-30,7,Am I The Only One,Dierks Bentley,8,17,Gains In Performance
2011-07-30,8,Country Girl (Shake It For Me),Luke Bryan,10,18,Gains In Performance
2011-07-30,9,Remind Me,Brad Paisley Duet With Carrie Underwood,12,9,Gains In Performance
2011-07-30,10,You And Tequila,Kenny Chesney Featuring Grace Potter,11,11,Gains In Performance
2011-07-30,11,Barefoot Blue Jean Night,Jake Owen,13,17,Gains In Performance
2011-07-30,12,Just Fishin',Trace Adkins,14,17,Gains In Performance
2011-07-30,13,Homeboy,Eric Church,15,22,Gains In Performance
2011-07-30,14,Here For A Good Time,George Strait,18,6,Gains In Performance
2011-07-30,15,Love Done Gone,Billy Currington,16,14,Gains In Performance
2011-07-30,16,Made In America,Toby Keith,17,6,Gains In Performance
2011-07-30,17,Take A Back Road,Rodney Atkins,19,13,Gains In Performance
2011-07-30,18,I Love You This Big,Scotty McCreery,20,8,Gains In Performance
2011-07-30,19,Crazy Girl,Eli Young Band,21,22,Gains In Performance
2011-07-30,20,Long Hot Summer,Keith Urban,22,4,Gains In Performance
2011-07-30,21,I Got You,Thompson Square,23,10,Gains In Performance
2011-07-30,22,Country Must Be Country Wide,Brantley Gilbert,24,15,Gains In Performance
2011-07-30,23,One More Drinkin' Song,Jerrod Niemann,25,9,Gains In Performance
2011-07-30,24,Love Don't Run,Steve Holy,26,28,Gains In Performance
2011-07-30,25,I Got Nothin',Darius Rucker,27,9,Gains In Performance
2011-07-30,26,Cost Of Livin',Ronnie Dunn,29,6,Gains In Performance
2011-07-30,27,A Buncha Girls,Frankie Ballard,28,22,
2011-07-30,28,Let It Rain,David Nail Featuring Sarah Buxton,30,24,Gains In Performance
2011-07-30,29,Fish,Craig Campbell,31,7,Gains In Performance
2011-07-30,30,Take It Off,Joe Nichols,32,9,Gains In Performance
2011-07-30,31,God Gave Me You,Blake Shelton,56,2,Gains In Performance
2011-07-30,32,Amen,Edens Edge,36,17,Gains In Performance
2011-07-30,33,Mr. Bartender,Bradley Gaskin,34,18,Gains In Performance
2011-07-30,34,Tough,Kellie Pickler,33,7,
2011-07-30,35,Didn't I,James Wesley,35,14,Gains In Performance
2011-07-30,36,Easy,Rascal Flatts Featuring Natasha Bedingfield,44,4,Gains In Performance
2011-07-30,37,Wanna Take You Home,Gloriana,39,19,Gains In Performance
2011-07-30,38,Storm Warning,Hunter Hayes,40,12,Gains In Performance
2011-07-30,39,Sparks Fly,Taylor Swift,49,2,Gains In Performance
2011-07-30,40,My Heart Can't Tell You No,Sara Evans,41,7,Gains In Performance
2011-07-30,41,Today Is Your Day,Shania Twain,37,5,
2011-07-30,42,Long Way To Go,Alan Jackson,42,5,Gains In Performance
2011-07-30,43,Staying's Worse Than Leaving,Sunny Sweeney,43,12,Gains In Performance
2011-07-30,44,Let's Get Together,Phil Vassar,46,9,Gains In Performance
2011-07-30,45,Like My Mother Does,Lauren Alaina,47,8,
2011-07-30,46,"Oh, Tonight",Josh Abbott Band Featuring Kacey Musgraves,48,15,
2011-07-30,47,Mary Was The Marrying Kind,Kip Moore,45,18,
2011-07-30,48,Hunt You Down,JT Hodges,51,4,Gains In Performance
2011-07-30,49,Fake ID,Big & Rich Featuring Gretchen Wilson,50,7,
2011-07-30,50,Ferris Wheel,Jason Jones,53,4,
2011-07-30,51,Twenty-One,Corey Smith,57,10,Gains In Performance
2011-07-30,52,North Country,Rocket Club,60,5,Gains In Performance
2011-07-30,53,A Place To Shine,The Lunabelles,52,7,
2011-07-30,54,Gone Like That,Josh Kelley,54,4,
2011-07-30,55,Give,LeAnn Rimes,55,3,
2011-07-30,56,You Got Me,LoCash Cowboys,58,4,
2011-07-30,57,Where Country Grows,Ashton Shepherd,NEW,1,Highest ranking debut|Gains In Performance
2011-07-30,58,I Could Be The One,Glen Templeton,NEW,1,Gains In Performance
2011-07-30,59,Where I Come From,Montgomery Gentry,NEW,1,Gains In Performance
2011-07-30,60,I Still Believe In That,Ash Bowers,NEW,1,Gains In Performance
2011-08-06,1,Tomorrow,Chris Young,2,24,Gains In Performance
2011-08-06,2,Dirt Road Anthem,Jason Aldean,1,27,Gains In Performance
2011-08-06,3,Knee Deep,Zac Brown Band Featuring Jimmy Buffett,4,15,Gains In Performance
2011-08-06,4,Just A Kiss,Lady Antebellum,6,12,Gains In Performance
2011-08-06,5,Honey Bee,Blake Shelton,3,16,
2011-08-06,6,Am I The Only One,Dierks Bentley,7,18,Gains In Performance
2011-08-06,7,If Heaven Wasn't So Far Away,Justin Moore,5,24,
2011-08-06,8,Country Girl (Shake It For Me),Luke Bryan,8,19,Gains In Performance
2011-08-06,9,Remind Me,Brad Paisley Duet With Carrie Underwood,9,10,Gains In Performance
2011-08-06,10,You And Tequila,Kenny Chesney Featuring Grace Potter,10,12,Gains In Performance
2011-08-06,11,Barefoot Blue Jean Night,Jake Owen,11,18,Gains In Performance
2011-08-06,12,Just Fishin',Trace Adkins,12,18,Gains In Performance
2011-08-06,13,Made In America,Toby Keith,16,7,Greatest gainer this week|Gains In Performance
2011-08-06,14,Homeboy,Eric Church,13,23,Gains In Performance
2011-08-06,15,Here For A Good Time,George Strait,14,7,Gains In Performance
2011-08-06,16,Love Done Gone,Billy Currington,15,15,Gains In Performance
2011-08-06,17,Take A Back Road,Rodney Atkins,17,14,Gains In Performance
2011-08-06,18,I Love You This Big,Scotty McCreery,18,9,Gains In Performance
2011-08-06,19,Long Hot Summer,Keith Urban,20,5,Gains In Performance
2011-08-06,20,Crazy Girl,Eli Young Band,19,23,Gains In Performance
2011-08-06,21,I Got You,Thompson Square,21,11,Gains In Performance
2011-08-06,22,Country Must Be Country Wide,Brantley Gilbert,22,16,Gains In Performance
2011-08-06,23,One More Drinkin' Song,Jerrod Niemann,23,10,Gains In Performance
2011-08-06,24,Love Don't Run,Steve Holy,24,29,Gains In Performance
2011-08-06,25,I Got Nothin',Darius Rucker,25,10,Gains In Performance
2011-08-06,26,Cost Of Livin',Ronnie Dunn,26,7,Gains In Performance
2011-08-06,27,God Gave Me You,Blake Shelton,31,3,Gains In Performance
2011-08-06,28,A Buncha Girls,Frankie Ballard,27,23,Gains In Performance
2011-08-06,29,Let It Rain,David Nail Featuring Sarah Buxton,28,25,Gains In Performance
2011-08-06,30,Fish,Craig Campbell,29,8,Gains In Performance
2011-08-06,31,Sparks Fly,Taylor Swift,39,3,Gains In Performance
2011-08-06,32,Easy,Rascal Flatts Featuring Natasha Bedingfield,36,5,Gains In Performance
2011-08-06,33,Take It Off,Joe Nichols,30,10,Gains In Performance
2011-08-06,34,Tough,Kellie Pickler,34,8,Gains In Performance
2011-08-06,35,Amen,Edens Edge,32,18,Gains In Performance
2011-08-06,36,Storm Warning,Hunter Hayes,38,13,Gains In Performance
2011-08-06,37,Long Way To Go,Alan Jackson,42,6,Gains In Performance
2011-08-06,38,Mr. Bartender,Bradley Gaskin,33,19,Gains In Performance
2011-08-06,39,Didn't I,James Wesley,35,15,Gains In Performance
2011-08-06,40,Wanna Take You Home,Gloriana,37,20,Gains In Performance
2011-08-06,41,My Heart Can't Tell You No,Sara Evans,40,8,Gains In Performance
2011-08-06,42,Staying's Worse Than Leaving,Sunny Sweeney,43,13,Gains In Performance
2011-08-06,43,Let's Get Together,Phil Vassar,44,10,Gains In Performance
2011-08-06,44,Today Is Your Day,Shania Twain,41,6,
2011-08-06,45,"Oh, Tonight",Josh Abbott Band Featuring Kacey Musgraves,46,16,Gains In Performance
2011-08-06,46,Hunt You Down,JT Hodges,48,5,Gains In Performance
2011-08-06,47,Give,LeAnn Rimes,55,4,Gains In Performance
2011-08-06,48,Fake ID,Big & Rich Featuring Gretchen Wilson,49,8,Gains In Performance
2011-08-06,49,Where Country Grows,Ashton Shepherd,57,2,Gains In Performance
2011-08-06,50,I'm Gonna Love You Through It,Martina McBride,NEW,1,Highest ranking debut|Gains In Performance
2011-08-06,51,Ferris Wheel,Jason Jones,50,5,Gains In Performance
2011-08-06,52,You Got Me,LoCash Cowboys,56,5,Gains In Performance
2011-08-06,53,Gone Like That,Josh Kelley,54,5,Gains In Performance
2011-08-06,54,This Ole Boy,Craig Morgan,NEW,1,Gains In Performance
2011-08-06,55,North Country,Rocket Club,52,6,
2011-08-06,56,Mary Was The Marrying Kind,Kip Moore,47,19,
2011-08-06,57,I Could Be The One,Glen Templeton,58,2,Gains In Performance
2011-08-06,58,Twenty-One,Corey Smith,51,11,
2011-08-06,59,It Ain't Gotta Be Love,Brett Eldredge,NEW,1,Gains In Performance
2011-08-06,60,Where I Come From,Montgomery Gentry,59,2,Gains In Performance
2011-08-13,1,Knee Deep,Zac Brown Band Featuring Jimmy Buffett,3,16,Gains In Performance
2011-08-13,2,Just A Kiss,Lady Antebellum,4,13,Gains In Performance
2011-08-13,3,Dirt Road Anthem,Jason Aldean,2,28,
2011-08-13,4,Am I The Only One,Dierks Bentley,6,19,Gains In Performance
2011-08-13,5,Tomorrow,Chris Young,1,25,
2011-08-13,6,Honey Bee,Blake Shelton,5,17,
2011-08-13,7,Country Girl (Shake It For Me),Luke Bryan,8,20,Gains In Performance
2011-08-13,8,Remind Me,Brad Paisley Duet With Carrie Underwood,9,11,Gains In Performance
2011-08-13,9,You And Tequila,Kenny Chesney Featuring Grace Potter,10,13,Gains In Performance
2011-08-13,10,Barefoot Blue Jean Night,Jake Owen,11,19,Gains In Performance
2011-08-13,11,Made In America,Toby Keith,13,8,Gains In Performance
2011-08-13,12,Just Fishin',Trace Adkins,12,19,Gains In Performance
2011-08-13,13,Take A Back Road,Rodney Atkins,17,15,Gains In Performance
2011-08-13,14,Long Hot Summer,Keith Urban,19,6,Gains In Performance
2011-08-13,15,Homeboy,Eric Church,14,24,Gains In Performance
2011-08-13,16,Here For A Good Time,George Strait,15,8,Gains In Performance
2011-08-13,17,Love Done Gone,Billy Currington,16,16,Gains In Performance
2011-08-13,18,I Love You This Big,Scotty McCreery,18,10,Gains In Performance
2011-08-13,19,Crazy Girl,Eli Young Band,20,24,Gains In Performance
2011-08-13,20,I Got You,Thompson Square,21,12,Gains In Performance
2011-08-13,21,God Gave Me You,Blake Shelton,27,4,Greatest gainer this week|Gains In Performance
2011-08-13,22,Country Must Be Country Wide,Brantley Gilbert,22,17,Gains In Performance
2011-08-13,23,One More Drinkin' Song,Jerrod Niemann,23,11,Gains In Performance
2011-08-13,24,Love Don't Run,Steve Holy,24,30,Gains In Performance
2011-08-13,25,Sparks Fly,Taylor Swift,31,4,Gains In Performance
2011-08-13,26,I Got Nothin',Darius Rucker,25,11,Gains In Performance
2011-08-13,27,Cost Of Livin',Ronnie Dunn,26,8,Gains In Performance
2011-08-13,28,Let It Rain,David Nail Featuring Sarah Buxton,29,26,Gains In Performance
2011-08-13,29,Fish,Craig Campbell,30,9,Gains In Performance
2011-08-13,30,A Buncha Girls,Frankie Ballard,28,24,Gains In Performance
2011-08-13,31,Easy,Rascal Flatts Featuring Natasha Bedingfield,32,6,Gains In Performance
2011-08-13,32,Take It Off,Joe Nichols,33,11,Gains In Performance
2011-08-13,33,Tough,Kellie Pickler,34,9,Gains In Performance
2011-08-13,34,Storm Warning,Hunter Hayes,36,14,Gains In Performance
2011-08-13,35,Long Way To Go,Alan Jackson,37,7,Gains In Performance
2011-08-13,36,Amen,Edens Edge,35,19,Gains In Performance
2011-08-13,37,Didn't I,James Wesley,39,16,Gains In Performance
2011-08-13,38,Mr. Bartender,Bradley Gaskin,38,20,Gains In Performance
2011-08-13,39,Wanna Take You Home,Gloriana,40,21,Gains In Performance
2011-08-13,40,My Heart Can't Tell You No,Sara Evans,41,9,Gains In Performance
2011-08-13,41,Staying's Worse Than Leaving,Sunny Sweeney,42,14,Gains In Performance
2011-08-13,42,Let's Get Together,Phil Vassar,43,11,Gains In Performance
2011-08-13,43,Like My Mother Does,Lauren Alaina,RE,9,Gains In Performance
2011-08-13,44,"Oh, Tonight",Josh Abbott Band Featuring Kacey Musgraves,45,17,
2011-08-13,45,Hunt You Down,JT Hodges,46,6,Gains In Performance
2011-08-13,46,Where Country Grows,Ashton Shepherd,49,3,Gains In Performance
2011-08-13,47,Fake ID,Big & Rich Featuring Gretchen Wilson,48,9,Gains In Performance
2011-08-13,48,Give,LeAnn Rimes,47,5,Gains In Performance
2011-08-13,49,Where I Come From,Montgomery Gentry,60,3,Gains In Performance
2011-08-13,50,Bait A Hook,Justin Moore,NEW,1,Highest ranking debut|Gains In Performance
2011-08-13,51,I'm Gonna Love You Through It,Martina McBride,50,2,Gains In Performance
2011-08-13,52,All Your Life,The Band Perry,NEW,1,Gains In Performance
2011-08-13,53,Ferris Wheel,Jason Jones,51,6,Gains In Performance
2011-08-13,54,Gone Like That,Josh Kelley,53,6,Gains In Performance
2011-08-13,55,North Country,Rocket Club,55,7,Gains In Performance
2011-08-13,56,This Ole Boy,Craig Morgan,54,2,Gains In Performance
2011-08-13,57,I Could Be The One,Glen Templeton,57,3,Gains In Performance
2011-08-13,58,My Name Is Money,Sonia Leigh,NEW,1,Gains In Performance
2011-08-13,59,You Got Me,LoCash Cowboys,52,6,
2011-08-13,60,Twenty-One,Corey Smith,58,12,
2011-08-20,1,Just A Kiss,Lady Antebellum,2,14,Gains In Performance
2011-08-20,2,Knee Deep,Zac Brown Band Featuring Jimmy Buffett,1,17,
2011-08-20,3,Am I The Only One,Dierks Bentley,4,20,Gains In Performance
2011-08-20,4,Country Girl (Shake It For Me),Luke Bryan,7,21,Gains In Performance
2011-08-20,5,Remind Me,Brad Paisley Duet With Carrie Underwood,8,12,Gains In Performance
2011-08-20,6,Dirt Road Anthem,Jason Aldean,3,29,
2011-08-20,7,You And Tequila,Kenny Chesney Featuring Grace Potter,9,14,Gains In Performance
2011-08-20,8,Barefoot Blue Jean Night,Jake Owen,10,20,Gains In Performance
2011-08-20,9,Honey Bee,Blake Shelton,6,18,
2011-08-20,10,Tomorrow,Chris Young,5,26,
2011-08-20,11,Made In America,Toby Keith,11,9,Gains In Performance
2011-08-20,12,Just Fishin',Trace Adkins,12,20,Gains In Performance
2011-08-20,13,Take A Back Road,Rodney Atkins,13,16,Gains In Performance
2011-08-20,14,Long Hot Summer,Keith Urban,14,7,Gains In Performance
2011-08-20,15,Homeboy,Eric Church,15,25,Gains In Performance
2011-08-20,16,Here For A Good Time,George Strait,16,9,Gains In Performance
2011-08-20,17,Love Done Gone,Billy Currington,17,17,Gains In Performance
2011-08-20,18,Crazy Girl,Eli Young Band,19,25,Gains In Performance
2011-08-20,19,I Love You This Big,Scotty McCreery,18,11,Gains In Performance
2011-08-20,20,God Gave Me You,Blake Shelton,21,5,Gains In Performance
2011-08-20,21,I Got You,Thompson Square,20,13,Gains In Performance
2011-08-20,22,Country Must Be Country Wide,Brantley Gilbert,22,18,Gains In Performance
2011-08-20,23,Sparks Fly,Taylor Swift,25,5,Gains In Performance
2011-08-20,24,One More Drinkin' Song,Jerrod Niemann,23,12,Gains In Performance
2011-08-20,25,Love Don't Run,Steve Holy,24,31,Gains In Performance
2011-08-20,26,I Got Nothin',Darius Rucker,26,12,Gains In Performance
2011-08-20,27,Cost Of Livin',Ronnie Dunn,27,9,Gains In Performance
2011-08-20,28,Fish,Craig Campbell,29,10,Gains In Performance
2011-08-20,29,Easy,Rascal Flatts Featuring Natasha Bedingfield,31,7,Gains In Performance
2011-08-20,30,Let It Rain,David Nail Featuring Sarah Buxton,28,27,Gains In Performance
2011-08-20,31,A Buncha Girls,Frankie Ballard,30,25,Gains In Performance
2011-08-20,32,Take It Off,Joe Nichols,32,12,
2011-08-20,33,Baggage Claim,Miranda Lambert,NEW,1,Highest ranking debut|Gains In Performance
2011-08-20,34,Storm Warning,Hunter Hayes,34,15,Gains In Performance
2011-08-20,35,Tough,Kellie Pickler,33,10,Gains In Performance
2011-08-20,36,Long Way To Go,Alan Jackson,35,8,Gains In Performance
2011-08-20,37,Amen,Edens Edge,36,20,Gains In Performance
2011-08-20,38,Didn't I,James Wesley,37,17,Gains In Performance
2011-08-20,39,Wanna Take You Home,Gloriana,39,22,Gains In Performance
2011-08-20,40,My Heart Can't Tell You No,Sara Evans,40,10,Gains In Performance
2011-08-20,41,Staying's Worse Than Leaving,Sunny Sweeney,41,15,Gains In Performance
2011-08-20,42,Let's Get Together,Phil Vassar,42,12,Gains In Performance
2011-08-20,43,Like My Mother Does,Lauren Alaina,43,10,Gains In Performance
2011-08-20,44,Bait A Hook,Justin Moore,50,2,Gains In Performance
2011-08-20,45,Hunt You Down,JT Hodges,45,7,Gains In Performance
2011-08-20,46,All Your Life,The Band Perry,52,2,Gains In Performance
2011-08-20,47,"Oh, Tonight",Josh Abbott Band Featuring Kacey Musgraves,44,18,
2011-08-20,48,I'm Gonna Love You Through It,Martina McBride,51,3,Gains In Performance
2011-08-20,49,Give,LeAnn Rimes,48,6,Gains In Performance
2011-08-20,50,Where Country Grows,Ashton Shepherd,46,4,Gains In Performance
2011-08-20,51,Fake ID,Big & Rich Featuring Gretchen Wilson,47,10,
2011-08-20,52,Where I Come From,Montgomery Gentry,49,4,
2011-08-20,53,Gone Like That,Josh Kelley,54,7,Gains In Performance
2011-08-20,54,Ferris Wheel,Jason Jones,53,7,Gains In Performance
2011-08-20,55,I Could Be The One,Glen Templeton,57,4,Gains In Performance
2011-08-20,56,It Ain't Gotta Be Love,Brett Eldredge,RE,2,Gains In Performance
2011-08-20,57,This Ole Boy,Craig Morgan,56,3,Gains In Performance
2011-08-20,58,My Name Is Money,Sonia Leigh,58,2,Gains In Performance
2011-08-20,59,You Got Me,LoCash Cowboys,59,7,Gains In Performance
2011-08-20,60,North Country,Rocket Club,55,8,
2011-08-27,1,Just A Kiss,Lady Antebellum,1,15,Gains In Performance
2011-08-27,2,Am I The Only One,Dierks Bentley,3,21,Gains In Performance
2011-08-27,3,Knee Deep,Zac Brown Band Featuring Jimmy Buffett,2,18,
2011-08-27,4,Remind Me,Brad Paisley Duet With Carrie Underwood,5,13,Gains In Performance
2011-08-27,5,Country Girl (Shake It For Me),Luke Bryan,4,22,Gains In Performance
2011-08-27,6,Barefoot Blue Jean Night,Jake Owen,8,21,Gains In Performance
2011-08-27,7,You And Tequila,Kenny Chesney Featuring Grace Potter,7,15,Gains In Performance
2011-08-27,8,Take A Back Road,Rodney Atkins,13,17,Gains In Performance
2011-08-27,9,Made In America,Toby Keith,11,10,Gains In Performance
2011-08-27,10,Long Hot Summer,Keith Urban,14,8,Gains In Performance
2011-08-27,11,Just Fishin',Trace Adkins,12,21,Gains In Performance
2011-08-27,12,Here For A Good Time,George Strait,16,10,Gains In Performance
2011-08-27,13,Love Done Gone,Billy Currington,17,18,Gains In Performance
2011-08-27,14,Crazy Girl,Eli Young Band,18,26,Gains In Performance
2011-08-27,15,I Love You This Big,Scotty McCreery,19,12,Gains In Performance
2011-08-27,16,God Gave Me You,Blake Shelton,20,6,Gains In Performance
2011-08-27,17,I Got You,Thompson Square,21,14,Gains In Performance
2011-08-27,18,Country Must Be Country Wide,Brantley Gilbert,22,19,Gains In Performance
2011-08-27,19,Sparks Fly,Taylor Swift,23,6,Gains In Performance
2011-08-27,20,One More Drinkin' Song,Jerrod Niemann,24,13,Gains In Performance
2011-08-27,21,Love Don't Run,Steve Holy,25,32,Gains In Performance
2011-08-27,22,I Got Nothin',Darius Rucker,26,13,Gains In Performance
2011-08-27,23,Cost Of Livin',Ronnie Dunn,27,10,Gains In Performance
2011-08-27,24,Baggage Claim,Miranda Lambert,33,2,Gains In Performance
2011-08-27,25,Easy,Rascal Flatts Featuring Natasha Bedingfield,29,8,Gains In Performance
2011-08-27,26,Let It Rain,David Nail Featuring Sarah Buxton,30,28,Gains In Performance
2011-08-27,27,Fish,Craig Campbell,28,11,Gains In Performance
2011-08-27,28,Take It Off,Joe Nichols,32,13,Gains In Performance
2011-08-27,29,Long Way To Go,Alan Jackson,36,9,Gains In Performance
2011-08-27,30,Tough,Kellie Pickler,35,11,Gains In Performance
2011-08-27,31,Storm Warning,Hunter Hayes,34,16,Gains In Performance
2011-08-27,32,Amen,Edens Edge,37,21,Gains In Performance
2011-08-27,33,Didn't I,James Wesley,38,18,Gains In Performance
2011-08-27,34,Wanna Take You Home,Gloriana,39,23,
2011-08-27,35,My Heart Can't Tell You No,Sara Evans,40,11,
2011-08-27,36,Let's Get Together,Phil Vassar,42,13,Gains In Performance
2011-08-27,37,Bait A Hook,Justin Moore,44,3,Gains In Performance
2011-08-27,38,Staying's Worse Than Leaving,Sunny Sweeney,41,16,Gains In Performance
2011-08-27,39,All Your Life,The Band Perry,46,3,Gains In Performance
2011-08-27,40,Like My Mother Does,Lauren Alaina,43,11,Gains In Performance
2011-08-27,41,Hunt You Down,JT Hodges,45,8,Gains In Performance
2011-08-27,42,Where Country Grows,Ashton Shepherd,50,5,Gains In Performance
2011-08-27,43,I'm Gonna Love You Through It,Martina McBride,48,4,Gains In Performance
2011-08-27,44,"Oh, Tonight",Josh Abbott Band Featuring Kacey Musgraves,47,19,Gains In Performance
2011-08-27,45,My Name Is Money,Sonia Leigh,58,3,Gains In Performance
2011-08-27,46,Where I Come From,Montgomery Gentry,52,5,Gains In Performance
2011-08-27,47,Fake ID,Big & Rich Featuring Gretchen Wilson,51,11,
2011-08-27,48,Second Hand Heart,Danny Gokey,NEW,1,Highest ranking debut|Gains In Performance
2011-08-27,49,Ferris Wheel,Jason Jones,54,8,Gains In Performance
2011-08-27,50,This Ole Boy,Craig Morgan,57,4,Gains In Performance
2011-08-27,51,It Ain't Gotta Be Love,Brett Eldredge,56,3,Gains In Performance
2011-08-27,52,Give,LeAnn Rimes,49,7,
2011-08-27,53,North Country,Rocket Club,60,9,Gains In Performance
2011-08-27,54,Gone Like That,Josh Kelley,53,8,
2011-08-27,55,You Got Me,LoCash Cowboys,59,8,
2011-08-27,56,I Could Be The One,Glen Templeton,55,5,
2011-08-27,57,Drink In My Hand,Eric Church,NEW,1,Gains In Performance
2011-08-27,58,Let Me Go,Christian Kane,NEW,1,Gains In Performance
2011-08-27,59,Tattoos On This Town,Jason Aldean,NEW,1,Gains In Performance
2011-08-27,60,Maybe Tonight,Margaret Durante,NEW,1,Gains In Performance
2011-09-03,1,Am I The Only One,Dierks Bentley,2,22,Gains In Performance
2011-09-03,2,Remind Me,Brad Paisley Duet With Carrie Underwood,4,14,Gains In Performance
2011-09-03,3,Just A Kiss,Lady Antebellum,1,16,
2011-09-03,4,Barefoot Blue Jean Night,Jake Owen,6,22,Gains In Performance
2011-09-03,5,Country Girl (Shake It For Me),Luke Bryan,5,23,
2011-09-03,6,You And Tequila,Kenny Chesney Featuring Grace Potter,7,16,Gains In Performance
2011-09-03,7,Knee Deep,Zac Brown Band Featuring Jimmy Buffett,3,19,
2011-09-03,8,Take A Back Road,Rodney Atkins,8,18,Gains In Performance
2011-09-03,9,Made In America,Toby Keith,9,11,Gains In Performance
2011-09-03,10,Long Hot Summer,Keith Urban,10,9,Gains In Performance
2011-09-03,11,Just Fishin',Trace Adkins,11,22,Gains In Performance
2011-09-03,12,Here For A Good Time,George Strait,12,11,Gains In Performance
2011-09-03,13,Crazy Girl,Eli Young Band,14,27,Gains In Performance
2011-09-03,14,Love Done Gone,Billy Currington,13,19,Gains In Performance
2011-09-03,15,God Gave Me You,Blake Shelton,16,7,Gains In Performance
2011-09-03,16,I Love You This Big,Scotty McCreery,15,13,Gains In Performance
2011-09-03,17,Sparks Fly,Taylor Swift,19,7,Gains In Performance
2011-09-03,18,I Got You,Thompson Square,17,15,Gains In Performance
2011-09-03,19,Country Must Be Country Wide,Brantley Gilbert,18,20,Gains In Performance
2011-09-03,20,Baggage Claim,Miranda Lambert,24,3,Greatest gainer this week|Gains In Performance
2011-09-03,21,One More Drinkin' Song,Jerrod Niemann,20,14,Gains In Performance
2011-09-03,22,Love Don't Run,Steve Holy,21,33,Gains In Performance
2011-09-03,23,Cost Of Livin',Ronnie Dunn,23,11,Gains In Performance
2011-09-03,24,I Got Nothin',Darius Rucker,22,14,Gains In Performance
2011-09-03,25,Easy,Rascal Flatts Featuring Natasha Bedingfield,25,9,Gains In Performance
2011-09-03,26,Let It Rain,David Nail Featuring Sarah Buxton,26,29,Gains In Performance
2011-09-03,27,Fish,Craig Campbell,27,12,Gains In Performance
2011-09-03,28,Take It Off,Joe Nichols,28,14,Gains In Performance
2011-09-03,29,Storm Warning,Hunter Hayes,31,17,Gains In Performance
2011-09-03,30,Tough,Kellie Pickler,30,12,Gains In Performance
2011-09-03,31,Long Way To Go,Alan Jackson,29,10,Gains In Performance
2011-09-03,32,All Your Life,The Band Perry,39,4,Gains In Performance
2011-09-03,33,Amen,Edens Edge,32,22,Gains In Performance
2011-09-03,34,Bait A Hook,Justin Moore,37,4,Gains In Performance
2011-09-03,35,Didn't I,James Wesley,33,19,Gains In Performance
2011-09-03,36,Wanna Take You Home,Gloriana,34,24,Gains In Performance
2011-09-03,37,My Heart Can't Tell You No,Sara Evans,35,12,Gains In Performance
2011-09-03,38,Let's Get Together,Phil Vassar,36,14,Gains In Performance
2011-09-03,39,Staying's Worse Than Leaving,Sunny Sweeney,38,17,Gains In Performance
2011-09-03,40,We Owned The Night,Lady Antebellum,NEW,1,Highest ranking debut|Gains In Performance
2011-09-03,41,Drink In My Hand,Eric Church,57,2,Gains In Performance
2011-09-03,42,Like My Mother Does,Lauren Alaina,40,12,Gains In Performance
2011-09-03,43,I'm Gonna Love You Through It,Martina McBride,43,5,Gains In Performance
2011-09-03,44,Where I Come From,Montgomery Gentry,46,6,Gains In Performance
2011-09-03,45,Hunt You Down,JT Hodges,41,9,Gains In Performance
2011-09-03,46,Where Country Grows,Ashton Shepherd,42,6,
2011-09-03,47,"Oh, Tonight",Josh Abbott Band Featuring Kacey Musgraves,44,20,
2011-09-03,48,Tattoos On This Town,Jason Aldean,59,2,Gains In Performance
2011-09-03,49,This Ole Boy,Craig Morgan,50,5,Gains In Performance
2011-09-03,50,My Name Is Money,Sonia Leigh,45,4,
2011-09-03,51,It Ain't Gotta Be Love,Brett Eldredge,51,4,Gains In Performance
2011-09-03,52,Give,LeAnn Rimes,52,8,Gains In Performance
2011-09-03,53,Second Hand Heart,Danny Gokey,48,2,
2011-09-03,54,Ferris Wheel,Jason Jones,49,9,
2011-09-03,55,You Got Me,LoCash Cowboys,55,9,Gains In Performance
2011-09-03,56,North Country,Rocket Club,53,10,
2011-09-03,57,Let's Don't Call It A Night,Casey James,NEW,1,Gains In Performance
2011-09-03,58,I Could Be The One,Glen Templeton,56,6,
2011-09-03,59,Keep Me In Mind,Zac Brown Band,NEW,1,Gains In Performance
2011-09-03,60,Gone Like That,Josh Kelley,54,9,
2011-09-10,1,Remind Me,Brad Paisley Duet With Carrie Underwood,2,15,Gains In Performance
2011-09-10,2,Barefoot Blue Jean Night,Jake Owen,4,23,Gains In Performance
2011-09-10,3,Am I The Only One,Dierks Bentley,1,23,
2011-09-10,4,You And Tequila,Kenny Chesney Featuring Grace Potter,6,17,Gains In Performance
2011-09-10,5,Take A Back Road,Rodney Atkins,8,19,Gains In Performance
2011-09-10,6,Made In America,Toby Keith,9,12,Gains In Performance
2011-09-10,7,Long Hot Summer,Keith Urban,10,10,Gains In Performance
2011-09-10,8,Just A Kiss,Lady Antebellum,3,17,
2011-09-10,9,Knee Deep,Zac Brown Band Featuring Jimmy Buffett,7,20,
2011-09-10,10,Just Fishin',Trace Adkins,11,23,Gains In Performance
2011-09-10,11,Here For A Good Time,George Strait,12,12,Gains In Performance
2011-09-10,12,Crazy Girl,Eli Young Band,13,28,Gains In Performance
2011-09-10,13,God Gave Me You,Blake Shelton,15,8,Gains In Performance
2011-09-10,14,Love Done Gone,Billy Currington,14,20,Gains In Performance
2011-09-10,15,I Love You This Big,Scotty McCreery,16,14,Gains In Performance
2011-09-10,16,Sparks Fly,Taylor Swift,17,8,Gains In Performance
2011-09-10,17,Baggage Claim,Miranda Lambert,20,4,Gains In Performance
2011-09-10,18,I Got You,Thompson Square,18,16,Gains In Performance
2011-09-10,19,Country Must Be Country Wide,Brantley Gilbert,19,21,Gains In Performance
2011-09-10,20,One More Drinkin' Song,Jerrod Niemann,21,15,Gains In Performance
2011-09-10,21,Love Don't Run,Steve Holy,22,34,Gains In Performance
2011-09-10,22,Easy,Rascal Flatts Featuring Natasha Bedingfield,25,10,Gains In Performance
2011-09-10,23,I Got Nothin',Darius Rucker,24,15,Gains In Performance
2011-09-10,24,Let It Rain,David Nail Featuring Sarah Buxton,26,30,Gains In Performance
2011-09-10,25,Cost Of Livin',Ronnie Dunn,23,12,Gains In Performance
2011-09-10,26,Fish,Craig Campbell,27,13,Gains In Performance
2011-09-10,27,We Owned The Night,Lady Antebellum,40,2,Gains In Performance
2011-09-10,28,Take It Off,Joe Nichols,28,15,Gains In Performance
2011-09-10,29,All Your Life,The Band Perry,32,5,Gains In Performance
2011-09-10,30,Storm Warning,Hunter Hayes,29,18,Gains In Performance
2011-09-10,31,Long Way To Go,Alan Jackson,31,11,Gains In Performance
2011-09-10,32,Tough,Kellie Pickler,30,13,Gains In Performance
2011-09-10,33,Amen,Edens Edge,33,23,Gains In Performance
2011-09-10,34,Bait A Hook,Justin Moore,34,5,Gains In Performance
2011-09-10,35,Drink In My Hand,Eric Church,41,3,Gains In Performance
2011-09-10,36,Didn't I,James Wesley,35,20,Gains In Performance
2011-09-10,37,My Heart Can't Tell You No,Sara Evans,37,13,Gains In Performance
2011-09-10,38,Tattoos On This Town,Jason Aldean,48,3,Gains In Performance
2011-09-10,39,Wanna Take You Home,Gloriana,36,25,
2011-09-10,40,Let's Get Together,Phil Vassar,38,15,Gains In Performance
2011-09-10,41,Staying's Worse Than Leaving,Sunny Sweeney,39,18,
2011-09-10,42,I'm Gonna Love You Through It,Martina McBride,43,6,Gains In Performance
2011-09-10,43,Like My Mother Does,Lauren Alaina,42,13,Gains In Performance
2011-09-10,44,Where I Come From,Montgomery Gentry,44,7,Gains In Performance
2011-09-10,45,Keep Me In Mind,Zac Brown Band,59,2,Gains In Performance
2011-09-10,46,Hunt You Down,JT Hodges,45,10,
2011-09-10,47,"Oh, Tonight",Josh Abbott Band Featuring Kacey Musgraves,47,21,Gains In Performance
2011-09-10,48,Where Country Grows,Ashton Shepherd,46,7,Gains In Performance
2011-09-10,49,My Name Is Money,Sonia Leigh,50,5,Gains In Performance
2011-09-10,50,This Ole Boy,Craig Morgan,49,6,Gains In Performance
2011-09-10,51,Ferris Wheel,Jason Jones,54,10,Gains In Performance
2011-09-10,52,It Ain't Gotta Be Love,Brett Eldredge,51,5,
2011-09-10,53,Give,LeAnn Rimes,52,9,
2011-09-10,54,Second Hand Heart,Danny Gokey,53,3,Gains In Performance
2011-09-10,55,Somebody's Chelsea,Reba,NEW,1,Highest ranking debut|Gains In Performance
2011-09-10,56,North Country,Rocket Club,56,11,Gains In Performance
2011-09-10,57,Bulletproof,Steel Magnolia,NEW,1,Gains In Performance
2011-09-10,58,Threaten Me With Heaven,Vince Gill,NEW,1,Gains In Performance
2011-09-10,59,Let's Don't Call It A Night,Casey James,57,2,Gains In Performance
2011-09-10,60,You,Chris Young,NEW,1,Gains In Performance
2011-09-17,1,Barefoot Blue Jean Night,Jake Owen,2,24,Gains In Performance
2011-09-17,2,Remind Me,Brad Paisley Duet With Carrie Underwood,1,16,
2011-09-17,3,Take A Back Road,Rodney Atkins,5,20,Gains In Performance
2011-09-17,4,You And Tequila,Kenny Chesney Featuring Grace Potter,4,18,Gains In Performance
2011-09-17,5,Made In America,Toby Keith,6,13,Gains In Performance
2011-09-17,6,Long Hot Summer,Keith Urban,7,11,Gains In Performance
2011-09-17,7,Am I The Only One,Dierks Bentley,3,24,
2011-09-17,8,Just Fishin',Trace Adkins,10,24,Gains In Performance
2011-09-17,9,Here For A Good Time,George Strait,11,13,Gains In Performance
2011-09-17,10,God Gave Me You,Blake Shelton,13,9,Gains In Performance
2011-09-17,11,Crazy Girl,Eli Young Band,12,29,Gains In Performance
2011-09-17,12,Love Done Gone,Billy Currington,14,21,Gains In Performance
2011-09-17,13,Baggage Claim,Miranda Lambert,17,5,Gains In Performance
2011-09-17,14,Sparks Fly,Taylor Swift,16,9,Gains In Performance
2011-09-17,15,I Got You,Thompson Square,18,17,Gains In Performance
2011-09-17,16,Country Must Be Country Wide,Brantley Gilbert,19,22,Gains In Performance
2011-09-17,17,One More Drinkin' Song,Jerrod Niemann,20,16,Gains In Performance
2011-09-17,18,I Love You This Big,Scotty McCreery,15,15,
2011-09-17,19,Love Don't Run,Steve Holy,21,35,Gains In Performance
2011-09-17,20,Easy,Rascal Flatts Featuring Natasha Bedingfield,22,11,Gains In Performance
2011-09-17,21,We Owned The Night,Lady Antebellum,27,3,Greatest gainer this week|Gains In Performance
2011-09-17,22,I Got Nothin',Darius Rucker,23,16,Gains In Performance
2011-09-17,23,Let It Rain,David Nail Featuring Sarah Buxton,24,31,Gains In Performance
2011-09-17,24,Cost Of Livin',Ronnie Dunn,25,13,Gains In Performance
2011-09-17,25,Fish,Craig Campbell,26,14,Gains In Performance
2011-09-17,26,All Your Life,The Band Perry,29,6,Gains In Performance
2011-09-17,27,Take It Off,Joe Nichols,28,16,Gains In Performance
2011-09-17,28,Drink In My Hand,Eric Church,35,4,Gains In Performance
2011-09-17,29,Tattoos On This Town,Jason Aldean,38,4,Gains In Performance
2011-09-17,30,Storm Warning,Hunter Hayes,30,19,Gains In Performance
2011-09-17,31,Long Way To Go,Alan Jackson,31,12,Gains In Performance
2011-09-17,32,Tough,Kellie Pickler,32,14,Gains In Performance
2011-09-17,33,Amen,Edens Edge,33,24,Gains In Performance
2011-09-17,34,Bait A Hook,Justin Moore,34,6,Gains In Performance
2011-09-17,35,Didn't I,James Wesley,36,21,Gains In Performance
2011-09-17,36,My Heart Can't Tell You No,Sara Evans,37,14,Gains In Performance
2011-09-17,37,Wanna Take You Home,Gloriana,39,26,Gains In Performance
2011-09-17,38,Let's Get Together,Phil Vassar,40,16,Gains In Performance
2011-09-17,39,I'm Gonna Love You Through It,Martina McBride,42,7,Gains In Performance
2011-09-17,40,Keep Me In Mind,Zac Brown Band,45,3,Gains In Performance
2011-09-17,41,Like My Mother Does,Lauren Alaina,43,14,Gains In Performance
2011-09-17,42,Where I Come From,Montgomery Gentry,44,8,Gains In Performance
2011-09-17,43,Staying's Worse Than Leaving,Sunny Sweeney,41,19,
2011-09-17,44,I Don't Want This Night To End,Luke Bryan,NEW,1,Highest ranking debut|Gains In Performance
2011-09-17,45,"Oh, Tonight",Josh Abbott Band Featuring Kacey Musgraves,47,22,Gains In Performance
2011-09-17,46,Where Country Grows,Ashton Shepherd,48,8,Gains In Performance
2011-09-17,47,Hunt You Down,JT Hodges,46,11,Gains In Performance
2011-09-17,48,You,Chris Young,60,2,Gains In Performance
2011-09-17,49,This Ole Boy,Craig Morgan,50,7,Gains In Performance
2011-09-17,50,Ferris Wheel,Jason Jones,51,11,Gains In Performance
2011-09-17,51,My Name Is Money,Sonia Leigh,49,6,
2011-09-17,52,It Ain't Gotta Be Love,Brett Eldredge,52,6,Gains In Performance
2011-09-17,53,Second Hand Heart,Danny Gokey,54,4,Gains In Performance
2011-09-17,54,The Trouble With Girls,Scotty McCreery,NEW,1,Gains In Performance
2011-09-17,55,Let's Don't Call It A Night,Casey James,59,3,Gains In Performance
2011-09-17,56,Give,LeAnn Rimes,53,10,
2011-09-17,57,Bulletproof,Steel Magnolia,57,2,Gains In Performance
2011-09-17,58,Got My Country On,Chris Cagle,NEW,1,Gains In Performance
2011-09-17,59,Threaten Me With Heaven,Vince Gill,58,2,Gains In Performance
2011-09-17,60,North Country,Rocket Club,56,12,
2011-09-24,1,Barefoot Blue Jean Night,Jake Owen,1,25,Gains In Performance
2011-09-24,2,Take A Back Road,Rodney Atkins,3,21,Gains In Performance
2011-09-24,3,Made In America,Toby Keith,5,14,Gains In Performance
2011-09-24,4,You And Tequila,Kenny Chesney Featuring Grace Potter,4,19,Gains In Performance
2011-09-24,5,Long Hot Summer,Keith Urban,6,12,Gains In Performance
2011-09-24,6,Remind Me,Brad Paisley Duet With Carrie Underwood,2,17,
2011-09-24,7,Just Fishin',Trace Adkins,8,25,Gains In Performance
2011-09-24,8,Here For A Good Time,George Strait,9,14,Gains In Performance
2011-09-24,9,God Gave Me You,Blake Shelton,10,10,Gains In Performance
2011-09-24,10,Crazy Girl,Eli Young Band,11,30,Gains In Performance
2011-09-24,11,Love Done Gone,Billy Currington,12,22,Gains In Performance
2011-09-24,12,Baggage Claim,Miranda Lambert,13,6,Gains In Performance
2011-09-24,13,Sparks Fly,Taylor Swift,14,10,Gains In Performance
2011-09-24,14,I Got You,Thompson Square,15,18,Gains In Performance
2011-09-24,15,Country Must Be Country Wide,Brantley Gilbert,16,23,Gains In Performance
2011-09-24,16,One More Drinkin' Song,Jerrod Niemann,17,17,Gains In Performance
2011-09-24,17,Easy,Rascal Flatts Featuring Natasha Bedingfield,20,12,Gains In Performance
2011-09-24,18,We Owned The Night,Lady Antebellum,21,4,Gains In Performance
2011-09-24,19,Love Don't Run,Steve Holy,19,36,Gains In Performance
2011-09-24,20,Let It Rain,David Nail Featuring Sarah Buxton,23,32,Gains In Performance
2011-09-24,21,I Got Nothin',Darius Rucker,22,17,Gains In Performance
2011-09-24,22,Cost Of Livin',Ronnie Dunn,24,14,Gains In Performance
2011-09-24,23,Fish,Craig Campbell,25,15,Gains In Performance
2011-09-24,24,Tattoos On This Town,Jason Aldean,29,5,Greatest gainer this week|Gains In Performance
2011-09-24,25,All Your Life,The Band Perry,26,7,Gains In Performance
2011-09-24,26,Drink In My Hand,Eric Church,28,5,Gains In Performance
2011-09-24,27,Take It Off,Joe Nichols,27,17,Gains In Performance
2011-09-24,28,Storm Warning,Hunter Hayes,30,20,Gains In Performance
2011-09-24,29,Long Way To Go,Alan Jackson,31,13,Gains In Performance
2011-09-24,30,I Love You This Big,Scotty McCreery,18,16,
2011-09-24,31,Amen,Edens Edge,33,25,Gains In Performance
2011-09-24,32,Bait A Hook,Justin Moore,34,7,Gains In Performance
2011-09-24,33,Tough,Kellie Pickler,32,15,Gains In Performance
2011-09-24,34,My Heart Can't Tell You No,Sara Evans,36,15,Gains In Performance
2011-09-24,35,Didn't I,James Wesley,35,22,Gains In Performance
2011-09-24,36,Wanna Take You Home,Gloriana,37,27,Gains In Performance
2011-09-24,37,Let's Get Together,Phil Vassar,38,17,Gains In Performance
2011-09-24,38,I'm Gonna Love You Through It,Martina McBride,39,8,Gains In Performance
2011-09-24,39,Keep Me In Mind,Zac Brown Band,40,4,Gains In Performance
2011-09-24,40,I Don't Want This Night To End,Luke Bryan,44,2,Gains In Performance
2011-09-24,41,Like My Mother Does,Lauren Alaina,41,15,Gains In Performance
2011-09-24,42,Where I Come From,Montgomery Gentry,42,9,Gains In Performance
2011-09-24,43,You,Chris Young,48,3,Gains In Performance
2011-09-24,44,Hunt You Down,JT Hodges,47,12,Gains In Performance
2011-09-24,45,Where Country Grows,Ashton Shepherd,46,9,
2011-09-24,46,This Ole Boy,Craig Morgan,49,8,Gains In Performance
2011-09-24,47,The Trouble With Girls,Scotty McCreery,54,2,Gains In Performance
2011-09-24,48,Ferris Wheel,Jason Jones,50,12,Gains In Performance
2011-09-24,49,Got My Country On,Chris Cagle,58,2,Gains In Performance
2011-09-24,50,My Name Is Money,Sonia Leigh,51,7,
2011-09-24,51,It Ain't Gotta Be Love,Brett Eldredge,52,7,Gains In Performance
2011-09-24,52,Let's Don't Call It A Night,Casey James,55,4,Gains In Performance
2011-09-24,53,Somebody's Chelsea,Reba,RE,2,Gains In Performance
2011-09-24,54,Second Hand Heart,Danny Gokey,53,5,
2011-09-24,55,Threaten Me With Heaven,Vince Gill,59,3,Gains In Performance
2011-09-24,56,Bulletproof,Steel Magnolia,57,3,
2011-09-24,57,Footloose,Blake Shelton,NEW,1,Highest ranking debut|Gains In Performance
2011-09-24,58,I Could Be The One,Glen Templeton,RE,7,Gains In Performance
2011-09-24,59,Never Really Wanted,Eric Paslay,NEW,1,Gains In Performance
2011-09-24,60,Let Me Go,Christian Kane,RE,2,
2011-10-01,1,Take A Back Road,Rodney Atkins,2,22,Gains In Performance
2011-10-01,2,Made In America,Toby Keith,3,15,Gains In Performance
2011-10-01,3,You And Tequila,Kenny Chesney Featuring Grace Potter,4,20,Gains In Performance
2011-10-01,4,Barefoot Blue Jean Night,Jake Owen,1,26,
2011-10-01,5,Long Hot Summer,Keith Urban,5,13,Gains In Performance
2011-10-01,6,Here For A Good Time,George Strait,8,15,Gains In Performance
2011-10-01,7,Just Fishin',Trace Adkins,7,26,Gains In Performance
2011-10-01,8,God Gave Me You,Blake Shelton,9,11,Greatest gainer this week|Gains In Performance
2011-10-01,9,Remind Me,Brad Paisley Duet With Carrie Underwood,6,18,
2011-10-01,10,Crazy Girl,Eli Young Band,10,31,Gains In Performance
2011-10-01,11,Baggage Claim,Miranda Lambert,12,7,Gains In Performance
2011-10-01,12,Love Done Gone,Billy Currington,11,23,
2011-10-01,13,Sparks Fly,Taylor Swift,13,11,Gains In Performance
2011-10-01,14,Country Must Be Country Wide,Brantley Gilbert,15,24,Gains In Performance
2011-10-01,15,I Got You,Thompson Square,14,19,Gains In Performance
2011-10-01,16,We Owned The Night,Lady Antebellum,18,5,Gains In Performance
2011-10-01,17,Easy,Rascal Flatts Featuring Natasha Bedingfield,17,13,Gains In Performance
2011-10-01,18,One More Drinkin' Song,Jerrod Niemann,16,18,Gains In Performance
2011-10-01,19,Love Don't Run,Steve Holy,19,37,Gains In Performance
2011-10-01,20,Let It Rain,David Nail Featuring Sarah Buxton,20,33,Gains In Performance
2011-10-01,21,I Got Nothin',Darius Rucker,21,18,Gains In Performance
2011-10-01,22,Cost Of Livin',Ronnie Dunn,22,15,Gains In Performance
2011-10-01,23,Tattoos On This Town,Jason Aldean,24,6,Gains In Performance
2011-10-01,24,Fish,Craig Campbell,23,16,Gains In Performance
2011-10-01,25,All Your Life,The Band Perry,25,8,Gains In Performance
2011-10-01,26,Drink In My Hand,Eric Church,26,6,Gains In Performance
2011-10-01,27,Take It Off,Joe Nichols,27,18,Gains In Performance
2011-10-01,28,Storm Warning,Hunter Hayes,28,21,Gains In Performance
2011-10-01,29,Long Way To Go,Alan Jackson,29,14,Gains In Performance
2011-10-01,30,Amen,Edens Edge,31,26,Gains In Performance
2011-10-01,31,Keep Me In Mind,Zac Brown Band,39,5,Gains In Performance
2011-10-01,32,Tough,Kellie Pickler,33,16,Gains In Performance
2011-10-01,33,Bait A Hook,Justin Moore,32,8,Gains In Performance
2011-10-01,34,My Heart Can't Tell You No,Sara Evans,34,16,Gains In Performance
2011-10-01,35,I'm Gonna Love You Through It,Martina McBride,38,9,Gains In Performance
2011-10-01,36,Didn't I,James Wesley,35,23,Gains In Performance
2011-10-01,37,I Don't Want This Night To End,Luke Bryan,40,3,Gains In Performance
2011-10-01,38,Let's Get Together,Phil Vassar,37,18,Gains In Performance
2011-10-01,39,You,Chris Young,43,4,Gains In Performance
2011-10-01,40,Like My Mother Does,Lauren Alaina,41,16,Gains In Performance
2011-10-01,41,Where I Come From,Montgomery Gentry,42,10,Gains In Performance
2011-10-01,42,Hunt You Down,JT Hodges,44,13,Gains In Performance
2011-10-01,43,The Trouble With Girls,Scotty McCreery,47,3,Gains In Performance
2011-10-01,44,Where Country Grows,Ashton Shepherd,45,10,Gains In Performance
2011-10-01,45,This Ole Boy,Craig Morgan,46,9,Gains In Performance
2011-10-01,46,Got My Country On,Chris Cagle,49,3,Gains In Performance
2011-10-01,47,It Ain't Gotta Be Love,Brett Eldredge,51,8,Gains In Performance
2011-10-01,48,My Name Is Money,Sonia Leigh,50,8,Gains In Performance
2011-10-01,49,Let's Don't Call It A Night,Casey James,52,5,Gains In Performance
2011-10-01,50,Ferris Wheel,Jason Jones,48,13,
2011-10-01,51,Threaten Me With Heaven,Vince Gill,55,4,Gains In Performance
2011-10-01,52,Somebody's Chelsea,Reba,53,3,
2011-10-01,53,Second Hand Heart,Danny Gokey,54,6,
2011-10-01,54,Never Really Wanted,Eric Paslay,59,2,Gains In Performance
2011-10-01,55,Bulletproof,Steel Magnolia,56,4,
2011-10-01,56,I Could Be The One,Glen Templeton,58,8,Gains In Performance
2011-10-01,57,Wanna Make You Love Me,Andy Gibson,NEW,1,Highest ranking debut|Gains In Performance
2011-10-01,58,Footloose,Blake Shelton,57,2,
2011-10-01,59,That Girl,Kevin Fowler,NEW,1,Gains In Performance
2011-10-01,60,Drink Myself Single,Sunny Sweeney,NEW,1,Gains In Performance
2011-10-08,1,Take A Back Road,Rodney Atkins,1,23,Gains In Performance
2011-10-08,2,Made In America,Toby Keith,2,16,Gains In Performance
2011-10-08,3,Long Hot Summer,Keith Urban,5,14,Gains In Performance
2011-10-08,4,You And Tequila,Kenny Chesney Featuring Grace Potter,3,21,
2011-10-08,5,Barefoot Blue Jean Night,Jake Owen,4,27,
2011-10-08,6,Here For A Good Time,George Strait,6,16,Gains In Performance
2011-10-08,7,God Gave Me You,Blake Shelton,8,12,Gains In Performance
2011-10-08,8,Just Fishin',Trace Adkins,7,27,Gains In Performance
2011-10-08,9,Crazy Girl,Eli Young Band,10,32,Gains In Performance
2011-10-08,10,Sparks Fly,Taylor Swift,13,12,Gains In Performance
2011-10-08,11,Baggage Claim,Miranda Lambert,11,8,Gains In Performance
2011-10-08,12,Country Must Be Country Wide,Brantley Gilbert,14,25,Gains In Performance
2011-10-08,13,I Got You,Thompson Square,15,20,Gains In Performance
2011-10-08,14,We Owned The Night,Lady Antebellum,16,6,Gains In Performance
2011-10-08,15,Easy,Rascal Flatts Featuring Natasha Bedingfield,17,14,Gains In Performance
2011-10-08,16,One More Drinkin' Song,Jerrod Niemann,18,19,Gains In Performance
2011-10-08,17,Let It Rain,David Nail Featuring Sarah Buxton,20,34,Gains In Performance
2011-10-08,18,Tattoos On This Town,Jason Aldean,23,7,Gains In Performance
2011-10-08,19,Love Don't Run,Steve Holy,19,38,Gains In Performance
2011-10-08,20,I Got Nothin',Darius Rucker,21,19,Gains In Performance
2011-10-08,21,Cost Of Livin',Ronnie Dunn,22,16,Gains In Performance
2011-10-08,22,All Your Life,The Band Perry,25,9,Gains In Performance
2011-10-08,23,Fish,Craig Campbell,24,17,Gains In Performance
2011-10-08,24,Drink In My Hand,Eric Church,26,7,Gains In Performance
2011-10-08,25,Keep Me In Mind,Zac Brown Band,31,6,Greatest gainer this week|Gains In Performance
2011-10-08,26,Take It Off,Joe Nichols,27,19,Gains In Performance
2011-10-08,27,Storm Warning,Hunter Hayes,28,22,Gains In Performance
2011-10-08,28,Long Way To Go,Alan Jackson,29,15,Gains In Performance
2011-10-08,29,Amen,Edens Edge,30,27,Gains In Performance
2011-10-08,30,Tough,Kellie Pickler,32,17,Gains In Performance
2011-10-08,31,I'm Gonna Love You Through It,Martina McBride,35,10,Gains In Performance
2011-10-08,32,Bait A Hook,Justin Moore,33,9,Gains In Performance
2011-10-08,33,I Don't Want This Night To End,Luke Bryan,37,4,Gains In Performance
2011-10-08,34,Didn't I,James Wesley,36,24,Gains In Performance
2011-10-08,35,My Heart Can't Tell You No,Sara Evans,34,17,Gains In Performance
2011-10-08,36,You,Chris Young,39,5,Gains In Performance
2011-10-08,37,Let's Get Together,Phil Vassar,38,19,Gains In Performance
2011-10-08,38,Like My Mother Does,Lauren Alaina,40,17,Gains In Performance
2011-10-08,39,Where I Come From,Montgomery Gentry,41,11,Gains In Performance
2011-10-08,40,The Trouble With Girls,Scotty McCreery,43,4,Gains In Performance
2011-10-08,41,Hunt You Down,JT Hodges,42,14,
2011-10-08,42,This Ole Boy,Craig Morgan,45,10,Gains In Performance
2011-10-08,43,Got My Country On,Chris Cagle,46,4,Gains In Performance
2011-10-08,44,Where Country Grows,Ashton Shepherd,44,11,Gains In Performance
2011-10-08,45,Let's Don't Call It A Night,Casey James,49,6,Gains In Performance
2011-10-08,46,Threaten Me With Heaven,Vince Gill,51,5,Gains In Performance
2011-10-08,47,It Ain't Gotta Be Love,Brett Eldredge,47,9,
2011-10-08,48,Somebody's Chelsea,Reba,52,4,Gains In Performance
2011-10-08,49,My Name Is Money,Sonia Leigh,48,9,
2011-10-08,50,Never Really Wanted,Eric Paslay,54,3,Gains In Performance
2011-10-08,51,Wanna Make You Love Me,Andy Gibson,57,2,Gains In Performance
2011-10-08,52,Bulletproof,Steel Magnolia,55,5,Gains In Performance
2011-10-08,53,I Could Be The One,Glen Templeton,56,9,Gains In Performance
2011-10-08,54,Change,Josh Thompson,NEW,1,Highest ranking debut|Gains In Performance
2011-10-08,55,That Girl,Kevin Fowler,59,2,Gains In Performance
2011-10-08,56,Ferris Wheel,Jason Jones,50,14,
2011-10-08,57,Merry Go Round,The JaneDear Girls,NEW,1,Gains In Performance
2011-10-08,58,Nineteen,Billy Ray Cyrus,NEW,1,Gains In Performance
2011-10-08,59,Care,Kid Rock Featuring Angaleena Presley or Martina McBride,NEW,1,Gains In Performance
2011-10-08,60,Underdog,The Lost Trailers,NEW,1,Gains In Performance
2011-10-15,1,Made In America,Toby Keith,2,17,Gains In Performance
2011-10-15,2,Take A Back Road,Rodney Atkins,1,24,
2011-10-15,3,Long Hot Summer,Keith Urban,3,15,Gains In Performance
2011-10-15,4,God Gave Me You,Blake Shelton,7,13,Gains In Performance
2011-10-15,5,Here For A Good Time,George Strait,6,17,Gains In Performance
2011-10-15,6,Just Fishin',Trace Adkins,8,28,Gains In Performance
2011-10-15,7,Barefoot Blue Jean Night,Jake Owen,5,28,
2011-10-15,8,Crazy Girl,Eli Young Band,9,33,Gains In Performance
2011-10-15,9,You And Tequila,Kenny Chesney Featuring Grace Potter,4,22,
2011-10-15,10,Sparks Fly,Taylor Swift,10,13,Gains In Performance
2011-10-15,11,Baggage Claim,Miranda Lambert,11,9,Gains In Performance
2011-10-15,12,Country Must Be Country Wide,Brantley Gilbert,12,26,Gains In Performance
2011-10-15,13,We Owned The Night,Lady Antebellum,14,7,Gains In Performance
2011-10-15,14,I Got You,Thompson Square,13,21,Gains In Performance
2011-10-15,15,Tattoos On This Town,Jason Aldean,18,8,Greatest gainer this week|Gains In Performance
2011-10-15,16,Easy,Rascal Flatts Featuring Natasha Bedingfield,15,15,Gains In Performance
2011-10-15,17,One More Drinkin' Song,Jerrod Niemann,16,20,Gains In Performance
2011-10-15,18,Let It Rain,David Nail Featuring Sarah Buxton,17,35,Gains In Performance
2011-10-15,19,Love Don't Run,Steve Holy,19,39,Gains In Performance
2011-10-15,20,Cost Of Livin',Ronnie Dunn,21,17,Gains In Performance
2011-10-15,21,I Got Nothin',Darius Rucker,20,20,Gains In Performance
2011-10-15,22,Keep Me In Mind,Zac Brown Band,25,7,Gains In Performance
2011-10-15,23,Drink In My Hand,Eric Church,24,8,Gains In Performance
2011-10-15,24,All Your Life,The Band Perry,22,10,Gains In Performance
2011-10-15,25,Fish,Craig Campbell,23,18,Gains In Performance
2011-10-15,26,Storm Warning,Hunter Hayes,27,23,Gains In Performance
2011-10-15,27,Take It Off,Joe Nichols,26,20,Gains In Performance
2011-10-15,28,Long Way To Go,Alan Jackson,28,16,
2011-10-15,29,Amen,Edens Edge,29,28,Gains In Performance
2011-10-15,30,You,Chris Young,36,6,Gains In Performance
2011-10-15,31,I Don't Want This Night To End,Luke Bryan,33,5,Gains In Performance
2011-10-15,32,I'm Gonna Love You Through It,Martina McBride,31,11,Gains In Performance
2011-10-15,33,Bait A Hook,Justin Moore,32,10,Gains In Performance
2011-10-15,34,Tough,Kellie Pickler,30,18,
2011-10-15,35,Didn't I,James Wesley,34,25,Gains In Performance
2011-10-15,36,My Heart Can't Tell You No,Sara Evans,35,18,Gains In Performance
2011-10-15,37,Let's Get Together,Phil Vassar,37,20,Gains In Performance
2011-10-15,38,Where I Come From,Montgomery Gentry,39,12,Gains In Performance
2011-10-15,39,Like My Mother Does,Lauren Alaina,38,18,Gains In Performance
2011-10-15,40,The Trouble With Girls,Scotty McCreery,40,5,Gains In Performance
2011-10-15,41,Hunt You Down,JT Hodges,41,15,Gains In Performance
2011-10-15,42,This Ole Boy,Craig Morgan,42,11,Gains In Performance
2011-10-15,43,Got My Country On,Chris Cagle,43,5,Gains In Performance
2011-10-15,44,Where Country Grows,Ashton Shepherd,44,12,Gains In Performance
2011-10-15,45,Let's Don't Call It A Night,Casey James,45,7,Gains In Performance
2011-10-15,46,It Ain't Gotta Be Love,Brett Eldredge,47,10,Gains In Performance
2011-10-15,47,Threaten Me With Heaven,Vince Gill,46,6,Gains In Performance
2011-10-15,48,Wanna Make You Love Me,Andy Gibson,51,3,Gains In Performance
2011-10-15,49,Somebody's Chelsea,Reba,48,5,
2011-10-15,50,Reality,Kenny Chesney,NEW,1,Highest ranking debut|Gains In Performance
2011-10-15,51,Camouflage,Brad Paisley,NEW,1,Gains In Performance
2011-10-15,52,Never Really Wanted,Eric Paslay,50,4,
2011-10-15,53,Home,Dierks Bentley,NEW,1,Gains In Performance
2011-10-15,54,My Name Is Money,Sonia Leigh,49,10,
2011-10-15,55,Bulletproof,Steel Magnolia,52,6,
2011-10-15,56,Alone With You,Jake Owen,NEW,1,Gains In Performance
2011-10-15,57,I Could Be The One,Glen Templeton,53,10,
2011-10-15,58,Change,Josh Thompson,54,2,Gains In Performance
2011-10-15,59,Underdog,The Lost Trailers,60,2,Gains In Performance
2011-10-15,60,That Girl,Kevin Fowler,55,3,Gains In Performance
2011-10-22,1,Long Hot Summer,Keith Urban,3,16,Gains In Performance
2011-10-22,2,Made In America,Toby Keith,1,18,
2011-10-22,3,God Gave Me You,Blake Shelton,4,14,Gains In Performance
2011-10-22,4,Here For A Good Time,George Strait,5,18,Greatest gainer this week|Gains In Performance
2011-10-22,5,Take A Back Road,Rodney Atkins,2,25,
2011-10-22,6,Crazy Girl,Eli Young Band,8,34,Gains In Performance
2011-10-22,7,Just Fishin',Trace Adkins,6,29,
2011-10-22,8,Barefoot Blue Jean Night,Jake Owen,7,29,
2011-10-22,9,Sparks Fly,Taylor Swift,10,14,Gains In Performance
2011-10-22,10,Baggage Claim,Miranda Lambert,11,10,Gains In Performance
2011-10-22,11,Country Must Be Country Wide,Brantley Gilbert,12,27,Gains In Performance
2011-10-22,12,We Owned The Night,Lady Antebellum,13,8,Gains In Performance
2011-10-22,13,Tattoos On This Town,Jason Aldean,15,9,Gains In Performance
2011-10-22,14,I Got You,Thompson Square,14,22,Gains In Performance
2011-10-22,15,Easy,Rascal Flatts Featuring Natasha Bedingfield,16,16,Gains In Performance
2011-10-22,16,One More Drinkin' Song,Jerrod Niemann,17,21,Gains In Performance
2011-10-22,17,Let It Rain,David Nail Featuring Sarah Buxton,18,36,Gains In Performance
2011-10-22,18,Keep Me In Mind,Zac Brown Band,22,8,Gains In Performance
2011-10-22,19,Drink In My Hand,Eric Church,23,9,Gains In Performance
2011-10-22,20,Cost Of Livin',Ronnie Dunn,20,18,Gains In Performance
2011-10-22,21,I Got Nothin',Darius Rucker,21,21,Gains In Performance
2011-10-22,22,All Your Life,The Band Perry,24,11,Gains In Performance
2011-10-22,23,Fish,Craig Campbell,25,19,
2011-10-22,24,Storm Warning,Hunter Hayes,26,24,Gains In Performance
2011-10-22,25,I Don't Want This Night To End,Luke Bryan,31,6,Gains In Performance
2011-10-22,26,Take It Off,Joe Nichols,27,21,Gains In Performance
2011-10-22,27,Long Way To Go,Alan Jackson,28,17,Gains In Performance
2011-10-22,28,I'm Gonna Love You Through It,Martina McBride,32,12,Gains In Performance
2011-10-22,29,You,Chris Young,30,7,Gains In Performance
2011-10-22,30,Amen,Edens Edge,29,29,Gains In Performance
2011-10-22,31,Bait A Hook,Justin Moore,33,11,Gains In Performance
2011-10-22,32,My Heart Can't Tell You No,Sara Evans,36,19,Gains In Performance
2011-10-22,33,Didn't I,James Wesley,35,26,Gains In Performance
2011-10-22,34,Tough,Kellie Pickler,34,19,
2011-10-22,35,Where I Come From,Montgomery Gentry,38,13,Gains In Performance
2011-10-22,36,Like My Mother Does,Lauren Alaina,39,19,Gains In Performance
2011-10-22,37,The Trouble With Girls,Scotty McCreery,40,6,Gains In Performance
2011-10-22,38,Reality,Kenny Chesney,50,2,Gains In Performance
2011-10-22,39,Hunt You Down,JT Hodges,41,16,
2011-10-22,40,This Ole Boy,Craig Morgan,42,12,Gains In Performance
2011-10-22,41,Home,Dierks Bentley,53,2,Gains In Performance
2011-10-22,42,Camouflage,Brad Paisley,51,2,Gains In Performance
2011-10-22,43,Let's Don't Call It A Night,Casey James,45,8,Gains In Performance
2011-10-22,44,Where Country Grows,Ashton Shepherd,44,13,
2011-10-22,45,Alone With You,Jake Owen,56,2,Gains In Performance
2011-10-22,46,Got My Country On,Chris Cagle,43,6,
2011-10-22,47,It Ain't Gotta Be Love,Brett Eldredge,46,11,
2011-10-22,48,Threaten Me With Heaven,Vince Gill,47,7,
2011-10-22,49,Wanna Make You Love Me,Andy Gibson,48,4,Gains In Performance
2011-10-22,50,Somebody's Chelsea,Reba,49,6,Gains In Performance
2011-10-22,51,Somethin' 'Bout A Truck,Kip Moore,NEW,1,Highest ranking debut|Gains In Performance
2011-10-22,52,Bulletproof,Steel Magnolia,55,7,Gains In Performance
2011-10-22,53,Like My Dog,Billy Currington,NEW,1,Gains In Performance
2011-10-22,54,Never Really Wanted,Eric Paslay,52,5,
2011-10-22,55,Drink Myself Single,Sunny Sweeney,RE,2,Gains In Performance
2011-10-22,56,Change,Josh Thompson,58,3,Gains In Performance
2011-10-22,57,That Girl,Kevin Fowler,60,4,Gains In Performance
2011-10-22,58,Merry Go Round,The JaneDear Girls,RE,2,Gains In Performance
2011-10-22,59,I Could Be The One,Glen Templeton,57,11,
2011-10-22,60,A Woman Like You,Lee Brice,NEW,1,Gains In Performance
2011-10-29,1,God Gave Me You,Blake Shelton,3,15,Gains In Performance
2011-10-29,2,Here For A Good Time,George Strait,4,19,Gains In Performance
2011-10-29,3,Crazy Girl,Eli Young Band,6,35,Gains In Performance
2011-10-29,4,Long Hot Summer,Keith Urban,1,17,
2011-10-29,5,Take A Back Road,Rodney Atkins,5,26,
2011-10-29,6,Made In America,Toby Keith,2,19,
2011-10-29,7,Sparks Fly,Taylor Swift,9,15,Gains In Performance
2011-10-29,8,Country Must Be Country Wide,Brantley Gilbert,11,28,Gains In Performance
2011-10-29,9,Baggage Claim,Miranda Lambert,10,11,Gains In Performance
2011-10-29,10,We Owned The Night,Lady Antebellum,12,9,Gains In Performance
2011-10-29,11,Tattoos On This Town,Jason Aldean,13,10,Gains In Performance
2011-10-29,12,I Got You,Thompson Square,14,23,Gains In Performance
2011-10-29,13,Easy,Rascal Flatts Featuring Natasha Bedingfield,15,17,Gains In Performance
2011-10-29,14,Keep Me In Mind,Zac Brown Band,18,9,Gains In Performance
2011-10-29,15,Let It Rain,David Nail Featuring Sarah Buxton,17,37,Gains In Performance
2011-10-29,16,One More Drinkin' Song,Jerrod Niemann,16,22,Gains In Performance
2011-10-29,17,Drink In My Hand,Eric Church,19,10,Gains In Performance
2011-10-29,18,I Got Nothin',Darius Rucker,21,22,Gains In Performance
2011-10-29,19,Cost Of Livin',Ronnie Dunn,20,19,Gains In Performance
2011-10-29,20,All Your Life,The Band Perry,22,12,Gains In Performance
2011-10-29,21,I Don't Want This Night To End,Luke Bryan,25,7,Gains In Performance
2011-10-29,22,You,Chris Young,29,8,Gains In Performance
2011-10-29,23,Storm Warning,Hunter Hayes,24,25,Gains In Performance
2011-10-29,24,I'm Gonna Love You Through It,Martina McBride,28,13,Gains In Performance
2011-10-29,25,Take It Off,Joe Nichols,26,22,Gains In Performance
2011-10-29,26,Long Way To Go,Alan Jackson,27,18,Gains In Performance
2011-10-29,27,Fish,Craig Campbell,23,20,
2011-10-29,28,Reality,Kenny Chesney,38,3,Greatest gainer this week|Gains In Performance
2011-10-29,29,Amen,Edens Edge,30,30,Gains In Performance
2011-10-29,30,Bait A Hook,Justin Moore,31,12,Gains In Performance
2011-10-29,31,My Heart Can't Tell You No,Sara Evans,32,20,Gains In Performance
2011-10-29,32,Didn't I,James Wesley,33,27,Gains In Performance
2011-10-29,33,Camouflage,Brad Paisley,42,3,Gains In Performance
2011-10-29,34,Where I Come From,Montgomery Gentry,35,14,Gains In Performance
2011-10-29,35,Home,Dierks Bentley,41,3,Gains In Performance
2011-10-29,36,The Trouble With Girls,Scotty McCreery,37,7,Gains In Performance
2011-10-29,37,Like My Mother Does,Lauren Alaina,36,20,
2011-10-29,38,Like My Dog,Billy Currington,53,2,Gains In Performance
2011-10-29,39,This Ole Boy,Craig Morgan,40,13,Gains In Performance
2011-10-29,40,Alone With You,Jake Owen,45,3,Gains In Performance
2011-10-29,41,Let's Don't Call It A Night,Casey James,43,9,Gains In Performance
2011-10-29,42,Got My Country On,Chris Cagle,46,7,Gains In Performance
2011-10-29,43,Where Country Grows,Ashton Shepherd,44,14,Gains In Performance
2011-10-29,44,Hunt You Down,JT Hodges,39,17,
2011-10-29,45,Red Solo Cup,Toby Keith,NEW,1,Highest ranking debut|Gains In Performance
2011-10-29,46,Threaten Me With Heaven,Vince Gill,48,8,Gains In Performance
2011-10-29,47,Wanna Make You Love Me,Andy Gibson,49,5,Gains In Performance
2011-10-29,48,Somethin' 'Bout A Truck,Kip Moore,51,2,Gains In Performance
2011-10-29,49,A Woman Like You,Lee Brice,60,2,Gains In Performance
2011-10-29,50,It Ain't Gotta Be Love,Brett Eldredge,47,12,
2011-10-29,51,Somebody's Chelsea,Reba,50,7,
2011-10-29,52,Drink Myself Single,Sunny Sweeney,55,3,Gains In Performance
2011-10-29,53,Bulletproof,Steel Magnolia,52,8,Gains In Performance
2011-10-29,54,Never Really Wanted,Eric Paslay,54,6,Gains In Performance
2011-10-29,55,That Girl,Kevin Fowler,57,5,Gains In Performance
2011-10-29,56,Merry Go Round,The JaneDear Girls,58,3,Gains In Performance
2011-10-29,57,Footloose,Blake Shelton,RE,3,Gains In Performance
2011-10-29,58,Underdog,The Lost Trailers,RE,3,Gains In Performance
2011-10-29,59,Change,Josh Thompson,56,4,
2011-10-29,60,Amy's Song,Brent Anderson,NEW,1,Gains In Performance
2011-11-05,1,God Gave Me You,Blake Shelton,1,16,Gains In Performance
2011-11-05,2,Crazy Girl,Eli Young Band,3,36,Gains In Performance
2011-11-05,3,Here For A Good Time,George Strait,2,20,
2011-11-05,4,Baggage Claim,Miranda Lambert,9,12,Gains In Performance
2011-11-05,5,Sparks Fly,Taylor Swift,7,16,Gains In Performance
2011-11-05,6,Country Must Be Country Wide,Brantley Gilbert,8,29,Gains In Performance
2011-11-05,7,Long Hot Summer,Keith Urban,4,18,
2011-11-05,8,Take A Back Road,Rodney Atkins,5,27,
2011-11-05,9,We Owned The Night,Lady Antebellum,10,10,Gains In Performance
2011-11-05,10,Tattoos On This Town,Jason Aldean,11,11,Gains In Performance
2011-11-05,11,I Got You,Thompson Square,12,24,Gains In Performance
2011-11-05,12,Easy,Rascal Flatts Featuring Natasha Bedingfield,13,18,Gains In Performance
2011-11-05,13,Keep Me In Mind,Zac Brown Band,14,10,Gains In Performance
2011-11-05,14,Let It Rain,David Nail Featuring Sarah Buxton,15,38,Gains In Performance
2011-11-05,15,One More Drinkin' Song,Jerrod Niemann,16,23,Gains In Performance
2011-11-05,16,Drink In My Hand,Eric Church,17,11,Gains In Performance
2011-11-05,17,All Your Life,The Band Perry,20,13,Gains In Performance
2011-11-05,18,I Got Nothin',Darius Rucker,18,23,Gains In Performance
2011-11-05,19,I Don't Want This Night To End,Luke Bryan,21,8,Gains In Performance
2011-11-05,20,Cost Of Livin',Ronnie Dunn,19,20,Gains In Performance
2011-11-05,21,You,Chris Young,22,9,Gains In Performance
2011-11-05,22,Reality,Kenny Chesney,28,4,Gains In Performance
2011-11-05,23,Storm Warning,Hunter Hayes,23,26,Gains In Performance
2011-11-05,24,I'm Gonna Love You Through It,Martina McBride,24,14,Gains In Performance
2011-11-05,25,Long Way To Go,Alan Jackson,26,19,Gains In Performance
2011-11-05,26,Amen,Edens Edge,29,31,Gains In Performance
2011-11-05,27,Camouflage,Brad Paisley,33,4,Gains In Performance
2011-11-05,28,Bait A Hook,Justin Moore,30,13,Gains In Performance
2011-11-05,29,My Heart Can't Tell You No,Sara Evans,31,21,Gains In Performance
2011-11-05,30,Home,Dierks Bentley,35,4,Gains In Performance
2011-11-05,31,Where I Come From,Montgomery Gentry,34,15,Gains In Performance
2011-11-05,32,Didn't I,James Wesley,32,28,Gains In Performance
2011-11-05,33,The Trouble With Girls,Scotty McCreery,36,8,Gains In Performance
2011-11-05,34,Like My Dog,Billy Currington,38,3,Gains In Performance
2011-11-05,35,Alone With You,Jake Owen,40,4,Gains In Performance
2011-11-05,36,Red Solo Cup,Toby Keith,45,2,Gains In Performance
2011-11-05,37,This Ole Boy,Craig Morgan,39,14,Gains In Performance
2011-11-05,38,Let's Don't Call It A Night,Casey James,41,10,Gains In Performance
2011-11-05,39,Got My Country On,Chris Cagle,42,8,Gains In Performance
2011-11-05,40,A Woman Like You,Lee Brice,49,3,Gains In Performance
2011-11-05,41,Somethin' 'Bout A Truck,Kip Moore,48,3,Gains In Performance
2011-11-05,42,Threaten Me With Heaven,Vince Gill,46,9,Gains In Performance
2011-11-05,43,Where Country Grows,Ashton Shepherd,43,15,
2011-11-05,44,Wanna Make You Love Me,Andy Gibson,47,6,Gains In Performance
2011-11-05,45,You Gonna Fly,Keith Urban,NEW,1,Highest ranking debut|Gains In Performance
2011-11-05,46,Drink Myself Single,Sunny Sweeney,52,4,Gains In Performance
2011-11-05,47,Somebody's Chelsea,Reba,51,8,Gains In Performance
2011-11-05,48,Bulletproof,Steel Magnolia,53,9,Gains In Performance
2011-11-05,49,Amy's Song,Brent Anderson,60,2,Gains In Performance
2011-11-05,50,That Girl,Kevin Fowler,55,6,Gains In Performance
2011-11-05,51,Change,Josh Thompson,59,5,Gains In Performance
2011-11-05,52,Never Really Wanted,Eric Paslay,54,7,Gains In Performance
2011-11-05,53,Merry Go Round,The JaneDear Girls,56,4,Gains In Performance
2011-11-05,54,Home Sweet Home,THE FARM,NEW,1,Gains In Performance
2011-11-05,55,Underdog,The Lost Trailers,58,4,
2011-11-05,56,My Hometown,Uncle Kracker,NEW,1,Gains In Performance
2011-11-05,57,Footloose,Blake Shelton,57,4,
2011-11-05,58,Saturday Night,Wade Bowen,NEW,1,Gains In Performance
2011-11-05,59,(Kissed You) Good Night,Gloriana,NEW,1,Gains In Performance
2011-11-05,60,Love's Gonna Make It Alright,George Strait,NEW,1,Gains In Performance
2011-11-12,1,God Gave Me You,Blake Shelton,1,17,Gains In Performance
2011-11-12,2,Crazy Girl,Eli Young Band,2,37,Gains In Performance
2011-11-12,3,Sparks Fly,Taylor Swift,5,17,Greatest gainer this week|Gains In Performance
2011-11-12,4,Country Must Be Country Wide,Brantley Gilbert,6,30,Gains In Performance
2011-11-12,5,Baggage Claim,Miranda Lambert,4,13,Gains In Performance
2011-11-12,6,We Owned The Night,Lady Antebellum,9,11,Gains In Performance
2011-11-12,7,Tattoos On This Town,Jason Aldean,10,12,Gains In Performance
2011-11-12,8,Here For A Good Time,George Strait,3,21,
2011-11-12,9,Take A Back Road,Rodney Atkins,8,28,
2011-11-12,10,I Got You,Thompson Square,11,25,Gains In Performance
2011-11-12,11,Keep Me In Mind,Zac Brown Band,13,11,Gains In Performance
2011-11-12,12,Easy,Rascal Flatts Featuring Natasha Bedingfield,12,19,Gains In Performance
2011-11-12,13,Let It Rain,David Nail Featuring Sarah Buxton,14,39,Gains In Performance
2011-11-12,14,Drink In My Hand,Eric Church,16,12,Gains In Performance
2011-11-12,15,One More Drinkin' Song,Jerrod Niemann,15,24,Gains In Performance
2011-11-12,16,All Your Life,The Band Perry,17,14,Gains In Performance
2011-11-12,17,I Don't Want This Night To End,Luke Bryan,19,9,Gains In Performance
2011-11-12,18,I Got Nothin',Darius Rucker,18,24,Gains In Performance
2011-11-12,19,Cost Of Livin',Ronnie Dunn,20,21,Gains In Performance
2011-11-12,20,Reality,Kenny Chesney,22,5,Gains In Performance
2011-11-12,21,You,Chris Young,21,10,Gains In Performance
2011-11-12,22,Storm Warning,Hunter Hayes,23,27,Gains In Performance
2011-11-12,23,I'm Gonna Love You Through It,Martina McBride,24,15,Gains In Performance
2011-11-12,24,Camouflage,Brad Paisley,27,5,Gains In Performance
2011-11-12,25,Long Way To Go,Alan Jackson,25,20,
2011-11-12,26,Home,Dierks Bentley,30,5,Gains In Performance
2011-11-12,27,Bait A Hook,Justin Moore,28,14,Gains In Performance
2011-11-12,28,Amen,Edens Edge,26,32,Gains In Performance
2011-11-12,29,My Heart Can't Tell You No,Sara Evans,29,22,Gains In Performance
2011-11-12,30,Where I Come From,Montgomery Gentry,31,16,Gains In Performance
2011-11-12,31,Didn't I,James Wesley,32,29,Gains In Performance
2011-11-12,32,The Trouble With Girls,Scotty McCreery,33,9,Gains In Performance
2011-11-12,33,Like My Dog,Billy Currington,34,4,Gains In Performance
2011-11-12,34,Red Solo Cup,Toby Keith,36,3,Gains In Performance
2011-11-12,35,Alone With You,Jake Owen,35,5,Gains In Performance
2011-11-12,36,You Gonna Fly,Keith Urban,45,2,Gains In Performance
2011-11-12,37,Got My Country On,Chris Cagle,39,9,Gains In Performance
2011-11-12,38,This Ole Boy,Craig Morgan,37,15,Gains In Performance
2011-11-12,39,Let's Don't Call It A Night,Casey James,38,11,Gains In Performance
2011-11-12,40,A Woman Like You,Lee Brice,40,4,Gains In Performance
2011-11-12,41,Somethin' 'Bout A Truck,Kip Moore,41,4,Gains In Performance
2011-11-12,42,Drink Myself Single,Sunny Sweeney,46,5,Gains In Performance
2011-11-12,43,Wanna Make You Love Me,Andy Gibson,44,7,
2011-11-12,44,Where Country Grows,Ashton Shepherd,43,16,
2011-11-12,45,Love's Gonna Make It Alright,George Strait,60,2,Gains In Performance
2011-11-12,46,Threaten Me With Heaven,Vince Gill,42,10,
2011-11-12,47,Bulletproof,Steel Magnolia,48,10,Gains In Performance
2011-11-12,48,Somebody's Chelsea,Reba,47,9,
2011-11-12,49,Amy's Song,Brent Anderson,49,3,Gains In Performance
2011-11-12,50,Never Really Wanted,Eric Paslay,52,8,Gains In Performance
2011-11-12,51,Change,Josh Thompson,51,6,
2011-11-12,52,Georgia Peaches,Lauren Alaina,NEW,1,Highest ranking debut|Gains In Performance
2011-11-12,53,Merry Go Round,The JaneDear Girls,53,5,Gains In Performance
2011-11-12,54,Home Sweet Home,THE FARM,54,2,Gains In Performance
2011-11-12,55,That Girl,Kevin Fowler,50,7,
2011-11-12,56,Underdog,The Lost Trailers,55,5,Gains In Performance
2011-11-12,57,(Kissed You) Good Night,Gloriana,59,2,Gains In Performance
2011-11-12,58,Saturday Night,Wade Bowen,58,2,Gains In Performance
2011-11-12,59,My Hometown,Uncle Kracker,56,2,
2011-11-12,60,Footloose,Blake Shelton,57,5,
2011-11-19,1,Crazy Girl,Eli Young Band,2,38,Gains In Performance
2011-11-19,2,God Gave Me You,Blake Shelton,1,18,
2011-11-19,3,Sparks Fly,Taylor Swift,3,18,Gains In Performance
2011-11-19,4,Country Must Be Country Wide,Brantley Gilbert,4,31,Gains In Performance
2011-11-19,5,Baggage Claim,Miranda Lambert,5,14,Gains In Performance
2011-11-19,6,We Owned The Night,Lady Antebellum,6,12,Gains In Performance
2011-11-19,7,Tattoos On This Town,Jason Aldean,7,13,Gains In Performance
2011-11-19,8,Keep Me In Mind,Zac Brown Band,11,12,Gains In Performance
2011-11-19,9,I Got You,Thompson Square,10,26,Gains In Performance
2011-11-19,10,Easy,Rascal Flatts Featuring Natasha Bedingfield,12,20,Gains In Performance
2011-11-19,11,Let It Rain,David Nail Featuring Sarah Buxton,13,40,Gains In Performance
2011-11-19,12,Drink In My Hand,Eric Church,14,13,Gains In Performance
2011-11-19,13,One More Drinkin' Song,Jerrod Niemann,15,25,Gains In Performance
2011-11-19,14,All Your Life,The Band Perry,16,15,Gains In Performance
2011-11-19,15,I Don't Want This Night To End,Luke Bryan,17,10,Gains In Performance
2011-11-19,16,Reality,Kenny Chesney,20,6,Gains In Performance
2011-11-19,17,I Got Nothin',Darius Rucker,18,25,Gains In Performance
2011-11-19,18,You,Chris Young,21,11,Gains In Performance
2011-11-19,19,Cost Of Livin',Ronnie Dunn,19,22,Gains In Performance
2011-11-19,20,I'm Gonna Love You Through It,Martina McBride,23,16,Gains In Performance
2011-11-19,21,Storm Warning,Hunter Hayes,22,28,Gains In Performance
2011-11-19,22,Camouflage,Brad Paisley,24,6,Gains In Performance
2011-11-19,23,Home,Dierks Bentley,26,6,Gains In Performance
2011-11-19,24,Long Way To Go,Alan Jackson,25,21,Gains In Performance
2011-11-19,25,Bait A Hook,Justin Moore,27,15,Gains In Performance
2011-11-19,26,Amen,Edens Edge,28,33,Gains In Performance
2011-11-19,27,My Heart Can't Tell You No,Sara Evans,29,23,Gains In Performance
2011-11-19,28,Where I Come From,Montgomery Gentry,30,17,Gains In Performance
2011-11-19,29,Didn't I,James Wesley,31,30,Gains In Performance
2011-11-19,30,You Gonna Fly,Keith Urban,36,3,Gains In Performance
2011-11-19,31,Red Solo Cup,Toby Keith,34,4,Gains In Performance
2011-11-19,32,The Trouble With Girls,Scotty McCreery,32,10,Gains In Performance
2011-11-19,33,Alone With You,Jake Owen,35,6,Gains In Performance
2011-11-19,34,Like My Dog,Billy Currington,33,5,Gains In Performance
2011-11-19,35,A Woman Like You,Lee Brice,40,5,Gains In Performance
2011-11-19,36,Got My Country On,Chris Cagle,37,10,Gains In Performance
2011-11-19,37,Let's Don't Call It A Night,Casey James,39,12,Gains In Performance
2011-11-19,38,This Ole Boy,Craig Morgan,38,16,Gains In Performance
2011-11-19,39,Love's Gonna Make It Alright,George Strait,45,3,Gains In Performance
2011-11-19,40,Somethin' 'Bout A Truck,Kip Moore,41,5,
2011-11-19,41,Drink Myself Single,Sunny Sweeney,42,6,Gains In Performance
2011-11-19,42,Wanna Make You Love Me,Andy Gibson,43,8,Gains In Performance
2011-11-19,43,Georgia Peaches,Lauren Alaina,52,2,Gains In Performance
2011-11-19,44,Somebody's Chelsea,Reba,48,10,Gains In Performance
2011-11-19,45,Threaten Me With Heaven,Vince Gill,46,11,
2011-11-19,46,Underdog,The Lost Trailers,56,6,Gains In Performance
2011-11-19,47,Change,Josh Thompson,51,7,Gains In Performance
2011-11-19,48,Never Really Wanted,Eric Paslay,50,9,Gains In Performance
2011-11-19,49,Merry Go Round,The JaneDear Girls,53,6,Gains In Performance
2011-11-19,50,That Girl,Kevin Fowler,55,8,Gains In Performance
2011-11-19,51,Bulletproof,Steel Magnolia,47,11,
2011-11-19,52,Amy's Song,Brent Anderson,49,4,
2011-11-19,53,Home Sweet Home,THE FARM,54,3,
2011-11-19,54,(Kissed You) Good Night,Gloriana,57,3,Gains In Performance
2011-11-19,55,My Hometown,Uncle Kracker,59,3,Gains In Performance
2011-11-19,56,A-OK,Neal McCoy,NEW,1,Highest ranking debut|Gains In Performance
2011-11-19,57,He's Mine,Rodney Atkins,NEW,1,Gains In Performance
2011-11-19,58,Million Dollar View,Trace Adkins,NEW,1,Gains In Performance
2011-11-19,59,Saturday Night,Wade Bowen,58,3,
2011-11-19,60,Care,Kid Rock Featuring Angaleena Presley or Martina McBride,RE,2,Gains In Performance
2011-11-26,1,Sparks Fly,Taylor Swift,3,19,Gains In Performance
2011-11-26,2,God Gave Me You,Blake Shelton,2,19,
2011-11-26,3,Country Must Be Country Wide,Brantley Gilbert,4,32,Gains In Performance
2011-11-26,4,Crazy Girl,Eli Young Band,1,39,
2011-11-26,5,We Owned The Night,Lady Antebellum,6,13,Gains In Performance
2011-11-26,6,Tattoos On This Town,Jason Aldean,7,14,Gains In Performance
2011-11-26,7,Baggage Claim,Miranda Lambert,5,15,Gains In Performance
2011-11-26,8,Keep Me In Mind,Zac Brown Band,8,13,Gains In Performance
2011-11-26,9,I Got You,Thompson Square,9,27,Gains In Performance
2011-11-26,10,Easy,Rascal Flatts Featuring Natasha Bedingfield,10,21,Gains In Performance
2011-11-26,11,Let It Rain,David Nail Featuring Sarah Buxton,11,41,Gains In Performance
2011-11-26,12,Drink In My Hand,Eric Church,12,14,Gains In Performance
2011-11-26,13,All Your Life,The Band Perry,14,16,Gains In Performance
2011-11-26,14,One More Drinkin' Song,Jerrod Niemann,13,26,
2011-11-26,15,I Don't Want This Night To End,Luke Bryan,15,11,Gains In Performance
2011-11-26,16,Reality,Kenny Chesney,16,7,Gains In Performance
2011-11-26,17,I Got Nothin',Darius Rucker,17,26,Gains In Performance
2011-11-26,18,You,Chris Young,18,12,Gains In Performance
2011-11-26,19,Cost Of Livin',Ronnie Dunn,19,23,
2011-11-26,20,I'm Gonna Love You Through It,Martina McBride,20,17,Gains In Performance
2011-11-26,21,Camouflage,Brad Paisley,22,7,Gains In Performance
2011-11-26,22,Storm Warning,Hunter Hayes,21,29,Gains In Performance
2011-11-26,23,Home,Dierks Bentley,23,7,Gains In Performance
2011-11-26,24,Long Way To Go,Alan Jackson,24,22,
2011-11-26,25,Amen,Edens Edge,26,34,Gains In Performance
2011-11-26,26,Bait A Hook,Justin Moore,25,16,Gains In Performance
2011-11-26,27,Where I Come From,Montgomery Gentry,28,18,Gains In Performance
2011-11-26,28,My Heart Can't Tell You No,Sara Evans,27,24,
2011-11-26,29,You Gonna Fly,Keith Urban,30,4,Gains In Performance
2011-11-26,30,Didn't I,James Wesley,29,31,Gains In Performance
2011-11-26,31,Red Solo Cup,Toby Keith,31,5,Gains In Performance
2011-11-26,32,Alone With You,Jake Owen,33,7,Gains In Performance
2011-11-26,33,The Trouble With Girls,Scotty McCreery,32,11,Gains In Performance
2011-11-26,34,Like My Dog,Billy Currington,34,6,Gains In Performance
2011-11-26,35,Come Home,Faith Hill,NEW,1,Highest ranking debut|Gains In Performance
2011-11-26,36,Love's Gonna Make It Alright,George Strait,39,4,Gains In Performance
2011-11-26,37,A Woman Like You,Lee Brice,35,6,Gains In Performance
2011-11-26,38,Got My Country On,Chris Cagle,36,11,Gains In Performance
2011-11-26,39,Let's Don't Call It A Night,Casey James,37,13,Gains In Performance
2011-11-26,40,This Ole Boy,Craig Morgan,38,17,Gains In Performance
2011-11-26,41,Somethin' 'Bout A Truck,Kip Moore,40,6,Gains In Performance
2011-11-26,42,Drink Myself Single,Sunny Sweeney,41,7,Gains In Performance
2011-11-26,43,Wanna Make You Love Me,Andy Gibson,42,9,Gains In Performance
2011-11-26,44,Merry Go Round,The JaneDear Girls,49,7,Gains In Performance
2011-11-26,45,Somebody's Chelsea,Reba,44,11,Gains In Performance
2011-11-26,46,He's Mine,Rodney Atkins,57,2,Gains In Performance
2011-11-26,47,Georgia Peaches,Lauren Alaina,43,3,Gains In Performance
2011-11-26,48,Change,Josh Thompson,47,8,
2011-11-26,49,Underdog,The Lost Trailers,46,7,Gains In Performance
2011-11-26,50,That Girl,Kevin Fowler,50,9,Gains In Performance
2011-11-26,51,Amy's Song,Brent Anderson,52,5,Gains In Performance
2011-11-26,52,Million Dollar View,Trace Adkins,58,2,Gains In Performance
2011-11-26,53,Footloose,Blake Shelton,RE,6,Gains In Performance
2011-11-26,54,Never Really Wanted,Eric Paslay,48,10,
2011-11-26,55,Home Sweet Home,THE FARM,53,4,Gains In Performance
2011-11-26,56,(Kissed You) Good Night,Gloriana,54,4,Gains In Performance
2011-11-26,57,A-OK,Neal McCoy,56,2,Gains In Performance
2011-11-26,58,My Hometown,Uncle Kracker,55,4,Gains In Performance
2011-11-26,59,Bulletproof,Steel Magnolia,51,12,
2011-11-26,60,Run,Sugarland Featuring Matt Nathanson,NEW,1,Gains In Performance
2011-12-03,1,Country Must Be Country Wide,Brantley Gilbert,3,33,Gains In Performance
2011-12-03,2,Tattoos On This Town,Jason Aldean,6,15,Greatest gainer this week|Gains In Performance
2011-12-03,3,We Owned The Night,Lady Antebellum,5,14,Gains In Performance
2011-12-03,4,Baggage Claim,Miranda Lambert,7,16,Gains In Performance
2011-12-03,5,Sparks Fly,Taylor Swift,1,20,
2011-12-03,6,God Gave Me You,Blake Shelton,2,20,
2011-12-03,7,Crazy Girl,Eli Young Band,4,40,
2011-12-03,8,Keep Me In Mind,Zac Brown Band,8,14,Gains In Performance
2011-12-03,9,I Got You,Thompson Square,9,28,Gains In Performance
2011-12-03,10,Easy,Rascal Flatts Featuring Natasha Bedingfield,10,22,Gains In Performance
2011-12-03,11,Let It Rain,David Nail Featuring Sarah Buxton,11,42,Gains In Performance
2011-12-03,12,Drink In My Hand,Eric Church,12,15,Gains In Performance
2011-12-03,13,I Don't Want This Night To End,Luke Bryan,15,12,Gains In Performance
2011-12-03,14,All Your Life,The Band Perry,13,17,Gains In Performance
2011-12-03,15,One More Drinkin' Song,Jerrod Niemann,14,27,Gains In Performance
2011-12-03,16,Reality,Kenny Chesney,16,8,Gains In Performance
2011-12-03,17,You,Chris Young,18,13,Gains In Performance
2011-12-03,18,I Got Nothin',Darius Rucker,17,27,Gains In Performance
2011-12-03,19,I'm Gonna Love You Through It,Martina McBride,20,18,Gains In Performance
2011-12-03,20,Storm Warning,Hunter Hayes,22,30,Gains In Performance
2011-12-03,21,Home,Dierks Bentley,23,8,Gains In Performance
2011-12-03,22,Camouflage,Brad Paisley,21,8,Gains In Performance
2011-12-03,23,You Gonna Fly,Keith Urban,29,5,Gains In Performance
2011-12-03,24,Long Way To Go,Alan Jackson,24,23,Gains In Performance
2011-12-03,25,Amen,Edens Edge,25,35,Gains In Performance
2011-12-03,26,Bait A Hook,Justin Moore,26,17,Gains In Performance
2011-12-03,27,Where I Come From,Montgomery Gentry,27,19,Gains In Performance
2011-12-03,28,Red Solo Cup,Toby Keith,31,6,Gains In Performance
2011-12-03,29,My Heart Can't Tell You No,Sara Evans,28,25,Gains In Performance
2011-12-03,30,Didn't I,James Wesley,30,32,Gains In Performance
2011-12-03,31,Alone With You,Jake Owen,32,8,Gains In Performance
2011-12-03,32,The Trouble With Girls,Scotty McCreery,33,12,Gains In Performance
2011-12-03,33,Like My Dog,Billy Currington,34,7,Gains In Performance
2011-12-03,34,Come Home,Faith Hill,35,2,Gains In Performance
2011-12-03,35,Love's Gonna Make It Alright,George Strait,36,5,Gains In Performance
2011-12-03,36,A Woman Like You,Lee Brice,37,7,Gains In Performance
2011-12-03,37,Got My Country On,Chris Cagle,38,12,Gains In Performance
2011-12-03,38,Let's Don't Call It A Night,Casey James,39,14,Gains In Performance
2011-12-03,39,Somethin' 'Bout A Truck,Kip Moore,41,7,Gains In Performance
2011-12-03,40,This Ole Boy,Craig Morgan,40,18,Gains In Performance
2011-12-03,41,Drink Myself Single,Sunny Sweeney,42,8,Gains In Performance
2011-12-03,42,Georgia Peaches,Lauren Alaina,47,4,Gains In Performance
2011-12-03,43,He's Mine,Rodney Atkins,46,3,Gains In Performance
2011-12-03,44,Wanna Make You Love Me,Andy Gibson,43,10,
2011-12-03,45,Merry Go Round,The JaneDear Girls,44,8,Gains In Performance
2011-12-03,46,Million Dollar View,Trace Adkins,52,3,Gains In Performance
2011-12-03,47,Somebody's Chelsea,Reba,45,12,Gains In Performance
2011-12-03,48,Underdog,The Lost Trailers,49,8,Gains In Performance
2011-12-03,49,That Girl,Kevin Fowler,50,10,Gains In Performance
2011-12-03,50,Home Sweet Home,THE FARM,55,5,Gains In Performance
2011-12-03,51,(Kissed You) Good Night,Gloriana,56,5,Gains In Performance
2011-12-03,52,Amy's Song,Brent Anderson,51,6,Gains In Performance
2011-12-03,53,My Hometown,Uncle Kracker,58,5,Gains In Performance
2011-12-03,54,Saturday Night,Wade Bowen,RE,4,Gains In Performance
2011-12-03,55,A-OK,Neal McCoy,57,3,Gains In Performance
2011-12-03,56,Never Really Wanted,Eric Paslay,54,11,
2011-12-03,57,Angel Eyes,Love And Theft,NEW,1,Highest ranking debut|Gains In Performance
2011-12-03,58,Change,Josh Thompson,48,9,
2011-12-03,59,A Man Without A Woman,Trent Tomlinson,NEW,1,Gains In Performance
2011-12-03,60,Run,Sugarland Featuring Matt Nathanson,60,2,
2011-12-10,1,We Owned The Night,Lady Antebellum,3,15,Gains In Performance
2011-12-10,2,Tattoos On This Town,Jason Aldean,2,16,Gains In Performance
2011-12-10,3,Baggage Claim,Miranda Lambert,4,17,Gains In Performance
2011-12-10,4,Keep Me In Mind,Zac Brown Band,8,15,Greatest gainer this week|Gains In Performance
2011-12-10,5,Country Must Be Country Wide,Brantley Gilbert,1,34,
2011-12-10,6,God Gave Me You,Blake Shelton,6,21,
2011-12-10,7,Easy,Rascal Flatts Featuring Natasha Bedingfield,10,23,Gains In Performance
2011-12-10,8,I Got You,Thompson Square,9,29,Gains In Performance
2011-12-10,9,Let It Rain,David Nail Featuring Sarah Buxton,11,43,Gains In Performance
2011-12-10,10,Sparks Fly,Taylor Swift,5,21,
2011-12-10,11,Drink In My Hand,Eric Church,12,16,Gains In Performance
2011-12-10,12,I Don't Want This Night To End,Luke Bryan,13,13,Gains In Performance
2011-12-10,13,All Your Life,The Band Perry,14,18,Gains In Performance
2011-12-10,14,Reality,Kenny Chesney,16,9,Gains In Performance
2011-12-10,15,You,Chris Young,17,14,Gains In Performance
2011-12-10,16,One More Drinkin' Song,Jerrod Niemann,15,28,
2011-12-10,17,I Got Nothin',Darius Rucker,18,28,Gains In Performance
2011-12-10,18,I'm Gonna Love You Through It,Martina McBride,19,19,Gains In Performance
2011-12-10,19,Storm Warning,Hunter Hayes,20,31,Gains In Performance
2011-12-10,20,Home,Dierks Bentley,21,9,Gains In Performance
2011-12-10,21,You Gonna Fly,Keith Urban,23,6,Gains In Performance
2011-12-10,22,Camouflage,Brad Paisley,22,9,Gains In Performance
2011-12-10,23,Amen,Edens Edge,25,36,Gains In Performance
2011-12-10,24,Bait A Hook,Justin Moore,26,18,Gains In Performance
2011-12-10,25,Red Solo Cup,Toby Keith,28,7,Gains In Performance
2011-12-10,26,Long Way To Go,Alan Jackson,24,24,
2011-12-10,27,Where I Come From,Montgomery Gentry,27,20,Gains In Performance
2011-12-10,28,My Heart Can't Tell You No,Sara Evans,29,26,Gains In Performance
2011-12-10,29,Love's Gonna Make It Alright,George Strait,35,6,Gains In Performance
2011-12-10,30,Alone With You,Jake Owen,31,9,Gains In Performance
2011-12-10,31,Didn't I,James Wesley,30,33,Gains In Performance
2011-12-10,32,The Trouble With Girls,Scotty McCreery,32,13,Gains In Performance
2011-12-10,33,Come Home,Faith Hill,34,3,Gains In Performance
2011-12-10,34,Like My Dog,Billy Currington,33,8,Gains In Performance
2011-12-10,35,A Woman Like You,Lee Brice,36,8,Gains In Performance
2011-12-10,36,Got My Country On,Chris Cagle,37,13,Gains In Performance
2011-12-10,37,Let's Don't Call It A Night,Casey James,38,15,Gains In Performance
2011-12-10,38,Somethin' 'Bout A Truck,Kip Moore,39,8,Gains In Performance
2011-12-10,39,This Ole Boy,Craig Morgan,40,19,Gains In Performance
2011-12-10,40,Drink Myself Single,Sunny Sweeney,41,9,Gains In Performance
2011-12-10,41,Wanna Make You Love Me,Andy Gibson,44,11,Gains In Performance
2011-12-10,42,He's Mine,Rodney Atkins,43,4,Gains In Performance
2011-12-10,43,Georgia Peaches,Lauren Alaina,42,5,Gains In Performance
2011-12-10,44,Million Dollar View,Trace Adkins,46,4,Gains In Performance
2011-12-10,45,(Kissed You) Good Night,Gloriana,51,6,Gains In Performance
2011-12-10,46,Angel Eyes,Love And Theft,57,2,Gains In Performance
2011-12-10,47,Home Sweet Home,THE FARM,50,6,Gains In Performance
2011-12-10,48,Underdog,The Lost Trailers,48,9,Gains In Performance
2011-12-10,49,Merry Go Round,The JaneDear Girls,45,9,
2011-12-10,50,Somebody's Chelsea,Reba,47,13,
2011-12-10,51,That Girl,Kevin Fowler,49,11,Gains In Performance
2011-12-10,52,Saturday Night,Wade Bowen,54,5,Gains In Performance
2011-12-10,53,Amy's Song,Brent Anderson,52,7,Gains In Performance
2011-12-10,54,My Hometown,Uncle Kracker,53,6,
2011-12-10,55,A-OK,Neal McCoy,55,4,Gains In Performance
2011-12-10,56,Ours,Taylor Swift,NEW,1,Highest ranking debut|Gains In Performance
2011-12-10,57,Like We Never Said Goodbye,Clay Walker,NEW,1,Gains In Performance
2011-12-10,58,Care,Kid Rock Featuring Angaleena Presley or Martina McBride,RE,3,Gains In Performance
2011-12-10,59,A Man Without A Woman,Trent Tomlinson,59,2,Gains In Performance
2011-12-10,60,Why Ya Wanna,Jana Kramer,NEW,1,Gains In Performance
2011-12-17,1,We Owned The Night,Lady Antebellum,1,16,Gains In Performance
2011-12-17,2,Tattoos On This Town,Jason Aldean,2,17,Gains In Performance
2011-12-17,3,Keep Me In Mind,Zac Brown Band,4,16,Greatest gainer this week|Gains In Performance
2011-12-17,4,Baggage Claim,Miranda Lambert,3,18,
2011-12-17,5,Country Must Be Country Wide,Brantley Gilbert,5,35,
2011-12-17,6,God Gave Me You,Blake Shelton,6,22,
2011-12-17,7,Let It Rain,David Nail Featuring Sarah Buxton,9,44,Gains In Performance
2011-12-17,8,Easy,Rascal Flatts Featuring Natasha Bedingfield,7,24,Gains In Performance
2011-12-17,9,I Got You,Thompson Square,8,30,Gains In Performance
2011-12-17,10,Drink In My Hand,Eric Church,11,17,Gains In Performance
2011-12-17,11,I Don't Want This Night To End,Luke Bryan,12,14,Gains In Performance
2011-12-17,12,All Your Life,The Band Perry,13,19,Gains In Performance
2011-12-17,13,You,Chris Young,15,15,Gains In Performance
2011-12-17,14,Reality,Kenny Chesney,14,10,Gains In Performance
2011-12-17,15,I'm Gonna Love You Through It,Martina McBride,18,20,Gains In Performance
2011-12-17,16,Home,Dierks Bentley,20,10,Gains In Performance
2011-12-17,17,You Gonna Fly,Keith Urban,21,7,Gains In Performance
2011-12-17,18,Storm Warning,Hunter Hayes,19,32,Gains In Performance
2011-12-17,19,Camouflage,Brad Paisley,22,10,Gains In Performance
2011-12-17,20,Amen,Edens Edge,23,37,Gains In Performance
2011-12-17,21,Red Solo Cup,Toby Keith,25,8,Gains In Performance
2011-12-17,22,Bait A Hook,Justin Moore,24,19,Gains In Performance
2011-12-17,23,Where I Come From,Montgomery Gentry,27,21,Gains In Performance
2011-12-17,24,Love's Gonna Make It Alright,George Strait,29,7,Gains In Performance
2011-12-17,25,My Heart Can't Tell You No,Sara Evans,28,27,Gains In Performance
2011-12-17,26,Alone With You,Jake Owen,30,10,Gains In Performance
2011-12-17,27,Didn't I,James Wesley,31,34,Gains In Performance
2011-12-17,28,The Trouble With Girls,Scotty McCreery,32,14,Gains In Performance
2011-12-17,29,Come Home,Faith Hill,33,4,Gains In Performance
2011-12-17,30,Like My Dog,Billy Currington,34,9,
2011-12-17,31,A Woman Like You,Lee Brice,35,9,Gains In Performance
2011-12-17,32,Got My Country On,Chris Cagle,36,14,Gains In Performance
2011-12-17,33,This Ole Boy,Craig Morgan,39,20,Gains In Performance
2011-12-17,34,Let's Don't Call It A Night,Casey James,37,16,Gains In Performance
2011-12-17,35,Somethin' 'Bout A Truck,Kip Moore,38,9,Gains In Performance
2011-12-17,36,Drink Myself Single,Sunny Sweeney,40,10,Gains In Performance
2011-12-17,37,Ours,Taylor Swift,56,2,Gains In Performance
2011-12-17,38,He's Mine,Rodney Atkins,42,5,Gains In Performance
2011-12-17,39,Wanna Make You Love Me,Andy Gibson,41,12,Gains In Performance
2011-12-17,40,Georgia Peaches,Lauren Alaina,43,6,Gains In Performance
2011-12-17,41,(Kissed You) Good Night,Gloriana,45,7,Gains In Performance
2011-12-17,42,Million Dollar View,Trace Adkins,44,5,Gains In Performance
2011-12-17,43,Angel Eyes,Love And Theft,46,3,Gains In Performance
2011-12-17,44,Home Sweet Home,THE FARM,47,7,Gains In Performance
2011-12-17,45,Underdog,The Lost Trailers,48,10,Gains In Performance
2011-12-17,46,Merry Go Round,The JaneDear Girls,49,10,Gains In Performance
2011-12-17,47,Amy's Song,Brent Anderson,53,8,Gains In Performance
2011-12-17,48,That Girl,Kevin Fowler,51,12,Gains In Performance
2011-12-17,49,Saturday Night,Wade Bowen,52,6,Gains In Performance
2011-12-17,50,My Hometown,Uncle Kracker,54,7,Gains In Performance
2011-12-17,51,Better Than I Used To Be,Tim McGraw,NEW,1,Highest ranking debut|Gains In Performance
2011-12-17,52,You Don't Know Her Like I Do,Brantley Gilbert,NEW,1,Gains In Performance
2011-12-17,53,A-OK,Neal McCoy,55,5,Gains In Performance
2011-12-17,54,Somebody's Chelsea,Reba,50,14,
2011-12-17,55,Like We Never Said Goodbye,Clay Walker,57,2,Gains In Performance
2011-12-17,56,Santa Claus Is Coming To Town,The Band Perry,NEW,1,Gains In Performance
2011-12-17,57,Wonderful Christmastime,Eli Young Band,NEW,1,Gains In Performance
2011-12-17,58,When I Get It,Craig Campbell,NEW,1,Gains In Performance
2011-12-17,59,Care,Kid Rock Featuring Angaleena Presley or Martina McBride,58,4,
2011-12-17,60,Change,Josh Thompson,RE,10,Gains In Performance
2011-12-24,1,Keep Me In Mind,Zac Brown Band,3,17,Gains In Performance
2011-12-24,2,Tattoos On This Town,Jason Aldean,2,18,Gains In Performance
2011-12-24,3,We Owned The Night,Lady Antebellum,1,17,
2011-12-24,4,Easy,Rascal Flatts Featuring Natasha Bedingfield,8,25,Gains In Performance
2011-12-24,5,Let It Rain,David Nail Featuring Sarah Buxton,7,45,Gains In Performance
2011-12-24,6,Drink In My Hand,Eric Church,10,18,Gains In Performance
2011-12-24,7,I Don't Want This Night To End,Luke Bryan,11,15,Gains In Performance
2011-12-24,8,Baggage Claim,Miranda Lambert,4,19,
2011-12-24,9,You,Chris Young,13,16,Gains In Performance
2011-12-24,10,All Your Life,The Band Perry,12,20,Gains In Performance
2011-12-24,11,Reality,Kenny Chesney,14,11,Gains In Performance
2011-12-24,12,I'm Gonna Love You Through It,Martina McBride,15,21,Gains In Performance
2011-12-24,13,You Gonna Fly,Keith Urban,17,8,Gains In Performance
2011-12-24,14,Home,Dierks Bentley,16,11,Gains In Performance
2011-12-24,15,Camouflage,Brad Paisley,19,11,Gains In Performance
2011-12-24,16,Storm Warning,Hunter Hayes,18,33,Gains In Performance
2011-12-24,17,Red Solo Cup,Toby Keith,21,9,Gains In Performance
2011-12-24,18,Amen,Edens Edge,20,38,Gains In Performance
2011-12-24,19,Bait A Hook,Justin Moore,22,20,Gains In Performance
2011-12-24,20,Love's Gonna Make It Alright,George Strait,24,8,Gains In Performance
2011-12-24,21,Where I Come From,Montgomery Gentry,23,22,Gains In Performance
2011-12-24,22,My Heart Can't Tell You No,Sara Evans,25,28,Gains In Performance
2011-12-24,23,Alone With You,Jake Owen,26,11,Gains In Performance
2011-12-24,24,Didn't I,James Wesley,27,35,Gains In Performance
2011-12-24,25,The Trouble With Girls,Scotty McCreery,28,15,Gains In Performance
2011-12-24,26,Come Home,Faith Hill,29,5,
2011-12-24,27,Like My Dog,Billy Currington,30,10,Gains In Performance
2011-12-24,28,Ours,Taylor Swift,37,3,Gains In Performance
2011-12-24,29,A Woman Like You,Lee Brice,31,10,Gains In Performance
2011-12-24,30,This Ole Boy,Craig Morgan,33,21,Gains In Performance
2011-12-24,31,Got My Country On,Chris Cagle,32,15,Gains In Performance
2011-12-24,32,Somethin' 'Bout A Truck,Kip Moore,35,10,Gains In Performance
2011-12-24,33,Let's Don't Call It A Night,Casey James,34,17,Gains In Performance
2011-12-24,34,He's Mine,Rodney Atkins,38,6,Gains In Performance
2011-12-24,35,Wanna Make You Love Me,Andy Gibson,39,13,Gains In Performance
2011-12-24,36,Drink Myself Single,Sunny Sweeney,36,11,
2011-12-24,37,Georgia Peaches,Lauren Alaina,40,7,Gains In Performance
2011-12-24,38,(Kissed You) Good Night,Gloriana,41,8,Gains In Performance
2011-12-24,39,Better Than I Used To Be,Tim McGraw,51,2,Gains In Performance
2011-12-24,40,Million Dollar View,Trace Adkins,42,6,Gains In Performance
2011-12-24,41,You Don't Know Her Like I Do,Brantley Gilbert,52,2,Gains In Performance
2011-12-24,42,Angel Eyes,Love And Theft,43,4,Gains In Performance
2011-12-24,43,Home Sweet Home,THE FARM,44,8,Gains In Performance
2011-12-24,44,Underdog,The Lost Trailers,45,11,Gains In Performance
2011-12-24,45,Merry Go Round,The JaneDear Girls,46,11,Gains In Performance
2011-12-24,46,That Girl,Kevin Fowler,48,13,Gains In Performance
2011-12-24,47,Amy's Song,Brent Anderson,47,9,Gains In Performance
2011-12-24,48,Saturday Night,Wade Bowen,49,7,Gains In Performance
2011-12-24,49,My Hometown,Uncle Kracker,50,8,Gains In Performance
2011-12-24,50,Santa Claus Is Coming To Town,The Band Perry,56,2,Gains In Performance
2011-12-24,51,Comin' Around,Josh Thompson,NEW,1,Highest ranking debut|Gains In Performance
2011-12-24,52,Wonderful Christmastime,Eli Young Band,57,2,Gains In Performance
2011-12-24,53,A-OK,Neal McCoy,53,6,
2011-12-24,54,Christmas All Over The World,Tim McGraw,NEW,1,Gains In Performance
2011-12-24,55,Mele Kalikimaka,Jake Owen,NEW,1,Gains In Performance
2011-12-24,56,Like We Never Said Goodbye,Clay Walker,55,3,Gains In Performance
2011-12-24,57,Dancin' Away With My Heart,Lady Antebellum,NEW,1,Gains In Performance
2011-12-24,58,When I Get It,Craig Campbell,58,2,Gains In Performance
2011-12-24,59,Scream,Katie Armiger,NEW,1,Gains In Performance
2011-12-24,60,Even If It Breaks Your Heart,Eli Young Band,NEW,1,Gains In Performance
2011-12-31,1,Keep Me In Mind,Zac Brown Band,1,18,
2011-12-31,2,Tattoos On This Town,Jason Aldean,2,19,
2011-12-31,3,Easy,Rascal Flatts Featuring Natasha Bedingfield,4,26,Greatest gainer this week|Gains In Performance
2011-12-31,4,Let It Rain,David Nail Featuring Sarah Buxton,5,46,Gains In Performance
2011-12-31,5,I Don't Want This Night To End,Luke Bryan,7,16,Gains In Performance
2011-12-31,6,Drink In My Hand,Eric Church,6,19,Gains In Performance
2011-12-31,7,We Owned The Night,Lady Antebellum,3,18,
2011-12-31,8,You,Chris Young,9,17,Gains In Performance
2011-12-31,9,All Your Life,The Band Perry,10,21,Gains In Performance
2011-12-31,10,Reality,Kenny Chesney,11,12,Gains In Performance
2011-12-31,11,You Gonna Fly,Keith Urban,13,9,Gains In Performance
2011-12-31,12,I'm Gonna Love You Through It,Martina McBride,12,22,Gains In Performance
2011-12-31,13,Home,Dierks Bentley,14,12,Gains In Performance
2011-12-31,14,Red Solo Cup,Toby Keith,17,10,Gains In Performance
2011-12-31,15,Camouflage,Brad Paisley,15,12,Gains In Performance
2011-12-31,16,Storm Warning,Hunter Hayes,16,34,Gains In Performance
2011-12-31,17,Love's Gonna Make It Alright,George Strait,20,9,Gains In Performance
2011-12-31,18,Amen,Edens Edge,18,39,Gains In Performance
2011-12-31,19,Where I Come From,Montgomery Gentry,21,23,Gains In Performance
2011-12-31,20,Bait A Hook,Justin Moore,19,21,Gains In Performance
2011-12-31,21,Alone With You,Jake Owen,23,12,Gains In Performance
2011-12-31,22,Ours,Taylor Swift,28,4,Gains In Performance
2011-12-31,23,My Heart Can't Tell You No,Sara Evans,22,29,Gains In Performance
2011-12-31,24,Didn't I,James Wesley,24,36,
2011-12-31,25,The Trouble With Girls,Scotty McCreery,25,16,Gains In Performance
2011-12-31,26,Like My Dog,Billy Currington,27,11,Gains In Performance
2011-12-31,27,Come Home,Faith Hill,26,6,Gains In Performance
2011-12-31,28,A Woman Like You,Lee Brice,29,11,Gains In Performance
2011-12-31,29,This Ole Boy,Craig Morgan,30,22,Gains In Performance
2011-12-31,30,Somethin' 'Bout A Truck,Kip Moore,32,11,Gains In Performance
2011-12-31,31,Got My Country On,Chris Cagle,31,16,Gains In Performance
2011-12-31,32,Let's Don't Call It A Night,Casey James,33,18,Gains In Performance
2011-12-31,33,Better Than I Used To Be,Tim McGraw,39,3,Gains In Performance
2011-12-31,34,Christmas All Over The World,Tim McGraw,54,2,Gains In Performance
2011-12-31,35,He's Mine,Rodney Atkins,34,7,
2011-12-31,36,Wanna Make You Love Me,Andy Gibson,35,14,Gains In Performance
2011-12-31,37,You Don't Know Her Like I Do,Brantley Gilbert,41,3,Gains In Performance
2011-12-31,38,Drink Myself Single,Sunny Sweeney,36,12,Gains In Performance
2011-12-31,39,(Kissed You) Good Night,Gloriana,38,9,Gains In Performance
2011-12-31,40,Georgia Peaches,Lauren Alaina,37,8,Gains In Performance
2011-12-31,41,Dancin' Away With My Heart,Lady Antebellum,57,2,Gains In Performance
2011-12-31,42,Santa Claus Is Coming To Town,The Band Perry,50,3,Gains In Performance
2011-12-31,43,Million Dollar View,Trace Adkins,40,7,Gains In Performance
2011-12-31,44,Saturday Night,Wade Bowen,48,8,Gains In Performance
2011-12-31,45,That Girl,Kevin Fowler,46,14,Gains In Performance
2011-12-31,46,Angel Eyes,Love And Theft,42,5,Gains In Performance
2011-12-31,47,Underdog,The Lost Trailers,44,12,Gains In Performance
2011-12-31,48,Comin' Around,Josh Thompson,51,2,Gains In Performance
2011-12-31,49,Home Sweet Home,THE FARM,43,9,
2011-12-31,50,Merry Go Round,The JaneDear Girls,45,12,
2011-12-31,51,Wonderful Christmastime,Eli Young Band,52,3,Gains In Performance
2011-12-31,52,My Hometown,Uncle Kracker,49,9,Gains In Performance
2011-12-31,53,Amy's Song,Brent Anderson,47,10,
2011-12-31,54,When I Get It,Craig Campbell,58,3,Gains In Performance
2011-12-31,55,A-OK,Neal McCoy,53,7,Gains In Performance
2011-12-31,56,Even If It Breaks Your Heart,Eli Young Band,60,2,Gains In Performance
2011-12-31,57,Please Come Home For Christmas,Martina McBride,NEW,1,Highest ranking debut|Gains In Performance
2011-12-31,58,Mele Kalikimaka,Jake Owen,55,2,Gains In Performance
2011-12-31,59,Like We Never Said Goodbye,Clay Walker,56,4,Gains In Performance
2011-12-31,60,Scream,Katie Armiger,59,2,Gains In Performance
2012-01-07,1,Keep Me In Mind,Zac Brown Band,1,19,
2012-01-07,2,Tattoos On This Town,Jason Aldean,2,20,
2012-01-07,3,Easy,Rascal Flatts Featuring Natasha Bedingfield,3,27,
2012-01-07,4,Let It Rain,David Nail Featuring Sarah Buxton,4,47,
2012-01-07,5,Drink In My Hand,Eric Church,6,20,
2012-01-07,6,I Don't Want This Night To End,Luke Bryan,5,17,
2012-01-07,7,You,Chris Young,8,18,
2012-01-07,8,We Owned The Night,Lady Antebellum,7,19,
2012-01-07,9,All Your Life,The Band Perry,9,22,
2012-01-07,10,Reality,Kenny Chesney,10,13,
2012-01-07,11,You Gonna Fly,Keith Urban,11,10,
2012-01-07,12,I'm Gonna Love You Through It,Martina McBride,12,23,
2012-01-07,13,Home,Dierks Bentley,13,13,
2012-01-07,14,Red Solo Cup,Toby Keith,14,11,
2012-01-07,15,Storm Warning,Hunter Hayes,16,35,
2012-01-07,16,Camouflage,Brad Paisley,15,13,
2012-01-07,17,Love's Gonna Make It Alright,George Strait,17,10,
2012-01-07,18,Where I Come From,Montgomery Gentry,19,24,
2012-01-07,19,Amen,Edens Edge,18,40,
2012-01-07,20,Bait A Hook,Justin Moore,20,22,
2012-01-07,21,Alone With You,Jake Owen,21,13,
2012-01-07,22,Ours,Taylor Swift,22,5,
2012-01-07,23,My Heart Can't Tell You No,Sara Evans,23,30,
2012-01-07,24,The Trouble With Girls,Scotty McCreery,25,17,
2012-01-07,25,A Woman Like You,Lee Brice,28,12,Gains In Performance
2012-01-07,26,Like My Dog,Billy Currington,26,12,
2012-01-07,27,Didn't I,James Wesley,24,37,
2012-01-07,28,Come Home,Faith Hill,27,7,
2012-01-07,29,Santa Claus Is Coming To Town,The Band Perry,42,4,Greatest gainer this week|Gains In Performance
2012-01-07,30,Christmas All Over The World,Tim McGraw,34,3,Gains In Performance
2012-01-07,31,This Ole Boy,Craig Morgan,29,23,
2012-01-07,32,Somethin' 'Bout A Truck,Kip Moore,30,12,
2012-01-07,33,Wonderful Christmastime,Eli Young Band,51,4,Gains In Performance
2012-01-07,34,Let's Don't Call It A Night,Casey James,32,19,
2012-01-07,35,Got My Country On,Chris Cagle,31,17,
2012-01-07,36,Better Than I Used To Be,Tim McGraw,33,4,Gains In Performance
2012-01-07,37,Dancin' Away With My Heart,Lady Antebellum,41,3,Gains In Performance
2012-01-07,38,You Don't Know Her Like I Do,Brantley Gilbert,37,4,
2012-01-07,39,Drink Myself Single,Sunny Sweeney,38,13,
2012-01-07,40,Mele Kalikimaka,Jake Owen,58,3,Gains In Performance
2012-01-07,41,He's Mine,Rodney Atkins,35,8,
2012-01-07,42,(Kissed You) Good Night,Gloriana,39,10,
2012-01-07,43,Wanna Make You Love Me,Andy Gibson,36,15,
2012-01-07,44,Georgia Peaches,Lauren Alaina,40,9,
2012-01-07,45,Saturday Night,Wade Bowen,44,9,
2012-01-07,46,That Girl,Kevin Fowler,45,15,
2012-01-07,47,Million Dollar View,Trace Adkins,43,8,
2012-01-07,48,Angel Eyes,Love And Theft,46,6,
2012-01-07,49,Have Yourself A Merry Little Christmas,Little Big Town,NEW,1,Highest ranking debut|Gains In Performance
2012-01-07,50,Underdog,The Lost Trailers,47,13,
2012-01-07,51,Please Come Home For Christmas,Martina McBride,57,2,Gains In Performance
2012-01-07,52,Home Sweet Home,THE FARM,49,10,
2012-01-07,53,Over You,Miranda Lambert,NEW,1,Gains In Performance
2012-01-07,54,My Hometown,Uncle Kracker,52,10,
2012-01-07,55,Comin' Around,Josh Thompson,48,3,
2012-01-07,56,Drink On It,Blake Shelton,NEW,1,Gains In Performance
2012-01-07,57,Amy's Song,Brent Anderson,53,11,
2012-01-07,58,Run Rudolph Run,Justin Moore,NEW,1,Gains In Performance
2012-01-07,59,O Holy Night,Edens Edge,NEW,1,Gains In Performance
2012-01-07,60,Merry Go Round,The JaneDear Girls,50,13,
2012-01-14,1,Keep Me In Mind,Zac Brown Band,1,20,Gains In Performance
2012-01-14,2,Let It Rain,David Nail Featuring Sarah Buxton,4,48,Gains In Performance
2012-01-14,3,Drink In My Hand,Eric Church,5,21,Greatest gainer this week|Gains In Performance
2012-01-14,4,Tattoos On This Town,Jason Aldean,2,21,Gains In Performance
2012-01-14,5,Easy,Rascal Flatts Featuring Natasha Bedingfield,3,28,Gains In Performance
2012-01-14,6,I Don't Want This Night To End,Luke Bryan,6,18,Gains In Performance
2012-01-14,7,You,Chris Young,7,19,Gains In Performance
2012-01-14,8,All Your Life,The Band Perry,9,23,Gains In Performance
2012-01-14,9,We Owned The Night,Lady Antebellum,8,20,Gains In Performance
2012-01-14,10,Reality,Kenny Chesney,10,14,Gains In Performance
2012-01-14,11,You Gonna Fly,Keith Urban,11,11,Gains In Performance
2012-01-14,12,I'm Gonna Love You Through It,Martina McBride,12,24,Gains In Performance
2012-01-14,13,Home,Dierks Bentley,13,14,Gains In Performance
2012-01-14,14,Red Solo Cup,Toby Keith,14,12,Gains In Performance
2012-01-14,15,Camouflage,Brad Paisley,16,14,Gains In Performance
2012-01-14,16,Storm Warning,Hunter Hayes,15,36,Gains In Performance
2012-01-14,17,Love's Gonna Make It Alright,George Strait,17,11,Gains In Performance
2012-01-14,18,Where I Come From,Montgomery Gentry,18,25,Gains In Performance
2012-01-14,19,Amen,Edens Edge,19,41,Gains In Performance
2012-01-14,20,Bait A Hook,Justin Moore,20,23,Gains In Performance
2012-01-14,21,Alone With You,Jake Owen,21,14,Gains In Performance
2012-01-14,22,Ours,Taylor Swift,22,6,Gains In Performance
2012-01-14,23,My Heart Can't Tell You No,Sara Evans,23,31,Gains In Performance
2012-01-14,24,The Trouble With Girls,Scotty McCreery,24,18,Gains In Performance
2012-01-14,25,Like My Dog,Billy Currington,26,13,Gains In Performance
2012-01-14,26,A Woman Like You,Lee Brice,25,13,Gains In Performance
2012-01-14,27,Didn't I,James Wesley,27,38,Gains In Performance
2012-01-14,28,Come Home,Faith Hill,28,8,Gains In Performance
2012-01-14,29,This Ole Boy,Craig Morgan,31,24,Gains In Performance
2012-01-14,30,Dancin' Away With My Heart,Lady Antebellum,37,4,Gains In Performance
2012-01-14,31,Better Than I Used To Be,Tim McGraw,36,5,Gains In Performance
2012-01-14,32,Somethin' 'Bout A Truck,Kip Moore,32,13,Gains In Performance
2012-01-14,33,Got My Country On,Chris Cagle,35,18,Gains In Performance
2012-01-14,34,Let's Don't Call It A Night,Casey James,34,20,Gains In Performance
2012-01-14,35,You Don't Know Her Like I Do,Brantley Gilbert,38,5,Gains In Performance
2012-01-14,36,(Kissed You) Good Night,Gloriana,42,11,Gains In Performance
2012-01-14,37,He's Mine,Rodney Atkins,41,9,Gains In Performance
2012-01-14,38,Georgia Peaches,Lauren Alaina,44,10,Gains In Performance
2012-01-14,39,Drink Myself Single,Sunny Sweeney,39,14,Gains In Performance
2012-01-14,40,Wanna Make You Love Me,Andy Gibson,43,16,Gains In Performance
2012-01-14,41,Drink On It,Blake Shelton,56,2,Gains In Performance
2012-01-14,42,Million Dollar View,Trace Adkins,47,9,Gains In Performance
2012-01-14,43,Over You,Miranda Lambert,53,2,Gains In Performance
2012-01-14,44,Saturday Night,Wade Bowen,45,10,Gains In Performance
2012-01-14,45,Angel Eyes,Love And Theft,48,7,Gains In Performance
2012-01-14,46,That Girl,Kevin Fowler,46,16,Gains In Performance
2012-01-14,47,Underdog,The Lost Trailers,50,14,Gains In Performance
2012-01-14,48,Home Sweet Home,THE FARM,52,11,Gains In Performance
2012-01-14,49,Comin' Around,Josh Thompson,55,4,Gains In Performance
2012-01-14,50,Amy's Song,Brent Anderson,57,12,Gains In Performance
2012-01-14,51,Even If It Breaks Your Heart,Eli Young Band,RE,3,Gains In Performance
2012-01-14,52,My Hometown,Uncle Kracker,54,11,Gains In Performance
2012-01-14,53,Merry Go Round,The JaneDear Girls,60,14,Gains In Performance
2012-01-14,54,When I Get It,Craig Campbell,RE,4,Gains In Performance
2012-01-14,55,A-OK,Neal McCoy,RE,8,Gains In Performance
2012-01-14,56,Time Is Love,Josh Turner,NEW,1,Highest ranking debut|Gains In Performance
2012-01-14,57,Scream,Katie Armiger,RE,3,Gains In Performance
2012-01-14,58,Why Ya Wanna,Jana Kramer,RE,2,Gains In Performance
2012-01-14,59,Fly Over States,Jason Aldean,NEW,1,Gains In Performance
2012-01-14,60,Until The Rain Stops,Steve Holy,NEW,1,Gains In Performance
2012-01-21,1,Let It Rain,David Nail Featuring Sarah Buxton,2,49,Greatest gainer this week|Gains In Performance
2012-01-21,2,Keep Me In Mind,Zac Brown Band,1,21,Gains In Performance
2012-01-21,3,Drink In My Hand,Eric Church,3,22,Gains In Performance
2012-01-21,4,I Don't Want This Night To End,Luke Bryan,6,19,Gains In Performance
2012-01-21,5,You,Chris Young,7,20,Gains In Performance
2012-01-21,6,Tattoos On This Town,Jason Aldean,4,22,
2012-01-21,7,All Your Life,The Band Perry,8,24,Gains In Performance
2012-01-21,8,Easy,Rascal Flatts Featuring Natasha Bedingfield,5,29,
2012-01-21,9,Reality,Kenny Chesney,10,15,Gains In Performance
2012-01-21,10,You Gonna Fly,Keith Urban,11,12,Gains In Performance
2012-01-21,11,I'm Gonna Love You Through It,Martina McBride,12,25,Gains In Performance
2012-01-21,12,Home,Dierks Bentley,13,15,Gains In Performance
2012-01-21,13,Red Solo Cup,Toby Keith,14,13,Gains In Performance
2012-01-21,14,Love's Gonna Make It Alright,George Strait,17,12,Gains In Performance
2012-01-21,15,Storm Warning,Hunter Hayes,16,37,Gains In Performance
2012-01-21,16,Camouflage,Brad Paisley,15,15,Gains In Performance
2012-01-21,17,Bait A Hook,Justin Moore,20,24,Gains In Performance
2012-01-21,18,Alone With You,Jake Owen,21,15,Gains In Performance
2012-01-21,19,Where I Come From,Montgomery Gentry,18,26,Gains In Performance
2012-01-21,20,Amen,Edens Edge,19,42,Gains In Performance
2012-01-21,21,Ours,Taylor Swift,22,7,Gains In Performance
2012-01-21,22,My Heart Can't Tell You No,Sara Evans,23,32,Gains In Performance
2012-01-21,23,The Trouble With Girls,Scotty McCreery,24,19,Gains In Performance
2012-01-21,24,Like My Dog,Billy Currington,25,14,Gains In Performance
2012-01-21,25,A Woman Like You,Lee Brice,26,14,Gains In Performance
2012-01-21,26,Come Home,Faith Hill,28,9,Gains In Performance
2012-01-21,27,Dancin' Away With My Heart,Lady Antebellum,30,5,Gains In Performance
2012-01-21,28,Better Than I Used To Be,Tim McGraw,31,6,Gains In Performance
2012-01-21,29,This Ole Boy,Craig Morgan,29,25,Gains In Performance
2012-01-21,30,Somethin' 'Bout A Truck,Kip Moore,32,14,Gains In Performance
2012-01-21,31,Drink On It,Blake Shelton,41,3,Gains In Performance
2012-01-21,32,Got My Country On,Chris Cagle,33,19,Gains In Performance
2012-01-21,33,Let's Don't Call It A Night,Casey James,34,21,Gains In Performance
2012-01-21,34,You Don't Know Her Like I Do,Brantley Gilbert,35,6,Gains In Performance
2012-01-21,35,(Kissed You) Good Night,Gloriana,36,12,Gains In Performance
2012-01-21,36,Wanna Make You Love Me,Andy Gibson,40,17,Gains In Performance
2012-01-21,37,Over You,Miranda Lambert,43,3,Gains In Performance
2012-01-21,38,Georgia Peaches,Lauren Alaina,38,11,Gains In Performance
2012-01-21,39,He's Mine,Rodney Atkins,37,10,Gains In Performance
2012-01-21,40,Drink Myself Single,Sunny Sweeney,39,15,Gains In Performance
2012-01-21,41,Million Dollar View,Trace Adkins,42,10,Gains In Performance
2012-01-21,42,Saturday Night,Wade Bowen,44,11,Gains In Performance
2012-01-21,43,Home Sweet Home,THE FARM,48,12,Gains In Performance
2012-01-21,44,Angel Eyes,Love And Theft,45,8,Gains In Performance
2012-01-21,45,That Girl,Kevin Fowler,46,17,Gains In Performance
2012-01-21,46,Comin' Around,Josh Thompson,49,5,Gains In Performance
2012-01-21,47,Underdog,The Lost Trailers,47,15,Gains In Performance
2012-01-21,48,Even If It Breaks Your Heart,Eli Young Band,51,4,Gains In Performance
2012-01-21,49,Amy's Song,Brent Anderson,50,13,Gains In Performance
2012-01-21,50,When I Get It,Craig Campbell,54,5,Gains In Performance
2012-01-21,51,My Hometown,Uncle Kracker,52,12,Gains In Performance
2012-01-21,52,Merry Go Round,The JaneDear Girls,53,15,Gains In Performance
2012-01-21,53,A-OK,Neal McCoy,55,9,Gains In Performance
2012-01-21,54,Time Is Love,Josh Turner,56,2,Gains In Performance
2012-01-21,55,Let The Cowboy Rock,Ronnie Dunn,NEW,1,Highest ranking debut|Gains In Performance
2012-01-21,56,Fly Over States,Jason Aldean,59,2,Gains In Performance
2012-01-21,57,Why Ya Wanna,Jana Kramer,58,3,Gains In Performance
2012-01-21,58,Scream,Katie Armiger,57,4,Gains In Performance
2012-01-21,59,Cowboys And Angels,Dustin Lynch,NEW,1,Gains In Performance
2012-01-21,60,Like We Never Said Goodbye,Clay Walker,RE,5,Gains In Performance
2012-01-28,1,Drink In My Hand,Eric Church,3,23,Gains In Performance
2012-01-28,2,I Don't Want This Night To End,Luke Bryan,4,20,Gains In Performance
2012-01-28,3,You,Chris Young,5,21,Gains In Performance
2012-01-28,4,Keep Me In Mind,Zac Brown Band,2,22,
2012-01-28,5,Let It Rain,David Nail Featuring Sarah Buxton,1,50,
2012-01-28,6,All Your Life,The Band Perry,7,25,Gains In Performance
2012-01-28,7,Reality,Kenny Chesney,9,16,Gains In Performance
2012-01-28,8,Tattoos On This Town,Jason Aldean,6,23,
2012-01-28,9,You Gonna Fly,Keith Urban,10,13,Gains In Performance
2012-01-28,10,I'm Gonna Love You Through It,Martina McBride,11,26,Gains In Performance
2012-01-28,11,Home,Dierks Bentley,12,16,Gains In Performance
2012-01-28,12,Red Solo Cup,Toby Keith,13,14,Gains In Performance
2012-01-28,13,Love's Gonna Make It Alright,George Strait,14,13,Gains In Performance
2012-01-28,14,Storm Warning,Hunter Hayes,15,38,Gains In Performance
2012-01-28,15,Camouflage,Brad Paisley,16,16,Gains In Performance
2012-01-28,16,Alone With You,Jake Owen,18,16,Gains In Performance
2012-01-28,17,Ours,Taylor Swift,21,8,Gains In Performance
2012-01-28,18,Bait A Hook,Justin Moore,17,25,Gains In Performance
2012-01-28,19,Where I Come From,Montgomery Gentry,19,27,Gains In Performance
2012-01-28,20,Amen,Edens Edge,20,43,
2012-01-28,21,My Heart Can't Tell You No,Sara Evans,22,33,Gains In Performance
2012-01-28,22,Dancin' Away With My Heart,Lady Antebellum,27,6,Gains In Performance
2012-01-28,23,Drink On It,Blake Shelton,31,4,Greatest gainer this week|Gains In Performance
2012-01-28,24,The Trouble With Girls,Scotty McCreery,23,20,Gains In Performance
2012-01-28,25,A Woman Like You,Lee Brice,25,15,Gains In Performance
2012-01-28,26,Like My Dog,Billy Currington,24,15,Gains In Performance
2012-01-28,27,Better Than I Used To Be,Tim McGraw,28,7,Gains In Performance
2012-01-28,28,Come Home,Faith Hill,26,10,Gains In Performance
2012-01-28,29,This Ole Boy,Craig Morgan,29,26,Gains In Performance
2012-01-28,30,Somethin' 'Bout A Truck,Kip Moore,30,15,Gains In Performance
2012-01-28,31,Over You,Miranda Lambert,37,4,Gains In Performance
2012-01-28,32,You Don't Know Her Like I Do,Brantley Gilbert,34,7,Gains In Performance
2012-01-28,33,Got My Country On,Chris Cagle,32,20,Gains In Performance
2012-01-28,34,Let's Don't Call It A Night,Casey James,33,22,Gains In Performance
2012-01-28,35,Wanna Make You Love Me,Andy Gibson,36,18,Gains In Performance
2012-01-28,36,(Kissed You) Good Night,Gloriana,35,13,
2012-01-28,37,Banjo,Rascal Flatts,NEW,1,Highest ranking debut|Gains In Performance
2012-01-28,38,He's Mine,Rodney Atkins,39,11,Gains In Performance
2012-01-28,39,Georgia Peaches,Lauren Alaina,38,12,
2012-01-28,40,Drink Myself Single,Sunny Sweeney,40,16,
2012-01-28,41,Million Dollar View,Trace Adkins,41,11,
2012-01-28,42,Home Sweet Home,THE FARM,43,13,Gains In Performance
2012-01-28,43,Angel Eyes,Love And Theft,44,9,Gains In Performance
2012-01-28,44,Underdog,The Lost Trailers,47,16,Gains In Performance
2012-01-28,45,That Girl,Kevin Fowler,45,18,Gains In Performance
2012-01-28,46,Saturday Night,Wade Bowen,42,12,
2012-01-28,47,Even If It Breaks Your Heart,Eli Young Band,48,5,Gains In Performance
2012-01-28,48,Time Is Love,Josh Turner,54,3,Gains In Performance
2012-01-28,49,Comin' Around,Josh Thompson,46,6,
2012-01-28,50,Amy's Song,Brent Anderson,49,14,
2012-01-28,51,When I Get It,Craig Campbell,50,6,
2012-01-28,52,A-OK,Neal McCoy,53,10,Gains In Performance
2012-01-28,53,Let The Cowboy Rock,Ronnie Dunn,55,2,Gains In Performance
2012-01-28,54,Why Ya Wanna,Jana Kramer,57,4,Gains In Performance
2012-01-28,55,Cowboys And Angels,Dustin Lynch,59,2,Gains In Performance
2012-01-28,56,My Hometown,Uncle Kracker,51,13,
2012-01-28,57,Fly Over States,Jason Aldean,56,3,
2012-01-28,58,So You Don't Have To Love Me Anymore,Alan Jackson,NEW,1,Gains In Performance
2012-01-28,59,Scream,Katie Armiger,58,5,Gains In Performance
2012-01-28,60,Merry Go Round,The JaneDear Girls,52,16,
2012-02-04,1,I Don't Want This Night To End,Luke Bryan,2,21,Gains In Performance
2012-02-04,2,You,Chris Young,3,22,Gains In Performance
2012-02-04,3,Drink In My Hand,Eric Church,1,24,
2012-02-04,4,All Your Life,The Band Perry,6,26,Greatest gainer this week|Gains In Performance
2012-02-04,5,Keep Me In Mind,Zac Brown Band,4,23,
2012-02-04,6,Reality,Kenny Chesney,7,17,Gains In Performance
2012-02-04,7,You Gonna Fly,Keith Urban,9,14,Gains In Performance
2012-02-04,8,Let It Rain,David Nail Featuring Sarah Buxton,5,51,
2012-02-04,9,I'm Gonna Love You Through It,Martina McBride,10,27,Gains In Performance
2012-02-04,10,Home,Dierks Bentley,11,17,Gains In Performance
2012-02-04,11,Red Solo Cup,Toby Keith,12,15,Gains In Performance
2012-02-04,12,Love's Gonna Make It Alright,George Strait,13,14,Gains In Performance
2012-02-04,13,Ours,Taylor Swift,17,9,Gains In Performance
2012-02-04,14,Alone With You,Jake Owen,16,17,Gains In Performance
2012-02-04,15,Storm Warning,Hunter Hayes,14,39,Gains In Performance
2012-02-04,16,Camouflage,Brad Paisley,15,17,Gains In Performance
2012-02-04,17,Where I Come From,Montgomery Gentry,19,28,Gains In Performance
2012-02-04,18,Bait A Hook,Justin Moore,18,26,Gains In Performance
2012-02-04,19,Amen,Edens Edge,20,44,Gains In Performance
2012-02-04,20,Dancin' Away With My Heart,Lady Antebellum,22,7,Gains In Performance
2012-02-04,21,Drink On It,Blake Shelton,23,5,Gains In Performance
2012-02-04,22,My Heart Can't Tell You No,Sara Evans,21,34,
2012-02-04,23,The Trouble With Girls,Scotty McCreery,24,21,Gains In Performance
2012-02-04,24,A Woman Like You,Lee Brice,25,16,Gains In Performance
2012-02-04,25,Like My Dog,Billy Currington,26,16,Gains In Performance
2012-02-04,26,Better Than I Used To Be,Tim McGraw,27,8,Gains In Performance
2012-02-04,27,Over You,Miranda Lambert,31,5,Gains In Performance
2012-02-04,28,Come Home,Faith Hill,28,11,
2012-02-04,29,This Ole Boy,Craig Morgan,29,27,Gains In Performance
2012-02-04,30,Somethin' 'Bout A Truck,Kip Moore,30,16,Gains In Performance
2012-02-04,31,Banjo,Rascal Flatts,37,2,Gains In Performance
2012-02-04,32,You Don't Know Her Like I Do,Brantley Gilbert,32,8,Gains In Performance
2012-02-04,33,Got My Country On,Chris Cagle,33,21,Gains In Performance
2012-02-04,34,Let's Don't Call It A Night,Casey James,34,23,Gains In Performance
2012-02-04,35,Wanna Make You Love Me,Andy Gibson,35,19,
2012-02-04,36,(Kissed You) Good Night,Gloriana,36,14,Gains In Performance
2012-02-04,37,He's Mine,Rodney Atkins,38,12,Gains In Performance
2012-02-04,38,Georgia Peaches,Lauren Alaina,39,13,Gains In Performance
2012-02-04,39,Million Dollar View,Trace Adkins,41,12,Gains In Performance
2012-02-04,40,Home Sweet Home,THE FARM,42,14,Gains In Performance
2012-02-04,41,Even If It Breaks Your Heart,Eli Young Band,47,6,Gains In Performance
2012-02-04,42,Cowboys And Angels,Dustin Lynch,55,3,Gains In Performance
2012-02-04,43,Angel Eyes,Love And Theft,43,10,
2012-02-04,44,Saturday Night,Wade Bowen,46,13,Gains In Performance
2012-02-04,45,That Girl,Kevin Fowler,45,19,
2012-02-04,46,Drink Myself Single,Sunny Sweeney,40,17,
2012-02-04,47,Underdog,The Lost Trailers,44,17,
2012-02-04,48,Time Is Love,Josh Turner,48,4,Gains In Performance
2012-02-04,49,Comin' Around,Josh Thompson,49,7,Gains In Performance
2012-02-04,50,Why Ya Wanna,Jana Kramer,54,5,Gains In Performance
2012-02-04,51,No Hurry,Zac Brown Band,NEW,1,Highest ranking debut|Gains In Performance
2012-02-04,52,Fly Over States,Jason Aldean,57,4,Gains In Performance
2012-02-04,53,When I Get It,Craig Campbell,51,7,Gains In Performance
2012-02-04,54,Let The Cowboy Rock,Ronnie Dunn,53,3,Gains In Performance
2012-02-04,55,Amy's Song,Brent Anderson,50,15,
2012-02-04,56,My Hometown,Uncle Kracker,56,14,Gains In Performance
2012-02-04,57,So You Don't Have To Love Me Anymore,Alan Jackson,58,2,Gains In Performance
2012-02-04,58,A-OK,Neal McCoy,52,11,
2012-02-04,59,Scream,Katie Armiger,59,6,Gains In Performance
2012-02-04,60,Like We Never Said Goodbye,Clay Walker,RE,6,Gains In Performance
2012-02-11,1,You,Chris Young,2,23,Gains In Performance
2012-02-11,2,I Don't Want This Night To End,Luke Bryan,1,22,
2012-02-11,3,All Your Life,The Band Perry,4,27,Gains In Performance
2012-02-11,4,Drink In My Hand,Eric Church,3,25,
2012-02-11,5,You Gonna Fly,Keith Urban,7,15,Gains In Performance
2012-02-11,6,Reality,Kenny Chesney,6,18,Gains In Performance
2012-02-11,7,Keep Me In Mind,Zac Brown Band,5,24,
2012-02-11,8,Home,Dierks Bentley,10,18,Gains In Performance
2012-02-11,9,I'm Gonna Love You Through It,Martina McBride,9,28,Gains In Performance
2012-02-11,10,Red Solo Cup,Toby Keith,11,16,Gains In Performance
2012-02-11,11,Love's Gonna Make It Alright,George Strait,12,15,Gains In Performance
2012-02-11,12,Alone With You,Jake Owen,14,18,Gains In Performance
2012-02-11,13,Ours,Taylor Swift,13,10,Gains In Performance
2012-02-11,14,Storm Warning,Hunter Hayes,15,40,Gains In Performance
2012-02-11,15,Camouflage,Brad Paisley,16,18,Gains In Performance
2012-02-11,16,Where I Come From,Montgomery Gentry,17,29,Gains In Performance
2012-02-11,17,Drink On It,Blake Shelton,21,6,Gains In Performance
2012-02-11,18,Dancin' Away With My Heart,Lady Antebellum,20,8,Gains In Performance
2012-02-11,19,Bait A Hook,Justin Moore,18,27,Gains In Performance
2012-02-11,20,The Trouble With Girls,Scotty McCreery,23,22,Gains In Performance
2012-02-11,21,A Woman Like You,Lee Brice,24,17,Gains In Performance
2012-02-11,22,Better Than I Used To Be,Tim McGraw,26,9,Gains In Performance
2012-02-11,23,Over You,Miranda Lambert,27,6,Gains In Performance
2012-02-11,24,Banjo,Rascal Flatts,31,3,Greatest gainer this week|Gains In Performance
2012-02-11,25,Like My Dog,Billy Currington,25,17,Gains In Performance
2012-02-11,26,Somethin' 'Bout A Truck,Kip Moore,30,17,Gains In Performance
2012-02-11,27,This Ole Boy,Craig Morgan,29,28,Gains In Performance
2012-02-11,28,You Don't Know Her Like I Do,Brantley Gilbert,32,9,Gains In Performance
2012-02-11,29,Got My Country On,Chris Cagle,33,22,Gains In Performance
2012-02-11,30,Come Home,Faith Hill,28,12,
2012-02-11,31,Let's Don't Call It A Night,Casey James,34,24,Gains In Performance
2012-02-11,32,Wanna Make You Love Me,Andy Gibson,35,20,Gains In Performance
2012-02-11,33,(Kissed You) Good Night,Gloriana,36,15,Gains In Performance
2012-02-11,34,He's Mine,Rodney Atkins,37,13,Gains In Performance
2012-02-11,35,Georgia Peaches,Lauren Alaina,38,14,Gains In Performance
2012-02-11,36,No Hurry,Zac Brown Band,51,2,Gains In Performance
2012-02-11,37,Time Is Love,Josh Turner,48,5,Gains In Performance
2012-02-11,38,Million Dollar View,Trace Adkins,39,13,
2012-02-11,39,Saturday Night,Wade Bowen,44,14,Gains In Performance
2012-02-11,40,Even If It Breaks Your Heart,Eli Young Band,41,7,Gains In Performance
2012-02-11,41,Angel Eyes,Love And Theft,43,11,Gains In Performance
2012-02-11,42,Home Sweet Home,THE FARM,40,15,Gains In Performance
2012-02-11,43,Cowboys And Angels,Dustin Lynch,42,4,Gains In Performance
2012-02-11,44,Why Ya Wanna,Jana Kramer,50,6,Gains In Performance
2012-02-11,45,Fly Over States,Jason Aldean,52,5,Gains In Performance
2012-02-11,46,Let The Cowboy Rock,Ronnie Dunn,54,4,Gains In Performance
2012-02-11,47,That Girl,Kevin Fowler,45,20,
2012-02-11,48,Underdog,The Lost Trailers,47,18,Gains In Performance
2012-02-11,49,Comin' Around,Josh Thompson,49,8,Gains In Performance
2012-02-11,50,When I Get It,Craig Campbell,53,8,Gains In Performance
2012-02-11,51,My Hometown,Uncle Kracker,56,15,Gains In Performance
2012-02-11,52,So You Don't Have To Love Me Anymore,Alan Jackson,57,3,Gains In Performance
2012-02-11,53,We Got Us,Canaan Smith,NEW,1,Highest ranking debut|Gains In Performance
2012-02-11,54,A-OK,Neal McCoy,58,12,Gains In Performance
2012-02-11,55,Scream,Katie Armiger,59,7,Gains In Performance
2012-02-11,56,Like We Never Said Goodbye,Clay Walker,60,7,Gains In Performance
2012-02-11,57,Don't Miss Your Life,Phil Vassar,NEW,1,Gains In Performance
2012-02-11,58,Touch,Josh Abbott Band,NEW,1,Gains In Performance
2012-02-11,59,Until The Rain Stops,Steve Holy,RE,2,Gains In Performance
2012-02-11,60,Glass,Thompson Square,NEW,1,Gains In Performance
2012-02-18,1,All Your Life,The Band Perry,3,28,Gains In Performance
2012-02-18,2,You,Chris Young,1,24,Gains In Performance
2012-02-18,3,You Gonna Fly,Keith Urban,5,16,Gains In Performance
2012-02-18,4,I Don't Want This Night To End,Luke Bryan,2,23,
2012-02-18,5,Reality,Kenny Chesney,6,19,Gains In Performance
2012-02-18,6,Drink In My Hand,Eric Church,4,26,
2012-02-18,7,Home,Dierks Bentley,8,19,Gains In Performance
2012-02-18,8,I'm Gonna Love You Through It,Martina McBride,9,29,Gains In Performance
2012-02-18,9,Red Solo Cup,Toby Keith,10,17,Gains In Performance
2012-02-18,10,Love's Gonna Make It Alright,George Strait,11,16,Gains In Performance
2012-02-18,11,Alone With You,Jake Owen,12,19,Gains In Performance
2012-02-18,12,Ours,Taylor Swift,13,11,Gains In Performance
2012-02-18,13,Drink On It,Blake Shelton,17,7,Gains In Performance
2012-02-18,14,Storm Warning,Hunter Hayes,14,41,Gains In Performance
2012-02-18,15,Dancin' Away With My Heart,Lady Antebellum,18,9,Gains In Performance
2012-02-18,16,Where I Come From,Montgomery Gentry,16,30,Gains In Performance
2012-02-18,17,Camouflage,Brad Paisley,15,19,
2012-02-18,18,Bait A Hook,Justin Moore,19,28,
2012-02-18,19,Banjo,Rascal Flatts,24,4,Greatest gainer this week|Gains In Performance
2012-02-18,20,A Woman Like You,Lee Brice,21,18,Gains In Performance
2012-02-18,21,Over You,Miranda Lambert,23,7,Gains In Performance
2012-02-18,22,The Trouble With Girls,Scotty McCreery,20,23,Gains In Performance
2012-02-18,23,Better Than I Used To Be,Tim McGraw,22,10,Gains In Performance
2012-02-18,24,Like My Dog,Billy Currington,25,18,
2012-02-18,25,Somethin' 'Bout A Truck,Kip Moore,26,18,Gains In Performance
2012-02-18,26,This Ole Boy,Craig Morgan,27,29,Gains In Performance
2012-02-18,27,You Don't Know Her Like I Do,Brantley Gilbert,28,10,Gains In Performance
2012-02-18,28,Got My Country On,Chris Cagle,29,23,Gains In Performance
2012-02-18,29,Let's Don't Call It A Night,Casey James,31,25,Gains In Performance
2012-02-18,30,No Hurry,Zac Brown Band,36,3,Gains In Performance
2012-02-18,31,(Kissed You) Good Night,Gloriana,33,16,Gains In Performance
2012-02-18,32,Wanna Make You Love Me,Andy Gibson,32,21,Gains In Performance
2012-02-18,33,Fly Over States,Jason Aldean,45,6,Gains In Performance
2012-02-18,34,He's Mine,Rodney Atkins,34,14,Gains In Performance
2012-02-18,35,Georgia Peaches,Lauren Alaina,35,15,Gains In Performance
2012-02-18,36,Time Is Love,Josh Turner,37,6,Gains In Performance
2012-02-18,37,Even If It Breaks Your Heart,Eli Young Band,40,8,Gains In Performance
2012-02-18,38,Million Dollar View,Trace Adkins,38,14,Gains In Performance
2012-02-18,39,Home Sweet Home,THE FARM,42,16,Gains In Performance
2012-02-18,40,Angel Eyes,Love And Theft,41,12,Gains In Performance
2012-02-18,41,Why Ya Wanna,Jana Kramer,44,7,Gains In Performance
2012-02-18,42,Saturday Night,Wade Bowen,39,15,
2012-02-18,43,Cowboys And Angels,Dustin Lynch,43,5,Gains In Performance
2012-02-18,44,So You Don't Have To Love Me Anymore,Alan Jackson,52,4,Gains In Performance
2012-02-18,45,Underdog,The Lost Trailers,48,19,Gains In Performance
2012-02-18,46,Comin' Around,Josh Thompson,49,9,Gains In Performance
2012-02-18,47,Let The Cowboy Rock,Ronnie Dunn,46,5,Gains In Performance
2012-02-18,48,When I Get It,Craig Campbell,50,9,Gains In Performance
2012-02-18,49,Glass,Thompson Square,60,2,Gains In Performance
2012-02-18,50,My Hometown,Uncle Kracker,51,16,Gains In Performance
2012-02-18,51,Like We Never Said Goodbye,Clay Walker,56,8,Gains In Performance
2012-02-18,52,Springsteen,Eric Church,NEW,1,Highest ranking debut|Gains In Performance
2012-02-18,53,We Got Us,Canaan Smith,53,2,Gains In Performance
2012-02-18,54,Don't Miss Your Life,Phil Vassar,57,2,Gains In Performance
2012-02-18,55,Touch,Josh Abbott Band,58,2,Gains In Performance
2012-02-18,56,Scream,Katie Armiger,55,8,Gains In Performance
2012-02-18,57,A-OK,Neal McCoy,54,13,
2012-02-18,58,Something To Do With My Hands,Thomas Rhett,NEW,1,Gains In Performance
2012-02-18,59,Until The Rain Stops,Steve Holy,59,3,
2012-02-18,60,Run,Sugarland Featuring Matt Nathanson,RE,3,Gains In Performance
2012-02-25,1,All Your Life,The Band Perry,1,29,
2012-02-25,2,You Gonna Fly,Keith Urban,3,17,Gains In Performance
2012-02-25,3,You,Chris Young,2,25,
2012-02-25,4,Reality,Kenny Chesney,5,20,Gains In Performance
2012-02-25,5,I Don't Want This Night To End,Luke Bryan,4,24,
2012-02-25,6,Home,Dierks Bentley,7,20,Gains In Performance
2012-02-25,7,I'm Gonna Love You Through It,Martina McBride,8,30,Gains In Performance
2012-02-25,8,Love's Gonna Make It Alright,George Strait,10,17,Gains In Performance
2012-02-25,9,Alone With You,Jake Owen,11,20,Gains In Performance
2012-02-25,10,Red Solo Cup,Toby Keith,9,18,Gains In Performance
2012-02-25,11,Ours,Taylor Swift,12,12,Gains In Performance
2012-02-25,12,Drink On It,Blake Shelton,13,8,Gains In Performance
2012-02-25,13,Where I Come From,Montgomery Gentry,16,31,Gains In Performance
2012-02-25,14,Dancin' Away With My Heart,Lady Antebellum,15,10,Gains In Performance
2012-02-25,15,Banjo,Rascal Flatts,19,5,Gains In Performance
2012-02-25,16,Over You,Miranda Lambert,21,8,Gains In Performance
2012-02-25,17,Camouflage,Brad Paisley,17,20,
2012-02-25,18,A Woman Like You,Lee Brice,20,19,Gains In Performance
2012-02-25,19,The Trouble With Girls,Scotty McCreery,22,24,Gains In Performance
2012-02-25,20,Better Than I Used To Be,Tim McGraw,23,11,Gains In Performance
2012-02-25,21,Somethin' 'Bout A Truck,Kip Moore,25,19,Gains In Performance
2012-02-25,22,You Don't Know Her Like I Do,Brantley Gilbert,27,11,Gains In Performance
2012-02-25,23,This Ole Boy,Craig Morgan,26,30,Gains In Performance
2012-02-25,24,No Hurry,Zac Brown Band,30,4,Gains In Performance
2012-02-25,25,Fly Over States,Jason Aldean,33,7,Gains In Performance
2012-02-25,26,Got My Country On,Chris Cagle,28,24,Gains In Performance
2012-02-25,27,Let's Don't Call It A Night,Casey James,29,26,Gains In Performance
2012-02-25,28,Like My Dog,Billy Currington,24,19,
2012-02-25,29,(Kissed You) Good Night,Gloriana,31,17,Gains In Performance
2012-02-25,30,Wanna Make You Love Me,Andy Gibson,32,22,Gains In Performance
2012-02-25,31,Time Is Love,Josh Turner,36,7,Gains In Performance
2012-02-25,32,He's Mine,Rodney Atkins,34,15,Gains In Performance
2012-02-25,33,Georgia Peaches,Lauren Alaina,35,16,Gains In Performance
2012-02-25,34,Even If It Breaks Your Heart,Eli Young Band,37,9,Gains In Performance
2012-02-25,35,Why Ya Wanna,Jana Kramer,41,8,Gains In Performance
2012-02-25,36,So You Don't Have To Love Me Anymore,Alan Jackson,44,5,Gains In Performance
2012-02-25,37,Home Sweet Home,THE FARM,39,17,Gains In Performance
2012-02-25,38,Cowboys And Angels,Dustin Lynch,43,6,Gains In Performance
2012-02-25,39,Million Dollar View,Trace Adkins,38,15,
2012-02-25,40,Let The Cowboy Rock,Ronnie Dunn,47,6,Gains In Performance
2012-02-25,41,Angel Eyes,Love And Theft,40,13,Gains In Performance
2012-02-25,42,Saturday Night,Wade Bowen,42,16,
2012-02-25,43,Springsteen,Eric Church,52,2,Gains In Performance
2012-02-25,44,Underdog,The Lost Trailers,45,20,Gains In Performance
2012-02-25,45,Comin' Around,Josh Thompson,46,10,Gains In Performance
2012-02-25,46,When I Get It,Craig Campbell,48,10,Gains In Performance
2012-02-25,47,Glass,Thompson Square,49,3,Gains In Performance
2012-02-25,48,My Hometown,Uncle Kracker,50,17,Gains In Performance
2012-02-25,49,Like We Never Said Goodbye,Clay Walker,51,9,Gains In Performance
2012-02-25,50,We Got Us,Canaan Smith,53,3,Gains In Performance
2012-02-25,51,Don't Miss Your Life,Phil Vassar,54,3,Gains In Performance
2012-02-25,52,Something To Do With My Hands,Thomas Rhett,58,2,Gains In Performance
2012-02-25,53,Scream,Katie Armiger,56,9,
2012-02-25,54,Touch,Josh Abbott Band,55,3,
2012-02-25,55,Hot Mess,Tyler Farr,NEW,1,Highest ranking debut|Gains In Performance
2012-02-25,56,A-OK,Neal McCoy,57,14,
2012-02-25,57,Drunk On You,Luke Bryan,NEW,1,Gains In Performance
2012-02-25,58,Until The Rain Stops,Steve Holy,59,4,
2012-02-25,59,Mr. Know It All,Kelly Clarkson,NEW,1,Gains In Performance
2012-02-25,60,Goodbyes Made You Mine,JT Hodges,NEW,1,Gains In Performance
2012-03-03,1,You Gonna Fly,Keith Urban,2,18,Gains In Performance
2012-03-03,2,Reality,Kenny Chesney,4,21,Gains In Performance
2012-03-03,3,You,Chris Young,3,26,
2012-03-03,4,Home,Dierks Bentley,6,21,Gains In Performance
2012-03-03,5,All Your Life,The Band Perry,1,30,
2012-03-03,6,I'm Gonna Love You Through It,Martina McBride,7,31,Gains In Performance
2012-03-03,7,I Don't Want This Night To End,Luke Bryan,5,25,
2012-03-03,8,Love's Gonna Make It Alright,George Strait,8,18,Gains In Performance
2012-03-03,9,Ours,Taylor Swift,11,13,Gains In Performance
2012-03-03,10,Alone With You,Jake Owen,9,21,Gains In Performance
2012-03-03,11,Drink On It,Blake Shelton,12,9,Gains In Performance
2012-03-03,12,Dancin' Away With My Heart,Lady Antebellum,14,11,Gains In Performance
2012-03-03,13,Red Solo Cup,Toby Keith,10,19,
2012-03-03,14,Where I Come From,Montgomery Gentry,13,32,Gains In Performance
2012-03-03,15,Banjo,Rascal Flatts,15,6,Gains In Performance
2012-03-03,16,A Woman Like You,Lee Brice,18,20,Gains In Performance
2012-03-03,17,Over You,Miranda Lambert,16,9,Gains In Performance
2012-03-03,18,Better Than I Used To Be,Tim McGraw,20,12,Gains In Performance
2012-03-03,19,The Trouble With Girls,Scotty McCreery,19,25,Gains In Performance
2012-03-03,20,No Hurry,Zac Brown Band,24,5,Gains In Performance
2012-03-03,21,Somethin' 'Bout A Truck,Kip Moore,21,20,Gains In Performance
2012-03-03,22,Fly Over States,Jason Aldean,25,8,Greatest gainer this week|Gains In Performance
2012-03-03,23,You Don't Know Her Like I Do,Brantley Gilbert,22,12,Gains In Performance
2012-03-03,24,This Ole Boy,Craig Morgan,23,31,Gains In Performance
2012-03-03,25,Got My Country On,Chris Cagle,26,25,Gains In Performance
2012-03-03,26,Let's Don't Call It A Night,Casey James,27,27,Gains In Performance
2012-03-03,27,Time Is Love,Josh Turner,31,8,Gains In Performance
2012-03-03,28,Springsteen,Eric Church,43,3,Gains In Performance
2012-03-03,29,(Kissed You) Good Night,Gloriana,29,18,Gains In Performance
2012-03-03,30,He's Mine,Rodney Atkins,32,16,Gains In Performance
2012-03-03,31,Even If It Breaks Your Heart,Eli Young Band,34,10,Gains In Performance
2012-03-03,32,Wanna Make You Love Me,Andy Gibson,30,23,Gains In Performance
2012-03-03,33,Georgia Peaches,Lauren Alaina,33,17,
2012-03-03,34,Why Ya Wanna,Jana Kramer,35,9,Gains In Performance
2012-03-03,35,So You Don't Have To Love Me Anymore,Alan Jackson,36,6,Gains In Performance
2012-03-03,36,Cowboys And Angels,Dustin Lynch,38,7,Gains In Performance
2012-03-03,37,Home Sweet Home,THE FARM,37,18,Gains In Performance
2012-03-03,38,Let The Cowboy Rock,Ronnie Dunn,40,7,Gains In Performance
2012-03-03,39,Angel Eyes,Love And Theft,41,14,Gains In Performance
2012-03-03,40,Saturday Night,Wade Bowen,42,17,Gains In Performance
2012-03-03,41,Underdog,The Lost Trailers,44,21,Gains In Performance
2012-03-03,42,Comin' Around,Josh Thompson,45,11,Gains In Performance
2012-03-03,43,Glass,Thompson Square,47,4,Gains In Performance
2012-03-03,44,Million Dollar View,Trace Adkins,39,16,
2012-03-03,45,When I Get It,Craig Campbell,46,11,Gains In Performance
2012-03-03,46,My Hometown,Uncle Kracker,48,18,Gains In Performance
2012-03-03,47,Don't Miss Your Life,Phil Vassar,51,4,Gains In Performance
2012-03-03,48,We Got Us,Canaan Smith,50,4,Gains In Performance
2012-03-03,49,Like We Never Said Goodbye,Clay Walker,49,10,Gains In Performance
2012-03-03,50,Something To Do With My Hands,Thomas Rhett,52,3,Gains In Performance
2012-03-03,51,Drunk On You,Luke Bryan,57,2,Gains In Performance
2012-03-03,52,Mr. Know It All,Kelly Clarkson,59,2,Gains In Performance
2012-03-03,53,Touch,Josh Abbott Band,54,4,Gains In Performance
2012-03-03,54,Goodbyes Made You Mine,JT Hodges,60,2,Gains In Performance
2012-03-03,55,Hot Mess,Tyler Farr,55,2,Gains In Performance
2012-03-03,56,Scream,Katie Armiger,53,10,
2012-03-03,57,Until The Rain Stops,Steve Holy,58,5,Gains In Performance
2012-03-03,58,Between Sundays,DJ Miller,NEW,1,Highest ranking debut|Gains In Performance
2012-03-03,59,Lovin' You Is Fun,Easton Corbin,NEW,1,Gains In Performance
2012-03-03,60,The Star Spangled Banner,The Band Perry,NEW,1,Gains In Performance
2012-03-10,1,You Gonna Fly,Keith Urban,1,19,
2012-03-10,2,Reality,Kenny Chesney,2,22,Gains In Performance
2012-03-10,3,Home,Dierks Bentley,4,22,Gains In Performance
2012-03-10,4,I'm Gonna Love You Through It,Martina McBride,6,32,Gains In Performance
2012-03-10,5,Alone With You,Jake Owen,10,22,Gains In Performance
2012-03-10,6,Ours,Taylor Swift,9,14,Gains In Performance
2012-03-10,7,You,Chris Young,3,27,
2012-03-10,8,All Your Life,The Band Perry,5,31,
2012-03-10,9,Love's Gonna Make It Alright,George Strait,8,19,Gains In Performance
2012-03-10,10,I Don't Want This Night To End,Luke Bryan,7,26,
2012-03-10,11,Drink On It,Blake Shelton,11,10,Gains In Performance
2012-03-10,12,Dancin' Away With My Heart,Lady Antebellum,12,12,Gains In Performance
2012-03-10,13,Where I Come From,Montgomery Gentry,14,33,Gains In Performance
2012-03-10,14,A Woman Like You,Lee Brice,16,21,Gains In Performance
2012-03-10,15,Banjo,Rascal Flatts,15,7,Gains In Performance
2012-03-10,16,Over You,Miranda Lambert,17,10,Gains In Performance
2012-03-10,17,Red Solo Cup,Toby Keith,13,20,
2012-03-10,18,Better Than I Used To Be,Tim McGraw,18,13,Gains In Performance
2012-03-10,19,The Trouble With Girls,Scotty McCreery,19,26,Gains In Performance
2012-03-10,20,No Hurry,Zac Brown Band,20,6,Gains In Performance
2012-03-10,21,Fly Over States,Jason Aldean,22,9,Gains In Performance
2012-03-10,22,Somethin' 'Bout A Truck,Kip Moore,21,21,Gains In Performance
2012-03-10,23,You Don't Know Her Like I Do,Brantley Gilbert,23,13,Gains In Performance
2012-03-10,24,This Ole Boy,Craig Morgan,24,32,Gains In Performance
2012-03-10,25,Got My Country On,Chris Cagle,25,26,Gains In Performance
2012-03-10,26,Springsteen,Eric Church,28,4,Gains In Performance
2012-03-10,27,Let's Don't Call It A Night,Casey James,26,28,Gains In Performance
2012-03-10,28,Time Is Love,Josh Turner,27,9,Gains In Performance
2012-03-10,29,Even If It Breaks Your Heart,Eli Young Band,31,11,Gains In Performance
2012-03-10,30,Good Girl,Carrie Underwood,NEW,1,
2012-03-10,31,He's Mine,Rodney Atkins,30,17,Gains In Performance
2012-03-10,32,(Kissed You) Good Night,Gloriana,29,19,Gains In Performance
2012-03-10,33,Wanna Make You Love Me,Andy Gibson,32,24,Gains In Performance
2012-03-10,34,Why Ya Wanna,Jana Kramer,34,10,Gains In Performance
2012-03-10,35,Georgia Peaches,Lauren Alaina,33,18,Gains In Performance
2012-03-10,36,So You Don't Have To Love Me Anymore,Alan Jackson,35,7,Gains In Performance
2012-03-10,37,Cowboys And Angels,Dustin Lynch,36,8,Gains In Performance
2012-03-10,38,Home Sweet Home,THE FARM,37,19,Gains In Performance
2012-03-10,39,Let The Cowboy Rock,Ronnie Dunn,38,8,Gains In Performance
2012-03-10,40,Angel Eyes,Love And Theft,39,15,Gains In Performance
2012-03-10,41,Glass,Thompson Square,43,5,Gains In Performance
2012-03-10,42,Drunk On You,Luke Bryan,51,3,Gains In Performance
2012-03-10,43,Comin' Around,Josh Thompson,42,12,Gains In Performance
2012-03-10,44,When I Get It,Craig Campbell,45,12,Gains In Performance
2012-03-10,45,Saturday Night,Wade Bowen,40,18,
2012-03-10,46,Something To Do With My Hands,Thomas Rhett,50,4,Gains In Performance
2012-03-10,47,Don't Miss Your Life,Phil Vassar,47,5,Gains In Performance
2012-03-10,48,My Hometown,Uncle Kracker,46,19,
2012-03-10,49,We Got Us,Canaan Smith,48,5,Gains In Performance
2012-03-10,50,Like We Never Said Goodbye,Clay Walker,49,11,Gains In Performance
2012-03-10,51,Touch,Josh Abbott Band,53,5,Gains In Performance
2012-03-10,52,Goodbyes Made You Mine,JT Hodges,54,3,Gains In Performance
2012-03-10,53,Mr. Know It All,Kelly Clarkson,52,3,
2012-03-10,54,Hot Mess,Tyler Farr,55,3,Gains In Performance
2012-03-10,55,Scream,Katie Armiger,56,11,Gains In Performance
2012-03-10,56,Lovin' You Is Fun,Easton Corbin,59,2,Gains In Performance
2012-03-10,57,Wanted,Hunter Hayes,NEW,1,Gains In Performance
2012-03-10,58,New To This Town,Kix Brooks Featuring Joe Walsh,NEW,1,Gains In Performance
2012-03-10,59,Until The Rain Stops,Steve Holy,57,6,
2012-03-10,60,Between Sundays,DJ Miller,58,2,Gains In Performance
2012-03-17,1,Reality,Kenny Chesney,2,23,Gains In Performance
2012-03-17,2,Home,Dierks Bentley,3,23,Gains In Performance
2012-03-17,3,Alone With You,Jake Owen,5,23,Gains In Performance
2012-03-17,4,You Gonna Fly,Keith Urban,1,20,
2012-03-17,5,Ours,Taylor Swift,6,15,Gains In Performance
2012-03-17,6,Love's Gonna Make It Alright,George Strait,9,20,Gains In Performance
2012-03-17,7,Drink On It,Blake Shelton,11,11,Gains In Performance
2012-03-17,8,I'm Gonna Love You Through It,Martina McBride,4,33,
2012-03-17,9,You,Chris Young,7,28,
2012-03-17,10,Dancin' Away With My Heart,Lady Antebellum,12,13,Gains In Performance
2012-03-17,11,A Woman Like You,Lee Brice,14,22,Gains In Performance
2012-03-17,12,Where I Come From,Montgomery Gentry,13,34,Gains In Performance
2012-03-17,13,Banjo,Rascal Flatts,15,8,Gains In Performance
2012-03-17,14,Over You,Miranda Lambert,16,11,Gains In Performance
2012-03-17,15,Better Than I Used To Be,Tim McGraw,18,14,Gains In Performance
2012-03-17,16,Fly Over States,Jason Aldean,21,10,Gains In Performance
2012-03-17,17,The Trouble With Girls,Scotty McCreery,19,27,Gains In Performance
2012-03-17,18,No Hurry,Zac Brown Band,20,7,Gains In Performance
2012-03-17,19,Good Girl,Carrie Underwood,30,2,Greatest gainer this week|Gains In Performance
2012-03-17,20,Somethin' 'Bout A Truck,Kip Moore,22,22,Gains In Performance
2012-03-17,21,You Don't Know Her Like I Do,Brantley Gilbert,23,14,Gains In Performance
2012-03-17,22,This Ole Boy,Craig Morgan,24,33,Gains In Performance
2012-03-17,23,Springsteen,Eric Church,26,5,Gains In Performance
2012-03-17,24,Got My Country On,Chris Cagle,25,27,Gains In Performance
2012-03-17,25,Even If It Breaks Your Heart,Eli Young Band,29,12,Gains In Performance
2012-03-17,26,Time Is Love,Josh Turner,28,10,Gains In Performance
2012-03-17,27,Let's Don't Call It A Night,Casey James,27,29,Gains In Performance
2012-03-17,28,(Kissed You) Good Night,Gloriana,32,20,Gains In Performance
2012-03-17,29,He's Mine,Rodney Atkins,31,18,Gains In Performance
2012-03-17,30,Why Ya Wanna,Jana Kramer,34,11,Gains In Performance
2012-03-17,31,Wanna Make You Love Me,Andy Gibson,33,25,Gains In Performance
2012-03-17,32,Georgia Peaches,Lauren Alaina,35,19,Gains In Performance
2012-03-17,33,Cowboys And Angels,Dustin Lynch,37,9,Gains In Performance
2012-03-17,34,So You Don't Have To Love Me Anymore,Alan Jackson,36,8,Gains In Performance
2012-03-17,35,Drunk On You,Luke Bryan,42,4,Gains In Performance
2012-03-17,36,Home Sweet Home,THE FARM,38,20,Gains In Performance
2012-03-17,37,Let The Cowboy Rock,Ronnie Dunn,39,9,Gains In Performance
2012-03-17,38,Angel Eyes,Love And Theft,40,16,Gains In Performance
2012-03-17,39,Glass,Thompson Square,41,6,Gains In Performance
2012-03-17,40,Comin' Around,Josh Thompson,43,13,Gains In Performance
2012-03-17,41,Underdog,The Lost Trailers,RE,22,Gains In Performance
2012-03-17,42,Something To Do With My Hands,Thomas Rhett,46,5,Gains In Performance
2012-03-17,43,When I Get It,Craig Campbell,44,13,Gains In Performance
2012-03-17,44,Don't Miss Your Life,Phil Vassar,47,6,Gains In Performance
2012-03-17,45,My Hometown,Uncle Kracker,48,20,Gains In Performance
2012-03-17,46,Saturday Night,Wade Bowen,45,19,
2012-03-17,47,We Got Us,Canaan Smith,49,6,Gains In Performance
2012-03-17,48,Lovin' You Is Fun,Easton Corbin,56,3,Gains In Performance
2012-03-17,49,Like We Never Said Goodbye,Clay Walker,50,12,Gains In Performance
2012-03-17,50,Touch,Josh Abbott Band,51,6,
2012-03-17,51,New To This Town,Kix Brooks Featuring Joe Walsh,58,2,Gains In Performance
2012-03-17,52,Goodbyes Made You Mine,JT Hodges,52,4,Gains In Performance
2012-03-17,53,Hot Mess,Tyler Farr,54,4,Gains In Performance
2012-03-17,54,Scream,Katie Armiger,55,12,Gains In Performance
2012-03-17,55,Mr. Know It All,Kelly Clarkson,53,4,
2012-03-17,56,Wanted,Hunter Hayes,57,2,Gains In Performance
2012-03-17,57,Between Sundays,DJ Miller,60,3,Gains In Performance
2012-03-17,58,Until The Rain Stops,Steve Holy,59,7,
2012-03-17,59,The Star Spangled Banner,The Band Perry,RE,2,Gains In Performance
2012-03-17,60,Shinin' On Me,Jerrod Niemann,NEW,1,Highest ranking debut|Gains In Performance
2012-03-24,1,Home,Dierks Bentley,2,24,Gains In Performance
2012-03-24,2,Alone With You,Jake Owen,3,24,Gains In Performance
2012-03-24,3,Ours,Taylor Swift,5,16,Gains In Performance
2012-03-24,4,Love's Gonna Make It Alright,George Strait,6,21,Gains In Performance
2012-03-24,5,Reality,Kenny Chesney,1,24,
2012-03-24,6,Drink On It,Blake Shelton,7,12,Gains In Performance
2012-03-24,7,Dancin' Away With My Heart,Lady Antebellum,10,14,Gains In Performance
2012-03-24,8,You Gonna Fly,Keith Urban,4,21,
2012-03-24,9,A Woman Like You,Lee Brice,11,23,Greatest gainer this week|Gains In Performance
2012-03-24,10,Where I Come From,Montgomery Gentry,12,35,Gains In Performance
2012-03-24,11,Banjo,Rascal Flatts,13,9,Gains In Performance
2012-03-24,12,Over You,Miranda Lambert,14,12,Gains In Performance
2012-03-24,13,Better Than I Used To Be,Tim McGraw,15,15,Gains In Performance
2012-03-24,14,Fly Over States,Jason Aldean,16,11,Gains In Performance
2012-03-24,15,Good Girl,Carrie Underwood,19,3,Gains In Performance
2012-03-24,16,No Hurry,Zac Brown Band,18,8,Gains In Performance
2012-03-24,17,Somethin' 'Bout A Truck,Kip Moore,20,23,Gains In Performance
2012-03-24,18,You Don't Know Her Like I Do,Brantley Gilbert,21,15,Gains In Performance
2012-03-24,19,This Ole Boy,Craig Morgan,22,34,Gains In Performance
2012-03-24,20,Springsteen,Eric Church,23,6,Gains In Performance
2012-03-24,21,Got My Country On,Chris Cagle,24,28,Gains In Performance
2012-03-24,22,Even If It Breaks Your Heart,Eli Young Band,25,13,Gains In Performance
2012-03-24,23,Time Is Love,Josh Turner,26,11,Gains In Performance
2012-03-24,24,Let's Don't Call It A Night,Casey James,27,30,Gains In Performance
2012-03-24,25,(Kissed You) Good Night,Gloriana,28,21,Gains In Performance
2012-03-24,26,Drunk On You,Luke Bryan,35,5,Gains In Performance
2012-03-24,27,He's Mine,Rodney Atkins,29,19,Gains In Performance
2012-03-24,28,Why Ya Wanna,Jana Kramer,30,12,Gains In Performance
2012-03-24,29,Wanna Make You Love Me,Andy Gibson,31,26,Gains In Performance
2012-03-24,30,Georgia Peaches,Lauren Alaina,32,20,Gains In Performance
2012-03-24,31,Home Sweet Home,THE FARM,36,21,Gains In Performance
2012-03-24,32,Cowboys And Angels,Dustin Lynch,33,10,Gains In Performance
2012-03-24,33,So You Don't Have To Love Me Anymore,Alan Jackson,34,9,Gains In Performance
2012-03-24,34,Angel Eyes,Love And Theft,38,17,Gains In Performance
2012-03-24,35,Let The Cowboy Rock,Ronnie Dunn,37,10,Gains In Performance
2012-03-24,36,Glass,Thompson Square,39,7,Gains In Performance
2012-03-24,37,Comin' Around,Josh Thompson,40,14,Gains In Performance
2012-03-24,38,Underdog,The Lost Trailers,41,23,Gains In Performance
2012-03-24,39,Something To Do With My Hands,Thomas Rhett,42,6,Gains In Performance
2012-03-24,40,When I Get It,Craig Campbell,43,14,Gains In Performance
2012-03-24,41,Don't Miss Your Life,Phil Vassar,44,7,Gains In Performance
2012-03-24,42,Lovin' You Is Fun,Easton Corbin,48,4,Gains In Performance
2012-03-24,43,Goodbyes Made You Mine,JT Hodges,52,5,Gains In Performance
2012-03-24,44,We Got Us,Canaan Smith,47,7,
2012-03-24,45,Wanted,Hunter Hayes,56,3,Gains In Performance
2012-03-24,46,Like We Never Said Goodbye,Clay Walker,49,13,
2012-03-24,47,Touch,Josh Abbott Band,50,7,
2012-03-24,48,Mr. Know It All,Kelly Clarkson,55,5,Gains In Performance
2012-03-24,49,Hot Mess,Tyler Farr,53,5,Gains In Performance
2012-03-24,50,Scream,Katie Armiger,54,13,Gains In Performance
2012-03-24,51,New To This Town,Kix Brooks Featuring Joe Walsh,51,3,
2012-03-24,52,Postcard From Paris,The Band Perry,NEW,1,Highest ranking debut|Gains In Performance
2012-03-24,53,The Sound Of A Million Dreams,David Nail,NEW,1,Gains In Performance
2012-03-24,54,Endless Summer,Aaron Lewis,NEW,1,Gains In Performance
2012-03-24,55,Walking Contradiction,James Wesley,NEW,1,Gains In Performance
2012-03-24,56,Beers Ago,Toby Keith,NEW,1,Gains In Performance
2012-03-24,57,You Still Got It,Darryl Worley,NEW,1,Gains In Performance
2012-03-24,58,Ignition,Matt Stillwell,NEW,1,Gains In Performance
2012-03-24,59,The Star Spangled Banner,The Band Perry,59,3,
2012-03-24,60,Ex-Old Man,Kristen Kelly,NEW,1,Gains In Performance
2012-03-31,1,Ours,Taylor Swift,3,17,Gains In Performance
2012-03-31,2,Alone With You,Jake Owen,2,25,Gains In Performance
2012-03-31,3,Love's Gonna Make It Alright,George Strait,4,22,Gains In Performance
2012-03-31,4,Home,Dierks Bentley,1,25,
2012-03-31,5,A Woman Like You,Lee Brice,9,24,Greatest gainer this week|Gains In Performance
2012-03-31,6,Drink On It,Blake Shelton,6,13,Gains In Performance
2012-03-31,7,Dancin' Away With My Heart,Lady Antebellum,7,15,Gains In Performance
2012-03-31,8,Where I Come From,Montgomery Gentry,10,36,Gains In Performance
2012-03-31,9,Banjo,Rascal Flatts,11,10,Gains In Performance
2012-03-31,10,Over You,Miranda Lambert,12,13,Gains In Performance
2012-03-31,11,Good Girl,Carrie Underwood,15,4,Gains In Performance
2012-03-31,12,Better Than I Used To Be,Tim McGraw,13,16,Gains In Performance
2012-03-31,13,Fly Over States,Jason Aldean,14,12,Gains In Performance
2012-03-31,14,No Hurry,Zac Brown Band,16,9,Gains In Performance
2012-03-31,15,Somethin' 'Bout A Truck,Kip Moore,17,24,Gains In Performance
2012-03-31,16,Springsteen,Eric Church,20,7,Gains In Performance
2012-03-31,17,You Don't Know Her Like I Do,Brantley Gilbert,18,16,Gains In Performance
2012-03-31,18,This Ole Boy,Craig Morgan,19,35,Gains In Performance
2012-03-31,19,Got My Country On,Chris Cagle,21,29,Gains In Performance
2012-03-31,20,Even If It Breaks Your Heart,Eli Young Band,22,14,Gains In Performance
2012-03-31,21,Time Is Love,Josh Turner,23,12,Gains In Performance
2012-03-31,22,Let's Don't Call It A Night,Casey James,24,31,Gains In Performance
2012-03-31,23,Drunk On You,Luke Bryan,26,6,Gains In Performance
2012-03-31,24,(Kissed You) Good Night,Gloriana,25,22,Gains In Performance
2012-03-31,25,He's Mine,Rodney Atkins,27,20,Gains In Performance
2012-03-31,26,Why Ya Wanna,Jana Kramer,28,13,Gains In Performance
2012-03-31,27,Wanna Make You Love Me,Andy Gibson,29,27,Gains In Performance
2012-03-31,28,Georgia Peaches,Lauren Alaina,30,21,Gains In Performance
2012-03-31,29,Home Sweet Home,THE FARM,31,22,Gains In Performance
2012-03-31,30,Cowboys And Angels,Dustin Lynch,32,11,Gains In Performance
2012-03-31,31,So You Don't Have To Love Me Anymore,Alan Jackson,33,10,Gains In Performance
2012-03-31,32,Let The Cowboy Rock,Ronnie Dunn,35,11,Gains In Performance
2012-03-31,33,Angel Eyes,Love And Theft,34,18,Gains In Performance
2012-03-31,34,Glass,Thompson Square,36,8,Gains In Performance
2012-03-31,35,Comin' Around,Josh Thompson,37,15,Gains In Performance
2012-03-31,36,Something To Do With My Hands,Thomas Rhett,39,7,Gains In Performance
2012-03-31,37,Underdog,The Lost Trailers,38,24,Gains In Performance
2012-03-31,38,When I Get It,Craig Campbell,40,15,Gains In Performance
2012-03-31,39,Lovin' You Is Fun,Easton Corbin,42,5,Gains In Performance
2012-03-31,40,Postcard From Paris,The Band Perry,52,2,Gains In Performance
2012-03-31,41,Don't Miss Your Life,Phil Vassar,41,8,Gains In Performance
2012-03-31,42,New To This Town,Kix Brooks Featuring Joe Walsh,51,4,Gains In Performance
2012-03-31,43,Wanted,Hunter Hayes,45,4,Gains In Performance
2012-03-31,44,Mr. Know It All,Kelly Clarkson,48,6,Gains In Performance
2012-03-31,45,The Sound Of A Million Dreams,David Nail,53,2,Gains In Performance
2012-03-31,46,We Got Us,Canaan Smith,44,8,Gains In Performance
2012-03-31,47,Goodbyes Made You Mine,JT Hodges,43,6,
2012-03-31,48,Beers Ago,Toby Keith,56,2,Gains In Performance
2012-03-31,49,Like We Never Said Goodbye,Clay Walker,46,14,
2012-03-31,50,Touch,Josh Abbott Band,47,8,Gains In Performance
2012-03-31,51,Scream,Katie Armiger,50,14,Gains In Performance
2012-03-31,52,Hot Mess,Tyler Farr,49,6,
2012-03-31,53,Endless Summer,Aaron Lewis,54,2,Gains In Performance
2012-03-31,54,Neon,Chris Young,NEW,1,Highest ranking debut|Gains In Performance
2012-03-31,55,Walking Contradiction,James Wesley,55,2,Gains In Performance
2012-03-31,56,You Still Got It,Darryl Worley,57,2,Gains In Performance
2012-03-31,57,Til My Last Day,Justin Moore,NEW,1,Gains In Performance
2012-03-31,58,Ignition,Matt Stillwell,58,2,Gains In Performance
2012-03-31,59,The Star Spangled Banner,The Band Perry,59,4,Gains In Performance
2012-03-31,60,Sing That Song Again,Glen Templeton,NEW,1,Gains In Performance
2012-04-07,1,Alone With You,Jake Owen,2,26,Gains In Performance
2012-04-07,2,Ours,Taylor Swift,1,18,Gains In Performance
2012-04-07,3,A Woman Like You,Lee Brice,5,25,Gains In Performance
2012-04-07,4,Drink On It,Blake Shelton,6,14,Gains In Performance
2012-04-07,5,Dancin' Away With My Heart,Lady Antebellum,7,16,Gains In Performance
2012-04-07,6,Love's Gonna Make It Alright,George Strait,3,23,
2012-04-07,7,Banjo,Rascal Flatts,9,11,Greatest gainer this week|Gains In Performance
2012-04-07,8,Where I Come From,Montgomery Gentry,8,37,Gains In Performance
2012-04-07,9,Over You,Miranda Lambert,10,14,Gains In Performance
2012-04-07,10,Home,Dierks Bentley,4,26,
2012-04-07,11,Good Girl,Carrie Underwood,11,5,Gains In Performance
2012-04-07,12,Fly Over States,Jason Aldean,13,13,Gains In Performance
2012-04-07,13,Better Than I Used To Be,Tim McGraw,12,17,Gains In Performance
2012-04-07,14,No Hurry,Zac Brown Band,14,10,Gains In Performance
2012-04-07,15,Somethin' 'Bout A Truck,Kip Moore,15,25,Gains In Performance
2012-04-07,16,Springsteen,Eric Church,16,8,Gains In Performance
2012-04-07,17,You Don't Know Her Like I Do,Brantley Gilbert,17,17,Gains In Performance
2012-04-07,18,This Ole Boy,Craig Morgan,18,36,Gains In Performance
2012-04-07,19,Got My Country On,Chris Cagle,19,30,Gains In Performance
2012-04-07,20,Even If It Breaks Your Heart,Eli Young Band,20,15,Gains In Performance
2012-04-07,21,Drunk On You,Luke Bryan,23,7,Gains In Performance
2012-04-07,22,Time Is Love,Josh Turner,21,13,Gains In Performance
2012-04-07,23,Let's Don't Call It A Night,Casey James,22,32,Gains In Performance
2012-04-07,24,(Kissed You) Good Night,Gloriana,24,23,Gains In Performance
2012-04-07,25,He's Mine,Rodney Atkins,25,21,Gains In Performance
2012-04-07,26,Why Ya Wanna,Jana Kramer,26,14,Gains In Performance
2012-04-07,27,Wanna Make You Love Me,Andy Gibson,27,28,Gains In Performance
2012-04-07,28,Home Sweet Home,THE FARM,29,23,Gains In Performance
2012-04-07,29,Georgia Peaches,Lauren Alaina,28,22,Gains In Performance
2012-04-07,30,Cowboys And Angels,Dustin Lynch,30,12,Gains In Performance
2012-04-07,31,Angel Eyes,Love And Theft,33,19,Gains In Performance
2012-04-07,32,So You Don't Have To Love Me Anymore,Alan Jackson,31,11,Gains In Performance
2012-04-07,33,Let The Cowboy Rock,Ronnie Dunn,32,12,Gains In Performance
2012-04-07,34,Glass,Thompson Square,34,9,Gains In Performance
2012-04-07,35,Postcard From Paris,The Band Perry,40,3,Gains In Performance
2012-04-07,36,Something To Do With My Hands,Thomas Rhett,36,8,Gains In Performance
2012-04-07,37,Comin' Around,Josh Thompson,35,16,Gains In Performance
2012-04-07,38,Beers Ago,Toby Keith,48,3,Gains In Performance
2012-04-07,39,Underdog,The Lost Trailers,37,25,Gains In Performance
2012-04-07,40,New To This Town,Kix Brooks Featuring Joe Walsh,42,5,Gains In Performance
2012-04-07,41,Lovin' You Is Fun,Easton Corbin,39,6,Gains In Performance
2012-04-07,42,When I Get It,Craig Campbell,38,16,Gains In Performance
2012-04-07,43,Don't Miss Your Life,Phil Vassar,41,9,Gains In Performance
2012-04-07,44,Wanted,Hunter Hayes,43,5,Gains In Performance
2012-04-07,45,Mr. Know It All,Kelly Clarkson,44,7,Gains In Performance
2012-04-07,46,The Sound Of A Million Dreams,David Nail,45,3,Gains In Performance
2012-04-07,47,Goodbyes Made You Mine,JT Hodges,47,7,Gains In Performance
2012-04-07,48,We Got Us,Canaan Smith,46,9,
2012-04-07,49,Touch,Josh Abbott Band,50,9,Gains In Performance
2012-04-07,50,Neon,Chris Young,54,2,Gains In Performance
2012-04-07,51,Til My Last Day,Justin Moore,57,2,Gains In Performance
2012-04-07,52,Hot Mess,Tyler Farr,52,7,Gains In Performance
2012-04-07,53,Scream,Katie Armiger,51,15,
2012-04-07,54,Endless Summer,Aaron Lewis,53,3,Gains In Performance
2012-04-07,55,You Still Got It,Darryl Worley,56,3,Gains In Performance
2012-04-07,56,5-1-5-0,Dierks Bentley,NEW,1,Highest ranking debut|Gains In Performance
2012-04-07,57,Walking Contradiction,James Wesley,55,3,Gains In Performance
2012-04-07,58,Shinin' On Me,Jerrod Niemann,RE,2,Gains In Performance
2012-04-07,59,Ignition,Matt Stillwell,58,3,Gains In Performance
2012-04-07,60,Marry Me,Martina McBride Featuring Pat Monahan Of Train,NEW,1,Gains In Performance
2012-04-14,1,Alone With You,Jake Owen,1,27,Gains In Performance
2012-04-14,2,A Woman Like You,Lee Brice,3,26,Gains In Performance
2012-04-14,3,Drink On It,Blake Shelton,4,15,Gains In Performance
2012-04-14,4,Dancin' Away With My Heart,Lady Antebellum,5,17,Gains In Performance
2012-04-14,5,Ours,Taylor Swift,2,19,
2012-04-14,6,Banjo,Rascal Flatts,7,12,Gains In Performance
2012-04-14,7,Over You,Miranda Lambert,9,15,Greatest gainer this week|Gains In Performance
2012-04-14,8,Where I Come From,Montgomery Gentry,8,38,Gains In Performance
2012-04-14,9,Fly Over States,Jason Aldean,12,14,Gains In Performance
2012-04-14,10,Good Girl,Carrie Underwood,11,6,Gains In Performance
2012-04-14,11,Better Than I Used To Be,Tim McGraw,13,18,Gains In Performance
2012-04-14,12,No Hurry,Zac Brown Band,14,11,Gains In Performance
2012-04-14,13,Somethin' 'Bout A Truck,Kip Moore,15,26,Gains In Performance
2012-04-14,14,Springsteen,Eric Church,16,9,Gains In Performance
2012-04-14,15,You Don't Know Her Like I Do,Brantley Gilbert,17,18,Gains In Performance
2012-04-14,16,Drunk On You,Luke Bryan,21,8,Gains In Performance
2012-04-14,17,This Ole Boy,Craig Morgan,18,37,Gains In Performance
2012-04-14,18,Got My Country On,Chris Cagle,19,31,Gains In Performance
2012-04-14,19,Even If It Breaks Your Heart,Eli Young Band,20,16,Gains In Performance
2012-04-14,20,Time Is Love,Josh Turner,22,14,Gains In Performance
2012-04-14,21,Let's Don't Call It A Night,Casey James,23,33,Gains In Performance
2012-04-14,22,(Kissed You) Good Night,Gloriana,24,24,Gains In Performance
2012-04-14,23,He's Mine,Rodney Atkins,25,22,Gains In Performance
2012-04-14,24,Why Ya Wanna,Jana Kramer,26,15,Gains In Performance
2012-04-14,25,Home Sweet Home,THE FARM,28,24,Gains In Performance
2012-04-14,26,Beers Ago,Toby Keith,38,4,Gains In Performance
2012-04-14,27,Cowboys And Angels,Dustin Lynch,30,13,Gains In Performance
2012-04-14,28,Wanna Make You Love Me,Andy Gibson,27,29,Gains In Performance
2012-04-14,29,Postcard From Paris,The Band Perry,35,4,Gains In Performance
2012-04-14,30,Georgia Peaches,Lauren Alaina,29,23,Gains In Performance
2012-04-14,31,Angel Eyes,Love And Theft,31,20,Gains In Performance
2012-04-14,32,So You Don't Have To Love Me Anymore,Alan Jackson,32,12,Gains In Performance
2012-04-14,33,Something To Do With My Hands,Thomas Rhett,36,9,Gains In Performance
2012-04-14,34,Let The Cowboy Rock,Ronnie Dunn,33,13,Gains In Performance
2012-04-14,35,Glass,Thompson Square,34,10,Gains In Performance
2012-04-14,36,Comin' Around,Josh Thompson,37,17,Gains In Performance
2012-04-14,37,Underdog,The Lost Trailers,39,26,Gains In Performance
2012-04-14,38,New To This Town,Kix Brooks Featuring Joe Walsh,40,6,Gains In Performance
2012-04-14,39,Lovin' You Is Fun,Easton Corbin,41,7,Gains In Performance
2012-04-14,40,Don't Miss Your Life,Phil Vassar,43,10,Gains In Performance
2012-04-14,41,When I Get It,Craig Campbell,42,17,Gains In Performance
2012-04-14,42,Wanted,Hunter Hayes,44,6,Gains In Performance
2012-04-14,43,Neon,Chris Young,50,3,Gains In Performance
2012-04-14,44,Mr. Know It All,Kelly Clarkson,45,8,
2012-04-14,45,Til My Last Day,Justin Moore,51,3,Gains In Performance
2012-04-14,46,The Sound Of A Million Dreams,David Nail,46,4,Gains In Performance
2012-04-14,47,Goodbyes Made You Mine,JT Hodges,47,8,Gains In Performance
2012-04-14,48,Touch,Josh Abbott Band,49,10,Gains In Performance
2012-04-14,49,We Got Us,Canaan Smith,48,10,
2012-04-14,50,Marry Me,Martina McBride Featuring Pat Monahan Of Train,60,2,Gains In Performance
2012-04-14,51,5-1-5-0,Dierks Bentley,56,2,Gains In Performance
2012-04-14,52,Hot Mess,Tyler Farr,52,8,Gains In Performance
2012-04-14,53,Shinin' On Me,Jerrod Niemann,58,3,Gains In Performance
2012-04-14,54,Scream,Katie Armiger,53,16,Gains In Performance
2012-04-14,55,Endless Summer,Aaron Lewis,54,4,Gains In Performance
2012-04-14,56,You Still Got It,Darryl Worley,55,4,Gains In Performance
2012-04-14,57,Walking Contradiction,James Wesley,57,4,Gains In Performance
2012-04-14,58,Missin' You Crazy,Jon Pardi,NEW,1,Highest ranking debut|Gains In Performance
2012-04-14,59,Ignition,Matt Stillwell,59,4,
2012-04-14,60,All Just To Get To You,Pat Green,NEW,1,Gains In Performance
2012-04-21,1,A Woman Like You,Lee Brice,2,27,Gains In Performance
2012-04-21,2,Drink On It,Blake Shelton,3,16,Gains In Performance
2012-04-21,3,Alone With You,Jake Owen,1,28,
2012-04-21,4,Dancin' Away With My Heart,Lady Antebellum,4,18,Gains In Performance
2012-04-21,5,Over You,Miranda Lambert,7,16,Gains In Performance
2012-04-21,6,Banjo,Rascal Flatts,6,13,Gains In Performance
2012-04-21,7,Fly Over States,Jason Aldean,9,15,Gains In Performance
2012-04-21,8,Good Girl,Carrie Underwood,10,7,Gains In Performance
2012-04-21,9,Ours,Taylor Swift,5,20,
2012-04-21,10,Better Than I Used To Be,Tim McGraw,11,19,Gains In Performance
2012-04-21,11,No Hurry,Zac Brown Band,12,12,Gains In Performance
2012-04-21,12,Somethin' 'Bout A Truck,Kip Moore,13,27,Gains In Performance
2012-04-21,13,Feel Like A Rock Star,Kenny Chesney & Tim McGraw,NEW,1,Gains In Performance
2012-04-21,14,Springsteen,Eric Church,14,10,Gains In Performance
2012-04-21,15,You Don't Know Her Like I Do,Brantley Gilbert,15,19,Gains In Performance
2012-04-21,16,Drunk On You,Luke Bryan,16,9,Gains In Performance
2012-04-21,17,This Ole Boy,Craig Morgan,17,38,Gains In Performance
2012-04-21,18,Got My Country On,Chris Cagle,18,32,Gains In Performance
2012-04-21,19,Even If It Breaks Your Heart,Eli Young Band,19,17,Gains In Performance
2012-04-21,20,Time Is Love,Josh Turner,20,15,Gains In Performance
2012-04-21,21,Let's Don't Call It A Night,Casey James,21,34,Gains In Performance
2012-04-21,22,(Kissed You) Good Night,Gloriana,22,25,Gains In Performance
2012-04-21,23,Beers Ago,Toby Keith,26,5,Gains In Performance
2012-04-21,24,He's Mine,Rodney Atkins,23,23,Gains In Performance
2012-04-21,25,Why Ya Wanna,Jana Kramer,24,16,Gains In Performance
2012-04-21,26,Postcard From Paris,The Band Perry,29,5,Gains In Performance
2012-04-21,27,Home Sweet Home,THE FARM,25,25,Gains In Performance
2012-04-21,28,Cowboys And Angels,Dustin Lynch,27,14,Gains In Performance
2012-04-21,29,Wanna Make You Love Me,Andy Gibson,28,30,Gains In Performance
2012-04-21,30,Angel Eyes,Love And Theft,31,21,Gains In Performance
2012-04-21,31,So You Don't Have To Love Me Anymore,Alan Jackson,32,13,Gains In Performance
2012-04-21,32,Let The Cowboy Rock,Ronnie Dunn,34,14,Gains In Performance
2012-04-21,33,Something To Do With My Hands,Thomas Rhett,33,10,Gains In Performance
2012-04-21,34,Glass,Thompson Square,35,11,Gains In Performance
2012-04-21,35,Comin' Around,Josh Thompson,36,18,Gains In Performance
2012-04-21,36,Lovin' You Is Fun,Easton Corbin,39,8,Gains In Performance
2012-04-21,37,New To This Town,Kix Brooks Featuring Joe Walsh,38,7,Gains In Performance
2012-04-21,38,Mr. Know It All,Kelly Clarkson,44,9,Gains In Performance
2012-04-21,39,Underdog,The Lost Trailers,37,27,Gains In Performance
2012-04-21,40,When I Get It,Craig Campbell,41,18,Gains In Performance
2012-04-21,41,Don't Miss Your Life,Phil Vassar,40,11,Gains In Performance
2012-04-21,42,Wanted,Hunter Hayes,42,7,Gains In Performance
2012-04-21,43,Neon,Chris Young,43,4,Gains In Performance
2012-04-21,44,Til My Last Day,Justin Moore,45,4,Gains In Performance
2012-04-21,45,5-1-5-0,Dierks Bentley,51,3,Gains In Performance
2012-04-21,46,Goodbyes Made You Mine,JT Hodges,47,9,Gains In Performance
2012-04-21,47,Marry Me,Martina McBride Featuring Pat Monahan Of Train,50,3,Gains In Performance
2012-04-21,48,The Sound Of A Million Dreams,David Nail,46,5,
2012-04-21,49,Touch,Josh Abbott Band,48,11,
2012-04-21,50,Shinin' On Me,Jerrod Niemann,53,4,Gains In Performance
2012-04-21,51,Hot Mess,Tyler Farr,52,9,Gains In Performance
2012-04-21,52,You Still Got It,Darryl Worley,56,5,Gains In Performance
2012-04-21,53,Scream,Katie Armiger,54,17,
2012-04-21,54,Walking Contradiction,James Wesley,57,5,Gains In Performance
2012-04-21,55,Missin' You Crazy,Jon Pardi,58,2,Gains In Performance
2012-04-21,56,Endless Summer,Aaron Lewis,55,5,
2012-04-21,57,All Just To Get To You,Pat Green,60,2,Gains In Performance
2012-04-21,58,Ignition,Matt Stillwell,59,5,Gains In Performance
2012-04-21,59,Too Good To Be True,Edens Edge,NEW,1,Gains In Performance
2012-04-21,60,If The Fish Don't Bite,Eric Paslay,NEW,1,
2012-04-28,1,Drink On It,Blake Shelton,2,17,Gains In Performance
2012-04-28,2,A Woman Like You,Lee Brice,1,28,Gains In Performance
2012-04-28,3,Dancin' Away With My Heart,Lady Antebellum,4,19,Gains In Performance
2012-04-28,4,Over You,Miranda Lambert,5,17,Gains In Performance
2012-04-28,5,Banjo,Rascal Flatts,6,14,Gains In Performance
2012-04-28,6,Fly Over States,Jason Aldean,7,16,Greatest gainer this week|Gains In Performance
2012-04-28,7,Alone With You,Jake Owen,3,29,
2012-04-28,8,Good Girl,Carrie Underwood,8,8,Gains In Performance
2012-04-28,9,No Hurry,Zac Brown Band,11,13,Gains In Performance
2012-04-28,10,Better Than I Used To Be,Tim McGraw,10,20,Gains In Performance
2012-04-28,11,Somethin' 'Bout A Truck,Kip Moore,12,28,Gains In Performance
2012-04-28,12,Springsteen,Eric Church,14,11,Gains In Performance
2012-04-28,13,Feel Like A Rock Star,Kenny Chesney & Tim McGraw,13,2,
2012-04-28,14,You Don't Know Her Like I Do,Brantley Gilbert,15,20,Gains In Performance
2012-04-28,15,Drunk On You,Luke Bryan,16,10,Gains In Performance
2012-04-28,16,This Ole Boy,Craig Morgan,17,39,Gains In Performance
2012-04-28,17,Got My Country On,Chris Cagle,18,33,Gains In Performance
2012-04-28,18,Even If It Breaks Your Heart,Eli Young Band,19,18,Gains In Performance
2012-04-28,19,Time Is Love,Josh Turner,20,16,Gains In Performance
2012-04-28,20,Beers Ago,Toby Keith,23,6,Gains In Performance
2012-04-28,21,(Kissed You) Good Night,Gloriana,22,26,Gains In Performance
2012-04-28,22,Let's Don't Call It A Night,Casey James,21,35,
2012-04-28,23,Postcard From Paris,The Band Perry,26,6,Gains In Performance
2012-04-28,24,Why Ya Wanna,Jana Kramer,25,17,Gains In Performance
2012-04-28,25,He's Mine,Rodney Atkins,24,24,Gains In Performance
2012-04-28,26,Cowboys And Angels,Dustin Lynch,28,15,Gains In Performance
2012-04-28,27,Home Sweet Home,THE FARM,27,26,Gains In Performance
2012-04-28,28,Wanna Make You Love Me,Andy Gibson,29,31,Gains In Performance
2012-04-28,29,Angel Eyes,Love And Theft,30,22,Gains In Performance
2012-04-28,30,Something To Do With My Hands,Thomas Rhett,33,11,Gains In Performance
2012-04-28,31,So You Don't Have To Love Me Anymore,Alan Jackson,31,14,Gains In Performance
2012-04-28,32,Let The Cowboy Rock,Ronnie Dunn,32,15,Gains In Performance
2012-04-28,33,Glass,Thompson Square,34,12,Gains In Performance
2012-04-28,34,Comin' Around,Josh Thompson,35,19,Gains In Performance
2012-04-28,35,Lovin' You Is Fun,Easton Corbin,36,9,Gains In Performance
2012-04-28,36,New To This Town,Kix Brooks Featuring Joe Walsh,37,8,Gains In Performance
2012-04-28,37,5-1-5-0,Dierks Bentley,45,4,Gains In Performance
2012-04-28,38,Mr. Know It All,Kelly Clarkson,38,10,Gains In Performance
2012-04-28,39,Wanted,Hunter Hayes,42,8,Gains In Performance
2012-04-28,40,Neon,Chris Young,43,5,Gains In Performance
2012-04-28,41,When I Get It,Craig Campbell,40,19,Gains In Performance
2012-04-28,42,Don't Miss Your Life,Phil Vassar,41,12,Gains In Performance
2012-04-28,43,Til My Last Day,Justin Moore,44,5,Gains In Performance
2012-04-28,44,Goodbyes Made You Mine,JT Hodges,46,10,Gains In Performance
2012-04-28,45,Shinin' On Me,Jerrod Niemann,50,5,Gains In Performance
2012-04-28,46,The Sound Of A Million Dreams,David Nail,48,6,Gains In Performance
2012-04-28,47,For You,Keith Urban,NEW,1,Highest ranking debut|Gains In Performance
2012-04-28,48,Marry Me,Martina McBride Featuring Pat Monahan Of Train,47,4,
2012-04-28,49,Touch,Josh Abbott Band,49,12,
2012-04-28,50,Too Good To Be True,Edens Edge,59,2,Gains In Performance
2012-04-28,51,Eyes Open,Taylor Swift,NEW,1,Gains In Performance
2012-04-28,52,Hot Mess,Tyler Farr,51,10,
2012-04-28,53,Missin' You Crazy,Jon Pardi,55,3,Gains In Performance
2012-04-28,54,Water Tower Town,Scotty McCreery,NEW,1,Gains In Performance
2012-04-28,55,Walking Contradiction,James Wesley,54,6,Gains In Performance
2012-04-28,56,Endless Summer,Aaron Lewis,56,6,Gains In Performance
2012-04-28,57,Did It For The Girl,Greg Bates,NEW,1,Gains In Performance
2012-04-28,58,If The Fish Don't Bite,Eric Paslay,60,2,Gains In Performance
2012-04-28,59,You Still Got It,Darryl Worley,52,6,
2012-04-28,60,Ignition,Matt Stillwell,58,6,Gains In Performance
2012-05-05,1,Drink On It,Blake Shelton,1,18,
2012-05-05,2,Dancin' Away With My Heart,Lady Antebellum,3,20,Gains In Performance
2012-05-05,3,Banjo,Rascal Flatts,5,15,Gains In Performance
2012-05-05,4,Over You,Miranda Lambert,4,18,Gains In Performance
2012-05-05,5,A Woman Like You,Lee Brice,2,29,
2012-05-05,6,Fly Over States,Jason Aldean,6,17,Gains In Performance
2012-05-05,7,No Hurry,Zac Brown Band,9,14,Gains In Performance
2012-05-05,8,Good Girl,Carrie Underwood,8,9,Gains In Performance
2012-05-05,9,Somethin' 'Bout A Truck,Kip Moore,11,29,Gains In Performance
2012-05-05,10,Springsteen,Eric Church,12,12,Gains In Performance
2012-05-05,11,Better Than I Used To Be,Tim McGraw,10,21,Gains In Performance
2012-05-05,12,Feel Like A Rock Star,Kenny Chesney & Tim McGraw,13,3,Gains In Performance
2012-05-05,13,You Don't Know Her Like I Do,Brantley Gilbert,14,21,Gains In Performance
2012-05-05,14,Drunk On You,Luke Bryan,15,11,Gains In Performance
2012-05-05,15,Even If It Breaks Your Heart,Eli Young Band,18,19,Gains In Performance
2012-05-05,16,Got My Country On,Chris Cagle,17,34,Gains In Performance
2012-05-05,17,This Ole Boy,Craig Morgan,16,40,Gains In Performance
2012-05-05,18,Time Is Love,Josh Turner,19,17,Gains In Performance
2012-05-05,19,Beers Ago,Toby Keith,20,7,Gains In Performance
2012-05-05,20,(Kissed You) Good Night,Gloriana,21,27,Gains In Performance
2012-05-05,21,Postcard From Paris,The Band Perry,23,7,Gains In Performance
2012-05-05,22,Let's Don't Call It A Night,Casey James,22,36,Gains In Performance
2012-05-05,23,Why Ya Wanna,Jana Kramer,24,18,Gains In Performance
2012-05-05,24,Home Sweet Home,THE FARM,27,27,Gains In Performance
2012-05-05,25,Cowboys And Angels,Dustin Lynch,26,16,Gains In Performance
2012-05-05,26,Angel Eyes,Love And Theft,29,23,Gains In Performance
2012-05-05,27,Wanna Make You Love Me,Andy Gibson,28,32,Gains In Performance
2012-05-05,28,Glass,Thompson Square,33,13,Gains In Performance
2012-05-05,29,So You Don't Have To Love Me Anymore,Alan Jackson,31,15,Gains In Performance
2012-05-05,30,5-1-5-0,Dierks Bentley,37,5,Gains In Performance
2012-05-05,31,Let The Cowboy Rock,Ronnie Dunn,32,16,Gains In Performance
2012-05-05,32,Something To Do With My Hands,Thomas Rhett,30,12,Gains In Performance
2012-05-05,33,Mr. Know It All,Kelly Clarkson,38,11,Gains In Performance
2012-05-05,34,Comin' Around,Josh Thompson,34,20,Gains In Performance
2012-05-05,35,Lovin' You Is Fun,Easton Corbin,35,10,Gains In Performance
2012-05-05,36,For You,Keith Urban,47,2,Greatest gainer this week|Gains In Performance
2012-05-05,37,New To This Town,Kix Brooks Featuring Joe Walsh,36,9,Gains In Performance
2012-05-05,38,Wanted,Hunter Hayes,39,9,Gains In Performance
2012-05-05,39,Neon,Chris Young,40,6,Gains In Performance
2012-05-05,40,Don't Miss Your Life,Phil Vassar,42,13,Gains In Performance
2012-05-05,41,The Sound Of A Million Dreams,David Nail,46,7,Gains In Performance
2012-05-05,42,Til My Last Day,Justin Moore,43,6,Gains In Performance
2012-05-05,43,When I Get It,Craig Campbell,41,20,
2012-05-05,44,Shinin' On Me,Jerrod Niemann,45,6,Gains In Performance
2012-05-05,45,Goodbyes Made You Mine,JT Hodges,44,11,
2012-05-05,46,Touch,Josh Abbott Band,49,13,Gains In Performance
2012-05-05,47,Marry Me,Martina McBride Featuring Pat Monahan Of Train,48,5,
2012-05-05,48,Too Good To Be True,Edens Edge,50,3,Gains In Performance
2012-05-05,49,Hot Mess,Tyler Farr,52,11,Gains In Performance
2012-05-05,50,Eyes Open,Taylor Swift,51,2,Gains In Performance
2012-05-05,51,Did It For The Girl,Greg Bates,57,2,Gains In Performance
2012-05-05,52,Water Tower Town,Scotty McCreery,54,2,Gains In Performance
2012-05-05,53,Missin' You Crazy,Jon Pardi,53,4,
2012-05-05,54,Drinkin' Man,George Strait,NEW,1,Highest ranking debut|Gains In Performance
2012-05-05,55,Walking Contradiction,James Wesley,55,7,
2012-05-05,56,Endless Summer,Aaron Lewis,56,7,Gains In Performance
2012-05-05,57,You Still Got It,Darryl Worley,59,7,Gains In Performance
2012-05-05,58,If The Fish Don't Bite,Eric Paslay,58,3,Gains In Performance
2012-05-05,59,Ignition,Matt Stillwell,60,7,Gains In Performance
2012-05-05,60,All Just To Get To You,Pat Green,RE,3,Gains In Performance
2012-05-12,1,Banjo,Rascal Flatts,3,16,Gains In Performance
2012-05-12,2,Dancin' Away With My Heart,Lady Antebellum,2,21,Gains In Performance
2012-05-12,3,Over You,Miranda Lambert,4,19,Gains In Performance
2012-05-12,4,Fly Over States,Jason Aldean,6,18,Gains In Performance
2012-05-12,5,Drink On It,Blake Shelton,1,19,
2012-05-12,6,No Hurry,Zac Brown Band,7,15,Greatest gainer this week|Gains In Performance
2012-05-12,7,A Woman Like You,Lee Brice,5,30,
2012-05-12,8,Good Girl,Carrie Underwood,8,10,Gains In Performance
2012-05-12,9,Somethin' 'Bout A Truck,Kip Moore,9,30,Gains In Performance
2012-05-12,10,Springsteen,Eric Church,10,13,Gains In Performance
2012-05-12,11,Better Than I Used To Be,Tim McGraw,11,22,Gains In Performance
2012-05-12,12,Feel Like A Rock Star,Kenny Chesney & Tim McGraw,12,4,Gains In Performance
2012-05-12,13,Drunk On You,Luke Bryan,14,12,Gains In Performance
2012-05-12,14,You Don't Know Her Like I Do,Brantley Gilbert,13,22,Gains In Performance
2012-05-12,15,Even If It Breaks Your Heart,Eli Young Band,15,20,Gains In Performance
2012-05-12,16,Got My Country On,Chris Cagle,16,35,Gains In Performance
2012-05-12,17,This Ole Boy,Craig Morgan,17,41,Gains In Performance
2012-05-12,18,Beers Ago,Toby Keith,19,8,Gains In Performance
2012-05-12,19,Time Is Love,Josh Turner,18,18,Gains In Performance
2012-05-12,20,(Kissed You) Good Night,Gloriana,20,28,Gains In Performance
2012-05-12,21,Postcard From Paris,The Band Perry,21,8,Gains In Performance
2012-05-12,22,Why Ya Wanna,Jana Kramer,23,19,Gains In Performance
2012-05-12,23,Home Sweet Home,THE FARM,24,28,Gains In Performance
2012-05-12,24,Cowboys And Angels,Dustin Lynch,25,17,Gains In Performance
2012-05-12,25,5-1-5-0,Dierks Bentley,30,6,Gains In Performance
2012-05-12,26,Angel Eyes,Love And Theft,26,24,Gains In Performance
2012-05-12,27,Wanna Make You Love Me,Andy Gibson,27,33,Gains In Performance
2012-05-12,28,Glass,Thompson Square,28,14,Gains In Performance
2012-05-12,29,So You Don't Have To Love Me Anymore,Alan Jackson,29,16,Gains In Performance
2012-05-12,30,Mr. Know It All,Kelly Clarkson,33,12,Gains In Performance
2012-05-12,31,For You,Keith Urban,36,3,Gains In Performance
2012-05-12,32,Something To Do With My Hands,Thomas Rhett,32,13,Gains In Performance
2012-05-12,33,Let The Cowboy Rock,Ronnie Dunn,31,17,Gains In Performance
2012-05-12,34,Lovin' You Is Fun,Easton Corbin,35,11,Gains In Performance
2012-05-12,35,New To This Town,Kix Brooks Featuring Joe Walsh,37,10,Gains In Performance
2012-05-12,36,Wanted,Hunter Hayes,38,10,Gains In Performance
2012-05-12,37,Comin' Around,Josh Thompson,34,21,Gains In Performance
2012-05-12,38,Neon,Chris Young,39,7,Gains In Performance
2012-05-12,39,Don't Miss Your Life,Phil Vassar,40,14,Gains In Performance
2012-05-12,40,The Sound Of A Million Dreams,David Nail,41,8,Gains In Performance
2012-05-12,41,Til My Last Day,Justin Moore,42,7,Gains In Performance
2012-05-12,42,Shinin' On Me,Jerrod Niemann,44,7,Gains In Performance
2012-05-12,43,Goodbyes Made You Mine,JT Hodges,45,12,Gains In Performance
2012-05-12,44,Drinkin' Man,George Strait,54,2,Gains In Performance
2012-05-12,45,Marry Me,Martina McBride Featuring Pat Monahan Of Train,47,6,Gains In Performance
2012-05-12,46,Touch,Josh Abbott Band,46,14,Gains In Performance
2012-05-12,47,Too Good To Be True,Edens Edge,48,4,Gains In Performance
2012-05-12,48,Did It For The Girl,Greg Bates,51,3,Gains In Performance
2012-05-12,49,Missin' You Crazy,Jon Pardi,53,5,Gains In Performance
2012-05-12,50,Eyes Open,Taylor Swift,50,3,Gains In Performance
2012-05-12,51,Water Tower Town,Scotty McCreery,52,3,Gains In Performance
2012-05-12,52,Hot Mess,Tyler Farr,49,12,
2012-05-12,53,100 Proof,Kellie Pickler,NEW,1,Highest ranking debut|Gains In Performance
2012-05-12,54,Walking Contradiction,James Wesley,55,8,Gains In Performance
2012-05-12,55,How Country Feels,Randy Houser,NEW,1,Gains In Performance
2012-05-12,56,You Still Got It,Darryl Worley,57,8,Gains In Performance
2012-05-12,57,Ignition,Matt Stillwell,59,8,Gains In Performance
2012-05-12,58,Endless Summer,Aaron Lewis,56,8,
2012-05-12,59,Guy's Girl,Jaida Dreyer,NEW,1,Gains In Performance
2012-05-12,60,Ex-Old Man,Kristen Kelly,RE,2,Gains In Performance
2012-05-19,1,Over You,Miranda Lambert,3,20,Gains In Performance
2012-05-19,2,Fly Over States,Jason Aldean,4,19,Gains In Performance
2012-05-19,3,Banjo,Rascal Flatts,1,17,
2012-05-19,4,No Hurry,Zac Brown Band,6,16,Gains In Performance
2012-05-19,5,Somethin' 'Bout A Truck,Kip Moore,9,31,Gains In Performance
2012-05-19,6,Dancin' Away With My Heart,Lady Antebellum,2,22,
2012-05-19,7,Good Girl,Carrie Underwood,8,11,Gains In Performance
2012-05-19,8,Springsteen,Eric Church,10,14,Gains In Performance
2012-05-19,9,Better Than I Used To Be,Tim McGraw,11,23,Gains In Performance
2012-05-19,10,A Woman Like You,Lee Brice,7,31,
2012-05-19,11,Drunk On You,Luke Bryan,13,13,Gains In Performance
2012-05-19,12,Feel Like A Rock Star,Kenny Chesney & Tim McGraw,12,5,Gains In Performance
2012-05-19,13,You Don't Know Her Like I Do,Brantley Gilbert,14,23,Gains In Performance
2012-05-19,14,Even If It Breaks Your Heart,Eli Young Band,15,21,Gains In Performance
2012-05-19,15,Got My Country On,Chris Cagle,16,36,Gains In Performance
2012-05-19,16,Beers Ago,Toby Keith,18,9,Gains In Performance
2012-05-19,17,This Ole Boy,Craig Morgan,17,42,Gains In Performance
2012-05-19,18,Time Is Love,Josh Turner,19,19,Gains In Performance
2012-05-19,19,(Kissed You) Good Night,Gloriana,20,29,Gains In Performance
2012-05-19,20,Postcard From Paris,The Band Perry,21,9,Gains In Performance
2012-05-19,21,Why Ya Wanna,Jana Kramer,22,20,Gains In Performance
2012-05-19,22,5-1-5-0,Dierks Bentley,25,7,Greatest gainer this week|Gains In Performance
2012-05-19,23,Home Sweet Home,THE FARM,23,29,Gains In Performance
2012-05-19,24,Angel Eyes,Love And Theft,26,25,Gains In Performance
2012-05-19,25,Cowboys And Angels,Dustin Lynch,24,18,Gains In Performance
2012-05-19,26,For You,Keith Urban,31,4,Gains In Performance
2012-05-19,27,Wanna Make You Love Me,Andy Gibson,27,34,Gains In Performance
2012-05-19,28,Glass,Thompson Square,28,15,Gains In Performance
2012-05-19,29,Something To Do With My Hands,Thomas Rhett,32,14,Gains In Performance
2012-05-19,30,Mr. Know It All,Kelly Clarkson,30,13,Gains In Performance
2012-05-19,31,So You Don't Have To Love Me Anymore,Alan Jackson,29,17,Gains In Performance
2012-05-19,32,Let The Cowboy Rock,Ronnie Dunn,33,18,Gains In Performance
2012-05-19,33,Wanted,Hunter Hayes,36,11,Gains In Performance
2012-05-19,34,Lovin' You Is Fun,Easton Corbin,34,12,Gains In Performance
2012-05-19,35,Comin' Around,Josh Thompson,37,22,Gains In Performance
2012-05-19,36,Neon,Chris Young,38,8,Gains In Performance
2012-05-19,37,New To This Town,Kix Brooks Featuring Joe Walsh,35,11,Gains In Performance
2012-05-19,38,Don't Miss Your Life,Phil Vassar,39,15,Gains In Performance
2012-05-19,39,The Sound Of A Million Dreams,David Nail,40,9,Gains In Performance
2012-05-19,40,Shinin' On Me,Jerrod Niemann,42,8,Gains In Performance
2012-05-19,41,Til My Last Day,Justin Moore,41,8,Gains In Performance
2012-05-19,42,Drinkin' Man,George Strait,44,3,Gains In Performance
2012-05-19,43,Goodbyes Made You Mine,JT Hodges,43,13,Gains In Performance
2012-05-19,44,Too Good To Be True,Edens Edge,47,5,Gains In Performance
2012-05-19,45,Did It For The Girl,Greg Bates,48,4,Gains In Performance
2012-05-19,46,Marry Me,Martina McBride Featuring Pat Monahan Of Train,45,7,
2012-05-19,47,Ex-Old Man,Kristen Kelly,60,3,Gains In Performance
2012-05-19,48,Touch,Josh Abbott Band,46,15,
2012-05-19,49,Water Tower Town,Scotty McCreery,51,4,Gains In Performance
2012-05-19,50,100 Proof,Kellie Pickler,53,2,Gains In Performance
2012-05-19,51,Pontoon,Little Big Town,NEW,1,Highest ranking debut|Gains In Performance
2012-05-19,52,Missin' You Crazy,Jon Pardi,49,6,Gains In Performance
2012-05-19,53,Over,Blake Shelton,NEW,1,Gains In Performance
2012-05-19,54,Eyes Open,Taylor Swift,50,4,
2012-05-19,55,Hot Mess,Tyler Farr,52,13,Gains In Performance
2012-05-19,56,You Still Got It,Darryl Worley,56,9,Gains In Performance
2012-05-19,57,Walking Contradiction,James Wesley,54,9,Gains In Performance
2012-05-19,58,How Country Feels,Randy Houser,55,2,Gains In Performance
2012-05-19,59,So Called Life,Montgomery Gentry,NEW,1,Gains In Performance
2012-05-19,60,Ignition,Matt Stillwell,57,9,Gains In Performance
2012-05-26,1,Fly Over States,Jason Aldean,2,20,Gains In Performance
2012-05-26,2,Over You,Miranda Lambert,1,21,
2012-05-26,3,Somethin' 'Bout A Truck,Kip Moore,5,32,Greatest gainer this week|Gains In Performance
2012-05-26,4,No Hurry,Zac Brown Band,4,17,Gains In Performance
2012-05-26,5,Good Girl,Carrie Underwood,7,12,Gains In Performance
2012-05-26,6,Springsteen,Eric Church,8,15,Gains In Performance
2012-05-26,7,Better Than I Used To Be,Tim McGraw,9,24,Gains In Performance
2012-05-26,8,Banjo,Rascal Flatts,3,18,
2012-05-26,9,Drunk On You,Luke Bryan,11,14,Gains In Performance
2012-05-26,10,You Don't Know Her Like I Do,Brantley Gilbert,13,24,Gains In Performance
2012-05-26,11,Feel Like A Rock Star,Kenny Chesney & Tim McGraw,12,6,Gains In Performance
2012-05-26,12,Even If It Breaks Your Heart,Eli Young Band,14,22,Gains In Performance
2012-05-26,13,Got My Country On,Chris Cagle,15,37,Gains In Performance
2012-05-26,14,Beers Ago,Toby Keith,16,10,Gains In Performance
2012-05-26,15,This Ole Boy,Craig Morgan,17,43,Gains In Performance
2012-05-26,16,Time Is Love,Josh Turner,18,20,Gains In Performance
2012-05-26,17,(Kissed You) Good Night,Gloriana,19,30,Gains In Performance
2012-05-26,18,Postcard From Paris,The Band Perry,20,10,Gains In Performance
2012-05-26,19,5-1-5-0,Dierks Bentley,22,8,Gains In Performance
2012-05-26,20,Why Ya Wanna,Jana Kramer,21,21,Gains In Performance
2012-05-26,21,Angel Eyes,Love And Theft,24,26,Gains In Performance
2012-05-26,22,Home Sweet Home,THE FARM,23,30,Gains In Performance
2012-05-26,23,For You,Keith Urban,26,5,Gains In Performance
2012-05-26,24,Cowboys And Angels,Dustin Lynch,25,19,Gains In Performance
2012-05-26,25,Glass,Thompson Square,28,16,Gains In Performance
2012-05-26,26,Something To Do With My Hands,Thomas Rhett,29,15,Gains In Performance
2012-05-26,27,Wanna Make You Love Me,Andy Gibson,27,35,Gains In Performance
2012-05-26,28,So You Don't Have To Love Me Anymore,Alan Jackson,31,18,Gains In Performance
2012-05-26,29,Mr. Know It All,Kelly Clarkson,30,14,Gains In Performance
2012-05-26,30,Lovin' You Is Fun,Easton Corbin,34,13,Gains In Performance
2012-05-26,31,Wanted,Hunter Hayes,33,12,Gains In Performance
2012-05-26,32,Let The Cowboy Rock,Ronnie Dunn,32,19,Gains In Performance
2012-05-26,33,Comin' Around,Josh Thompson,35,23,Gains In Performance
2012-05-26,34,Neon,Chris Young,36,9,Gains In Performance
2012-05-26,35,Don't Miss Your Life,Phil Vassar,38,16,Gains In Performance
2012-05-26,36,New To This Town,Kix Brooks Featuring Joe Walsh,37,12,Gains In Performance
2012-05-26,37,Drinkin' Man,George Strait,42,4,Gains In Performance
2012-05-26,38,The Sound Of A Million Dreams,David Nail,39,10,Gains In Performance
2012-05-26,39,Shinin' On Me,Jerrod Niemann,40,9,Gains In Performance
2012-05-26,40,Over,Blake Shelton,53,2,Gains In Performance
2012-05-26,41,Til My Last Day,Justin Moore,41,9,Gains In Performance
2012-05-26,42,Did It For The Girl,Greg Bates,45,5,Gains In Performance
2012-05-26,43,Too Good To Be True,Edens Edge,44,6,Gains In Performance
2012-05-26,44,Goodbyes Made You Mine,JT Hodges,43,14,
2012-05-26,45,Ex-Old Man,Kristen Kelly,47,4,Gains In Performance
2012-05-26,46,Water Tower Town,Scotty McCreery,49,5,Gains In Performance
2012-05-26,47,Touch,Josh Abbott Band,48,16,Gains In Performance
2012-05-26,48,Pontoon,Little Big Town,51,2,Gains In Performance
2012-05-26,49,Missin' You Crazy,Jon Pardi,52,7,Gains In Performance
2012-05-26,50,Marry Me,Martina McBride Featuring Pat Monahan Of Train,46,8,
2012-05-26,51,Hard To Love,Lee Brice,NEW,1,Highest ranking debut|Gains In Performance
2012-05-26,52,How Country Feels,Randy Houser,58,3,Gains In Performance
2012-05-26,53,100 Proof,Kellie Pickler,50,3,Gains In Performance
2012-05-26,54,So Called Life,Montgomery Gentry,59,2,Gains In Performance
2012-05-26,55,The One That Got Away,Jake Owen,NEW,1,Gains In Performance
2012-05-26,56,Hot Mess,Tyler Farr,55,14,
2012-05-26,57,Wanted You More,Lady Antebellum,NEW,1,Gains In Performance
2012-05-26,58,You Still Got It,Darryl Worley,56,10,Gains In Performance
2012-05-26,59,Ignition,Matt Stillwell,60,10,Gains In Performance
2012-05-26,60,Walking Contradiction,James Wesley,57,10,
2012-06-02,1,Somethin' 'Bout A Truck,Kip Moore,3,33,Gains In Performance
2012-06-02,2,Fly Over States,Jason Aldean,1,21,
2012-06-02,3,No Hurry,Zac Brown Band,4,18,Gains In Performance
2012-06-02,4,Springsteen,Eric Church,6,16,Gains In Performance
2012-06-02,5,Good Girl,Carrie Underwood,5,13,Gains In Performance
2012-06-02,6,Drunk On You,Luke Bryan,9,15,Gains In Performance
2012-06-02,7,Better Than I Used To Be,Tim McGraw,7,25,Gains In Performance
2012-06-02,8,Over You,Miranda Lambert,2,22,
2012-06-02,9,You Don't Know Her Like I Do,Brantley Gilbert,10,25,Gains In Performance
2012-06-02,10,Even If It Breaks Your Heart,Eli Young Band,12,23,Gains In Performance
2012-06-02,11,Beers Ago,Toby Keith,14,11,Gains In Performance
2012-06-02,12,Got My Country On,Chris Cagle,13,38,
2012-06-02,13,This Ole Boy,Craig Morgan,15,44,
2012-06-02,14,Time Is Love,Josh Turner,16,21,Gains In Performance
2012-06-02,15,(Kissed You) Good Night,Gloriana,17,31,Gains In Performance
2012-06-02,16,5-1-5-0,Dierks Bentley,19,9,Gains In Performance
2012-06-02,17,Postcard From Paris,The Band Perry,18,11,Gains In Performance
2012-06-02,18,Feel Like A Rock Star,Kenny Chesney & Tim McGraw,11,7,
2012-06-02,19,Why Ya Wanna,Jana Kramer,20,22,Gains In Performance
2012-06-02,20,Angel Eyes,Love And Theft,21,27,Gains In Performance
2012-06-02,21,For You,Keith Urban,23,6,Gains In Performance
2012-06-02,22,Cowboys And Angels,Dustin Lynch,24,20,Gains In Performance
2012-06-02,23,Home Sweet Home,THE FARM,22,31,Gains In Performance
2012-06-02,24,Come Over,Kenny Chesney,NEW,1,
2012-06-02,25,Glass,Thompson Square,25,17,Gains In Performance
2012-06-02,26,Something To Do With My Hands,Thomas Rhett,26,16,Gains In Performance
2012-06-02,27,Wanna Make You Love Me,Andy Gibson,27,36,Gains In Performance
2012-06-02,28,Mr. Know It All,Kelly Clarkson,29,15,Gains In Performance
2012-06-02,29,So You Don't Have To Love Me Anymore,Alan Jackson,28,19,Gains In Performance
2012-06-02,30,Lovin' You Is Fun,Easton Corbin,30,14,Gains In Performance
2012-06-02,31,Over,Blake Shelton,40,3,Gains In Performance
2012-06-02,32,Wanted,Hunter Hayes,31,13,Gains In Performance
2012-06-02,33,Neon,Chris Young,34,10,Gains In Performance
2012-06-02,34,Comin' Around,Josh Thompson,33,24,Gains In Performance
2012-06-02,35,Don't Miss Your Life,Phil Vassar,35,17,Gains In Performance
2012-06-02,36,New To This Town,Kix Brooks Featuring Joe Walsh,36,13,Gains In Performance
2012-06-02,37,Let The Cowboy Rock,Ronnie Dunn,32,20,
2012-06-02,38,Drinkin' Man,George Strait,37,5,Gains In Performance
2012-06-02,39,Shinin' On Me,Jerrod Niemann,39,10,Gains In Performance
2012-06-02,40,Til My Last Day,Justin Moore,41,10,Gains In Performance
2012-06-02,41,The Sound Of A Million Dreams,David Nail,38,11,
2012-06-02,42,Wanted You More,Lady Antebellum,57,2,Gains In Performance
2012-06-02,43,Did It For The Girl,Greg Bates,42,6,Gains In Performance
2012-06-02,44,Too Good To Be True,Edens Edge,43,7,Gains In Performance
2012-06-02,45,Hard To Love,Lee Brice,51,2,Gains In Performance
2012-06-02,46,Pontoon,Little Big Town,48,3,Gains In Performance
2012-06-02,47,Ex-Old Man,Kristen Kelly,45,5,Gains In Performance
2012-06-02,48,Goodbyes Made You Mine,JT Hodges,44,15,Gains In Performance
2012-06-02,49,How Country Feels,Randy Houser,52,4,Gains In Performance
2012-06-02,50,Water Tower Town,Scotty McCreery,46,6,Gains In Performance
2012-06-02,51,Touch,Josh Abbott Band,47,17,Gains In Performance
2012-06-02,52,Missin' You Crazy,Jon Pardi,49,8,Gains In Performance
2012-06-02,53,The One That Got Away,Jake Owen,55,2,Gains In Performance
2012-06-02,54,Fastest Girl In Town,Miranda Lambert,NEW,1,Gains In Performance
2012-06-02,55,100 Proof,Kellie Pickler,53,4,
2012-06-02,56,So Called Life,Montgomery Gentry,54,3,Gains In Performance
2012-06-02,57,You Still Got It,Darryl Worley,58,11,Gains In Performance
2012-06-02,58,Ignition,Matt Stillwell,59,11,Gains In Performance
2012-06-02,59,Come Wake Me Up,Rascal Flatts,NEW,1,Gains In Performance
2012-06-02,60,Walking Contradiction,James Wesley,60,11,
2012-06-09,1,Somethin' 'Bout A Truck,Kip Moore,1,34,
2012-06-09,2,No Hurry,Zac Brown Band,3,19,Gains In Performance
2012-06-09,3,Springsteen,Eric Church,4,17,Gains In Performance
2012-06-09,4,Good Girl,Carrie Underwood,5,14,Gains In Performance
2012-06-09,5,Drunk On You,Luke Bryan,6,16,Gains In Performance
2012-06-09,6,Fly Over States,Jason Aldean,2,22,
2012-06-09,7,Better Than I Used To Be,Tim McGraw,7,26,Gains In Performance
2012-06-09,8,You Don't Know Her Like I Do,Brantley Gilbert,9,26,Gains In Performance
2012-06-09,9,Even If It Breaks Your Heart,Eli Young Band,10,24,Gains In Performance
2012-06-09,10,Over You,Miranda Lambert,8,23,
2012-06-09,11,Beers Ago,Toby Keith,11,12,Gains In Performance
2012-06-09,12,5-1-5-0,Dierks Bentley,16,10,Gains In Performance
2012-06-09,13,(Kissed You) Good Night,Gloriana,15,32,Gains In Performance
2012-06-09,14,Time Is Love,Josh Turner,14,22,Gains In Performance
2012-06-09,15,Postcard From Paris,The Band Perry,17,12,Gains In Performance
2012-06-09,16,Come Over,Kenny Chesney,24,2,Gains In Performance
2012-06-09,17,For You,Keith Urban,21,7,Gains In Performance
2012-06-09,18,Why Ya Wanna,Jana Kramer,19,23,Gains In Performance
2012-06-09,19,Angel Eyes,Love And Theft,20,28,Gains In Performance
2012-06-09,20,Cowboys And Angels,Dustin Lynch,22,21,Gains In Performance
2012-06-09,21,Home Sweet Home,THE FARM,23,32,Gains In Performance
2012-06-09,22,Glass,Thompson Square,25,18,Gains In Performance
2012-06-09,23,Something To Do With My Hands,Thomas Rhett,26,17,Gains In Performance
2012-06-09,24,That's Why I Pray,Big & Rich,NEW,1,Highest ranking debut|Gains In Performance
2012-06-09,25,Feel Like A Rock Star,Kenny Chesney & Tim McGraw,18,8,
2012-06-09,26,Mr. Know It All,Kelly Clarkson,28,16,Gains In Performance
2012-06-09,27,Over,Blake Shelton,31,4,Gains In Performance
2012-06-09,28,Lovin' You Is Fun,Easton Corbin,30,15,Gains In Performance
2012-06-09,29,So You Don't Have To Love Me Anymore,Alan Jackson,29,20,Gains In Performance
2012-06-09,30,Wanna Make You Love Me,Andy Gibson,27,37,
2012-06-09,31,Wanted,Hunter Hayes,32,14,Gains In Performance
2012-06-09,32,Neon,Chris Young,33,11,Gains In Performance
2012-06-09,33,Comin' Around,Josh Thompson,34,25,Gains In Performance
2012-06-09,34,Don't Miss Your Life,Phil Vassar,35,18,Gains In Performance
2012-06-09,35,New To This Town,Kix Brooks Featuring Joe Walsh,36,14,Gains In Performance
2012-06-09,36,Wanted You More,Lady Antebellum,42,3,Gains In Performance
2012-06-09,37,Shinin' On Me,Jerrod Niemann,39,11,Gains In Performance
2012-06-09,38,Drinkin' Man,George Strait,38,6,
2012-06-09,39,Til My Last Day,Justin Moore,40,11,Gains In Performance
2012-06-09,40,Hard To Love,Lee Brice,45,3,Gains In Performance
2012-06-09,41,The Sound Of A Million Dreams,David Nail,41,12,
2012-06-09,42,Pontoon,Little Big Town,46,4,Gains In Performance
2012-06-09,43,Too Good To Be True,Edens Edge,44,8,Gains In Performance
2012-06-09,44,Come Wake Me Up,Rascal Flatts,59,2,Gains In Performance
2012-06-09,45,Did It For The Girl,Greg Bates,43,7,Gains In Performance
2012-06-09,46,How Country Feels,Randy Houser,49,5,Gains In Performance
2012-06-09,47,The One That Got Away,Jake Owen,53,3,Gains In Performance
2012-06-09,48,Ex-Old Man,Kristen Kelly,47,6,Gains In Performance
2012-06-09,49,Missin' You Crazy,Jon Pardi,52,9,Gains In Performance
2012-06-09,50,Touch,Josh Abbott Band,51,18,Gains In Performance
2012-06-09,51,Water Tower Town,Scotty McCreery,50,7,Gains In Performance
2012-06-09,52,Goodbyes Made You Mine,JT Hodges,48,16,
2012-06-09,53,Fastest Girl In Town,Miranda Lambert,54,2,Gains In Performance
2012-06-09,54,So Called Life,Montgomery Gentry,56,4,Gains In Performance
2012-06-09,55,Military Man,Jessie James,NEW,1,Gains In Performance
2012-06-09,56,You Still Got It,Darryl Worley,57,12,
2012-06-09,57,100 Proof,Kellie Pickler,55,5,
2012-06-09,58,Endless Summer,Aaron Lewis,RE,9,Gains In Performance
2012-06-09,59,Ignition,Matt Stillwell,58,12,
2012-06-09,60,Things You Can't Do In A Car,Due West,NEW,1,Gains In Performance
2012-06-16,1,Good Girl,Carrie Underwood,4,15,Gains In Performance
2012-06-16,2,Springsteen,Eric Church,3,18,Gains In Performance
2012-06-16,3,No Hurry,Zac Brown Band,2,20,Gains In Performance
2012-06-16,4,Somethin' 'Bout A Truck,Kip Moore,1,35,
2012-06-16,5,Drunk On You,Luke Bryan,5,17,Gains In Performance
2012-06-16,6,Better Than I Used To Be,Tim McGraw,7,27,Gains In Performance
2012-06-16,7,You Don't Know Her Like I Do,Brantley Gilbert,8,27,Gains In Performance
2012-06-16,8,Even If It Breaks Your Heart,Eli Young Band,9,25,Gains In Performance
2012-06-16,9,Fly Over States,Jason Aldean,6,23,
2012-06-16,10,Beers Ago,Toby Keith,11,13,Gains In Performance
2012-06-16,11,5-1-5-0,Dierks Bentley,12,11,Gains In Performance
2012-06-16,12,(Kissed You) Good Night,Gloriana,13,33,Gains In Performance
2012-06-16,13,Come Over,Kenny Chesney,16,3,Greatest gainer this week|Gains In Performance
2012-06-16,14,Postcard From Paris,The Band Perry,15,13,Gains In Performance
2012-06-16,15,Time Is Love,Josh Turner,14,23,Gains In Performance
2012-06-16,16,For You,Keith Urban,17,8,Gains In Performance
2012-06-16,17,Angel Eyes,Love And Theft,19,29,Gains In Performance
2012-06-16,18,Why Ya Wanna,Jana Kramer,18,24,Gains In Performance
2012-06-16,19,Cowboys And Angels,Dustin Lynch,20,22,Gains In Performance
2012-06-16,20,Home Sweet Home,THE FARM,21,33,Gains In Performance
2012-06-16,21,Glass,Thompson Square,22,19,Gains In Performance
2012-06-16,22,Something To Do With My Hands,Thomas Rhett,23,18,Gains In Performance
2012-06-16,23,Over,Blake Shelton,27,5,Gains In Performance
2012-06-16,24,Mr. Know It All,Kelly Clarkson,26,17,Gains In Performance
2012-06-16,25,Lovin' You Is Fun,Easton Corbin,28,16,Gains In Performance
2012-06-16,26,So You Don't Have To Love Me Anymore,Alan Jackson,29,21,Gains In Performance
2012-06-16,27,Wanted,Hunter Hayes,31,15,Gains In Performance
2012-06-16,28,That's Why I Pray,Big & Rich,24,2,
2012-06-16,29,Neon,Chris Young,32,12,Gains In Performance
2012-06-16,30,Wanted You More,Lady Antebellum,36,4,Gains In Performance
2012-06-16,31,Comin' Around,Josh Thompson,33,26,Gains In Performance
2012-06-16,32,Don't Miss Your Life,Phil Vassar,34,19,Gains In Performance
2012-06-16,33,New To This Town,Kix Brooks Featuring Joe Walsh,35,15,Gains In Performance
2012-06-16,34,Shinin' On Me,Jerrod Niemann,37,12,Gains In Performance
2012-06-16,35,Hard To Love,Lee Brice,40,4,Gains In Performance
2012-06-16,36,Come Wake Me Up,Rascal Flatts,44,3,Gains In Performance
2012-06-16,37,Drinkin' Man,George Strait,38,7,Gains In Performance
2012-06-16,38,Til My Last Day,Justin Moore,39,12,Gains In Performance
2012-06-16,39,The One That Got Away,Jake Owen,47,4,Gains In Performance
2012-06-16,40,Pontoon,Little Big Town,42,5,Gains In Performance
2012-06-16,41,Did It For The Girl,Greg Bates,45,8,Gains In Performance
2012-06-16,42,Too Good To Be True,Edens Edge,43,9,Gains In Performance
2012-06-16,43,How Country Feels,Randy Houser,46,6,Gains In Performance
2012-06-16,44,Ex-Old Man,Kristen Kelly,48,7,Gains In Performance
2012-06-16,45,Missin' You Crazy,Jon Pardi,49,10,Gains In Performance
2012-06-16,46,Touch,Josh Abbott Band,50,19,Gains In Performance
2012-06-16,47,Water Tower Town,Scotty McCreery,51,8,Gains In Performance
2012-06-16,48,Fastest Girl In Town,Miranda Lambert,53,3,Gains In Performance
2012-06-16,49,Goodbyes Made You Mine,JT Hodges,52,17,
2012-06-16,50,So Called Life,Montgomery Gentry,54,5,Gains In Performance
2012-06-16,51,Military Man,Jessie James,55,2,Gains In Performance
2012-06-16,52,You Still Got It,Darryl Worley,56,13,Gains In Performance
2012-06-16,53,Endless Summer,Aaron Lewis,58,10,Gains In Performance
2012-06-16,54,Born To Be Blue,The Mavericks,NEW,1,Highest ranking debut|Gains In Performance
2012-06-16,55,Guy's Girl,Jaida Dreyer,RE,2,Gains In Performance
2012-06-16,56,Ignition,Matt Stillwell,59,13,
2012-06-16,57,Things You Can't Do In A Car,Due West,60,2,Gains In Performance
2012-06-16,58,Eyes Open,Taylor Swift,RE,5,Gains In Performance
2012-06-16,59,I Wanna Be That Feeling,Bucky Covington,NEW,1,Gains In Performance
2012-06-16,60,Deep River Woman,Lionel Richie With Little Big Town,NEW,1,Gains In Performance
2012-06-23,1,Springsteen,Eric Church,2,19,Gains In Performance
2012-06-23,2,Drunk On You,Luke Bryan,5,18,Gains In Performance
2012-06-23,3,You Don't Know Her Like I Do,Brantley Gilbert,7,28,Gains In Performance
2012-06-23,4,Good Girl,Carrie Underwood,1,16,
2012-06-23,5,Even If It Breaks Your Heart,Eli Young Band,8,26,Gains In Performance
2012-06-23,6,Better Than I Used To Be,Tim McGraw,6,28,
2012-06-23,7,No Hurry,Zac Brown Band,3,21,
2012-06-23,8,Somethin' 'Bout A Truck,Kip Moore,4,36,
2012-06-23,9,Beers Ago,Toby Keith,10,14,Gains In Performance
2012-06-23,10,5-1-5-0,Dierks Bentley,11,12,Gains In Performance
2012-06-23,11,(Kissed You) Good Night,Gloriana,12,34,Gains In Performance
2012-06-23,12,Come Over,Kenny Chesney,13,4,Gains In Performance
2012-06-23,13,Postcard From Paris,The Band Perry,14,14,Gains In Performance
2012-06-23,14,Time Is Love,Josh Turner,15,24,Gains In Performance
2012-06-23,15,Angel Eyes,Love And Theft,17,30,Gains In Performance
2012-06-23,16,For You,Keith Urban,16,9,Gains In Performance
2012-06-23,17,Why Ya Wanna,Jana Kramer,18,25,Gains In Performance
2012-06-23,18,Cowboys And Angels,Dustin Lynch,19,23,Gains In Performance
2012-06-23,19,Over,Blake Shelton,23,6,Gains In Performance
2012-06-23,20,Glass,Thompson Square,21,20,Gains In Performance
2012-06-23,21,Something To Do With My Hands,Thomas Rhett,22,19,Gains In Performance
2012-06-23,22,Home Sweet Home,THE FARM,20,34,Gains In Performance
2012-06-23,23,Lovin' You Is Fun,Easton Corbin,25,17,Gains In Performance
2012-06-23,24,Mr. Know It All,Kelly Clarkson,24,18,Gains In Performance
2012-06-23,25,Wanted,Hunter Hayes,27,16,Gains In Performance
2012-06-23,26,That's Why I Pray,Big & Rich,28,3,Gains In Performance
2012-06-23,27,The Wind,Zac Brown Band,NEW,1,
2012-06-23,28,So You Don't Have To Love Me Anymore,Alan Jackson,26,22,Gains In Performance
2012-06-23,29,Wanted You More,Lady Antebellum,30,5,Gains In Performance
2012-06-23,30,Neon,Chris Young,29,13,Gains In Performance
2012-06-23,31,Comin' Around,Josh Thompson,31,27,Gains In Performance
2012-06-23,32,Come Wake Me Up,Rascal Flatts,36,4,Gains In Performance
2012-06-23,33,Hard To Love,Lee Brice,35,5,Gains In Performance
2012-06-23,34,New To This Town,Kix Brooks Featuring Joe Walsh,33,16,Gains In Performance
2012-06-23,35,Shinin' On Me,Jerrod Niemann,34,13,Gains In Performance
2012-06-23,36,Pontoon,Little Big Town,40,6,Gains In Performance
2012-06-23,37,Don't Miss Your Life,Phil Vassar,32,20,
2012-06-23,38,Drinkin' Man,George Strait,37,8,Gains In Performance
2012-06-23,39,Til My Last Day,Justin Moore,38,13,Gains In Performance
2012-06-23,40,Did It For The Girl,Greg Bates,41,9,Gains In Performance
2012-06-23,41,The One That Got Away,Jake Owen,39,5,Gains In Performance
2012-06-23,42,Too Good To Be True,Edens Edge,42,10,Gains In Performance
2012-06-23,43,How Country Feels,Randy Houser,43,7,Gains In Performance
2012-06-23,44,Ex-Old Man,Kristen Kelly,44,8,Gains In Performance
2012-06-23,45,Missin' You Crazy,Jon Pardi,45,11,Gains In Performance
2012-06-23,46,Fastest Girl In Town,Miranda Lambert,48,4,Gains In Performance
2012-06-23,47,Touch,Josh Abbott Band,46,20,
2012-06-23,48,Water Tower Town,Scotty McCreery,47,9,Gains In Performance
2012-06-23,49,So Called Life,Montgomery Gentry,50,6,Gains In Performance
2012-06-23,50,You Still Got It,Darryl Worley,52,14,Gains In Performance
2012-06-23,51,Endless Summer,Aaron Lewis,53,11,Gains In Performance
2012-06-23,52,Born To Be Blue,The Mavericks,54,2,Gains In Performance
2012-06-23,53,Military Man,Jessie James,51,3,
2012-06-23,54,Better In A Black Dress,Katie Armiger,NEW,1,Gains In Performance
2012-06-23,55,Ignition,Matt Stillwell,56,14,Gains In Performance
2012-06-23,56,Things You Can't Do In A Car,Due West,57,3,Gains In Performance
2012-06-23,57,Just Wanna Rock N' Roll,Rodney Atkins,NEW,1,Gains In Performance
2012-06-23,58,Eyes Open,Taylor Swift,58,6,
2012-06-23,59,I Wanna Be That Feeling,Bucky Covington,59,2,
2012-06-23,60,Guy's Girl,Jaida Dreyer,55,3,
2012-06-30,1,Springsteen,Eric Church,1,20,Gains In Performance
2012-06-30,2,Drunk On You,Luke Bryan,2,19,Gains In Performance
2012-06-30,3,You Don't Know Her Like I Do,Brantley Gilbert,3,29,Gains In Performance
2012-06-30,4,Even If It Breaks Your Heart,Eli Young Band,5,27,Gains In Performance
2012-06-30,5,Better Than I Used To Be,Tim McGraw,6,29,
2012-06-30,6,5-1-5-0,Dierks Bentley,10,13,Greatest gainer this week|Gains In Performance
2012-06-30,7,Good Girl,Carrie Underwood,4,17,
2012-06-30,8,Beers Ago,Toby Keith,9,15,Gains In Performance
2012-06-30,9,(Kissed You) Good Night,Gloriana,11,35,Gains In Performance
2012-06-30,10,Come Over,Kenny Chesney,12,5,Gains In Performance
2012-06-30,11,Postcard From Paris,The Band Perry,13,15,Gains In Performance
2012-06-30,12,Time Is Love,Josh Turner,14,25,Gains In Performance
2012-06-30,13,Angel Eyes,Love And Theft,15,31,Gains In Performance
2012-06-30,14,For You,Keith Urban,16,10,Gains In Performance
2012-06-30,15,Why Ya Wanna,Jana Kramer,17,26,Gains In Performance
2012-06-30,16,Over,Blake Shelton,19,7,Gains In Performance
2012-06-30,17,Cowboys And Angels,Dustin Lynch,18,24,Gains In Performance
2012-06-30,18,Glass,Thompson Square,20,21,Gains In Performance
2012-06-30,19,Something To Do With My Hands,Thomas Rhett,21,20,Gains In Performance
2012-06-30,20,Home Sweet Home,THE FARM,22,35,Gains In Performance
2012-06-30,21,Mr. Know It All,Kelly Clarkson,24,19,Gains In Performance
2012-06-30,22,Wanted,Hunter Hayes,25,17,Gains In Performance
2012-06-30,23,Lovin' You Is Fun,Easton Corbin,23,18,Gains In Performance
2012-06-30,24,That's Why I Pray,Big & Rich,26,4,Gains In Performance
2012-06-30,25,So You Don't Have To Love Me Anymore,Alan Jackson,28,23,Gains In Performance
2012-06-30,26,The Wind,Zac Brown Band,27,2,
2012-06-30,27,Wanted You More,Lady Antebellum,29,6,Gains In Performance
2012-06-30,28,Neon,Chris Young,30,14,Gains In Performance
2012-06-30,29,Pontoon,Little Big Town,36,7,Gains In Performance
2012-06-30,30,Come Wake Me Up,Rascal Flatts,32,5,Gains In Performance
2012-06-30,31,Comin' Around,Josh Thompson,31,28,Gains In Performance
2012-06-30,32,Hard To Love,Lee Brice,33,6,Gains In Performance
2012-06-30,33,New To This Town,Kix Brooks Featuring Joe Walsh,34,17,Gains In Performance
2012-06-30,34,Shinin' On Me,Jerrod Niemann,35,14,Gains In Performance
2012-06-30,35,Don't Miss Your Life,Phil Vassar,37,21,Gains In Performance
2012-06-30,36,Did It For The Girl,Greg Bates,40,10,Gains In Performance
2012-06-30,37,Drinkin' Man,George Strait,38,9,Gains In Performance
2012-06-30,38,Til My Last Day,Justin Moore,39,14,Gains In Performance
2012-06-30,39,The One That Got Away,Jake Owen,41,6,Gains In Performance
2012-06-30,40,Too Good To Be True,Edens Edge,42,11,Gains In Performance
2012-06-30,41,Fastest Girl In Town,Miranda Lambert,46,5,Gains In Performance
2012-06-30,42,How Country Feels,Randy Houser,43,8,Gains In Performance
2012-06-30,43,Ex-Old Man,Kristen Kelly,44,9,Gains In Performance
2012-06-30,44,Missin' You Crazy,Jon Pardi,45,12,Gains In Performance
2012-06-30,45,Water Tower Town,Scotty McCreery,48,10,Gains In Performance
2012-06-30,46,So Called Life,Montgomery Gentry,49,7,
2012-06-30,47,You Still Got It,Darryl Worley,50,15,Gains In Performance
2012-06-30,48,Endless Summer,Aaron Lewis,51,12,Gains In Performance
2012-06-30,49,Military Man,Jessie James,53,4,Gains In Performance
2012-06-30,50,Born To Be Blue,The Mavericks,52,3,
2012-06-30,51,Better In A Black Dress,Katie Armiger,54,2,Gains In Performance
2012-06-30,52,Ignition,Matt Stillwell,55,15,Gains In Performance
2012-06-30,53,Things You Can't Do In A Car,Due West,56,4,Gains In Performance
2012-06-30,54,Crying On A Suitcase,Casey James,NEW,1,Highest ranking debut|Gains In Performance
2012-06-30,55,Just Wanna Rock N' Roll,Rodney Atkins,57,2,Gains In Performance
2012-06-30,56,Them Lips (On Mine),Trace Adkins,NEW,1,Gains In Performance
2012-06-30,57,I Wanna Be That Feeling,Bucky Covington,59,3,Gains In Performance
2012-06-30,58,Blown Away,Carrie Underwood,NEW,1,Gains In Performance
2012-06-30,59,Corn Star,Craig Morgan,NEW,1,Gains In Performance
2012-06-30,60,The Star Spangled Banner,The Band Perry,RE,5,Gains In Performance
2012-07-07,1,Drunk On You,Luke Bryan,2,20,Gains In Performance
2012-07-07,2,Even If It Breaks Your Heart,Eli Young Band,4,28,Gains In Performance
2012-07-07,3,You Don't Know Her Like I Do,Brantley Gilbert,3,30,Gains In Performance
2012-07-07,4,Springsteen,Eric Church,1,21,
2012-07-07,5,5-1-5-0,Dierks Bentley,6,14,Gains In Performance
2012-07-07,6,Come Over,Kenny Chesney,10,6,Greatest gainer this week|Gains In Performance
2012-07-07,7,(Kissed You) Good Night,Gloriana,9,36,Gains In Performance
2012-07-07,8,Beers Ago,Toby Keith,8,16,Gains In Performance
2012-07-07,9,Better Than I Used To Be,Tim McGraw,5,30,
2012-07-07,10,Postcard From Paris,The Band Perry,11,16,Gains In Performance
2012-07-07,11,Time Is Love,Josh Turner,12,26,Gains In Performance
2012-07-07,12,Angel Eyes,Love And Theft,13,32,Gains In Performance
2012-07-07,13,For You,Keith Urban,14,11,Gains In Performance
2012-07-07,14,Over,Blake Shelton,16,8,Gains In Performance
2012-07-07,15,Why Ya Wanna,Jana Kramer,15,27,Gains In Performance
2012-07-07,16,Cowboys And Angels,Dustin Lynch,17,25,Gains In Performance
2012-07-07,17,Something To Do With My Hands,Thomas Rhett,19,21,Gains In Performance
2012-07-07,18,Glass,Thompson Square,18,22,Gains In Performance
2012-07-07,19,Home Sweet Home,THE FARM,20,36,Gains In Performance
2012-07-07,20,Wanted,Hunter Hayes,22,18,Gains In Performance
2012-07-07,21,Mr. Know It All,Kelly Clarkson,21,20,Gains In Performance
2012-07-07,22,That's Why I Pray,Big & Rich,24,5,Gains In Performance
2012-07-07,23,Lovin' You Is Fun,Easton Corbin,23,19,Gains In Performance
2012-07-07,24,The Wind,Zac Brown Band,26,3,Gains In Performance
2012-07-07,25,Pontoon,Little Big Town,29,8,Gains In Performance
2012-07-07,26,So You Don't Have To Love Me Anymore,Alan Jackson,25,24,
2012-07-07,27,Wanted You More,Lady Antebellum,27,7,Gains In Performance
2012-07-07,28,Neon,Chris Young,28,15,Gains In Performance
2012-07-07,29,Come Wake Me Up,Rascal Flatts,30,6,Gains In Performance
2012-07-07,30,Hard To Love,Lee Brice,32,7,Gains In Performance
2012-07-07,31,New To This Town,Kix Brooks Featuring Joe Walsh,33,18,Gains In Performance
2012-07-07,32,Comin' Around,Josh Thompson,31,29,Gains In Performance
2012-07-07,33,Shinin' On Me,Jerrod Niemann,34,15,Gains In Performance
2012-07-07,34,Don't Miss Your Life,Phil Vassar,35,22,Gains In Performance
2012-07-07,35,Fastest Girl In Town,Miranda Lambert,41,6,Gains In Performance
2012-07-07,36,Did It For The Girl,Greg Bates,36,11,Gains In Performance
2012-07-07,37,The One That Got Away,Jake Owen,39,7,Gains In Performance
2012-07-07,38,Drinkin' Man,George Strait,37,10,Gains In Performance
2012-07-07,39,Til My Last Day,Justin Moore,38,15,Gains In Performance
2012-07-07,40,Too Good To Be True,Edens Edge,40,12,Gains In Performance
2012-07-07,41,How Country Feels,Randy Houser,42,9,Gains In Performance
2012-07-07,42,Ex-Old Man,Kristen Kelly,43,10,Gains In Performance
2012-07-07,43,Missin' You Crazy,Jon Pardi,44,13,Gains In Performance
2012-07-07,44,Water Tower Town,Scotty McCreery,45,11,Gains In Performance
2012-07-07,45,Crying On A Suitcase,Casey James,54,2,Gains In Performance
2012-07-07,46,So Called Life,Montgomery Gentry,46,8,Gains In Performance
2012-07-07,47,Blown Away,Carrie Underwood,58,2,Gains In Performance
2012-07-07,48,You Still Got It,Darryl Worley,47,16,Gains In Performance
2012-07-07,49,Endless Summer,Aaron Lewis,48,13,Gains In Performance
2012-07-07,50,Born To Be Blue,The Mavericks,50,4,Gains In Performance
2012-07-07,51,Military Man,Jessie James,49,5,
2012-07-07,52,Things You Can't Do In A Car,Due West,53,5,Gains In Performance
2012-07-07,53,Better In A Black Dress,Katie Armiger,51,3,
2012-07-07,54,Creepin',Eric Church,NEW,1,Highest ranking debut|Gains In Performance
2012-07-07,55,Just Wanna Rock N' Roll,Rodney Atkins,55,3,Gains In Performance
2012-07-07,56,Corn Star,Craig Morgan,59,2,Gains In Performance
2012-07-07,57,Beer Money,Kip Moore,NEW,1,Gains In Performance
2012-07-07,58,Ignition,Matt Stillwell,52,16,
2012-07-07,59,I Ain't Your Mama,Maggie Rose,NEW,1,Gains In Performance
2012-07-07,60,The Star Spangled Banner,The Band Perry,60,6,Gains In Performance
2012-07-14,1,Drunk On You,Luke Bryan,1,21,
2012-07-14,2,Even If It Breaks Your Heart,Eli Young Band,2,29,Gains In Performance
2012-07-14,3,You Don't Know Her Like I Do,Brantley Gilbert,3,31,Gains In Performance
2012-07-14,4,5-1-5-0,Dierks Bentley,5,15,Gains In Performance
2012-07-14,5,Come Over,Kenny Chesney,6,7,Gains In Performance
2012-07-14,6,Springsteen,Eric Church,4,22,
2012-07-14,7,(Kissed You) Good Night,Gloriana,7,37,Gains In Performance
2012-07-14,8,Beers Ago,Toby Keith,8,17,Gains In Performance
2012-07-14,9,Postcard From Paris,The Band Perry,10,17,Gains In Performance
2012-07-14,10,Angel Eyes,Love And Theft,12,33,Greatest gainer this week|Gains In Performance
2012-07-14,11,Over,Blake Shelton,14,9,Gains In Performance
2012-07-14,12,Time Is Love,Josh Turner,11,27,Gains In Performance
2012-07-14,13,For You,Keith Urban,13,12,Gains In Performance
2012-07-14,14,Why Ya Wanna,Jana Kramer,15,28,Gains In Performance
2012-07-14,15,Cowboys And Angels,Dustin Lynch,16,26,Gains In Performance
2012-07-14,16,Something To Do With My Hands,Thomas Rhett,17,22,Gains In Performance
2012-07-14,17,Glass,Thompson Square,18,23,Gains In Performance
2012-07-14,18,The Wind,Zac Brown Band,24,4,Gains In Performance
2012-07-14,19,That's Why I Pray,Big & Rich,22,6,Gains In Performance
2012-07-14,20,Wanted,Hunter Hayes,20,19,Gains In Performance
2012-07-14,21,Home Sweet Home,THE FARM,19,37,Gains In Performance
2012-07-14,22,Lovin' You Is Fun,Easton Corbin,23,20,Gains In Performance
2012-07-14,23,Mr. Know It All,Kelly Clarkson,21,21,
2012-07-14,24,Pontoon,Little Big Town,25,9,Gains In Performance
2012-07-14,25,Wanted You More,Lady Antebellum,27,8,Gains In Performance
2012-07-14,26,Come Wake Me Up,Rascal Flatts,29,7,Gains In Performance
2012-07-14,27,Neon,Chris Young,28,16,Gains In Performance
2012-07-14,28,Hard To Love,Lee Brice,30,8,Gains In Performance
2012-07-14,29,Fastest Girl In Town,Miranda Lambert,35,7,Gains In Performance
2012-07-14,30,Shinin' On Me,Jerrod Niemann,33,16,Gains In Performance
2012-07-14,32,Comin' Around,Josh Thompson,32,30,Gains In Performance
2012-07-14,32,New To This Town,Kix Brooks Featuring Joe Walsh,31,19,
2012-07-14,33,Don't Miss Your Life,Phil Vassar,34,23,Gains In Performance
2012-07-14,34,The One That Got Away,Jake Owen,37,8,Gains In Performance
2012-07-14,35,Did It For The Girl,Greg Bates,36,12,Gains In Performance
2012-07-14,36,Til My Last Day,Justin Moore,39,16,Gains In Performance
2012-07-14,37,Drinkin' Man,George Strait,38,11,
2012-07-14,38,Too Good To Be True,Edens Edge,40,13,Gains In Performance
2012-07-14,39,How Country Feels,Randy Houser,41,10,Gains In Performance
2012-07-14,40,Ex-Old Man,Kristen Kelly,42,11,Gains In Performance
2012-07-14,41,Missin' You Crazy,Jon Pardi,43,14,Gains In Performance
2012-07-14,42,Water Tower Town,Scotty McCreery,44,12,Gains In Performance
2012-07-14,43,Crying On A Suitcase,Casey James,45,3,Gains In Performance
2012-07-14,44,Touch,Josh Abbott Band,RE,21,Gains In Performance
2012-07-14,45,Creepin',Eric Church,54,2,Gains In Performance
2012-07-14,46,Blown Away,Carrie Underwood,47,3,Gains In Performance
2012-07-14,47,Endless Summer,Aaron Lewis,49,14,Gains In Performance
2012-07-14,48,So Called Life,Montgomery Gentry,46,9,Gains In Performance
2012-07-14,49,You Still Got It,Darryl Worley,48,17,Gains In Performance
2012-07-14,50,Beer Money,Kip Moore,57,2,Gains In Performance
2012-07-14,51,Born To Be Blue,The Mavericks,50,5,
2012-07-14,52,Military Man,Jessie James,51,6,
2012-07-14,53,I Ain't Your Mama,Maggie Rose,59,2,Gains In Performance
2012-07-14,54,Things You Can't Do In A Car,Due West,52,6,Gains In Performance
2012-07-14,55,Just Wanna Rock N' Roll,Rodney Atkins,55,4,Gains In Performance
2012-07-14,56,Let There Be Cowgirls,Chris Cagle,NEW,1,Highest ranking debut|Gains In Performance
2012-07-14,57,Better In A Black Dress,Katie Armiger,53,4,
2012-07-14,58,Them Lips (On Mine),Trace Adkins,RE,2,Gains In Performance
2012-07-14,59,Corn Star,Craig Morgan,56,3,Gains In Performance
2012-07-14,60,Ignition,Matt Stillwell,58,17,Gains In Performance
2012-07-21,1,You Don't Know Her Like I Do,Brantley Gilbert,3,32,Gains In Performance
2012-07-21,2,Even If It Breaks Your Heart,Eli Young Band,2,30,Gains In Performance
2012-07-21,3,5-1-5-0,Dierks Bentley,4,16,Gains In Performance
2012-07-21,4,Come Over,Kenny Chesney,5,8,Gains In Performance
2012-07-21,5,Drunk On You,Luke Bryan,1,22,
2012-07-21,6,(Kissed You) Good Night,Gloriana,7,38,Gains In Performance
2012-07-21,7,Beers Ago,Toby Keith,8,18,Gains In Performance
2012-07-21,8,Springsteen,Eric Church,6,23,
2012-07-21,9,Angel Eyes,Love And Theft,10,34,Gains In Performance
2012-07-21,10,Postcard From Paris,The Band Perry,9,18,Gains In Performance
2012-07-21,11,Over,Blake Shelton,11,10,Gains In Performance
2012-07-21,12,Time Is Love,Josh Turner,12,28,Gains In Performance
2012-07-21,13,For You,Keith Urban,13,13,Gains In Performance
2012-07-21,14,Why Ya Wanna,Jana Kramer,14,29,Gains In Performance
2012-07-21,15,Cowboys And Angels,Dustin Lynch,15,27,Gains In Performance
2012-07-21,16,Something To Do With My Hands,Thomas Rhett,16,23,Gains In Performance
2012-07-21,17,The Wind,Zac Brown Band,18,5,Gains In Performance
2012-07-21,18,Glass,Thompson Square,17,24,Gains In Performance
2012-07-21,19,Wanted,Hunter Hayes,20,20,Gains In Performance
2012-07-21,20,Pontoon,Little Big Town,24,10,Gains In Performance
2012-07-21,21,That's Why I Pray,Big & Rich,19,7,Gains In Performance
2012-07-21,22,Truck Yeah,Tim McGraw,NEW,1,
2012-07-21,23,Lovin' You Is Fun,Easton Corbin,22,21,Gains In Performance
2012-07-21,24,Home Sweet Home,THE FARM,21,38,
2012-07-21,25,Come Wake Me Up,Rascal Flatts,26,8,Gains In Performance
2012-07-21,26,Fastest Girl In Town,Miranda Lambert,29,8,Gains In Performance
2012-07-21,27,Neon,Chris Young,27,17,Gains In Performance
2012-07-21,28,Wanted You More,Lady Antebellum,25,9,Gains In Performance
2012-07-21,29,Hard To Love,Lee Brice,28,9,Gains In Performance
2012-07-21,30,Shinin' On Me,Jerrod Niemann,30,17,Gains In Performance
2012-07-21,31,The One That Got Away,Jake Owen,34,9,Gains In Performance
2012-07-21,32,Don't Miss Your Life,Phil Vassar,33,24,Gains In Performance
2012-07-21,33,Did It For The Girl,Greg Bates,35,13,Gains In Performance
2012-07-21,34,New To This Town,Kix Brooks Featuring Joe Walsh,32,20,
2012-07-21,35,Til My Last Day,Justin Moore,36,17,Gains In Performance
2012-07-21,36,Too Good To Be True,Edens Edge,38,14,Gains In Performance
2012-07-21,37,Drinkin' Man,George Strait,37,12,
2012-07-21,38,How Country Feels,Randy Houser,39,11,Gains In Performance
2012-07-21,39,Ex-Old Man,Kristen Kelly,40,12,
2012-07-21,40,Blown Away,Carrie Underwood,46,4,Gains In Performance
2012-07-21,41,Missin' You Crazy,Jon Pardi,41,15,
2012-07-21,42,Crying On A Suitcase,Casey James,43,4,Gains In Performance
2012-07-21,43,Water Tower Town,Scotty McCreery,42,13,Gains In Performance
2012-07-21,44,Beer Money,Kip Moore,50,3,Gains In Performance
2012-07-21,45,Creepin',Eric Church,45,3,Gains In Performance
2012-07-21,46,Touch,Josh Abbott Band,44,22,Gains In Performance
2012-07-21,47,So Called Life,Montgomery Gentry,48,10,
2012-07-21,48,Endless Summer,Aaron Lewis,47,15,Gains In Performance
2012-07-21,49,You Still Got It,Darryl Worley,49,18,
2012-07-21,50,Let There Be Cowgirls,Chris Cagle,56,2,Gains In Performance
2012-07-21,51,Military Man,Jessie James,52,7,Gains In Performance
2012-07-21,52,Born To Be Blue,The Mavericks,51,6,Gains In Performance
2012-07-21,53,I Ain't Your Mama,Maggie Rose,53,3,Gains In Performance
2012-07-21,54,Corn Star,Craig Morgan,59,4,Gains In Performance
2012-07-21,55,Better In A Black Dress,Katie Armiger,57,5,Gains In Performance
2012-07-21,56,Things You Can't Do In A Car,Due West,54,7,Gains In Performance
2012-07-21,57,Just Wanna Rock N' Roll,Rodney Atkins,55,5,Gains In Performance
2012-07-21,58,Musta Had A Good Time,Parmalee,NEW,1,Gains In Performance
2012-07-21,59,Right Back Atcha Babe,Tim McGraw,NEW,1,Gains In Performance
2012-07-21,60,Them Lips (On Mine),Trace Adkins,58,3,Gains In Performance
2012-07-28,1,Even If It Breaks Your Heart,Eli Young Band,2,31,Gains In Performance
2012-07-28,2,5-1-5-0,Dierks Bentley,3,17,Gains In Performance
2012-07-28,3,Come Over,Kenny Chesney,4,9,Gains In Performance
2012-07-28,4,(Kissed You) Good Night,Gloriana,6,39,Gains In Performance
2012-07-28,5,You Don't Know Her Like I Do,Brantley Gilbert,1,33,
2012-07-28,6,Beers Ago,Toby Keith,7,19,Gains In Performance
2012-07-28,7,Angel Eyes,Love And Theft,9,35,Gains In Performance
2012-07-28,8,Drunk On You,Luke Bryan,5,23,
2012-07-28,9,Over,Blake Shelton,11,11,Gains In Performance
2012-07-28,10,Postcard From Paris,The Band Perry,10,19,Gains In Performance
2012-07-28,11,Time Is Love,Josh Turner,12,29,Gains In Performance
2012-07-28,12,For You,Keith Urban,13,14,Gains In Performance
2012-07-28,13,Why Ya Wanna,Jana Kramer,14,30,Gains In Performance
2012-07-28,14,Cowboys And Angels,Dustin Lynch,15,28,Gains In Performance
2012-07-28,15,Pontoon,Little Big Town,20,11,Gains In Performance
2012-07-28,16,The Wind,Zac Brown Band,17,6,Gains In Performance
2012-07-28,17,Something To Do With My Hands,Thomas Rhett,16,24,Gains In Performance
2012-07-28,18,Glass,Thompson Square,18,25,Gains In Performance
2012-07-28,19,Wanted,Hunter Hayes,19,21,Gains In Performance
2012-07-28,20,That's Why I Pray,Big & Rich,21,8,Gains In Performance
2012-07-28,21,Lovin' You Is Fun,Easton Corbin,23,22,Gains In Performance
2012-07-28,22,Truck Yeah,Tim McGraw,22,2,
2012-07-28,23,Home Sweet Home,THE FARM,24,39,
2012-07-28,24,Fastest Girl In Town,Miranda Lambert,26,9,Gains In Performance
2012-07-28,25,Come Wake Me Up,Rascal Flatts,25,9,Gains In Performance
2012-07-28,26,Hard To Love,Lee Brice,29,10,Gains In Performance
2012-07-28,27,Wanted You More,Lady Antebellum,28,10,Gains In Performance
2012-07-28,28,Neon,Chris Young,27,18,Gains In Performance
2012-07-28,29,Shinin' On Me,Jerrod Niemann,30,18,Gains In Performance
2012-07-28,30,Blown Away,Carrie Underwood,40,5,Greatest gainer this week|Gains In Performance
2012-07-28,31,The One That Got Away,Jake Owen,31,10,Gains In Performance
2012-07-28,32,Don't Miss Your Life,Phil Vassar,32,25,Gains In Performance
2012-07-28,33,Did It For The Girl,Greg Bates,33,14,Gains In Performance
2012-07-28,34,Til My Last Day,Justin Moore,35,18,Gains In Performance
2012-07-28,35,Too Good To Be True,Edens Edge,36,15,Gains In Performance
2012-07-28,36,Ex-Old Man,Kristen Kelly,39,13,Gains In Performance
2012-07-28,37,How Country Feels,Randy Houser,38,12,Gains In Performance
2012-07-28,38,Crying On A Suitcase,Casey James,42,5,Gains In Performance
2012-07-28,39,Beer Money,Kip Moore,44,4,Gains In Performance
2012-07-28,40,Missin' You Crazy,Jon Pardi,41,16,Gains In Performance
2012-07-28,41,Creepin',Eric Church,45,4,Gains In Performance
2012-07-28,42,Water Tower Town,Scotty McCreery,43,14,
2012-07-28,43,Touch,Josh Abbott Band,46,23,Gains In Performance
2012-07-28,44,Let There Be Cowgirls,Chris Cagle,50,3,Gains In Performance
2012-07-28,45,So Called Life,Montgomery Gentry,47,11,Gains In Performance
2012-07-28,46,Endless Summer,Aaron Lewis,48,16,Gains In Performance
2012-07-28,47,I Ain't Your Mama,Maggie Rose,53,4,Gains In Performance
2012-07-28,48,You Still Got It,Darryl Worley,49,19,Gains In Performance
2012-07-28,49,Born To Be Blue,The Mavericks,52,7,Gains In Performance
2012-07-28,50,Military Man,Jessie James,51,8,
2012-07-28,51,Musta Had A Good Time,Parmalee,58,2,Gains In Performance
2012-07-28,52,Things You Can't Do In A Car,Due West,56,8,Gains In Performance
2012-07-28,53,Corn Star,Craig Morgan,54,5,Gains In Performance
2012-07-28,54,Better In A Black Dress,Katie Armiger,55,6,Gains In Performance
2012-07-28,55,Kiss Tomorrow Goodbye,Luke Bryan,NEW,1,Highest ranking debut|Gains In Performance
2012-07-28,56,One More Sad Song,Randy Rogers Band,NEW,1,Gains In Performance
2012-07-28,57,Just Wanna Rock N' Roll,Rodney Atkins,57,6,Gains In Performance
2012-07-28,58,Them Lips (On Mine),Trace Adkins,60,4,Gains In Performance
2012-07-28,59,Back,Colt Ford With Jake Owen,NEW,1,
2012-07-28,60,Right Back Atcha Babe,Tim McGraw,59,2,
2012-08-04,1,5-1-5-0,Dierks Bentley,2,18,Gains In Performance
2012-08-04,2,Come Over,Kenny Chesney,3,10,Gains In Performance
2012-08-04,3,(Kissed You) Good Night,Gloriana,4,40,Gains In Performance
2012-08-04,4,Even If It Breaks Your Heart,Eli Young Band,1,32,
2012-08-04,5,Angel Eyes,Love And Theft,7,36,Gains In Performance
2012-08-04,6,Over,Blake Shelton,9,12,Gains In Performance
2012-08-04,7,Postcard From Paris,The Band Perry,10,20,Gains In Performance
2012-08-04,8,Beers Ago,Toby Keith,6,20,
2012-08-04,9,You Don't Know Her Like I Do,Brantley Gilbert,5,34,
2012-08-04,10,Time Is Love,Josh Turner,11,30,Gains In Performance
2012-08-04,11,For You,Keith Urban,12,15,Gains In Performance
2012-08-04,12,Why Ya Wanna,Jana Kramer,13,31,Gains In Performance
2012-08-04,13,Pontoon,Little Big Town,15,12,Gains In Performance
2012-08-04,14,Cowboys And Angels,Dustin Lynch,14,29,Gains In Performance
2012-08-04,15,The Wind,Zac Brown Band,16,7,Gains In Performance
2012-08-04,16,Something To Do With My Hands,Thomas Rhett,17,25,Gains In Performance
2012-08-04,17,Glass,Thompson Square,18,26,Gains In Performance
2012-08-04,18,Wanted,Hunter Hayes,19,22,Gains In Performance
2012-08-04,19,Take A Little Ride,Jason Aldean,NEW,1,
2012-08-04,20,That's Why I Pray,Big & Rich,20,9,Gains In Performance
2012-08-04,21,Truck Yeah,Tim McGraw,22,3,Gains In Performance
2012-08-04,22,Lovin' You Is Fun,Easton Corbin,21,23,Gains In Performance
2012-08-04,23,Fastest Girl In Town,Miranda Lambert,24,10,Gains In Performance
2012-08-04,24,Come Wake Me Up,Rascal Flatts,25,10,Gains In Performance
2012-08-04,25,Hard To Love,Lee Brice,26,11,Gains In Performance
2012-08-04,26,Wanted You More,Lady Antebellum,27,11,Gains In Performance
2012-08-04,27,Neon,Chris Young,28,19,Gains In Performance
2012-08-04,28,Blown Away,Carrie Underwood,30,6,Gains In Performance
2012-08-04,29,Shinin' On Me,Jerrod Niemann,29,19,Gains In Performance
2012-08-04,30,The One That Got Away,Jake Owen,31,11,Gains In Performance
2012-08-04,31,Did It For The Girl,Greg Bates,33,15,Gains In Performance
2012-08-04,32,Til My Last Day,Justin Moore,34,19,Gains In Performance
2012-08-04,33,Too Good To Be True,Edens Edge,35,16,Gains In Performance
2012-08-04,34,How Country Feels,Randy Houser,37,13,Gains In Performance
2012-08-04,35,Beer Money,Kip Moore,39,5,Gains In Performance
2012-08-04,36,Ex-Old Man,Kristen Kelly,36,14,Gains In Performance
2012-08-04,37,Creepin',Eric Church,41,5,Gains In Performance
2012-08-04,38,Crying On A Suitcase,Casey James,38,6,Gains In Performance
2012-08-04,39,Missin' You Crazy,Jon Pardi,40,17,Gains In Performance
2012-08-04,40,Water Tower Town,Scotty McCreery,42,15,Gains In Performance
2012-08-04,41,Touch,Josh Abbott Band,43,24,Gains In Performance
2012-08-04,42,Let There Be Cowgirls,Chris Cagle,44,4,Gains In Performance
2012-08-04,43,Endless Summer,Aaron Lewis,46,17,Gains In Performance
2012-08-04,44,I Ain't Your Mama,Maggie Rose,47,5,Gains In Performance
2012-08-04,45,Kiss Tomorrow Goodbye,Luke Bryan,55,2,Gains In Performance
2012-08-04,46,You Still Got It,Darryl Worley,48,20,Gains In Performance
2012-08-04,47,Musta Had A Good Time,Parmalee,51,3,Gains In Performance
2012-08-04,48,So Called Life,Montgomery Gentry,45,12,
2012-08-04,49,Born To Be Blue,The Mavericks,49,8,
2012-08-04,50,Corn Star,Craig Morgan,53,6,Gains In Performance
2012-08-04,51,Better In A Black Dress,Katie Armiger,54,7,Gains In Performance
2012-08-04,52,Things You Can't Do In A Car,Due West,52,9,
2012-08-04,53,One More Sad Song,Randy Rogers Band,56,2,Gains In Performance
2012-08-04,54,Just Wanna Rock N' Roll,Rodney Atkins,57,7,Gains In Performance
2012-08-04,55,Eighteen Inches,Lauren Alaina,NEW,1,Gains In Performance
2012-08-04,56,Them Lips (On Mine),Trace Adkins,58,5,Gains In Performance
2012-08-04,57,You're All That Matters To Me,Miss Willie Brown,NEW,1,Gains In Performance
2012-08-04,58,Military Man,Jessie James,50,9,
2012-08-04,59,American Beauty,The Lost Trailers,NEW,1,Gains In Performance
2012-08-04,60,Kick It In The Sticks,Brantley Gilbert,NEW,1,Gains In Performance
2012-08-11,1,Come Over,Kenny Chesney,2,11,Gains In Performance
2012-08-11,2,(Kissed You) Good Night,Gloriana,3,41,Gains In Performance
2012-08-11,3,Angel Eyes,Love And Theft,5,37,Gains In Performance
2012-08-11,4,5-1-5-0,Dierks Bentley,1,19,
2012-08-11,5,Over,Blake Shelton,6,13,Gains In Performance
2012-08-11,6,Even If It Breaks Your Heart,Eli Young Band,4,33,
2012-08-11,7,Postcard From Paris,The Band Perry,7,21,Gains In Performance
2012-08-11,8,Time Is Love,Josh Turner,10,31,Gains In Performance
2012-08-11,9,Pontoon,Little Big Town,13,13,Gains In Performance
2012-08-11,10,For You,Keith Urban,11,16,Gains In Performance
2012-08-11,11,Why Ya Wanna,Jana Kramer,12,32,Gains In Performance
2012-08-11,12,Cowboys And Angels,Dustin Lynch,14,30,Gains In Performance
2012-08-11,13,The Wind,Zac Brown Band,15,8,Gains In Performance
2012-08-11,14,Wanted,Hunter Hayes,18,23,Gains In Performance
2012-08-11,15,Something To Do With My Hands,Thomas Rhett,16,26,Gains In Performance
2012-08-11,16,Glass,Thompson Square,17,27,Gains In Performance
2012-08-11,17,Truck Yeah,Tim McGraw,21,4,Gains In Performance
2012-08-11,18,That's Why I Pray,Big & Rich,20,10,Gains In Performance
2012-08-11,19,Lovin' You Is Fun,Easton Corbin,22,24,Gains In Performance
2012-08-11,20,Take A Little Ride,Jason Aldean,19,2,
2012-08-11,21,Fastest Girl In Town,Miranda Lambert,23,11,Gains In Performance
2012-08-11,22,Come Wake Me Up,Rascal Flatts,24,11,Gains In Performance
2012-08-11,23,Hard To Love,Lee Brice,25,12,Gains In Performance
2012-08-11,24,Blown Away,Carrie Underwood,28,7,Gains In Performance
2012-08-11,25,Wanted You More,Lady Antebellum,26,12,Gains In Performance
2012-08-11,26,Neon,Chris Young,27,20,Gains In Performance
2012-08-11,27,Shinin' On Me,Jerrod Niemann,29,20,Gains In Performance
2012-08-11,28,I Like Girls That Drink Beer,Toby Keith,NEW,1,Highest ranking debut|Gains In Performance
2012-08-11,29,The One That Got Away,Jake Owen,30,12,Gains In Performance
2012-08-11,30,Did It For The Girl,Greg Bates,31,16,Gains In Performance
2012-08-11,31,Til My Last Day,Justin Moore,32,20,Gains In Performance
2012-08-11,32,Too Good To Be True,Edens Edge,33,17,Gains In Performance
2012-08-11,33,Beer Money,Kip Moore,35,6,Gains In Performance
2012-08-11,34,How Country Feels,Randy Houser,34,14,Gains In Performance
2012-08-11,35,Ex-Old Man,Kristen Kelly,36,15,Gains In Performance
2012-08-11,36,Creepin',Eric Church,37,6,Gains In Performance
2012-08-11,37,Crying On A Suitcase,Casey James,38,7,Gains In Performance
2012-08-11,38,Missin' You Crazy,Jon Pardi,39,18,Gains In Performance
2012-08-11,39,Water Tower Town,Scotty McCreery,40,16,Gains In Performance
2012-08-11,40,Let There Be Cowgirls,Chris Cagle,42,5,Gains In Performance
2012-08-11,41,Endless Summer,Aaron Lewis,43,18,Gains In Performance
2012-08-11,42,Kiss Tomorrow Goodbye,Luke Bryan,45,3,Gains In Performance
2012-08-11,43,I Ain't Your Mama,Maggie Rose,44,6,Gains In Performance
2012-08-11,44,You Still Got It,Darryl Worley,46,21,Gains In Performance
2012-08-11,45,Musta Had A Good Time,Parmalee,47,4,Gains In Performance
2012-08-11,46,Born To Be Blue,The Mavericks,49,9,Gains In Performance
2012-08-11,47,Better In A Black Dress,Katie Armiger,51,8,Gains In Performance
2012-08-11,48,Eighteen Inches,Lauren Alaina,55,2,Gains In Performance
2012-08-11,49,One More Sad Song,Randy Rogers Band,53,3,Gains In Performance
2012-08-11,50,Just Wanna Rock N' Roll,Rodney Atkins,54,8,Gains In Performance
2012-08-11,51,Corn Star,Craig Morgan,50,7,
2012-08-11,52,Them Lips (On Mine),Trace Adkins,56,6,Gains In Performance
2012-08-11,53,You're All That Matters To Me,Miss Willie Brown,57,2,Gains In Performance
2012-08-11,54,Cruise,Florida Georgia Line,NEW,1,Gains In Performance
2012-08-11,55,Kick It In The Sticks,Brantley Gilbert,60,2,Gains In Performance
2012-08-11,56,So Called Life,Montgomery Gentry,48,13,
2012-08-11,57,Things You Can't Do In A Car,Due West,52,10,
2012-08-11,58,American Beauty,The Lost Trailers,59,2,Gains In Performance
2012-08-11,59,Sorry On The Rocks,Kelleigh Bannen,NEW,1,Gains In Performance
2012-08-11,60,Confessions,Jaida Dreyer,NEW,1,Gains In Performance
2012-08-18,1,Come Over,Kenny Chesney,1,12,
2012-08-18,2,Angel Eyes,Love And Theft,3,38,Gains In Performance
2012-08-18,3,(Kissed You) Good Night,Gloriana,2,42,Gains In Performance
2012-08-18,4,Over,Blake Shelton,5,14,Gains In Performance
2012-08-18,5,Pontoon,Little Big Town,9,14,Greatest gainer this week|Gains In Performance
2012-08-18,6,Postcard From Paris,The Band Perry,7,22,Gains In Performance
2012-08-18,7,Time Is Love,Josh Turner,8,32,Gains In Performance
2012-08-18,8,5-1-5-0,Dierks Bentley,4,20,
2012-08-18,9,Why Ya Wanna,Jana Kramer,11,33,Gains In Performance
2012-08-18,10,For You,Keith Urban,10,17,Gains In Performance
2012-08-18,11,Wanted,Hunter Hayes,14,24,Gains In Performance
2012-08-18,12,Cowboys And Angels,Dustin Lynch,12,31,Gains In Performance
2012-08-18,13,The Wind,Zac Brown Band,13,9,Gains In Performance
2012-08-18,14,Truck Yeah,Tim McGraw,17,5,Gains In Performance
2012-08-18,15,Take A Little Ride,Jason Aldean,20,3,Gains In Performance
2012-08-18,16,Glass,Thompson Square,16,28,Gains In Performance
2012-08-18,17,Lovin' You Is Fun,Easton Corbin,19,25,Gains In Performance
2012-08-18,18,That's Why I Pray,Big & Rich,18,11,Gains In Performance
2012-08-18,19,Fastest Girl In Town,Miranda Lambert,21,12,Gains In Performance
2012-08-18,20,Blown Away,Carrie Underwood,24,8,Gains In Performance
2012-08-18,21,Come Wake Me Up,Rascal Flatts,22,12,Gains In Performance
2012-08-18,22,Hard To Love,Lee Brice,23,13,Gains In Performance
2012-08-18,23,Wanted You More,Lady Antebellum,25,13,Gains In Performance
2012-08-18,24,Neon,Chris Young,26,21,Gains In Performance
2012-08-18,25,Shinin' On Me,Jerrod Niemann,27,21,Gains In Performance
2012-08-18,26,The One That Got Away,Jake Owen,29,13,Gains In Performance
2012-08-18,27,Did It For The Girl,Greg Bates,30,17,Gains In Performance
2012-08-18,28,Creepin',Eric Church,36,7,Gains In Performance
2012-08-18,29,Til My Last Day,Justin Moore,31,21,Gains In Performance
2012-08-18,30,Too Good To Be True,Edens Edge,32,18,Gains In Performance
2012-08-18,31,How Country Feels,Randy Houser,34,15,Gains In Performance
2012-08-18,32,Beer Money,Kip Moore,33,7,Gains In Performance
2012-08-18,33,I Like Girls That Drink Beer,Toby Keith,28,2,Gains In Performance
2012-08-18,34,Ex-Old Man,Kristen Kelly,35,16,Gains In Performance
2012-08-18,35,Crying On A Suitcase,Casey James,37,8,Gains In Performance
2012-08-18,36,Kiss Tomorrow Goodbye,Luke Bryan,42,4,Gains In Performance
2012-08-18,37,Missin' You Crazy,Jon Pardi,38,19,Gains In Performance
2012-08-18,38,Water Tower Town,Scotty McCreery,39,17,
2012-08-18,39,Let There Be Cowgirls,Chris Cagle,40,6,Gains In Performance
2012-08-18,40,You Still Got It,Darryl Worley,44,22,Gains In Performance
2012-08-18,41,Endless Summer,Aaron Lewis,41,19,
2012-08-18,42,I Ain't Your Mama,Maggie Rose,43,7,Gains In Performance
2012-08-18,43,Cruise,Florida Georgia Line,54,2,Gains In Performance
2012-08-18,44,Kick It In The Sticks,Brantley Gilbert,55,3,Gains In Performance
2012-08-18,45,One More Sad Song,Randy Rogers Band,49,4,Gains In Performance
2012-08-18,46,Musta Had A Good Time,Parmalee,45,5,Gains In Performance
2012-08-18,47,Better In A Black Dress,Katie Armiger,47,9,Gains In Performance
2012-08-18,48,Eighteen Inches,Lauren Alaina,48,3,Gains In Performance
2012-08-18,49,Just Wanna Rock N' Roll,Rodney Atkins,50,9,Gains In Performance
2012-08-18,50,Born To Be Blue,The Mavericks,46,10,
2012-08-18,51,Things You Can't Do In A Car,Due West,57,11,Gains In Performance
2012-08-18,52,You're All That Matters To Me,Miss Willie Brown,53,3,Gains In Performance
2012-08-18,53,Corn Star,Craig Morgan,51,8,Gains In Performance
2012-08-18,54,American Beauty,The Lost Trailers,58,3,Gains In Performance
2012-08-18,55,Sorry On The Rocks,Kelleigh Bannen,59,2,Gains In Performance
2012-08-18,56,Them Lips (On Mine),Trace Adkins,52,7,
2012-08-18,57,Anywhere,Sara Evans,NEW,1,Highest ranking debut|Gains In Performance
2012-08-18,58,Back,Colt Ford With Jake Owen,RE,2,Gains In Performance
2012-08-18,59,The Countdown,Lonestar,NEW,1,Gains In Performance
2012-08-18,60,Summer Back,Andy Gibson,NEW,1,Gains In Performance
2012-08-25,1,Angel Eyes,Love And Theft,2,39,Gains In Performance
2012-08-25,2,(Kissed You) Good Night,Gloriana,3,43,Gains In Performance
2012-08-25,3,Come Over,Kenny Chesney,1,13,
2012-08-25,4,Over,Blake Shelton,4,15,Gains In Performance
2012-08-25,5,Pontoon,Little Big Town,5,15,Gains In Performance
2012-08-25,6,Time Is Love,Josh Turner,7,33,Gains In Performance
2012-08-25,7,Postcard From Paris,The Band Perry,6,23,Gains In Performance
2012-08-25,8,Why Ya Wanna,Jana Kramer,9,34,Gains In Performance
2012-08-25,9,For You,Keith Urban,10,18,Gains In Performance
2012-08-25,10,Wanted,Hunter Hayes,11,25,Greatest gainer this week|Gains In Performance
2012-08-25,11,Cowboys And Angels,Dustin Lynch,12,32,Gains In Performance
2012-08-25,12,The Wind,Zac Brown Band,13,10,Gains In Performance
2012-08-25,13,Take A Little Ride,Jason Aldean,15,4,Gains In Performance
2012-08-25,14,Truck Yeah,Tim McGraw,14,6,Gains In Performance
2012-08-25,15,Glass,Thompson Square,16,29,Gains In Performance
2012-08-25,16,Lovin' You Is Fun,Easton Corbin,17,26,Gains In Performance
2012-08-25,17,Blown Away,Carrie Underwood,20,9,Gains In Performance
2012-08-25,18,Fastest Girl In Town,Miranda Lambert,19,13,Gains In Performance
2012-08-25,19,That's Why I Pray,Big & Rich,18,12,Gains In Performance
2012-08-25,20,Hard To Love,Lee Brice,22,14,Gains In Performance
2012-08-25,21,Come Wake Me Up,Rascal Flatts,21,13,Gains In Performance
2012-08-25,22,Wanted You More,Lady Antebellum,23,14,Gains In Performance
2012-08-25,23,Neon,Chris Young,24,22,Gains In Performance
2012-08-25,24,Shinin' On Me,Jerrod Niemann,25,22,Gains In Performance
2012-08-25,25,The One That Got Away,Jake Owen,26,14,Gains In Performance
2012-08-25,26,Did It For The Girl,Greg Bates,27,18,Gains In Performance
2012-08-25,27,Creepin',Eric Church,28,8,Gains In Performance
2012-08-25,28,Til My Last Day,Justin Moore,29,22,Gains In Performance
2012-08-25,29,Too Good To Be True,Edens Edge,30,19,Gains In Performance
2012-08-25,30,Beer Money,Kip Moore,32,8,Gains In Performance
2012-08-25,31,I Like Girls That Drink Beer,Toby Keith,33,3,Gains In Performance
2012-08-25,32,Kiss Tomorrow Goodbye,Luke Bryan,36,5,Gains In Performance
2012-08-25,33,Crying On A Suitcase,Casey James,35,9,Gains In Performance
2012-08-25,34,How Country Feels,Randy Houser,31,16,
2012-08-25,35,Ex-Old Man,Kristen Kelly,34,17,Gains In Performance
2012-08-25,36,Missin' You Crazy,Jon Pardi,37,20,Gains In Performance
2012-08-25,37,Cruise,Florida Georgia Line,43,3,Gains In Performance
2012-08-25,38,Kick It In The Sticks,Brantley Gilbert,44,4,Gains In Performance
2012-08-25,39,Let There Be Cowgirls,Chris Cagle,39,7,Gains In Performance
2012-08-25,40,Water Tower Town,Scotty McCreery,38,18,
2012-08-25,41,Eighteen Inches,Lauren Alaina,48,4,Gains In Performance
2012-08-25,42,Endless Summer,Aaron Lewis,41,20,Gains In Performance
2012-08-25,43,One More Sad Song,Randy Rogers Band,45,5,Gains In Performance
2012-08-25,44,You Still Got It,Darryl Worley,40,23,
2012-08-25,45,Musta Had A Good Time,Parmalee,46,6,Gains In Performance
2012-08-25,46,I Ain't Your Mama,Maggie Rose,42,8,Gains In Performance
2012-08-25,47,Better In A Black Dress,Katie Armiger,47,10,Gains In Performance
2012-08-25,48,Things You Can't Do In A Car,Due West,51,12,Gains In Performance
2012-08-25,49,You're All That Matters To Me,Miss Willie Brown,52,4,Gains In Performance
2012-08-25,50,Just Wanna Rock N' Roll,Rodney Atkins,49,10,Gains In Performance
2012-08-25,51,American Beauty,The Lost Trailers,54,4,Gains In Performance
2012-08-25,52,Sorry On The Rocks,Kelleigh Bannen,55,3,Gains In Performance
2012-08-25,53,Anywhere,Sara Evans,57,2,Gains In Performance
2012-08-25,54,Back,Colt Ford With Jake Owen,58,3,Gains In Performance
2012-08-25,55,Born To Be Blue,The Mavericks,50,11,
2012-08-25,56,Them Lips (On Mine),Trace Adkins,56,8,
2012-08-25,57,The Countdown,Lonestar,59,2,Gains In Performance
2012-08-25,58,Corn Star,Craig Morgan,53,9,
2012-08-25,59,Summer Back,Andy Gibson,60,2,Gains In Performance
2012-08-25,60,Confessions,Jaida Dreyer,RE,2,Gains In Performance
2012-09-01,1,Over,Blake Shelton,4,16,Gains In Performance
2012-09-01,2,Angel Eyes,Love And Theft,1,40,
2012-09-01,3,Pontoon,Little Big Town,5,16,Gains In Performance
2012-09-01,4,Time Is Love,Josh Turner,6,34,Gains In Performance
2012-09-01,5,(Kissed You) Good Night,Gloriana,2,44,
2012-09-01,6,Come Over,Kenny Chesney,3,14,
2012-09-01,7,Postcard From Paris,The Band Perry,7,24,Gains In Performance
2012-09-01,8,Wanted,Hunter Hayes,10,26,Gains In Performance
2012-09-01,9,Why Ya Wanna,Jana Kramer,8,35,Gains In Performance
2012-09-01,10,For You,Keith Urban,9,19,Gains In Performance
2012-09-01,11,Cowboys And Angels,Dustin Lynch,11,33,Gains In Performance
2012-09-01,12,Take A Little Ride,Jason Aldean,13,5,Gains In Performance
2012-09-01,13,We Are Never Ever Getting Back Together,Taylor Swift,NEW,1,
2012-09-01,14,The Wind,Zac Brown Band,12,11,Gains In Performance
2012-09-01,15,Truck Yeah,Tim McGraw,14,7,Gains In Performance
2012-09-01,16,Blown Away,Carrie Underwood,17,10,Gains In Performance
2012-09-01,17,Lovin' You Is Fun,Easton Corbin,16,27,Gains In Performance
2012-09-01,18,Fastest Girl In Town,Miranda Lambert,18,14,Gains In Performance
2012-09-01,19,That's Why I Pray,Big & Rich,19,13,Gains In Performance
2012-09-01,20,Hard To Love,Lee Brice,20,15,Gains In Performance
2012-09-01,21,Come Wake Me Up,Rascal Flatts,21,14,Gains In Performance
2012-09-01,22,Wanted You More,Lady Antebellum,22,15,Gains In Performance
2012-09-01,23,Shinin' On Me,Jerrod Niemann,24,23,Gains In Performance
2012-09-01,24,Neon,Chris Young,23,23,Gains In Performance
2012-09-01,25,The One That Got Away,Jake Owen,25,15,Gains In Performance
2012-09-01,26,Did It For The Girl,Greg Bates,26,19,Gains In Performance
2012-09-01,27,Creepin',Eric Church,27,9,Gains In Performance
2012-09-01,28,Til My Last Day,Justin Moore,28,23,Gains In Performance
2012-09-01,29,Kiss Tomorrow Goodbye,Luke Bryan,32,6,Gains In Performance
2012-09-01,30,I Like Girls That Drink Beer,Toby Keith,31,4,Gains In Performance
2012-09-01,31,Beer Money,Kip Moore,30,9,Gains In Performance
2012-09-01,32,Too Good To Be True,Edens Edge,29,20,Gains In Performance
2012-09-01,33,How Country Feels,Randy Houser,34,17,Gains In Performance
2012-09-01,34,Crying On A Suitcase,Casey James,33,10,Gains In Performance
2012-09-01,35,Ex-Old Man,Kristen Kelly,35,18,Gains In Performance
2012-09-01,36,Missin' You Crazy,Jon Pardi,36,21,Gains In Performance
2012-09-01,37,Cruise,Florida Georgia Line,37,4,Gains In Performance
2012-09-01,38,Kick It In The Sticks,Brantley Gilbert,38,5,Gains In Performance
2012-09-01,39,Let There Be Cowgirls,Chris Cagle,39,8,Gains In Performance
2012-09-01,40,I Ain't Your Mama,Maggie Rose,46,9,Gains In Performance
2012-09-01,41,Eighteen Inches,Lauren Alaina,41,5,Gains In Performance
2012-09-01,42,Endless Summer,Aaron Lewis,42,21,Gains In Performance
2012-09-01,43,One More Sad Song,Randy Rogers Band,43,6,Gains In Performance
2012-09-01,44,Musta Had A Good Time,Parmalee,45,7,
2012-09-01,45,Better In A Black Dress,Katie Armiger,47,11,Gains In Performance
2012-09-01,46,You're All That Matters To Me,Miss Willie Brown,49,5,Gains In Performance
2012-09-01,47,Things You Can't Do In A Car,Due West,48,13,Gains In Performance
2012-09-01,48,Just Wanna Rock N' Roll,Rodney Atkins,50,11,Gains In Performance
2012-09-01,49,Say Goodnight,Eli Young Band,NEW,1,Gains In Performance
2012-09-01,50,Tip It On Back,Dierks Bentley,NEW,1,Gains In Performance
2012-09-01,51,American Beauty,The Lost Trailers,51,5,
2012-09-01,52,Sorry On The Rocks,Kelleigh Bannen,52,4,
2012-09-01,53,Anywhere,Sara Evans,53,3,Gains In Performance
2012-09-01,54,Back,Colt Ford With Jake Owen,54,4,
2012-09-01,55,The Countdown,Lonestar,57,3,Gains In Performance
2012-09-01,56,Down By The River,D. Vincent Williams,NEW,1,Gains In Performance
2012-09-01,57,Confessions,Jaida Dreyer,60,3,
2012-09-01,58,Summer Back,Andy Gibson,59,3,
2012-09-01,59,Met Him In A Motel Room,Gwen Sebastian,NEW,1,Gains In Performance
2012-09-01,60,Hauled Off And Kissed Me,Steve Holy,NEW,1,Gains In Performance
2012-09-08,1,Over,Blake Shelton,1,17,
2012-09-08,2,Pontoon,Little Big Town,3,17,Gains In Performance
2012-09-08,3,Time Is Love,Josh Turner,4,35,Gains In Performance
2012-09-08,4,Wanted,Hunter Hayes,8,27,Greatest gainer this week|Gains In Performance
2012-09-08,5,Angel Eyes,Love And Theft,2,41,
2012-09-08,6,Why Ya Wanna,Jana Kramer,9,36,Gains In Performance
2012-09-08,7,For You,Keith Urban,10,20,Gains In Performance
2012-09-08,8,Take A Little Ride,Jason Aldean,12,6,Gains In Performance
2012-09-08,9,Postcard From Paris,The Band Perry,7,25,
2012-09-08,10,Cowboys And Angels,Dustin Lynch,11,34,Gains In Performance
2012-09-08,11,The Wind,Zac Brown Band,14,12,Gains In Performance
2012-09-08,12,Blown Away,Carrie Underwood,16,11,Gains In Performance
2012-09-08,13,Truck Yeah,Tim McGraw,15,8,Gains In Performance
2012-09-08,14,Lovin' You Is Fun,Easton Corbin,17,28,Gains In Performance
2012-09-08,15,Fastest Girl In Town,Miranda Lambert,18,15,Gains In Performance
2012-09-08,16,Hard To Love,Lee Brice,20,16,Gains In Performance
2012-09-08,17,That's Why I Pray,Big & Rich,19,14,Gains In Performance
2012-09-08,18,Come Wake Me Up,Rascal Flatts,21,15,Gains In Performance
2012-09-08,19,We Are Never Ever Getting Back Together,Taylor Swift,13,2,
2012-09-08,20,The One That Got Away,Jake Owen,25,16,Gains In Performance
2012-09-08,21,Wanted You More,Lady Antebellum,22,16,Gains In Performance
2012-09-08,22,Shinin' On Me,Jerrod Niemann,23,24,Gains In Performance
2012-09-08,23,Did It For The Girl,Greg Bates,26,20,Gains In Performance
2012-09-08,24,Creepin',Eric Church,27,10,Gains In Performance
2012-09-08,25,Kiss Tomorrow Goodbye,Luke Bryan,29,7,Gains In Performance
2012-09-08,26,Til My Last Day,Justin Moore,28,24,Gains In Performance
2012-09-08,27,I Like Girls That Drink Beer,Toby Keith,30,5,Gains In Performance
2012-09-08,28,Beer Money,Kip Moore,31,10,Gains In Performance
2012-09-08,29,Too Good To Be True,Edens Edge,32,21,Gains In Performance
2012-09-08,30,Crying On A Suitcase,Casey James,34,11,Gains In Performance
2012-09-08,31,How Country Feels,Randy Houser,33,18,Gains In Performance
2012-09-08,32,Ex-Old Man,Kristen Kelly,35,19,Gains In Performance
2012-09-08,33,Missin' You Crazy,Jon Pardi,36,22,Gains In Performance
2012-09-08,34,Cruise,Florida Georgia Line,37,5,Gains In Performance
2012-09-08,35,Kick It In The Sticks,Brantley Gilbert,38,6,Gains In Performance
2012-09-08,36,Let There Be Cowgirls,Chris Cagle,39,9,Gains In Performance
2012-09-08,37,Eighteen Inches,Lauren Alaina,41,6,Gains In Performance
2012-09-08,38,One More Sad Song,Randy Rogers Band,43,7,Gains In Performance
2012-09-08,39,Endless Summer,Aaron Lewis,42,22,Gains In Performance
2012-09-08,40,I Ain't Your Mama,Maggie Rose,40,10,
2012-09-08,41,Tip It On Back,Dierks Bentley,50,2,Gains In Performance
2012-09-08,42,Musta Had A Good Time,Parmalee,44,8,Gains In Performance
2012-09-08,43,You're All That Matters To Me,Miss Willie Brown,46,6,Gains In Performance
2012-09-08,44,Just Wanna Rock N' Roll,Rodney Atkins,48,12,Gains In Performance
2012-09-08,45,Say Goodnight,Eli Young Band,49,2,Gains In Performance
2012-09-08,46,Better In A Black Dress,Katie Armiger,45,12,Gains In Performance
2012-09-08,47,Things You Can't Do In A Car,Due West,47,14,Gains In Performance
2012-09-08,48,American Beauty,The Lost Trailers,51,6,Gains In Performance
2012-09-08,49,Beer With Jesus,Thomas Rhett,NEW,1,Highest ranking debut|Gains In Performance
2012-09-08,50,Sorry On The Rocks,Kelleigh Bannen,52,5,Gains In Performance
2012-09-08,51,Back,Colt Ford With Jake Owen,54,5,Gains In Performance
2012-09-08,52,The Countdown,Lonestar,55,4,Gains In Performance
2012-09-08,53,Down By The River,D. Vincent Williams,56,2,Gains In Performance
2012-09-08,54,You Go Your Way,Alan Jackson,NEW,1,Gains In Performance
2012-09-08,55,Hauled Off And Kissed Me,Steve Holy,60,2,Gains In Performance
2012-09-08,56,Anywhere,Sara Evans,53,4,
2012-09-08,57,Someone Like You,David Nail,NEW,1,Gains In Performance
2012-09-08,58,Met Him In A Motel Room,Gwen Sebastian,59,2,Gains In Performance
2012-09-08,59,Summer Back,Andy Gibson,58,4,Gains In Performance
2012-09-08,60,Confessions,Jaida Dreyer,57,4,Gains In Performance
2012-09-15,1,Pontoon,Little Big Town,2,18,Gains In Performance
2012-09-15,2,Time Is Love,Josh Turner,3,36,Gains In Performance
2012-09-15,3,Wanted,Hunter Hayes,4,28,Gains In Performance
2012-09-15,4,Over,Blake Shelton,1,18,
2012-09-15,5,Why Ya Wanna,Jana Kramer,6,37,Gains In Performance
2012-09-15,6,For You,Keith Urban,7,21,Gains In Performance
2012-09-15,7,Take A Little Ride,Jason Aldean,8,7,Gains In Performance
2012-09-15,8,Cowboys And Angels,Dustin Lynch,10,35,Gains In Performance
2012-09-15,9,Lovin' You Is Fun,Easton Corbin,14,29,Gains In Performance
2012-09-15,10,Blown Away,Carrie Underwood,12,12,Gains In Performance
2012-09-15,11,The Wind,Zac Brown Band,11,13,Gains In Performance
2012-09-15,12,Truck Yeah,Tim McGraw,13,9,Gains In Performance
2012-09-15,13,Fastest Girl In Town,Miranda Lambert,15,16,Gains In Performance
2012-09-15,14,Hard To Love,Lee Brice,16,17,Gains In Performance
2012-09-15,15,Come Wake Me Up,Rascal Flatts,18,16,Gains In Performance
2012-09-15,16,That's Why I Pray,Big & Rich,17,15,Gains In Performance
2012-09-15,17,The One That Got Away,Jake Owen,20,17,Gains In Performance
2012-09-15,18,We Are Never Ever Getting Back Together,Taylor Swift,19,3,Gains In Performance
2012-09-15,19,Kiss Tomorrow Goodbye,Luke Bryan,25,8,Gains In Performance
2012-09-15,20,Wanted You More,Lady Antebellum,21,17,Gains In Performance
2012-09-15,21,Shinin' On Me,Jerrod Niemann,22,25,Gains In Performance
2012-09-15,22,Did It For The Girl,Greg Bates,23,21,Gains In Performance
2012-09-15,23,Creepin',Eric Church,24,11,Gains In Performance
2012-09-15,24,Til My Last Day,Justin Moore,26,25,Gains In Performance
2012-09-15,25,I Like Girls That Drink Beer,Toby Keith,27,6,Gains In Performance
2012-09-15,26,True Believers,Darius Rucker,NEW,1,
2012-09-15,27,Beer Money,Kip Moore,28,11,Gains In Performance
2012-09-15,28,How Country Feels,Randy Houser,31,19,Gains In Performance
2012-09-15,29,Too Good To Be True,Edens Edge,29,22,Gains In Performance
2012-09-15,30,Crying On A Suitcase,Casey James,30,12,Gains In Performance
2012-09-15,31,Cruise,Florida Georgia Line,34,6,Gains In Performance
2012-09-15,32,Ex-Old Man,Kristen Kelly,32,20,Gains In Performance
2012-09-15,33,Missin' You Crazy,Jon Pardi,33,23,Gains In Performance
2012-09-15,34,Kick It In The Sticks,Brantley Gilbert,35,7,Gains In Performance
2012-09-15,35,Let There Be Cowgirls,Chris Cagle,36,10,Gains In Performance
2012-09-15,36,Tip It On Back,Dierks Bentley,41,3,Gains In Performance
2012-09-15,37,Eighteen Inches,Lauren Alaina,37,7,Gains In Performance
2012-09-15,38,I Ain't Your Mama,Maggie Rose,40,11,Gains In Performance
2012-09-15,39,Say Goodnight,Eli Young Band,45,3,Gains In Performance
2012-09-15,40,Just Wanna Rock N' Roll,Rodney Atkins,44,13,Gains In Performance
2012-09-15,41,One More Sad Song,Randy Rogers Band,38,8,Gains In Performance
2012-09-15,42,Endless Summer,Aaron Lewis,39,23,
2012-09-15,43,Beer With Jesus,Thomas Rhett,49,2,Gains In Performance
2012-09-15,44,Musta Had A Good Time,Parmalee,42,9,Gains In Performance
2012-09-15,45,You're All That Matters To Me,Miss Willie Brown,43,7,Gains In Performance
2012-09-15,46,Better In A Black Dress,Katie Armiger,46,13,Gains In Performance
2012-09-15,47,Things You Can't Do In A Car,Due West,47,15,Gains In Performance
2012-09-15,48,American Beauty,The Lost Trailers,48,7,Gains In Performance
2012-09-15,49,Sorry On The Rocks,Kelleigh Bannen,50,6,Gains In Performance
2012-09-15,50,Merry Go 'round,Kacey Musgraves,NEW,1,Gains In Performance
2012-09-15,51,You Go Your Way,Alan Jackson,54,2,Gains In Performance
2012-09-15,52,Someone Like You,David Nail,57,2,Gains In Performance
2012-09-15,53,Back,Colt Ford With Jake Owen,51,6,
2012-09-15,54,Hello Goodbye,Tyler Farr,NEW,1,Gains In Performance
2012-09-15,55,Every Storm (Runs Out Of Rain),Gary Allan,NEW,1,Gains In Performance
2012-09-15,56,More Trucks Than Cars,Craig Morgan,NEW,1,Gains In Performance
2012-09-15,57,Down By The River,D. Vincent Williams,53,3,Gains In Performance
2012-09-15,58,Met Him In A Motel Room,Gwen Sebastian,58,3,Gains In Performance
2012-09-15,59,The Countdown,Lonestar,52,5,
2012-09-15,60,Hauled Off And Kissed Me,Steve Holy,55,3,
2012-09-22,1,Pontoon,Little Big Town,1,19,Gains In Performance
2012-09-22,2,Wanted,Hunter Hayes,3,29,Gains In Performance
2012-09-22,3,Time Is Love,Josh Turner,2,37,Gains In Performance
2012-09-22,4,Take A Little Ride,Jason Aldean,7,8,Greatest gainer this week|Gains In Performance
2012-09-22,5,Why Ya Wanna,Jana Kramer,5,38,Gains In Performance
2012-09-22,6,For You,Keith Urban,6,22,Gains In Performance
2012-09-22,7,Cowboys And Angels,Dustin Lynch,8,36,Gains In Performance
2012-09-22,8,Over,Blake Shelton,4,19,
2012-09-22,9,Blown Away,Carrie Underwood,10,13,Gains In Performance
2012-09-22,10,Lovin' You Is Fun,Easton Corbin,9,30,Gains In Performance
2012-09-22,11,Fastest Girl In Town,Miranda Lambert,13,17,Gains In Performance
2012-09-22,12,Truck Yeah,Tim McGraw,12,10,Gains In Performance
2012-09-22,13,Hard To Love,Lee Brice,14,18,Gains In Performance
2012-09-22,14,Come Wake Me Up,Rascal Flatts,15,17,Gains In Performance
2012-09-22,15,The One That Got Away,Jake Owen,17,18,Gains In Performance
2012-09-22,16,The Wind,Zac Brown Band,11,14,
2012-09-22,17,Kiss Tomorrow Goodbye,Luke Bryan,19,9,Gains In Performance
2012-09-22,18,That's Why I Pray,Big & Rich,16,16,Gains In Performance
2012-09-22,19,We Are Never Ever Getting Back Together,Taylor Swift,18,4,Gains In Performance
2012-09-22,20,Shinin' On Me,Jerrod Niemann,21,26,Gains In Performance
2012-09-22,21,Wanted You More,Lady Antebellum,20,18,Gains In Performance
2012-09-22,22,Did It For The Girl,Greg Bates,22,22,Gains In Performance
2012-09-22,23,Creepin',Eric Church,23,12,Gains In Performance
2012-09-22,24,Til My Last Day,Justin Moore,24,26,Gains In Performance
2012-09-22,25,I Like Girls That Drink Beer,Toby Keith,25,7,Gains In Performance
2012-09-22,26,Beer Money,Kip Moore,27,12,Gains In Performance
2012-09-22,27,Cruise,Florida Georgia Line,31,7,Gains In Performance
2012-09-22,28,How Country Feels,Randy Houser,28,20,Gains In Performance
2012-09-22,29,Too Good To Be True,Edens Edge,29,23,Gains In Performance
2012-09-22,30,Crying On A Suitcase,Casey James,30,13,Gains In Performance
2012-09-22,31,True Believers,Darius Rucker,26,2,
2012-09-22,32,Ex-Old Man,Kristen Kelly,32,21,Gains In Performance
2012-09-22,33,Missin' You Crazy,Jon Pardi,33,24,Gains In Performance
2012-09-22,34,Tip It On Back,Dierks Bentley,36,4,Gains In Performance
2012-09-22,35,Let There Be Cowgirls,Chris Cagle,35,11,Gains In Performance
2012-09-22,36,Kick It In The Sticks,Brantley Gilbert,34,8,Gains In Performance
2012-09-22,37,Say Goodnight,Eli Young Band,39,4,Gains In Performance
2012-09-22,38,Eighteen Inches,Lauren Alaina,37,8,Gains In Performance
2012-09-22,39,I Ain't Your Mama,Maggie Rose,38,12,Gains In Performance
2012-09-22,40,Beer With Jesus,Thomas Rhett,43,3,Gains In Performance
2012-09-22,41,Just Wanna Rock N' Roll,Rodney Atkins,40,14,Gains In Performance
2012-09-22,42,Merry Go 'round,Kacey Musgraves,50,2,Gains In Performance
2012-09-22,43,Musta Had A Good Time,Parmalee,44,10,Gains In Performance
2012-09-22,44,One More Sad Song,Randy Rogers Band,41,9,Gains In Performance
2012-09-22,45,You're All That Matters To Me,Miss Willie Brown,45,8,Gains In Performance
2012-09-22,46,Better In A Black Dress,Katie Armiger,46,14,Gains In Performance
2012-09-22,47,Things You Can't Do In A Car,Due West,47,16,Gains In Performance
2012-09-22,48,American Beauty,The Lost Trailers,48,8,Gains In Performance
2012-09-22,49,You Go Your Way,Alan Jackson,51,3,Gains In Performance
2012-09-22,50,Sorry On The Rocks,Kelleigh Bannen,49,7,Gains In Performance
2012-09-22,51,Back,Colt Ford With Jake Owen,53,7,Gains In Performance
2012-09-22,52,Every Storm (Runs Out Of Rain),Gary Allan,55,2,Gains In Performance
2012-09-22,53,More Trucks Than Cars,Craig Morgan,56,2,Gains In Performance
2012-09-22,54,Someone Like You,David Nail,52,3,
2012-09-22,55,Hello Goodbye,Tyler Farr,54,2,Gains In Performance
2012-09-22,56,Bring It On Home,Kix Brooks,NEW,1,Highest ranking debut|Gains In Performance
2012-09-22,57,The Countdown,Lonestar,59,6,Gains In Performance
2012-09-22,58,Down By The River,D. Vincent Williams,57,4,Gains In Performance
2012-09-22,59,Confessions,Jaida Dreyer,RE,5,Gains In Performance
2012-09-22,60,Summer Back,Andy Gibson,RE,5,Gains In Performance
2012-09-29,1,Wanted,Hunter Hayes,2,30,Gains In Performance
2012-09-29,2,Time Is Love,Josh Turner,3,38,Gains In Performance
2012-09-29,3,Take A Little Ride,Jason Aldean,4,9,Gains In Performance
2012-09-29,4,Pontoon,Little Big Town,1,20,
2012-09-29,5,Why Ya Wanna,Jana Kramer,5,39,Gains In Performance
2012-09-29,6,Cowboys And Angels,Dustin Lynch,7,37,Gains In Performance
2012-09-29,7,Blown Away,Carrie Underwood,9,14,Gains In Performance
2012-09-29,8,For You,Keith Urban,6,23,
2012-09-29,9,Lovin' You Is Fun,Easton Corbin,10,31,Gains In Performance
2012-09-29,10,Hard To Love,Lee Brice,13,19,Gains In Performance
2012-09-29,11,Fastest Girl In Town,Miranda Lambert,11,18,Gains In Performance
2012-09-29,12,Truck Yeah,Tim McGraw,12,11,Gains In Performance
2012-09-29,13,The One That Got Away,Jake Owen,15,19,Gains In Performance
2012-09-29,14,Come Wake Me Up,Rascal Flatts,14,18,Gains In Performance
2012-09-29,15,Kiss Tomorrow Goodbye,Luke Bryan,17,10,Gains In Performance
2012-09-29,16,That's Why I Pray,Big & Rich,18,17,
2012-09-29,17,We Are Never Ever Getting Back Together,Taylor Swift,19,5,Gains In Performance
2012-09-29,18,Shinin' On Me,Jerrod Niemann,20,27,Gains In Performance
2012-09-29,19,Creepin',Eric Church,23,13,Gains In Performance
2012-09-29,20,Did It For The Girl,Greg Bates,22,23,Gains In Performance
2012-09-29,21,Til My Last Day,Justin Moore,24,27,Gains In Performance
2012-09-29,22,Wanted You More,Lady Antebellum,21,19,
2012-09-29,23,I Like Girls That Drink Beer,Toby Keith,25,8,Gains In Performance
2012-09-29,24,Beer Money,Kip Moore,26,13,Gains In Performance
2012-09-29,25,Cruise,Florida Georgia Line,27,8,Gains In Performance
2012-09-29,26,How Country Feels,Randy Houser,28,21,Gains In Performance
2012-09-29,27,The Wind,Zac Brown Band,16,15,
2012-09-29,28,Crying On A Suitcase,Casey James,30,14,Gains In Performance
2012-09-29,29,True Believers,Darius Rucker,31,3,Gains In Performance
2012-09-29,30,Too Good To Be True,Edens Edge,29,24,Gains In Performance
2012-09-29,31,Ex-Old Man,Kristen Kelly,32,22,Gains In Performance
2012-09-29,32,El Cerrito Place,Kenny Chesney,NEW,1,
2012-09-29,33,Missin' You Crazy,Jon Pardi,33,25,Gains In Performance
2012-09-29,34,Tip It On Back,Dierks Bentley,34,5,Gains In Performance
2012-09-29,35,Let There Be Cowgirls,Chris Cagle,35,12,Gains In Performance
2012-09-29,36,Kick It In The Sticks,Brantley Gilbert,36,9,Gains In Performance
2012-09-29,37,Beer With Jesus,Thomas Rhett,40,4,Gains In Performance
2012-09-29,38,Merry Go 'round,Kacey Musgraves,42,3,Gains In Performance
2012-09-29,39,Say Goodnight,Eli Young Band,37,5,Gains In Performance
2012-09-29,40,Eighteen Inches,Lauren Alaina,38,9,Gains In Performance
2012-09-29,41,Just Wanna Rock N' Roll,Rodney Atkins,41,15,Gains In Performance
2012-09-29,42,I Ain't Your Mama,Maggie Rose,39,13,Gains In Performance
2012-09-29,43,Every Storm (Runs Out Of Rain),Gary Allan,52,3,Gains In Performance
2012-09-29,44,Musta Had A Good Time,Parmalee,43,11,
2012-09-29,45,One More Sad Song,Randy Rogers Band,44,10,
2012-09-29,46,Better In A Black Dress,Katie Armiger,46,15,
2012-09-29,47,Things You Can't Do In A Car,Due West,47,17,
2012-09-29,48,You're All That Matters To Me,Miss Willie Brown,45,9,
2012-09-29,49,You Go Your Way,Alan Jackson,49,4,Gains In Performance
2012-09-29,50,American Beauty,The Lost Trailers,48,9,
2012-09-29,51,Back,Colt Ford With Jake Owen,51,8,Gains In Performance
2012-09-29,52,Bring It On Home,Kix Brooks,56,2,Gains In Performance
2012-09-29,53,Sorry On The Rocks,Kelleigh Bannen,50,8,
2012-09-29,54,Hello Goodbye,Tyler Farr,55,3,Gains In Performance
2012-09-29,55,More Trucks Than Cars,Craig Morgan,53,3,Gains In Performance
2012-09-29,56,Can't Shake You,Gloriana,NEW,1,Gains In Performance
2012-09-29,57,Someone Like You,David Nail,54,4,Gains In Performance
2012-09-29,58,The Countdown,Lonestar,57,7,Gains In Performance
2012-09-29,59,Goodbye In Her Eyes,Zac Brown Band,NEW,1,Gains In Performance
2012-09-29,60,Down By The River,D. Vincent Williams,58,5,Gains In Performance
2012-10-06,1,Take A Little Ride,Jason Aldean,3,10,Gains In Performance
2012-10-06,2,Wanted,Hunter Hayes,1,31,Gains In Performance
2012-10-06,3,Cowboys And Angels,Dustin Lynch,6,38,Gains In Performance
2012-10-06,4,Why Ya Wanna,Jana Kramer,5,40,Gains In Performance
2012-10-06,5,Blown Away,Carrie Underwood,7,15,Gains In Performance
2012-10-06,6,Time Is Love,Josh Turner,2,39,
2012-10-06,7,Pontoon,Little Big Town,4,21,
2012-10-06,8,Lovin' You Is Fun,Easton Corbin,9,32,Gains In Performance
2012-10-06,9,Hard To Love,Lee Brice,10,20,Gains In Performance
2012-10-06,10,Fastest Girl In Town,Miranda Lambert,11,19,Gains In Performance
2012-10-06,11,The One That Got Away,Jake Owen,13,20,Gains In Performance
2012-10-06,12,Truck Yeah,Tim McGraw,12,12,Gains In Performance
2012-10-06,13,Kiss Tomorrow Goodbye,Luke Bryan,15,11,Gains In Performance
2012-10-06,14,Come Wake Me Up,Rascal Flatts,14,19,Gains In Performance
2012-10-06,15,We Are Never Ever Getting Back Together,Taylor Swift,17,6,Gains In Performance
2012-10-06,16,Creepin',Eric Church,19,14,Gains In Performance
2012-10-06,17,Did It For The Girl,Greg Bates,20,24,Gains In Performance
2012-10-06,18,Shinin' On Me,Jerrod Niemann,18,28,Gains In Performance
2012-10-06,19,Til My Last Day,Justin Moore,21,28,Gains In Performance
2012-10-06,20,Beer Money,Kip Moore,24,14,Gains In Performance
2012-10-06,21,I Like Girls That Drink Beer,Toby Keith,23,9,Gains In Performance
2012-10-06,22,Cruise,Florida Georgia Line,25,9,Gains In Performance
2012-10-06,23,That's Why I Pray,Big & Rich,16,18,
2012-10-06,24,El Cerrito Place,Kenny Chesney,32,2,Gains In Performance
2012-10-06,25,Southern Comfort Zone,Brad Paisley,NEW,1,
2012-10-06,26,How Country Feels,Randy Houser,26,22,Gains In Performance
2012-10-06,27,Crying On A Suitcase,Casey James,28,15,Gains In Performance
2012-10-06,28,True Believers,Darius Rucker,29,4,Gains In Performance
2012-10-06,29,Too Good To Be True,Edens Edge,30,25,Gains In Performance
2012-10-06,30,Wanted You More,Lady Antebellum,22,20,
2012-10-06,31,Tip It On Back,Dierks Bentley,34,6,Gains In Performance
2012-10-06,32,Missin' You Crazy,Jon Pardi,33,26,Gains In Performance
2012-10-06,33,Ex-Old Man,Kristen Kelly,31,23,Gains In Performance
2012-10-06,34,Beer With Jesus,Thomas Rhett,37,5,Gains In Performance
2012-10-06,35,Let There Be Cowgirls,Chris Cagle,35,13,Gains In Performance
2012-10-06,36,Merry Go 'round,Kacey Musgraves,38,4,Gains In Performance
2012-10-06,37,Say Goodnight,Eli Young Band,39,6,Gains In Performance
2012-10-06,38,Kick It In The Sticks,Brantley Gilbert,36,10,Gains In Performance
2012-10-06,39,Every Storm (Runs Out Of Rain),Gary Allan,43,4,Gains In Performance
2012-10-06,40,Eighteen Inches,Lauren Alaina,40,10,Gains In Performance
2012-10-06,41,Just Wanna Rock N' Roll,Rodney Atkins,41,16,Gains In Performance
2012-10-06,42,I Ain't Your Mama,Maggie Rose,42,14,Gains In Performance
2012-10-06,43,Musta Had A Good Time,Parmalee,44,12,Gains In Performance
2012-10-06,44,Goodbye In Her Eyes,Zac Brown Band,59,2,Gains In Performance
2012-10-06,45,One More Sad Song,Randy Rogers Band,45,11,Gains In Performance
2012-10-06,46,You Go Your Way,Alan Jackson,49,5,Gains In Performance
2012-10-06,47,American Beauty,The Lost Trailers,50,10,Gains In Performance
2012-10-06,48,Better In A Black Dress,Katie Armiger,46,16,
2012-10-06,49,Can't Shake You,Gloriana,56,2,Gains In Performance
2012-10-06,50,More Trucks Than Cars,Craig Morgan,55,4,Gains In Performance
2012-10-06,51,You're All That Matters To Me,Miss Willie Brown,48,10,Gains In Performance
2012-10-06,52,Hello Goodbye,Tyler Farr,54,4,Gains In Performance
2012-10-06,53,Sorry On The Rocks,Kelleigh Bannen,53,9,Gains In Performance
2012-10-06,54,Things You Can't Do In A Car,Due West,47,18,
2012-10-06,55,Back,Colt Ford With Jake Owen,51,9,
2012-10-06,56,Someone Like You,David Nail,57,5,Gains In Performance
2012-10-06,57,American Heart,Faith Hill,NEW,1,Gains In Performance
2012-10-06,58,Bring It On Home,Kix Brooks,52,3,
2012-10-06,59,The Countdown,Lonestar,58,8,
2012-10-06,60,Sleepy Little Town,JT Hodges,NEW,1,Gains In Performance
2012-10-13,1,Take A Little Ride,Jason Aldean,1,11,Gains In Performance
2012-10-13,2,Cowboys And Angels,Dustin Lynch,3,39,Gains In Performance
2012-10-13,3,Why Ya Wanna,Jana Kramer,4,41,Gains In Performance
2012-10-13,4,Blown Away,Carrie Underwood,5,16,Gains In Performance
2012-10-13,5,Wanted,Hunter Hayes,2,32,
2012-10-13,6,Hard To Love,Lee Brice,9,21,Greatest gainer this week|Gains In Performance
2012-10-13,7,Lovin' You Is Fun,Easton Corbin,8,33,Gains In Performance
2012-10-13,8,The One That Got Away,Jake Owen,11,21,Gains In Performance
2012-10-13,9,Fastest Girl In Town,Miranda Lambert,10,20,Gains In Performance
2012-10-13,10,Kiss Tomorrow Goodbye,Luke Bryan,13,12,Gains In Performance
2012-10-13,11,Truck Yeah,Tim McGraw,12,13,Gains In Performance
2012-10-13,12,Come Wake Me Up,Rascal Flatts,14,20,Gains In Performance
2012-10-13,13,Creepin',Eric Church,16,15,Gains In Performance
2012-10-13,14,Did It For The Girl,Greg Bates,17,25,Gains In Performance
2012-10-13,15,Til My Last Day,Justin Moore,19,29,Gains In Performance
2012-10-13,16,Beer Money,Kip Moore,20,15,Gains In Performance
2012-10-13,17,Shinin' On Me,Jerrod Niemann,18,29,Gains In Performance
2012-10-13,18,I Like Girls That Drink Beer,Toby Keith,21,10,Gains In Performance
2012-10-13,19,Cruise,Florida Georgia Line,22,10,Gains In Performance
2012-10-13,20,El Cerrito Place,Kenny Chesney,24,3,Gains In Performance
2012-10-13,21,We Are Never Ever Getting Back Together,Taylor Swift,15,7,
2012-10-13,22,How Country Feels,Randy Houser,26,23,Gains In Performance
2012-10-13,23,Southern Comfort Zone,Brad Paisley,25,2,Gains In Performance
2012-10-13,24,True Believers,Darius Rucker,28,5,Gains In Performance
2012-10-13,25,Crying On A Suitcase,Casey James,27,16,Gains In Performance
2012-10-13,26,Tip It On Back,Dierks Bentley,31,7,Gains In Performance
2012-10-13,27,Too Good To Be True,Edens Edge,29,26,Gains In Performance
2012-10-13,28,Beer With Jesus,Thomas Rhett,34,6,Gains In Performance
2012-10-13,29,Missin' You Crazy,Jon Pardi,32,27,Gains In Performance
2012-10-13,30,Ex-Old Man,Kristen Kelly,33,24,Gains In Performance
2012-10-13,31,Goodbye In Her Eyes,Zac Brown Band,44,3,Gains In Performance
2012-10-13,32,Merry Go 'round,Kacey Musgraves,36,5,Gains In Performance
2012-10-13,33,Let There Be Cowgirls,Chris Cagle,35,14,Gains In Performance
2012-10-13,34,Say Goodnight,Eli Young Band,37,7,Gains In Performance
2012-10-13,35,Kick It In The Sticks,Brantley Gilbert,38,11,Gains In Performance
2012-10-13,36,Every Storm (Runs Out Of Rain),Gary Allan,39,5,Gains In Performance
2012-10-13,37,Begin Again,Taylor Swift,NEW,1,Highest ranking debut|Gains In Performance
2012-10-13,38,Eighteen Inches,Lauren Alaina,40,11,Gains In Performance
2012-10-13,39,Just Wanna Rock N' Roll,Rodney Atkins,41,17,Gains In Performance
2012-10-13,40,I Ain't Your Mama,Maggie Rose,42,15,Gains In Performance
2012-10-13,41,You Go Your Way,Alan Jackson,46,6,Gains In Performance
2012-10-13,42,Musta Had A Good Time,Parmalee,43,13,Gains In Performance
2012-10-13,43,One More Sad Song,Randy Rogers Band,45,12,Gains In Performance
2012-10-13,44,Can't Shake You,Gloriana,49,3,Gains In Performance
2012-10-13,45,Better In A Black Dress,Katie Armiger,48,17,Gains In Performance
2012-10-13,46,American Heart,Faith Hill,57,2,Gains In Performance
2012-10-13,47,Tornado,Little Big Town,NEW,1,Gains In Performance
2012-10-13,48,Sorry On The Rocks,Kelleigh Bannen,53,10,Gains In Performance
2012-10-13,49,American Beauty,The Lost Trailers,47,11,Gains In Performance
2012-10-13,50,Bring It On Home,Kix Brooks,58,4,Gains In Performance
2012-10-13,51,More Trucks Than Cars,Craig Morgan,50,5,Gains In Performance
2012-10-13,52,Back,Colt Ford With Jake Owen,55,10,Gains In Performance
2012-10-13,53,You're All That Matters To Me,Miss Willie Brown,51,11,
2012-10-13,54,Hello Goodbye,Tyler Farr,52,5,
2012-10-13,55,We Can't Be Friends,Joanna Smith,NEW,1,Gains In Performance
2012-10-13,56,Someone Like You,David Nail,56,6,Gains In Performance
2012-10-13,57,Jesse James,Clay Walker,NEW,1,Gains In Performance
2012-10-13,58,The Countdown,Lonestar,59,9,Gains In Performance
2012-10-13,59,Be Grateful,THE FARM,NEW,1,Gains In Performance
2012-10-13,60,Sleepy Little Town,JT Hodges,60,2,
2012-10-20,1,Take A Little Ride,Jason Aldean,1,12,
2012-10-20,2,Blown Away,Carrie Underwood,4,17,Gains In Performance
2012-10-20,3,Cowboys And Angels,Dustin Lynch,2,40,Gains In Performance
2012-10-20,4,Why Ya Wanna,Jana Kramer,3,42,Gains In Performance
2012-10-20,5,Hard To Love,Lee Brice,6,22,Gains In Performance
2012-10-20,6,Wanted,Hunter Hayes,5,33,
2012-10-20,7,Lovin' You Is Fun,Easton Corbin,7,34,Gains In Performance
2012-10-20,8,The One That Got Away,Jake Owen,8,22,Gains In Performance
2012-10-20,9,Fastest Girl In Town,Miranda Lambert,9,21,Gains In Performance
2012-10-20,10,Kiss Tomorrow Goodbye,Luke Bryan,10,13,Gains In Performance
2012-10-20,11,Truck Yeah,Tim McGraw,11,14,Gains In Performance
2012-10-20,12,Come Wake Me Up,Rascal Flatts,12,21,Gains In Performance
2012-10-20,13,Beer Money,Kip Moore,16,16,Gains In Performance
2012-10-20,14,Did It For The Girl,Greg Bates,14,26,Gains In Performance
2012-10-20,15,Til My Last Day,Justin Moore,15,30,Gains In Performance
2012-10-20,16,Creepin',Eric Church,13,16,Gains In Performance
2012-10-20,17,Cruise,Florida Georgia Line,19,11,Gains In Performance
2012-10-20,18,Shinin' On Me,Jerrod Niemann,17,30,Gains In Performance
2012-10-20,19,I Like Girls That Drink Beer,Toby Keith,18,11,Gains In Performance
2012-10-20,20,El Cerrito Place,Kenny Chesney,20,4,Gains In Performance
2012-10-20,21,Southern Comfort Zone,Brad Paisley,23,3,Gains In Performance
2012-10-20,22,How Country Feels,Randy Houser,22,24,Gains In Performance
2012-10-20,23,Crying On A Suitcase,Casey James,25,17,Gains In Performance
2012-10-20,24,Goodbye In Her Eyes,Zac Brown Band,31,4,Greatest gainer this week|Gains In Performance
2012-10-20,25,True Believers,Darius Rucker,24,6,Gains In Performance
2012-10-20,26,Tip It On Back,Dierks Bentley,26,8,Gains In Performance
2012-10-20,27,Beer With Jesus,Thomas Rhett,28,7,Gains In Performance
2012-10-20,28,Missin' You Crazy,Jon Pardi,29,28,Gains In Performance
2012-10-20,29,Begin Again,Taylor Swift,37,2,Gains In Performance
2012-10-20,30,Ex-Old Man,Kristen Kelly,30,25,Gains In Performance
2012-10-20,31,Every Storm (Runs Out Of Rain),Gary Allan,36,6,Gains In Performance
2012-10-20,32,Merry Go 'round,Kacey Musgraves,32,6,Gains In Performance
2012-10-20,33,Let There Be Cowgirls,Chris Cagle,33,15,
2012-10-20,34,Say Goodnight,Eli Young Band,34,8,Gains In Performance
2012-10-20,35,Kick It In The Sticks,Brantley Gilbert,35,12,Gains In Performance
2012-10-20,36,We Are Never Ever Getting Back Together,Taylor Swift,21,8,
2012-10-20,37,Eighteen Inches,Lauren Alaina,38,12,
2012-10-20,38,American Heart,Faith Hill,46,3,Gains In Performance
2012-10-20,39,Just Wanna Rock N' Roll,Rodney Atkins,39,18,
2012-10-20,40,I Ain't Your Mama,Maggie Rose,40,16,Gains In Performance
2012-10-20,41,Tornado,Little Big Town,47,2,Gains In Performance
2012-10-20,42,You Go Your Way,Alan Jackson,41,7,Gains In Performance
2012-10-20,43,Can't Shake You,Gloriana,44,4,Gains In Performance
2012-10-20,44,Musta Had A Good Time,Parmalee,42,14,Gains In Performance
2012-10-20,45,One More Sad Song,Randy Rogers Band,43,13,Gains In Performance
2012-10-20,46,Better In A Black Dress,Katie Armiger,45,18,Gains In Performance
2012-10-20,47,Bring It On Home,Kix Brooks,50,5,Gains In Performance
2012-10-20,48,American Beauty,The Lost Trailers,49,12,Gains In Performance
2012-10-20,49,Sorry On The Rocks,Kelleigh Bannen,48,11,
2012-10-20,50,More Trucks Than Cars,Craig Morgan,51,6,Gains In Performance
2012-10-20,51,Jesse James,Clay Walker,57,2,Gains In Performance
2012-10-20,52,Hello Goodbye,Tyler Farr,54,6,Gains In Performance
2012-10-20,53,Back,Colt Ford With Jake Owen,52,11,
2012-10-20,54,You're All That Matters To Me,Miss Willie Brown,53,12,
2012-10-20,55,We Can't Be Friends,Joanna Smith,55,2,Gains In Performance
2012-10-20,56,Be Grateful,THE FARM,59,2,Gains In Performance
2012-10-20,57,The Countdown,Lonestar,58,10,Gains In Performance
2012-10-20,58,Someone Like You,David Nail,56,7,
2012-10-20,59,Sleepy Little Town,JT Hodges,60,3,Gains In Performance
2012-10-20,60,Outta My Head,Craig Campbell,NEW,1,Highest ranking debut|Gains In Performance
2012-10-27,1,Blown Away,Carrie Underwood,2,18,Gains In Performance
2012-10-27,2,Hard To Love,Lee Brice,5,23,Greatest gainer this week|Gains In Performance
2012-10-27,3,Cowboys And Angels,Dustin Lynch,3,41,
2012-10-27,4,Take A Little Ride,Jason Aldean,1,13,
2012-10-27,5,Lovin' You Is Fun,Easton Corbin,7,35,Gains In Performance
2012-10-27,6,Kiss Tomorrow Goodbye,Luke Bryan,10,14,Gains In Performance
2012-10-27,7,The One That Got Away,Jake Owen,8,23,Gains In Performance
2012-10-27,8,Fastest Girl In Town,Miranda Lambert,9,22,Gains In Performance
2012-10-27,9,Come Wake Me Up,Rascal Flatts,12,22,Gains In Performance
2012-10-27,10,Truck Yeah,Tim McGraw,11,15,Gains In Performance
2012-10-27,11,Beer Money,Kip Moore,13,17,Gains In Performance
2012-10-27,12,Cruise,Florida Georgia Line,17,12,Gains In Performance
2012-10-27,13,Til My Last Day,Justin Moore,15,31,Gains In Performance
2012-10-27,14,Did It For The Girl,Greg Bates,14,27,Gains In Performance
2012-10-27,15,Creepin',Eric Church,16,17,Gains In Performance
2012-10-27,16,El Cerrito Place,Kenny Chesney,20,5,Gains In Performance
2012-10-27,17,I Like Girls That Drink Beer,Toby Keith,19,12,Gains In Performance
2012-10-27,18,Southern Comfort Zone,Brad Paisley,21,4,Gains In Performance
2012-10-27,19,How Country Feels,Randy Houser,22,25,Gains In Performance
2012-10-27,20,Goodbye In Her Eyes,Zac Brown Band,24,5,Gains In Performance
2012-10-27,21,True Believers,Darius Rucker,25,7,Gains In Performance
2012-10-27,22,Crying On A Suitcase,Casey James,23,18,Gains In Performance
2012-10-27,23,Begin Again,Taylor Swift,29,3,Gains In Performance
2012-10-27,24,Tip It On Back,Dierks Bentley,26,9,Gains In Performance
2012-10-27,25,Beer With Jesus,Thomas Rhett,27,8,Gains In Performance
2012-10-27,26,Missin' You Crazy,Jon Pardi,28,29,Gains In Performance
2012-10-27,27,Every Storm (Runs Out Of Rain),Gary Allan,31,7,Gains In Performance
2012-10-27,28,Ex-Old Man,Kristen Kelly,30,26,Gains In Performance
2012-10-27,29,Merry Go 'round,Kacey Musgraves,32,7,Gains In Performance
2012-10-27,30,Say Goodnight,Eli Young Band,34,9,Gains In Performance
2012-10-27,31,Let There Be Cowgirls,Chris Cagle,33,16,Gains In Performance
2012-10-27,32,Tornado,Little Big Town,41,3,Gains In Performance
2012-10-27,33,American Heart,Faith Hill,38,4,Gains In Performance
2012-10-27,34,Just Wanna Rock N' Roll,Rodney Atkins,39,19,Gains In Performance
2012-10-27,35,I Ain't Your Mama,Maggie Rose,40,17,Gains In Performance
2012-10-27,36,Eighteen Inches,Lauren Alaina,37,13,
2012-10-27,37,Kick It In The Sticks,Brantley Gilbert,35,13,
2012-10-27,38,Musta Had A Good Time,Parmalee,44,15,Gains In Performance
2012-10-27,39,You Go Your Way,Alan Jackson,42,8,Gains In Performance
2012-10-27,40,One More Sad Song,Randy Rogers Band,45,14,Gains In Performance
2012-10-27,41,Can't Shake You,Gloriana,43,5,Gains In Performance
2012-10-27,42,Sorry On The Rocks,Kelleigh Bannen,49,12,Gains In Performance
2012-10-27,43,Better In A Black Dress,Katie Armiger,46,19,Gains In Performance
2012-10-27,44,Bring It On Home,Kix Brooks,47,6,
2012-10-27,45,American Beauty,The Lost Trailers,48,13,
2012-10-27,46,More Trucks Than Cars,Craig Morgan,50,7,Gains In Performance
2012-10-27,47,Hello Goodbye,Tyler Farr,52,7,Gains In Performance
2012-10-27,48,Jesse James,Clay Walker,51,3,
2012-10-27,49,Someone Like You,David Nail,58,8,Gains In Performance
2012-10-27,50,Back,Colt Ford With Jake Owen,53,12,
2012-10-27,51,Somebody's Heartbreak,Hunter Hayes,NEW,1,Highest ranking debut|Gains In Performance
2012-10-27,52,We Can't Be Friends,Joanna Smith,55,3,
2012-10-27,53,Be Grateful,THE FARM,56,3,
2012-10-27,54,The Countdown,Lonestar,57,11,
2012-10-27,55,Sleepy Little Town,JT Hodges,59,4,Gains In Performance
2012-10-27,56,Love You For A Long Time,High Valley,NEW,1,Gains In Performance
2012-10-27,57,Nobody's Sad On A Saturday Night,Uncle Kracker,NEW,1,Gains In Performance
2012-10-27,58,Don't Ya,Brett Eldredge,NEW,1,Gains In Performance
2012-10-27,59,Outta My Head,Craig Campbell,60,2,Gains In Performance
2012-10-27,60,Hauled Off And Kissed Me,Steve Holy,RE,4,Gains In Performance
2012-11-03,1,Blown Away,Carrie Underwood,1,19,Gains In Performance
2012-11-03,2,Hard To Love,Lee Brice,2,24,Gains In Performance
2012-11-03,3,Kiss Tomorrow Goodbye,Luke Bryan,6,15,Gains In Performance
2012-11-03,4,Cowboys And Angels,Dustin Lynch,3,42,
2012-11-03,5,Take A Little Ride,Jason Aldean,4,14,
2012-11-03,6,Lovin' You Is Fun,Easton Corbin,5,36,Gains In Performance
2012-11-03,7,The One That Got Away,Jake Owen,7,24,Gains In Performance
2012-11-03,8,Fastest Girl In Town,Miranda Lambert,8,23,Gains In Performance
2012-11-03,9,Come Wake Me Up,Rascal Flatts,9,23,Gains In Performance
2012-11-03,10,Beer Money,Kip Moore,11,18,Gains In Performance
2012-11-03,11,Cruise,Florida Georgia Line,12,13,Greatest gainer this week|Gains In Performance
2012-11-03,12,Til My Last Day,Justin Moore,13,32,Gains In Performance
2012-11-03,13,Did It For The Girl,Greg Bates,14,28,Gains In Performance
2012-11-03,14,Creepin',Eric Church,15,18,Gains In Performance
2012-11-03,15,Southern Comfort Zone,Brad Paisley,18,5,Gains In Performance
2012-11-03,16,El Cerrito Place,Kenny Chesney,16,6,Gains In Performance
2012-11-03,17,Truck Yeah,Tim McGraw,10,16,
2012-11-03,18,I Like Girls That Drink Beer,Toby Keith,17,13,Gains In Performance
2012-11-03,19,How Country Feels,Randy Houser,19,26,Gains In Performance
2012-11-03,20,Goodbye In Her Eyes,Zac Brown Band,20,6,Gains In Performance
2012-11-03,21,Begin Again,Taylor Swift,23,4,Gains In Performance
2012-11-03,22,Crying On A Suitcase,Casey James,22,19,Gains In Performance
2012-11-03,23,True Believers,Darius Rucker,21,8,Gains In Performance
2012-11-03,24,Tip It On Back,Dierks Bentley,24,10,Gains In Performance
2012-11-03,25,Every Storm (Runs Out Of Rain),Gary Allan,27,8,Gains In Performance
2012-11-03,26,Beer With Jesus,Thomas Rhett,25,9,Gains In Performance
2012-11-03,27,Missin' You Crazy,Jon Pardi,26,30,Gains In Performance
2012-11-03,28,Merry Go 'round,Kacey Musgraves,29,8,Gains In Performance
2012-11-03,29,Ex-Old Man,Kristen Kelly,28,27,Gains In Performance
2012-11-03,30,Tornado,Little Big Town,32,4,Gains In Performance
2012-11-03,31,Say Goodnight,Eli Young Band,30,10,Gains In Performance
2012-11-03,32,Let There Be Cowgirls,Chris Cagle,31,17,Gains In Performance
2012-11-03,33,American Heart,Faith Hill,33,5,Gains In Performance
2012-11-03,34,Just Wanna Rock N' Roll,Rodney Atkins,34,20,Gains In Performance
2012-11-03,35,Eighteen Inches,Lauren Alaina,36,14,Gains In Performance
2012-11-03,36,I Ain't Your Mama,Maggie Rose,35,18,Gains In Performance
2012-11-03,37,One More Sad Song,Randy Rogers Band,40,15,Gains In Performance
2012-11-03,38,Somebody's Heartbreak,Hunter Hayes,51,2,Gains In Performance
2012-11-03,39,Can't Shake You,Gloriana,41,6,Gains In Performance
2012-11-03,40,Musta Had A Good Time,Parmalee,38,16,
2012-11-03,41,You Go Your Way,Alan Jackson,39,9,
2012-11-03,42,Better In A Black Dress,Katie Armiger,43,20,Gains In Performance
2012-11-03,43,Sorry On The Rocks,Kelleigh Bannen,42,13,Gains In Performance
2012-11-03,44,American Beauty,The Lost Trailers,45,14,Gains In Performance
2012-11-03,45,More Trucks Than Cars,Craig Morgan,46,8,Gains In Performance
2012-11-03,46,Bring It On Home,Kix Brooks,44,7,
2012-11-03,47,The Only Way I Know,Jason Aldean With Luke Bryan & Eric Church,NEW,1,Highest ranking debut|Gains In Performance
2012-11-03,48,I Can Take It From There,Chris Young,NEW,1,Gains In Performance
2012-11-03,49,Jesse James,Clay Walker,48,4,Gains In Performance
2012-11-03,50,Back,Colt Ford With Jake Owen,50,13,Gains In Performance
2012-11-03,51,Hello Goodbye,Tyler Farr,47,8,Gains In Performance
2012-11-03,52,Be Grateful,THE FARM,53,4,Gains In Performance
2012-11-03,53,More Than Miles,Brantley Gilbert,NEW,1,Gains In Performance
2012-11-03,54,Kick It In The Sticks,Brantley Gilbert,37,14,
2012-11-03,55,We Can't Be Friends,Joanna Smith,52,4,Gains In Performance
2012-11-03,56,If I Didn't Have You,Thompson Square,NEW,1,Gains In Performance
2012-11-03,57,Outta My Head,Craig Campbell,59,3,Gains In Performance
2012-11-03,58,Sleepy Little Town,JT Hodges,55,5,Gains In Performance
2012-11-03,59,The Countdown,Lonestar,54,12,Gains In Performance
2012-11-03,60,Don't Ya,Brett Eldredge,58,2,Gains In Performance
2012-11-10,1,Hard To Love,Lee Brice,2,25,Gains In Performance
2012-11-10,2,Kiss Tomorrow Goodbye,Luke Bryan,3,16,Greatest gainer this week|Gains In Performance
2012-11-10,3,Blown Away,Carrie Underwood,1,20,
2012-11-10,4,The One That Got Away,Jake Owen,7,25,Gains In Performance
2012-11-10,5,Fastest Girl In Town,Miranda Lambert,8,24,Gains In Performance
2012-11-10,6,Lovin' You Is Fun,Easton Corbin,6,37,Gains In Performance
2012-11-10,7,Take A Little Ride,Jason Aldean,5,15,
2012-11-10,8,Come Wake Me Up,Rascal Flatts,9,24,Gains In Performance
2012-11-10,9,Cruise,Florida Georgia Line,11,14,Gains In Performance
2012-11-10,10,Beer Money,Kip Moore,10,19,Gains In Performance
2012-11-10,11,Til My Last Day,Justin Moore,12,33,Gains In Performance
2012-11-10,12,Did It For The Girl,Greg Bates,13,29,Gains In Performance
2012-11-10,13,Creepin',Eric Church,14,19,Gains In Performance
2012-11-10,14,Southern Comfort Zone,Brad Paisley,15,6,Gains In Performance
2012-11-10,15,Goodbye In Her Eyes,Zac Brown Band,20,7,Gains In Performance
2012-11-10,16,El Cerrito Place,Kenny Chesney,16,7,Gains In Performance
2012-11-10,17,How Country Feels,Randy Houser,19,27,Gains In Performance
2012-11-10,18,I Like Girls That Drink Beer,Toby Keith,18,14,
2012-11-10,19,Begin Again,Taylor Swift,21,5,Gains In Performance
2012-11-10,20,True Believers,Darius Rucker,23,9,Gains In Performance
2012-11-10,21,Every Storm (Runs Out Of Rain),Gary Allan,25,9,Gains In Performance
2012-11-10,22,Crying On A Suitcase,Casey James,22,20,
2012-11-10,23,Tip It On Back,Dierks Bentley,24,11,Gains In Performance
2012-11-10,24,Beer With Jesus,Thomas Rhett,26,10,Gains In Performance
2012-11-10,25,Missin' You Crazy,Jon Pardi,27,31,Gains In Performance
2012-11-10,26,Tornado,Little Big Town,30,5,Gains In Performance
2012-11-10,27,Merry Go 'round,Kacey Musgraves,28,9,Gains In Performance
2012-11-10,28,Truck Yeah,Tim McGraw,17,17,
2012-11-10,29,Let There Be Cowgirls,Chris Cagle,32,18,Gains In Performance
2012-11-10,30,Say Goodnight,Eli Young Band,31,11,Gains In Performance
2012-11-10,31,American Heart,Faith Hill,33,6,Gains In Performance
2012-11-10,32,Somebody's Heartbreak,Hunter Hayes,38,3,Gains In Performance
2012-11-10,33,Just Wanna Rock N' Roll,Rodney Atkins,34,21,Gains In Performance
2012-11-10,34,The Only Way I Know,Jason Aldean With Luke Bryan & Eric Church,47,2,Gains In Performance
2012-11-10,35,I Ain't Your Mama,Maggie Rose,36,19,Gains In Performance
2012-11-10,36,Eighteen Inches,Lauren Alaina,35,15,Gains In Performance
2012-11-10,37,Can't Shake You,Gloriana,39,7,Gains In Performance
2012-11-10,38,One More Sad Song,Randy Rogers Band,37,16,
2012-11-10,39,Musta Had A Good Time,Parmalee,40,17,Gains In Performance
2012-11-10,40,American Beauty,The Lost Trailers,44,15,Gains In Performance
2012-11-10,41,I Can Take It From There,Chris Young,48,2,Gains In Performance
2012-11-10,42,Sorry On The Rocks,Kelleigh Bannen,43,14,Gains In Performance
2012-11-10,43,You Go Your Way,Alan Jackson,41,10,
2012-11-10,44,Better In A Black Dress,Katie Armiger,42,21,Gains In Performance
2012-11-10,45,More Trucks Than Cars,Craig Morgan,45,9,Gains In Performance
2012-11-10,46,If I Didn't Have You,Thompson Square,56,2,Gains In Performance
2012-11-10,47,More Than Miles,Brantley Gilbert,53,2,Gains In Performance
2012-11-10,48,Hello Goodbye,Tyler Farr,51,9,Gains In Performance
2012-11-10,49,Outta My Head,Craig Campbell,57,4,Gains In Performance
2012-11-10,50,Jesse James,Clay Walker,49,5,
2012-11-10,51,Telescope,Hayden Panettiere,NEW,1,Highest ranking debut|Gains In Performance
2012-11-10,52,Be Grateful,THE FARM,52,5,Gains In Performance
2012-11-10,53,Back,Colt Ford With Jake Owen,50,14,
2012-11-10,54,We Can't Be Friends,Joanna Smith,55,5,Gains In Performance
2012-11-10,55,Nobody's Sad On A Saturday Night,Uncle Kracker,RE,2,Gains In Performance
2012-11-10,56,Whiskey,Jana Kramer,NEW,1,Gains In Performance
2012-11-10,57,Don't Ya,Brett Eldredge,60,3,Gains In Performance
2012-11-10,58,The Countdown,Lonestar,59,13,Gains In Performance
2012-11-10,59,Find Me A Baby,Josh Turner,NEW,1,Gains In Performance
2012-11-10,60,Airborne Ranger Infantry,Kristy Lee Cook,NEW,1,Gains In Performance
2012-11-17,1,Hard To Love,Lee Brice,1,26,Gains In Performance
2012-11-17,2,Kiss Tomorrow Goodbye,Luke Bryan,2,17,Gains In Performance
2012-11-17,3,The One That Got Away,Jake Owen,4,26,Gains In Performance
2012-11-17,4,Fastest Girl In Town,Miranda Lambert,5,25,Gains In Performance
2012-11-17,5,Lovin' You Is Fun,Easton Corbin,6,38,Gains In Performance
2012-11-17,6,Blown Away,Carrie Underwood,3,21,
2012-11-17,7,Cruise,Florida Georgia Line,9,15,Gains In Performance
2012-11-17,8,Til My Last Day,Justin Moore,11,34,Gains In Performance
2012-11-17,9,Beer Money,Kip Moore,10,20,Gains In Performance
2012-11-17,10,Come Wake Me Up,Rascal Flatts,8,25,Gains In Performance
2012-11-17,11,Creepin',Eric Church,13,20,Gains In Performance
2012-11-17,12,Did It For The Girl,Greg Bates,12,30,Gains In Performance
2012-11-17,13,Goodbye In Her Eyes,Zac Brown Band,15,8,Gains In Performance
2012-11-17,14,Southern Comfort Zone,Brad Paisley,14,7,Gains In Performance
2012-11-17,15,El Cerrito Place,Kenny Chesney,16,8,Gains In Performance
2012-11-17,16,How Country Feels,Randy Houser,17,28,Gains In Performance
2012-11-17,17,Begin Again,Taylor Swift,19,6,Gains In Performance
2012-11-17,18,Every Storm (Runs Out Of Rain),Gary Allan,21,10,Gains In Performance
2012-11-17,19,Tip It On Back,Dierks Bentley,23,12,Gains In Performance
2012-11-17,20,True Believers,Darius Rucker,20,10,Gains In Performance
2012-11-17,21,I Like Girls That Drink Beer,Toby Keith,18,15,
2012-11-17,22,Crying On A Suitcase,Casey James,22,21,Gains In Performance
2012-11-17,23,Beer With Jesus,Thomas Rhett,24,11,Gains In Performance
2012-11-17,24,Tornado,Little Big Town,26,6,Gains In Performance
2012-11-17,25,Merry Go 'round,Kacey Musgraves,27,10,Gains In Performance
2012-11-17,26,Missin' You Crazy,Jon Pardi,25,32,Gains In Performance
2012-11-17,27,Say Goodnight,Eli Young Band,30,12,Gains In Performance
2012-11-17,28,Let There Be Cowgirls,Chris Cagle,29,19,Gains In Performance
2012-11-17,29,Somebody's Heartbreak,Hunter Hayes,32,4,Gains In Performance
2012-11-17,30,Better Dig Two,The Band Perry,NEW,1,Gains In Performance
2012-11-17,31,The Only Way I Know,Jason Aldean With Luke Bryan & Eric Church,34,3,Gains In Performance
2012-11-17,32,American Heart,Faith Hill,31,7,Gains In Performance
2012-11-17,33,I Ain't Your Mama,Maggie Rose,35,20,Gains In Performance
2012-11-17,34,Just Wanna Rock N' Roll,Rodney Atkins,33,22,Gains In Performance
2012-11-17,35,Eighteen Inches,Lauren Alaina,36,16,Gains In Performance
2012-11-17,36,Can't Shake You,Gloriana,37,8,Gains In Performance
2012-11-17,37,Give It All We Got Tonight,George Strait,NEW,1,Gains In Performance
2012-11-17,38,I Can Take It From There,Chris Young,41,3,Gains In Performance
2012-11-17,39,If I Didn't Have You,Thompson Square,46,3,Gains In Performance
2012-11-17,40,One More Sad Song,Randy Rogers Band,38,17,
2012-11-17,41,Musta Had A Good Time,Parmalee,39,18,Gains In Performance
2012-11-17,42,Sorry On The Rocks,Kelleigh Bannen,42,15,Gains In Performance
2012-11-17,43,American Beauty,The Lost Trailers,40,16,Gains In Performance
2012-11-17,44,One Of Those Nights,Tim McGraw,NEW,1,Gains In Performance
2012-11-17,45,Telescope,Hayden Panettiere,51,2,Gains In Performance
2012-11-17,46,More Trucks Than Cars,Craig Morgan,45,10,Gains In Performance
2012-11-17,47,Better In A Black Dress,Katie Armiger,44,22,
2012-11-17,48,More Than Miles,Brantley Gilbert,47,3,Gains In Performance
2012-11-17,49,Outta My Head,Craig Campbell,49,5,Gains In Performance
2012-11-17,50,Hello Goodbye,Tyler Farr,48,10,Gains In Performance
2012-11-17,51,Jesse James,Clay Walker,50,6,Gains In Performance
2012-11-17,52,Back,Colt Ford With Jake Owen,53,15,Gains In Performance
2012-11-17,53,Be Grateful,THE FARM,52,6,
2012-11-17,54,Whiskey,Jana Kramer,56,2,Gains In Performance
2012-11-17,55,Don't Rush,Kelly Clarkson Featuring Vince Gill,NEW,1,Gains In Performance
2012-11-17,56,We Can't Be Friends,Joanna Smith,54,6,Gains In Performance
2012-11-17,57,Find Me A Baby,Josh Turner,59,2,Gains In Performance
2012-11-17,58,Nobody's Sad On A Saturday Night,Uncle Kracker,55,3,
2012-11-17,59,Don't Ya,Brett Eldredge,57,4,
2012-11-17,60,The Countdown,Lonestar,58,14,Gains In Performance
2012-11-24,1,Kiss Tomorrow Goodbye,Luke Bryan,2,18,Gains In Performance
2012-11-24,2,The One That Got Away,Jake Owen,3,27,Gains In Performance
2012-11-24,3,Fastest Girl In Town,Miranda Lambert,4,26,Gains In Performance
2012-11-24,4,Hard To Love,Lee Brice,1,27,
2012-11-24,5,Cruise,Florida Georgia Line,7,16,Gains In Performance
2012-11-24,6,Til My Last Day,Justin Moore,8,35,Gains In Performance
2012-11-24,7,Come Wake Me Up,Rascal Flatts,10,26,Gains In Performance
2012-11-24,8,Beer Money,Kip Moore,9,21,Gains In Performance
2012-11-24,9,Lovin' You Is Fun,Easton Corbin,5,39,
2012-11-24,10,Did It For The Girl,Greg Bates,12,31,Gains In Performance
2012-11-24,11,Creepin',Eric Church,11,21,Gains In Performance
2012-11-24,12,Goodbye In Her Eyes,Zac Brown Band,13,9,Gains In Performance
2012-11-24,13,Southern Comfort Zone,Brad Paisley,14,8,Gains In Performance
2012-11-24,14,El Cerrito Place,Kenny Chesney,15,9,Gains In Performance
2012-11-24,15,How Country Feels,Randy Houser,16,29,Gains In Performance
2012-11-24,16,Begin Again,Taylor Swift,17,7,Gains In Performance
2012-11-24,17,Every Storm (Runs Out Of Rain),Gary Allan,18,11,Gains In Performance
2012-11-24,18,True Believers,Darius Rucker,20,11,Gains In Performance
2012-11-24,19,Tip It On Back,Dierks Bentley,19,13,Gains In Performance
2012-11-24,20,Crying On A Suitcase,Casey James,22,22,Gains In Performance
2012-11-24,21,Beer With Jesus,Thomas Rhett,23,12,Gains In Performance
2012-11-24,22,Tornado,Little Big Town,24,7,Gains In Performance
2012-11-24,23,The Only Way I Know,Jason Aldean With Luke Bryan & Eric Church,31,4,Greatest gainer this week|Gains In Performance
2012-11-24,24,Better Dig Two,The Band Perry,30,2,Gains In Performance
2012-11-24,25,Merry Go 'round,Kacey Musgraves,25,11,Gains In Performance
2012-11-24,26,Somebody's Heartbreak,Hunter Hayes,29,5,Gains In Performance
2012-11-24,27,Missin' You Crazy,Jon Pardi,26,33,Gains In Performance
2012-11-24,28,Say Goodnight,Eli Young Band,27,13,Gains In Performance
2012-11-24,29,Let There Be Cowgirls,Chris Cagle,28,20,Gains In Performance
2012-11-24,30,American Heart,Faith Hill,32,8,Gains In Performance
2012-11-24,31,Just Wanna Rock N' Roll,Rodney Atkins,34,23,Gains In Performance
2012-11-24,32,I Ain't Your Mama,Maggie Rose,33,21,Gains In Performance
2012-11-24,33,One Of Those Nights,Tim McGraw,44,2,Gains In Performance
2012-11-24,34,Eighteen Inches,Lauren Alaina,35,17,Gains In Performance
2012-11-24,35,Give It All We Got Tonight,George Strait,37,2,Gains In Performance
2012-11-24,36,I Can Take It From There,Chris Young,38,4,Gains In Performance
2012-11-24,37,Can't Shake You,Gloriana,36,9,
2012-11-24,38,If I Didn't Have You,Thompson Square,39,4,Gains In Performance
2012-11-24,39,Telescope,Hayden Panettiere,45,3,Gains In Performance
2012-11-24,40,Musta Had A Good Time,Parmalee,41,19,
2012-11-24,41,Sorry On The Rocks,Kelleigh Bannen,42,16,
2012-11-24,42,More Than Miles,Brantley Gilbert,48,4,Gains In Performance
2012-11-24,43,More Trucks Than Cars,Craig Morgan,46,11,Gains In Performance
2012-11-24,44,Whiskey,Jana Kramer,54,3,Gains In Performance
2012-11-24,45,American Beauty,The Lost Trailers,43,17,Gains In Performance
2012-11-24,46,Don't Rush,Kelly Clarkson Featuring Vince Gill,55,2,Gains In Performance
2012-11-24,47,Be Grateful,THE FARM,53,7,Gains In Performance
2012-11-24,48,Hello Goodbye,Tyler Farr,50,11,Gains In Performance
2012-11-24,49,Outta My Head,Craig Campbell,49,6,Gains In Performance
2012-11-24,50,Hope On The Rocks,Toby Keith,NEW,1,Highest ranking debut|Gains In Performance
2012-11-24,51,Airborne Ranger Infantry,Kristy Lee Cook,RE,2,Gains In Performance
2012-11-24,52,Jesse James,Clay Walker,51,7,Gains In Performance
2012-11-24,53,Only God Could Love You More,Jerrod Niemann,NEW,1,Gains In Performance
2012-11-24,54,Back,Colt Ford With Jake Owen,52,16,Gains In Performance
2012-11-24,55,Two Black Cadillacs,Carrie Underwood,NEW,1,Gains In Performance
2012-11-24,56,Find Me A Baby,Josh Turner,57,3,Gains In Performance
2012-11-24,57,She Cranks My Tractor,Dustin Lynch,NEW,1,Gains In Performance
2012-11-24,58,I'll  Keep The Kids,Montgomery Gentry,NEW,1,Gains In Performance
2012-11-24,59,We Can't Be Friends,Joanna Smith,56,7,
2012-11-24,60,Runnin' Out Of Air,Love And Theft,NEW,1,Gains In Performance
2012-12-01,1,Kiss Tomorrow Goodbye,Luke Bryan,1,19,
2012-12-01,2,The One That Got Away,Jake Owen,2,28,Gains In Performance
2012-12-01,3,Cruise,Florida Georgia Line,5,17,Gains In Performance
2012-12-01,4,Fastest Girl In Town,Miranda Lambert,3,27,Gains In Performance
2012-12-01,5,Come Wake Me Up,Rascal Flatts,7,27,Gains In Performance
2012-12-01,6,Til My Last Day,Justin Moore,6,36,Gains In Performance
2012-12-01,7,Beer Money,Kip Moore,8,22,Gains In Performance
2012-12-01,8,Hard To Love,Lee Brice,4,28,
2012-12-01,9,Did It For The Girl,Greg Bates,10,32,Gains In Performance
2012-12-01,10,Goodbye In Her Eyes,Zac Brown Band,12,10,Gains In Performance
2012-12-01,11,Creepin',Eric Church,11,22,Gains In Performance
2012-12-01,12,How Country Feels,Randy Houser,15,30,Gains In Performance
2012-12-01,13,Southern Comfort Zone,Brad Paisley,13,9,Gains In Performance
2012-12-01,14,El Cerrito Place,Kenny Chesney,14,10,Gains In Performance
2012-12-01,15,Begin Again,Taylor Swift,16,8,Gains In Performance
2012-12-01,16,Every Storm (Runs Out Of Rain),Gary Allan,17,12,Gains In Performance
2012-12-01,17,True Believers,Darius Rucker,18,12,Gains In Performance
2012-12-01,18,Tip It On Back,Dierks Bentley,19,14,Gains In Performance
2012-12-01,19,The Only Way I Know,Jason Aldean With Luke Bryan & Eric Church,23,5,Greatest gainer this week|Gains In Performance
2012-12-01,20,Better Dig Two,The Band Perry,24,3,Gains In Performance
2012-12-01,21,Tornado,Little Big Town,22,8,Gains In Performance
2012-12-01,22,Crying On A Suitcase,Casey James,20,23,Gains In Performance
2012-12-01,23,Beer With Jesus,Thomas Rhett,21,13,Gains In Performance
2012-12-01,24,Somebody's Heartbreak,Hunter Hayes,26,6,Gains In Performance
2012-12-01,25,Merry Go 'round,Kacey Musgraves,25,12,Gains In Performance
2012-12-01,26,Missin' You Crazy,Jon Pardi,27,34,Gains In Performance
2012-12-01,27,Let There Be Cowgirls,Chris Cagle,29,21,Gains In Performance
2012-12-01,28,Say Goodnight,Eli Young Band,28,14,
2012-12-01,29,One Of Those Nights,Tim McGraw,33,3,Gains In Performance
2012-12-01,30,American Heart,Faith Hill,30,9,Gains In Performance
2012-12-01,31,Just Wanna Rock N' Roll,Rodney Atkins,31,24,
2012-12-01,32,I Ain't Your Mama,Maggie Rose,32,22,
2012-12-01,33,Give It All We Got Tonight,George Strait,35,3,Gains In Performance
2012-12-01,34,I Can Take It From There,Chris Young,36,5,Gains In Performance
2012-12-01,35,Eighteen Inches,Lauren Alaina,34,18,Gains In Performance
2012-12-01,36,If I Didn't Have You,Thompson Square,38,5,Gains In Performance
2012-12-01,37,Can't Shake You,Gloriana,37,10,Gains In Performance
2012-12-01,38,Two Black Cadillacs,Carrie Underwood,55,2,Gains In Performance
2012-12-01,39,More Than Miles,Brantley Gilbert,42,5,Gains In Performance
2012-12-01,40,Telescope,Hayden Panettiere,39,4,Gains In Performance
2012-12-01,41,More Trucks Than Cars,Craig Morgan,43,12,Gains In Performance
2012-12-01,42,Don't Rush,Kelly Clarkson Featuring Vince Gill,46,3,Gains In Performance
2012-12-01,43,Sorry On The Rocks,Kelleigh Bannen,41,17,
2012-12-01,44,Whiskey,Jana Kramer,44,4,Gains In Performance
2012-12-01,45,Musta Had A Good Time,Parmalee,40,20,
2012-12-01,46,Hope On The Rocks,Toby Keith,50,2,Gains In Performance
2012-12-01,47,American Beauty,The Lost Trailers,45,18,Gains In Performance
2012-12-01,48,Be Grateful,THE FARM,47,8,Gains In Performance
2012-12-01,49,Outta My Head,Craig Campbell,49,7,Gains In Performance
2012-12-01,50,Airborne Ranger Infantry,Kristy Lee Cook,51,3,
2012-12-01,51,She Cranks My Tractor,Dustin Lynch,57,2,Gains In Performance
2012-12-01,52,Hello Goodbye,Tyler Farr,48,12,
2012-12-01,53,I'll  Keep The Kids,Montgomery Gentry,58,2,Gains In Performance
2012-12-01,54,Only God Could Love You More,Jerrod Niemann,53,2,Gains In Performance
2012-12-01,55,Runnin' Out Of Air,Love And Theft,60,2,Gains In Performance
2012-12-01,56,Find Me A Baby,Josh Turner,56,4,Gains In Performance
2012-12-01,57,Nobody's Sad On A Saturday Night,Uncle Kracker,RE,4,Gains In Performance
2012-12-01,58,Back,Colt Ford With Jake Owen,54,17,
2012-12-01,59,Jesse James,Clay Walker,52,8,
2012-12-01,60,Don't Ya,Brett Eldredge,RE,5,Gains In Performance
2012-12-08,1,The One That Got Away,Jake Owen,2,29,Gains In Performance
2012-12-08,2,Cruise,Florida Georgia Line,3,18,Gains In Performance
2012-12-08,3,Kiss Tomorrow Goodbye,Luke Bryan,1,20,
2012-12-08,4,Come Wake Me Up,Rascal Flatts,5,28,Greatest gainer this week|Gains In Performance
2012-12-08,5,Fastest Girl In Town,Miranda Lambert,4,28,
2012-12-08,6,Til My Last Day,Justin Moore,6,37,Gains In Performance
2012-12-08,7,Beer Money,Kip Moore,7,23,Gains In Performance
2012-12-08,8,Goodbye In Her Eyes,Zac Brown Band,10,11,Gains In Performance
2012-12-08,9,Did It For The Girl,Greg Bates,9,33,Gains In Performance
2012-12-08,10,Creepin',Eric Church,11,23,Gains In Performance
2012-12-08,11,How Country Feels,Randy Houser,12,31,Gains In Performance
2012-12-08,12,Southern Comfort Zone,Brad Paisley,13,10,Gains In Performance
2012-12-08,13,El Cerrito Place,Kenny Chesney,14,11,Gains In Performance
2012-12-08,14,Begin Again,Taylor Swift,15,9,Gains In Performance
2012-12-08,15,Every Storm (Runs Out Of Rain),Gary Allan,16,13,Gains In Performance
2012-12-08,16,The Only Way I Know,Jason Aldean With Luke Bryan & Eric Church,19,6,Gains In Performance
2012-12-08,17,Tip It On Back,Dierks Bentley,18,15,Gains In Performance
2012-12-08,18,Better Dig Two,The Band Perry,20,4,Gains In Performance
2012-12-08,19,True Believers,Darius Rucker,17,13,Gains In Performance
2012-12-08,20,Tornado,Little Big Town,21,9,Gains In Performance
2012-12-08,21,Beer With Jesus,Thomas Rhett,23,14,
2012-12-08,22,Crying On A Suitcase,Casey James,22,24,Gains In Performance
2012-12-08,23,Somebody's Heartbreak,Hunter Hayes,24,7,Gains In Performance
2012-12-08,24,Merry Go 'round,Kacey Musgraves,25,13,Gains In Performance
2012-12-08,25,One Of Those Nights,Tim McGraw,29,4,Gains In Performance
2012-12-08,26,Missin' You Crazy,Jon Pardi,26,35,
2012-12-08,27,Let There Be Cowgirls,Chris Cagle,27,22,Gains In Performance
2012-12-08,28,Say Goodnight,Eli Young Band,28,15,Gains In Performance
2012-12-08,29,American Heart,Faith Hill,30,10,Gains In Performance
2012-12-08,30,I Ain't Your Mama,Maggie Rose,32,23,Gains In Performance
2012-12-08,31,Give It All We Got Tonight,George Strait,33,4,Gains In Performance
2012-12-08,32,Two Black Cadillacs,Carrie Underwood,38,3,Gains In Performance
2012-12-08,33,If I Didn't Have You,Thompson Square,36,6,Gains In Performance
2012-12-08,34,I Can Take It From There,Chris Young,34,6,Gains In Performance
2012-12-08,35,Can't Shake You,Gloriana,37,11,Gains In Performance
2012-12-08,36,Eighteen Inches,Lauren Alaina,35,19,
2012-12-08,37,Telescope,Hayden Panettiere,40,5,Gains In Performance
2012-12-08,38,More Than Miles,Brantley Gilbert,39,6,Gains In Performance
2012-12-08,39,She Cranks My Tractor,Dustin Lynch,51,3,Gains In Performance
2012-12-08,40,Don't Rush,Kelly Clarkson Featuring Vince Gill,42,4,Gains In Performance
2012-12-08,41,Whiskey,Jana Kramer,44,5,Gains In Performance
2012-12-08,42,More Trucks Than Cars,Craig Morgan,41,13,Gains In Performance
2012-12-08,43,Hope On The Rocks,Toby Keith,46,3,Gains In Performance
2012-12-08,44,Sorry On The Rocks,Kelleigh Bannen,43,18,Gains In Performance
2012-12-08,45,Be Grateful,THE FARM,48,9,Gains In Performance
2012-12-08,46,American Beauty,The Lost Trailers,47,19,Gains In Performance
2012-12-08,47,Outta My Head,Craig Campbell,49,8,Gains In Performance
2012-12-08,48,Only God Could Love You More,Jerrod Niemann,54,3,Gains In Performance
2012-12-08,49,I'll  Keep The Kids,Montgomery Gentry,53,3,Gains In Performance
2012-12-08,50,Runnin' Out Of Air,Love And Theft,55,3,Gains In Performance
2012-12-08,51,Find Me A Baby,Josh Turner,56,5,Gains In Performance
2012-12-08,52,Don't Ya,Brett Eldredge,60,6,Gains In Performance
2012-12-08,53,Back,Colt Ford With Jake Owen,58,18,
2012-12-08,54,Nobody's Sad On A Saturday Night,Uncle Kracker,57,5,
2012-12-08,55,Hello Goodbye,Tyler Farr,52,13,
2012-12-08,56,Jesse James,Clay Walker,59,9,
2012-12-08,57,Jingle Bell Rock,Blake Shelton Featuring Miranda Lambert,NEW,1,Highest ranking debut|Gains In Performance
2012-12-08,58,Forever,Aaron Lewis,NEW,1,
2012-12-08,59,Someone Like You,David Nail,RE,9,Gains In Performance
2012-12-08,60,We Can't Be Friends,Joanna Smith,RE,8,
2012-12-15,1,Cruise,Florida Georgia Line,2,19,Gains In Performance
2012-12-15,2,The One That Got Away,Jake Owen,1,30,
2012-12-15,3,Til My Last Day,Justin Moore,6,38,Gains In Performance
2012-12-15,4,Kiss Tomorrow Goodbye,Luke Bryan,3,21,
2012-12-15,5,Beer Money,Kip Moore,7,24,Gains In Performance
2012-12-15,6,Goodbye In Her Eyes,Zac Brown Band,8,12,Gains In Performance
2012-12-15,7,Come Wake Me Up,Rascal Flatts,4,29,
2012-12-15,8,Fastest Girl In Town,Miranda Lambert,5,29,
2012-12-15,9,Did It For The Girl,Greg Bates,9,34,Gains In Performance
2012-12-15,10,How Country Feels,Randy Houser,11,32,Gains In Performance
2012-12-15,11,Creepin',Eric Church,10,24,Gains In Performance
2012-12-15,12,Southern Comfort Zone,Brad Paisley,12,11,Gains In Performance
2012-12-15,13,El Cerrito Place,Kenny Chesney,13,12,Gains In Performance
2012-12-15,14,Begin Again,Taylor Swift,14,10,Gains In Performance
2012-12-15,15,Every Storm (Runs Out Of Rain),Gary Allan,15,14,Gains In Performance
2012-12-15,16,The Only Way I Know,Jason Aldean With Luke Bryan & Eric Church,16,7,Gains In Performance
2012-12-15,17,Better Dig Two,The Band Perry,18,5,Gains In Performance
2012-12-15,18,Tip It On Back,Dierks Bentley,17,16,Gains In Performance
2012-12-15,19,Tornado,Little Big Town,20,10,Gains In Performance
2012-12-15,20,True Believers,Darius Rucker,19,14,Gains In Performance
2012-12-15,21,One Of Those Nights,Tim McGraw,25,5,Gains In Performance
2012-12-15,22,Beer With Jesus,Thomas Rhett,21,15,Gains In Performance
2012-12-15,23,Somebody's Heartbreak,Hunter Hayes,23,8,Gains In Performance
2012-12-15,24,Crying On A Suitcase,Casey James,22,25,
2012-12-15,25,Merry Go 'round,Kacey Musgraves,24,14,Gains In Performance
2012-12-15,26,Let There Be Cowgirls,Chris Cagle,27,23,Gains In Performance
2012-12-15,27,Two Black Cadillacs,Carrie Underwood,32,4,Greatest gainer this week|Gains In Performance
2012-12-15,28,Say Goodnight,Eli Young Band,28,16,Gains In Performance
2012-12-15,29,If I Didn't Have You,Thompson Square,33,7,Gains In Performance
2012-12-15,30,Give It All We Got Tonight,George Strait,31,5,Gains In Performance
2012-12-15,31,American Heart,Faith Hill,29,11,Gains In Performance
2012-12-15,32,I Ain't Your Mama,Maggie Rose,30,24,Gains In Performance
2012-12-15,33,I Can Take It From There,Chris Young,34,7,Gains In Performance
2012-12-15,34,Can't Shake You,Gloriana,35,12,Gains In Performance
2012-12-15,35,She Cranks My Tractor,Dustin Lynch,39,4,Gains In Performance
2012-12-15,36,Hope On The Rocks,Toby Keith,43,4,Gains In Performance
2012-12-15,37,Eighteen Inches,Lauren Alaina,36,20,
2012-12-15,38,More Than Miles,Brantley Gilbert,38,7,Gains In Performance
2012-12-15,39,Whiskey,Jana Kramer,41,6,Gains In Performance
2012-12-15,40,Don't Rush,Kelly Clarkson Featuring Vince Gill,40,5,Gains In Performance
2012-12-15,41,Telescope,Hayden Panettiere,37,6,
2012-12-15,42,More Trucks Than Cars,Craig Morgan,42,14,
2012-12-15,43,Be Grateful,THE FARM,45,10,Gains In Performance
2012-12-15,44,Outta My Head,Craig Campbell,47,9,Gains In Performance
2012-12-15,45,Jingle Bell Rock,Blake Shelton Featuring Miranda Lambert,57,2,Gains In Performance
2012-12-15,46,Only God Could Love You More,Jerrod Niemann,48,4,Gains In Performance
2012-12-15,47,I'll  Keep The Kids,Montgomery Gentry,49,4,Gains In Performance
2012-12-15,48,Sorry On The Rocks,Kelleigh Bannen,44,19,
2012-12-15,49,Don't Ya,Brett Eldredge,52,7,Gains In Performance
2012-12-15,50,Runnin' Out Of Air,Love And Theft,50,4,Gains In Performance
2012-12-15,51,American Beauty,The Lost Trailers,46,20,
2012-12-15,52,Nobody's Sad On A Saturday Night,Uncle Kracker,54,6,Gains In Performance
2012-12-15,53,I Drive Your Truck,Lee Brice,NEW,1,Highest ranking debut|Gains In Performance
2012-12-15,54,A Holly Jolly Christmas,Lady Antebellum,NEW,1,Gains In Performance
2012-12-15,55,Find Me A Baby,Josh Turner,51,6,
2012-12-15,56,Back,Colt Ford With Jake Owen,53,19,Gains In Performance
2012-12-15,57,Moonshine Road,Kix Brooks,NEW,1,Gains In Performance
2012-12-15,58,I Will Wait,Mumford & Sons,NEW,1,Gains In Performance
2012-12-15,59,Forever,Aaron Lewis,58,2,
2012-12-15,60,Home To Me,Sarah Darling,NEW,1,Gains In Performance
2012-12-22,1,Cruise,Florida Georgia Line,1,20,Gains In Performance
2012-12-22,2,Til My Last Day,Justin Moore,3,39,Gains In Performance
2012-12-22,3,Goodbye In Her Eyes,Zac Brown Band,6,13,Greatest gainer this week|Gains In Performance
2012-12-22,4,Beer Money,Kip Moore,5,25,Gains In Performance
2012-12-22,5,Did It For The Girl,Greg Bates,9,35,Gains In Performance
2012-12-22,6,Kiss Tomorrow Goodbye,Luke Bryan,4,22,
2012-12-22,7,Creepin',Eric Church,11,25,Gains In Performance
2012-12-22,8,How Country Feels,Randy Houser,10,33,Gains In Performance
2012-12-22,9,The One That Got Away,Jake Owen,2,31,
2012-12-22,10,Southern Comfort Zone,Brad Paisley,12,12,Gains In Performance
2012-12-22,11,El Cerrito Place,Kenny Chesney,13,13,Gains In Performance
2012-12-22,12,Every Storm (Runs Out Of Rain),Gary Allan,15,15,Gains In Performance
2012-12-22,13,The Only Way I Know,Jason Aldean With Luke Bryan & Eric Church,16,8,Gains In Performance
2012-12-22,14,Begin Again,Taylor Swift,14,11,Gains In Performance
2012-12-22,15,Better Dig Two,The Band Perry,17,6,Gains In Performance
2012-12-22,16,Tip It On Back,Dierks Bentley,18,17,Gains In Performance
2012-12-22,17,Tornado,Little Big Town,19,11,Gains In Performance
2012-12-22,18,One Of Those Nights,Tim McGraw,21,6,Gains In Performance
2012-12-22,19,True Believers,Darius Rucker,20,15,Gains In Performance
2012-12-22,20,Somebody's Heartbreak,Hunter Hayes,23,9,Gains In Performance
2012-12-22,21,Beer With Jesus,Thomas Rhett,22,16,Gains In Performance
2012-12-22,22,Merry Go 'round,Kacey Musgraves,25,15,Gains In Performance
2012-12-22,23,Two Black Cadillacs,Carrie Underwood,27,5,Gains In Performance
2012-12-22,24,Crying On A Suitcase,Casey James,24,26,Gains In Performance
2012-12-22,25,Let There Be Cowgirls,Chris Cagle,26,24,Gains In Performance
2012-12-22,26,Say Goodnight,Eli Young Band,28,17,Gains In Performance
2012-12-22,27,If I Didn't Have You,Thompson Square,29,8,Gains In Performance
2012-12-22,28,American Heart,Faith Hill,31,12,Gains In Performance
2012-12-22,29,Give It All We Got Tonight,George Strait,30,6,Gains In Performance
2012-12-22,30,I Can Take It From There,Chris Young,33,8,Gains In Performance
2012-12-22,31,She Cranks My Tractor,Dustin Lynch,35,5,Gains In Performance
2012-12-22,32,I Ain't Your Mama,Maggie Rose,32,25,
2012-12-22,33,Hope On The Rocks,Toby Keith,36,5,Gains In Performance
2012-12-22,34,Can't Shake You,Gloriana,34,13,Gains In Performance
2012-12-22,35,More Than Miles,Brantley Gilbert,38,8,Gains In Performance
2012-12-22,36,I Drive Your Truck,Lee Brice,53,2,Gains In Performance
2012-12-22,37,Don't Rush,Kelly Clarkson Featuring Vince Gill,40,6,Gains In Performance
2012-12-22,38,Telescope,Hayden Panettiere,41,7,Gains In Performance
2012-12-22,39,Whiskey,Jana Kramer,39,7,
2012-12-22,40,More Trucks Than Cars,Craig Morgan,42,15,Gains In Performance
2012-12-22,41,Jingle Bell Rock,Blake Shelton Featuring Miranda Lambert,45,3,Gains In Performance
2012-12-22,42,Be Grateful,THE FARM,43,11,Gains In Performance
2012-12-22,43,Only God Could Love You More,Jerrod Niemann,46,5,Gains In Performance
2012-12-22,44,Outta My Head,Craig Campbell,44,10,Gains In Performance
2012-12-22,45,Runnin' Out Of Air,Love And Theft,50,5,Gains In Performance
2012-12-22,46,I'll  Keep The Kids,Montgomery Gentry,47,5,Gains In Performance
2012-12-22,47,Don't Ya,Brett Eldredge,49,8,Gains In Performance
2012-12-22,48,A Holly Jolly Christmas,Lady Antebellum,54,2,Gains In Performance
2012-12-22,49,Moonshine Road,Kix Brooks,57,2,Gains In Performance
2012-12-22,50,Nobody's Sad On A Saturday Night,Uncle Kracker,52,7,Gains In Performance
2012-12-22,51,Find Me A Baby,Josh Turner,55,7,Gains In Performance
2012-12-22,52,Get Your Shine On,Florida Georgia Line,NEW,1,Highest ranking debut|Gains In Performance
2012-12-22,53,Back,Colt Ford With Jake Owen,56,20,Gains In Performance
2012-12-22,54,I Will Wait,Mumford & Sons,58,2,Gains In Performance
2012-12-22,55,Home To Me,Sarah Darling,60,2,Gains In Performance
2012-12-22,56,Forever,Aaron Lewis,59,3,Gains In Performance
2012-12-22,57,Home,Blake Shelton Featuring Michael Buble,NEW,1,Gains In Performance
2012-12-22,58,Starshine,Sweetwater Rain,NEW,1,Gains In Performance
2012-12-22,59,Party Like Cowboyz,Big & Rich,NEW,1,Gains In Performance
2012-12-22,60,Bruises,Train Featuring Ashley Monroe,NEW,1,
2012-12-29,1,Cruise,Florida Georgia Line,1,21,
2012-12-29,2,Til My Last Day,Justin Moore,2,40,Gains In Performance
2012-12-29,3,Beer Money,Kip Moore,4,26,Greatest gainer this week|Gains In Performance
2012-12-29,4,Goodbye In Her Eyes,Zac Brown Band,3,14,Gains In Performance
2012-12-29,5,Creepin',Eric Church,7,26,Gains In Performance
2012-12-29,6,How Country Feels,Randy Houser,8,34,Gains In Performance
2012-12-29,7,Did It For The Girl,Greg Bates,5,36,
2012-12-29,8,Southern Comfort Zone,Brad Paisley,10,13,Gains In Performance
2012-12-29,9,Every Storm (Runs Out Of Rain),Gary Allan,12,16,Gains In Performance
2012-12-29,10,El Cerrito Place,Kenny Chesney,11,14,Gains In Performance
2012-12-29,11,The Only Way I Know,Jason Aldean With Luke Bryan & Eric Church,13,9,Gains In Performance
2012-12-29,12,Begin Again,Taylor Swift,14,12,Gains In Performance
2012-12-29,13,Better Dig Two,The Band Perry,15,7,Gains In Performance
2012-12-29,14,Tip It On Back,Dierks Bentley,16,18,Gains In Performance
2012-12-29,15,One Of Those Nights,Tim McGraw,18,7,Gains In Performance
2012-12-29,16,Tornado,Little Big Town,17,12,Gains In Performance
2012-12-29,17,Somebody's Heartbreak,Hunter Hayes,20,10,Gains In Performance
2012-12-29,18,Two Black Cadillacs,Carrie Underwood,23,6,Gains In Performance
2012-12-29,19,True Believers,Darius Rucker,19,16,
2012-12-29,20,Beer With Jesus,Thomas Rhett,21,17,Gains In Performance
2012-12-29,21,Merry Go 'round,Kacey Musgraves,22,16,Gains In Performance
2012-12-29,22,Crying On A Suitcase,Casey James,24,27,Gains In Performance
2012-12-29,23,Let There Be Cowgirls,Chris Cagle,25,25,Gains In Performance
2012-12-29,24,Say Goodnight,Eli Young Band,26,18,Gains In Performance
2012-12-29,25,If I Didn't Have You,Thompson Square,27,9,Gains In Performance
2012-12-29,26,American Heart,Faith Hill,28,13,Gains In Performance
2012-12-29,27,Give It All We Got Tonight,George Strait,29,7,Gains In Performance
2012-12-29,28,I Can Take It From There,Chris Young,30,9,Gains In Performance
2012-12-29,29,She Cranks My Tractor,Dustin Lynch,31,6,Gains In Performance
2012-12-29,30,I Drive Your Truck,Lee Brice,36,3,Gains In Performance
2012-12-29,31,I Ain't Your Mama,Maggie Rose,32,26,Gains In Performance
2012-12-29,32,Hope On The Rocks,Toby Keith,33,6,Gains In Performance
2012-12-29,33,Can't Shake You,Gloriana,34,14,Gains In Performance
2012-12-29,34,More Than Miles,Brantley Gilbert,35,9,Gains In Performance
2012-12-29,35,Telescope,Hayden Panettiere,38,8,Gains In Performance
2012-12-29,36,Don't Rush,Kelly Clarkson Featuring Vince Gill,37,7,Gains In Performance
2012-12-29,37,Jingle Bell Rock,Blake Shelton Featuring Miranda Lambert,41,4,Gains In Performance
2012-12-29,38,Only God Could Love You More,Jerrod Niemann,43,6,Gains In Performance
2012-12-29,39,Whiskey,Jana Kramer,39,8,Gains In Performance
2012-12-29,40,More Trucks Than Cars,Craig Morgan,40,16,Gains In Performance
2012-12-29,41,A Holly Jolly Christmas,Lady Antebellum,48,3,Gains In Performance
2012-12-29,42,Outta My Head,Craig Campbell,44,11,Gains In Performance
2012-12-29,43,Be Grateful,THE FARM,42,12,Gains In Performance
2012-12-29,44,Don't Ya,Brett Eldredge,47,9,Gains In Performance
2012-12-29,45,Runnin' Out Of Air,Love And Theft,45,6,Gains In Performance
2012-12-29,46,I'll  Keep The Kids,Montgomery Gentry,46,6,Gains In Performance
2012-12-29,47,Nobody's Sad On A Saturday Night,Uncle Kracker,50,8,Gains In Performance
2012-12-29,48,Moonshine Road,Kix Brooks,49,3,Gains In Performance
2012-12-29,49,Find Me A Baby,Josh Turner,51,8,Gains In Performance
2012-12-29,50,Get Your Shine On,Florida Georgia Line,52,2,Gains In Performance
2012-12-29,51,American Beautiful,The Henningsens,NEW,1,Highest ranking debut|Gains In Performance
2012-12-29,52,I Will Wait,Mumford & Sons,54,3,Gains In Performance
2012-12-29,53,Home,Blake Shelton Featuring Michael Buble,57,2,Gains In Performance
2012-12-29,54,Home To Me,Sarah Darling,55,3,Gains In Performance
2012-12-29,55,Starshine,Sweetwater Rain,58,2,Gains In Performance
2012-12-29,56,Forever,Aaron Lewis,56,4,Gains In Performance
2012-12-29,57,Let It Snow! Let It Snow! Let It Snow!,Blake Shelton,NEW,1,Gains In Performance
2012-12-29,58,Party Like Cowboyz,Big & Rich,59,2,Gains In Performance
2012-12-29,59,Blue Christmas,Blake Shelton Featuring Pistol Annies,NEW,1,Gains In Performance
2012-12-29,60,Bruises,Train Featuring Ashley Monroe,60,2,
2013-01-05,1,Til My Last Day,Justin Moore,2,41,Gains In Performance
2013-01-05,2,Goodbye In Her Eyes,Zac Brown Band,4,15,Gains In Performance
2013-01-05,3,Beer Money,Kip Moore,3,27,
2013-01-05,4,Cruise,Florida Georgia Line,1,22,
2013-01-05,5,How Country Feels,Randy Houser,6,35,Gains In Performance
2013-01-05,6,Every Storm (Runs Out Of Rain),Gary Allan,9,17,Gains In Performance
2013-01-05,7,Southern Comfort Zone,Brad Paisley,8,14,Gains In Performance
2013-01-05,8,The Only Way I Know,Jason Aldean With Luke Bryan & Eric Church,11,10,Gains In Performance
2013-01-05,9,Creepin',Eric Church,5,27,
2013-01-05,10,Begin Again,Taylor Swift,12,13,Gains In Performance
2013-01-05,11,Did It For The Girl,Greg Bates,7,37,
2013-01-05,12,El Cerrito Place,Kenny Chesney,10,15,
2013-01-05,13,Better Dig Two,The Band Perry,13,8,
2013-01-05,14,Tip It On Back,Dierks Bentley,14,19,Gains In Performance
2013-01-05,15,One Of Those Nights,Tim McGraw,15,8,Gains In Performance
2013-01-05,16,Tornado,Little Big Town,16,13,Gains In Performance
2013-01-05,17,Somebody's Heartbreak,Hunter Hayes,17,11,Greatest gainer this week|Gains In Performance
2013-01-05,18,Two Black Cadillacs,Carrie Underwood,18,7,Gains In Performance
2013-01-05,19,Crying On A Suitcase,Casey James,22,28,Gains In Performance
2013-01-05,20,Merry Go 'round,Kacey Musgraves,21,17,Gains In Performance
2013-01-05,21,Beer With Jesus,Thomas Rhett,20,18,
2013-01-05,22,Let There Be Cowgirls,Chris Cagle,23,26,Gains In Performance
2013-01-05,23,If I Didn't Have You,Thompson Square,25,10,Gains In Performance
2013-01-05,24,Say Goodnight,Eli Young Band,24,19,Gains In Performance
2013-01-05,25,I Drive Your Truck,Lee Brice,30,4,Gains In Performance
2013-01-05,26,True Believers,Darius Rucker,19,17,
2013-01-05,27,Give It All We Got Tonight,George Strait,27,8,Gains In Performance
2013-01-05,28,I Can Take It From There,Chris Young,28,10,Gains In Performance
2013-01-05,29,She Cranks My Tractor,Dustin Lynch,29,7,Gains In Performance
2013-01-05,30,American Heart,Faith Hill,26,14,
2013-01-05,31,I Ain't Your Mama,Maggie Rose,31,27,Gains In Performance
2013-01-05,32,Hope On The Rocks,Toby Keith,32,7,Gains In Performance
2013-01-05,33,Can't Shake You,Gloriana,33,15,Gains In Performance
2013-01-05,34,Jingle Bell Rock,Blake Shelton Featuring Miranda Lambert,37,5,Gains In Performance
2013-01-05,35,More Than Miles,Brantley Gilbert,34,10,Gains In Performance
2013-01-05,36,Whiskey,Jana Kramer,39,9,Gains In Performance
2013-01-05,37,Don't Rush,Kelly Clarkson Featuring Vince Gill,36,8,Gains In Performance
2013-01-05,38,Telescope,Hayden Panettiere,35,9,
2013-01-05,39,A Holly Jolly Christmas,Lady Antebellum,41,4,Gains In Performance
2013-01-05,40,Only God Could Love You More,Jerrod Niemann,38,7,Gains In Performance
2013-01-05,41,Get Your Shine On,Florida Georgia Line,50,3,Gains In Performance
2013-01-05,42,Be Grateful,THE FARM,43,13,Gains In Performance
2013-01-05,43,More Trucks Than Cars,Craig Morgan,40,17,Gains In Performance
2013-01-05,44,Don't Ya,Brett Eldredge,44,10,Gains In Performance
2013-01-05,45,Runnin' Out Of Air,Love And Theft,45,7,Gains In Performance
2013-01-05,46,Outta My Head,Craig Campbell,42,12,
2013-01-05,47,American Beautiful,The Henningsens,51,2,Gains In Performance
2013-01-05,48,I'll  Keep The Kids,Montgomery Gentry,46,7,Gains In Performance
2013-01-05,49,Home,Blake Shelton Featuring Michael Buble,53,3,Gains In Performance
2013-01-05,50,Nobody's Sad On A Saturday Night,Uncle Kracker,47,9,Gains In Performance
2013-01-05,51,Moonshine Road,Kix Brooks,48,4,Gains In Performance
2013-01-05,52,Changed,Rascal Flatts,NEW,1,Highest ranking debut|Gains In Performance
2013-01-05,53,Find Me A Baby,Josh Turner,49,9,Gains In Performance
2013-01-05,54,Mama's Broken Heart,Miranda Lambert,NEW,1,Gains In Performance
2013-01-05,55,Home To Me,Sarah Darling,54,4,Gains In Performance
2013-01-05,56,Forever,Aaron Lewis,56,5,Gains In Performance
2013-01-05,57,I Will Wait,Mumford & Sons,52,4,
2013-01-05,58,Bruises,Train Featuring Ashley Monroe,60,3,Gains In Performance
2013-01-05,59,Starshine,Sweetwater Rain,55,3,
2013-01-05,60,Party Like Cowboyz,Big & Rich,58,3,Gains In Performance
2013-01-12,1,Goodbye In Her Eyes,Zac Brown Band,2,16,Gains In Performance
2013-01-12,2,Til My Last Day,Justin Moore,1,42,
2013-01-12,3,Cruise,Florida Georgia Line,4,23,
2013-01-12,4,Beer Money,Kip Moore,3,28,
2013-01-12,5,How Country Feels,Randy Houser,5,36,
2013-01-12,6,Every Storm (Runs Out Of Rain),Gary Allan,6,18,
2013-01-12,7,Southern Comfort Zone,Brad Paisley,7,15,
2013-01-12,8,The Only Way I Know,Jason Aldean With Luke Bryan & Eric Church,8,11,
2013-01-12,9,Better Dig Two,The Band Perry,13,9,
2013-01-12,10,Begin Again,Taylor Swift,10,14,
2013-01-12,11,Tip It On Back,Dierks Bentley,14,20,
2013-01-12,12,One Of Those Nights,Tim McGraw,15,9,
2013-01-12,13,El Cerrito Place,Kenny Chesney,12,16,
2013-01-12,14,Somebody's Heartbreak,Hunter Hayes,17,12,
2013-01-12,15,Tornado,Little Big Town,16,14,
2013-01-12,16,Did It For The Girl,Greg Bates,11,38,
2013-01-12,17,Creepin',Eric Church,9,28,
2013-01-12,18,Two Black Cadillacs,Carrie Underwood,18,8,
2013-01-12,19,Crying On A Suitcase,Casey James,19,29,
2013-01-12,20,Merry Go 'round,Kacey Musgraves,20,18,
2013-01-12,21,Beer With Jesus,Thomas Rhett,21,19,
2013-01-12,22,Let There Be Cowgirls,Chris Cagle,22,27,
2013-01-12,23,If I Didn't Have You,Thompson Square,23,11,
2013-01-12,24,I Drive Your Truck,Lee Brice,25,5,Gains In Performance
2013-01-12,25,Say Goodnight,Eli Young Band,24,20,
2013-01-12,26,Give It All We Got Tonight,George Strait,27,9,
2013-01-12,27,She Cranks My Tractor,Dustin Lynch,29,8,
2013-01-12,28,I Can Take It From There,Chris Young,28,11,
2013-01-12,29,American Heart,Faith Hill,30,15,
2013-01-12,30,I Ain't Your Mama,Maggie Rose,31,28,
2013-01-12,31,Hope On The Rocks,Toby Keith,32,8,
2013-01-12,32,True Believers,Darius Rucker,26,18,
2013-01-12,33,Can't Shake You,Gloriana,33,16,
2013-01-12,34,Jingle Bell Rock,Blake Shelton Featuring Miranda Lambert,34,6,
2013-01-12,35,More Than Miles,Brantley Gilbert,35,11,
2013-01-12,36,Telescope,Hayden Panettiere,38,10,Gains In Performance
2013-01-12,37,A Holly Jolly Christmas,Lady Antebellum,39,5,Gains In Performance
2013-01-12,38,Whiskey,Jana Kramer,36,10,
2013-01-12,39,Get Your Shine On,Florida Georgia Line,41,4,Gains In Performance
2013-01-12,40,Don't Rush,Kelly Clarkson Featuring Vince Gill,37,9,
2013-01-12,41,Only God Could Love You More,Jerrod Niemann,40,8,
2013-01-12,42,Be Grateful,THE FARM,42,14,
2013-01-12,43,American Beautiful,The Henningsens,47,3,Gains In Performance
2013-01-12,44,There's A New Kid In Town,Blake Shelton Featuring Kelly Clarkson,NEW,1,Highest ranking debut|Gains In Performance
2013-01-12,45,Home,Blake Shelton Featuring Michael Buble,49,4,Gains In Performance
2013-01-12,46,More Trucks Than Cars,Craig Morgan,43,18,
2013-01-12,47,Runnin' Out Of Air,Love And Theft,45,8,Gains In Performance
2013-01-12,48,Outta My Head,Craig Campbell,46,13,
2013-01-12,49,Don't Ya,Brett Eldredge,44,11,
2013-01-12,50,Changed,Rascal Flatts,52,2,Gains In Performance
2013-01-12,51,I'll  Keep The Kids,Montgomery Gentry,48,8,
2013-01-12,52,The Christmas Song,Blake Shelton,NEW,1,Gains In Performance
2013-01-12,53,Jingle Bells,Scotty McCreery,NEW,1,Gains In Performance
2013-01-12,54,The Very Best Time Of Year,Blake Shelton Featuring Trypta-Phunk,NEW,1,Gains In Performance
2013-01-12,55,Mama's Broken Heart,Miranda Lambert,54,2,Gains In Performance
2013-01-12,56,Find Me A Baby,Josh Turner,53,10,
2013-01-12,57,Nobody's Sad On A Saturday Night,Uncle Kracker,50,10,
2013-01-12,58,Moonshine Road,Kix Brooks,51,5,
2013-01-12,59,Let It Snow,Scotty McCreery,NEW,1,Gains In Performance
2013-01-12,60,"Go, Tell It On The Mountain",Hunter Hayes,NEW,1,Gains In Performance
2013-01-19,1,Goodbye In Her Eyes,Zac Brown Band,1,17,Gains In Performance
2013-01-19,2,Til My Last Day,Justin Moore,2,43,Gains In Performance
2013-01-19,3,How Country Feels,Randy Houser,5,37,Gains In Performance
2013-01-19,4,Cruise,Florida Georgia Line,3,24,Gains In Performance
2013-01-19,5,Beer Money,Kip Moore,4,29,Gains In Performance
2013-01-19,6,Every Storm (Runs Out Of Rain),Gary Allan,6,19,Greatest gainer this week|Gains In Performance
2013-01-19,7,The Only Way I Know,Jason Aldean With Luke Bryan & Eric Church,8,12,Gains In Performance
2013-01-19,8,Southern Comfort Zone,Brad Paisley,7,16,Gains In Performance
2013-01-19,9,Better Dig Two,The Band Perry,9,10,Gains In Performance
2013-01-19,10,Begin Again,Taylor Swift,10,15,Gains In Performance
2013-01-19,11,Tip It On Back,Dierks Bentley,11,21,Gains In Performance
2013-01-19,12,One Of Those Nights,Tim McGraw,12,10,Gains In Performance
2013-01-19,13,Tornado,Little Big Town,15,15,Gains In Performance
2013-01-19,14,Somebody's Heartbreak,Hunter Hayes,14,13,Gains In Performance
2013-01-19,15,El Cerrito Place,Kenny Chesney,13,17,Gains In Performance
2013-01-19,16,Two Black Cadillacs,Carrie Underwood,18,9,Gains In Performance
2013-01-19,17,Merry Go 'round,Kacey Musgraves,20,19,Gains In Performance
2013-01-19,18,Crying On A Suitcase,Casey James,19,30,Gains In Performance
2013-01-19,19,Beer With Jesus,Thomas Rhett,21,20,Gains In Performance
2013-01-19,20,Let There Be Cowgirls,Chris Cagle,22,28,Gains In Performance
2013-01-19,21,If I Didn't Have You,Thompson Square,23,12,Gains In Performance
2013-01-19,22,I Drive Your Truck,Lee Brice,24,6,Gains In Performance
2013-01-19,23,Say Goodnight,Eli Young Band,25,21,Gains In Performance
2013-01-19,24,I Can Take It From There,Chris Young,28,12,Gains In Performance
2013-01-19,25,Give It All We Got Tonight,George Strait,26,10,Gains In Performance
2013-01-19,26,She Cranks My Tractor,Dustin Lynch,27,9,Gains In Performance
2013-01-19,27,American Heart,Faith Hill,29,16,Gains In Performance
2013-01-19,28,Hope On The Rocks,Toby Keith,31,9,Gains In Performance
2013-01-19,29,I Ain't Your Mama,Maggie Rose,30,29,Gains In Performance
2013-01-19,30,More Than Miles,Brantley Gilbert,35,12,Gains In Performance
2013-01-19,31,Can't Shake You,Gloriana,33,17,Gains In Performance
2013-01-19,32,Sure Be Cool If You Did,Blake Shelton,NEW,1,Highest ranking debut|Gains In Performance
2013-01-19,33,Telescope,Hayden Panettiere,36,11,Gains In Performance
2013-01-19,34,Whiskey,Jana Kramer,38,11,Gains In Performance
2013-01-19,35,Don't Rush,Kelly Clarkson Featuring Vince Gill,40,10,Gains In Performance
2013-01-19,36,Only God Could Love You More,Jerrod Niemann,41,9,Gains In Performance
2013-01-19,37,Get Your Shine On,Florida Georgia Line,39,5,Gains In Performance
2013-01-19,38,American Beautiful,The Henningsens,43,4,Gains In Performance
2013-01-19,39,Be Grateful,THE FARM,42,15,Gains In Performance
2013-01-19,40,More Trucks Than Cars,Craig Morgan,46,19,Gains In Performance
2013-01-19,41,Mama's Broken Heart,Miranda Lambert,55,3,Gains In Performance
2013-01-19,42,Runnin' Out Of Air,Love And Theft,47,9,Gains In Performance
2013-01-19,43,Changed,Rascal Flatts,50,3,Gains In Performance
2013-01-19,44,Outta My Head,Craig Campbell,48,14,Gains In Performance
2013-01-19,45,Don't Ya,Brett Eldredge,49,12,Gains In Performance
2013-01-19,46,I'll  Keep The Kids,Montgomery Gentry,51,9,Gains In Performance
2013-01-19,47,Find Me A Baby,Josh Turner,56,11,Gains In Performance
2013-01-19,48,Nobody's Sad On A Saturday Night,Uncle Kracker,57,11,Gains In Performance
2013-01-19,49,Moonshine Road,Kix Brooks,58,6,Gains In Performance
2013-01-19,50,Forever,Aaron Lewis,RE,6,Gains In Performance
2013-01-19,51,Wagon Wheel,Darius Rucker,NEW,1,Gains In Performance
2013-01-19,52,Bruises,Train Featuring Ashley Monroe,RE,4,Gains In Performance
2013-01-19,53,Anywhere With You,Jake Owen,NEW,1,Gains In Performance
2013-01-19,54,I Will Wait,Mumford & Sons,RE,5,Gains In Performance
2013-01-19,55,Home To Me,Sarah Darling,RE,5,Gains In Performance
2013-01-19,56,Starshine,Sweetwater Rain,RE,4,Gains In Performance
2013-01-19,57,Party Like Cowboyz,Big & Rich,RE,4,Gains In Performance
2013-01-19,58,Like Jesus Does,Eric Church,NEW,1,Gains In Performance
2013-01-19,59,All Over The Road,Easton Corbin,NEW,1,Gains In Performance
2013-01-19,60,Hey Pretty Girl,Kip Moore,NEW,1,Gains In Performance
2013-01-26,1,Goodbye In Her Eyes,Zac Brown Band,1,18,Gains In Performance
2013-01-26,2,How Country Feels,Randy Houser,3,38,Gains In Performance
2013-01-26,3,Every Storm (Runs Out Of Rain),Gary Allan,6,20,Gains In Performance
2013-01-26,4,The Only Way I Know,Jason Aldean With Luke Bryan & Eric Church,7,13,Gains In Performance
2013-01-26,5,Southern Comfort Zone,Brad Paisley,8,17,Gains In Performance
2013-01-26,6,Better Dig Two,The Band Perry,9,11,Gains In Performance
2013-01-26,7,Beer Money,Kip Moore,5,30,
2013-01-26,8,Til My Last Day,Justin Moore,2,44,
2013-01-26,9,One Of Those Nights,Tim McGraw,12,11,Gains In Performance
2013-01-26,10,Begin Again,Taylor Swift,10,16,Gains In Performance
2013-01-26,11,Tip It On Back,Dierks Bentley,11,22,Gains In Performance
2013-01-26,12,Tornado,Little Big Town,13,16,Gains In Performance
2013-01-26,13,Two Black Cadillacs,Carrie Underwood,16,10,Gains In Performance
2013-01-26,14,Somebody's Heartbreak,Hunter Hayes,14,14,Gains In Performance
2013-01-26,15,Merry Go 'round,Kacey Musgraves,17,20,Gains In Performance
2013-01-26,16,Crying On A Suitcase,Casey James,18,31,Gains In Performance
2013-01-26,17,Let There Be Cowgirls,Chris Cagle,20,29,Gains In Performance
2013-01-26,18,El Cerrito Place,Kenny Chesney,15,18,
2013-01-26,19,Beer With Jesus,Thomas Rhett,19,21,Gains In Performance
2013-01-26,20,If I Didn't Have You,Thompson Square,21,13,Gains In Performance
2013-01-26,21,I Drive Your Truck,Lee Brice,22,7,Gains In Performance
2013-01-26,22,Sure Be Cool If You Did,Blake Shelton,32,2,Greatest gainer this week|Gains In Performance
2013-01-26,23,I Can Take It From There,Chris Young,24,13,Gains In Performance
2013-01-26,24,Say Goodnight,Eli Young Band,23,22,Gains In Performance
2013-01-26,25,Give It All We Got Tonight,George Strait,25,11,Gains In Performance
2013-01-26,26,She Cranks My Tractor,Dustin Lynch,26,10,Gains In Performance
2013-01-26,27,Hope On The Rocks,Toby Keith,28,10,Gains In Performance
2013-01-26,28,American Heart,Faith Hill,27,17,Gains In Performance
2013-01-26,29,More Than Miles,Brantley Gilbert,30,13,Gains In Performance
2013-01-26,30,Can't Shake You,Gloriana,31,18,Gains In Performance
2013-01-26,31,Mama's Broken Heart,Miranda Lambert,41,4,Gains In Performance
2013-01-26,32,Whiskey,Jana Kramer,34,12,Gains In Performance
2013-01-26,33,American Beautiful,The Henningsens,38,5,Gains In Performance
2013-01-26,34,Get Your Shine On,Florida Georgia Line,37,6,Gains In Performance
2013-01-26,35,Telescope,Hayden Panettiere,33,12,
2013-01-26,36,Don't Rush,Kelly Clarkson Featuring Vince Gill,35,11,
2013-01-26,37,Only God Could Love You More,Jerrod Niemann,36,10,
2013-01-26,38,Changed,Rascal Flatts,43,4,Gains In Performance
2013-01-26,39,Be Grateful,THE FARM,39,16,Gains In Performance
2013-01-26,40,More Trucks Than Cars,Craig Morgan,40,20,Gains In Performance
2013-01-26,41,Outta My Head,Craig Campbell,44,15,Gains In Performance
2013-01-26,42,Wagon Wheel,Darius Rucker,51,2,Gains In Performance
2013-01-26,43,Runnin' Out Of Air,Love And Theft,42,10,
2013-01-26,44,Like Jesus Does,Eric Church,58,2,Gains In Performance
2013-01-26,45,I'll  Keep The Kids,Montgomery Gentry,46,10,Gains In Performance
2013-01-26,46,Don't Ya,Brett Eldredge,45,13,Gains In Performance
2013-01-26,47,Anywhere With You,Jake Owen,53,2,Gains In Performance
2013-01-26,48,Nobody's Sad On A Saturday Night,Uncle Kracker,48,12,
2013-01-26,49,Find Me A Baby,Josh Turner,47,12,
2013-01-26,50,Moonshine Road,Kix Brooks,49,7,
2013-01-26,51,All Over The Road,Easton Corbin,59,2,Gains In Performance
2013-01-26,52,Bruises,Train Featuring Ashley Monroe,52,5,Gains In Performance
2013-01-26,53,Forever,Aaron Lewis,50,7,
2013-01-26,54,Home To Me,Sarah Darling,55,6,
2013-01-26,55,Hey Pretty Girl,Kip Moore,60,2,Gains In Performance
2013-01-26,56,Starshine,Sweetwater Rain,56,5,
2013-01-26,57,Party Like Cowboyz,Big & Rich,57,5,
2013-01-26,58,All Too Well,Taylor Swift,NEW,1,Highest ranking debut|Gains In Performance
2013-01-26,59,I Will Wait,Mumford & Sons,54,6,
2013-01-26,60,Could It Be,Charlie Worsham,NEW,1,Gains In Performance
2013-02-02,1,How Country Feels,Randy Houser,2,39,Gains In Performance
2013-02-02,2,Every Storm (Runs Out Of Rain),Gary Allan,3,21,Gains In Performance
2013-02-02,3,The Only Way I Know,Jason Aldean With Luke Bryan & Eric Church,4,14,Gains In Performance
2013-02-02,4,Goodbye In Her Eyes,Zac Brown Band,1,19,
2013-02-02,5,Better Dig Two,The Band Perry,6,12,Gains In Performance
2013-02-02,6,Southern Comfort Zone,Brad Paisley,5,18,Gains In Performance
2013-02-02,7,One Of Those Nights,Tim McGraw,9,12,Gains In Performance
2013-02-02,8,Begin Again,Taylor Swift,10,17,Gains In Performance
2013-02-02,9,Tip It On Back,Dierks Bentley,11,23,Gains In Performance
2013-02-02,10,Tornado,Little Big Town,12,17,Gains In Performance
2013-02-02,11,Two Black Cadillacs,Carrie Underwood,13,11,Gains In Performance
2013-02-02,12,Somebody's Heartbreak,Hunter Hayes,14,15,Gains In Performance
2013-02-02,13,Merry Go 'round,Kacey Musgraves,15,21,Gains In Performance
2013-02-02,14,Sure Be Cool If You Did,Blake Shelton,22,3,Gains In Performance
2013-02-02,15,Crying On A Suitcase,Casey James,16,32,Gains In Performance
2013-02-02,16,I Drive Your Truck,Lee Brice,21,8,Gains In Performance
2013-02-02,17,Let There Be Cowgirls,Chris Cagle,17,30,Gains In Performance
2013-02-02,18,If I Didn't Have You,Thompson Square,20,14,Gains In Performance
2013-02-02,19,Beer With Jesus,Thomas Rhett,19,22,
2013-02-02,20,I Can Take It From There,Chris Young,23,14,Gains In Performance
2013-02-02,21,Give It All We Got Tonight,George Strait,25,12,Gains In Performance
2013-02-02,22,Say Goodnight,Eli Young Band,24,23,
2013-02-02,23,She Cranks My Tractor,Dustin Lynch,26,11,Gains In Performance
2013-02-02,24,Hope On The Rocks,Toby Keith,27,11,Gains In Performance
2013-02-02,25,Mama's Broken Heart,Miranda Lambert,31,5,Gains In Performance
2013-02-02,26,American Heart,Faith Hill,28,18,
2013-02-02,27,More Than Miles,Brantley Gilbert,29,14,Gains In Performance
2013-02-02,28,El Cerrito Place,Kenny Chesney,18,19,
2013-02-02,29,Get Your Shine On,Florida Georgia Line,34,7,Gains In Performance
2013-02-02,30,American Beautiful,The Henningsens,33,6,Gains In Performance
2013-02-02,31,Can't Shake You,Gloriana,30,19,
2013-02-02,32,Whiskey,Jana Kramer,32,13,
2013-02-02,33,Don't Rush,Kelly Clarkson Featuring Vince Gill,36,12,Gains In Performance
2013-02-02,34,Changed,Rascal Flatts,38,5,Gains In Performance
2013-02-02,35,Telescope,Hayden Panettiere,35,13,
2013-02-02,36,More Trucks Than Cars,Craig Morgan,40,21,Gains In Performance
2013-02-02,37,Only God Could Love You More,Jerrod Niemann,37,11,Gains In Performance
2013-02-02,38,Wagon Wheel,Darius Rucker,42,3,Gains In Performance
2013-02-02,39,Be Grateful,THE FARM,39,17,
2013-02-02,40,Outta My Head,Craig Campbell,41,16,Gains In Performance
2013-02-02,41,Anywhere With You,Jake Owen,47,3,Gains In Performance
2013-02-02,42,Runnin' Out Of Air,Love And Theft,43,11,Gains In Performance
2013-02-02,43,Like Jesus Does,Eric Church,44,3,Gains In Performance
2013-02-02,44,Don't Ya,Brett Eldredge,46,14,Gains In Performance
2013-02-02,45,I'll  Keep The Kids,Montgomery Gentry,45,11,
2013-02-02,46,All Over The Road,Easton Corbin,51,3,Gains In Performance
2013-02-02,47,Nobody's Sad On A Saturday Night,Uncle Kracker,48,13,Gains In Performance
2013-02-02,48,Find Me A Baby,Josh Turner,49,13,Gains In Performance
2013-02-02,49,Bruises,Train Featuring Ashley Monroe,52,6,Gains In Performance
2013-02-02,50,Could It Be,Charlie Worsham,60,2,Gains In Performance
2013-02-02,51,Moonshine Road,Kix Brooks,50,8,
2013-02-02,52,Home To Me,Sarah Darling,54,7,Gains In Performance
2013-02-02,53,Forever,Aaron Lewis,53,8,
2013-02-02,54,Hey Pretty Girl,Kip Moore,55,3,Gains In Performance
2013-02-02,55,Keep On,Eric Church,NEW,1,Highest ranking debut|Gains In Performance
2013-02-02,56,Starshine,Sweetwater Rain,56,6,
2013-02-02,57,Party Like Cowboyz,Big & Rich,57,6,
2013-02-02,58,Night Train,Jason Aldean,NEW,1,Gains In Performance
2013-02-02,59,Jump Right In,Zac Brown Band,NEW,1,Gains In Performance
2013-02-02,60,I Will Wait,Mumford & Sons,59,7,
2013-02-09,1,Every Storm (Runs Out Of Rain),Gary Allan,2,22,Gains In Performance
2013-02-09,2,The Only Way I Know,Jason Aldean With Luke Bryan & Eric Church,3,15,Gains In Performance
2013-02-09,3,Better Dig Two,The Band Perry,5,13,Gains In Performance
2013-02-09,4,How Country Feels,Randy Houser,1,40,
2013-02-09,5,Southern Comfort Zone,Brad Paisley,6,19,Gains In Performance
2013-02-09,6,One Of Those Nights,Tim McGraw,7,13,Gains In Performance
2013-02-09,7,Tip It On Back,Dierks Bentley,9,24,Gains In Performance
2013-02-09,8,Begin Again,Taylor Swift,8,18,Gains In Performance
2013-02-09,9,Tornado,Little Big Town,10,18,Gains In Performance
2013-02-09,10,Two Black Cadillacs,Carrie Underwood,11,12,Gains In Performance
2013-02-09,11,Somebody's Heartbreak,Hunter Hayes,12,16,Gains In Performance
2013-02-09,12,Sure Be Cool If You Did,Blake Shelton,14,4,Gains In Performance
2013-02-09,13,Merry Go 'round,Kacey Musgraves,13,22,Gains In Performance
2013-02-09,14,I Drive Your Truck,Lee Brice,16,9,Gains In Performance
2013-02-09,15,Crying On A Suitcase,Casey James,15,33,Gains In Performance
2013-02-09,16,Let There Be Cowgirls,Chris Cagle,17,31,Gains In Performance
2013-02-09,17,If I Didn't Have You,Thompson Square,18,15,Gains In Performance
2013-02-09,18,I Can Take It From There,Chris Young,20,15,Gains In Performance
2013-02-09,19,Give It All We Got Tonight,George Strait,21,13,Gains In Performance
2013-02-09,20,Mama's Broken Heart,Miranda Lambert,25,6,Gains In Performance
2013-02-09,21,Hope On The Rocks,Toby Keith,24,12,Gains In Performance
2013-02-09,22,She Cranks My Tractor,Dustin Lynch,23,12,Gains In Performance
2013-02-09,23,Get Your Shine On,Florida Georgia Line,29,8,Gains In Performance
2013-02-09,24,More Than Miles,Brantley Gilbert,27,15,Gains In Performance
2013-02-09,25,Downtown,Lady Antebellum,NEW,1,Gains In Performance
2013-02-09,26,American Heart,Faith Hill,26,19,
2013-02-09,27,Whiskey,Jana Kramer,32,14,Gains In Performance
2013-02-09,28,Can't Shake You,Gloriana,31,20,Gains In Performance
2013-02-09,29,American Beautiful,The Henningsens,30,7,Gains In Performance
2013-02-09,30,Changed,Rascal Flatts,34,6,Gains In Performance
2013-02-09,31,Don't Rush,Kelly Clarkson Featuring Vince Gill,33,13,Gains In Performance
2013-02-09,32,Like Jesus Does,Eric Church,43,4,Gains In Performance
2013-02-09,33,Only God Could Love You More,Jerrod Niemann,37,12,Gains In Performance
2013-02-09,34,Wagon Wheel,Darius Rucker,38,4,Gains In Performance
2013-02-09,35,Anywhere With You,Jake Owen,41,4,Gains In Performance
2013-02-09,36,Outta My Head,Craig Campbell,40,17,Gains In Performance
2013-02-09,37,Be Grateful,THE FARM,39,18,Gains In Performance
2013-02-09,38,Runnin' Out Of Air,Love And Theft,42,12,Gains In Performance
2013-02-09,39,Don't Ya,Brett Eldredge,44,15,Gains In Performance
2013-02-09,40,I'll  Keep The Kids,Montgomery Gentry,45,12,Gains In Performance
2013-02-09,41,All Over The Road,Easton Corbin,46,4,Gains In Performance
2013-02-09,42,Find Me A Baby,Josh Turner,48,14,Gains In Performance
2013-02-09,43,Nobody's Sad On A Saturday Night,Uncle Kracker,47,14,
2013-02-09,44,Hey Pretty Girl,Kip Moore,54,4,Gains In Performance
2013-02-09,45,Moonshine Road,Kix Brooks,51,9,Gains In Performance
2013-02-09,46,Could It Be,Charlie Worsham,50,3,Gains In Performance
2013-02-09,47,Forever,Aaron Lewis,53,9,Gains In Performance
2013-02-09,48,Bruises,Train Featuring Ashley Monroe,49,7,
2013-02-09,49,Home To Me,Sarah Darling,52,8,
2013-02-09,50,I Will Wait,Mumford & Sons,60,8,Gains In Performance
2013-02-09,51,Starshine,Sweetwater Rain,56,7,Gains In Performance
2013-02-09,52,Night Train,Jason Aldean,58,2,Gains In Performance
2013-02-09,53,It's All Good,Austin Webb,NEW,1,Gains In Performance
2013-02-09,54,Jump Right In,Zac Brown Band,59,2,
2013-02-09,55,How She Rolls,Chase Rice,NEW,1,Gains In Performance
2013-02-09,56,Better I Don't,Chris Janson,NEW,1,Gains In Performance
2013-02-09,57,Hungover & Hard Up,Eric Church,NEW,1,Gains In Performance
2013-02-09,58,Keep On,Eric Church,55,2,
2013-02-09,59,If You Want Some,Joel Crouse,NEW,1,Gains In Performance
2013-02-09,60,Love You For A Long Time,High Valley,RE,2,
2013-02-16,1,The Only Way I Know,Jason Aldean With Luke Bryan & Eric Church,2,16,Gains In Performance
2013-02-16,2,Every Storm (Runs Out Of Rain),Gary Allan,1,23,
2013-02-16,3,Better Dig Two,The Band Perry,3,14,Gains In Performance
2013-02-16,4,Southern Comfort Zone,Brad Paisley,5,20,Gains In Performance
2013-02-16,5,One Of Those Nights,Tim McGraw,6,14,Gains In Performance
2013-02-16,6,Tornado,Little Big Town,9,19,Gains In Performance
2013-02-16,7,How Country Feels,Randy Houser,4,41,
2013-02-16,8,Begin Again,Taylor Swift,8,19,Gains In Performance
2013-02-16,9,Tip It On Back,Dierks Bentley,7,25,Gains In Performance
2013-02-16,10,Two Black Cadillacs,Carrie Underwood,10,13,Gains In Performance
2013-02-16,11,Somebody's Heartbreak,Hunter Hayes,11,17,Gains In Performance
2013-02-16,12,Sure Be Cool If You Did,Blake Shelton,12,5,Gains In Performance
2013-02-16,13,Merry Go 'round,Kacey Musgraves,13,23,Gains In Performance
2013-02-16,14,I Drive Your Truck,Lee Brice,14,10,Gains In Performance
2013-02-16,15,Crying On A Suitcase,Casey James,15,34,Gains In Performance
2013-02-16,16,If I Didn't Have You,Thompson Square,17,16,Gains In Performance
2013-02-16,17,Let There Be Cowgirls,Chris Cagle,16,32,Gains In Performance
2013-02-16,18,I Can Take It From There,Chris Young,18,16,Gains In Performance
2013-02-16,19,Give It All We Got Tonight,George Strait,19,14,Gains In Performance
2013-02-16,20,Downtown,Lady Antebellum,25,2,Gains In Performance
2013-02-16,21,Mama's Broken Heart,Miranda Lambert,20,7,Gains In Performance
2013-02-16,22,Pirate Flag,Kenny Chesney,NEW,1,Highest ranking debut|Gains In Performance
2013-02-16,23,Hope On The Rocks,Toby Keith,21,13,Gains In Performance
2013-02-16,24,She Cranks My Tractor,Dustin Lynch,22,13,Gains In Performance
2013-02-16,25,Get Your Shine On,Florida Georgia Line,23,9,Gains In Performance
2013-02-16,26,More Than Miles,Brantley Gilbert,24,16,Gains In Performance
2013-02-16,27,Like Jesus Does,Eric Church,32,5,Gains In Performance
2013-02-16,28,Changed,Rascal Flatts,30,7,Gains In Performance
2013-02-16,29,American Beautiful,The Henningsens,29,8,Gains In Performance
2013-02-16,30,Whiskey,Jana Kramer,27,15,Gains In Performance
2013-02-16,31,Can't Shake You,Gloriana,28,21,Gains In Performance
2013-02-16,32,Don't Rush,Kelly Clarkson Featuring Vince Gill,31,14,Gains In Performance
2013-02-16,33,Wagon Wheel,Darius Rucker,34,5,Gains In Performance
2013-02-16,34,Anywhere With You,Jake Owen,35,5,Gains In Performance
2013-02-16,35,Only God Could Love You More,Jerrod Niemann,33,13,Gains In Performance
2013-02-16,36,More Trucks Than Cars,Craig Morgan,RE,22,Gains In Performance
2013-02-16,37,Hey Pretty Girl,Kip Moore,44,5,Gains In Performance
2013-02-16,38,Be Grateful,THE FARM,37,19,Gains In Performance
2013-02-16,39,All Over The Road,Easton Corbin,41,5,Gains In Performance
2013-02-16,40,Runnin' Out Of Air,Love And Theft,38,13,Gains In Performance
2013-02-16,41,Don't Ya,Brett Eldredge,39,16,Gains In Performance
2013-02-16,42,Outta My Head,Craig Campbell,36,18,
2013-02-16,43,I'll  Keep The Kids,Montgomery Gentry,40,13,Gains In Performance
2013-02-16,44,Find Me A Baby,Josh Turner,42,15,Gains In Performance
2013-02-16,45,Nobody's Sad On A Saturday Night,Uncle Kracker,43,15,Gains In Performance
2013-02-16,46,Could It Be,Charlie Worsham,46,4,Gains In Performance
2013-02-16,47,Forever,Aaron Lewis,47,10,Gains In Performance
2013-02-16,48,Moonshine Road,Kix Brooks,45,10,
2013-02-16,49,I Will Wait,Mumford & Sons,50,9,Gains In Performance
2013-02-16,50,Home To Me,Sarah Darling,49,9,Gains In Performance
2013-02-16,51,Bruises,Train Featuring Ashley Monroe,48,8,Gains In Performance
2013-02-16,52,Starshine,Sweetwater Rain,51,8,
2013-02-16,53,Pretty Little Lie,Blackberry Smoke,NEW,1,Gains In Performance
2013-02-16,54,If You Want Some,Joel Crouse,59,2,Gains In Performance
2013-02-16,55,It's All Good,Austin Webb,53,2,Gains In Performance
2013-02-16,56,Better I Don't,Chris Janson,56,2,Gains In Performance
2013-02-16,57,Night Train,Jason Aldean,52,3,
2013-02-16,58,Carolina,Parmalee,NEW,1,Gains In Performance
2013-02-16,59,Redneck Crazy,Tyler Farr,NEW,1,Gains In Performance
2013-02-16,60,Hungover & Hard Up,Eric Church,57,2,
2013-02-23,1,Better Dig Two,The Band Perry,3,15,Gains In Performance
2013-02-23,2,Southern Comfort Zone,Brad Paisley,4,21,Gains In Performance
2013-02-23,3,One Of Those Nights,Tim McGraw,5,15,Gains In Performance
2013-02-23,4,The Only Way I Know,Jason Aldean With Luke Bryan & Eric Church,1,17,
2013-02-23,5,Every Storm (Runs Out Of Rain),Gary Allan,2,24,
2013-02-23,6,Begin Again,Taylor Swift,8,20,Gains In Performance
2013-02-23,7,Tornado,Little Big Town,6,20,Gains In Performance
2013-02-23,8,Tip It On Back,Dierks Bentley,9,26,Gains In Performance
2013-02-23,9,Two Black Cadillacs,Carrie Underwood,10,14,Gains In Performance
2013-02-23,10,Somebody's Heartbreak,Hunter Hayes,11,18,Gains In Performance
2013-02-23,11,Sure Be Cool If You Did,Blake Shelton,12,6,Gains In Performance
2013-02-23,12,I Drive Your Truck,Lee Brice,14,11,Gains In Performance
2013-02-23,13,Merry Go 'round,Kacey Musgraves,13,24,Gains In Performance
2013-02-23,14,Crying On A Suitcase,Casey James,15,35,Gains In Performance
2013-02-23,15,If I Didn't Have You,Thompson Square,16,17,Gains In Performance
2013-02-23,16,Downtown,Lady Antebellum,20,3,Gains In Performance
2013-02-23,17,I Can Take It From There,Chris Young,18,17,Gains In Performance
2013-02-23,18,Let There Be Cowgirls,Chris Cagle,17,33,
2013-02-23,19,Give It All We Got Tonight,George Strait,19,15,Gains In Performance
2013-02-23,20,Pirate Flag,Kenny Chesney,22,2,Gains In Performance
2013-02-23,21,Mama's Broken Heart,Miranda Lambert,21,8,Gains In Performance
2013-02-23,22,Hope On The Rocks,Toby Keith,23,14,Gains In Performance
2013-02-23,23,Get Your Shine On,Florida Georgia Line,25,10,Gains In Performance
2013-02-23,24,She Cranks My Tractor,Dustin Lynch,24,14,Gains In Performance
2013-02-23,25,More Than Miles,Brantley Gilbert,26,17,Gains In Performance
2013-02-23,26,Like Jesus Does,Eric Church,27,6,Gains In Performance
2013-02-23,27,Changed,Rascal Flatts,28,8,Gains In Performance
2013-02-23,28,American Beautiful,The Henningsens,29,9,Gains In Performance
2013-02-23,29,Whiskey,Jana Kramer,30,16,Gains In Performance
2013-02-23,30,Can't Shake You,Gloriana,31,22,Gains In Performance
2013-02-23,31,Wagon Wheel,Darius Rucker,33,6,Gains In Performance
2013-02-23,32,Don't Rush,Kelly Clarkson Featuring Vince Gill,32,15,
2013-02-23,33,Hey Pretty Girl,Kip Moore,37,6,Gains In Performance
2013-02-23,34,Anywhere With You,Jake Owen,34,6,Gains In Performance
2013-02-23,35,Only God Could Love You More,Jerrod Niemann,35,14,
2013-02-23,36,More Trucks Than Cars,Craig Morgan,36,23,
2013-02-23,37,Runnin' Out Of Air,Love And Theft,40,14,Gains In Performance
2013-02-23,38,Be Grateful,THE FARM,38,20,Gains In Performance
2013-02-23,39,All Over The Road,Easton Corbin,39,6,Gains In Performance
2013-02-23,40,Don't Ya,Brett Eldredge,41,17,Gains In Performance
2013-02-23,41,Outta My Head,Craig Campbell,42,19,Gains In Performance
2013-02-23,42,I'll  Keep The Kids,Montgomery Gentry,43,14,Gains In Performance
2013-02-23,43,Highway Don't Care,Tim McGraw With Taylor Swift,NEW,1,Highest ranking debut|Gains In Performance
2013-02-23,44,Find Me A Baby,Josh Turner,44,16,Gains In Performance
2013-02-23,45,Nobody's Sad On A Saturday Night,Uncle Kracker,45,16,
2013-02-23,46,I Will Wait,Mumford & Sons,49,10,Gains In Performance
2013-02-23,47,Forever,Aaron Lewis,47,11,Gains In Performance
2013-02-23,48,Could It Be,Charlie Worsham,46,5,Gains In Performance
2013-02-23,49,Home To Me,Sarah Darling,50,10,Gains In Performance
2013-02-23,50,Moonshine Road,Kix Brooks,48,11,
2013-02-23,51,Bruises,Train Featuring Ashley Monroe,51,9,Gains In Performance
2013-02-23,52,Starshine,Sweetwater Rain,52,9,Gains In Performance
2013-02-23,53,Pretty Little Lie,Blackberry Smoke,53,2,Gains In Performance
2013-02-23,54,Better I Don't,Chris Janson,56,3,Gains In Performance
2013-02-23,55,If You Want Some,Joel Crouse,54,3,Gains In Performance
2013-02-23,56,Fill In The Blank,Greg Bates,NEW,1,Gains In Performance
2013-02-23,57,Carolina,Parmalee,58,2,Gains In Performance
2013-02-23,58,It's All Good,Austin Webb,55,3,Gains In Performance
2013-02-23,59,Pieces,Gary Allan,NEW,1,Gains In Performance
2013-02-23,60,Ho Hey,The Lumineers,NEW,1,Gains In Performance
2013-03-02,1,Better Dig Two,The Band Perry,1,16,Gains In Performance
2013-03-02,2,One Of Those Nights,Tim McGraw,3,16,Gains In Performance
2013-03-02,3,Tornado,Little Big Town,7,21,Gains In Performance
2013-03-02,4,Begin Again,Taylor Swift,6,21,Gains In Performance
2013-03-02,5,Tip It On Back,Dierks Bentley,8,27,Gains In Performance
2013-03-02,6,The Only Way I Know,Jason Aldean With Luke Bryan & Eric Church,4,18,
2013-03-02,7,Every Storm (Runs Out Of Rain),Gary Allan,5,25,
2013-03-02,8,Two Black Cadillacs,Carrie Underwood,9,15,Gains In Performance
2013-03-02,9,Somebody's Heartbreak,Hunter Hayes,10,19,Gains In Performance
2013-03-02,10,Sure Be Cool If You Did,Blake Shelton,11,7,Gains In Performance
2013-03-02,11,I Drive Your Truck,Lee Brice,12,12,Gains In Performance
2013-03-02,12,Merry Go 'round,Kacey Musgraves,13,25,Gains In Performance
2013-03-02,13,Downtown,Lady Antebellum,16,4,Gains In Performance
2013-03-02,14,If I Didn't Have You,Thompson Square,15,18,Gains In Performance
2013-03-02,15,I Can Take It From There,Chris Young,17,18,Gains In Performance
2013-03-02,16,Pirate Flag,Kenny Chesney,20,3,Gains In Performance
2013-03-02,17,Give It All We Got Tonight,George Strait,19,16,Gains In Performance
2013-03-02,18,Mama's Broken Heart,Miranda Lambert,21,9,Gains In Performance
2013-03-02,19,Get Your Shine On,Florida Georgia Line,23,11,Gains In Performance
2013-03-02,20,Hope On The Rocks,Toby Keith,22,15,Gains In Performance
2013-03-02,21,She Cranks My Tractor,Dustin Lynch,24,15,Gains In Performance
2013-03-02,22,More Than Miles,Brantley Gilbert,25,18,Gains In Performance
2013-03-02,23,Like Jesus Does,Eric Church,26,7,Gains In Performance
2013-03-02,24,American Beautiful,The Henningsens,28,10,Gains In Performance
2013-03-02,25,Changed,Rascal Flatts,27,9,Gains In Performance
2013-03-02,26,Can't Shake You,Gloriana,30,23,Gains In Performance
2013-03-02,27,Whiskey,Jana Kramer,29,17,Gains In Performance
2013-03-02,28,Wagon Wheel,Darius Rucker,31,7,Gains In Performance
2013-03-02,29,Hey Pretty Girl,Kip Moore,33,7,Gains In Performance
2013-03-02,30,Anywhere With You,Jake Owen,34,7,Gains In Performance
2013-03-02,31,Don't Rush,Kelly Clarkson Featuring Vince Gill,32,16,Gains In Performance
2013-03-02,32,Only God Could Love You More,Jerrod Niemann,35,15,Gains In Performance
2013-03-02,33,More Trucks Than Cars,Craig Morgan,36,24,Gains In Performance
2013-03-02,34,All Over The Road,Easton Corbin,39,7,Gains In Performance
2013-03-02,35,Runnin' Out Of Air,Love And Theft,37,15,Gains In Performance
2013-03-02,36,Highway Don't Care,Tim McGraw With Taylor Swift,43,2,Gains In Performance
2013-03-02,37,Don't Ya,Brett Eldredge,40,18,Gains In Performance
2013-03-02,38,Be Grateful,THE FARM,38,21,Gains In Performance
2013-03-02,39,I'll  Keep The Kids,Montgomery Gentry,42,15,Gains In Performance
2013-03-02,40,Outta My Head,Craig Campbell,41,20,Gains In Performance
2013-03-02,41,I Will Wait,Mumford & Sons,46,11,Gains In Performance
2013-03-02,42,Could It Be,Charlie Worsham,48,6,Gains In Performance
2013-03-02,43,Forever,Aaron Lewis,47,12,Gains In Performance
2013-03-02,44,Home To Me,Sarah Darling,49,11,Gains In Performance
2013-03-02,45,Nobody's Sad On A Saturday Night,Uncle Kracker,45,17,
2013-03-02,46,Find Me A Baby,Josh Turner,44,17,
2013-03-02,47,Bruises,Train Featuring Ashley Monroe,51,10,Gains In Performance
2013-03-02,48,Pieces,Gary Allan,59,2,Gains In Performance
2013-03-02,49,If You Want Some,Joel Crouse,55,4,Gains In Performance
2013-03-02,50,Pretty Little Lie,Blackberry Smoke,53,3,Gains In Performance
2013-03-02,51,Fill In The Blank,Greg Bates,56,2,Gains In Performance
2013-03-02,52,Better I Don't,Chris Janson,54,4,Gains In Performance
2013-03-02,53,Starshine,Sweetwater Rain,52,10,Gains In Performance
2013-03-02,54,Carolina,Parmalee,57,3,Gains In Performance
2013-03-02,55,It's All Good,Austin Webb,58,4,Gains In Performance
2013-03-02,56,Runnin' Outta Moonlight,Randy Houser,NEW,1,Highest ranking debut|Gains In Performance
2013-03-02,57,Ho Hey,The Lumineers,60,2,Gains In Performance
2013-03-02,58,Playin With Fire,Katie Armiger,NEW,1,Gains In Performance
2013-03-02,59,Cheat On You,Big & Rich,NEW,1,Gains In Performance
2013-03-02,60,1994,Jason Aldean,NEW,1,Gains In Performance
2013-03-09,1,One Of Those Nights,Tim McGraw,2,17,Gains In Performance
2013-03-09,2,Better Dig Two,The Band Perry,1,17,
2013-03-09,3,Begin Again,Taylor Swift,4,22,Greatest gainer this week|Gains In Performance
2013-03-09,4,Tornado,Little Big Town,3,22,Gains In Performance
2013-03-09,5,Tip It On Back,Dierks Bentley,5,28,Gains In Performance
2013-03-09,6,Two Black Cadillacs,Carrie Underwood,8,16,Gains In Performance
2013-03-09,7,Sure Be Cool If You Did,Blake Shelton,10,8,Gains In Performance
2013-03-09,8,Somebody's Heartbreak,Hunter Hayes,9,20,Gains In Performance
2013-03-09,9,The Only Way I Know,Jason Aldean With Luke Bryan & Eric Church,6,19,
2013-03-09,10,I Drive Your Truck,Lee Brice,11,13,Gains In Performance
2013-03-09,11,Merry Go 'round,Kacey Musgraves,12,26,Gains In Performance
2013-03-09,12,Downtown,Lady Antebellum,13,5,Gains In Performance
2013-03-09,13,If I Didn't Have You,Thompson Square,14,19,Gains In Performance
2013-03-09,14,Pirate Flag,Kenny Chesney,16,4,Gains In Performance
2013-03-09,15,I Can Take It From There,Chris Young,15,19,Gains In Performance
2013-03-09,16,Give It All We Got Tonight,George Strait,17,17,Gains In Performance
2013-03-09,17,Mama's Broken Heart,Miranda Lambert,18,10,Gains In Performance
2013-03-09,18,Get Your Shine On,Florida Georgia Line,19,12,Gains In Performance
2013-03-09,19,Hope On The Rocks,Toby Keith,20,16,Gains In Performance
2013-03-09,20,She Cranks My Tractor,Dustin Lynch,21,16,Gains In Performance
2013-03-09,21,More Than Miles,Brantley Gilbert,22,19,Gains In Performance
2013-03-09,22,Like Jesus Does,Eric Church,23,8,Gains In Performance
2013-03-09,23,American Beautiful,The Henningsens,24,11,Gains In Performance
2013-03-09,24,Changed,Rascal Flatts,25,10,Gains In Performance
2013-03-09,25,Can't Shake You,Gloriana,26,24,Gains In Performance
2013-03-09,26,Whiskey,Jana Kramer,27,18,Gains In Performance
2013-03-09,27,Wagon Wheel,Darius Rucker,28,8,Gains In Performance
2013-03-09,28,Hey Pretty Girl,Kip Moore,29,8,Gains In Performance
2013-03-09,29,Anywhere With You,Jake Owen,30,8,Gains In Performance
2013-03-09,30,Don't Rush,Kelly Clarkson Featuring Vince Gill,31,17,Gains In Performance
2013-03-09,31,Only God Could Love You More,Jerrod Niemann,32,16,Gains In Performance
2013-03-09,32,Highway Don't Care,Tim McGraw With Taylor Swift,36,3,Gains In Performance
2013-03-09,33,All Over The Road,Easton Corbin,34,8,Gains In Performance
2013-03-09,34,More Trucks Than Cars,Craig Morgan,33,25,Gains In Performance
2013-03-09,35,Don't Ya,Brett Eldredge,37,19,Gains In Performance
2013-03-09,36,Runnin' Out Of Air,Love And Theft,35,16,Gains In Performance
2013-03-09,37,Be Grateful,THE FARM,38,22,Gains In Performance
2013-03-09,38,I'll  Keep The Kids,Montgomery Gentry,39,16,Gains In Performance
2013-03-09,39,1994,Jason Aldean,60,2,Gains In Performance
2013-03-09,40,Outta My Head,Craig Campbell,40,21,Gains In Performance
2013-03-09,41,Could It Be,Charlie Worsham,42,7,Gains In Performance
2013-03-09,42,I Will Wait,Mumford & Sons,41,12,Gains In Performance
2013-03-09,43,Forever,Aaron Lewis,43,13,Gains In Performance
2013-03-09,44,Pieces,Gary Allan,48,3,Gains In Performance
2013-03-09,45,Home To Me,Sarah Darling,44,12,Gains In Performance
2013-03-09,46,Pretty Little Lie,Blackberry Smoke,50,4,Gains In Performance
2013-03-09,47,If You Want Some,Joel Crouse,49,5,Gains In Performance
2013-03-09,48,Bruises,Train Featuring Ashley Monroe,47,11,Gains In Performance
2013-03-09,49,Fill In The Blank,Greg Bates,51,3,Gains In Performance
2013-03-09,50,Carolina,Parmalee,54,4,Gains In Performance
2013-03-09,51,Better I Don't,Chris Janson,52,5,Gains In Performance
2013-03-09,52,Find Me A Baby,Josh Turner,46,18,
2013-03-09,53,Starshine,Sweetwater Rain,53,11,
2013-03-09,54,Jump Right In,Zac Brown Band,RE,3,Gains In Performance
2013-03-09,55,Ain't Easy,Rachel Farley,NEW,1,Highest ranking debut|Gains In Performance
2013-03-09,56,It's All Good,Austin Webb,55,5,Gains In Performance
2013-03-09,57,Runnin' Outta Moonlight,Randy Houser,56,2,Gains In Performance
2013-03-09,58,Easy,Sheryl Crow,NEW,1,Gains In Performance
2013-03-09,59,Playin With Fire,Katie Armiger,58,2,Gains In Performance
2013-03-09,60,Ho Hey,The Lumineers,57,3,
2013-03-16,1,One Of Those Nights,Tim McGraw,1,18,Gains In Performance
2013-03-16,2,Tornado,Little Big Town,4,23,Gains In Performance
2013-03-16,3,Two Black Cadillacs,Carrie Underwood,6,17,Gains In Performance
2013-03-16,4,Better Dig Two,The Band Perry,2,18,
2013-03-16,5,Sure Be Cool If You Did,Blake Shelton,7,9,Gains In Performance
2013-03-16,6,Somebody's Heartbreak,Hunter Hayes,8,21,Gains In Performance
2013-03-16,7,I Drive Your Truck,Lee Brice,10,14,Greatest gainer this week|Gains In Performance
2013-03-16,8,Tip It On Back,Dierks Bentley,5,29,
2013-03-16,9,Downtown,Lady Antebellum,12,6,Gains In Performance
2013-03-16,10,Merry Go 'round,Kacey Musgraves,11,27,Gains In Performance
2013-03-16,11,If I Didn't Have You,Thompson Square,13,20,Gains In Performance
2013-03-16,12,I Can Take It From There,Chris Young,15,20,Gains In Performance
2013-03-16,13,Pirate Flag,Kenny Chesney,14,5,Gains In Performance
2013-03-16,14,Mama's Broken Heart,Miranda Lambert,17,11,Gains In Performance
2013-03-16,15,Give It All We Got Tonight,George Strait,16,18,Gains In Performance
2013-03-16,16,Get Your Shine On,Florida Georgia Line,18,13,Gains In Performance
2013-03-16,17,Like Jesus Does,Eric Church,22,9,Gains In Performance
2013-03-16,18,Hope On The Rocks,Toby Keith,19,17,Gains In Performance
2013-03-16,19,More Than Miles,Brantley Gilbert,21,20,Gains In Performance
2013-03-16,20,She Cranks My Tractor,Dustin Lynch,20,17,Gains In Performance
2013-03-16,21,Wagon Wheel,Darius Rucker,27,9,Gains In Performance
2013-03-16,22,Can't Shake You,Gloriana,25,25,Gains In Performance
2013-03-16,23,Changed,Rascal Flatts,24,11,Gains In Performance
2013-03-16,24,American Beautiful,The Henningsens,23,12,Gains In Performance
2013-03-16,25,Whiskey,Jana Kramer,26,19,Gains In Performance
2013-03-16,26,Hey Pretty Girl,Kip Moore,28,9,Gains In Performance
2013-03-16,27,Anywhere With You,Jake Owen,29,9,Gains In Performance
2013-03-16,28,Don't Rush,Kelly Clarkson Featuring Vince Gill,30,18,Gains In Performance
2013-03-16,29,1994,Jason Aldean,39,3,Gains In Performance
2013-03-16,30,Only God Could Love You More,Jerrod Niemann,31,17,Gains In Performance
2013-03-16,31,All Over The Road,Easton Corbin,33,9,Gains In Performance
2013-03-16,32,Highway Don't Care,Tim McGraw With Taylor Swift,32,4,Gains In Performance
2013-03-16,33,Don't Ya,Brett Eldredge,35,20,Gains In Performance
2013-03-16,34,More Trucks Than Cars,Craig Morgan,34,26,Gains In Performance
2013-03-16,35,Runnin' Out Of Air,Love And Theft,36,17,Gains In Performance
2013-03-16,36,Be Grateful,THE FARM,37,23,Gains In Performance
2013-03-16,37,DONE.,The Band Perry,NEW,1,Highest ranking debut|Gains In Performance
2013-03-16,38,I'll  Keep The Kids,Montgomery Gentry,38,17,Gains In Performance
2013-03-16,39,Outta My Head,Craig Campbell,40,22,Gains In Performance
2013-03-16,40,Beat This Summer,Brad Paisley,NEW,1,Gains In Performance
2013-03-16,41,Pieces,Gary Allan,44,4,Gains In Performance
2013-03-16,42,Could It Be,Charlie Worsham,41,8,Gains In Performance
2013-03-16,43,I Will Wait,Mumford & Sons,42,13,Gains In Performance
2013-03-16,44,Forever,Aaron Lewis,43,14,Gains In Performance
2013-03-16,45,Jump Right In,Zac Brown Band,54,4,Gains In Performance
2013-03-16,46,Pretty Little Lie,Blackberry Smoke,46,5,Gains In Performance
2013-03-16,47,Home To Me,Sarah Darling,45,13,
2013-03-16,48,If You Want Some,Joel Crouse,47,6,Gains In Performance
2013-03-16,49,Runnin' Outta Moonlight,Randy Houser,57,3,Gains In Performance
2013-03-16,50,Bruises,Train Featuring Ashley Monroe,48,12,
2013-03-16,51,Carolina,Parmalee,50,5,Gains In Performance
2013-03-16,52,Better I Don't,Chris Janson,51,6,Gains In Performance
2013-03-16,53,Fill In The Blank,Greg Bates,49,4,
2013-03-16,54,Redneck Crazy,Tyler Farr,RE,2,Gains In Performance
2013-03-16,55,Starshine,Sweetwater Rain,53,12,Gains In Performance
2013-03-16,56,Better,Maggie Rose,NEW,1,Gains In Performance
2013-03-16,57,Ain't Easy,Rachel Farley,55,2,Gains In Performance
2013-03-16,58,Easy,Sheryl Crow,58,2,Gains In Performance
2013-03-16,59,It's All Good,Austin Webb,56,6,Gains In Performance
2013-03-16,60,Playin With Fire,Katie Armiger,59,3,Gains In Performance
2013-03-23,1,One Of Those Nights,Tim McGraw,1,19,
2013-03-23,2,Tornado,Little Big Town,2,24,Gains In Performance
2013-03-23,3,Sure Be Cool If You Did,Blake Shelton,5,10,Gains In Performance
2013-03-23,4,Two Black Cadillacs,Carrie Underwood,3,18,Gains In Performance
2013-03-23,5,Somebody's Heartbreak,Hunter Hayes,6,22,Gains In Performance
2013-03-23,6,I Drive Your Truck,Lee Brice,7,15,Gains In Performance
2013-03-23,7,Better Dig Two,The Band Perry,4,19,
2013-03-23,8,Downtown,Lady Antebellum,9,7,Gains In Performance
2013-03-23,9,I Can Take It From There,Chris Young,12,21,Gains In Performance
2013-03-23,10,If I Didn't Have You,Thompson Square,11,21,Gains In Performance
2013-03-23,11,Pirate Flag,Kenny Chesney,13,6,Gains In Performance
2013-03-23,12,Merry Go 'round,Kacey Musgraves,10,28,Gains In Performance
2013-03-23,13,Mama's Broken Heart,Miranda Lambert,14,12,Gains In Performance
2013-03-23,14,Get Your Shine On,Florida Georgia Line,16,14,Gains In Performance
2013-03-23,15,Give It All We Got Tonight,George Strait,15,19,Gains In Performance
2013-03-23,16,Like Jesus Does,Eric Church,17,10,Gains In Performance
2013-03-23,17,More Than Miles,Brantley Gilbert,19,21,Gains In Performance
2013-03-23,18,Wagon Wheel,Darius Rucker,21,10,Gains In Performance
2013-03-23,19,She Cranks My Tractor,Dustin Lynch,20,18,Gains In Performance
2013-03-23,20,Hope On The Rocks,Toby Keith,18,18,
2013-03-23,21,Changed,Rascal Flatts,23,12,Gains In Performance
2013-03-23,22,Can't Shake You,Gloriana,22,26,Gains In Performance
2013-03-23,23,American Beautiful,The Henningsens,24,13,Gains In Performance
2013-03-23,24,1994,Jason Aldean,29,4,Gains In Performance
2013-03-23,25,Hey Pretty Girl,Kip Moore,26,10,Gains In Performance
2013-03-23,26,Anywhere With You,Jake Owen,27,10,Gains In Performance
2013-03-23,27,Whiskey,Jana Kramer,25,20,Gains In Performance
2013-03-23,28,Beat This Summer,Brad Paisley,40,2,Gains In Performance
2013-03-23,29,Don't Rush,Kelly Clarkson Featuring Vince Gill,28,19,Gains In Performance
2013-03-23,30,Highway Don't Care,Tim McGraw With Taylor Swift,32,5,Gains In Performance
2013-03-23,31,DONE.,The Band Perry,37,2,Gains In Performance
2013-03-23,32,Only God Could Love You More,Jerrod Niemann,30,18,Gains In Performance
2013-03-23,33,All Over The Road,Easton Corbin,31,10,Gains In Performance
2013-03-23,34,Jump Right In,Zac Brown Band,45,5,Gains In Performance
2013-03-23,35,Don't Ya,Brett Eldredge,33,21,Gains In Performance
2013-03-23,36,More Trucks Than Cars,Craig Morgan,34,27,Gains In Performance
2013-03-23,37,Pieces,Gary Allan,41,5,Gains In Performance
2013-03-23,38,I'll  Keep The Kids,Montgomery Gentry,38,18,Gains In Performance
2013-03-23,39,Runnin' Out Of Air,Love And Theft,35,18,
2013-03-23,40,Outta My Head,Craig Campbell,39,23,Gains In Performance
2013-03-23,41,Could It Be,Charlie Worsham,42,9,
2013-03-23,42,I Will Wait,Mumford & Sons,43,14,
2013-03-23,43,Forever,Aaron Lewis,44,15,Gains In Performance
2013-03-23,44,Easy,Sheryl Crow,58,3,Gains In Performance
2013-03-23,45,Runnin' Outta Moonlight,Randy Houser,49,4,Gains In Performance
2013-03-23,46,If You Want Some,Joel Crouse,48,7,Gains In Performance
2013-03-23,47,Pretty Little Lie,Blackberry Smoke,46,6,
2013-03-23,48,Home To Me,Sarah Darling,47,14,
2013-03-23,49,Carolina,Parmalee,51,6,Gains In Performance
2013-03-23,50,Bruises,Train Featuring Ashley Monroe,50,13,
2013-03-23,51,Better I Don't,Chris Janson,52,7,Gains In Performance
2013-03-23,52,Fill In The Blank,Greg Bates,53,5,Gains In Performance
2013-03-23,53,Ain't Easy,Rachel Farley,57,3,Gains In Performance
2013-03-23,54,Redneck Crazy,Tyler Farr,54,3,Gains In Performance
2013-03-23,55,Better,Maggie Rose,56,2,Gains In Performance
2013-03-23,56,Starshine,Sweetwater Rain,55,13,
2013-03-23,57,Hey Girl,Billy Currington,NEW,1,Highest ranking debut|Gains In Performance
2013-03-23,58,It's All Good,Austin Webb,59,7,Gains In Performance
2013-03-23,59,Ho Hey,The Lumineers,RE,4,Gains In Performance
2013-03-23,60,He Loves To Make Me Cry,Kristen Kelly,NEW,1,Gains In Performance
2013-03-30,1,Sure Be Cool If You Did,Blake Shelton,3,11,Gains In Performance
2013-03-30,2,Two Black Cadillacs,Carrie Underwood,4,19,Gains In Performance
2013-03-30,3,Somebody's Heartbreak,Hunter Hayes,5,23,Gains In Performance
2013-03-30,4,I Drive Your Truck,Lee Brice,6,16,Gains In Performance
2013-03-30,5,One Of Those Nights,Tim McGraw,1,20,
2013-03-30,6,Downtown,Lady Antebellum,8,8,Greatest gainer this week|Gains In Performance
2013-03-30,7,Tornado,Little Big Town,2,25,
2013-03-30,8,I Can Take It From There,Chris Young,9,22,Gains In Performance
2013-03-30,9,If I Didn't Have You,Thompson Square,10,22,Gains In Performance
2013-03-30,10,Pirate Flag,Kenny Chesney,11,7,Gains In Performance
2013-03-30,11,Mama's Broken Heart,Miranda Lambert,13,13,Gains In Performance
2013-03-30,12,Get Your Shine On,Florida Georgia Line,14,15,Gains In Performance
2013-03-30,13,Give It All We Got Tonight,George Strait,15,20,Gains In Performance
2013-03-30,14,Like Jesus Does,Eric Church,16,11,Gains In Performance
2013-03-30,15,More Than Miles,Brantley Gilbert,17,22,Gains In Performance
2013-03-30,16,Wagon Wheel,Darius Rucker,18,11,Gains In Performance
2013-03-30,17,She Cranks My Tractor,Dustin Lynch,19,19,Gains In Performance
2013-03-30,18,1994,Jason Aldean,24,5,Gains In Performance
2013-03-30,19,Hope On The Rocks,Toby Keith,20,19,
2013-03-30,20,Changed,Rascal Flatts,21,13,Gains In Performance
2013-03-30,21,Beat This Summer,Brad Paisley,28,3,Gains In Performance
2013-03-30,22,Anywhere With You,Jake Owen,26,11,Gains In Performance
2013-03-30,23,American Beautiful,The Henningsens,23,14,Gains In Performance
2013-03-30,24,Can't Shake You,Gloriana,22,27,Gains In Performance
2013-03-30,25,Hey Pretty Girl,Kip Moore,25,11,Gains In Performance
2013-03-30,26,DONE.,The Band Perry,31,3,Gains In Performance
2013-03-30,27,Highway Don't Care,Tim McGraw With Taylor Swift,30,6,Gains In Performance
2013-03-30,28,Whiskey,Jana Kramer,27,21,Gains In Performance
2013-03-30,29,Jump Right In,Zac Brown Band,34,6,Gains In Performance
2013-03-30,30,Don't Rush,Kelly Clarkson Featuring Vince Gill,29,20,Gains In Performance
2013-03-30,31,All Over The Road,Easton Corbin,33,11,Gains In Performance
2013-03-30,32,Only God Could Love You More,Jerrod Niemann,32,19,Gains In Performance
2013-03-30,33,More Trucks Than Cars,Craig Morgan,36,28,Gains In Performance
2013-03-30,34,Don't Ya,Brett Eldredge,35,22,Gains In Performance
2013-03-30,35,Pieces,Gary Allan,37,6,Gains In Performance
2013-03-30,36,Outta My Head,Craig Campbell,40,24,Gains In Performance
2013-03-30,37,Easy,Sheryl Crow,44,4,Gains In Performance
2013-03-30,38,Runnin' Out Of Air,Love And Theft,39,19,
2013-03-30,39,Could It Be,Charlie Worsham,41,10,Gains In Performance
2013-03-30,40,I Will Wait,Mumford & Sons,42,15,Gains In Performance
2013-03-30,41,Runnin' Outta Moonlight,Randy Houser,45,5,Gains In Performance
2013-03-30,42,Forever,Aaron Lewis,43,16,Gains In Performance
2013-03-30,43,I'll  Keep The Kids,Montgomery Gentry,38,19,
2013-03-30,44,Bruises,Train Featuring Ashley Monroe,50,14,Gains In Performance
2013-03-30,45,Redneck Crazy,Tyler Farr,54,4,Gains In Performance
2013-03-30,46,If You Want Some,Joel Crouse,46,8,Gains In Performance
2013-03-30,47,Ain't Easy,Rachel Farley,53,4,Gains In Performance
2013-03-30,48,Fill In The Blank,Greg Bates,52,6,Gains In Performance
2013-03-30,49,Pretty Little Lie,Blackberry Smoke,47,7,
2013-03-30,50,Carolina,Parmalee,49,7,
2013-03-30,51,Ho Hey,The Lumineers,59,5,Gains In Performance
2013-03-30,52,Better,Maggie Rose,55,3,
2013-03-30,53,Better I Don't,Chris Janson,51,8,
2013-03-30,54,Hey Girl,Billy Currington,57,2,Gains In Performance
2013-03-30,55,Starshine,Sweetwater Rain,56,14,
2013-03-30,56,He Loves To Make Me Cry,Kristen Kelly,60,2,Gains In Performance
2013-03-30,57,Point At You,Justin Moore,NEW,1,Highest ranking debut|Gains In Performance
2013-03-30,58,Power Of A Love Song,Tate Stevens,NEW,1,Gains In Performance
2013-03-30,59,It's All Good,Austin Webb,58,8,
2013-03-30,60,Thank A Farmer,James Wesley,NEW,1,Gains In Performance
2013-04-06,1,Sure Be Cool If You Did,Blake Shelton,1,12,Gains In Performance
2013-04-06,2,Somebody's Heartbreak,Hunter Hayes,3,24,Gains In Performance
2013-04-06,3,I Drive Your Truck,Lee Brice,4,17,Gains In Performance
2013-04-06,4,Downtown,Lady Antebellum,6,9,Gains In Performance
2013-04-06,5,Two Black Cadillacs,Carrie Underwood,2,20,
2013-04-06,6,I Can Take It From There,Chris Young,8,23,Gains In Performance
2013-04-06,7,If I Didn't Have You,Thompson Square,9,23,Gains In Performance
2013-04-06,8,Mama's Broken Heart,Miranda Lambert,11,14,Gains In Performance
2013-04-06,9,Pirate Flag,Kenny Chesney,10,8,Gains In Performance
2013-04-06,10,Get Your Shine On,Florida Georgia Line,12,16,Gains In Performance
2013-04-06,11,Give It All We Got Tonight,George Strait,13,21,Gains In Performance
2013-04-06,12,Like Jesus Does,Eric Church,14,12,Gains In Performance
2013-04-06,13,Wagon Wheel,Darius Rucker,16,12,Gains In Performance
2013-04-06,14,More Than Miles,Brantley Gilbert,15,23,Gains In Performance
2013-04-06,15,1994,Jason Aldean,18,6,Gains In Performance
2013-04-06,16,She Cranks My Tractor,Dustin Lynch,17,20,Gains In Performance
2013-04-06,17,Beat This Summer,Brad Paisley,21,4,Gains In Performance
2013-04-06,18,Highway Don't Care,Tim McGraw With Taylor Swift,27,7,Gains In Performance
2013-04-06,19,Anywhere With You,Jake Owen,22,12,Gains In Performance
2013-04-06,20,Changed,Rascal Flatts,20,14,Gains In Performance
2013-04-06,21,Jump Right In,Zac Brown Band,29,7,Gains In Performance
2013-04-06,22,DONE.,The Band Perry,26,4,Gains In Performance
2013-04-06,23,American Beautiful,The Henningsens,23,15,Gains In Performance
2013-04-06,24,Hey Pretty Girl,Kip Moore,25,12,Gains In Performance
2013-04-06,25,Can't Shake You,Gloriana,24,28,Gains In Performance
2013-04-06,26,Whiskey,Jana Kramer,28,22,Gains In Performance
2013-04-06,27,Don't Rush,Kelly Clarkson Featuring Vince Gill,30,21,Gains In Performance
2013-04-06,28,All Over The Road,Easton Corbin,31,12,Gains In Performance
2013-04-06,29,Only God Could Love You More,Jerrod Niemann,32,20,Gains In Performance
2013-04-06,30,Don't Ya,Brett Eldredge,34,23,Gains In Performance
2013-04-06,31,Pieces,Gary Allan,35,7,Gains In Performance
2013-04-06,32,More Trucks Than Cars,Craig Morgan,33,29,Gains In Performance
2013-04-06,33,Easy,Sheryl Crow,37,5,Gains In Performance
2013-04-06,34,Outta My Head,Craig Campbell,36,25,Gains In Performance
2013-04-06,35,Runnin' Outta Moonlight,Randy Houser,41,6,Gains In Performance
2013-04-06,36,Could It Be,Charlie Worsham,39,11,Gains In Performance
2013-04-06,37,I Will Wait,Mumford & Sons,40,16,Gains In Performance
2013-04-06,38,Forever,Aaron Lewis,42,17,Gains In Performance
2013-04-06,39,Point At You,Justin Moore,57,2,Gains In Performance
2013-04-06,40,Hey Girl,Billy Currington,54,3,Gains In Performance
2013-04-06,41,I'll  Keep The Kids,Montgomery Gentry,43,20,
2013-04-06,42,Redneck Crazy,Tyler Farr,45,5,Gains In Performance
2013-04-06,43,Ain't Easy,Rachel Farley,47,5,Gains In Performance
2013-04-06,44,Carolina,Parmalee,50,8,Gains In Performance
2013-04-06,45,If You Want Some,Joel Crouse,46,9,Gains In Performance
2013-04-06,46,Fill In The Blank,Greg Bates,48,7,Gains In Performance
2013-04-06,47,Better,Maggie Rose,52,4,Gains In Performance
2013-04-06,48,Better I Don't,Chris Janson,53,9,Gains In Performance
2013-04-06,49,Love Is Alive,Phil Vassar,NEW,1,Highest ranking debut|Gains In Performance
2013-04-06,50,Ho Hey,The Lumineers,51,6,
2013-04-06,51,Bruises,Train Featuring Ashley Monroe,44,15,
2013-04-06,52,Up All Night,Jon Pardi,NEW,1,Gains In Performance
2013-04-06,53,Power Of A Love Song,Tate Stevens,58,2,Gains In Performance
2013-04-06,54,Thank A Farmer,James Wesley,60,2,Gains In Performance
2013-04-06,55,He Loves To Make Me Cry,Kristen Kelly,56,3,Gains In Performance
2013-04-06,56,It's All Good,Austin Webb,59,9,Gains In Performance
2013-04-06,57,Playin With Fire,Katie Armiger,RE,4,Gains In Performance
2013-04-06,58,Maybe Someday,Lonestar,NEW,1,Gains In Performance
2013-04-06,59,Buzzkill,Luke Bryan,NEW,1,Gains In Performance
2013-04-06,60,Cheat On You,Big & Rich,RE,2,Gains In Performance
2013-04-13,1,Somebody's Heartbreak,Hunter Hayes,2,25,Gains In Performance
2013-04-13,2,I Drive Your Truck,Lee Brice,3,18,Gains In Performance
2013-04-13,3,Downtown,Lady Antebellum,4,10,Gains In Performance
2013-04-13,4,Sure Be Cool If You Did,Blake Shelton,1,13,
2013-04-13,5,If I Didn't Have You,Thompson Square,7,24,Gains In Performance
2013-04-13,6,I Can Take It From There,Chris Young,6,24,Gains In Performance
2013-04-13,7,Mama's Broken Heart,Miranda Lambert,8,15,Gains In Performance
2013-04-13,8,Pirate Flag,Kenny Chesney,9,9,Gains In Performance
2013-04-13,9,Get Your Shine On,Florida Georgia Line,10,17,Gains In Performance
2013-04-13,10,Two Black Cadillacs,Carrie Underwood,5,21,
2013-04-13,11,Give It All We Got Tonight,George Strait,11,22,Gains In Performance
2013-04-13,12,Wagon Wheel,Darius Rucker,13,13,Gains In Performance
2013-04-13,13,Like Jesus Does,Eric Church,12,13,Gains In Performance
2013-04-13,14,More Than Miles,Brantley Gilbert,14,24,Gains In Performance
2013-04-13,15,1994,Jason Aldean,15,7,Gains In Performance
2013-04-13,16,Beat This Summer,Brad Paisley,17,5,Gains In Performance
2013-04-13,17,Highway Don't Care,Tim McGraw With Taylor Swift,18,8,Gains In Performance
2013-04-13,18,She Cranks My Tractor,Dustin Lynch,16,21,Gains In Performance
2013-04-13,19,Boys 'Round Here,Blake Shelton Featuring Pistol Annies & Friends,NEW,1,Highest ranking debut|Gains In Performance
2013-04-13,20,DONE.,The Band Perry,22,5,Gains In Performance
2013-04-13,21,Anywhere With You,Jake Owen,19,13,Gains In Performance
2013-04-13,22,Jump Right In,Zac Brown Band,21,8,Gains In Performance
2013-04-13,23,Changed,Rascal Flatts,20,15,Gains In Performance
2013-04-13,24,Can't Shake You,Gloriana,25,29,Gains In Performance
2013-04-13,25,American Beautiful,The Henningsens,23,16,Gains In Performance
2013-04-13,26,Hey Pretty Girl,Kip Moore,24,13,Gains In Performance
2013-04-13,27,Whiskey,Jana Kramer,26,23,Gains In Performance
2013-04-13,28,Don't Rush,Kelly Clarkson Featuring Vince Gill,27,22,Gains In Performance
2013-04-13,29,All Over The Road,Easton Corbin,28,13,Gains In Performance
2013-04-13,30,Don't Ya,Brett Eldredge,30,24,Gains In Performance
2013-04-13,31,Pieces,Gary Allan,31,8,Gains In Performance
2013-04-13,32,Easy,Sheryl Crow,33,6,Gains In Performance
2013-04-13,33,More Trucks Than Cars,Craig Morgan,32,30,Gains In Performance
2013-04-13,34,Only God Could Love You More,Jerrod Niemann,29,21,
2013-04-13,35,Outta My Head,Craig Campbell,34,26,Gains In Performance
2013-04-13,36,Runnin' Outta Moonlight,Randy Houser,35,7,Gains In Performance
2013-04-13,37,Point At You,Justin Moore,39,3,Gains In Performance
2013-04-13,38,Could It Be,Charlie Worsham,36,12,Gains In Performance
2013-04-13,39,Forever,Aaron Lewis,38,18,Gains In Performance
2013-04-13,40,I Will Wait,Mumford & Sons,37,17,
2013-04-13,41,Hey Girl,Billy Currington,40,4,Gains In Performance
2013-04-13,42,Ain't Easy,Rachel Farley,43,6,Gains In Performance
2013-04-13,43,If You Want Some,Joel Crouse,45,10,Gains In Performance
2013-04-13,44,Redneck Crazy,Tyler Farr,42,6,Gains In Performance
2013-04-13,45,Carolina,Parmalee,44,9,Gains In Performance
2013-04-13,46,Fill In The Blank,Greg Bates,46,8,Gains In Performance
2013-04-13,47,Better,Maggie Rose,47,5,Gains In Performance
2013-04-13,48,Love Is Alive,Phil Vassar,49,2,Gains In Performance
2013-04-13,49,Ho Hey,The Lumineers,50,7,
2013-04-13,50,Better I Don't,Chris Janson,48,10,
2013-04-13,51,Power Of A Love Song,Tate Stevens,53,3,Gains In Performance
2013-04-13,52,Up All Night,Jon Pardi,52,2,Gains In Performance
2013-04-13,53,Thank A Farmer,James Wesley,54,3,Gains In Performance
2013-04-13,54,It's All Good,Austin Webb,56,10,Gains In Performance
2013-04-13,55,I Knew You Were Trouble.,Taylor Swift,NEW,1,Gains In Performance
2013-04-13,56,Blowin' Smoke,Kacey Musgraves,NEW,1,Gains In Performance
2013-04-13,57,He Loves To Make Me Cry,Kristen Kelly,55,4,Gains In Performance
2013-04-13,58,Bruises,Train Featuring Ashley Monroe,51,16,
2013-04-13,59,Complete 360,Kix Brooks,NEW,1,Gains In Performance
2013-04-13,60,See You Again,Carrie Underwood,NEW,1,Gains In Performance
2013-04-20,1,I Drive Your Truck,Lee Brice,2,19,Gains In Performance
2013-04-20,2,Downtown,Lady Antebellum,3,11,Gains In Performance
2013-04-20,3,If I Didn't Have You,Thompson Square,5,25,Gains In Performance
2013-04-20,4,I Can Take It From There,Chris Young,6,25,Gains In Performance
2013-04-20,5,Mama's Broken Heart,Miranda Lambert,7,16,Gains In Performance
2013-04-20,6,Somebody's Heartbreak,Hunter Hayes,1,26,
2013-04-20,7,Sure Be Cool If You Did,Blake Shelton,4,14,
2013-04-20,8,Get Your Shine On,Florida Georgia Line,9,18,Gains In Performance
2013-04-20,9,Pirate Flag,Kenny Chesney,8,10,Gains In Performance
2013-04-20,10,Wagon Wheel,Darius Rucker,12,14,Gains In Performance
2013-04-20,11,Give It All We Got Tonight,George Strait,11,23,Gains In Performance
2013-04-20,12,Like Jesus Does,Eric Church,13,14,Gains In Performance
2013-04-20,13,More Than Miles,Brantley Gilbert,14,25,Gains In Performance
2013-04-20,14,Highway Don't Care,Tim McGraw With Taylor Swift,17,9,Greatest gainer this week|Gains In Performance
2013-04-20,15,Beat This Summer,Brad Paisley,16,6,Gains In Performance
2013-04-20,16,1994,Jason Aldean,15,8,Gains In Performance
2013-04-20,17,Anywhere With You,Jake Owen,21,14,Gains In Performance
2013-04-20,18,She Cranks My Tractor,Dustin Lynch,18,22,Gains In Performance
2013-04-20,19,DONE.,The Band Perry,20,6,Gains In Performance
2013-04-20,20,Jump Right In,Zac Brown Band,22,9,Gains In Performance
2013-04-20,21,Changed,Rascal Flatts,23,16,Gains In Performance
2013-04-20,22,Boys 'Round Here,Blake Shelton Featuring Pistol Annies & Friends,19,2,
2013-04-20,23,Hey Pretty Girl,Kip Moore,26,14,Gains In Performance
2013-04-20,24,Can't Shake You,Gloriana,24,30,Gains In Performance
2013-04-20,25,American Beautiful,The Henningsens,25,17,Gains In Performance
2013-04-20,26,All Over The Road,Easton Corbin,29,14,Gains In Performance
2013-04-20,27,Whiskey,Jana Kramer,27,24,
2013-04-20,28,Don't Rush,Kelly Clarkson Featuring Vince Gill,28,23,Gains In Performance
2013-04-20,29,Don't Ya,Brett Eldredge,30,25,Gains In Performance
2013-04-20,30,Pieces,Gary Allan,31,9,Gains In Performance
2013-04-20,31,More Trucks Than Cars,Craig Morgan,33,31,Gains In Performance
2013-04-20,32,Easy,Sheryl Crow,32,7,Gains In Performance
2013-04-20,33,Outta My Head,Craig Campbell,35,27,Gains In Performance
2013-04-20,34,Only God Could Love You More,Jerrod Niemann,34,22,Gains In Performance
2013-04-20,35,Runnin' Outta Moonlight,Randy Houser,36,8,Gains In Performance
2013-04-20,36,Point At You,Justin Moore,37,4,Gains In Performance
2013-04-20,37,Could It Be,Charlie Worsham,38,13,Gains In Performance
2013-04-20,38,Forever,Aaron Lewis,39,19,Gains In Performance
2013-04-20,39,Hey Girl,Billy Currington,41,5,Gains In Performance
2013-04-20,40,Blowin' Smoke,Kacey Musgraves,56,2,Gains In Performance
2013-04-20,41,Redneck Crazy,Tyler Farr,44,7,Gains In Performance
2013-04-20,42,If You Want Some,Joel Crouse,43,11,Gains In Performance
2013-04-20,43,I Will Wait,Mumford & Sons,40,18,
2013-04-20,44,Ain't Easy,Rachel Farley,42,7,Gains In Performance
2013-04-20,45,Carolina,Parmalee,45,10,Gains In Performance
2013-04-20,46,Better,Maggie Rose,47,6,Gains In Performance
2013-04-20,47,Fill In The Blank,Greg Bates,46,9,Gains In Performance
2013-04-20,48,Love Is Alive,Phil Vassar,48,3,Gains In Performance
2013-04-20,49,Your Side Of The Bed,Little Big Town,NEW,1,Highest ranking debut|Gains In Performance
2013-04-20,50,Better I Don't,Chris Janson,50,11,Gains In Performance
2013-04-20,51,See You Again,Carrie Underwood,60,2,Gains In Performance
2013-04-20,52,Thank A Farmer,James Wesley,53,4,Gains In Performance
2013-04-20,53,Up All Night,Jon Pardi,52,3,Gains In Performance
2013-04-20,54,Complete 360,Kix Brooks,59,2,Gains In Performance
2013-04-20,55,Power Of A Love Song,Tate Stevens,51,4,
2013-04-20,56,He Loves To Make Me Cry,Kristen Kelly,57,5,
2013-04-20,57,It's All Good,Austin Webb,54,11,
2013-04-20,58,Playin With Fire,Katie Armiger,RE,5,Gains In Performance
2013-04-20,59,Hush Hush,Pistol Annies,NEW,1,
2013-04-20,60,Maybe Someday,Lonestar,RE,2,Gains In Performance
2013-04-27,1,Downtown,Lady Antebellum,2,12,Gains In Performance
2013-04-27,2,If I Didn't Have You,Thompson Square,3,26,Gains In Performance
2013-04-27,3,Mama's Broken Heart,Miranda Lambert,5,17,Gains In Performance
2013-04-27,4,I Can Take It From There,Chris Young,4,26,Gains In Performance
2013-04-27,5,I Drive Your Truck,Lee Brice,1,20,
2013-04-27,6,Get Your Shine On,Florida Georgia Line,8,19,Gains In Performance
2013-04-27,7,Pirate Flag,Kenny Chesney,9,11,Gains In Performance
2013-04-27,8,Wagon Wheel,Darius Rucker,10,15,Gains In Performance
2013-04-27,9,Sure Be Cool If You Did,Blake Shelton,7,15,
2013-04-27,10,Give It All We Got Tonight,George Strait,11,24,Gains In Performance
2013-04-27,11,Highway Don't Care,Tim McGraw With Taylor Swift,14,10,Gains In Performance
2013-04-27,12,More Than Miles,Brantley Gilbert,13,26,Gains In Performance
2013-04-27,13,Like Jesus Does,Eric Church,12,15,Gains In Performance
2013-04-27,14,Beat This Summer,Brad Paisley,15,7,Gains In Performance
2013-04-27,15,1994,Jason Aldean,16,9,Gains In Performance
2013-04-27,16,DONE.,The Band Perry,19,7,Gains In Performance
2013-04-27,17,Anywhere With You,Jake Owen,17,15,Gains In Performance
2013-04-27,18,Boys 'Round Here,Blake Shelton Featuring Pistol Annies & Friends,22,3,Gains In Performance
2013-04-27,19,Jump Right In,Zac Brown Band,20,10,Gains In Performance
2013-04-27,20,Can't Shake You,Gloriana,24,31,Gains In Performance
2013-04-27,21,Hey Pretty Girl,Kip Moore,23,15,Gains In Performance
2013-04-27,22,American Beautiful,The Henningsens,25,18,Gains In Performance
2013-04-27,23,Changed,Rascal Flatts,21,17,
2013-04-27,24,I Want Crazy,Hunter Hayes,NEW,1,Highest ranking debut|Gains In Performance
2013-04-27,25,All Over The Road,Easton Corbin,26,15,Gains In Performance
2013-04-27,26,Whiskey,Jana Kramer,27,25,Gains In Performance
2013-04-27,27,Don't Rush,Kelly Clarkson Featuring Vince Gill,28,24,Gains In Performance
2013-04-27,28,Crash My Party,Luke Bryan,NEW,1,Gains In Performance
2013-04-27,29,Pieces,Gary Allan,30,10,Gains In Performance
2013-04-27,30,Don't Ya,Brett Eldredge,29,26,Gains In Performance
2013-04-27,31,More Trucks Than Cars,Craig Morgan,31,32,Gains In Performance
2013-04-27,32,Easy,Sheryl Crow,32,8,Gains In Performance
2013-04-27,33,Outta My Head,Craig Campbell,33,28,Gains In Performance
2013-04-27,34,Runnin' Outta Moonlight,Randy Houser,35,9,Gains In Performance
2013-04-27,35,Point At You,Justin Moore,36,5,Gains In Performance
2013-04-27,36,Hey Girl,Billy Currington,39,6,Gains In Performance
2013-04-27,37,Could It Be,Charlie Worsham,37,14,Gains In Performance
2013-04-27,38,Forever,Aaron Lewis,38,20,Gains In Performance
2013-04-27,39,Blowin' Smoke,Kacey Musgraves,40,3,Gains In Performance
2013-04-27,40,If You Want Some,Joel Crouse,42,12,Gains In Performance
2013-04-27,41,Redneck Crazy,Tyler Farr,41,8,Gains In Performance
2013-04-27,42,See You Again,Carrie Underwood,51,3,Gains In Performance
2013-04-27,43,Ain't Easy,Rachel Farley,44,8,Gains In Performance
2013-04-27,44,Your Side Of The Bed,Little Big Town,49,2,Gains In Performance
2013-04-27,45,Better,Maggie Rose,46,7,Gains In Performance
2013-04-27,46,Carolina,Parmalee,45,11,
2013-04-27,47,Fill In The Blank,Greg Bates,47,10,Gains In Performance
2013-04-27,48,Love Is Alive,Phil Vassar,48,4,
2013-04-27,49,Better I Don't,Chris Janson,50,12,Gains In Performance
2013-04-27,50,Complete 360,Kix Brooks,54,3,Gains In Performance
2013-04-27,51,Thank A Farmer,James Wesley,52,5,
2013-04-27,52,Up All Night,Jon Pardi,53,4,Gains In Performance
2013-04-27,53,Power Of A Love Song,Tate Stevens,55,5,Gains In Performance
2013-04-27,54,He Loves To Make Me Cry,Kristen Kelly,56,6,
2013-04-27,55,Playin With Fire,Katie Armiger,58,6,Gains In Performance
2013-04-27,56,Hush Hush,Pistol Annies,59,2,Gains In Performance
2013-04-27,57,Ho Hey,Lennon & Maisy,NEW,1,Gains In Performance
2013-04-27,58,The Simple Life,Drake White,NEW,1,Gains In Performance
2013-04-27,59,Maybe Someday,Lonestar,60,3,Gains In Performance
2013-04-27,60,The Good Life,Casey James,NEW,1,Gains In Performance
2013-05-04,1,Downtown,Lady Antebellum,1,13,Gains In Performance
2013-05-04,2,If I Didn't Have You,Thompson Square,2,27,Gains In Performance
2013-05-04,3,Mama's Broken Heart,Miranda Lambert,3,18,Gains In Performance
2013-05-04,4,Get Your Shine On,Florida Georgia Line,6,20,Gains In Performance
2013-05-04,5,I Can Take It From There,Chris Young,4,27,
2013-05-04,6,Pirate Flag,Kenny Chesney,7,12,Gains In Performance
2013-05-04,7,Wagon Wheel,Darius Rucker,8,16,Gains In Performance
2013-05-04,8,Give It All We Got Tonight,George Strait,10,25,Gains In Performance
2013-05-04,9,I Drive Your Truck,Lee Brice,5,21,
2013-05-04,10,Highway Don't Care,Tim McGraw With Taylor Swift,11,11,Gains In Performance
2013-05-04,11,Like Jesus Does,Eric Church,13,16,Gains In Performance
2013-05-04,12,More Than Miles,Brantley Gilbert,12,27,Gains In Performance
2013-05-04,13,Beat This Summer,Brad Paisley,14,8,Gains In Performance
2013-05-04,14,1994,Jason Aldean,15,10,Gains In Performance
2013-05-04,15,DONE.,The Band Perry,16,8,Gains In Performance
2013-05-04,16,Anywhere With You,Jake Owen,17,16,Gains In Performance
2013-05-04,17,Boys 'Round Here,Blake Shelton Featuring Pistol Annies & Friends,18,4,Gains In Performance
2013-05-04,18,Jump Right In,Zac Brown Band,19,11,Gains In Performance
2013-05-04,19,Can't Shake You,Gloriana,20,32,Gains In Performance
2013-05-04,20,Hey Pretty Girl,Kip Moore,21,16,Gains In Performance
2013-05-04,21,American Beautiful,The Henningsens,22,19,Gains In Performance
2013-05-04,22,Crash My Party,Luke Bryan,28,2,Greatest gainer this week|Gains In Performance
2013-05-04,23,All Over The Road,Easton Corbin,25,16,Gains In Performance
2013-05-04,24,I Want Crazy,Hunter Hayes,24,2,
2013-05-04,25,Whiskey,Jana Kramer,26,26,Gains In Performance
2013-05-04,26,Don't Ya,Brett Eldredge,30,27,Gains In Performance
2013-05-04,27,Pieces,Gary Allan,29,11,Gains In Performance
2013-05-04,28,Don't Rush,Kelly Clarkson Featuring Vince Gill,27,25,
2013-05-04,29,Changed,Rascal Flatts,23,18,
2013-05-04,30,See You Again,Carrie Underwood,42,4,Gains In Performance
2013-05-04,31,Easy,Sheryl Crow,32,9,Gains In Performance
2013-05-04,32,Point At You,Justin Moore,35,6,Gains In Performance
2013-05-04,33,More Trucks Than Cars,Craig Morgan,31,33,Gains In Performance
2013-05-04,34,Runnin' Outta Moonlight,Randy Houser,34,10,Gains In Performance
2013-05-04,35,Outta My Head,Craig Campbell,33,29,Gains In Performance
2013-05-04,36,Hey Girl,Billy Currington,36,7,Gains In Performance
2013-05-04,37,Could It Be,Charlie Worsham,37,15,Gains In Performance
2013-05-04,38,Blowin' Smoke,Kacey Musgraves,39,4,Gains In Performance
2013-05-04,39,Forever,Aaron Lewis,38,21,
2013-05-04,40,If You Want Some,Joel Crouse,40,13,Gains In Performance
2013-05-04,41,Redneck Crazy,Tyler Farr,41,9,Gains In Performance
2013-05-04,42,Your Side Of The Bed,Little Big Town,44,3,Gains In Performance
2013-05-04,43,Ain't Easy,Rachel Farley,43,9,Gains In Performance
2013-05-04,44,Carolina,Parmalee,46,12,Gains In Performance
2013-05-04,45,Better,Maggie Rose,45,8,Gains In Performance
2013-05-04,46,Love Is Alive,Phil Vassar,48,5,Gains In Performance
2013-05-04,47,Fill In The Blank,Greg Bates,47,11,
2013-05-04,48,Better I Don't,Chris Janson,49,13,
2013-05-04,49,Complete 360,Kix Brooks,50,4,Gains In Performance
2013-05-04,50,Thank A Farmer,James Wesley,51,6,Gains In Performance
2013-05-04,51,Up All Night,Jon Pardi,52,5,Gains In Performance
2013-05-04,52,Ho Hey,Lennon & Maisy,57,2,Gains In Performance
2013-05-04,53,Power Of A Love Song,Tate Stevens,53,6,Gains In Performance
2013-05-04,54,The Simple Life,Drake White,58,2,Gains In Performance
2013-05-04,55,Playin With Fire,Katie Armiger,55,7,Gains In Performance
2013-05-04,56,Hush Hush,Pistol Annies,56,3,Gains In Performance
2013-05-04,57,The Good Life,Casey James,60,2,Gains In Performance
2013-05-04,58,Maybe Someday,Lonestar,59,4,
2013-05-04,59,See You Tonight,Scotty McCreery,NEW,1,Highest ranking debut|Gains In Performance
2013-05-04,60,Dance Baby Dance,Chris Cagle,NEW,1,Gains In Performance
2013-05-11,1,If I Didn't Have You,Thompson Square,2,28,Gains In Performance
2013-05-11,2,Get Your Shine On,Florida Georgia Line,4,21,Gains In Performance
2013-05-11,3,Mama's Broken Heart,Miranda Lambert,3,19,Gains In Performance
2013-05-11,4,Downtown,Lady Antebellum,1,14,
2013-05-11,5,Pirate Flag,Kenny Chesney,6,13,Gains In Performance
2013-05-11,6,Wagon Wheel,Darius Rucker,7,17,Gains In Performance
2013-05-11,7,Highway Don't Care,Tim McGraw With Taylor Swift,10,12,Greatest gainer this week|Gains In Performance
2013-05-11,8,Give It All We Got Tonight,George Strait,8,26,Gains In Performance
2013-05-11,9,I Can Take It From There,Chris Young,5,28,
2013-05-11,10,Beat This Summer,Brad Paisley,13,9,Gains In Performance
2013-05-11,11,Like Jesus Does,Eric Church,11,17,Gains In Performance
2013-05-11,12,Boys 'Round Here,Blake Shelton Featuring Pistol Annies & Friends,17,5,Gains In Performance
2013-05-11,13,More Than Miles,Brantley Gilbert,12,28,Gains In Performance
2013-05-11,14,DONE.,The Band Perry,15,9,Gains In Performance
2013-05-11,15,1994,Jason Aldean,14,11,Gains In Performance
2013-05-11,16,Anywhere With You,Jake Owen,16,17,Gains In Performance
2013-05-11,17,Jump Right In,Zac Brown Band,18,12,Gains In Performance
2013-05-11,18,Crash My Party,Luke Bryan,22,3,Gains In Performance
2013-05-11,19,Can't Shake You,Gloriana,19,33,Gains In Performance
2013-05-11,20,American Beautiful,The Henningsens,21,20,Gains In Performance
2013-05-11,21,Hey Pretty Girl,Kip Moore,20,17,Gains In Performance
2013-05-11,22,All Over The Road,Easton Corbin,23,17,Gains In Performance
2013-05-11,23,I Want Crazy,Hunter Hayes,24,3,Gains In Performance
2013-05-11,24,See You Again,Carrie Underwood,30,5,Gains In Performance
2013-05-11,25,Pieces,Gary Allan,27,12,Gains In Performance
2013-05-11,26,Don't Ya,Brett Eldredge,26,28,Gains In Performance
2013-05-11,27,Don't Rush,Kelly Clarkson Featuring Vince Gill,28,26,Gains In Performance
2013-05-11,28,Point At You,Justin Moore,32,7,Gains In Performance
2013-05-11,29,Hey Girl,Billy Currington,36,8,Gains In Performance
2013-05-11,30,Runnin' Outta Moonlight,Randy Houser,34,11,Gains In Performance
2013-05-11,31,Easy,Sheryl Crow,31,10,Gains In Performance
2013-05-11,32,More Trucks Than Cars,Craig Morgan,33,34,Gains In Performance
2013-05-11,33,Outta My Head,Craig Campbell,35,30,Gains In Performance
2013-05-11,34,Could It Be,Charlie Worsham,37,16,Gains In Performance
2013-05-11,35,Redneck Crazy,Tyler Farr,41,10,Gains In Performance
2013-05-11,36,If You Want Some,Joel Crouse,40,14,Gains In Performance
2013-05-11,37,Blowin' Smoke,Kacey Musgraves,38,5,Gains In Performance
2013-05-11,38,Your Side Of The Bed,Little Big Town,42,4,Gains In Performance
2013-05-11,39,Ain't Easy,Rachel Farley,43,10,Gains In Performance
2013-05-11,40,Carolina,Parmalee,44,13,Gains In Performance
2013-05-11,41,Better,Maggie Rose,45,9,Gains In Performance
2013-05-11,42,Love Is Alive,Phil Vassar,46,6,Gains In Performance
2013-05-11,43,It Goes Like This,Thomas Rhett,NEW,1,Highest ranking debut|Gains In Performance
2013-05-11,44,Better I Don't,Chris Janson,48,14,Gains In Performance
2013-05-11,45,Fill In The Blank,Greg Bates,47,12,
2013-05-11,46,Hush Hush,Pistol Annies,56,4,Gains In Performance
2013-05-11,47,Ho Hey,Lennon & Maisy,52,3,Gains In Performance
2013-05-11,48,Up All Night,Jon Pardi,51,6,Gains In Performance
2013-05-11,49,Complete 360,Kix Brooks,49,5,
2013-05-11,50,Power Of A Love Song,Tate Stevens,53,7,Gains In Performance
2013-05-11,51,Playin With Fire,Katie Armiger,55,8,Gains In Performance
2013-05-11,52,Thank A Farmer,James Wesley,50,7,
2013-05-11,53,Parking Lot Party,Lee Brice,NEW,1,Gains In Performance
2013-05-11,54,The Simple Life,Drake White,54,3,Gains In Performance
2013-05-11,55,Dance Baby Dance,Chris Cagle,60,2,Gains In Performance
2013-05-11,56,Maybe Someday,Lonestar,58,5,Gains In Performance
2013-05-11,57,Friday Night,Eric Paslay,NEW,1,Gains In Performance
2013-05-11,58,The Good Life,Casey James,57,3,
2013-05-11,59,See You Tonight,Scotty McCreery,59,2,
2013-05-11,60,Sunny And 75,Joe Nichols,NEW,1,Gains In Performance
2013-05-18,1,Get Your Shine On,Florida Georgia Line,2,22,Gains In Performance
2013-05-18,2,Mama's Broken Heart,Miranda Lambert,3,20,Gains In Performance
2013-05-18,3,Wagon Wheel,Darius Rucker,6,18,Gains In Performance
2013-05-18,4,Pirate Flag,Kenny Chesney,5,14,Gains In Performance
2013-05-18,5,If I Didn't Have You,Thompson Square,1,29,
2013-05-18,6,Highway Don't Care,Tim McGraw With Taylor Swift,7,13,Greatest gainer this week|Gains In Performance
2013-05-18,7,Downtown,Lady Antebellum,4,15,
2013-05-18,8,Give It All We Got Tonight,George Strait,8,27,Gains In Performance
2013-05-18,9,Boys 'Round Here,Blake Shelton Featuring Pistol Annies & Friends,12,6,Gains In Performance
2013-05-18,10,Beat This Summer,Brad Paisley,10,10,Gains In Performance
2013-05-18,11,Like Jesus Does,Eric Church,11,18,Gains In Performance
2013-05-18,12,DONE.,The Band Perry,14,10,Gains In Performance
2013-05-18,13,Anywhere With You,Jake Owen,16,18,Gains In Performance
2013-05-18,14,More Than Miles,Brantley Gilbert,13,29,Gains In Performance
2013-05-18,15,1994,Jason Aldean,15,12,Gains In Performance
2013-05-18,16,Jump Right In,Zac Brown Band,17,13,Gains In Performance
2013-05-18,17,Crash My Party,Luke Bryan,18,4,Gains In Performance
2013-05-18,18,Can't Shake You,Gloriana,19,34,Gains In Performance
2013-05-18,19,American Beautiful,The Henningsens,20,21,Gains In Performance
2013-05-18,20,Hey Pretty Girl,Kip Moore,21,18,Gains In Performance
2013-05-18,21,I Want Crazy,Hunter Hayes,23,4,Gains In Performance
2013-05-18,22,All Over The Road,Easton Corbin,22,18,Gains In Performance
2013-05-18,23,See You Again,Carrie Underwood,24,6,Gains In Performance
2013-05-18,24,Don't Ya,Brett Eldredge,26,29,Gains In Performance
2013-05-18,25,Pieces,Gary Allan,25,13,Gains In Performance
2013-05-18,26,Point At You,Justin Moore,28,8,Gains In Performance
2013-05-18,27,Don't Rush,Kelly Clarkson Featuring Vince Gill,27,27,
2013-05-18,28,Runnin' Outta Moonlight,Randy Houser,30,12,Gains In Performance
2013-05-18,29,Hey Girl,Billy Currington,29,9,Gains In Performance
2013-05-18,30,More Trucks Than Cars,Craig Morgan,32,35,Gains In Performance
2013-05-18,31,Easy,Sheryl Crow,31,11,Gains In Performance
2013-05-18,32,Outta My Head,Craig Campbell,33,31,Gains In Performance
2013-05-18,33,Redneck Crazy,Tyler Farr,35,11,Gains In Performance
2013-05-18,34,Could It Be,Charlie Worsham,34,17,Gains In Performance
2013-05-18,35,Blowin' Smoke,Kacey Musgraves,37,6,Gains In Performance
2013-05-18,36,If You Want Some,Joel Crouse,36,15,Gains In Performance
2013-05-18,37,Your Side Of The Bed,Little Big Town,38,5,Gains In Performance
2013-05-18,38,Ain't Easy,Rachel Farley,39,11,Gains In Performance
2013-05-18,39,Better,Maggie Rose,41,10,Gains In Performance
2013-05-18,40,Carolina,Parmalee,40,14,
2013-05-18,41,It Goes Like This,Thomas Rhett,43,2,Gains In Performance
2013-05-18,42,Parking Lot Party,Lee Brice,53,2,Gains In Performance
2013-05-18,43,Hush Hush,Pistol Annies,46,5,Gains In Performance
2013-05-18,44,Up All Night,Jon Pardi,48,7,Gains In Performance
2013-05-18,45,The Simple Life,Drake White,54,4,Gains In Performance
2013-05-18,46,Love Is Alive,Phil Vassar,42,7,Gains In Performance
2013-05-18,47,Better I Don't,Chris Janson,44,15,Gains In Performance
2013-05-18,48,Ho Hey,Lennon & Maisy,47,4,Gains In Performance
2013-05-18,49,Power Of A Love Song,Tate Stevens,50,8,Gains In Performance
2013-05-18,50,Dance Baby Dance,Chris Cagle,55,3,Gains In Performance
2013-05-18,51,Playin With Fire,Katie Armiger,51,9,Gains In Performance
2013-05-18,52,Complete 360,Kix Brooks,49,6,
2013-05-18,53,Friday Night,Eric Paslay,57,2,Gains In Performance
2013-05-18,54,Thank A Farmer,James Wesley,52,8,
2013-05-18,55,See You Tonight,Scotty McCreery,59,3,Gains In Performance
2013-05-18,56,Coconut Tree,Kenny Chesney With Willie Nelson,NEW,1,Highest ranking debut|Gains In Performance
2013-05-18,57,When I See This Bar,Kenny Chesney,NEW,1,Gains In Performance
2013-05-18,58,The Good Life,Casey James,58,4,Gains In Performance
2013-05-18,59,Must Be Something I Missed,Kenny Chesney,NEW,1,Gains In Performance
2013-05-18,60,Life On A Rock,Kenny Chesney,NEW,1,Gains In Performance
2013-05-25,1,Get Your Shine On,Florida Georgia Line,1,23,Gains In Performance
2013-05-25,2,Wagon Wheel,Darius Rucker,3,19,Gains In Performance
2013-05-25,3,Pirate Flag,Kenny Chesney,4,15,Gains In Performance
2013-05-25,4,Mama's Broken Heart,Miranda Lambert,2,21,
2013-05-25,5,Highway Don't Care,Tim McGraw With Taylor Swift,6,14,Gains In Performance
2013-05-25,6,Give It All We Got Tonight,George Strait,8,28,Greatest gainer this week|Gains In Performance
2013-05-25,7,Boys 'Round Here,Blake Shelton Featuring Pistol Annies & Friends,9,7,Gains In Performance
2013-05-25,8,Downtown,Lady Antebellum,7,16,
2013-05-25,9,Like Jesus Does,Eric Church,11,19,Gains In Performance
2013-05-25,10,Beat This Summer,Brad Paisley,10,11,Gains In Performance
2013-05-25,11,Anywhere With You,Jake Owen,13,19,Gains In Performance
2013-05-25,12,DONE.,The Band Perry,12,11,Gains In Performance
2013-05-25,13,More Than Miles,Brantley Gilbert,14,30,Gains In Performance
2013-05-25,14,Crash My Party,Luke Bryan,17,5,Gains In Performance
2013-05-25,15,Jump Right In,Zac Brown Band,16,14,Gains In Performance
2013-05-25,16,1994,Jason Aldean,15,13,
2013-05-25,17,Hey Pretty Girl,Kip Moore,20,19,Gains In Performance
2013-05-25,18,Can't Shake You,Gloriana,18,35,Gains In Performance
2013-05-25,19,I Want Crazy,Hunter Hayes,21,5,Gains In Performance
2013-05-25,20,American Beautiful,The Henningsens,19,22,Gains In Performance
2013-05-25,21,All Over The Road,Easton Corbin,22,19,Gains In Performance
2013-05-25,22,See You Again,Carrie Underwood,23,7,Gains In Performance
2013-05-25,23,Don't Ya,Brett Eldredge,24,30,Gains In Performance
2013-05-25,24,Pieces,Gary Allan,25,14,Gains In Performance
2013-05-25,25,Point At You,Justin Moore,26,9,Gains In Performance
2013-05-25,26,Runnin' Outta Moonlight,Randy Houser,28,13,Gains In Performance
2013-05-25,27,Hey Girl,Billy Currington,29,10,Gains In Performance
2013-05-25,28,Easy,Sheryl Crow,31,12,Gains In Performance
2013-05-25,29,More Trucks Than Cars,Craig Morgan,30,36,Gains In Performance
2013-05-25,30,Outta My Head,Craig Campbell,32,32,Gains In Performance
2013-05-25,31,Redneck Crazy,Tyler Farr,33,12,Gains In Performance
2013-05-25,32,Blowin' Smoke,Kacey Musgraves,35,7,Gains In Performance
2013-05-25,33,Could It Be,Charlie Worsham,34,18,Gains In Performance
2013-05-25,34,Your Side Of The Bed,Little Big Town,37,6,Gains In Performance
2013-05-25,35,If You Want Some,Joel Crouse,36,16,
2013-05-25,36,It Goes Like This,Thomas Rhett,41,3,Gains In Performance
2013-05-25,37,Ain't Easy,Rachel Farley,38,12,Gains In Performance
2013-05-25,38,Better,Maggie Rose,39,11,Gains In Performance
2013-05-25,39,Parking Lot Party,Lee Brice,42,3,Gains In Performance
2013-05-25,40,Carolina,Parmalee,40,15,Gains In Performance
2013-05-25,41,Better I Don't,Chris Janson,47,16,Gains In Performance
2013-05-25,42,Up All Night,Jon Pardi,44,8,Gains In Performance
2013-05-25,43,Hush Hush,Pistol Annies,43,6,
2013-05-25,44,Love Is Alive,Phil Vassar,46,8,
2013-05-25,45,The Simple Life,Drake White,45,5,
2013-05-25,46,Goodbye Town,Lady Antebellum,NEW,1,Highest ranking debut|Gains In Performance
2013-05-25,47,Friday Night,Eric Paslay,53,3,Gains In Performance
2013-05-25,48,Ho Hey,Lennon & Maisy,48,5,Gains In Performance
2013-05-25,49,Power Of A Love Song,Tate Stevens,49,9,Gains In Performance
2013-05-25,50,See You Tonight,Scotty McCreery,55,4,Gains In Performance
2013-05-25,51,Dance Baby Dance,Chris Cagle,50,4,Gains In Performance
2013-05-25,52,Playin With Fire,Katie Armiger,51,10,Gains In Performance
2013-05-25,53,Thank A Farmer,James Wesley,54,9,Gains In Performance
2013-05-25,54,Aw Naw,Chris Young,NEW,1,Gains In Performance
2013-05-25,55,Complete 360,Kix Brooks,52,7,Gains In Performance
2013-05-25,56,Sunny And 75,Joe Nichols,RE,2,Gains In Performance
2013-05-25,57,The Good Life,Casey James,58,5,Gains In Performance
2013-05-25,58,Daddy Dance With Me,Krystal Keith,NEW,1,Gains In Performance
2013-05-25,59,Lucky Sometimes,Weston Burt,NEW,1,Gains In Performance
2013-05-25,60,Still Rollin',Gretchen Wilson,NEW,1,
2013-06-01,1,Wagon Wheel,Darius Rucker,2,20,Gains In Performance
2013-06-01,2,Give It All We Got Tonight,George Strait,6,29,Greatest gainer this week|Gains In Performance
2013-06-01,3,Highway Don't Care,Tim McGraw With Taylor Swift,5,15,Gains In Performance
2013-06-01,4,Get Your Shine On,Florida Georgia Line,1,24,
2013-06-01,5,Boys 'Round Here,Blake Shelton Featuring Pistol Annies & Friends,7,8,Gains In Performance
2013-06-01,6,Mama's Broken Heart,Miranda Lambert,4,22,
2013-06-01,7,Beat This Summer,Brad Paisley,10,12,Gains In Performance
2013-06-01,8,Like Jesus Does,Eric Church,9,20,Gains In Performance
2013-06-01,9,Anywhere With You,Jake Owen,11,20,Gains In Performance
2013-06-01,10,Pirate Flag,Kenny Chesney,3,16,
2013-06-01,11,DONE.,The Band Perry,12,12,Gains In Performance
2013-06-01,12,Crash My Party,Luke Bryan,14,6,Gains In Performance
2013-06-01,13,More Than Miles,Brantley Gilbert,13,31,Gains In Performance
2013-06-01,14,Jump Right In,Zac Brown Band,15,15,Gains In Performance
2013-06-01,15,Hey Pretty Girl,Kip Moore,17,20,Gains In Performance
2013-06-01,16,I Want Crazy,Hunter Hayes,19,6,Gains In Performance
2013-06-01,17,Can't Shake You,Gloriana,18,36,Gains In Performance
2013-06-01,18,American Beautiful,The Henningsens,20,23,Gains In Performance
2013-06-01,19,See You Again,Carrie Underwood,22,8,Gains In Performance
2013-06-01,20,All Over The Road,Easton Corbin,21,20,Gains In Performance
2013-06-01,21,Don't Ya,Brett Eldredge,23,31,Gains In Performance
2013-06-01,22,1994,Jason Aldean,16,14,
2013-06-01,23,Pieces,Gary Allan,24,15,Gains In Performance
2013-06-01,24,Runnin' Outta Moonlight,Randy Houser,26,14,Gains In Performance
2013-06-01,25,Point At You,Justin Moore,25,10,Gains In Performance
2013-06-01,26,Hey Girl,Billy Currington,27,11,Gains In Performance
2013-06-01,27,Easy,Sheryl Crow,28,13,Gains In Performance
2013-06-01,28,More Trucks Than Cars,Craig Morgan,29,37,Gains In Performance
2013-06-01,29,Redneck Crazy,Tyler Farr,31,13,Gains In Performance
2013-06-01,30,Little Bit Of Everything,Keith Urban,NEW,1,Highest ranking debut|Gains In Performance
2013-06-01,31,Outta My Head,Craig Campbell,30,33,Gains In Performance
2013-06-01,32,Goodbye Town,Lady Antebellum,46,2,Gains In Performance
2013-06-01,33,Blowin' Smoke,Kacey Musgraves,32,8,Gains In Performance
2013-06-01,34,Could It Be,Charlie Worsham,33,19,Gains In Performance
2013-06-01,35,Parking Lot Party,Lee Brice,39,4,Gains In Performance
2013-06-01,36,Your Side Of The Bed,Little Big Town,34,7,Gains In Performance
2013-06-01,37,It Goes Like This,Thomas Rhett,36,4,Gains In Performance
2013-06-01,38,If You Want Some,Joel Crouse,35,17,Gains In Performance
2013-06-01,39,Ain't Easy,Rachel Farley,37,13,Gains In Performance
2013-06-01,40,Better,Maggie Rose,38,12,Gains In Performance
2013-06-01,41,Carolina,Parmalee,40,16,
2013-06-01,42,The Simple Life,Drake White,45,6,Gains In Performance
2013-06-01,43,Hush Hush,Pistol Annies,43,7,Gains In Performance
2013-06-01,44,See You Tonight,Scotty McCreery,50,5,Gains In Performance
2013-06-01,45,Love Is Alive,Phil Vassar,44,9,Gains In Performance
2013-06-01,46,Better I Don't,Chris Janson,41,17,Gains In Performance
2013-06-01,47,Up All Night,Jon Pardi,42,9,Gains In Performance
2013-06-01,48,Aw Naw,Chris Young,54,2,Gains In Performance
2013-06-01,49,Ho Hey,Lennon & Maisy,48,6,Gains In Performance
2013-06-01,50,Sunny And 75,Joe Nichols,56,3,Gains In Performance
2013-06-01,51,Friday Night,Eric Paslay,47,4,Gains In Performance
2013-06-01,52,Dance Baby Dance,Chris Cagle,51,5,Gains In Performance
2013-06-01,53,Complete 360,Kix Brooks,55,8,
2013-06-01,54,Round Here,Florida Georgia Line,NEW,1,Gains In Performance
2013-06-01,55,Power Of A Love Song,Tate Stevens,49,10,
2013-06-01,56,Playin With Fire,Katie Armiger,52,11,
2013-06-01,57,Thank A Farmer,James Wesley,53,10,
2013-06-01,58,Watch The World End,Trace Adkins Featuring Colbie Caillat,NEW,1,Gains In Performance
2013-06-01,59,Lucky Sometimes,Weston Burt,59,2,Gains In Performance
2013-06-01,60,The Good Life,Casey James,57,6,
2013-06-08,1,Wagon Wheel,Darius Rucker,1,21,Gains In Performance
2013-06-08,2,Highway Don't Care,Tim McGraw With Taylor Swift,3,16,Gains In Performance
2013-06-08,3,Boys 'Round Here,Blake Shelton Featuring Pistol Annies & Friends,5,9,Gains In Performance
2013-06-08,4,Anywhere With You,Jake Owen,9,21,Gains In Performance
2013-06-08,5,Get Your Shine On,Florida Georgia Line,4,25,
2013-06-08,6,Like Jesus Does,Eric Church,8,21,Gains In Performance
2013-06-08,7,Beat This Summer,Brad Paisley,7,13,Gains In Performance
2013-06-08,8,DONE.,The Band Perry,11,13,Gains In Performance
2013-06-08,9,Crash My Party,Luke Bryan,12,7,Gains In Performance
2013-06-08,10,More Than Miles,Brantley Gilbert,13,32,Gains In Performance
2013-06-08,11,Hey Pretty Girl,Kip Moore,15,21,Gains In Performance
2013-06-08,12,Jump Right In,Zac Brown Band,14,16,Gains In Performance
2013-06-08,13,I Want Crazy,Hunter Hayes,16,7,Gains In Performance
2013-06-08,14,See You Again,Carrie Underwood,19,9,Gains In Performance
2013-06-08,15,Pirate Flag,Kenny Chesney,10,17,
2013-06-08,16,Can't Shake You,Gloriana,17,37,Gains In Performance
2013-06-08,17,American Beautiful,The Henningsens,18,24,Gains In Performance
2013-06-08,18,All Over The Road,Easton Corbin,20,21,Gains In Performance
2013-06-08,19,Don't Ya,Brett Eldredge,21,32,Gains In Performance
2013-06-08,20,Runnin' Outta Moonlight,Randy Houser,24,15,Gains In Performance
2013-06-08,21,Point At You,Justin Moore,25,11,Gains In Performance
2013-06-08,22,Pieces,Gary Allan,23,16,Gains In Performance
2013-06-08,23,Little Bit Of Everything,Keith Urban,30,2,Greatest gainer this week|Gains In Performance
2013-06-08,24,Goodbye Town,Lady Antebellum,32,3,Gains In Performance
2013-06-08,25,Hey Girl,Billy Currington,26,12,Gains In Performance
2013-06-08,26,Easy,Sheryl Crow,27,14,Gains In Performance
2013-06-08,27,Redneck Crazy,Tyler Farr,29,14,Gains In Performance
2013-06-08,28,More Trucks Than Cars,Craig Morgan,28,38,Gains In Performance
2013-06-08,29,Outta My Head,Craig Campbell,31,34,Gains In Performance
2013-06-08,30,Blowin' Smoke,Kacey Musgraves,33,9,Gains In Performance
2013-06-08,31,Parking Lot Party,Lee Brice,35,5,Gains In Performance
2013-06-08,32,Could It Be,Charlie Worsham,34,20,Gains In Performance
2013-06-08,33,Your Side Of The Bed,Little Big Town,36,8,Gains In Performance
2013-06-08,34,It Goes Like This,Thomas Rhett,37,5,Gains In Performance
2013-06-08,35,If You Want Some,Joel Crouse,38,18,Gains In Performance
2013-06-08,36,Better,Maggie Rose,40,13,Gains In Performance
2013-06-08,37,Ain't Easy,Rachel Farley,39,14,Gains In Performance
2013-06-08,38,Aw Naw,Chris Young,48,3,Gains In Performance
2013-06-08,39,Sunny And 75,Joe Nichols,50,4,Gains In Performance
2013-06-08,40,Carolina,Parmalee,41,17,Gains In Performance
2013-06-08,41,The Simple Life,Drake White,42,7,Gains In Performance
2013-06-08,42,Up All Night,Jon Pardi,47,10,Gains In Performance
2013-06-08,43,Love Is Alive,Phil Vassar,45,10,Gains In Performance
2013-06-08,44,See You Tonight,Scotty McCreery,44,6,Gains In Performance
2013-06-08,45,Hush Hush,Pistol Annies,43,8,
2013-06-08,46,Better I Don't,Chris Janson,46,18,Gains In Performance
2013-06-08,47,Round Here,Florida Georgia Line,54,2,Gains In Performance
2013-06-08,48,Friday Night,Eric Paslay,51,5,Gains In Performance
2013-06-08,49,Ho Hey,Lennon & Maisy,49,7,Gains In Performance
2013-06-08,50,Dance Baby Dance,Chris Cagle,52,6,Gains In Performance
2013-06-08,51,Complete 360,Kix Brooks,53,9,Gains In Performance
2013-06-08,52,Playin With Fire,Katie Armiger,56,12,Gains In Performance
2013-06-08,53,Thank A Farmer,James Wesley,57,11,Gains In Performance
2013-06-08,54,Chase A Little Love,LoCash Cowboys,NEW,1,Highest ranking debut|Gains In Performance
2013-06-08,55,I Hope It Rains,Jana Kramer,NEW,1,Gains In Performance
2013-06-08,56,Power Of A Love Song,Tate Stevens,55,11,
2013-06-08,57,Watch The World End,Trace Adkins Featuring Colbie Caillat,58,2,
2013-06-08,58,Lucky Sometimes,Weston Burt,59,3,Gains In Performance
2013-06-08,59,Daddy Dance With Me,Krystal Keith,RE,2,Gains In Performance
2013-06-08,60,Somethin' Like Somethin',Dakota Bradley,NEW,1,Gains In Performance
2013-06-15,1,Highway Don't Care,Tim McGraw With Taylor Swift,2,17,Gains In Performance
2013-06-15,2,Wagon Wheel,Darius Rucker,1,22,
2013-06-15,3,Boys 'Round Here,Blake Shelton Featuring Pistol Annies & Friends,3,10,Gains In Performance
2013-06-15,4,Anywhere With You,Jake Owen,4,22,Gains In Performance
2013-06-15,5,Beat This Summer,Brad Paisley,7,14,Gains In Performance
2013-06-15,6,Crash My Party,Luke Bryan,9,8,Greatest gainer this week|Gains In Performance
2013-06-15,7,Like Jesus Does,Eric Church,6,22,
2013-06-15,8,DONE.,The Band Perry,8,14,Gains In Performance
2013-06-15,9,Get Your Shine On,Florida Georgia Line,5,26,
2013-06-15,10,More Than Miles,Brantley Gilbert,10,33,Gains In Performance
2013-06-15,11,Jump Right In,Zac Brown Band,12,17,Gains In Performance
2013-06-15,12,Hey Pretty Girl,Kip Moore,11,22,Gains In Performance
2013-06-15,13,I Want Crazy,Hunter Hayes,13,8,Gains In Performance
2013-06-15,14,See You Again,Carrie Underwood,14,10,Gains In Performance
2013-06-15,15,All Over The Road,Easton Corbin,18,22,Gains In Performance
2013-06-15,16,Can't Shake You,Gloriana,16,38,Gains In Performance
2013-06-15,17,American Beautiful,The Henningsens,17,25,Gains In Performance
2013-06-15,18,Don't Ya,Brett Eldredge,19,33,Gains In Performance
2013-06-15,19,Runnin' Outta Moonlight,Randy Houser,20,16,Gains In Performance
2013-06-15,20,Little Bit Of Everything,Keith Urban,23,3,Gains In Performance
2013-06-15,21,Point At You,Justin Moore,21,12,Gains In Performance
2013-06-15,22,Pieces,Gary Allan,22,17,Gains In Performance
2013-06-15,23,Goodbye Town,Lady Antebellum,24,4,Gains In Performance
2013-06-15,24,Hey Girl,Billy Currington,25,13,Gains In Performance
2013-06-15,25,Redneck Crazy,Tyler Farr,27,15,Gains In Performance
2013-06-15,26,Easy,Sheryl Crow,26,15,Gains In Performance
2013-06-15,27,More Trucks Than Cars,Craig Morgan,28,39,Gains In Performance
2013-06-15,28,Outta My Head,Craig Campbell,29,35,Gains In Performance
2013-06-15,29,Blowin' Smoke,Kacey Musgraves,30,10,Gains In Performance
2013-06-15,30,Could It Be,Charlie Worsham,32,21,Gains In Performance
2013-06-15,31,Parking Lot Party,Lee Brice,31,6,Gains In Performance
2013-06-15,32,It Goes Like This,Thomas Rhett,34,6,Gains In Performance
2013-06-15,33,Your Side Of The Bed,Little Big Town,33,9,
2013-06-15,34,If You Want Some,Joel Crouse,35,19,Gains In Performance
2013-06-15,35,Sunny And 75,Joe Nichols,39,5,Gains In Performance
2013-06-15,36,Aw Naw,Chris Young,38,4,Gains In Performance
2013-06-15,37,Better,Maggie Rose,36,14,Gains In Performance
2013-06-15,38,Ain't Easy,Rachel Farley,37,15,Gains In Performance
2013-06-15,39,Carolina,Parmalee,40,18,Gains In Performance
2013-06-15,40,Round Here,Florida Georgia Line,47,3,Gains In Performance
2013-06-15,41,The Simple Life,Drake White,41,8,Gains In Performance
2013-06-15,42,See You Tonight,Scotty McCreery,44,7,Gains In Performance
2013-06-15,43,Hush Hush,Pistol Annies,45,9,Gains In Performance
2013-06-15,44,Love Is Alive,Phil Vassar,43,11,Gains In Performance
2013-06-15,45,Up All Night,Jon Pardi,42,11,Gains In Performance
2013-06-15,46,Better I Don't,Chris Janson,46,19,Gains In Performance
2013-06-15,47,Dance Baby Dance,Chris Cagle,50,7,Gains In Performance
2013-06-15,48,Friday Night,Eric Paslay,48,6,Gains In Performance
2013-06-15,49,Ho Hey,Lennon & Maisy,49,8,
2013-06-15,50,I Hope It Rains,Jana Kramer,55,2,Gains In Performance
2013-06-15,51,Whatever She's Got,David Nail,NEW,1,Highest ranking debut|Gains In Performance
2013-06-15,52,Playin With Fire,Katie Armiger,52,13,Gains In Performance
2013-06-15,53,Wild In Your Smile,Dustin Lynch,NEW,1,Gains In Performance
2013-06-15,54,Chase A Little Love,LoCash Cowboys,54,2,Gains In Performance
2013-06-15,55,Thank A Farmer,James Wesley,53,12,
2013-06-15,56,Bourbon In Kentucky,Dierks Bentley,NEW,1,Gains In Performance
2013-06-15,57,Someone Somewhere Tonight,Kellie Pickler,NEW,1,Gains In Performance
2013-06-15,58,There's The Sun,Kix Brooks,NEW,1,Gains In Performance
2013-06-15,59,Watch The World End,Trace Adkins Featuring Colbie Caillat,57,3,Gains In Performance
2013-06-15,60,Lucky Sometimes,Weston Burt,58,4,Gains In Performance
2013-06-22,1,Highway Don't Care,Tim McGraw With Taylor Swift,1,18,Gains In Performance
2013-06-22,2,Boys 'Round Here,Blake Shelton Featuring Pistol Annies & Friends,3,11,Gains In Performance
2013-06-22,3,Anywhere With You,Jake Owen,4,23,Gains In Performance
2013-06-22,4,Crash My Party,Luke Bryan,6,9,Greatest gainer this week|Gains In Performance
2013-06-22,5,Beat This Summer,Brad Paisley,5,15,Gains In Performance
2013-06-22,6,Wagon Wheel,Darius Rucker,2,23,
2013-06-22,7,DONE.,The Band Perry,8,15,Gains In Performance
2013-06-22,8,Like Jesus Does,Eric Church,7,23,
2013-06-22,9,More Than Miles,Brantley Gilbert,10,34,Gains In Performance
2013-06-22,10,Jump Right In,Zac Brown Band,11,18,Gains In Performance
2013-06-22,11,Hey Pretty Girl,Kip Moore,12,23,Gains In Performance
2013-06-22,12,I Want Crazy,Hunter Hayes,13,9,Gains In Performance
2013-06-22,13,See You Again,Carrie Underwood,14,11,Gains In Performance
2013-06-22,14,Don't Ya,Brett Eldredge,18,34,Gains In Performance
2013-06-22,15,All Over The Road,Easton Corbin,15,23,Gains In Performance
2013-06-22,16,Runnin' Outta Moonlight,Randy Houser,19,17,Gains In Performance
2013-06-22,17,Little Bit Of Everything,Keith Urban,20,4,Gains In Performance
2013-06-22,18,Point At You,Justin Moore,21,13,Gains In Performance
2013-06-22,19,Pieces,Gary Allan,22,18,Gains In Performance
2013-06-22,20,Goodbye Town,Lady Antebellum,23,5,Gains In Performance
2013-06-22,21,Hey Girl,Billy Currington,24,14,Gains In Performance
2013-06-22,22,Redneck Crazy,Tyler Farr,25,16,Gains In Performance
2013-06-22,23,Easy,Sheryl Crow,26,16,Gains In Performance
2013-06-22,24,Parking Lot Party,Lee Brice,31,7,Gains In Performance
2013-06-22,25,Outta My Head,Craig Campbell,28,36,Gains In Performance
2013-06-22,26,Blowin' Smoke,Kacey Musgraves,29,11,Gains In Performance
2013-06-22,27,Could It Be,Charlie Worsham,30,22,Gains In Performance
2013-06-22,28,It Goes Like This,Thomas Rhett,32,7,Gains In Performance
2013-06-22,29,Round Here,Florida Georgia Line,40,4,Gains In Performance
2013-06-22,30,Sunny And 75,Joe Nichols,35,6,Gains In Performance
2013-06-22,31,Aw Naw,Chris Young,36,5,Gains In Performance
2013-06-22,32,Your Side Of The Bed,Little Big Town,33,10,Gains In Performance
2013-06-22,33,If You Want Some,Joel Crouse,34,20,
2013-06-22,34,Better,Maggie Rose,37,15,Gains In Performance
2013-06-22,35,Carolina,Parmalee,39,19,Gains In Performance
2013-06-22,36,Ain't Easy,Rachel Farley,38,16,Gains In Performance
2013-06-22,37,The Simple Life,Drake White,41,9,Gains In Performance
2013-06-22,38,See You Tonight,Scotty McCreery,42,8,Gains In Performance
2013-06-22,39,When I See This Bar,Kenny Chesney,RE,2,Gains In Performance
2013-06-22,40,Better I Don't,Chris Janson,46,20,Gains In Performance
2013-06-22,41,Up All Night,Jon Pardi,45,12,Gains In Performance
2013-06-22,42,Friday Night,Eric Paslay,48,7,Gains In Performance
2013-06-22,43,Hush Hush,Pistol Annies,43,10,
2013-06-22,44,Love Is Alive,Phil Vassar,44,12,Gains In Performance
2013-06-22,45,Dance Baby Dance,Chris Cagle,47,8,Gains In Performance
2013-06-22,46,I Hope It Rains,Jana Kramer,50,3,Gains In Performance
2013-06-22,47,Whatever She's Got,David Nail,51,2,Gains In Performance
2013-06-22,48,There's The Sun,Kix Brooks,58,2,Gains In Performance
2013-06-22,49,Bourbon In Kentucky,Dierks Bentley,56,2,Gains In Performance
2013-06-22,50,Playin With Fire,Katie Armiger,52,14,
2013-06-22,51,Wild In Your Smile,Dustin Lynch,53,2,Gains In Performance
2013-06-22,52,Someone Somewhere Tonight,Kellie Pickler,57,2,Gains In Performance
2013-06-22,53,If You Ever Get Lonely,Love And Theft,NEW,1,Highest ranking debut|Gains In Performance
2013-06-22,54,Wasting All These Tears,Cassadee Pope,NEW,1,Gains In Performance
2013-06-22,55,Ho Hey,Lennon & Maisy,49,9,
2013-06-22,56,Thank A Farmer,James Wesley,55,13,
2013-06-22,57,Watch The World End,Trace Adkins Featuring Colbie Caillat,59,4,Gains In Performance
2013-06-22,58,Chase A Little Love,LoCash Cowboys,54,3,
2013-06-22,59,Lucky Sometimes,Weston Burt,60,5,Gains In Performance
2013-06-22,60,Still Rollin',Gretchen Wilson,RE,2,Gains In Performance
2013-06-29,1,Boys 'Round Here,Blake Shelton Featuring Pistol Annies & Friends,2,12,Gains In Performance
2013-06-29,2,Anywhere With You,Jake Owen,3,24,Gains In Performance
2013-06-29,3,Crash My Party,Luke Bryan,4,10,Gains In Performance
2013-06-29,4,Beat This Summer,Brad Paisley,5,16,Gains In Performance
2013-06-29,5,DONE.,The Band Perry,7,16,Gains In Performance
2013-06-29,6,Highway Don't Care,Tim McGraw With Taylor Swift,1,19,
2013-06-29,7,Jump Right In,Zac Brown Band,10,19,Gains In Performance
2013-06-29,8,Hey Pretty Girl,Kip Moore,11,24,Gains In Performance
2013-06-29,9,More Than Miles,Brantley Gilbert,9,35,
2013-06-29,10,I Want Crazy,Hunter Hayes,12,10,Gains In Performance
2013-06-29,11,See You Again,Carrie Underwood,13,12,Gains In Performance
2013-06-29,12,Runnin' Outta Moonlight,Randy Houser,16,18,Gains In Performance
2013-06-29,13,Don't Ya,Brett Eldredge,14,35,Gains In Performance
2013-06-29,14,All Over The Road,Easton Corbin,15,24,Gains In Performance
2013-06-29,15,Little Bit Of Everything,Keith Urban,17,5,Gains In Performance
2013-06-29,16,Point At You,Justin Moore,18,14,Gains In Performance
2013-06-29,17,Goodbye Town,Lady Antebellum,20,6,Gains In Performance
2013-06-29,18,Pieces,Gary Allan,19,19,Gains In Performance
2013-06-29,19,Hey Girl,Billy Currington,21,15,Gains In Performance
2013-06-29,20,Redneck Crazy,Tyler Farr,22,17,Gains In Performance
2013-06-29,21,Easy,Sheryl Crow,23,17,Gains In Performance
2013-06-29,22,Parking Lot Party,Lee Brice,24,8,Gains In Performance
2013-06-29,23,Blowin' Smoke,Kacey Musgraves,26,12,Gains In Performance
2013-06-29,24,When I See This Bar,Kenny Chesney,39,3,Gains In Performance
2013-06-29,25,Outta My Head,Craig Campbell,25,37,Gains In Performance
2013-06-29,26,Drinks After Work,Toby Keith,NEW,1,Highest ranking debut|Gains In Performance
2013-06-29,27,Round Here,Florida Georgia Line,29,5,Gains In Performance
2013-06-29,28,Could It Be,Charlie Worsham,27,23,Gains In Performance
2013-06-29,29,It Goes Like This,Thomas Rhett,28,8,Gains In Performance
2013-06-29,30,Aw Naw,Chris Young,31,6,Gains In Performance
2013-06-29,31,Your Side Of The Bed,Little Big Town,32,11,Gains In Performance
2013-06-29,32,Sunny And 75,Joe Nichols,30,7,Gains In Performance
2013-06-29,33,Carolina,Parmalee,35,20,Gains In Performance
2013-06-29,34,If You Want Some,Joel Crouse,33,21,Gains In Performance
2013-06-29,35,Better,Maggie Rose,34,16,Gains In Performance
2013-06-29,36,Ain't Easy,Rachel Farley,36,17,
2013-06-29,37,See You Tonight,Scotty McCreery,38,9,Gains In Performance
2013-06-29,38,The Simple Life,Drake White,37,10,
2013-06-29,39,Love Is Alive,Phil Vassar,44,13,Gains In Performance
2013-06-29,40,Up All Night,Jon Pardi,41,13,Gains In Performance
2013-06-29,41,Friday Night,Eric Paslay,42,8,Gains In Performance
2013-06-29,42,Better I Don't,Chris Janson,40,21,Gains In Performance
2013-06-29,43,Night Train,Jason Aldean,RE,4,Gains In Performance
2013-06-29,44,Dance Baby Dance,Chris Cagle,45,9,Gains In Performance
2013-06-29,45,I Hope It Rains,Jana Kramer,46,4,Gains In Performance
2013-06-29,46,Wasting All These Tears,Cassadee Pope,54,2,Gains In Performance
2013-06-29,47,Whatever She's Got,David Nail,47,3,Gains In Performance
2013-06-29,48,Bourbon In Kentucky,Dierks Bentley,49,3,Gains In Performance
2013-06-29,49,Hush Hush,Pistol Annies,43,11,
2013-06-29,50,Everything I Shouldn't Be Thinking About,Thompson Square,NEW,1,Gains In Performance
2013-06-29,51,If You Ever Get Lonely,Love And Theft,53,2,Gains In Performance
2013-06-29,52,There's The Sun,Kix Brooks,48,3,Gains In Performance
2013-06-29,53,Wild In Your Smile,Dustin Lynch,51,3,Gains In Performance
2013-06-29,54,Someone Somewhere Tonight,Kellie Pickler,52,3,Gains In Performance
2013-06-29,55,Playin With Fire,Katie Armiger,50,15,Gains In Performance
2013-06-29,56,Lucky Sometimes,Weston Burt,59,6,Gains In Performance
2013-06-29,57,Drunk Last Night,Eli Young Band,NEW,1,Gains In Performance
2013-06-29,58,Chase A Little Love,LoCash Cowboys,58,4,Gains In Performance
2013-06-29,59,Watch The World End,Trace Adkins Featuring Colbie Caillat,57,5,
2013-06-29,60,Red,Taylor Swift,NEW,1,Gains In Performance
2013-07-06,1,Anywhere With You,Jake Owen,2,25,Gains In Performance
2013-07-06,2,Crash My Party,Luke Bryan,3,11,Gains In Performance
2013-07-06,3,Beat This Summer,Brad Paisley,4,17,Gains In Performance
2013-07-06,4,Boys 'Round Here,Blake Shelton Featuring Pistol Annies & Friends,1,13,
2013-07-06,5,DONE.,The Band Perry,5,17,Gains In Performance
2013-07-06,6,Jump Right In,Zac Brown Band,7,20,Gains In Performance
2013-07-06,7,I Want Crazy,Hunter Hayes,10,11,Gains In Performance
2013-07-06,8,Highway Don't Care,Tim McGraw With Taylor Swift,6,20,
2013-07-06,9,Hey Pretty Girl,Kip Moore,8,25,Gains In Performance
2013-07-06,10,More Than Miles,Brantley Gilbert,9,36,Gains In Performance
2013-07-06,11,See You Again,Carrie Underwood,11,13,Gains In Performance
2013-07-06,12,Runnin' Outta Moonlight,Randy Houser,12,19,Gains In Performance
2013-07-06,13,Don't Ya,Brett Eldredge,13,36,Gains In Performance
2013-07-06,14,All Over The Road,Easton Corbin,14,25,Gains In Performance
2013-07-06,15,Little Bit Of Everything,Keith Urban,15,6,Gains In Performance
2013-07-06,16,Point At You,Justin Moore,16,15,Gains In Performance
2013-07-06,17,Goodbye Town,Lady Antebellum,17,7,Gains In Performance
2013-07-06,18,Pieces,Gary Allan,18,20,Gains In Performance
2013-07-06,19,Redneck Crazy,Tyler Farr,20,18,Gains In Performance
2013-07-06,20,Hey Girl,Billy Currington,19,16,Gains In Performance
2013-07-06,21,Parking Lot Party,Lee Brice,22,9,Gains In Performance
2013-07-06,22,When I See This Bar,Kenny Chesney,24,4,Greatest gainer this week|Gains In Performance
2013-07-06,23,Easy,Sheryl Crow,21,18,Gains In Performance
2013-07-06,24,Round Here,Florida Georgia Line,27,6,Gains In Performance
2013-07-06,25,Outta My Head,Craig Campbell,25,38,Gains In Performance
2013-07-06,26,It Goes Like This,Thomas Rhett,29,9,Gains In Performance
2013-07-06,27,Blowin' Smoke,Kacey Musgraves,23,13,Gains In Performance
2013-07-06,28,Could It Be,Charlie Worsham,28,24,Gains In Performance
2013-07-06,29,Aw Naw,Chris Young,30,7,Gains In Performance
2013-07-06,30,Your Side Of The Bed,Little Big Town,31,12,Gains In Performance
2013-07-06,31,Sunny And 75,Joe Nichols,32,8,Gains In Performance
2013-07-06,32,Carolina,Parmalee,33,21,Gains In Performance
2013-07-06,33,Better,Maggie Rose,35,17,Gains In Performance
2013-07-06,34,If You Want Some,Joel Crouse,34,22,Gains In Performance
2013-07-06,35,Night Train,Jason Aldean,43,5,Gains In Performance
2013-07-06,36,Drinks After Work,Toby Keith,26,2,Gains In Performance
2013-07-06,37,Ain't Easy,Rachel Farley,36,18,
2013-07-06,38,See You Tonight,Scotty McCreery,37,10,Gains In Performance
2013-07-06,39,Wasting All These Tears,Cassadee Pope,46,3,Gains In Performance
2013-07-06,40,Friday Night,Eric Paslay,41,9,Gains In Performance
2013-07-06,41,Love Is Alive,Phil Vassar,39,14,Gains In Performance
2013-07-06,42,Up All Night,Jon Pardi,40,14,Gains In Performance
2013-07-06,43,The Simple Life,Drake White,38,11,
2013-07-06,44,I Hope It Rains,Jana Kramer,45,5,Gains In Performance
2013-07-06,45,Bourbon In Kentucky,Dierks Bentley,48,4,Gains In Performance
2013-07-06,46,Dance Baby Dance,Chris Cagle,44,10,Gains In Performance
2013-07-06,47,Whatever She's Got,David Nail,47,4,Gains In Performance
2013-07-06,48,Red,Taylor Swift,60,2,Gains In Performance
2013-07-06,49,Everything I Shouldn't Be Thinking About,Thompson Square,50,2,Gains In Performance
2013-07-06,50,Drunk Last Night,Eli Young Band,57,2,Gains In Performance
2013-07-06,51,There's The Sun,Kix Brooks,52,4,
2013-07-06,52,Tie It Up,Kelly Clarkson,NEW,1,Highest ranking debut|Gains In Performance
2013-07-06,53,If You Ever Get Lonely,Love And Theft,51,3,Gains In Performance
2013-07-06,54,Wild In Your Smile,Dustin Lynch,53,4,Gains In Performance
2013-07-06,55,Someone Somewhere Tonight,Kellie Pickler,54,4,Gains In Performance
2013-07-06,56,Playin With Fire,Katie Armiger,55,16,Gains In Performance
2013-07-06,57,All Kinds Of Kinds,Miranda Lambert,NEW,1,Gains In Performance
2013-07-06,58,Somethin' Like Somethin',Dakota Bradley,RE,2,Gains In Performance
2013-07-06,59,Lucky Sometimes,Weston Burt,56,7,
2013-07-06,60,Watch The World End,Trace Adkins Featuring Colbie Caillat,59,6,
2013-07-13,1,Crash My Party,Luke Bryan,2,12,Gains In Performance
2013-07-13,2,Beat This Summer,Brad Paisley,3,18,Gains In Performance
2013-07-13,3,DONE.,The Band Perry,5,18,Gains In Performance
2013-07-13,4,Anywhere With You,Jake Owen,1,26,
2013-07-13,5,Jump Right In,Zac Brown Band,6,21,Gains In Performance
2013-07-13,6,Boys 'Round Here,Blake Shelton Featuring Pistol Annies & Friends,4,14,
2013-07-13,7,Hey Pretty Girl,Kip Moore,9,26,Gains In Performance
2013-07-13,8,More Than Miles,Brantley Gilbert,10,37,Gains In Performance
2013-07-13,9,I Want Crazy,Hunter Hayes,7,12,Gains In Performance
2013-07-13,10,Runnin' Outta Moonlight,Randy Houser,12,20,Gains In Performance
2013-07-13,11,Don't Ya,Brett Eldredge,13,37,Gains In Performance
2013-07-13,12,See You Again,Carrie Underwood,11,14,Gains In Performance
2013-07-13,13,All Over The Road,Easton Corbin,14,26,Gains In Performance
2013-07-13,14,Little Bit Of Everything,Keith Urban,15,7,Gains In Performance
2013-07-13,15,Point At You,Justin Moore,16,16,Gains In Performance
2013-07-13,16,Goodbye Town,Lady Antebellum,17,8,Gains In Performance
2013-07-13,17,Redneck Crazy,Tyler Farr,19,19,Gains In Performance
2013-07-13,18,Hey Girl,Billy Currington,20,17,Gains In Performance
2013-07-13,19,Pieces,Gary Allan,18,21,
2013-07-13,20,When I See This Bar,Kenny Chesney,22,5,Gains In Performance
2013-07-13,21,Parking Lot Party,Lee Brice,21,10,Gains In Performance
2013-07-13,22,Round Here,Florida Georgia Line,24,7,Gains In Performance
2013-07-13,23,Easy,Sheryl Crow,23,19,Gains In Performance
2013-07-13,24,Outta My Head,Craig Campbell,25,39,Gains In Performance
2013-07-13,25,It Goes Like This,Thomas Rhett,26,10,Gains In Performance
2013-07-13,26,Could It Be,Charlie Worsham,28,25,Gains In Performance
2013-07-13,27,Night Train,Jason Aldean,35,6,Gains In Performance
2013-07-13,28,Blowin' Smoke,Kacey Musgraves,27,14,Gains In Performance
2013-07-13,29,Aw Naw,Chris Young,29,8,Gains In Performance
2013-07-13,30,Your Side Of The Bed,Little Big Town,30,13,Gains In Performance
2013-07-13,31,Sunny And 75,Joe Nichols,31,9,Gains In Performance
2013-07-13,32,Carolina,Parmalee,32,22,Gains In Performance
2013-07-13,33,Drinks After Work,Toby Keith,36,3,Gains In Performance
2013-07-13,34,Red,Taylor Swift,48,3,Gains In Performance
2013-07-13,35,Better,Maggie Rose,33,18,Gains In Performance
2013-07-13,36,If You Want Some,Joel Crouse,34,23,Gains In Performance
2013-07-13,37,Wasting All These Tears,Cassadee Pope,39,4,Gains In Performance
2013-07-13,38,See You Tonight,Scotty McCreery,38,11,
2013-07-13,39,Up All Night,Jon Pardi,42,15,Gains In Performance
2013-07-13,40,All Kinds Of Kinds,Miranda Lambert,57,2,Gains In Performance
2013-07-13,41,Friday Night,Eric Paslay,40,10,Gains In Performance
2013-07-13,42,The Simple Life,Drake White,43,12,Gains In Performance
2013-07-13,43,Love Is Alive,Phil Vassar,41,15,Gains In Performance
2013-07-13,44,Drunk Last Night,Eli Young Band,50,3,Gains In Performance
2013-07-13,45,I Hope It Rains,Jana Kramer,44,6,Gains In Performance
2013-07-13,46,Bourbon In Kentucky,Dierks Bentley,45,5,Gains In Performance
2013-07-13,47,Dance Baby Dance,Chris Cagle,46,11,Gains In Performance
2013-07-13,48,Everything I Shouldn't Be Thinking About,Thompson Square,49,3,Gains In Performance
2013-07-13,49,Tie It Up,Kelly Clarkson,52,2,Gains In Performance
2013-07-13,50,Whatever She's Got,David Nail,47,5,
2013-07-13,51,If You Ever Get Lonely,Love And Theft,53,4,Gains In Performance
2013-07-13,52,Wild In Your Smile,Dustin Lynch,54,5,Gains In Performance
2013-07-13,53,Someone Somewhere Tonight,Kellie Pickler,55,5,Gains In Performance
2013-07-13,54,Playin With Fire,Katie Armiger,56,17,Gains In Performance
2013-07-13,55,Lucky Sometimes,Weston Burt,59,8,Gains In Performance
2013-07-13,56,Somethin' Like Somethin',Dakota Bradley,58,3,Gains In Performance
2013-07-13,57,Southern Girl,Tim McGraw,NEW,1,Highest ranking debut|Gains In Performance
2013-07-13,58,Everybody's Got Somebody But Me,Hunter Hayes Featuring Jason Mraz,NEW,1,Gains In Performance
2013-07-13,59,Crazy,Gretchen Wilson,NEW,1,Gains In Performance
2013-07-13,60,There's The Sun,Kix Brooks,51,5,
2013-07-20,1,Crash My Party,Luke Bryan,1,13,Gains In Performance
2013-07-20,2,DONE.,The Band Perry,3,19,Gains In Performance
2013-07-20,3,Jump Right In,Zac Brown Band,5,22,Gains In Performance
2013-07-20,4,Hey Pretty Girl,Kip Moore,7,27,Gains In Performance
2013-07-20,5,Beat This Summer,Brad Paisley,2,19,
2013-07-20,6,I Want Crazy,Hunter Hayes,9,13,Gains In Performance
2013-07-20,7,More Than Miles,Brantley Gilbert,8,38,Gains In Performance
2013-07-20,8,Runnin' Outta Moonlight,Randy Houser,10,21,Gains In Performance
2013-07-20,9,Anywhere With You,Jake Owen,4,27,
2013-07-20,10,Don't Ya,Brett Eldredge,11,38,Gains In Performance
2013-07-20,11,See You Again,Carrie Underwood,12,15,Gains In Performance
2013-07-20,12,All Over The Road,Easton Corbin,13,27,Gains In Performance
2013-07-20,13,Little Bit Of Everything,Keith Urban,14,8,Gains In Performance
2013-07-20,14,Point At You,Justin Moore,15,17,Gains In Performance
2013-07-20,15,Goodbye Town,Lady Antebellum,16,9,Gains In Performance
2013-07-20,16,Redneck Crazy,Tyler Farr,17,20,Gains In Performance
2013-07-20,17,Hey Girl,Billy Currington,18,18,Gains In Performance
2013-07-20,18,Pieces,Gary Allan,19,22,Gains In Performance
2013-07-20,19,Round Here,Florida Georgia Line,22,8,Gains In Performance
2013-07-20,20,When I See This Bar,Kenny Chesney,20,6,Gains In Performance
2013-07-20,21,Parking Lot Party,Lee Brice,21,11,Gains In Performance
2013-07-20,22,Easy,Sheryl Crow,23,20,Gains In Performance
2013-07-20,23,Night Train,Jason Aldean,27,7,Gains In Performance
2013-07-20,24,Outta My Head,Craig Campbell,24,40,Gains In Performance
2013-07-20,25,It Goes Like This,Thomas Rhett,25,11,Gains In Performance
2013-07-20,26,Could It Be,Charlie Worsham,26,26,Gains In Performance
2013-07-20,27,Aw Naw,Chris Young,29,9,Gains In Performance
2013-07-20,28,Blowin' Smoke,Kacey Musgraves,28,15,
2013-07-20,29,Red,Taylor Swift,34,4,Greatest gainer this week|Gains In Performance
2013-07-20,30,Your Side Of The Bed,Little Big Town,30,14,Gains In Performance
2013-07-20,31,Drinks After Work,Toby Keith,33,4,Gains In Performance
2013-07-20,32,Sunny And 75,Joe Nichols,31,10,Gains In Performance
2013-07-20,33,Better,Maggie Rose,35,19,Gains In Performance
2013-07-20,34,Carolina,Parmalee,32,23,Gains In Performance
2013-07-20,35,If You Want Some,Joel Crouse,36,24,Gains In Performance
2013-07-20,36,All Kinds Of Kinds,Miranda Lambert,40,3,Gains In Performance
2013-07-20,37,Friday Night,Eric Paslay,41,11,Gains In Performance
2013-07-20,38,Wasting All These Tears,Cassadee Pope,37,5,Gains In Performance
2013-07-20,39,The Simple Life,Drake White,42,13,Gains In Performance
2013-07-20,40,See You Tonight,Scotty McCreery,38,12,Gains In Performance
2013-07-20,41,Drunk Last Night,Eli Young Band,44,4,Gains In Performance
2013-07-20,42,Up All Night,Jon Pardi,39,16,Gains In Performance
2013-07-20,43,Love Is Alive,Phil Vassar,43,16,
2013-07-20,44,I Hope It Rains,Jana Kramer,45,7,Gains In Performance
2013-07-20,45,Everything I Shouldn't Be Thinking About,Thompson Square,48,4,Gains In Performance
2013-07-20,46,Tie It Up,Kelly Clarkson,49,3,Gains In Performance
2013-07-20,47,Whatever She's Got,David Nail,50,6,Gains In Performance
2013-07-20,48,Dance Baby Dance,Chris Cagle,47,12,Gains In Performance
2013-07-20,49,Bourbon In Kentucky,Dierks Bentley,46,6,
2013-07-20,50,If You Ever Get Lonely,Love And Theft,51,5,Gains In Performance
2013-07-20,51,Wild In Your Smile,Dustin Lynch,52,6,Gains In Performance
2013-07-20,52,Someone Somewhere Tonight,Kellie Pickler,53,6,Gains In Performance
2013-07-20,53,Playin With Fire,Katie Armiger,54,18,
2013-07-20,54,I Miss You,The Henningsens,NEW,1,Highest ranking debut|Gains In Performance
2013-07-20,55,Southern Girl,Tim McGraw,57,2,Gains In Performance
2013-07-20,56,Lucky Sometimes,Weston Burt,55,9,Gains In Performance
2013-07-20,57,Summer Jam,Jake Owen Featuring Florida Georgia Line,NEW,1,Gains In Performance
2013-07-20,58,Barefoot And Buckwild,Lauren Alaina,NEW,1,Gains In Performance
2013-07-20,59,Somethin' Like Somethin',Dakota Bradley,56,4,
2013-07-20,60,Crazy,Gretchen Wilson,59,2,Gains In Performance
2013-07-27,1,Crash My Party,Luke Bryan,1,14,Gains In Performance
2013-07-27,2,DONE.,The Band Perry,2,20,Gains In Performance
2013-07-27,3,Jump Right In,Zac Brown Band,3,23,Gains In Performance
2013-07-27,4,Hey Pretty Girl,Kip Moore,4,28,Gains In Performance
2013-07-27,5,Runnin' Outta Moonlight,Randy Houser,8,22,Greatest gainer this week|Gains In Performance
2013-07-27,6,I Want Crazy,Hunter Hayes,6,14,Gains In Performance
2013-07-27,7,Don't Ya,Brett Eldredge,10,39,Gains In Performance
2013-07-27,8,See You Again,Carrie Underwood,11,16,Gains In Performance
2013-07-27,9,All Over The Road,Easton Corbin,12,28,Gains In Performance
2013-07-27,10,Beat This Summer,Brad Paisley,5,20,
2013-07-27,11,Little Bit Of Everything,Keith Urban,13,9,Gains In Performance
2013-07-27,12,Point At You,Justin Moore,14,18,Gains In Performance
2013-07-27,13,Goodbye Town,Lady Antebellum,15,10,Gains In Performance
2013-07-27,14,Hey Girl,Billy Currington,17,19,Gains In Performance
2013-07-27,15,Redneck Crazy,Tyler Farr,16,21,Gains In Performance
2013-07-27,16,Round Here,Florida Georgia Line,19,9,Gains In Performance
2013-07-27,17,Parking Lot Party,Lee Brice,21,12,Gains In Performance
2013-07-27,18,When I See This Bar,Kenny Chesney,20,7,Gains In Performance
2013-07-27,19,Pieces,Gary Allan,18,23,
2013-07-27,20,Easy,Sheryl Crow,22,21,Gains In Performance
2013-07-27,21,Night Train,Jason Aldean,23,8,Gains In Performance
2013-07-27,22,It Goes Like This,Thomas Rhett,25,12,Gains In Performance
2013-07-27,23,Could It Be,Charlie Worsham,26,27,Gains In Performance
2013-07-27,24,Outta My Head,Craig Campbell,24,41,Gains In Performance
2013-07-27,25,Aw Naw,Chris Young,27,10,Gains In Performance
2013-07-27,26,Red,Taylor Swift,29,5,Gains In Performance
2013-07-27,27,Blowin' Smoke,Kacey Musgraves,28,16,Gains In Performance
2013-07-27,28,Drinks After Work,Toby Keith,31,5,Gains In Performance
2013-07-27,29,Your Side Of The Bed,Little Big Town,30,15,Gains In Performance
2013-07-27,30,Sunny And 75,Joe Nichols,32,11,Gains In Performance
2013-07-27,31,Better,Maggie Rose,33,20,Gains In Performance
2013-07-27,32,All Kinds Of Kinds,Miranda Lambert,36,4,Gains In Performance
2013-07-27,33,If You Want Some,Joel Crouse,35,25,Gains In Performance
2013-07-27,34,Carolina,Parmalee,34,24,
2013-07-27,35,Southern Girl,Tim McGraw,55,3,Gains In Performance
2013-07-27,36,Drunk Last Night,Eli Young Band,41,5,Gains In Performance
2013-07-27,37,Wasting All These Tears,Cassadee Pope,38,6,Gains In Performance
2013-07-27,38,Friday Night,Eric Paslay,37,12,Gains In Performance
2013-07-27,39,The Simple Life,Drake White,39,14,Gains In Performance
2013-07-27,40,See You Tonight,Scotty McCreery,40,13,
2013-07-27,41,Love Is Alive,Phil Vassar,43,17,Gains In Performance
2013-07-27,42,Up All Night,Jon Pardi,42,17,
2013-07-27,43,Everything I Shouldn't Be Thinking About,Thompson Square,45,5,Gains In Performance
2013-07-27,44,Tie It Up,Kelly Clarkson,46,4,Gains In Performance
2013-07-27,45,I Hope It Rains,Jana Kramer,44,8,
2013-07-27,46,Whatever She's Got,David Nail,47,7,
2013-07-27,47,Dance Baby Dance,Chris Cagle,48,13,Gains In Performance
2013-07-27,48,If You Ever Get Lonely,Love And Theft,50,6,Gains In Performance
2013-07-27,49,Wild In Your Smile,Dustin Lynch,51,7,Gains In Performance
2013-07-27,50,I Miss You,The Henningsens,54,2,Gains In Performance
2013-07-27,51,Someone Somewhere Tonight,Kellie Pickler,52,7,Gains In Performance
2013-07-27,52,Somethin' Like Somethin',Dakota Bradley,59,5,Gains In Performance
2013-07-27,53,Summer Jam,Jake Owen Featuring Florida Georgia Line,57,2,Gains In Performance
2013-07-27,54,What Are You Listening To?,Chris Stapleton,NEW,1,Highest ranking debut|Gains In Performance
2013-07-27,55,Lucky Sometimes,Weston Burt,56,10,
2013-07-27,56,Barefoot And Buckwild,Lauren Alaina,58,2,
2013-07-27,57,Wake Up Lovin' You,Craig Morgan,NEW,1,Gains In Performance
2013-07-27,58,Crazy,Gretchen Wilson,60,3,
2013-07-27,59,Granddaddy's Gun,Aaron Lewis,NEW,1,Gains In Performance
2013-07-27,60,The Heart Of Dixie,Danielle Bradbery,NEW,1,Gains In Performance
2013-08-03,1,DONE.,The Band Perry,2,21,Gains In Performance
2013-08-03,2,Jump Right In,Zac Brown Band,3,24,Gains In Performance
2013-08-03,3,Crash My Party,Luke Bryan,1,15,
2013-08-03,4,Hey Pretty Girl,Kip Moore,4,29,Gains In Performance
2013-08-03,5,Runnin' Outta Moonlight,Randy Houser,5,23,Greatest gainer this week|Gains In Performance
2013-08-03,6,I Want Crazy,Hunter Hayes,6,15,Gains In Performance
2013-08-03,7,Don't Ya,Brett Eldredge,7,40,Gains In Performance
2013-08-03,8,See You Again,Carrie Underwood,8,17,Gains In Performance
2013-08-03,9,Little Bit Of Everything,Keith Urban,11,10,Gains In Performance
2013-08-03,10,All Over The Road,Easton Corbin,9,29,Gains In Performance
2013-08-03,11,Point At You,Justin Moore,12,19,Gains In Performance
2013-08-03,12,Round Here,Florida Georgia Line,16,10,Gains In Performance
2013-08-03,13,Goodbye Town,Lady Antebellum,13,11,Gains In Performance
2013-08-03,14,Hey Girl,Billy Currington,14,20,Gains In Performance
2013-08-03,15,Redneck Crazy,Tyler Farr,15,22,Gains In Performance
2013-08-03,16,Parking Lot Party,Lee Brice,17,13,Gains In Performance
2013-08-03,17,When I See This Bar,Kenny Chesney,18,8,Gains In Performance
2013-08-03,18,Night Train,Jason Aldean,21,9,Gains In Performance
2013-08-03,19,Easy,Sheryl Crow,20,22,Gains In Performance
2013-08-03,20,It Goes Like This,Thomas Rhett,22,13,Gains In Performance
2013-08-03,21,Could It Be,Charlie Worsham,23,28,Gains In Performance
2013-08-03,22,Aw Naw,Chris Young,25,11,Gains In Performance
2013-08-03,23,Outta My Head,Craig Campbell,24,42,Gains In Performance
2013-08-03,24,Red,Taylor Swift,26,6,Gains In Performance
2013-08-03,25,Southern Girl,Tim McGraw,35,4,Gains In Performance
2013-08-03,26,Drinks After Work,Toby Keith,28,6,Gains In Performance
2013-08-03,27,Blowin' Smoke,Kacey Musgraves,27,17,Gains In Performance
2013-08-03,28,Sunny And 75,Joe Nichols,30,12,Gains In Performance
2013-08-03,29,Your Side Of The Bed,Little Big Town,29,16,Gains In Performance
2013-08-03,30,All Kinds Of Kinds,Miranda Lambert,32,5,Gains In Performance
2013-08-03,31,Better,Maggie Rose,31,21,Gains In Performance
2013-08-03,32,If You Want Some,Joel Crouse,33,26,Gains In Performance
2013-08-03,33,Wasting All These Tears,Cassadee Pope,37,7,Gains In Performance
2013-08-03,34,Drunk Last Night,Eli Young Band,36,6,Gains In Performance
2013-08-03,35,Friday Night,Eric Paslay,38,13,Gains In Performance
2013-08-03,36,The Simple Life,Drake White,39,15,
2013-08-03,37,See You Tonight,Scotty McCreery,40,14,Gains In Performance
2013-08-03,38,Up All Night,Jon Pardi,42,18,Gains In Performance
2013-08-03,39,Everything I Shouldn't Be Thinking About,Thompson Square,43,6,Gains In Performance
2013-08-03,40,Tie It Up,Kelly Clarkson,44,5,Gains In Performance
2013-08-03,41,Love Is Alive,Phil Vassar,41,18,
2013-08-03,42,Mine Would Be You,Blake Shelton,NEW,1,Highest ranking debut|Gains In Performance
2013-08-03,43,I Hope It Rains,Jana Kramer,45,9,Gains In Performance
2013-08-03,44,Whatever She's Got,David Nail,46,8,Gains In Performance
2013-08-03,45,Wild In Your Smile,Dustin Lynch,49,8,Gains In Performance
2013-08-03,46,Dance Baby Dance,Chris Cagle,47,14,
2013-08-03,47,If You Ever Get Lonely,Love And Theft,48,7,Gains In Performance
2013-08-03,48,I Miss You,The Henningsens,50,3,Gains In Performance
2013-08-03,49,Someone Somewhere Tonight,Kellie Pickler,51,8,Gains In Performance
2013-08-03,50,I Believe,George Strait,NEW,1,Gains In Performance
2013-08-03,51,What Are You Listening To?,Chris Stapleton,54,2,Gains In Performance
2013-08-03,52,Summer Jam,Jake Owen Featuring Florida Georgia Line,53,3,
2013-08-03,53,Somethin' Like Somethin',Dakota Bradley,52,6,
2013-08-03,54,Radio,Darius Rucker,NEW,1,Gains In Performance
2013-08-03,55,The Heart Of Dixie,Danielle Bradbery,60,2,Gains In Performance
2013-08-03,56,Wake Up Lovin' You,Craig Morgan,57,2,Gains In Performance
2013-08-03,57,Helluva Life,Frankie Ballard,NEW,1,Gains In Performance
2013-08-03,58,Barefoot And Buckwild,Lauren Alaina,56,3,
2013-08-03,59,Granddaddy's Gun,Aaron Lewis,59,2,Gains In Performance
2013-08-03,60,Crazy,Gretchen Wilson,58,4,Gains In Performance
2013-08-10,1,Runnin' Outta Moonlight,Randy Houser,5,24,Gains In Performance
2013-08-10,2,Hey Pretty Girl,Kip Moore,4,30,Gains In Performance
2013-08-10,3,I Want Crazy,Hunter Hayes,6,16,Gains In Performance
2013-08-10,4,Don't Ya,Brett Eldredge,7,41,Gains In Performance
2013-08-10,5,Crash My Party,Luke Bryan,3,16,
2013-08-10,6,See You Again,Carrie Underwood,8,18,Gains In Performance
2013-08-10,7,Little Bit Of Everything,Keith Urban,9,11,Gains In Performance
2013-08-10,8,DONE.,The Band Perry,1,22,
2013-08-10,9,Jump Right In,Zac Brown Band,2,25,
2013-08-10,10,All Over The Road,Easton Corbin,10,30,Gains In Performance
2013-08-10,11,Point At You,Justin Moore,11,20,Gains In Performance
2013-08-10,12,Round Here,Florida Georgia Line,12,11,Gains In Performance
2013-08-10,13,Redneck Crazy,Tyler Farr,15,23,Gains In Performance
2013-08-10,14,Hey Girl,Billy Currington,14,21,Gains In Performance
2013-08-10,15,Goodbye Town,Lady Antebellum,13,12,Gains In Performance
2013-08-10,16,Parking Lot Party,Lee Brice,16,14,Gains In Performance
2013-08-10,17,When I See This Bar,Kenny Chesney,17,9,Gains In Performance
2013-08-10,18,Night Train,Jason Aldean,18,10,Gains In Performance
2013-08-10,19,Easy,Sheryl Crow,19,23,Gains In Performance
2013-08-10,20,It Goes Like This,Thomas Rhett,20,14,Gains In Performance
2013-08-10,21,Could It Be,Charlie Worsham,21,29,Gains In Performance
2013-08-10,22,Aw Naw,Chris Young,22,12,Gains In Performance
2013-08-10,23,Southern Girl,Tim McGraw,25,5,Gains In Performance
2013-08-10,24,Red,Taylor Swift,24,7,Gains In Performance
2013-08-10,25,Outta My Head,Craig Campbell,23,43,Gains In Performance
2013-08-10,26,Drinks After Work,Toby Keith,26,7,Gains In Performance
2013-08-10,27,Blowin' Smoke,Kacey Musgraves,27,18,Gains In Performance
2013-08-10,28,Sunny And 75,Joe Nichols,28,13,Gains In Performance
2013-08-10,29,Your Side Of The Bed,Little Big Town,29,17,Gains In Performance
2013-08-10,30,Mine Would Be You,Blake Shelton,42,2,Greatest gainer this week|Gains In Performance
2013-08-10,31,All Kinds Of Kinds,Miranda Lambert,30,6,Gains In Performance
2013-08-10,32,Better,Maggie Rose,31,22,Gains In Performance
2013-08-10,33,If You Want Some,Joel Crouse,32,27,Gains In Performance
2013-08-10,34,Drunk Last Night,Eli Young Band,34,7,Gains In Performance
2013-08-10,35,Carolina,Parmalee,RE,25,Gains In Performance
2013-08-10,36,Wasting All These Tears,Cassadee Pope,33,8,Gains In Performance
2013-08-10,37,Friday Night,Eric Paslay,35,14,Gains In Performance
2013-08-10,38,Tie It Up,Kelly Clarkson,40,6,Gains In Performance
2013-08-10,39,See You Tonight,Scotty McCreery,37,15,Gains In Performance
2013-08-10,40,Up All Night,Jon Pardi,38,19,Gains In Performance
2013-08-10,41,The Simple Life,Drake White,36,16,
2013-08-10,42,Everything I Shouldn't Be Thinking About,Thompson Square,39,7,Gains In Performance
2013-08-10,43,Love Is Alive,Phil Vassar,41,19,Gains In Performance
2013-08-10,44,I Hope It Rains,Jana Kramer,43,10,Gains In Performance
2013-08-10,45,Whatever She's Got,David Nail,44,9,Gains In Performance
2013-08-10,46,Wild In Your Smile,Dustin Lynch,45,9,Gains In Performance
2013-08-10,47,Radio,Darius Rucker,54,2,Gains In Performance
2013-08-10,48,If You Ever Get Lonely,Love And Theft,47,8,Gains In Performance
2013-08-10,49,The Heart Of Dixie,Danielle Bradbery,55,3,Gains In Performance
2013-08-10,50,I Miss You,The Henningsens,48,4,Gains In Performance
2013-08-10,51,I Believe,George Strait,50,2,Gains In Performance
2013-08-10,52,Chillin' It,Cole Swindell,NEW,1,Highest ranking debut|Gains In Performance
2013-08-10,53,What Are You Listening To?,Chris Stapleton,51,3,Gains In Performance
2013-08-10,54,Helluva Life,Frankie Ballard,57,2,Gains In Performance
2013-08-10,55,Wake Up Lovin' You,Craig Morgan,56,3,Gains In Performance
2013-08-10,56,Summer Jam,Jake Owen Featuring Florida Georgia Line,52,4,
2013-08-10,57,Somethin' Like Somethin',Dakota Bradley,53,7,Gains In Performance
2013-08-10,58,Granddaddy's Gun,Aaron Lewis,59,3,Gains In Performance
2013-08-10,59,Crazy,Gretchen Wilson,60,5,Gains In Performance
2013-08-10,60,Someone Somewhere Tonight,Kellie Pickler,49,9,
2013-08-17,1,Runnin' Outta Moonlight,Randy Houser,1,25,Gains In Performance
2013-08-17,2,I Want Crazy,Hunter Hayes,3,17,Gains In Performance
2013-08-17,3,Don't Ya,Brett Eldredge,4,42,Gains In Performance
2013-08-17,4,See You Again,Carrie Underwood,6,19,Gains In Performance
2013-08-17,5,Hey Pretty Girl,Kip Moore,2,31,
2013-08-17,6,Little Bit Of Everything,Keith Urban,7,12,Gains In Performance
2013-08-17,7,All Over The Road,Easton Corbin,10,31,Gains In Performance
2013-08-17,8,Crash My Party,Luke Bryan,5,17,
2013-08-17,9,Round Here,Florida Georgia Line,12,12,Gains In Performance
2013-08-17,10,Point At You,Justin Moore,11,21,Gains In Performance
2013-08-17,11,Redneck Crazy,Tyler Farr,13,24,Gains In Performance
2013-08-17,12,Hey Girl,Billy Currington,14,22,Gains In Performance
2013-08-17,13,Goodbye Town,Lady Antebellum,15,13,Gains In Performance
2013-08-17,14,Parking Lot Party,Lee Brice,16,15,Gains In Performance
2013-08-17,15,When I See This Bar,Kenny Chesney,17,10,Gains In Performance
2013-08-17,16,Night Train,Jason Aldean,18,11,Gains In Performance
2013-08-17,17,It Goes Like This,Thomas Rhett,20,15,Gains In Performance
2013-08-17,18,Easy,Sheryl Crow,19,24,Gains In Performance
2013-08-17,19,Southern Girl,Tim McGraw,23,6,Gains In Performance
2013-08-17,20,Aw Naw,Chris Young,22,13,Gains In Performance
2013-08-17,21,That's My Kind Of Night,Luke Bryan,NEW,1,Highest ranking debut|Gains In Performance
2013-08-17,22,Could It Be,Charlie Worsham,21,30,Gains In Performance
2013-08-17,23,Red,Taylor Swift,24,8,Gains In Performance
2013-08-17,24,Outta My Head,Craig Campbell,25,44,Gains In Performance
2013-08-17,25,Mine Would Be You,Blake Shelton,30,3,Gains In Performance
2013-08-17,26,Drinks After Work,Toby Keith,26,8,Gains In Performance
2013-08-17,27,Sunny And 75,Joe Nichols,28,14,Gains In Performance
2013-08-17,28,Blowin' Smoke,Kacey Musgraves,27,19,
2013-08-17,29,Your Side Of The Bed,Little Big Town,29,18,Gains In Performance
2013-08-17,30,All Kinds Of Kinds,Miranda Lambert,31,7,Gains In Performance
2013-08-17,31,Better,Maggie Rose,32,23,Gains In Performance
2013-08-17,32,Carolina,Parmalee,35,26,Gains In Performance
2013-08-17,33,Drunk Last Night,Eli Young Band,34,8,Gains In Performance
2013-08-17,34,Tie It Up,Kelly Clarkson,38,7,Gains In Performance
2013-08-17,35,If You Want Some,Joel Crouse,33,28,
2013-08-17,36,Friday Night,Eric Paslay,37,15,Gains In Performance
2013-08-17,37,Wasting All These Tears,Cassadee Pope,36,9,Gains In Performance
2013-08-17,38,See You Tonight,Scotty McCreery,39,16,Gains In Performance
2013-08-17,39,Up All Night,Jon Pardi,40,20,Gains In Performance
2013-08-17,40,Radio,Darius Rucker,47,3,Gains In Performance
2013-08-17,41,Everything I Shouldn't Be Thinking About,Thompson Square,42,8,Gains In Performance
2013-08-17,42,Love Is Alive,Phil Vassar,43,20,Gains In Performance
2013-08-17,43,I Hope It Rains,Jana Kramer,44,11,Gains In Performance
2013-08-17,44,Whatever She's Got,David Nail,45,10,Gains In Performance
2013-08-17,45,The Heart Of Dixie,Danielle Bradbery,49,4,Gains In Performance
2013-08-17,46,Wild In Your Smile,Dustin Lynch,46,10,Gains In Performance
2013-08-17,47,If You Ever Get Lonely,Love And Theft,48,9,Gains In Performance
2013-08-17,48,Days Of Gold,Jake Owen,NEW,1,Gains In Performance
2013-08-17,49,I Miss You,The Henningsens,50,5,Gains In Performance
2013-08-17,50,Chillin' It,Cole Swindell,52,2,Gains In Performance
2013-08-17,51,What Are You Listening To?,Chris Stapleton,53,4,Gains In Performance
2013-08-17,52,Helluva Life,Frankie Ballard,54,3,Gains In Performance
2013-08-17,53,I Believe,George Strait,51,3,Gains In Performance
2013-08-17,54,Wake Up Lovin' You,Craig Morgan,55,4,Gains In Performance
2013-08-17,55,Somethin' Like Somethin',Dakota Bradley,57,8,Gains In Performance
2013-08-17,56,Granddaddy's Gun,Aaron Lewis,58,4,Gains In Performance
2013-08-17,57,Summer Jam,Jake Owen Featuring Florida Georgia Line,56,5,Gains In Performance
2013-08-17,58,Crushin',Bush Hawg,NEW,1,Gains In Performance
2013-08-17,59,Blue Skies,Uncle Kracker,NEW,1,Gains In Performance
2013-08-17,60,Crazy,Gretchen Wilson,59,6,Gains In Performance
2013-08-24,1,Don't Ya,Brett Eldredge,3,43,Gains In Performance
2013-08-24,2,Runnin' Outta Moonlight,Randy Houser,1,26,
2013-08-24,3,I Want Crazy,Hunter Hayes,2,18,Gains In Performance
2013-08-24,4,Little Bit Of Everything,Keith Urban,6,13,Gains In Performance
2013-08-24,5,See You Again,Carrie Underwood,4,20,Gains In Performance
2013-08-24,6,All Over The Road,Easton Corbin,7,32,Gains In Performance
2013-08-24,7,Round Here,Florida Georgia Line,9,13,Gains In Performance
2013-08-24,8,Hey Pretty Girl,Kip Moore,5,32,
2013-08-24,9,Point At You,Justin Moore,10,22,Gains In Performance
2013-08-24,10,Redneck Crazy,Tyler Farr,11,25,Gains In Performance
2013-08-24,11,Hey Girl,Billy Currington,12,23,Gains In Performance
2013-08-24,12,Night Train,Jason Aldean,16,12,Gains In Performance
2013-08-24,13,Goodbye Town,Lady Antebellum,13,14,Gains In Performance
2013-08-24,14,Parking Lot Party,Lee Brice,14,16,Gains In Performance
2013-08-24,15,When I See This Bar,Kenny Chesney,15,11,Gains In Performance
2013-08-24,16,It Goes Like This,Thomas Rhett,17,16,Gains In Performance
2013-08-24,17,Southern Girl,Tim McGraw,19,7,Gains In Performance
2013-08-24,18,Easy,Sheryl Crow,18,25,Gains In Performance
2013-08-24,19,Aw Naw,Chris Young,20,14,Gains In Performance
2013-08-24,20,That's My Kind Of Night,Luke Bryan,21,2,Gains In Performance
2013-08-24,21,Mine Would Be You,Blake Shelton,25,4,Greatest gainer this week|Gains In Performance
2013-08-24,22,Could It Be,Charlie Worsham,22,31,Gains In Performance
2013-08-24,23,Red,Taylor Swift,23,9,Gains In Performance
2013-08-24,24,Outta My Head,Craig Campbell,24,45,Gains In Performance
2013-08-24,25,Drinks After Work,Toby Keith,26,9,Gains In Performance
2013-08-24,26,Sunny And 75,Joe Nichols,27,15,Gains In Performance
2013-08-24,27,Your Side Of The Bed,Little Big Town,29,19,
2013-08-24,28,All Kinds Of Kinds,Miranda Lambert,30,8,Gains In Performance
2013-08-24,29,Carolina,Parmalee,32,27,Gains In Performance
2013-08-24,30,Better,Maggie Rose,31,24,Gains In Performance
2013-08-24,31,Drunk Last Night,Eli Young Band,33,9,Gains In Performance
2013-08-24,32,Friday Night,Eric Paslay,36,16,Gains In Performance
2013-08-24,33,Tie It Up,Kelly Clarkson,34,8,Gains In Performance
2013-08-24,34,Wasting All These Tears,Cassadee Pope,37,10,Gains In Performance
2013-08-24,35,Blowin' Smoke,Kacey Musgraves,28,20,
2013-08-24,36,Love Is Alive,Phil Vassar,42,21,Gains In Performance
2013-08-24,37,Radio,Darius Rucker,40,4,Gains In Performance
2013-08-24,38,See You Tonight,Scotty McCreery,38,17,Gains In Performance
2013-08-24,39,Up All Night,Jon Pardi,39,21,Gains In Performance
2013-08-24,40,Everything I Shouldn't Be Thinking About,Thompson Square,41,9,Gains In Performance
2013-08-24,41,The Heart Of Dixie,Danielle Bradbery,45,5,Gains In Performance
2013-08-24,42,I Hope It Rains,Jana Kramer,43,12,Gains In Performance
2013-08-24,43,Wild In Your Smile,Dustin Lynch,46,11,Gains In Performance
2013-08-24,44,Whatever She's Got,David Nail,44,11,
2013-08-24,45,If You Ever Get Lonely,Love And Theft,47,10,Gains In Performance
2013-08-24,46,Days Of Gold,Jake Owen,48,2,Gains In Performance
2013-08-24,47,Helluva Life,Frankie Ballard,52,4,Gains In Performance
2013-08-24,48,What Are You Listening To?,Chris Stapleton,51,5,Gains In Performance
2013-08-24,49,Chillin' It,Cole Swindell,50,3,Gains In Performance
2013-08-24,50,I Miss You,The Henningsens,49,6,Gains In Performance
2013-08-24,51,I Believe,George Strait,53,4,Gains In Performance
2013-08-24,52,Wake Up Lovin' You,Craig Morgan,54,5,Gains In Performance
2013-08-24,53,Blue Skies,Uncle Kracker,59,2,Gains In Performance
2013-08-24,54,Summer Jam,Jake Owen Featuring Florida Georgia Line,57,6,Gains In Performance
2013-08-24,55,Granddaddy's Gun,Aaron Lewis,56,5,Gains In Performance
2013-08-24,56,Somethin' Like Somethin',Dakota Bradley,55,9,
2013-08-24,57,That Girl,Jennifer Nettles,NEW,1,Highest ranking debut|Gains In Performance
2013-08-24,58,Crushin',Bush Hawg,58,2,
2013-08-24,59,Crazy,Gretchen Wilson,60,7,Gains In Performance
2013-08-24,60,I Can't Change The World,Brad Paisley,NEW,1,Gains In Performance
2013-08-31,1,Don't Ya,Brett Eldredge,1,44,Gains In Performance
2013-08-31,2,Little Bit Of Everything,Keith Urban,4,14,Gains In Performance
2013-08-31,3,See You Again,Carrie Underwood,5,21,Gains In Performance
2013-08-31,4,Runnin' Outta Moonlight,Randy Houser,2,27,
2013-08-31,5,I Want Crazy,Hunter Hayes,3,19,
2013-08-31,6,All Over The Road,Easton Corbin,6,33,Gains In Performance
2013-08-31,7,Round Here,Florida Georgia Line,7,14,Gains In Performance
2013-08-31,8,Point At You,Justin Moore,9,23,Gains In Performance
2013-08-31,9,Redneck Crazy,Tyler Farr,10,26,Gains In Performance
2013-08-31,10,Night Train,Jason Aldean,12,13,Gains In Performance
2013-08-31,11,Hey Girl,Billy Currington,11,24,Gains In Performance
2013-08-31,12,Goodbye Town,Lady Antebellum,13,15,Gains In Performance
2013-08-31,13,Parking Lot Party,Lee Brice,14,17,Gains In Performance
2013-08-31,14,It Goes Like This,Thomas Rhett,16,17,Gains In Performance
2013-08-31,15,When I See This Bar,Kenny Chesney,15,12,Gains In Performance
2013-08-31,16,That's My Kind Of Night,Luke Bryan,20,3,Greatest gainer this week|Gains In Performance
2013-08-31,17,Southern Girl,Tim McGraw,17,8,Gains In Performance
2013-08-31,18,Aw Naw,Chris Young,19,15,Gains In Performance
2013-08-31,19,Easy,Sheryl Crow,18,26,Gains In Performance
2013-08-31,20,Mine Would Be You,Blake Shelton,21,5,Gains In Performance
2013-08-31,21,Could It Be,Charlie Worsham,22,32,Gains In Performance
2013-08-31,22,Red,Taylor Swift,23,10,Gains In Performance
2013-08-31,23,Outta My Head,Craig Campbell,24,46,Gains In Performance
2013-08-31,24,Drinks After Work,Toby Keith,25,10,Gains In Performance
2013-08-31,25,Sunny And 75,Joe Nichols,26,16,Gains In Performance
2013-08-31,26,Carolina,Parmalee,29,28,Gains In Performance
2013-08-31,27,All Kinds Of Kinds,Miranda Lambert,28,9,Gains In Performance
2013-08-31,28,Drunk Last Night,Eli Young Band,31,10,Gains In Performance
2013-08-31,29,Your Side Of The Bed,Little Big Town,27,20,
2013-08-31,30,Wasting All These Tears,Cassadee Pope,34,11,Gains In Performance
2013-08-31,31,Better,Maggie Rose,30,25,Gains In Performance
2013-08-31,32,Friday Night,Eric Paslay,32,17,Gains In Performance
2013-08-31,33,Tie It Up,Kelly Clarkson,33,9,Gains In Performance
2013-08-31,34,Radio,Darius Rucker,37,5,Gains In Performance
2013-08-31,35,Days Of Gold,Jake Owen,46,3,Gains In Performance
2013-08-31,36,Love Is Alive,Phil Vassar,36,22,Gains In Performance
2013-08-31,37,Up All Night,Jon Pardi,39,22,Gains In Performance
2013-08-31,38,See You Tonight,Scotty McCreery,38,18,Gains In Performance
2013-08-31,39,Everything I Shouldn't Be Thinking About,Thompson Square,40,10,Gains In Performance
2013-08-31,40,The Heart Of Dixie,Danielle Bradbery,41,6,Gains In Performance
2013-08-31,41,Wild In Your Smile,Dustin Lynch,43,12,Gains In Performance
2013-08-31,42,Whatever She's Got,David Nail,44,12,Gains In Performance
2013-08-31,43,Chillin' It,Cole Swindell,49,4,Gains In Performance
2013-08-31,44,Helluva Life,Frankie Ballard,47,5,Gains In Performance
2013-08-31,45,I Hope It Rains,Jana Kramer,42,13,
2013-08-31,46,If You Ever Get Lonely,Love And Theft,45,11,
2013-08-31,47,What Are You Listening To?,Chris Stapleton,48,6,
2013-08-31,48,I Miss You,The Henningsens,50,7,Gains In Performance
2013-08-31,49,I Can't Change The World,Brad Paisley,60,2,Gains In Performance
2013-08-31,50,I Believe,George Strait,51,5,Gains In Performance
2013-08-31,51,Don't Let Me Be Lonely,The Band Perry,NEW,1,Highest ranking debut|Gains In Performance
2013-08-31,52,Cold Beer With Your Name On It,Josh Thompson,NEW,1,Gains In Performance
2013-08-31,53,Wake Up Lovin' You,Craig Morgan,52,6,Gains In Performance
2013-08-31,54,Granddaddy's Gun,Aaron Lewis,55,6,Gains In Performance
2013-08-31,55,Summer Jam,Jake Owen Featuring Florida Georgia Line,54,7,Gains In Performance
2013-08-31,56,That Girl,Jennifer Nettles,57,2,Gains In Performance
2013-08-31,57,Blue Skies,Uncle Kracker,53,3,Gains In Performance
2013-08-31,58,Sweet Annie,Zac Brown Band,NEW,1,Gains In Performance
2013-08-31,59,Crushin',Bush Hawg,58,3,Gains In Performance
2013-08-31,60,Kiss You There,Ronnie Dunn,NEW,1,Gains In Performance
2013-09-07,1,Little Bit Of Everything,Keith Urban,2,15,Gains In Performance
2013-09-07,2,See You Again,Carrie Underwood,3,22,Gains In Performance
2013-09-07,3,Don't Ya,Brett Eldredge,1,45,
2013-09-07,4,Round Here,Florida Georgia Line,7,15,Greatest gainer this week|Gains In Performance
2013-09-07,5,All Over The Road,Easton Corbin,6,34,Gains In Performance
2013-09-07,6,Point At You,Justin Moore,8,24,Gains In Performance
2013-09-07,7,Runnin' Outta Moonlight,Randy Houser,4,28,
2013-09-07,8,Night Train,Jason Aldean,10,14,Gains In Performance
2013-09-07,9,Redneck Crazy,Tyler Farr,9,27,Gains In Performance
2013-09-07,10,Hey Girl,Billy Currington,11,25,Gains In Performance
2013-09-07,11,I Want Crazy,Hunter Hayes,5,20,
2013-09-07,12,Parking Lot Party,Lee Brice,13,18,Gains In Performance
2013-09-07,13,It Goes Like This,Thomas Rhett,14,18,Gains In Performance
2013-09-07,14,Goodbye Town,Lady Antebellum,12,16,Gains In Performance
2013-09-07,15,That's My Kind Of Night,Luke Bryan,16,4,Gains In Performance
2013-09-07,16,When I See This Bar,Kenny Chesney,15,13,Gains In Performance
2013-09-07,17,Southern Girl,Tim McGraw,17,9,Gains In Performance
2013-09-07,18,Aw Naw,Chris Young,18,16,Gains In Performance
2013-09-07,19,Mine Would Be You,Blake Shelton,20,6,Gains In Performance
2013-09-07,20,Easy,Sheryl Crow,19,27,Gains In Performance
2013-09-07,21,Could It Be,Charlie Worsham,21,33,Gains In Performance
2013-09-07,22,Red,Taylor Swift,22,11,Gains In Performance
2013-09-07,23,Outta My Head,Craig Campbell,23,47,Gains In Performance
2013-09-07,24,Sunny And 75,Joe Nichols,25,17,Gains In Performance
2013-09-07,25,Drinks After Work,Toby Keith,24,11,Gains In Performance
2013-09-07,26,All Kinds Of Kinds,Miranda Lambert,27,10,Gains In Performance
2013-09-07,27,Carolina,Parmalee,26,29,Gains In Performance
2013-09-07,28,Drunk Last Night,Eli Young Band,28,11,Gains In Performance
2013-09-07,29,Wasting All These Tears,Cassadee Pope,30,12,Gains In Performance
2013-09-07,30,Days Of Gold,Jake Owen,35,4,Gains In Performance
2013-09-07,31,Friday Night,Eric Paslay,32,18,Gains In Performance
2013-09-07,32,Better,Maggie Rose,31,26,Gains In Performance
2013-09-07,33,Radio,Darius Rucker,34,6,Gains In Performance
2013-09-07,34,Tie It Up,Kelly Clarkson,33,10,Gains In Performance
2013-09-07,35,Up All Night,Jon Pardi,37,23,Gains In Performance
2013-09-07,36,Love Is Alive,Phil Vassar,36,23,
2013-09-07,37,Chillin' It,Cole Swindell,43,5,Gains In Performance
2013-09-07,38,See You Tonight,Scotty McCreery,38,19,Gains In Performance
2013-09-07,39,I Can't Change The World,Brad Paisley,49,3,Gains In Performance
2013-09-07,40,Don't Let Me Be Lonely,The Band Perry,51,2,Gains In Performance
2013-09-07,41,Whatever She's Got,David Nail,42,13,Gains In Performance
2013-09-07,42,Everything I Shouldn't Be Thinking About,Thompson Square,39,11,Gains In Performance
2013-09-07,43,Helluva Life,Frankie Ballard,44,6,Gains In Performance
2013-09-07,44,Wild In Your Smile,Dustin Lynch,41,13,Gains In Performance
2013-09-07,45,The Heart Of Dixie,Danielle Bradbery,40,7,
2013-09-07,46,If You Ever Get Lonely,Love And Theft,46,12,Gains In Performance
2013-09-07,47,I Miss You,The Henningsens,48,8,Gains In Performance
2013-09-07,48,Sweet Annie,Zac Brown Band,58,2,Gains In Performance
2013-09-07,49,That Girl,Jennifer Nettles,56,3,Gains In Performance
2013-09-07,50,What Are You Listening To?,Chris Stapleton,47,7,
2013-09-07,51,Cold Beer With Your Name On It,Josh Thompson,52,2,Gains In Performance
2013-09-07,52,I Believe,George Strait,50,6,Gains In Performance
2013-09-07,53,Wake Up Lovin' You,Craig Morgan,53,7,Gains In Performance
2013-09-07,54,I Hope It Rains,Jana Kramer,45,14,
2013-09-07,55,Granddaddy's Gun,Aaron Lewis,54,7,Gains In Performance
2013-09-07,56,Summer Jam,Jake Owen Featuring Florida Georgia Line,55,8,Gains In Performance
2013-09-07,57,Blue Skies,Uncle Kracker,57,4,Gains In Performance
2013-09-07,58,Crushin',Bush Hawg,59,4,Gains In Performance
2013-09-07,59,I Hold On,Dierks Bentley,NEW,1,Highest ranking debut|Gains In Performance
2013-09-07,60,Everybody's Got Somebody But Me,Hunter Hayes Featuring Jason Mraz,RE,2,Gains In Performance
2013-09-14,1,Little Bit Of Everything,Keith Urban,1,16,Gains In Performance
2013-09-14,2,Round Here,Florida Georgia Line,4,16,Gains In Performance
2013-09-14,3,All Over The Road,Easton Corbin,5,35,Gains In Performance
2013-09-14,4,Don't Ya,Brett Eldredge,3,46,
2013-09-14,5,Night Train,Jason Aldean,8,15,Greatest gainer this week|Gains In Performance
2013-09-14,6,Point At You,Justin Moore,6,25,Gains In Performance
2013-09-14,7,Hey Girl,Billy Currington,10,26,Gains In Performance
2013-09-14,8,Redneck Crazy,Tyler Farr,9,28,Gains In Performance
2013-09-14,9,See You Again,Carrie Underwood,2,23,
2013-09-14,10,That's My Kind Of Night,Luke Bryan,15,5,Gains In Performance
2013-09-14,11,Parking Lot Party,Lee Brice,12,19,Gains In Performance
2013-09-14,12,It Goes Like This,Thomas Rhett,13,19,Gains In Performance
2013-09-14,13,Goodbye Town,Lady Antebellum,14,17,Gains In Performance
2013-09-14,14,When I See This Bar,Kenny Chesney,16,14,Gains In Performance
2013-09-14,15,Southern Girl,Tim McGraw,17,10,Gains In Performance
2013-09-14,16,Aw Naw,Chris Young,18,17,Gains In Performance
2013-09-14,17,Mine Would Be You,Blake Shelton,19,7,Gains In Performance
2013-09-14,18,Easy,Sheryl Crow,20,28,
2013-09-14,19,Red,Taylor Swift,22,12,Gains In Performance
2013-09-14,20,Could It Be,Charlie Worsham,21,34,Gains In Performance
2013-09-14,21,Outta My Head,Craig Campbell,23,48,Gains In Performance
2013-09-14,22,Sunny And 75,Joe Nichols,24,18,Gains In Performance
2013-09-14,23,Drinks After Work,Toby Keith,25,12,Gains In Performance
2013-09-14,24,Carolina,Parmalee,27,30,Gains In Performance
2013-09-14,25,All Kinds Of Kinds,Miranda Lambert,26,11,Gains In Performance
2013-09-14,26,Drunk Last Night,Eli Young Band,28,12,Gains In Performance
2013-09-14,27,Wasting All These Tears,Cassadee Pope,29,13,Gains In Performance
2013-09-14,28,Days Of Gold,Jake Owen,30,5,Gains In Performance
2013-09-14,29,Friday Night,Eric Paslay,31,19,Gains In Performance
2013-09-14,30,Radio,Darius Rucker,33,7,Gains In Performance
2013-09-14,31,I Can't Change The World,Brad Paisley,39,4,Gains In Performance
2013-09-14,32,Better,Maggie Rose,32,27,Gains In Performance
2013-09-14,33,Don't Let Me Be Lonely,The Band Perry,40,3,Gains In Performance
2013-09-14,34,Up All Night,Jon Pardi,35,24,Gains In Performance
2013-09-14,35,Tie It Up,Kelly Clarkson,34,11,Gains In Performance
2013-09-14,36,Chillin' It,Cole Swindell,37,6,Gains In Performance
2013-09-14,37,See You Tonight,Scotty McCreery,38,20,Gains In Performance
2013-09-14,38,Whatever She's Got,David Nail,41,14,Gains In Performance
2013-09-14,39,Helluva Life,Frankie Ballard,43,7,Gains In Performance
2013-09-14,40,Wild In Your Smile,Dustin Lynch,44,14,Gains In Performance
2013-09-14,41,Everything I Shouldn't Be Thinking About,Thompson Square,42,12,Gains In Performance
2013-09-14,42,The Heart Of Dixie,Danielle Bradbery,45,8,Gains In Performance
2013-09-14,43,Sweet Annie,Zac Brown Band,48,3,Gains In Performance
2013-09-14,44,I Miss You,The Henningsens,47,9,Gains In Performance
2013-09-14,45,If You Ever Get Lonely,Love And Theft,46,13,Gains In Performance
2013-09-14,46,That Girl,Jennifer Nettles,49,4,Gains In Performance
2013-09-14,47,What Are You Listening To?,Chris Stapleton,50,8,Gains In Performance
2013-09-14,48,I Hold On,Dierks Bentley,59,2,Gains In Performance
2013-09-14,49,Wake Up Lovin' You,Craig Morgan,53,8,Gains In Performance
2013-09-14,50,Cold Beer With Your Name On It,Josh Thompson,51,3,Gains In Performance
2013-09-14,51,Summer Jam,Jake Owen Featuring Florida Georgia Line,56,9,Gains In Performance
2013-09-14,52,Everybody's Got Somebody But Me,Hunter Hayes Featuring Jason Mraz,60,3,Gains In Performance
2013-09-14,53,I Believe,George Strait,52,7,
2013-09-14,54,Granddaddy's Gun,Aaron Lewis,55,8,Gains In Performance
2013-09-14,55,Blue Skies,Uncle Kracker,57,5,Gains In Performance
2013-09-14,56,Crushin',Bush Hawg,58,5,Gains In Performance
2013-09-14,57,Slow Me Down,Sara Evans,NEW,1,Highest ranking debut|Gains In Performance
2013-09-14,58,Wherever Love Goes,Kristy Lee Cook Featuring Randy Houser,NEW,1,Gains In Performance
2013-09-14,59,Slip On By,Austin Webb,NEW,1,Gains In Performance
2013-09-14,60,Kiss You There,Ronnie Dunn,RE,2,Gains In Performance
2013-09-21,1,Round Here,Florida Georgia Line,2,17,Gains In Performance
2013-09-21,2,Little Bit Of Everything,Keith Urban,1,17,
2013-09-21,3,All Over The Road,Easton Corbin,3,36,Gains In Performance
2013-09-21,4,Night Train,Jason Aldean,5,16,Gains In Performance
2013-09-21,5,Point At You,Justin Moore,6,26,Gains In Performance
2013-09-21,6,Hey Girl,Billy Currington,7,27,Gains In Performance
2013-09-21,7,Redneck Crazy,Tyler Farr,8,29,Gains In Performance
2013-09-21,8,That's My Kind Of Night,Luke Bryan,10,6,Gains In Performance
2013-09-21,9,It Goes Like This,Thomas Rhett,12,20,Greatest gainer this week|Gains In Performance
2013-09-21,10,Parking Lot Party,Lee Brice,11,20,Gains In Performance
2013-09-21,11,Goodbye Town,Lady Antebellum,13,18,Gains In Performance
2013-09-21,12,Southern Girl,Tim McGraw,15,11,Gains In Performance
2013-09-21,13,Aw Naw,Chris Young,16,18,Gains In Performance
2013-09-21,14,When I See This Bar,Kenny Chesney,14,15,
2013-09-21,15,Mine Would Be You,Blake Shelton,17,8,Gains In Performance
2013-09-21,16,Red,Taylor Swift,19,13,Gains In Performance
2013-09-21,17,Easy,Sheryl Crow,18,29,Gains In Performance
2013-09-21,18,Could It Be,Charlie Worsham,20,35,Gains In Performance
2013-09-21,19,Outta My Head,Craig Campbell,21,49,Gains In Performance
2013-09-21,20,Sunny And 75,Joe Nichols,22,19,Gains In Performance
2013-09-21,21,Drinks After Work,Toby Keith,23,13,Gains In Performance
2013-09-21,22,Carolina,Parmalee,24,31,Gains In Performance
2013-09-21,23,All Kinds Of Kinds,Miranda Lambert,25,12,Gains In Performance
2013-09-21,24,Drunk Last Night,Eli Young Band,26,13,Gains In Performance
2013-09-21,25,Days Of Gold,Jake Owen,28,6,Gains In Performance
2013-09-21,26,Wasting All These Tears,Cassadee Pope,27,14,Gains In Performance
2013-09-21,27,Friday Night,Eric Paslay,29,20,Gains In Performance
2013-09-21,28,I Can't Change The World,Brad Paisley,31,5,Gains In Performance
2013-09-21,29,Don't Let Me Be Lonely,The Band Perry,33,4,Gains In Performance
2013-09-21,30,Radio,Darius Rucker,30,8,Gains In Performance
2013-09-21,31,Better,Maggie Rose,32,28,
2013-09-21,32,Chillin' It,Cole Swindell,36,7,Gains In Performance
2013-09-21,33,Sweet Annie,Zac Brown Band,43,4,Gains In Performance
2013-09-21,34,Up All Night,Jon Pardi,34,25,Gains In Performance
2013-09-21,35,Tie It Up,Kelly Clarkson,35,12,Gains In Performance
2013-09-21,36,See You Tonight,Scotty McCreery,37,21,Gains In Performance
2013-09-21,37,Whatever She's Got,David Nail,38,15,Gains In Performance
2013-09-21,38,Helluva Life,Frankie Ballard,39,8,Gains In Performance
2013-09-21,39,Wild In Your Smile,Dustin Lynch,40,15,Gains In Performance
2013-09-21,40,Everything I Shouldn't Be Thinking About,Thompson Square,41,13,Gains In Performance
2013-09-21,41,The Heart Of Dixie,Danielle Bradbery,42,9,Gains In Performance
2013-09-21,42,I Miss You,The Henningsens,44,10,Gains In Performance
2013-09-21,43,If You Ever Get Lonely,Love And Theft,45,14,Gains In Performance
2013-09-21,44,I Hold On,Dierks Bentley,48,3,Gains In Performance
2013-09-21,45,Wake Up Lovin' You,Craig Morgan,49,9,Gains In Performance
2013-09-21,46,Everybody's Got Somebody But Me,Hunter Hayes Featuring Jason Mraz,52,4,Gains In Performance
2013-09-21,47,That Girl,Jennifer Nettles,46,5,Gains In Performance
2013-09-21,48,What Are You Listening To?,Chris Stapleton,47,9,Gains In Performance
2013-09-21,49,We Were Us,Keith Urban And Miranda Lambert,NEW,1,Highest ranking debut|Gains In Performance
2013-09-21,50,Cold Beer With Your Name On It,Josh Thompson,50,4,Gains In Performance
2013-09-21,51,Granddaddy's Gun,Aaron Lewis,54,9,Gains In Performance
2013-09-21,52,Summer Jam,Jake Owen Featuring Florida Georgia Line,51,10,
2013-09-21,53,Blue Skies,Uncle Kracker,55,6,
2013-09-21,54,Crushin',Bush Hawg,56,6,Gains In Performance
2013-09-21,55,I Believe,George Strait,53,8,
2013-09-21,56,Slow Me Down,Sara Evans,57,2,Gains In Performance
2013-09-21,57,Slip On By,Austin Webb,59,2,Gains In Performance
2013-09-21,58,Wherever Love Goes,Kristy Lee Cook Featuring Randy Houser,58,2,
2013-09-21,59,Little Bit Gypsy,Kellie Pickler,NEW,1,Gains In Performance
2013-09-21,60,Kiss You There,Ronnie Dunn,60,3,
2013-09-28,1,Round Here,Florida Georgia Line,1,18,
2013-09-28,2,Night Train,Jason Aldean,4,17,Gains In Performance
2013-09-28,3,Point At You,Justin Moore,5,27,Gains In Performance
2013-09-28,4,Hey Girl,Billy Currington,6,28,Gains In Performance
2013-09-28,5,Redneck Crazy,Tyler Farr,7,30,Gains In Performance
2013-09-28,6,That's My Kind Of Night,Luke Bryan,8,7,Gains In Performance
2013-09-28,7,It Goes Like This,Thomas Rhett,9,21,Gains In Performance
2013-09-28,8,All Over The Road,Easton Corbin,3,37,
2013-09-28,9,Little Bit Of Everything,Keith Urban,2,18,
2013-09-28,10,Parking Lot Party,Lee Brice,10,21,Gains In Performance
2013-09-28,11,Aw Naw,Chris Young,13,19,Gains In Performance
2013-09-28,12,Southern Girl,Tim McGraw,12,12,Gains In Performance
2013-09-28,13,Mine Would Be You,Blake Shelton,15,9,Gains In Performance
2013-09-28,14,Red,Taylor Swift,16,14,Gains In Performance
2013-09-28,15,When I See This Bar,Kenny Chesney,14,16,
2013-09-28,16,Could It Be,Charlie Worsham,18,36,Gains In Performance
2013-09-28,17,Sunny And 75,Joe Nichols,20,20,Gains In Performance
2013-09-28,18,Outta My Head,Craig Campbell,19,50,Gains In Performance
2013-09-28,19,Goodbye Town,Lady Antebellum,11,19,
2013-09-28,20,Drinks After Work,Toby Keith,21,14,Gains In Performance
2013-09-28,21,Carolina,Parmalee,22,32,Gains In Performance
2013-09-28,22,All Kinds Of Kinds,Miranda Lambert,23,13,Gains In Performance
2013-09-28,23,Drunk Last Night,Eli Young Band,24,14,Gains In Performance
2013-09-28,24,Days Of Gold,Jake Owen,25,7,Gains In Performance
2013-09-28,25,Wasting All These Tears,Cassadee Pope,26,15,Gains In Performance
2013-09-28,26,Friday Night,Eric Paslay,27,21,Gains In Performance
2013-09-28,27,Radio,Darius Rucker,30,9,Gains In Performance
2013-09-28,28,Don't Let Me Be Lonely,The Band Perry,29,5,Gains In Performance
2013-09-28,29,We Were Us,Keith Urban And Miranda Lambert,49,2,Gains In Performance
2013-09-28,30,I Can't Change The World,Brad Paisley,28,6,Gains In Performance
2013-09-28,31,Sweet Annie,Zac Brown Band,33,5,Gains In Performance
2013-09-28,32,Better,Maggie Rose,31,29,Gains In Performance
2013-09-28,33,Chillin' It,Cole Swindell,32,8,Gains In Performance
2013-09-28,34,Up All Night,Jon Pardi,34,26,Gains In Performance
2013-09-28,35,Tie It Up,Kelly Clarkson,35,13,Gains In Performance
2013-09-28,36,See You Tonight,Scotty McCreery,36,22,Gains In Performance
2013-09-28,37,Whatever She's Got,David Nail,37,16,Gains In Performance
2013-09-28,38,Helluva Life,Frankie Ballard,38,9,Gains In Performance
2013-09-28,39,Wild In Your Smile,Dustin Lynch,39,16,Gains In Performance
2013-09-28,40,The Heart Of Dixie,Danielle Bradbery,41,10,Gains In Performance
2013-09-28,41,Everything I Shouldn't Be Thinking About,Thompson Square,40,14,Gains In Performance
2013-09-28,42,Everybody's Got Somebody But Me,Hunter Hayes Featuring Jason Mraz,46,5,Gains In Performance
2013-09-28,43,I Hold On,Dierks Bentley,44,4,Gains In Performance
2013-09-28,44,I Miss You,The Henningsens,42,11,Gains In Performance
2013-09-28,45,If You Ever Get Lonely,Love And Theft,43,15,Gains In Performance
2013-09-28,46,That Girl,Jennifer Nettles,47,6,Gains In Performance
2013-09-28,47,Wake Up Lovin' You,Craig Morgan,45,10,Gains In Performance
2013-09-28,48,Cold Beer With Your Name On It,Josh Thompson,50,5,Gains In Performance
2013-09-28,49,What Are You Listening To?,Chris Stapleton,48,10,Gains In Performance
2013-09-28,50,Granddaddy's Gun,Aaron Lewis,51,10,Gains In Performance
2013-09-28,51,Summer Jam,Jake Owen Featuring Florida Georgia Line,52,11,Gains In Performance
2013-09-28,52,Blue Skies,Uncle Kracker,53,7,Gains In Performance
2013-09-28,53,Slow Me Down,Sara Evans,56,3,Gains In Performance
2013-09-28,54,Let's Go There,Brothers Osborne,NEW,1,Highest ranking debut|Gains In Performance
2013-09-28,55,Slip On By,Austin Webb,57,3,Gains In Performance
2013-09-28,56,Crushin',Bush Hawg,54,7,
2013-09-28,57,Stay,Florida Georgia Line,NEW,1,Gains In Performance
2013-09-28,58,Wherever Love Goes,Kristy Lee Cook Featuring Randy Houser,58,3,Gains In Performance
2013-09-28,59,Goodnight Kiss,Randy Houser,NEW,1,Gains In Performance
2013-09-28,60,Love Is War,American Young,NEW,1,Gains In Performance
2013-10-05,1,Night Train,Jason Aldean,2,18,Gains In Performance
2013-10-05,2,Point At You,Justin Moore,3,28,Gains In Performance
2013-10-05,3,Hey Girl,Billy Currington,4,29,Gains In Performance
2013-10-05,4,Round Here,Florida Georgia Line,1,19,
2013-10-05,5,Redneck Crazy,Tyler Farr,5,31,Gains In Performance
2013-10-05,6,That's My Kind Of Night,Luke Bryan,6,8,Gains In Performance
2013-10-05,7,It Goes Like This,Thomas Rhett,7,22,Gains In Performance
2013-10-05,8,Parking Lot Party,Lee Brice,10,22,Gains In Performance
2013-10-05,9,Southern Girl,Tim McGraw,12,13,Gains In Performance
2013-10-05,10,Aw Naw,Chris Young,11,20,Gains In Performance
2013-10-05,11,Mine Would Be You,Blake Shelton,13,10,Gains In Performance
2013-10-05,12,Red,Taylor Swift,14,15,Gains In Performance
2013-10-05,13,Could It Be,Charlie Worsham,16,37,Gains In Performance
2013-10-05,14,Sunny And 75,Joe Nichols,17,21,Gains In Performance
2013-10-05,15,Outta My Head,Craig Campbell,18,51,Gains In Performance
2013-10-05,16,We Were Us,Keith Urban And Miranda Lambert,29,3,Greatest gainer this week|Gains In Performance
2013-10-05,17,Drinks After Work,Toby Keith,20,15,Gains In Performance
2013-10-05,18,Drunk Last Night,Eli Young Band,23,15,Gains In Performance
2013-10-05,19,Carolina,Parmalee,21,33,Gains In Performance
2013-10-05,20,All Kinds Of Kinds,Miranda Lambert,22,14,Gains In Performance
2013-10-05,21,Don't Let Me Be Lonely,The Band Perry,28,6,Gains In Performance
2013-10-05,22,Radio,Darius Rucker,27,10,Gains In Performance
2013-10-05,23,Days Of Gold,Jake Owen,24,8,Gains In Performance
2013-10-05,24,Friday Night,Eric Paslay,26,22,Gains In Performance
2013-10-05,25,Wasting All These Tears,Cassadee Pope,25,16,Gains In Performance
2013-10-05,26,I Can't Change The World,Brad Paisley,30,7,Gains In Performance
2013-10-05,27,Sweet Annie,Zac Brown Band,31,6,Gains In Performance
2013-10-05,28,Up All Night,Jon Pardi,34,27,Gains In Performance
2013-10-05,29,Chillin' It,Cole Swindell,33,9,Gains In Performance
2013-10-05,30,Better,Maggie Rose,32,30,Gains In Performance
2013-10-05,31,Whatever She's Got,David Nail,37,17,Gains In Performance
2013-10-05,32,Helluva Life,Frankie Ballard,38,10,Gains In Performance
2013-10-05,33,Tie It Up,Kelly Clarkson,35,14,Gains In Performance
2013-10-05,34,See You Tonight,Scotty McCreery,36,23,Gains In Performance
2013-10-05,35,Wild In Your Smile,Dustin Lynch,39,17,Gains In Performance
2013-10-05,36,The Heart Of Dixie,Danielle Bradbery,40,11,Gains In Performance
2013-10-05,37,Everything I Shouldn't Be Thinking About,Thompson Square,41,15,Gains In Performance
2013-10-05,38,Everybody's Got Somebody But Me,Hunter Hayes Featuring Jason Mraz,42,6,Gains In Performance
2013-10-05,39,Goodbye Town,Lady Antebellum,19,20,
2013-10-05,40,I Hold On,Dierks Bentley,43,5,Gains In Performance
2013-10-05,41,That Girl,Jennifer Nettles,46,7,Gains In Performance
2013-10-05,42,If You Ever Get Lonely,Love And Theft,45,16,Gains In Performance
2013-10-05,43,Wake Up Lovin' You,Craig Morgan,47,11,Gains In Performance
2013-10-05,44,I Miss You,The Henningsens,44,12,
2013-10-05,45,Cold Beer With Your Name On It,Josh Thompson,48,6,Gains In Performance
2013-10-05,46,What Are You Listening To?,Chris Stapleton,49,11,Gains In Performance
2013-10-05,47,Goodnight Kiss,Randy Houser,59,2,Gains In Performance
2013-10-05,48,Granddaddy's Gun,Aaron Lewis,50,11,
2013-10-05,49,Let's Go There,Brothers Osborne,54,2,Gains In Performance
2013-10-05,50,Summer Jam,Jake Owen Featuring Florida Georgia Line,51,12,
2013-10-05,51,Slow Me Down,Sara Evans,53,4,Gains In Performance
2013-10-05,52,Stay,Florida Georgia Line,57,2,Gains In Performance
2013-10-05,53,Blue Skies,Uncle Kracker,52,8,Gains In Performance
2013-10-05,54,Slip On By,Austin Webb,55,4,Gains In Performance
2013-10-05,55,Crushin',Bush Hawg,56,8,Gains In Performance
2013-10-05,56,Love Is War,American Young,60,2,Gains In Performance
2013-10-05,57,Wherever Love Goes,Kristy Lee Cook Featuring Randy Houser,58,4,Gains In Performance
2013-10-05,58,Little Bit Gypsy,Kellie Pickler,RE,2,Gains In Performance
2013-10-05,59,Two Step,Laura Bell Bundy,NEW,1,Highest ranking debut|Gains In Performance
2013-10-05,60,Drivin' Around Song,Colt Ford Featuring Jason Aldean,NEW,1,Gains In Performance
2013-10-12,1,Night Train,Jason Aldean,1,19,Gains In Performance
2013-10-12,2,Hey Girl,Billy Currington,3,30,Gains In Performance
2013-10-12,3,It Goes Like This,Thomas Rhett,7,23,Gains In Performance
2013-10-12,4,Redneck Crazy,Tyler Farr,5,32,Gains In Performance
2013-10-12,5,That's My Kind Of Night,Luke Bryan,6,9,Gains In Performance
2013-10-12,6,Round Here,Florida Georgia Line,4,20,
2013-10-12,7,Parking Lot Party,Lee Brice,8,23,Gains In Performance
2013-10-12,8,Southern Girl,Tim McGraw,9,14,Gains In Performance
2013-10-12,9,Mine Would Be You,Blake Shelton,11,11,Gains In Performance
2013-10-12,10,Point At You,Justin Moore,2,29,
2013-10-12,11,Aw Naw,Chris Young,10,21,Gains In Performance
2013-10-12,12,Red,Taylor Swift,12,16,Gains In Performance
2013-10-12,13,Sunny And 75,Joe Nichols,14,22,Gains In Performance
2013-10-12,14,We Were Us,Keith Urban And Miranda Lambert,16,4,Gains In Performance
2013-10-12,15,Could It Be,Charlie Worsham,13,38,Gains In Performance
2013-10-12,16,Outta My Head,Craig Campbell,15,52,Gains In Performance
2013-10-12,17,Carolina,Parmalee,19,34,Gains In Performance
2013-10-12,18,Drinks After Work,Toby Keith,17,16,Gains In Performance
2013-10-12,19,All Kinds Of Kinds,Miranda Lambert,20,15,Gains In Performance
2013-10-12,20,Drunk Last Night,Eli Young Band,18,16,Gains In Performance
2013-10-12,21,Radio,Darius Rucker,22,11,Gains In Performance
2013-10-12,22,Don't Let Me Be Lonely,The Band Perry,21,7,Gains In Performance
2013-10-12,23,Days Of Gold,Jake Owen,23,9,Gains In Performance
2013-10-12,24,Friday Night,Eric Paslay,24,23,Gains In Performance
2013-10-12,25,Wasting All These Tears,Cassadee Pope,25,17,Gains In Performance
2013-10-12,26,Sweet Annie,Zac Brown Band,27,7,Gains In Performance
2013-10-12,27,I Can't Change The World,Brad Paisley,26,8,Gains In Performance
2013-10-12,28,Chillin' It,Cole Swindell,29,10,Gains In Performance
2013-10-12,29,Up All Night,Jon Pardi,28,28,Gains In Performance
2013-10-12,30,Whatever She's Got,David Nail,31,18,Gains In Performance
2013-10-12,31,Better,Maggie Rose,30,31,Gains In Performance
2013-10-12,32,Helluva Life,Frankie Ballard,32,11,Gains In Performance
2013-10-12,33,See You Tonight,Scotty McCreery,34,24,Gains In Performance
2013-10-12,34,Wild In Your Smile,Dustin Lynch,35,18,Gains In Performance
2013-10-12,35,Tie It Up,Kelly Clarkson,33,15,
2013-10-12,36,Everything I Shouldn't Be Thinking About,Thompson Square,37,16,Gains In Performance
2013-10-12,37,Everybody's Got Somebody But Me,Hunter Hayes Featuring Jason Mraz,38,7,Gains In Performance
2013-10-12,38,The Heart Of Dixie,Danielle Bradbery,36,12,Gains In Performance
2013-10-12,39,I Hold On,Dierks Bentley,40,6,Gains In Performance
2013-10-12,40,If You Ever Get Lonely,Love And Theft,42,17,Gains In Performance
2013-10-12,41,I Miss You,The Henningsens,44,13,Gains In Performance
2013-10-12,42,Goodnight Kiss,Randy Houser,47,3,Gains In Performance
2013-10-12,43,That Girl,Jennifer Nettles,41,8,Gains In Performance
2013-10-12,44,Wake Up Lovin' You,Craig Morgan,43,12,Gains In Performance
2013-10-12,45,Cold Beer With Your Name On It,Josh Thompson,45,7,Gains In Performance
2013-10-12,46,Let's Go There,Brothers Osborne,49,3,Gains In Performance
2013-10-12,47,Slow Me Down,Sara Evans,51,5,Gains In Performance
2013-10-12,48,Granddaddy's Gun,Aaron Lewis,48,12,Gains In Performance
2013-10-12,49,What Are You Listening To?,Chris Stapleton,46,12,Gains In Performance
2013-10-12,50,Stay,Florida Georgia Line,52,3,Gains In Performance
2013-10-12,51,Blue Skies,Uncle Kracker,53,9,Gains In Performance
2013-10-12,52,Summer Jam,Jake Owen Featuring Florida Georgia Line,50,13,
2013-10-12,53,Love Is War,American Young,56,3,Gains In Performance
2013-10-12,54,Slip On By,Austin Webb,54,5,Gains In Performance
2013-10-12,55,Crushin',Bush Hawg,55,9,Gains In Performance
2013-10-12,56,It Ain't The Whiskey,Gary Allan,NEW,1,Highest ranking debut|Gains In Performance
2013-10-12,57,Little Bit Gypsy,Kellie Pickler,58,3,Gains In Performance
2013-10-12,58,Wherever Love Goes,Kristy Lee Cook Featuring Randy Houser,57,5,Gains In Performance
2013-10-12,59,Drink To That All Night,Jerrod Niemann,NEW,1,Gains In Performance
2013-10-12,60,Beat Of The Music,Brett Eldredge,NEW,1,Gains In Performance
2013-10-19,1,Hey Girl,Billy Currington,2,31,Gains In Performance
2013-10-19,2,Night Train,Jason Aldean,1,20,
2013-10-19,3,Redneck Crazy,Tyler Farr,4,33,Gains In Performance
2013-10-19,4,It Goes Like This,Thomas Rhett,3,24,Gains In Performance
2013-10-19,5,That's My Kind Of Night,Luke Bryan,5,10,Gains In Performance
2013-10-19,6,Mine Would Be You,Blake Shelton,9,12,Gains In Performance
2013-10-19,7,Southern Girl,Tim McGraw,8,15,Gains In Performance
2013-10-19,8,Parking Lot Party,Lee Brice,7,24,Gains In Performance
2013-10-19,9,Aw Naw,Chris Young,11,22,Gains In Performance
2013-10-19,10,Round Here,Florida Georgia Line,6,21,
2013-10-19,11,Red,Taylor Swift,12,17,Gains In Performance
2013-10-19,12,Sunny And 75,Joe Nichols,13,23,Gains In Performance
2013-10-19,13,We Were Us,Keith Urban And Miranda Lambert,14,5,Gains In Performance
2013-10-19,14,Carolina,Parmalee,17,35,Greatest gainer this week|Gains In Performance
2013-10-19,15,Could It Be,Charlie Worsham,15,39,Gains In Performance
2013-10-19,16,Outta My Head,Craig Campbell,16,53,Gains In Performance
2013-10-19,17,Radio,Darius Rucker,21,12,Gains In Performance
2013-10-19,18,All Kinds Of Kinds,Miranda Lambert,19,16,Gains In Performance
2013-10-19,19,Drinks After Work,Toby Keith,18,17,Gains In Performance
2013-10-19,20,Days Of Gold,Jake Owen,23,10,Gains In Performance
2013-10-19,21,Drunk Last Night,Eli Young Band,20,17,Gains In Performance
2013-10-19,22,Don't Let Me Be Lonely,The Band Perry,22,8,Gains In Performance
2013-10-19,23,Friday Night,Eric Paslay,24,24,Gains In Performance
2013-10-19,24,Sweet Annie,Zac Brown Band,26,8,Gains In Performance
2013-10-19,25,Wasting All These Tears,Cassadee Pope,25,18,Gains In Performance
2013-10-19,26,I Can't Change The World,Brad Paisley,27,9,Gains In Performance
2013-10-19,27,Whatever She's Got,David Nail,30,19,Gains In Performance
2013-10-19,28,Chillin' It,Cole Swindell,28,11,Gains In Performance
2013-10-19,29,Up All Night,Jon Pardi,29,29,Gains In Performance
2013-10-19,30,Helluva Life,Frankie Ballard,32,12,Gains In Performance
2013-10-19,31,See You Tonight,Scotty McCreery,33,25,Gains In Performance
2013-10-19,32,Wild In Your Smile,Dustin Lynch,34,19,Gains In Performance
2013-10-19,33,Everybody's Got Somebody But Me,Hunter Hayes Featuring Jason Mraz,37,8,Gains In Performance
2013-10-19,34,Everything I Shouldn't Be Thinking About,Thompson Square,36,17,Gains In Performance
2013-10-19,35,The Heart Of Dixie,Danielle Bradbery,38,13,Gains In Performance
2013-10-19,36,I Hold On,Dierks Bentley,39,7,Gains In Performance
2013-10-19,37,If You Ever Get Lonely,Love And Theft,40,18,Gains In Performance
2013-10-19,38,Goodnight Kiss,Randy Houser,42,4,Gains In Performance
2013-10-19,39,Tie It Up,Kelly Clarkson,35,16,
2013-10-19,40,Wake Up Lovin' You,Craig Morgan,44,13,Gains In Performance
2013-10-19,41,Cold Beer With Your Name On It,Josh Thompson,45,8,Gains In Performance
2013-10-19,42,That Girl,Jennifer Nettles,43,9,Gains In Performance
2013-10-19,43,I Miss You,The Henningsens,41,14,
2013-10-19,44,Stay,Florida Georgia Line,50,4,Gains In Performance
2013-10-19,45,Let's Go There,Brothers Osborne,46,4,Gains In Performance
2013-10-19,46,Slow Me Down,Sara Evans,47,6,Gains In Performance
2013-10-19,47,Granddaddy's Gun,Aaron Lewis,48,13,Gains In Performance
2013-10-19,48,Drink To That All Night,Jerrod Niemann,59,2,Gains In Performance
2013-10-19,49,What Are You Listening To?,Chris Stapleton,49,13,
2013-10-19,50,Beat Of The Music,Brett Eldredge,60,2,Gains In Performance
2013-10-19,51,Blue Skies,Uncle Kracker,51,10,Gains In Performance
2013-10-19,52,It Ain't The Whiskey,Gary Allan,56,2,Gains In Performance
2013-10-19,53,Love Is War,American Young,53,4,Gains In Performance
2013-10-19,54,Little Bit Gypsy,Kellie Pickler,57,4,Gains In Performance
2013-10-19,55,Slip On By,Austin Webb,54,6,Gains In Performance
2013-10-19,56,Strong,Will Hoge,NEW,1,Highest ranking debut|Gains In Performance
2013-10-19,57,Compass,Lady Antebellum,NEW,1,Gains In Performance
2013-10-19,58,Wherever Love Goes,Kristy Lee Cook Featuring Randy Houser,58,6,Gains In Performance
2013-10-19,59,Sober,Little Big Town,NEW,1,Gains In Performance
2013-10-19,60,Take The Keys,Leah Turner,NEW,1,Gains In Performance
2013-10-26,1,It Goes Like This,Thomas Rhett,4,25,Gains In Performance
2013-10-26,2,Hey Girl,Billy Currington,1,32,Gains In Performance
2013-10-26,3,That's My Kind Of Night,Luke Bryan,5,11,Gains In Performance
2013-10-26,4,Night Train,Jason Aldean,2,21,
2013-10-26,5,Southern Girl,Tim McGraw,7,16,Gains In Performance
2013-10-26,6,Mine Would Be You,Blake Shelton,6,13,Gains In Performance
2013-10-26,7,Parking Lot Party,Lee Brice,8,25,Gains In Performance
2013-10-26,8,Aw Naw,Chris Young,9,23,Gains In Performance
2013-10-26,9,Redneck Crazy,Tyler Farr,3,34,
2013-10-26,10,We Were Us,Keith Urban And Miranda Lambert,13,6,Gains In Performance
2013-10-26,11,Red,Taylor Swift,11,18,Gains In Performance
2013-10-26,12,Sunny And 75,Joe Nichols,12,24,Gains In Performance
2013-10-26,13,Carolina,Parmalee,14,36,Gains In Performance
2013-10-26,14,Could It Be,Charlie Worsham,15,40,
2013-10-26,15,Radio,Darius Rucker,17,13,Gains In Performance
2013-10-26,16,Outta My Head,Craig Campbell,16,54,Gains In Performance
2013-10-26,17,All Kinds Of Kinds,Miranda Lambert,18,17,Gains In Performance
2013-10-26,18,Drunk Last Night,Eli Young Band,21,18,Gains In Performance
2013-10-26,19,Days Of Gold,Jake Owen,20,11,Gains In Performance
2013-10-26,20,Don't Let Me Be Lonely,The Band Perry,22,9,Gains In Performance
2013-10-26,21,Friday Night,Eric Paslay,23,25,Gains In Performance
2013-10-26,22,Drinks After Work,Toby Keith,19,18,
2013-10-26,23,Sweet Annie,Zac Brown Band,24,9,Gains In Performance
2013-10-26,24,Wasting All These Tears,Cassadee Pope,25,19,Gains In Performance
2013-10-26,25,I Can't Change The World,Brad Paisley,26,10,Gains In Performance
2013-10-26,26,Chillin' It,Cole Swindell,28,12,Gains In Performance
2013-10-26,27,Whatever She's Got,David Nail,27,20,Gains In Performance
2013-10-26,28,Up All Night,Jon Pardi,29,30,Gains In Performance
2013-10-26,29,Helluva Life,Frankie Ballard,30,13,Gains In Performance
2013-10-26,30,Stay,Florida Georgia Line,44,5,Gains In Performance
2013-10-26,31,Wild In Your Smile,Dustin Lynch,32,20,Gains In Performance
2013-10-26,32,See You Tonight,Scotty McCreery,31,26,Gains In Performance
2013-10-26,33,Everybody's Got Somebody But Me,Hunter Hayes Featuring Jason Mraz,33,9,Gains In Performance
2013-10-26,34,Everything I Shouldn't Be Thinking About,Thompson Square,34,18,Gains In Performance
2013-10-26,35,The Heart Of Dixie,Danielle Bradbery,35,14,Gains In Performance
2013-10-26,36,I Hold On,Dierks Bentley,36,8,Gains In Performance
2013-10-26,37,Goodnight Kiss,Randy Houser,38,5,Gains In Performance
2013-10-26,38,Wake Up Lovin' You,Craig Morgan,40,14,Gains In Performance
2013-10-26,39,If You Ever Get Lonely,Love And Theft,37,19,
2013-10-26,40,I Miss You,The Henningsens,43,15,Gains In Performance
2013-10-26,41,Cold Beer With Your Name On It,Josh Thompson,41,9,Gains In Performance
2013-10-26,42,Beat Of The Music,Brett Eldredge,50,3,Gains In Performance
2013-10-26,43,That Girl,Jennifer Nettles,42,10,
2013-10-26,44,Slow Me Down,Sara Evans,46,7,Gains In Performance
2013-10-26,45,Drink To That All Night,Jerrod Niemann,48,3,Gains In Performance
2013-10-26,46,Let's Go There,Brothers Osborne,45,5,Gains In Performance
2013-10-26,47,Granddaddy's Gun,Aaron Lewis,47,14,Gains In Performance
2013-10-26,48,Compass,Lady Antebellum,57,2,Gains In Performance
2013-10-26,49,What Are You Listening To?,Chris Stapleton,49,14,Gains In Performance
2013-10-26,50,Blue Skies,Uncle Kracker,51,11,Gains In Performance
2013-10-26,51,It Ain't The Whiskey,Gary Allan,52,3,Gains In Performance
2013-10-26,52,Slip On By,Austin Webb,55,7,Gains In Performance
2013-10-26,53,Love Is War,American Young,53,5,Gains In Performance
2013-10-26,54,Strong,Will Hoge,56,2,Gains In Performance
2013-10-26,55,19 You + Me,Dan + Shay,NEW,1,Highest ranking debut|Gains In Performance
2013-10-26,56,Little Bit Gypsy,Kellie Pickler,54,5,
2013-10-26,57,Sober,Little Big Town,59,2,Gains In Performance
2013-10-26,58,Take The Keys,Leah Turner,60,2,Gains In Performance
2013-10-26,59,Drivin' Around Song,Colt Ford Featuring Jason Aldean,RE,2,Gains In Performance
2013-10-26,60,Cut Me Some Slack,Chris Janson,NEW,1,Gains In Performance
2013-11-02,1,It Goes Like This,Thomas Rhett,1,26,Gains In Performance
2013-11-02,2,That's My Kind Of Night,Luke Bryan,3,12,Gains In Performance
2013-11-02,3,Southern Girl,Tim McGraw,5,17,Gains In Performance
2013-11-02,4,Mine Would Be You,Blake Shelton,6,14,Gains In Performance
2013-11-02,5,Aw Naw,Chris Young,8,24,Gains In Performance
2013-11-02,6,Parking Lot Party,Lee Brice,7,26,Gains In Performance
2013-11-02,7,Hey Girl,Billy Currington,2,33,
2013-11-02,8,Night Train,Jason Aldean,4,22,
2013-11-02,9,We Were Us,Keith Urban And Miranda Lambert,10,7,Gains In Performance
2013-11-02,10,Sunny And 75,Joe Nichols,12,25,Gains In Performance
2013-11-02,11,Red,Taylor Swift,11,19,Gains In Performance
2013-11-02,12,Carolina,Parmalee,13,37,Gains In Performance
2013-11-02,13,Radio,Darius Rucker,15,14,Gains In Performance
2013-11-02,14,Drunk Last Night,Eli Young Band,18,19,Gains In Performance
2013-11-02,15,All Kinds Of Kinds,Miranda Lambert,17,18,Gains In Performance
2013-11-02,16,Days Of Gold,Jake Owen,19,12,Gains In Performance
2013-11-02,17,Don't Let Me Be Lonely,The Band Perry,20,10,Gains In Performance
2013-11-02,18,Friday Night,Eric Paslay,21,26,Gains In Performance
2013-11-02,19,Sweet Annie,Zac Brown Band,23,10,Gains In Performance
2013-11-02,20,Drinks After Work,Toby Keith,22,19,
2013-11-02,21,Wasting All These Tears,Cassadee Pope,24,20,Gains In Performance
2013-11-02,22,Whatever She's Got,David Nail,27,21,Gains In Performance
2013-11-02,23,Chillin' It,Cole Swindell,26,13,Gains In Performance
2013-11-02,24,I Can't Change The World,Brad Paisley,25,11,Gains In Performance
2013-11-02,25,Up All Night,Jon Pardi,28,31,Gains In Performance
2013-11-02,26,Stay,Florida Georgia Line,30,6,Greatest gainer this week|Gains In Performance
2013-11-02,27,Helluva Life,Frankie Ballard,29,14,Gains In Performance
2013-11-02,28,Everybody's Got Somebody But Me,Hunter Hayes Featuring Jason Mraz,33,10,Gains In Performance
2013-11-02,29,Wild In Your Smile,Dustin Lynch,31,21,Gains In Performance
2013-11-02,30,See You Tonight,Scotty McCreery,32,27,Gains In Performance
2013-11-02,31,Everything I Shouldn't Be Thinking About,Thompson Square,34,19,Gains In Performance
2013-11-02,32,I Hold On,Dierks Bentley,36,9,Gains In Performance
2013-11-02,33,The Heart Of Dixie,Danielle Bradbery,35,15,Gains In Performance
2013-11-02,34,Goodnight Kiss,Randy Houser,37,6,Gains In Performance
2013-11-02,35,Compass,Lady Antebellum,48,3,Gains In Performance
2013-11-02,36,Wake Up Lovin' You,Craig Morgan,38,15,Gains In Performance
2013-11-02,37,If You Ever Get Lonely,Love And Theft,39,20,Gains In Performance
2013-11-02,38,I Miss You,The Henningsens,40,16,Gains In Performance
2013-11-02,39,Drink To That All Night,Jerrod Niemann,45,4,Gains In Performance
2013-11-02,40,Slow Me Down,Sara Evans,44,8,Gains In Performance
2013-11-02,41,Beat Of The Music,Brett Eldredge,42,4,Gains In Performance
2013-11-02,42,Cold Beer With Your Name On It,Josh Thompson,41,10,Gains In Performance
2013-11-02,43,That Girl,Jennifer Nettles,43,11,Gains In Performance
2013-11-02,44,Let's Go There,Brothers Osborne,46,6,Gains In Performance
2013-11-02,45,19 You + Me,Dan + Shay,55,2,Gains In Performance
2013-11-02,46,Granddaddy's Gun,Aaron Lewis,47,15,Gains In Performance
2013-11-02,47,Blue Skies,Uncle Kracker,50,12,
2013-11-02,48,It Ain't The Whiskey,Gary Allan,51,4,Gains In Performance
2013-11-02,49,Slip On By,Austin Webb,52,8,Gains In Performance
2013-11-02,50,What Are You Listening To?,Chris Stapleton,49,15,
2013-11-02,51,Strong,Will Hoge,54,3,Gains In Performance
2013-11-02,52,Sober,Little Big Town,57,3,Gains In Performance
2013-11-02,53,Take The Keys,Leah Turner,58,3,Gains In Performance
2013-11-02,54,Love Is War,American Young,53,6,
2013-11-02,55,Little Bit Gypsy,Kellie Pickler,56,6,Gains In Performance
2013-11-02,56,Follow Your Arrow,Kacey Musgraves,NEW,1,Highest ranking debut|Gains In Performance
2013-11-02,57,Drivin' Around Song,Colt Ford Featuring Jason Aldean,59,3,Gains In Performance
2013-11-02,58,Wherever Love Goes,Kristy Lee Cook Featuring Randy Houser,RE,7,Gains In Performance
2013-11-02,59,Doin' It Right,Rodney Atkins,NEW,1,Gains In Performance
2013-11-02,60,Cut Me Some Slack,Chris Janson,60,2,
2013-11-09,1,It Goes Like This,Thomas Rhett,1,27,Gains In Performance
2013-11-09,2,That's My Kind Of Night,Luke Bryan,2,13,
2013-11-09,3,Southern Girl,Tim McGraw,3,18,Gains In Performance
2013-11-09,4,Mine Would Be You,Blake Shelton,4,15,Gains In Performance
2013-11-09,5,Aw Naw,Chris Young,5,25,Gains In Performance
2013-11-09,6,Parking Lot Party,Lee Brice,6,27,Gains In Performance
2013-11-09,7,We Were Us,Keith Urban And Miranda Lambert,9,8,Gains In Performance
2013-11-09,8,Sunny And 75,Joe Nichols,10,26,Gains In Performance
2013-11-09,9,Night Train,Jason Aldean,8,23,
2013-11-09,10,Carolina,Parmalee,12,38,Gains In Performance
2013-11-09,11,Red,Taylor Swift,11,20,Gains In Performance
2013-11-09,12,Drunk Last Night,Eli Young Band,14,20,Gains In Performance
2013-11-09,13,Radio,Darius Rucker,13,15,Gains In Performance
2013-11-09,14,Don't Let Me Be Lonely,The Band Perry,17,11,Gains In Performance
2013-11-09,15,All Kinds Of Kinds,Miranda Lambert,15,19,Gains In Performance
2013-11-09,16,Friday Night,Eric Paslay,18,27,Gains In Performance
2013-11-09,17,Days Of Gold,Jake Owen,16,13,Gains In Performance
2013-11-09,18,Sweet Annie,Zac Brown Band,19,11,Gains In Performance
2013-11-09,19,Wasting All These Tears,Cassadee Pope,21,21,Gains In Performance
2013-11-09,20,Stay,Florida Georgia Line,26,7,Gains In Performance
2013-11-09,21,Chillin' It,Cole Swindell,23,14,Gains In Performance
2013-11-09,22,Whatever She's Got,David Nail,22,22,Gains In Performance
2013-11-09,23,Up All Night,Jon Pardi,25,32,Gains In Performance
2013-11-09,24,I Can't Change The World,Brad Paisley,24,12,Gains In Performance
2013-11-09,25,The Outsiders,Eric Church,NEW,1,Highest ranking debut|Gains In Performance
2013-11-09,26,Everybody's Got Somebody But Me,Hunter Hayes Featuring Jason Mraz,28,11,Gains In Performance
2013-11-09,27,Helluva Life,Frankie Ballard,27,15,Gains In Performance
2013-11-09,28,Wild In Your Smile,Dustin Lynch,29,22,Gains In Performance
2013-11-09,29,See You Tonight,Scotty McCreery,30,28,Gains In Performance
2013-11-09,30,I Hold On,Dierks Bentley,32,10,Gains In Performance
2013-11-09,31,Everything I Shouldn't Be Thinking About,Thompson Square,31,20,Gains In Performance
2013-11-09,32,Compass,Lady Antebellum,35,4,Gains In Performance
2013-11-09,33,The Heart Of Dixie,Danielle Bradbery,33,16,Gains In Performance
2013-11-09,34,Goodnight Kiss,Randy Houser,34,7,Gains In Performance
2013-11-09,35,If You Ever Get Lonely,Love And Theft,37,21,Gains In Performance
2013-11-09,36,Wake Up Lovin' You,Craig Morgan,36,16,Gains In Performance
2013-11-09,37,Beat Of The Music,Brett Eldredge,41,5,Gains In Performance
2013-11-09,38,19 You + Me,Dan + Shay,45,3,Gains In Performance
2013-11-09,39,Drink To That All Night,Jerrod Niemann,39,5,Gains In Performance
2013-11-09,40,I Miss You,The Henningsens,38,17,Gains In Performance
2013-11-09,41,Slow Me Down,Sara Evans,40,9,Gains In Performance
2013-11-09,42,Cold Beer With Your Name On It,Josh Thompson,42,11,Gains In Performance
2013-11-09,43,That Girl,Jennifer Nettles,43,12,Gains In Performance
2013-11-09,44,Let's Go There,Brothers Osborne,44,7,Gains In Performance
2013-11-09,45,Sober,Little Big Town,52,4,Gains In Performance
2013-11-09,46,Granddaddy's Gun,Aaron Lewis,46,16,
2013-11-09,47,Take The Keys,Leah Turner,53,4,Gains In Performance
2013-11-09,48,It Ain't The Whiskey,Gary Allan,48,5,Gains In Performance
2013-11-09,49,Slip On By,Austin Webb,49,9,Gains In Performance
2013-11-09,50,Follow Your Arrow,Kacey Musgraves,56,2,Gains In Performance
2013-11-09,51,Blue Skies,Uncle Kracker,47,13,
2013-11-09,52,Strong,Will Hoge,51,4,
2013-11-09,53,Love Is War,American Young,54,7,Gains In Performance
2013-11-09,54,Little Bit Gypsy,Kellie Pickler,55,7,Gains In Performance
2013-11-09,55,Lettin' The Night Roll,Justin Moore,NEW,1,Gains In Performance
2013-11-09,56,I Got A Car,George Strait,NEW,1,Gains In Performance
2013-11-09,57,Doin' It Right,Rodney Atkins,59,2,Gains In Performance
2013-11-09,58,When She Says Baby,Jason Aldean,NEW,1,Gains In Performance
2013-11-09,59,What Are You Listening To?,Chris Stapleton,50,16,
2013-11-09,60,Best Seat In The House,LoCash Cowboys,NEW,1,Gains In Performance
2013-11-16,1,Mine Would Be You,Blake Shelton,4,16,Gains In Performance
2013-11-16,2,Southern Girl,Tim McGraw,3,19,Gains In Performance
2013-11-16,3,It Goes Like This,Thomas Rhett,1,28,
2013-11-16,4,Aw Naw,Chris Young,5,26,Gains In Performance
2013-11-16,5,We Were Us,Keith Urban And Miranda Lambert,7,9,Gains In Performance
2013-11-16,6,That's My Kind Of Night,Luke Bryan,2,14,
2013-11-16,7,Sunny And 75,Joe Nichols,8,27,Gains In Performance
2013-11-16,8,Carolina,Parmalee,10,39,Gains In Performance
2013-11-16,9,Parking Lot Party,Lee Brice,6,28,
2013-11-16,10,Drunk Last Night,Eli Young Band,12,21,Greatest gainer this week|Gains In Performance
2013-11-16,11,Red,Taylor Swift,11,21,Gains In Performance
2013-11-16,12,Radio,Darius Rucker,13,16,Gains In Performance
2013-11-16,13,Don't Let Me Be Lonely,The Band Perry,14,12,Gains In Performance
2013-11-16,14,Sweet Annie,Zac Brown Band,18,12,Gains In Performance
2013-11-16,15,Days Of Gold,Jake Owen,17,14,Gains In Performance
2013-11-16,16,Friday Night,Eric Paslay,16,28,Gains In Performance
2013-11-16,17,All Kinds Of Kinds,Miranda Lambert,15,20,Gains In Performance
2013-11-16,18,Wasting All These Tears,Cassadee Pope,19,22,Gains In Performance
2013-11-16,19,Stay,Florida Georgia Line,20,8,Gains In Performance
2013-11-16,20,Whatever She's Got,David Nail,22,23,Gains In Performance
2013-11-16,21,Chillin' It,Cole Swindell,21,15,Gains In Performance
2013-11-16,22,Up All Night,Jon Pardi,23,33,Gains In Performance
2013-11-16,23,I Can't Change The World,Brad Paisley,24,13,Gains In Performance
2013-11-16,24,Everybody's Got Somebody But Me,Hunter Hayes Featuring Jason Mraz,26,12,Gains In Performance
2013-11-16,25,Helluva Life,Frankie Ballard,27,16,Gains In Performance
2013-11-16,26,Compass,Lady Antebellum,32,5,Gains In Performance
2013-11-16,27,The Heart Of Dixie,Danielle Bradbery,33,17,Gains In Performance
2013-11-16,28,See You Tonight,Scotty McCreery,29,29,Gains In Performance
2013-11-16,29,Everything I Shouldn't Be Thinking About,Thompson Square,31,21,Gains In Performance
2013-11-16,30,The Outsiders,Eric Church,25,2,
2013-11-16,31,Wild In Your Smile,Dustin Lynch,28,23,Gains In Performance
2013-11-16,32,I Hold On,Dierks Bentley,30,11,Gains In Performance
2013-11-16,33,Goodnight Kiss,Randy Houser,34,8,Gains In Performance
2013-11-16,34,19 You + Me,Dan + Shay,38,4,Gains In Performance
2013-11-16,35,Drink To That All Night,Jerrod Niemann,39,6,Gains In Performance
2013-11-16,36,I Miss You,The Henningsens,40,18,Gains In Performance
2013-11-16,37,Beat Of The Music,Brett Eldredge,37,6,Gains In Performance
2013-11-16,38,If You Ever Get Lonely,Love And Theft,35,22,Gains In Performance
2013-11-16,39,Wake Up Lovin' You,Craig Morgan,36,17,Gains In Performance
2013-11-16,40,Slow Me Down,Sara Evans,41,10,Gains In Performance
2013-11-16,41,Cold Beer With Your Name On It,Josh Thompson,42,12,Gains In Performance
2013-11-16,42,Sober,Little Big Town,45,5,Gains In Performance
2013-11-16,43,That Girl,Jennifer Nettles,43,13,Gains In Performance
2013-11-16,44,Let's Go There,Brothers Osborne,44,8,Gains In Performance
2013-11-16,45,Take The Keys,Leah Turner,47,5,Gains In Performance
2013-11-16,46,It Ain't The Whiskey,Gary Allan,48,6,Gains In Performance
2013-11-16,47,Slip On By,Austin Webb,49,10,Gains In Performance
2013-11-16,48,Follow Your Arrow,Kacey Musgraves,50,3,Gains In Performance
2013-11-16,49,Lettin' The Night Roll,Justin Moore,55,2,Gains In Performance
2013-11-16,50,Strong,Will Hoge,52,5,Gains In Performance
2013-11-16,51,Blue Skies,Uncle Kracker,51,14,Gains In Performance
2013-11-16,52,Callin' Me When I'm Lonely,Sheryl Crow,NEW,1,Highest ranking debut|Gains In Performance
2013-11-16,53,Love Is War,American Young,53,8,Gains In Performance
2013-11-16,54,Granddaddy's Gun,Aaron Lewis,46,17,
2013-11-16,55,Little Bit Gypsy,Kellie Pickler,54,8,Gains In Performance
2013-11-16,56,When She Says Baby,Jason Aldean,58,2,Gains In Performance
2013-11-16,57,Doin' It Right,Rodney Atkins,57,3,Gains In Performance
2013-11-16,58,I Got A Car,George Strait,56,2,Gains In Performance
2013-11-16,59,Drink A Beer,Luke Bryan,NEW,1,Gains In Performance
2013-11-16,60,Best Seat In The House,LoCash Cowboys,60,2,Gains In Performance
2013-11-23,1,Mine Would Be You,Blake Shelton,1,17,Gains In Performance
2013-11-23,2,Southern Girl,Tim McGraw,2,20,Gains In Performance
2013-11-23,3,Aw Naw,Chris Young,4,27,
2013-11-23,4,We Were Us,Keith Urban And Miranda Lambert,5,10,Gains In Performance
2013-11-23,5,It Goes Like This,Thomas Rhett,3,29,
2013-11-23,6,Sunny And 75,Joe Nichols,7,28,Gains In Performance
2013-11-23,7,Carolina,Parmalee,8,40,Gains In Performance
2013-11-23,8,Drunk Last Night,Eli Young Band,10,22,Gains In Performance
2013-11-23,9,Radio,Darius Rucker,12,17,Gains In Performance
2013-11-23,10,Red,Taylor Swift,11,22,Gains In Performance
2013-11-23,11,Don't Let Me Be Lonely,The Band Perry,13,13,Gains In Performance
2013-11-23,12,Sweet Annie,Zac Brown Band,14,13,Gains In Performance
2013-11-23,13,Friday Night,Eric Paslay,16,29,Gains In Performance
2013-11-23,14,Stay,Florida Georgia Line,19,9,Gains In Performance
2013-11-23,15,Days Of Gold,Jake Owen,15,15,
2013-11-23,16,All Kinds Of Kinds,Miranda Lambert,17,21,
2013-11-23,17,Wasting All These Tears,Cassadee Pope,18,23,Gains In Performance
2013-11-23,18,Chillin' It,Cole Swindell,21,16,Gains In Performance
2013-11-23,19,Whatever She's Got,David Nail,20,24,Gains In Performance
2013-11-23,20,Up All Night,Jon Pardi,22,34,Gains In Performance
2013-11-23,21,Everybody's Got Somebody But Me,Hunter Hayes Featuring Jason Mraz,24,13,Gains In Performance
2013-11-23,22,I Can't Change The World,Brad Paisley,23,14,
2013-11-23,23,Helluva Life,Frankie Ballard,25,17,Gains In Performance
2013-11-23,24,Compass,Lady Antebellum,26,6,Gains In Performance
2013-11-23,25,See You Tonight,Scotty McCreery,28,30,Gains In Performance
2013-11-23,26,The Heart Of Dixie,Danielle Bradbery,27,18,Gains In Performance
2013-11-23,27,Everything I Shouldn't Be Thinking About,Thompson Square,29,22,Gains In Performance
2013-11-23,28,I Hold On,Dierks Bentley,32,12,Gains In Performance
2013-11-23,29,The Outsiders,Eric Church,30,3,Gains In Performance
2013-11-23,30,Wild In Your Smile,Dustin Lynch,31,24,Gains In Performance
2013-11-23,31,19 You + Me,Dan + Shay,34,5,Gains In Performance
2013-11-23,32,Goodnight Kiss,Randy Houser,33,9,Gains In Performance
2013-11-23,33,Drink To That All Night,Jerrod Niemann,35,7,Gains In Performance
2013-11-23,34,Drink A Beer,Luke Bryan,59,2,Greatest gainer this week|Gains In Performance
2013-11-23,35,Beat Of The Music,Brett Eldredge,37,7,Gains In Performance
2013-11-23,36,Wake Up Lovin' You,Craig Morgan,39,18,Gains In Performance
2013-11-23,37,I Miss You,The Henningsens,36,19,
2013-11-23,38,If You Ever Get Lonely,Love And Theft,38,23,
2013-11-23,39,Cold Beer With Your Name On It,Josh Thompson,41,13,Gains In Performance
2013-11-23,40,Sober,Little Big Town,42,6,Gains In Performance
2013-11-23,41,Slow Me Down,Sara Evans,40,11,
2013-11-23,42,That Girl,Jennifer Nettles,43,14,Gains In Performance
2013-11-23,43,Lettin' The Night Roll,Justin Moore,49,3,Gains In Performance
2013-11-23,44,When She Says Baby,Jason Aldean,56,3,Gains In Performance
2013-11-23,45,Let's Go There,Brothers Osborne,44,9,
2013-11-23,46,Slip On By,Austin Webb,47,11,Gains In Performance
2013-11-23,47,Take The Keys,Leah Turner,45,6,Gains In Performance
2013-11-23,48,Follow Your Arrow,Kacey Musgraves,48,4,
2013-11-23,49,It Ain't The Whiskey,Gary Allan,46,7,
2013-11-23,50,Strong,Will Hoge,50,6,Gains In Performance
2013-11-23,51,I Got A Car,George Strait,58,3,Gains In Performance
2013-11-23,52,Callin' Me When I'm Lonely,Sheryl Crow,52,2,Gains In Performance
2013-11-23,53,Love Is War,American Young,53,9,Gains In Performance
2013-11-23,54,Blue Skies,Uncle Kracker,51,15,
2013-11-23,55,Little Bit Gypsy,Kellie Pickler,55,9,Gains In Performance
2013-11-23,56,Doin' It Right,Rodney Atkins,57,4,
2013-11-23,57,Best Seat In The House,LoCash Cowboys,60,3,Gains In Performance
2013-11-23,58,Whiskey In My Water,Tyler Farr,NEW,1,Highest ranking debut|Gains In Performance
2013-11-23,59,Drivin' Around Song,Colt Ford Featuring Jason Aldean,RE,4,
2013-11-23,60,Shut Up And Hold On,Toby Keith,NEW,1,
2013-11-30,1,Mine Would Be You,Blake Shelton,1,18,
2013-11-30,2,We Were Us,Keith Urban And Miranda Lambert,4,11,Gains In Performance
2013-11-30,3,Sunny And 75,Joe Nichols,6,29,Gains In Performance
2013-11-30,4,Southern Girl,Tim McGraw,2,21,
2013-11-30,5,Aw Naw,Chris Young,3,28,
2013-11-30,6,Carolina,Parmalee,7,41,Gains In Performance
2013-11-30,7,Drunk Last Night,Eli Young Band,8,23,Gains In Performance
2013-11-30,8,Radio,Darius Rucker,9,18,Gains In Performance
2013-11-30,9,Don't Let Me Be Lonely,The Band Perry,11,14,Gains In Performance
2013-11-30,10,Red,Taylor Swift,10,23,Gains In Performance
2013-11-30,11,Sweet Annie,Zac Brown Band,12,14,Gains In Performance
2013-11-30,12,Stay,Florida Georgia Line,14,10,Gains In Performance
2013-11-30,13,Friday Night,Eric Paslay,13,30,Gains In Performance
2013-11-30,14,Wasting All These Tears,Cassadee Pope,17,24,Gains In Performance
2013-11-30,15,Days Of Gold,Jake Owen,15,16,Gains In Performance
2013-11-30,16,Chillin' It,Cole Swindell,18,17,Gains In Performance
2013-11-30,17,Whatever She's Got,David Nail,19,25,Gains In Performance
2013-11-30,18,Everybody's Got Somebody But Me,Hunter Hayes Featuring Jason Mraz,21,14,Gains In Performance
2013-11-30,19,Up All Night,Jon Pardi,20,35,Gains In Performance
2013-11-30,20,Drink A Beer,Luke Bryan,34,3,Gains In Performance
2013-11-30,21,Helluva Life,Frankie Ballard,23,18,Gains In Performance
2013-11-30,22,Compass,Lady Antebellum,24,7,Gains In Performance
2013-11-30,23,See You Tonight,Scotty McCreery,25,31,Gains In Performance
2013-11-30,24,The Heart Of Dixie,Danielle Bradbery,26,19,Gains In Performance
2013-11-30,25,Everything I Shouldn't Be Thinking About,Thompson Square,27,23,Gains In Performance
2013-11-30,26,I Hold On,Dierks Bentley,28,13,Gains In Performance
2013-11-30,27,Wild In Your Smile,Dustin Lynch,30,25,Gains In Performance
2013-11-30,28,19 You + Me,Dan + Shay,31,6,Gains In Performance
2013-11-30,29,The Outsiders,Eric Church,29,4,Gains In Performance
2013-11-30,30,Goodnight Kiss,Randy Houser,32,10,Gains In Performance
2013-11-30,31,Drink To That All Night,Jerrod Niemann,33,8,Gains In Performance
2013-11-30,32,I Can't Change The World,Brad Paisley,22,15,
2013-11-30,33,Beat Of The Music,Brett Eldredge,35,8,Gains In Performance
2013-11-30,34,When She Says Baby,Jason Aldean,44,4,Gains In Performance
2013-11-30,35,If You Ever Get Lonely,Love And Theft,38,24,Gains In Performance
2013-11-30,36,Wake Up Lovin' You,Craig Morgan,36,19,Gains In Performance
2013-11-30,37,I Miss You,The Henningsens,37,20,Gains In Performance
2013-11-30,38,Cold Beer With Your Name On It,Josh Thompson,39,14,Gains In Performance
2013-11-30,39,Slow Me Down,Sara Evans,41,12,Gains In Performance
2013-11-30,40,Sober,Little Big Town,40,7,
2013-11-30,41,That Girl,Jennifer Nettles,42,15,
2013-11-30,42,Lettin' The Night Roll,Justin Moore,43,4,Gains In Performance
2013-11-30,43,It Ain't The Whiskey,Gary Allan,49,8,Gains In Performance
2013-11-30,44,Take The Keys,Leah Turner,47,7,Gains In Performance
2013-11-30,45,I Got A Car,George Strait,51,4,Gains In Performance
2013-11-30,46,Strong,Will Hoge,50,7,Gains In Performance
2013-11-30,47,Let's Go There,Brothers Osborne,45,10,
2013-11-30,48,Follow Your Arrow,Kacey Musgraves,48,5,Gains In Performance
2013-11-30,49,Slip On By,Austin Webb,46,12,
2013-11-30,50,Callin' Me When I'm Lonely,Sheryl Crow,52,3,Gains In Performance
2013-11-30,51,Little Bit Gypsy,Kellie Pickler,55,10,Gains In Performance
2013-11-30,52,Blue Skies,Uncle Kracker,54,16,Gains In Performance
2013-11-30,53,Love Is War,American Young,53,10,
2013-11-30,54,Whiskey In My Water,Tyler Farr,58,2,Gains In Performance
2013-11-30,55,Get Me Some Of That,Thomas Rhett,NEW,1,Highest ranking debut|Gains In Performance
2013-11-30,56,Doin' It Right,Rodney Atkins,56,5,Gains In Performance
2013-11-30,57,Ready Set Roll,Chase Rice,NEW,1,Gains In Performance
2013-11-30,58,Best Seat In The House,LoCash Cowboys,57,4,
2013-11-30,59,Drivin' Around Song,Colt Ford Featuring Jason Aldean,59,5,Gains In Performance
2013-11-30,60,Shut Up And Hold On,Toby Keith,60,2,Gains In Performance
2013-12-07,1,We Were Us,Keith Urban And Miranda Lambert,2,12,Gains In Performance
2013-12-07,2,Sunny And 75,Joe Nichols,3,30,Gains In Performance
2013-12-07,3,Mine Would Be You,Blake Shelton,1,19,
2013-12-07,4,Carolina,Parmalee,6,42,Gains In Performance
2013-12-07,5,Drunk Last Night,Eli Young Band,7,24,Gains In Performance
2013-12-07,6,Radio,Darius Rucker,8,19,Gains In Performance
2013-12-07,7,Don't Let Me Be Lonely,The Band Perry,9,15,Gains In Performance
2013-12-07,8,Red,Taylor Swift,10,24,Gains In Performance
2013-12-07,9,Stay,Florida Georgia Line,12,11,Gains In Performance
2013-12-07,10,Sweet Annie,Zac Brown Band,11,15,Gains In Performance
2013-12-07,11,Friday Night,Eric Paslay,13,31,Gains In Performance
2013-12-07,12,Wasting All These Tears,Cassadee Pope,14,25,Gains In Performance
2013-12-07,13,Chillin' It,Cole Swindell,16,18,Gains In Performance
2013-12-07,14,Whatever She's Got,David Nail,17,26,Gains In Performance
2013-12-07,15,Days Of Gold,Jake Owen,15,17,
2013-12-07,16,Drink A Beer,Luke Bryan,20,4,Gains In Performance
2013-12-07,17,Compass,Lady Antebellum,22,8,Gains In Performance
2013-12-07,18,Everybody's Got Somebody But Me,Hunter Hayes Featuring Jason Mraz,18,15,Gains In Performance
2013-12-07,19,Up All Night,Jon Pardi,19,36,Gains In Performance
2013-12-07,20,Helluva Life,Frankie Ballard,21,19,Gains In Performance
2013-12-07,21,See You Tonight,Scotty McCreery,23,32,Gains In Performance
2013-12-07,22,The Heart Of Dixie,Danielle Bradbery,24,20,Gains In Performance
2013-12-07,23,Everything I Shouldn't Be Thinking About,Thompson Square,25,24,Gains In Performance
2013-12-07,24,When She Says Baby,Jason Aldean,34,5,Gains In Performance
2013-12-07,25,Wild In Your Smile,Dustin Lynch,27,26,Gains In Performance
2013-12-07,26,I Hold On,Dierks Bentley,26,14,Gains In Performance
2013-12-07,27,19 You + Me,Dan + Shay,28,7,Gains In Performance
2013-12-07,28,The Outsiders,Eric Church,29,5,Gains In Performance
2013-12-07,29,Goodnight Kiss,Randy Houser,30,11,Gains In Performance
2013-12-07,30,Drink To That All Night,Jerrod Niemann,31,9,Gains In Performance
2013-12-07,31,Beat Of The Music,Brett Eldredge,33,9,Gains In Performance
2013-12-07,32,Wake Up Lovin' You,Craig Morgan,36,20,Gains In Performance
2013-12-07,33,Cold Beer With Your Name On It,Josh Thompson,38,15,Gains In Performance
2013-12-07,34,If You Ever Get Lonely,Love And Theft,35,25,
2013-12-07,35,Slow Me Down,Sara Evans,39,13,Gains In Performance
2013-12-07,36,Lettin' The Night Roll,Justin Moore,42,5,Gains In Performance
2013-12-07,37,That Girl,Jennifer Nettles,41,16,Gains In Performance
2013-12-07,38,Sober,Little Big Town,40,8,Gains In Performance
2013-12-07,39,Let's Go There,Brothers Osborne,47,11,Gains In Performance
2013-12-07,40,Take The Keys,Leah Turner,44,8,Gains In Performance
2013-12-07,41,Strong,Will Hoge,46,8,Gains In Performance
2013-12-07,42,It Ain't The Whiskey,Gary Allan,43,9,Gains In Performance
2013-12-07,43,I Got A Car,George Strait,45,5,Gains In Performance
2013-12-07,44,Follow Your Arrow,Kacey Musgraves,48,6,Gains In Performance
2013-12-07,45,Slip On By,Austin Webb,49,13,Gains In Performance
2013-12-07,46,Whiskey In My Water,Tyler Farr,54,3,Gains In Performance
2013-12-07,47,Callin' Me When I'm Lonely,Sheryl Crow,50,4,Gains In Performance
2013-12-07,48,Get Me Some Of That,Thomas Rhett,55,2,Gains In Performance
2013-12-07,49,Ready Set Roll,Chase Rice,57,2,Gains In Performance
2013-12-07,50,Love Is War,American Young,53,11,Gains In Performance
2013-12-07,51,Young Love,Kip Moore,NEW,1,Highest ranking debut|Gains In Performance
2013-12-07,52,Little Bit Gypsy,Kellie Pickler,51,11,
2013-12-07,53,We Are Tonight,Billy Currington,NEW,1,Gains In Performance
2013-12-07,54,Doin' It Right,Rodney Atkins,56,6,Gains In Performance
2013-12-07,55,Shut Up And Hold On,Toby Keith,60,3,Gains In Performance
2013-12-07,56,Best Seat In The House,LoCash Cowboys,58,5,Gains In Performance
2013-12-07,57,Blue Skies,Uncle Kracker,52,17,
2013-12-07,58,Drivin' Around Song,Colt Ford Featuring Jason Aldean,59,6,Gains In Performance
2013-12-07,59,The Mona Lisa,Brad Paisley,NEW,1,Gains In Performance
2013-12-07,60,Makin' This Boy Go Crazy,Dylan Scott,NEW,1,Gains In Performance
2013-12-14,1,Sunny And 75,Joe Nichols,2,31,Gains In Performance
2013-12-14,2,We Were Us,Keith Urban And Miranda Lambert,1,13,Gains In Performance
2013-12-14,3,Carolina,Parmalee,4,43,Gains In Performance
2013-12-14,4,Drunk Last Night,Eli Young Band,5,25,Gains In Performance
2013-12-14,5,Radio,Darius Rucker,6,20,Gains In Performance
2013-12-14,6,Stay,Florida Georgia Line,9,12,Greatest gainer this week|Gains In Performance
2013-12-14,7,Don't Let Me Be Lonely,The Band Perry,7,16,Gains In Performance
2013-12-14,8,Red,Taylor Swift,8,25,Gains In Performance
2013-12-14,9,Mine Would Be You,Blake Shelton,3,20,
2013-12-14,10,Sweet Annie,Zac Brown Band,10,16,Gains In Performance
2013-12-14,11,Friday Night,Eric Paslay,11,32,Gains In Performance
2013-12-14,12,Wasting All These Tears,Cassadee Pope,12,26,Gains In Performance
2013-12-14,13,Chillin' It,Cole Swindell,13,19,Gains In Performance
2013-12-14,14,Whatever She's Got,David Nail,14,27,Gains In Performance
2013-12-14,15,Drink A Beer,Luke Bryan,16,5,Gains In Performance
2013-12-14,16,Days Of Gold,Jake Owen,15,18,Gains In Performance
2013-12-14,17,Everybody's Got Somebody But Me,Hunter Hayes Featuring Jason Mraz,18,16,Gains In Performance
2013-12-14,18,Compass,Lady Antebellum,17,9,Gains In Performance
2013-12-14,19,Up All Night,Jon Pardi,19,37,Gains In Performance
2013-12-14,20,Helluva Life,Frankie Ballard,20,20,Gains In Performance
2013-12-14,21,When She Says Baby,Jason Aldean,24,6,Gains In Performance
2013-12-14,22,The Heart Of Dixie,Danielle Bradbery,22,21,Gains In Performance
2013-12-14,23,See You Tonight,Scotty McCreery,21,33,Gains In Performance
2013-12-14,24,Everything I Shouldn't Be Thinking About,Thompson Square,23,25,Gains In Performance
2013-12-14,25,I Hold On,Dierks Bentley,26,15,Gains In Performance
2013-12-14,26,Wild In Your Smile,Dustin Lynch,25,27,Gains In Performance
2013-12-14,27,The Outsiders,Eric Church,28,6,Gains In Performance
2013-12-14,28,19 You + Me,Dan + Shay,27,8,Gains In Performance
2013-12-14,29,Goodnight Kiss,Randy Houser,29,12,Gains In Performance
2013-12-14,30,Drink To That All Night,Jerrod Niemann,30,10,Gains In Performance
2013-12-14,31,Beat Of The Music,Brett Eldredge,31,10,Gains In Performance
2013-12-14,32,Cold Beer With Your Name On It,Josh Thompson,33,16,Gains In Performance
2013-12-14,33,Wake Up Lovin' You,Craig Morgan,32,21,Gains In Performance
2013-12-14,34,Lettin' The Night Roll,Justin Moore,36,6,Gains In Performance
2013-12-14,35,If You Ever Get Lonely,Love And Theft,34,26,Gains In Performance
2013-12-14,36,Slow Me Down,Sara Evans,35,14,Gains In Performance
2013-12-14,37,Sober,Little Big Town,38,9,Gains In Performance
2013-12-14,38,That Girl,Jennifer Nettles,37,17,Gains In Performance
2013-12-14,39,Young Love,Kip Moore,51,2,Gains In Performance
2013-12-14,40,Let's Go There,Brothers Osborne,39,12,Gains In Performance
2013-12-14,41,Take The Keys,Leah Turner,40,9,Gains In Performance
2013-12-14,42,Strong,Will Hoge,41,9,Gains In Performance
2013-12-14,43,Whiskey In My Water,Tyler Farr,46,4,Gains In Performance
2013-12-14,44,Slip On By,Austin Webb,45,14,Gains In Performance
2013-12-14,45,Follow Your Arrow,Kacey Musgraves,44,7,Gains In Performance
2013-12-14,46,It Ain't The Whiskey,Gary Allan,42,10,
2013-12-14,47,Get Me Some Of That,Thomas Rhett,48,3,Gains In Performance
2013-12-14,48,I Got A Car,George Strait,43,6,Gains In Performance
2013-12-14,49,Callin' Me When I'm Lonely,Sheryl Crow,47,5,Gains In Performance
2013-12-14,50,We Are Tonight,Billy Currington,53,2,Gains In Performance
2013-12-14,51,Ready Set Roll,Chase Rice,49,3,Gains In Performance
2013-12-14,52,Love Is War,American Young,50,12,Gains In Performance
2013-12-14,53,Little Bit Gypsy,Kellie Pickler,52,12,Gains In Performance
2013-12-14,54,Shut Up And Hold On,Toby Keith,55,4,Gains In Performance
2013-12-14,55,Doin' It Right,Rodney Atkins,54,7,
2013-12-14,56,Drivin' Around Song,Colt Ford Featuring Jason Aldean,58,7,Gains In Performance
2013-12-14,57,Best Seat In The House,LoCash Cowboys,56,6,Gains In Performance
2013-12-14,58,Makin' This Boy Go Crazy,Dylan Scott,60,2,Gains In Performance
2013-12-14,59,The Mona Lisa,Brad Paisley,59,2,
2013-12-14,60,Get Some,Blackjack Billy,NEW,1,Highest ranking debut|Gains In Performance
2013-12-21,1,Carolina,Parmalee,3,44,Gains In Performance
2013-12-21,2,We Were Us,Keith Urban And Miranda Lambert,2,14,
2013-12-21,3,Drunk Last Night,Eli Young Band,4,26,Gains In Performance
2013-12-21,4,Sunny And 75,Joe Nichols,1,32,
2013-12-21,5,Stay,Florida Georgia Line,6,13,Gains In Performance
2013-12-21,6,Radio,Darius Rucker,5,21,Gains In Performance
2013-12-21,7,Red,Taylor Swift,8,26,Gains In Performance
2013-12-21,8,Don't Let Me Be Lonely,The Band Perry,7,17,
2013-12-21,9,Sweet Annie,Zac Brown Band,10,17,Gains In Performance
2013-12-21,10,Friday Night,Eric Paslay,11,33,Gains In Performance
2013-12-21,11,Chillin' It,Cole Swindell,13,20,Gains In Performance
2013-12-21,12,Wasting All These Tears,Cassadee Pope,12,27,Gains In Performance
2013-12-21,13,Whatever She's Got,David Nail,14,28,Gains In Performance
2013-12-21,14,Drink A Beer,Luke Bryan,15,6,Gains In Performance
2013-12-21,15,Everybody's Got Somebody But Me,Hunter Hayes Featuring Jason Mraz,17,17,Gains In Performance
2013-12-21,16,Up All Night,Jon Pardi,19,38,Gains In Performance
2013-12-21,17,Compass,Lady Antebellum,18,10,Gains In Performance
2013-12-21,18,When She Says Baby,Jason Aldean,21,7,Gains In Performance
2013-12-21,19,Helluva Life,Frankie Ballard,20,21,Gains In Performance
2013-12-21,20,Days Of Gold,Jake Owen,16,19,
2013-12-21,21,Everything I Shouldn't Be Thinking About,Thompson Square,24,26,Gains In Performance
2013-12-21,22,The Heart Of Dixie,Danielle Bradbery,22,22,Gains In Performance
2013-12-21,23,See You Tonight,Scotty McCreery,23,34,Gains In Performance
2013-12-21,24,I Hold On,Dierks Bentley,25,16,Gains In Performance
2013-12-21,25,19 You + Me,Dan + Shay,28,9,Gains In Performance
2013-12-21,26,Wild In Your Smile,Dustin Lynch,26,28,Gains In Performance
2013-12-21,27,The Outsiders,Eric Church,27,7,Gains In Performance
2013-12-21,28,Goodnight Kiss,Randy Houser,29,13,Gains In Performance
2013-12-21,29,Drink To That All Night,Jerrod Niemann,30,11,Gains In Performance
2013-12-21,30,Beat Of The Music,Brett Eldredge,31,11,Gains In Performance
2013-12-21,31,Wake Up Lovin' You,Craig Morgan,33,22,Gains In Performance
2013-12-21,32,Cold Beer With Your Name On It,Josh Thompson,32,17,Gains In Performance
2013-12-21,33,Lettin' The Night Roll,Justin Moore,34,7,Gains In Performance
2013-12-21,34,Sober,Little Big Town,37,10,Gains In Performance
2013-12-21,35,Slow Me Down,Sara Evans,36,15,Gains In Performance
2013-12-21,36,Let's Go There,Brothers Osborne,40,13,Gains In Performance
2013-12-21,37,Young Love,Kip Moore,39,3,Gains In Performance
2013-12-21,38,That Girl,Jennifer Nettles,38,18,
2013-12-21,39,Get Me Some Of That,Thomas Rhett,47,4,Gains In Performance
2013-12-21,40,Whiskey In My Water,Tyler Farr,43,5,Gains In Performance
2013-12-21,41,Take The Keys,Leah Turner,41,10,Gains In Performance
2013-12-21,42,Slip On By,Austin Webb,44,15,Gains In Performance
2013-12-21,43,Strong,Will Hoge,42,10,
2013-12-21,44,Callin' Me When I'm Lonely,Sheryl Crow,49,6,Gains In Performance
2013-12-21,45,Follow Your Arrow,Kacey Musgraves,45,8,Gains In Performance
2013-12-21,46,It Ain't The Whiskey,Gary Allan,46,11,Gains In Performance
2013-12-21,47,I Got A Car,George Strait,48,7,Gains In Performance
2013-12-21,48,We Are Tonight,Billy Currington,50,3,Gains In Performance
2013-12-21,49,Ready Set Roll,Chase Rice,51,4,Gains In Performance
2013-12-21,50,Little Bit Gypsy,Kellie Pickler,53,13,Gains In Performance
2013-12-21,51,Shut Up And Hold On,Toby Keith,54,5,Gains In Performance
2013-12-21,52,Love Is War,American Young,52,13,
2013-12-21,53,Doin' It Right,Rodney Atkins,55,8,Gains In Performance
2013-12-21,54,Best Seat In The House,LoCash Cowboys,57,7,Gains In Performance
2013-12-21,55,The Mona Lisa,Brad Paisley,59,3,Gains In Performance
2013-12-21,56,Makin' This Boy Go Crazy,Dylan Scott,58,3,Gains In Performance
2013-12-21,57,Drivin' Around Song,Colt Ford Featuring Jason Aldean,56,8,
2013-12-21,58,The South,"The Cadillac Three Featuring Florida Georgia Line, Dierks Bentley & Mike Eli",NEW,1,Highest ranking debut|Gains In Performance
2013-12-21,59,Get Some,Blackjack Billy,60,2,Gains In Performance
2013-12-21,60,How Could I Want More,Jamie Lynn Spears,NEW,1,Gains In Performance
2013-12-28,1,Drunk Last Night,Eli Young Band,3,27,Gains In Performance
2013-12-28,2,Carolina,Parmalee,1,45,
2013-12-28,3,Stay,Florida Georgia Line,5,14,Gains In Performance
2013-12-28,4,Radio,Darius Rucker,6,22,Gains In Performance
2013-12-28,5,Sweet Annie,Zac Brown Band,9,18,Gains In Performance
2013-12-28,6,Don't Let Me Be Lonely,The Band Perry,8,18,Gains In Performance
2013-12-28,7,We Were Us,Keith Urban And Miranda Lambert,2,15,
2013-12-28,8,Friday Night,Eric Paslay,10,34,Gains In Performance
2013-12-28,9,Chillin' It,Cole Swindell,11,21,Gains In Performance
2013-12-28,10,Whatever She's Got,David Nail,13,29,Gains In Performance
2013-12-28,11,Drink A Beer,Luke Bryan,14,7,Gains In Performance
2013-12-28,12,Wasting All These Tears,Cassadee Pope,12,28,Gains In Performance
2013-12-28,13,When She Says Baby,Jason Aldean,18,8,Greatest gainer this week|Gains In Performance
2013-12-28,14,Up All Night,Jon Pardi,16,39,Gains In Performance
2013-12-28,15,Compass,Lady Antebellum,17,11,Gains In Performance
2013-12-28,16,Everybody's Got Somebody But Me,Hunter Hayes Featuring Jason Mraz,15,18,Gains In Performance
2013-12-28,17,Helluva Life,Frankie Ballard,19,22,Gains In Performance
2013-12-28,18,The Heart Of Dixie,Danielle Bradbery,22,23,Gains In Performance
2013-12-28,19,Everything I Shouldn't Be Thinking About,Thompson Square,21,27,Gains In Performance
2013-12-28,20,See You Tonight,Scotty McCreery,23,35,Gains In Performance
2013-12-28,21,I Hold On,Dierks Bentley,24,17,Gains In Performance
2013-12-28,22,19 You + Me,Dan + Shay,25,10,Gains In Performance
2013-12-28,23,Goodnight Kiss,Randy Houser,28,14,Gains In Performance
2013-12-28,24,Wild In Your Smile,Dustin Lynch,26,29,Gains In Performance
2013-12-28,25,Drink To That All Night,Jerrod Niemann,29,12,Gains In Performance
2013-12-28,26,The Outsiders,Eric Church,27,8,
2013-12-28,27,Beat Of The Music,Brett Eldredge,30,12,Gains In Performance
2013-12-28,28,Wake Up Lovin' You,Craig Morgan,31,23,Gains In Performance
2013-12-28,29,Young Love,Kip Moore,37,4,Gains In Performance
2013-12-28,30,Cold Beer With Your Name On It,Josh Thompson,32,18,Gains In Performance
2013-12-28,31,Lettin' The Night Roll,Justin Moore,33,8,Gains In Performance
2013-12-28,32,Days Of Gold,Jake Owen,20,20,
2013-12-28,33,Get Me Some Of That,Thomas Rhett,39,5,Gains In Performance
2013-12-28,34,Slow Me Down,Sara Evans,35,16,Gains In Performance
2013-12-28,35,Sober,Little Big Town,34,11,Gains In Performance
2013-12-28,36,Whiskey In My Water,Tyler Farr,40,6,Gains In Performance
2013-12-28,37,The Mona Lisa,Brad Paisley,55,4,Gains In Performance
2013-12-28,38,Callin' Me When I'm Lonely,Sheryl Crow,44,7,Gains In Performance
2013-12-28,39,Take The Keys,Leah Turner,41,11,Gains In Performance
2013-12-28,40,That Girl,Jennifer Nettles,38,19,
2013-12-28,41,Strong,Will Hoge,43,11,Gains In Performance
2013-12-28,42,Let's Go There,Brothers Osborne,36,14,
2013-12-28,43,Slip On By,Austin Webb,42,16,Gains In Performance
2013-12-28,44,We Are Tonight,Billy Currington,48,4,Gains In Performance
2013-12-28,45,It Ain't The Whiskey,Gary Allan,46,12,Gains In Performance
2013-12-28,46,Follow Your Arrow,Kacey Musgraves,45,9,Gains In Performance
2013-12-28,47,I Got A Car,George Strait,47,8,Gains In Performance
2013-12-28,48,Want Me Too,Charlie Worsham,NEW,1,Highest ranking debut|Gains In Performance
2013-12-28,49,The Call,Garth Brooks & Trisha Yearwood,NEW,1,Gains In Performance
2013-12-28,50,Ready Set Roll,Chase Rice,49,5,
2013-12-28,51,Little Bit Gypsy,Kellie Pickler,50,14,Gains In Performance
2013-12-28,52,Shut Up And Hold On,Toby Keith,51,6,
2013-12-28,53,Love Is War,American Young,52,14,Gains In Performance
2013-12-28,54,Keep Them Kisses Comin',Craig Campbell,NEW,1,Gains In Performance
2013-12-28,55,Doin' It Right,Rodney Atkins,53,9,Gains In Performance
2013-12-28,56,Best Seat In The House,LoCash Cowboys,54,8,Gains In Performance
2013-12-28,57,You Can't Make Old Friends,Kenny Rogers Duet With Dolly Parton,NEW,1,Gains In Performance
2013-12-28,58,The South,"The Cadillac Three Featuring Florida Georgia Line, Dierks Bentley & Mike Eli",58,2,Gains In Performance
2013-12-28,59,Drivin' Around Song,Colt Ford Featuring Jason Aldean,57,9,Gains In Performance
2013-12-28,60,How Could I Want More,Jamie Lynn Spears,60,2,Gains In Performance
2014-01-04,1,Stay,Florida Georgia Line,3,15,Gains In Performance
2014-01-04,2,Drunk Last Night,Eli Young Band,1,28,Gains In Performance
2014-01-04,3,Sweet Annie,Zac Brown Band,5,19,Gains In Performance
2014-01-04,4,Don't Let Me Be Lonely,The Band Perry,6,19,Gains In Performance
2014-01-04,5,Radio,Darius Rucker,4,23,Gains In Performance
2014-01-04,6,Whatever She's Got,David Nail,10,30,Greatest gainer this week|Gains In Performance
2014-01-04,7,Friday Night,Eric Paslay,8,35,Gains In Performance
2014-01-04,8,Carolina,Parmalee,2,46,
2014-01-04,9,Chillin' It,Cole Swindell,9,22,Gains In Performance
2014-01-04,10,Drink A Beer,Luke Bryan,11,8,Gains In Performance
2014-01-04,11,Wasting All These Tears,Cassadee Pope,12,29,Gains In Performance
2014-01-04,12,We Were Us,Keith Urban And Miranda Lambert,7,16,
2014-01-04,13,When She Says Baby,Jason Aldean,13,9,Gains In Performance
2014-01-04,14,Up All Night,Jon Pardi,14,40,Gains In Performance
2014-01-04,15,Compass,Lady Antebellum,15,12,Gains In Performance
2014-01-04,16,Helluva Life,Frankie Ballard,17,23,Gains In Performance
2014-01-04,17,Everything I Shouldn't Be Thinking About,Thompson Square,19,28,Gains In Performance
2014-01-04,18,Everybody's Got Somebody But Me,Hunter Hayes Featuring Jason Mraz,16,19,
2014-01-04,19,The Heart Of Dixie,Danielle Bradbery,18,24,Gains In Performance
2014-01-04,20,See You Tonight,Scotty McCreery,20,36,Gains In Performance
2014-01-04,21,I Hold On,Dierks Bentley,21,18,Gains In Performance
2014-01-04,22,19 You + Me,Dan + Shay,22,11,Gains In Performance
2014-01-04,23,Goodnight Kiss,Randy Houser,23,15,Gains In Performance
2014-01-04,24,Drink To That All Night,Jerrod Niemann,25,13,Gains In Performance
2014-01-04,25,Wild In Your Smile,Dustin Lynch,24,30,
2014-01-04,26,Beat Of The Music,Brett Eldredge,27,13,Gains In Performance
2014-01-04,27,Young Love,Kip Moore,29,5,Gains In Performance
2014-01-04,28,Lettin' The Night Roll,Justin Moore,31,9,Gains In Performance
2014-01-04,29,Cold Beer With Your Name On It,Josh Thompson,30,19,Gains In Performance
2014-01-04,30,Wake Up Lovin' You,Craig Morgan,28,24,Gains In Performance
2014-01-04,31,Get Me Some Of That,Thomas Rhett,33,6,Gains In Performance
2014-01-04,32,The Mona Lisa,Brad Paisley,37,5,Gains In Performance
2014-01-04,33,The Outsiders,Eric Church,26,9,
2014-01-04,34,Whiskey In My Water,Tyler Farr,36,7,Gains In Performance
2014-01-04,35,Slow Me Down,Sara Evans,34,17,Gains In Performance
2014-01-04,36,Callin' Me When I'm Lonely,Sheryl Crow,38,8,Gains In Performance
2014-01-04,37,Sober,Little Big Town,35,12,
2014-01-04,38,Take The Keys,Leah Turner,39,12,
2014-01-04,39,We Are Tonight,Billy Currington,44,5,Gains In Performance
2014-01-04,40,Slip On By,Austin Webb,43,17,Gains In Performance
2014-01-04,41,Bottoms Up,Brantley Gilbert,NEW,1,Highest ranking debut|Gains In Performance
2014-01-04,42,Strong,Will Hoge,41,12,
2014-01-04,43,Want Me Too,Charlie Worsham,48,2,Gains In Performance
2014-01-04,44,That Girl,Jennifer Nettles,40,20,
2014-01-04,45,I Got A Car,George Strait,47,9,Gains In Performance
2014-01-04,46,It Ain't The Whiskey,Gary Allan,45,13,
2014-01-04,47,Doin' What She Likes,Blake Shelton,NEW,1,Gains In Performance
2014-01-04,48,Days Of Gold,Jake Owen,32,21,
2014-01-04,49,Follow Your Arrow,Kacey Musgraves,46,10,
2014-01-04,50,Let's Go There,Brothers Osborne,42,15,
2014-01-04,51,The Call,Garth Brooks & Trisha Yearwood,49,2,Gains In Performance
2014-01-04,52,Ready Set Roll,Chase Rice,50,6,Gains In Performance
2014-01-04,53,Shut Up And Hold On,Toby Keith,52,7,Gains In Performance
2014-01-04,54,Little Bit Gypsy,Kellie Pickler,51,15,
2014-01-04,55,Keep Them Kisses Comin',Craig Campbell,54,2,Gains In Performance
2014-01-04,56,Love Is War,American Young,53,15,
2014-01-04,57,The South,"The Cadillac Three Featuring Florida Georgia Line, Dierks Bentley & Mike Eli",58,3,Gains In Performance
2014-01-04,58,Cop Car,Keith Urban,NEW,1,Gains In Performance
2014-01-04,59,Best Seat In The House,LoCash Cowboys,56,9,
2014-01-04,60,Doin' It Right,Rodney Atkins,55,10,
2014-01-11,1,Stay,Florida Georgia Line,1,16,
2014-01-11,2,Drunk Last Night,Eli Young Band,2,29,
2014-01-11,3,Sweet Annie,Zac Brown Band,3,20,
2014-01-11,4,Don't Let Me Be Lonely,The Band Perry,4,20,
2014-01-11,5,Radio,Darius Rucker,5,24,
2014-01-11,6,Friday Night,Eric Paslay,7,36,
2014-01-11,7,Whatever She's Got,David Nail,6,31,
2014-01-11,8,Chillin' It,Cole Swindell,9,23,
2014-01-11,9,Carolina,Parmalee,8,47,
2014-01-11,10,Drink A Beer,Luke Bryan,10,9,
2014-01-11,11,Wasting All These Tears,Cassadee Pope,11,30,
2014-01-11,12,When She Says Baby,Jason Aldean,13,10,
2014-01-11,13,We Were Us,Keith Urban And Miranda Lambert,12,17,
2014-01-11,14,Up All Night,Jon Pardi,14,41,
2014-01-11,15,Compass,Lady Antebellum,15,13,
2014-01-11,16,Helluva Life,Frankie Ballard,16,24,
2014-01-11,17,Everything I Shouldn't Be Thinking About,Thompson Square,17,29,
2014-01-11,18,The Heart Of Dixie,Danielle Bradbery,19,25,
2014-01-11,19,See You Tonight,Scotty McCreery,20,37,
2014-01-11,20,I Hold On,Dierks Bentley,21,19,
2014-01-11,21,Everybody's Got Somebody But Me,Hunter Hayes Featuring Jason Mraz,18,20,
2014-01-11,22,Goodnight Kiss,Randy Houser,23,16,
2014-01-11,23,19 You + Me,Dan + Shay,22,12,
2014-01-11,24,Drink To That All Night,Jerrod Niemann,24,14,
2014-01-11,25,Wild In Your Smile,Dustin Lynch,25,31,
2014-01-11,26,Young Love,Kip Moore,27,6,Gains In Performance
2014-01-11,27,Beat Of The Music,Brett Eldredge,26,14,
2014-01-11,28,Lettin' The Night Roll,Justin Moore,28,10,Gains In Performance
2014-01-11,29,Get Me Some Of That,Thomas Rhett,31,7,Gains In Performance
2014-01-11,30,Cold Beer With Your Name On It,Josh Thompson,29,20,
2014-01-11,31,The Mona Lisa,Brad Paisley,32,6,Gains In Performance
2014-01-11,32,Wake Up Lovin' You,Craig Morgan,30,25,
2014-01-11,33,Slow Me Down,Sara Evans,35,18,
2014-01-11,34,Whiskey In My Water,Tyler Farr,34,8,
2014-01-11,35,Callin' Me When I'm Lonely,Sheryl Crow,36,9,Gains In Performance
2014-01-11,36,The Outsiders,Eric Church,33,10,
2014-01-11,37,Sober,Little Big Town,37,13,
2014-01-11,38,Doin' What She Likes,Blake Shelton,47,2,Gains In Performance
2014-01-11,39,We Are Tonight,Billy Currington,39,6,
2014-01-11,40,Bottoms Up,Brantley Gilbert,41,2,
2014-01-11,41,Want Me Too,Charlie Worsham,43,3,Gains In Performance
2014-01-11,42,Take The Keys,Leah Turner,38,13,
2014-01-11,43,It Ain't The Whiskey,Gary Allan,46,14,Gains In Performance
2014-01-11,44,Slip On By,Austin Webb,40,18,
2014-01-11,45,Hairy Christmas,Willie Robertson & Luke Bryan,NEW,1,Highest ranking debut|Gains In Performance
2014-01-11,46,I Got A Car,George Strait,45,10,
2014-01-11,47,Follow Your Arrow,Kacey Musgraves,49,11,
2014-01-11,48,Strong,Will Hoge,42,13,
2014-01-11,49,Cop Car,Keith Urban,58,2,Gains In Performance
2014-01-11,50,Let's Go There,Brothers Osborne,50,16,
2014-01-11,51,Silent Night,Kelly Clarkson Featuring Reba McEntire & Trisha Yearwood,NEW,1,Gains In Performance
2014-01-11,52,That Girl,Jennifer Nettles,44,21,
2014-01-11,53,Days Of Gold,Jake Owen,48,22,
2014-01-11,54,Ready Set Roll,Chase Rice,52,7,
2014-01-11,55,Shut Up And Hold On,Toby Keith,53,8,
2014-01-11,56,The Call,Garth Brooks & Trisha Yearwood,51,3,
2014-01-11,57,Keep Them Kisses Comin',Craig Campbell,55,3,Gains In Performance
2014-01-11,58,Little Bit Gypsy,Kellie Pickler,54,16,
2014-01-11,59,Love Is War,American Young,56,16,
2014-01-11,60,The South,"The Cadillac Three Featuring Florida Georgia Line, Dierks Bentley & Mike Eli",57,4,Gains In Performance
2014-01-18,1,Stay,Florida Georgia Line,1,17,Gains In Performance
2014-01-18,2,Drunk Last Night,Eli Young Band,2,30,Gains In Performance
2014-01-18,3,Sweet Annie,Zac Brown Band,3,21,Gains In Performance
2014-01-18,4,Don't Let Me Be Lonely,The Band Perry,4,21,Gains In Performance
2014-01-18,5,Radio,Darius Rucker,5,25,Gains In Performance
2014-01-18,6,Friday Night,Eric Paslay,6,37,Gains In Performance
2014-01-18,7,Chillin' It,Cole Swindell,8,24,Gains In Performance
2014-01-18,8,Whatever She's Got,David Nail,7,32,Gains In Performance
2014-01-18,9,Drink A Beer,Luke Bryan,10,10,Gains In Performance
2014-01-18,10,Carolina,Parmalee,9,48,Gains In Performance
2014-01-18,11,Wasting All These Tears,Cassadee Pope,11,31,Gains In Performance
2014-01-18,12,When She Says Baby,Jason Aldean,12,11,Gains In Performance
2014-01-18,13,We Were Us,Keith Urban And Miranda Lambert,13,18,Gains In Performance
2014-01-18,14,Compass,Lady Antebellum,15,14,Gains In Performance
2014-01-18,15,Up All Night,Jon Pardi,14,42,Gains In Performance
2014-01-18,16,Helluva Life,Frankie Ballard,16,25,Gains In Performance
2014-01-18,17,Everything I Shouldn't Be Thinking About,Thompson Square,17,30,Gains In Performance
2014-01-18,18,The Heart Of Dixie,Danielle Bradbery,18,26,Gains In Performance
2014-01-18,19,I Hold On,Dierks Bentley,20,20,Gains In Performance
2014-01-18,20,Goodnight Kiss,Randy Houser,22,17,Gains In Performance
2014-01-18,21,See You Tonight,Scotty McCreery,19,38,Gains In Performance
2014-01-18,22,Everybody's Got Somebody But Me,Hunter Hayes Featuring Jason Mraz,21,21,Gains In Performance
2014-01-18,23,19 You + Me,Dan + Shay,23,13,Gains In Performance
2014-01-18,24,Drink To That All Night,Jerrod Niemann,24,15,Gains In Performance
2014-01-18,25,Wild In Your Smile,Dustin Lynch,25,32,Gains In Performance
2014-01-18,26,Young Love,Kip Moore,26,7,Gains In Performance
2014-01-18,27,Beat Of The Music,Brett Eldredge,27,15,Gains In Performance
2014-01-18,28,Lettin' The Night Roll,Justin Moore,28,11,Gains In Performance
2014-01-18,29,Give Me Back My Hometown,Eric Church,NEW,1,Greatest gainer this week|Gains In Performance
2014-01-18,30,Get Me Some Of That,Thomas Rhett,29,8,Gains In Performance
2014-01-18,31,Cold Beer With Your Name On It,Josh Thompson,30,21,Gains In Performance
2014-01-18,32,The Mona Lisa,Brad Paisley,31,7,Gains In Performance
2014-01-18,33,Wake Up Lovin' You,Craig Morgan,32,26,Gains In Performance
2014-01-18,34,Whiskey In My Water,Tyler Farr,34,9,Gains In Performance
2014-01-18,35,Doin' What She Likes,Blake Shelton,38,3,Gains In Performance
2014-01-18,36,Slow Me Down,Sara Evans,33,19,Gains In Performance
2014-01-18,37,Sober,Little Big Town,37,14,Gains In Performance
2014-01-18,38,Callin' Me When I'm Lonely,Sheryl Crow,35,10,Gains In Performance
2014-01-18,39,Bottoms Up,Brantley Gilbert,40,3,Gains In Performance
2014-01-18,40,The Outsiders,Eric Church,36,11,Gains In Performance
2014-01-18,41,We Are Tonight,Billy Currington,39,7,Gains In Performance
2014-01-18,42,Take The Keys,Leah Turner,42,14,Gains In Performance
2014-01-18,43,I Got A Car,George Strait,46,11,Gains In Performance
2014-01-18,44,Slip On By,Austin Webb,44,19,Gains In Performance
2014-01-18,45,Want Me Too,Charlie Worsham,41,4,Gains In Performance
2014-01-18,46,It Ain't The Whiskey,Gary Allan,43,15,Gains In Performance
2014-01-18,47,Let's Go There,Brothers Osborne,50,17,Gains In Performance
2014-01-18,48,Days Of Gold,Jake Owen,53,23,Gains In Performance
2014-01-18,49,Cop Car,Keith Urban,49,3,Gains In Performance
2014-01-18,50,Strong,Will Hoge,48,14,Gains In Performance
2014-01-18,51,Follow Your Arrow,Kacey Musgraves,47,12,Gains In Performance
2014-01-18,52,Ready Set Roll,Chase Rice,54,8,Gains In Performance
2014-01-18,53,Shut Up And Hold On,Toby Keith,55,9,Gains In Performance
2014-01-18,54,Keep Them Kisses Comin',Craig Campbell,57,4,Gains In Performance
2014-01-18,55,The Call,Garth Brooks & Trisha Yearwood,56,4,Gains In Performance
2014-01-18,56,That Girl,Jennifer Nettles,52,22,Gains In Performance
2014-01-18,57,Little Bit Gypsy,Kellie Pickler,58,17,Gains In Performance
2014-01-18,58,Best Seat In The House,LoCash Cowboys,RE,10,Gains In Performance
2014-01-18,59,Love Is War,American Young,59,17,Gains In Performance
2014-01-18,60,The South,"The Cadillac Three Featuring Florida Georgia Line, Dierks Bentley & Mike Eli",60,5,Gains In Performance
2014-01-25,1,Stay,Florida Georgia Line,1,18,Gains In Performance
2014-01-25,2,Sweet Annie,Zac Brown Band,3,22,Gains In Performance
2014-01-25,3,Don't Let Me Be Lonely,The Band Perry,4,22,Gains In Performance
2014-01-25,4,Drunk Last Night,Eli Young Band,2,31,
2014-01-25,5,Radio,Darius Rucker,5,26,Gains In Performance
2014-01-25,6,Friday Night,Eric Paslay,6,38,Gains In Performance
2014-01-25,7,Whatever She's Got,David Nail,8,33,Gains In Performance
2014-01-25,8,Chillin' It,Cole Swindell,7,25,Gains In Performance
2014-01-25,9,Drink A Beer,Luke Bryan,9,11,Gains In Performance
2014-01-25,10,When She Says Baby,Jason Aldean,12,12,Gains In Performance
2014-01-25,11,Wasting All These Tears,Cassadee Pope,11,32,Gains In Performance
2014-01-25,12,Compass,Lady Antebellum,14,15,Gains In Performance
2014-01-25,13,Up All Night,Jon Pardi,15,43,Gains In Performance
2014-01-25,14,Helluva Life,Frankie Ballard,16,26,Gains In Performance
2014-01-25,15,Everything I Shouldn't Be Thinking About,Thompson Square,17,31,Gains In Performance
2014-01-25,16,The Heart Of Dixie,Danielle Bradbery,18,27,Gains In Performance
2014-01-25,17,Goodnight Kiss,Randy Houser,20,18,Gains In Performance
2014-01-25,18,I Hold On,Dierks Bentley,19,21,Gains In Performance
2014-01-25,19,See You Tonight,Scotty McCreery,21,39,Gains In Performance
2014-01-25,20,19 You + Me,Dan + Shay,23,14,Gains In Performance
2014-01-25,21,Drink To That All Night,Jerrod Niemann,24,16,Gains In Performance
2014-01-25,22,Doin' What She Likes,Blake Shelton,35,4,Gains In Performance
2014-01-25,23,Wild In Your Smile,Dustin Lynch,25,33,Gains In Performance
2014-01-25,24,Beat Of The Music,Brett Eldredge,27,16,Gains In Performance
2014-01-25,25,Young Love,Kip Moore,26,8,Gains In Performance
2014-01-25,26,Lettin' The Night Roll,Justin Moore,28,12,Gains In Performance
2014-01-25,27,Get Me Some Of That,Thomas Rhett,30,9,Gains In Performance
2014-01-25,28,Rewind,Rascal Flatts,NEW,1,Highest ranking debut|Gains In Performance
2014-01-25,29,Cold Beer With Your Name On It,Josh Thompson,31,22,Gains In Performance
2014-01-25,30,The Mona Lisa,Brad Paisley,32,8,Gains In Performance
2014-01-25,31,Wake Up Lovin' You,Craig Morgan,33,27,Gains In Performance
2014-01-25,32,Give Me Back My Hometown,Eric Church,29,2,Gains In Performance
2014-01-25,33,Bottoms Up,Brantley Gilbert,39,4,Gains In Performance
2014-01-25,34,Whiskey In My Water,Tyler Farr,34,10,
2014-01-25,35,Slow Me Down,Sara Evans,36,20,
2014-01-25,36,Sober,Little Big Town,37,15,
2014-01-25,37,Callin' Me When I'm Lonely,Sheryl Crow,38,11,
2014-01-25,38,We Are Tonight,Billy Currington,41,8,Gains In Performance
2014-01-25,39,Cop Car,Keith Urban,49,4,Gains In Performance
2014-01-25,40,Take The Keys,Leah Turner,42,15,Gains In Performance
2014-01-25,41,I Got A Car,George Strait,43,12,Gains In Performance
2014-01-25,42,Slip On By,Austin Webb,44,20,
2014-01-25,43,It Ain't The Whiskey,Gary Allan,46,16,Gains In Performance
2014-01-25,44,Want Me Too,Charlie Worsham,45,5,
2014-01-25,45,The Outsiders,Eric Church,40,12,
2014-01-25,46,Ready Set Roll,Chase Rice,52,9,
2014-01-25,47,Follow Your Arrow,Kacey Musgraves,51,13,
2014-01-25,48,Keep Them Kisses Comin',Craig Campbell,54,5,Gains In Performance
2014-01-25,49,Shut Up And Hold On,Toby Keith,53,10,
2014-01-25,50,Strong,Will Hoge,50,15,
2014-01-25,51,Let's Go There,Brothers Osborne,47,18,
2014-01-25,52,Love Is War,American Young,59,18,Gains In Performance
2014-01-25,53,Little Bit Gypsy,Kellie Pickler,57,18,
2014-01-25,54,Best Seat In The House,LoCash Cowboys,58,11,
2014-01-25,55,The South,"The Cadillac Three Featuring Florida Georgia Line, Dierks Bentley & Mike Eli",60,6,Gains In Performance
2014-01-25,56,The Call,Garth Brooks & Trisha Yearwood,55,5,
2014-01-25,57,Doin' It Right,Rodney Atkins,RE,11,
2014-01-25,58,Trippin' On Us,Lindsay Ell,NEW,1,Gains In Performance
2014-01-25,59,Yeah,Joe Nichols,NEW,1,Gains In Performance
2014-01-25,60,Who I Am With You,Chris Young,NEW,1,Gains In Performance
2014-02-01,1,Sweet Annie,Zac Brown Band,2,23,Gains In Performance
2014-02-01,2,Don't Let Me Be Lonely,The Band Perry,3,23,Gains In Performance
2014-02-01,3,Whatever She's Got,David Nail,7,34,Gains In Performance
2014-02-01,4,Drink A Beer,Luke Bryan,9,12,Gains In Performance
2014-02-01,5,Stay,Florida Georgia Line,1,19,
2014-02-01,6,Chillin' It,Cole Swindell,8,26,Gains In Performance
2014-02-01,7,Friday Night,Eric Paslay,6,39,Gains In Performance
2014-02-01,8,When She Says Baby,Jason Aldean,10,13,Gains In Performance
2014-02-01,9,Radio,Darius Rucker,5,27,
2014-02-01,10,Wasting All These Tears,Cassadee Pope,11,33,
2014-02-01,11,Compass,Lady Antebellum,12,16,Gains In Performance
2014-02-01,12,Up All Night,Jon Pardi,13,44,Gains In Performance
2014-02-01,13,Everything I Shouldn't Be Thinking About,Thompson Square,15,32,Gains In Performance
2014-02-01,14,Helluva Life,Frankie Ballard,14,27,Gains In Performance
2014-02-01,15,The Heart Of Dixie,Danielle Bradbery,16,28,Gains In Performance
2014-02-01,16,Goodnight Kiss,Randy Houser,17,19,Gains In Performance
2014-02-01,17,I Hold On,Dierks Bentley,18,22,Gains In Performance
2014-02-01,18,See You Tonight,Scotty McCreery,19,40,Gains In Performance
2014-02-01,19,Doin' What She Likes,Blake Shelton,22,5,Gains In Performance
2014-02-01,20,Drink To That All Night,Jerrod Niemann,21,17,Gains In Performance
2014-02-01,21,19 You + Me,Dan + Shay,20,15,Gains In Performance
2014-02-01,22,Beat Of The Music,Brett Eldredge,24,17,Gains In Performance
2014-02-01,23,Give Me Back My Hometown,Eric Church,32,3,Gains In Performance
2014-02-01,24,Wild In Your Smile,Dustin Lynch,23,34,
2014-02-01,25,The Mona Lisa,Brad Paisley,30,9,Gains In Performance
2014-02-01,26,Young Love,Kip Moore,25,9,Gains In Performance
2014-02-01,27,Lettin' The Night Roll,Justin Moore,26,13,Gains In Performance
2014-02-01,28,Get Me Some Of That,Thomas Rhett,27,10,Gains In Performance
2014-02-01,29,Bottoms Up,Brantley Gilbert,33,5,Gains In Performance
2014-02-01,30,Cold Beer With Your Name On It,Josh Thompson,29,23,Gains In Performance
2014-02-01,31,Wake Up Lovin' You,Craig Morgan,31,28,Gains In Performance
2014-02-01,32,Rewind,Rascal Flatts,28,2,
2014-02-01,33,Whiskey In My Water,Tyler Farr,34,11,Gains In Performance
2014-02-01,34,Cop Car,Keith Urban,39,5,Gains In Performance
2014-02-01,35,Slow Me Down,Sara Evans,35,21,
2014-02-01,36,We Are Tonight,Billy Currington,38,9,Gains In Performance
2014-02-01,37,Sober,Little Big Town,36,16,
2014-02-01,38,Callin' Me When I'm Lonely,Sheryl Crow,37,12,
2014-02-01,39,I Got A Car,George Strait,41,13,Gains In Performance
2014-02-01,40,Take The Keys,Leah Turner,40,16,
2014-02-01,41,Slip On By,Austin Webb,42,21,Gains In Performance
2014-02-01,42,It Ain't The Whiskey,Gary Allan,43,17,
2014-02-01,43,Follow Your Arrow,Kacey Musgraves,47,14,Gains In Performance
2014-02-01,44,Want Me Too,Charlie Worsham,44,6,
2014-02-01,45,This Is How We Roll,Florida Georgia Line Featuring Luke Bryan,NEW,1,Highest ranking debut|Gains In Performance
2014-02-01,46,Keep Them Kisses Comin',Craig Campbell,48,6,Gains In Performance
2014-02-01,47,Ready Set Roll,Chase Rice,46,10,
2014-02-01,48,Lookin' For That Girl,Tim McGraw,NEW,1,Gains In Performance
2014-02-01,49,Strong,Will Hoge,50,16,Gains In Performance
2014-02-01,50,Shut Up And Hold On,Toby Keith,49,11,Gains In Performance
2014-02-01,51,Love Is War,American Young,52,19,Gains In Performance
2014-02-01,52,Yeah,Joe Nichols,59,2,Gains In Performance
2014-02-01,53,Best Seat In The House,LoCash Cowboys,54,12,Gains In Performance
2014-02-01,54,Little Bit Gypsy,Kellie Pickler,53,19,
2014-02-01,55,The South,"The Cadillac Three Featuring Florida Georgia Line, Dierks Bentley & Mike Eli",55,7,
2014-02-01,56,Doin' It Right,Rodney Atkins,57,12,Gains In Performance
2014-02-01,57,Who I Am With You,Chris Young,60,2,Gains In Performance
2014-02-01,58,Trippin' On Us,Lindsay Ell,58,2,
2014-02-01,59,Let's Go There,Brothers Osborne,51,19,
2014-02-01,60,How Could I Want More,Jamie Lynn Spears,RE,3,Gains In Performance
2014-02-08,1,Whatever She's Got,David Nail,3,35,Gains In Performance
2014-02-08,2,Drink A Beer,Luke Bryan,4,13,Gains In Performance
2014-02-08,3,Chillin' It,Cole Swindell,6,27,Gains In Performance
2014-02-08,4,Friday Night,Eric Paslay,7,40,Gains In Performance
2014-02-08,5,Sweet Annie,Zac Brown Band,1,24,
2014-02-08,6,When She Says Baby,Jason Aldean,8,14,Gains In Performance
2014-02-08,7,Stay,Florida Georgia Line,5,20,
2014-02-08,8,Don't Let Me Be Lonely,The Band Perry,2,24,
2014-02-08,9,Compass,Lady Antebellum,11,17,Gains In Performance
2014-02-08,10,Wasting All These Tears,Cassadee Pope,10,34,
2014-02-08,11,Up All Night,Jon Pardi,12,45,Gains In Performance
2014-02-08,12,Everything I Shouldn't Be Thinking About,Thompson Square,13,33,Gains In Performance
2014-02-08,13,Helluva Life,Frankie Ballard,14,28,Gains In Performance
2014-02-08,14,Doin' What She Likes,Blake Shelton,19,6,Gains In Performance
2014-02-08,15,The Heart Of Dixie,Danielle Bradbery,15,29,Gains In Performance
2014-02-08,16,I Hold On,Dierks Bentley,17,23,Gains In Performance
2014-02-08,17,See You Tonight,Scotty McCreery,18,41,Gains In Performance
2014-02-08,18,Goodnight Kiss,Randy Houser,16,20,Gains In Performance
2014-02-08,19,19 You + Me,Dan + Shay,21,16,Gains In Performance
2014-02-08,20,Drink To That All Night,Jerrod Niemann,20,18,Gains In Performance
2014-02-08,21,Give Me Back My Hometown,Eric Church,23,4,Gains In Performance
2014-02-08,22,Rewind,Rascal Flatts,32,3,Greatest gainer this week|Gains In Performance
2014-02-08,23,Beat Of The Music,Brett Eldredge,22,18,Gains In Performance
2014-02-08,24,The Mona Lisa,Brad Paisley,25,10,Gains In Performance
2014-02-08,25,Lettin' The Night Roll,Justin Moore,27,14,Gains In Performance
2014-02-08,26,Get Me Some Of That,Thomas Rhett,28,11,Gains In Performance
2014-02-08,27,Young Love,Kip Moore,26,10,Gains In Performance
2014-02-08,28,Wild In Your Smile,Dustin Lynch,24,35,Gains In Performance
2014-02-08,29,Bottoms Up,Brantley Gilbert,29,6,Gains In Performance
2014-02-08,30,Cold Beer With Your Name On It,Josh Thompson,30,24,Gains In Performance
2014-02-08,31,Wake Up Lovin' You,Craig Morgan,31,29,Gains In Performance
2014-02-08,32,Cop Car,Keith Urban,34,6,Gains In Performance
2014-02-08,33,Whiskey In My Water,Tyler Farr,33,12,Gains In Performance
2014-02-08,34,Slow Me Down,Sara Evans,35,22,Gains In Performance
2014-02-08,35,We Are Tonight,Billy Currington,36,10,Gains In Performance
2014-02-08,36,Sober,Little Big Town,37,17,Gains In Performance
2014-02-08,37,Callin' Me When I'm Lonely,Sheryl Crow,38,13,Gains In Performance
2014-02-08,38,Lookin' For That Girl,Tim McGraw,48,2,Gains In Performance
2014-02-08,39,I Got A Car,George Strait,39,14,Gains In Performance
2014-02-08,40,Take The Keys,Leah Turner,40,17,Gains In Performance
2014-02-08,41,Slip On By,Austin Webb,41,22,Gains In Performance
2014-02-08,42,It Ain't The Whiskey,Gary Allan,42,18,Gains In Performance
2014-02-08,43,This Is How We Roll,Florida Georgia Line Featuring Luke Bryan,45,2,Gains In Performance
2014-02-08,44,Want Me Too,Charlie Worsham,44,7,Gains In Performance
2014-02-08,45,Who I Am With You,Chris Young,57,3,Gains In Performance
2014-02-08,46,Ready Set Roll,Chase Rice,47,11,Gains In Performance
2014-02-08,47,Keep Them Kisses Comin',Craig Campbell,46,7,Gains In Performance
2014-02-08,48,Strong,Will Hoge,49,17,Gains In Performance
2014-02-08,49,Love Is War,American Young,51,20,Gains In Performance
2014-02-08,50,Yeah,Joe Nichols,52,3,Gains In Performance
2014-02-08,51,Follow Your Arrow,Kacey Musgraves,43,15,
2014-02-08,52,Shut Up And Hold On,Toby Keith,50,12,
2014-02-08,53,Best Seat In The House,LoCash Cowboys,53,13,Gains In Performance
2014-02-08,54,The South,"The Cadillac Three Featuring Florida Georgia Line, Dierks Bentley & Mike Eli",55,8,Gains In Performance
2014-02-08,55,Beachin',Jake Owen,NEW,1,Highest ranking debut|Gains In Performance
2014-02-08,56,Trippin' On Us,Lindsay Ell,58,3,Gains In Performance
2014-02-08,57,Doin' It Right,Rodney Atkins,56,13,
2014-02-08,58,How Could I Want More,Jamie Lynn Spears,60,4,
2014-02-08,59,Get Some,Blackjack Billy,RE,3,Gains In Performance
2014-02-08,60,Makin' This Boy Go Crazy,Dylan Scott,RE,4,Gains In Performance
2014-02-15,1,Drink A Beer,Luke Bryan,2,14,Gains In Performance
2014-02-15,2,Friday Night,Eric Paslay,4,41,Gains In Performance
2014-02-15,3,Whatever She's Got,David Nail,1,36,Gains In Performance
2014-02-15,4,Chillin' It,Cole Swindell,3,28,Gains In Performance
2014-02-15,5,When She Says Baby,Jason Aldean,6,15,Gains In Performance
2014-02-15,6,Compass,Lady Antebellum,9,18,Gains In Performance
2014-02-15,7,Stay,Florida Georgia Line,7,21,
2014-02-15,8,Everything I Shouldn't Be Thinking About,Thompson Square,12,34,Gains In Performance
2014-02-15,9,Doin' What She Likes,Blake Shelton,14,7,Gains In Performance
2014-02-15,10,Helluva Life,Frankie Ballard,13,29,Gains In Performance
2014-02-15,11,I Hold On,Dierks Bentley,16,24,Gains In Performance
2014-02-15,12,Goodnight Kiss,Randy Houser,18,21,Gains In Performance
2014-02-15,13,The Heart Of Dixie,Danielle Bradbery,15,30,Gains In Performance
2014-02-15,14,See You Tonight,Scotty McCreery,17,42,Gains In Performance
2014-02-15,15,Drink To That All Night,Jerrod Niemann,20,19,Gains In Performance
2014-02-15,16,Give Me Back My Hometown,Eric Church,21,5,Gains In Performance
2014-02-15,17,19 You + Me,Dan + Shay,19,17,Gains In Performance
2014-02-15,18,Rewind,Rascal Flatts,22,4,Gains In Performance
2014-02-15,19,Beat Of The Music,Brett Eldredge,23,19,Gains In Performance
2014-02-15,20,The Mona Lisa,Brad Paisley,24,11,Gains In Performance
2014-02-15,21,Lettin' The Night Roll,Justin Moore,25,15,Gains In Performance
2014-02-15,22,Get Me Some Of That,Thomas Rhett,26,12,Gains In Performance
2014-02-15,23,Bottoms Up,Brantley Gilbert,29,7,Gains In Performance
2014-02-15,24,Young Love,Kip Moore,27,11,Gains In Performance
2014-02-15,25,Cop Car,Keith Urban,32,7,Gains In Performance
2014-02-15,26,Invisible,Hunter Hayes,NEW,1,Highest ranking debut|Gains In Performance
2014-02-15,27,Wake Up Lovin' You,Craig Morgan,31,30,Gains In Performance
2014-02-15,28,Cold Beer With Your Name On It,Josh Thompson,30,25,Gains In Performance
2014-02-15,29,Slow Me Down,Sara Evans,34,23,Gains In Performance
2014-02-15,30,Whiskey In My Water,Tyler Farr,33,13,Gains In Performance
2014-02-15,31,Lookin' For That Girl,Tim McGraw,38,3,Gains In Performance
2014-02-15,32,We Are Tonight,Billy Currington,35,11,Gains In Performance
2014-02-15,33,Sober,Little Big Town,36,18,Gains In Performance
2014-02-15,34,This Is How We Roll,Florida Georgia Line Featuring Luke Bryan,43,3,Gains In Performance
2014-02-15,35,Callin' Me When I'm Lonely,Sheryl Crow,37,14,Gains In Performance
2014-02-15,36,I Got A Car,George Strait,39,15,Gains In Performance
2014-02-15,37,Take The Keys,Leah Turner,40,18,Gains In Performance
2014-02-15,38,Who I Am With You,Chris Young,45,4,Gains In Performance
2014-02-15,39,Want Me Too,Charlie Worsham,44,8,Gains In Performance
2014-02-15,40,Slip On By,Austin Webb,41,23,Gains In Performance
2014-02-15,41,It Ain't The Whiskey,Gary Allan,42,19,Gains In Performance
2014-02-15,42,Yeah,Joe Nichols,50,4,Gains In Performance
2014-02-15,43,Beachin',Jake Owen,55,2,Gains In Performance
2014-02-15,44,Ready Set Roll,Chase Rice,46,12,Gains In Performance
2014-02-15,45,Love Is War,American Young,49,21,Gains In Performance
2014-02-15,46,Strong,Will Hoge,48,18,Gains In Performance
2014-02-15,47,Keep Them Kisses Comin',Craig Campbell,47,8,Gains In Performance
2014-02-15,48,Shut Up And Hold On,Toby Keith,52,13,Gains In Performance
2014-02-15,49,The South,"The Cadillac Three Featuring Florida Georgia Line, Dierks Bentley & Mike Eli",54,9,Gains In Performance
2014-02-15,50,Follow Your Arrow,Kacey Musgraves,51,16,
2014-02-15,51,Trippin' On Us,Lindsay Ell,56,4,Gains In Performance
2014-02-15,52,Best Seat In The House,LoCash Cowboys,53,14,
2014-02-15,53,Dust,Eli Young Band,NEW,1,Gains In Performance
2014-02-15,54,Clockwork,Easton Corbin,NEW,1,Gains In Performance
2014-02-15,55,Get Some,Blackjack Billy,59,4,Gains In Performance
2014-02-15,56,Why God Made Love Songs,Joel Crouse,NEW,1,Gains In Performance
2014-02-15,57,Doin' It Right,Rodney Atkins,57,14,
2014-02-15,58,You Sound Good To Me,Lucy Hale,NEW,1,Gains In Performance
2014-02-15,59,How Could I Want More,Jamie Lynn Spears,58,5,
2014-02-15,60,Smile That Smile,Weston Burt,NEW,1,Gains In Performance
2014-02-22,1,Drink A Beer,Luke Bryan,1,15,Gains In Performance
2014-02-22,2,When She Says Baby,Jason Aldean,5,16,Gains In Performance
2014-02-22,3,Chillin' It,Cole Swindell,4,29,Gains In Performance
2014-02-22,4,Whatever She's Got,David Nail,3,37,
2014-02-22,5,Friday Night,Eric Paslay,2,42,
2014-02-22,6,Compass,Lady Antebellum,6,19,Gains In Performance
2014-02-22,7,Helluva Life,Frankie Ballard,10,30,Gains In Performance
2014-02-22,8,Everything I Shouldn't Be Thinking About,Thompson Square,8,35,Gains In Performance
2014-02-22,9,Doin' What She Likes,Blake Shelton,9,8,Gains In Performance
2014-02-22,10,I Hold On,Dierks Bentley,11,25,Gains In Performance
2014-02-22,11,Goodnight Kiss,Randy Houser,12,22,Gains In Performance
2014-02-22,12,See You Tonight,Scotty McCreery,14,43,Gains In Performance
2014-02-22,13,The Heart Of Dixie,Danielle Bradbery,13,31,Gains In Performance
2014-02-22,14,Give Me Back My Hometown,Eric Church,16,6,Gains In Performance
2014-02-22,15,19 You + Me,Dan + Shay,17,18,Gains In Performance
2014-02-22,16,Rewind,Rascal Flatts,18,5,Gains In Performance
2014-02-22,17,Drink To That All Night,Jerrod Niemann,15,20,Gains In Performance
2014-02-22,18,Beat Of The Music,Brett Eldredge,19,20,Gains In Performance
2014-02-22,19,The Mona Lisa,Brad Paisley,20,12,Gains In Performance
2014-02-22,20,Bottoms Up,Brantley Gilbert,23,8,Gains In Performance
2014-02-22,21,Get Me Some Of That,Thomas Rhett,22,13,Gains In Performance
2014-02-22,22,Lettin' The Night Roll,Justin Moore,21,16,Gains In Performance
2014-02-22,23,Cop Car,Keith Urban,25,8,Gains In Performance
2014-02-22,24,Young Love,Kip Moore,24,12,Gains In Performance
2014-02-22,25,Wake Up Lovin' You,Craig Morgan,27,31,Gains In Performance
2014-02-22,26,Automatic,Miranda Lambert,NEW,1,Highest ranking debut|Gains In Performance
2014-02-22,27,Cold Beer With Your Name On It,Josh Thompson,28,26,Gains In Performance
2014-02-22,28,Slow Me Down,Sara Evans,29,24,Gains In Performance
2014-02-22,29,Invisible,Hunter Hayes,26,2,
2014-02-22,30,Lookin' For That Girl,Tim McGraw,31,4,Gains In Performance
2014-02-22,31,This Is How We Roll,Florida Georgia Line Featuring Luke Bryan,34,4,Gains In Performance
2014-02-22,32,Whiskey In My Water,Tyler Farr,30,14,Gains In Performance
2014-02-22,33,We Are Tonight,Billy Currington,32,12,Gains In Performance
2014-02-22,34,Sober,Little Big Town,33,19,Gains In Performance
2014-02-22,35,Callin' Me When I'm Lonely,Sheryl Crow,35,15,Gains In Performance
2014-02-22,36,Beachin',Jake Owen,43,3,Gains In Performance
2014-02-22,37,I Got A Car,George Strait,36,16,Gains In Performance
2014-02-22,38,Want Me Too,Charlie Worsham,39,9,Gains In Performance
2014-02-22,39,Who I Am With You,Chris Young,38,5,Gains In Performance
2014-02-22,40,Take The Keys,Leah Turner,37,19,Gains In Performance
2014-02-22,41,Yeah,Joe Nichols,42,5,Gains In Performance
2014-02-22,42,Slip On By,Austin Webb,40,24,
2014-02-22,43,It Ain't The Whiskey,Gary Allan,41,20,
2014-02-22,44,Ready Set Roll,Chase Rice,44,13,Gains In Performance
2014-02-22,45,Dust,Eli Young Band,53,2,Gains In Performance
2014-02-22,46,Love Is War,American Young,45,22,Gains In Performance
2014-02-22,47,Strong,Will Hoge,46,19,
2014-02-22,48,Keep Them Kisses Comin',Craig Campbell,47,9,
2014-02-22,49,The South,"The Cadillac Three Featuring Florida Georgia Line, Dierks Bentley & Mike Eli",49,10,Gains In Performance
2014-02-22,50,Shut Up And Hold On,Toby Keith,48,14,
2014-02-22,51,Trippin' On Us,Lindsay Ell,51,5,
2014-02-22,52,Clockwork,Easton Corbin,54,2,Gains In Performance
2014-02-22,53,You Sound Good To Me,Lucy Hale,58,2,Gains In Performance
2014-02-22,54,Best Seat In The House,LoCash Cowboys,52,15,
2014-02-22,55,Close Your Eyes,Parmalee,NEW,1,Gains In Performance
2014-02-22,56,Miss You,Darius Rucker,NEW,1,Gains In Performance
2014-02-22,57,Get Some,Blackjack Billy,55,5,Gains In Performance
2014-02-22,58,Why God Made Love Songs,Joel Crouse,56,2,
2014-02-22,59,I Don't Dance,Lee Brice,NEW,1,Gains In Performance
2014-02-22,60,Smile That Smile,Weston Burt,60,2,Gains In Performance
2014-03-01,1,When She Says Baby,Jason Aldean,2,17,Gains In Performance
2014-03-01,2,Drink A Beer,Luke Bryan,1,16,
2014-03-01,3,Chillin' It,Cole Swindell,3,30,Gains In Performance
2014-03-01,4,Compass,Lady Antebellum,6,20,Gains In Performance
2014-03-01,5,Whatever She's Got,David Nail,4,38,
2014-03-01,6,Helluva Life,Frankie Ballard,7,31,Gains In Performance
2014-03-01,7,Everything I Shouldn't Be Thinking About,Thompson Square,8,36,Gains In Performance
2014-03-01,8,Doin' What She Likes,Blake Shelton,9,9,Gains In Performance
2014-03-01,9,I Hold On,Dierks Bentley,10,26,Gains In Performance
2014-03-01,10,See You Tonight,Scotty McCreery,12,44,Gains In Performance
2014-03-01,11,Goodnight Kiss,Randy Houser,11,23,Gains In Performance
2014-03-01,12,The Heart Of Dixie,Danielle Bradbery,13,32,Gains In Performance
2014-03-01,13,Drink To That All Night,Jerrod Niemann,17,21,Greatest gainer this week|Gains In Performance
2014-03-01,14,Give Me Back My Hometown,Eric Church,14,7,Gains In Performance
2014-03-01,15,Rewind,Rascal Flatts,16,6,Gains In Performance
2014-03-01,16,19 You + Me,Dan + Shay,15,19,Gains In Performance
2014-03-01,17,Beat Of The Music,Brett Eldredge,18,21,Gains In Performance
2014-03-01,18,Bottoms Up,Brantley Gilbert,20,9,Gains In Performance
2014-03-01,19,The Mona Lisa,Brad Paisley,19,13,Gains In Performance
2014-03-01,20,Cop Car,Keith Urban,23,9,Gains In Performance
2014-03-01,21,Get Me Some Of That,Thomas Rhett,21,14,Gains In Performance
2014-03-01,22,Lettin' The Night Roll,Justin Moore,22,17,Gains In Performance
2014-03-01,23,Young Love,Kip Moore,24,13,Gains In Performance
2014-03-01,24,Wake Up Lovin' You,Craig Morgan,25,32,Gains In Performance
2014-03-01,25,This Is How We Roll,Florida Georgia Line Featuring Luke Bryan,31,5,Gains In Performance
2014-03-01,26,Automatic,Miranda Lambert,26,2,
2014-03-01,27,Invisible,Hunter Hayes,29,3,Gains In Performance
2014-03-01,28,Cold Beer With Your Name On It,Josh Thompson,27,27,Gains In Performance
2014-03-01,29,Slow Me Down,Sara Evans,28,25,Gains In Performance
2014-03-01,30,Lookin' For That Girl,Tim McGraw,30,5,Gains In Performance
2014-03-01,31,Whiskey In My Water,Tyler Farr,32,15,Gains In Performance
2014-03-01,32,We Are Tonight,Billy Currington,33,13,Gains In Performance
2014-03-01,33,Sober,Little Big Town,34,20,Gains In Performance
2014-03-01,34,Callin' Me When I'm Lonely,Sheryl Crow,35,16,Gains In Performance
2014-03-01,35,Beachin',Jake Owen,36,4,Gains In Performance
2014-03-01,36,I Got A Car,George Strait,37,17,Gains In Performance
2014-03-01,37,Who I Am With You,Chris Young,39,6,Gains In Performance
2014-03-01,38,Want Me Too,Charlie Worsham,38,10,Gains In Performance
2014-03-01,39,Yeah,Joe Nichols,41,6,Gains In Performance
2014-03-01,40,Take The Keys,Leah Turner,40,20,
2014-03-01,41,Slip On By,Austin Webb,42,25,Gains In Performance
2014-03-01,42,Dust,Eli Young Band,45,3,Gains In Performance
2014-03-01,43,It Ain't The Whiskey,Gary Allan,43,21,Gains In Performance
2014-03-01,44,Keep Them Kisses Comin',Craig Campbell,48,10,Gains In Performance
2014-03-01,45,Ready Set Roll,Chase Rice,44,14,
2014-03-01,46,Love Is War,American Young,46,23,Gains In Performance
2014-03-01,47,Strong,Will Hoge,47,20,
2014-03-01,48,The South,"The Cadillac Three Featuring Florida Georgia Line, Dierks Bentley & Mike Eli",49,11,Gains In Performance
2014-03-01,49,Trippin' On Us,Lindsay Ell,51,6,Gains In Performance
2014-03-01,50,Me Without You,Jennifer Nettles,NEW,1,Highest ranking debut|Gains In Performance
2014-03-01,51,Clockwork,Easton Corbin,52,3,Gains In Performance
2014-03-01,52,Shut Up And Hold On,Toby Keith,50,15,
2014-03-01,53,Miss You,Darius Rucker,56,2,Gains In Performance
2014-03-01,54,Best Seat In The House,LoCash Cowboys,54,16,Gains In Performance
2014-03-01,55,Close Your Eyes,Parmalee,55,2,Gains In Performance
2014-03-01,56,Why God Made Love Songs,Joel Crouse,58,3,Gains In Performance
2014-03-01,57,You Sound Good To Me,Lucy Hale,53,3,
2014-03-01,58,I Don't Dance,Lee Brice,59,2,Gains In Performance
2014-03-01,59,Get Some,Blackjack Billy,57,6,
2014-03-01,60,Baby Come On With It,Natalie Stovall And The Drive,NEW,1,Gains In Performance
2014-03-08,1,When She Says Baby,Jason Aldean,1,18,Gains In Performance
2014-03-08,2,Chillin' It,Cole Swindell,3,31,Gains In Performance
2014-03-08,3,Compass,Lady Antebellum,4,21,Gains In Performance
2014-03-08,4,Drink A Beer,Luke Bryan,2,17,
2014-03-08,5,Doin' What She Likes,Blake Shelton,8,10,Gains In Performance
2014-03-08,6,Everything I Shouldn't Be Thinking About,Thompson Square,7,37,Gains In Performance
2014-03-08,7,Helluva Life,Frankie Ballard,6,32,Gains In Performance
2014-03-08,8,I Hold On,Dierks Bentley,9,27,Gains In Performance
2014-03-08,9,See You Tonight,Scotty McCreery,10,45,Gains In Performance
2014-03-08,10,Goodnight Kiss,Randy Houser,11,24,Gains In Performance
2014-03-08,11,Drink To That All Night,Jerrod Niemann,13,22,Gains In Performance
2014-03-08,12,Give Me Back My Hometown,Eric Church,14,8,Gains In Performance
2014-03-08,13,The Heart Of Dixie,Danielle Bradbery,12,33,Gains In Performance
2014-03-08,14,Rewind,Rascal Flatts,15,7,Gains In Performance
2014-03-08,15,19 You + Me,Dan + Shay,16,20,Gains In Performance
2014-03-08,16,Beat Of The Music,Brett Eldredge,17,22,Gains In Performance
2014-03-08,17,Bottoms Up,Brantley Gilbert,18,10,Gains In Performance
2014-03-08,18,Get Me Some Of That,Thomas Rhett,21,15,Gains In Performance
2014-03-08,19,Cop Car,Keith Urban,20,10,Gains In Performance
2014-03-08,20,The Mona Lisa,Brad Paisley,19,14,Gains In Performance
2014-03-08,21,Lettin' The Night Roll,Justin Moore,22,18,Gains In Performance
2014-03-08,22,Wake Up Lovin' You,Craig Morgan,24,33,Gains In Performance
2014-03-08,23,This Is How We Roll,Florida Georgia Line Featuring Luke Bryan,25,6,Gains In Performance
2014-03-08,24,Young Love,Kip Moore,23,14,Gains In Performance
2014-03-08,25,Automatic,Miranda Lambert,26,3,Gains In Performance
2014-03-08,26,Invisible,Hunter Hayes,27,4,Gains In Performance
2014-03-08,27,Cold Beer With Your Name On It,Josh Thompson,28,28,Gains In Performance
2014-03-08,28,Slow Me Down,Sara Evans,29,26,Gains In Performance
2014-03-08,29,Lookin' For That Girl,Tim McGraw,30,6,Gains In Performance
2014-03-08,30,Keep Them Kisses Comin',Craig Campbell,44,11,Greatest gainer this week|Gains In Performance
2014-03-08,31,Whiskey In My Water,Tyler Farr,31,16,Gains In Performance
2014-03-08,32,We Are Tonight,Billy Currington,32,14,Gains In Performance
2014-03-08,33,Sober,Little Big Town,33,21,Gains In Performance
2014-03-08,34,Beachin',Jake Owen,35,5,Gains In Performance
2014-03-08,35,Callin' Me When I'm Lonely,Sheryl Crow,34,17,
2014-03-08,36,I Got A Car,George Strait,36,18,Gains In Performance
2014-03-08,37,Who I Am With You,Chris Young,37,7,Gains In Performance
2014-03-08,38,Yeah,Joe Nichols,39,7,Gains In Performance
2014-03-08,39,Want Me Too,Charlie Worsham,38,11,
2014-03-08,40,Take The Keys,Leah Turner,40,21,Gains In Performance
2014-03-08,41,Dust,Eli Young Band,42,4,Gains In Performance
2014-03-08,42,It Ain't The Whiskey,Gary Allan,43,22,Gains In Performance
2014-03-08,43,Ready Set Roll,Chase Rice,45,15,Gains In Performance
2014-03-08,44,Love Is War,American Young,46,24,Gains In Performance
2014-03-08,45,The South,"The Cadillac Three Featuring Florida Georgia Line, Dierks Bentley & Mike Eli",48,12,Gains In Performance
2014-03-08,46,Trippin' On Us,Lindsay Ell,49,7,Gains In Performance
2014-03-08,47,Clockwork,Easton Corbin,51,4,Gains In Performance
2014-03-08,48,Miss You,Darius Rucker,53,3,Gains In Performance
2014-03-08,49,I Don't Dance,Lee Brice,58,3,Gains In Performance
2014-03-08,50,Chainsaw,The Band Perry,NEW,1,Highest ranking debut|Gains In Performance
2014-03-08,51,You Sound Good To Me,Lucy Hale,57,4,Gains In Performance
2014-03-08,52,Close Your Eyes,Parmalee,55,3,Gains In Performance
2014-03-08,53,Why God Made Love Songs,Joel Crouse,56,4,Gains In Performance
2014-03-08,54,Best Seat In The House,LoCash Cowboys,54,17,
2014-03-08,55,Best Night Ever,Gloriana,NEW,1,Gains In Performance
2014-03-08,56,Baby Come On With It,Natalie Stovall And The Drive,60,2,Gains In Performance
2014-03-08,57,Looking Back Now,Maggie Rose,NEW,1,Gains In Performance
2014-03-08,58,Me Without You,Jennifer Nettles,50,2,
2014-03-08,59,Get Some,Blackjack Billy,59,7,
2014-03-08,60,Later On,The Swon Brothers,NEW,1,Gains In Performance
2014-03-15,1,When She Says Baby,Jason Aldean,1,19,Gains In Performance
2014-03-15,2,Compass,Lady Antebellum,3,22,Gains In Performance
2014-03-15,3,Helluva Life,Frankie Ballard,7,33,Gains In Performance
2014-03-15,4,Doin' What She Likes,Blake Shelton,5,11,Gains In Performance
2014-03-15,5,I Hold On,Dierks Bentley,8,28,Greatest gainer this week|Gains In Performance
2014-03-15,6,Everything I Shouldn't Be Thinking About,Thompson Square,6,38,Gains In Performance
2014-03-15,7,Chillin' It,Cole Swindell,2,32,
2014-03-15,8,See You Tonight,Scotty McCreery,9,46,Gains In Performance
2014-03-15,9,Drink A Beer,Luke Bryan,4,18,
2014-03-15,10,Goodnight Kiss,Randy Houser,10,25,Gains In Performance
2014-03-15,11,Drink To That All Night,Jerrod Niemann,11,23,Gains In Performance
2014-03-15,12,Give Me Back My Hometown,Eric Church,12,9,Gains In Performance
2014-03-15,13,Rewind,Rascal Flatts,14,8,Gains In Performance
2014-03-15,14,The Heart Of Dixie,Danielle Bradbery,13,34,Gains In Performance
2014-03-15,15,19 You + Me,Dan + Shay,15,21,Gains In Performance
2014-03-15,16,Beat Of The Music,Brett Eldredge,16,23,Gains In Performance
2014-03-15,17,Cop Car,Keith Urban,19,11,Gains In Performance
2014-03-15,18,Bottoms Up,Brantley Gilbert,17,11,Gains In Performance
2014-03-15,19,Get Me Some Of That,Thomas Rhett,18,16,Gains In Performance
2014-03-15,20,Lettin' The Night Roll,Justin Moore,21,19,Gains In Performance
2014-03-15,21,The Mona Lisa,Brad Paisley,20,15,Gains In Performance
2014-03-15,22,Automatic,Miranda Lambert,25,4,Gains In Performance
2014-03-15,23,This Is How We Roll,Florida Georgia Line Featuring Luke Bryan,23,7,Gains In Performance
2014-03-15,24,Wake Up Lovin' You,Craig Morgan,22,34,Gains In Performance
2014-03-15,25,Young Love,Kip Moore,24,15,Gains In Performance
2014-03-15,26,Invisible,Hunter Hayes,26,5,Gains In Performance
2014-03-15,27,Slow Me Down,Sara Evans,28,27,Gains In Performance
2014-03-15,28,Keep Them Kisses Comin',Craig Campbell,30,12,Gains In Performance
2014-03-15,29,Lookin' For That Girl,Tim McGraw,29,7,Gains In Performance
2014-03-15,30,Cold Beer With Your Name On It,Josh Thompson,27,29,
2014-03-15,31,Whiskey In My Water,Tyler Farr,31,17,Gains In Performance
2014-03-15,32,Beachin',Jake Owen,34,6,Gains In Performance
2014-03-15,33,We Are Tonight,Billy Currington,32,15,Gains In Performance
2014-03-15,34,Sober,Little Big Town,33,22,
2014-03-15,35,Callin' Me When I'm Lonely,Sheryl Crow,35,18,Gains In Performance
2014-03-15,36,Who I Am With You,Chris Young,37,8,Gains In Performance
2014-03-15,37,I Got A Car,George Strait,36,19,Gains In Performance
2014-03-15,38,Yeah,Joe Nichols,38,8,Gains In Performance
2014-03-15,39,Want Me Too,Charlie Worsham,39,12,Gains In Performance
2014-03-15,40,Dust,Eli Young Band,41,5,Gains In Performance
2014-03-15,41,Take The Keys,Leah Turner,40,22,Gains In Performance
2014-03-15,42,It Ain't The Whiskey,Gary Allan,42,23,Gains In Performance
2014-03-15,43,Ready Set Roll,Chase Rice,43,16,Gains In Performance
2014-03-15,44,Love Is War,American Young,44,25,Gains In Performance
2014-03-15,45,Us Again,Chuck Wicks,NEW,1,Highest ranking debut|Gains In Performance
2014-03-15,46,Play It Again,Luke Bryan,NEW,1,Gains In Performance
2014-03-15,47,The South,"The Cadillac Three Featuring Florida Georgia Line, Dierks Bentley & Mike Eli",45,13,Gains In Performance
2014-03-15,48,I Don't Dance,Lee Brice,49,4,Gains In Performance
2014-03-15,49,Trippin' On Us,Lindsay Ell,46,8,Gains In Performance
2014-03-15,50,Song About A Girl,Eric Paslay,NEW,1,Gains In Performance
2014-03-15,51,Clockwork,Easton Corbin,47,5,Gains In Performance
2014-03-15,52,Chainsaw,The Band Perry,50,2,Gains In Performance
2014-03-15,53,Miss You,Darius Rucker,48,4,Gains In Performance
2014-03-15,54,Look At You,Big & Rich,NEW,1,Gains In Performance
2014-03-15,55,Best Night Ever,Gloriana,55,2,Gains In Performance
2014-03-15,56,Later On,The Swon Brothers,60,2,Gains In Performance
2014-03-15,57,Close Your Eyes,Parmalee,52,4,Gains In Performance
2014-03-15,58,You Sound Good To Me,Lucy Hale,51,5,Gains In Performance
2014-03-15,59,Why God Made Love Songs,Joel Crouse,53,5,Gains In Performance
2014-03-15,60,Baby Come On With It,Natalie Stovall And The Drive,56,3,Gains In Performance
2014-03-22,1,Compass,Lady Antebellum,2,23,Gains In Performance
2014-03-22,2,When She Says Baby,Jason Aldean,1,20,
2014-03-22,3,I Hold On,Dierks Bentley,5,29,Gains In Performance
2014-03-22,4,Helluva Life,Frankie Ballard,3,34,Gains In Performance
2014-03-22,5,Doin' What She Likes,Blake Shelton,4,12,Gains In Performance
2014-03-22,6,Everything I Shouldn't Be Thinking About,Thompson Square,6,39,Gains In Performance
2014-03-22,7,Goodnight Kiss,Randy Houser,10,26,Gains In Performance
2014-03-22,8,See You Tonight,Scotty McCreery,8,47,Gains In Performance
2014-03-22,9,Drink To That All Night,Jerrod Niemann,11,24,Gains In Performance
2014-03-22,10,Rewind,Rascal Flatts,13,9,Gains In Performance
2014-03-22,11,Give Me Back My Hometown,Eric Church,12,10,Gains In Performance
2014-03-22,12,19 You + Me,Dan + Shay,15,22,Gains In Performance
2014-03-22,13,Beat Of The Music,Brett Eldredge,16,24,Gains In Performance
2014-03-22,14,Bottoms Up,Brantley Gilbert,18,12,Gains In Performance
2014-03-22,15,Cop Car,Keith Urban,17,12,Gains In Performance
2014-03-22,16,Get Me Some Of That,Thomas Rhett,19,17,Gains In Performance
2014-03-22,17,This Is How We Roll,Florida Georgia Line Featuring Luke Bryan,23,8,Gains In Performance
2014-03-22,18,Automatic,Miranda Lambert,22,5,Gains In Performance
2014-03-22,19,Lettin' The Night Roll,Justin Moore,20,20,Gains In Performance
2014-03-22,20,The Mona Lisa,Brad Paisley,21,16,Gains In Performance
2014-03-22,21,Wake Up Lovin' You,Craig Morgan,24,35,Gains In Performance
2014-03-22,22,Young Love,Kip Moore,25,16,Gains In Performance
2014-03-22,23,Invisible,Hunter Hayes,26,6,Gains In Performance
2014-03-22,24,Slow Me Down,Sara Evans,27,28,Gains In Performance
2014-03-22,25,Lookin' For That Girl,Tim McGraw,29,8,Gains In Performance
2014-03-22,26,Keep Them Kisses Comin',Craig Campbell,28,13,Gains In Performance
2014-03-22,27,Whiskey In My Water,Tyler Farr,31,18,Gains In Performance
2014-03-22,28,Beachin',Jake Owen,32,7,Gains In Performance
2014-03-22,29,We Are Tonight,Billy Currington,33,16,Gains In Performance
2014-03-22,30,Callin' Me When I'm Lonely,Sheryl Crow,35,19,Gains In Performance
2014-03-22,31,Sober,Little Big Town,34,23,Gains In Performance
2014-03-22,32,Who I Am With You,Chris Young,36,9,Gains In Performance
2014-03-22,33,Yeah,Joe Nichols,38,9,Gains In Performance
2014-03-22,34,I Got A Car,George Strait,37,20,Gains In Performance
2014-03-22,35,Want Me Too,Charlie Worsham,39,13,Gains In Performance
2014-03-22,36,Dust,Eli Young Band,40,6,Gains In Performance
2014-03-22,37,Play It Again,Luke Bryan,46,2,Gains In Performance
2014-03-22,38,Chainsaw,The Band Perry,52,3,Gains In Performance
2014-03-22,39,Take The Keys,Leah Turner,41,23,
2014-03-22,40,It Ain't The Whiskey,Gary Allan,42,24,Gains In Performance
2014-03-22,41,Ready Set Roll,Chase Rice,43,17,Gains In Performance
2014-03-22,42,Us Again,Chuck Wicks,45,2,Gains In Performance
2014-03-22,43,Song About A Girl,Eric Paslay,50,2,Gains In Performance
2014-03-22,44,I Don't Dance,Lee Brice,48,5,Gains In Performance
2014-03-22,45,Later On,The Swon Brothers,56,3,Gains In Performance
2014-03-22,46,Look At You,Big & Rich,54,2,Gains In Performance
2014-03-22,47,The South,"The Cadillac Three Featuring Florida Georgia Line, Dierks Bentley & Mike Eli",47,14,Gains In Performance
2014-03-22,48,Love Is War,American Young,44,26,
2014-03-22,49,Clockwork,Easton Corbin,51,6,Gains In Performance
2014-03-22,50,Close Your Eyes,Parmalee,57,5,Gains In Performance
2014-03-22,51,Miss You,Darius Rucker,53,5,Gains In Performance
2014-03-22,52,Best Night Ever,Gloriana,55,3,Gains In Performance
2014-03-22,53,Trippin' On Us,Lindsay Ell,49,9,
2014-03-22,54,You Sound Good To Me,Lucy Hale,58,6,Gains In Performance
2014-03-22,55,Baby Come On With It,Natalie Stovall And The Drive,60,4,Gains In Performance
2014-03-22,56,Why God Made Love Songs,Joel Crouse,59,6,Gains In Performance
2014-03-22,57,Hope You Get Lonely Tonight,Cole Swindell,NEW,1,Highest ranking debut|Gains In Performance
2014-03-22,58,Looking Back Now,Maggie Rose,RE,2,Gains In Performance
2014-03-22,59,Me Without You,Jennifer Nettles,RE,3,Gains In Performance
2014-03-22,60,Famous,Kelleigh Bannen,NEW,1,
2014-03-29,1,Helluva Life,Frankie Ballard,4,35,Gains In Performance
2014-03-29,2,Doin' What She Likes,Blake Shelton,5,13,Gains In Performance
2014-03-29,3,I Hold On,Dierks Bentley,3,30,Gains In Performance
2014-03-29,4,Goodnight Kiss,Randy Houser,7,27,Gains In Performance
2014-03-29,5,Everything I Shouldn't Be Thinking About,Thompson Square,6,40,Gains In Performance
2014-03-29,6,When She Says Baby,Jason Aldean,2,21,
2014-03-29,7,Drink To That All Night,Jerrod Niemann,9,25,Gains In Performance
2014-03-29,8,See You Tonight,Scotty McCreery,8,48,
2014-03-29,9,Compass,Lady Antebellum,1,24,
2014-03-29,10,Rewind,Rascal Flatts,10,10,Gains In Performance
2014-03-29,11,Give Me Back My Hometown,Eric Church,11,11,Gains In Performance
2014-03-29,12,19 You + Me,Dan + Shay,12,23,Gains In Performance
2014-03-29,13,Beat Of The Music,Brett Eldredge,13,25,Gains In Performance
2014-03-29,14,Get Me Some Of That,Thomas Rhett,16,18,Gains In Performance
2014-03-29,15,Bottoms Up,Brantley Gilbert,14,13,Gains In Performance
2014-03-29,16,Cop Car,Keith Urban,15,13,Gains In Performance
2014-03-29,17,This Is How We Roll,Florida Georgia Line Featuring Luke Bryan,17,9,Gains In Performance
2014-03-29,18,Automatic,Miranda Lambert,18,6,Gains In Performance
2014-03-29,19,Lettin' The Night Roll,Justin Moore,19,21,Gains In Performance
2014-03-29,20,The Mona Lisa,Brad Paisley,20,17,
2014-03-29,21,Wake Up Lovin' You,Craig Morgan,21,36,Gains In Performance
2014-03-29,22,Slow Me Down,Sara Evans,24,29,Gains In Performance
2014-03-29,23,Young Love,Kip Moore,22,17,
2014-03-29,24,Keep Them Kisses Comin',Craig Campbell,26,14,Gains In Performance
2014-03-29,25,Invisible,Hunter Hayes,23,7,Gains In Performance
2014-03-29,26,Lookin' For That Girl,Tim McGraw,25,9,Gains In Performance
2014-03-29,27,Whiskey In My Water,Tyler Farr,27,19,Gains In Performance
2014-03-29,28,Play It Again,Luke Bryan,37,3,Greatest gainer this week|Gains In Performance
2014-03-29,29,We Are Tonight,Billy Currington,29,17,Gains In Performance
2014-03-29,30,Beachin',Jake Owen,28,8,Gains In Performance
2014-03-29,31,Who I Am With You,Chris Young,32,10,Gains In Performance
2014-03-29,32,Callin' Me When I'm Lonely,Sheryl Crow,30,20,Gains In Performance
2014-03-29,33,Yeah,Joe Nichols,33,10,Gains In Performance
2014-03-29,34,Chainsaw,The Band Perry,38,4,Gains In Performance
2014-03-29,35,Dust,Eli Young Band,36,7,Gains In Performance
2014-03-29,36,I Got A Car,George Strait,34,21,Gains In Performance
2014-03-29,37,Want Me Too,Charlie Worsham,35,14,Gains In Performance
2014-03-29,38,Song About A Girl,Eric Paslay,43,3,Gains In Performance
2014-03-29,39,It Ain't The Whiskey,Gary Allan,40,25,Gains In Performance
2014-03-29,40,Later On,The Swon Brothers,45,4,Gains In Performance
2014-03-29,41,Ready Set Roll,Chase Rice,41,18,Gains In Performance
2014-03-29,42,Us Again,Chuck Wicks,42,3,Gains In Performance
2014-03-29,43,I Don't Dance,Lee Brice,44,6,Gains In Performance
2014-03-29,44,Look At You,Big & Rich,46,3,Gains In Performance
2014-03-29,45,The South,"The Cadillac Three Featuring Florida Georgia Line, Dierks Bentley & Mike Eli",47,15,Gains In Performance
2014-03-29,46,Clockwork,Easton Corbin,49,7,Gains In Performance
2014-03-29,47,Love Is War,American Young,48,27,Gains In Performance
2014-03-29,48,Close Your Eyes,Parmalee,50,6,Gains In Performance
2014-03-29,49,Hope You Get Lonely Tonight,Cole Swindell,57,2,Gains In Performance
2014-03-29,50,Best Night Ever,Gloriana,52,4,Gains In Performance
2014-03-29,51,Miss You,Darius Rucker,51,6,Gains In Performance
2014-03-29,52,Baby Come On With It,Natalie Stovall And The Drive,55,5,Gains In Performance
2014-03-29,53,You Sound Good To Me,Lucy Hale,54,7,Gains In Performance
2014-03-29,54,Kiss You Tonight,David Nail,NEW,1,Highest ranking debut|Gains In Performance
2014-03-29,55,Famous,Kelleigh Bannen,60,2,Gains In Performance
2014-03-29,56,Keep It To Yourself,Kacey Musgraves,NEW,1,Gains In Performance
2014-03-29,57,Why God Made Love Songs,Joel Crouse,56,7,
2014-03-29,58,Looking Back Now,Maggie Rose,58,3,
2014-03-29,59,Hey Brother,Avicii,NEW,1,Gains In Performance
2014-03-29,60,Makin' This Boy Go Crazy,Dylan Scott,RE,5,Gains In Performance
2014-04-05,1,I Hold On,Dierks Bentley,3,31,Gains In Performance
2014-04-05,2,Doin' What She Likes,Blake Shelton,2,14,Gains In Performance
2014-04-05,3,Goodnight Kiss,Randy Houser,4,28,Gains In Performance
2014-04-05,4,Everything I Shouldn't Be Thinking About,Thompson Square,5,41,Gains In Performance
2014-04-05,5,Drink To That All Night,Jerrod Niemann,7,26,Gains In Performance
2014-04-05,6,When She Says Baby,Jason Aldean,6,22,
2014-04-05,7,Give Me Back My Hometown,Eric Church,11,12,Gains In Performance
2014-04-05,8,Bottoms Up,Brantley Gilbert,15,14,Greatest gainer this week|Gains In Performance
2014-04-05,9,Helluva Life,Frankie Ballard,1,36,
2014-04-05,10,Rewind,Rascal Flatts,10,11,Gains In Performance
2014-04-05,11,Beat Of The Music,Brett Eldredge,13,26,Gains In Performance
2014-04-05,12,Get Me Some Of That,Thomas Rhett,14,19,Gains In Performance
2014-04-05,13,This Is How We Roll,Florida Georgia Line Featuring Luke Bryan,17,10,Gains In Performance
2014-04-05,14,19 You + Me,Dan + Shay,12,24,Gains In Performance
2014-04-05,15,Cop Car,Keith Urban,16,14,Gains In Performance
2014-04-05,16,Automatic,Miranda Lambert,18,7,Gains In Performance
2014-04-05,17,Lettin' The Night Roll,Justin Moore,19,22,Gains In Performance
2014-04-05,18,Play It Again,Luke Bryan,28,4,Gains In Performance
2014-04-05,19,Lookin' For That Girl,Tim McGraw,26,10,Gains In Performance
2014-04-05,20,Wake Up Lovin' You,Craig Morgan,21,37,Gains In Performance
2014-04-05,21,Keep Them Kisses Comin',Craig Campbell,24,15,Gains In Performance
2014-04-05,22,Slow Me Down,Sara Evans,22,30,Gains In Performance
2014-04-05,23,Invisible,Hunter Hayes,25,8,Gains In Performance
2014-04-05,24,Whiskey In My Water,Tyler Farr,27,20,Gains In Performance
2014-04-05,25,We Are Tonight,Billy Currington,29,18,Gains In Performance
2014-04-05,26,Beachin',Jake Owen,30,9,Gains In Performance
2014-04-05,27,Chainsaw,The Band Perry,34,5,Gains In Performance
2014-04-05,28,Who I Am With You,Chris Young,31,11,Gains In Performance
2014-04-05,29,The Mona Lisa,Brad Paisley,20,18,
2014-04-05,30,Yeah,Joe Nichols,33,11,Gains In Performance
2014-04-05,31,Callin' Me When I'm Lonely,Sheryl Crow,32,21,Gains In Performance
2014-04-05,32,Sober,Little Big Town,RE,24,Gains In Performance
2014-04-05,33,Young Love,Kip Moore,23,18,
2014-04-05,34,Dust,Eli Young Band,35,8,Gains In Performance
2014-04-05,35,I Got A Car,George Strait,36,22,Gains In Performance
2014-04-05,36,Song About A Girl,Eric Paslay,38,4,Gains In Performance
2014-04-05,37,Later On,The Swon Brothers,40,5,Gains In Performance
2014-04-05,38,Want Me Too,Charlie Worsham,37,15,Gains In Performance
2014-04-05,39,It Ain't The Whiskey,Gary Allan,39,26,Gains In Performance
2014-04-05,40,Ready Set Roll,Chase Rice,41,19,Gains In Performance
2014-04-05,41,I Don't Dance,Lee Brice,43,7,Gains In Performance
2014-04-05,42,Us Again,Chuck Wicks,42,4,Gains In Performance
2014-04-05,43,Look At You,Big & Rich,44,4,Gains In Performance
2014-04-05,44,The South,"The Cadillac Three Featuring Florida Georgia Line, Dierks Bentley & Mike Eli",45,16,Gains In Performance
2014-04-05,45,Hope You Get Lonely Tonight,Cole Swindell,49,3,Gains In Performance
2014-04-05,46,Clockwork,Easton Corbin,46,8,Gains In Performance
2014-04-05,47,Close Your Eyes,Parmalee,48,7,Gains In Performance
2014-04-05,48,Love Is War,American Young,47,28,Gains In Performance
2014-04-05,49,I Wish I Could Break Your Heart,Cassadee Pope,NEW,1,Highest ranking debut|Gains In Performance
2014-04-05,50,Baby Come On With It,Natalie Stovall And The Drive,52,6,Gains In Performance
2014-04-05,51,Kiss You Tonight,David Nail,54,2,Gains In Performance
2014-04-05,52,You Sound Good To Me,Lucy Hale,53,8,Gains In Performance
2014-04-05,53,Best Night Ever,Gloriana,50,5,Gains In Performance
2014-04-05,54,Miss You,Darius Rucker,51,7,Gains In Performance
2014-04-05,55,What I Can't Put Down,Jon Pardi,NEW,1,Gains In Performance
2014-04-05,56,Keep It To Yourself,Kacey Musgraves,56,2,Gains In Performance
2014-04-05,57,Looking Back Now,Maggie Rose,58,4,Gains In Performance
2014-04-05,58,Famous,Kelleigh Bannen,55,3,Gains In Performance
2014-04-05,59,Why God Made Love Songs,Joel Crouse,57,8,Gains In Performance
2014-04-05,60,"Where It's At (Yep, Yep)",Dustin Lynch,NEW,1,Gains In Performance
2014-04-12,1,Doin' What She Likes,Blake Shelton,2,15,Gains In Performance
2014-04-12,2,Goodnight Kiss,Randy Houser,3,29,Gains In Performance
2014-04-12,3,Drink To That All Night,Jerrod Niemann,5,27,Gains In Performance
2014-04-12,4,I Hold On,Dierks Bentley,1,32,
2014-04-12,5,Give Me Back My Hometown,Eric Church,7,13,Gains In Performance
2014-04-12,6,Bottoms Up,Brantley Gilbert,8,15,Gains In Performance
2014-04-12,7,Rewind,Rascal Flatts,10,12,Gains In Performance
2014-04-12,8,Everything I Shouldn't Be Thinking About,Thompson Square,4,42,
2014-04-12,9,Get Me Some Of That,Thomas Rhett,12,20,Gains In Performance
2014-04-12,10,Beat Of The Music,Brett Eldredge,11,27,Gains In Performance
2014-04-12,11,This Is How We Roll,Florida Georgia Line Featuring Luke Bryan,13,11,Gains In Performance
2014-04-12,12,19 You + Me,Dan + Shay,14,25,Gains In Performance
2014-04-12,13,Cop Car,Keith Urban,15,15,Gains In Performance
2014-04-12,14,Automatic,Miranda Lambert,16,8,Gains In Performance
2014-04-12,15,Lettin' The Night Roll,Justin Moore,17,23,Gains In Performance
2014-04-12,16,Play It Again,Luke Bryan,18,5,Gains In Performance
2014-04-12,17,Lookin' For That Girl,Tim McGraw,19,11,Gains In Performance
2014-04-12,18,Wake Up Lovin' You,Craig Morgan,20,38,Gains In Performance
2014-04-12,19,Slow Me Down,Sara Evans,22,31,Gains In Performance
2014-04-12,20,Keep Them Kisses Comin',Craig Campbell,21,16,Gains In Performance
2014-04-12,21,Whiskey In My Water,Tyler Farr,24,21,Gains In Performance
2014-04-12,22,Invisible,Hunter Hayes,23,9,Gains In Performance
2014-04-12,23,Chainsaw,The Band Perry,27,6,Gains In Performance
2014-04-12,24,We Are Tonight,Billy Currington,25,19,Gains In Performance
2014-04-12,25,Beachin',Jake Owen,26,10,Gains In Performance
2014-04-12,26,Who I Am With You,Chris Young,28,12,Gains In Performance
2014-04-12,27,Yeah,Joe Nichols,30,12,Gains In Performance
2014-04-12,28,Callin' Me When I'm Lonely,Sheryl Crow,31,22,Gains In Performance
2014-04-12,29,Dust,Eli Young Band,34,9,Gains In Performance
2014-04-12,30,Song About A Girl,Eric Paslay,36,5,Gains In Performance
2014-04-12,31,Later On,The Swon Brothers,37,6,Gains In Performance
2014-04-12,32,I Got A Car,George Strait,35,23,Gains In Performance
2014-04-12,33,Want Me Too,Charlie Worsham,38,16,Gains In Performance
2014-04-12,34,I Don't Dance,Lee Brice,41,8,Gains In Performance
2014-04-12,35,Hope You Get Lonely Tonight,Cole Swindell,45,4,Gains In Performance
2014-04-12,36,It Ain't The Whiskey,Gary Allan,39,27,Gains In Performance
2014-04-12,37,Look At You,Big & Rich,43,5,Gains In Performance
2014-04-12,38,Ready Set Roll,Chase Rice,40,20,Gains In Performance
2014-04-12,39,Us Again,Chuck Wicks,42,5,Gains In Performance
2014-04-12,40,The South,"The Cadillac Three Featuring Florida Georgia Line, Dierks Bentley & Mike Eli",44,17,Gains In Performance
2014-04-12,41,Clockwork,Easton Corbin,46,9,Gains In Performance
2014-04-12,42,Close Your Eyes,Parmalee,47,8,Gains In Performance
2014-04-12,43,I Wish I Could Break Your Heart,Cassadee Pope,49,2,Gains In Performance
2014-04-12,44,Kiss You Tonight,David Nail,51,3,Gains In Performance
2014-04-12,45,Baby Come On With It,Natalie Stovall And The Drive,50,7,Gains In Performance
2014-04-12,46,Best Night Ever,Gloriana,53,6,Gains In Performance
2014-04-12,47,You Sound Good To Me,Lucy Hale,52,9,Gains In Performance
2014-04-12,48,What I Can't Put Down,Jon Pardi,55,2,Gains In Performance
2014-04-12,49,Looking Back Now,Maggie Rose,57,5,Gains In Performance
2014-04-12,50,"Where It's At (Yep, Yep)",Dustin Lynch,60,2,Gains In Performance
2014-04-12,51,Keep It To Yourself,Kacey Musgraves,56,3,Gains In Performance
2014-04-12,52,Miss You,Darius Rucker,54,8,
2014-04-12,53,Famous,Kelleigh Bannen,58,4,Gains In Performance
2014-04-12,54,Why God Made Love Songs,Joel Crouse,59,9,
2014-04-12,55,Rum,Brothers Osborne,NEW,1,Highest ranking debut|Gains In Performance
2014-04-12,56,Makin' This Boy Go Crazy,Dylan Scott,RE,6,Gains In Performance
2014-04-12,57,Medicine,Shakira Featuring Blake Shelton,NEW,1,Gains In Performance
2014-04-12,58,Raise 'Em Up,Austin Webb,NEW,1,Gains In Performance
2014-04-12,59,How Could I Want More,Jamie Lynn Spears,RE,6,
2014-04-12,60,Closer To Nowhere,Kellie Pickler,NEW,1,Gains In Performance
2014-04-19,1,Doin' What She Likes,Blake Shelton,1,16,
2014-04-19,2,Goodnight Kiss,Randy Houser,2,30,Gains In Performance
2014-04-19,3,Drink To That All Night,Jerrod Niemann,3,28,Gains In Performance
2014-04-19,4,Bottoms Up,Brantley Gilbert,6,16,Gains In Performance
2014-04-19,5,Give Me Back My Hometown,Eric Church,5,14,Gains In Performance
2014-04-19,6,Rewind,Rascal Flatts,7,13,Gains In Performance
2014-04-19,7,Get Me Some Of That,Thomas Rhett,9,21,Gains In Performance
2014-04-19,8,This Is How We Roll,Florida Georgia Line Featuring Luke Bryan,11,12,Gains In Performance
2014-04-19,9,Beat Of The Music,Brett Eldredge,10,28,Gains In Performance
2014-04-19,10,Automatic,Miranda Lambert,14,9,Gains In Performance
2014-04-19,11,19 You + Me,Dan + Shay,12,26,Gains In Performance
2014-04-19,12,Cop Car,Keith Urban,13,16,Gains In Performance
2014-04-19,13,Play It Again,Luke Bryan,16,6,Gains In Performance
2014-04-19,14,Lettin' The Night Roll,Justin Moore,15,24,Gains In Performance
2014-04-19,15,Lookin' For That Girl,Tim McGraw,17,12,Gains In Performance
2014-04-19,16,Wake Up Lovin' You,Craig Morgan,18,39,Gains In Performance
2014-04-19,17,Slow Me Down,Sara Evans,19,32,Gains In Performance
2014-04-19,18,Whiskey In My Water,Tyler Farr,21,22,Gains In Performance
2014-04-19,19,Keep Them Kisses Comin',Craig Campbell,20,17,Gains In Performance
2014-04-19,20,Chainsaw,The Band Perry,23,7,Gains In Performance
2014-04-19,21,Invisible,Hunter Hayes,22,10,Gains In Performance
2014-04-19,22,We Are Tonight,Billy Currington,24,20,Gains In Performance
2014-04-19,23,Beachin',Jake Owen,25,11,Gains In Performance
2014-04-19,24,Who I Am With You,Chris Young,26,13,Gains In Performance
2014-04-19,25,Yeah,Joe Nichols,27,13,Gains In Performance
2014-04-19,26,Callin' Me When I'm Lonely,Sheryl Crow,28,23,Gains In Performance
2014-04-19,27,Song About A Girl,Eric Paslay,30,6,Gains In Performance
2014-04-19,28,Dust,Eli Young Band,29,10,Gains In Performance
2014-04-19,29,River Bank,Brad Paisley,NEW,1,Highest ranking debut|Gains In Performance
2014-04-19,30,I Don't Dance,Lee Brice,34,9,Gains In Performance
2014-04-19,31,Later On,The Swon Brothers,31,7,Gains In Performance
2014-04-19,32,I Got A Car,George Strait,32,24,Gains In Performance
2014-04-19,33,Want Me Too,Charlie Worsham,33,17,Gains In Performance
2014-04-19,34,Hope You Get Lonely Tonight,Cole Swindell,35,5,Gains In Performance
2014-04-19,35,Ready Set Roll,Chase Rice,38,21,Gains In Performance
2014-04-19,36,It Ain't The Whiskey,Gary Allan,36,28,Gains In Performance
2014-04-19,37,Look At You,Big & Rich,37,6,Gains In Performance
2014-04-19,38,The South,"The Cadillac Three Featuring Florida Georgia Line, Dierks Bentley & Mike Eli",40,18,Gains In Performance
2014-04-19,39,Us Again,Chuck Wicks,39,6,
2014-04-19,40,Clockwork,Easton Corbin,41,10,Gains In Performance
2014-04-19,41,I Wish I Could Break Your Heart,Cassadee Pope,43,3,Gains In Performance
2014-04-19,42,Close Your Eyes,Parmalee,42,9,Gains In Performance
2014-04-19,43,"Where It's At (Yep, Yep)",Dustin Lynch,50,3,Gains In Performance
2014-04-19,44,Kiss You Tonight,David Nail,44,4,Gains In Performance
2014-04-19,45,Baby Come On With It,Natalie Stovall And The Drive,45,8,Gains In Performance
2014-04-19,46,What I Can't Put Down,Jon Pardi,48,3,Gains In Performance
2014-04-19,47,Best Night Ever,Gloriana,46,7,
2014-04-19,48,Looking Back Now,Maggie Rose,49,6,Gains In Performance
2014-04-19,49,You Sound Good To Me,Lucy Hale,47,10,
2014-04-19,50,Keep It To Yourself,Kacey Musgraves,51,4,Gains In Performance
2014-04-19,51,Rum,Brothers Osborne,55,2,Gains In Performance
2014-04-19,52,Famous,Kelleigh Bannen,53,5,Gains In Performance
2014-04-19,53,Why God Made Love Songs,Joel Crouse,54,10,
2014-04-19,54,Makin' This Boy Go Crazy,Dylan Scott,56,7,
2014-04-19,55,This Nothin' Town,Jason Aldean,NEW,1,Gains In Performance
2014-04-19,56,Night That You'll Never Forget,Love And Theft,NEW,1,Gains In Performance
2014-04-19,57,Safe,Katie Armiger,NEW,1,Gains In Performance
2014-04-19,58,Raise 'Em Up,Austin Webb,58,2,Gains In Performance
2014-04-19,59,Sunshine & Whiskey,Frankie Ballard,NEW,1,Gains In Performance
2014-04-19,60,Drunk On A Plane,Dierks Bentley,NEW,1,Gains In Performance
2014-04-26,1,Drink To That All Night,Jerrod Niemann,3,29,Gains In Performance
2014-04-26,2,Goodnight Kiss,Randy Houser,2,31,Gains In Performance
2014-04-26,3,Bottoms Up,Brantley Gilbert,4,17,Gains In Performance
2014-04-26,4,Give Me Back My Hometown,Eric Church,5,15,Gains In Performance
2014-04-26,5,Doin' What She Likes,Blake Shelton,1,17,
2014-04-26,6,Get Me Some Of That,Thomas Rhett,7,22,Greatest gainer this week|Gains In Performance
2014-04-26,7,This Is How We Roll,Florida Georgia Line Featuring Luke Bryan,8,13,Gains In Performance
2014-04-26,8,Rewind,Rascal Flatts,6,14,Gains In Performance
2014-04-26,9,Beat Of The Music,Brett Eldredge,9,29,Gains In Performance
2014-04-26,10,Automatic,Miranda Lambert,10,10,Gains In Performance
2014-04-26,11,Play It Again,Luke Bryan,13,7,Gains In Performance
2014-04-26,12,19 You + Me,Dan + Shay,11,27,Gains In Performance
2014-04-26,13,Cop Car,Keith Urban,12,17,Gains In Performance
2014-04-26,14,Lettin' The Night Roll,Justin Moore,14,25,Gains In Performance
2014-04-26,15,Lookin' For That Girl,Tim McGraw,15,13,
2014-04-26,16,Keep Them Kisses Comin',Craig Campbell,19,18,Gains In Performance
2014-04-26,17,Whiskey In My Water,Tyler Farr,18,23,Gains In Performance
2014-04-26,18,Wake Up Lovin' You,Craig Morgan,16,40,Gains In Performance
2014-04-26,19,Slow Me Down,Sara Evans,17,33,Gains In Performance
2014-04-26,20,Chainsaw,The Band Perry,20,8,Gains In Performance
2014-04-26,21,Beachin',Jake Owen,23,12,Gains In Performance
2014-04-26,22,We Are Tonight,Billy Currington,22,21,Gains In Performance
2014-04-26,23,Invisible,Hunter Hayes,21,11,Gains In Performance
2014-04-26,24,Who I Am With You,Chris Young,24,14,Gains In Performance
2014-04-26,25,Yeah,Joe Nichols,25,14,Gains In Performance
2014-04-26,26,Song About A Girl,Eric Paslay,27,7,Gains In Performance
2014-04-26,27,I Don't Dance,Lee Brice,30,10,Gains In Performance
2014-04-26,28,Dust,Eli Young Band,28,11,Gains In Performance
2014-04-26,29,Callin' Me When I'm Lonely,Sheryl Crow,26,24,
2014-04-26,30,Later On,The Swon Brothers,31,8,Gains In Performance
2014-04-26,31,River Bank,Brad Paisley,29,2,Gains In Performance
2014-04-26,32,I Got A Car,George Strait,32,25,Gains In Performance
2014-04-26,33,Hope You Get Lonely Tonight,Cole Swindell,34,6,Gains In Performance
2014-04-26,34,Want Me Too,Charlie Worsham,33,18,
2014-04-26,35,"Where It's At (Yep, Yep)",Dustin Lynch,43,4,Gains In Performance
2014-04-26,36,Ready Set Roll,Chase Rice,35,22,Gains In Performance
2014-04-26,37,Look At You,Big & Rich,37,7,Gains In Performance
2014-04-26,38,The South,"The Cadillac Three Featuring Florida Georgia Line, Dierks Bentley & Mike Eli",38,19,
2014-04-26,39,My Eyes,Blake Shelton Featuring Gwen Sebastian,NEW,1,Highest ranking debut|Gains In Performance
2014-04-26,40,Clockwork,Easton Corbin,40,11,Gains In Performance
2014-04-26,41,Us Again,Chuck Wicks,39,7,Gains In Performance
2014-04-26,42,Close Your Eyes,Parmalee,42,10,Gains In Performance
2014-04-26,43,I Wish I Could Break Your Heart,Cassadee Pope,41,4,Gains In Performance
2014-04-26,44,Kiss You Tonight,David Nail,44,5,
2014-04-26,45,What I Can't Put Down,Jon Pardi,46,4,Gains In Performance
2014-04-26,46,Baby Come On With It,Natalie Stovall And The Drive,45,9,
2014-04-26,47,Looking Back Now,Maggie Rose,48,7,Gains In Performance
2014-04-26,48,Best Night Ever,Gloriana,47,8,Gains In Performance
2014-04-26,49,Rum,Brothers Osborne,51,3,Gains In Performance
2014-04-26,50,Keep It To Yourself,Kacey Musgraves,50,5,Gains In Performance
2014-04-26,51,You Sound Good To Me,Lucy Hale,49,11,
2014-04-26,52,Night That You'll Never Forget,Love And Theft,56,2,Gains In Performance
2014-04-26,53,Sunshine & Whiskey,Frankie Ballard,59,2,Gains In Performance
2014-04-26,54,Feelin' It,Scotty McCreery,NEW,1,Gains In Performance
2014-04-26,55,Famous,Kelleigh Bannen,52,6,Gains In Performance
2014-04-26,56,Drunk On A Plane,Dierks Bentley,60,2,Gains In Performance
2014-04-26,57,This Nothin' Town,Jason Aldean,55,2,Gains In Performance
2014-04-26,58,Makin' This Boy Go Crazy,Dylan Scott,54,8,Gains In Performance
2014-04-26,59,Raise 'Em Up,Austin Webb,58,3,
2014-04-26,60,Safe,Katie Armiger,57,2,
2014-05-03,1,Drink To That All Night,Jerrod Niemann,1,30,Gains In Performance
2014-05-03,2,Bottoms Up,Brantley Gilbert,3,18,Gains In Performance
2014-05-03,3,Give Me Back My Hometown,Eric Church,4,16,Gains In Performance
2014-05-03,4,Get Me Some Of That,Thomas Rhett,6,23,Gains In Performance
2014-05-03,5,This Is How We Roll,Florida Georgia Line Featuring Luke Bryan,7,14,Gains In Performance
2014-05-03,6,Rewind,Rascal Flatts,8,15,Gains In Performance
2014-05-03,7,Goodnight Kiss,Randy Houser,2,32,
2014-05-03,8,Beat Of The Music,Brett Eldredge,9,30,Gains In Performance
2014-05-03,9,Play It Again,Luke Bryan,11,8,Gains In Performance
2014-05-03,10,Automatic,Miranda Lambert,10,11,Gains In Performance
2014-05-03,11,Cop Car,Keith Urban,13,18,Gains In Performance
2014-05-03,12,Lettin' The Night Roll,Justin Moore,14,26,Gains In Performance
2014-05-03,13,Keep Them Kisses Comin',Craig Campbell,16,19,Gains In Performance
2014-05-03,14,Chainsaw,The Band Perry,20,9,Gains In Performance
2014-05-03,15,Wake Up Lovin' You,Craig Morgan,18,41,Gains In Performance
2014-05-03,16,Whiskey In My Water,Tyler Farr,17,24,Gains In Performance
2014-05-03,17,Slow Me Down,Sara Evans,19,34,Gains In Performance
2014-05-03,18,Beachin',Jake Owen,21,13,Gains In Performance
2014-05-03,19,We Are Tonight,Billy Currington,22,22,Gains In Performance
2014-05-03,20,Invisible,Hunter Hayes,23,12,Gains In Performance
2014-05-03,21,Who I Am With You,Chris Young,24,15,Gains In Performance
2014-05-03,22,Yeah,Joe Nichols,25,15,Gains In Performance
2014-05-03,23,River Bank,Brad Paisley,31,3,Gains In Performance
2014-05-03,24,Song About A Girl,Eric Paslay,26,8,Gains In Performance
2014-05-03,25,Lookin' For That Girl,Tim McGraw,15,14,
2014-05-03,26,I Don't Dance,Lee Brice,27,11,Gains In Performance
2014-05-03,27,"Where It's At (Yep, Yep)",Dustin Lynch,35,5,Gains In Performance
2014-05-03,28,My Eyes,Blake Shelton Featuring Gwen Sebastian,39,2,Greatest gainer this week|Gains In Performance
2014-05-03,29,Dust,Eli Young Band,28,12,Gains In Performance
2014-05-03,30,I Got A Car,George Strait,32,26,Gains In Performance
2014-05-03,31,Later On,The Swon Brothers,30,9,Gains In Performance
2014-05-03,32,Hope You Get Lonely Tonight,Cole Swindell,33,7,Gains In Performance
2014-05-03,33,Look At You,Big & Rich,37,8,Gains In Performance
2014-05-03,34,Ready Set Roll,Chase Rice,36,23,Gains In Performance
2014-05-03,35,Want Me Too,Charlie Worsham,34,19,Gains In Performance
2014-05-03,36,The South,"The Cadillac Three Featuring Florida Georgia Line, Dierks Bentley & Mike Eli",38,20,Gains In Performance
2014-05-03,37,Clockwork,Easton Corbin,40,12,Gains In Performance
2014-05-03,38,Us Again,Chuck Wicks,41,8,Gains In Performance
2014-05-03,39,Close Your Eyes,Parmalee,42,11,Gains In Performance
2014-05-03,40,I Wish I Could Break Your Heart,Cassadee Pope,43,5,Gains In Performance
2014-05-03,41,Meanwhile Back At Mama's,Tim McGraw Featuring Faith Hill,NEW,1,Highest ranking debut|Gains In Performance
2014-05-03,42,Sunshine & Whiskey,Frankie Ballard,53,3,Gains In Performance
2014-05-03,43,Kiss You Tonight,David Nail,44,6,Gains In Performance
2014-05-03,44,Baby Come On With It,Natalie Stovall And The Drive,46,10,Gains In Performance
2014-05-03,45,Drunk On A Plane,Dierks Bentley,56,3,Gains In Performance
2014-05-03,46,What I Can't Put Down,Jon Pardi,45,5,Gains In Performance
2014-05-03,47,Looking Back Now,Maggie Rose,47,8,Gains In Performance
2014-05-03,48,Feelin' It,Scotty McCreery,54,2,Gains In Performance
2014-05-03,49,Best Night Ever,Gloriana,48,9,Gains In Performance
2014-05-03,50,Rum,Brothers Osborne,49,4,Gains In Performance
2014-05-03,51,Night That You'll Never Forget,Love And Theft,52,3,Gains In Performance
2014-05-03,52,You Sound Good To Me,Lucy Hale,51,12,Gains In Performance
2014-05-03,53,Keep It To Yourself,Kacey Musgraves,50,6,Gains In Performance
2014-05-03,54,Famous,Kelleigh Bannen,55,7,Gains In Performance
2014-05-03,55,How Could I Want More,Jamie Lynn Spears,RE,7,Gains In Performance
2014-05-03,56,This Nothin' Town,Jason Aldean,57,3,Gains In Performance
2014-05-03,57,Makin' This Boy Go Crazy,Dylan Scott,58,9,
2014-05-03,58,Raise 'Em Up,Austin Webb,59,4,Gains In Performance
2014-05-03,59,Closer To Nowhere,Kellie Pickler,RE,2,Gains In Performance
2014-05-03,60,Testing The Water,Thompson Square,NEW,1,Gains In Performance
2014-05-10,1,Bottoms Up,Brantley Gilbert,2,19,Gains In Performance
2014-05-10,2,Give Me Back My Hometown,Eric Church,3,17,Gains In Performance
2014-05-10,3,Get Me Some Of That,Thomas Rhett,4,24,Gains In Performance
2014-05-10,4,This Is How We Roll,Florida Georgia Line Featuring Luke Bryan,5,15,Gains In Performance
2014-05-10,5,Drink To That All Night,Jerrod Niemann,1,31,
2014-05-10,6,Rewind,Rascal Flatts,6,16,Gains In Performance
2014-05-10,7,Play It Again,Luke Bryan,9,9,Gains In Performance
2014-05-10,8,Beat Of The Music,Brett Eldredge,8,31,Gains In Performance
2014-05-10,9,Automatic,Miranda Lambert,10,12,Gains In Performance
2014-05-10,10,Cop Car,Keith Urban,11,19,Gains In Performance
2014-05-10,11,Lettin' The Night Roll,Justin Moore,12,27,Gains In Performance
2014-05-10,12,Chainsaw,The Band Perry,14,10,Gains In Performance
2014-05-10,13,Keep Them Kisses Comin',Craig Campbell,13,20,Gains In Performance
2014-05-10,14,Wake Up Lovin' You,Craig Morgan,15,42,Gains In Performance
2014-05-10,15,Whiskey In My Water,Tyler Farr,16,25,Gains In Performance
2014-05-10,16,Beachin',Jake Owen,18,14,Gains In Performance
2014-05-10,17,We Are Tonight,Billy Currington,19,23,Gains In Performance
2014-05-10,18,Slow Me Down,Sara Evans,17,35,Gains In Performance
2014-05-10,19,Invisible,Hunter Hayes,20,13,Gains In Performance
2014-05-10,20,River Bank,Brad Paisley,23,4,Greatest gainer this week|Gains In Performance
2014-05-10,21,Who I Am With You,Chris Young,21,16,Gains In Performance
2014-05-10,22,Yeah,Joe Nichols,22,16,Gains In Performance
2014-05-10,23,My Eyes,Blake Shelton Featuring Gwen Sebastian,28,3,Gains In Performance
2014-05-10,24,Song About A Girl,Eric Paslay,24,9,Gains In Performance
2014-05-10,25,"Where It's At (Yep, Yep)",Dustin Lynch,27,6,Gains In Performance
2014-05-10,26,I Don't Dance,Lee Brice,26,12,Gains In Performance
2014-05-10,27,I Got A Car,George Strait,30,27,Gains In Performance
2014-05-10,28,Dust,Eli Young Band,29,13,Gains In Performance
2014-05-10,29,Later On,The Swon Brothers,31,10,Gains In Performance
2014-05-10,30,Hope You Get Lonely Tonight,Cole Swindell,32,8,Gains In Performance
2014-05-10,31,Look At You,Big & Rich,33,9,Gains In Performance
2014-05-10,32,Ready Set Roll,Chase Rice,34,24,Gains In Performance
2014-05-10,33,The South,"The Cadillac Three Featuring Florida Georgia Line, Dierks Bentley & Mike Eli",36,21,Gains In Performance
2014-05-10,34,Want Me Too,Charlie Worsham,35,20,
2014-05-10,35,Meanwhile Back At Mama's,Tim McGraw Featuring Faith Hill,41,2,Gains In Performance
2014-05-10,36,Close Your Eyes,Parmalee,39,12,Gains In Performance
2014-05-10,37,Us Again,Chuck Wicks,38,9,Gains In Performance
2014-05-10,38,Clockwork,Easton Corbin,37,13,Gains In Performance
2014-05-10,39,Drunk On A Plane,Dierks Bentley,45,4,Gains In Performance
2014-05-10,40,Sunshine & Whiskey,Frankie Ballard,42,4,Gains In Performance
2014-05-10,41,I Wish I Could Break Your Heart,Cassadee Pope,40,6,Gains In Performance
2014-05-10,42,Feelin' It,Scotty McCreery,48,3,Gains In Performance
2014-05-10,43,Baby Come On With It,Natalie Stovall And The Drive,44,11,Gains In Performance
2014-05-10,44,What I Can't Put Down,Jon Pardi,46,6,Gains In Performance
2014-05-10,45,Kiss You Tonight,David Nail,43,7,
2014-05-10,46,Looking Back Now,Maggie Rose,47,9,
2014-05-10,47,Rum,Brothers Osborne,50,5,Gains In Performance
2014-05-10,48,Keep It To Yourself,Kacey Musgraves,53,7,Gains In Performance
2014-05-10,49,Best Night Ever,Gloriana,49,10,
2014-05-10,50,You Sound Good To Me,Lucy Hale,52,13,Gains In Performance
2014-05-10,51,Night That You'll Never Forget,Love And Theft,51,4,
2014-05-10,52,Famous,Kelleigh Bannen,54,8,Gains In Performance
2014-05-10,53,All Alright,Zac Brown Band,NEW,1,Highest ranking debut|Gains In Performance
2014-05-10,54,Young In America,Danielle Bradbery,NEW,1,Gains In Performance
2014-05-10,55,This Nothin' Town,Jason Aldean,56,4,Gains In Performance
2014-05-10,56,Testing The Water,Thompson Square,60,2,Gains In Performance
2014-05-10,57,How Could I Want More,Jamie Lynn Spears,55,8,
2014-05-10,58,Makin' This Boy Go Crazy,Dylan Scott,57,10,
2014-05-10,59,Raise 'Em Up,Austin Webb,58,5,
2014-05-10,60,Dirt Road,Kip Moore,NEW,1,Gains In Performance
2014-05-17,1,Give Me Back My Hometown,Eric Church,2,18,Gains In Performance
2014-05-17,2,Bottoms Up,Brantley Gilbert,1,20,
2014-05-17,3,Get Me Some Of That,Thomas Rhett,3,25,Gains In Performance
2014-05-17,4,This Is How We Roll,Florida Georgia Line Featuring Luke Bryan,4,16,Gains In Performance
2014-05-17,5,Play It Again,Luke Bryan,7,10,Gains In Performance
2014-05-17,6,Rewind,Rascal Flatts,6,17,Gains In Performance
2014-05-17,7,Automatic,Miranda Lambert,9,13,Gains In Performance
2014-05-17,8,Beat Of The Music,Brett Eldredge,8,32,Gains In Performance
2014-05-17,9,Cop Car,Keith Urban,10,20,Gains In Performance
2014-05-17,10,Lettin' The Night Roll,Justin Moore,11,28,Gains In Performance
2014-05-17,11,Keep Them Kisses Comin',Craig Campbell,13,21,Gains In Performance
2014-05-17,12,Chainsaw,The Band Perry,12,11,Gains In Performance
2014-05-17,13,Beachin',Jake Owen,16,15,Greatest gainer this week|Gains In Performance
2014-05-17,14,Whiskey In My Water,Tyler Farr,15,26,Gains In Performance
2014-05-17,15,Wake Up Lovin' You,Craig Morgan,14,43,Gains In Performance
2014-05-17,16,We Are Tonight,Billy Currington,17,24,Gains In Performance
2014-05-17,17,Slow Me Down,Sara Evans,18,36,Gains In Performance
2014-05-17,18,Who I Am With You,Chris Young,21,17,Gains In Performance
2014-05-17,19,River Bank,Brad Paisley,20,5,Gains In Performance
2014-05-17,20,Invisible,Hunter Hayes,19,14,Gains In Performance
2014-05-17,21,My Eyes,Blake Shelton Featuring Gwen Sebastian,23,4,Gains In Performance
2014-05-17,22,Yeah,Joe Nichols,22,17,Gains In Performance
2014-05-17,23,Song About A Girl,Eric Paslay,24,10,Gains In Performance
2014-05-17,24,"Where It's At (Yep, Yep)",Dustin Lynch,25,7,Gains In Performance
2014-05-17,25,I Don't Dance,Lee Brice,26,13,Gains In Performance
2014-05-17,26,I Got A Car,George Strait,27,28,Gains In Performance
2014-05-17,27,Dust,Eli Young Band,28,14,Gains In Performance
2014-05-17,28,Later On,The Swon Brothers,29,11,Gains In Performance
2014-05-17,29,Hope You Get Lonely Tonight,Cole Swindell,30,9,Gains In Performance
2014-05-17,30,Ready Set Roll,Chase Rice,32,25,Gains In Performance
2014-05-17,31,Meanwhile Back At Mama's,Tim McGraw Featuring Faith Hill,35,3,Gains In Performance
2014-05-17,32,Look At You,Big & Rich,31,10,Gains In Performance
2014-05-17,33,Drunk On A Plane,Dierks Bentley,39,5,Gains In Performance
2014-05-17,34,The South,"The Cadillac Three Featuring Florida Georgia Line, Dierks Bentley & Mike Eli",33,22,
2014-05-17,35,Want Me Too,Charlie Worsham,34,21,Gains In Performance
2014-05-17,36,Close Your Eyes,Parmalee,36,13,Gains In Performance
2014-05-17,37,Sunshine & Whiskey,Frankie Ballard,40,5,Gains In Performance
2014-05-17,38,Clockwork,Easton Corbin,38,14,
2014-05-17,39,Us Again,Chuck Wicks,37,10,
2014-05-17,40,All Alright,Zac Brown Band,53,2,Gains In Performance
2014-05-17,41,I Wish I Could Break Your Heart,Cassadee Pope,41,7,Gains In Performance
2014-05-17,42,Feelin' It,Scotty McCreery,42,4,Gains In Performance
2014-05-17,43,Keep It To Yourself,Kacey Musgraves,48,8,Gains In Performance
2014-05-17,44,What I Can't Put Down,Jon Pardi,44,7,Gains In Performance
2014-05-17,45,Baby Come On With It,Natalie Stovall And The Drive,43,12,Gains In Performance
2014-05-17,46,Kiss You Tonight,David Nail,45,8,Gains In Performance
2014-05-17,47,Rum,Brothers Osborne,47,6,Gains In Performance
2014-05-17,48,Looking Back Now,Maggie Rose,46,10,Gains In Performance
2014-05-17,49,Best Night Ever,Gloriana,49,11,Gains In Performance
2014-05-17,50,Night That You'll Never Forget,Love And Theft,51,5,Gains In Performance
2014-05-17,51,You Sound Good To Me,Lucy Hale,50,14,
2014-05-17,52,Famous,Kelleigh Bannen,52,9,Gains In Performance
2014-05-17,53,Young In America,Danielle Bradbery,54,2,Gains In Performance
2014-05-17,54,Wanted Me Gone,Josh Thompson,NEW,1,Highest ranking debut|Gains In Performance
2014-05-17,55,Testing The Water,Thompson Square,56,3,Gains In Performance
2014-05-17,56,This Nothin' Town,Jason Aldean,55,5,Gains In Performance
2014-05-17,57,Raise 'Em Up,Austin Webb,59,6,Gains In Performance
2014-05-17,58,Dirt Road,Kip Moore,60,2,Gains In Performance
2014-05-17,59,How Could I Want More,Jamie Lynn Spears,57,9,
2014-05-17,60,Pull Me Back,Leah Turner,NEW,1,Gains In Performance
2014-05-24,1,Get Me Some Of That,Thomas Rhett,3,26,Gains In Performance
2014-05-24,2,This Is How We Roll,Florida Georgia Line Featuring Luke Bryan,4,17,Gains In Performance
2014-05-24,3,Play It Again,Luke Bryan,5,11,Gains In Performance
2014-05-24,4,Rewind,Rascal Flatts,6,18,Gains In Performance
2014-05-24,5,Give Me Back My Hometown,Eric Church,1,19,
2014-05-24,6,Automatic,Miranda Lambert,7,14,Gains In Performance
2014-05-24,7,Beat Of The Music,Brett Eldredge,8,33,Gains In Performance
2014-05-24,8,Bottoms Up,Brantley Gilbert,2,21,
2014-05-24,9,Lettin' The Night Roll,Justin Moore,10,29,Gains In Performance
2014-05-24,10,Cop Car,Keith Urban,9,21,Gains In Performance
2014-05-24,11,Keep Them Kisses Comin',Craig Campbell,11,22,Gains In Performance
2014-05-24,12,Beachin',Jake Owen,13,16,Gains In Performance
2014-05-24,13,Whiskey In My Water,Tyler Farr,14,27,Gains In Performance
2014-05-24,14,Chainsaw,The Band Perry,12,12,Gains In Performance
2014-05-24,15,Wake Up Lovin' You,Craig Morgan,15,44,Gains In Performance
2014-05-24,16,We Are Tonight,Billy Currington,16,25,Gains In Performance
2014-05-24,17,My Eyes,Blake Shelton Featuring Gwen Sebastian,21,5,Gains In Performance
2014-05-24,18,Who I Am With You,Chris Young,18,18,Gains In Performance
2014-05-24,19,River Bank,Brad Paisley,19,6,Gains In Performance
2014-05-24,20,Slow Me Down,Sara Evans,17,37,Gains In Performance
2014-05-24,21,Invisible,Hunter Hayes,20,15,Gains In Performance
2014-05-24,22,Yeah,Joe Nichols,22,18,Gains In Performance
2014-05-24,23,Song About A Girl,Eric Paslay,23,11,Gains In Performance
2014-05-24,24,I Don't Dance,Lee Brice,25,14,Gains In Performance
2014-05-24,25,"Where It's At (Yep, Yep)",Dustin Lynch,24,8,Gains In Performance
2014-05-24,26,I Got A Car,George Strait,26,29,Gains In Performance
2014-05-24,27,Dust,Eli Young Band,27,15,Gains In Performance
2014-05-24,28,Later On,The Swon Brothers,28,12,Gains In Performance
2014-05-24,29,Meanwhile Back At Mama's,Tim McGraw Featuring Faith Hill,31,4,Gains In Performance
2014-05-24,30,Hope You Get Lonely Tonight,Cole Swindell,29,10,Gains In Performance
2014-05-24,31,Ready Set Roll,Chase Rice,30,26,Gains In Performance
2014-05-24,32,Drunk On A Plane,Dierks Bentley,33,6,Gains In Performance
2014-05-24,33,Look At You,Big & Rich,32,11,Gains In Performance
2014-05-24,34,Sunshine & Whiskey,Frankie Ballard,37,6,Gains In Performance
2014-05-24,35,The South,"The Cadillac Three Featuring Florida Georgia Line, Dierks Bentley & Mike Eli",34,23,Gains In Performance
2014-05-24,36,Close Your Eyes,Parmalee,36,14,Gains In Performance
2014-05-24,37,All Alright,Zac Brown Band,40,3,Gains In Performance
2014-05-24,38,I Wish I Could Break Your Heart,Cassadee Pope,41,8,Gains In Performance
2014-05-24,39,Clockwork,Easton Corbin,38,15,Gains In Performance
2014-05-24,40,Keep It To Yourself,Kacey Musgraves,43,9,Gains In Performance
2014-05-24,41,Us Again,Chuck Wicks,39,11,
2014-05-24,42,Feelin' It,Scotty McCreery,42,5,Gains In Performance
2014-05-24,43,Kiss You Tonight,David Nail,46,9,Gains In Performance
2014-05-24,44,What I Can't Put Down,Jon Pardi,44,8,Gains In Performance
2014-05-24,45,Night That You'll Never Forget,Love And Theft,50,6,Gains In Performance
2014-05-24,46,Baby Come On With It,Natalie Stovall And The Drive,45,13,
2014-05-24,47,Rum,Brothers Osborne,47,7,Gains In Performance
2014-05-24,48,Looking Back Now,Maggie Rose,48,11,Gains In Performance
2014-05-24,49,Best Night Ever,Gloriana,49,12,Gains In Performance
2014-05-24,50,You Sound Good To Me,Lucy Hale,51,15,Gains In Performance
2014-05-24,51,Show You Off,Dan + Shay,NEW,1,Highest ranking debut|Gains In Performance
2014-05-24,52,Famous,Kelleigh Bannen,52,10,Gains In Performance
2014-05-24,53,Wanted Me Gone,Josh Thompson,54,2,Gains In Performance
2014-05-24,54,Young In America,Danielle Bradbery,53,3,
2014-05-24,55,Testing The Water,Thompson Square,55,4,Gains In Performance
2014-05-24,56,Dirt Road,Kip Moore,58,3,Gains In Performance
2014-05-24,57,Tonight Tonight,John King,NEW,1,Gains In Performance
2014-05-24,58,This Nothin' Town,Jason Aldean,56,6,Gains In Performance
2014-05-24,59,Raise 'Em Up,Austin Webb,57,7,Gains In Performance
2014-05-24,60,Drink You Away,David Fanning,NEW,1,Gains In Performance
2014-05-31,1,Play It Again,Luke Bryan,3,12,Gains In Performance
2014-05-31,2,This Is How We Roll,Florida Georgia Line Featuring Luke Bryan,2,18,Gains In Performance
2014-05-31,3,Rewind,Rascal Flatts,4,19,Gains In Performance
2014-05-31,4,Get Me Some Of That,Thomas Rhett,1,27,
2014-05-31,5,Beat Of The Music,Brett Eldredge,7,34,Gains In Performance
2014-05-31,6,Automatic,Miranda Lambert,6,15,Gains In Performance
2014-05-31,7,Lettin' The Night Roll,Justin Moore,9,30,Gains In Performance
2014-05-31,8,Cop Car,Keith Urban,10,22,
2014-05-31,9,Give Me Back My Hometown,Eric Church,5,20,
2014-05-31,10,Beachin',Jake Owen,12,17,Gains In Performance
2014-05-31,11,Whiskey In My Water,Tyler Farr,13,28,Gains In Performance
2014-05-31,12,Keep Them Kisses Comin',Craig Campbell,11,23,Gains In Performance
2014-05-31,13,Chainsaw,The Band Perry,14,13,Gains In Performance
2014-05-31,14,Wake Up Lovin' You,Craig Morgan,15,45,Gains In Performance
2014-05-31,15,My Eyes,Blake Shelton Featuring Gwen Sebastian,17,6,Gains In Performance
2014-05-31,16,Who I Am With You,Chris Young,18,19,Gains In Performance
2014-05-31,17,We Are Tonight,Billy Currington,16,26,Gains In Performance
2014-05-31,18,River Bank,Brad Paisley,19,7,Gains In Performance
2014-05-31,19,Yeah,Joe Nichols,22,19,Gains In Performance
2014-05-31,20,Slow Me Down,Sara Evans,20,38,
2014-05-31,21,Invisible,Hunter Hayes,21,16,
2014-05-31,22,"Where It's At (Yep, Yep)",Dustin Lynch,25,9,Gains In Performance
2014-05-31,23,Song About A Girl,Eric Paslay,23,12,Gains In Performance
2014-05-31,24,I Got A Car,George Strait,26,30,Gains In Performance
2014-05-31,25,I Don't Dance,Lee Brice,24,15,Gains In Performance
2014-05-31,26,Dust,Eli Young Band,27,16,Gains In Performance
2014-05-31,27,Meanwhile Back At Mama's,Tim McGraw Featuring Faith Hill,29,5,Gains In Performance
2014-05-31,28,Small Town Throwdown,Brantley Gilbert Featuring Justin Moore & Thomas Rhett,NEW,1,Highest ranking debut|Gains In Performance
2014-05-31,29,Later On,The Swon Brothers,28,13,Gains In Performance
2014-05-31,30,Ready Set Roll,Chase Rice,31,27,Gains In Performance
2014-05-31,31,Drunk On A Plane,Dierks Bentley,32,7,Gains In Performance
2014-05-31,32,Hope You Get Lonely Tonight,Cole Swindell,30,11,Gains In Performance
2014-05-31,33,Look At You,Big & Rich,33,12,Gains In Performance
2014-05-31,34,Sunshine & Whiskey,Frankie Ballard,34,7,Gains In Performance
2014-05-31,35,All Alright,Zac Brown Band,37,4,Gains In Performance
2014-05-31,36,The South,"The Cadillac Three Featuring Florida Georgia Line, Dierks Bentley & Mike Eli",35,24,Gains In Performance
2014-05-31,37,Close Your Eyes,Parmalee,36,15,Gains In Performance
2014-05-31,38,I Wish I Could Break Your Heart,Cassadee Pope,38,9,Gains In Performance
2014-05-31,39,Clockwork,Easton Corbin,39,16,Gains In Performance
2014-05-31,40,Keep It To Yourself,Kacey Musgraves,40,10,Gains In Performance
2014-05-31,41,Feelin' It,Scotty McCreery,42,6,Gains In Performance
2014-05-31,42,Show You Off,Dan + Shay,51,2,Gains In Performance
2014-05-31,43,Bartender,Lady Antebellum,NEW,1,Gains In Performance
2014-05-31,44,Kiss You Tonight,David Nail,43,10,Gains In Performance
2014-05-31,45,What I Can't Put Down,Jon Pardi,44,9,Gains In Performance
2014-05-31,46,Best Night Ever,Gloriana,49,13,Gains In Performance
2014-05-31,47,Baby Come On With It,Natalie Stovall And The Drive,46,14,Gains In Performance
2014-05-31,48,Rum,Brothers Osborne,47,8,Gains In Performance
2014-05-31,49,Night That You'll Never Forget,Love And Theft,45,7,
2014-05-31,50,Looking Back Now,Maggie Rose,48,12,Gains In Performance
2014-05-31,51,You Sound Good To Me,Lucy Hale,50,16,
2014-05-31,52,Dirt Road,Kip Moore,56,4,Gains In Performance
2014-05-31,53,Famous,Kelleigh Bannen,52,11,Gains In Performance
2014-05-31,54,Wanted Me Gone,Josh Thompson,53,3,Gains In Performance
2014-05-31,55,Young In America,Danielle Bradbery,54,4,Gains In Performance
2014-05-31,56,Tonight Tonight,John King,57,2,Gains In Performance
2014-05-31,57,Raise 'Em Up,Austin Webb,59,8,Gains In Performance
2014-05-31,58,Pull Me Back,Leah Turner,RE,2,Gains In Performance
2014-05-31,59,That's How We Do Summertime,Chasin' Crazy,NEW,1,Gains In Performance
2014-05-31,60,Donkey,Jerrod Niemann,NEW,1,Gains In Performance
2014-06-07,1,Play It Again,Luke Bryan,1,13,Gains In Performance
2014-06-07,2,This Is How We Roll,Florida Georgia Line Featuring Luke Bryan,2,19,Gains In Performance
2014-06-07,3,Beat Of The Music,Brett Eldredge,5,35,Gains In Performance
2014-06-07,4,Automatic,Miranda Lambert,6,16,Gains In Performance
2014-06-07,5,Lettin' The Night Roll,Justin Moore,7,31,Gains In Performance
2014-06-07,6,Get Me Some Of That,Thomas Rhett,4,28,
2014-06-07,7,Rewind,Rascal Flatts,3,20,
2014-06-07,8,Beachin',Jake Owen,10,18,Gains In Performance
2014-06-07,9,Whiskey In My Water,Tyler Farr,11,29,Gains In Performance
2014-06-07,10,Who I Am With You,Chris Young,16,20,Greatest gainer this week|Gains In Performance
2014-06-07,11,My Eyes,Blake Shelton Featuring Gwen Sebastian,15,7,Gains In Performance
2014-06-07,12,Keep Them Kisses Comin',Craig Campbell,12,24,Gains In Performance
2014-06-07,13,Chainsaw,The Band Perry,13,14,Gains In Performance
2014-06-07,14,We Are Tonight,Billy Currington,17,27,Gains In Performance
2014-06-07,15,River Bank,Brad Paisley,18,8,Gains In Performance
2014-06-07,16,Yeah,Joe Nichols,19,20,Gains In Performance
2014-06-07,17,"Where It's At (Yep, Yep)",Dustin Lynch,22,10,Gains In Performance
2014-06-07,18,I Don't Dance,Lee Brice,25,16,Gains In Performance
2014-06-07,19,Song About A Girl,Eric Paslay,23,13,Gains In Performance
2014-06-07,20,I Got A Car,George Strait,24,31,Gains In Performance
2014-06-07,21,Meanwhile Back At Mama's,Tim McGraw Featuring Faith Hill,27,6,Gains In Performance
2014-06-07,22,Dust,Eli Young Band,26,17,Gains In Performance
2014-06-07,23,Drunk On A Plane,Dierks Bentley,31,8,Gains In Performance
2014-06-07,24,Later On,The Swon Brothers,29,14,Gains In Performance
2014-06-07,25,Ready Set Roll,Chase Rice,30,28,Gains In Performance
2014-06-07,26,Small Town Throwdown,Brantley Gilbert Featuring Justin Moore & Thomas Rhett,28,2,Gains In Performance
2014-06-07,27,Bartender,Lady Antebellum,43,2,Gains In Performance
2014-06-07,28,Hope You Get Lonely Tonight,Cole Swindell,32,12,Gains In Performance
2014-06-07,29,Invisible,Hunter Hayes,21,17,
2014-06-07,30,Look At You,Big & Rich,33,13,Gains In Performance
2014-06-07,31,All Alright,Zac Brown Band,35,5,Gains In Performance
2014-06-07,32,Sunshine & Whiskey,Frankie Ballard,34,8,Gains In Performance
2014-06-07,33,Close Your Eyes,Parmalee,37,16,Gains In Performance
2014-06-07,34,The South,"The Cadillac Three Featuring Florida Georgia Line, Dierks Bentley & Mike Eli",36,25,
2014-06-07,35,Clockwork,Easton Corbin,39,17,Gains In Performance
2014-06-07,36,Keep It To Yourself,Kacey Musgraves,40,11,Gains In Performance
2014-06-07,37,I Wish I Could Break Your Heart,Cassadee Pope,38,10,
2014-06-07,38,Feelin' It,Scotty McCreery,41,7,Gains In Performance
2014-06-07,39,Show You Off,Dan + Shay,42,3,Gains In Performance
2014-06-07,40,Kiss You Tonight,David Nail,44,11,Gains In Performance
2014-06-07,41,What I Can't Put Down,Jon Pardi,45,10,Gains In Performance
2014-06-07,42,Best Night Ever,Gloriana,46,14,Gains In Performance
2014-06-07,43,Night That You'll Never Forget,Love And Theft,49,8,Gains In Performance
2014-06-07,44,Rum,Brothers Osborne,48,9,Gains In Performance
2014-06-07,45,Baby Come On With It,Natalie Stovall And The Drive,47,15,Gains In Performance
2014-06-07,46,Looking Back Now,Maggie Rose,50,13,Gains In Performance
2014-06-07,47,Donkey,Jerrod Niemann,60,2,Gains In Performance
2014-06-07,48,Somethin' Bad,Miranda Lambert Duet With Carrie Underwood,NEW,1,Highest ranking debut|Gains In Performance
2014-06-07,49,Dirt Road,Kip Moore,52,5,Gains In Performance
2014-06-07,50,Famous,Kelleigh Bannen,53,12,Gains In Performance
2014-06-07,51,Wanted Me Gone,Josh Thompson,54,4,Gains In Performance
2014-06-07,52,Pull Me Back,Leah Turner,58,3,Gains In Performance
2014-06-07,53,Young In America,Danielle Bradbery,55,5,Gains In Performance
2014-06-07,54,You Sound Good To Me,Lucy Hale,51,17,
2014-06-07,55,Tonight Tonight,John King,56,3,Gains In Performance
2014-06-07,56,Cold One,Eric Church,NEW,1,Gains In Performance
2014-06-07,57,Like A Cowboy,Randy Houser,NEW,1,Gains In Performance
2014-06-07,58,That's How We Do Summertime,Chasin' Crazy,59,2,Gains In Performance
2014-06-07,59,Raise 'Em Up,Austin Webb,57,9,Gains In Performance
2014-06-07,60,This Nothin' Town,Jason Aldean,RE,7,Gains In Performance
2014-06-14,1,Play It Again,Luke Bryan,1,14,Gains In Performance
2014-06-14,2,Beat Of The Music,Brett Eldredge,3,36,Gains In Performance
2014-06-14,3,Automatic,Miranda Lambert,4,17,Gains In Performance
2014-06-14,4,Lettin' The Night Roll,Justin Moore,5,32,Gains In Performance
2014-06-14,5,This Is How We Roll,Florida Georgia Line Featuring Luke Bryan,2,20,
2014-06-14,6,Beachin',Jake Owen,8,19,Gains In Performance
2014-06-14,7,Whiskey In My Water,Tyler Farr,9,30,Gains In Performance
2014-06-14,8,My Eyes,Blake Shelton Featuring Gwen Sebastian,11,8,Greatest gainer this week|Gains In Performance
2014-06-14,9,Who I Am With You,Chris Young,10,21,Gains In Performance
2014-06-14,10,Keep Them Kisses Comin',Craig Campbell,12,25,Gains In Performance
2014-06-14,11,We Are Tonight,Billy Currington,14,28,Gains In Performance
2014-06-14,12,Chainsaw,The Band Perry,13,15,Gains In Performance
2014-06-14,13,Yeah,Joe Nichols,16,21,Gains In Performance
2014-06-14,14,River Bank,Brad Paisley,15,9,Gains In Performance
2014-06-14,15,I Don't Dance,Lee Brice,18,17,Gains In Performance
2014-06-14,16,Song About A Girl,Eric Paslay,19,14,Gains In Performance
2014-06-14,17,"Where It's At (Yep, Yep)",Dustin Lynch,17,11,Gains In Performance
2014-06-14,18,I Got A Car,George Strait,20,32,Gains In Performance
2014-06-14,19,Meanwhile Back At Mama's,Tim McGraw Featuring Faith Hill,21,7,Gains In Performance
2014-06-14,20,Drunk On A Plane,Dierks Bentley,23,9,Gains In Performance
2014-06-14,21,Dust,Eli Young Band,22,18,Gains In Performance
2014-06-14,22,Small Town Throwdown,Brantley Gilbert Featuring Justin Moore & Thomas Rhett,26,3,Gains In Performance
2014-06-14,23,Later On,The Swon Brothers,24,15,Gains In Performance
2014-06-14,24,Bartender,Lady Antebellum,27,3,Gains In Performance
2014-06-14,25,Ready Set Roll,Chase Rice,25,29,Gains In Performance
2014-06-14,26,All Alright,Zac Brown Band,31,6,Gains In Performance
2014-06-14,27,Hope You Get Lonely Tonight,Cole Swindell,28,13,Gains In Performance
2014-06-14,28,Look At You,Big & Rich,30,14,Gains In Performance
2014-06-14,29,Sunshine & Whiskey,Frankie Ballard,32,9,Gains In Performance
2014-06-14,30,Close Your Eyes,Parmalee,33,17,Gains In Performance
2014-06-14,31,Somethin' Bad,Miranda Lambert Duet With Carrie Underwood,48,2,Gains In Performance
2014-06-14,32,Keep It To Yourself,Kacey Musgraves,36,12,Gains In Performance
2014-06-14,33,Show You Off,Dan + Shay,39,4,Gains In Performance
2014-06-14,34,I Wish I Could Break Your Heart,Cassadee Pope,37,11,Gains In Performance
2014-06-14,35,Clockwork,Easton Corbin,35,18,Gains In Performance
2014-06-14,36,Cold One,Eric Church,56,2,Gains In Performance
2014-06-14,37,Feelin' It,Scotty McCreery,38,8,Gains In Performance
2014-06-14,38,Kiss You Tonight,David Nail,40,12,Gains In Performance
2014-06-14,39,What I Can't Put Down,Jon Pardi,41,11,Gains In Performance
2014-06-14,40,Best Night Ever,Gloriana,42,15,Gains In Performance
2014-06-14,41,Rum,Brothers Osborne,44,10,Gains In Performance
2014-06-14,42,Night That You'll Never Forget,Love And Theft,43,9,Gains In Performance
2014-06-14,43,Donkey,Jerrod Niemann,47,3,Gains In Performance
2014-06-14,44,Baby Come On With It,Natalie Stovall And The Drive,45,16,Gains In Performance
2014-06-14,45,Dirt Road,Kip Moore,49,6,Gains In Performance
2014-06-14,46,Looking Back Now,Maggie Rose,46,14,
2014-06-14,47,Wanted Me Gone,Josh Thompson,51,5,Gains In Performance
2014-06-14,48,Like A Cowboy,Randy Houser,57,2,Gains In Performance
2014-06-14,49,Famous,Kelleigh Bannen,50,13,
2014-06-14,50,Young In America,Danielle Bradbery,53,6,Gains In Performance
2014-06-14,51,Tonight Tonight,John King,55,4,Gains In Performance
2014-06-14,52,Pull Me Back,Leah Turner,52,4,Gains In Performance
2014-06-14,53,Shotgun,Sheryl Crow,NEW,1,Highest ranking debut|Gains In Performance
2014-06-14,54,This Nothin' Town,Jason Aldean,60,8,Gains In Performance
2014-06-14,55,Tattoo,Hunter Hayes,NEW,1,Gains In Performance
2014-06-14,56,Raise 'Em Up,Austin Webb,59,10,Gains In Performance
2014-06-14,57,That's How We Do Summertime,Chasin' Crazy,58,3,Gains In Performance
2014-06-14,58,Drink You Away,David Fanning,RE,2,
2014-06-14,59,Kiss Me When I'm Down,Ryan Kinder,NEW,1,Gains In Performance
2014-06-14,60,How Could I Want More,Jamie Lynn Spears,RE,10,
2014-06-21,1,Play It Again,Luke Bryan,1,15,
2014-06-21,2,Beat Of The Music,Brett Eldredge,2,37,Gains In Performance
2014-06-21,3,Automatic,Miranda Lambert,3,18,Gains In Performance
2014-06-21,4,Lettin' The Night Roll,Justin Moore,4,33,Gains In Performance
2014-06-21,5,Beachin',Jake Owen,6,20,Gains In Performance
2014-06-21,6,My Eyes,Blake Shelton Featuring Gwen Sebastian,8,9,Gains In Performance
2014-06-21,7,Whiskey In My Water,Tyler Farr,7,31,Gains In Performance
2014-06-21,8,Who I Am With You,Chris Young,9,22,Gains In Performance
2014-06-21,9,This Is How We Roll,Florida Georgia Line Featuring Luke Bryan,5,21,
2014-06-21,10,Keep Them Kisses Comin',Craig Campbell,10,26,Gains In Performance
2014-06-21,11,Yeah,Joe Nichols,13,22,Gains In Performance
2014-06-21,12,We Are Tonight,Billy Currington,11,29,Gains In Performance
2014-06-21,13,River Bank,Brad Paisley,14,10,Gains In Performance
2014-06-21,14,Chainsaw,The Band Perry,12,16,Gains In Performance
2014-06-21,15,I Don't Dance,Lee Brice,15,18,Gains In Performance
2014-06-21,16,Song About A Girl,Eric Paslay,16,15,Gains In Performance
2014-06-21,17,Meanwhile Back At Mama's,Tim McGraw Featuring Faith Hill,19,8,Gains In Performance
2014-06-21,18,I Got A Car,George Strait,18,33,Gains In Performance
2014-06-21,19,"Where It's At (Yep, Yep)",Dustin Lynch,17,12,Gains In Performance
2014-06-21,20,Drunk On A Plane,Dierks Bentley,20,10,Gains In Performance
2014-06-21,21,Small Town Throwdown,Brantley Gilbert Featuring Justin Moore & Thomas Rhett,22,4,Gains In Performance
2014-06-21,22,Bartender,Lady Antebellum,24,4,Gains In Performance
2014-06-21,23,Dust,Eli Young Band,21,19,Gains In Performance
2014-06-21,24,Later On,The Swon Brothers,23,16,Gains In Performance
2014-06-21,25,Ready Set Roll,Chase Rice,25,30,Gains In Performance
2014-06-21,26,Hope You Get Lonely Tonight,Cole Swindell,27,14,Gains In Performance
2014-06-21,27,All Alright,Zac Brown Band,26,7,Gains In Performance
2014-06-21,28,Look At You,Big & Rich,28,15,Gains In Performance
2014-06-21,29,Cold One,Eric Church,36,3,Gains In Performance
2014-06-21,30,Close Your Eyes,Parmalee,30,18,Gains In Performance
2014-06-21,31,Sunshine & Whiskey,Frankie Ballard,29,10,Gains In Performance
2014-06-21,32,Day Drinking,Little Big Town,NEW,1,Greatest gainer this week|Gains In Performance
2014-06-21,33,Somethin' Bad,Miranda Lambert Duet With Carrie Underwood,31,3,Gains In Performance
2014-06-21,34,Clockwork,Easton Corbin,35,19,Gains In Performance
2014-06-21,35,I Wish I Could Break Your Heart,Cassadee Pope,34,12,Gains In Performance
2014-06-21,36,Show You Off,Dan + Shay,33,5,
2014-06-21,37,Keep It To Yourself,Kacey Musgraves,32,13,
2014-06-21,38,Feelin' It,Scotty McCreery,37,9,Gains In Performance
2014-06-21,39,Kiss You Tonight,David Nail,38,13,Gains In Performance
2014-06-21,40,What I Can't Put Down,Jon Pardi,39,12,Gains In Performance
2014-06-21,41,Best Night Ever,Gloriana,40,16,Gains In Performance
2014-06-21,42,Rum,Brothers Osborne,41,11,Gains In Performance
2014-06-21,43,Night That You'll Never Forget,Love And Theft,42,10,Gains In Performance
2014-06-21,44,Donkey,Jerrod Niemann,43,4,Gains In Performance
2014-06-21,45,Baby Come On With It,Natalie Stovall And The Drive,44,17,Gains In Performance
2014-06-21,46,Payback,Rascal Flatts,NEW,1,Gains In Performance
2014-06-21,47,Dirt Road,Kip Moore,45,7,
2014-06-21,48,Like A Cowboy,Randy Houser,48,3,Gains In Performance
2014-06-21,49,Wanted Me Gone,Josh Thompson,47,6,Gains In Performance
2014-06-21,50,Tattoo,Hunter Hayes,55,2,Gains In Performance
2014-06-21,51,Young In America,Danielle Bradbery,50,7,Gains In Performance
2014-06-21,52,Tonight Tonight,John King,51,5,Gains In Performance
2014-06-21,53,Pull Me Back,Leah Turner,52,5,Gains In Performance
2014-06-21,54,Shotgun,Sheryl Crow,53,2,Gains In Performance
2014-06-21,55,Looking Back Now,Maggie Rose,46,15,
2014-06-21,56,Love,Jana Kramer,NEW,1,Gains In Performance
2014-06-21,57,This Nothin' Town,Jason Aldean,54,9,Gains In Performance
2014-06-21,58,Raise 'Em Up,Austin Webb,56,11,Gains In Performance
2014-06-21,59,That's How We Do Summertime,Chasin' Crazy,57,4,
2014-06-21,60,Drink You Away,David Fanning,58,3,Gains In Performance
2014-06-28,1,Beat Of The Music,Brett Eldredge,2,38,Gains In Performance
2014-06-28,2,Lettin' The Night Roll,Justin Moore,4,34,Gains In Performance
2014-06-28,3,Play It Again,Luke Bryan,1,16,
2014-06-28,4,My Eyes,Blake Shelton Featuring Gwen Sebastian,6,10,Greatest gainer this week|Gains In Performance
2014-06-28,5,Beachin',Jake Owen,5,21,Gains In Performance
2014-06-28,6,Whiskey In My Water,Tyler Farr,7,32,Gains In Performance
2014-06-28,7,Who I Am With You,Chris Young,8,23,Gains In Performance
2014-06-28,8,Automatic,Miranda Lambert,3,19,
2014-06-28,9,Keep Them Kisses Comin',Craig Campbell,10,27,Gains In Performance
2014-06-28,10,Yeah,Joe Nichols,11,23,Gains In Performance
2014-06-28,11,We Are Tonight,Billy Currington,12,30,Gains In Performance
2014-06-28,12,Chainsaw,The Band Perry,14,17,Gains In Performance
2014-06-28,13,River Bank,Brad Paisley,13,11,Gains In Performance
2014-06-28,14,I Don't Dance,Lee Brice,15,19,Gains In Performance
2014-06-28,15,Song About A Girl,Eric Paslay,16,16,Gains In Performance
2014-06-28,16,Meanwhile Back At Mama's,Tim McGraw Featuring Faith Hill,17,9,Gains In Performance
2014-06-28,17,"Where It's At (Yep, Yep)",Dustin Lynch,19,13,Gains In Performance
2014-06-28,18,Drunk On A Plane,Dierks Bentley,20,11,Gains In Performance
2014-06-28,19,I Got A Car,George Strait,18,34,Gains In Performance
2014-06-28,20,Bartender,Lady Antebellum,22,5,Gains In Performance
2014-06-28,21,Small Town Throwdown,Brantley Gilbert Featuring Justin Moore & Thomas Rhett,21,5,Gains In Performance
2014-06-28,22,Dust,Eli Young Band,23,20,Gains In Performance
2014-06-28,23,Later On,The Swon Brothers,24,17,Gains In Performance
2014-06-28,24,Ready Set Roll,Chase Rice,25,31,Gains In Performance
2014-06-28,25,Hope You Get Lonely Tonight,Cole Swindell,26,15,Gains In Performance
2014-06-28,26,All Alright,Zac Brown Band,27,8,Gains In Performance
2014-06-28,27,Cold One,Eric Church,29,4,Gains In Performance
2014-06-28,28,Somethin' Bad,Miranda Lambert Duet With Carrie Underwood,33,4,Gains In Performance
2014-06-28,29,Close Your Eyes,Parmalee,30,19,Gains In Performance
2014-06-28,30,Look At You,Big & Rich,28,16,Gains In Performance
2014-06-28,31,Sunshine & Whiskey,Frankie Ballard,31,11,Gains In Performance
2014-06-28,32,Clockwork,Easton Corbin,34,20,Gains In Performance
2014-06-28,33,Day Drinking,Little Big Town,32,2,Gains In Performance
2014-06-28,34,I Wish I Could Break Your Heart,Cassadee Pope,35,13,Gains In Performance
2014-06-28,35,Show You Off,Dan + Shay,36,6,Gains In Performance
2014-06-28,36,Keep It To Yourself,Kacey Musgraves,37,14,Gains In Performance
2014-06-28,37,Rum,Brothers Osborne,42,12,Gains In Performance
2014-06-28,38,What I Can't Put Down,Jon Pardi,40,13,Gains In Performance
2014-06-28,39,Feelin' It,Scotty McCreery,38,10,
2014-06-28,40,Best Night Ever,Gloriana,41,17,Gains In Performance
2014-06-28,41,Kiss You Tonight,David Nail,39,14,Gains In Performance
2014-06-28,42,Payback,Rascal Flatts,46,2,Gains In Performance
2014-06-28,43,Night That You'll Never Forget,Love And Theft,43,11,Gains In Performance
2014-06-28,44,Donkey,Jerrod Niemann,44,5,
2014-06-28,45,Baby Come On With It,Natalie Stovall And The Drive,45,18,
2014-06-28,46,Like A Cowboy,Randy Houser,48,4,Gains In Performance
2014-06-28,47,Tattoo,Hunter Hayes,50,3,Gains In Performance
2014-06-28,48,Wanted Me Gone,Josh Thompson,49,7,Gains In Performance
2014-06-28,49,Love,Jana Kramer,56,2,Gains In Performance
2014-06-28,50,Dirt Road,Kip Moore,47,8,Gains In Performance
2014-06-28,51,Young In America,Danielle Bradbery,51,8,Gains In Performance
2014-06-28,52,Tonight Tonight,John King,52,6,Gains In Performance
2014-06-28,53,Leave The Night On,Sam Hunt,NEW,1,Highest ranking debut|Gains In Performance
2014-06-28,54,Pull Me Back,Leah Turner,53,6,
2014-06-28,55,Raise 'Em Up,Austin Webb,58,12,Gains In Performance
2014-06-28,56,That's How We Do Summertime,Chasin' Crazy,59,5,Gains In Performance
2014-06-28,57,Shotgun,Sheryl Crow,54,3,
2014-06-28,58,This Nothin' Town,Jason Aldean,57,10,
2014-06-28,59,Somewhere In My Car,Keith Urban,NEW,1,Gains In Performance
2014-06-28,60,I Can't Wait (Be My Wife),Ben Rue,NEW,1,Gains In Performance
2014-07-05,1,Lettin' The Night Roll,Justin Moore,2,35,Gains In Performance
2014-07-05,2,My Eyes,Blake Shelton Featuring Gwen Sebastian,4,11,Gains In Performance
2014-07-05,3,Beachin',Jake Owen,5,22,Gains In Performance
2014-07-05,4,Play It Again,Luke Bryan,3,17,
2014-07-05,5,Who I Am With You,Chris Young,7,24,Gains In Performance
2014-07-05,6,Whiskey In My Water,Tyler Farr,6,33,Gains In Performance
2014-07-05,7,Beat Of The Music,Brett Eldredge,1,39,
2014-07-05,8,Yeah,Joe Nichols,10,24,Gains In Performance
2014-07-05,9,Keep Them Kisses Comin',Craig Campbell,9,28,Gains In Performance
2014-07-05,10,We Are Tonight,Billy Currington,11,31,Gains In Performance
2014-07-05,11,Chainsaw,The Band Perry,12,18,Gains In Performance
2014-07-05,12,River Bank,Brad Paisley,13,12,Gains In Performance
2014-07-05,13,I Don't Dance,Lee Brice,14,20,Gains In Performance
2014-07-05,14,Song About A Girl,Eric Paslay,15,17,Gains In Performance
2014-07-05,15,Meanwhile Back At Mama's,Tim McGraw Featuring Faith Hill,16,10,Gains In Performance
2014-07-05,16,Automatic,Miranda Lambert,8,20,
2014-07-05,17,Drunk On A Plane,Dierks Bentley,18,12,Gains In Performance
2014-07-05,18,"Where It's At (Yep, Yep)",Dustin Lynch,17,14,Gains In Performance
2014-07-05,19,Bartender,Lady Antebellum,20,6,Gains In Performance
2014-07-05,20,I Got A Car,George Strait,19,35,Gains In Performance
2014-07-05,21,Small Town Throwdown,Brantley Gilbert Featuring Justin Moore & Thomas Rhett,21,6,Gains In Performance
2014-07-05,22,Dust,Eli Young Band,22,21,Gains In Performance
2014-07-05,23,Later On,The Swon Brothers,23,18,Gains In Performance
2014-07-05,24,Hope You Get Lonely Tonight,Cole Swindell,25,16,Gains In Performance
2014-07-05,25,Ready Set Roll,Chase Rice,24,32,Gains In Performance
2014-07-05,26,Somethin' Bad,Miranda Lambert Duet With Carrie Underwood,28,5,Gains In Performance
2014-07-05,27,American Kids,Kenny Chesney,NEW,1,Highest ranking debut|Gains In Performance
2014-07-05,28,All Alright,Zac Brown Band,26,9,Gains In Performance
2014-07-05,29,Cold One,Eric Church,27,5,Gains In Performance
2014-07-05,30,Sunshine & Whiskey,Frankie Ballard,31,12,Gains In Performance
2014-07-05,31,Close Your Eyes,Parmalee,29,20,Gains In Performance
2014-07-05,32,Look At You,Big & Rich,30,17,Gains In Performance
2014-07-05,33,Leave The Night On,Sam Hunt,53,2,Gains In Performance
2014-07-05,34,Day Drinking,Little Big Town,33,3,Gains In Performance
2014-07-05,35,Clockwork,Easton Corbin,32,21,Gains In Performance
2014-07-05,36,I Wish I Could Break Your Heart,Cassadee Pope,34,14,Gains In Performance
2014-07-05,37,Show You Off,Dan + Shay,35,7,Gains In Performance
2014-07-05,38,Payback,Rascal Flatts,42,3,Gains In Performance
2014-07-05,39,Feelin' It,Scotty McCreery,39,11,Gains In Performance
2014-07-05,40,Best Night Ever,Gloriana,40,18,Gains In Performance
2014-07-05,41,Keep It To Yourself,Kacey Musgraves,36,15,Gains In Performance
2014-07-05,42,Rum,Brothers Osborne,37,13,Gains In Performance
2014-07-05,43,Kiss You Tonight,David Nail,41,15,Gains In Performance
2014-07-05,44,What I Can't Put Down,Jon Pardi,38,14,Gains In Performance
2014-07-05,45,Night That You'll Never Forget,Love And Theft,43,12,Gains In Performance
2014-07-05,46,Baby Come On With It,Natalie Stovall And The Drive,45,19,Gains In Performance
2014-07-05,47,Like A Cowboy,Randy Houser,46,5,Gains In Performance
2014-07-05,48,Donkey,Jerrod Niemann,44,6,
2014-07-05,49,Love,Jana Kramer,49,3,Gains In Performance
2014-07-05,50,Tattoo,Hunter Hayes,47,4,Gains In Performance
2014-07-05,51,Wanted Me Gone,Josh Thompson,48,8,
2014-07-05,52,Dirt Road,Kip Moore,50,9,
2014-07-05,53,Somewhere In My Car,Keith Urban,59,2,Gains In Performance
2014-07-05,54,Young In America,Danielle Bradbery,51,9,Gains In Performance
2014-07-05,55,Tonight Tonight,John King,52,7,Gains In Performance
2014-07-05,56,Shotgun,Sheryl Crow,57,4,Gains In Performance
2014-07-05,57,That's How We Do Summertime,Chasin' Crazy,56,6,Gains In Performance
2014-07-05,58,Raise 'Em Up,Austin Webb,55,13,Gains In Performance
2014-07-05,59,Pull Me Back,Leah Turner,54,7,
2014-07-05,60,Roller Coaster,Luke Bryan,NEW,1,Gains In Performance
2014-07-12,1,My Eyes,Blake Shelton Featuring Gwen Sebastian,2,12,Gains In Performance
2014-07-12,2,Beachin',Jake Owen,3,23,Gains In Performance
2014-07-12,3,Who I Am With You,Chris Young,5,25,Gains In Performance
2014-07-12,4,Whiskey In My Water,Tyler Farr,6,34,Gains In Performance
2014-07-12,5,Yeah,Joe Nichols,8,25,Gains In Performance
2014-07-12,6,Lettin' The Night Roll,Justin Moore,1,36,
2014-07-12,7,Play It Again,Luke Bryan,4,18,
2014-07-12,8,We Are Tonight,Billy Currington,10,32,Gains In Performance
2014-07-12,9,Keep Them Kisses Comin',Craig Campbell,9,29,
2014-07-12,10,Chainsaw,The Band Perry,11,19,Gains In Performance
2014-07-12,11,River Bank,Brad Paisley,12,13,Gains In Performance
2014-07-12,12,I Don't Dance,Lee Brice,13,21,Gains In Performance
2014-07-12,13,Drunk On A Plane,Dierks Bentley,17,13,Gains In Performance
2014-07-12,14,Meanwhile Back At Mama's,Tim McGraw Featuring Faith Hill,15,11,Gains In Performance
2014-07-12,15,Song About A Girl,Eric Paslay,14,18,Gains In Performance
2014-07-12,16,"Where It's At (Yep, Yep)",Dustin Lynch,18,15,Gains In Performance
2014-07-12,17,Bartender,Lady Antebellum,19,7,Gains In Performance
2014-07-12,18,Small Town Throwdown,Brantley Gilbert Featuring Justin Moore & Thomas Rhett,21,7,Gains In Performance
2014-07-12,19,I Got A Car,George Strait,20,36,Gains In Performance
2014-07-12,20,American Kids,Kenny Chesney,27,2,Greatest gainer this week|Gains In Performance
2014-07-12,21,Dust,Eli Young Band,22,22,Gains In Performance
2014-07-12,22,Ready Set Roll,Chase Rice,25,33,Gains In Performance
2014-07-12,23,Later On,The Swon Brothers,23,19,Gains In Performance
2014-07-12,24,Hope You Get Lonely Tonight,Cole Swindell,24,17,Gains In Performance
2014-07-12,25,Somethin' Bad,Miranda Lambert Duet With Carrie Underwood,26,6,Gains In Performance
2014-07-12,26,All Alright,Zac Brown Band,28,10,Gains In Performance
2014-07-12,27,Cold One,Eric Church,29,6,Gains In Performance
2014-07-12,28,Sunshine & Whiskey,Frankie Ballard,30,13,Gains In Performance
2014-07-12,29,Look At You,Big & Rich,32,18,Gains In Performance
2014-07-12,30,Leave The Night On,Sam Hunt,33,3,Gains In Performance
2014-07-12,31,Close Your Eyes,Parmalee,31,21,Gains In Performance
2014-07-12,32,Day Drinking,Little Big Town,34,4,Gains In Performance
2014-07-12,33,Payback,Rascal Flatts,38,4,Gains In Performance
2014-07-12,34,I Wish I Could Break Your Heart,Cassadee Pope,36,15,Gains In Performance
2014-07-12,35,Clockwork,Easton Corbin,35,22,Gains In Performance
2014-07-12,36,Kiss You Tonight,David Nail,43,16,Gains In Performance
2014-07-12,37,Show You Off,Dan + Shay,37,8,Gains In Performance
2014-07-12,38,Best Night Ever,Gloriana,40,19,Gains In Performance
2014-07-12,39,Feelin' It,Scotty McCreery,39,12,Gains In Performance
2014-07-12,40,What I Can't Put Down,Jon Pardi,44,15,Gains In Performance
2014-07-12,41,Rum,Brothers Osborne,42,14,Gains In Performance
2014-07-12,42,Keep It To Yourself,Kacey Musgraves,41,16,Gains In Performance
2014-07-12,43,Night That You'll Never Forget,Love And Theft,45,13,
2014-07-12,44,Somewhere In My Car,Keith Urban,53,3,Gains In Performance
2014-07-12,45,Like A Cowboy,Randy Houser,47,6,Gains In Performance
2014-07-12,46,Roller Coaster,Luke Bryan,60,2,Gains In Performance
2014-07-12,47,Love,Jana Kramer,49,4,Gains In Performance
2014-07-12,48,Tattoo,Hunter Hayes,50,5,Gains In Performance
2014-07-12,49,Baby Come On With It,Natalie Stovall And The Drive,46,20,
2014-07-12,50,Wanted Me Gone,Josh Thompson,51,9,Gains In Performance
2014-07-12,51,Dirt Road,Kip Moore,52,10,Gains In Performance
2014-07-12,52,Tonight Tonight,John King,55,8,Gains In Performance
2014-07-12,53,Young In America,Danielle Bradbery,54,10,Gains In Performance
2014-07-12,54,That's How We Do Summertime,Chasin' Crazy,57,7,Gains In Performance
2014-07-12,55,Raise 'Em Up,Austin Webb,58,14,
2014-07-12,56,Shotgun,Sheryl Crow,56,5,
2014-07-12,57,I Can't Wait (Be My Wife),Ben Rue,RE,2,Gains In Performance
2014-07-12,58,This Nothin' Town,Jason Aldean,RE,11,Gains In Performance
2014-07-12,59,I Can't Outrun You,Thompson Square,NEW,1,Highest ranking debut|Gains In Performance
2014-07-12,60,Trailer Hitch,Kristian Bush,NEW,1,Gains In Performance
2014-07-19,1,Beachin',Jake Owen,2,24,Gains In Performance
2014-07-19,2,My Eyes,Blake Shelton Featuring Gwen Sebastian,1,13,
2014-07-19,3,Who I Am With You,Chris Young,3,26,Gains In Performance
2014-07-19,4,Whiskey In My Water,Tyler Farr,4,35,Gains In Performance
2014-07-19,5,Yeah,Joe Nichols,5,26,Gains In Performance
2014-07-19,6,We Are Tonight,Billy Currington,8,33,Gains In Performance
2014-07-19,7,I Don't Dance,Lee Brice,12,22,Gains In Performance
2014-07-19,8,River Bank,Brad Paisley,11,14,Gains In Performance
2014-07-19,9,Drunk On A Plane,Dierks Bentley,13,14,Gains In Performance
2014-07-19,10,Chainsaw,The Band Perry,10,20,Gains In Performance
2014-07-19,11,Meanwhile Back At Mama's,Tim McGraw Featuring Faith Hill,14,12,Gains In Performance
2014-07-19,12,Song About A Girl,Eric Paslay,15,19,Gains In Performance
2014-07-19,13,Bartender,Lady Antebellum,17,8,Gains In Performance
2014-07-19,14,American Kids,Kenny Chesney,20,3,Gains In Performance
2014-07-19,15,"Where It's At (Yep, Yep)",Dustin Lynch,16,16,Gains In Performance
2014-07-19,16,Small Town Throwdown,Brantley Gilbert Featuring Justin Moore & Thomas Rhett,18,8,Gains In Performance
2014-07-19,17,I Got A Car,George Strait,19,37,Gains In Performance
2014-07-19,18,Hope You Get Lonely Tonight,Cole Swindell,24,18,Gains In Performance
2014-07-19,19,Later On,The Swon Brothers,23,20,Gains In Performance
2014-07-19,20,Dust,Eli Young Band,21,23,Gains In Performance
2014-07-19,21,Somethin' Bad,Miranda Lambert Duet With Carrie Underwood,25,7,Gains In Performance
2014-07-19,22,Ready Set Roll,Chase Rice,22,34,Gains In Performance
2014-07-19,23,All Alright,Zac Brown Band,26,11,Gains In Performance
2014-07-19,24,Cold One,Eric Church,27,7,Gains In Performance
2014-07-19,25,Sunshine & Whiskey,Frankie Ballard,28,14,Gains In Performance
2014-07-19,26,Leave The Night On,Sam Hunt,30,4,Gains In Performance
2014-07-19,27,Day Drinking,Little Big Town,32,5,Gains In Performance
2014-07-19,28,Close Your Eyes,Parmalee,31,22,Gains In Performance
2014-07-19,29,Look At You,Big & Rich,29,19,Gains In Performance
2014-07-19,30,Payback,Rascal Flatts,33,5,Gains In Performance
2014-07-19,31,Kiss You Tonight,David Nail,36,17,Gains In Performance
2014-07-19,32,I Wish I Could Break Your Heart,Cassadee Pope,34,16,Gains In Performance
2014-07-19,33,Clockwork,Easton Corbin,35,23,
2014-07-19,34,Roller Coaster,Luke Bryan,46,3,Gains In Performance
2014-07-19,35,Show You Off,Dan + Shay,37,9,Gains In Performance
2014-07-19,36,Rum,Brothers Osborne,41,15,Gains In Performance
2014-07-19,37,Best Night Ever,Gloriana,38,20,Gains In Performance
2014-07-19,38,Feelin' It,Scotty McCreery,39,13,Gains In Performance
2014-07-19,39,Home Sweet Home,Justin Moore Featuring Vince Neil,NEW,1,Highest ranking debut|Gains In Performance
2014-07-19,40,What I Can't Put Down,Jon Pardi,40,16,Gains In Performance
2014-07-19,41,Somewhere In My Car,Keith Urban,44,4,Gains In Performance
2014-07-19,42,Keep It To Yourself,Kacey Musgraves,42,17,
2014-07-19,43,Night That You'll Never Forget,Love And Theft,43,14,Gains In Performance
2014-07-19,44,Like A Cowboy,Randy Houser,45,7,Gains In Performance
2014-07-19,45,Love,Jana Kramer,47,5,Gains In Performance
2014-07-19,46,Dirt Road,Kip Moore,51,11,Gains In Performance
2014-07-19,47,Wanted Me Gone,Josh Thompson,50,10,Gains In Performance
2014-07-19,48,Tattoo,Hunter Hayes,48,6,
2014-07-19,49,Tonight Tonight,John King,52,9,Gains In Performance
2014-07-19,50,Young In America,Danielle Bradbery,53,11,Gains In Performance
2014-07-19,51,That's How We Do Summertime,Chasin' Crazy,54,8,Gains In Performance
2014-07-19,52,Raise 'Em Up,Austin Webb,55,15,Gains In Performance
2014-07-19,53,Shotgun,Sheryl Crow,56,6,Gains In Performance
2014-07-19,54,This Nothin' Town,Jason Aldean,58,12,Gains In Performance
2014-07-19,55,I Can't Outrun You,Thompson Square,59,2,Gains In Performance
2014-07-19,56,God Made Girls,RaeLynn,NEW,1,Gains In Performance
2014-07-19,57,I Can't Wait (Be My Wife),Ben Rue,57,3,Gains In Performance
2014-07-19,58,Girl In A Country Song,Maddie & Tae,NEW,1,Gains In Performance
2014-07-19,59,Trailer Hitch,Kristian Bush,60,2,
2014-07-19,60,Get It On,Joey Hyde,NEW,1,Gains In Performance
2014-07-26,1,Yeah,Joe Nichols,5,27,Gains In Performance
2014-07-26,2,Who I Am With You,Chris Young,3,27,Gains In Performance
2014-07-26,3,Whiskey In My Water,Tyler Farr,4,36,Gains In Performance
2014-07-26,4,Beachin',Jake Owen,1,25,
2014-07-26,5,We Are Tonight,Billy Currington,6,34,Gains In Performance
2014-07-26,6,My Eyes,Blake Shelton Featuring Gwen Sebastian,2,14,
2014-07-26,7,I Don't Dance,Lee Brice,7,23,Gains In Performance
2014-07-26,8,River Bank,Brad Paisley,8,15,Gains In Performance
2014-07-26,9,Drunk On A Plane,Dierks Bentley,9,15,Gains In Performance
2014-07-26,10,Meanwhile Back At Mama's,Tim McGraw Featuring Faith Hill,11,13,Gains In Performance
2014-07-26,11,Bartender,Lady Antebellum,13,9,Gains In Performance
2014-07-26,12,American Kids,Kenny Chesney,14,4,Gains In Performance
2014-07-26,13,"Where It's At (Yep, Yep)",Dustin Lynch,15,17,Gains In Performance
2014-07-26,14,Song About A Girl,Eric Paslay,12,20,Gains In Performance
2014-07-26,15,Small Town Throwdown,Brantley Gilbert Featuring Justin Moore & Thomas Rhett,16,9,Gains In Performance
2014-07-26,16,Dirt,Florida Georgia Line,NEW,1,Highest ranking debut|Gains In Performance
2014-07-26,17,Hope You Get Lonely Tonight,Cole Swindell,18,19,Gains In Performance
2014-07-26,18,Dust,Eli Young Band,20,24,Gains In Performance
2014-07-26,19,Later On,The Swon Brothers,19,21,Gains In Performance
2014-07-26,20,I Got A Car,George Strait,17,38,
2014-07-26,21,Somethin' Bad,Miranda Lambert Duet With Carrie Underwood,21,8,Gains In Performance
2014-07-26,22,Ready Set Roll,Chase Rice,22,35,Gains In Performance
2014-07-26,23,All Alright,Zac Brown Band,23,12,Gains In Performance
2014-07-26,24,Leave The Night On,Sam Hunt,26,5,Gains In Performance
2014-07-26,25,Cold One,Eric Church,24,8,Gains In Performance
2014-07-26,26,Sunshine & Whiskey,Frankie Ballard,25,15,Gains In Performance
2014-07-26,27,Day Drinking,Little Big Town,27,6,Gains In Performance
2014-07-26,28,Look At You,Big & Rich,29,20,Gains In Performance
2014-07-26,29,Close Your Eyes,Parmalee,28,23,
2014-07-26,30,Roller Coaster,Luke Bryan,34,4,Gains In Performance
2014-07-26,31,Payback,Rascal Flatts,30,6,Gains In Performance
2014-07-26,32,Kiss You Tonight,David Nail,31,18,Gains In Performance
2014-07-26,33,I Wish I Could Break Your Heart,Cassadee Pope,32,17,Gains In Performance
2014-07-26,34,Rum,Brothers Osborne,36,16,Gains In Performance
2014-07-26,35,Feelin' It,Scotty McCreery,38,14,Gains In Performance
2014-07-26,36,Show You Off,Dan + Shay,35,10,Gains In Performance
2014-07-26,37,What I Can't Put Down,Jon Pardi,40,17,Gains In Performance
2014-07-26,38,Somewhere In My Car,Keith Urban,41,5,Gains In Performance
2014-07-26,39,Best Night Ever,Gloriana,37,21,Gains In Performance
2014-07-26,40,Night That You'll Never Forget,Love And Theft,43,15,Gains In Performance
2014-07-26,41,Keep It To Yourself,Kacey Musgraves,42,18,Gains In Performance
2014-07-26,42,Like A Cowboy,Randy Houser,44,8,Gains In Performance
2014-07-26,43,Love,Jana Kramer,45,6,Gains In Performance
2014-07-26,44,Tattoo,Hunter Hayes,48,7,Gains In Performance
2014-07-26,45,Home Sweet Home,Justin Moore Featuring Vince Neil,39,2,
2014-07-26,46,Dirt Road,Kip Moore,46,12,Gains In Performance
2014-07-26,47,Wanted Me Gone,Josh Thompson,47,11,Gains In Performance
2014-07-26,48,Tonight Tonight,John King,49,10,Gains In Performance
2014-07-26,49,That's How We Do Summertime,Chasin' Crazy,51,9,Gains In Performance
2014-07-26,50,Young In America,Danielle Bradbery,50,12,
2014-07-26,51,Shotgun,Sheryl Crow,53,7,
2014-07-26,52,Raise 'Em Up,Austin Webb,52,16,
2014-07-26,53,God Made Girls,RaeLynn,56,2,Gains In Performance
2014-07-26,54,Girl In A Country Song,Maddie & Tae,58,2,Gains In Performance
2014-07-26,55,I Can't Outrun You,Thompson Square,55,3,Gains In Performance
2014-07-26,56,Mean To Me,Brett Eldredge,NEW,1,Gains In Performance
2014-07-26,57,This Nothin' Town,Jason Aldean,54,13,
2014-07-26,58,Trailer Hitch,Kristian Bush,59,3,Gains In Performance
2014-07-26,59,I Can't Wait (Be My Wife),Ben Rue,57,4,
2014-07-26,60,Get It On,Joey Hyde,60,2,Gains In Performance
2014-08-02,1,Yeah,Joe Nichols,1,28,Gains In Performance
2014-08-02,2,Who I Am With You,Chris Young,2,28,Gains In Performance
2014-08-02,3,We Are Tonight,Billy Currington,5,35,Gains In Performance
2014-08-02,4,I Don't Dance,Lee Brice,7,24,Gains In Performance
2014-08-02,5,Drunk On A Plane,Dierks Bentley,9,16,Gains In Performance
2014-08-02,6,River Bank,Brad Paisley,8,16,Gains In Performance
2014-08-02,7,Meanwhile Back At Mama's,Tim McGraw Featuring Faith Hill,10,14,Gains In Performance
2014-08-02,8,Beachin',Jake Owen,4,26,
2014-08-02,9,Bartender,Lady Antebellum,11,10,Gains In Performance
2014-08-02,10,Whiskey In My Water,Tyler Farr,3,37,
2014-08-02,11,American Kids,Kenny Chesney,12,5,Gains In Performance
2014-08-02,12,"Where It's At (Yep, Yep)",Dustin Lynch,13,18,Gains In Performance
2014-08-02,13,Song About A Girl,Eric Paslay,14,21,Gains In Performance
2014-08-02,14,Hope You Get Lonely Tonight,Cole Swindell,17,20,Gains In Performance
2014-08-02,15,Small Town Throwdown,Brantley Gilbert Featuring Justin Moore & Thomas Rhett,15,10,Gains In Performance
2014-08-02,16,Dirt,Florida Georgia Line,16,2,Gains In Performance
2014-08-02,17,Dust,Eli Young Band,18,25,Gains In Performance
2014-08-02,18,Later On,The Swon Brothers,19,22,Gains In Performance
2014-08-02,19,Somethin' Bad,Miranda Lambert Duet With Carrie Underwood,21,9,Gains In Performance
2014-08-02,20,Ready Set Roll,Chase Rice,22,36,Gains In Performance
2014-08-02,21,Roller Coaster,Luke Bryan,30,5,Greatest gainer this week|Gains In Performance
2014-08-02,22,All Alright,Zac Brown Band,23,13,Gains In Performance
2014-08-02,23,Leave The Night On,Sam Hunt,24,6,Gains In Performance
2014-08-02,24,Cold One,Eric Church,25,9,Gains In Performance
2014-08-02,25,Sunshine & Whiskey,Frankie Ballard,26,16,Gains In Performance
2014-08-02,26,Day Drinking,Little Big Town,27,7,Gains In Performance
2014-08-02,27,Look At You,Big & Rich,28,21,Gains In Performance
2014-08-02,28,Close Your Eyes,Parmalee,29,24,Gains In Performance
2014-08-02,29,Payback,Rascal Flatts,31,7,Gains In Performance
2014-08-02,30,Somewhere In My Car,Keith Urban,38,6,Gains In Performance
2014-08-02,31,Kiss You Tonight,David Nail,32,19,Gains In Performance
2014-08-02,32,Rum,Brothers Osborne,34,17,Gains In Performance
2014-08-02,33,Feelin' It,Scotty McCreery,35,15,Gains In Performance
2014-08-02,34,I Wish I Could Break Your Heart,Cassadee Pope,33,18,Gains In Performance
2014-08-02,35,What I Can't Put Down,Jon Pardi,37,18,Gains In Performance
2014-08-02,36,Show You Off,Dan + Shay,36,11,Gains In Performance
2014-08-02,37,Night That You'll Never Forget,Love And Theft,40,16,Gains In Performance
2014-08-02,38,Keep It To Yourself,Kacey Musgraves,41,19,Gains In Performance
2014-08-02,39,Home Sweet Home,Justin Moore Featuring Vince Neil,45,3,Gains In Performance
2014-08-02,40,Love,Jana Kramer,43,7,Gains In Performance
2014-08-02,41,Like A Cowboy,Randy Houser,42,9,Gains In Performance
2014-08-02,42,Tattoo,Hunter Hayes,44,8,Gains In Performance
2014-08-02,43,Tonight Tonight,John King,48,11,Gains In Performance
2014-08-02,44,God Made Girls,RaeLynn,53,3,Gains In Performance
2014-08-02,45,Girl In A Country Song,Maddie & Tae,54,3,Gains In Performance
2014-08-02,46,Dirt Road,Kip Moore,46,13,Gains In Performance
2014-08-02,47,Wanted Me Gone,Josh Thompson,47,12,
2014-08-02,48,That's How We Do Summertime,Chasin' Crazy,49,10,Gains In Performance
2014-08-02,49,Young In America,Danielle Bradbery,50,13,Gains In Performance
2014-08-02,50,Buzz Back Girl,Jerrod Niemann,NEW,1,Highest ranking debut|Gains In Performance
2014-08-02,51,Take It On Back,Chase Bryant,NEW,1,Gains In Performance
2014-08-02,52,Mean To Me,Brett Eldredge,56,2,Gains In Performance
2014-08-02,53,I Can't Outrun You,Thompson Square,55,4,Gains In Performance
2014-08-02,54,Raise 'Em Up,Austin Webb,52,17,
2014-08-02,55,Trailer Hitch,Kristian Bush,58,4,Gains In Performance
2014-08-02,56,We'll Come Back Around,Craig Morgan,NEW,1,Gains In Performance
2014-08-02,57,This Nothin' Town,Jason Aldean,57,14,
2014-08-02,58,Girl In Your Truck Song,Maggie Rose,NEW,1,Gains In Performance
2014-08-02,59,Get It On,Joey Hyde,60,3,Gains In Performance
2014-08-02,60,I Can't Wait (Be My Wife),Ben Rue,59,5,
2014-08-09,1,Yeah,Joe Nichols,1,29,Gains In Performance
2014-08-09,2,We Are Tonight,Billy Currington,3,36,Gains In Performance
2014-08-09,3,I Don't Dance,Lee Brice,4,25,Gains In Performance
2014-08-09,4,Drunk On A Plane,Dierks Bentley,5,17,Gains In Performance
2014-08-09,5,Meanwhile Back At Mama's,Tim McGraw Featuring Faith Hill,7,15,Gains In Performance
2014-08-09,6,Who I Am With You,Chris Young,2,29,
2014-08-09,7,River Bank,Brad Paisley,6,17,Gains In Performance
2014-08-09,8,Bartender,Lady Antebellum,9,11,Gains In Performance
2014-08-09,9,American Kids,Kenny Chesney,11,6,Gains In Performance
2014-08-09,10,"Where It's At (Yep, Yep)",Dustin Lynch,12,19,Gains In Performance
2014-08-09,11,Hope You Get Lonely Tonight,Cole Swindell,14,21,Gains In Performance
2014-08-09,12,Song About A Girl,Eric Paslay,13,22,Gains In Performance
2014-08-09,13,Dirt,Florida Georgia Line,16,3,Gains In Performance
2014-08-09,14,Small Town Throwdown,Brantley Gilbert Featuring Justin Moore & Thomas Rhett,15,11,Gains In Performance
2014-08-09,15,Roller Coaster,Luke Bryan,21,6,Gains In Performance
2014-08-09,16,Later On,The Swon Brothers,18,23,Gains In Performance
2014-08-09,17,Somethin' Bad,Miranda Lambert Duet With Carrie Underwood,19,10,Gains In Performance
2014-08-09,18,Ready Set Roll,Chase Rice,20,37,Gains In Performance
2014-08-09,19,Burnin' It Down,Jason Aldean,NEW,1,Highest ranking debut|Gains In Performance
2014-08-09,20,Dust,Eli Young Band,17,26,Gains In Performance
2014-08-09,21,All Alright,Zac Brown Band,22,14,Gains In Performance
2014-08-09,22,Leave The Night On,Sam Hunt,23,7,Gains In Performance
2014-08-09,23,Cold One,Eric Church,24,10,Gains In Performance
2014-08-09,24,Sunshine & Whiskey,Frankie Ballard,25,17,Gains In Performance
2014-08-09,25,Day Drinking,Little Big Town,26,8,Gains In Performance
2014-08-09,26,Look At You,Big & Rich,27,22,Gains In Performance
2014-08-09,27,Close Your Eyes,Parmalee,28,25,Gains In Performance
2014-08-09,28,Payback,Rascal Flatts,29,8,Gains In Performance
2014-08-09,29,Somewhere In My Car,Keith Urban,30,7,Gains In Performance
2014-08-09,30,Feelin' It,Scotty McCreery,33,16,Gains In Performance
2014-08-09,31,What I Can't Put Down,Jon Pardi,35,19,Gains In Performance
2014-08-09,32,Kiss You Tonight,David Nail,31,20,
2014-08-09,33,I Wish I Could Break Your Heart,Cassadee Pope,34,19,
2014-08-09,34,Rum,Brothers Osborne,32,18,
2014-08-09,35,Show You Off,Dan + Shay,36,12,Gains In Performance
2014-08-09,36,Home Sweet Home,Justin Moore Featuring Vince Neil,39,4,Gains In Performance
2014-08-09,37,God Made Girls,RaeLynn,44,4,Gains In Performance
2014-08-09,38,Night That You'll Never Forget,Love And Theft,37,17,Gains In Performance
2014-08-09,39,Keep It To Yourself,Kacey Musgraves,38,20,Gains In Performance
2014-08-09,40,Like A Cowboy,Randy Houser,41,10,Gains In Performance
2014-08-09,41,Love,Jana Kramer,40,8,Gains In Performance
2014-08-09,42,Tattoo,Hunter Hayes,42,9,Gains In Performance
2014-08-09,43,Girl In A Country Song,Maddie & Tae,45,4,Gains In Performance
2014-08-09,44,Tonight Tonight,John King,43,12,Gains In Performance
2014-08-09,45,Dirt Road,Kip Moore,46,14,Gains In Performance
2014-08-09,46,Wanted Me Gone,Josh Thompson,47,13,Gains In Performance
2014-08-09,47,That's How We Do Summertime,Chasin' Crazy,48,11,Gains In Performance
2014-08-09,48,Buzz Back Girl,Jerrod Niemann,50,2,Gains In Performance
2014-08-09,49,Mean To Me,Brett Eldredge,52,3,Gains In Performance
2014-08-09,50,Take It On Back,Chase Bryant,51,2,Gains In Performance
2014-08-09,51,Young In America,Danielle Bradbery,49,14,
2014-08-09,52,I Can't Outrun You,Thompson Square,53,5,Gains In Performance
2014-08-09,53,Live A Little,Dean Alexander,NEW,1,Gains In Performance
2014-08-09,54,We'll Come Back Around,Craig Morgan,56,2,Gains In Performance
2014-08-09,55,This Nothin' Town,Jason Aldean,57,15,Gains In Performance
2014-08-09,56,Trailer Hitch,Kristian Bush,55,5,
2014-08-09,57,I Can't Wait (Be My Wife),Ben Rue,60,6,Gains In Performance
2014-08-09,58,Get It On,Joey Hyde,59,4,Gains In Performance
2014-08-09,59,Love You Like That,Canaan Smith,NEW,1,Gains In Performance
2014-08-09,60,What We Ain't Got,Jake Owen,NEW,1,Gains In Performance
2014-08-16,1,We Are Tonight,Billy Currington,2,37,Gains In Performance
2014-08-16,2,I Don't Dance,Lee Brice,3,26,Gains In Performance
2014-08-16,3,Drunk On A Plane,Dierks Bentley,4,18,Gains In Performance
2014-08-16,4,Yeah,Joe Nichols,1,30,
2014-08-16,5,Bartender,Lady Antebellum,8,12,Greatest gainer this week|Gains In Performance
2014-08-16,6,River Bank,Brad Paisley,7,18,Gains In Performance
2014-08-16,7,Meanwhile Back At Mama's,Tim McGraw Featuring Faith Hill,5,16,Gains In Performance
2014-08-16,8,American Kids,Kenny Chesney,9,7,Gains In Performance
2014-08-16,9,"Where It's At (Yep, Yep)",Dustin Lynch,10,20,Gains In Performance
2014-08-16,10,Hope You Get Lonely Tonight,Cole Swindell,11,22,Gains In Performance
2014-08-16,11,Dirt,Florida Georgia Line,13,4,Gains In Performance
2014-08-16,12,Roller Coaster,Luke Bryan,15,7,Gains In Performance
2014-08-16,13,Song About A Girl,Eric Paslay,12,23,Gains In Performance
2014-08-16,14,Small Town Throwdown,Brantley Gilbert Featuring Justin Moore & Thomas Rhett,14,12,Gains In Performance
2014-08-16,15,Ready Set Roll,Chase Rice,18,38,Gains In Performance
2014-08-16,16,Later On,The Swon Brothers,16,24,Gains In Performance
2014-08-16,17,Somethin' Bad,Miranda Lambert Duet With Carrie Underwood,17,11,Gains In Performance
2014-08-16,18,Dust,Eli Young Band,20,27,Gains In Performance
2014-08-16,19,Burnin' It Down,Jason Aldean,19,2,Gains In Performance
2014-08-16,20,All Alright,Zac Brown Band,21,15,Gains In Performance
2014-08-16,21,Leave The Night On,Sam Hunt,22,8,Gains In Performance
2014-08-16,22,Cold One,Eric Church,23,11,Gains In Performance
2014-08-16,23,Sunshine & Whiskey,Frankie Ballard,24,18,Gains In Performance
2014-08-16,24,Day Drinking,Little Big Town,25,9,Gains In Performance
2014-08-16,25,Look At You,Big & Rich,26,23,Gains In Performance
2014-08-16,26,Close Your Eyes,Parmalee,27,26,Gains In Performance
2014-08-16,27,Payback,Rascal Flatts,28,9,Gains In Performance
2014-08-16,28,Somewhere In My Car,Keith Urban,29,8,Gains In Performance
2014-08-16,29,Feelin' It,Scotty McCreery,30,17,Gains In Performance
2014-08-16,30,Kiss You Tonight,David Nail,32,21,Gains In Performance
2014-08-16,31,Girl In A Country Song,Maddie & Tae,43,5,Gains In Performance
2014-08-16,32,What I Can't Put Down,Jon Pardi,31,20,
2014-08-16,33,Rum,Brothers Osborne,34,19,Gains In Performance
2014-08-16,34,Home Sweet Home,Justin Moore Featuring Vince Neil,36,5,Gains In Performance
2014-08-16,35,Show You Off,Dan + Shay,35,13,Gains In Performance
2014-08-16,36,God Made Girls,RaeLynn,37,5,Gains In Performance
2014-08-16,37,Night That You'll Never Forget,Love And Theft,38,18,Gains In Performance
2014-08-16,38,I Wish I Could Break Your Heart,Cassadee Pope,33,20,
2014-08-16,39,Like A Cowboy,Randy Houser,40,11,Gains In Performance
2014-08-16,40,Keep It To Yourself,Kacey Musgraves,39,21,Gains In Performance
2014-08-16,41,Love,Jana Kramer,41,9,Gains In Performance
2014-08-16,42,Tattoo,Hunter Hayes,42,10,Gains In Performance
2014-08-16,43,Tonight Tonight,John King,44,13,Gains In Performance
2014-08-16,44,Dirt Road,Kip Moore,45,15,Gains In Performance
2014-08-16,45,Wanted Me Gone,Josh Thompson,46,14,Gains In Performance
2014-08-16,46,Mean To Me,Brett Eldredge,49,4,Gains In Performance
2014-08-16,47,That's How We Do Summertime,Chasin' Crazy,47,12,
2014-08-16,48,Trailer Hitch,Kristian Bush,56,6,Gains In Performance
2014-08-16,49,Buzz Back Girl,Jerrod Niemann,48,3,Gains In Performance
2014-08-16,50,Take It On Back,Chase Bryant,50,3,Gains In Performance
2014-08-16,51,Make Me Wanna,Thomas Rhett,NEW,1,Highest ranking debut|Gains In Performance
2014-08-16,52,I Can't Outrun You,Thompson Square,52,6,Gains In Performance
2014-08-16,53,What We Ain't Got,Jake Owen,60,2,Gains In Performance
2014-08-16,54,Live A Little,Dean Alexander,53,2,Gains In Performance
2014-08-16,55,Love You Like That,Canaan Smith,59,2,Gains In Performance
2014-08-16,56,Party Like You,The Cadillac Three,NEW,1,Gains In Performance
2014-08-16,57,We'll Come Back Around,Craig Morgan,54,3,
2014-08-16,58,A Guy Walks Into A Bar,Tyler Farr,NEW,1,Gains In Performance
2014-08-16,59,This Nothin' Town,Jason Aldean,55,16,
2014-08-16,60,I Can't Wait (Be My Wife),Ben Rue,57,7,Gains In Performance
2014-08-23,1,I Don't Dance,Lee Brice,2,27,Gains In Performance
2014-08-23,2,Drunk On A Plane,Dierks Bentley,3,19,Gains In Performance
2014-08-23,3,Bartender,Lady Antebellum,5,13,Gains In Performance
2014-08-23,4,River Bank,Brad Paisley,6,19,Gains In Performance
2014-08-23,5,Meanwhile Back At Mama's,Tim McGraw Featuring Faith Hill,7,17,Gains In Performance
2014-08-23,6,We Are Tonight,Billy Currington,1,38,
2014-08-23,7,American Kids,Kenny Chesney,8,8,Gains In Performance
2014-08-23,8,"Where It's At (Yep, Yep)",Dustin Lynch,9,21,Greatest gainer this week|Gains In Performance
2014-08-23,9,Yeah,Joe Nichols,4,31,
2014-08-23,10,Hope You Get Lonely Tonight,Cole Swindell,10,23,Gains In Performance
2014-08-23,11,Dirt,Florida Georgia Line,11,5,Gains In Performance
2014-08-23,12,Roller Coaster,Luke Bryan,12,8,Gains In Performance
2014-08-23,13,Song About A Girl,Eric Paslay,13,24,Gains In Performance
2014-08-23,14,Small Town Throwdown,Brantley Gilbert Featuring Justin Moore & Thomas Rhett,14,13,Gains In Performance
2014-08-23,15,Ready Set Roll,Chase Rice,15,39,Gains In Performance
2014-08-23,16,Later On,The Swon Brothers,16,25,Gains In Performance
2014-08-23,17,Somethin' Bad,Miranda Lambert Duet With Carrie Underwood,17,12,Gains In Performance
2014-08-23,18,Burnin' It Down,Jason Aldean,19,3,Gains In Performance
2014-08-23,19,All Alright,Zac Brown Band,20,16,Gains In Performance
2014-08-23,20,Dust,Eli Young Band,18,28,
2014-08-23,21,Leave The Night On,Sam Hunt,21,9,
2014-08-23,22,Sunshine & Whiskey,Frankie Ballard,23,19,Gains In Performance
2014-08-23,23,Cold One,Eric Church,22,12,Gains In Performance
2014-08-23,24,Day Drinking,Little Big Town,24,10,Gains In Performance
2014-08-23,25,Look At You,Big & Rich,25,24,Gains In Performance
2014-08-23,26,Close Your Eyes,Parmalee,26,27,Gains In Performance
2014-08-23,27,Somewhere In My Car,Keith Urban,28,9,Gains In Performance
2014-08-23,28,Payback,Rascal Flatts,27,10,Gains In Performance
2014-08-23,29,Feelin' It,Scotty McCreery,29,18,Gains In Performance
2014-08-23,30,Girl In A Country Song,Maddie & Tae,31,6,Gains In Performance
2014-08-23,31,Kiss You Tonight,David Nail,30,22,Gains In Performance
2014-08-23,32,Show You Off,Dan + Shay,35,14,Gains In Performance
2014-08-23,33,Rum,Brothers Osborne,33,20,Gains In Performance
2014-08-23,34,God Made Girls,RaeLynn,36,6,Gains In Performance
2014-08-23,35,Home Sweet Home,Justin Moore Featuring Vince Neil,34,6,Gains In Performance
2014-08-23,36,What I Can't Put Down,Jon Pardi,32,21,
2014-08-23,37,Tattoo,Hunter Hayes,42,11,Gains In Performance
2014-08-23,38,Night That You'll Never Forget,Love And Theft,37,19,Gains In Performance
2014-08-23,39,Like A Cowboy,Randy Houser,39,12,Gains In Performance
2014-08-23,40,Keep It To Yourself,Kacey Musgraves,40,22,Gains In Performance
2014-08-23,41,Love,Jana Kramer,41,10,Gains In Performance
2014-08-23,42,Tonight Tonight,John King,43,14,Gains In Performance
2014-08-23,43,Take It On Back,Chase Bryant,50,4,Gains In Performance
2014-08-23,44,Make Me Wanna,Thomas Rhett,51,2,Gains In Performance
2014-08-23,45,Mean To Me,Brett Eldredge,46,5,Gains In Performance
2014-08-23,46,Wanted Me Gone,Josh Thompson,45,15,Gains In Performance
2014-08-23,47,Dirt Road,Kip Moore,44,16,
2014-08-23,48,Trailer Hitch,Kristian Bush,48,7,Gains In Performance
2014-08-23,49,What We Ain't Got,Jake Owen,53,3,Gains In Performance
2014-08-23,50,Buzz Back Girl,Jerrod Niemann,49,4,Gains In Performance
2014-08-23,51,That's How We Do Summertime,Chasin' Crazy,47,13,
2014-08-23,52,I Can't Outrun You,Thompson Square,52,7,Gains In Performance
2014-08-23,53,Party Like You,The Cadillac Three,56,2,Gains In Performance
2014-08-23,54,Live A Little,Dean Alexander,54,3,Gains In Performance
2014-08-23,55,Love You Like That,Canaan Smith,55,3,Gains In Performance
2014-08-23,56,I Can't Wait (Be My Wife),Ben Rue,60,8,Gains In Performance
2014-08-23,57,We'll Come Back Around,Craig Morgan,57,4,Gains In Performance
2014-08-23,58,Get It On,Joey Hyde,RE,5,Gains In Performance
2014-08-23,59,Shut Me Up,Lindsay Ell,NEW,1,Highest ranking debut|Gains In Performance
2014-08-23,60,A Guy Walks Into A Bar,Tyler Farr,58,2,Gains In Performance
2014-08-30,1,Drunk On A Plane,Dierks Bentley,2,20,Gains In Performance
2014-08-30,2,River Bank,Brad Paisley,4,20,Gains In Performance
2014-08-30,3,Bartender,Lady Antebellum,3,14,Gains In Performance
2014-08-30,4,Meanwhile Back At Mama's,Tim McGraw Featuring Faith Hill,5,18,Gains In Performance
2014-08-30,5,I Don't Dance,Lee Brice,1,28,
2014-08-30,6,American Kids,Kenny Chesney,7,9,Gains In Performance
2014-08-30,7,"Where It's At (Yep, Yep)",Dustin Lynch,8,22,Gains In Performance
2014-08-30,8,Hope You Get Lonely Tonight,Cole Swindell,10,24,Gains In Performance
2014-08-30,9,Dirt,Florida Georgia Line,11,6,Gains In Performance
2014-08-30,10,Roller Coaster,Luke Bryan,12,9,Gains In Performance
2014-08-30,11,Small Town Throwdown,Brantley Gilbert Featuring Justin Moore & Thomas Rhett,14,14,Gains In Performance
2014-08-30,12,Ready Set Roll,Chase Rice,15,40,Gains In Performance
2014-08-30,13,Somethin' Bad,Miranda Lambert Duet With Carrie Underwood,17,13,Gains In Performance
2014-08-30,14,Burnin' It Down,Jason Aldean,18,4,Gains In Performance
2014-08-30,15,Later On,The Swon Brothers,16,26,Gains In Performance
2014-08-30,16,Dust,Eli Young Band,20,29,Gains In Performance
2014-08-30,17,All Alright,Zac Brown Band,19,17,Gains In Performance
2014-08-30,18,Leave The Night On,Sam Hunt,21,10,Gains In Performance
2014-08-30,19,Sunshine & Whiskey,Frankie Ballard,22,20,Gains In Performance
2014-08-30,20,Cold One,Eric Church,23,13,Gains In Performance
2014-08-30,21,Day Drinking,Little Big Town,24,11,Gains In Performance
2014-08-30,22,Look At You,Big & Rich,25,25,Gains In Performance
2014-08-30,23,Close Your Eyes,Parmalee,26,28,Gains In Performance
2014-08-30,24,Somewhere In My Car,Keith Urban,27,10,Gains In Performance
2014-08-30,25,Payback,Rascal Flatts,28,11,Gains In Performance
2014-08-30,26,Girl In A Country Song,Maddie & Tae,30,7,Gains In Performance
2014-08-30,27,Feelin' It,Scotty McCreery,29,19,Gains In Performance
2014-08-30,28,Kiss You Tonight,David Nail,31,23,Gains In Performance
2014-08-30,29,Take It On Back,Chase Bryant,43,5,Gains In Performance
2014-08-30,30,Tattoo,Hunter Hayes,37,12,Gains In Performance
2014-08-30,31,Rum,Brothers Osborne,33,21,Gains In Performance
2014-08-30,32,Show You Off,Dan + Shay,32,15,Gains In Performance
2014-08-30,33,God Made Girls,RaeLynn,34,7,Gains In Performance
2014-08-30,34,What I Can't Put Down,Jon Pardi,36,22,Gains In Performance
2014-08-30,35,Home Sweet Home,Justin Moore Featuring Vince Neil,35,7,
2014-08-30,36,Night That You'll Never Forget,Love And Theft,38,20,Gains In Performance
2014-08-30,37,Like A Cowboy,Randy Houser,39,13,Gains In Performance
2014-08-30,38,Love,Jana Kramer,41,11,Gains In Performance
2014-08-30,39,Keep It To Yourself,Kacey Musgraves,40,23,
2014-08-30,40,What We Ain't Got,Jake Owen,49,4,Gains In Performance
2014-08-30,41,Make Me Wanna,Thomas Rhett,44,3,Gains In Performance
2014-08-30,42,Tonight Tonight,John King,42,15,Gains In Performance
2014-08-30,43,Mean To Me,Brett Eldredge,45,6,Gains In Performance
2014-08-30,44,Wanted Me Gone,Josh Thompson,46,16,Gains In Performance
2014-08-30,45,Buzz Back Girl,Jerrod Niemann,50,5,Gains In Performance
2014-08-30,46,Trailer Hitch,Kristian Bush,48,8,Gains In Performance
2014-08-30,47,A Guy Walks Into A Bar,Tyler Farr,60,3,Gains In Performance
2014-08-30,48,Party Like You,The Cadillac Three,53,3,Gains In Performance
2014-08-30,49,Shut Me Up,Lindsay Ell,59,2,Gains In Performance
2014-08-30,50,Live A Little,Dean Alexander,54,4,Gains In Performance
2014-08-30,51,Love You Like That,Canaan Smith,55,4,Gains In Performance
2014-08-30,52,I Can't Outrun You,Thompson Square,52,8,
2014-08-30,53,Dirt Road,Kip Moore,47,17,
2014-08-30,54,We'll Come Back Around,Craig Morgan,57,5,Gains In Performance
2014-08-30,55,Homegrown Honey,Darius Rucker,NEW,1,Highest ranking debut|Gains In Performance
2014-08-30,56,Get It On,Joey Hyde,58,6,Gains In Performance
2014-08-30,57,This Nothin' Town,Jason Aldean,RE,17,Gains In Performance
2014-08-30,58,Lonely Eyes,Chris Young,NEW,1,Gains In Performance
2014-08-30,59,I Can't Wait (Be My Wife),Ben Rue,56,9,
2014-08-30,60,Lie A Little Better,Lucy Hale,NEW,1,Gains In Performance
2014-09-06,1,Drunk On A Plane,Dierks Bentley,1,21,Gains In Performance
2014-09-06,2,Meanwhile Back At Mama's,Tim McGraw Featuring Faith Hill,4,19,Gains In Performance
2014-09-06,3,Bartender,Lady Antebellum,3,15,Gains In Performance
2014-09-06,4,American Kids,Kenny Chesney,6,10,Gains In Performance
2014-09-06,5,"Where It's At (Yep, Yep)",Dustin Lynch,7,23,Gains In Performance
2014-09-06,6,Hope You Get Lonely Tonight,Cole Swindell,8,25,Gains In Performance
2014-09-06,7,River Bank,Brad Paisley,2,21,
2014-09-06,8,Roller Coaster,Luke Bryan,10,10,Gains In Performance
2014-09-06,9,Dirt,Florida Georgia Line,9,7,Gains In Performance
2014-09-06,10,I Don't Dance,Lee Brice,5,29,
2014-09-06,11,Burnin' It Down,Jason Aldean,14,5,Gains In Performance
2014-09-06,12,Ready Set Roll,Chase Rice,12,41,Gains In Performance
2014-09-06,13,Small Town Throwdown,Brantley Gilbert Featuring Justin Moore & Thomas Rhett,11,15,Gains In Performance
2014-09-06,14,Somethin' Bad,Miranda Lambert Duet With Carrie Underwood,13,14,Gains In Performance
2014-09-06,15,Later On,The Swon Brothers,15,27,Gains In Performance
2014-09-06,16,Dust,Eli Young Band,16,30,Gains In Performance
2014-09-06,17,Sunshine & Whiskey,Frankie Ballard,19,21,Gains In Performance
2014-09-06,18,Neon Light,Blake Shelton,NEW,1,Gains In Performance
2014-09-06,19,Leave The Night On,Sam Hunt,18,11,Gains In Performance
2014-09-06,20,All Alright,Zac Brown Band,17,18,Gains In Performance
2014-09-06,21,Day Drinking,Little Big Town,21,12,Gains In Performance
2014-09-06,22,Cold One,Eric Church,20,14,Gains In Performance
2014-09-06,23,Look At You,Big & Rich,22,26,Gains In Performance
2014-09-06,24,Somewhere In My Car,Keith Urban,24,11,Gains In Performance
2014-09-06,25,Close Your Eyes,Parmalee,23,29,Gains In Performance
2014-09-06,26,Girl In A Country Song,Maddie & Tae,26,8,Gains In Performance
2014-09-06,27,Payback,Rascal Flatts,25,12,Gains In Performance
2014-09-06,28,Feelin' It,Scotty McCreery,27,20,Gains In Performance
2014-09-06,29,Take It On Back,Chase Bryant,29,6,Gains In Performance
2014-09-06,30,Kiss You Tonight,David Nail,28,24,Gains In Performance
2014-09-06,31,Tattoo,Hunter Hayes,30,13,Gains In Performance
2014-09-06,32,Show You Off,Dan + Shay,32,16,Gains In Performance
2014-09-06,33,Rum,Brothers Osborne,31,22,Gains In Performance
2014-09-06,34,Home Sweet Home,Justin Moore Featuring Vince Neil,35,8,Gains In Performance
2014-09-06,35,Like A Cowboy,Randy Houser,37,14,Gains In Performance
2014-09-06,36,God Made Girls,RaeLynn,33,8,
2014-09-06,37,Love,Jana Kramer,38,12,Gains In Performance
2014-09-06,38,Night That You'll Never Forget,Love And Theft,36,21,
2014-09-06,39,Keep It To Yourself,Kacey Musgraves,39,24,Gains In Performance
2014-09-06,40,What We Ain't Got,Jake Owen,40,5,Gains In Performance
2014-09-06,41,Make Me Wanna,Thomas Rhett,41,4,Gains In Performance
2014-09-06,42,Mean To Me,Brett Eldredge,43,7,Gains In Performance
2014-09-06,43,Tonight Tonight,John King,42,16,Gains In Performance
2014-09-06,44,A Guy Walks Into A Bar,Tyler Farr,47,4,Gains In Performance
2014-09-06,45,Buzz Back Girl,Jerrod Niemann,45,6,Gains In Performance
2014-09-06,46,Wanted Me Gone,Josh Thompson,44,17,
2014-09-06,47,Trailer Hitch,Kristian Bush,46,9,Gains In Performance
2014-09-06,48,Lonely Eyes,Chris Young,58,2,Gains In Performance
2014-09-06,49,Party Like You,The Cadillac Three,48,4,Gains In Performance
2014-09-06,50,Love You Like That,Canaan Smith,51,5,Gains In Performance
2014-09-06,51,Homegrown Honey,Darius Rucker,55,2,Gains In Performance
2014-09-06,52,Headlights,Montgomery Gentry,NEW,1,Gains In Performance
2014-09-06,53,Shut Me Up,Lindsay Ell,49,3,
2014-09-06,54,Live A Little,Dean Alexander,50,5,
2014-09-06,55,I Can't Outrun You,Thompson Square,52,9,
2014-09-06,56,We'll Come Back Around,Craig Morgan,54,6,Gains In Performance
2014-09-06,57,Get It On,Joey Hyde,56,7,
2014-09-06,58,Shake It Off,Taylor Swift,NEW,1,Gains In Performance
2014-09-06,59,Lie A Little Better,Lucy Hale,60,2,Gains In Performance
2014-09-06,60,I Can't Wait (Be My Wife),Ben Rue,59,10,
2014-09-13,1,Bartender,Lady Antebellum,3,16,Gains In Performance
2014-09-13,2,American Kids,Kenny Chesney,4,11,Gains In Performance
2014-09-13,3,"Where It's At (Yep, Yep)",Dustin Lynch,5,24,Gains In Performance
2014-09-13,4,Hope You Get Lonely Tonight,Cole Swindell,6,26,Gains In Performance
2014-09-13,5,Roller Coaster,Luke Bryan,8,11,Greatest gainer this week|Gains In Performance
2014-09-13,6,Meanwhile Back At Mama's,Tim McGraw Featuring Faith Hill,2,20,
2014-09-13,7,Dirt,Florida Georgia Line,9,8,Gains In Performance
2014-09-13,8,Drunk On A Plane,Dierks Bentley,1,22,
2014-09-13,9,Burnin' It Down,Jason Aldean,11,6,Gains In Performance
2014-09-13,10,Somethin' Bad,Miranda Lambert Duet With Carrie Underwood,14,15,Gains In Performance
2014-09-13,11,Ready Set Roll,Chase Rice,12,42,Gains In Performance
2014-09-13,12,Small Town Throwdown,Brantley Gilbert Featuring Justin Moore & Thomas Rhett,13,16,Gains In Performance
2014-09-13,13,Later On,The Swon Brothers,15,28,Gains In Performance
2014-09-13,14,Leave The Night On,Sam Hunt,19,12,Gains In Performance
2014-09-13,15,Sunshine & Whiskey,Frankie Ballard,17,22,Gains In Performance
2014-09-13,16,Dust,Eli Young Band,16,31,Gains In Performance
2014-09-13,17,Day Drinking,Little Big Town,21,13,Gains In Performance
2014-09-13,18,Neon Light,Blake Shelton,18,2,Gains In Performance
2014-09-13,19,All Alright,Zac Brown Band,20,19,Gains In Performance
2014-09-13,20,Somewhere In My Car,Keith Urban,24,12,Gains In Performance
2014-09-13,21,Cold One,Eric Church,22,15,Gains In Performance
2014-09-13,22,Look At You,Big & Rich,23,27,Gains In Performance
2014-09-13,23,Girl In A Country Song,Maddie & Tae,26,9,Gains In Performance
2014-09-13,24,Close Your Eyes,Parmalee,25,30,Gains In Performance
2014-09-13,25,Payback,Rascal Flatts,27,13,Gains In Performance
2014-09-13,26,Feelin' It,Scotty McCreery,28,21,Gains In Performance
2014-09-13,27,Take It On Back,Chase Bryant,29,7,Gains In Performance
2014-09-13,28,Kiss You Tonight,David Nail,30,25,Gains In Performance
2014-09-13,29,Show You Off,Dan + Shay,32,17,Gains In Performance
2014-09-13,30,Tattoo,Hunter Hayes,31,14,Gains In Performance
2014-09-13,31,Rum,Brothers Osborne,33,23,Gains In Performance
2014-09-13,32,Home Sweet Home,Justin Moore Featuring Vince Neil,34,9,
2014-09-13,33,Like A Cowboy,Randy Houser,35,15,Gains In Performance
2014-09-13,34,Night That You'll Never Forget,Love And Theft,38,22,Gains In Performance
2014-09-13,35,What We Ain't Got,Jake Owen,40,6,Gains In Performance
2014-09-13,36,God Made Girls,RaeLynn,36,9,
2014-09-13,37,Mean To Me,Brett Eldredge,42,8,Gains In Performance
2014-09-13,38,Love,Jana Kramer,37,13,
2014-09-13,39,Make Me Wanna,Thomas Rhett,41,5,Gains In Performance
2014-09-13,40,Tonight Tonight,John King,43,17,Gains In Performance
2014-09-13,41,Lonely Eyes,Chris Young,48,3,Gains In Performance
2014-09-13,42,Homegrown Honey,Darius Rucker,51,3,Gains In Performance
2014-09-13,43,A Guy Walks Into A Bar,Tyler Farr,44,5,Gains In Performance
2014-09-13,44,Buzz Back Girl,Jerrod Niemann,45,7,Gains In Performance
2014-09-13,45,Wanted Me Gone,Josh Thompson,46,18,Gains In Performance
2014-09-13,46,Trailer Hitch,Kristian Bush,47,10,Gains In Performance
2014-09-13,47,Party Like You,The Cadillac Three,49,5,Gains In Performance
2014-09-13,48,Drinking Class,Lee Brice,NEW,1,Highest ranking debut|Gains In Performance
2014-09-13,49,Headlights,Montgomery Gentry,52,2,Gains In Performance
2014-09-13,50,Live A Little,Dean Alexander,54,6,Gains In Performance
2014-09-13,51,Love You Like That,Canaan Smith,50,6,Gains In Performance
2014-09-13,52,Perfect Storm,Brad Paisley,NEW,1,Gains In Performance
2014-09-13,53,Hard To Be Cool,Joe Nichols,NEW,1,Gains In Performance
2014-09-13,54,Lie A Little Better,Lucy Hale,59,3,Gains In Performance
2014-09-13,55,Shut Me Up,Lindsay Ell,53,4,
2014-09-13,56,Get It On,Joey Hyde,57,8,
2014-09-13,57,I Can't Wait (Be My Wife),Ben Rue,60,11,Gains In Performance
2014-09-13,58,We'll Come Back Around,Craig Morgan,56,7,
2014-09-13,59,Don't,Ed Sheeran,NEW,1,Gains In Performance
2014-09-13,60,Wasn't Gonna Drink Tonight,American Young,NEW,1,Gains In Performance
2014-09-20,1,American Kids,Kenny Chesney,2,12,Gains In Performance
2014-09-20,2,Bartender,Lady Antebellum,1,17,
2014-09-20,3,"Where It's At (Yep, Yep)",Dustin Lynch,3,25,Gains In Performance
2014-09-20,4,Roller Coaster,Luke Bryan,5,12,Gains In Performance
2014-09-20,5,Hope You Get Lonely Tonight,Cole Swindell,4,27,Gains In Performance
2014-09-20,6,Dirt,Florida Georgia Line,7,9,Gains In Performance
2014-09-20,7,Meanwhile Back At Mama's,Tim McGraw Featuring Faith Hill,6,21,
2014-09-20,8,Drunk On A Plane,Dierks Bentley,8,23,
2014-09-20,9,Burnin' It Down,Jason Aldean,9,7,Gains In Performance
2014-09-20,10,Ready Set Roll,Chase Rice,11,43,Gains In Performance
2014-09-20,11,Somethin' Bad,Miranda Lambert Duet With Carrie Underwood,10,16,Gains In Performance
2014-09-20,12,Small Town Throwdown,Brantley Gilbert Featuring Justin Moore & Thomas Rhett,12,17,Gains In Performance
2014-09-20,13,Leave The Night On,Sam Hunt,14,13,Gains In Performance
2014-09-20,14,Neon Light,Blake Shelton,18,3,Gains In Performance
2014-09-20,15,Sunshine & Whiskey,Frankie Ballard,15,23,Gains In Performance
2014-09-20,16,Dust,Eli Young Band,16,32,Gains In Performance
2014-09-20,17,Later On,The Swon Brothers,13,29,Gains In Performance
2014-09-20,18,Day Drinking,Little Big Town,17,14,Gains In Performance
2014-09-20,19,People Loving People,Garth Brooks,NEW,1,Highest ranking debut|Gains In Performance
2014-09-20,20,Somewhere In My Car,Keith Urban,20,13,Gains In Performance
2014-09-20,21,Cold One,Eric Church,21,16,Gains In Performance
2014-09-20,22,All Alright,Zac Brown Band,19,20,
2014-09-20,23,Look At You,Big & Rich,22,28,Gains In Performance
2014-09-20,24,Girl In A Country Song,Maddie & Tae,23,10,Gains In Performance
2014-09-20,25,Close Your Eyes,Parmalee,24,31,Gains In Performance
2014-09-20,26,Feelin' It,Scotty McCreery,26,22,Gains In Performance
2014-09-20,27,Payback,Rascal Flatts,25,14,Gains In Performance
2014-09-20,28,Take It On Back,Chase Bryant,27,8,Gains In Performance
2014-09-20,29,Kiss You Tonight,David Nail,28,26,Gains In Performance
2014-09-20,30,Show You Off,Dan + Shay,29,18,Gains In Performance
2014-09-20,31,Tattoo,Hunter Hayes,30,15,Gains In Performance
2014-09-20,32,Rum,Brothers Osborne,31,24,Gains In Performance
2014-09-20,33,Home Sweet Home,Justin Moore Featuring Vince Neil,32,10,Gains In Performance
2014-09-20,34,Like A Cowboy,Randy Houser,33,16,Gains In Performance
2014-09-20,35,Mean To Me,Brett Eldredge,37,9,Gains In Performance
2014-09-20,36,What We Ain't Got,Jake Owen,35,7,Gains In Performance
2014-09-20,37,Night That You'll Never Forget,Love And Theft,34,23,Gains In Performance
2014-09-20,38,God Made Girls,RaeLynn,36,10,Gains In Performance
2014-09-20,39,Homegrown Honey,Darius Rucker,42,4,Gains In Performance
2014-09-20,40,Make Me Wanna,Thomas Rhett,39,6,Gains In Performance
2014-09-20,41,Lonely Eyes,Chris Young,41,4,Gains In Performance
2014-09-20,42,Love,Jana Kramer,38,14,Gains In Performance
2014-09-20,43,Perfect Storm,Brad Paisley,52,2,Gains In Performance
2014-09-20,44,Tonight Tonight,John King,40,18,Gains In Performance
2014-09-20,45,A Guy Walks Into A Bar,Tyler Farr,43,6,Gains In Performance
2014-09-20,46,Buzz Back Girl,Jerrod Niemann,44,8,Gains In Performance
2014-09-20,47,Drinking Class,Lee Brice,48,2,Gains In Performance
2014-09-20,48,Trailer Hitch,Kristian Bush,46,11,Gains In Performance
2014-09-20,49,Wanted Me Gone,Josh Thompson,45,19,Gains In Performance
2014-09-20,50,Hard To Be Cool,Joe Nichols,53,2,Gains In Performance
2014-09-20,51,Shotgun Rider,Tim McGraw,NEW,1,Gains In Performance
2014-09-20,52,Party Like You,The Cadillac Three,47,6,Gains In Performance
2014-09-20,53,Love You Like That,Canaan Smith,51,7,Gains In Performance
2014-09-20,54,Headlights,Montgomery Gentry,49,3,Gains In Performance
2014-09-20,55,Live A Little,Dean Alexander,50,7,Gains In Performance
2014-09-20,56,Lie A Little Better,Lucy Hale,54,4,Gains In Performance
2014-09-20,57,Shut Me Up,Lindsay Ell,55,5,Gains In Performance
2014-09-20,58,I Can't Wait (Be My Wife),Ben Rue,57,12,Gains In Performance
2014-09-20,59,We'll Come Back Around,Craig Morgan,58,8,Gains In Performance
2014-09-20,60,Wasn't Gonna Drink Tonight,American Young,60,2,Gains In Performance
2014-09-27,1,"Where It's At (Yep, Yep)",Dustin Lynch,3,26,Gains In Performance
2014-09-27,2,American Kids,Kenny Chesney,1,13,Gains In Performance
2014-09-27,3,Roller Coaster,Luke Bryan,4,13,Gains In Performance
2014-09-27,4,Hope You Get Lonely Tonight,Cole Swindell,5,28,Gains In Performance
2014-09-27,5,Dirt,Florida Georgia Line,6,10,Gains In Performance
2014-09-27,6,Bartender,Lady Antebellum,2,18,
2014-09-27,7,Burnin' It Down,Jason Aldean,9,8,Greatest gainer this week|Gains In Performance
2014-09-27,8,Ready Set Roll,Chase Rice,10,44,Gains In Performance
2014-09-27,9,Somethin' Bad,Miranda Lambert Duet With Carrie Underwood,11,17,Gains In Performance
2014-09-27,10,Small Town Throwdown,Brantley Gilbert Featuring Justin Moore & Thomas Rhett,12,18,Gains In Performance
2014-09-27,11,Leave The Night On,Sam Hunt,13,14,Gains In Performance
2014-09-27,12,Sunshine & Whiskey,Frankie Ballard,15,24,Gains In Performance
2014-09-27,13,Neon Light,Blake Shelton,14,4,Gains In Performance
2014-09-27,14,Day Drinking,Little Big Town,18,15,Gains In Performance
2014-09-27,15,Dust,Eli Young Band,16,33,Gains In Performance
2014-09-27,16,Later On,The Swon Brothers,17,30,Gains In Performance
2014-09-27,17,Somewhere In My Car,Keith Urban,20,14,Gains In Performance
2014-09-27,18,Look At You,Big & Rich,23,29,Gains In Performance
2014-09-27,19,Girl In A Country Song,Maddie & Tae,24,11,Gains In Performance
2014-09-27,20,Cold One,Eric Church,21,17,
2014-09-27,21,Close Your Eyes,Parmalee,25,32,Gains In Performance
2014-09-27,22,Feelin' It,Scotty McCreery,26,23,Gains In Performance
2014-09-27,23,People Loving People,Garth Brooks,19,2,
2014-09-27,24,Payback,Rascal Flatts,27,15,Gains In Performance
2014-09-27,25,Take It On Back,Chase Bryant,28,9,Gains In Performance
2014-09-27,26,Kiss You Tonight,David Nail,29,27,Gains In Performance
2014-09-27,27,Tattoo,Hunter Hayes,31,16,Gains In Performance
2014-09-27,28,Show You Off,Dan + Shay,30,19,Gains In Performance
2014-09-27,29,Rum,Brothers Osborne,32,25,Gains In Performance
2014-09-27,30,Home Sweet Home,Justin Moore Featuring Vince Neil,33,11,
2014-09-27,31,Perfect Storm,Brad Paisley,43,3,Gains In Performance
2014-09-27,32,Like A Cowboy,Randy Houser,34,17,Gains In Performance
2014-09-27,33,Homegrown Honey,Darius Rucker,39,5,Gains In Performance
2014-09-27,34,Mean To Me,Brett Eldredge,35,10,Gains In Performance
2014-09-27,35,What We Ain't Got,Jake Owen,36,8,Gains In Performance
2014-09-27,36,God Made Girls,RaeLynn,38,11,Gains In Performance
2014-09-27,37,Night That You'll Never Forget,Love And Theft,37,24,Gains In Performance
2014-09-27,38,Lonely Eyes,Chris Young,41,5,Gains In Performance
2014-09-27,39,Make Me Wanna,Thomas Rhett,40,7,Gains In Performance
2014-09-27,40,Love,Jana Kramer,42,15,Gains In Performance
2014-09-27,41,Shotgun Rider,Tim McGraw,51,2,Gains In Performance
2014-09-27,42,Drinking Class,Lee Brice,47,3,Gains In Performance
2014-09-27,43,Tonight Tonight,John King,44,19,Gains In Performance
2014-09-27,44,A Guy Walks Into A Bar,Tyler Farr,45,7,Gains In Performance
2014-09-27,45,Trailer Hitch,Kristian Bush,48,12,Gains In Performance
2014-09-27,46,Buzz Back Girl,Jerrod Niemann,46,9,
2014-09-27,47,Wanted Me Gone,Josh Thompson,49,20,
2014-09-27,48,Party Like You,The Cadillac Three,52,7,Gains In Performance
2014-09-27,49,Hard To Be Cool,Joe Nichols,50,3,Gains In Performance
2014-09-27,50,Love You Like That,Canaan Smith,53,8,Gains In Performance
2014-09-27,51,Live A Little,Dean Alexander,55,8,Gains In Performance
2014-09-27,52,Headlights,Montgomery Gentry,54,4,Gains In Performance
2014-09-27,53,Baby Be My Love Song,Easton Corbin,NEW,1,Highest ranking debut|Gains In Performance
2014-09-27,54,Shut Me Up,Lindsay Ell,57,6,Gains In Performance
2014-09-27,55,Lie A Little Better,Lucy Hale,56,5,Gains In Performance
2014-09-27,56,I Can't Wait (Be My Wife),Ben Rue,58,13,Gains In Performance
2014-09-27,57,We'll Come Back Around,Craig Morgan,59,9,Gains In Performance
2014-09-27,58,Wasn't Gonna Drink Tonight,American Young,60,3,
2014-09-27,59,You Are What You Love,Kelleigh Bannen,NEW,1,Gains In Performance
2014-09-27,60,Lay Low,Josh Turner,NEW,1,Gains In Performance
2014-10-04,1,"Where It's At (Yep, Yep)",Dustin Lynch,1,27,Gains In Performance
2014-10-04,2,Hope You Get Lonely Tonight,Cole Swindell,4,29,Gains In Performance
2014-10-04,3,Roller Coaster,Luke Bryan,3,14,Gains In Performance
2014-10-04,4,Dirt,Florida Georgia Line,5,11,Gains In Performance
2014-10-04,5,American Kids,Kenny Chesney,2,14,
2014-10-04,6,Burnin' It Down,Jason Aldean,7,9,Greatest gainer this week|Gains In Performance
2014-10-04,7,Ready Set Roll,Chase Rice,8,45,Gains In Performance
2014-10-04,8,Bartender,Lady Antebellum,6,19,
2014-10-04,9,Small Town Throwdown,Brantley Gilbert Featuring Justin Moore & Thomas Rhett,10,19,Gains In Performance
2014-10-04,10,Leave The Night On,Sam Hunt,11,15,Gains In Performance
2014-10-04,11,Somethin' Bad,Miranda Lambert Duet With Carrie Underwood,9,18,Gains In Performance
2014-10-04,12,Neon Light,Blake Shelton,13,5,Gains In Performance
2014-10-04,13,Sunshine & Whiskey,Frankie Ballard,12,25,Gains In Performance
2014-10-04,14,Day Drinking,Little Big Town,14,16,Gains In Performance
2014-10-04,15,Later On,The Swon Brothers,16,31,Gains In Performance
2014-10-04,16,Somewhere In My Car,Keith Urban,17,15,Gains In Performance
2014-10-04,17,Girl In A Country Song,Maddie & Tae,19,12,Gains In Performance
2014-10-04,18,Look At You,Big & Rich,18,30,Gains In Performance
2014-10-04,19,Close Your Eyes,Parmalee,21,33,Gains In Performance
2014-10-04,20,Feelin' It,Scotty McCreery,22,24,Gains In Performance
2014-10-04,21,People Loving People,Garth Brooks,23,3,Gains In Performance
2014-10-04,22,Payback,Rascal Flatts,24,16,Gains In Performance
2014-10-04,23,Take It On Back,Chase Bryant,25,10,Gains In Performance
2014-10-04,24,Perfect Storm,Brad Paisley,31,4,Gains In Performance
2014-10-04,25,Kiss You Tonight,David Nail,26,28,Gains In Performance
2014-10-04,26,Tattoo,Hunter Hayes,27,17,Gains In Performance
2014-10-04,27,Homegrown Honey,Darius Rucker,33,6,Gains In Performance
2014-10-04,28,Show You Off,Dan + Shay,28,20,
2014-10-04,29,Rum,Brothers Osborne,29,26,Gains In Performance
2014-10-04,30,Cold One,Eric Church,20,18,
2014-10-04,31,Shotgun Rider,Tim McGraw,41,3,Gains In Performance
2014-10-04,32,Like A Cowboy,Randy Houser,32,18,Gains In Performance
2014-10-04,33,Home Sweet Home,Justin Moore Featuring Vince Neil,30,12,
2014-10-04,34,Mean To Me,Brett Eldredge,34,11,Gains In Performance
2014-10-04,35,Make Me Wanna,Thomas Rhett,39,8,Gains In Performance
2014-10-04,36,Drinking Class,Lee Brice,42,4,Gains In Performance
2014-10-04,37,What We Ain't Got,Jake Owen,35,9,Gains In Performance
2014-10-04,38,God Made Girls,RaeLynn,36,12,Gains In Performance
2014-10-04,39,Lonely Eyes,Chris Young,38,6,Gains In Performance
2014-10-04,40,Love,Jana Kramer,40,16,Gains In Performance
2014-10-04,41,Tonight Tonight,John King,43,20,Gains In Performance
2014-10-04,42,A Guy Walks Into A Bar,Tyler Farr,44,8,Gains In Performance
2014-10-04,43,Trailer Hitch,Kristian Bush,45,13,Gains In Performance
2014-10-04,44,Buzz Back Girl,Jerrod Niemann,46,10,Gains In Performance
2014-10-04,45,Talladega,Eric Church,NEW,1,Highest ranking debut|Gains In Performance
2014-10-04,46,Hard To Be Cool,Joe Nichols,49,4,Gains In Performance
2014-10-04,47,Party Like You,The Cadillac Three,48,8,Gains In Performance
2014-10-04,48,Love You Like That,Canaan Smith,50,9,Gains In Performance
2014-10-04,49,Baby Be My Love Song,Easton Corbin,53,2,Gains In Performance
2014-10-04,50,Headlights,Montgomery Gentry,52,5,Gains In Performance
2014-10-04,51,Live A Little,Dean Alexander,51,9,Gains In Performance
2014-10-04,52,Shut Me Up,Lindsay Ell,54,7,Gains In Performance
2014-10-04,53,Lay Low,Josh Turner,60,2,Gains In Performance
2014-10-04,54,Lie A Little Better,Lucy Hale,55,6,Gains In Performance
2014-10-04,55,Sweet Little Somethin',Jason Aldean,NEW,1,Gains In Performance
2014-10-04,56,We'll Come Back Around,Craig Morgan,57,10,Gains In Performance
2014-10-04,57,She Does,Jackie Lee,NEW,1,Gains In Performance
2014-10-04,58,I Can't Wait (Be My Wife),Ben Rue,56,14,
2014-10-04,59,PrizeFighter,Trisha Yearwood Featuring Kelly Clarkson,NEW,1,Gains In Performance
2014-10-04,60,Keep On Truckin',Tim McGraw,NEW,1,Gains In Performance
2014-10-11,1,Hope You Get Lonely Tonight,Cole Swindell,2,30,Gains In Performance
2014-10-11,2,Roller Coaster,Luke Bryan,3,15,Gains In Performance
2014-10-11,3,Dirt,Florida Georgia Line,4,12,Gains In Performance
2014-10-11,4,Burnin' It Down,Jason Aldean,6,10,Gains In Performance
2014-10-11,5,"Where It's At (Yep, Yep)",Dustin Lynch,1,28,
2014-10-11,6,American Kids,Kenny Chesney,5,15,
2014-10-11,7,Ready Set Roll,Chase Rice,7,46,Gains In Performance
2014-10-11,8,Neon Light,Blake Shelton,12,6,Gains In Performance
2014-10-11,9,Leave The Night On,Sam Hunt,10,16,Gains In Performance
2014-10-11,10,Somethin' Bad,Miranda Lambert Duet With Carrie Underwood,11,19,Gains In Performance
2014-10-11,11,Small Town Throwdown,Brantley Gilbert Featuring Justin Moore & Thomas Rhett,9,20,Gains In Performance
2014-10-11,12,Sunshine & Whiskey,Frankie Ballard,13,26,Gains In Performance
2014-10-11,13,Day Drinking,Little Big Town,14,17,Gains In Performance
2014-10-11,14,Somewhere In My Car,Keith Urban,16,16,Gains In Performance
2014-10-11,15,Later On,The Swon Brothers,15,32,Gains In Performance
2014-10-11,16,Girl In A Country Song,Maddie & Tae,17,13,Gains In Performance
2014-10-11,17,Look At You,Big & Rich,18,31,Gains In Performance
2014-10-11,18,Close Your Eyes,Parmalee,19,34,Gains In Performance
2014-10-11,19,Feelin' It,Scotty McCreery,20,25,Gains In Performance
2014-10-11,20,Perfect Storm,Brad Paisley,24,5,Gains In Performance
2014-10-11,21,People Loving People,Garth Brooks,21,4,Gains In Performance
2014-10-11,22,Take It On Back,Chase Bryant,23,11,Gains In Performance
2014-10-11,23,Payback,Rascal Flatts,22,17,Gains In Performance
2014-10-11,24,Shotgun Rider,Tim McGraw,31,4,Greatest gainer this week|Gains In Performance
2014-10-11,25,Kiss You Tonight,David Nail,25,29,Gains In Performance
2014-10-11,26,Tattoo,Hunter Hayes,26,18,Gains In Performance
2014-10-11,27,Homegrown Honey,Darius Rucker,27,7,Gains In Performance
2014-10-11,28,Rum,Brothers Osborne,29,27,Gains In Performance
2014-10-11,29,Show You Off,Dan + Shay,28,21,Gains In Performance
2014-10-11,30,Mean To Me,Brett Eldredge,34,12,Gains In Performance
2014-10-11,31,Drinking Class,Lee Brice,36,5,Gains In Performance
2014-10-11,32,Make Me Wanna,Thomas Rhett,35,9,Gains In Performance
2014-10-11,33,Like A Cowboy,Randy Houser,32,19,Gains In Performance
2014-10-11,34,What We Ain't Got,Jake Owen,37,10,Gains In Performance
2014-10-11,35,Home Sweet Home,Justin Moore Featuring Vince Neil,33,13,
2014-10-11,36,God Made Girls,RaeLynn,38,13,Gains In Performance
2014-10-11,37,Talladega,Eric Church,45,2,Gains In Performance
2014-10-11,38,Lonely Eyes,Chris Young,39,7,Gains In Performance
2014-10-11,39,Love,Jana Kramer,40,17,
2014-10-11,40,Til It's Gone,Kenny Chesney,NEW,1,Highest ranking debut|Gains In Performance
2014-10-11,41,Tonight Tonight,John King,41,21,Gains In Performance
2014-10-11,42,Trailer Hitch,Kristian Bush,43,14,Gains In Performance
2014-10-11,43,A Guy Walks Into A Bar,Tyler Farr,42,9,
2014-10-11,44,Buzz Back Girl,Jerrod Niemann,44,11,Gains In Performance
2014-10-11,45,Hard To Be Cool,Joe Nichols,46,5,Gains In Performance
2014-10-11,46,Baby Be My Love Song,Easton Corbin,49,3,Gains In Performance
2014-10-11,47,Party Like You,The Cadillac Three,47,9,
2014-10-11,48,Love You Like That,Canaan Smith,48,10,Gains In Performance
2014-10-11,49,Headlights,Montgomery Gentry,50,6,Gains In Performance
2014-10-11,50,Live A Little,Dean Alexander,51,10,Gains In Performance
2014-10-11,51,Lay Low,Josh Turner,53,3,Gains In Performance
2014-10-11,52,Shut Me Up,Lindsay Ell,52,8,Gains In Performance
2014-10-11,53,PrizeFighter,Trisha Yearwood Featuring Kelly Clarkson,59,2,Gains In Performance
2014-10-11,54,Sweet Little Somethin',Jason Aldean,55,2,Gains In Performance
2014-10-11,55,Lie A Little Better,Lucy Hale,54,7,Gains In Performance
2014-10-11,56,She Does,Jackie Lee,57,2,Gains In Performance
2014-10-11,57,We'll Come Back Around,Craig Morgan,56,11,
2014-10-11,58,When I've Been Drinkin',Jon Pardi,NEW,1,Gains In Performance
2014-10-11,59,You Are What You Love,Kelleigh Bannen,RE,2,Gains In Performance
2014-10-11,60,Broken Windshield View,Chris Lane,NEW,1,Gains In Performance
2014-10-18,1,Roller Coaster,Luke Bryan,2,16,Gains In Performance
2014-10-18,2,Dirt,Florida Georgia Line,3,13,Gains In Performance
2014-10-18,3,Burnin' It Down,Jason Aldean,4,11,Gains In Performance
2014-10-18,4,Hope You Get Lonely Tonight,Cole Swindell,1,31,
2014-10-18,5,Ready Set Roll,Chase Rice,7,47,Gains In Performance
2014-10-18,6,Leave The Night On,Sam Hunt,9,17,Gains In Performance
2014-10-18,7,Neon Light,Blake Shelton,8,7,Gains In Performance
2014-10-18,8,Somethin' Bad,Miranda Lambert Duet With Carrie Underwood,10,20,Gains In Performance
2014-10-18,9,Small Town Throwdown,Brantley Gilbert Featuring Justin Moore & Thomas Rhett,11,21,Gains In Performance
2014-10-18,10,Day Drinking,Little Big Town,13,18,Gains In Performance
2014-10-18,11,Sunshine & Whiskey,Frankie Ballard,12,27,Gains In Performance
2014-10-18,12,Somewhere In My Car,Keith Urban,14,17,Gains In Performance
2014-10-18,13,Girl In A Country Song,Maddie & Tae,16,14,Gains In Performance
2014-10-18,14,Later On,The Swon Brothers,15,33,Gains In Performance
2014-10-18,15,Look At You,Big & Rich,17,32,Gains In Performance
2014-10-18,16,Close Your Eyes,Parmalee,18,35,Gains In Performance
2014-10-18,17,Something In The Water,Carrie Underwood,NEW,1,Highest ranking debut|Gains In Performance
2014-10-18,18,Feelin' It,Scotty McCreery,19,26,Gains In Performance
2014-10-18,19,Shotgun Rider,Tim McGraw,24,5,Gains In Performance
2014-10-18,20,Perfect Storm,Brad Paisley,20,6,Gains In Performance
2014-10-18,21,People Loving People,Garth Brooks,21,5,Gains In Performance
2014-10-18,22,Take It On Back,Chase Bryant,22,12,Gains In Performance
2014-10-18,23,Payback,Rascal Flatts,23,18,Gains In Performance
2014-10-18,24,Kiss You Tonight,David Nail,25,30,Gains In Performance
2014-10-18,25,Homegrown Honey,Darius Rucker,27,8,Gains In Performance
2014-10-18,26,Tattoo,Hunter Hayes,26,19,Gains In Performance
2014-10-18,27,Rum,Brothers Osborne,28,28,Gains In Performance
2014-10-18,28,Mean To Me,Brett Eldredge,30,13,Gains In Performance
2014-10-18,29,Show You Off,Dan + Shay,29,22,Gains In Performance
2014-10-18,30,Talladega,Eric Church,37,3,Gains In Performance
2014-10-18,31,Drinking Class,Lee Brice,31,6,Gains In Performance
2014-10-18,32,Like A Cowboy,Randy Houser,33,20,Gains In Performance
2014-10-18,33,Make Me Wanna,Thomas Rhett,32,10,Gains In Performance
2014-10-18,34,Til It's Gone,Kenny Chesney,40,2,Gains In Performance
2014-10-18,35,God Made Girls,RaeLynn,36,14,Gains In Performance
2014-10-18,36,What We Ain't Got,Jake Owen,34,11,Gains In Performance
2014-10-18,37,Lonely Eyes,Chris Young,38,8,Gains In Performance
2014-10-18,38,Home Sweet Home,Justin Moore Featuring Vince Neil,35,14,Gains In Performance
2014-10-18,39,Love,Jana Kramer,39,18,Gains In Performance
2014-10-18,40,Trailer Hitch,Kristian Bush,42,15,Gains In Performance
2014-10-18,41,Tonight Tonight,John King,41,22,Gains In Performance
2014-10-18,42,A Guy Walks Into A Bar,Tyler Farr,43,10,Gains In Performance
2014-10-18,43,Hard To Be Cool,Joe Nichols,45,6,Gains In Performance
2014-10-18,44,Buzz Back Girl,Jerrod Niemann,44,12,Gains In Performance
2014-10-18,45,PrizeFighter,Trisha Yearwood Featuring Kelly Clarkson,53,3,Gains In Performance
2014-10-18,46,Party Like You,The Cadillac Three,47,10,Gains In Performance
2014-10-18,47,Baby Be My Love Song,Easton Corbin,46,4,Gains In Performance
2014-10-18,48,Love You Like That,Canaan Smith,48,11,Gains In Performance
2014-10-18,49,Headlights,Montgomery Gentry,49,7,Gains In Performance
2014-10-18,50,Lay Low,Josh Turner,51,4,
2014-10-18,51,Live A Little,Dean Alexander,50,11,
2014-10-18,52,Shut Me Up,Lindsay Ell,52,9,
2014-10-18,53,Sweet Little Somethin',Jason Aldean,54,3,Gains In Performance
2014-10-18,54,Gentle On My Mind,The Band Perry,NEW,1,Gains In Performance
2014-10-18,55,Lie A Little Better,Lucy Hale,55,8,Gains In Performance
2014-10-18,56,When I've Been Drinkin',Jon Pardi,58,2,Gains In Performance
2014-10-18,57,She Does,Jackie Lee,56,3,Gains In Performance
2014-10-18,58,Kinda Dig The Feeling,The Railers,NEW,1,Gains In Performance
2014-10-18,59,Say You Do,Dierks Bentley,NEW,1,Gains In Performance
2014-10-18,60,Love Me Like You Mean It,Kelsea Ballerini,NEW,1,Gains In Performance
2014-10-25,1,Dirt,Florida Georgia Line,2,14,Gains In Performance
2014-10-25,2,Burnin' It Down,Jason Aldean,3,12,Gains In Performance
2014-10-25,3,Roller Coaster,Luke Bryan,1,17,
2014-10-25,4,Leave The Night On,Sam Hunt,6,18,Gains In Performance
2014-10-25,5,Neon Light,Blake Shelton,7,8,Greatest gainer this week|Gains In Performance
2014-10-25,6,Ready Set Roll,Chase Rice,5,48,Gains In Performance
2014-10-25,7,Somethin' Bad,Miranda Lambert Duet With Carrie Underwood,8,21,Gains In Performance
2014-10-25,8,Small Town Throwdown,Brantley Gilbert Featuring Justin Moore & Thomas Rhett,9,22,Gains In Performance
2014-10-25,9,Day Drinking,Little Big Town,10,19,Gains In Performance
2014-10-25,10,Sunshine & Whiskey,Frankie Ballard,11,28,Gains In Performance
2014-10-25,11,Somewhere In My Car,Keith Urban,12,18,Gains In Performance
2014-10-25,12,Girl In A Country Song,Maddie & Tae,13,15,Gains In Performance
2014-10-25,13,Look At You,Big & Rich,15,33,Gains In Performance
2014-10-25,14,Close Your Eyes,Parmalee,16,36,Gains In Performance
2014-10-25,15,Feelin' It,Scotty McCreery,18,27,Gains In Performance
2014-10-25,16,Shotgun Rider,Tim McGraw,19,6,Gains In Performance
2014-10-25,17,Perfect Storm,Brad Paisley,20,7,Gains In Performance
2014-10-25,18,Something In The Water,Carrie Underwood,17,2,
2014-10-25,19,Take It On Back,Chase Bryant,22,13,Gains In Performance
2014-10-25,20,People Loving People,Garth Brooks,21,6,
2014-10-25,21,Payback,Rascal Flatts,23,19,Gains In Performance
2014-10-25,22,Kiss You Tonight,David Nail,24,31,Gains In Performance
2014-10-25,23,Homegrown Honey,Darius Rucker,25,9,Gains In Performance
2014-10-25,24,Tattoo,Hunter Hayes,26,20,Gains In Performance
2014-10-25,25,Til It's Gone,Kenny Chesney,34,3,Gains In Performance
2014-10-25,26,Show You Off,Dan + Shay,29,23,Gains In Performance
2014-10-25,27,Talladega,Eric Church,30,4,Gains In Performance
2014-10-25,28,Mean To Me,Brett Eldredge,28,14,Gains In Performance
2014-10-25,29,Like A Cowboy,Randy Houser,32,21,Gains In Performance
2014-10-25,30,Rum,Brothers Osborne,27,29,
2014-10-25,31,Drinking Class,Lee Brice,31,7,Gains In Performance
2014-10-25,32,Make Me Wanna,Thomas Rhett,33,11,Gains In Performance
2014-10-25,33,God Made Girls,RaeLynn,35,15,Gains In Performance
2014-10-25,34,What We Ain't Got,Jake Owen,36,12,Gains In Performance
2014-10-25,35,Lonely Eyes,Chris Young,37,9,
2014-10-25,36,Trailer Hitch,Kristian Bush,40,16,Gains In Performance
2014-10-25,37,Home Sweet Home,Justin Moore Featuring Vince Neil,38,15,
2014-10-25,38,Love,Jana Kramer,39,19,
2014-10-25,39,Tonight Tonight,John King,41,23,
2014-10-25,40,A Guy Walks Into A Bar,Tyler Farr,42,11,Gains In Performance
2014-10-25,41,Buzz Back Girl,Jerrod Niemann,44,13,Gains In Performance
2014-10-25,42,Hard To Be Cool,Joe Nichols,43,7,Gains In Performance
2014-10-25,43,PrizeFighter,Trisha Yearwood Featuring Kelly Clarkson,45,4,Gains In Performance
2014-10-25,44,Love You Like That,Canaan Smith,48,12,Gains In Performance
2014-10-25,45,Baby Be My Love Song,Easton Corbin,47,5,Gains In Performance
2014-10-25,46,Party Like You,The Cadillac Three,46,11,
2014-10-25,47,Gentle On My Mind,The Band Perry,54,2,Gains In Performance
2014-10-25,48,Headlights,Montgomery Gentry,49,8,Gains In Performance
2014-10-25,49,Lay Low,Josh Turner,50,5,Gains In Performance
2014-10-25,50,Kinda Dig The Feeling,The Railers,58,2,Gains In Performance
2014-10-25,51,Shut Me Up,Lindsay Ell,52,10,Gains In Performance
2014-10-25,52,Say You Do,Dierks Bentley,59,2,Gains In Performance
2014-10-25,53,Sun Daze,Florida Georgia Line,NEW,1,Highest ranking debut|Gains In Performance
2014-10-25,54,When I've Been Drinkin',Jon Pardi,56,3,Gains In Performance
2014-10-25,55,She Does,Jackie Lee,57,4,Gains In Performance
2014-10-25,56,Sweet Little Somethin',Jason Aldean,53,4,
2014-10-25,57,Lie A Little Better,Lucy Hale,55,9,Gains In Performance
2014-10-25,58,Hangin' Around,Josh Abbott Band,NEW,1,Gains In Performance
2014-10-25,59,Ain't Worth The Whiskey,Cole Swindell,NEW,1,Gains In Performance
2014-10-25,60,Love Me Like You Mean It,Kelsea Ballerini,60,2,Gains In Performance
2014-11-01,1,Burnin' It Down,Jason Aldean,2,13,Gains In Performance
2014-11-01,2,Dirt,Florida Georgia Line,1,15,
2014-11-01,3,Leave The Night On,Sam Hunt,4,19,Gains In Performance
2014-11-01,4,Neon Light,Blake Shelton,5,9,Gains In Performance
2014-11-01,5,Roller Coaster,Luke Bryan,3,18,
2014-11-01,6,Ready Set Roll,Chase Rice,6,49,Gains In Performance
2014-11-01,7,Day Drinking,Little Big Town,9,20,Gains In Performance
2014-11-01,8,Sunshine & Whiskey,Frankie Ballard,10,29,Gains In Performance
2014-11-01,9,Small Town Throwdown,Brantley Gilbert Featuring Justin Moore & Thomas Rhett,8,23,Gains In Performance
2014-11-01,10,Somewhere In My Car,Keith Urban,11,19,Gains In Performance
2014-11-01,11,Girl In A Country Song,Maddie & Tae,12,16,Gains In Performance
2014-11-01,12,Close Your Eyes,Parmalee,14,37,Gains In Performance
2014-11-01,13,Look At You,Big & Rich,13,34,Gains In Performance
2014-11-01,14,Shotgun Rider,Tim McGraw,16,7,Gains In Performance
2014-11-01,15,Feelin' It,Scotty McCreery,15,28,Gains In Performance
2014-11-01,16,Perfect Storm,Brad Paisley,17,8,Gains In Performance
2014-11-01,17,Something In The Water,Carrie Underwood,18,3,Gains In Performance
2014-11-01,18,Til It's Gone,Kenny Chesney,25,4,Gains In Performance
2014-11-01,19,Take It On Back,Chase Bryant,19,14,Gains In Performance
2014-11-01,20,Kiss You Tonight,David Nail,22,32,Gains In Performance
2014-11-01,21,Payback,Rascal Flatts,21,20,Gains In Performance
2014-11-01,22,Talladega,Eric Church,27,5,Gains In Performance
2014-11-01,23,Homegrown Honey,Darius Rucker,23,10,Gains In Performance
2014-11-01,24,People Loving People,Garth Brooks,20,7,
2014-11-01,25,Mean To Me,Brett Eldredge,28,15,Gains In Performance
2014-11-01,26,Tattoo,Hunter Hayes,24,21,
2014-11-01,27,Show You Off,Dan + Shay,26,24,Gains In Performance
2014-11-01,28,Like A Cowboy,Randy Houser,29,22,Gains In Performance
2014-11-01,29,Drinking Class,Lee Brice,31,8,Gains In Performance
2014-11-01,30,Make Me Wanna,Thomas Rhett,32,12,Gains In Performance
2014-11-01,31,Drunk Americans,Toby Keith,NEW,1,Highest ranking debut|Gains In Performance
2014-11-01,32,God Made Girls,RaeLynn,33,16,Gains In Performance
2014-11-01,33,What We Ain't Got,Jake Owen,34,13,Gains In Performance
2014-11-01,34,Lonely Eyes,Chris Young,35,10,Gains In Performance
2014-11-01,35,Trailer Hitch,Kristian Bush,36,17,Gains In Performance
2014-11-01,36,Love,Jana Kramer,38,20,Gains In Performance
2014-11-01,37,Gentle On My Mind,The Band Perry,47,3,Gains In Performance
2014-11-01,38,Sun Daze,Florida Georgia Line,53,2,Gains In Performance
2014-11-01,39,Tonight Tonight,John King,39,24,Gains In Performance
2014-11-01,40,Hard To Be Cool,Joe Nichols,42,8,Gains In Performance
2014-11-01,41,A Guy Walks Into A Bar,Tyler Farr,40,12,
2014-11-01,42,Love You Like That,Canaan Smith,44,13,Gains In Performance
2014-11-01,43,Buzz Back Girl,Jerrod Niemann,41,14,Gains In Performance
2014-11-01,44,PrizeFighter,Trisha Yearwood Featuring Kelly Clarkson,43,5,
2014-11-01,45,Baby Be My Love Song,Easton Corbin,45,6,Gains In Performance
2014-11-01,46,Say You Do,Dierks Bentley,52,3,Gains In Performance
2014-11-01,47,Party Like You,The Cadillac Three,46,12,Gains In Performance
2014-11-01,48,Headlights,Montgomery Gentry,48,9,Gains In Performance
2014-11-01,49,Lay Low,Josh Turner,49,6,Gains In Performance
2014-11-01,50,Kinda Dig The Feeling,The Railers,50,3,Gains In Performance
2014-11-01,51,Home Sweet Home,Justin Moore Featuring Vince Neil,37,16,
2014-11-01,52,She Don't Love You,Eric Paslay,NEW,1,Gains In Performance
2014-11-01,53,Shut Me Up,Lindsay Ell,51,11,
2014-11-01,54,When I've Been Drinkin',Jon Pardi,54,4,Gains In Performance
2014-11-01,55,Freestyle,Lady Antebellum,NEW,1,Gains In Performance
2014-11-01,56,She Does,Jackie Lee,55,5,
2014-11-01,57,Ain't Worth The Whiskey,Cole Swindell,59,2,Gains In Performance
2014-11-01,58,Sweet Little Somethin',Jason Aldean,56,5,
2014-11-01,59,Love Me Like You Mean It,Kelsea Ballerini,60,3,Gains In Performance
2014-11-01,60,Hangin' Around,Josh Abbott Band,58,2,Gains In Performance
2014-11-08,1,Burnin' It Down,Jason Aldean,1,14,
2014-11-08,2,Leave The Night On,Sam Hunt,3,20,Gains In Performance
2014-11-08,3,Neon Light,Blake Shelton,4,10,Gains In Performance
2014-11-08,4,Sunshine & Whiskey,Frankie Ballard,8,30,Gains In Performance
2014-11-08,5,Day Drinking,Little Big Town,7,21,Gains In Performance
2014-11-08,6,Dirt,Florida Georgia Line,2,16,
2014-11-08,7,Somewhere In My Car,Keith Urban,10,20,Gains In Performance
2014-11-08,8,Small Town Throwdown,Brantley Gilbert Featuring Justin Moore & Thomas Rhett,9,24,Gains In Performance
2014-11-08,9,Girl In A Country Song,Maddie & Tae,11,17,Gains In Performance
2014-11-08,10,Ready Set Roll,Chase Rice,6,50,
2014-11-08,11,Look At You,Big & Rich,13,35,Gains In Performance
2014-11-08,12,Close Your Eyes,Parmalee,12,38,Gains In Performance
2014-11-08,13,Shotgun Rider,Tim McGraw,14,8,Gains In Performance
2014-11-08,14,Something In The Water,Carrie Underwood,17,4,Gains In Performance
2014-11-08,15,Perfect Storm,Brad Paisley,16,9,Gains In Performance
2014-11-08,16,Feelin' It,Scotty McCreery,15,29,Gains In Performance
2014-11-08,17,Til It's Gone,Kenny Chesney,18,5,Gains In Performance
2014-11-08,18,Talladega,Eric Church,22,6,Gains In Performance
2014-11-08,19,Take It On Back,Chase Bryant,19,15,Gains In Performance
2014-11-08,20,Homegrown Honey,Darius Rucker,23,11,Gains In Performance
2014-11-08,21,Kiss You Tonight,David Nail,20,33,Gains In Performance
2014-11-08,22,God Made Girls,RaeLynn,32,17,Greatest gainer this week|Gains In Performance
2014-11-08,23,Mean To Me,Brett Eldredge,25,16,Gains In Performance
2014-11-08,24,Tattoo,Hunter Hayes,26,22,Gains In Performance
2014-11-08,25,Show You Off,Dan + Shay,27,25,Gains In Performance
2014-11-08,26,Drinking Class,Lee Brice,29,9,Gains In Performance
2014-11-08,27,Like A Cowboy,Randy Houser,28,23,Gains In Performance
2014-11-08,28,Make Me Wanna,Thomas Rhett,30,13,Gains In Performance
2014-11-08,29,Sun Daze,Florida Georgia Line,38,3,Gains In Performance
2014-11-08,30,Lonely Eyes,Chris Young,34,11,Gains In Performance
2014-11-08,31,What We Ain't Got,Jake Owen,33,14,Gains In Performance
2014-11-08,32,Trailer Hitch,Kristian Bush,35,18,Gains In Performance
2014-11-08,33,Love,Jana Kramer,36,21,Gains In Performance
2014-11-08,34,Gentle On My Mind,The Band Perry,37,4,Gains In Performance
2014-11-08,35,A Guy Walks Into A Bar,Tyler Farr,41,13,Gains In Performance
2014-11-08,36,Drunk Americans,Toby Keith,31,2,Gains In Performance
2014-11-08,37,Buzz Back Girl,Jerrod Niemann,43,15,Gains In Performance
2014-11-08,38,Say You Do,Dierks Bentley,46,4,Gains In Performance
2014-11-08,39,Hard To Be Cool,Joe Nichols,40,9,Gains In Performance
2014-11-08,40,Freestyle,Lady Antebellum,55,2,Gains In Performance
2014-11-08,41,Love You Like That,Canaan Smith,42,14,
2014-11-08,42,Baby Be My Love Song,Easton Corbin,45,7,Gains In Performance
2014-11-08,43,PrizeFighter,Trisha Yearwood Featuring Kelly Clarkson,44,6,Gains In Performance
2014-11-08,44,Party Like You,The Cadillac Three,47,13,Gains In Performance
2014-11-08,45,Lay Low,Josh Turner,49,7,Gains In Performance
2014-11-08,46,Headlights,Montgomery Gentry,48,10,Gains In Performance
2014-11-08,47,Shut Me Up,Lindsay Ell,53,12,Gains In Performance
2014-11-08,48,She Don't Love You,Eric Paslay,52,2,
2014-11-08,49,Kinda Dig The Feeling,The Railers,50,4,
2014-11-08,50,Ain't Worth The Whiskey,Cole Swindell,57,3,Gains In Performance
2014-11-08,51,When I've Been Drinkin',Jon Pardi,54,5,Gains In Performance
2014-11-08,52,She Does,Jackie Lee,56,6,Gains In Performance
2014-11-08,53,Don't It,Billy Currington,NEW,1,Highest ranking debut|Gains In Performance
2014-11-08,54,Hangin' Around,Josh Abbott Band,60,3,Gains In Performance
2014-11-08,55,Love Me Like You Mean It,Kelsea Ballerini,59,4,Gains In Performance
2014-11-08,56,Lie A Little Better,Lucy Hale,RE,10,Gains In Performance
2014-11-08,57,Trouble,Gloriana,NEW,1,Gains In Performance
2014-11-08,58,Just Gettin' Started,Jason Aldean,NEW,1,Gains In Performance
2014-11-08,59,This Kind Of Town,Justin Moore,NEW,1,Gains In Performance
2014-11-08,60,Put My Heart Down,Sara Evans,NEW,1,Gains In Performance
2014-11-15,1,Leave The Night On,Sam Hunt,2,21,Gains In Performance
2014-11-15,2,Neon Light,Blake Shelton,3,11,Gains In Performance
2014-11-15,3,Sunshine & Whiskey,Frankie Ballard,4,31,Gains In Performance
2014-11-15,4,Day Drinking,Little Big Town,5,22,Gains In Performance
2014-11-15,5,Burnin' It Down,Jason Aldean,1,15,
2014-11-15,6,Somewhere In My Car,Keith Urban,7,21,Gains In Performance
2014-11-15,7,Girl In A Country Song,Maddie & Tae,9,18,Gains In Performance
2014-11-15,8,Dirt,Florida Georgia Line,6,17,
2014-11-15,9,Look At You,Big & Rich,11,36,Gains In Performance
2014-11-15,10,Shotgun Rider,Tim McGraw,13,9,Gains In Performance
2014-11-15,11,Close Your Eyes,Parmalee,12,39,Gains In Performance
2014-11-15,12,Something In The Water,Carrie Underwood,14,5,Gains In Performance
2014-11-15,13,Perfect Storm,Brad Paisley,15,10,Gains In Performance
2014-11-15,14,Feelin' It,Scotty McCreery,16,30,Gains In Performance
2014-11-15,15,Til It's Gone,Kenny Chesney,17,6,Gains In Performance
2014-11-15,16,Talladega,Eric Church,18,7,Gains In Performance
2014-11-15,17,Homegrown Honey,Darius Rucker,20,12,Gains In Performance
2014-11-15,18,Kiss You Tonight,David Nail,21,34,Gains In Performance
2014-11-15,19,Take It On Back,Chase Bryant,19,16,Gains In Performance
2014-11-15,20,God Made Girls,RaeLynn,22,18,Gains In Performance
2014-11-15,21,Sun Daze,Florida Georgia Line,29,4,Greatest gainer this week|Gains In Performance
2014-11-15,22,Mean To Me,Brett Eldredge,23,17,Gains In Performance
2014-11-15,23,Like A Cowboy,Randy Houser,27,24,Gains In Performance
2014-11-15,24,Show You Off,Dan + Shay,25,26,Gains In Performance
2014-11-15,25,Drinking Class,Lee Brice,26,10,Gains In Performance
2014-11-15,26,Make Me Wanna,Thomas Rhett,28,14,Gains In Performance
2014-11-15,27,Tattoo,Hunter Hayes,24,23,Gains In Performance
2014-11-15,28,Lonely Eyes,Chris Young,30,12,Gains In Performance
2014-11-15,29,What We Ain't Got,Jake Owen,31,15,Gains In Performance
2014-11-15,30,Trailer Hitch,Kristian Bush,32,19,Gains In Performance
2014-11-15,31,Drunk Americans,Toby Keith,36,3,Gains In Performance
2014-11-15,32,Love,Jana Kramer,33,22,Gains In Performance
2014-11-15,33,Freestyle,Lady Antebellum,40,3,Gains In Performance
2014-11-15,34,Gentle On My Mind,The Band Perry,34,5,Gains In Performance
2014-11-15,35,A Guy Walks Into A Bar,Tyler Farr,35,14,Gains In Performance
2014-11-15,36,Buzz Back Girl,Jerrod Niemann,37,16,Gains In Performance
2014-11-15,37,Say You Do,Dierks Bentley,38,5,Gains In Performance
2014-11-15,38,Hard To Be Cool,Joe Nichols,39,10,Gains In Performance
2014-11-15,39,Baby Be My Love Song,Easton Corbin,42,8,Gains In Performance
2014-11-15,40,Lay Low,Josh Turner,45,8,Gains In Performance
2014-11-15,41,Trouble,Gloriana,57,2,Gains In Performance
2014-11-15,42,PrizeFighter,Trisha Yearwood Featuring Kelly Clarkson,43,7,
2014-11-15,43,Party Like You,The Cadillac Three,44,14,Gains In Performance
2014-11-15,44,Headlights,Montgomery Gentry,46,11,Gains In Performance
2014-11-15,45,She Don't Love You,Eric Paslay,48,3,Gains In Performance
2014-11-15,46,Love You Like That,Canaan Smith,41,15,
2014-11-15,47,Don't It,Billy Currington,53,2,Gains In Performance
2014-11-15,48,Ain't Worth The Whiskey,Cole Swindell,50,4,Gains In Performance
2014-11-15,49,When I've Been Drinkin',Jon Pardi,51,6,Gains In Performance
2014-11-15,50,Shut Me Up,Lindsay Ell,47,13,Gains In Performance
2014-11-15,51,Hangin' Around,Josh Abbott Band,54,4,Gains In Performance
2014-11-15,52,This Kind Of Town,Justin Moore,59,2,Gains In Performance
2014-11-15,53,She Does,Jackie Lee,52,7,Gains In Performance
2014-11-15,54,Kinda Dig The Feeling,The Railers,49,5,
2014-11-15,55,Love Me Like You Mean It,Kelsea Ballerini,55,5,Gains In Performance
2014-11-15,56,Lie A Little Better,Lucy Hale,56,11,Gains In Performance
2014-11-15,57,Just Gettin' Started,Jason Aldean,58,2,Gains In Performance
2014-11-15,58,Put My Heart Down,Sara Evans,60,2,Gains In Performance
2014-11-15,59,Pray For You,The Swon Brothers,NEW,1,Highest ranking debut|Gains In Performance
2014-11-15,60,Middle Of America,Will Hoge,NEW,1,Gains In Performance
2014-11-22,1,Neon Light,Blake Shelton,2,12,Gains In Performance
2014-11-22,2,Sunshine & Whiskey,Frankie Ballard,3,32,Gains In Performance
2014-11-22,3,Day Drinking,Little Big Town,4,23,Gains In Performance
2014-11-22,4,Somewhere In My Car,Keith Urban,6,22,Gains In Performance
2014-11-22,5,Leave The Night On,Sam Hunt,1,22,
2014-11-22,6,Girl In A Country Song,Maddie & Tae,7,19,Gains In Performance
2014-11-22,7,Burnin' It Down,Jason Aldean,5,16,
2014-11-22,8,Shotgun Rider,Tim McGraw,10,10,Gains In Performance
2014-11-22,9,Look At You,Big & Rich,9,37,Gains In Performance
2014-11-22,10,Close Your Eyes,Parmalee,11,40,Gains In Performance
2014-11-22,11,Perfect Storm,Brad Paisley,13,11,Gains In Performance
2014-11-22,12,Something In The Water,Carrie Underwood,12,6,Gains In Performance
2014-11-22,13,Til It's Gone,Kenny Chesney,15,7,Gains In Performance
2014-11-22,14,Feelin' It,Scotty McCreery,14,31,Gains In Performance
2014-11-22,15,Talladega,Eric Church,16,8,Gains In Performance
2014-11-22,16,Take It On Back,Chase Bryant,19,17,Gains In Performance
2014-11-22,17,Homegrown Honey,Darius Rucker,17,13,Gains In Performance
2014-11-22,18,Sun Daze,Florida Georgia Line,21,5,Gains In Performance
2014-11-22,19,Kiss You Tonight,David Nail,18,35,Gains In Performance
2014-11-22,20,Like A Cowboy,Randy Houser,23,25,Gains In Performance
2014-11-22,21,Mean To Me,Brett Eldredge,22,18,Gains In Performance
2014-11-22,22,God Made Girls,RaeLynn,20,19,Gains In Performance
2014-11-22,23,Drinking Class,Lee Brice,25,11,Gains In Performance
2014-11-22,24,Show You Off,Dan + Shay,24,27,Gains In Performance
2014-11-22,25,Make Me Wanna,Thomas Rhett,26,15,Gains In Performance
2014-11-22,26,Tattoo,Hunter Hayes,27,24,Gains In Performance
2014-11-22,27,Lonely Eyes,Chris Young,28,13,Gains In Performance
2014-11-22,28,What We Ain't Got,Jake Owen,29,16,Gains In Performance
2014-11-22,29,Freestyle,Lady Antebellum,33,4,Gains In Performance
2014-11-22,30,Trailer Hitch,Kristian Bush,30,20,Gains In Performance
2014-11-22,31,Drunk Americans,Toby Keith,31,4,Gains In Performance
2014-11-22,32,Gentle On My Mind,The Band Perry,34,6,Gains In Performance
2014-11-22,33,Love,Jana Kramer,32,23,Gains In Performance
2014-11-22,34,A Guy Walks Into A Bar,Tyler Farr,35,15,Gains In Performance
2014-11-22,35,Buzz Back Girl,Jerrod Niemann,36,17,Gains In Performance
2014-11-22,36,Say You Do,Dierks Bentley,37,6,Gains In Performance
2014-11-22,37,Hard To Be Cool,Joe Nichols,38,11,Gains In Performance
2014-11-22,38,Baby Be My Love Song,Easton Corbin,39,9,Gains In Performance
2014-11-22,39,Trouble,Gloriana,41,3,Gains In Performance
2014-11-22,40,She Don't Love You,Eric Paslay,45,4,Gains In Performance
2014-11-22,41,Lay Low,Josh Turner,40,9,Gains In Performance
2014-11-22,42,Ain't Worth The Whiskey,Cole Swindell,48,5,Gains In Performance
2014-11-22,43,I See You,Luke Bryan,NEW,1,Highest ranking debut|Gains In Performance
2014-11-22,44,PrizeFighter,Trisha Yearwood Featuring Kelly Clarkson,42,8,
2014-11-22,45,Just Gettin' Started,Jason Aldean,57,3,Gains In Performance
2014-11-22,46,Party Like You,The Cadillac Three,43,15,
2014-11-22,47,Don't It,Billy Currington,47,3,Gains In Performance
2014-11-22,48,Headlights,Montgomery Gentry,44,12,Gains In Performance
2014-11-22,49,When I've Been Drinkin',Jon Pardi,49,7,Gains In Performance
2014-11-22,50,This Kind Of Town,Justin Moore,52,3,Gains In Performance
2014-11-22,51,Shut Me Up,Lindsay Ell,50,14,Gains In Performance
2014-11-22,52,She Does,Jackie Lee,53,8,Gains In Performance
2014-11-22,53,Hangin' Around,Josh Abbott Band,51,5,Gains In Performance
2014-11-22,54,Love Me Like You Mean It,Kelsea Ballerini,55,6,Gains In Performance
2014-11-22,55,Pray For You,The Swon Brothers,59,2,Gains In Performance
2014-11-22,56,Lie A Little Better,Lucy Hale,56,12,
2014-11-22,57,Put My Heart Down,Sara Evans,58,3,Gains In Performance
2014-11-22,58,Hell Of A Night,Dustin Lynch,NEW,1,Gains In Performance
2014-11-22,59,Middle Of America,Will Hoge,60,2,Gains In Performance
2014-11-22,60,Gonna Wanna Tonight,Chase Rice,NEW,1,Gains In Performance
2014-11-29,1,Sunshine & Whiskey,Frankie Ballard,2,33,Gains In Performance
2014-11-29,2,Somewhere In My Car,Keith Urban,4,23,Gains In Performance
2014-11-29,3,Day Drinking,Little Big Town,3,24,Gains In Performance
2014-11-29,4,Neon Light,Blake Shelton,1,13,
2014-11-29,5,Girl In A Country Song,Maddie & Tae,6,20,Gains In Performance
2014-11-29,6,Leave The Night On,Sam Hunt,5,23,
2014-11-29,7,Shotgun Rider,Tim McGraw,8,11,Gains In Performance
2014-11-29,8,Look At You,Big & Rich,9,38,Gains In Performance
2014-11-29,9,Perfect Storm,Brad Paisley,11,12,Gains In Performance
2014-11-29,10,Close Your Eyes,Parmalee,10,41,Gains In Performance
2014-11-29,11,Til It's Gone,Kenny Chesney,13,8,Gains In Performance
2014-11-29,12,Something In The Water,Carrie Underwood,12,7,Gains In Performance
2014-11-29,13,Talladega,Eric Church,15,9,Gains In Performance
2014-11-29,14,Feelin' It,Scotty McCreery,14,32,Gains In Performance
2014-11-29,15,Sun Daze,Florida Georgia Line,18,6,Gains In Performance
2014-11-29,16,Homegrown Honey,Darius Rucker,17,14,Gains In Performance
2014-11-29,17,Take It On Back,Chase Bryant,16,18,Gains In Performance
2014-11-29,18,Like A Cowboy,Randy Houser,20,26,Gains In Performance
2014-11-29,19,Kiss You Tonight,David Nail,19,36,Gains In Performance
2014-11-29,20,Mean To Me,Brett Eldredge,21,19,Gains In Performance
2014-11-29,21,God Made Girls,RaeLynn,22,20,Gains In Performance
2014-11-29,22,Make Me Wanna,Thomas Rhett,25,16,Gains In Performance
2014-11-29,23,Drinking Class,Lee Brice,23,12,Gains In Performance
2014-11-29,24,Show You Off,Dan + Shay,24,28,Gains In Performance
2014-11-29,25,Tattoo,Hunter Hayes,26,25,Gains In Performance
2014-11-29,26,Lonely Eyes,Chris Young,27,14,Gains In Performance
2014-11-29,27,What We Ain't Got,Jake Owen,28,17,Gains In Performance
2014-11-29,28,I See You,Luke Bryan,43,2,Gains In Performance
2014-11-29,29,Freestyle,Lady Antebellum,29,5,Gains In Performance
2014-11-29,30,Just Gettin' Started,Jason Aldean,45,4,Gains In Performance
2014-11-29,31,Trailer Hitch,Kristian Bush,30,21,Gains In Performance
2014-11-29,32,Drunk Americans,Toby Keith,31,5,Gains In Performance
2014-11-29,33,Gentle On My Mind,The Band Perry,32,7,Gains In Performance
2014-11-29,34,Love,Jana Kramer,33,24,Gains In Performance
2014-11-29,35,Say You Do,Dierks Bentley,36,7,Gains In Performance
2014-11-29,36,A Guy Walks Into A Bar,Tyler Farr,34,16,Gains In Performance
2014-11-29,37,Buzz Back Girl,Jerrod Niemann,35,18,Gains In Performance
2014-11-29,38,Lonely Tonight,Blake Shelton Featuring Ashley Monroe,NEW,1,Highest ranking debut|Gains In Performance
2014-11-29,39,Ain't Worth The Whiskey,Cole Swindell,42,6,Gains In Performance
2014-11-29,40,She Don't Love You,Eric Paslay,40,5,Gains In Performance
2014-11-29,41,Hard To Be Cool,Joe Nichols,37,12,
2014-11-29,42,Baby Be My Love Song,Easton Corbin,38,10,Gains In Performance
2014-11-29,43,Trouble,Gloriana,39,4,Gains In Performance
2014-11-29,44,Lay Low,Josh Turner,41,10,Gains In Performance
2014-11-29,45,Headlights,Montgomery Gentry,48,13,Gains In Performance
2014-11-29,46,Don't It,Billy Currington,47,4,Gains In Performance
2014-11-29,47,Love Me Like You Mean It,Kelsea Ballerini,54,7,Gains In Performance
2014-11-29,48,Party Like You,The Cadillac Three,46,16,
2014-11-29,49,When I've Been Drinkin',Jon Pardi,49,8,Gains In Performance
2014-11-29,50,This Kind Of Town,Justin Moore,50,4,Gains In Performance
2014-11-29,51,Shut Me Up,Lindsay Ell,51,15,Gains In Performance
2014-11-29,52,Hangin' Around,Josh Abbott Band,53,6,Gains In Performance
2014-11-29,53,She Does,Jackie Lee,52,9,Gains In Performance
2014-11-29,54,Pray For You,The Swon Brothers,55,3,Gains In Performance
2014-11-29,55,Take Your Time,Sam Hunt,NEW,1,Gains In Performance
2014-11-29,56,Hell Of A Night,Dustin Lynch,58,2,Gains In Performance
2014-11-29,57,One Hell Of An Amen,Brantley Gilbert,NEW,1,Gains In Performance
2014-11-29,58,Gonna Wanna Tonight,Chase Rice,60,2,Gains In Performance
2014-11-29,59,Put My Heart Down,Sara Evans,57,4,Gains In Performance
2014-11-29,60,Lie A Little Better,Lucy Hale,56,13,
2014-12-06,1,Somewhere In My Car,Keith Urban,2,24,Gains In Performance
2014-12-06,2,Day Drinking,Little Big Town,3,25,Gains In Performance
2014-12-06,3,Girl In A Country Song,Maddie & Tae,5,21,Gains In Performance
2014-12-06,4,Sunshine & Whiskey,Frankie Ballard,1,34,
2014-12-06,5,Shotgun Rider,Tim McGraw,7,12,Gains In Performance
2014-12-06,6,Perfect Storm,Brad Paisley,9,13,Gains In Performance
2014-12-06,7,Look At You,Big & Rich,8,39,Gains In Performance
2014-12-06,8,Close Your Eyes,Parmalee,10,42,Gains In Performance
2014-12-06,9,Neon Light,Blake Shelton,4,14,
2014-12-06,10,Til It's Gone,Kenny Chesney,11,9,Gains In Performance
2014-12-06,11,Something In The Water,Carrie Underwood,12,8,Gains In Performance
2014-12-06,12,Talladega,Eric Church,13,10,Gains In Performance
2014-12-06,13,Feelin' It,Scotty McCreery,14,33,Gains In Performance
2014-12-06,14,Sun Daze,Florida Georgia Line,15,7,Gains In Performance
2014-12-06,15,Like A Cowboy,Randy Houser,18,27,Gains In Performance
2014-12-06,16,Homegrown Honey,Darius Rucker,16,15,Gains In Performance
2014-12-06,17,Take It On Back,Chase Bryant,17,19,Gains In Performance
2014-12-06,18,Mean To Me,Brett Eldredge,20,20,Gains In Performance
2014-12-06,19,Kiss You Tonight,David Nail,19,37,Gains In Performance
2014-12-06,20,God Made Girls,RaeLynn,21,21,Gains In Performance
2014-12-06,21,Make Me Wanna,Thomas Rhett,22,17,Gains In Performance
2014-12-06,22,Drinking Class,Lee Brice,23,13,Gains In Performance
2014-12-06,23,I See You,Luke Bryan,28,3,Greatest gainer this week|Gains In Performance
2014-12-06,24,Show You Off,Dan + Shay,24,29,Gains In Performance
2014-12-06,25,What We Ain't Got,Jake Owen,27,18,Gains In Performance
2014-12-06,26,Lonely Eyes,Chris Young,26,15,Gains In Performance
2014-12-06,27,Just Gettin' Started,Jason Aldean,30,5,Gains In Performance
2014-12-06,28,Freestyle,Lady Antebellum,29,6,Gains In Performance
2014-12-06,29,Lonely Tonight,Blake Shelton Featuring Ashley Monroe,38,2,Gains In Performance
2014-12-06,30,Trailer Hitch,Kristian Bush,31,22,Gains In Performance
2014-12-06,31,Drunk Americans,Toby Keith,32,6,
2014-12-06,32,Gentle On My Mind,The Band Perry,33,8,Gains In Performance
2014-12-06,33,Love,Jana Kramer,34,25,Gains In Performance
2014-12-06,34,A Guy Walks Into A Bar,Tyler Farr,36,17,Gains In Performance
2014-12-06,35,Say You Do,Dierks Bentley,35,8,Gains In Performance
2014-12-06,36,Ain't Worth The Whiskey,Cole Swindell,39,7,Gains In Performance
2014-12-06,37,She Don't Love You,Eric Paslay,40,6,Gains In Performance
2014-12-06,38,Hard To Be Cool,Joe Nichols,41,13,Gains In Performance
2014-12-06,39,Baby Be My Love Song,Easton Corbin,42,11,Gains In Performance
2014-12-06,40,Buzz Back Girl,Jerrod Niemann,37,19,
2014-12-06,41,Trouble,Gloriana,43,5,Gains In Performance
2014-12-06,42,Lay Low,Josh Turner,44,11,Gains In Performance
2014-12-06,43,Love Me Like You Mean It,Kelsea Ballerini,47,8,Gains In Performance
2014-12-06,44,Headlights,Montgomery Gentry,45,14,Gains In Performance
2014-12-06,45,Don't It,Billy Currington,46,5,Gains In Performance
2014-12-06,46,Love You Like That,Canaan Smith,RE,16,Gains In Performance
2014-12-06,47,When I've Been Drinkin',Jon Pardi,49,9,Gains In Performance
2014-12-06,48,This Kind Of Town,Justin Moore,50,5,
2014-12-06,49,She Does,Jackie Lee,53,10,Gains In Performance
2014-12-06,50,Mom,Garth Brooks,NEW,1,Highest ranking debut|Gains In Performance
2014-12-06,51,Shut Me Up,Lindsay Ell,51,16,
2014-12-06,52,Take Your Time,Sam Hunt,55,2,Gains In Performance
2014-12-06,53,Hangin' Around,Josh Abbott Band,52,7,
2014-12-06,54,Hell Of A Night,Dustin Lynch,56,3,Gains In Performance
2014-12-06,55,Pray For You,The Swon Brothers,54,4,Gains In Performance
2014-12-06,56,One Hell Of An Amen,Brantley Gilbert,57,2,Gains In Performance
2014-12-06,57,Kinda Dig The Feeling,The Railers,RE,6,Gains In Performance
2014-12-06,58,Gonna Wanna Tonight,Chase Rice,58,3,Gains In Performance
2014-12-06,59,Eat Sleep Love You Repeat,Rodney Atkins,NEW,1,Gains In Performance
2014-12-06,60,Middle Of America,Will Hoge,RE,3,Gains In Performance
2014-12-13,1,Somewhere In My Car,Keith Urban,1,25,Gains In Performance
2014-12-13,2,Girl In A Country Song,Maddie & Tae,3,22,Gains In Performance
2014-12-13,3,Shotgun Rider,Tim McGraw,5,13,Gains In Performance
2014-12-13,4,Perfect Storm,Brad Paisley,6,14,Gains In Performance
2014-12-13,5,Day Drinking,Little Big Town,2,26,
2014-12-13,6,Close Your Eyes,Parmalee,8,43,Gains In Performance
2014-12-13,7,Til It's Gone,Kenny Chesney,10,10,Gains In Performance
2014-12-13,8,Look At You,Big & Rich,7,40,Gains In Performance
2014-12-13,9,Something In The Water,Carrie Underwood,11,9,Gains In Performance
2014-12-13,10,Talladega,Eric Church,12,11,Gains In Performance
2014-12-13,11,Feelin' It,Scotty McCreery,13,34,Gains In Performance
2014-12-13,12,Sun Daze,Florida Georgia Line,14,8,Gains In Performance
2014-12-13,13,Like A Cowboy,Randy Houser,15,28,Gains In Performance
2014-12-13,14,Take It On Back,Chase Bryant,17,20,Gains In Performance
2014-12-13,15,Homegrown Honey,Darius Rucker,16,16,Gains In Performance
2014-12-13,16,I See You,Luke Bryan,23,4,Gains In Performance
2014-12-13,17,Mean To Me,Brett Eldredge,18,21,Gains In Performance
2014-12-13,18,Kiss You Tonight,David Nail,19,38,Gains In Performance
2014-12-13,19,Drinking Class,Lee Brice,22,14,Gains In Performance
2014-12-13,20,Make Me Wanna,Thomas Rhett,21,18,Gains In Performance
2014-12-13,21,God Made Girls,RaeLynn,20,22,Gains In Performance
2014-12-13,22,Just Gettin' Started,Jason Aldean,27,6,Gains In Performance
2014-12-13,23,Show You Off,Dan + Shay,24,30,Gains In Performance
2014-12-13,24,Lonely Eyes,Chris Young,26,16,Gains In Performance
2014-12-13,25,What We Ain't Got,Jake Owen,25,19,Gains In Performance
2014-12-13,26,Lonely Tonight,Blake Shelton Featuring Ashley Monroe,29,3,Gains In Performance
2014-12-13,27,Freestyle,Lady Antebellum,28,7,Gains In Performance
2014-12-13,28,Trailer Hitch,Kristian Bush,30,23,Gains In Performance
2014-12-13,29,Gentle On My Mind,The Band Perry,32,9,Gains In Performance
2014-12-13,30,Drunk Americans,Toby Keith,31,7,Gains In Performance
2014-12-13,31,Ain't Worth The Whiskey,Cole Swindell,36,8,Gains In Performance
2014-12-13,32,A Guy Walks Into A Bar,Tyler Farr,34,18,Gains In Performance
2014-12-13,33,Say You Do,Dierks Bentley,35,9,Gains In Performance
2014-12-13,34,Love,Jana Kramer,33,26,Gains In Performance
2014-12-13,35,She Don't Love You,Eric Paslay,37,7,Gains In Performance
2014-12-13,36,Hard To Be Cool,Joe Nichols,38,14,Gains In Performance
2014-12-13,37,Baby Be My Love Song,Easton Corbin,39,12,Gains In Performance
2014-12-13,38,Buzz Back Girl,Jerrod Niemann,40,20,Gains In Performance
2014-12-13,39,Trouble,Gloriana,41,6,Gains In Performance
2014-12-13,40,Lay Low,Josh Turner,42,12,Gains In Performance
2014-12-13,41,Mom,Garth Brooks,50,2,Gains In Performance
2014-12-13,42,Love Me Like You Mean It,Kelsea Ballerini,43,9,Gains In Performance
2014-12-13,43,Don't It,Billy Currington,45,6,Gains In Performance
2014-12-13,44,Love You Like That,Canaan Smith,46,17,Gains In Performance
2014-12-13,45,Headlights,Montgomery Gentry,44,15,Gains In Performance
2014-12-13,46,Take Your Time,Sam Hunt,52,3,Gains In Performance
2014-12-13,47,When I've Been Drinkin',Jon Pardi,47,10,Gains In Performance
2014-12-13,48,This Kind Of Town,Justin Moore,48,6,Gains In Performance
2014-12-13,49,Hell Of A Night,Dustin Lynch,54,4,Gains In Performance
2014-12-13,50,One Hell Of An Amen,Brantley Gilbert,56,3,Gains In Performance
2014-12-13,51,Hangin' Around,Josh Abbott Band,53,8,Gains In Performance
2014-12-13,52,She Does,Jackie Lee,49,11,
2014-12-13,53,Eat Sleep Love You Repeat,Rodney Atkins,59,2,Gains In Performance
2014-12-13,54,Pray For You,The Swon Brothers,55,5,
2014-12-13,55,Riot,Rascal Flatts,NEW,1,Highest ranking debut|Gains In Performance
2014-12-13,56,Kinda Dig The Feeling,The Railers,57,7,Gains In Performance
2014-12-13,57,Gonna Wanna Tonight,Chase Rice,58,4,Gains In Performance
2014-12-13,58,Lie A Little Better,Lucy Hale,RE,14,Gains In Performance
2014-12-13,59,Middle Of America,Will Hoge,60,4,Gains In Performance
2014-12-13,60,Shut Me Up,Lindsay Ell,51,17,
2014-12-20,1,Girl In A Country Song,Maddie & Tae,2,23,Gains In Performance
2014-12-20,2,Shotgun Rider,Tim McGraw,3,14,Gains In Performance
2014-12-20,3,Somewhere In My Car,Keith Urban,1,26,
2014-12-20,4,Perfect Storm,Brad Paisley,4,15,Gains In Performance
2014-12-20,5,Til It's Gone,Kenny Chesney,7,11,Gains In Performance
2014-12-20,6,Close Your Eyes,Parmalee,6,44,Gains In Performance
2014-12-20,7,Something In The Water,Carrie Underwood,9,10,Gains In Performance
2014-12-20,8,Talladega,Eric Church,10,12,Gains In Performance
2014-12-20,9,Look At You,Big & Rich,8,41,
2014-12-20,10,Feelin' It,Scotty McCreery,11,35,Gains In Performance
2014-12-20,11,Sun Daze,Florida Georgia Line,12,9,Gains In Performance
2014-12-20,12,Like A Cowboy,Randy Houser,13,29,Gains In Performance
2014-12-20,13,I See You,Luke Bryan,16,5,Greatest gainer this week|Gains In Performance
2014-12-20,14,Mean To Me,Brett Eldredge,17,22,Gains In Performance
2014-12-20,15,Take It On Back,Chase Bryant,14,21,Gains In Performance
2014-12-20,16,Homegrown Honey,Darius Rucker,15,17,Gains In Performance
2014-12-20,17,Make Me Wanna,Thomas Rhett,20,19,Gains In Performance
2014-12-20,18,Kiss You Tonight,David Nail,18,39,Gains In Performance
2014-12-20,19,Just Gettin' Started,Jason Aldean,22,7,Gains In Performance
2014-12-20,20,Drinking Class,Lee Brice,19,15,Gains In Performance
2014-12-20,21,God Made Girls,RaeLynn,21,23,Gains In Performance
2014-12-20,22,Lonely Tonight,Blake Shelton Featuring Ashley Monroe,26,4,Gains In Performance
2014-12-20,23,Lonely Eyes,Chris Young,24,17,Gains In Performance
2014-12-20,24,Show You Off,Dan + Shay,23,31,
2014-12-20,25,What We Ain't Got,Jake Owen,25,20,Gains In Performance
2014-12-20,26,Freestyle,Lady Antebellum,27,8,Gains In Performance
2014-12-20,27,Ain't Worth The Whiskey,Cole Swindell,31,9,Gains In Performance
2014-12-20,28,Trailer Hitch,Kristian Bush,28,24,Gains In Performance
2014-12-20,29,Say You Do,Dierks Bentley,33,10,Gains In Performance
2014-12-20,30,Drunk Americans,Toby Keith,30,8,Gains In Performance
2014-12-20,31,Gentle On My Mind,The Band Perry,29,10,Gains In Performance
2014-12-20,32,A Guy Walks Into A Bar,Tyler Farr,32,19,Gains In Performance
2014-12-20,33,Love,Jana Kramer,34,27,Gains In Performance
2014-12-20,34,Mom,Garth Brooks,41,3,Gains In Performance
2014-12-20,35,Baby Be My Love Song,Easton Corbin,37,13,Gains In Performance
2014-12-20,36,She Don't Love You,Eric Paslay,35,8,
2014-12-20,37,Trouble,Gloriana,39,7,Gains In Performance
2014-12-20,38,Hard To Be Cool,Joe Nichols,36,15,Gains In Performance
2014-12-20,39,Buzz Back Girl,Jerrod Niemann,38,21,
2014-12-20,40,Take Your Time,Sam Hunt,46,4,Gains In Performance
2014-12-20,41,Don't It,Billy Currington,43,7,Gains In Performance
2014-12-20,42,Love Me Like You Mean It,Kelsea Ballerini,42,10,Gains In Performance
2014-12-20,43,Lay Low,Josh Turner,40,13,Gains In Performance
2014-12-20,44,Love You Like That,Canaan Smith,44,18,Gains In Performance
2014-12-20,45,Headlights,Montgomery Gentry,45,16,Gains In Performance
2014-12-20,46,When I've Been Drinkin',Jon Pardi,47,11,Gains In Performance
2014-12-20,47,This Kind Of Town,Justin Moore,48,7,Gains In Performance
2014-12-20,48,Hell Of A Night,Dustin Lynch,49,5,Gains In Performance
2014-12-20,49,One Hell Of An Amen,Brantley Gilbert,50,4,Gains In Performance
2014-12-20,50,Hangin' Around,Josh Abbott Band,51,9,Gains In Performance
2014-12-20,51,Pray For You,The Swon Brothers,54,6,Gains In Performance
2014-12-20,52,Riot,Rascal Flatts,55,2,Gains In Performance
2014-12-20,53,Eat Sleep Love You Repeat,Rodney Atkins,53,3,Gains In Performance
2014-12-20,54,She Does,Jackie Lee,52,12,
2014-12-20,55,Gonna Wanna Tonight,Chase Rice,57,5,Gains In Performance
2014-12-20,56,Kinda Dig The Feeling,The Railers,56,8,Gains In Performance
2014-12-20,57,Middle Of America,Will Hoge,59,5,Gains In Performance
2014-12-20,58,Lie A Little Better,Lucy Hale,58,15,
2014-12-20,59,Broken Windshield View,Chris Lane,RE,2,Gains In Performance
2014-12-20,60,One Night Between Friends,Katie Armiger,NEW,1,Highest ranking debut|Gains In Performance
2014-12-27,1,Shotgun Rider,Tim McGraw,2,15,Gains In Performance
2014-12-27,2,Perfect Storm,Brad Paisley,4,16,Gains In Performance
2014-12-27,3,Til It's Gone,Kenny Chesney,5,12,Gains In Performance
2014-12-27,4,Close Your Eyes,Parmalee,6,45,Gains In Performance
2014-12-27,5,Something In The Water,Carrie Underwood,7,11,Gains In Performance
2014-12-27,6,Talladega,Eric Church,8,13,Gains In Performance
2014-12-27,7,Girl In A Country Song,Maddie & Tae,1,24,
2014-12-27,8,Somewhere In My Car,Keith Urban,3,27,
2014-12-27,9,Sun Daze,Florida Georgia Line,11,10,Gains In Performance
2014-12-27,10,I See You,Luke Bryan,13,6,Gains In Performance
2014-12-27,11,Like A Cowboy,Randy Houser,12,30,Gains In Performance
2014-12-27,12,Mean To Me,Brett Eldredge,14,23,Gains In Performance
2014-12-27,13,Take It On Back,Chase Bryant,15,22,Gains In Performance
2014-12-27,14,Homegrown Honey,Darius Rucker,16,18,Gains In Performance
2014-12-27,15,Make Me Wanna,Thomas Rhett,17,20,Gains In Performance
2014-12-27,16,Just Gettin' Started,Jason Aldean,19,8,Gains In Performance
2014-12-27,17,Lonely Tonight,Blake Shelton Featuring Ashley Monroe,22,5,Gains In Performance
2014-12-27,18,Kiss You Tonight,David Nail,18,40,Gains In Performance
2014-12-27,19,Drinking Class,Lee Brice,20,16,Gains In Performance
2014-12-27,20,God Made Girls,RaeLynn,21,24,Gains In Performance
2014-12-27,21,Lonely Eyes,Chris Young,23,18,Gains In Performance
2014-12-27,22,Show You Off,Dan + Shay,24,32,Gains In Performance
2014-12-27,23,What We Ain't Got,Jake Owen,25,21,Gains In Performance
2014-12-27,24,Freestyle,Lady Antebellum,26,9,Gains In Performance
2014-12-27,25,Ain't Worth The Whiskey,Cole Swindell,27,10,Gains In Performance
2014-12-27,26,Trailer Hitch,Kristian Bush,28,25,Gains In Performance
2014-12-27,27,Say You Do,Dierks Bentley,29,11,Gains In Performance
2014-12-27,28,A Guy Walks Into A Bar,Tyler Farr,32,20,Gains In Performance
2014-12-27,29,Drunk Americans,Toby Keith,30,9,Gains In Performance
2014-12-27,30,Gentle On My Mind,The Band Perry,31,11,Gains In Performance
2014-12-27,31,Baby Be My Love Song,Easton Corbin,35,14,Gains In Performance
2014-12-27,32,Take Your Time,Sam Hunt,40,5,Gains In Performance
2014-12-27,33,Mom,Garth Brooks,34,4,Gains In Performance
2014-12-27,34,She Don't Love You,Eric Paslay,36,9,Gains In Performance
2014-12-27,35,Love Me Like You Mean It,Kelsea Ballerini,42,11,Gains In Performance
2014-12-27,36,Don't It,Billy Currington,41,8,Gains In Performance
2014-12-27,37,Hard To Be Cool,Joe Nichols,38,16,Gains In Performance
2014-12-27,38,Buzz Back Girl,Jerrod Niemann,39,22,Gains In Performance
2014-12-27,39,Lay Low,Josh Turner,43,14,Gains In Performance
2014-12-27,40,Trouble,Gloriana,37,8,Gains In Performance
2014-12-27,41,Love You Like That,Canaan Smith,44,19,Gains In Performance
2014-12-27,42,Headlights,Montgomery Gentry,45,17,Gains In Performance
2014-12-27,43,When I've Been Drinkin',Jon Pardi,46,12,Gains In Performance
2014-12-27,44,One Hell Of An Amen,Brantley Gilbert,49,5,Gains In Performance
2014-12-27,45,Hell Of A Night,Dustin Lynch,48,6,Gains In Performance
2014-12-27,46,This Kind Of Town,Justin Moore,47,8,
2014-12-27,47,Pray For You,The Swon Brothers,51,7,Gains In Performance
2014-12-27,48,Hangin' Around,Josh Abbott Band,50,10,Gains In Performance
2014-12-27,49,Riot,Rascal Flatts,52,3,Gains In Performance
2014-12-27,50,Eat Sleep Love You Repeat,Rodney Atkins,53,4,Gains In Performance
2014-12-27,51,Gonna Wanna Tonight,Chase Rice,55,6,Gains In Performance
2014-12-27,52,She Does,Jackie Lee,54,13,Gains In Performance
2014-12-27,53,Kinda Dig The Feeling,The Railers,56,9,Gains In Performance
2014-12-27,54,Middle Of America,Will Hoge,57,6,Gains In Performance
2014-12-27,55,Girl Crush,Little Big Town,NEW,1,Highest ranking debut|Gains In Performance
2014-12-27,56,Broken Windshield View,Chris Lane,59,3,Gains In Performance
2014-12-27,57,House Party,Sam Hunt,NEW,1,Gains In Performance
2014-12-27,58,Lie A Little Better,Lucy Hale,58,16,
2014-12-27,59,Raised By A Good Time,Steven Lee Olsen,NEW,1,Gains In Performance
2014-12-27,60,One Night Between Friends,Katie Armiger,60,2,
2015-01-03,1,Shotgun Rider,Tim McGraw,1,16,Gains In Performance
2015-01-03,2,Perfect Storm,Brad Paisley,2,17,Gains In Performance
2015-01-03,3,Til It's Gone,Kenny Chesney,3,13,Gains In Performance
2015-01-03,4,Something In The Water,Carrie Underwood,5,12,Gains In Performance
2015-01-03,5,Talladega,Eric Church,6,14,Gains In Performance
2015-01-03,6,Close Your Eyes,Parmalee,4,46,Gains In Performance
2015-01-03,7,Sun Daze,Florida Georgia Line,9,11,Gains In Performance
2015-01-03,8,I See You,Luke Bryan,10,7,Greatest gainer this week|Gains In Performance
2015-01-03,9,Like A Cowboy,Randy Houser,11,31,Gains In Performance
2015-01-03,10,Mean To Me,Brett Eldredge,12,24,Gains In Performance
2015-01-03,11,Make Me Wanna,Thomas Rhett,15,21,Gains In Performance
2015-01-03,12,Take It On Back,Chase Bryant,13,23,Gains In Performance
2015-01-03,13,Homegrown Honey,Darius Rucker,14,19,Gains In Performance
2015-01-03,14,Just Gettin' Started,Jason Aldean,16,9,Gains In Performance
2015-01-03,15,Lonely Tonight,Blake Shelton Featuring Ashley Monroe,17,6,Gains In Performance
2015-01-03,16,Drinking Class,Lee Brice,19,17,Gains In Performance
2015-01-03,17,Kiss You Tonight,David Nail,18,41,
2015-01-03,18,God Made Girls,RaeLynn,20,25,Gains In Performance
2015-01-03,19,Lonely Eyes,Chris Young,21,19,Gains In Performance
2015-01-03,20,Freestyle,Lady Antebellum,24,10,Gains In Performance
2015-01-03,21,Show You Off,Dan + Shay,22,33,
2015-01-03,22,What We Ain't Got,Jake Owen,23,22,Gains In Performance
2015-01-03,23,Ain't Worth The Whiskey,Cole Swindell,25,11,Gains In Performance
2015-01-03,24,Say You Do,Dierks Bentley,27,12,Gains In Performance
2015-01-03,25,Trailer Hitch,Kristian Bush,26,26,Gains In Performance
2015-01-03,26,A Guy Walks Into A Bar,Tyler Farr,28,21,Gains In Performance
2015-01-03,27,Drunk Americans,Toby Keith,29,10,Gains In Performance
2015-01-03,28,Take Your Time,Sam Hunt,32,6,Gains In Performance
2015-01-03,29,Baby Be My Love Song,Easton Corbin,31,15,Gains In Performance
2015-01-03,30,Gentle On My Mind,The Band Perry,30,12,
2015-01-03,31,She Don't Love You,Eric Paslay,34,10,Gains In Performance
2015-01-03,32,Mom,Garth Brooks,33,5,
2015-01-03,33,Don't It,Billy Currington,36,9,Gains In Performance
2015-01-03,34,Love Me Like You Mean It,Kelsea Ballerini,35,12,Gains In Performance
2015-01-03,35,Lay Low,Josh Turner,39,15,Gains In Performance
2015-01-03,36,Hard To Be Cool,Joe Nichols,37,17,Gains In Performance
2015-01-03,37,Trouble,Gloriana,40,9,Gains In Performance
2015-01-03,38,Love You Like That,Canaan Smith,41,20,Gains In Performance
2015-01-03,39,Buzz Back Girl,Jerrod Niemann,38,23,
2015-01-03,40,Headlights,Montgomery Gentry,42,18,
2015-01-03,41,When I've Been Drinkin',Jon Pardi,43,13,
2015-01-03,42,One Hell Of An Amen,Brantley Gilbert,44,6,Gains In Performance
2015-01-03,43,Hell Of A Night,Dustin Lynch,45,7,Gains In Performance
2015-01-03,44,This Kind Of Town,Justin Moore,46,9,Gains In Performance
2015-01-03,45,Girl Crush,Little Big Town,55,2,Gains In Performance
2015-01-03,46,Pray For You,The Swon Brothers,47,8,Gains In Performance
2015-01-03,47,Hangin' Around,Josh Abbott Band,48,11,
2015-01-03,48,Riot,Rascal Flatts,49,4,Gains In Performance
2015-01-03,49,Eat Sleep Love You Repeat,Rodney Atkins,50,5,Gains In Performance
2015-01-03,50,Gonna Wanna Tonight,Chase Rice,51,7,
2015-01-03,51,She Does,Jackie Lee,52,14,
2015-01-03,52,Kinda Dig The Feeling,The Railers,53,10,Gains In Performance
2015-01-03,53,House Party,Sam Hunt,57,2,Gains In Performance
2015-01-03,54,Middle Of America,Will Hoge,54,7,Gains In Performance
2015-01-03,55,Christmas In Blue Chair Bay,Kenny Chesney,NEW,1,Highest ranking debut|Gains In Performance
2015-01-03,56,Broken Windshield View,Chris Lane,56,4,Gains In Performance
2015-01-03,57,Holly Jolly Christmas,Jerrod Niemann,NEW,1,Gains In Performance
2015-01-03,58,What God Wants For Christmas,Darius Rucker,NEW,1,Gains In Performance
2015-01-03,59,Lie A Little Better,Lucy Hale,58,17,
2015-01-03,60,Raised By A Good Time,Steven Lee Olsen,59,2,
2015-01-10,1,Shotgun Rider,Tim McGraw,1,17,
2015-01-10,2,Perfect Storm,Brad Paisley,2,18,
2015-01-10,3,Til It's Gone,Kenny Chesney,3,14,
2015-01-10,4,Talladega,Eric Church,5,15,
2015-01-10,5,Something In The Water,Carrie Underwood,4,13,
2015-01-10,6,Close Your Eyes,Parmalee,6,47,
2015-01-10,7,Sun Daze,Florida Georgia Line,7,12,
2015-01-10,8,I See You,Luke Bryan,8,8,
2015-01-10,9,Like A Cowboy,Randy Houser,9,32,
2015-01-10,10,Make Me Wanna,Thomas Rhett,11,22,
2015-01-10,11,Just Gettin' Started,Jason Aldean,14,10,
2015-01-10,12,Mean To Me,Brett Eldredge,10,25,
2015-01-10,13,Take It On Back,Chase Bryant,12,24,
2015-01-10,14,Lonely Tonight,Blake Shelton Featuring Ashley Monroe,15,7,
2015-01-10,15,Homegrown Honey,Darius Rucker,13,20,
2015-01-10,16,Drinking Class,Lee Brice,16,18,
2015-01-10,17,Lonely Eyes,Chris Young,19,20,
2015-01-10,18,God Made Girls,RaeLynn,18,26,
2015-01-10,19,Kiss You Tonight,David Nail,17,42,
2015-01-10,20,Freestyle,Lady Antebellum,20,11,
2015-01-10,21,Ain't Worth The Whiskey,Cole Swindell,23,12,Gains In Performance
2015-01-10,22,What We Ain't Got,Jake Owen,22,23,
2015-01-10,23,Show You Off,Dan + Shay,21,34,
2015-01-10,24,Say You Do,Dierks Bentley,24,13,
2015-01-10,25,Trailer Hitch,Kristian Bush,25,27,
2015-01-10,26,A Guy Walks Into A Bar,Tyler Farr,26,22,
2015-01-10,27,Drunk Americans,Toby Keith,27,11,
2015-01-10,28,Take Your Time,Sam Hunt,28,7,
2015-01-10,29,Baby Be My Love Song,Easton Corbin,29,16,
2015-01-10,30,She Don't Love You,Eric Paslay,31,11,
2015-01-10,31,Gentle On My Mind,The Band Perry,30,13,
2015-01-10,32,Don't It,Billy Currington,33,10,Gains In Performance
2015-01-10,33,Mom,Garth Brooks,32,6,
2015-01-10,34,Lay Low,Josh Turner,35,16,
2015-01-10,35,Trouble,Gloriana,37,10,
2015-01-10,36,Love Me Like You Mean It,Kelsea Ballerini,34,13,
2015-01-10,37,Hard To Be Cool,Joe Nichols,36,18,
2015-01-10,38,Love You Like That,Canaan Smith,38,21,
2015-01-10,39,Buzz Back Girl,Jerrod Niemann,39,24,
2015-01-10,40,When I've Been Drinkin',Jon Pardi,41,14,
2015-01-10,41,Headlights,Montgomery Gentry,40,19,
2015-01-10,42,One Hell Of An Amen,Brantley Gilbert,42,7,
2015-01-10,43,Hell Of A Night,Dustin Lynch,43,8,
2015-01-10,44,This Kind Of Town,Justin Moore,44,10,Gains In Performance
2015-01-10,45,Girl Crush,Little Big Town,45,3,Gains In Performance
2015-01-10,46,What God Wants For Christmas,Darius Rucker,58,2,Greatest gainer this week|Gains In Performance
2015-01-10,47,Pray For You,The Swon Brothers,46,9,
2015-01-10,48,Christmas In Blue Chair Bay,Kenny Chesney,55,2,Gains In Performance
2015-01-10,49,Hangin' Around,Josh Abbott Band,47,12,
2015-01-10,50,Riot,Rascal Flatts,48,5,
2015-01-10,51,Gonna Wanna Tonight,Chase Rice,50,8,Gains In Performance
2015-01-10,52,Eat Sleep Love You Repeat,Rodney Atkins,49,6,
2015-01-10,53,Holly Jolly Christmas,Jerrod Niemann,57,2,Gains In Performance
2015-01-10,54,Kinda Dig The Feeling,The Railers,52,11,
2015-01-10,55,She Does,Jackie Lee,51,15,
2015-01-10,56,Blue Christmas,Tyler Farr,NEW,1,Highest ranking debut|Gains In Performance
2015-01-10,57,House Party,Sam Hunt,53,3,
2015-01-10,58,Middle Of America,Will Hoge,54,8,
2015-01-10,59,I'll Be Home For Christmas,Darius Rucker,NEW,1,Gains In Performance
2015-01-10,60,Little Red Wagon,Miranda Lambert,NEW,1,Gains In Performance
2015-01-17,1,Perfect Storm,Brad Paisley,2,19,Greatest gainer this week|Gains In Performance
2015-01-17,2,Shotgun Rider,Tim McGraw,1,18,Gains In Performance
2015-01-17,3,Til It's Gone,Kenny Chesney,3,15,Gains In Performance
2015-01-17,4,Talladega,Eric Church,4,16,Gains In Performance
2015-01-17,5,Something In The Water,Carrie Underwood,5,14,Gains In Performance
2015-01-17,6,Close Your Eyes,Parmalee,6,48,Gains In Performance
2015-01-17,7,Sun Daze,Florida Georgia Line,7,13,Gains In Performance
2015-01-17,8,I See You,Luke Bryan,8,9,Gains In Performance
2015-01-17,9,Like A Cowboy,Randy Houser,9,33,Gains In Performance
2015-01-17,10,Make Me Wanna,Thomas Rhett,10,23,Gains In Performance
2015-01-17,11,Mean To Me,Brett Eldredge,12,26,Gains In Performance
2015-01-17,12,Just Gettin' Started,Jason Aldean,11,11,Gains In Performance
2015-01-17,13,Lonely Tonight,Blake Shelton Featuring Ashley Monroe,14,8,Gains In Performance
2015-01-17,14,Take It On Back,Chase Bryant,13,25,Gains In Performance
2015-01-17,15,Homegrown Honey,Darius Rucker,15,21,Gains In Performance
2015-01-17,16,Drinking Class,Lee Brice,16,19,Gains In Performance
2015-01-17,17,Lonely Eyes,Chris Young,17,21,Gains In Performance
2015-01-17,18,God Made Girls,RaeLynn,18,27,Gains In Performance
2015-01-17,19,Kiss You Tonight,David Nail,19,43,Gains In Performance
2015-01-17,20,Freestyle,Lady Antebellum,20,12,Gains In Performance
2015-01-17,21,Ain't Worth The Whiskey,Cole Swindell,21,13,Gains In Performance
2015-01-17,22,What We Ain't Got,Jake Owen,22,24,Gains In Performance
2015-01-17,23,Show You Off,Dan + Shay,23,35,Gains In Performance
2015-01-17,24,Say You Do,Dierks Bentley,24,14,Gains In Performance
2015-01-17,25,Trailer Hitch,Kristian Bush,25,28,Gains In Performance
2015-01-17,26,A Guy Walks Into A Bar,Tyler Farr,26,23,Gains In Performance
2015-01-17,27,Drunk Americans,Toby Keith,27,12,Gains In Performance
2015-01-17,28,Take Your Time,Sam Hunt,28,8,Gains In Performance
2015-01-17,29,Baby Be My Love Song,Easton Corbin,29,17,Gains In Performance
2015-01-17,30,She Don't Love You,Eric Paslay,30,12,Gains In Performance
2015-01-17,31,Gentle On My Mind,The Band Perry,31,14,Gains In Performance
2015-01-17,32,Don't It,Billy Currington,32,11,Gains In Performance
2015-01-17,33,Lay Low,Josh Turner,34,17,Gains In Performance
2015-01-17,34,Mom,Garth Brooks,33,7,Gains In Performance
2015-01-17,35,Hard To Be Cool,Joe Nichols,37,19,Gains In Performance
2015-01-17,36,Trouble,Gloriana,35,11,Gains In Performance
2015-01-17,37,Love Me Like You Mean It,Kelsea Ballerini,36,14,Gains In Performance
2015-01-17,38,Love You Like That,Canaan Smith,38,22,Gains In Performance
2015-01-17,39,Buzz Back Girl,Jerrod Niemann,39,25,Gains In Performance
2015-01-17,40,When I've Been Drinkin',Jon Pardi,40,15,Gains In Performance
2015-01-17,41,Headlights,Montgomery Gentry,41,20,Gains In Performance
2015-01-17,42,Girl Crush,Little Big Town,45,4,Gains In Performance
2015-01-17,43,Hell Of A Night,Dustin Lynch,43,9,Gains In Performance
2015-01-17,44,One Hell Of An Amen,Brantley Gilbert,42,8,Gains In Performance
2015-01-17,45,This Kind Of Town,Justin Moore,44,11,Gains In Performance
2015-01-17,46,Riot,Rascal Flatts,50,6,Gains In Performance
2015-01-17,47,Hangin' Around,Josh Abbott Band,49,13,Gains In Performance
2015-01-17,48,Pray For You,The Swon Brothers,47,10,Gains In Performance
2015-01-17,49,Gonna Wanna Tonight,Chase Rice,51,9,Gains In Performance
2015-01-17,50,Eat Sleep Love You Repeat,Rodney Atkins,52,7,Gains In Performance
2015-01-17,51,She Does,Jackie Lee,55,16,Gains In Performance
2015-01-17,52,Little Red Wagon,Miranda Lambert,60,2,Gains In Performance
2015-01-17,53,Middle Of America,Will Hoge,58,9,Gains In Performance
2015-01-17,54,Kinda Dig The Feeling,The Railers,54,12,Gains In Performance
2015-01-17,55,Save Your Breath,Josh Dorr,NEW,1,Highest ranking debut|Gains In Performance
2015-01-17,56,House Party,Sam Hunt,57,4,
2015-01-17,57,Raised By A Good Time,Steven Lee Olsen,RE,3,Gains In Performance
2015-01-17,58,Shut Me Up,Old Dominion,NEW,1,Gains In Performance
2015-01-17,59,Just Another Love Song,Haley & Michaels,NEW,1,Gains In Performance
2015-01-17,60,Broken Windshield View,Chris Lane,RE,5,
2015-01-24,1,Perfect Storm,Brad Paisley,1,20,Gains In Performance
2015-01-24,2,Til It's Gone,Kenny Chesney,3,16,Gains In Performance
2015-01-24,3,Talladega,Eric Church,4,17,Gains In Performance
2015-01-24,4,Something In The Water,Carrie Underwood,5,15,Gains In Performance
2015-01-24,5,Shotgun Rider,Tim McGraw,2,19,
2015-01-24,6,I See You,Luke Bryan,8,10,Greatest gainer this week|Gains In Performance
2015-01-24,7,Sun Daze,Florida Georgia Line,7,14,Gains In Performance
2015-01-24,8,Close Your Eyes,Parmalee,6,49,
2015-01-24,9,Like A Cowboy,Randy Houser,9,34,Gains In Performance
2015-01-24,10,Make Me Wanna,Thomas Rhett,10,24,Gains In Performance
2015-01-24,11,Just Gettin' Started,Jason Aldean,12,12,Gains In Performance
2015-01-24,12,Lonely Tonight,Blake Shelton Featuring Ashley Monroe,13,9,Gains In Performance
2015-01-24,13,Take It On Back,Chase Bryant,14,26,Gains In Performance
2015-01-24,14,Mean To Me,Brett Eldredge,11,27,Gains In Performance
2015-01-24,15,Homegrown Honey,Darius Rucker,15,22,Gains In Performance
2015-01-24,16,Drinking Class,Lee Brice,16,20,Gains In Performance
2015-01-24,17,Lonely Eyes,Chris Young,17,22,Gains In Performance
2015-01-24,18,God Made Girls,RaeLynn,18,28,Gains In Performance
2015-01-24,19,Kiss You Tonight,David Nail,19,44,Gains In Performance
2015-01-24,20,Freestyle,Lady Antebellum,20,13,Gains In Performance
2015-01-24,21,Ain't Worth The Whiskey,Cole Swindell,21,14,Gains In Performance
2015-01-24,22,What We Ain't Got,Jake Owen,22,25,Gains In Performance
2015-01-24,23,Say You Do,Dierks Bentley,24,15,Gains In Performance
2015-01-24,24,Trailer Hitch,Kristian Bush,25,29,Gains In Performance
2015-01-24,25,A Guy Walks Into A Bar,Tyler Farr,26,24,Gains In Performance
2015-01-24,26,Take Your Time,Sam Hunt,28,9,Gains In Performance
2015-01-24,27,She Don't Love You,Eric Paslay,30,13,Gains In Performance
2015-01-24,28,Drunk Americans,Toby Keith,27,13,Gains In Performance
2015-01-24,29,Baby Be My Love Song,Easton Corbin,29,18,Gains In Performance
2015-01-24,30,Don't It,Billy Currington,32,12,Gains In Performance
2015-01-24,31,Gentle On My Mind,The Band Perry,31,15,
2015-01-24,32,Lay Low,Josh Turner,33,18,Gains In Performance
2015-01-24,33,Trouble,Gloriana,36,12,Gains In Performance
2015-01-24,34,Mom,Garth Brooks,34,8,Gains In Performance
2015-01-24,35,Love Me Like You Mean It,Kelsea Ballerini,37,15,Gains In Performance
2015-01-24,36,Hard To Be Cool,Joe Nichols,35,20,Gains In Performance
2015-01-24,37,Love You Like That,Canaan Smith,38,23,Gains In Performance
2015-01-24,38,Girl Crush,Little Big Town,42,5,Gains In Performance
2015-01-24,39,When I've Been Drinkin',Jon Pardi,40,16,Gains In Performance
2015-01-24,40,Riot,Rascal Flatts,46,7,Gains In Performance
2015-01-24,41,Hell Of A Night,Dustin Lynch,43,10,Gains In Performance
2015-01-24,42,Headlights,Montgomery Gentry,41,21,
2015-01-24,43,One Hell Of An Amen,Brantley Gilbert,44,9,Gains In Performance
2015-01-24,44,This Kind Of Town,Justin Moore,45,12,Gains In Performance
2015-01-24,45,Going Out Like That,Reba,NEW,1,Highest ranking debut|Gains In Performance
2015-01-24,46,Little Red Wagon,Miranda Lambert,52,3,Gains In Performance
2015-01-24,47,Pray For You,The Swon Brothers,48,11,Gains In Performance
2015-01-24,48,Smoke,A Thousand Horses,NEW,1,Gains In Performance
2015-01-24,49,Gonna Wanna Tonight,Chase Rice,49,10,Gains In Performance
2015-01-24,50,Young & Crazy,Frankie Ballard,NEW,1,Gains In Performance
2015-01-24,51,Hangin' Around,Josh Abbott Band,47,14,
2015-01-24,52,She Does,Jackie Lee,51,17,Gains In Performance
2015-01-24,53,Eat Sleep Love You Repeat,Rodney Atkins,50,8,Gains In Performance
2015-01-24,54,Kinda Dig The Feeling,The Railers,54,13,Gains In Performance
2015-01-24,55,Middle Of America,Will Hoge,53,10,
2015-01-24,56,Better Than You Left Me,Mickey Guyton,NEW,1,Gains In Performance
2015-01-24,57,Save Your Breath,Josh Dorr,55,2,Gains In Performance
2015-01-24,58,House Party,Sam Hunt,56,5,Gains In Performance
2015-01-24,59,Raised By A Good Time,Steven Lee Olsen,57,4,Gains In Performance
2015-01-24,60,Shut Me Up,Old Dominion,58,2,
2015-01-31,1,Til It's Gone,Kenny Chesney,2,17,Gains In Performance
2015-01-31,2,Talladega,Eric Church,3,18,Gains In Performance
2015-01-31,3,I See You,Luke Bryan,6,11,Gains In Performance
2015-01-31,4,Something In The Water,Carrie Underwood,4,16,Gains In Performance
2015-01-31,5,Sun Daze,Florida Georgia Line,7,15,Gains In Performance
2015-01-31,6,Perfect Storm,Brad Paisley,1,21,
2015-01-31,7,Like A Cowboy,Randy Houser,9,35,Gains In Performance
2015-01-31,8,Make Me Wanna,Thomas Rhett,10,25,Gains In Performance
2015-01-31,9,Just Gettin' Started,Jason Aldean,11,13,Gains In Performance
2015-01-31,10,Lonely Tonight,Blake Shelton Featuring Ashley Monroe,12,10,Gains In Performance
2015-01-31,11,Shotgun Rider,Tim McGraw,5,20,
2015-01-31,12,Mean To Me,Brett Eldredge,14,28,Gains In Performance
2015-01-31,13,Take It On Back,Chase Bryant,13,27,Gains In Performance
2015-01-31,14,Homegrown Honey,Darius Rucker,15,23,Gains In Performance
2015-01-31,15,Drinking Class,Lee Brice,16,21,Gains In Performance
2015-01-31,16,Lonely Eyes,Chris Young,17,23,Gains In Performance
2015-01-31,17,Ain't Worth The Whiskey,Cole Swindell,21,15,Gains In Performance
2015-01-31,18,Kiss You Tonight,David Nail,19,45,Gains In Performance
2015-01-31,19,Freestyle,Lady Antebellum,20,14,Gains In Performance
2015-01-31,20,What We Ain't Got,Jake Owen,22,26,Gains In Performance
2015-01-31,21,Say You Do,Dierks Bentley,23,16,Gains In Performance
2015-01-31,22,Trailer Hitch,Kristian Bush,24,30,Gains In Performance
2015-01-31,23,Homegrown,Zac Brown Band,NEW,1,Gains In Performance
2015-01-31,24,A Guy Walks Into A Bar,Tyler Farr,25,25,Gains In Performance
2015-01-31,25,Take Your Time,Sam Hunt,26,10,Gains In Performance
2015-01-31,26,Smoke,A Thousand Horses,48,2,Gains In Performance
2015-01-31,27,Baby Be My Love Song,Easton Corbin,29,19,Gains In Performance
2015-01-31,28,She Don't Love You,Eric Paslay,27,14,Gains In Performance
2015-01-31,29,Drunk Americans,Toby Keith,28,14,Gains In Performance
2015-01-31,30,Don't It,Billy Currington,30,13,Gains In Performance
2015-01-31,31,Hard To Be Cool,Joe Nichols,36,21,Gains In Performance
2015-01-31,32,Trouble,Gloriana,33,13,Gains In Performance
2015-01-31,33,Lay Low,Josh Turner,32,19,Gains In Performance
2015-01-31,34,Love You Like That,Canaan Smith,37,24,Gains In Performance
2015-01-31,35,Gentle On My Mind,The Band Perry,31,16,
2015-01-31,36,Love Me Like You Mean It,Kelsea Ballerini,35,16,Gains In Performance
2015-01-31,37,Girl Crush,Little Big Town,38,6,Gains In Performance
2015-01-31,38,Little Red Wagon,Miranda Lambert,46,4,Gains In Performance
2015-01-31,39,Mom,Garth Brooks,34,9,
2015-01-31,40,When I've Been Drinkin',Jon Pardi,39,17,Gains In Performance
2015-01-31,41,Riot,Rascal Flatts,40,8,Gains In Performance
2015-01-31,42,Young & Crazy,Frankie Ballard,50,2,Gains In Performance
2015-01-31,43,Hell Of A Night,Dustin Lynch,41,11,Gains In Performance
2015-01-31,44,Going Out Like That,Reba,45,2,Gains In Performance
2015-01-31,45,Headlights,Montgomery Gentry,42,22,
2015-01-31,46,This Kind Of Town,Justin Moore,44,13,Gains In Performance
2015-01-31,47,One Hell Of An Amen,Brantley Gilbert,43,10,
2015-01-31,48,Pray For You,The Swon Brothers,47,12,Gains In Performance
2015-01-31,49,Better Than You Left Me,Mickey Guyton,56,2,Gains In Performance
2015-01-31,50,Gonna Wanna Tonight,Chase Rice,49,11,
2015-01-31,51,Eat Sleep Love You Repeat,Rodney Atkins,53,9,Gains In Performance
2015-01-31,52,She Does,Jackie Lee,52,18,Gains In Performance
2015-01-31,53,Raise 'Em Up,Keith Urban Featuring Eric Church,NEW,1,Gains In Performance
2015-01-31,54,Hangin' Around,Josh Abbott Band,51,15,
2015-01-31,55,Middle Of America,Will Hoge,55,11,
2015-01-31,56,House Party,Sam Hunt,58,6,Gains In Performance
2015-01-31,57,Save Your Breath,Josh Dorr,57,3,Gains In Performance
2015-01-31,58,Raised By A Good Time,Steven Lee Olsen,59,5,Gains In Performance
2015-01-31,59,Run Away With You,Big & Rich,NEW,1,Gains In Performance
2015-01-31,60,All Country On You,Austin Webb,NEW,1,Gains In Performance
2015-02-07,1,Talladega,Eric Church,2,19,Gains In Performance
2015-02-07,2,I See You,Luke Bryan,3,12,Gains In Performance
2015-02-07,3,Something In The Water,Carrie Underwood,4,17,Gains In Performance
2015-02-07,4,Sun Daze,Florida Georgia Line,5,16,Gains In Performance
2015-02-07,5,Til It's Gone,Kenny Chesney,1,18,
2015-02-07,6,Make Me Wanna,Thomas Rhett,8,26,Gains In Performance
2015-02-07,7,Like A Cowboy,Randy Houser,7,36,Gains In Performance
2015-02-07,8,Lonely Tonight,Blake Shelton Featuring Ashley Monroe,10,11,Greatest gainer this week|Gains In Performance
2015-02-07,9,Just Gettin' Started,Jason Aldean,9,14,Gains In Performance
2015-02-07,10,Mean To Me,Brett Eldredge,12,29,Gains In Performance
2015-02-07,11,Take It On Back,Chase Bryant,13,28,Gains In Performance
2015-02-07,12,Homegrown Honey,Darius Rucker,14,24,Gains In Performance
2015-02-07,13,Drinking Class,Lee Brice,15,22,Gains In Performance
2015-02-07,14,Lonely Eyes,Chris Young,16,24,Gains In Performance
2015-02-07,15,Ain't Worth The Whiskey,Cole Swindell,17,16,Gains In Performance
2015-02-07,16,God Made Girls,RaeLynn,RE,29,Gains In Performance
2015-02-07,17,Freestyle,Lady Antebellum,19,15,Gains In Performance
2015-02-07,18,What We Ain't Got,Jake Owen,20,27,Gains In Performance
2015-02-07,19,Say You Do,Dierks Bentley,21,17,Gains In Performance
2015-02-07,20,Take Your Time,Sam Hunt,25,11,Gains In Performance
2015-02-07,21,A Guy Walks Into A Bar,Tyler Farr,24,26,Gains In Performance
2015-02-07,22,Trailer Hitch,Kristian Bush,22,31,Gains In Performance
2015-02-07,23,Homegrown,Zac Brown Band,23,2,Gains In Performance
2015-02-07,24,Smoke,A Thousand Horses,26,3,Gains In Performance
2015-02-07,25,Baby Be My Love Song,Easton Corbin,27,20,Gains In Performance
2015-02-07,26,She Don't Love You,Eric Paslay,28,15,Gains In Performance
2015-02-07,27,Little Red Wagon,Miranda Lambert,38,5,Gains In Performance
2015-02-07,28,Don't It,Billy Currington,30,14,Gains In Performance
2015-02-07,29,Drunk Americans,Toby Keith,29,15,
2015-02-07,30,Love Me Like You Mean It,Kelsea Ballerini,36,17,Gains In Performance
2015-02-07,31,Girl Crush,Little Big Town,37,7,Gains In Performance
2015-02-07,32,Hard To Be Cool,Joe Nichols,31,22,
2015-02-07,33,Love You Like That,Canaan Smith,34,25,Gains In Performance
2015-02-07,34,Lay Low,Josh Turner,33,20,Gains In Performance
2015-02-07,35,Trouble,Gloriana,32,14,
2015-02-07,36,Mom,Garth Brooks,39,10,
2015-02-07,37,Riot,Rascal Flatts,41,9,Gains In Performance
2015-02-07,38,When I've Been Drinkin',Jon Pardi,40,18,
2015-02-07,39,Young & Crazy,Frankie Ballard,42,3,Gains In Performance
2015-02-07,40,Raise 'Em Up,Keith Urban Featuring Eric Church,53,2,Gains In Performance
2015-02-07,41,Hell Of A Night,Dustin Lynch,43,12,Gains In Performance
2015-02-07,42,Going Out Like That,Reba,44,3,Gains In Performance
2015-02-07,43,One Hell Of An Amen,Brantley Gilbert,47,11,Gains In Performance
2015-02-07,44,This Kind Of Town,Justin Moore,46,14,Gains In Performance
2015-02-07,45,Better Than You Left Me,Mickey Guyton,49,3,Gains In Performance
2015-02-07,46,Pray For You,The Swon Brothers,48,13,Gains In Performance
2015-02-07,47,Gonna Wanna Tonight,Chase Rice,50,12,Gains In Performance
2015-02-07,48,Eat Sleep Love You Repeat,Rodney Atkins,51,10,
2015-02-07,49,She Does,Jackie Lee,52,19,
2015-02-07,50,I'm To Blame,Kip Moore,NEW,1,Highest ranking debut|Gains In Performance
2015-02-07,51,Diamond Rings And Old Barstools,Tim McGraw With Catherine Dunn,NEW,1,Gains In Performance
2015-02-07,52,Save Your Breath,Josh Dorr,57,4,Gains In Performance
2015-02-07,53,Fly,Maddie & Tae,NEW,1,Gains In Performance
2015-02-07,54,Crushin' It,Brad Paisley,NEW,1,Gains In Performance
2015-02-07,55,Run Away With You,Big & Rich,59,2,Gains In Performance
2015-02-07,56,Wild Child,Kenny Chesney With Grace Potter,NEW,1,Gains In Performance
2015-02-07,57,All Country On You,Austin Webb,60,2,Gains In Performance
2015-02-07,58,House Party,Sam Hunt,56,7,
2015-02-07,59,Just Another Love Song,Haley & Michaels,RE,2,Gains In Performance
2015-02-07,60,Raised By A Good Time,Steven Lee Olsen,58,6,
2015-02-14,1,I See You,Luke Bryan,2,13,Gains In Performance
2015-02-14,2,Talladega,Eric Church,1,20,
2015-02-14,3,Sun Daze,Florida Georgia Line,4,17,Gains In Performance
2015-02-14,4,Make Me Wanna,Thomas Rhett,6,27,Gains In Performance
2015-02-14,5,Like A Cowboy,Randy Houser,7,37,Gains In Performance
2015-02-14,6,Lonely Tonight,Blake Shelton Featuring Ashley Monroe,8,12,Gains In Performance
2015-02-14,7,Just Gettin' Started,Jason Aldean,9,15,Gains In Performance
2015-02-14,8,Something In The Water,Carrie Underwood,3,18,
2015-02-14,9,Mean To Me,Brett Eldredge,10,30,Gains In Performance
2015-02-14,10,Take It On Back,Chase Bryant,11,29,
2015-02-14,11,Homegrown Honey,Darius Rucker,12,25,Gains In Performance
2015-02-14,12,Lonely Eyes,Chris Young,14,25,Gains In Performance
2015-02-14,13,Til It's Gone,Kenny Chesney,5,19,
2015-02-14,14,Drinking Class,Lee Brice,13,23,Gains In Performance
2015-02-14,15,Ain't Worth The Whiskey,Cole Swindell,15,17,Gains In Performance
2015-02-14,16,Freestyle,Lady Antebellum,17,16,Gains In Performance
2015-02-14,17,What We Ain't Got,Jake Owen,18,28,Gains In Performance
2015-02-14,18,Say You Do,Dierks Bentley,19,18,Gains In Performance
2015-02-14,19,Homegrown,Zac Brown Band,23,3,Gains In Performance
2015-02-14,20,Take Your Time,Sam Hunt,20,12,Gains In Performance
2015-02-14,21,A Guy Walks Into A Bar,Tyler Farr,21,27,Gains In Performance
2015-02-14,22,Smoke,A Thousand Horses,24,4,Gains In Performance
2015-02-14,23,Trailer Hitch,Kristian Bush,22,32,Gains In Performance
2015-02-14,24,She Don't Love You,Eric Paslay,26,16,Gains In Performance
2015-02-14,25,Little Red Wagon,Miranda Lambert,27,6,Gains In Performance
2015-02-14,26,Baby Be My Love Song,Easton Corbin,25,21,Gains In Performance
2015-02-14,27,Don't It,Billy Currington,28,15,Gains In Performance
2015-02-14,28,Raise 'Em Up,Keith Urban Featuring Eric Church,40,3,Gains In Performance
2015-02-14,29,Drunk Americans,Toby Keith,29,16,
2015-02-14,30,Hard To Be Cool,Joe Nichols,32,23,Gains In Performance
2015-02-14,31,Trouble,Gloriana,35,15,Gains In Performance
2015-02-14,32,Love Me Like You Mean It,Kelsea Ballerini,30,18,Gains In Performance
2015-02-14,33,Love You Like That,Canaan Smith,33,26,Gains In Performance
2015-02-14,34,Lay Low,Josh Turner,34,21,Gains In Performance
2015-02-14,35,Girl Crush,Little Big Town,31,8,
2015-02-14,36,Diamond Rings And Old Barstools,Tim McGraw With Catherine Dunn,51,2,Gains In Performance
2015-02-14,37,Riot,Rascal Flatts,37,10,Gains In Performance
2015-02-14,38,When I've Been Drinkin',Jon Pardi,38,19,Gains In Performance
2015-02-14,39,Hell Of A Night,Dustin Lynch,41,13,Gains In Performance
2015-02-14,40,Young & Crazy,Frankie Ballard,39,4,Gains In Performance
2015-02-14,41,Going Out Like That,Reba,42,4,Gains In Performance
2015-02-14,42,One Hell Of An Amen,Brantley Gilbert,43,12,Gains In Performance
2015-02-14,43,Better Than You Left Me,Mickey Guyton,45,4,Gains In Performance
2015-02-14,44,Crushin' It,Brad Paisley,54,2,Gains In Performance
2015-02-14,45,This Kind Of Town,Justin Moore,44,15,Gains In Performance
2015-02-14,46,I'm To Blame,Kip Moore,50,2,Gains In Performance
2015-02-14,47,Gonna Wanna Tonight,Chase Rice,47,13,Gains In Performance
2015-02-14,48,Pray For You,The Swon Brothers,46,14,
2015-02-14,49,Wild Child,Kenny Chesney With Grace Potter,56,2,Gains In Performance
2015-02-14,50,Fly,Maddie & Tae,53,2,Gains In Performance
2015-02-14,51,Eat Sleep Love You Repeat,Rodney Atkins,48,11,Gains In Performance
2015-02-14,52,She Does,Jackie Lee,49,20,
2015-02-14,53,Run Away With You,Big & Rich,55,3,Gains In Performance
2015-02-14,54,Save Your Breath,Josh Dorr,52,5,
2015-02-14,55,Sippin' On Fire,Florida Georgia Line,NEW,1,Highest ranking debut|Gains In Performance
2015-02-14,56,All Country On You,Austin Webb,57,3,Gains In Performance
2015-02-14,57,Country,Mo Pitney,NEW,1,Gains In Performance
2015-02-14,58,Raised By A Good Time,Steven Lee Olsen,60,7,
2015-02-14,59,Break Up With Him,Old Dominion,NEW,1,Gains In Performance
2015-02-14,60,Just Another Love Song,Haley & Michaels,59,3,
2015-02-21,1,I See You,Luke Bryan,1,14,Gains In Performance
2015-02-21,2,Sun Daze,Florida Georgia Line,3,18,Gains In Performance
2015-02-21,3,Make Me Wanna,Thomas Rhett,4,28,Gains In Performance
2015-02-21,4,Lonely Tonight,Blake Shelton Featuring Ashley Monroe,6,13,Gains In Performance
2015-02-21,5,Like A Cowboy,Randy Houser,5,38,Gains In Performance
2015-02-21,6,Just Gettin' Started,Jason Aldean,7,16,Gains In Performance
2015-02-21,7,Talladega,Eric Church,2,21,
2015-02-21,8,Mean To Me,Brett Eldredge,9,31,Gains In Performance
2015-02-21,9,Take It On Back,Chase Bryant,10,30,Gains In Performance
2015-02-21,10,Homegrown Honey,Darius Rucker,11,26,Gains In Performance
2015-02-21,11,Lonely Eyes,Chris Young,12,26,Gains In Performance
2015-02-21,12,Drinking Class,Lee Brice,14,24,Gains In Performance
2015-02-21,13,Ain't Worth The Whiskey,Cole Swindell,15,18,Gains In Performance
2015-02-21,14,Homegrown,Zac Brown Band,19,4,Greatest gainer this week|Gains In Performance
2015-02-21,15,Something In The Water,Carrie Underwood,8,19,
2015-02-21,16,What We Ain't Got,Jake Owen,17,29,Gains In Performance
2015-02-21,17,Say You Do,Dierks Bentley,18,19,Gains In Performance
2015-02-21,18,Freestyle,Lady Antebellum,16,17,Gains In Performance
2015-02-21,19,Take Your Time,Sam Hunt,20,13,Gains In Performance
2015-02-21,20,A Guy Walks Into A Bar,Tyler Farr,21,28,Gains In Performance
2015-02-21,21,Smoke,A Thousand Horses,22,5,Gains In Performance
2015-02-21,22,Trailer Hitch,Kristian Bush,23,33,Gains In Performance
2015-02-21,23,She Don't Love You,Eric Paslay,24,17,Gains In Performance
2015-02-21,24,Raise 'Em Up,Keith Urban Featuring Eric Church,28,4,Gains In Performance
2015-02-21,25,Little Red Wagon,Miranda Lambert,25,7,Gains In Performance
2015-02-21,26,Don't It,Billy Currington,27,16,Gains In Performance
2015-02-21,27,Baby Be My Love Song,Easton Corbin,26,22,Gains In Performance
2015-02-21,28,Hard To Be Cool,Joe Nichols,30,24,Gains In Performance
2015-02-21,29,Drunk Americans,Toby Keith,29,17,Gains In Performance
2015-02-21,30,Lay Low,Josh Turner,34,22,Gains In Performance
2015-02-21,31,Trouble,Gloriana,31,16,Gains In Performance
2015-02-21,32,Love Me Like You Mean It,Kelsea Ballerini,32,19,Gains In Performance
2015-02-21,33,Diamond Rings And Old Barstools,Tim McGraw With Catherine Dunn,36,3,Gains In Performance
2015-02-21,34,Love You Like That,Canaan Smith,33,27,Gains In Performance
2015-02-21,35,Girl Crush,Little Big Town,35,9,Gains In Performance
2015-02-21,36,Wild Child,Kenny Chesney With Grace Potter,49,3,Gains In Performance
2015-02-21,37,Riot,Rascal Flatts,37,11,Gains In Performance
2015-02-21,38,Crushin' It,Brad Paisley,44,3,Gains In Performance
2015-02-21,39,I'm To Blame,Kip Moore,46,3,Gains In Performance
2015-02-21,40,Going Out Like That,Reba,41,5,Gains In Performance
2015-02-21,41,Hell Of A Night,Dustin Lynch,39,14,Gains In Performance
2015-02-21,42,One Hell Of An Amen,Brantley Gilbert,42,13,Gains In Performance
2015-02-21,43,Young & Crazy,Frankie Ballard,40,5,Gains In Performance
2015-02-21,44,When I've Been Drinkin',Jon Pardi,38,20,
2015-02-21,45,Better Than You Left Me,Mickey Guyton,43,5,Gains In Performance
2015-02-21,46,This Kind Of Town,Justin Moore,45,16,
2015-02-21,47,Gonna Wanna Tonight,Chase Rice,47,14,Gains In Performance
2015-02-21,48,Pray For You,The Swon Brothers,48,15,Gains In Performance
2015-02-21,49,Fly,Maddie & Tae,50,3,Gains In Performance
2015-02-21,50,Run Away With You,Big & Rich,53,4,Gains In Performance
2015-02-21,51,Eat Sleep Love You Repeat,Rodney Atkins,51,12,
2015-02-21,52,Little Toy Guns,Carrie Underwood,NEW,1,Highest ranking debut|Gains In Performance
2015-02-21,53,All Country On You,Austin Webb,56,4,Gains In Performance
2015-02-21,54,Save Your Breath,Josh Dorr,54,6,Gains In Performance
2015-02-21,55,Already Callin' You Mine,Parmalee,NEW,1,Gains In Performance
2015-02-21,56,Sippin' On Fire,Florida Georgia Line,55,2,
2015-02-21,57,Country,Mo Pitney,57,2,Gains In Performance
2015-02-21,58,House Party,Sam Hunt,RE,8,Gains In Performance
2015-02-21,59,Break Up With Him,Old Dominion,59,2,Gains In Performance
2015-02-21,60,Just Another Love Song,Haley & Michaels,60,4,Gains In Performance
2015-02-28,1,Sun Daze,Florida Georgia Line,2,19,Gains In Performance
2015-02-28,2,Make Me Wanna,Thomas Rhett,3,29,Gains In Performance
2015-02-28,3,I See You,Luke Bryan,1,15,
2015-02-28,4,Lonely Tonight,Blake Shelton Featuring Ashley Monroe,4,14,Gains In Performance
2015-02-28,5,Like A Cowboy,Randy Houser,5,39,Gains In Performance
2015-02-28,6,Just Gettin' Started,Jason Aldean,6,17,Gains In Performance
2015-02-28,7,Mean To Me,Brett Eldredge,8,32,Gains In Performance
2015-02-28,8,Lonely Eyes,Chris Young,11,27,Gains In Performance
2015-02-28,9,Homegrown Honey,Darius Rucker,10,27,Gains In Performance
2015-02-28,10,Take It On Back,Chase Bryant,9,31,Gains In Performance
2015-02-28,11,Drinking Class,Lee Brice,12,25,Gains In Performance
2015-02-28,12,Ain't Worth The Whiskey,Cole Swindell,13,19,Gains In Performance
2015-02-28,13,Homegrown,Zac Brown Band,14,5,Greatest gainer this week|Gains In Performance
2015-02-28,14,Take Your Time,Sam Hunt,19,14,Gains In Performance
2015-02-28,15,Say You Do,Dierks Bentley,17,20,Gains In Performance
2015-02-28,16,What We Ain't Got,Jake Owen,16,30,
2015-02-28,17,Freestyle,Lady Antebellum,18,18,
2015-02-28,18,A Guy Walks Into A Bar,Tyler Farr,20,29,Gains In Performance
2015-02-28,19,Smoke,A Thousand Horses,21,6,Gains In Performance
2015-02-28,20,Raise 'Em Up,Keith Urban Featuring Eric Church,24,5,Gains In Performance
2015-02-28,21,Trailer Hitch,Kristian Bush,22,34,Gains In Performance
2015-02-28,22,Little Red Wagon,Miranda Lambert,25,8,Gains In Performance
2015-02-28,23,She Don't Love You,Eric Paslay,23,18,Gains In Performance
2015-02-28,24,Don't It,Billy Currington,26,17,Gains In Performance
2015-02-28,25,Baby Be My Love Song,Easton Corbin,27,23,Gains In Performance
2015-02-28,26,Wild Child,Kenny Chesney With Grace Potter,36,4,Gains In Performance
2015-02-28,27,Diamond Rings And Old Barstools,Tim McGraw With Catherine Dunn,33,4,Gains In Performance
2015-02-28,28,Hard To Be Cool,Joe Nichols,28,25,Gains In Performance
2015-02-28,29,Drunk Americans,Toby Keith,29,18,Gains In Performance
2015-02-28,30,Love You Like That,Canaan Smith,34,28,Gains In Performance
2015-02-28,31,Love Me Like You Mean It,Kelsea Ballerini,32,20,Gains In Performance
2015-02-28,32,Lay Low,Josh Turner,30,23,
2015-02-28,33,Trouble,Gloriana,31,17,Gains In Performance
2015-02-28,34,Crushin' It,Brad Paisley,38,4,Gains In Performance
2015-02-28,35,Girl Crush,Little Big Town,35,10,
2015-02-28,36,Riot,Rascal Flatts,37,12,Gains In Performance
2015-02-28,37,I'm To Blame,Kip Moore,39,4,Gains In Performance
2015-02-28,38,One Hell Of An Amen,Brantley Gilbert,42,14,Gains In Performance
2015-02-28,39,Hell Of A Night,Dustin Lynch,41,15,Gains In Performance
2015-02-28,40,Young & Crazy,Frankie Ballard,43,6,Gains In Performance
2015-02-28,41,Going Out Like That,Reba,40,6,
2015-02-28,42,Better Than You Left Me,Mickey Guyton,45,6,Gains In Performance
2015-02-28,43,Little Toy Guns,Carrie Underwood,52,2,Gains In Performance
2015-02-28,44,This Kind Of Town,Justin Moore,46,17,
2015-02-28,45,Fly,Maddie & Tae,49,4,Gains In Performance
2015-02-28,46,Gonna Wanna Tonight,Chase Rice,47,15,Gains In Performance
2015-02-28,47,Pray For You,The Swon Brothers,48,16,Gains In Performance
2015-02-28,48,Run Away With You,Big & Rich,50,5,Gains In Performance
2015-02-28,49,Eat Sleep Love You Repeat,Rodney Atkins,51,13,Gains In Performance
2015-02-28,50,Already Callin' You Mine,Parmalee,55,2,Gains In Performance
2015-02-28,51,Save Your Breath,Josh Dorr,54,7,Gains In Performance
2015-02-28,52,Sippin' On Fire,Florida Georgia Line,56,3,Gains In Performance
2015-02-28,53,Country,Mo Pitney,57,3,Gains In Performance
2015-02-28,54,Kiss You In The Morning,Michael Ray,NEW,1,Highest ranking debut|Gains In Performance
2015-02-28,55,All Country On You,Austin Webb,53,5,Gains In Performance
2015-02-28,56,Break Up With Him,Old Dominion,59,3,Gains In Performance
2015-02-28,57,House Party,Sam Hunt,58,9,
2015-02-28,58,My Mistake,Cam,NEW,1,Gains In Performance
2015-02-28,59,Just Another Love Song,Haley & Michaels,60,5,Gains In Performance
2015-02-28,60,Hit The Road,Waterloo Revival,NEW,1,Gains In Performance
2015-03-07,1,Make Me Wanna,Thomas Rhett,2,30,Gains In Performance
2015-03-07,2,Lonely Tonight,Blake Shelton Featuring Ashley Monroe,4,15,Gains In Performance
2015-03-07,3,Like A Cowboy,Randy Houser,5,40,Gains In Performance
2015-03-07,4,Mean To Me,Brett Eldredge,7,33,Gains In Performance
2015-03-07,5,Just Gettin' Started,Jason Aldean,6,18,Gains In Performance
2015-03-07,6,Sun Daze,Florida Georgia Line,1,20,
2015-03-07,7,I See You,Luke Bryan,3,16,
2015-03-07,8,Lonely Eyes,Chris Young,8,28,Gains In Performance
2015-03-07,9,Homegrown Honey,Darius Rucker,9,28,Gains In Performance
2015-03-07,10,Ain't Worth The Whiskey,Cole Swindell,12,20,Gains In Performance
2015-03-07,11,Drinking Class,Lee Brice,11,26,Gains In Performance
2015-03-07,12,Take It On Back,Chase Bryant,10,32,
2015-03-07,13,Homegrown,Zac Brown Band,13,6,Gains In Performance
2015-03-07,14,Take Your Time,Sam Hunt,14,15,Gains In Performance
2015-03-07,15,Say You Do,Dierks Bentley,15,21,Gains In Performance
2015-03-07,16,What We Ain't Got,Jake Owen,16,31,Gains In Performance
2015-03-07,17,Raise 'Em Up,Keith Urban Featuring Eric Church,20,6,Gains In Performance
2015-03-07,18,A Guy Walks Into A Bar,Tyler Farr,18,30,Gains In Performance
2015-03-07,19,Smoke,A Thousand Horses,19,7,Gains In Performance
2015-03-07,20,Freestyle,Lady Antebellum,17,19,
2015-03-07,21,Little Red Wagon,Miranda Lambert,22,9,Gains In Performance
2015-03-07,22,She Don't Love You,Eric Paslay,23,19,Gains In Performance
2015-03-07,23,Don't It,Billy Currington,24,18,Gains In Performance
2015-03-07,24,Baby Be My Love Song,Easton Corbin,25,24,Gains In Performance
2015-03-07,25,Wild Child,Kenny Chesney With Grace Potter,26,5,Gains In Performance
2015-03-07,26,Diamond Rings And Old Barstools,Tim McGraw With Catherine Dunn,27,5,Gains In Performance
2015-03-07,27,Hard To Be Cool,Joe Nichols,28,26,Gains In Performance
2015-03-07,28,Love You Like That,Canaan Smith,30,29,Gains In Performance
2015-03-07,29,Love Me Like You Mean It,Kelsea Ballerini,31,21,Gains In Performance
2015-03-07,30,Lay Low,Josh Turner,32,24,Gains In Performance
2015-03-07,31,Drunk Americans,Toby Keith,29,19,
2015-03-07,32,Crushin' It,Brad Paisley,34,5,Gains In Performance
2015-03-07,33,Trouble,Gloriana,33,18,Gains In Performance
2015-03-07,34,Riot,Rascal Flatts,36,13,Gains In Performance
2015-03-07,35,Girl Crush,Little Big Town,35,11,Gains In Performance
2015-03-07,36,I'm To Blame,Kip Moore,37,5,Gains In Performance
2015-03-07,37,One Hell Of An Amen,Brantley Gilbert,38,15,Gains In Performance
2015-03-07,38,Young & Crazy,Frankie Ballard,40,7,Gains In Performance
2015-03-07,39,Little Toy Guns,Carrie Underwood,43,3,Gains In Performance
2015-03-07,40,Hell Of A Night,Dustin Lynch,39,16,Gains In Performance
2015-03-07,41,Going Out Like That,Reba,41,7,Gains In Performance
2015-03-07,42,Better Than You Left Me,Mickey Guyton,42,7,
2015-03-07,43,Fly,Maddie & Tae,45,5,Gains In Performance
2015-03-07,44,Gonna Wanna Tonight,Chase Rice,46,16,Gains In Performance
2015-03-07,45,Pray For You,The Swon Brothers,47,17,Gains In Performance
2015-03-07,46,Run Away With You,Big & Rich,48,6,Gains In Performance
2015-03-07,47,Sippin' On Fire,Florida Georgia Line,52,4,Gains In Performance
2015-03-07,48,Already Callin' You Mine,Parmalee,50,3,Gains In Performance
2015-03-07,49,Kiss You In The Morning,Michael Ray,54,2,Gains In Performance
2015-03-07,50,Eat Sleep Love You Repeat,Rodney Atkins,49,14,
2015-03-07,51,Country,Mo Pitney,53,4,Gains In Performance
2015-03-07,52,Break Up With Him,Old Dominion,56,4,Gains In Performance
2015-03-07,53,Save Your Breath,Josh Dorr,51,8,Gains In Performance
2015-03-07,54,All Country On You,Austin Webb,55,6,Gains In Performance
2015-03-07,55,Like A Wrecking Ball,Eric Church,NEW,1,Highest ranking debut|Gains In Performance
2015-03-07,56,My Mistake,Cam,58,2,Gains In Performance
2015-03-07,57,Hit The Road,Waterloo Revival,60,2,Gains In Performance
2015-03-07,58,Riser,Dierks Bentley,NEW,1,Gains In Performance
2015-03-07,59,Nothin' Like You,Dan + Shay,NEW,1,Gains In Performance
2015-03-07,60,Just Another Love Song,Haley & Michaels,59,6,
2015-03-14,1,Lonely Tonight,Blake Shelton Featuring Ashley Monroe,2,16,Gains In Performance
2015-03-14,2,Make Me Wanna,Thomas Rhett,1,31,
2015-03-14,3,Just Gettin' Started,Jason Aldean,5,19,Gains In Performance
2015-03-14,4,Like A Cowboy,Randy Houser,3,41,Gains In Performance
2015-03-14,5,Mean To Me,Brett Eldredge,4,34,Gains In Performance
2015-03-14,6,Lonely Eyes,Chris Young,8,29,Gains In Performance
2015-03-14,7,Ain't Worth The Whiskey,Cole Swindell,10,21,Gains In Performance
2015-03-14,8,Homegrown Honey,Darius Rucker,9,29,Gains In Performance
2015-03-14,9,Drinking Class,Lee Brice,11,27,Gains In Performance
2015-03-14,10,Take Your Time,Sam Hunt,14,16,Greatest gainer this week|Gains In Performance
2015-03-14,11,Homegrown,Zac Brown Band,13,7,Gains In Performance
2015-03-14,12,Say You Do,Dierks Bentley,15,22,Gains In Performance
2015-03-14,13,Raise 'Em Up,Keith Urban Featuring Eric Church,17,7,Gains In Performance
2015-03-14,14,A Guy Walks Into A Bar,Tyler Farr,18,31,Gains In Performance
2015-03-14,15,What We Ain't Got,Jake Owen,16,32,
2015-03-14,16,Smoke,A Thousand Horses,19,8,Gains In Performance
2015-03-14,17,Little Red Wagon,Miranda Lambert,21,10,Gains In Performance
2015-03-14,18,Don't It,Billy Currington,23,19,Gains In Performance
2015-03-14,19,She Don't Love You,Eric Paslay,22,20,Gains In Performance
2015-03-14,20,Wild Child,Kenny Chesney With Grace Potter,25,6,Gains In Performance
2015-03-14,21,Baby Be My Love Song,Easton Corbin,24,25,Gains In Performance
2015-03-14,22,Diamond Rings And Old Barstools,Tim McGraw With Catherine Dunn,26,6,Gains In Performance
2015-03-14,23,Hard To Be Cool,Joe Nichols,27,27,Gains In Performance
2015-03-14,24,Crushin' It,Brad Paisley,32,6,Gains In Performance
2015-03-14,25,Love Me Like You Mean It,Kelsea Ballerini,29,22,Gains In Performance
2015-03-14,26,Love You Like That,Canaan Smith,28,30,Gains In Performance
2015-03-14,27,Little Toy Guns,Carrie Underwood,39,4,Gains In Performance
2015-03-14,28,Lay Low,Josh Turner,30,25,Gains In Performance
2015-03-14,29,Trouble,Gloriana,33,19,Gains In Performance
2015-03-14,30,Girl Crush,Little Big Town,35,12,Gains In Performance
2015-03-14,31,Riot,Rascal Flatts,34,14,Gains In Performance
2015-03-14,32,Young & Crazy,Frankie Ballard,38,8,Gains In Performance
2015-03-14,33,I'm To Blame,Kip Moore,36,6,Gains In Performance
2015-03-14,34,One Hell Of An Amen,Brantley Gilbert,37,16,Gains In Performance
2015-03-14,35,Sippin' On Fire,Florida Georgia Line,47,5,Gains In Performance
2015-03-14,36,Going Out Like That,Reba,41,8,Gains In Performance
2015-03-14,37,Hell Of A Night,Dustin Lynch,40,17,Gains In Performance
2015-03-14,38,Drunk Americans,Toby Keith,31,20,
2015-03-14,39,Better Than You Left Me,Mickey Guyton,42,8,Gains In Performance
2015-03-14,40,Gonna Wanna Tonight,Chase Rice,44,17,Gains In Performance
2015-03-14,41,Fly,Maddie & Tae,43,6,Gains In Performance
2015-03-14,42,Run Away With You,Big & Rich,46,7,Gains In Performance
2015-03-14,43,Pray For You,The Swon Brothers,45,18,Gains In Performance
2015-03-14,44,Kiss You In The Morning,Michael Ray,49,3,Gains In Performance
2015-03-14,45,Like A Wrecking Ball,Eric Church,55,2,Gains In Performance
2015-03-14,46,Already Callin' You Mine,Parmalee,48,4,Gains In Performance
2015-03-14,47,Eat Sleep Love You Repeat,Rodney Atkins,50,15,Gains In Performance
2015-03-14,48,Nothin' Like You,Dan + Shay,59,2,Gains In Performance
2015-03-14,49,Country,Mo Pitney,51,5,Gains In Performance
2015-03-14,50,Hangover Tonight,Gary Allan,NEW,1,Highest ranking debut|Gains In Performance
2015-03-14,51,Save Your Breath,Josh Dorr,53,9,Gains In Performance
2015-03-14,52,Break Up With Him,Old Dominion,52,5,Gains In Performance
2015-03-14,53,All Country On You,Austin Webb,54,7,Gains In Performance
2015-03-14,54,I Got The Boy,Jana Kramer,NEW,1,Gains In Performance
2015-03-14,55,My Mistake,Cam,56,3,Gains In Performance
2015-03-14,56,I Love This Life,LoCash,NEW,1,Gains In Performance
2015-03-14,57,Hit The Road,Waterloo Revival,57,3,Gains In Performance
2015-03-14,58,Turn It On,Eli Young Band,NEW,1,Gains In Performance
2015-03-14,59,Just Another Love Song,Haley & Michaels,60,7,Gains In Performance
2015-03-14,60,Folks Like Us,Montgomery Gentry,NEW,1,Gains In Performance
2015-03-21,1,Just Gettin' Started,Jason Aldean,3,20,Gains In Performance
2015-03-21,2,Mean To Me,Brett Eldredge,5,35,Gains In Performance
2015-03-21,3,Lonely Tonight,Blake Shelton Featuring Ashley Monroe,1,17,
2015-03-21,4,Ain't Worth The Whiskey,Cole Swindell,7,22,Gains In Performance
2015-03-21,5,Lonely Eyes,Chris Young,6,30,Gains In Performance
2015-03-21,6,Homegrown Honey,Darius Rucker,8,30,Gains In Performance
2015-03-21,7,Make Me Wanna,Thomas Rhett,2,32,
2015-03-21,8,Drinking Class,Lee Brice,9,28,Gains In Performance
2015-03-21,9,Homegrown,Zac Brown Band,11,8,Gains In Performance
2015-03-21,10,Take Your Time,Sam Hunt,10,17,Gains In Performance
2015-03-21,11,Say You Do,Dierks Bentley,12,23,Gains In Performance
2015-03-21,12,Raise 'Em Up,Keith Urban Featuring Eric Church,13,8,Gains In Performance
2015-03-21,13,A Guy Walks Into A Bar,Tyler Farr,14,32,Gains In Performance
2015-03-21,14,What We Ain't Got,Jake Owen,15,33,Gains In Performance
2015-03-21,15,Smoke,A Thousand Horses,16,9,Gains In Performance
2015-03-21,16,Little Red Wagon,Miranda Lambert,17,11,Gains In Performance
2015-03-21,17,Don't It,Billy Currington,18,20,Gains In Performance
2015-03-21,18,Wild Child,Kenny Chesney With Grace Potter,20,7,Gains In Performance
2015-03-21,19,She Don't Love You,Eric Paslay,19,21,Gains In Performance
2015-03-21,20,Diamond Rings And Old Barstools,Tim McGraw With Catherine Dunn,22,7,Gains In Performance
2015-03-21,21,Baby Be My Love Song,Easton Corbin,21,26,Gains In Performance
2015-03-21,22,Crushin' It,Brad Paisley,24,7,Gains In Performance
2015-03-21,23,Little Toy Guns,Carrie Underwood,27,5,Gains In Performance
2015-03-21,24,Love Me Like You Mean It,Kelsea Ballerini,25,23,Gains In Performance
2015-03-21,25,Hard To Be Cool,Joe Nichols,23,28,Gains In Performance
2015-03-21,26,Sippin' On Fire,Florida Georgia Line,35,6,Gains In Performance
2015-03-21,27,Love You Like That,Canaan Smith,26,31,Gains In Performance
2015-03-21,28,Lay Low,Josh Turner,28,26,Gains In Performance
2015-03-21,29,Trouble,Gloriana,29,20,Gains In Performance
2015-03-21,30,Young & Crazy,Frankie Ballard,32,9,Gains In Performance
2015-03-21,31,Riot,Rascal Flatts,31,15,Gains In Performance
2015-03-21,32,Girl Crush,Little Big Town,30,13,Gains In Performance
2015-03-21,33,One Hell Of An Amen,Brantley Gilbert,34,17,Gains In Performance
2015-03-21,34,I'm To Blame,Kip Moore,33,7,Gains In Performance
2015-03-21,35,Going Out Like That,Reba,36,9,Gains In Performance
2015-03-21,36,Hell Of A Night,Dustin Lynch,37,18,Gains In Performance
2015-03-21,37,Like A Wrecking Ball,Eric Church,45,3,Gains In Performance
2015-03-21,38,Kiss You In The Morning,Michael Ray,44,4,Gains In Performance
2015-03-21,39,Better Than You Left Me,Mickey Guyton,39,9,Gains In Performance
2015-03-21,40,Gonna Wanna Tonight,Chase Rice,40,18,Gains In Performance
2015-03-21,41,Fly,Maddie & Tae,41,7,Gains In Performance
2015-03-21,42,Run Away With You,Big & Rich,42,8,Gains In Performance
2015-03-21,43,Hangover Tonight,Gary Allan,50,2,Gains In Performance
2015-03-21,44,Pray For You,The Swon Brothers,43,19,Gains In Performance
2015-03-21,45,Already Callin' You Mine,Parmalee,46,5,Gains In Performance
2015-03-21,46,Country,Mo Pitney,49,6,Gains In Performance
2015-03-21,47,I Got The Boy,Jana Kramer,54,2,Gains In Performance
2015-03-21,48,Nothin' Like You,Dan + Shay,48,3,Gains In Performance
2015-03-21,49,Eat Sleep Love You Repeat,Rodney Atkins,47,16,
2015-03-21,50,Turn It On,Eli Young Band,58,2,Gains In Performance
2015-03-21,51,All Country On You,Austin Webb,53,8,Gains In Performance
2015-03-21,52,Break Up With Him,Old Dominion,52,6,Gains In Performance
2015-03-21,53,Save Your Breath,Josh Dorr,51,10,
2015-03-21,54,My Mistake,Cam,55,4,Gains In Performance
2015-03-21,55,I Love This Life,LoCash,56,2,Gains In Performance
2015-03-21,56,Biscuits,Kacey Musgraves,NEW,1,Highest ranking debut|Gains In Performance
2015-03-21,57,Games,Luke Bryan,NEW,1,Gains In Performance
2015-03-21,58,Hit The Road,Waterloo Revival,57,4,Gains In Performance
2015-03-21,59,Folks Like Us,Montgomery Gentry,60,2,Gains In Performance
2015-03-21,60,Doin' Country Right,David Fanning,NEW,1,Gains In Performance
2015-03-28,1,Mean To Me,Brett Eldredge,2,36,Gains In Performance
2015-03-28,2,Just Gettin' Started,Jason Aldean,1,21,
2015-03-28,3,Ain't Worth The Whiskey,Cole Swindell,4,23,Gains In Performance
2015-03-28,4,Lonely Eyes,Chris Young,5,31,Gains In Performance
2015-03-28,5,Homegrown,Zac Brown Band,9,9,Greatest gainer this week|Gains In Performance
2015-03-28,6,Homegrown Honey,Darius Rucker,6,31,Gains In Performance
2015-03-28,7,Take Your Time,Sam Hunt,10,18,Gains In Performance
2015-03-28,8,Drinking Class,Lee Brice,8,29,Gains In Performance
2015-03-28,9,Lonely Tonight,Blake Shelton Featuring Ashley Monroe,3,18,
2015-03-28,10,Say You Do,Dierks Bentley,11,24,Gains In Performance
2015-03-28,11,Raise 'Em Up,Keith Urban Featuring Eric Church,12,9,Gains In Performance
2015-03-28,12,A Guy Walks Into A Bar,Tyler Farr,13,33,Gains In Performance
2015-03-28,13,Smoke,A Thousand Horses,15,10,Gains In Performance
2015-03-28,14,What We Ain't Got,Jake Owen,14,34,Gains In Performance
2015-03-28,15,Don't It,Billy Currington,17,21,Gains In Performance
2015-03-28,16,Wild Child,Kenny Chesney With Grace Potter,18,8,Gains In Performance
2015-03-28,17,Diamond Rings And Old Barstools,Tim McGraw With Catherine Dunn,20,8,Gains In Performance
2015-03-28,18,Little Red Wagon,Miranda Lambert,16,12,
2015-03-28,19,Baby Be My Love Song,Easton Corbin,21,27,Gains In Performance
2015-03-28,20,She Don't Love You,Eric Paslay,19,22,
2015-03-28,21,Crushin' It,Brad Paisley,22,8,Gains In Performance
2015-03-28,22,Little Toy Guns,Carrie Underwood,23,6,Gains In Performance
2015-03-28,23,Sippin' On Fire,Florida Georgia Line,26,7,Gains In Performance
2015-03-28,24,Hard To Be Cool,Joe Nichols,25,29,Gains In Performance
2015-03-28,25,Love Me Like You Mean It,Kelsea Ballerini,24,24,Gains In Performance
2015-03-28,26,Love You Like That,Canaan Smith,27,32,Gains In Performance
2015-03-28,27,Kiss You In The Morning,Michael Ray,38,5,Gains In Performance
2015-03-28,28,Lay Low,Josh Turner,28,27,Gains In Performance
2015-03-28,29,Trouble,Gloriana,29,21,Gains In Performance
2015-03-28,30,Young & Crazy,Frankie Ballard,30,10,Gains In Performance
2015-03-28,31,Riot,Rascal Flatts,31,16,Gains In Performance
2015-03-28,32,One Hell Of An Amen,Brantley Gilbert,33,18,Gains In Performance
2015-03-28,33,Girl Crush,Little Big Town,32,14,Gains In Performance
2015-03-28,34,I'm To Blame,Kip Moore,34,8,Gains In Performance
2015-03-28,35,Going Out Like That,Reba,35,10,
2015-03-28,36,Hell Of A Night,Dustin Lynch,36,19,Gains In Performance
2015-03-28,37,Like A Wrecking Ball,Eric Church,37,4,Gains In Performance
2015-03-28,38,Fly,Maddie & Tae,41,8,Gains In Performance
2015-03-28,39,Better Than You Left Me,Mickey Guyton,39,10,Gains In Performance
2015-03-28,40,Gonna Wanna Tonight,Chase Rice,40,19,Gains In Performance
2015-03-28,41,Hangover Tonight,Gary Allan,43,3,Gains In Performance
2015-03-28,42,Run Away With You,Big & Rich,42,9,Gains In Performance
2015-03-28,43,Turn It On,Eli Young Band,50,3,Gains In Performance
2015-03-28,44,Pray For You,The Swon Brothers,44,20,
2015-03-28,45,Already Callin' You Mine,Parmalee,45,6,Gains In Performance
2015-03-28,46,Games,Luke Bryan,57,2,Gains In Performance
2015-03-28,47,Country,Mo Pitney,46,7,
2015-03-28,48,Nothin' Like You,Dan + Shay,48,4,Gains In Performance
2015-03-28,49,I Got The Boy,Jana Kramer,47,3,
2015-03-28,50,Eat Sleep Love You Repeat,Rodney Atkins,49,17,
2015-03-28,51,Biscuits,Kacey Musgraves,56,2,Gains In Performance
2015-03-28,52,All Country On You,Austin Webb,51,9,Gains In Performance
2015-03-28,53,Break Up With Him,Old Dominion,52,7,Gains In Performance
2015-03-28,54,I Love This Life,LoCash,55,3,Gains In Performance
2015-03-28,55,Save Your Breath,Josh Dorr,53,11,Gains In Performance
2015-03-28,56,Hit The Road,Waterloo Revival,58,5,Gains In Performance
2015-03-28,57,My Mistake,Cam,54,5,
2015-03-28,58,Folks Like Us,Montgomery Gentry,59,3,Gains In Performance
2015-03-28,59,On To Something Good,Ashley Monroe,NEW,1,Highest ranking debut|Gains In Performance
2015-03-28,60,It Feels Good,Drake White,NEW,1,Gains In Performance
2015-04-04,1,Ain't Worth The Whiskey,Cole Swindell,3,24,Greatest gainer this week|Gains In Performance
2015-04-04,2,Lonely Eyes,Chris Young,4,32,Gains In Performance
2015-04-04,3,Homegrown,Zac Brown Band,5,10,Gains In Performance
2015-04-04,4,Homegrown Honey,Darius Rucker,6,32,Gains In Performance
2015-04-04,5,Take Your Time,Sam Hunt,7,19,Gains In Performance
2015-04-04,6,Drinking Class,Lee Brice,8,30,Gains In Performance
2015-04-04,7,Mean To Me,Brett Eldredge,1,37,
2015-04-04,8,Just Gettin' Started,Jason Aldean,2,22,
2015-04-04,9,Say You Do,Dierks Bentley,10,25,Gains In Performance
2015-04-04,10,Raise 'Em Up,Keith Urban Featuring Eric Church,11,10,Gains In Performance
2015-04-04,11,A Guy Walks Into A Bar,Tyler Farr,12,34,Gains In Performance
2015-04-04,12,Smoke,A Thousand Horses,13,11,Gains In Performance
2015-04-04,13,Don't It,Billy Currington,15,22,Gains In Performance
2015-04-04,14,What We Ain't Got,Jake Owen,14,35,Gains In Performance
2015-04-04,15,Wild Child,Kenny Chesney With Grace Potter,16,9,Gains In Performance
2015-04-04,16,Diamond Rings And Old Barstools,Tim McGraw With Catherine Dunn,17,9,Gains In Performance
2015-04-04,17,Baby Be My Love Song,Easton Corbin,19,28,Gains In Performance
2015-04-04,18,Little Red Wagon,Miranda Lambert,18,13,Gains In Performance
2015-04-04,19,Sippin' On Fire,Florida Georgia Line,23,8,Gains In Performance
2015-04-04,20,She Don't Love You,Eric Paslay,20,23,Gains In Performance
2015-04-04,21,Little Toy Guns,Carrie Underwood,22,7,Gains In Performance
2015-04-04,22,Crushin' It,Brad Paisley,21,9,Gains In Performance
2015-04-04,23,Love Me Like You Mean It,Kelsea Ballerini,25,25,Gains In Performance
2015-04-04,24,Love You Like That,Canaan Smith,26,33,Gains In Performance
2015-04-04,25,Hard To Be Cool,Joe Nichols,24,30,Gains In Performance
2015-04-04,26,Kiss You In The Morning,Michael Ray,27,6,Gains In Performance
2015-04-04,27,Lay Low,Josh Turner,28,28,
2015-04-04,28,Young & Crazy,Frankie Ballard,30,11,Gains In Performance
2015-04-04,29,Trouble,Gloriana,29,22,
2015-04-04,30,One Hell Of An Amen,Brantley Gilbert,32,19,Gains In Performance
2015-04-04,31,Riot,Rascal Flatts,31,17,Gains In Performance
2015-04-04,32,Girl Crush,Little Big Town,33,15,Gains In Performance
2015-04-04,33,Hell Of A Night,Dustin Lynch,36,20,Gains In Performance
2015-04-04,34,Like A Wrecking Ball,Eric Church,37,5,Gains In Performance
2015-04-04,35,I'm To Blame,Kip Moore,34,9,
2015-04-04,36,Going Out Like That,Reba,35,11,Gains In Performance
2015-04-04,37,Fly,Maddie & Tae,38,9,Gains In Performance
2015-04-04,38,Gonna Wanna Tonight,Chase Rice,40,20,Gains In Performance
2015-04-04,39,Better Than You Left Me,Mickey Guyton,39,11,
2015-04-04,40,Games,Luke Bryan,46,3,Gains In Performance
2015-04-04,41,Run Away With You,Big & Rich,42,10,Gains In Performance
2015-04-04,42,Biscuits,Kacey Musgraves,51,3,Gains In Performance
2015-04-04,43,Hangover Tonight,Gary Allan,41,4,
2015-04-04,44,Turn It On,Eli Young Band,43,4,Gains In Performance
2015-04-04,45,Already Callin' You Mine,Parmalee,45,7,Gains In Performance
2015-04-04,46,Nothin' Like You,Dan + Shay,48,5,Gains In Performance
2015-04-04,47,Country,Mo Pitney,47,8,Gains In Performance
2015-04-04,48,I Got The Boy,Jana Kramer,49,4,Gains In Performance
2015-04-04,49,All Country On You,Austin Webb,52,10,Gains In Performance
2015-04-04,50,It Feels Good,Drake White,60,2,Gains In Performance
2015-04-04,51,Break Up With Him,Old Dominion,53,8,
2015-04-04,52,I Love This Life,LoCash,54,4,
2015-04-04,53,On To Something Good,Ashley Monroe,59,2,Gains In Performance
2015-04-04,54,Tonight Looks Good On You,Jason Aldean,NEW,1,Highest ranking debut|Gains In Performance
2015-04-04,55,Save Your Breath,Josh Dorr,55,12,
2015-04-04,56,My Mistake,Cam,57,6,Gains In Performance
2015-04-04,57,Long Stretch Of Love,Lady Antebellum,NEW,1,Gains In Performance
2015-04-04,58,Hit The Road,Waterloo Revival,56,6,
2015-04-04,59,Folks Like Us,Montgomery Gentry,58,4,Gains In Performance
2015-04-04,60,Sangria,Blake Shelton,NEW,1,Gains In Performance
2015-04-11,1,Homegrown,Zac Brown Band,3,11,Gains In Performance
2015-04-11,2,Homegrown Honey,Darius Rucker,4,33,Gains In Performance
2015-04-11,3,Lonely Eyes,Chris Young,2,33,Gains In Performance
2015-04-11,4,Take Your Time,Sam Hunt,5,20,Gains In Performance
2015-04-11,5,Ain't Worth The Whiskey,Cole Swindell,1,25,
2015-04-11,6,Drinking Class,Lee Brice,6,31,Gains In Performance
2015-04-11,7,Say You Do,Dierks Bentley,9,26,Gains In Performance
2015-04-11,8,Raise 'Em Up,Keith Urban Featuring Eric Church,10,11,Gains In Performance
2015-04-11,9,A Guy Walks Into A Bar,Tyler Farr,11,35,Gains In Performance
2015-04-11,10,Don't It,Billy Currington,13,23,Gains In Performance
2015-04-11,11,Smoke,A Thousand Horses,12,12,Gains In Performance
2015-04-11,12,Wild Child,Kenny Chesney With Grace Potter,15,10,Gains In Performance
2015-04-11,13,Diamond Rings And Old Barstools,Tim McGraw With Catherine Dunn,16,10,Gains In Performance
2015-04-11,14,Baby Be My Love Song,Easton Corbin,17,29,Gains In Performance
2015-04-11,15,Sippin' On Fire,Florida Georgia Line,19,9,Gains In Performance
2015-04-11,16,Little Red Wagon,Miranda Lambert,18,14,Gains In Performance
2015-04-11,17,She Don't Love You,Eric Paslay,20,24,Gains In Performance
2015-04-11,18,Little Toy Guns,Carrie Underwood,21,8,Gains In Performance
2015-04-11,19,Crushin' It,Brad Paisley,22,10,Gains In Performance
2015-04-11,20,Love You Like That,Canaan Smith,24,34,Gains In Performance
2015-04-11,21,Love Me Like You Mean It,Kelsea Ballerini,23,26,Gains In Performance
2015-04-11,22,Hard To Be Cool,Joe Nichols,25,31,Gains In Performance
2015-04-11,23,Kiss You In The Morning,Michael Ray,26,7,Gains In Performance
2015-04-11,24,Young & Crazy,Frankie Ballard,28,12,Gains In Performance
2015-04-11,25,Lay Low,Josh Turner,27,29,Gains In Performance
2015-04-11,26,Girl Crush,Little Big Town,32,16,Gains In Performance
2015-04-11,27,Trouble,Gloriana,29,23,Gains In Performance
2015-04-11,28,One Hell Of An Amen,Brantley Gilbert,30,20,Gains In Performance
2015-04-11,29,Riot,Rascal Flatts,31,18,Gains In Performance
2015-04-11,30,Like A Wrecking Ball,Eric Church,34,6,Gains In Performance
2015-04-11,31,Hell Of A Night,Dustin Lynch,33,21,Gains In Performance
2015-04-11,32,Going Out Like That,Reba,36,12,Gains In Performance
2015-04-11,33,I'm To Blame,Kip Moore,35,10,Gains In Performance
2015-04-11,34,Fly,Maddie & Tae,37,10,Gains In Performance
2015-04-11,35,Gonna Wanna Tonight,Chase Rice,38,21,Gains In Performance
2015-04-11,36,Games,Luke Bryan,40,4,Gains In Performance
2015-04-11,37,Tonight Looks Good On You,Jason Aldean,54,2,Greatest gainer this week|Gains In Performance
2015-04-11,38,Better Than You Left Me,Mickey Guyton,39,12,Gains In Performance
2015-04-11,39,Run Away With You,Big & Rich,41,11,Gains In Performance
2015-04-11,40,Nothin' Like You,Dan + Shay,46,6,Gains In Performance
2015-04-11,41,Biscuits,Kacey Musgraves,42,4,Gains In Performance
2015-04-11,42,Hangover Tonight,Gary Allan,43,5,Gains In Performance
2015-04-11,43,Already Callin' You Mine,Parmalee,45,8,Gains In Performance
2015-04-11,44,Turn It On,Eli Young Band,44,5,Gains In Performance
2015-04-11,45,Country,Mo Pitney,47,9,Gains In Performance
2015-04-11,46,Long Stretch Of Love,Lady Antebellum,57,2,Gains In Performance
2015-04-11,47,Sangria,Blake Shelton,60,2,Gains In Performance
2015-04-11,48,I Got The Boy,Jana Kramer,48,5,Gains In Performance
2015-04-11,49,It Feels Good,Drake White,50,3,Gains In Performance
2015-04-11,50,All Country On You,Austin Webb,49,11,Gains In Performance
2015-04-11,51,Break Up With Him,Old Dominion,51,9,Gains In Performance
2015-04-11,52,My Mistake,Cam,56,7,Gains In Performance
2015-04-11,53,Folks Like Us,Montgomery Gentry,59,5,Gains In Performance
2015-04-11,54,On To Something Good,Ashley Monroe,53,3,Gains In Performance
2015-04-11,55,Save Your Breath,Josh Dorr,55,13,Gains In Performance
2015-04-11,56,Hit The Road,Waterloo Revival,58,7,Gains In Performance
2015-04-11,57,I Love This Life,LoCash,52,5,
2015-04-11,58,For A Boy,RaeLynn,NEW,1,Highest ranking debut|Gains In Performance
2015-04-11,59,That Look,Aaron Watson,NEW,1,Gains In Performance
2015-04-11,60,Can't Get Away From A Good Time,Logan Mize,NEW,1,
2015-04-18,1,Homegrown,Zac Brown Band,1,12,Gains In Performance
2015-04-18,2,Take Your Time,Sam Hunt,4,21,Gains In Performance
2015-04-18,3,Lonely Eyes,Chris Young,3,34,Gains In Performance
2015-04-18,4,Say You Do,Dierks Bentley,7,27,Gains In Performance
2015-04-18,5,Drinking Class,Lee Brice,6,32,Gains In Performance
2015-04-18,6,Homegrown Honey,Darius Rucker,2,34,
2015-04-18,7,Raise 'Em Up,Keith Urban Featuring Eric Church,8,12,Gains In Performance
2015-04-18,8,A Guy Walks Into A Bar,Tyler Farr,9,36,Gains In Performance
2015-04-18,9,Ain't Worth The Whiskey,Cole Swindell,5,26,
2015-04-18,10,Don't It,Billy Currington,10,24,Greatest gainer this week|Gains In Performance
2015-04-18,11,Smoke,A Thousand Horses,11,13,Gains In Performance
2015-04-18,12,Wild Child,Kenny Chesney With Grace Potter,12,11,Gains In Performance
2015-04-18,13,Diamond Rings And Old Barstools,Tim McGraw With Catherine Dunn,13,11,Gains In Performance
2015-04-18,14,Sippin' On Fire,Florida Georgia Line,15,10,Gains In Performance
2015-04-18,15,Baby Be My Love Song,Easton Corbin,14,30,Gains In Performance
2015-04-18,16,She Don't Love You,Eric Paslay,17,25,Gains In Performance
2015-04-18,17,Little Toy Guns,Carrie Underwood,18,9,Gains In Performance
2015-04-18,18,Little Red Wagon,Miranda Lambert,16,15,Gains In Performance
2015-04-18,19,Crushin' It,Brad Paisley,19,11,Gains In Performance
2015-04-18,20,Love Me Like You Mean It,Kelsea Ballerini,21,27,Gains In Performance
2015-04-18,21,Love You Like That,Canaan Smith,20,35,Gains In Performance
2015-04-18,22,Young & Crazy,Frankie Ballard,24,13,Gains In Performance
2015-04-18,23,Kiss You In The Morning,Michael Ray,23,8,Gains In Performance
2015-04-18,24,Girl Crush,Little Big Town,26,17,Gains In Performance
2015-04-18,25,Hard To Be Cool,Joe Nichols,22,32,Gains In Performance
2015-04-18,26,Lay Low,Josh Turner,25,30,Gains In Performance
2015-04-18,27,One Hell Of An Amen,Brantley Gilbert,28,21,Gains In Performance
2015-04-18,28,Trouble,Gloriana,27,24,Gains In Performance
2015-04-18,29,Like A Wrecking Ball,Eric Church,30,7,Gains In Performance
2015-04-18,30,Tonight Looks Good On You,Jason Aldean,37,3,Gains In Performance
2015-04-18,31,Riot,Rascal Flatts,29,19,Gains In Performance
2015-04-18,32,Hell Of A Night,Dustin Lynch,31,22,Gains In Performance
2015-04-18,33,Fly,Maddie & Tae,34,11,Gains In Performance
2015-04-18,34,I'm To Blame,Kip Moore,33,11,Gains In Performance
2015-04-18,35,Going Out Like That,Reba,32,13,Gains In Performance
2015-04-18,36,Games,Luke Bryan,36,5,Gains In Performance
2015-04-18,37,Sangria,Blake Shelton,47,3,Gains In Performance
2015-04-18,38,Gonna Wanna Tonight,Chase Rice,35,22,Gains In Performance
2015-04-18,39,Better Than You Left Me,Mickey Guyton,38,13,Gains In Performance
2015-04-18,40,Run Away With You,Big & Rich,39,12,Gains In Performance
2015-04-18,41,Nothin' Like You,Dan + Shay,40,7,Gains In Performance
2015-04-18,42,Long Stretch Of Love,Lady Antebellum,46,3,Gains In Performance
2015-04-18,43,Biscuits,Kacey Musgraves,41,5,Gains In Performance
2015-04-18,44,Already Callin' You Mine,Parmalee,43,9,Gains In Performance
2015-04-18,45,Hangover Tonight,Gary Allan,42,6,Gains In Performance
2015-04-18,46,Turn It On,Eli Young Band,44,6,Gains In Performance
2015-04-18,47,Country,Mo Pitney,45,10,Gains In Performance
2015-04-18,48,I Got The Boy,Jana Kramer,48,6,Gains In Performance
2015-04-18,49,Stay A Little Longer,Brothers Osborne,NEW,1,Highest ranking debut|Gains In Performance
2015-04-18,50,All Country On You,Austin Webb,50,12,Gains In Performance
2015-04-18,51,It Feels Good,Drake White,49,4,
2015-04-18,52,Break Up With Him,Old Dominion,51,10,Gains In Performance
2015-04-18,53,Folks Like Us,Montgomery Gentry,53,6,Gains In Performance
2015-04-18,54,My Mistake,Cam,52,8,Gains In Performance
2015-04-18,55,On To Something Good,Ashley Monroe,54,4,Gains In Performance
2015-04-18,56,I Love This Life,LoCash,57,6,Gains In Performance
2015-04-18,57,Hit The Road,Waterloo Revival,56,8,
2015-04-18,58,For A Boy,RaeLynn,58,2,Gains In Performance
2015-04-18,59,Fall Apart,Casey James,NEW,1,Gains In Performance
2015-04-18,60,House Party,Sam Hunt,RE,10,Gains In Performance
2015-04-25,1,Homegrown,Zac Brown Band,1,13,Gains In Performance
2015-04-25,2,Take Your Time,Sam Hunt,2,22,Gains In Performance
2015-04-25,3,Say You Do,Dierks Bentley,4,28,Gains In Performance
2015-04-25,4,Lonely Eyes,Chris Young,3,35,
2015-04-25,5,Drinking Class,Lee Brice,5,33,Gains In Performance
2015-04-25,6,Raise 'Em Up,Keith Urban Featuring Eric Church,7,13,Gains In Performance
2015-04-25,7,A Guy Walks Into A Bar,Tyler Farr,8,37,Gains In Performance
2015-04-25,8,Don't It,Billy Currington,10,25,Gains In Performance
2015-04-25,9,Ain't Worth The Whiskey,Cole Swindell,9,27,
2015-04-25,10,Smoke,A Thousand Horses,11,14,Gains In Performance
2015-04-25,11,Sippin' On Fire,Florida Georgia Line,14,11,Gains In Performance
2015-04-25,12,Diamond Rings And Old Barstools,Tim McGraw With Catherine Dunn,13,12,Gains In Performance
2015-04-25,13,Wild Child,Kenny Chesney With Grace Potter,12,12,Gains In Performance
2015-04-25,14,Baby Be My Love Song,Easton Corbin,15,31,Gains In Performance
2015-04-25,15,Little Toy Guns,Carrie Underwood,17,10,Gains In Performance
2015-04-25,16,She Don't Love You,Eric Paslay,16,26,Gains In Performance
2015-04-25,17,Crushin' It,Brad Paisley,19,12,Gains In Performance
2015-04-25,18,Love Me Like You Mean It,Kelsea Ballerini,20,28,Gains In Performance
2015-04-25,19,Little Red Wagon,Miranda Lambert,18,16,Gains In Performance
2015-04-25,20,Love You Like That,Canaan Smith,21,36,Gains In Performance
2015-04-25,21,Girl Crush,Little Big Town,24,18,Gains In Performance
2015-04-25,22,Young & Crazy,Frankie Ballard,22,14,Gains In Performance
2015-04-25,23,Kiss You In The Morning,Michael Ray,23,9,Gains In Performance
2015-04-25,24,One Hell Of An Amen,Brantley Gilbert,27,22,Gains In Performance
2015-04-25,25,Hard To Be Cool,Joe Nichols,25,33,Gains In Performance
2015-04-25,26,Tonight Looks Good On You,Jason Aldean,30,4,Gains In Performance
2015-04-25,27,Lay Low,Josh Turner,26,31,Gains In Performance
2015-04-25,28,Sangria,Blake Shelton,37,4,Gains In Performance
2015-04-25,29,Like A Wrecking Ball,Eric Church,29,8,Gains In Performance
2015-04-25,30,Trouble,Gloriana,28,25,Gains In Performance
2015-04-25,31,Riot,Rascal Flatts,31,20,Gains In Performance
2015-04-25,32,Games,Luke Bryan,36,6,Gains In Performance
2015-04-25,33,Hell Of A Night,Dustin Lynch,32,23,Gains In Performance
2015-04-25,34,I'm To Blame,Kip Moore,34,12,Gains In Performance
2015-04-25,35,Fly,Maddie & Tae,33,12,Gains In Performance
2015-04-25,36,Going Out Like That,Reba,35,14,Gains In Performance
2015-04-25,37,Gonna Wanna Tonight,Chase Rice,38,23,Gains In Performance
2015-04-25,38,Crash And Burn,Thomas Rhett,NEW,1,Highest ranking debut|Gains In Performance
2015-04-25,39,Run Away With You,Big & Rich,40,13,Gains In Performance
2015-04-25,40,Better Than You Left Me,Mickey Guyton,39,14,Gains In Performance
2015-04-25,41,Long Stretch Of Love,Lady Antebellum,42,4,Gains In Performance
2015-04-25,42,Nothin' Like You,Dan + Shay,41,8,Gains In Performance
2015-04-25,43,Already Callin' You Mine,Parmalee,44,10,Gains In Performance
2015-04-25,44,Biscuits,Kacey Musgraves,43,6,
2015-04-25,45,Turn It On,Eli Young Band,46,7,Gains In Performance
2015-04-25,46,Country,Mo Pitney,47,11,Gains In Performance
2015-04-25,47,I Got The Boy,Jana Kramer,48,7,Gains In Performance
2015-04-25,48,Hangover Tonight,Gary Allan,45,7,
2015-04-25,49,Stay A Little Longer,Brothers Osborne,49,2,Gains In Performance
2015-04-25,50,It Feels Good,Drake White,51,5,Gains In Performance
2015-04-25,51,Break Up With Him,Old Dominion,52,11,Gains In Performance
2015-04-25,52,Let It Go,George Strait,NEW,1,Gains In Performance
2015-04-25,53,All Country On You,Austin Webb,50,13,
2015-04-25,54,Folks Like Us,Montgomery Gentry,53,7,Gains In Performance
2015-04-25,55,My Mistake,Cam,54,9,Gains In Performance
2015-04-25,56,I Love This Life,LoCash,56,7,Gains In Performance
2015-04-25,57,On To Something Good,Ashley Monroe,55,5,
2015-04-25,58,Fall Apart,Casey James,59,2,Gains In Performance
2015-04-25,59,Hit The Road,Waterloo Revival,57,9,Gains In Performance
2015-04-25,60,Let Me See Ya Girl,Cole Swindell,NEW,1,Gains In Performance
2015-05-02,1,Take Your Time,Sam Hunt,2,23,Gains In Performance
2015-05-02,2,Say You Do,Dierks Bentley,3,29,Gains In Performance
2015-05-02,3,Homegrown,Zac Brown Band,1,14,
2015-05-02,4,Drinking Class,Lee Brice,5,34,Gains In Performance
2015-05-02,5,Raise 'Em Up,Keith Urban Featuring Eric Church,6,14,Gains In Performance
2015-05-02,6,A Guy Walks Into A Bar,Tyler Farr,7,38,Gains In Performance
2015-05-02,7,Don't It,Billy Currington,8,26,Gains In Performance
2015-05-02,8,Smoke,A Thousand Horses,10,15,Gains In Performance
2015-05-02,9,Sippin' On Fire,Florida Georgia Line,11,12,Greatest gainer this week|Gains In Performance
2015-05-02,10,Wild Child,Kenny Chesney With Grace Potter,13,13,Gains In Performance
2015-05-02,11,Diamond Rings And Old Barstools,Tim McGraw With Catherine Dunn,12,13,Gains In Performance
2015-05-02,12,Baby Be My Love Song,Easton Corbin,14,32,Gains In Performance
2015-05-02,13,Little Toy Guns,Carrie Underwood,15,11,Gains In Performance
2015-05-02,14,She Don't Love You,Eric Paslay,16,27,Gains In Performance
2015-05-02,15,Crushin' It,Brad Paisley,17,13,Gains In Performance
2015-05-02,16,Love Me Like You Mean It,Kelsea Ballerini,18,29,Gains In Performance
2015-05-02,17,Love You Like That,Canaan Smith,20,37,Gains In Performance
2015-05-02,18,Little Red Wagon,Miranda Lambert,19,17,
2015-05-02,19,Girl Crush,Little Big Town,21,19,Gains In Performance
2015-05-02,20,Young & Crazy,Frankie Ballard,22,15,Gains In Performance
2015-05-02,21,Sangria,Blake Shelton,28,5,Gains In Performance
2015-05-02,22,One Hell Of An Amen,Brantley Gilbert,24,23,Gains In Performance
2015-05-02,23,Kiss You In The Morning,Michael Ray,23,10,Gains In Performance
2015-05-02,24,Tonight Looks Good On You,Jason Aldean,26,5,Gains In Performance
2015-05-02,25,Trouble,Gloriana,30,26,Gains In Performance
2015-05-02,26,Like A Wrecking Ball,Eric Church,29,9,
2015-05-02,27,Games,Luke Bryan,32,7,Gains In Performance
2015-05-02,28,Hell Of A Night,Dustin Lynch,33,24,Gains In Performance
2015-05-02,29,Riot,Rascal Flatts,31,21,Gains In Performance
2015-05-02,30,Fly,Maddie & Tae,35,13,Gains In Performance
2015-05-02,31,Going Out Like That,Reba,36,15,Gains In Performance
2015-05-02,32,I'm To Blame,Kip Moore,34,13,Gains In Performance
2015-05-02,33,Gonna Wanna Tonight,Chase Rice,37,24,Gains In Performance
2015-05-02,34,Run Away With You,Big & Rich,39,14,Gains In Performance
2015-05-02,35,Long Stretch Of Love,Lady Antebellum,41,5,Gains In Performance
2015-05-02,36,Better Than You Left Me,Mickey Guyton,40,15,
2015-05-02,37,Turn It On,Eli Young Band,45,8,Gains In Performance
2015-05-02,38,Nothin' Like You,Dan + Shay,42,9,Gains In Performance
2015-05-02,39,Already Callin' You Mine,Parmalee,43,11,Gains In Performance
2015-05-02,40,I Got The Boy,Jana Kramer,47,8,Gains In Performance
2015-05-02,41,Biscuits,Kacey Musgraves,44,7,Gains In Performance
2015-05-02,42,Hangover Tonight,Gary Allan,48,8,Gains In Performance
2015-05-02,43,Stay A Little Longer,Brothers Osborne,49,3,Gains In Performance
2015-05-02,44,Crash And Burn,Thomas Rhett,38,2,
2015-05-02,45,Country,Mo Pitney,46,12,Gains In Performance
2015-05-02,46,It Feels Good,Drake White,50,6,Gains In Performance
2015-05-02,47,Let It Go,George Strait,52,2,Gains In Performance
2015-05-02,48,All Country On You,Austin Webb,53,14,Gains In Performance
2015-05-02,49,Break Up With Him,Old Dominion,51,12,
2015-05-02,50,Trans Am,Thompson Square,NEW,1,Highest ranking debut|Gains In Performance
2015-05-02,51,Folks Like Us,Montgomery Gentry,54,8,Gains In Performance
2015-05-02,52,My Mistake,Cam,55,10,Gains In Performance
2015-05-02,53,Let Me See Ya Girl,Cole Swindell,60,2,Gains In Performance
2015-05-02,54,I Love This Life,LoCash,56,8,Gains In Performance
2015-05-02,55,Fall Apart,Casey James,58,3,Gains In Performance
2015-05-02,56,On To Something Good,Ashley Monroe,57,6,Gains In Performance
2015-05-02,57,Little Bit Of You,Chase Bryant,NEW,1,Gains In Performance
2015-05-02,58,Hit The Road,Waterloo Revival,59,10,Gains In Performance
2015-05-02,59,House Party,Sam Hunt,RE,11,Gains In Performance
2015-05-02,60,For A Boy,RaeLynn,RE,3,Gains In Performance
2015-05-09,1,Say You Do,Dierks Bentley,2,30,Gains In Performance
2015-05-09,2,Drinking Class,Lee Brice,4,35,Gains In Performance
2015-05-09,3,Raise 'Em Up,Keith Urban Featuring Eric Church,5,15,Gains In Performance
2015-05-09,4,A Guy Walks Into A Bar,Tyler Farr,6,39,Gains In Performance
2015-05-09,5,Take Your Time,Sam Hunt,1,24,
2015-05-09,6,Don't It,Billy Currington,7,27,Gains In Performance
2015-05-09,7,Smoke,A Thousand Horses,8,16,Gains In Performance
2015-05-09,8,Sippin' On Fire,Florida Georgia Line,9,13,Gains In Performance
2015-05-09,9,Homegrown,Zac Brown Band,3,15,
2015-05-09,10,Wild Child,Kenny Chesney With Grace Potter,10,14,Gains In Performance
2015-05-09,11,Diamond Rings And Old Barstools,Tim McGraw With Catherine Dunn,11,14,Gains In Performance
2015-05-09,12,Baby Be My Love Song,Easton Corbin,12,33,Gains In Performance
2015-05-09,13,Little Toy Guns,Carrie Underwood,13,12,Gains In Performance
2015-05-09,14,Love Me Like You Mean It,Kelsea Ballerini,16,30,Gains In Performance
2015-05-09,15,Crushin' It,Brad Paisley,15,14,Gains In Performance
2015-05-09,16,She Don't Love You,Eric Paslay,14,28,Gains In Performance
2015-05-09,17,Love You Like That,Canaan Smith,17,38,Gains In Performance
2015-05-09,18,Sangria,Blake Shelton,21,6,Gains In Performance
2015-05-09,19,Girl Crush,Little Big Town,19,20,Gains In Performance
2015-05-09,20,Young & Crazy,Frankie Ballard,20,16,Gains In Performance
2015-05-09,21,One Hell Of An Amen,Brantley Gilbert,22,24,Gains In Performance
2015-05-09,22,Tonight Looks Good On You,Jason Aldean,24,6,Gains In Performance
2015-05-09,23,Kiss You In The Morning,Michael Ray,23,11,Gains In Performance
2015-05-09,24,Little Red Wagon,Miranda Lambert,18,18,
2015-05-09,25,Games,Luke Bryan,27,8,Gains In Performance
2015-05-09,26,Trouble,Gloriana,25,27,Gains In Performance
2015-05-09,27,Like A Wrecking Ball,Eric Church,26,10,Gains In Performance
2015-05-09,28,Hell Of A Night,Dustin Lynch,28,25,Gains In Performance
2015-05-09,29,Riot,Rascal Flatts,29,22,Gains In Performance
2015-05-09,30,Loving You Easy,Zac Brown Band,NEW,1,Greatest gainer this week|Gains In Performance
2015-05-09,31,Fly,Maddie & Tae,30,14,Gains In Performance
2015-05-09,32,I'm To Blame,Kip Moore,32,14,Gains In Performance
2015-05-09,33,Going Out Like That,Reba,31,16,
2015-05-09,34,Lose My Mind,Brett Eldredge,NEW,1,Gains In Performance
2015-05-09,35,Gonna Wanna Tonight,Chase Rice,33,25,Gains In Performance
2015-05-09,36,Run Away With You,Big & Rich,34,15,Gains In Performance
2015-05-09,37,Long Stretch Of Love,Lady Antebellum,35,6,Gains In Performance
2015-05-09,38,Better Than You Left Me,Mickey Guyton,36,16,Gains In Performance
2015-05-09,39,Nothin' Like You,Dan + Shay,38,10,Gains In Performance
2015-05-09,40,Crash And Burn,Thomas Rhett,44,3,Gains In Performance
2015-05-09,41,Already Callin' You Mine,Parmalee,39,12,Gains In Performance
2015-05-09,42,Stay A Little Longer,Brothers Osborne,43,4,Gains In Performance
2015-05-09,43,Turn It On,Eli Young Band,37,9,
2015-05-09,44,I Got The Boy,Jana Kramer,40,9,Gains In Performance
2015-05-09,45,Let Me See Ya Girl,Cole Swindell,53,3,Gains In Performance
2015-05-09,46,All Country On You,Austin Webb,48,15,Gains In Performance
2015-05-09,47,Biscuits,Kacey Musgraves,41,8,Gains In Performance
2015-05-09,48,Hangover Tonight,Gary Allan,42,9,Gains In Performance
2015-05-09,49,Country,Mo Pitney,45,13,
2015-05-09,50,Trans Am,Thompson Square,50,2,Gains In Performance
2015-05-09,51,Let It Go,George Strait,47,3,Gains In Performance
2015-05-09,52,Break Up With Him,Old Dominion,49,13,Gains In Performance
2015-05-09,53,It Feels Good,Drake White,46,7,
2015-05-09,54,Fall Apart,Casey James,55,4,Gains In Performance
2015-05-09,55,My Mistake,Cam,52,11,Gains In Performance
2015-05-09,56,Folks Like Us,Montgomery Gentry,51,9,
2015-05-09,57,Little Bit Of You,Chase Bryant,57,2,Gains In Performance
2015-05-09,58,House Party,Sam Hunt,59,12,Gains In Performance
2015-05-09,59,I Love This Life,LoCash,54,9,
2015-05-09,60,On To Something Good,Ashley Monroe,56,7,
2015-05-16,1,Say You Do,Dierks Bentley,1,31,Gains In Performance
2015-05-16,2,Raise 'Em Up,Keith Urban Featuring Eric Church,3,16,Gains In Performance
2015-05-16,3,A Guy Walks Into A Bar,Tyler Farr,4,40,Gains In Performance
2015-05-16,4,Don't It,Billy Currington,6,28,Gains In Performance
2015-05-16,5,Smoke,A Thousand Horses,7,17,Greatest gainer this week|Gains In Performance
2015-05-16,6,Sippin' On Fire,Florida Georgia Line,8,14,Gains In Performance
2015-05-16,7,Take Your Time,Sam Hunt,5,25,
2015-05-16,8,Drinking Class,Lee Brice,2,36,
2015-05-16,9,Homegrown,Zac Brown Band,9,16,
2015-05-16,10,Wild Child,Kenny Chesney With Grace Potter,10,15,Gains In Performance
2015-05-16,11,Baby Be My Love Song,Easton Corbin,12,34,Gains In Performance
2015-05-16,12,Diamond Rings And Old Barstools,Tim McGraw With Catherine Dunn,11,15,Gains In Performance
2015-05-16,13,Little Toy Guns,Carrie Underwood,13,13,Gains In Performance
2015-05-16,14,Love Me Like You Mean It,Kelsea Ballerini,14,31,Gains In Performance
2015-05-16,15,Sangria,Blake Shelton,18,7,Gains In Performance
2015-05-16,16,Love You Like That,Canaan Smith,17,39,Gains In Performance
2015-05-16,17,Crushin' It,Brad Paisley,15,15,Gains In Performance
2015-05-16,18,She Don't Love You,Eric Paslay,16,29,Gains In Performance
2015-05-16,19,Girl Crush,Little Big Town,19,21,Gains In Performance
2015-05-16,20,Young & Crazy,Frankie Ballard,20,17,Gains In Performance
2015-05-16,21,Tonight Looks Good On You,Jason Aldean,22,7,Gains In Performance
2015-05-16,22,One Hell Of An Amen,Brantley Gilbert,21,25,Gains In Performance
2015-05-16,23,Kiss You In The Morning,Michael Ray,23,12,Gains In Performance
2015-05-16,24,Games,Luke Bryan,25,9,Gains In Performance
2015-05-16,25,Trouble,Gloriana,26,28,Gains In Performance
2015-05-16,26,Riot,Rascal Flatts,29,23,Gains In Performance
2015-05-16,27,Like A Wrecking Ball,Eric Church,27,11,Gains In Performance
2015-05-16,28,Hell Of A Night,Dustin Lynch,28,26,Gains In Performance
2015-05-16,29,Fly,Maddie & Tae,31,15,Gains In Performance
2015-05-16,30,Crash And Burn,Thomas Rhett,40,4,Gains In Performance
2015-05-16,31,I'm To Blame,Kip Moore,32,15,
2015-05-16,32,Going Out Like That,Reba,33,17,Gains In Performance
2015-05-16,33,Gonna Wanna Tonight,Chase Rice,35,26,Gains In Performance
2015-05-16,34,Loving You Easy,Zac Brown Band,30,2,Gains In Performance
2015-05-16,35,Better Than You Left Me,Mickey Guyton,38,17,Gains In Performance
2015-05-16,36,Run Away With You,Big & Rich,36,16,Gains In Performance
2015-05-16,37,Lose My Mind,Brett Eldredge,34,2,
2015-05-16,38,Long Stretch Of Love,Lady Antebellum,37,7,Gains In Performance
2015-05-16,39,Nothin' Like You,Dan + Shay,39,11,Gains In Performance
2015-05-16,40,Already Callin' You Mine,Parmalee,41,13,Gains In Performance
2015-05-16,41,Turn It On,Eli Young Band,43,10,Gains In Performance
2015-05-16,42,Let Me See Ya Girl,Cole Swindell,45,4,Gains In Performance
2015-05-16,43,Stay A Little Longer,Brothers Osborne,42,5,Gains In Performance
2015-05-16,44,I Got The Boy,Jana Kramer,44,10,
2015-05-16,45,Biscuits,Kacey Musgraves,47,9,Gains In Performance
2015-05-16,46,All Country On You,Austin Webb,46,16,Gains In Performance
2015-05-16,47,Hangover Tonight,Gary Allan,48,10,
2015-05-16,48,Country,Mo Pitney,49,14,
2015-05-16,49,Trans Am,Thompson Square,50,3,Gains In Performance
2015-05-16,50,Break Up With Him,Old Dominion,52,14,Gains In Performance
2015-05-16,51,Let It Go,George Strait,51,4,
2015-05-16,52,House Party,Sam Hunt,58,13,Gains In Performance
2015-05-16,53,It Feels Good,Drake White,53,8,Gains In Performance
2015-05-16,54,Folks Like Us,Montgomery Gentry,56,10,Gains In Performance
2015-05-16,55,Little Bit Of You,Chase Bryant,57,3,Gains In Performance
2015-05-16,56,Fall Apart,Casey James,54,5,
2015-05-16,57,My Mistake,Cam,55,12,
2015-05-16,58,I Love This Life,LoCash,59,10,Gains In Performance
2015-05-16,59,35 mph Town,Toby Keith,NEW,1,Highest ranking debut|Gains In Performance
2015-05-16,60,Buy Me A Boat,Chris Janson,NEW,1,Gains In Performance
2015-05-23,1,Raise 'Em Up,Keith Urban Featuring Eric Church,2,17,Gains In Performance
2015-05-23,2,A Guy Walks Into A Bar,Tyler Farr,3,41,Gains In Performance
2015-05-23,3,Don't It,Billy Currington,4,29,Gains In Performance
2015-05-23,4,Smoke,A Thousand Horses,5,18,Gains In Performance
2015-05-23,5,Sippin' On Fire,Florida Georgia Line,6,15,Gains In Performance
2015-05-23,6,Say You Do,Dierks Bentley,1,32,
2015-05-23,7,Wild Child,Kenny Chesney With Grace Potter,10,16,Gains In Performance
2015-05-23,8,Homegrown,Zac Brown Band,9,17,
2015-05-23,9,Little Toy Guns,Carrie Underwood,13,14,Gains In Performance
2015-05-23,10,Diamond Rings And Old Barstools,Tim McGraw With Catherine Dunn,12,16,Gains In Performance
2015-05-23,11,Baby Be My Love Song,Easton Corbin,11,35,Gains In Performance
2015-05-23,12,Love Me Like You Mean It,Kelsea Ballerini,14,32,Gains In Performance
2015-05-23,13,Sangria,Blake Shelton,15,8,Gains In Performance
2015-05-23,14,Love You Like That,Canaan Smith,16,40,Gains In Performance
2015-05-23,15,Crushin' It,Brad Paisley,17,16,Gains In Performance
2015-05-23,16,Girl Crush,Little Big Town,19,22,Gains In Performance
2015-05-23,17,Tonight Looks Good On You,Jason Aldean,21,8,Gains In Performance
2015-05-23,18,She Don't Love You,Eric Paslay,18,30,Gains In Performance
2015-05-23,19,Young & Crazy,Frankie Ballard,20,18,Gains In Performance
2015-05-23,20,One Hell Of An Amen,Brantley Gilbert,22,26,Gains In Performance
2015-05-23,21,Kiss You In The Morning,Michael Ray,23,13,Gains In Performance
2015-05-23,22,Games,Luke Bryan,24,10,Gains In Performance
2015-05-23,23,Like A Wrecking Ball,Eric Church,27,12,Gains In Performance
2015-05-23,24,Trouble,Gloriana,25,29,Gains In Performance
2015-05-23,25,Riot,Rascal Flatts,26,24,Gains In Performance
2015-05-23,26,Hell Of A Night,Dustin Lynch,28,27,Gains In Performance
2015-05-23,27,Crash And Burn,Thomas Rhett,30,5,Gains In Performance
2015-05-23,28,Loving You Easy,Zac Brown Band,34,3,Gains In Performance
2015-05-23,29,Buy Me A Boat,Chris Janson,60,2,Greatest gainer this week|Gains In Performance
2015-05-23,30,Fly,Maddie & Tae,29,16,Gains In Performance
2015-05-23,31,I'm To Blame,Kip Moore,31,16,Gains In Performance
2015-05-23,32,Going Out Like That,Reba,32,18,Gains In Performance
2015-05-23,33,Gonna Wanna Tonight,Chase Rice,33,27,Gains In Performance
2015-05-23,34,Lose My Mind,Brett Eldredge,37,3,Gains In Performance
2015-05-23,35,Nothin' Like You,Dan + Shay,39,12,Gains In Performance
2015-05-23,36,Better Than You Left Me,Mickey Guyton,35,18,Gains In Performance
2015-05-23,37,Run Away With You,Big & Rich,36,17,
2015-05-23,38,Already Callin' You Mine,Parmalee,40,14,Gains In Performance
2015-05-23,39,Long Stretch Of Love,Lady Antebellum,38,8,Gains In Performance
2015-05-23,40,Turn It On,Eli Young Band,41,11,Gains In Performance
2015-05-23,41,Let Me See Ya Girl,Cole Swindell,42,5,Gains In Performance
2015-05-23,42,Break Up With Him,Old Dominion,50,15,Gains In Performance
2015-05-23,43,Stay A Little Longer,Brothers Osborne,43,6,Gains In Performance
2015-05-23,44,Biscuits,Kacey Musgraves,45,10,Gains In Performance
2015-05-23,45,I Got The Boy,Jana Kramer,44,11,Gains In Performance
2015-05-23,46,All Country On You,Austin Webb,46,17,Gains In Performance
2015-05-23,47,Hangover Tonight,Gary Allan,47,11,Gains In Performance
2015-05-23,48,House Party,Sam Hunt,52,14,Gains In Performance
2015-05-23,49,Country,Mo Pitney,48,15,Gains In Performance
2015-05-23,50,Trans Am,Thompson Square,49,4,Gains In Performance
2015-05-23,51,Let It Go,George Strait,51,5,Gains In Performance
2015-05-23,52,It Feels Good,Drake White,53,9,Gains In Performance
2015-05-23,53,Little Bit Of You,Chase Bryant,55,4,Gains In Performance
2015-05-23,54,Fall Apart,Casey James,56,6,Gains In Performance
2015-05-23,55,Folks Like Us,Montgomery Gentry,54,11,
2015-05-23,56,My Mistake,Cam,57,13,Gains In Performance
2015-05-23,57,I Love This Life,LoCash,58,11,Gains In Performance
2015-05-23,58,On To Something Good,Ashley Monroe,RE,8,Gains In Performance
2015-05-23,59,First Kiss,Kid Rock,NEW,1,Highest ranking debut|Gains In Performance
2015-05-23,60,Hit The Road,Waterloo Revival,RE,11,Gains In Performance
2015-05-30,1,A Guy Walks Into A Bar,Tyler Farr,2,42,Gains In Performance
2015-05-30,2,Don't It,Billy Currington,3,30,Gains In Performance
2015-05-30,3,Smoke,A Thousand Horses,4,19,Gains In Performance
2015-05-30,4,Sippin' On Fire,Florida Georgia Line,5,16,Gains In Performance
2015-05-30,5,Raise 'Em Up,Keith Urban Featuring Eric Church,1,18,
2015-05-30,6,Wild Child,Kenny Chesney With Grace Potter,7,17,Gains In Performance
2015-05-30,7,Little Toy Guns,Carrie Underwood,9,15,Gains In Performance
2015-05-30,8,Baby Be My Love Song,Easton Corbin,11,36,Gains In Performance
2015-05-30,9,Diamond Rings And Old Barstools,Tim McGraw With Catherine Dunn,10,17,Gains In Performance
2015-05-30,10,Sangria,Blake Shelton,13,9,Gains In Performance
2015-05-30,11,Love Me Like You Mean It,Kelsea Ballerini,12,33,Gains In Performance
2015-05-30,12,Love You Like That,Canaan Smith,14,41,Gains In Performance
2015-05-30,13,Girl Crush,Little Big Town,16,23,Gains In Performance
2015-05-30,14,Crushin' It,Brad Paisley,15,17,Gains In Performance
2015-05-30,15,Tonight Looks Good On You,Jason Aldean,17,9,Gains In Performance
2015-05-30,16,Young & Crazy,Frankie Ballard,19,19,Gains In Performance
2015-05-30,17,One Hell Of An Amen,Brantley Gilbert,20,27,Gains In Performance
2015-05-30,18,She Don't Love You,Eric Paslay,18,31,Gains In Performance
2015-05-30,19,Kiss You In The Morning,Michael Ray,21,14,Gains In Performance
2015-05-30,20,Games,Luke Bryan,22,11,Gains In Performance
2015-05-30,21,Loving You Easy,Zac Brown Band,28,4,Gains In Performance
2015-05-30,22,Like A Wrecking Ball,Eric Church,23,13,Gains In Performance
2015-05-30,23,Hell Of A Night,Dustin Lynch,26,28,Gains In Performance
2015-05-30,24,Crash And Burn,Thomas Rhett,27,6,Gains In Performance
2015-05-30,25,Trouble,Gloriana,24,30,Gains In Performance
2015-05-30,26,Riot,Rascal Flatts,25,25,Gains In Performance
2015-05-30,27,Buy Me A Boat,Chris Janson,29,3,Gains In Performance
2015-05-30,28,Fly,Maddie & Tae,30,17,Gains In Performance
2015-05-30,29,I'm To Blame,Kip Moore,31,17,Gains In Performance
2015-05-30,30,Lose My Mind,Brett Eldredge,34,4,Gains In Performance
2015-05-30,31,Going Out Like That,Reba,32,19,Gains In Performance
2015-05-30,32,Gonna Wanna Tonight,Chase Rice,33,28,Gains In Performance
2015-05-30,33,Love Is Your Name,Steven Tyler,NEW,1,Highest ranking debut|Gains In Performance
2015-05-30,34,Run Away With You,Big & Rich,37,18,Gains In Performance
2015-05-30,35,Nothin' Like You,Dan + Shay,35,13,Gains In Performance
2015-05-30,36,Break Up With Him,Old Dominion,42,16,Gains In Performance
2015-05-30,37,Already Callin' You Mine,Parmalee,38,15,Gains In Performance
2015-05-30,38,Better Than You Left Me,Mickey Guyton,36,19,
2015-05-30,39,Let Me See Ya Girl,Cole Swindell,41,6,Gains In Performance
2015-05-30,40,Long Stretch Of Love,Lady Antebellum,39,9,Gains In Performance
2015-05-30,41,Turn It On,Eli Young Band,40,12,Gains In Performance
2015-05-30,42,House Party,Sam Hunt,48,15,Gains In Performance
2015-05-30,43,I Got The Boy,Jana Kramer,45,12,Gains In Performance
2015-05-30,44,Stay A Little Longer,Brothers Osborne,43,7,
2015-05-30,45,All Country On You,Austin Webb,46,18,Gains In Performance
2015-05-30,46,Biscuits,Kacey Musgraves,44,11,
2015-05-30,47,Country,Mo Pitney,49,16,Gains In Performance
2015-05-30,48,Hangover Tonight,Gary Allan,47,12,
2015-05-30,49,Trans Am,Thompson Square,50,5,
2015-05-30,50,Let It Go,George Strait,51,6,Gains In Performance
2015-05-30,51,Little Bit Of You,Chase Bryant,53,5,Gains In Performance
2015-05-30,52,It Feels Good,Drake White,52,10,Gains In Performance
2015-05-30,53,Folks Like Us,Montgomery Gentry,55,12,Gains In Performance
2015-05-30,54,Fall Apart,Casey James,54,7,
2015-05-30,55,I Love This Life,LoCash,57,12,Gains In Performance
2015-05-30,56,On To Something Good,Ashley Monroe,58,9,Gains In Performance
2015-05-30,57,My Mistake,Cam,56,14,
2015-05-30,58,First Kiss,Kid Rock,59,2,Gains In Performance
2015-05-30,59,Hit The Road,Waterloo Revival,60,12,Gains In Performance
2015-05-30,60,35 mph Town,Toby Keith,RE,2,
2015-06-06,1,Don't It,Billy Currington,2,31,Gains In Performance
2015-06-06,2,Smoke,A Thousand Horses,3,20,Gains In Performance
2015-06-06,3,Sippin' On Fire,Florida Georgia Line,4,17,Gains In Performance
2015-06-06,4,Wild Child,Kenny Chesney With Grace Potter,6,18,Gains In Performance
2015-06-06,5,Little Toy Guns,Carrie Underwood,7,16,Gains In Performance
2015-06-06,6,Baby Be My Love Song,Easton Corbin,8,37,Gains In Performance
2015-06-06,7,Sangria,Blake Shelton,10,10,Gains In Performance
2015-06-06,8,Love Me Like You Mean It,Kelsea Ballerini,11,34,Gains In Performance
2015-06-06,9,A Guy Walks Into A Bar,Tyler Farr,1,43,
2015-06-06,10,Diamond Rings And Old Barstools,Tim McGraw With Catherine Dunn,9,18,Gains In Performance
2015-06-06,11,Raise 'Em Up,Keith Urban Featuring Eric Church,5,19,
2015-06-06,12,Girl Crush,Little Big Town,13,24,Gains In Performance
2015-06-06,13,Love You Like That,Canaan Smith,12,42,Gains In Performance
2015-06-06,14,Crushin' It,Brad Paisley,14,18,Gains In Performance
2015-06-06,15,Tonight Looks Good On You,Jason Aldean,15,10,Gains In Performance
2015-06-06,16,One Hell Of An Amen,Brantley Gilbert,17,28,Gains In Performance
2015-06-06,17,Young & Crazy,Frankie Ballard,16,20,Gains In Performance
2015-06-06,18,Kiss You In The Morning,Michael Ray,19,15,Gains In Performance
2015-06-06,19,Kick The Dust Up,Luke Bryan,NEW,1,Highest ranking debut|Gains In Performance
2015-06-06,20,Loving You Easy,Zac Brown Band,21,5,Gains In Performance
2015-06-06,21,Games,Luke Bryan,20,12,
2015-06-06,22,Riot,Rascal Flatts,26,26,Gains In Performance
2015-06-06,23,Like A Wrecking Ball,Eric Church,22,14,
2015-06-06,24,Hell Of A Night,Dustin Lynch,23,29,Gains In Performance
2015-06-06,25,Crash And Burn,Thomas Rhett,24,7,Gains In Performance
2015-06-06,26,Trouble,Gloriana,25,31,Gains In Performance
2015-06-06,27,Buy Me A Boat,Chris Janson,27,4,Gains In Performance
2015-06-06,28,Fly,Maddie & Tae,28,18,Gains In Performance
2015-06-06,29,I'm To Blame,Kip Moore,29,18,Gains In Performance
2015-06-06,30,Lose My Mind,Brett Eldredge,30,5,Gains In Performance
2015-06-06,31,Gonna Wanna Tonight,Chase Rice,32,29,Gains In Performance
2015-06-06,32,21,Hunter Hayes,NEW,1,Gains In Performance
2015-06-06,33,Going Out Like That,Reba,31,20,
2015-06-06,34,House Party,Sam Hunt,42,16,Gains In Performance
2015-06-06,35,Nothin' Like You,Dan + Shay,35,14,Gains In Performance
2015-06-06,36,Break Up With Him,Old Dominion,36,17,Gains In Performance
2015-06-06,37,Run Away With You,Big & Rich,34,19,Gains In Performance
2015-06-06,38,Already Callin' You Mine,Parmalee,37,16,Gains In Performance
2015-06-06,39,Let Me See Ya Girl,Cole Swindell,39,7,Gains In Performance
2015-06-06,40,Long Stretch Of Love,Lady Antebellum,40,10,Gains In Performance
2015-06-06,41,Better Than You Left Me,Mickey Guyton,38,20,Gains In Performance
2015-06-06,42,Turn It On,Eli Young Band,41,13,
2015-06-06,43,I Got The Boy,Jana Kramer,43,13,Gains In Performance
2015-06-06,44,Stay A Little Longer,Brothers Osborne,44,8,Gains In Performance
2015-06-06,45,All Country On You,Austin Webb,45,19,Gains In Performance
2015-06-06,46,Country,Mo Pitney,47,17,Gains In Performance
2015-06-06,47,Biscuits,Kacey Musgraves,46,12,
2015-06-06,48,Hangover Tonight,Gary Allan,48,13,
2015-06-06,49,Let It Go,George Strait,50,7,Gains In Performance
2015-06-06,50,Trans Am,Thompson Square,49,6,
2015-06-06,51,I Love This Life,LoCash,55,13,Gains In Performance
2015-06-06,52,Little Bit Of You,Chase Bryant,51,6,Gains In Performance
2015-06-06,53,It Feels Good,Drake White,52,11,Gains In Performance
2015-06-06,54,Folks Like Us,Montgomery Gentry,53,13,
2015-06-06,55,Fall Apart,Casey James,54,8,
2015-06-06,56,First Kiss,Kid Rock,58,3,Gains In Performance
2015-06-06,57,35 mph Town,Toby Keith,60,3,Gains In Performance
2015-06-06,58,On To Something Good,Ashley Monroe,56,10,
2015-06-06,59,Hit The Road,Waterloo Revival,59,13,Gains In Performance
2015-06-06,60,My Mistake,Cam,57,15,
2015-06-13,1,Smoke,A Thousand Horses,2,21,Gains In Performance
2015-06-13,2,Sippin' On Fire,Florida Georgia Line,3,18,Gains In Performance
2015-06-13,3,Don't It,Billy Currington,1,32,
2015-06-13,4,Wild Child,Kenny Chesney With Grace Potter,4,19,Gains In Performance
2015-06-13,5,Sangria,Blake Shelton,7,11,Gains In Performance
2015-06-13,6,Baby Be My Love Song,Easton Corbin,6,38,Gains In Performance
2015-06-13,7,Little Toy Guns,Carrie Underwood,5,17,Gains In Performance
2015-06-13,8,Love Me Like You Mean It,Kelsea Ballerini,8,35,Gains In Performance
2015-06-13,9,Diamond Rings And Old Barstools,Tim McGraw With Catherine Dunn,10,19,Gains In Performance
2015-06-13,10,Girl Crush,Little Big Town,12,25,Gains In Performance
2015-06-13,11,Tonight Looks Good On You,Jason Aldean,15,11,Gains In Performance
2015-06-13,12,Love You Like That,Canaan Smith,13,43,Gains In Performance
2015-06-13,13,Crushin' It,Brad Paisley,14,19,Gains In Performance
2015-06-13,14,One Hell Of An Amen,Brantley Gilbert,16,29,Gains In Performance
2015-06-13,15,Young & Crazy,Frankie Ballard,17,21,Gains In Performance
2015-06-13,16,Kiss You In The Morning,Michael Ray,18,16,Gains In Performance
2015-06-13,17,Loving You Easy,Zac Brown Band,20,6,Gains In Performance
2015-06-13,18,Kick The Dust Up,Luke Bryan,19,2,Gains In Performance
2015-06-13,19,Hell Of A Night,Dustin Lynch,24,30,Gains In Performance
2015-06-13,20,Crash And Burn,Thomas Rhett,25,8,Gains In Performance
2015-06-13,21,Riot,Rascal Flatts,22,27,Gains In Performance
2015-06-13,22,Like A Wrecking Ball,Eric Church,23,15,Gains In Performance
2015-06-13,23,Buy Me A Boat,Chris Janson,27,5,Gains In Performance
2015-06-13,24,Fly,Maddie & Tae,28,19,Gains In Performance
2015-06-13,25,Games,Luke Bryan,21,13,
2015-06-13,26,Lose My Mind,Brett Eldredge,30,6,Gains In Performance
2015-06-13,27,I'm To Blame,Kip Moore,29,19,Gains In Performance
2015-06-13,28,House Party,Sam Hunt,34,17,Gains In Performance
2015-06-13,29,Real Life,Jake Owen,NEW,1,Highest ranking debut|Gains In Performance
2015-06-13,30,Gonna Wanna Tonight,Chase Rice,31,30,Gains In Performance
2015-06-13,31,Going Out Like That,Reba,33,21,Gains In Performance
2015-06-13,32,Let Me See Ya Girl,Cole Swindell,39,8,Gains In Performance
2015-06-13,33,Break Up With Him,Old Dominion,36,18,Gains In Performance
2015-06-13,34,Nothin' Like You,Dan + Shay,35,15,Gains In Performance
2015-06-13,35,Already Callin' You Mine,Parmalee,38,17,Gains In Performance
2015-06-13,36,Run Away With You,Big & Rich,37,20,Gains In Performance
2015-06-13,37,Better Than You Left Me,Mickey Guyton,41,21,Gains In Performance
2015-06-13,38,Long Stretch Of Love,Lady Antebellum,40,11,Gains In Performance
2015-06-13,39,Turn It On,Eli Young Band,42,14,Gains In Performance
2015-06-13,40,Stay A Little Longer,Brothers Osborne,44,9,Gains In Performance
2015-06-13,41,I Got The Boy,Jana Kramer,43,14,Gains In Performance
2015-06-13,42,Country,Mo Pitney,46,18,Gains In Performance
2015-06-13,43,All Country On You,Austin Webb,45,20,Gains In Performance
2015-06-13,44,Biscuits,Kacey Musgraves,47,13,Gains In Performance
2015-06-13,45,I'm Comin' Over,Chris Young,NEW,1,Gains In Performance
2015-06-13,46,Let It Go,George Strait,49,8,Gains In Performance
2015-06-13,47,I Love This Life,LoCash,51,14,Gains In Performance
2015-06-13,48,Little Bit Of You,Chase Bryant,52,7,Gains In Performance
2015-06-13,49,Trans Am,Thompson Square,50,7,Gains In Performance
2015-06-13,50,21,Hunter Hayes,32,2,
2015-06-13,51,It Feels Good,Drake White,53,12,Gains In Performance
2015-06-13,52,Fall Apart,Casey James,55,9,Gains In Performance
2015-06-13,53,Folks Like Us,Montgomery Gentry,54,14,Gains In Performance
2015-06-13,54,Southern Style,Darius Rucker,NEW,1,Gains In Performance
2015-06-13,55,Hit The Road,Waterloo Revival,59,14,Gains In Performance
2015-06-13,56,First Kiss,Kid Rock,56,4,Gains In Performance
2015-06-13,57,That Look,Aaron Watson,RE,2,Gains In Performance
2015-06-13,58,35 mph Town,Toby Keith,57,4,
2015-06-13,59,My Mistake,Cam,60,16,Gains In Performance
2015-06-13,60,On To Something Good,Ashley Monroe,58,11,
2015-06-20,1,Sippin' On Fire,Florida Georgia Line,2,19,Gains In Performance
2015-06-20,2,Wild Child,Kenny Chesney With Grace Potter,4,20,Gains In Performance
2015-06-20,3,Little Toy Guns,Carrie Underwood,7,18,Gains In Performance
2015-06-20,4,Sangria,Blake Shelton,5,12,Gains In Performance
2015-06-20,5,Love Me Like You Mean It,Kelsea Ballerini,8,36,Gains In Performance
2015-06-20,6,Baby Be My Love Song,Easton Corbin,6,39,Gains In Performance
2015-06-20,7,Smoke,A Thousand Horses,1,22,
2015-06-20,8,Don't It,Billy Currington,3,33,
2015-06-20,9,Diamond Rings And Old Barstools,Tim McGraw With Catherine Dunn,9,20,Gains In Performance
2015-06-20,10,Tonight Looks Good On You,Jason Aldean,11,12,Greatest gainer this week|Gains In Performance
2015-06-20,11,Love You Like That,Canaan Smith,12,44,Gains In Performance
2015-06-20,12,Girl Crush,Little Big Town,10,26,Gains In Performance
2015-06-20,13,Crushin' It,Brad Paisley,13,20,Gains In Performance
2015-06-20,14,One Hell Of An Amen,Brantley Gilbert,14,30,Gains In Performance
2015-06-20,15,Kiss You In The Morning,Michael Ray,16,17,Gains In Performance
2015-06-20,16,Young & Crazy,Frankie Ballard,15,22,Gains In Performance
2015-06-20,17,Kick The Dust Up,Luke Bryan,18,3,Gains In Performance
2015-06-20,18,Loving You Easy,Zac Brown Band,17,7,Gains In Performance
2015-06-20,19,Hell Of A Night,Dustin Lynch,19,31,Gains In Performance
2015-06-20,20,Like A Wrecking Ball,Eric Church,22,16,Gains In Performance
2015-06-20,21,Crash And Burn,Thomas Rhett,20,9,Gains In Performance
2015-06-20,22,Riot,Rascal Flatts,21,28,Gains In Performance
2015-06-20,23,Buy Me A Boat,Chris Janson,23,6,Gains In Performance
2015-06-20,24,Fly,Maddie & Tae,24,20,Gains In Performance
2015-06-20,25,House Party,Sam Hunt,28,18,Gains In Performance
2015-06-20,26,Lose My Mind,Brett Eldredge,26,7,Gains In Performance
2015-06-20,27,I'm To Blame,Kip Moore,27,20,Gains In Performance
2015-06-20,28,Gonna Wanna Tonight,Chase Rice,30,31,Gains In Performance
2015-06-20,29,Going Out Like That,Reba,31,22,Gains In Performance
2015-06-20,30,Let Me See Ya Girl,Cole Swindell,32,9,Gains In Performance
2015-06-20,31,Break Up With Him,Old Dominion,33,19,Gains In Performance
2015-06-20,32,Nothin' Like You,Dan + Shay,34,16,Gains In Performance
2015-06-20,33,Long Stretch Of Love,Lady Antebellum,38,12,Gains In Performance
2015-06-20,34,Already Callin' You Mine,Parmalee,35,18,Gains In Performance
2015-06-20,35,Run Away With You,Big & Rich,36,21,Gains In Performance
2015-06-20,36,Better Than You Left Me,Mickey Guyton,37,22,Gains In Performance
2015-06-20,37,Real Life,Jake Owen,29,2,Gains In Performance
2015-06-20,38,Stay A Little Longer,Brothers Osborne,40,10,Gains In Performance
2015-06-20,39,I Got The Boy,Jana Kramer,41,15,Gains In Performance
2015-06-20,40,Country,Mo Pitney,42,19,Gains In Performance
2015-06-20,41,Drinkin' Town With A Football Problem,Billy Currington,NEW,1,Highest ranking debut|Gains In Performance
2015-06-20,42,Turn It On,Eli Young Band,39,15,
2015-06-20,43,All Country On You,Austin Webb,43,21,Gains In Performance
2015-06-20,44,I'm Comin' Over,Chris Young,45,2,Gains In Performance
2015-06-20,45,21,Hunter Hayes,50,3,Gains In Performance
2015-06-20,46,Little Bit Of You,Chase Bryant,48,8,Gains In Performance
2015-06-20,47,Let It Go,George Strait,46,9,Gains In Performance
2015-06-20,48,Biscuits,Kacey Musgraves,44,14,
2015-06-20,49,I Love This Life,LoCash,47,15,
2015-06-20,50,It Feels Good,Drake White,51,13,Gains In Performance
2015-06-20,51,Southern Style,Darius Rucker,54,2,Gains In Performance
2015-06-20,52,That Look,Aaron Watson,57,3,Gains In Performance
2015-06-20,53,Trans Am,Thompson Square,49,8,
2015-06-20,54,Folks Like Us,Montgomery Gentry,53,15,Gains In Performance
2015-06-20,55,Hit The Road,Waterloo Revival,55,15,Gains In Performance
2015-06-20,56,Fall Apart,Casey James,52,10,
2015-06-20,57,On To Something Good,Ashley Monroe,60,12,Gains In Performance
2015-06-20,58,We Went,Randy Houser,NEW,1,Gains In Performance
2015-06-20,59,35 mph Town,Toby Keith,58,5,
2015-06-20,60,First Kiss,Kid Rock,56,5,
2015-06-27,1,Wild Child,Kenny Chesney With Grace Potter,2,21,Gains In Performance
2015-06-27,2,Love Me Like You Mean It,Kelsea Ballerini,5,37,Gains In Performance
2015-06-27,3,Sangria,Blake Shelton,4,13,Gains In Performance
2015-06-27,4,Little Toy Guns,Carrie Underwood,3,19,Gains In Performance
2015-06-27,5,Baby Be My Love Song,Easton Corbin,6,40,Gains In Performance
2015-06-27,6,Sippin' On Fire,Florida Georgia Line,1,20,
2015-06-27,7,Diamond Rings And Old Barstools,Tim McGraw With Catherine Dunn,9,21,Gains In Performance
2015-06-27,8,Tonight Looks Good On You,Jason Aldean,10,13,Gains In Performance
2015-06-27,9,Love You Like That,Canaan Smith,11,45,Gains In Performance
2015-06-27,10,Girl Crush,Little Big Town,12,27,Gains In Performance
2015-06-27,11,Crushin' It,Brad Paisley,13,21,Gains In Performance
2015-06-27,12,One Hell Of An Amen,Brantley Gilbert,14,31,Gains In Performance
2015-06-27,13,Kiss You In The Morning,Michael Ray,15,18,Gains In Performance
2015-06-27,14,Young & Crazy,Frankie Ballard,16,23,Gains In Performance
2015-06-27,15,Kick The Dust Up,Luke Bryan,17,4,Gains In Performance
2015-06-27,16,Loving You Easy,Zac Brown Band,18,8,Gains In Performance
2015-06-27,17,Hell Of A Night,Dustin Lynch,19,32,Gains In Performance
2015-06-27,18,Like A Wrecking Ball,Eric Church,20,17,Gains In Performance
2015-06-27,19,Crash And Burn,Thomas Rhett,21,10,Gains In Performance
2015-06-27,20,Riot,Rascal Flatts,22,29,Gains In Performance
2015-06-27,21,House Party,Sam Hunt,25,19,Gains In Performance
2015-06-27,22,Buy Me A Boat,Chris Janson,23,7,Gains In Performance
2015-06-27,23,Lose My Mind,Brett Eldredge,26,8,Gains In Performance
2015-06-27,24,Fly,Maddie & Tae,24,21,Gains In Performance
2015-06-27,25,I'm To Blame,Kip Moore,27,21,Gains In Performance
2015-06-27,26,"John Cougar, John Deere, John 3:16",Keith Urban,NEW,1,Greatest gainer this week|Gains In Performance
2015-06-27,27,Gonna Wanna Tonight,Chase Rice,28,32,Gains In Performance
2015-06-27,28,Let Me See Ya Girl,Cole Swindell,30,10,Gains In Performance
2015-06-27,29,Going Out Like That,Reba,29,23,Gains In Performance
2015-06-27,30,Nothin' Like You,Dan + Shay,32,17,Gains In Performance
2015-06-27,31,Break Up With Him,Old Dominion,31,20,Gains In Performance
2015-06-27,32,Long Stretch Of Love,Lady Antebellum,33,13,Gains In Performance
2015-06-27,33,Already Callin' You Mine,Parmalee,34,19,Gains In Performance
2015-06-27,34,Real Life,Jake Owen,37,3,Gains In Performance
2015-06-27,35,Run Away With You,Big & Rich,35,22,Gains In Performance
2015-06-27,36,Better Than You Left Me,Mickey Guyton,36,23,
2015-06-27,37,Stay A Little Longer,Brothers Osborne,38,11,Gains In Performance
2015-06-27,38,I Got The Boy,Jana Kramer,39,16,Gains In Performance
2015-06-27,39,Country,Mo Pitney,40,20,Gains In Performance
2015-06-27,40,I'm Comin' Over,Chris Young,44,3,Gains In Performance
2015-06-27,41,All Country On You,Austin Webb,43,22,Gains In Performance
2015-06-27,42,21,Hunter Hayes,45,4,Gains In Performance
2015-06-27,43,Little Bit Of You,Chase Bryant,46,9,Gains In Performance
2015-06-27,44,I Love This Life,LoCash,49,16,Gains In Performance
2015-06-27,45,Southern Style,Darius Rucker,51,3,Gains In Performance
2015-06-27,46,It Feels Good,Drake White,50,14,
2015-06-27,47,That Look,Aaron Watson,52,4,Gains In Performance
2015-06-27,48,Trans Am,Thompson Square,53,9,Gains In Performance
2015-06-27,49,Folks Like Us,Montgomery Gentry,54,16,
2015-06-27,50,Anything Goes,Florida Georgia Line,NEW,1,Gains In Performance
2015-06-27,51,Hit The Road,Waterloo Revival,55,16,
2015-06-27,52,Let It Go,George Strait,47,10,
2015-06-27,53,Fall Apart,Casey James,56,11,
2015-06-27,54,Drinkin' Town With A Football Problem,Billy Currington,41,2,
2015-06-27,55,35 mph Town,Toby Keith,59,6,Gains In Performance
2015-06-27,56,Turn It On,Eli Young Band,42,16,
2015-06-27,57,Tomorrow Tonight,Craig Campbell,NEW,1,Gains In Performance
2015-06-27,58,We Went,Randy Houser,58,2,Gains In Performance
2015-06-27,59,That Don't Sound Like You,Lee Brice,NEW,1,Gains In Performance
2015-06-27,60,First Kiss,Kid Rock,60,6,Gains In Performance
2015-07-04,1,Love Me Like You Mean It,Kelsea Ballerini,2,38,Greatest gainer this week|Gains In Performance
2015-07-04,2,Sangria,Blake Shelton,3,14,Gains In Performance
2015-07-04,3,Little Toy Guns,Carrie Underwood,4,20,Gains In Performance
2015-07-04,4,Baby Be My Love Song,Easton Corbin,5,41,Gains In Performance
2015-07-04,5,Diamond Rings And Old Barstools,Tim McGraw With Catherine Dunn,7,22,Gains In Performance
2015-07-04,6,Tonight Looks Good On You,Jason Aldean,8,14,Gains In Performance
2015-07-04,7,Love You Like That,Canaan Smith,9,46,Gains In Performance
2015-07-04,8,Wild Child,Kenny Chesney With Grace Potter,1,22,
2015-07-04,9,Girl Crush,Little Big Town,10,28,Gains In Performance
2015-07-04,10,One Hell Of An Amen,Brantley Gilbert,12,32,Gains In Performance
2015-07-04,11,Crushin' It,Brad Paisley,11,22,Gains In Performance
2015-07-04,12,Kiss You In The Morning,Michael Ray,13,19,Gains In Performance
2015-07-04,13,Kick The Dust Up,Luke Bryan,15,5,Gains In Performance
2015-07-04,14,Young & Crazy,Frankie Ballard,14,24,Gains In Performance
2015-07-04,15,Loving You Easy,Zac Brown Band,16,9,Gains In Performance
2015-07-04,16,Hell Of A Night,Dustin Lynch,17,33,Gains In Performance
2015-07-04,17,Like A Wrecking Ball,Eric Church,18,18,Gains In Performance
2015-07-04,18,House Party,Sam Hunt,21,20,Gains In Performance
2015-07-04,19,Crash And Burn,Thomas Rhett,19,11,Gains In Performance
2015-07-04,20,Buy Me A Boat,Chris Janson,22,8,Gains In Performance
2015-07-04,21,Lose My Mind,Brett Eldredge,23,9,Gains In Performance
2015-07-04,22,Fly,Maddie & Tae,24,22,Gains In Performance
2015-07-04,23,Gonna Wanna Tonight,Chase Rice,27,33,Gains In Performance
2015-07-04,24,I'm To Blame,Kip Moore,25,22,Gains In Performance
2015-07-04,25,Real Life,Jake Owen,34,4,Gains In Performance
2015-07-04,26,Nothin' Like You,Dan + Shay,30,18,Gains In Performance
2015-07-04,27,Let Me See Ya Girl,Cole Swindell,28,11,Gains In Performance
2015-07-04,28,Going Out Like That,Reba,29,24,Gains In Performance
2015-07-04,29,"John Cougar, John Deere, John 3:16",Keith Urban,26,2,Gains In Performance
2015-07-04,30,Break Up With Him,Old Dominion,31,21,Gains In Performance
2015-07-04,31,Long Stretch Of Love,Lady Antebellum,32,14,Gains In Performance
2015-07-04,32,Already Callin' You Mine,Parmalee,33,20,Gains In Performance
2015-07-04,33,Run Away With You,Big & Rich,35,23,Gains In Performance
2015-07-04,34,Stay A Little Longer,Brothers Osborne,37,12,Gains In Performance
2015-07-04,35,Better Than You Left Me,Mickey Guyton,36,24,Gains In Performance
2015-07-04,36,I Got The Boy,Jana Kramer,38,17,
2015-07-04,37,I'm Comin' Over,Chris Young,40,4,Gains In Performance
2015-07-04,38,Country,Mo Pitney,39,21,Gains In Performance
2015-07-04,39,Anything Goes,Florida Georgia Line,50,2,Gains In Performance
2015-07-04,40,21,Hunter Hayes,42,5,Gains In Performance
2015-07-04,41,All Country On You,Austin Webb,41,23,
2015-07-04,42,Little Bit Of You,Chase Bryant,43,10,Gains In Performance
2015-07-04,43,I Love This Life,LoCash,44,17,Gains In Performance
2015-07-04,44,It Feels Good,Drake White,46,15,Gains In Performance
2015-07-04,45,Southern Style,Darius Rucker,45,4,Gains In Performance
2015-07-04,46,Fall Apart,Casey James,53,12,Gains In Performance
2015-07-04,47,Trans Am,Thompson Square,48,10,Gains In Performance
2015-07-04,48,Drinkin' Town With A Football Problem,Billy Currington,54,3,Gains In Performance
2015-07-04,49,Folks Like Us,Montgomery Gentry,49,17,Gains In Performance
2015-07-04,50,That Look,Aaron Watson,47,5,
2015-07-04,51,35 mph Town,Toby Keith,55,7,Gains In Performance
2015-07-04,52,We Went,Randy Houser,58,3,Gains In Performance
2015-07-04,53,Tomorrow Tonight,Craig Campbell,57,2,
2015-07-04,54,Let It Go,George Strait,52,11,
2015-07-04,55,Smokin' And Drinkin',Miranda Lambert Featuring Little Big Town,NEW,1,Highest ranking debut|Gains In Performance
2015-07-04,56,First Kiss,Kid Rock,60,7,Gains In Performance
2015-07-04,57,That Don't Sound Like You,Lee Brice,59,2,
2015-07-04,58,Hit The Road,Waterloo Revival,51,17,
2015-07-04,59,Save It For A Rainy Day,Kenny Chesney,NEW,1,Gains In Performance
2015-07-04,60,Love Is Your Name,Steven Tyler,RE,2,Gains In Performance
2015-07-11,1,Sangria,Blake Shelton,2,15,Gains In Performance
2015-07-11,2,Little Toy Guns,Carrie Underwood,3,21,Gains In Performance
2015-07-11,3,Diamond Rings And Old Barstools,Tim McGraw With Catherine Dunn,5,23,Greatest gainer this week|Gains In Performance
2015-07-11,4,Tonight Looks Good On You,Jason Aldean,6,15,Gains In Performance
2015-07-11,5,Baby Be My Love Song,Easton Corbin,4,42,Gains In Performance
2015-07-11,6,Love Me Like You Mean It,Kelsea Ballerini,1,39,
2015-07-11,7,Love You Like That,Canaan Smith,7,47,Gains In Performance
2015-07-11,8,Girl Crush,Little Big Town,9,29,Gains In Performance
2015-07-11,9,One Hell Of An Amen,Brantley Gilbert,10,33,Gains In Performance
2015-07-11,10,Kiss You In The Morning,Michael Ray,12,20,Gains In Performance
2015-07-11,11,Kick The Dust Up,Luke Bryan,13,6,Gains In Performance
2015-07-11,12,Crushin' It,Brad Paisley,11,23,Gains In Performance
2015-07-11,13,Loving You Easy,Zac Brown Band,15,10,Gains In Performance
2015-07-11,14,Young & Crazy,Frankie Ballard,14,25,Gains In Performance
2015-07-11,15,Hell Of A Night,Dustin Lynch,16,34,Gains In Performance
2015-07-11,16,House Party,Sam Hunt,18,21,Gains In Performance
2015-07-11,17,Like A Wrecking Ball,Eric Church,17,19,Gains In Performance
2015-07-11,18,Crash And Burn,Thomas Rhett,19,12,Gains In Performance
2015-07-11,19,Buy Me A Boat,Chris Janson,20,9,Gains In Performance
2015-07-11,20,Lose My Mind,Brett Eldredge,21,10,Gains In Performance
2015-07-11,21,Fly,Maddie & Tae,22,23,Gains In Performance
2015-07-11,22,"John Cougar, John Deere, John 3:16",Keith Urban,29,3,Gains In Performance
2015-07-11,23,Gonna Wanna Tonight,Chase Rice,23,34,Gains In Performance
2015-07-11,24,I'm To Blame,Kip Moore,24,23,Gains In Performance
2015-07-11,25,Real Life,Jake Owen,25,5,Gains In Performance
2015-07-11,26,Let Me See Ya Girl,Cole Swindell,27,12,Gains In Performance
2015-07-11,27,Long Stretch Of Love,Lady Antebellum,31,15,Gains In Performance
2015-07-11,28,Break Up With Him,Old Dominion,30,22,Gains In Performance
2015-07-11,29,Nothin' Like You,Dan + Shay,26,19,Gains In Performance
2015-07-11,30,Going Out Like That,Reba,28,25,Gains In Performance
2015-07-11,31,Run Away With You,Big & Rich,33,24,Gains In Performance
2015-07-11,32,Already Callin' You Mine,Parmalee,32,21,Gains In Performance
2015-07-11,33,Stay A Little Longer,Brothers Osborne,34,13,Gains In Performance
2015-07-11,34,Anything Goes,Florida Georgia Line,39,3,Gains In Performance
2015-07-11,35,Better Than You Left Me,Mickey Guyton,35,25,
2015-07-11,36,Country,Mo Pitney,38,22,Gains In Performance
2015-07-11,37,I'm Comin' Over,Chris Young,37,5,Gains In Performance
2015-07-11,38,I Got The Boy,Jana Kramer,36,18,Gains In Performance
2015-07-11,39,21,Hunter Hayes,40,6,Gains In Performance
2015-07-11,40,All Country On You,Austin Webb,41,24,Gains In Performance
2015-07-11,41,Save It For A Rainy Day,Kenny Chesney,59,2,Gains In Performance
2015-07-11,42,It Feels Good,Drake White,44,16,Gains In Performance
2015-07-11,43,I Love This Life,LoCash,43,18,Gains In Performance
2015-07-11,44,Little Bit Of You,Chase Bryant,42,11,Gains In Performance
2015-07-11,45,Southern Style,Darius Rucker,45,5,Gains In Performance
2015-07-11,46,Smokin' And Drinkin',Miranda Lambert Featuring Little Big Town,55,2,Gains In Performance
2015-07-11,47,Trans Am,Thompson Square,47,11,Gains In Performance
2015-07-11,48,Burning House,Cam,NEW,1,Highest ranking debut|Gains In Performance
2015-07-11,49,Drinkin' Town With A Football Problem,Billy Currington,48,4,Gains In Performance
2015-07-11,50,Fall Apart,Casey James,46,13,
2015-07-11,51,Folks Like Us,Montgomery Gentry,49,18,Gains In Performance
2015-07-11,52,That Look,Aaron Watson,50,6,Gains In Performance
2015-07-11,53,35 mph Town,Toby Keith,51,8,Gains In Performance
2015-07-11,54,We Went,Randy Houser,52,4,Gains In Performance
2015-07-11,55,White Lightning,The Cadillac Three,NEW,1,Gains In Performance
2015-07-11,56,Tomorrow Tonight,Craig Campbell,53,3,Gains In Performance
2015-07-11,57,That Don't Sound Like You,Lee Brice,57,3,Gains In Performance
2015-07-11,58,Can't Get Away From A Good Time,Logan Mize,RE,2,
2015-07-11,59,Love Is Your Name,Steven Tyler,60,3,
2015-07-11,60,On To Something Good,Ashley Monroe,RE,13,Gains In Performance
2015-07-18,1,Sangria,Blake Shelton,1,16,Gains In Performance
2015-07-18,2,Tonight Looks Good On You,Jason Aldean,4,16,Gains In Performance
2015-07-18,3,Baby Be My Love Song,Easton Corbin,5,43,Gains In Performance
2015-07-18,4,Love You Like That,Canaan Smith,7,48,Gains In Performance
2015-07-18,5,Girl Crush,Little Big Town,8,30,Gains In Performance
2015-07-18,6,One Hell Of An Amen,Brantley Gilbert,9,34,Gains In Performance
2015-07-18,7,Kiss You In The Morning,Michael Ray,10,21,Gains In Performance
2015-07-18,8,Diamond Rings And Old Barstools,Tim McGraw With Catherine Dunn,3,24,
2015-07-18,9,Kick The Dust Up,Luke Bryan,11,7,Gains In Performance
2015-07-18,10,Loving You Easy,Zac Brown Band,13,11,Gains In Performance
2015-07-18,11,Crushin' It,Brad Paisley,12,24,Gains In Performance
2015-07-18,12,Young & Crazy,Frankie Ballard,14,26,Gains In Performance
2015-07-18,13,Hell Of A Night,Dustin Lynch,15,35,Gains In Performance
2015-07-18,14,House Party,Sam Hunt,16,22,Greatest gainer this week|Gains In Performance
2015-07-18,15,Crash And Burn,Thomas Rhett,18,13,Gains In Performance
2015-07-18,16,Like A Wrecking Ball,Eric Church,17,20,Gains In Performance
2015-07-18,17,Buy Me A Boat,Chris Janson,19,10,Gains In Performance
2015-07-18,18,Lose My Mind,Brett Eldredge,20,11,Gains In Performance
2015-07-18,19,"John Cougar, John Deere, John 3:16",Keith Urban,22,4,Gains In Performance
2015-07-18,20,Fly,Maddie & Tae,21,24,Gains In Performance
2015-07-18,21,Real Life,Jake Owen,25,6,Gains In Performance
2015-07-18,22,Gonna Wanna Tonight,Chase Rice,23,35,Gains In Performance
2015-07-18,23,I'm To Blame,Kip Moore,24,24,Gains In Performance
2015-07-18,24,Let Me See Ya Girl,Cole Swindell,26,13,Gains In Performance
2015-07-18,25,Long Stretch Of Love,Lady Antebellum,27,16,Gains In Performance
2015-07-18,26,Nothin' Like You,Dan + Shay,29,20,Gains In Performance
2015-07-18,27,Break Up With Him,Old Dominion,28,23,Gains In Performance
2015-07-18,28,Going Out Like That,Reba,30,26,Gains In Performance
2015-07-18,29,Run Away With You,Big & Rich,31,25,Gains In Performance
2015-07-18,30,Stay A Little Longer,Brothers Osborne,33,14,Gains In Performance
2015-07-18,31,Anything Goes,Florida Georgia Line,34,4,Gains In Performance
2015-07-18,32,Already Callin' You Mine,Parmalee,32,22,Gains In Performance
2015-07-18,33,Save It For A Rainy Day,Kenny Chesney,41,3,Gains In Performance
2015-07-18,34,Better Than You Left Me,Mickey Guyton,35,26,Gains In Performance
2015-07-18,35,I'm Comin' Over,Chris Young,37,6,Gains In Performance
2015-07-18,36,I Got The Boy,Jana Kramer,38,19,Gains In Performance
2015-07-18,37,21,Hunter Hayes,39,7,Gains In Performance
2015-07-18,38,All Country On You,Austin Webb,40,25,Gains In Performance
2015-07-18,39,It Feels Good,Drake White,42,17,Gains In Performance
2015-07-18,40,Burning House,Cam,48,2,Gains In Performance
2015-07-18,41,Smokin' And Drinkin',Miranda Lambert Featuring Little Big Town,46,3,Gains In Performance
2015-07-18,42,I Love This Life,LoCash,43,19,Gains In Performance
2015-07-18,43,Little Bit Of You,Chase Bryant,44,12,Gains In Performance
2015-07-18,44,Southern Style,Darius Rucker,45,6,Gains In Performance
2015-07-18,45,Drinkin' Town With A Football Problem,Billy Currington,49,5,Gains In Performance
2015-07-18,46,Trans Am,Thompson Square,47,12,Gains In Performance
2015-07-18,47,35 mph Town,Toby Keith,53,9,Gains In Performance
2015-07-18,48,We Went,Randy Houser,54,5,Gains In Performance
2015-07-18,49,White Lightning,The Cadillac Three,55,2,Gains In Performance
2015-07-18,50,Folks Like Us,Montgomery Gentry,51,19,
2015-07-18,51,Tomorrow Tonight,Craig Campbell,56,4,Gains In Performance
2015-07-18,52,(This Ain't No) Drunk Dial,A Thousand Horses,NEW,1,Highest ranking debut|Gains In Performance
2015-07-18,53,Riser,Dierks Bentley,RE,2,Gains In Performance
2015-07-18,54,Fall Apart,Casey James,50,14,
2015-07-18,55,That Don't Sound Like You,Lee Brice,57,4,Gains In Performance
2015-07-18,56,That Look,Aaron Watson,52,7,
2015-07-18,57,On To Something Good,Ashley Monroe,60,14,Gains In Performance
2015-07-18,58,Backroad Song,Granger Smith,NEW,1,Gains In Performance
2015-07-18,59,Dibs,Kelsea Ballerini,NEW,1,Gains In Performance
2015-07-18,60,Love Is Your Name,Steven Tyler,59,4,
2015-07-25,1,Love You Like That,Canaan Smith,4,49,Greatest gainer this week|Gains In Performance
2015-07-25,2,Tonight Looks Good On You,Jason Aldean,2,17,Gains In Performance
2015-07-25,3,Sangria,Blake Shelton,1,17,
2015-07-25,4,Girl Crush,Little Big Town,5,31,Gains In Performance
2015-07-25,5,One Hell Of An Amen,Brantley Gilbert,6,35,Gains In Performance
2015-07-25,6,Kiss You In The Morning,Michael Ray,7,22,Gains In Performance
2015-07-25,7,Baby Be My Love Song,Easton Corbin,3,44,
2015-07-25,8,Kick The Dust Up,Luke Bryan,9,8,Gains In Performance
2015-07-25,9,Young & Crazy,Frankie Ballard,12,27,Gains In Performance
2015-07-25,10,Loving You Easy,Zac Brown Band,10,12,Gains In Performance
2015-07-25,11,Crushin' It,Brad Paisley,11,25,Gains In Performance
2015-07-25,12,Hell Of A Night,Dustin Lynch,13,36,Gains In Performance
2015-07-25,13,House Party,Sam Hunt,14,23,Gains In Performance
2015-07-25,14,Crash And Burn,Thomas Rhett,15,14,Gains In Performance
2015-07-25,15,Like A Wrecking Ball,Eric Church,16,21,Gains In Performance
2015-07-25,16,Buy Me A Boat,Chris Janson,17,11,Gains In Performance
2015-07-25,17,Lose My Mind,Brett Eldredge,18,12,Gains In Performance
2015-07-25,18,"John Cougar, John Deere, John 3:16",Keith Urban,19,5,Gains In Performance
2015-07-25,19,Fly,Maddie & Tae,20,25,Gains In Performance
2015-07-25,20,Real Life,Jake Owen,21,7,Gains In Performance
2015-07-25,21,Gonna Wanna Tonight,Chase Rice,22,36,Gains In Performance
2015-07-25,22,Let Me See Ya Girl,Cole Swindell,24,14,Gains In Performance
2015-07-25,23,I'm To Blame,Kip Moore,23,25,Gains In Performance
2015-07-25,24,Nothin' Like You,Dan + Shay,26,21,Gains In Performance
2015-07-25,25,Long Stretch Of Love,Lady Antebellum,25,17,Gains In Performance
2015-07-25,26,Break Up With Him,Old Dominion,27,24,Gains In Performance
2015-07-25,27,Save It For A Rainy Day,Kenny Chesney,33,4,Gains In Performance
2015-07-25,28,Anything Goes,Florida Georgia Line,31,5,Gains In Performance
2015-07-25,29,Burning House,Cam,40,3,Gains In Performance
2015-07-25,30,Run Away With You,Big & Rich,29,26,Gains In Performance
2015-07-25,31,Going Out Like That,Reba,28,27,Gains In Performance
2015-07-25,32,Stay A Little Longer,Brothers Osborne,30,15,Gains In Performance
2015-07-25,33,Already Callin' You Mine,Parmalee,32,23,Gains In Performance
2015-07-25,34,I'm Comin' Over,Chris Young,35,7,Gains In Performance
2015-07-25,35,Better Than You Left Me,Mickey Guyton,34,27,Gains In Performance
2015-07-25,36,I Got The Boy,Jana Kramer,36,20,Gains In Performance
2015-07-25,37,Country,Mo Pitney,RE,23,Gains In Performance
2015-07-25,38,21,Hunter Hayes,37,8,Gains In Performance
2015-07-25,39,It Feels Good,Drake White,39,18,Gains In Performance
2015-07-25,40,All Country On You,Austin Webb,38,26,
2015-07-25,41,Smokin' And Drinkin',Miranda Lambert Featuring Little Big Town,41,4,Gains In Performance
2015-07-25,42,Little Bit Of You,Chase Bryant,43,13,Gains In Performance
2015-07-25,43,I Love This Life,LoCash,42,20,Gains In Performance
2015-07-25,44,Southern Style,Darius Rucker,44,7,Gains In Performance
2015-07-25,45,Trans Am,Thompson Square,46,13,Gains In Performance
2015-07-25,46,We Went,Randy Houser,48,6,Gains In Performance
2015-07-25,47,Drinkin' Town With A Football Problem,Billy Currington,45,6,
2015-07-25,48,35 mph Town,Toby Keith,47,10,
2015-07-25,49,Riser,Dierks Bentley,53,3,Gains In Performance
2015-07-25,50,(This Ain't No) Drunk Dial,A Thousand Horses,52,2,Gains In Performance
2015-07-25,51,Tomorrow Tonight,Craig Campbell,51,5,Gains In Performance
2015-07-25,52,White Lightning,The Cadillac Three,49,3,Gains In Performance
2015-07-25,53,That Don't Sound Like You,Lee Brice,55,5,Gains In Performance
2015-07-25,54,Dibs,Kelsea Ballerini,59,2,Gains In Performance
2015-07-25,55,On To Something Good,Ashley Monroe,57,15,
2015-07-25,56,Jim And Jack And Hank,Alan Jackson,NEW,1,Highest ranking debut|Gains In Performance
2015-07-25,57,Backroad Song,Granger Smith,58,2,Gains In Performance
2015-07-25,58,Withdrawals,Tyler Farr,NEW,1,Gains In Performance
2015-07-25,59,Crazy Too,Lucy Angel,NEW,1,Gains In Performance
2015-07-25,60,That Look,Aaron Watson,56,8,
2015-08-01,1,Tonight Looks Good On You,Jason Aldean,2,18,Gains In Performance
2015-08-01,2,One Hell Of An Amen,Brantley Gilbert,5,36,Greatest gainer this week|Gains In Performance
2015-08-01,3,Girl Crush,Little Big Town,4,32,Gains In Performance
2015-08-01,4,Kiss You In The Morning,Michael Ray,6,23,Gains In Performance
2015-08-01,5,Love You Like That,Canaan Smith,1,50,
2015-08-01,6,Kick The Dust Up,Luke Bryan,8,9,Gains In Performance
2015-08-01,7,Sangria,Blake Shelton,3,18,
2015-08-01,8,Young & Crazy,Frankie Ballard,9,28,Gains In Performance
2015-08-01,9,Loving You Easy,Zac Brown Band,10,13,Gains In Performance
2015-08-01,10,Crushin' It,Brad Paisley,11,26,Gains In Performance
2015-08-01,11,House Party,Sam Hunt,13,24,Gains In Performance
2015-08-01,12,Hell Of A Night,Dustin Lynch,12,37,Gains In Performance
2015-08-01,13,Crash And Burn,Thomas Rhett,14,15,Gains In Performance
2015-08-01,14,Like A Wrecking Ball,Eric Church,15,22,Gains In Performance
2015-08-01,15,Buy Me A Boat,Chris Janson,16,12,Gains In Performance
2015-08-01,16,Lose My Mind,Brett Eldredge,17,13,Gains In Performance
2015-08-01,17,"John Cougar, John Deere, John 3:16",Keith Urban,18,6,Gains In Performance
2015-08-01,18,Gonna Wanna Tonight,Chase Rice,21,37,Gains In Performance
2015-08-01,19,Fly,Maddie & Tae,19,26,Gains In Performance
2015-08-01,20,Real Life,Jake Owen,20,8,Gains In Performance
2015-08-01,21,Let Me See Ya Girl,Cole Swindell,22,15,Gains In Performance
2015-08-01,22,I'm To Blame,Kip Moore,23,26,Gains In Performance
2015-08-01,23,Save It For A Rainy Day,Kenny Chesney,27,5,Gains In Performance
2015-08-01,24,Break Up With Him,Old Dominion,26,25,Gains In Performance
2015-08-01,25,Nothin' Like You,Dan + Shay,24,22,Gains In Performance
2015-08-01,26,Long Stretch Of Love,Lady Antebellum,25,18,Gains In Performance
2015-08-01,27,Anything Goes,Florida Georgia Line,28,6,Gains In Performance
2015-08-01,28,Burning House,Cam,29,4,Gains In Performance
2015-08-01,29,Run Away With You,Big & Rich,30,27,Gains In Performance
2015-08-01,30,Stay A Little Longer,Brothers Osborne,32,16,Gains In Performance
2015-08-01,31,Already Callin' You Mine,Parmalee,33,24,Gains In Performance
2015-08-01,32,I'm Comin' Over,Chris Young,34,8,Gains In Performance
2015-08-01,33,I Got The Boy,Jana Kramer,36,21,Gains In Performance
2015-08-01,34,Better Than You Left Me,Mickey Guyton,35,28,
2015-08-01,35,Country,Mo Pitney,37,24,Gains In Performance
2015-08-01,36,21,Hunter Hayes,38,9,Gains In Performance
2015-08-01,37,It Feels Good,Drake White,39,19,Gains In Performance
2015-08-01,38,Smokin' And Drinkin',Miranda Lambert Featuring Little Big Town,41,5,Gains In Performance
2015-08-01,39,Southern Style,Darius Rucker,44,8,Gains In Performance
2015-08-01,40,I Love This Life,LoCash,43,21,Gains In Performance
2015-08-01,41,Little Bit Of You,Chase Bryant,42,14,Gains In Performance
2015-08-01,42,35 mph Town,Toby Keith,48,11,Gains In Performance
2015-08-01,43,(This Ain't No) Drunk Dial,A Thousand Horses,50,3,Gains In Performance
2015-08-01,44,Trans Am,Thompson Square,45,14,
2015-08-01,45,Drinkin' Town With A Football Problem,Billy Currington,47,7,Gains In Performance
2015-08-01,46,We Went,Randy Houser,46,7,
2015-08-01,47,Riser,Dierks Bentley,49,4,
2015-08-01,48,Dibs,Kelsea Ballerini,54,3,Gains In Performance
2015-08-01,49,White Lightning,The Cadillac Three,52,4,Gains In Performance
2015-08-01,50,Tomorrow Tonight,Craig Campbell,51,6,
2015-08-01,51,Love Is Your Name,Steven Tyler,RE,5,Gains In Performance
2015-08-01,52,Withdrawals,Tyler Farr,58,2,Gains In Performance
2015-08-01,53,That Don't Sound Like You,Lee Brice,53,6,
2015-08-01,54,Jim And Jack And Hank,Alan Jackson,56,2,Gains In Performance
2015-08-01,55,On To Something Good,Ashley Monroe,55,16,Gains In Performance
2015-08-01,56,Backroad Song,Granger Smith,57,3,Gains In Performance
2015-08-01,57,Crazy Too,Lucy Angel,59,2,Gains In Performance
2015-08-01,58,Move On,Clare Dunn,NEW,1,Highest ranking debut|Gains In Performance
2015-08-01,59,That Look,Aaron Watson,60,9,
2015-08-01,60,Headphones,Jackie Lee,NEW,1,Gains In Performance
2015-08-08,1,One Hell Of An Amen,Brantley Gilbert,2,37,Gains In Performance
2015-08-08,2,Tonight Looks Good On You,Jason Aldean,1,19,
2015-08-08,3,Kiss You In The Morning,Michael Ray,4,24,Gains In Performance
2015-08-08,4,Kick The Dust Up,Luke Bryan,6,10,Gains In Performance
2015-08-08,5,Loving You Easy,Zac Brown Band,9,14,Greatest gainer this week|Gains In Performance
2015-08-08,6,Young & Crazy,Frankie Ballard,8,29,Gains In Performance
2015-08-08,7,Hell Of A Night,Dustin Lynch,12,38,Gains In Performance
2015-08-08,8,House Party,Sam Hunt,11,25,Gains In Performance
2015-08-08,9,Crushin' It,Brad Paisley,10,27,Gains In Performance
2015-08-08,10,Love You Like That,Canaan Smith,5,51,
2015-08-08,11,Crash And Burn,Thomas Rhett,13,16,Gains In Performance
2015-08-08,12,Buy Me A Boat,Chris Janson,15,13,Gains In Performance
2015-08-08,13,"John Cougar, John Deere, John 3:16",Keith Urban,17,7,Gains In Performance
2015-08-08,14,Lose My Mind,Brett Eldredge,16,14,Gains In Performance
2015-08-08,15,Like A Wrecking Ball,Eric Church,14,23,Gains In Performance
2015-08-08,16,Fly,Maddie & Tae,19,27,Gains In Performance
2015-08-08,17,Save It For A Rainy Day,Kenny Chesney,23,6,Gains In Performance
2015-08-08,18,Real Life,Jake Owen,20,9,Gains In Performance
2015-08-08,19,Gonna Wanna Tonight,Chase Rice,18,38,Gains In Performance
2015-08-08,20,I'm To Blame,Kip Moore,22,27,Gains In Performance
2015-08-08,21,Let Me See Ya Girl,Cole Swindell,21,16,Gains In Performance
2015-08-08,22,Anything Goes,Florida Georgia Line,27,7,Gains In Performance
2015-08-08,23,Break Up With Him,Old Dominion,24,26,Gains In Performance
2015-08-08,24,Long Stretch Of Love,Lady Antebellum,26,19,Gains In Performance
2015-08-08,25,Nothin' Like You,Dan + Shay,25,23,Gains In Performance
2015-08-08,26,Burning House,Cam,28,5,Gains In Performance
2015-08-08,27,Run Away With You,Big & Rich,29,28,Gains In Performance
2015-08-08,28,Stay A Little Longer,Brothers Osborne,30,17,Gains In Performance
2015-08-08,29,Already Callin' You Mine,Parmalee,31,25,Gains In Performance
2015-08-08,30,I'm Comin' Over,Chris Young,32,9,Gains In Performance
2015-08-08,31,I Got The Boy,Jana Kramer,33,22,Gains In Performance
2015-08-08,32,21,Hunter Hayes,36,10,Gains In Performance
2015-08-08,33,It Feels Good,Drake White,37,20,Gains In Performance
2015-08-08,34,I Love This Life,LoCash,40,22,Gains In Performance
2015-08-08,35,Country,Mo Pitney,35,25,
2015-08-08,36,Southern Style,Darius Rucker,39,9,Gains In Performance
2015-08-08,37,Smokin' And Drinkin',Miranda Lambert Featuring Little Big Town,38,6,Gains In Performance
2015-08-08,38,Little Bit Of You,Chase Bryant,41,15,Gains In Performance
2015-08-08,39,Dibs,Kelsea Ballerini,48,4,Gains In Performance
2015-08-08,40,(This Ain't No) Drunk Dial,A Thousand Horses,43,4,Gains In Performance
2015-08-08,41,We Went,Randy Houser,46,8,Gains In Performance
2015-08-08,42,35 mph Town,Toby Keith,42,12,Gains In Performance
2015-08-08,43,Riser,Dierks Bentley,47,5,Gains In Performance
2015-08-08,44,Trans Am,Thompson Square,44,15,Gains In Performance
2015-08-08,45,Drinkin' Town With A Football Problem,Billy Currington,45,8,Gains In Performance
2015-08-08,46,White Lightning,The Cadillac Three,49,5,Gains In Performance
2015-08-08,47,Love Is Your Name,Steven Tyler,51,6,Gains In Performance
2015-08-08,48,Tomorrow Tonight,Craig Campbell,50,7,Gains In Performance
2015-08-08,49,That Look,Aaron Watson,59,10,Gains In Performance
2015-08-08,50,Jim And Jack And Hank,Alan Jackson,54,3,Gains In Performance
2015-08-08,51,"Honey, I'm Good.",Andy Grammer Duet With Eli Young Band,NEW,1,Highest ranking debut|Gains In Performance
2015-08-08,52,That Don't Sound Like You,Lee Brice,53,7,Gains In Performance
2015-08-08,53,Blue Bandana,Jerrod Niemann,NEW,1,Gains In Performance
2015-08-08,54,Yup,Easton Corbin,NEW,1,Gains In Performance
2015-08-08,55,Move On,Clare Dunn,58,2,Gains In Performance
2015-08-08,56,Withdrawals,Tyler Farr,52,3,
2015-08-08,57,On To Something Good,Ashley Monroe,55,17,
2015-08-08,58,Ain't No Trucks In Texas,Ronnie Dunn,NEW,1,Gains In Performance
2015-08-08,59,Gonna,Blake Shelton,NEW,1,Gains In Performance
2015-08-08,60,Crazy Too,Lucy Angel,57,3,Gains In Performance
2015-08-15,1,Kick The Dust Up,Luke Bryan,4,11,Greatest gainer this week|Gains In Performance
2015-08-15,2,Kiss You In The Morning,Michael Ray,3,25,Gains In Performance
2015-08-15,3,Young & Crazy,Frankie Ballard,6,30,Gains In Performance
2015-08-15,4,Loving You Easy,Zac Brown Band,5,15,Gains In Performance
2015-08-15,5,One Hell Of An Amen,Brantley Gilbert,1,38,
2015-08-15,6,Tonight Looks Good On You,Jason Aldean,2,20,
2015-08-15,7,Hell Of A Night,Dustin Lynch,7,39,Gains In Performance
2015-08-15,8,House Party,Sam Hunt,8,26,Gains In Performance
2015-08-15,9,Crash And Burn,Thomas Rhett,11,17,Gains In Performance
2015-08-15,10,Buy Me A Boat,Chris Janson,12,14,Gains In Performance
2015-08-15,11,Lose My Mind,Brett Eldredge,14,15,Gains In Performance
2015-08-15,12,"John Cougar, John Deere, John 3:16",Keith Urban,13,8,Gains In Performance
2015-08-15,13,Like A Wrecking Ball,Eric Church,15,24,Gains In Performance
2015-08-15,14,Save It For A Rainy Day,Kenny Chesney,17,7,Gains In Performance
2015-08-15,15,Fly,Maddie & Tae,16,28,Gains In Performance
2015-08-15,16,Gonna Wanna Tonight,Chase Rice,19,39,Gains In Performance
2015-08-15,17,Real Life,Jake Owen,18,10,Gains In Performance
2015-08-15,18,Let Me See Ya Girl,Cole Swindell,21,17,Gains In Performance
2015-08-15,19,Anything Goes,Florida Georgia Line,22,8,Gains In Performance
2015-08-15,20,Nothin' Like You,Dan + Shay,25,24,Gains In Performance
2015-08-15,21,I'm To Blame,Kip Moore,20,28,Gains In Performance
2015-08-15,22,Break Up With Him,Old Dominion,23,27,Gains In Performance
2015-08-15,23,Long Stretch Of Love,Lady Antebellum,24,20,Gains In Performance
2015-08-15,24,Burning House,Cam,26,6,Gains In Performance
2015-08-15,25,Run Away With You,Big & Rich,27,29,Gains In Performance
2015-08-15,26,Stay A Little Longer,Brothers Osborne,28,18,Gains In Performance
2015-08-15,27,Already Callin' You Mine,Parmalee,29,26,Gains In Performance
2015-08-15,28,I'm Comin' Over,Chris Young,30,10,Gains In Performance
2015-08-15,29,I Got The Boy,Jana Kramer,31,23,Gains In Performance
2015-08-15,30,21,Hunter Hayes,32,11,Gains In Performance
2015-08-15,31,I Love This Life,LoCash,34,23,Gains In Performance
2015-08-15,32,Dibs,Kelsea Ballerini,39,5,Gains In Performance
2015-08-15,33,Smokin' And Drinkin',Miranda Lambert Featuring Little Big Town,37,7,Gains In Performance
2015-08-15,34,Southern Style,Darius Rucker,36,10,Gains In Performance
2015-08-15,35,It Feels Good,Drake White,33,21,Gains In Performance
2015-08-15,36,Gonna,Blake Shelton,59,2,Gains In Performance
2015-08-15,37,Country,Mo Pitney,35,26,Gains In Performance
2015-08-15,38,Little Bit Of You,Chase Bryant,38,16,Gains In Performance
2015-08-15,39,Riser,Dierks Bentley,43,6,Gains In Performance
2015-08-15,40,We Went,Randy Houser,41,9,Gains In Performance
2015-08-15,41,(This Ain't No) Drunk Dial,A Thousand Horses,40,5,Gains In Performance
2015-08-15,42,That Don't Sound Like You,Lee Brice,52,8,Gains In Performance
2015-08-15,43,Blue Bandana,Jerrod Niemann,53,2,Gains In Performance
2015-08-15,44,35 mph Town,Toby Keith,42,13,Gains In Performance
2015-08-15,45,Tomorrow Tonight,Craig Campbell,48,8,Gains In Performance
2015-08-15,46,Love Is Your Name,Steven Tyler,47,7,Gains In Performance
2015-08-15,47,Drinkin' Town With A Football Problem,Billy Currington,45,9,Gains In Performance
2015-08-15,48,Yup,Easton Corbin,54,2,Gains In Performance
2015-08-15,49,White Lightning,The Cadillac Three,46,6,Gains In Performance
2015-08-15,50,That Look,Aaron Watson,49,11,Gains In Performance
2015-08-15,51,Ain't No Trucks In Texas,Ronnie Dunn,58,2,Gains In Performance
2015-08-15,52,Trans Am,Thompson Square,44,16,
2015-08-15,53,Night's On Fire,David Nail,NEW,1,Highest ranking debut|Gains In Performance
2015-08-15,54,"Honey, I'm Good.",Andy Grammer Duet With Eli Young Band,51,2,Gains In Performance
2015-08-15,55,Jim And Jack And Hank,Alan Jackson,50,4,Gains In Performance
2015-08-15,56,Move On,Clare Dunn,55,3,Gains In Performance
2015-08-15,57,Backroad Song,Granger Smith,RE,4,Gains In Performance
2015-08-15,58,Crazy Too,Lucy Angel,60,4,
2015-08-15,59,Gonna Know We Were Here,Jason Aldean,NEW,1,Gains In Performance
2015-08-15,60,On To Something Good,Ashley Monroe,57,18,
2015-08-22,1,Kiss You In The Morning,Michael Ray,2,26,Gains In Performance
2015-08-22,2,Loving You Easy,Zac Brown Band,4,16,Gains In Performance
2015-08-22,3,Young & Crazy,Frankie Ballard,3,31,Gains In Performance
2015-08-22,4,House Party,Sam Hunt,8,27,Gains In Performance
2015-08-22,5,Hell Of A Night,Dustin Lynch,7,40,Gains In Performance
2015-08-22,6,Kick The Dust Up,Luke Bryan,1,12,
2015-08-22,7,Crash And Burn,Thomas Rhett,9,18,Gains In Performance
2015-08-22,8,One Hell Of An Amen,Brantley Gilbert,5,39,
2015-08-22,9,Tonight Looks Good On You,Jason Aldean,6,21,
2015-08-22,10,Buy Me A Boat,Chris Janson,10,15,Gains In Performance
2015-08-22,11,"John Cougar, John Deere, John 3:16",Keith Urban,12,9,Gains In Performance
2015-08-22,12,Lose My Mind,Brett Eldredge,11,16,Gains In Performance
2015-08-22,13,Save It For A Rainy Day,Kenny Chesney,14,8,Gains In Performance
2015-08-22,14,Like A Wrecking Ball,Eric Church,13,25,Gains In Performance
2015-08-22,15,Fly,Maddie & Tae,15,29,Gains In Performance
2015-08-22,16,Gonna Wanna Tonight,Chase Rice,16,40,Gains In Performance
2015-08-22,17,Anything Goes,Florida Georgia Line,19,9,Gains In Performance
2015-08-22,18,Let Me See Ya Girl,Cole Swindell,18,18,Gains In Performance
2015-08-22,19,Real Life,Jake Owen,17,11,Gains In Performance
2015-08-22,20,Nothin' Like You,Dan + Shay,20,25,Gains In Performance
2015-08-22,21,Break Up With Him,Old Dominion,22,28,Gains In Performance
2015-08-22,22,Long Stretch Of Love,Lady Antebellum,23,21,Gains In Performance
2015-08-22,23,I'm To Blame,Kip Moore,21,29,Gains In Performance
2015-08-22,24,Burning House,Cam,24,7,Gains In Performance
2015-08-22,25,Run Away With You,Big & Rich,25,30,Gains In Performance
2015-08-22,26,I'm Comin' Over,Chris Young,28,11,Gains In Performance
2015-08-22,27,Stay A Little Longer,Brothers Osborne,26,19,Gains In Performance
2015-08-22,28,Already Callin' You Mine,Parmalee,27,27,Gains In Performance
2015-08-22,29,Gonna,Blake Shelton,36,3,Gains In Performance
2015-08-22,30,Top Of The World,Tim McGraw,NEW,1,Highest ranking debut|Gains In Performance
2015-08-22,31,Strip It Down,Luke Bryan,NEW,1,Gains In Performance
2015-08-22,32,21,Hunter Hayes,30,12,Gains In Performance
2015-08-22,33,I Got The Boy,Jana Kramer,29,24,Gains In Performance
2015-08-22,34,Dibs,Kelsea Ballerini,32,6,Gains In Performance
2015-08-22,35,I Love This Life,LoCash,31,24,Gains In Performance
2015-08-22,36,Smokin' And Drinkin',Miranda Lambert Featuring Little Big Town,33,8,Gains In Performance
2015-08-22,37,Southern Style,Darius Rucker,34,11,Gains In Performance
2015-08-22,38,It Feels Good,Drake White,35,22,Gains In Performance
2015-08-22,39,Little Bit Of You,Chase Bryant,38,17,Gains In Performance
2015-08-22,40,Gonna Know We Were Here,Jason Aldean,59,2,Gains In Performance
2015-08-22,41,We Went,Randy Houser,40,10,Gains In Performance
2015-08-22,42,Blue Bandana,Jerrod Niemann,43,3,Gains In Performance
2015-08-22,43,Riser,Dierks Bentley,39,7,Gains In Performance
2015-08-22,44,(This Ain't No) Drunk Dial,A Thousand Horses,41,6,Gains In Performance
2015-08-22,45,That Don't Sound Like You,Lee Brice,42,9,Gains In Performance
2015-08-22,46,Drinkin' Town With A Football Problem,Billy Currington,47,10,Gains In Performance
2015-08-22,47,35 mph Town,Toby Keith,44,14,Gains In Performance
2015-08-22,48,White Lightning,The Cadillac Three,49,7,Gains In Performance
2015-08-22,49,Love Is Your Name,Steven Tyler,46,8,Gains In Performance
2015-08-22,50,Tomorrow Tonight,Craig Campbell,45,9,
2015-08-22,51,Ain't No Trucks In Texas,Ronnie Dunn,51,3,Gains In Performance
2015-08-22,52,Yup,Easton Corbin,48,3,
2015-08-22,53,That Look,Aaron Watson,50,12,
2015-08-22,54,Night's On Fire,David Nail,53,2,Gains In Performance
2015-08-22,55,"Honey, I'm Good.",Andy Grammer Duet With Eli Young Band,54,3,Gains In Performance
2015-08-22,56,Jim And Jack And Hank,Alan Jackson,55,5,Gains In Performance
2015-08-22,57,Move On,Clare Dunn,56,4,Gains In Performance
2015-08-22,58,Bad For You,Waterloo Revival,NEW,1,Gains In Performance
2015-08-22,59,Backroad Song,Granger Smith,57,5,Gains In Performance
2015-08-22,60,Crazy Too,Lucy Angel,58,5,Gains In Performance
2015-08-29,1,Loving You Easy,Zac Brown Band,2,17,Gains In Performance
2015-08-29,2,Young & Crazy,Frankie Ballard,3,32,Gains In Performance
2015-08-29,3,House Party,Sam Hunt,4,28,Gains In Performance
2015-08-29,4,Hell Of A Night,Dustin Lynch,5,41,Gains In Performance
2015-08-29,5,Kiss You In The Morning,Michael Ray,1,27,
2015-08-29,6,Crash And Burn,Thomas Rhett,7,19,Gains In Performance
2015-08-29,7,Buy Me A Boat,Chris Janson,10,16,Gains In Performance
2015-08-29,8,"John Cougar, John Deere, John 3:16",Keith Urban,11,10,Gains In Performance
2015-08-29,9,Lose My Mind,Brett Eldredge,12,17,Gains In Performance
2015-08-29,10,Save It For A Rainy Day,Kenny Chesney,13,9,Gains In Performance
2015-08-29,11,Kick The Dust Up,Luke Bryan,6,13,
2015-08-29,12,Like A Wrecking Ball,Eric Church,14,26,Gains In Performance
2015-08-29,13,Fly,Maddie & Tae,15,30,Gains In Performance
2015-08-29,14,Gonna Wanna Tonight,Chase Rice,16,41,Gains In Performance
2015-08-29,15,Anything Goes,Florida Georgia Line,17,10,Gains In Performance
2015-08-29,16,Let Me See Ya Girl,Cole Swindell,18,19,Gains In Performance
2015-08-29,17,Nothin' Like You,Dan + Shay,20,26,Gains In Performance
2015-08-29,18,Real Life,Jake Owen,19,12,Gains In Performance
2015-08-29,19,Break Up With Him,Old Dominion,21,29,Gains In Performance
2015-08-29,20,Long Stretch Of Love,Lady Antebellum,22,22,Gains In Performance
2015-08-29,21,I'm To Blame,Kip Moore,23,30,Gains In Performance
2015-08-29,22,Burning House,Cam,24,8,Gains In Performance
2015-08-29,23,Strip It Down,Luke Bryan,31,2,Greatest gainer this week|Gains In Performance
2015-08-29,24,Run Away With You,Big & Rich,25,31,Gains In Performance
2015-08-29,25,I'm Comin' Over,Chris Young,26,12,Gains In Performance
2015-08-29,26,Gonna,Blake Shelton,29,4,Gains In Performance
2015-08-29,27,Stay A Little Longer,Brothers Osborne,27,20,Gains In Performance
2015-08-29,28,Already Callin' You Mine,Parmalee,28,28,Gains In Performance
2015-08-29,29,21,Hunter Hayes,32,13,Gains In Performance
2015-08-29,30,Dibs,Kelsea Ballerini,34,7,Gains In Performance
2015-08-29,31,I Got The Boy,Jana Kramer,33,25,Gains In Performance
2015-08-29,32,I Love This Life,LoCash,35,25,Gains In Performance
2015-08-29,33,Top Of The World,Tim McGraw,30,2,
2015-08-29,34,Gonna Know We Were Here,Jason Aldean,40,3,Gains In Performance
2015-08-29,35,Southern Style,Darius Rucker,37,12,Gains In Performance
2015-08-29,36,Live Forever,The Band Perry,NEW,1,Highest ranking debut|Gains In Performance
2015-08-29,37,Smokin' And Drinkin',Miranda Lambert Featuring Little Big Town,36,9,
2015-08-29,38,Little Bit Of You,Chase Bryant,39,18,Gains In Performance
2015-08-29,39,It Feels Good,Drake White,38,23,Gains In Performance
2015-08-29,40,Riser,Dierks Bentley,43,8,Gains In Performance
2015-08-29,41,Drinkin' Town With A Football Problem,Billy Currington,46,11,Gains In Performance
2015-08-29,42,(This Ain't No) Drunk Dial,A Thousand Horses,44,7,Gains In Performance
2015-08-29,43,Blue Bandana,Jerrod Niemann,42,4,Gains In Performance
2015-08-29,44,We Went,Randy Houser,41,11,
2015-08-29,45,That Don't Sound Like You,Lee Brice,45,10,Gains In Performance
2015-08-29,46,35 mph Town,Toby Keith,47,15,
2015-08-29,47,White Lightning,The Cadillac Three,48,8,Gains In Performance
2015-08-29,48,Ain't No Trucks In Texas,Ronnie Dunn,51,4,Gains In Performance
2015-08-29,49,Yup,Easton Corbin,52,4,Gains In Performance
2015-08-29,50,Love Is Your Name,Steven Tyler,49,9,
2015-08-29,51,Tomorrow Tonight,Craig Campbell,50,10,
2015-08-29,52,"Honey, I'm Good.",Andy Grammer Duet With Eli Young Band,55,4,Gains In Performance
2015-08-29,53,That Look,Aaron Watson,53,13,
2015-08-29,54,Night's On Fire,David Nail,54,3,
2015-08-29,55,Jim And Jack And Hank,Alan Jackson,56,6,
2015-08-29,56,Backroad Song,Granger Smith,59,6,Gains In Performance
2015-08-29,57,Bad For You,Waterloo Revival,58,2,Gains In Performance
2015-08-29,58,Move On,Clare Dunn,57,5,Gains In Performance
2015-08-29,59,Crazy Too,Lucy Angel,60,6,
2015-08-29,60,I Am Invincible,Cassadee Pope,NEW,1,Gains In Performance
2015-09-05,1,Young & Crazy,Frankie Ballard,2,33,Gains In Performance
2015-09-05,2,House Party,Sam Hunt,3,29,Gains In Performance
2015-09-05,3,Hell Of A Night,Dustin Lynch,4,42,Gains In Performance
2015-09-05,4,Crash And Burn,Thomas Rhett,6,20,Gains In Performance
2015-09-05,5,Buy Me A Boat,Chris Janson,7,17,Gains In Performance
2015-09-05,6,"John Cougar, John Deere, John 3:16",Keith Urban,8,11,Gains In Performance
2015-09-05,7,Loving You Easy,Zac Brown Band,1,18,
2015-09-05,8,Lose My Mind,Brett Eldredge,9,18,Gains In Performance
2015-09-05,9,Save It For A Rainy Day,Kenny Chesney,10,10,Gains In Performance
2015-09-05,10,Kiss You In The Morning,Michael Ray,5,28,
2015-09-05,11,Like A Wrecking Ball,Eric Church,12,27,Gains In Performance
2015-09-05,12,Fly,Maddie & Tae,13,31,Gains In Performance
2015-09-05,13,Gonna Wanna Tonight,Chase Rice,14,42,Gains In Performance
2015-09-05,14,Anything Goes,Florida Georgia Line,15,11,Gains In Performance
2015-09-05,15,Let Me See Ya Girl,Cole Swindell,16,20,Gains In Performance
2015-09-05,16,Strip It Down,Luke Bryan,23,3,Gains In Performance
2015-09-05,17,Break Up With Him,Old Dominion,19,30,Gains In Performance
2015-09-05,18,Nothin' Like You,Dan + Shay,17,27,Gains In Performance
2015-09-05,19,Real Life,Jake Owen,18,13,Gains In Performance
2015-09-05,20,Long Stretch Of Love,Lady Antebellum,20,23,Gains In Performance
2015-09-05,21,I'm To Blame,Kip Moore,21,31,Gains In Performance
2015-09-05,22,Gonna,Blake Shelton,26,5,Gains In Performance
2015-09-05,23,Burning House,Cam,22,9,Gains In Performance
2015-09-05,24,Smoke Break,Carrie Underwood,NEW,1,Highest ranking debut|Gains In Performance
2015-09-05,25,I'm Comin' Over,Chris Young,25,13,Gains In Performance
2015-09-05,26,Run Away With You,Big & Rich,24,32,
2015-09-05,27,Stay A Little Longer,Brothers Osborne,27,21,Gains In Performance
2015-09-05,28,Already Callin' You Mine,Parmalee,28,29,Gains In Performance
2015-09-05,29,Top Of The World,Tim McGraw,33,3,Gains In Performance
2015-09-05,30,Gonna Know We Were Here,Jason Aldean,34,4,Gains In Performance
2015-09-05,31,Dibs,Kelsea Ballerini,30,8,Gains In Performance
2015-09-05,32,I Got The Boy,Jana Kramer,31,26,Gains In Performance
2015-09-05,33,21,Hunter Hayes,29,14,
2015-09-05,34,I Love This Life,LoCash,32,26,Gains In Performance
2015-09-05,35,Southern Style,Darius Rucker,35,13,Gains In Performance
2015-09-05,36,Smokin' And Drinkin',Miranda Lambert Featuring Little Big Town,37,10,Gains In Performance
2015-09-05,37,Little Bit Of You,Chase Bryant,38,19,Gains In Performance
2015-09-05,38,We Went,Randy Houser,44,12,Gains In Performance
2015-09-05,39,(This Ain't No) Drunk Dial,A Thousand Horses,42,8,Gains In Performance
2015-09-05,40,Live Forever,The Band Perry,36,2,
2015-09-05,41,Blue Bandana,Jerrod Niemann,43,5,Gains In Performance
2015-09-05,42,Drinkin' Town With A Football Problem,Billy Currington,41,12,Gains In Performance
2015-09-05,43,Riser,Dierks Bentley,40,9,
2015-09-05,44,That Don't Sound Like You,Lee Brice,45,11,Gains In Performance
2015-09-05,45,35 mph Town,Toby Keith,46,16,
2015-09-05,46,White Lightning,The Cadillac Three,47,9,
2015-09-05,47,Yup,Easton Corbin,49,5,
2015-09-05,48,Tomorrow Tonight,Craig Campbell,51,11,Gains In Performance
2015-09-05,49,Ain't No Trucks In Texas,Ronnie Dunn,48,5,
2015-09-05,50,Love Is Your Name,Steven Tyler,50,10,
2015-09-05,51,"Honey, I'm Good.",Andy Grammer Duet With Eli Young Band,52,5,Gains In Performance
2015-09-05,52,Until They Don't Love You,Reba,NEW,1,Gains In Performance
2015-09-05,53,Night's On Fire,David Nail,54,4,
2015-09-05,54,Jim And Jack And Hank,Alan Jackson,55,7,
2015-09-05,55,Bad For You,Waterloo Revival,57,3,Gains In Performance
2015-09-05,56,Move On,Clare Dunn,58,6,
2015-09-05,57,Crazy Too,Lucy Angel,59,7,Gains In Performance
2015-09-05,58,Backroad Song,Granger Smith,56,7,
2015-09-05,59,Hole In A Bottle,Canaan Smith,NEW,1,Gains In Performance
2015-09-05,60,Better In Boots,Tyler Farr,NEW,1,Gains In Performance
2015-09-12,1,House Party,Sam Hunt,2,30,Gains In Performance
2015-09-12,2,Hell Of A Night,Dustin Lynch,3,43,Gains In Performance
2015-09-12,3,Crash And Burn,Thomas Rhett,4,21,Gains In Performance
2015-09-12,4,Buy Me A Boat,Chris Janson,5,18,Gains In Performance
2015-09-12,5,"John Cougar, John Deere, John 3:16",Keith Urban,6,12,Greatest gainer this week|Gains In Performance
2015-09-12,6,Young & Crazy,Frankie Ballard,1,34,
2015-09-12,7,Lose My Mind,Brett Eldredge,8,19,Gains In Performance
2015-09-12,8,Save It For A Rainy Day,Kenny Chesney,9,11,Gains In Performance
2015-09-12,9,Fly,Maddie & Tae,12,32,Gains In Performance
2015-09-12,10,Anything Goes,Florida Georgia Line,14,12,Gains In Performance
2015-09-12,11,Like A Wrecking Ball,Eric Church,11,28,Gains In Performance
2015-09-12,12,Gonna Wanna Tonight,Chase Rice,13,43,Gains In Performance
2015-09-12,13,Strip It Down,Luke Bryan,16,4,Gains In Performance
2015-09-12,14,Let Me See Ya Girl,Cole Swindell,15,21,Gains In Performance
2015-09-12,15,Loving You Easy,Zac Brown Band,7,19,
2015-09-12,16,Break Up With Him,Old Dominion,17,31,Gains In Performance
2015-09-12,17,Nothin' Like You,Dan + Shay,18,28,Gains In Performance
2015-09-12,18,Gonna,Blake Shelton,22,6,Gains In Performance
2015-09-12,19,Real Life,Jake Owen,19,14,Gains In Performance
2015-09-12,20,Long Stretch Of Love,Lady Antebellum,20,24,Gains In Performance
2015-09-12,21,I'm To Blame,Kip Moore,21,32,Gains In Performance
2015-09-12,22,Smoke Break,Carrie Underwood,24,2,Gains In Performance
2015-09-12,23,Burning House,Cam,23,10,Gains In Performance
2015-09-12,24,I'm Comin' Over,Chris Young,25,14,Gains In Performance
2015-09-12,25,Run Away With You,Big & Rich,26,33,Gains In Performance
2015-09-12,26,Stay A Little Longer,Brothers Osborne,27,22,Gains In Performance
2015-09-12,27,Top Of The World,Tim McGraw,29,4,Gains In Performance
2015-09-12,28,Already Callin' You Mine,Parmalee,28,30,Gains In Performance
2015-09-12,29,Gonna Know We Were Here,Jason Aldean,30,5,Gains In Performance
2015-09-12,30,Dibs,Kelsea Ballerini,31,9,Gains In Performance
2015-09-12,31,I Love This Life,LoCash,34,27,Gains In Performance
2015-09-12,32,I Got The Boy,Jana Kramer,32,27,Gains In Performance
2015-09-12,33,21,Hunter Hayes,33,15,Gains In Performance
2015-09-12,34,Little Bit Of You,Chase Bryant,37,20,Gains In Performance
2015-09-12,35,Southern Style,Darius Rucker,35,14,Gains In Performance
2015-09-12,36,Smokin' And Drinkin',Miranda Lambert Featuring Little Big Town,36,11,
2015-09-12,37,(This Ain't No) Drunk Dial,A Thousand Horses,39,9,Gains In Performance
2015-09-12,38,We Went,Randy Houser,38,13,Gains In Performance
2015-09-12,39,Live Forever,The Band Perry,40,3,Gains In Performance
2015-09-12,40,Drinkin' Town With A Football Problem,Billy Currington,42,13,Gains In Performance
2015-09-12,41,Riser,Dierks Bentley,43,10,Gains In Performance
2015-09-12,42,Blue Bandana,Jerrod Niemann,41,6,Gains In Performance
2015-09-12,43,That Don't Sound Like You,Lee Brice,44,12,Gains In Performance
2015-09-12,44,Yup,Easton Corbin,47,6,Gains In Performance
2015-09-12,45,Tomorrow Tonight,Craig Campbell,48,12,Gains In Performance
2015-09-12,46,Love Is Your Name,Steven Tyler,50,11,Gains In Performance
2015-09-12,47,White Lightning,The Cadillac Three,46,10,Gains In Performance
2015-09-12,48,Ain't No Trucks In Texas,Ronnie Dunn,49,6,
2015-09-12,49,Until They Don't Love You,Reba,52,2,Gains In Performance
2015-09-12,50,"Honey, I'm Good.",Andy Grammer Duet With Eli Young Band,51,6,Gains In Performance
2015-09-12,51,Night's On Fire,David Nail,53,5,Gains In Performance
2015-09-12,52,Bad For You,Waterloo Revival,55,4,Gains In Performance
2015-09-12,53,Crazy Too,Lucy Angel,57,8,Gains In Performance
2015-09-12,54,Move On,Clare Dunn,56,7,Gains In Performance
2015-09-12,55,Backroad Song,Granger Smith,58,8,Gains In Performance
2015-09-12,56,Hole In A Bottle,Canaan Smith,59,2,Gains In Performance
2015-09-12,57,Better In Boots,Tyler Farr,60,2,Gains In Performance
2015-09-12,58,Pain Killer,Little Big Town,NEW,1,Highest ranking debut|Gains In Performance
2015-09-12,59,Somewhere Tonight,James Otto,NEW,1,Gains In Performance
2015-09-12,60,Light Me Up,Kristian Bush,NEW,1,Gains In Performance
2015-09-19,1,Hell Of A Night,Dustin Lynch,2,44,Gains In Performance
2015-09-19,2,Crash And Burn,Thomas Rhett,3,22,Gains In Performance
2015-09-19,3,"John Cougar, John Deere, John 3:16",Keith Urban,5,13,Gains In Performance
2015-09-19,4,Buy Me A Boat,Chris Janson,4,19,Gains In Performance
2015-09-19,5,House Party,Sam Hunt,1,31,
2015-09-19,6,Save It For A Rainy Day,Kenny Chesney,8,12,Greatest gainer this week|Gains In Performance
2015-09-19,7,Lose My Mind,Brett Eldredge,7,20,Gains In Performance
2015-09-19,8,Strip It Down,Luke Bryan,13,5,Gains In Performance
2015-09-19,9,Anything Goes,Florida Georgia Line,10,13,Gains In Performance
2015-09-19,10,Fly,Maddie & Tae,9,33,Gains In Performance
2015-09-19,11,Like A Wrecking Ball,Eric Church,11,29,Gains In Performance
2015-09-19,12,Gonna Wanna Tonight,Chase Rice,12,44,Gains In Performance
2015-09-19,13,Let Me See Ya Girl,Cole Swindell,14,22,Gains In Performance
2015-09-19,14,Break Up With Him,Old Dominion,16,32,Gains In Performance
2015-09-19,15,Nothin' Like You,Dan + Shay,17,29,Gains In Performance
2015-09-19,16,Gonna,Blake Shelton,18,7,Gains In Performance
2015-09-19,17,Smoke Break,Carrie Underwood,22,3,Gains In Performance
2015-09-19,18,Real Life,Jake Owen,19,15,Gains In Performance
2015-09-19,19,Long Stretch Of Love,Lady Antebellum,20,25,Gains In Performance
2015-09-19,20,I'm Comin' Over,Chris Young,24,15,Gains In Performance
2015-09-19,21,I'm To Blame,Kip Moore,21,33,Gains In Performance
2015-09-19,22,Burning House,Cam,23,11,Gains In Performance
2015-09-19,23,Top Of The World,Tim McGraw,27,5,Gains In Performance
2015-09-19,24,Run Away With You,Big & Rich,25,34,Gains In Performance
2015-09-19,25,Stay A Little Longer,Brothers Osborne,26,23,Gains In Performance
2015-09-19,26,Already Callin' You Mine,Parmalee,28,31,Gains In Performance
2015-09-19,27,Gonna Know We Were Here,Jason Aldean,29,6,Gains In Performance
2015-09-19,28,Dibs,Kelsea Ballerini,30,10,Gains In Performance
2015-09-19,29,I Love This Life,LoCash,31,28,Gains In Performance
2015-09-19,30,I Got The Boy,Jana Kramer,32,28,Gains In Performance
2015-09-19,31,21,Hunter Hayes,33,16,
2015-09-19,32,Little Bit Of You,Chase Bryant,34,21,
2015-09-19,33,Smokin' And Drinkin',Miranda Lambert Featuring Little Big Town,36,12,Gains In Performance
2015-09-19,34,Southern Style,Darius Rucker,35,15,
2015-09-19,35,Live Forever,The Band Perry,39,4,Gains In Performance
2015-09-19,36,We Went,Randy Houser,38,14,Gains In Performance
2015-09-19,37,(This Ain't No) Drunk Dial,A Thousand Horses,37,10,Gains In Performance
2015-09-19,38,Blue Bandana,Jerrod Niemann,42,7,Gains In Performance
2015-09-19,39,Riser,Dierks Bentley,41,11,Gains In Performance
2015-09-19,40,Drinkin' Town With A Football Problem,Billy Currington,40,14,
2015-09-19,41,That Don't Sound Like You,Lee Brice,43,13,Gains In Performance
2015-09-19,42,White Lightning,The Cadillac Three,47,11,Gains In Performance
2015-09-19,43,Tomorrow Tonight,Craig Campbell,45,13,Gains In Performance
2015-09-19,44,Love Is Your Name,Steven Tyler,46,12,Gains In Performance
2015-09-19,45,Yup,Easton Corbin,44,7,
2015-09-19,46,Ain't No Trucks In Texas,Ronnie Dunn,48,7,Gains In Performance
2015-09-19,47,"Honey, I'm Good.",Andy Grammer Duet With Eli Young Band,50,7,Gains In Performance
2015-09-19,48,Until They Don't Love You,Reba,49,3,
2015-09-19,49,Night's On Fire,David Nail,51,6,Gains In Performance
2015-09-19,50,Move On,Clare Dunn,54,8,Gains In Performance
2015-09-19,51,Backroad Song,Granger Smith,55,9,Gains In Performance
2015-09-19,52,Crazy Too,Lucy Angel,53,9,Gains In Performance
2015-09-19,53,Country Nation,Brad Paisley,NEW,1,Highest ranking debut|Gains In Performance
2015-09-19,54,Bad For You,Waterloo Revival,52,5,
2015-09-19,55,Hole In A Bottle,Canaan Smith,56,3,Gains In Performance
2015-09-19,56,Pain Killer,Little Big Town,58,2,Gains In Performance
2015-09-19,57,Somewhere Tonight,James Otto,59,2,Gains In Performance
2015-09-19,58,Stone Cold Sober,Brantley Gilbert,NEW,1,Gains In Performance
2015-09-19,59,Real Men Love Jesus,Michael Ray,NEW,1,Gains In Performance
2015-09-19,60,Break Up In A Small Town,Sam Hunt,NEW,1,Gains In Performance
2015-09-26,1,Crash And Burn,Thomas Rhett,2,23,Gains In Performance
2015-09-26,2,"John Cougar, John Deere, John 3:16",Keith Urban,3,14,Gains In Performance
2015-09-26,3,Buy Me A Boat,Chris Janson,4,20,Gains In Performance
2015-09-26,4,Save It For A Rainy Day,Kenny Chesney,6,13,Gains In Performance
2015-09-26,5,Lose My Mind,Brett Eldredge,7,21,Gains In Performance
2015-09-26,6,Hell Of A Night,Dustin Lynch,1,45,
2015-09-26,7,House Party,Sam Hunt,5,32,
2015-09-26,8,Strip It Down,Luke Bryan,8,6,Gains In Performance
2015-09-26,9,Anything Goes,Florida Georgia Line,9,14,Gains In Performance
2015-09-26,10,Fly,Maddie & Tae,10,34,Gains In Performance
2015-09-26,11,Gonna Wanna Tonight,Chase Rice,12,45,Gains In Performance
2015-09-26,12,Break Up With Him,Old Dominion,14,33,Gains In Performance
2015-09-26,13,Let Me See Ya Girl,Cole Swindell,13,23,Gains In Performance
2015-09-26,14,Smoke Break,Carrie Underwood,17,4,Greatest gainer this week|Gains In Performance
2015-09-26,15,Nothin' Like You,Dan + Shay,15,30,Gains In Performance
2015-09-26,16,Gonna,Blake Shelton,16,8,Gains In Performance
2015-09-26,17,Long Stretch Of Love,Lady Antebellum,19,26,Gains In Performance
2015-09-26,18,Real Life,Jake Owen,18,16,Gains In Performance
2015-09-26,19,Burning House,Cam,22,12,Gains In Performance
2015-09-26,20,I'm Comin' Over,Chris Young,20,16,Gains In Performance
2015-09-26,21,Top Of The World,Tim McGraw,23,6,Gains In Performance
2015-09-26,22,Gonna Know We Were Here,Jason Aldean,27,7,Gains In Performance
2015-09-26,23,Run Away With You,Big & Rich,24,35,Gains In Performance
2015-09-26,24,Stay A Little Longer,Brothers Osborne,25,24,Gains In Performance
2015-09-26,25,Already Callin' You Mine,Parmalee,26,32,Gains In Performance
2015-09-26,26,Dibs,Kelsea Ballerini,28,11,Gains In Performance
2015-09-26,27,I Love This Life,LoCash,29,29,Gains In Performance
2015-09-26,28,I Got The Boy,Jana Kramer,30,29,Gains In Performance
2015-09-26,29,21,Hunter Hayes,31,17,Gains In Performance
2015-09-26,30,Live Forever,The Band Perry,35,5,Gains In Performance
2015-09-26,31,Little Bit Of You,Chase Bryant,32,22,Gains In Performance
2015-09-26,32,(This Ain't No) Drunk Dial,A Thousand Horses,37,11,Gains In Performance
2015-09-26,33,We Went,Randy Houser,36,15,Gains In Performance
2015-09-26,34,Southern Style,Darius Rucker,34,16,
2015-09-26,35,Smokin' And Drinkin',Miranda Lambert Featuring Little Big Town,33,13,
2015-09-26,36,Blue Bandana,Jerrod Niemann,38,8,Gains In Performance
2015-09-26,37,Riser,Dierks Bentley,39,12,Gains In Performance
2015-09-26,38,That Don't Sound Like You,Lee Brice,41,14,Gains In Performance
2015-09-26,39,Drinkin' Town With A Football Problem,Billy Currington,40,15,Gains In Performance
2015-09-26,40,Yup,Easton Corbin,45,8,Gains In Performance
2015-09-26,41,"Honey, I'm Good.",Andy Grammer Duet With Eli Young Band,47,8,Gains In Performance
2015-09-26,42,White Lightning,The Cadillac Three,42,12,Gains In Performance
2015-09-26,43,Tomorrow Tonight,Craig Campbell,43,14,Gains In Performance
2015-09-26,44,Ain't No Trucks In Texas,Ronnie Dunn,46,8,Gains In Performance
2015-09-26,45,Backroad Song,Granger Smith,51,10,Gains In Performance
2015-09-26,46,Country Nation,Brad Paisley,53,2,Gains In Performance
2015-09-26,47,Love Is Your Name,Steven Tyler,44,13,
2015-09-26,48,Night's On Fire,David Nail,49,7,Gains In Performance
2015-09-26,49,Until They Don't Love You,Reba,48,4,Gains In Performance
2015-09-26,50,Pain Killer,Little Big Town,56,3,Gains In Performance
2015-09-26,51,Break Up In A Small Town,Sam Hunt,60,2,Gains In Performance
2015-09-26,52,Move On,Clare Dunn,50,9,
2015-09-26,53,Boy & A Girl Thing,Mo Pitney,NEW,1,Highest ranking debut|Gains In Performance
2015-09-26,54,Beautiful Drug,Zac Brown Band,NEW,1,Gains In Performance
2015-09-26,55,Stone Cold Sober,Brantley Gilbert,58,2,Gains In Performance
2015-09-26,56,I Am Invincible,Cassadee Pope,RE,2,Gains In Performance
2015-09-26,57,Hole In A Bottle,Canaan Smith,55,4,Gains In Performance
2015-09-26,58,Crazy Too,Lucy Angel,52,10,Gains In Performance
2015-09-26,59,Bad For You,Waterloo Revival,54,6,Gains In Performance
2015-09-26,60,Better In Boots,Tyler Farr,RE,3,Gains In Performance
2015-10-03,1,Save It For A Rainy Day,Kenny Chesney,4,14,Gains In Performance
2015-10-03,2,"John Cougar, John Deere, John 3:16",Keith Urban,2,15,Gains In Performance
2015-10-03,3,Buy Me A Boat,Chris Janson,3,21,Gains In Performance
2015-10-03,4,Lose My Mind,Brett Eldredge,5,22,Gains In Performance
2015-10-03,5,Crash And Burn,Thomas Rhett,1,24,
2015-10-03,6,Strip It Down,Luke Bryan,8,7,Greatest gainer this week|Gains In Performance
2015-10-03,7,Anything Goes,Florida Georgia Line,9,15,Gains In Performance
2015-10-03,8,Gonna Wanna Tonight,Chase Rice,11,46,Gains In Performance
2015-10-03,9,Smoke Break,Carrie Underwood,14,5,Gains In Performance
2015-10-03,10,Fly,Maddie & Tae,10,35,Gains In Performance
2015-10-03,11,Break Up With Him,Old Dominion,12,34,Gains In Performance
2015-10-03,12,Let Me See Ya Girl,Cole Swindell,13,24,Gains In Performance
2015-10-03,13,Nothin' Like You,Dan + Shay,15,31,Gains In Performance
2015-10-03,14,Gonna,Blake Shelton,16,9,Gains In Performance
2015-10-03,15,I'm Comin' Over,Chris Young,20,17,Gains In Performance
2015-10-03,16,Long Stretch Of Love,Lady Antebellum,17,27,Gains In Performance
2015-10-03,17,Real Life,Jake Owen,18,17,Gains In Performance
2015-10-03,18,Top Of The World,Tim McGraw,21,7,Gains In Performance
2015-10-03,19,Burning House,Cam,19,13,Gains In Performance
2015-10-03,20,Gonna Know We Were Here,Jason Aldean,22,8,Gains In Performance
2015-10-03,21,Stay A Little Longer,Brothers Osborne,24,25,Gains In Performance
2015-10-03,22,Run Away With You,Big & Rich,23,36,Gains In Performance
2015-10-03,23,Already Callin' You Mine,Parmalee,25,33,Gains In Performance
2015-10-03,24,Dibs,Kelsea Ballerini,26,12,Gains In Performance
2015-10-03,25,I Love This Life,LoCash,27,30,Gains In Performance
2015-10-03,26,I Got The Boy,Jana Kramer,28,30,Gains In Performance
2015-10-03,27,21,Hunter Hayes,29,18,Gains In Performance
2015-10-03,28,Live Forever,The Band Perry,30,6,Gains In Performance
2015-10-03,29,(This Ain't No) Drunk Dial,A Thousand Horses,32,12,Gains In Performance
2015-10-03,30,Little Bit Of You,Chase Bryant,31,23,Gains In Performance
2015-10-03,31,We Went,Randy Houser,33,16,Gains In Performance
2015-10-03,32,Country Nation,Brad Paisley,46,3,Gains In Performance
2015-10-03,33,Southern Style,Darius Rucker,34,17,Gains In Performance
2015-10-03,34,Riser,Dierks Bentley,37,13,Gains In Performance
2015-10-03,35,Smokin' And Drinkin',Miranda Lambert Featuring Little Big Town,35,14,
2015-10-03,36,Blue Bandana,Jerrod Niemann,36,9,
2015-10-03,37,That Don't Sound Like You,Lee Brice,38,15,Gains In Performance
2015-10-03,38,Yup,Easton Corbin,40,9,Gains In Performance
2015-10-03,39,Drinkin' Town With A Football Problem,Billy Currington,39,16,Gains In Performance
2015-10-03,40,I Like The Sound Of That,Rascal Flatts,NEW,1,Highest ranking debut|Gains In Performance
2015-10-03,41,Tomorrow Tonight,Craig Campbell,43,15,Gains In Performance
2015-10-03,42,White Lightning,The Cadillac Three,42,13,Gains In Performance
2015-10-03,43,Ain't No Trucks In Texas,Ronnie Dunn,44,9,Gains In Performance
2015-10-03,44,Break Up In A Small Town,Sam Hunt,51,3,Gains In Performance
2015-10-03,45,"Honey, I'm Good.",Andy Grammer Duet With Eli Young Band,41,9,
2015-10-03,46,Backroad Song,Granger Smith,45,11,Gains In Performance
2015-10-03,47,Night's On Fire,David Nail,48,8,Gains In Performance
2015-10-03,48,Pain Killer,Little Big Town,50,4,Gains In Performance
2015-10-03,49,Boy & A Girl Thing,Mo Pitney,53,2,Gains In Performance
2015-10-03,50,Beautiful Drug,Zac Brown Band,54,2,Gains In Performance
2015-10-03,51,Real Men Love Jesus,Michael Ray,RE,2,Gains In Performance
2015-10-03,52,Until They Don't Love You,Reba,49,5,
2015-10-03,53,Move On,Clare Dunn,52,10,
2015-10-03,54,Hole In A Bottle,Canaan Smith,57,5,Gains In Performance
2015-10-03,55,Stone Cold Sober,Brantley Gilbert,55,3,Gains In Performance
2015-10-03,56,I Am Invincible,Cassadee Pope,56,3,Gains In Performance
2015-10-03,57,Bad For You,Waterloo Revival,59,7,Gains In Performance
2015-10-03,58,Southern Belle,Scotty McCreery,NEW,1,Gains In Performance
2015-10-03,59,Roller Coaster Ride,Eric Church,NEW,1,Gains In Performance
2015-10-03,60,Better In Boots,Tyler Farr,60,4,
2015-10-10,1,Save It For A Rainy Day,Kenny Chesney,1,15,Gains In Performance
2015-10-10,2,"John Cougar, John Deere, John 3:16",Keith Urban,2,16,Gains In Performance
2015-10-10,3,Lose My Mind,Brett Eldredge,4,23,Gains In Performance
2015-10-10,4,Strip It Down,Luke Bryan,6,8,Gains In Performance
2015-10-10,5,Anything Goes,Florida Georgia Line,7,16,Gains In Performance
2015-10-10,6,Break Up With Him,Old Dominion,11,35,Gains In Performance
2015-10-10,7,Smoke Break,Carrie Underwood,9,6,Gains In Performance
2015-10-10,8,Gonna Wanna Tonight,Chase Rice,8,47,Gains In Performance
2015-10-10,9,Buy Me A Boat,Chris Janson,3,22,
2015-10-10,10,Let Me See Ya Girl,Cole Swindell,12,25,Gains In Performance
2015-10-10,11,Fly,Maddie & Tae,10,36,Gains In Performance
2015-10-10,12,Nothin' Like You,Dan + Shay,13,32,Gains In Performance
2015-10-10,13,Gonna,Blake Shelton,14,10,Gains In Performance
2015-10-10,14,I'm Comin' Over,Chris Young,15,18,Gains In Performance
2015-10-10,15,Gonna Know We Were Here,Jason Aldean,20,9,Gains In Performance
2015-10-10,16,Top Of The World,Tim McGraw,18,8,Gains In Performance
2015-10-10,17,Burning House,Cam,19,14,Gains In Performance
2015-10-10,18,Real Life,Jake Owen,17,18,
2015-10-10,19,Stay A Little Longer,Brothers Osborne,21,26,Gains In Performance
2015-10-10,20,Already Callin' You Mine,Parmalee,23,34,Gains In Performance
2015-10-10,21,Run Away With You,Big & Rich,22,37,Gains In Performance
2015-10-10,22,Dibs,Kelsea Ballerini,24,13,Gains In Performance
2015-10-10,23,I Love This Life,LoCash,25,31,Gains In Performance
2015-10-10,24,I Got The Boy,Jana Kramer,26,31,Gains In Performance
2015-10-10,25,21,Hunter Hayes,27,19,Gains In Performance
2015-10-10,26,Country Nation,Brad Paisley,32,4,Gains In Performance
2015-10-10,27,Live Forever,The Band Perry,28,7,Gains In Performance
2015-10-10,28,We Went,Randy Houser,31,17,Gains In Performance
2015-10-10,29,Little Bit Of You,Chase Bryant,30,24,Gains In Performance
2015-10-10,30,(This Ain't No) Drunk Dial,A Thousand Horses,29,13,Gains In Performance
2015-10-10,31,Break Up In A Small Town,Sam Hunt,44,4,Gains In Performance
2015-10-10,32,Riser,Dierks Bentley,34,14,Gains In Performance
2015-10-10,33,Southern Style,Darius Rucker,33,18,Gains In Performance
2015-10-10,34,That Don't Sound Like You,Lee Brice,37,16,Gains In Performance
2015-10-10,35,Cold Beer Conversation,George Strait,NEW,1,Highest ranking debut|Gains In Performance
2015-10-10,36,Blue Bandana,Jerrod Niemann,36,10,Gains In Performance
2015-10-10,37,I Like The Sound Of That,Rascal Flatts,40,2,Gains In Performance
2015-10-10,38,Drinkin' Town With A Football Problem,Billy Currington,39,17,Gains In Performance
2015-10-10,39,Yup,Easton Corbin,38,10,
2015-10-10,40,White Lightning,The Cadillac Three,42,14,Gains In Performance
2015-10-10,41,Die A Happy Man,Thomas Rhett,NEW,1,Gains In Performance
2015-10-10,42,Tomorrow Tonight,Craig Campbell,41,16,Gains In Performance
2015-10-10,43,Beautiful Drug,Zac Brown Band,50,3,Gains In Performance
2015-10-10,44,Ain't No Trucks In Texas,Ronnie Dunn,43,10,
2015-10-10,45,Backroad Song,Granger Smith,46,12,Gains In Performance
2015-10-10,46,Pain Killer,Little Big Town,48,5,Gains In Performance
2015-10-10,47,Boy & A Girl Thing,Mo Pitney,49,3,Gains In Performance
2015-10-10,48,Real Men Love Jesus,Michael Ray,51,3,Gains In Performance
2015-10-10,49,"Honey, I'm Good.",Andy Grammer Duet With Eli Young Band,45,10,
2015-10-10,50,Night's On Fire,David Nail,47,9,Gains In Performance
2015-10-10,51,Until They Don't Love You,Reba,52,6,Gains In Performance
2015-10-10,52,Stone Cold Sober,Brantley Gilbert,55,4,Gains In Performance
2015-10-10,53,Hole In A Bottle,Canaan Smith,54,6,Gains In Performance
2015-10-10,54,Roller Coaster Ride,Eric Church,59,2,Gains In Performance
2015-10-10,55,Better In Boots,Tyler Farr,60,5,Gains In Performance
2015-10-10,56,I Am Invincible,Cassadee Pope,56,4,Gains In Performance
2015-10-10,57,Southern Belle,Scotty McCreery,58,2,Gains In Performance
2015-10-10,58,Move On,Clare Dunn,53,11,Gains In Performance
2015-10-10,59,Bad For You,Waterloo Revival,57,8,Gains In Performance
2015-10-10,60,I Met A Girl,William Michael Morgan,NEW,1,
2015-10-17,1,Save It For A Rainy Day,Kenny Chesney,1,16,Gains In Performance
2015-10-17,2,Lose My Mind,Brett Eldredge,3,24,Gains In Performance
2015-10-17,3,Strip It Down,Luke Bryan,4,9,Gains In Performance
2015-10-17,4,"John Cougar, John Deere, John 3:16",Keith Urban,2,17,
2015-10-17,5,Anything Goes,Florida Georgia Line,5,17,Greatest gainer this week|Gains In Performance
2015-10-17,6,Gonna Wanna Tonight,Chase Rice,8,48,Gains In Performance
2015-10-17,7,Break Up With Him,Old Dominion,6,36,Gains In Performance
2015-10-17,8,Let Me See Ya Girl,Cole Swindell,10,26,Gains In Performance
2015-10-17,9,Smoke Break,Carrie Underwood,7,7,Gains In Performance
2015-10-17,10,Fly,Maddie & Tae,11,37,Gains In Performance
2015-10-17,11,Nothin' Like You,Dan + Shay,12,33,Gains In Performance
2015-10-17,12,Gonna,Blake Shelton,13,11,Gains In Performance
2015-10-17,13,I'm Comin' Over,Chris Young,14,19,Gains In Performance
2015-10-17,14,Gonna Know We Were Here,Jason Aldean,15,10,Gains In Performance
2015-10-17,15,Top Of The World,Tim McGraw,16,9,Gains In Performance
2015-10-17,16,Burning House,Cam,17,15,Gains In Performance
2015-10-17,17,Stay A Little Longer,Brothers Osborne,19,27,Gains In Performance
2015-10-17,18,Run Away With You,Big & Rich,21,38,Gains In Performance
2015-10-17,19,Already Callin' You Mine,Parmalee,20,35,Gains In Performance
2015-10-17,20,Dibs,Kelsea Ballerini,22,14,Gains In Performance
2015-10-17,21,I Love This Life,LoCash,23,32,Gains In Performance
2015-10-17,22,I Got The Boy,Jana Kramer,24,32,Gains In Performance
2015-10-17,23,21,Hunter Hayes,25,20,Gains In Performance
2015-10-17,24,Country Nation,Brad Paisley,26,5,Gains In Performance
2015-10-17,25,We Went,Randy Houser,28,18,Gains In Performance
2015-10-17,26,Break Up In A Small Town,Sam Hunt,31,5,Gains In Performance
2015-10-17,27,(This Ain't No) Drunk Dial,A Thousand Horses,30,14,Gains In Performance
2015-10-17,28,Live Forever,The Band Perry,27,8,Gains In Performance
2015-10-17,29,Real Life,Jake Owen,18,19,
2015-10-17,30,Die A Happy Man,Thomas Rhett,41,2,Gains In Performance
2015-10-17,31,Little Bit Of You,Chase Bryant,29,25,Gains In Performance
2015-10-17,32,Riser,Dierks Bentley,32,15,Gains In Performance
2015-10-17,33,That Don't Sound Like You,Lee Brice,34,17,Gains In Performance
2015-10-17,34,Southern Style,Darius Rucker,33,19,Gains In Performance
2015-10-17,35,I Like The Sound Of That,Rascal Flatts,37,3,Gains In Performance
2015-10-17,36,Blue Bandana,Jerrod Niemann,36,11,Gains In Performance
2015-10-17,37,Beautiful Drug,Zac Brown Band,43,4,Gains In Performance
2015-10-17,38,Drinkin' Town With A Football Problem,Billy Currington,38,18,Gains In Performance
2015-10-17,39,Tomorrow Tonight,Craig Campbell,42,17,Gains In Performance
2015-10-17,40,White Lightning,The Cadillac Three,40,15,Gains In Performance
2015-10-17,41,Backroad Song,Granger Smith,45,13,Gains In Performance
2015-10-17,42,Ain't No Trucks In Texas,Ronnie Dunn,44,11,Gains In Performance
2015-10-17,43,Real Men Love Jesus,Michael Ray,48,4,Gains In Performance
2015-10-17,44,Yup,Easton Corbin,39,11,
2015-10-17,45,Pain Killer,Little Big Town,46,6,Gains In Performance
2015-10-17,46,Move On,Clare Dunn,58,12,Gains In Performance
2015-10-17,47,Night's On Fire,David Nail,50,10,Gains In Performance
2015-10-17,48,Stone Cold Sober,Brantley Gilbert,52,5,Gains In Performance
2015-10-17,49,Cold Beer Conversation,George Strait,35,2,
2015-10-17,50,Boy & A Girl Thing,Mo Pitney,47,4,Gains In Performance
2015-10-17,51,Hole In A Bottle,Canaan Smith,53,7,Gains In Performance
2015-10-17,52,Until They Don't Love You,Reba,51,7,Gains In Performance
2015-10-17,53,Better In Boots,Tyler Farr,55,6,Gains In Performance
2015-10-17,54,Southern Belle,Scotty McCreery,57,3,Gains In Performance
2015-10-17,55,Roller Coaster Ride,Eric Church,54,3,Gains In Performance
2015-10-17,56,I Am Invincible,Cassadee Pope,56,5,Gains In Performance
2015-10-17,57,Mind Reader,Dustin Lynch,NEW,1,Highest ranking debut|Gains In Performance
2015-10-17,58,Head Over Boots,Jon Pardi,NEW,1,Gains In Performance
2015-10-17,59,Bad For You,Waterloo Revival,59,9,Gains In Performance
2015-10-17,60,Next Boyfriend,Lauren Alaina,NEW,1,Gains In Performance
2015-10-24,1,Lose My Mind,Brett Eldredge,2,25,Gains In Performance
2015-10-24,2,Strip It Down,Luke Bryan,3,10,Gains In Performance
2015-10-24,3,Save It For A Rainy Day,Kenny Chesney,1,17,
2015-10-24,4,Anything Goes,Florida Georgia Line,5,18,Gains In Performance
2015-10-24,5,Gonna Wanna Tonight,Chase Rice,6,49,Gains In Performance
2015-10-24,6,Break Up With Him,Old Dominion,7,37,Gains In Performance
2015-10-24,7,Let Me See Ya Girl,Cole Swindell,8,27,Gains In Performance
2015-10-24,8,Smoke Break,Carrie Underwood,9,8,Gains In Performance
2015-10-24,9,Fly,Maddie & Tae,10,38,Gains In Performance
2015-10-24,10,Nothin' Like You,Dan + Shay,11,34,Gains In Performance
2015-10-24,11,Gonna,Blake Shelton,12,12,Gains In Performance
2015-10-24,12,I'm Comin' Over,Chris Young,13,20,Gains In Performance
2015-10-24,13,"John Cougar, John Deere, John 3:16",Keith Urban,4,18,
2015-10-24,14,Gonna Know We Were Here,Jason Aldean,14,11,Gains In Performance
2015-10-24,15,Top Of The World,Tim McGraw,15,10,Gains In Performance
2015-10-24,16,Burning House,Cam,16,16,Gains In Performance
2015-10-24,17,Stay A Little Longer,Brothers Osborne,17,28,Gains In Performance
2015-10-24,18,Run Away With You,Big & Rich,18,39,Gains In Performance
2015-10-24,19,Already Callin' You Mine,Parmalee,19,36,Gains In Performance
2015-10-24,20,Dibs,Kelsea Ballerini,20,15,Gains In Performance
2015-10-24,21,I Got The Boy,Jana Kramer,22,33,Gains In Performance
2015-10-24,22,I Love This Life,LoCash,21,33,Gains In Performance
2015-10-24,23,Country Nation,Brad Paisley,24,6,Gains In Performance
2015-10-24,24,We Went,Randy Houser,25,19,Gains In Performance
2015-10-24,25,21,Hunter Hayes,23,21,
2015-10-24,26,Die A Happy Man,Thomas Rhett,30,3,Greatest gainer this week|Gains In Performance
2015-10-24,27,Break Up In A Small Town,Sam Hunt,26,6,Gains In Performance
2015-10-24,28,(This Ain't No) Drunk Dial,A Thousand Horses,27,15,Gains In Performance
2015-10-24,29,Live Forever,The Band Perry,28,9,Gains In Performance
2015-10-24,30,Little Bit Of You,Chase Bryant,31,26,Gains In Performance
2015-10-24,31,That Don't Sound Like You,Lee Brice,33,18,Gains In Performance
2015-10-24,32,Riser,Dierks Bentley,32,16,Gains In Performance
2015-10-24,33,Southern Style,Darius Rucker,34,20,Gains In Performance
2015-10-24,34,Beautiful Drug,Zac Brown Band,37,5,Gains In Performance
2015-10-24,35,I Like The Sound Of That,Rascal Flatts,35,4,Gains In Performance
2015-10-24,36,Blue Bandana,Jerrod Niemann,36,12,Gains In Performance
2015-10-24,37,Backroad Song,Granger Smith,41,14,Gains In Performance
2015-10-24,38,Drinkin' Town With A Football Problem,Billy Currington,38,19,Gains In Performance
2015-10-24,39,Tomorrow Tonight,Craig Campbell,39,18,
2015-10-24,40,Cold Beer Conversation,George Strait,49,3,Gains In Performance
2015-10-24,41,White Lightning,The Cadillac Three,40,16,
2015-10-24,42,Ain't No Trucks In Texas,Ronnie Dunn,42,12,Gains In Performance
2015-10-24,43,Yup,Easton Corbin,44,12,Gains In Performance
2015-10-24,44,Real Men Love Jesus,Michael Ray,43,5,
2015-10-24,45,Move On,Clare Dunn,46,13,Gains In Performance
2015-10-24,46,Night's On Fire,David Nail,47,11,Gains In Performance
2015-10-24,47,Stone Cold Sober,Brantley Gilbert,48,6,Gains In Performance
2015-10-24,48,Hole In A Bottle,Canaan Smith,51,8,Gains In Performance
2015-10-24,49,Better In Boots,Tyler Farr,53,7,Gains In Performance
2015-10-24,50,Pain Killer,Little Big Town,45,7,
2015-10-24,51,Boy & A Girl Thing,Mo Pitney,50,5,Gains In Performance
2015-10-24,52,Mind Reader,Dustin Lynch,57,2,Gains In Performance
2015-10-24,53,Until They Don't Love You,Reba,52,8,Gains In Performance
2015-10-24,54,Southern Belle,Scotty McCreery,54,4,
2015-10-24,55,Bad For You,Waterloo Revival,59,10,Gains In Performance
2015-10-24,56,Head Over Boots,Jon Pardi,58,2,Gains In Performance
2015-10-24,57,Roller Coaster Ride,Eric Church,55,4,
2015-10-24,58,I Am Invincible,Cassadee Pope,56,6,
2015-10-24,59,Somewhere Tonight,James Otto,RE,3,Gains In Performance
2015-10-24,60,Crazy Too,Lucy Angel,RE,11,Gains In Performance
2015-10-31,1,Strip It Down,Luke Bryan,2,11,Gains In Performance
2015-10-31,2,Gonna Wanna Tonight,Chase Rice,5,50,Gains In Performance
2015-10-31,3,Anything Goes,Florida Georgia Line,4,19,Gains In Performance
2015-10-31,4,Break Up With Him,Old Dominion,6,38,Gains In Performance
2015-10-31,5,Let Me See Ya Girl,Cole Swindell,7,28,Gains In Performance
2015-10-31,6,Lose My Mind,Brett Eldredge,1,26,
2015-10-31,7,Save It For A Rainy Day,Kenny Chesney,3,18,
2015-10-31,8,Smoke Break,Carrie Underwood,8,9,Gains In Performance
2015-10-31,9,Nothin' Like You,Dan + Shay,10,35,Gains In Performance
2015-10-31,10,I'm Comin' Over,Chris Young,12,21,Gains In Performance
2015-10-31,11,Gonna,Blake Shelton,11,13,Gains In Performance
2015-10-31,12,Gonna Know We Were Here,Jason Aldean,14,12,Gains In Performance
2015-10-31,13,Burning House,Cam,16,17,Gains In Performance
2015-10-31,14,Top Of The World,Tim McGraw,15,11,Gains In Performance
2015-10-31,15,Stay A Little Longer,Brothers Osborne,17,29,Gains In Performance
2015-10-31,16,Run Away With You,Big & Rich,18,40,Gains In Performance
2015-10-31,17,Already Callin' You Mine,Parmalee,19,37,Gains In Performance
2015-10-31,18,I Got The Boy,Jana Kramer,21,34,Gains In Performance
2015-10-31,19,Dibs,Kelsea Ballerini,20,16,Gains In Performance
2015-10-31,20,I Love This Life,LoCash,22,34,Gains In Performance
2015-10-31,21,Die A Happy Man,Thomas Rhett,26,4,Gains In Performance
2015-10-31,22,Break Up In A Small Town,Sam Hunt,27,7,Gains In Performance
2015-10-31,23,Country Nation,Brad Paisley,23,7,Gains In Performance
2015-10-31,24,We Went,Randy Houser,24,20,Gains In Performance
2015-10-31,25,21,Hunter Hayes,25,22,Gains In Performance
2015-10-31,26,Backroad Song,Granger Smith,37,15,Gains In Performance
2015-10-31,27,(This Ain't No) Drunk Dial,A Thousand Horses,28,16,Gains In Performance
2015-10-31,28,Little Bit Of You,Chase Bryant,30,27,Gains In Performance
2015-10-31,29,Live Forever,The Band Perry,29,10,Gains In Performance
2015-10-31,30,That Don't Sound Like You,Lee Brice,31,19,Gains In Performance
2015-10-31,31,Riser,Dierks Bentley,32,17,Gains In Performance
2015-10-31,32,Beautiful Drug,Zac Brown Band,34,6,Gains In Performance
2015-10-31,33,I Like The Sound Of That,Rascal Flatts,35,5,Gains In Performance
2015-10-31,34,Blue Bandana,Jerrod Niemann,36,13,Gains In Performance
2015-10-31,35,Drinkin' Town With A Football Problem,Billy Currington,38,20,Gains In Performance
2015-10-31,36,Cold Beer Conversation,George Strait,40,4,Gains In Performance
2015-10-31,37,Real Men Love Jesus,Michael Ray,44,6,Gains In Performance
2015-10-31,38,White Lightning,The Cadillac Three,41,17,Gains In Performance
2015-10-31,39,Yup,Easton Corbin,43,13,Gains In Performance
2015-10-31,40,Tomorrow Tonight,Craig Campbell,39,19,
2015-10-31,41,Stone Cold Sober,Brantley Gilbert,47,7,Gains In Performance
2015-10-31,42,Hole In A Bottle,Canaan Smith,48,9,Gains In Performance
2015-10-31,43,Mind Reader,Dustin Lynch,52,3,Gains In Performance
2015-10-31,44,Ain't No Trucks In Texas,Ronnie Dunn,42,13,
2015-10-31,45,Move On,Clare Dunn,45,14,
2015-10-31,46,Night's On Fire,David Nail,46,12,
2015-10-31,47,Better In Boots,Tyler Farr,49,8,Gains In Performance
2015-10-31,48,Head Over Boots,Jon Pardi,56,3,Gains In Performance
2015-10-31,49,Pain Killer,Little Big Town,50,8,
2015-10-31,50,Until They Don't Love You,Reba,53,9,Gains In Performance
2015-10-31,51,Boy & A Girl Thing,Mo Pitney,51,6,
2015-10-31,52,Roller Coaster Ride,Eric Church,57,5,Gains In Performance
2015-10-31,53,Bad For You,Waterloo Revival,55,11,Gains In Performance
2015-10-31,54,Southern Belle,Scotty McCreery,54,5,
2015-10-31,55,I Met A Girl,William Michael Morgan,RE,2,Gains In Performance
2015-10-31,56,Freaks Like Me,Joe Nichols,NEW,1,Highest ranking debut|Gains In Performance
2015-10-31,57,High Class,Eric Paslay,NEW,1,Gains In Performance
2015-10-31,58,I Am Invincible,Cassadee Pope,58,7,
2015-10-31,59,Next Boyfriend,Lauren Alaina,RE,2,Gains In Performance
2015-10-31,60,Somewhere Tonight,James Otto,59,4,Gains In Performance
2015-11-07,1,Strip It Down,Luke Bryan,1,12,
2015-11-07,2,Break Up With Him,Old Dominion,4,39,Gains In Performance
2015-11-07,3,Anything Goes,Florida Georgia Line,3,20,Gains In Performance
2015-11-07,4,Let Me See Ya Girl,Cole Swindell,5,29,Gains In Performance
2015-11-07,5,Smoke Break,Carrie Underwood,8,10,Gains In Performance
2015-11-07,6,Nothin' Like You,Dan + Shay,9,36,Gains In Performance
2015-11-07,7,I'm Comin' Over,Chris Young,10,22,Gains In Performance
2015-11-07,8,Gonna,Blake Shelton,11,14,Gains In Performance
2015-11-07,9,Save It For A Rainy Day,Kenny Chesney,7,19,
2015-11-07,10,Gonna Wanna Tonight,Chase Rice,2,51,
2015-11-07,11,Gonna Know We Were Here,Jason Aldean,12,13,Gains In Performance
2015-11-07,12,Burning House,Cam,13,18,Gains In Performance
2015-11-07,13,Top Of The World,Tim McGraw,14,12,Gains In Performance
2015-11-07,14,Stay A Little Longer,Brothers Osborne,15,30,Gains In Performance
2015-11-07,15,Already Callin' You Mine,Parmalee,17,38,Gains In Performance
2015-11-07,16,Run Away With You,Big & Rich,16,41,Gains In Performance
2015-11-07,17,I Got The Boy,Jana Kramer,18,35,Gains In Performance
2015-11-07,18,Dibs,Kelsea Ballerini,19,17,Gains In Performance
2015-11-07,19,I Love This Life,LoCash,20,35,Gains In Performance
2015-11-07,20,Die A Happy Man,Thomas Rhett,21,5,Greatest gainer this week|Gains In Performance
2015-11-07,21,Country Nation,Brad Paisley,23,8,Gains In Performance
2015-11-07,22,We Went,Randy Houser,24,21,Gains In Performance
2015-11-07,23,Break Up In A Small Town,Sam Hunt,22,8,Gains In Performance
2015-11-07,24,Backroad Song,Granger Smith,26,16,Gains In Performance
2015-11-07,25,21,Hunter Hayes,25,23,Gains In Performance
2015-11-07,26,(This Ain't No) Drunk Dial,A Thousand Horses,27,17,Gains In Performance
2015-11-07,27,Little Bit Of You,Chase Bryant,28,28,Gains In Performance
2015-11-07,28,Riser,Dierks Bentley,31,18,Gains In Performance
2015-11-07,29,That Don't Sound Like You,Lee Brice,30,20,Gains In Performance
2015-11-07,30,Beautiful Drug,Zac Brown Band,32,7,Gains In Performance
2015-11-07,31,I Like The Sound Of That,Rascal Flatts,33,6,Gains In Performance
2015-11-07,32,Live Forever,The Band Perry,29,11,
2015-11-07,33,Drinkin' Town With A Football Problem,Billy Currington,35,21,Gains In Performance
2015-11-07,34,Blue Bandana,Jerrod Niemann,34,14,Gains In Performance
2015-11-07,35,Cold Beer Conversation,George Strait,36,5,Gains In Performance
2015-11-07,36,Real Men Love Jesus,Michael Ray,37,7,Gains In Performance
2015-11-07,37,Yup,Easton Corbin,39,14,Gains In Performance
2015-11-07,38,Mind Reader,Dustin Lynch,43,4,Gains In Performance
2015-11-07,39,Hole In A Bottle,Canaan Smith,42,10,Gains In Performance
2015-11-07,40,Stone Cold Sober,Brantley Gilbert,41,8,Gains In Performance
2015-11-07,41,Better In Boots,Tyler Farr,47,9,Gains In Performance
2015-11-07,42,Night's On Fire,David Nail,46,13,Gains In Performance
2015-11-07,43,Head Over Boots,Jon Pardi,48,4,Gains In Performance
2015-11-07,44,White Lightning,The Cadillac Three,38,18,
2015-11-07,45,Ain't No Trucks In Texas,Ronnie Dunn,44,14,
2015-11-07,46,Pain Killer,Little Big Town,49,9,Gains In Performance
2015-11-07,47,Move On,Clare Dunn,45,15,
2015-11-07,48,Southern Belle,Scotty McCreery,54,6,Gains In Performance
2015-11-07,49,Boy & A Girl Thing,Mo Pitney,51,7,
2015-11-07,50,Running For You,Kip Moore,NEW,1,Highest ranking debut|Gains In Performance
2015-11-07,51,High Class,Eric Paslay,57,2,Gains In Performance
2015-11-07,52,Roller Coaster Ride,Eric Church,52,6,
2015-11-07,53,I Met A Girl,William Michael Morgan,55,3,Gains In Performance
2015-11-07,54,Break On Me.,Keith Urban,NEW,1,Gains In Performance
2015-11-07,55,Freaks Like Me,Joe Nichols,56,2,Gains In Performance
2015-11-07,56,Next Boyfriend,Lauren Alaina,59,3,Gains In Performance
2015-11-07,57,Crazy Too,Lucy Angel,RE,12,Gains In Performance
2015-11-07,58,Bad For You,Waterloo Revival,53,12,
2015-11-07,59,I Am Invincible,Cassadee Pope,58,8,Gains In Performance
2015-11-07,60,Somewhere Tonight,James Otto,60,5,
2015-11-14,1,Break Up With Him,Old Dominion,2,40,Gains In Performance
2015-11-14,2,Let Me See Ya Girl,Cole Swindell,4,30,Gains In Performance
2015-11-14,3,Anything Goes,Florida Georgia Line,3,21,Gains In Performance
2015-11-14,4,Smoke Break,Carrie Underwood,5,11,Gains In Performance
2015-11-14,5,I'm Comin' Over,Chris Young,7,23,Greatest gainer this week|Gains In Performance
2015-11-14,6,Nothin' Like You,Dan + Shay,6,37,Gains In Performance
2015-11-14,7,Gonna,Blake Shelton,8,15,Gains In Performance
2015-11-14,8,Strip It Down,Luke Bryan,1,13,
2015-11-14,9,Gonna Know We Were Here,Jason Aldean,11,14,Gains In Performance
2015-11-14,10,Save It For A Rainy Day,Kenny Chesney,9,20,
2015-11-14,11,Burning House,Cam,12,19,Gains In Performance
2015-11-14,12,Top Of The World,Tim McGraw,13,13,Gains In Performance
2015-11-14,13,Stay A Little Longer,Brothers Osborne,14,31,Gains In Performance
2015-11-14,14,Already Callin' You Mine,Parmalee,15,39,Gains In Performance
2015-11-14,15,I Love This Life,LoCash,19,36,Gains In Performance
2015-11-14,16,Run Away With You,Big & Rich,16,42,Gains In Performance
2015-11-14,17,I Got The Boy,Jana Kramer,17,36,Gains In Performance
2015-11-14,18,Die A Happy Man,Thomas Rhett,20,6,Gains In Performance
2015-11-14,19,Dibs,Kelsea Ballerini,18,18,Gains In Performance
2015-11-14,20,We Went,Randy Houser,22,22,Gains In Performance
2015-11-14,21,Country Nation,Brad Paisley,21,9,Gains In Performance
2015-11-14,22,Break Up In A Small Town,Sam Hunt,23,9,Gains In Performance
2015-11-14,23,Backroad Song,Granger Smith,24,17,Gains In Performance
2015-11-14,24,21,Hunter Hayes,25,24,Gains In Performance
2015-11-14,25,(This Ain't No) Drunk Dial,A Thousand Horses,26,18,Gains In Performance
2015-11-14,26,Little Bit Of You,Chase Bryant,27,29,Gains In Performance
2015-11-14,27,Riser,Dierks Bentley,28,19,Gains In Performance
2015-11-14,28,That Don't Sound Like You,Lee Brice,29,21,Gains In Performance
2015-11-14,29,Beautiful Drug,Zac Brown Band,30,8,Gains In Performance
2015-11-14,30,I Like The Sound Of That,Rascal Flatts,31,7,Gains In Performance
2015-11-14,31,Drinkin' Town With A Football Problem,Billy Currington,33,22,Gains In Performance
2015-11-14,32,Blue Bandana,Jerrod Niemann,34,15,Gains In Performance
2015-11-14,33,Break On Me.,Keith Urban,54,2,Gains In Performance
2015-11-14,34,Real Men Love Jesus,Michael Ray,36,8,Gains In Performance
2015-11-14,35,Cold Beer Conversation,George Strait,35,6,Gains In Performance
2015-11-14,36,Stone Cold Sober,Brantley Gilbert,40,9,Gains In Performance
2015-11-14,37,Mind Reader,Dustin Lynch,38,5,Gains In Performance
2015-11-14,38,Yup,Easton Corbin,37,15,Gains In Performance
2015-11-14,39,Better In Boots,Tyler Farr,41,10,Gains In Performance
2015-11-14,40,Hole In A Bottle,Canaan Smith,39,11,Gains In Performance
2015-11-14,41,You Look Like I Need A Drink,Justin Moore,NEW,1,Highest ranking debut|Gains In Performance
2015-11-14,42,Night's On Fire,David Nail,42,14,Gains In Performance
2015-11-14,43,Head Over Boots,Jon Pardi,43,5,Gains In Performance
2015-11-14,44,Ain't No Trucks In Texas,Ronnie Dunn,45,15,Gains In Performance
2015-11-14,45,Running For You,Kip Moore,50,2,Gains In Performance
2015-11-14,46,Move On,Clare Dunn,47,16,Gains In Performance
2015-11-14,47,High Class,Eric Paslay,51,3,Gains In Performance
2015-11-14,48,Pain Killer,Little Big Town,46,10,
2015-11-14,49,I Met A Girl,William Michael Morgan,53,4,Gains In Performance
2015-11-14,50,Southern Belle,Scotty McCreery,48,7,Gains In Performance
2015-11-14,51,Boy & A Girl Thing,Mo Pitney,49,8,Gains In Performance
2015-11-14,52,Roller Coaster Ride,Eric Church,52,7,Gains In Performance
2015-11-14,53,Next Boyfriend,Lauren Alaina,56,4,Gains In Performance
2015-11-14,54,Power Of Positive Drinkin',Chris Janson,NEW,1,Gains In Performance
2015-11-14,55,Home Alone Tonight,Luke Bryan Featuring Karen Fairchild,NEW,1,Gains In Performance
2015-11-14,56,Freaks Like Me,Joe Nichols,55,3,Gains In Performance
2015-11-14,57,I Am Invincible,Cassadee Pope,59,9,Gains In Performance
2015-11-14,58,Crazy Too,Lucy Angel,57,13,
2015-11-14,59,By The Way,Lindsay Ell,NEW,1,Gains In Performance
2015-11-14,60,Somewhere Tonight,James Otto,60,6,
2015-11-21,1,Break Up With Him,Old Dominion,1,41,Gains In Performance
2015-11-21,2,Let Me See Ya Girl,Cole Swindell,2,31,Gains In Performance
2015-11-21,3,I'm Comin' Over,Chris Young,5,24,Greatest gainer this week|Gains In Performance
2015-11-21,4,Smoke Break,Carrie Underwood,4,12,Gains In Performance
2015-11-21,5,Nothin' Like You,Dan + Shay,6,38,Gains In Performance
2015-11-21,6,Gonna,Blake Shelton,7,16,Gains In Performance
2015-11-21,7,Anything Goes,Florida Georgia Line,3,22,
2015-11-21,8,Gonna Know We Were Here,Jason Aldean,9,15,Gains In Performance
2015-11-21,9,Top Of The World,Tim McGraw,12,14,Gains In Performance
2015-11-21,10,Burning House,Cam,11,20,Gains In Performance
2015-11-21,11,Stay A Little Longer,Brothers Osborne,13,32,Gains In Performance
2015-11-21,12,Die A Happy Man,Thomas Rhett,18,7,Gains In Performance
2015-11-21,13,Already Callin' You Mine,Parmalee,14,40,Gains In Performance
2015-11-21,14,I Love This Life,LoCash,15,37,Gains In Performance
2015-11-21,15,I Got The Boy,Jana Kramer,17,37,Gains In Performance
2015-11-21,16,Run Away With You,Big & Rich,16,43,Gains In Performance
2015-11-21,17,Dibs,Kelsea Ballerini,19,19,Gains In Performance
2015-11-21,18,We Went,Randy Houser,20,23,Gains In Performance
2015-11-21,19,Break Up In A Small Town,Sam Hunt,22,10,Gains In Performance
2015-11-21,20,Backroad Song,Granger Smith,23,18,Gains In Performance
2015-11-21,21,Country Nation,Brad Paisley,21,10,Gains In Performance
2015-11-21,22,21,Hunter Hayes,24,25,Gains In Performance
2015-11-21,23,(This Ain't No) Drunk Dial,A Thousand Horses,25,19,Gains In Performance
2015-11-21,24,Beautiful Drug,Zac Brown Band,29,9,Gains In Performance
2015-11-21,25,Little Bit Of You,Chase Bryant,26,30,Gains In Performance
2015-11-21,26,Riser,Dierks Bentley,27,20,Gains In Performance
2015-11-21,27,That Don't Sound Like You,Lee Brice,28,22,
2015-11-21,28,I Like The Sound Of That,Rascal Flatts,30,8,Gains In Performance
2015-11-21,29,Break On Me.,Keith Urban,33,3,Gains In Performance
2015-11-21,30,Drinkin' Town With A Football Problem,Billy Currington,31,23,Gains In Performance
2015-11-21,31,Real Men Love Jesus,Michael Ray,34,9,Gains In Performance
2015-11-21,32,Stone Cold Sober,Brantley Gilbert,36,10,Gains In Performance
2015-11-21,33,Blue Bandana,Jerrod Niemann,32,16,
2015-11-21,34,Cold Beer Conversation,George Strait,35,7,
2015-11-21,35,Better In Boots,Tyler Farr,39,11,Gains In Performance
2015-11-21,36,Mr. Misunderstood,Eric Church,NEW,1,Highest ranking debut|Gains In Performance
2015-11-21,37,Mind Reader,Dustin Lynch,37,6,Gains In Performance
2015-11-21,38,Home Alone Tonight,Luke Bryan Featuring Karen Fairchild,55,2,Gains In Performance
2015-11-21,39,Yup,Easton Corbin,38,16,Gains In Performance
2015-11-21,40,Head Over Boots,Jon Pardi,43,6,Gains In Performance
2015-11-21,41,Hole In A Bottle,Canaan Smith,40,12,Gains In Performance
2015-11-21,42,Night's On Fire,David Nail,42,15,
2015-11-21,43,I Met A Girl,William Michael Morgan,49,5,Gains In Performance
2015-11-21,44,Running For You,Kip Moore,45,3,Gains In Performance
2015-11-21,45,High Class,Eric Paslay,47,4,Gains In Performance
2015-11-21,46,Nobody To Blame,Chris Stapleton,NEW,1,Gains In Performance
2015-11-21,47,Confession,Florida Georgia Line,NEW,1,Gains In Performance
2015-11-21,48,Pain Killer,Little Big Town,48,11,Gains In Performance
2015-11-21,49,Southern Belle,Scotty McCreery,50,8,Gains In Performance
2015-11-21,50,Boy & A Girl Thing,Mo Pitney,51,9,Gains In Performance
2015-11-21,51,Power Of Positive Drinkin',Chris Janson,54,2,Gains In Performance
2015-11-21,52,Freaks Like Me,Joe Nichols,56,4,Gains In Performance
2015-11-21,53,Ain't No Trucks In Texas,Ronnie Dunn,44,16,
2015-11-21,54,Drunk On Your Love,Brett Eldredge,NEW,1,Gains In Performance
2015-11-21,55,Next Boyfriend,Lauren Alaina,53,5,
2015-11-21,56,Crazy Too,Lucy Angel,58,14,Gains In Performance
2015-11-21,57,Move On,Clare Dunn,46,17,
2015-11-21,58,I Am Invincible,Cassadee Pope,57,10,
2015-11-21,59,Roller Coaster Ride,Eric Church,52,8,
2015-11-21,60,Crazy Over Me,Dylan Scott,NEW,1,Gains In Performance
2015-11-28,1,I'm Comin' Over,Chris Young,3,25,Gains In Performance
2015-11-28,2,Let Me See Ya Girl,Cole Swindell,2,32,Gains In Performance
2015-11-28,3,Smoke Break,Carrie Underwood,4,13,Gains In Performance
2015-11-28,4,Nothin' Like You,Dan + Shay,5,39,Gains In Performance
2015-11-28,5,Gonna,Blake Shelton,6,17,Gains In Performance
2015-11-28,6,Break Up With Him,Old Dominion,1,42,
2015-11-28,7,Gonna Know We Were Here,Jason Aldean,8,16,Gains In Performance
2015-11-28,8,Top Of The World,Tim McGraw,9,15,Gains In Performance
2015-11-28,9,Burning House,Cam,10,21,Gains In Performance
2015-11-28,10,Stay A Little Longer,Brothers Osborne,11,33,Gains In Performance
2015-11-28,11,Die A Happy Man,Thomas Rhett,12,8,Gains In Performance
2015-11-28,12,I Love This Life,LoCash,14,38,Gains In Performance
2015-11-28,13,Already Callin' You Mine,Parmalee,13,41,Gains In Performance
2015-11-28,14,I Got The Boy,Jana Kramer,15,38,Gains In Performance
2015-11-28,15,Dibs,Kelsea Ballerini,17,20,Gains In Performance
2015-11-28,16,Run Away With You,Big & Rich,16,44,Gains In Performance
2015-11-28,17,Break Up In A Small Town,Sam Hunt,19,11,Gains In Performance
2015-11-28,18,Backroad Song,Granger Smith,20,19,Gains In Performance
2015-11-28,19,We Went,Randy Houser,18,24,Gains In Performance
2015-11-28,20,Country Nation,Brad Paisley,21,11,Gains In Performance
2015-11-28,21,21,Hunter Hayes,22,26,Gains In Performance
2015-11-28,22,Beautiful Drug,Zac Brown Band,24,10,Gains In Performance
2015-11-28,23,Little Bit Of You,Chase Bryant,25,31,Gains In Performance
2015-11-28,24,(This Ain't No) Drunk Dial,A Thousand Horses,23,20,Gains In Performance
2015-11-28,25,Break On Me.,Keith Urban,29,4,Gains In Performance
2015-11-28,26,I Like The Sound Of That,Rascal Flatts,28,9,Gains In Performance
2015-11-28,27,Riser,Dierks Bentley,26,21,Gains In Performance
2015-11-28,28,That Don't Sound Like You,Lee Brice,27,23,Gains In Performance
2015-11-28,29,Home Alone Tonight,Luke Bryan Featuring Karen Fairchild,38,3,Greatest gainer this week|Gains In Performance
2015-11-28,30,Mr. Misunderstood,Eric Church,36,2,Gains In Performance
2015-11-28,31,Nobody To Blame,Chris Stapleton,46,2,Gains In Performance
2015-11-28,32,Stone Cold Sober,Brantley Gilbert,32,11,Gains In Performance
2015-11-28,33,Real Men Love Jesus,Michael Ray,31,10,Gains In Performance
2015-11-28,34,Cold Beer Conversation,George Strait,34,8,Gains In Performance
2015-11-28,35,Mind Reader,Dustin Lynch,37,7,Gains In Performance
2015-11-28,36,Better In Boots,Tyler Farr,35,12,Gains In Performance
2015-11-28,37,Yup,Easton Corbin,39,17,Gains In Performance
2015-11-28,38,Head Over Boots,Jon Pardi,40,7,Gains In Performance
2015-11-28,39,Hole In A Bottle,Canaan Smith,41,13,Gains In Performance
2015-11-28,40,Confession,Florida Georgia Line,47,2,Gains In Performance
2015-11-28,41,Blue Bandana,Jerrod Niemann,33,17,
2015-11-28,42,Drunk On Your Love,Brett Eldredge,54,2,Gains In Performance
2015-11-28,43,Night's On Fire,David Nail,42,16,Gains In Performance
2015-11-28,44,Pain Killer,Little Big Town,48,12,Gains In Performance
2015-11-28,45,High Class,Eric Paslay,45,5,
2015-11-28,46,Southern Belle,Scotty McCreery,49,9,Gains In Performance
2015-11-28,47,Running For You,Kip Moore,44,4,
2015-11-28,48,I Met A Girl,William Michael Morgan,43,6,
2015-11-28,49,Power Of Positive Drinkin',Chris Janson,51,3,Gains In Performance
2015-11-28,50,Boy & A Girl Thing,Mo Pitney,50,10,Gains In Performance
2015-11-28,51,Shut Up And Fish,Maddie & Tae,NEW,1,Highest ranking debut|Gains In Performance
2015-11-28,52,Next Boyfriend,Lauren Alaina,55,6,Gains In Performance
2015-11-28,53,Freaks Like Me,Joe Nichols,52,5,
2015-11-28,54,I Am Invincible,Cassadee Pope,58,11,Gains In Performance
2015-11-28,55,Crazy Over Me,Dylan Scott,60,2,Gains In Performance
2015-11-28,56,Crazy Too,Lucy Angel,56,15,
2015-11-28,57,You Look Like I Need A Drink,Justin Moore,RE,2,Gains In Performance
2015-11-28,58,Are You Ready For The Country?,Hank Williams Jr. Featuring Eric Church,NEW,1,Gains In Performance
2015-11-28,59,Somewhere Tonight,James Otto,RE,7,
2015-11-28,60,When I'm Gone,Craig Morgan,NEW,1,Gains In Performance
2015-12-05,1,I'm Comin' Over,Chris Young,1,26,Gains In Performance
2015-12-05,2,Smoke Break,Carrie Underwood,3,14,Gains In Performance
2015-12-05,3,Gonna,Blake Shelton,5,18,Gains In Performance
2015-12-05,4,Nothin' Like You,Dan + Shay,4,40,Gains In Performance
2015-12-05,5,Gonna Know We Were Here,Jason Aldean,7,17,Gains In Performance
2015-12-05,6,Let Me See Ya Girl,Cole Swindell,2,33,
2015-12-05,7,Top Of The World,Tim McGraw,8,16,Gains In Performance
2015-12-05,8,Burning House,Cam,9,22,Gains In Performance
2015-12-05,9,Stay A Little Longer,Brothers Osborne,10,34,Gains In Performance
2015-12-05,10,Die A Happy Man,Thomas Rhett,11,9,Gains In Performance
2015-12-05,11,I Love This Life,LoCash,12,39,Gains In Performance
2015-12-05,12,Already Callin' You Mine,Parmalee,13,42,Gains In Performance
2015-12-05,13,I Got The Boy,Jana Kramer,14,39,Gains In Performance
2015-12-05,14,Run Away With You,Big & Rich,16,45,Gains In Performance
2015-12-05,15,Break Up In A Small Town,Sam Hunt,17,12,Gains In Performance
2015-12-05,16,Dibs,Kelsea Ballerini,15,21,Gains In Performance
2015-12-05,17,Backroad Song,Granger Smith,18,20,Gains In Performance
2015-12-05,18,Country Nation,Brad Paisley,20,12,Gains In Performance
2015-12-05,19,We Went,Randy Houser,19,25,Gains In Performance
2015-12-05,20,Beautiful Drug,Zac Brown Band,22,11,Gains In Performance
2015-12-05,21,Home Alone Tonight,Luke Bryan Featuring Karen Fairchild,29,4,Gains In Performance
2015-12-05,22,Break On Me.,Keith Urban,25,5,Gains In Performance
2015-12-05,23,Little Bit Of You,Chase Bryant,23,32,Gains In Performance
2015-12-05,24,(This Ain't No) Drunk Dial,A Thousand Horses,24,21,Gains In Performance
2015-12-05,25,Mr. Misunderstood,Eric Church,30,3,Gains In Performance
2015-12-05,26,I Like The Sound Of That,Rascal Flatts,26,10,Gains In Performance
2015-12-05,27,Riser,Dierks Bentley,27,22,Gains In Performance
2015-12-05,28,That Don't Sound Like You,Lee Brice,28,24,Gains In Performance
2015-12-05,29,Nobody To Blame,Chris Stapleton,31,3,Gains In Performance
2015-12-05,30,Stone Cold Sober,Brantley Gilbert,32,12,Gains In Performance
2015-12-05,31,Real Men Love Jesus,Michael Ray,33,11,Gains In Performance
2015-12-05,32,Confession,Florida Georgia Line,40,3,Gains In Performance
2015-12-05,33,Cold Beer Conversation,George Strait,34,9,Gains In Performance
2015-12-05,34,Mind Reader,Dustin Lynch,35,8,Gains In Performance
2015-12-05,35,Yup,Easton Corbin,37,18,Gains In Performance
2015-12-05,36,Better In Boots,Tyler Farr,36,13,Gains In Performance
2015-12-05,37,Drunk On Your Love,Brett Eldredge,42,3,Gains In Performance
2015-12-05,38,Night's On Fire,David Nail,43,17,Gains In Performance
2015-12-05,39,Head Over Boots,Jon Pardi,38,8,
2015-12-05,40,Hole In A Bottle,Canaan Smith,39,14,
2015-12-05,41,Pain Killer,Little Big Town,44,13,Gains In Performance
2015-12-05,42,High Class,Eric Paslay,45,6,Gains In Performance
2015-12-05,43,I Met A Girl,William Michael Morgan,48,7,Gains In Performance
2015-12-05,44,Running For You,Kip Moore,47,5,Gains In Performance
2015-12-05,45,It All Started With A Beer,Frankie Ballard,NEW,1,Highest ranking debut|Gains In Performance
2015-12-05,46,Southern Belle,Scotty McCreery,46,10,Gains In Performance
2015-12-05,47,Shut Up And Fish,Maddie & Tae,51,2,Gains In Performance
2015-12-05,48,You Look Like I Need A Drink,Justin Moore,57,3,Gains In Performance
2015-12-05,49,Boy & A Girl Thing,Mo Pitney,50,11,Gains In Performance
2015-12-05,50,Power Of Positive Drinkin',Chris Janson,49,4,Gains In Performance
2015-12-05,51,Snapback,Old Dominion,NEW,1,Gains In Performance
2015-12-05,52,Freaks Like Me,Joe Nichols,53,6,Gains In Performance
2015-12-05,53,Next Boyfriend,Lauren Alaina,52,7,
2015-12-05,54,Crazy Over Me,Dylan Scott,55,3,Gains In Performance
2015-12-05,55,I Am Invincible,Cassadee Pope,54,12,
2015-12-05,56,Remembering,Ashley Campbell,NEW,1,Gains In Performance
2015-12-05,57,By The Way,Lindsay Ell,RE,2,Gains In Performance
2015-12-05,58,Are You Ready For The Country?,Hank Williams Jr. Featuring Eric Church,58,2,Gains In Performance
2015-12-05,59,Whiskey On My Breath,Love And Theft,NEW,1,Gains In Performance
2015-12-05,60,When I'm Gone,Craig Morgan,60,2,
2015-12-12,1,I'm Comin' Over,Chris Young,1,27,
2015-12-12,2,Gonna,Blake Shelton,3,19,Gains In Performance
2015-12-12,3,Nothin' Like You,Dan + Shay,4,41,Gains In Performance
2015-12-12,4,Gonna Know We Were Here,Jason Aldean,5,18,Gains In Performance
2015-12-12,5,Smoke Break,Carrie Underwood,2,15,
2015-12-12,6,Top Of The World,Tim McGraw,7,17,Gains In Performance
2015-12-12,7,Burning House,Cam,8,23,Gains In Performance
2015-12-12,8,Stay A Little Longer,Brothers Osborne,9,35,Gains In Performance
2015-12-12,9,Die A Happy Man,Thomas Rhett,10,10,Gains In Performance
2015-12-12,10,I Love This Life,LoCash,11,40,Gains In Performance
2015-12-12,11,Run Away With You,Big & Rich,14,46,Gains In Performance
2015-12-12,12,I Got The Boy,Jana Kramer,13,40,Gains In Performance
2015-12-12,13,Already Callin' You Mine,Parmalee,12,43,Gains In Performance
2015-12-12,14,Break Up In A Small Town,Sam Hunt,15,13,Gains In Performance
2015-12-12,15,Dibs,Kelsea Ballerini,16,22,Gains In Performance
2015-12-12,16,Backroad Song,Granger Smith,17,21,Gains In Performance
2015-12-12,17,Country Nation,Brad Paisley,18,13,Gains In Performance
2015-12-12,18,We Went,Randy Houser,19,26,Gains In Performance
2015-12-12,19,Home Alone Tonight,Luke Bryan Featuring Karen Fairchild,21,5,Gains In Performance
2015-12-12,20,Beautiful Drug,Zac Brown Band,20,12,Gains In Performance
2015-12-12,21,Break On Me.,Keith Urban,22,6,Gains In Performance
2015-12-12,22,Mr. Misunderstood,Eric Church,25,4,Gains In Performance
2015-12-12,23,Little Bit Of You,Chase Bryant,23,33,Gains In Performance
2015-12-12,24,(This Ain't No) Drunk Dial,A Thousand Horses,24,22,Gains In Performance
2015-12-12,25,I Like The Sound Of That,Rascal Flatts,26,11,Gains In Performance
2015-12-12,26,Riser,Dierks Bentley,27,23,Gains In Performance
2015-12-12,27,Nobody To Blame,Chris Stapleton,29,4,Gains In Performance
2015-12-12,28,That Don't Sound Like You,Lee Brice,28,25,Gains In Performance
2015-12-12,29,Real Men Love Jesus,Michael Ray,31,12,Gains In Performance
2015-12-12,30,Confession,Florida Georgia Line,32,4,Gains In Performance
2015-12-12,31,Stone Cold Sober,Brantley Gilbert,30,13,
2015-12-12,32,Mind Reader,Dustin Lynch,34,9,Gains In Performance
2015-12-12,33,Cold Beer Conversation,George Strait,33,10,Gains In Performance
2015-12-12,34,Drunk On Your Love,Brett Eldredge,37,4,Gains In Performance
2015-12-12,35,Better In Boots,Tyler Farr,36,14,Gains In Performance
2015-12-12,36,Yup,Easton Corbin,35,19,
2015-12-12,37,Head Over Boots,Jon Pardi,39,9,Gains In Performance
2015-12-12,38,Hole In A Bottle,Canaan Smith,40,15,Gains In Performance
2015-12-12,39,Night's On Fire,David Nail,38,18,
2015-12-12,40,Shut Up And Fish,Maddie & Tae,47,3,Gains In Performance
2015-12-12,41,Heartbeat,Carrie Underwood,NEW,1,Highest ranking debut|Gains In Performance
2015-12-12,42,Pain Killer,Little Big Town,41,14,Gains In Performance
2015-12-12,43,It All Started With A Beer,Frankie Ballard,45,2,Gains In Performance
2015-12-12,44,I Met A Girl,William Michael Morgan,43,8,Gains In Performance
2015-12-12,45,Running For You,Kip Moore,44,6,Gains In Performance
2015-12-12,46,High Class,Eric Paslay,42,7,
2015-12-12,47,Southern Belle,Scotty McCreery,46,11,Gains In Performance
2015-12-12,48,Crazy Over Me,Dylan Scott,54,4,Gains In Performance
2015-12-12,49,Snapback,Old Dominion,51,2,Gains In Performance
2015-12-12,50,You Look Like I Need A Drink,Justin Moore,48,4,Gains In Performance
2015-12-12,51,Boy & A Girl Thing,Mo Pitney,49,12,Gains In Performance
2015-12-12,52,Power Of Positive Drinkin',Chris Janson,50,5,Gains In Performance
2015-12-12,53,Freaks Like Me,Joe Nichols,52,7,Gains In Performance
2015-12-12,54,Next Boyfriend,Lauren Alaina,53,8,Gains In Performance
2015-12-12,55,I Am Invincible,Cassadee Pope,55,13,Gains In Performance
2015-12-12,56,When I'm Gone,Craig Morgan,60,3,Gains In Performance
2015-12-12,57,Remembering,Ashley Campbell,56,2,Gains In Performance
2015-12-12,58,By The Way,Lindsay Ell,57,3,
2015-12-12,59,Beautiful Stranger,Toby Keith,NEW,1,Gains In Performance
2015-12-12,60,Whiskey On My Breath,Love And Theft,59,2,Gains In Performance
2015-12-19,1,Nothin' Like You,Dan + Shay,3,42,Gains In Performance
2015-12-19,2,Gonna,Blake Shelton,2,20,Gains In Performance
2015-12-19,3,Gonna Know We Were Here,Jason Aldean,4,19,Gains In Performance
2015-12-19,4,I'm Comin' Over,Chris Young,1,28,
2015-12-19,5,Die A Happy Man,Thomas Rhett,9,11,Greatest gainer this week|Gains In Performance
2015-12-19,6,Burning House,Cam,7,24,Gains In Performance
2015-12-19,7,Top Of The World,Tim McGraw,6,18,Gains In Performance
2015-12-19,8,Stay A Little Longer,Brothers Osborne,8,36,Gains In Performance
2015-12-19,9,I Love This Life,LoCash,10,41,Gains In Performance
2015-12-19,10,Smoke Break,Carrie Underwood,5,16,
2015-12-19,11,Break Up In A Small Town,Sam Hunt,14,14,Gains In Performance
2015-12-19,12,Already Callin' You Mine,Parmalee,13,44,Gains In Performance
2015-12-19,13,I Got The Boy,Jana Kramer,12,41,Gains In Performance
2015-12-19,14,Dibs,Kelsea Ballerini,15,23,Gains In Performance
2015-12-19,15,Backroad Song,Granger Smith,16,22,Gains In Performance
2015-12-19,16,Home Alone Tonight,Luke Bryan Featuring Karen Fairchild,19,6,Gains In Performance
2015-12-19,17,We Went,Randy Houser,18,27,Gains In Performance
2015-12-19,18,Country Nation,Brad Paisley,17,14,Gains In Performance
2015-12-19,19,Break On Me.,Keith Urban,21,7,Gains In Performance
2015-12-19,20,Beautiful Drug,Zac Brown Band,20,13,Gains In Performance
2015-12-19,21,Mr. Misunderstood,Eric Church,22,5,Gains In Performance
2015-12-19,22,Little Bit Of You,Chase Bryant,23,34,Gains In Performance
2015-12-19,23,(This Ain't No) Drunk Dial,A Thousand Horses,24,23,Gains In Performance
2015-12-19,24,Riser,Dierks Bentley,26,24,Gains In Performance
2015-12-19,25,I Like The Sound Of That,Rascal Flatts,25,12,Gains In Performance
2015-12-19,26,Nobody To Blame,Chris Stapleton,27,5,Gains In Performance
2015-12-19,27,That Don't Sound Like You,Lee Brice,28,26,Gains In Performance
2015-12-19,28,Confession,Florida Georgia Line,30,5,Gains In Performance
2015-12-19,29,Real Men Love Jesus,Michael Ray,29,13,Gains In Performance
2015-12-19,30,Drunk On Your Love,Brett Eldredge,34,5,Gains In Performance
2015-12-19,31,Stone Cold Sober,Brantley Gilbert,31,14,Gains In Performance
2015-12-19,32,Heartbeat,Carrie Underwood,41,2,Gains In Performance
2015-12-19,33,Mind Reader,Dustin Lynch,32,10,Gains In Performance
2015-12-19,34,Better In Boots,Tyler Farr,35,15,Gains In Performance
2015-12-19,35,Cold Beer Conversation,George Strait,33,11,
2015-12-19,36,Shut Up And Fish,Maddie & Tae,40,4,Gains In Performance
2015-12-19,37,Night's On Fire,David Nail,39,19,Gains In Performance
2015-12-19,38,Yup,Easton Corbin,36,20,Gains In Performance
2015-12-19,39,Head Over Boots,Jon Pardi,37,10,Gains In Performance
2015-12-19,40,Hole In A Bottle,Canaan Smith,38,16,Gains In Performance
2015-12-19,41,It All Started With A Beer,Frankie Ballard,43,3,Gains In Performance
2015-12-19,42,Snapback,Old Dominion,49,3,Gains In Performance
2015-12-19,43,Pain Killer,Little Big Town,42,15,Gains In Performance
2015-12-19,44,I Met A Girl,William Michael Morgan,44,9,Gains In Performance
2015-12-19,45,Crazy Over Me,Dylan Scott,48,5,Gains In Performance
2015-12-19,46,Running For You,Kip Moore,45,7,
2015-12-19,47,You Look Like I Need A Drink,Justin Moore,50,5,Gains In Performance
2015-12-19,48,High Class,Eric Paslay,46,8,
2015-12-19,49,Southern Belle,Scotty McCreery,47,12,
2015-12-19,50,Boy & A Girl Thing,Mo Pitney,51,13,Gains In Performance
2015-12-19,51,Power Of Positive Drinkin',Chris Janson,52,6,Gains In Performance
2015-12-19,52,Freaks Like Me,Joe Nichols,53,8,Gains In Performance
2015-12-19,53,Are You Ready For The Country?,Hank Williams Jr. Featuring Eric Church,RE,3,Gains In Performance
2015-12-19,54,Next Boyfriend,Lauren Alaina,54,9,
2015-12-19,55,Remembering,Ashley Campbell,57,3,Gains In Performance
2015-12-19,56,By The Way,Lindsay Ell,58,4,Gains In Performance
2015-12-19,57,When I'm Gone,Craig Morgan,56,4,Gains In Performance
2015-12-19,58,I Am Invincible,Cassadee Pope,55,14,
2015-12-19,59,Whiskey On My Breath,Love And Theft,60,3,Gains In Performance
2015-12-19,60,The Driver,Charles Kelley Featuring Dierks Bentley & Eric Paslay,NEW,1,Highest ranking debut|Gains In Performance
2015-12-26,1,Gonna,Blake Shelton,2,21,Gains In Performance
2015-12-26,2,Gonna Know We Were Here,Jason Aldean,3,20,Gains In Performance
2015-12-26,3,Die A Happy Man,Thomas Rhett,5,12,Gains In Performance
2015-12-26,4,Burning House,Cam,6,25,Gains In Performance
2015-12-26,5,Top Of The World,Tim McGraw,7,19,Gains In Performance
2015-12-26,6,Stay A Little Longer,Brothers Osborne,8,37,Gains In Performance
2015-12-26,7,I Love This Life,LoCash,9,42,Gains In Performance
2015-12-26,8,I'm Comin' Over,Chris Young,4,29,
2015-12-26,9,Nothin' Like You,Dan + Shay,1,43,
2015-12-26,10,Already Callin' You Mine,Parmalee,12,45,Gains In Performance
2015-12-26,11,Break Up In A Small Town,Sam Hunt,11,15,Gains In Performance
2015-12-26,12,I Got The Boy,Jana Kramer,13,42,Gains In Performance
2015-12-26,13,Home Alone Tonight,Luke Bryan Featuring Karen Fairchild,16,7,Greatest gainer this week|Gains In Performance
2015-12-26,14,Dibs,Kelsea Ballerini,14,24,Gains In Performance
2015-12-26,15,Backroad Song,Granger Smith,15,23,Gains In Performance
2015-12-26,16,Country Nation,Brad Paisley,18,15,Gains In Performance
2015-12-26,17,We Went,Randy Houser,17,28,Gains In Performance
2015-12-26,18,Break On Me.,Keith Urban,19,8,Gains In Performance
2015-12-26,19,Beautiful Drug,Zac Brown Band,20,14,Gains In Performance
2015-12-26,20,Mr. Misunderstood,Eric Church,21,6,Gains In Performance
2015-12-26,21,Little Bit Of You,Chase Bryant,22,35,Gains In Performance
2015-12-26,22,I Like The Sound Of That,Rascal Flatts,25,13,Gains In Performance
2015-12-26,23,(This Ain't No) Drunk Dial,A Thousand Horses,23,24,Gains In Performance
2015-12-26,24,Nobody To Blame,Chris Stapleton,26,6,Gains In Performance
2015-12-26,25,Heartbeat,Carrie Underwood,32,3,Gains In Performance
2015-12-26,26,Confession,Florida Georgia Line,28,6,Gains In Performance
2015-12-26,27,That Don't Sound Like You,Lee Brice,27,27,Gains In Performance
2015-12-26,28,Drunk On Your Love,Brett Eldredge,30,6,Gains In Performance
2015-12-26,29,Real Men Love Jesus,Michael Ray,29,14,Gains In Performance
2015-12-26,30,Stone Cold Sober,Brantley Gilbert,31,15,Gains In Performance
2015-12-26,31,Mind Reader,Dustin Lynch,33,11,Gains In Performance
2015-12-26,32,Better In Boots,Tyler Farr,34,16,Gains In Performance
2015-12-26,33,Shut Up And Fish,Maddie & Tae,36,5,Gains In Performance
2015-12-26,34,Snapback,Old Dominion,42,4,Gains In Performance
2015-12-26,35,Night's On Fire,David Nail,37,20,Gains In Performance
2015-12-26,36,Cold Beer Conversation,George Strait,35,12,
2015-12-26,37,Head Over Boots,Jon Pardi,39,11,Gains In Performance
2015-12-26,38,Yup,Easton Corbin,38,21,Gains In Performance
2015-12-26,39,Hole In A Bottle,Canaan Smith,40,17,Gains In Performance
2015-12-26,40,It All Started With A Beer,Frankie Ballard,41,4,Gains In Performance
2015-12-26,41,You Look Like I Need A Drink,Justin Moore,47,6,Gains In Performance
2015-12-26,42,Pain Killer,Little Big Town,43,16,Gains In Performance
2015-12-26,43,I Met A Girl,William Michael Morgan,44,10,Gains In Performance
2015-12-26,44,Crazy Over Me,Dylan Scott,45,6,Gains In Performance
2015-12-26,45,Running For You,Kip Moore,46,8,Gains In Performance
2015-12-26,46,High Class,Eric Paslay,48,9,Gains In Performance
2015-12-26,47,Southern Belle,Scotty McCreery,49,13,Gains In Performance
2015-12-26,48,Power Of Positive Drinkin',Chris Janson,51,7,Gains In Performance
2015-12-26,49,Are You Ready For The Country?,Hank Williams Jr. Featuring Eric Church,53,4,Gains In Performance
2015-12-26,50,Fix,Chris Lane,NEW,1,Highest ranking debut|Gains In Performance
2015-12-26,51,Boy & A Girl Thing,Mo Pitney,50,14,
2015-12-26,52,By The Way,Lindsay Ell,56,5,Gains In Performance
2015-12-26,53,Next Boyfriend,Lauren Alaina,54,10,Gains In Performance
2015-12-26,54,Freaks Like Me,Joe Nichols,52,9,
2015-12-26,55,Whiskey On My Breath,Love And Theft,59,4,Gains In Performance
2015-12-26,56,When I'm Gone,Craig Morgan,57,5,Gains In Performance
2015-12-26,57,Livin' The Dream,Drake White,NEW,1,Gains In Performance
2015-12-26,58,Remembering,Ashley Campbell,55,4,
2015-12-26,59,Beautiful Stranger,Toby Keith,RE,2,Gains In Performance
2015-12-26,60,I Am Invincible,Cassadee Pope,58,15,
2016-01-02,1,Die A Happy Man,Thomas Rhett,3,13,Gains In Performance
2016-01-02,2,Burning House,Cam,4,26,Gains In Performance
2016-01-02,3,Gonna Know We Were Here,Jason Aldean,2,21,Gains In Performance
2016-01-02,4,Stay A Little Longer,Brothers Osborne,6,38,Gains In Performance
2016-01-02,5,Gonna,Blake Shelton,1,22,
2016-01-02,6,Top Of The World,Tim McGraw,5,20,Gains In Performance
2016-01-02,7,I Love This Life,LoCash,7,43,Gains In Performance
2016-01-02,8,I'm Comin' Over,Chris Young,8,30,
2016-01-02,9,Break Up In A Small Town,Sam Hunt,11,16,Gains In Performance
2016-01-02,10,I Got The Boy,Jana Kramer,12,43,Gains In Performance
2016-01-02,11,Home Alone Tonight,Luke Bryan Featuring Karen Fairchild,13,8,Gains In Performance
2016-01-02,12,Dibs,Kelsea Ballerini,14,25,Gains In Performance
2016-01-02,13,Backroad Song,Granger Smith,15,24,Gains In Performance
2016-01-02,14,Country Nation,Brad Paisley,16,16,Gains In Performance
2016-01-02,15,Break On Me.,Keith Urban,18,9,Gains In Performance
2016-01-02,16,We Went,Randy Houser,17,29,Gains In Performance
2016-01-02,17,Beautiful Drug,Zac Brown Band,19,15,Gains In Performance
2016-01-02,18,Mr. Misunderstood,Eric Church,20,7,Gains In Performance
2016-01-02,19,Little Bit Of You,Chase Bryant,21,36,Gains In Performance
2016-01-02,20,Heartbeat,Carrie Underwood,25,4,Gains In Performance
2016-01-02,21,I Like The Sound Of That,Rascal Flatts,22,14,Gains In Performance
2016-01-02,22,Confession,Florida Georgia Line,26,7,Gains In Performance
2016-01-02,23,Nobody To Blame,Chris Stapleton,24,7,Gains In Performance
2016-01-02,24,Drunk On Your Love,Brett Eldredge,28,7,Gains In Performance
2016-01-02,25,That Don't Sound Like You,Lee Brice,27,28,Gains In Performance
2016-01-02,26,You Should Be Here,Cole Swindell,NEW,1,Gains In Performance
2016-01-02,27,Real Men Love Jesus,Michael Ray,29,15,Gains In Performance
2016-01-02,28,Mind Reader,Dustin Lynch,31,12,Gains In Performance
2016-01-02,29,Stone Cold Sober,Brantley Gilbert,30,16,
2016-01-02,30,Better In Boots,Tyler Farr,32,17,Gains In Performance
2016-01-02,31,Snapback,Old Dominion,34,5,Gains In Performance
2016-01-02,32,Night's On Fire,David Nail,35,21,Gains In Performance
2016-01-02,33,Shut Up And Fish,Maddie & Tae,33,6,Gains In Performance
2016-01-02,34,Head Over Boots,Jon Pardi,37,12,Gains In Performance
2016-01-02,35,It All Started With A Beer,Frankie Ballard,40,5,Gains In Performance
2016-01-02,36,Yup,Easton Corbin,38,22,Gains In Performance
2016-01-02,37,Hole In A Bottle,Canaan Smith,39,18,Gains In Performance
2016-01-02,38,You Look Like I Need A Drink,Justin Moore,41,7,Gains In Performance
2016-01-02,39,Pain Killer,Little Big Town,42,17,
2016-01-02,40,Running For You,Kip Moore,45,9,Gains In Performance
2016-01-02,41,Crazy Over Me,Dylan Scott,44,7,Gains In Performance
2016-01-02,42,I Met A Girl,William Michael Morgan,43,11,Gains In Performance
2016-01-02,43,Power Of Positive Drinkin',Chris Janson,48,8,Gains In Performance
2016-01-02,44,Fix,Chris Lane,50,2,Gains In Performance
2016-01-02,45,Southern Belle,Scotty McCreery,47,14,
2016-01-02,46,High Class,Eric Paslay,46,10,
2016-01-02,47,Are You Ready For The Country?,Hank Williams Jr. Featuring Eric Church,49,5,Gains In Performance
2016-01-02,48,By The Way,Lindsay Ell,52,6,Gains In Performance
2016-01-02,49,Next Boyfriend,Lauren Alaina,53,11,Gains In Performance
2016-01-02,50,When I'm Gone,Craig Morgan,56,6,Gains In Performance
2016-01-02,51,Whiskey On My Breath,Love And Theft,55,5,
2016-01-02,52,I Am Invincible,Cassadee Pope,60,16,Gains In Performance
2016-01-02,53,Freaks Like Me,Joe Nichols,54,10,
2016-01-02,54,Livin' The Dream,Drake White,57,2,Gains In Performance
2016-01-02,55,The Driver,Charles Kelley Featuring Dierks Bentley & Eric Paslay,RE,2,Gains In Performance
2016-01-02,56,Tonight,Ryan Kinder,NEW,1,Gains In Performance
2016-01-02,57,Raised On It,Sam Hunt,NEW,1,Gains In Performance
2016-01-02,58,Beautiful Stranger,Toby Keith,59,3,
2016-01-02,59,Tennessee Whiskey,Chris Stapleton,NEW,1,
2016-01-02,60,Faint Of Heart,Sister C,NEW,1,Gains In Performance
2016-01-09,1,Die A Happy Man,Thomas Rhett,1,14,
2016-01-09,2,Gonna Know We Were Here,Jason Aldean,3,22,
2016-01-09,3,Stay A Little Longer,Brothers Osborne,4,39,
2016-01-09,4,I Love This Life,LoCash,7,44,
2016-01-09,5,Burning House,Cam,2,27,
2016-01-09,6,Break Up In A Small Town,Sam Hunt,9,17,
2016-01-09,7,Gonna,Blake Shelton,5,23,
2016-01-09,8,Top Of The World,Tim McGraw,6,21,
2016-01-09,9,Home Alone Tonight,Luke Bryan Featuring Karen Fairchild,11,9,
2016-01-09,10,I Got The Boy,Jana Kramer,10,44,
2016-01-09,11,Backroad Song,Granger Smith,13,25,
2016-01-09,12,Dibs,Kelsea Ballerini,12,26,
2016-01-09,13,Country Nation,Brad Paisley,14,17,
2016-01-09,14,Break On Me.,Keith Urban,15,10,
2016-01-09,15,We Went,Randy Houser,16,30,
2016-01-09,16,Beautiful Drug,Zac Brown Band,17,16,
2016-01-09,17,Mr. Misunderstood,Eric Church,18,8,
2016-01-09,18,Heartbeat,Carrie Underwood,20,5,
2016-01-09,19,Little Bit Of You,Chase Bryant,19,37,
2016-01-09,20,I Like The Sound Of That,Rascal Flatts,21,15,
2016-01-09,21,Confession,Florida Georgia Line,22,8,
2016-01-09,22,Nobody To Blame,Chris Stapleton,23,8,
2016-01-09,23,Drunk On Your Love,Brett Eldredge,24,8,
2016-01-09,24,That Don't Sound Like You,Lee Brice,25,29,
2016-01-09,25,You Should Be Here,Cole Swindell,26,2,
2016-01-09,26,Real Men Love Jesus,Michael Ray,27,16,
2016-01-09,27,Snapback,Old Dominion,31,6,Gains In Performance
2016-01-09,28,Mind Reader,Dustin Lynch,28,13,
2016-01-09,29,Better In Boots,Tyler Farr,30,18,
2016-01-09,30,Stone Cold Sober,Brantley Gilbert,29,17,
2016-01-09,31,Night's On Fire,David Nail,32,22,
2016-01-09,32,Shut Up And Fish,Maddie & Tae,33,7,
2016-01-09,33,Head Over Boots,Jon Pardi,34,13,
2016-01-09,34,It All Started With A Beer,Frankie Ballard,35,6,
2016-01-09,35,Hole In A Bottle,Canaan Smith,37,19,
2016-01-09,36,Yup,Easton Corbin,36,23,
2016-01-09,37,Running For You,Kip Moore,40,10,Gains In Performance
2016-01-09,38,You Look Like I Need A Drink,Justin Moore,38,8,
2016-01-09,39,I Met A Girl,William Michael Morgan,42,12,
2016-01-09,40,Pain Killer,Little Big Town,39,18,
2016-01-09,41,High Class,Eric Paslay,46,11,Gains In Performance
2016-01-09,42,Fix,Chris Lane,44,3,Gains In Performance
2016-01-09,43,Crazy Over Me,Dylan Scott,41,8,
2016-01-09,44,Power Of Positive Drinkin',Chris Janson,43,9,
2016-01-09,45,Southern Belle,Scotty McCreery,45,15,
2016-01-09,46,Livin' The Dream,Drake White,54,3,Gains In Performance
2016-01-09,47,Are You Ready For The Country?,Hank Williams Jr. Featuring Eric Church,47,6,
2016-01-09,48,By The Way,Lindsay Ell,48,7,
2016-01-09,49,Next Boyfriend,Lauren Alaina,49,12,
2016-01-09,50,Whiskey On My Breath,Love And Theft,51,6,
2016-01-09,51,Tonight,Ryan Kinder,56,2,Gains In Performance
2016-01-09,52,The Driver,Charles Kelley Featuring Dierks Bentley & Eric Paslay,55,3,
2016-01-09,53,Freaks Like Me,Joe Nichols,53,11,
2016-01-09,54,When I'm Gone,Craig Morgan,50,7,
2016-01-09,55,I Am Invincible,Cassadee Pope,52,17,
2016-01-09,56,Beautiful Stranger,Toby Keith,58,4,
2016-01-09,57,Do You Want To Build A Snowman?,Mickey Guyton,NEW,1,Highest ranking debut|Gains In Performance
2016-01-09,58,Raised On It,Sam Hunt,57,2,
2016-01-09,59,Tennessee Whiskey,Chris Stapleton,59,2,
2016-01-09,60,Today Is Christmas,LeAnn Rimes,NEW,1,Gains In Performance
2016-01-16,1,Die A Happy Man,Thomas Rhett,1,15,Gains In Performance
2016-01-16,2,Gonna Know We Were Here,Jason Aldean,2,23,Greatest gainer this week|Gains In Performance
2016-01-16,3,I Love This Life,LoCash,4,45,Gains In Performance
2016-01-16,4,Stay A Little Longer,Brothers Osborne,3,40,Gains In Performance
2016-01-16,5,Break Up In A Small Town,Sam Hunt,6,18,Gains In Performance
2016-01-16,6,Top Of The World,Tim McGraw,8,22,Gains In Performance
2016-01-16,7,Gonna,Blake Shelton,7,24,Gains In Performance
2016-01-16,8,Home Alone Tonight,Luke Bryan Featuring Karen Fairchild,9,10,Gains In Performance
2016-01-16,9,I Got The Boy,Jana Kramer,10,45,Gains In Performance
2016-01-16,10,Burning House,Cam,5,28,
2016-01-16,11,Backroad Song,Granger Smith,11,26,Gains In Performance
2016-01-16,12,Dibs,Kelsea Ballerini,12,27,Gains In Performance
2016-01-16,13,We Went,Randy Houser,15,31,Gains In Performance
2016-01-16,14,Break On Me.,Keith Urban,14,11,Gains In Performance
2016-01-16,15,Country Nation,Brad Paisley,13,18,Gains In Performance
2016-01-16,16,Beautiful Drug,Zac Brown Band,16,17,Gains In Performance
2016-01-16,17,Mr. Misunderstood,Eric Church,17,9,Gains In Performance
2016-01-16,18,Heartbeat,Carrie Underwood,18,6,Gains In Performance
2016-01-16,19,Little Bit Of You,Chase Bryant,19,38,Gains In Performance
2016-01-16,20,Confession,Florida Georgia Line,21,9,Gains In Performance
2016-01-16,21,I Like The Sound Of That,Rascal Flatts,20,16,Gains In Performance
2016-01-16,22,Nobody To Blame,Chris Stapleton,22,9,Gains In Performance
2016-01-16,23,(This Ain't No) Drunk Dial,A Thousand Horses,RE,25,Gains In Performance
2016-01-16,24,Drunk On Your Love,Brett Eldredge,23,9,Gains In Performance
2016-01-16,25,That Don't Sound Like You,Lee Brice,24,30,Gains In Performance
2016-01-16,26,You Should Be Here,Cole Swindell,25,3,Gains In Performance
2016-01-16,27,Real Men Love Jesus,Michael Ray,26,17,Gains In Performance
2016-01-16,28,Snapback,Old Dominion,27,7,Gains In Performance
2016-01-16,29,Mind Reader,Dustin Lynch,28,14,Gains In Performance
2016-01-16,30,Stone Cold Sober,Brantley Gilbert,30,18,Gains In Performance
2016-01-16,31,Better In Boots,Tyler Farr,29,19,Gains In Performance
2016-01-16,32,Shut Up And Fish,Maddie & Tae,32,8,Gains In Performance
2016-01-16,33,It All Started With A Beer,Frankie Ballard,34,7,Gains In Performance
2016-01-16,34,Head Over Boots,Jon Pardi,33,14,Gains In Performance
2016-01-16,35,Hole In A Bottle,Canaan Smith,35,20,Gains In Performance
2016-01-16,36,Yup,Easton Corbin,36,24,Gains In Performance
2016-01-16,37,Running For You,Kip Moore,37,11,Gains In Performance
2016-01-16,38,Fix,Chris Lane,42,4,Gains In Performance
2016-01-16,39,I Met A Girl,William Michael Morgan,39,13,Gains In Performance
2016-01-16,40,Pain Killer,Little Big Town,40,19,Gains In Performance
2016-01-16,41,You Look Like I Need A Drink,Justin Moore,38,9,Gains In Performance
2016-01-16,42,Crazy Over Me,Dylan Scott,43,9,Gains In Performance
2016-01-16,43,High Class,Eric Paslay,41,12,Gains In Performance
2016-01-16,44,Power Of Positive Drinkin',Chris Janson,44,10,Gains In Performance
2016-01-16,45,Southern Belle,Scotty McCreery,45,16,Gains In Performance
2016-01-16,46,Are You Ready For The Country?,Hank Williams Jr. Featuring Eric Church,47,7,Gains In Performance
2016-01-16,47,Livin' The Dream,Drake White,46,4,Gains In Performance
2016-01-16,48,By The Way,Lindsay Ell,48,8,Gains In Performance
2016-01-16,49,Next Boyfriend,Lauren Alaina,49,13,Gains In Performance
2016-01-16,50,Freaks Like Me,Joe Nichols,53,12,Gains In Performance
2016-01-16,51,When I'm Gone,Craig Morgan,54,8,Gains In Performance
2016-01-16,52,Whiskey On My Breath,Love And Theft,50,7,Gains In Performance
2016-01-16,53,The Driver,Charles Kelley Featuring Dierks Bentley & Eric Paslay,52,4,Gains In Performance
2016-01-16,54,Tonight,Ryan Kinder,51,3,Gains In Performance
2016-01-16,55,I Am Invincible,Cassadee Pope,55,18,Gains In Performance
2016-01-16,56,Beautiful Stranger,Toby Keith,56,5,Gains In Performance
2016-01-16,57,Raised On It,Sam Hunt,58,3,Gains In Performance
2016-01-16,58,Think Of You,Chris Young Duet With Cassadee Pope,NEW,1,Highest ranking debut|Gains In Performance
2016-01-16,59,My Church,Maren Morris,NEW,1,Gains In Performance
2016-01-16,60,Tennessee Whiskey,Chris Stapleton,59,3,Gains In Performance
2016-01-23,1,Die A Happy Man,Thomas Rhett,1,16,Gains In Performance
2016-01-23,2,Gonna Know We Were Here,Jason Aldean,2,24,Gains In Performance
2016-01-23,3,I Love This Life,LoCash,3,46,Gains In Performance
2016-01-23,4,Stay A Little Longer,Brothers Osborne,4,41,Gains In Performance
2016-01-23,5,Break Up In A Small Town,Sam Hunt,5,19,Gains In Performance
2016-01-23,6,Home Alone Tonight,Luke Bryan Featuring Karen Fairchild,8,11,Greatest gainer this week|Gains In Performance
2016-01-23,7,I Got The Boy,Jana Kramer,9,46,Gains In Performance
2016-01-23,8,Gonna,Blake Shelton,7,25,
2016-01-23,9,Top Of The World,Tim McGraw,6,23,
2016-01-23,10,Backroad Song,Granger Smith,11,27,Gains In Performance
2016-01-23,11,Dibs,Kelsea Ballerini,12,28,Gains In Performance
2016-01-23,12,Break On Me.,Keith Urban,14,12,Gains In Performance
2016-01-23,13,We Went,Randy Houser,13,32,Gains In Performance
2016-01-23,14,Country Nation,Brad Paisley,15,19,Gains In Performance
2016-01-23,15,Beautiful Drug,Zac Brown Band,16,18,Gains In Performance
2016-01-23,16,Mr. Misunderstood,Eric Church,17,10,Gains In Performance
2016-01-23,17,Heartbeat,Carrie Underwood,18,7,Gains In Performance
2016-01-23,18,Confession,Florida Georgia Line,20,10,Gains In Performance
2016-01-23,19,I Like The Sound Of That,Rascal Flatts,21,17,Gains In Performance
2016-01-23,20,Little Bit Of You,Chase Bryant,19,39,Gains In Performance
2016-01-23,21,Nobody To Blame,Chris Stapleton,22,10,Gains In Performance
2016-01-23,22,Drunk On Your Love,Brett Eldredge,24,10,Gains In Performance
2016-01-23,23,You Should Be Here,Cole Swindell,26,4,Gains In Performance
2016-01-23,24,(This Ain't No) Drunk Dial,A Thousand Horses,23,26,Gains In Performance
2016-01-23,25,That Don't Sound Like You,Lee Brice,25,31,Gains In Performance
2016-01-23,26,Real Men Love Jesus,Michael Ray,27,18,Gains In Performance
2016-01-23,27,Snapback,Old Dominion,28,8,Gains In Performance
2016-01-23,28,Mind Reader,Dustin Lynch,29,15,Gains In Performance
2016-01-23,29,Stone Cold Sober,Brantley Gilbert,30,19,Gains In Performance
2016-01-23,30,Better In Boots,Tyler Farr,31,20,Gains In Performance
2016-01-23,31,Shut Up And Fish,Maddie & Tae,32,9,Gains In Performance
2016-01-23,32,Head Over Boots,Jon Pardi,34,15,Gains In Performance
2016-01-23,33,It All Started With A Beer,Frankie Ballard,33,8,Gains In Performance
2016-01-23,34,Night's On Fire,David Nail,RE,23,Gains In Performance
2016-01-23,35,Fix,Chris Lane,38,5,Gains In Performance
2016-01-23,36,Hole In A Bottle,Canaan Smith,35,21,Gains In Performance
2016-01-23,37,Yup,Easton Corbin,36,25,Gains In Performance
2016-01-23,38,Running For You,Kip Moore,37,12,Gains In Performance
2016-01-23,39,Pain Killer,Little Big Town,40,20,Gains In Performance
2016-01-23,40,You Look Like I Need A Drink,Justin Moore,41,10,Gains In Performance
2016-01-23,41,I Met A Girl,William Michael Morgan,39,14,
2016-01-23,42,High Class,Eric Paslay,43,13,Gains In Performance
2016-01-23,43,Crazy Over Me,Dylan Scott,42,10,Gains In Performance
2016-01-23,44,Power Of Positive Drinkin',Chris Janson,44,11,Gains In Performance
2016-01-23,45,Southern Belle,Scotty McCreery,45,17,
2016-01-23,46,Livin' The Dream,Drake White,47,5,Gains In Performance
2016-01-23,47,By The Way,Lindsay Ell,48,9,Gains In Performance
2016-01-23,48,Are You Ready For The Country?,Hank Williams Jr. Featuring Eric Church,46,8,
2016-01-23,49,Next Boyfriend,Lauren Alaina,49,14,Gains In Performance
2016-01-23,50,When I'm Gone,Craig Morgan,51,9,Gains In Performance
2016-01-23,51,Freaks Like Me,Joe Nichols,50,13,Gains In Performance
2016-01-23,52,The Driver,Charles Kelley Featuring Dierks Bentley & Eric Paslay,53,5,Gains In Performance
2016-01-23,53,My Church,Maren Morris,59,2,Gains In Performance
2016-01-23,54,Raised On It,Sam Hunt,57,4,Gains In Performance
2016-01-23,55,Whiskey On My Breath,Love And Theft,52,8,Gains In Performance
2016-01-23,56,Tonight,Ryan Kinder,54,4,Gains In Performance
2016-01-23,57,Think Of You,Chris Young Duet With Cassadee Pope,58,2,Gains In Performance
2016-01-23,58,Beautiful Stranger,Toby Keith,56,6,Gains In Performance
2016-01-23,59,Lovin' Lately,Big & Rich Featuring Tim McGraw,NEW,1,Highest ranking debut|Gains In Performance
2016-01-23,60,Amnesia,Josh Abbott Band,NEW,1,Gains In Performance
2016-01-30,1,Die A Happy Man,Thomas Rhett,1,17,
2016-01-30,2,I Love This Life,LoCash,3,47,
2016-01-30,3,Stay A Little Longer,Brothers Osborne,4,42,Gains In Performance
2016-01-30,4,Home Alone Tonight,Luke Bryan Featuring Karen Fairchild,6,12,Greatest gainer this week|Gains In Performance
2016-01-30,5,Break Up In A Small Town,Sam Hunt,5,20,Gains In Performance
2016-01-30,6,I Got The Boy,Jana Kramer,7,47,Gains In Performance
2016-01-30,7,Gonna Know We Were Here,Jason Aldean,2,25,
2016-01-30,8,Backroad Song,Granger Smith,10,28,Gains In Performance
2016-01-30,9,Dibs,Kelsea Ballerini,11,29,Gains In Performance
2016-01-30,10,Break On Me.,Keith Urban,12,13,Gains In Performance
2016-01-30,11,We Went,Randy Houser,13,33,Gains In Performance
2016-01-30,12,Country Nation,Brad Paisley,14,20,Gains In Performance
2016-01-30,13,Beautiful Drug,Zac Brown Band,15,19,Gains In Performance
2016-01-30,14,Heartbeat,Carrie Underwood,17,8,Gains In Performance
2016-01-30,15,Mr. Misunderstood,Eric Church,16,11,Gains In Performance
2016-01-30,16,Confession,Florida Georgia Line,18,11,Gains In Performance
2016-01-30,17,I Like The Sound Of That,Rascal Flatts,19,18,Gains In Performance
2016-01-30,18,Little Bit Of You,Chase Bryant,20,40,Gains In Performance
2016-01-30,19,You Should Be Here,Cole Swindell,23,5,Gains In Performance
2016-01-30,20,Drunk On Your Love,Brett Eldredge,22,11,Gains In Performance
2016-01-30,21,Nobody To Blame,Chris Stapleton,21,11,Gains In Performance
2016-01-30,22,That Don't Sound Like You,Lee Brice,25,32,Gains In Performance
2016-01-30,23,Snapback,Old Dominion,27,9,Gains In Performance
2016-01-30,24,Real Men Love Jesus,Michael Ray,26,19,Gains In Performance
2016-01-30,25,Mind Reader,Dustin Lynch,28,16,Gains In Performance
2016-01-30,26,Stone Cold Sober,Brantley Gilbert,29,20,Gains In Performance
2016-01-30,27,Better In Boots,Tyler Farr,30,21,Gains In Performance
2016-01-30,28,Shut Up And Fish,Maddie & Tae,31,10,Gains In Performance
2016-01-30,29,Head Over Boots,Jon Pardi,32,16,Gains In Performance
2016-01-30,30,Fix,Chris Lane,35,6,Gains In Performance
2016-01-30,31,It All Started With A Beer,Frankie Ballard,33,9,Gains In Performance
2016-01-30,32,My Church,Maren Morris,53,3,Gains In Performance
2016-01-30,33,Night's On Fire,David Nail,34,24,Gains In Performance
2016-01-30,34,Hole In A Bottle,Canaan Smith,36,22,Gains In Performance
2016-01-30,35,Yup,Easton Corbin,37,26,Gains In Performance
2016-01-30,36,You Look Like I Need A Drink,Justin Moore,40,11,Gains In Performance
2016-01-30,37,Running For You,Kip Moore,38,13,Gains In Performance
2016-01-30,38,Pain Killer,Little Big Town,39,21,Gains In Performance
2016-01-30,39,I Met A Girl,William Michael Morgan,41,15,Gains In Performance
2016-01-30,40,High Class,Eric Paslay,42,14,
2016-01-30,41,Crazy Over Me,Dylan Scott,43,11,
2016-01-30,42,Power Of Positive Drinkin',Chris Janson,44,12,Gains In Performance
2016-01-30,43,Think Of You,Chris Young Duet With Cassadee Pope,57,3,Gains In Performance
2016-01-30,44,Livin' The Dream,Drake White,46,6,
2016-01-30,45,By The Way,Lindsay Ell,47,10,
2016-01-30,46,Freaks Like Me,Joe Nichols,51,14,Gains In Performance
2016-01-30,47,Lovin' Lately,Big & Rich Featuring Tim McGraw,59,2,Gains In Performance
2016-01-30,48,Are You Ready For The Country?,Hank Williams Jr. Featuring Eric Church,48,9,
2016-01-30,49,Southern Belle,Scotty McCreery,45,18,
2016-01-30,50,Next Boyfriend,Lauren Alaina,49,15,
2016-01-30,51,The Driver,Charles Kelley Featuring Dierks Bentley & Eric Paslay,52,6,Gains In Performance
2016-01-30,52,When I'm Gone,Craig Morgan,50,10,
2016-01-30,53,Raised On It,Sam Hunt,54,5,
2016-01-30,54,Whiskey On My Breath,Love And Theft,55,9,
2016-01-30,55,Beautiful Stranger,Toby Keith,58,7,Gains In Performance
2016-01-30,56,Tonight,Ryan Kinder,56,5,
2016-01-30,57,"RED, WHITE & YOU",Steven Tyler,NEW,1,Highest ranking debut|Gains In Performance
2016-01-30,58,Unlove You,Jennifer Nettles,NEW,1,Gains In Performance
2016-01-30,59,Tennessee Whiskey,Chris Stapleton,RE,4,Gains In Performance
2016-01-30,60,Amnesia,Josh Abbott Band,60,2,Gains In Performance
2016-02-06,1,Die A Happy Man,Thomas Rhett,1,18,
2016-02-06,2,Stay A Little Longer,Brothers Osborne,3,43,Gains In Performance
2016-02-06,3,Home Alone Tonight,Luke Bryan Featuring Karen Fairchild,4,13,Gains In Performance
2016-02-06,4,Break Up In A Small Town,Sam Hunt,5,21,Gains In Performance
2016-02-06,5,I Love This Life,LoCash,2,48,
2016-02-06,6,Backroad Song,Granger Smith,8,29,Gains In Performance
2016-02-06,7,Break On Me.,Keith Urban,10,14,Gains In Performance
2016-02-06,8,Gonna Know We Were Here,Jason Aldean,7,26,
2016-02-06,9,Dibs,Kelsea Ballerini,9,30,Gains In Performance
2016-02-06,10,We Went,Randy Houser,11,34,Gains In Performance
2016-02-06,11,Heartbeat,Carrie Underwood,14,9,Gains In Performance
2016-02-06,12,Beautiful Drug,Zac Brown Band,13,20,Gains In Performance
2016-02-06,13,Country Nation,Brad Paisley,12,21,Gains In Performance
2016-02-06,14,Confession,Florida Georgia Line,16,12,Gains In Performance
2016-02-06,15,Mr. Misunderstood,Eric Church,15,12,Gains In Performance
2016-02-06,16,Little Bit Of You,Chase Bryant,18,41,Gains In Performance
2016-02-06,17,I Like The Sound Of That,Rascal Flatts,17,19,Gains In Performance
2016-02-06,18,Drunk On Your Love,Brett Eldredge,20,12,Gains In Performance
2016-02-06,19,You Should Be Here,Cole Swindell,19,6,Gains In Performance
2016-02-06,20,Nobody To Blame,Chris Stapleton,21,12,Gains In Performance
2016-02-06,21,Snapback,Old Dominion,23,10,Gains In Performance
2016-02-06,22,That Don't Sound Like You,Lee Brice,22,33,Gains In Performance
2016-02-06,23,Real Men Love Jesus,Michael Ray,24,20,Gains In Performance
2016-02-06,24,Mind Reader,Dustin Lynch,25,17,Gains In Performance
2016-02-06,25,My Church,Maren Morris,32,4,Gains In Performance
2016-02-06,26,Stone Cold Sober,Brantley Gilbert,26,21,Gains In Performance
2016-02-06,27,Better In Boots,Tyler Farr,27,22,Gains In Performance
2016-02-06,28,Shut Up And Fish,Maddie & Tae,28,11,Gains In Performance
2016-02-06,29,Somewhere On A Beach,Dierks Bentley,NEW,1,Highest ranking debut|Gains In Performance
2016-02-06,30,Fix,Chris Lane,30,7,Gains In Performance
2016-02-06,31,Night's On Fire,David Nail,33,25,Gains In Performance
2016-02-06,32,Head Over Boots,Jon Pardi,29,17,Gains In Performance
2016-02-06,33,It All Started With A Beer,Frankie Ballard,31,10,Gains In Performance
2016-02-06,34,Hole In A Bottle,Canaan Smith,34,23,Gains In Performance
2016-02-06,35,You Look Like I Need A Drink,Justin Moore,36,12,Gains In Performance
2016-02-06,36,Running For You,Kip Moore,37,14,Gains In Performance
2016-02-06,37,I Met A Girl,William Michael Morgan,39,16,Gains In Performance
2016-02-06,38,Think Of You,Chris Young Duet With Cassadee Pope,43,4,Gains In Performance
2016-02-06,39,High Class,Eric Paslay,40,15,Gains In Performance
2016-02-06,40,Crazy Over Me,Dylan Scott,41,12,Gains In Performance
2016-02-06,41,Power Of Positive Drinkin',Chris Janson,42,13,Gains In Performance
2016-02-06,42,Lovin' Lately,Big & Rich Featuring Tim McGraw,47,3,Gains In Performance
2016-02-06,43,Livin' The Dream,Drake White,44,7,Gains In Performance
2016-02-06,44,By The Way,Lindsay Ell,45,11,Gains In Performance
2016-02-06,45,Freaks Like Me,Joe Nichols,46,15,Gains In Performance
2016-02-06,46,Next Boyfriend,Lauren Alaina,50,16,Gains In Performance
2016-02-06,47,The Driver,Charles Kelley Featuring Dierks Bentley & Eric Paslay,51,7,Gains In Performance
2016-02-06,48,When I'm Gone,Craig Morgan,52,11,Gains In Performance
2016-02-06,49,Raised On It,Sam Hunt,53,6,Gains In Performance
2016-02-06,50,Whiskey On My Breath,Love And Theft,54,10,Gains In Performance
2016-02-06,51,Unlove You,Jennifer Nettles,58,2,Gains In Performance
2016-02-06,52,Beautiful Stranger,Toby Keith,55,8,
2016-02-06,53,Tonight,Ryan Kinder,56,6,
2016-02-06,54,Jesus And Jones,Trace Adkins,NEW,1,Gains In Performance
2016-02-06,55,"RED, WHITE & YOU",Steven Tyler,57,2,Gains In Performance
2016-02-06,56,Amnesia,Josh Abbott Band,60,3,Gains In Performance
2016-02-06,57,Humble And Kind,Tim McGraw,NEW,1,Gains In Performance
2016-02-06,58,Tennessee Whiskey,Chris Stapleton,59,5,
2016-02-06,59,Are You Ready For The Country?,Hank Williams Jr. Featuring Eric Church,48,10,
2016-02-06,60,Drink You Away,Justin Timberlake,NEW,1,Gains In Performance
2016-02-13,1,Home Alone Tonight,Luke Bryan Featuring Karen Fairchild,3,14,Gains In Performance
2016-02-13,2,Break Up In A Small Town,Sam Hunt,4,22,Gains In Performance
2016-02-13,3,Die A Happy Man,Thomas Rhett,1,19,
2016-02-13,4,Stay A Little Longer,Brothers Osborne,2,44,
2016-02-13,5,Backroad Song,Granger Smith,6,30,Gains In Performance
2016-02-13,6,Dibs,Kelsea Ballerini,9,31,Greatest gainer this week|Gains In Performance
2016-02-13,7,Break On Me.,Keith Urban,7,15,Gains In Performance
2016-02-13,8,I Love This Life,LoCash,5,49,
2016-02-13,9,Heartbeat,Carrie Underwood,11,10,Gains In Performance
2016-02-13,10,We Went,Randy Houser,10,35,Gains In Performance
2016-02-13,11,Beautiful Drug,Zac Brown Band,12,21,Gains In Performance
2016-02-13,12,Country Nation,Brad Paisley,13,22,Gains In Performance
2016-02-13,13,Confession,Florida Georgia Line,14,13,Gains In Performance
2016-02-13,14,Drunk On Your Love,Brett Eldredge,18,13,Gains In Performance
2016-02-13,15,You Should Be Here,Cole Swindell,19,7,Gains In Performance
2016-02-13,16,Little Bit Of You,Chase Bryant,16,42,Gains In Performance
2016-02-13,17,I Like The Sound Of That,Rascal Flatts,17,20,Gains In Performance
2016-02-13,18,Mr. Misunderstood,Eric Church,15,13,
2016-02-13,19,Nobody To Blame,Chris Stapleton,20,13,Gains In Performance
2016-02-13,20,Snapback,Old Dominion,21,11,Gains In Performance
2016-02-13,21,My Church,Maren Morris,25,5,Gains In Performance
2016-02-13,22,That Don't Sound Like You,Lee Brice,22,34,Gains In Performance
2016-02-13,23,Mind Reader,Dustin Lynch,24,18,Gains In Performance
2016-02-13,24,Real Men Love Jesus,Michael Ray,23,21,Gains In Performance
2016-02-13,25,Stone Cold Sober,Brantley Gilbert,26,22,Gains In Performance
2016-02-13,26,Better In Boots,Tyler Farr,27,23,Gains In Performance
2016-02-13,27,Shut Up And Fish,Maddie & Tae,28,12,Gains In Performance
2016-02-13,28,Fix,Chris Lane,30,8,Gains In Performance
2016-02-13,29,Think Of You,Chris Young Duet With Cassadee Pope,38,5,Gains In Performance
2016-02-13,30,Somewhere On A Beach,Dierks Bentley,29,2,Gains In Performance
2016-02-13,31,Head Over Boots,Jon Pardi,32,18,Gains In Performance
2016-02-13,32,Night's On Fire,David Nail,31,26,Gains In Performance
2016-02-13,33,It All Started With A Beer,Frankie Ballard,33,11,Gains In Performance
2016-02-13,34,Hole In A Bottle,Canaan Smith,34,24,Gains In Performance
2016-02-13,35,You Look Like I Need A Drink,Justin Moore,35,13,Gains In Performance
2016-02-13,36,Running For You,Kip Moore,36,15,Gains In Performance
2016-02-13,37,I Met A Girl,William Michael Morgan,37,17,Gains In Performance
2016-02-13,38,Crazy Over Me,Dylan Scott,40,13,Gains In Performance
2016-02-13,39,High Class,Eric Paslay,39,16,Gains In Performance
2016-02-13,40,Lovin' Lately,Big & Rich Featuring Tim McGraw,42,4,Gains In Performance
2016-02-13,41,Power Of Positive Drinkin',Chris Janson,41,14,Gains In Performance
2016-02-13,42,Whiskey On My Breath,Love And Theft,50,11,Gains In Performance
2016-02-13,43,Livin' The Dream,Drake White,43,8,Gains In Performance
2016-02-13,44,Humble And Kind,Tim McGraw,57,2,Gains In Performance
2016-02-13,45,By The Way,Lindsay Ell,44,12,
2016-02-13,46,"RED, WHITE & YOU",Steven Tyler,55,3,Gains In Performance
2016-02-13,47,Unlove You,Jennifer Nettles,51,3,Gains In Performance
2016-02-13,48,Freaks Like Me,Joe Nichols,45,16,
2016-02-13,49,Next Boyfriend,Lauren Alaina,46,17,
2016-02-13,50,When I'm Gone,Craig Morgan,48,12,
2016-02-13,51,Raised On It,Sam Hunt,49,7,Gains In Performance
2016-02-13,52,The Driver,Charles Kelley Featuring Dierks Bentley & Eric Paslay,47,8,
2016-02-13,53,T-Shirt,Thomas Rhett,NEW,1,Highest ranking debut|Gains In Performance
2016-02-13,54,Beautiful Stranger,Toby Keith,52,9,Gains In Performance
2016-02-13,55,Jesus And Jones,Trace Adkins,54,2,Gains In Performance
2016-02-13,56,Tonight,Ryan Kinder,53,7,Gains In Performance
2016-02-13,57,Southern Boy,Jordan Rager With Jason Aldean,NEW,1,Gains In Performance
2016-02-13,58,Tennessee Whiskey,Chris Stapleton,58,6,
2016-02-13,59,I Know Somebody,LoCash,NEW,1,Gains In Performance
2016-02-13,60,Dance With Ya,Drew Baldridge,NEW,1,Gains In Performance
2016-02-20,1,Home Alone Tonight,Luke Bryan Featuring Karen Fairchild,1,15,Gains In Performance
2016-02-20,2,Backroad Song,Granger Smith,5,31,Greatest gainer this week|Gains In Performance
2016-02-20,3,Die A Happy Man,Thomas Rhett,3,20,
2016-02-20,4,Break Up In A Small Town,Sam Hunt,2,23,
2016-02-20,5,Dibs,Kelsea Ballerini,6,32,Gains In Performance
2016-02-20,6,Heartbeat,Carrie Underwood,9,11,Gains In Performance
2016-02-20,7,Break On Me.,Keith Urban,7,16,Gains In Performance
2016-02-20,8,We Went,Randy Houser,10,36,Gains In Performance
2016-02-20,9,Beautiful Drug,Zac Brown Band,11,22,Gains In Performance
2016-02-20,10,Stay A Little Longer,Brothers Osborne,4,45,
2016-02-20,11,Confession,Florida Georgia Line,13,14,Gains In Performance
2016-02-20,12,Country Nation,Brad Paisley,12,23,Gains In Performance
2016-02-20,13,You Should Be Here,Cole Swindell,15,8,Gains In Performance
2016-02-20,14,Drunk On Your Love,Brett Eldredge,14,14,Gains In Performance
2016-02-20,15,I Like The Sound Of That,Rascal Flatts,17,21,Gains In Performance
2016-02-20,16,Little Bit Of You,Chase Bryant,16,43,Gains In Performance
2016-02-20,17,Nobody To Blame,Chris Stapleton,19,14,Gains In Performance
2016-02-20,18,Snapback,Old Dominion,20,12,Gains In Performance
2016-02-20,19,My Church,Maren Morris,21,6,Gains In Performance
2016-02-20,20,That Don't Sound Like You,Lee Brice,22,35,Gains In Performance
2016-02-20,21,Mind Reader,Dustin Lynch,23,19,Gains In Performance
2016-02-20,22,Real Men Love Jesus,Michael Ray,24,22,Gains In Performance
2016-02-20,23,Stone Cold Sober,Brantley Gilbert,25,23,Gains In Performance
2016-02-20,24,Think Of You,Chris Young Duet With Cassadee Pope,29,6,Gains In Performance
2016-02-20,25,Somewhere On A Beach,Dierks Bentley,30,3,Gains In Performance
2016-02-20,26,Better In Boots,Tyler Farr,26,24,Gains In Performance
2016-02-20,27,Shut Up And Fish,Maddie & Tae,27,13,Gains In Performance
2016-02-20,28,Head Over Boots,Jon Pardi,31,19,Gains In Performance
2016-02-20,29,Fix,Chris Lane,28,9,Gains In Performance
2016-02-20,30,Night's On Fire,David Nail,32,27,Gains In Performance
2016-02-20,31,It All Started With A Beer,Frankie Ballard,33,12,Gains In Performance
2016-02-20,32,Mr. Misunderstood,Eric Church,18,14,
2016-02-20,33,Humble And Kind,Tim McGraw,44,3,Gains In Performance
2016-02-20,34,Hole In A Bottle,Canaan Smith,34,25,Gains In Performance
2016-02-20,35,You Look Like I Need A Drink,Justin Moore,35,14,Gains In Performance
2016-02-20,36,Running For You,Kip Moore,36,16,Gains In Performance
2016-02-20,37,From The Ground Up,Dan + Shay,NEW,1,Highest ranking debut|Gains In Performance
2016-02-20,38,I Met A Girl,William Michael Morgan,37,18,
2016-02-20,39,T-Shirt,Thomas Rhett,53,2,Gains In Performance
2016-02-20,40,Crazy Over Me,Dylan Scott,38,14,Gains In Performance
2016-02-20,41,High Class,Eric Paslay,39,17,Gains In Performance
2016-02-20,42,Lovin' Lately,Big & Rich Featuring Tim McGraw,40,5,Gains In Performance
2016-02-20,43,Livin' The Dream,Drake White,43,9,Gains In Performance
2016-02-20,44,Power Of Positive Drinkin',Chris Janson,41,15,Gains In Performance
2016-02-20,45,Unlove You,Jennifer Nettles,47,4,Gains In Performance
2016-02-20,46,Whiskey On My Breath,Love And Theft,42,12,
2016-02-20,47,By The Way,Lindsay Ell,45,13,
2016-02-20,48,Next Boyfriend,Lauren Alaina,49,18,Gains In Performance
2016-02-20,49,The Driver,Charles Kelley Featuring Dierks Bentley & Eric Paslay,52,9,Gains In Performance
2016-02-20,50,When I'm Gone,Craig Morgan,50,13,Gains In Performance
2016-02-20,51,Raised On It,Sam Hunt,51,8,Gains In Performance
2016-02-20,52,"RED, WHITE & YOU",Steven Tyler,46,4,
2016-02-20,53,Jesus And Jones,Trace Adkins,55,3,Gains In Performance
2016-02-20,54,Record Year,Eric Church,NEW,1,Gains In Performance
2016-02-20,55,Beautiful Stranger,Toby Keith,54,10,Gains In Performance
2016-02-20,56,Southern Boy,Jordan Rager With Jason Aldean,57,2,Gains In Performance
2016-02-20,57,Tonight,Ryan Kinder,56,8,
2016-02-20,58,Tennessee Whiskey,Chris Stapleton,58,7,Gains In Performance
2016-02-20,59,It Don't Hurt Like It Used To,Billy Currington,NEW,1,Gains In Performance
2016-02-20,60,Freaks Like Me,Joe Nichols,48,17,
2016-02-27,1,Backroad Song,Granger Smith,2,32,Gains In Performance
2016-02-27,2,Home Alone Tonight,Luke Bryan Featuring Karen Fairchild,1,16,
2016-02-27,3,Dibs,Kelsea Ballerini,5,33,Gains In Performance
2016-02-27,4,Heartbeat,Carrie Underwood,6,12,Gains In Performance
2016-02-27,5,Break On Me.,Keith Urban,7,17,Gains In Performance
2016-02-27,6,Die A Happy Man,Thomas Rhett,3,21,
2016-02-27,7,We Went,Randy Houser,8,37,Gains In Performance
2016-02-27,8,Beautiful Drug,Zac Brown Band,9,23,Gains In Performance
2016-02-27,9,Break Up In A Small Town,Sam Hunt,4,24,
2016-02-27,10,You Should Be Here,Cole Swindell,13,9,Gains In Performance
2016-02-27,11,Confession,Florida Georgia Line,11,15,Gains In Performance
2016-02-27,12,Drunk On Your Love,Brett Eldredge,14,15,Gains In Performance
2016-02-27,13,Little Bit Of You,Chase Bryant,16,44,Gains In Performance
2016-02-27,14,I Like The Sound Of That,Rascal Flatts,15,22,Gains In Performance
2016-02-27,15,Nobody To Blame,Chris Stapleton,17,15,Gains In Performance
2016-02-27,16,Snapback,Old Dominion,18,13,Gains In Performance
2016-02-27,17,My Church,Maren Morris,19,7,Gains In Performance
2016-02-27,18,That Don't Sound Like You,Lee Brice,20,36,Gains In Performance
2016-02-27,19,Mind Reader,Dustin Lynch,21,20,Gains In Performance
2016-02-27,20,Real Men Love Jesus,Michael Ray,22,23,Gains In Performance
2016-02-27,21,Think Of You,Chris Young Duet With Cassadee Pope,24,7,Gains In Performance
2016-02-27,22,Somewhere On A Beach,Dierks Bentley,25,4,Gains In Performance
2016-02-27,23,Stone Cold Sober,Brantley Gilbert,23,24,Gains In Performance
2016-02-27,24,Humble And Kind,Tim McGraw,33,4,Greatest gainer this week|Gains In Performance
2016-02-27,25,Fix,Chris Lane,29,10,Gains In Performance
2016-02-27,26,Head Over Boots,Jon Pardi,28,20,Gains In Performance
2016-02-27,27,Shut Up And Fish,Maddie & Tae,27,14,Gains In Performance
2016-02-27,28,Better In Boots,Tyler Farr,26,25,
2016-02-27,29,Night's On Fire,David Nail,30,28,Gains In Performance
2016-02-27,30,It All Started With A Beer,Frankie Ballard,31,13,Gains In Performance
2016-02-27,31,Hole In A Bottle,Canaan Smith,34,26,Gains In Performance
2016-02-27,32,You Look Like I Need A Drink,Justin Moore,35,15,Gains In Performance
2016-02-27,33,T-Shirt,Thomas Rhett,39,3,Gains In Performance
2016-02-27,34,Running For You,Kip Moore,36,17,Gains In Performance
2016-02-27,35,I Met A Girl,William Michael Morgan,38,19,Gains In Performance
2016-02-27,36,Crazy Over Me,Dylan Scott,40,15,
2016-02-27,37,Lovin' Lately,Big & Rich Featuring Tim McGraw,42,6,Gains In Performance
2016-02-27,38,High Class,Eric Paslay,41,18,
2016-02-27,39,Unlove You,Jennifer Nettles,45,5,Gains In Performance
2016-02-27,40,Power Of Positive Drinkin',Chris Janson,44,16,Gains In Performance
2016-02-27,41,Livin' The Dream,Drake White,43,10,Gains In Performance
2016-02-27,42,From The Ground Up,Dan + Shay,37,2,
2016-02-27,43,Whiskey On My Breath,Love And Theft,46,13,
2016-02-27,44,Raised On It,Sam Hunt,51,9,Gains In Performance
2016-02-27,45,The Driver,Charles Kelley Featuring Dierks Bentley & Eric Paslay,49,10,Gains In Performance
2016-02-27,46,Southern Boy,Jordan Rager With Jason Aldean,56,3,Gains In Performance
2016-02-27,47,Next Boyfriend,Lauren Alaina,48,19,Gains In Performance
2016-02-27,48,Record Year,Eric Church,54,2,Gains In Performance
2016-02-27,49,When I'm Gone,Craig Morgan,50,14,
2016-02-27,50,It Don't Hurt Like It Used To,Billy Currington,59,2,Gains In Performance
2016-02-27,51,Jesus And Jones,Trace Adkins,53,4,
2016-02-27,52,Beautiful Stranger,Toby Keith,55,11,Gains In Performance
2016-02-27,53,"RED, WHITE & YOU",Steven Tyler,52,5,
2016-02-27,54,Mayday,Cam,NEW,1,Highest ranking debut|Gains In Performance
2016-02-27,55,Dance With Ya,Drew Baldridge,RE,2,Gains In Performance
2016-02-27,56,I Know Somebody,LoCash,RE,2,Gains In Performance
2016-02-27,57,Tennessee Whiskey,Chris Stapleton,58,8,
2016-02-27,58,Used To Love You Sober,Kane Brown,NEW,1,Gains In Performance
2016-02-27,59,Girl Next Door,Brandy Clark,NEW,1,Gains In Performance
2016-02-27,60,Take Me Down,Vince Gill Featuring Little Big Town,NEW,1,Gains In Performance
2016-03-05,1,Dibs,Kelsea Ballerini,3,34,Greatest gainer this week|Gains In Performance
2016-03-05,2,Backroad Song,Granger Smith,1,33,
2016-03-05,3,Heartbeat,Carrie Underwood,4,13,Gains In Performance
2016-03-05,4,Home Alone Tonight,Luke Bryan Featuring Karen Fairchild,2,17,
2016-03-05,5,We Went,Randy Houser,7,38,Gains In Performance
2016-03-05,6,Break On Me.,Keith Urban,5,18,Gains In Performance
2016-03-05,7,Beautiful Drug,Zac Brown Band,8,24,Gains In Performance
2016-03-05,8,Die A Happy Man,Thomas Rhett,6,22,
2016-03-05,9,Drunk On Your Love,Brett Eldredge,12,16,Gains In Performance
2016-03-05,10,You Should Be Here,Cole Swindell,10,10,Gains In Performance
2016-03-05,11,Confession,Florida Georgia Line,11,16,Gains In Performance
2016-03-05,12,Little Bit Of You,Chase Bryant,13,45,Gains In Performance
2016-03-05,13,I Like The Sound Of That,Rascal Flatts,14,23,Gains In Performance
2016-03-05,14,Nobody To Blame,Chris Stapleton,15,16,Gains In Performance
2016-03-05,15,Snapback,Old Dominion,16,14,Gains In Performance
2016-03-05,16,My Church,Maren Morris,17,8,Gains In Performance
2016-03-05,17,Mind Reader,Dustin Lynch,19,21,Gains In Performance
2016-03-05,18,That Don't Sound Like You,Lee Brice,18,37,Gains In Performance
2016-03-05,19,Think Of You,Chris Young Duet With Cassadee Pope,21,8,Gains In Performance
2016-03-05,20,Somewhere On A Beach,Dierks Bentley,22,5,Gains In Performance
2016-03-05,21,Real Men Love Jesus,Michael Ray,20,24,Gains In Performance
2016-03-05,22,Humble And Kind,Tim McGraw,24,5,Gains In Performance
2016-03-05,23,Stone Cold Sober,Brantley Gilbert,23,25,Gains In Performance
2016-03-05,24,Head Over Boots,Jon Pardi,26,21,Gains In Performance
2016-03-05,25,Fix,Chris Lane,25,11,Gains In Performance
2016-03-05,26,Shut Up And Fish,Maddie & Tae,27,15,Gains In Performance
2016-03-05,27,Better In Boots,Tyler Farr,28,26,Gains In Performance
2016-03-05,28,T-Shirt,Thomas Rhett,33,4,Gains In Performance
2016-03-05,29,Night's On Fire,David Nail,29,29,Gains In Performance
2016-03-05,30,It All Started With A Beer,Frankie Ballard,30,14,Gains In Performance
2016-03-05,31,You Look Like I Need A Drink,Justin Moore,32,16,Gains In Performance
2016-03-05,32,Hole In A Bottle,Canaan Smith,31,27,Gains In Performance
2016-03-05,33,Running For You,Kip Moore,34,18,Gains In Performance
2016-03-05,34,Unlove You,Jennifer Nettles,39,6,Gains In Performance
2016-03-05,35,Lovin' Lately,Big & Rich Featuring Tim McGraw,37,7,Gains In Performance
2016-03-05,36,From The Ground Up,Dan + Shay,42,3,Gains In Performance
2016-03-05,37,Crazy Over Me,Dylan Scott,36,16,Gains In Performance
2016-03-05,38,Power Of Positive Drinkin',Chris Janson,40,17,Gains In Performance
2016-03-05,39,High Class,Eric Paslay,38,19,Gains In Performance
2016-03-05,40,Record Year,Eric Church,48,3,Gains In Performance
2016-03-05,41,I Met A Girl,William Michael Morgan,35,20,
2016-03-05,42,Livin' The Dream,Drake White,41,11,Gains In Performance
2016-03-05,43,Southern Boy,Jordan Rager With Jason Aldean,46,4,Gains In Performance
2016-03-05,44,Raised On It,Sam Hunt,44,10,Gains In Performance
2016-03-05,45,The Driver,Charles Kelley Featuring Dierks Bentley & Eric Paslay,45,11,Gains In Performance
2016-03-05,46,Next Boyfriend,Lauren Alaina,47,20,Gains In Performance
2016-03-05,47,By The Way,Lindsay Ell,RE,14,Gains In Performance
2016-03-05,48,Mayday,Cam,54,2,Gains In Performance
2016-03-05,49,It Don't Hurt Like It Used To,Billy Currington,50,3,Gains In Performance
2016-03-05,50,Jesus And Jones,Trace Adkins,51,5,Gains In Performance
2016-03-05,51,When I'm Gone,Craig Morgan,49,15,
2016-03-05,52,Beautiful Stranger,Toby Keith,52,12,
2016-03-05,53,Used To Love You Sober,Kane Brown,58,2,Gains In Performance
2016-03-05,54,Girl Next Door,Brandy Clark,59,2,Gains In Performance
2016-03-05,55,I Know Somebody,LoCash,56,3,Gains In Performance
2016-03-05,56,Dance With Ya,Drew Baldridge,55,3,Gains In Performance
2016-03-05,57,21 Summer,Brothers Osborne,NEW,1,Highest ranking debut|Gains In Performance
2016-03-05,58,Sleep Without You,Brett Young,NEW,1,Gains In Performance
2016-03-05,59,Tuxedo,Clare Dunn,NEW,1,Gains In Performance
2016-03-05,60,Take Me Down,Vince Gill Featuring Little Big Town,60,2,
2016-03-12,1,Break On Me.,Keith Urban,6,19,Greatest gainer this week|Gains In Performance
2016-03-12,2,Heartbeat,Carrie Underwood,3,14,Gains In Performance
2016-03-12,3,We Went,Randy Houser,5,39,Gains In Performance
2016-03-12,4,Beautiful Drug,Zac Brown Band,7,25,Gains In Performance
2016-03-12,5,Backroad Song,Granger Smith,2,34,
2016-03-12,6,Home Alone Tonight,Luke Bryan Featuring Karen Fairchild,4,18,
2016-03-12,7,Drunk On Your Love,Brett Eldredge,9,17,Gains In Performance
2016-03-12,8,You Should Be Here,Cole Swindell,10,11,Gains In Performance
2016-03-12,9,Die A Happy Man,Thomas Rhett,8,23,
2016-03-12,10,Dibs,Kelsea Ballerini,1,35,
2016-03-12,11,Little Bit Of You,Chase Bryant,12,46,Gains In Performance
2016-03-12,12,Confession,Florida Georgia Line,11,17,Gains In Performance
2016-03-12,13,I Like The Sound Of That,Rascal Flatts,13,24,Gains In Performance
2016-03-12,14,Nobody To Blame,Chris Stapleton,14,17,Gains In Performance
2016-03-12,15,Snapback,Old Dominion,15,15,Gains In Performance
2016-03-12,16,My Church,Maren Morris,16,9,Gains In Performance
2016-03-12,17,Mind Reader,Dustin Lynch,17,22,Gains In Performance
2016-03-12,18,That Don't Sound Like You,Lee Brice,18,38,Gains In Performance
2016-03-12,19,Think Of You,Chris Young Duet With Cassadee Pope,19,9,Gains In Performance
2016-03-12,20,Somewhere On A Beach,Dierks Bentley,20,6,Gains In Performance
2016-03-12,21,Real Men Love Jesus,Michael Ray,21,25,Gains In Performance
2016-03-12,22,Humble And Kind,Tim McGraw,22,6,Gains In Performance
2016-03-12,23,Stone Cold Sober,Brantley Gilbert,23,26,Gains In Performance
2016-03-12,24,Head Over Boots,Jon Pardi,24,22,Gains In Performance
2016-03-12,25,Shut Up And Fish,Maddie & Tae,26,16,Gains In Performance
2016-03-12,26,T-Shirt,Thomas Rhett,28,5,Gains In Performance
2016-03-12,27,Fix,Chris Lane,25,12,
2016-03-12,28,Night's On Fire,David Nail,29,30,Gains In Performance
2016-03-12,29,Better In Boots,Tyler Farr,27,27,Gains In Performance
2016-03-12,30,It All Started With A Beer,Frankie Ballard,30,15,Gains In Performance
2016-03-12,31,You Look Like I Need A Drink,Justin Moore,31,17,Gains In Performance
2016-03-12,32,Hole In A Bottle,Canaan Smith,32,28,Gains In Performance
2016-03-12,33,Running For You,Kip Moore,33,19,Gains In Performance
2016-03-12,34,Record Year,Eric Church,40,4,Gains In Performance
2016-03-12,35,From The Ground Up,Dan + Shay,36,4,Gains In Performance
2016-03-12,36,Crazy Over Me,Dylan Scott,37,17,Gains In Performance
2016-03-12,37,High Class,Eric Paslay,39,20,Gains In Performance
2016-03-12,38,I Met A Girl,William Michael Morgan,41,21,Gains In Performance
2016-03-12,39,Unlove You,Jennifer Nettles,34,7,Gains In Performance
2016-03-12,40,Power Of Positive Drinkin',Chris Janson,38,18,Gains In Performance
2016-03-12,41,Lovin' Lately,Big & Rich Featuring Tim McGraw,35,8,
2016-03-12,42,Livin' The Dream,Drake White,42,12,Gains In Performance
2016-03-12,43,Southern Boy,Jordan Rager With Jason Aldean,43,5,Gains In Performance
2016-03-12,44,Raised On It,Sam Hunt,44,11,Gains In Performance
2016-03-12,45,Mayday,Cam,48,3,Gains In Performance
2016-03-12,46,Next Boyfriend,Lauren Alaina,46,21,Gains In Performance
2016-03-12,47,By The Way,Lindsay Ell,47,15,
2016-03-12,48,The Driver,Charles Kelley Featuring Dierks Bentley & Eric Paslay,45,12,
2016-03-12,49,Girl Next Door,Brandy Clark,54,3,Gains In Performance
2016-03-12,50,Jesus And Jones,Trace Adkins,50,6,Gains In Performance
2016-03-12,51,It Don't Hurt Like It Used To,Billy Currington,49,4,
2016-03-12,52,21 Summer,Brothers Osborne,57,2,Gains In Performance
2016-03-12,53,Used To Love You Sober,Kane Brown,53,3,Gains In Performance
2016-03-12,54,I Know Somebody,LoCash,55,4,Gains In Performance
2016-03-12,55,Beautiful Stranger,Toby Keith,52,13,Gains In Performance
2016-03-12,56,Dance With Ya,Drew Baldridge,56,4,Gains In Performance
2016-03-12,57,Sleep Without You,Brett Young,58,2,Gains In Performance
2016-03-12,58,Make You Miss Me,Sam Hunt,NEW,1,Highest ranking debut|Gains In Performance
2016-03-12,59,Make You Mine,High Valley,NEW,1,Gains In Performance
2016-03-12,60,Daddy's Money,Brooke Eden,NEW,1,Gains In Performance
2016-03-19,1,We Went,Randy Houser,3,40,Gains In Performance
2016-03-19,2,Heartbeat,Carrie Underwood,2,15,Gains In Performance
2016-03-19,3,Beautiful Drug,Zac Brown Band,4,26,Gains In Performance
2016-03-19,4,You Should Be Here,Cole Swindell,8,12,Gains In Performance
2016-03-19,5,Drunk On Your Love,Brett Eldredge,7,18,Gains In Performance
2016-03-19,6,Break On Me.,Keith Urban,1,20,
2016-03-19,7,Confession,Florida Georgia Line,12,18,Gains In Performance
2016-03-19,8,Little Bit Of You,Chase Bryant,11,47,Gains In Performance
2016-03-19,9,I Like The Sound Of That,Rascal Flatts,13,25,Gains In Performance
2016-03-19,10,Die A Happy Man,Thomas Rhett,9,24,
2016-03-19,11,Snapback,Old Dominion,15,16,Gains In Performance
2016-03-19,12,Nobody To Blame,Chris Stapleton,14,18,Gains In Performance
2016-03-19,13,My Church,Maren Morris,16,10,Gains In Performance
2016-03-19,14,Mind Reader,Dustin Lynch,17,23,Gains In Performance
2016-03-19,15,That Don't Sound Like You,Lee Brice,18,39,Gains In Performance
2016-03-19,16,Think Of You,Chris Young Duet With Cassadee Pope,19,10,Gains In Performance
2016-03-19,17,Somewhere On A Beach,Dierks Bentley,20,7,Gains In Performance
2016-03-19,18,Humble And Kind,Tim McGraw,22,7,Gains In Performance
2016-03-19,19,Real Men Love Jesus,Michael Ray,21,26,Gains In Performance
2016-03-19,20,Head Over Boots,Jon Pardi,24,23,Gains In Performance
2016-03-19,21,Stone Cold Sober,Brantley Gilbert,23,27,Gains In Performance
2016-03-19,22,T-Shirt,Thomas Rhett,26,6,Gains In Performance
2016-03-19,23,Fix,Chris Lane,27,13,Gains In Performance
2016-03-19,24,Shut Up And Fish,Maddie & Tae,25,17,Gains In Performance
2016-03-19,25,Night's On Fire,David Nail,28,31,Gains In Performance
2016-03-19,26,Better In Boots,Tyler Farr,29,28,
2016-03-19,27,It All Started With A Beer,Frankie Ballard,30,16,Gains In Performance
2016-03-19,28,Record Year,Eric Church,34,5,Gains In Performance
2016-03-19,29,Hole In A Bottle,Canaan Smith,32,29,Gains In Performance
2016-03-19,30,You Look Like I Need A Drink,Justin Moore,31,18,Gains In Performance
2016-03-19,31,From The Ground Up,Dan + Shay,35,5,Gains In Performance
2016-03-19,32,Running For You,Kip Moore,33,20,Gains In Performance
2016-03-19,33,American Country Love Song,Jake Owen,NEW,1,Highest ranking debut|Gains In Performance
2016-03-19,34,I Met A Girl,William Michael Morgan,38,22,Gains In Performance
2016-03-19,35,High Class,Eric Paslay,37,21,Gains In Performance
2016-03-19,36,Lovin' Lately,Big & Rich Featuring Tim McGraw,41,9,Gains In Performance
2016-03-19,37,Power Of Positive Drinkin',Chris Janson,40,19,Gains In Performance
2016-03-19,38,Crazy Over Me,Dylan Scott,36,18,
2016-03-19,39,Unlove You,Jennifer Nettles,39,8,
2016-03-19,40,Southern Boy,Jordan Rager With Jason Aldean,43,6,Gains In Performance
2016-03-19,41,Livin' The Dream,Drake White,42,13,Gains In Performance
2016-03-19,42,Raised On It,Sam Hunt,44,12,Gains In Performance
2016-03-19,43,Mayday,Cam,45,4,Gains In Performance
2016-03-19,44,The Driver,Charles Kelley Featuring Dierks Bentley & Eric Paslay,48,13,Gains In Performance
2016-03-19,45,21 Summer,Brothers Osborne,52,3,Gains In Performance
2016-03-19,46,Next Boyfriend,Lauren Alaina,46,22,
2016-03-19,47,By The Way,Lindsay Ell,47,16,Gains In Performance
2016-03-19,48,Girl Next Door,Brandy Clark,49,4,Gains In Performance
2016-03-19,49,It Don't Hurt Like It Used To,Billy Currington,51,5,Gains In Performance
2016-03-19,50,Jesus And Jones,Trace Adkins,50,7,Gains In Performance
2016-03-19,51,Used To Love You Sober,Kane Brown,53,4,Gains In Performance
2016-03-19,52,I Know Somebody,LoCash,54,5,Gains In Performance
2016-03-19,53,Reckless,Martina McBride,NEW,1,Gains In Performance
2016-03-19,54,Make You Miss Me,Sam Hunt,58,2,Gains In Performance
2016-03-19,55,Beautiful Stranger,Toby Keith,55,14,
2016-03-19,56,Dance With Ya,Drew Baldridge,56,5,Gains In Performance
2016-03-19,57,Make You Mine,High Valley,59,2,Gains In Performance
2016-03-19,58,Daddy's Money,Brooke Eden,60,2,Gains In Performance
2016-03-19,59,If The Boot Fits,Granger Smith,NEW,1,Gains In Performance
2016-03-19,60,Sleep Without You,Brett Young,57,3,
2016-03-26,1,Heartbeat,Carrie Underwood,2,16,Gains In Performance
2016-03-26,2,Beautiful Drug,Zac Brown Band,3,27,Gains In Performance
2016-03-26,3,You Should Be Here,Cole Swindell,4,13,Gains In Performance
2016-03-26,4,Drunk On Your Love,Brett Eldredge,5,19,Gains In Performance
2016-03-26,5,Confession,Florida Georgia Line,7,19,Gains In Performance
2016-03-26,6,We Went,Randy Houser,1,41,
2016-03-26,7,I Like The Sound Of That,Rascal Flatts,9,26,Gains In Performance
2016-03-26,8,Little Bit Of You,Chase Bryant,8,48,
2016-03-26,9,Snapback,Old Dominion,11,17,Gains In Performance
2016-03-26,10,My Church,Maren Morris,13,11,Gains In Performance
2016-03-26,11,Nobody To Blame,Chris Stapleton,12,19,Gains In Performance
2016-03-26,12,Think Of You,Chris Young Duet With Cassadee Pope,16,11,Gains In Performance
2016-03-26,13,Mind Reader,Dustin Lynch,14,24,Gains In Performance
2016-03-26,14,That Don't Sound Like You,Lee Brice,15,40,Gains In Performance
2016-03-26,15,Somewhere On A Beach,Dierks Bentley,17,8,Gains In Performance
2016-03-26,16,Humble And Kind,Tim McGraw,18,8,Gains In Performance
2016-03-26,17,Real Men Love Jesus,Michael Ray,19,27,Gains In Performance
2016-03-26,18,Came Here To Forget,Blake Shelton,NEW,1,Highest ranking debut|Gains In Performance
2016-03-26,19,T-Shirt,Thomas Rhett,22,7,Gains In Performance
2016-03-26,20,Stone Cold Sober,Brantley Gilbert,21,28,Gains In Performance
2016-03-26,21,Head Over Boots,Jon Pardi,20,24,Gains In Performance
2016-03-26,22,Fix,Chris Lane,23,14,Gains In Performance
2016-03-26,23,Shut Up And Fish,Maddie & Tae,24,18,
2016-03-26,24,It All Started With A Beer,Frankie Ballard,27,17,Gains In Performance
2016-03-26,25,Night's On Fire,David Nail,25,32,
2016-03-26,26,Better In Boots,Tyler Farr,26,29,
2016-03-26,27,Record Year,Eric Church,28,6,Gains In Performance
2016-03-26,28,Hole In A Bottle,Canaan Smith,29,30,Gains In Performance
2016-03-26,29,You Look Like I Need A Drink,Justin Moore,30,19,Gains In Performance
2016-03-26,30,From The Ground Up,Dan + Shay,31,6,Gains In Performance
2016-03-26,31,Running For You,Kip Moore,32,21,Gains In Performance
2016-03-26,32,I Met A Girl,William Michael Morgan,34,23,Gains In Performance
2016-03-26,33,"Huntin', Fishin' And Lovin' Every Day",Luke Bryan,NEW,1,Gains In Performance
2016-03-26,34,Lovin' Lately,Big & Rich Featuring Tim McGraw,36,10,Gains In Performance
2016-03-26,35,High Class,Eric Paslay,35,22,Gains In Performance
2016-03-26,36,American Country Love Song,Jake Owen,33,2,Gains In Performance
2016-03-26,37,Unlove You,Jennifer Nettles,39,9,Gains In Performance
2016-03-26,38,Power Of Positive Drinkin',Chris Janson,37,20,Gains In Performance
2016-03-26,39,Crazy Over Me,Dylan Scott,38,19,
2016-03-26,40,Southern Boy,Jordan Rager With Jason Aldean,40,7,Gains In Performance
2016-03-26,41,Make You Miss Me,Sam Hunt,54,3,Gains In Performance
2016-03-26,42,Livin' The Dream,Drake White,41,14,Gains In Performance
2016-03-26,43,Song Number 7,Randy Houser,NEW,1,Gains In Performance
2016-03-26,44,Mayday,Cam,43,5,Gains In Performance
2016-03-26,45,Raised On It,Sam Hunt,42,13,
2016-03-26,46,Used To Love You Sober,Kane Brown,51,5,Gains In Performance
2016-03-26,47,I Know Somebody,LoCash,52,6,Gains In Performance
2016-03-26,48,Girl Next Door,Brandy Clark,48,5,Gains In Performance
2016-03-26,49,It Don't Hurt Like It Used To,Billy Currington,49,6,Gains In Performance
2016-03-26,50,21 Summer,Brothers Osborne,45,4,
2016-03-26,51,Reckless,Martina McBride,53,2,Gains In Performance
2016-03-26,52,By The Way,Lindsay Ell,47,17,
2016-03-26,53,Jesus And Jones,Trace Adkins,50,8,
2016-03-26,54,The Driver,Charles Kelley Featuring Dierks Bentley & Eric Paslay,44,14,
2016-03-26,55,Rock On,Tucker Beathard,NEW,1,Gains In Performance
2016-03-26,56,Make You Mine,High Valley,57,3,Gains In Performance
2016-03-26,57,Dance With Ya,Drew Baldridge,56,6,
2016-03-26,58,Beautiful Stranger,Toby Keith,55,15,
2016-03-26,59,Daddy's Money,Brooke Eden,58,3,Gains In Performance
2016-03-26,60,If The Boot Fits,Granger Smith,59,2,Gains In Performance
2016-04-02,1,Beautiful Drug,Zac Brown Band,2,28,Gains In Performance
2016-04-02,2,You Should Be Here,Cole Swindell,3,14,Gains In Performance
2016-04-02,3,Drunk On Your Love,Brett Eldredge,4,20,Gains In Performance
2016-04-02,4,I Like The Sound Of That,Rascal Flatts,7,27,Gains In Performance
2016-04-02,5,Confession,Florida Georgia Line,5,20,Gains In Performance
2016-04-02,6,Heartbeat,Carrie Underwood,1,17,
2016-04-02,7,Little Bit Of You,Chase Bryant,8,49,Gains In Performance
2016-04-02,8,Snapback,Old Dominion,9,18,Gains In Performance
2016-04-02,9,Think Of You,Chris Young Duet With Cassadee Pope,12,12,Gains In Performance
2016-04-02,10,Nobody To Blame,Chris Stapleton,11,20,Gains In Performance
2016-04-02,11,My Church,Maren Morris,10,12,Gains In Performance
2016-04-02,12,Mind Reader,Dustin Lynch,13,25,Gains In Performance
2016-04-02,13,Somewhere On A Beach,Dierks Bentley,15,9,Gains In Performance
2016-04-02,14,Humble And Kind,Tim McGraw,16,9,Gains In Performance
2016-04-02,15,That Don't Sound Like You,Lee Brice,14,41,Gains In Performance
2016-04-02,16,Came Here To Forget,Blake Shelton,18,2,Gains In Performance
2016-04-02,17,T-Shirt,Thomas Rhett,19,8,Gains In Performance
2016-04-02,18,Real Men Love Jesus,Michael Ray,17,28,
2016-04-02,19,Head Over Boots,Jon Pardi,21,25,Gains In Performance
2016-04-02,20,Stone Cold Sober,Brantley Gilbert,20,29,Gains In Performance
2016-04-02,21,"Huntin', Fishin' And Lovin' Every Day",Luke Bryan,33,2,Gains In Performance
2016-04-02,22,Fix,Chris Lane,22,15,Gains In Performance
2016-04-02,23,Shut Up And Fish,Maddie & Tae,23,19,
2016-04-02,24,Record Year,Eric Church,27,7,Gains In Performance
2016-04-02,25,It All Started With A Beer,Frankie Ballard,24,18,Gains In Performance
2016-04-02,26,Night's On Fire,David Nail,25,33,Gains In Performance
2016-04-02,27,You Look Like I Need A Drink,Justin Moore,29,20,Gains In Performance
2016-04-02,28,Hole In A Bottle,Canaan Smith,28,31,Gains In Performance
2016-04-02,29,From The Ground Up,Dan + Shay,30,7,Gains In Performance
2016-04-02,30,American Country Love Song,Jake Owen,36,3,Gains In Performance
2016-04-02,31,Running For You,Kip Moore,31,22,
2016-04-02,32,Lovin' Lately,Big & Rich Featuring Tim McGraw,34,11,Gains In Performance
2016-04-02,33,I Met A Girl,William Michael Morgan,32,24,Gains In Performance
2016-04-02,34,High Class,Eric Paslay,35,23,Gains In Performance
2016-04-02,35,Make You Miss Me,Sam Hunt,41,4,Gains In Performance
2016-04-02,36,Unlove You,Jennifer Nettles,37,10,Gains In Performance
2016-04-02,37,Power Of Positive Drinkin',Chris Janson,38,21,
2016-04-02,38,Livin' The Dream,Drake White,42,15,Gains In Performance
2016-04-02,39,Southern Boy,Jordan Rager With Jason Aldean,40,8,
2016-04-02,40,Crazy Over Me,Dylan Scott,39,20,
2016-04-02,41,Used To Love You Sober,Kane Brown,46,6,Gains In Performance
2016-04-02,42,Mayday,Cam,44,6,Gains In Performance
2016-04-02,43,Raised On It,Sam Hunt,45,14,
2016-04-02,44,I Know Somebody,LoCash,47,7,Gains In Performance
2016-04-02,45,21 Summer,Brothers Osborne,50,5,Gains In Performance
2016-04-02,46,Girl Next Door,Brandy Clark,48,6,Gains In Performance
2016-04-02,47,It Don't Hurt Like It Used To,Billy Currington,49,7,Gains In Performance
2016-04-02,48,Jesus And Jones,Trace Adkins,53,9,Gains In Performance
2016-04-02,49,Reckless,Martina McBride,51,3,
2016-04-02,50,Rock On,Tucker Beathard,55,2,Gains In Performance
2016-04-02,51,Make You Mine,High Valley,56,4,Gains In Performance
2016-04-02,52,If The Boot Fits,Granger Smith,60,3,Gains In Performance
2016-04-02,53,Daddy's Money,Brooke Eden,59,4,Gains In Performance
2016-04-02,54,Peter Pan,Kelsea Ballerini,NEW,1,Highest ranking debut|Gains In Performance
2016-04-02,55,Dance With Ya,Drew Baldridge,57,7,
2016-04-02,56,By The Way,Lindsay Ell,52,18,
2016-04-02,57,Song Number 7,Randy Houser,43,2,
2016-04-02,58,Southernality,A Thousand Horses,NEW,1,Gains In Performance
2016-04-02,59,Sleep Without You,Brett Young,RE,4,
2016-04-02,60,Ghost Town,Breaking Southwest,NEW,1,Gains In Performance
2016-04-09,1,You Should Be Here,Cole Swindell,2,15,Gains In Performance
2016-04-09,2,Drunk On Your Love,Brett Eldredge,3,21,Gains In Performance
2016-04-09,3,I Like The Sound Of That,Rascal Flatts,4,28,Gains In Performance
2016-04-09,4,Confession,Florida Georgia Line,5,21,Gains In Performance
2016-04-09,5,Little Bit Of You,Chase Bryant,7,50,Gains In Performance
2016-04-09,6,Beautiful Drug,Zac Brown Band,1,29,
2016-04-09,7,Snapback,Old Dominion,8,19,Gains In Performance
2016-04-09,8,Think Of You,Chris Young Duet With Cassadee Pope,9,13,Gains In Performance
2016-04-09,9,Heartbeat,Carrie Underwood,6,18,
2016-04-09,10,Somewhere On A Beach,Dierks Bentley,13,10,Gains In Performance
2016-04-09,11,Mind Reader,Dustin Lynch,12,26,Gains In Performance
2016-04-09,12,Nobody To Blame,Chris Stapleton,10,21,Gains In Performance
2016-04-09,13,My Church,Maren Morris,11,13,Gains In Performance
2016-04-09,14,Humble And Kind,Tim McGraw,14,10,Gains In Performance
2016-04-09,15,That Don't Sound Like You,Lee Brice,15,42,Gains In Performance
2016-04-09,16,Came Here To Forget,Blake Shelton,16,3,Gains In Performance
2016-04-09,17,T-Shirt,Thomas Rhett,17,9,Gains In Performance
2016-04-09,18,"Huntin', Fishin' And Lovin' Every Day",Luke Bryan,21,3,Gains In Performance
2016-04-09,19,Head Over Boots,Jon Pardi,19,26,Gains In Performance
2016-04-09,20,Stone Cold Sober,Brantley Gilbert,20,30,Gains In Performance
2016-04-09,21,Noise,Kenny Chesney,NEW,1,Highest ranking debut|Gains In Performance
2016-04-09,22,Fix,Chris Lane,22,16,Gains In Performance
2016-04-09,23,Record Year,Eric Church,24,8,Gains In Performance
2016-04-09,24,It All Started With A Beer,Frankie Ballard,25,19,Gains In Performance
2016-04-09,25,Night's On Fire,David Nail,26,34,Gains In Performance
2016-04-09,26,You Look Like I Need A Drink,Justin Moore,27,21,Gains In Performance
2016-04-09,27,American Country Love Song,Jake Owen,30,4,Gains In Performance
2016-04-09,28,Hole In A Bottle,Canaan Smith,28,32,Gains In Performance
2016-04-09,29,From The Ground Up,Dan + Shay,29,8,Gains In Performance
2016-04-09,30,Running For You,Kip Moore,31,23,Gains In Performance
2016-04-09,31,I Met A Girl,William Michael Morgan,33,25,Gains In Performance
2016-04-09,32,Make You Miss Me,Sam Hunt,35,5,Gains In Performance
2016-04-09,33,Lovin' Lately,Big & Rich Featuring Tim McGraw,32,12,
2016-04-09,34,High Class,Eric Paslay,34,24,Gains In Performance
2016-04-09,35,Power Of Positive Drinkin',Chris Janson,37,22,Gains In Performance
2016-04-09,36,Livin' The Dream,Drake White,38,16,Gains In Performance
2016-04-09,37,Unlove You,Jennifer Nettles,36,11,
2016-04-09,38,Southern Boy,Jordan Rager With Jason Aldean,39,9,Gains In Performance
2016-04-09,39,Mayday,Cam,42,7,Gains In Performance
2016-04-09,40,Used To Love You Sober,Kane Brown,41,7,
2016-04-09,41,Raised On It,Sam Hunt,43,15,Gains In Performance
2016-04-09,42,Girl Next Door,Brandy Clark,46,7,Gains In Performance
2016-04-09,43,Next Boyfriend,Lauren Alaina,RE,23,Gains In Performance
2016-04-09,44,It Don't Hurt Like It Used To,Billy Currington,47,8,Gains In Performance
2016-04-09,45,21 Summer,Brothers Osborne,45,6,
2016-04-09,46,I Know Somebody,LoCash,44,8,
2016-04-09,47,Jesus And Jones,Trace Adkins,48,10,Gains In Performance
2016-04-09,48,Reckless,Martina McBride,49,4,
2016-04-09,49,Make You Mine,High Valley,51,5,Gains In Performance
2016-04-09,50,If The Boot Fits,Granger Smith,52,4,Gains In Performance
2016-04-09,51,Peter Pan,Kelsea Ballerini,54,2,Gains In Performance
2016-04-09,52,Rock On,Tucker Beathard,50,3,Gains In Performance
2016-04-09,53,Dance With Ya,Drew Baldridge,55,8,Gains In Performance
2016-04-09,54,Daddy's Money,Brooke Eden,53,5,Gains In Performance
2016-04-09,55,Sleep Without You,Brett Young,59,5,Gains In Performance
2016-04-09,56,Song Number 7,Randy Houser,57,3,Gains In Performance
2016-04-09,57,Southernality,A Thousand Horses,58,2,Gains In Performance
2016-04-09,58,Whisper,Chase Rice,NEW,1,Gains In Performance
2016-04-09,59,Tuxedo,Clare Dunn,RE,2,Gains In Performance
2016-04-09,60,Fishin' With My Dad,Bobby Bones And The Raging Idiots,NEW,1,
2016-04-16,1,You Should Be Here,Cole Swindell,1,16,Gains In Performance
2016-04-16,2,I Like The Sound Of That,Rascal Flatts,3,29,Gains In Performance
2016-04-16,3,Confession,Florida Georgia Line,4,22,Gains In Performance
2016-04-16,4,Drunk On Your Love,Brett Eldredge,2,22,
2016-04-16,5,Little Bit Of You,Chase Bryant,5,51,Gains In Performance
2016-04-16,6,Snapback,Old Dominion,7,20,Gains In Performance
2016-04-16,7,Think Of You,Chris Young Duet With Cassadee Pope,8,14,Gains In Performance
2016-04-16,8,Somewhere On A Beach,Dierks Bentley,10,11,Gains In Performance
2016-04-16,9,Mind Reader,Dustin Lynch,11,27,Gains In Performance
2016-04-16,10,Humble And Kind,Tim McGraw,14,11,Gains In Performance
2016-04-16,11,That Don't Sound Like You,Lee Brice,15,43,Gains In Performance
2016-04-16,12,Came Here To Forget,Blake Shelton,16,4,Gains In Performance
2016-04-16,13,My Church,Maren Morris,13,14,
2016-04-16,14,Nobody To Blame,Chris Stapleton,12,22,
2016-04-16,15,T-Shirt,Thomas Rhett,17,10,Gains In Performance
2016-04-16,16,"Huntin', Fishin' And Lovin' Every Day",Luke Bryan,18,4,Gains In Performance
2016-04-16,17,Head Over Boots,Jon Pardi,19,27,Gains In Performance
2016-04-16,18,Noise,Kenny Chesney,21,2,Gains In Performance
2016-04-16,19,Stone Cold Sober,Brantley Gilbert,20,31,Gains In Performance
2016-04-16,20,Wasted Time,Keith Urban,NEW,1,Highest ranking debut|Gains In Performance
2016-04-16,21,Fix,Chris Lane,22,17,
2016-04-16,22,Record Year,Eric Church,23,9,Gains In Performance
2016-04-16,23,It All Started With A Beer,Frankie Ballard,24,20,Gains In Performance
2016-04-16,24,American Country Love Song,Jake Owen,27,5,Gains In Performance
2016-04-16,25,You Look Like I Need A Drink,Justin Moore,26,22,Gains In Performance
2016-04-16,26,Night's On Fire,David Nail,25,35,Gains In Performance
2016-04-16,27,From The Ground Up,Dan + Shay,29,9,Gains In Performance
2016-04-16,28,Hole In A Bottle,Canaan Smith,28,33,Gains In Performance
2016-04-16,29,Lights Come On,Jason Aldean,NEW,1,Gains In Performance
2016-04-16,30,Running For You,Kip Moore,30,24,Gains In Performance
2016-04-16,31,I Met A Girl,William Michael Morgan,31,26,Gains In Performance
2016-04-16,32,High Class,Eric Paslay,34,25,Gains In Performance
2016-04-16,33,Make You Miss Me,Sam Hunt,32,6,Gains In Performance
2016-04-16,34,Lovin' Lately,Big & Rich Featuring Tim McGraw,33,13,Gains In Performance
2016-04-16,35,Unlove You,Jennifer Nettles,37,12,Gains In Performance
2016-04-16,36,Livin' The Dream,Drake White,36,17,Gains In Performance
2016-04-16,37,Used To Love You Sober,Kane Brown,40,8,Gains In Performance
2016-04-16,38,Mayday,Cam,39,8,Gains In Performance
2016-04-16,39,Southern Boy,Jordan Rager With Jason Aldean,38,10,
2016-04-16,40,It Don't Hurt Like It Used To,Billy Currington,44,9,Gains In Performance
2016-04-16,41,Peter Pan,Kelsea Ballerini,51,3,Gains In Performance
2016-04-16,42,Girl Next Door,Brandy Clark,42,8,Gains In Performance
2016-04-16,43,21 Summer,Brothers Osborne,45,7,Gains In Performance
2016-04-16,44,Raised On It,Sam Hunt,41,16,
2016-04-16,45,I Know Somebody,LoCash,46,9,
2016-04-16,46,Rock On,Tucker Beathard,52,4,Gains In Performance
2016-04-16,47,Jesus And Jones,Trace Adkins,47,11,
2016-04-16,48,Make You Mine,High Valley,49,6,Gains In Performance
2016-04-16,49,If The Boot Fits,Granger Smith,50,5,Gains In Performance
2016-04-16,50,Church Bells,Carrie Underwood,NEW,1,Gains In Performance
2016-04-16,51,Song Number 7,Randy Houser,56,4,Gains In Performance
2016-04-16,52,Dance With Ya,Drew Baldridge,53,9,Gains In Performance
2016-04-16,53,Sleep Without You,Brett Young,55,6,Gains In Performance
2016-04-16,54,Daddy's Money,Brooke Eden,54,6,Gains In Performance
2016-04-16,55,Castaway,Zac Brown Band,NEW,1,Gains In Performance
2016-04-16,56,Tuxedo,Clare Dunn,59,3,Gains In Performance
2016-04-16,57,Whisper,Chase Rice,58,2,Gains In Performance
2016-04-16,58,Southernality,A Thousand Horses,57,3,
2016-04-16,59,Ghost Town,Breaking Southwest,RE,2,Gains In Performance
2016-04-16,60,Wasn't That Drunk,Josh Abbott Band With Carly Pearce,NEW,1,Gains In Performance
2016-04-23,1,You Should Be Here,Cole Swindell,1,17,
2016-04-23,2,I Like The Sound Of That,Rascal Flatts,2,30,Gains In Performance
2016-04-23,3,Confession,Florida Georgia Line,3,23,Gains In Performance
2016-04-23,4,Little Bit Of You,Chase Bryant,5,52,Gains In Performance
2016-04-23,5,Snapback,Old Dominion,6,21,Gains In Performance
2016-04-23,6,Think Of You,Chris Young Duet With Cassadee Pope,7,15,Gains In Performance
2016-04-23,7,Somewhere On A Beach,Dierks Bentley,8,12,Gains In Performance
2016-04-23,8,Drunk On Your Love,Brett Eldredge,4,23,
2016-04-23,9,Mind Reader,Dustin Lynch,9,28,Gains In Performance
2016-04-23,10,That Don't Sound Like You,Lee Brice,11,44,Gains In Performance
2016-04-23,11,Humble And Kind,Tim McGraw,10,12,Gains In Performance
2016-04-23,12,Came Here To Forget,Blake Shelton,12,5,Gains In Performance
2016-04-23,13,My Church,Maren Morris,13,15,Gains In Performance
2016-04-23,14,"Huntin', Fishin' And Lovin' Every Day",Luke Bryan,16,5,Gains In Performance
2016-04-23,15,T-Shirt,Thomas Rhett,15,11,Gains In Performance
2016-04-23,16,Noise,Kenny Chesney,18,3,Gains In Performance
2016-04-23,17,Head Over Boots,Jon Pardi,17,28,Gains In Performance
2016-04-23,18,Stone Cold Sober,Brantley Gilbert,19,32,Gains In Performance
2016-04-23,19,Fix,Chris Lane,21,18,Gains In Performance
2016-04-23,20,Record Year,Eric Church,22,10,Gains In Performance
2016-04-23,21,Wasted Time,Keith Urban,20,2,Gains In Performance
2016-04-23,22,It All Started With A Beer,Frankie Ballard,23,21,Gains In Performance
2016-04-23,23,American Country Love Song,Jake Owen,24,6,Gains In Performance
2016-04-23,24,Night's On Fire,David Nail,26,36,Gains In Performance
2016-04-23,25,Hole In A Bottle,Canaan Smith,28,34,Gains In Performance
2016-04-23,26,You Look Like I Need A Drink,Justin Moore,25,23,Gains In Performance
2016-04-23,27,From The Ground Up,Dan + Shay,27,10,Gains In Performance
2016-04-23,28,Lights Come On,Jason Aldean,29,2,
2016-04-23,29,Running For You,Kip Moore,30,25,Gains In Performance
2016-04-23,30,Rock On,Tucker Beathard,46,5,Greatest gainer this week|Gains In Performance
2016-04-23,31,Make You Miss Me,Sam Hunt,33,7,Gains In Performance
2016-04-23,32,I Met A Girl,William Michael Morgan,31,27,Gains In Performance
2016-04-23,33,High Class,Eric Paslay,32,26,Gains In Performance
2016-04-23,34,Lovin' Lately,Big & Rich Featuring Tim McGraw,34,14,Gains In Performance
2016-04-23,35,Church Bells,Carrie Underwood,50,2,Gains In Performance
2016-04-23,36,Unlove You,Jennifer Nettles,35,13,
2016-04-23,37,Livin' The Dream,Drake White,36,18,Gains In Performance
2016-04-23,38,Peter Pan,Kelsea Ballerini,41,4,Gains In Performance
2016-04-23,39,Used To Love You Sober,Kane Brown,37,9,Gains In Performance
2016-04-23,40,Mayday,Cam,38,9,Gains In Performance
2016-04-23,41,Southern Boy,Jordan Rager With Jason Aldean,39,11,Gains In Performance
2016-04-23,42,It Don't Hurt Like It Used To,Billy Currington,40,10,Gains In Performance
2016-04-23,43,Girl Next Door,Brandy Clark,42,9,Gains In Performance
2016-04-23,44,21 Summer,Brothers Osborne,43,8,Gains In Performance
2016-04-23,45,Raised On It,Sam Hunt,44,17,Gains In Performance
2016-04-23,46,Jesus And Jones,Trace Adkins,47,12,
2016-04-23,47,If The Boot Fits,Granger Smith,49,6,Gains In Performance
2016-04-23,48,Make You Mine,High Valley,48,7,Gains In Performance
2016-04-23,49,Song Number 7,Randy Houser,51,5,Gains In Performance
2016-04-23,50,Dance With Ya,Drew Baldridge,52,10,Gains In Performance
2016-04-23,51,Sleep Without You,Brett Young,53,7,Gains In Performance
2016-04-23,52,Daddy's Money,Brooke Eden,54,7,Gains In Performance
2016-04-23,53,Castaway,Zac Brown Band,55,2,Gains In Performance
2016-04-23,54,Tuxedo,Clare Dunn,56,4,Gains In Performance
2016-04-23,55,Ghost Town,Breaking Southwest,59,3,Gains In Performance
2016-04-23,56,Whisper,Chase Rice,57,3,
2016-04-23,57,Southernality,A Thousand Horses,58,4,Gains In Performance
2016-04-23,58,Said No One Ever,Jana Kramer,NEW,1,Highest ranking debut|Gains In Performance
2016-04-23,59,Beer Can In A Truck Bed,Old Dominion,NEW,1,Gains In Performance
2016-04-23,60,Wasn't That Drunk,Josh Abbott Band With Carly Pearce,60,2,
2016-04-30,1,I Like The Sound Of That,Rascal Flatts,2,31,Gains In Performance
2016-04-30,2,Confession,Florida Georgia Line,3,24,Gains In Performance
2016-04-30,3,Somewhere On A Beach,Dierks Bentley,7,13,Greatest gainer this week|Gains In Performance
2016-04-30,4,You Should Be Here,Cole Swindell,1,18,
2016-04-30,5,Think Of You,Chris Young Duet With Cassadee Pope,6,16,Gains In Performance
2016-04-30,6,Snapback,Old Dominion,5,22,Gains In Performance
2016-04-30,7,Little Bit Of You,Chase Bryant,4,53,
2016-04-30,8,Mind Reader,Dustin Lynch,9,29,Gains In Performance
2016-04-30,9,Humble And Kind,Tim McGraw,11,13,Gains In Performance
2016-04-30,10,Came Here To Forget,Blake Shelton,12,6,Gains In Performance
2016-04-30,11,That Don't Sound Like You,Lee Brice,10,45,Gains In Performance
2016-04-30,12,"Huntin', Fishin' And Lovin' Every Day",Luke Bryan,14,6,Gains In Performance
2016-04-30,13,My Church,Maren Morris,13,16,Gains In Performance
2016-04-30,14,T-Shirt,Thomas Rhett,15,12,Gains In Performance
2016-04-30,15,Noise,Kenny Chesney,16,4,Gains In Performance
2016-04-30,16,Head Over Boots,Jon Pardi,17,29,Gains In Performance
2016-04-30,17,Wasted Time,Keith Urban,21,3,Gains In Performance
2016-04-30,18,Stone Cold Sober,Brantley Gilbert,18,33,Gains In Performance
2016-04-30,19,Record Year,Eric Church,20,11,Gains In Performance
2016-04-30,20,Fix,Chris Lane,19,19,Gains In Performance
2016-04-30,21,Lights Come On,Jason Aldean,28,3,Gains In Performance
2016-04-30,22,It All Started With A Beer,Frankie Ballard,22,22,Gains In Performance
2016-04-30,23,American Country Love Song,Jake Owen,23,7,Gains In Performance
2016-04-30,24,Night's On Fire,David Nail,24,37,Gains In Performance
2016-04-30,25,You Look Like I Need A Drink,Justin Moore,26,24,Gains In Performance
2016-04-30,26,Hole In A Bottle,Canaan Smith,25,35,Gains In Performance
2016-04-30,27,From The Ground Up,Dan + Shay,27,11,Gains In Performance
2016-04-30,28,Running For You,Kip Moore,29,26,Gains In Performance
2016-04-30,29,Rock On,Tucker Beathard,30,6,Gains In Performance
2016-04-30,30,Church Bells,Carrie Underwood,35,3,Gains In Performance
2016-04-30,31,Make You Miss Me,Sam Hunt,31,8,Gains In Performance
2016-04-30,32,I Met A Girl,William Michael Morgan,32,28,Gains In Performance
2016-04-30,33,High Class,Eric Paslay,33,27,
2016-04-30,34,Lovin' Lately,Big & Rich Featuring Tim McGraw,34,15,Gains In Performance
2016-04-30,35,Unlove You,Jennifer Nettles,36,14,Gains In Performance
2016-04-30,36,Livin' The Dream,Drake White,37,19,Gains In Performance
2016-04-30,37,Peter Pan,Kelsea Ballerini,38,5,Gains In Performance
2016-04-30,38,Used To Love You Sober,Kane Brown,39,10,Gains In Performance
2016-04-30,39,Mayday,Cam,40,10,
2016-04-30,40,It Don't Hurt Like It Used To,Billy Currington,42,11,Gains In Performance
2016-04-30,41,Southern Boy,Jordan Rager With Jason Aldean,41,12,
2016-04-30,42,Girl Next Door,Brandy Clark,43,10,Gains In Performance
2016-04-30,43,Jesus And Jones,Trace Adkins,46,13,Gains In Performance
2016-04-30,44,I Know Somebody,LoCash,RE,10,Gains In Performance
2016-04-30,45,Raised On It,Sam Hunt,45,18,
2016-04-30,46,21 Summer,Brothers Osborne,44,9,
2016-04-30,47,If The Boot Fits,Granger Smith,47,7,Gains In Performance
2016-04-30,48,Make You Mine,High Valley,48,8,Gains In Performance
2016-04-30,49,Castaway,Zac Brown Band,53,3,Gains In Performance
2016-04-30,50,Reckless,Martina McBride,RE,5,Gains In Performance
2016-04-30,51,Sleep Without You,Brett Young,51,8,Gains In Performance
2016-04-30,52,Dance With Ya,Drew Baldridge,50,11,Gains In Performance
2016-04-30,53,Song Number 7,Randy Houser,49,6,Gains In Performance
2016-04-30,54,Daddy's Money,Brooke Eden,52,8,
2016-04-30,55,Tuxedo,Clare Dunn,54,5,Gains In Performance
2016-04-30,56,Outskirts Of Heaven,Craig Campbell,NEW,1,Highest ranking debut|Gains In Performance
2016-04-30,57,Ghost Town,Breaking Southwest,55,4,Gains In Performance
2016-04-30,58,Beer Can In A Truck Bed,Old Dominion,59,2,Gains In Performance
2016-04-30,59,Lonely Girl,Charles Kelley,NEW,1,Gains In Performance
2016-04-30,60,Southernality,A Thousand Horses,57,5,
2016-05-07,1,Confession,Florida Georgia Line,2,25,Gains In Performance
2016-05-07,2,Somewhere On A Beach,Dierks Bentley,3,14,Gains In Performance
2016-05-07,3,Think Of You,Chris Young Duet With Cassadee Pope,5,17,Greatest gainer this week|Gains In Performance
2016-05-07,4,Snapback,Old Dominion,6,23,Gains In Performance
2016-05-07,5,I Like The Sound Of That,Rascal Flatts,1,32,
2016-05-07,6,Mind Reader,Dustin Lynch,8,30,Gains In Performance
2016-05-07,7,Humble And Kind,Tim McGraw,9,14,Gains In Performance
2016-05-07,8,Came Here To Forget,Blake Shelton,10,7,Gains In Performance
2016-05-07,9,"Huntin', Fishin' And Lovin' Every Day",Luke Bryan,12,7,Gains In Performance
2016-05-07,10,T-Shirt,Thomas Rhett,14,13,Gains In Performance
2016-05-07,11,That Don't Sound Like You,Lee Brice,11,46,Gains In Performance
2016-05-07,12,My Church,Maren Morris,13,17,Gains In Performance
2016-05-07,13,Noise,Kenny Chesney,15,5,Gains In Performance
2016-05-07,14,Head Over Boots,Jon Pardi,16,30,Gains In Performance
2016-05-07,15,Wasted Time,Keith Urban,17,4,Gains In Performance
2016-05-07,16,Record Year,Eric Church,19,12,Gains In Performance
2016-05-07,17,Lights Come On,Jason Aldean,21,4,Gains In Performance
2016-05-07,18,Fix,Chris Lane,20,20,Gains In Performance
2016-05-07,19,American Country Love Song,Jake Owen,23,8,Gains In Performance
2016-05-07,20,It All Started With A Beer,Frankie Ballard,22,23,Gains In Performance
2016-05-07,21,Night's On Fire,David Nail,24,38,Gains In Performance
2016-05-07,22,You Look Like I Need A Drink,Justin Moore,25,25,Gains In Performance
2016-05-07,23,Church Bells,Carrie Underwood,30,4,Gains In Performance
2016-05-07,24,Hole In A Bottle,Canaan Smith,26,36,Gains In Performance
2016-05-07,25,From The Ground Up,Dan + Shay,27,12,Gains In Performance
2016-05-07,26,Running For You,Kip Moore,28,27,Gains In Performance
2016-05-07,27,Rock On,Tucker Beathard,29,7,Gains In Performance
2016-05-07,28,Make You Miss Me,Sam Hunt,31,9,Gains In Performance
2016-05-07,29,I Met A Girl,William Michael Morgan,32,29,Gains In Performance
2016-05-07,30,Lovin' Lately,Big & Rich Featuring Tim McGraw,34,16,Gains In Performance
2016-05-07,31,Peter Pan,Kelsea Ballerini,37,6,Gains In Performance
2016-05-07,32,Livin' The Dream,Drake White,36,20,Gains In Performance
2016-05-07,33,Unlove You,Jennifer Nettles,35,15,Gains In Performance
2016-05-07,34,It Don't Hurt Like It Used To,Billy Currington,40,12,Gains In Performance
2016-05-07,35,Used To Love You Sober,Kane Brown,38,11,Gains In Performance
2016-05-07,36,Mayday,Cam,39,11,Gains In Performance
2016-05-07,37,Southern Boy,Jordan Rager With Jason Aldean,41,13,Gains In Performance
2016-05-07,38,Castaway,Zac Brown Band,49,4,Gains In Performance
2016-05-07,39,Girl Next Door,Brandy Clark,42,11,Gains In Performance
2016-05-07,40,Make You Mine,High Valley,48,9,Gains In Performance
2016-05-07,41,I Know Somebody,LoCash,44,11,Gains In Performance
2016-05-07,42,21 Summer,Brothers Osborne,46,10,Gains In Performance
2016-05-07,43,Jesus And Jones,Trace Adkins,43,14,Gains In Performance
2016-05-07,44,Raised On It,Sam Hunt,45,19,Gains In Performance
2016-05-07,45,Sleep Without You,Brett Young,51,9,Gains In Performance
2016-05-07,46,If The Boot Fits,Granger Smith,47,8,
2016-05-07,47,Song Number 7,Randy Houser,53,7,Gains In Performance
2016-05-07,48,Dance With Ya,Drew Baldridge,52,12,Gains In Performance
2016-05-07,49,Reckless,Martina McBride,50,6,
2016-05-07,50,Daddy's Money,Brooke Eden,54,9,Gains In Performance
2016-05-07,51,Tuxedo,Clare Dunn,55,6,Gains In Performance
2016-05-07,52,Ghost Town,Breaking Southwest,57,5,Gains In Performance
2016-05-07,53,Think A Little Less,Michael Ray,NEW,1,Highest ranking debut|Gains In Performance
2016-05-07,54,Outskirts Of Heaven,Craig Campbell,56,2,Gains In Performance
2016-05-07,55,Beer Can In A Truck Bed,Old Dominion,58,3,Gains In Performance
2016-05-07,56,Lonely Girl,Charles Kelley,59,2,Gains In Performance
2016-05-07,57,Said No One Ever,Jana Kramer,RE,2,Gains In Performance
2016-05-07,58,Southernality,A Thousand Horses,60,6,Gains In Performance
2016-05-07,59,Wasn't That Drunk,Josh Abbott Band With Carly Pearce,RE,3,Gains In Performance
2016-05-07,60,Someone To Take Your Place,Tara Thompson,NEW,1,Gains In Performance
2016-05-14,1,Think Of You,Chris Young Duet With Cassadee Pope,3,18,Gains In Performance
2016-05-14,2,Somewhere On A Beach,Dierks Bentley,2,15,Gains In Performance
2016-05-14,3,Snapback,Old Dominion,4,24,Gains In Performance
2016-05-14,4,Mind Reader,Dustin Lynch,6,31,Gains In Performance
2016-05-14,5,Came Here To Forget,Blake Shelton,8,8,Gains In Performance
2016-05-14,6,Humble And Kind,Tim McGraw,7,15,Gains In Performance
2016-05-14,7,Confession,Florida Georgia Line,1,26,
2016-05-14,8,"Huntin', Fishin' And Lovin' Every Day",Luke Bryan,9,8,Gains In Performance
2016-05-14,9,I Like The Sound Of That,Rascal Flatts,5,33,
2016-05-14,10,T-Shirt,Thomas Rhett,10,14,Gains In Performance
2016-05-14,11,My Church,Maren Morris,12,18,Gains In Performance
2016-05-14,12,Noise,Kenny Chesney,13,6,Gains In Performance
2016-05-14,13,Wasted Time,Keith Urban,15,5,Gains In Performance
2016-05-14,14,Head Over Boots,Jon Pardi,14,31,Gains In Performance
2016-05-14,15,Lights Come On,Jason Aldean,17,5,Gains In Performance
2016-05-14,16,Record Year,Eric Church,16,13,Gains In Performance
2016-05-14,17,Fix,Chris Lane,18,21,Gains In Performance
2016-05-14,18,Church Bells,Carrie Underwood,23,5,Gains In Performance
2016-05-14,19,American Country Love Song,Jake Owen,19,9,Gains In Performance
2016-05-14,20,It All Started With A Beer,Frankie Ballard,20,24,Gains In Performance
2016-05-14,21,Night's On Fire,David Nail,21,39,Gains In Performance
2016-05-14,22,From The Ground Up,Dan + Shay,25,13,Gains In Performance
2016-05-14,23,You Look Like I Need A Drink,Justin Moore,22,26,Gains In Performance
2016-05-14,24,Hole In A Bottle,Canaan Smith,24,37,Gains In Performance
2016-05-14,25,Running For You,Kip Moore,26,28,Gains In Performance
2016-05-14,26,H.O.L.Y.,Florida Georgia Line,NEW,1,Highest ranking debut|Gains In Performance
2016-05-14,27,Rock On,Tucker Beathard,27,8,Gains In Performance
2016-05-14,28,Make You Miss Me,Sam Hunt,28,10,Gains In Performance
2016-05-14,29,I Met A Girl,William Michael Morgan,29,30,Gains In Performance
2016-05-14,30,Lovin' Lately,Big & Rich Featuring Tim McGraw,30,17,Gains In Performance
2016-05-14,31,Peter Pan,Kelsea Ballerini,31,7,Gains In Performance
2016-05-14,32,Unlove You,Jennifer Nettles,33,16,Gains In Performance
2016-05-14,33,Livin' The Dream,Drake White,32,21,Gains In Performance
2016-05-14,34,Castaway,Zac Brown Band,38,5,Gains In Performance
2016-05-14,35,It Don't Hurt Like It Used To,Billy Currington,34,13,Gains In Performance
2016-05-14,36,Used To Love You Sober,Kane Brown,35,12,Gains In Performance
2016-05-14,37,Mayday,Cam,36,12,Gains In Performance
2016-05-14,38,Sleep Without You,Brett Young,45,10,Gains In Performance
2016-05-14,39,I Know Somebody,LoCash,41,12,Gains In Performance
2016-05-14,40,Southern Boy,Jordan Rager With Jason Aldean,37,14,
2016-05-14,41,Jesus And Jones,Trace Adkins,43,15,Gains In Performance
2016-05-14,42,Girl Next Door,Brandy Clark,39,12,Gains In Performance
2016-05-14,43,Raised On It,Sam Hunt,44,20,Gains In Performance
2016-05-14,44,Make You Mine,High Valley,40,10,
2016-05-14,45,21 Summer,Brothers Osborne,42,11,Gains In Performance
2016-05-14,46,If The Boot Fits,Granger Smith,46,9,Gains In Performance
2016-05-14,47,Reckless,Martina McBride,49,7,Gains In Performance
2016-05-14,48,Song Number 7,Randy Houser,47,8,
2016-05-14,49,Think A Little Less,Michael Ray,53,2,Gains In Performance
2016-05-14,50,Dance With Ya,Drew Baldridge,48,13,Gains In Performance
2016-05-14,51,Outskirts Of Heaven,Craig Campbell,54,3,Gains In Performance
2016-05-14,52,Lonely Girl,Charles Kelley,56,3,Gains In Performance
2016-05-14,53,Daddy's Money,Brooke Eden,50,10,Gains In Performance
2016-05-14,54,Tuxedo,Clare Dunn,51,7,Gains In Performance
2016-05-14,55,Ghost Town,Breaking Southwest,52,6,Gains In Performance
2016-05-14,56,Wasn't That Drunk,Josh Abbott Band With Carly Pearce,59,4,Gains In Performance
2016-05-14,57,Parachute,Chris Stapleton,NEW,1,Gains In Performance
2016-05-14,58,Said No One Ever,Jana Kramer,57,3,Gains In Performance
2016-05-14,59,Are You With Me,Easton Corbin,NEW,1,Gains In Performance
2016-05-14,60,Beer Can In A Truck Bed,Old Dominion,55,4,
2016-05-21,1,Somewhere On A Beach,Dierks Bentley,2,16,Gains In Performance
2016-05-21,2,Think Of You,Chris Young Duet With Cassadee Pope,1,19,
2016-05-21,3,Snapback,Old Dominion,3,25,Gains In Performance
2016-05-21,4,Mind Reader,Dustin Lynch,4,32,Gains In Performance
2016-05-21,5,Came Here To Forget,Blake Shelton,5,9,Gains In Performance
2016-05-21,6,Humble And Kind,Tim McGraw,6,16,Gains In Performance
2016-05-21,7,T-Shirt,Thomas Rhett,10,15,Gains In Performance
2016-05-21,8,"Huntin', Fishin' And Lovin' Every Day",Luke Bryan,8,9,Gains In Performance
2016-05-21,9,My Church,Maren Morris,11,19,Gains In Performance
2016-05-21,10,Noise,Kenny Chesney,12,7,Gains In Performance
2016-05-21,11,Wasted Time,Keith Urban,13,6,Gains In Performance
2016-05-21,12,Head Over Boots,Jon Pardi,14,32,Gains In Performance
2016-05-21,13,Lights Come On,Jason Aldean,15,6,Gains In Performance
2016-05-21,14,Record Year,Eric Church,16,14,Gains In Performance
2016-05-21,15,Church Bells,Carrie Underwood,18,6,Gains In Performance
2016-05-21,16,Fix,Chris Lane,17,22,Gains In Performance
2016-05-21,17,American Country Love Song,Jake Owen,19,10,Gains In Performance
2016-05-21,18,It All Started With A Beer,Frankie Ballard,20,25,Gains In Performance
2016-05-21,19,Night's On Fire,David Nail,21,40,Gains In Performance
2016-05-21,20,You Look Like I Need A Drink,Justin Moore,23,27,Gains In Performance
2016-05-21,21,From The Ground Up,Dan + Shay,22,14,Gains In Performance
2016-05-21,22,Running For You,Kip Moore,25,29,Gains In Performance
2016-05-21,23,Hole In A Bottle,Canaan Smith,24,38,Gains In Performance
2016-05-21,24,Make You Miss Me,Sam Hunt,28,11,Gains In Performance
2016-05-21,25,H.O.L.Y.,Florida Georgia Line,26,2,Gains In Performance
2016-05-21,26,Rock On,Tucker Beathard,27,9,Gains In Performance
2016-05-21,27,Lovin' Lately,Big & Rich Featuring Tim McGraw,30,18,Gains In Performance
2016-05-21,28,I Met A Girl,William Michael Morgan,29,31,Gains In Performance
2016-05-21,29,Peter Pan,Kelsea Ballerini,31,8,Gains In Performance
2016-05-21,30,Castaway,Zac Brown Band,34,6,Gains In Performance
2016-05-21,31,Unlove You,Jennifer Nettles,32,17,Gains In Performance
2016-05-21,32,Livin' The Dream,Drake White,33,22,Gains In Performance
2016-05-21,33,It Don't Hurt Like It Used To,Billy Currington,35,14,Gains In Performance
2016-05-21,34,Middle Of A Memory,Cole Swindell,NEW,1,Highest ranking debut|Gains In Performance
2016-05-21,35,I Know Somebody,LoCash,39,13,Gains In Performance
2016-05-21,36,Sleep Without You,Brett Young,38,11,Gains In Performance
2016-05-21,37,Mayday,Cam,37,13,Gains In Performance
2016-05-21,38,Used To Love You Sober,Kane Brown,36,13,Gains In Performance
2016-05-21,39,A Little More Love,Jerrod Niemann & Lee Brice,NEW,1,Gains In Performance
2016-05-21,40,Girl Next Door,Brandy Clark,42,13,Gains In Performance
2016-05-21,41,Southern Boy,Jordan Rager With Jason Aldean,40,15,Gains In Performance
2016-05-21,42,Raised On It,Sam Hunt,43,21,Gains In Performance
2016-05-21,43,Jesus And Jones,Trace Adkins,41,16,Gains In Performance
2016-05-21,44,Make You Mine,High Valley,44,11,Gains In Performance
2016-05-21,45,21 Summer,Brothers Osborne,45,12,
2016-05-21,46,If The Boot Fits,Granger Smith,46,10,Gains In Performance
2016-05-21,47,Reckless,Martina McBride,47,8,Gains In Performance
2016-05-21,48,Song Number 7,Randy Houser,48,9,Gains In Performance
2016-05-21,49,Think A Little Less,Michael Ray,49,3,Gains In Performance
2016-05-21,50,Parachute,Chris Stapleton,57,2,Gains In Performance
2016-05-21,51,Dance With Ya,Drew Baldridge,50,14,
2016-05-21,52,Outskirts Of Heaven,Craig Campbell,51,4,Gains In Performance
2016-05-21,53,Wasn't That Drunk,Josh Abbott Band With Carly Pearce,56,5,Gains In Performance
2016-05-21,54,Lonely Girl,Charles Kelley,52,4,Gains In Performance
2016-05-21,55,Ghost Town,Breaking Southwest,55,7,Gains In Performance
2016-05-21,56,Are You With Me,Easton Corbin,59,2,Gains In Performance
2016-05-21,57,Tuxedo,Clare Dunn,54,8,
2016-05-21,58,Holdin' Her,Chris Janson,NEW,1,Gains In Performance
2016-05-21,59,Roots,Parmalee,NEW,1,Gains In Performance
2016-05-21,60,Daddy's Money,Brooke Eden,53,11,
2016-05-28,1,Somewhere On A Beach,Dierks Bentley,1,17,
2016-05-28,2,Mind Reader,Dustin Lynch,4,33,Gains In Performance
2016-05-28,3,Snapback,Old Dominion,3,26,Gains In Performance
2016-05-28,4,Think Of You,Chris Young Duet With Cassadee Pope,2,20,
2016-05-28,5,Came Here To Forget,Blake Shelton,5,10,Gains In Performance
2016-05-28,6,T-Shirt,Thomas Rhett,7,16,Gains In Performance
2016-05-28,7,Humble And Kind,Tim McGraw,6,17,Gains In Performance
2016-05-28,8,"Huntin', Fishin' And Lovin' Every Day",Luke Bryan,8,10,Gains In Performance
2016-05-28,9,My Church,Maren Morris,9,20,Gains In Performance
2016-05-28,10,Wasted Time,Keith Urban,11,7,Gains In Performance
2016-05-28,11,Noise,Kenny Chesney,10,8,Gains In Performance
2016-05-28,12,Lights Come On,Jason Aldean,13,7,Gains In Performance
2016-05-28,13,Head Over Boots,Jon Pardi,12,33,Gains In Performance
2016-05-28,14,Church Bells,Carrie Underwood,15,7,Gains In Performance
2016-05-28,15,Record Year,Eric Church,14,15,Gains In Performance
2016-05-28,16,Fix,Chris Lane,16,23,Gains In Performance
2016-05-28,17,American Country Love Song,Jake Owen,17,11,Gains In Performance
2016-05-28,18,Night's On Fire,David Nail,19,41,Gains In Performance
2016-05-28,19,H.O.L.Y.,Florida Georgia Line,25,3,Gains In Performance
2016-05-28,20,It All Started With A Beer,Frankie Ballard,18,26,
2016-05-28,21,You Look Like I Need A Drink,Justin Moore,20,28,Gains In Performance
2016-05-28,22,From The Ground Up,Dan + Shay,21,15,Gains In Performance
2016-05-28,23,Hole In A Bottle,Canaan Smith,23,39,Gains In Performance
2016-05-28,24,Make You Miss Me,Sam Hunt,24,12,Gains In Performance
2016-05-28,25,Running For You,Kip Moore,22,30,Gains In Performance
2016-05-28,26,Rock On,Tucker Beathard,26,10,Gains In Performance
2016-05-28,27,Without A Fight,Brad Paisley Featuring Demi Lovato,NEW,1,Highest ranking debut|Gains In Performance
2016-05-28,28,Lovin' Lately,Big & Rich Featuring Tim McGraw,27,19,Gains In Performance
2016-05-28,29,I Met A Girl,William Michael Morgan,28,32,Gains In Performance
2016-05-28,30,Peter Pan,Kelsea Ballerini,29,9,Gains In Performance
2016-05-28,31,Castaway,Zac Brown Band,30,7,Gains In Performance
2016-05-28,32,Unlove You,Jennifer Nettles,31,18,Gains In Performance
2016-05-28,33,Livin' The Dream,Drake White,32,23,Gains In Performance
2016-05-28,34,It Don't Hurt Like It Used To,Billy Currington,33,15,Gains In Performance
2016-05-28,35,I Know Somebody,LoCash,35,14,Gains In Performance
2016-05-28,36,Sleep Without You,Brett Young,36,12,Gains In Performance
2016-05-28,37,Mayday,Cam,37,14,Gains In Performance
2016-05-28,38,Used To Love You Sober,Kane Brown,38,14,Gains In Performance
2016-05-28,39,Girl Next Door,Brandy Clark,40,14,Gains In Performance
2016-05-28,40,Southern Boy,Jordan Rager With Jason Aldean,41,16,
2016-05-28,41,21 Summer,Brothers Osborne,45,13,Gains In Performance
2016-05-28,42,Make You Mine,High Valley,44,12,Gains In Performance
2016-05-28,43,Middle Of A Memory,Cole Swindell,34,2,
2016-05-28,44,Jesus And Jones,Trace Adkins,43,17,
2016-05-28,45,If The Boot Fits,Granger Smith,46,11,Gains In Performance
2016-05-28,46,Parachute,Chris Stapleton,50,3,Gains In Performance
2016-05-28,47,Song Number 7,Randy Houser,48,10,
2016-05-28,48,Wasn't That Drunk,Josh Abbott Band With Carly Pearce,53,6,Gains In Performance
2016-05-28,49,Reckless,Martina McBride,47,9,
2016-05-28,50,A Little More Love,Jerrod Niemann & Lee Brice,39,2,
2016-05-28,51,Holdin' Her,Chris Janson,58,2,Gains In Performance
2016-05-28,52,Think A Little Less,Michael Ray,49,4,Gains In Performance
2016-05-28,53,Dance With Ya,Drew Baldridge,51,15,Gains In Performance
2016-05-28,54,Outskirts Of Heaven,Craig Campbell,52,5,Gains In Performance
2016-05-28,55,Lonely Girl,Charles Kelley,54,5,Gains In Performance
2016-05-28,56,Tuxedo,Clare Dunn,57,9,Gains In Performance
2016-05-28,57,Roots,Parmalee,59,2,Gains In Performance
2016-05-28,58,Are You With Me,Easton Corbin,56,3,Gains In Performance
2016-05-28,59,Beer Can In A Truck Bed,Old Dominion,RE,5,Gains In Performance
2016-05-28,60,Ghost Town,Breaking Southwest,55,8,
2016-06-04,1,Mind Reader,Dustin Lynch,2,34,Gains In Performance
2016-06-04,2,Snapback,Old Dominion,3,27,Greatest gainer this week|Gains In Performance
2016-06-04,3,Somewhere On A Beach,Dierks Bentley,1,18,
2016-06-04,4,Came Here To Forget,Blake Shelton,5,11,Gains In Performance
2016-06-04,5,T-Shirt,Thomas Rhett,6,17,Gains In Performance
2016-06-04,6,"Huntin', Fishin' And Lovin' Every Day",Luke Bryan,8,11,Gains In Performance
2016-06-04,7,Humble And Kind,Tim McGraw,7,18,Gains In Performance
2016-06-04,8,Think Of You,Chris Young Duet With Cassadee Pope,4,21,
2016-06-04,9,Wasted Time,Keith Urban,10,8,Gains In Performance
2016-06-04,10,My Church,Maren Morris,9,21,Gains In Performance
2016-06-04,11,Noise,Kenny Chesney,11,9,
2016-06-04,12,Lights Come On,Jason Aldean,12,8,Gains In Performance
2016-06-04,13,Head Over Boots,Jon Pardi,13,34,Gains In Performance
2016-06-04,14,Church Bells,Carrie Underwood,14,8,Gains In Performance
2016-06-04,15,Record Year,Eric Church,15,16,Gains In Performance
2016-06-04,16,H.O.L.Y.,Florida Georgia Line,19,4,Gains In Performance
2016-06-04,17,Fix,Chris Lane,16,24,Gains In Performance
2016-06-04,18,American Country Love Song,Jake Owen,17,12,Gains In Performance
2016-06-04,19,Night's On Fire,David Nail,18,42,Gains In Performance
2016-06-04,20,It All Started With A Beer,Frankie Ballard,20,27,Gains In Performance
2016-06-04,21,You Look Like I Need A Drink,Justin Moore,21,29,Gains In Performance
2016-06-04,22,From The Ground Up,Dan + Shay,22,16,Gains In Performance
2016-06-04,23,Make You Miss Me,Sam Hunt,24,13,Gains In Performance
2016-06-04,24,Running For You,Kip Moore,25,31,Gains In Performance
2016-06-04,25,Hole In A Bottle,Canaan Smith,23,40,
2016-06-04,26,Rock On,Tucker Beathard,26,11,
2016-06-04,27,Peter Pan,Kelsea Ballerini,30,10,Gains In Performance
2016-06-04,28,I Met A Girl,William Michael Morgan,29,33,Gains In Performance
2016-06-04,29,Castaway,Zac Brown Band,31,8,Gains In Performance
2016-06-04,30,Lovin' Lately,Big & Rich Featuring Tim McGraw,28,20,
2016-06-04,31,Unlove You,Jennifer Nettles,32,19,Gains In Performance
2016-06-04,32,Livin' The Dream,Drake White,33,24,Gains In Performance
2016-06-04,33,Without A Fight,Brad Paisley Featuring Demi Lovato,27,2,
2016-06-04,34,It Don't Hurt Like It Used To,Billy Currington,34,16,Gains In Performance
2016-06-04,35,I Know Somebody,LoCash,35,15,Gains In Performance
2016-06-04,36,Sleep Without You,Brett Young,36,13,Gains In Performance
2016-06-04,37,Used To Love You Sober,Kane Brown,38,15,Gains In Performance
2016-06-04,38,Mayday,Cam,37,15,
2016-06-04,39,Girl Next Door,Brandy Clark,39,15,Gains In Performance
2016-06-04,40,21 Summer,Brothers Osborne,41,14,Gains In Performance
2016-06-04,41,Middle Of A Memory,Cole Swindell,43,3,Gains In Performance
2016-06-04,42,Southern Boy,Jordan Rager With Jason Aldean,40,17,
2016-06-04,43,Make You Mine,High Valley,42,13,Gains In Performance
2016-06-04,44,Jesus And Jones,Trace Adkins,44,18,
2016-06-04,45,If The Boot Fits,Granger Smith,45,12,
2016-06-04,46,A Little More Love,Jerrod Niemann & Lee Brice,50,3,Gains In Performance
2016-06-04,47,Parachute,Chris Stapleton,46,4,Gains In Performance
2016-06-04,48,Song Number 7,Randy Houser,47,11,Gains In Performance
2016-06-04,49,Wasn't That Drunk,Josh Abbott Band With Carly Pearce,48,7,Gains In Performance
2016-06-04,50,Outskirts Of Heaven,Craig Campbell,54,6,Gains In Performance
2016-06-04,51,Holdin' Her,Chris Janson,51,3,Gains In Performance
2016-06-04,52,Reckless,Martina McBride,49,10,
2016-06-04,53,Dance With Ya,Drew Baldridge,53,16,Gains In Performance
2016-06-04,54,Think A Little Less,Michael Ray,52,5,
2016-06-04,55,Beer Can In A Truck Bed,Old Dominion,59,6,Gains In Performance
2016-06-04,56,Lonely Girl,Charles Kelley,55,6,
2016-06-04,57,Tuxedo,Clare Dunn,56,10,Gains In Performance
2016-06-04,58,Wanna Be That Song,Brett Eldredge,NEW,1,Highest ranking debut|Gains In Performance
2016-06-04,59,Sierra,Maddie & Tae,NEW,1,Gains In Performance
2016-06-04,60,Roots,Parmalee,57,3,Gains In Performance
2016-06-11,1,Came Here To Forget,Blake Shelton,4,12,Gains In Performance
2016-06-11,2,Snapback,Old Dominion,2,28,
2016-06-11,3,T-Shirt,Thomas Rhett,5,18,Gains In Performance
2016-06-11,4,"Huntin', Fishin' And Lovin' Every Day",Luke Bryan,6,12,Gains In Performance
2016-06-11,5,Humble And Kind,Tim McGraw,7,19,Gains In Performance
2016-06-11,6,Somewhere On A Beach,Dierks Bentley,3,19,
2016-06-11,7,Mind Reader,Dustin Lynch,1,35,
2016-06-11,8,Wasted Time,Keith Urban,9,9,Gains In Performance
2016-06-11,9,My Church,Maren Morris,10,22,Gains In Performance
2016-06-11,10,Lights Come On,Jason Aldean,12,9,Gains In Performance
2016-06-11,11,Noise,Kenny Chesney,11,10,Gains In Performance
2016-06-11,12,Church Bells,Carrie Underwood,14,9,Gains In Performance
2016-06-11,13,Head Over Boots,Jon Pardi,13,35,Gains In Performance
2016-06-11,14,H.O.L.Y.,Florida Georgia Line,16,5,Gains In Performance
2016-06-11,15,Record Year,Eric Church,15,17,Gains In Performance
2016-06-11,16,Fix,Chris Lane,17,25,Gains In Performance
2016-06-11,17,American Country Love Song,Jake Owen,18,13,Gains In Performance
2016-06-11,18,Night's On Fire,David Nail,19,43,Gains In Performance
2016-06-11,19,You Look Like I Need A Drink,Justin Moore,21,30,Gains In Performance
2016-06-11,20,It All Started With A Beer,Frankie Ballard,20,28,Gains In Performance
2016-06-11,21,Make You Miss Me,Sam Hunt,23,14,Gains In Performance
2016-06-11,22,From The Ground Up,Dan + Shay,22,17,Gains In Performance
2016-06-11,23,Running For You,Kip Moore,24,32,Gains In Performance
2016-06-11,24,Hole In A Bottle,Canaan Smith,25,41,Gains In Performance
2016-06-11,25,Rock On,Tucker Beathard,26,12,
2016-06-11,26,Peter Pan,Kelsea Ballerini,27,11,Gains In Performance
2016-06-11,27,Castaway,Zac Brown Band,29,9,Gains In Performance
2016-06-11,28,I Met A Girl,William Michael Morgan,28,34,Gains In Performance
2016-06-11,29,Without A Fight,Brad Paisley Featuring Demi Lovato,33,3,Gains In Performance
2016-06-11,30,Unlove You,Jennifer Nettles,31,20,Gains In Performance
2016-06-11,31,Lovin' Lately,Big & Rich Featuring Tim McGraw,30,21,Gains In Performance
2016-06-11,32,Different For Girls,Dierks Bentley Featuring Elle King,NEW,1,Highest ranking debut|Gains In Performance
2016-06-11,33,Livin' The Dream,Drake White,32,25,Gains In Performance
2016-06-11,34,It Don't Hurt Like It Used To,Billy Currington,34,17,Gains In Performance
2016-06-11,35,I Know Somebody,LoCash,35,16,Gains In Performance
2016-06-11,36,Sleep Without You,Brett Young,36,14,Gains In Performance
2016-06-11,37,Used To Love You Sober,Kane Brown,37,16,Gains In Performance
2016-06-11,38,Middle Of A Memory,Cole Swindell,41,4,Gains In Performance
2016-06-11,39,21 Summer,Brothers Osborne,40,15,Gains In Performance
2016-06-11,40,Mayday,Cam,38,16,Gains In Performance
2016-06-11,41,Girl Next Door,Brandy Clark,39,16,Gains In Performance
2016-06-11,42,Southern Boy,Jordan Rager With Jason Aldean,42,18,Gains In Performance
2016-06-11,43,Make You Mine,High Valley,43,14,Gains In Performance
2016-06-11,44,If The Boot Fits,Granger Smith,45,13,Gains In Performance
2016-06-11,45,Parachute,Chris Stapleton,47,5,Gains In Performance
2016-06-11,46,A Little More Love,Jerrod Niemann & Lee Brice,46,4,Gains In Performance
2016-06-11,47,Wanna Be That Song,Brett Eldredge,58,2,Gains In Performance
2016-06-11,48,Outskirts Of Heaven,Craig Campbell,50,7,Gains In Performance
2016-06-11,49,Wasn't That Drunk,Josh Abbott Band With Carly Pearce,49,8,Gains In Performance
2016-06-11,50,Song Number 7,Randy Houser,48,12,
2016-06-11,51,Sierra,Maddie & Tae,59,2,Gains In Performance
2016-06-11,52,Dance With Ya,Drew Baldridge,53,17,Gains In Performance
2016-06-11,53,Holdin' Her,Chris Janson,51,4,
2016-06-11,54,Think A Little Less,Michael Ray,54,6,Gains In Performance
2016-06-11,55,Are You With Me,Easton Corbin,RE,4,Gains In Performance
2016-06-11,56,Tuxedo,Clare Dunn,57,11,Gains In Performance
2016-06-11,57,Roots,Parmalee,60,4,Gains In Performance
2016-06-11,58,Lonely Girl,Charles Kelley,56,7,
2016-06-11,59,Lipstick,Runaway June,NEW,1,Gains In Performance
2016-06-11,60,Beer Can In A Truck Bed,Old Dominion,55,7,
2016-06-18,1,T-Shirt,Thomas Rhett,3,19,Gains In Performance
2016-06-18,2,Came Here To Forget,Blake Shelton,1,13,
2016-06-18,3,"Huntin', Fishin' And Lovin' Every Day",Luke Bryan,4,13,Gains In Performance
2016-06-18,4,Humble And Kind,Tim McGraw,5,20,Gains In Performance
2016-06-18,5,Somewhere On A Beach,Dierks Bentley,6,20,
2016-06-18,6,Wasted Time,Keith Urban,8,10,Gains In Performance
2016-06-18,7,Snapback,Old Dominion,2,29,
2016-06-18,8,Lights Come On,Jason Aldean,10,10,Greatest gainer this week|Gains In Performance
2016-06-18,9,My Church,Maren Morris,9,23,Gains In Performance
2016-06-18,10,Church Bells,Carrie Underwood,12,10,Gains In Performance
2016-06-18,11,Noise,Kenny Chesney,11,11,Gains In Performance
2016-06-18,12,H.O.L.Y.,Florida Georgia Line,14,6,Gains In Performance
2016-06-18,13,Head Over Boots,Jon Pardi,13,36,Gains In Performance
2016-06-18,14,Record Year,Eric Church,15,18,Gains In Performance
2016-06-18,15,Fix,Chris Lane,16,26,Gains In Performance
2016-06-18,16,American Country Love Song,Jake Owen,17,14,Gains In Performance
2016-06-18,17,Night's On Fire,David Nail,18,44,Gains In Performance
2016-06-18,18,From The Ground Up,Dan + Shay,22,18,Gains In Performance
2016-06-18,19,Make You Miss Me,Sam Hunt,21,15,Gains In Performance
2016-06-18,20,It All Started With A Beer,Frankie Ballard,20,29,Gains In Performance
2016-06-18,21,You Look Like I Need A Drink,Justin Moore,19,31,Gains In Performance
2016-06-18,22,Running For You,Kip Moore,23,33,Gains In Performance
2016-06-18,23,Peter Pan,Kelsea Ballerini,26,12,Gains In Performance
2016-06-18,24,Castaway,Zac Brown Band,27,10,Gains In Performance
2016-06-18,25,Rock On,Tucker Beathard,25,13,Gains In Performance
2016-06-18,26,Without A Fight,Brad Paisley Featuring Demi Lovato,29,4,Gains In Performance
2016-06-18,27,I Met A Girl,William Michael Morgan,28,35,Gains In Performance
2016-06-18,28,Unlove You,Jennifer Nettles,30,21,Gains In Performance
2016-06-18,29,Lovin' Lately,Big & Rich Featuring Tim McGraw,31,22,Gains In Performance
2016-06-18,30,Livin' The Dream,Drake White,33,26,Gains In Performance
2016-06-18,31,It Don't Hurt Like It Used To,Billy Currington,34,18,Gains In Performance
2016-06-18,32,I Know Somebody,LoCash,35,17,Gains In Performance
2016-06-18,33,Sleep Without You,Brett Young,36,15,Gains In Performance
2016-06-18,34,Middle Of A Memory,Cole Swindell,38,5,Gains In Performance
2016-06-18,35,21 Summer,Brothers Osborne,39,16,Gains In Performance
2016-06-18,36,Mayday,Cam,40,17,Gains In Performance
2016-06-18,37,Used To Love You Sober,Kane Brown,37,17,Gains In Performance
2016-06-18,38,Different For Girls,Dierks Bentley Featuring Elle King,32,2,
2016-06-18,39,Girl Next Door,Brandy Clark,41,17,
2016-06-18,40,Parachute,Chris Stapleton,45,6,Gains In Performance
2016-06-18,41,Southern Boy,Jordan Rager With Jason Aldean,42,19,Gains In Performance
2016-06-18,42,Make You Mine,High Valley,43,15,Gains In Performance
2016-06-18,43,Wanna Be That Song,Brett Eldredge,47,3,Gains In Performance
2016-06-18,44,If The Boot Fits,Granger Smith,44,14,Gains In Performance
2016-06-18,45,A Little More Love,Jerrod Niemann & Lee Brice,46,5,Gains In Performance
2016-06-18,46,Are You With Me,Easton Corbin,55,5,Gains In Performance
2016-06-18,47,Outskirts Of Heaven,Craig Campbell,48,8,Gains In Performance
2016-06-18,48,Song Number 7,Randy Houser,50,13,Gains In Performance
2016-06-18,49,Dance With Ya,Drew Baldridge,52,18,Gains In Performance
2016-06-18,50,Holdin' Her,Chris Janson,53,5,Gains In Performance
2016-06-18,51,Wasn't That Drunk,Josh Abbott Band With Carly Pearce,49,9,
2016-06-18,52,Think A Little Less,Michael Ray,54,7,Gains In Performance
2016-06-18,53,Sierra,Maddie & Tae,51,3,
2016-06-18,54,She's Got A Way With Words,Blake Shelton,NEW,1,Highest ranking debut|Gains In Performance
2016-06-18,55,Lonely Girl,Charles Kelley,58,8,Gains In Performance
2016-06-18,56,Roots,Parmalee,57,5,Gains In Performance
2016-06-18,57,Tuxedo,Clare Dunn,56,12,
2016-06-18,58,Hometown Girl,Josh Turner,NEW,1,Gains In Performance
2016-06-18,59,Beer Can In A Truck Bed,Old Dominion,60,8,
2016-06-18,60,Lipstick,Runaway June,59,2,
2016-06-25,1,Humble And Kind,Tim McGraw,4,21,Gains In Performance
2016-06-25,2,"Huntin', Fishin' And Lovin' Every Day",Luke Bryan,3,14,Gains In Performance
2016-06-25,3,T-Shirt,Thomas Rhett,1,20,
2016-06-25,4,Came Here To Forget,Blake Shelton,2,14,
2016-06-25,5,Wasted Time,Keith Urban,6,11,Gains In Performance
2016-06-25,6,Lights Come On,Jason Aldean,8,11,Greatest gainer this week|Gains In Performance
2016-06-25,7,Church Bells,Carrie Underwood,10,11,Gains In Performance
2016-06-25,8,Somewhere On A Beach,Dierks Bentley,5,21,
2016-06-25,9,Noise,Kenny Chesney,11,12,Gains In Performance
2016-06-25,10,H.O.L.Y.,Florida Georgia Line,12,7,Gains In Performance
2016-06-25,11,Record Year,Eric Church,14,19,Gains In Performance
2016-06-25,12,Head Over Boots,Jon Pardi,13,37,Gains In Performance
2016-06-25,13,Fix,Chris Lane,15,27,Gains In Performance
2016-06-25,14,American Country Love Song,Jake Owen,16,15,Gains In Performance
2016-06-25,15,Night's On Fire,David Nail,17,45,Gains In Performance
2016-06-25,16,From The Ground Up,Dan + Shay,18,19,Gains In Performance
2016-06-25,17,Make You Miss Me,Sam Hunt,19,16,Gains In Performance
2016-06-25,18,It All Started With A Beer,Frankie Ballard,20,30,Gains In Performance
2016-06-25,19,You Look Like I Need A Drink,Justin Moore,21,32,Gains In Performance
2016-06-25,20,Peter Pan,Kelsea Ballerini,23,13,Gains In Performance
2016-06-25,21,Running For You,Kip Moore,22,34,Gains In Performance
2016-06-25,22,Castaway,Zac Brown Band,24,11,Gains In Performance
2016-06-25,23,Without A Fight,Brad Paisley Featuring Demi Lovato,26,5,Gains In Performance
2016-06-25,24,Rock On,Tucker Beathard,25,14,Gains In Performance
2016-06-25,25,I Met A Girl,William Michael Morgan,27,36,Gains In Performance
2016-06-25,26,Unlove You,Jennifer Nettles,28,22,Gains In Performance
2016-06-25,27,Lovin' Lately,Big & Rich Featuring Tim McGraw,29,23,
2016-06-25,28,Sleep Without You,Brett Young,33,16,Gains In Performance
2016-06-25,29,I Know Somebody,LoCash,32,18,Gains In Performance
2016-06-25,30,It Don't Hurt Like It Used To,Billy Currington,31,19,Gains In Performance
2016-06-25,31,Livin' The Dream,Drake White,30,27,
2016-06-25,32,Different For Girls,Dierks Bentley Featuring Elle King,38,3,Gains In Performance
2016-06-25,33,Middle Of A Memory,Cole Swindell,34,6,Gains In Performance
2016-06-25,34,21 Summer,Brothers Osborne,35,17,Gains In Performance
2016-06-25,35,She's Got A Way With Words,Blake Shelton,54,2,Gains In Performance
2016-06-25,36,Mayday,Cam,36,18,
2016-06-25,37,Wanna Be That Song,Brett Eldredge,43,4,Gains In Performance
2016-06-25,38,Make You Mine,High Valley,42,16,Gains In Performance
2016-06-25,39,Parachute,Chris Stapleton,40,7,Gains In Performance
2016-06-25,40,If The Boot Fits,Granger Smith,44,15,Gains In Performance
2016-06-25,41,Girl Next Door,Brandy Clark,39,18,
2016-06-25,42,Southern Boy,Jordan Rager With Jason Aldean,41,20,Gains In Performance
2016-06-25,43,A Little More Love,Jerrod Niemann & Lee Brice,45,6,Gains In Performance
2016-06-25,44,Used To Love You Sober,Kane Brown,37,18,
2016-06-25,45,Outskirts Of Heaven,Craig Campbell,47,9,Gains In Performance
2016-06-25,46,Are You With Me,Easton Corbin,46,6,Gains In Performance
2016-06-25,47,Holdin' Her,Chris Janson,50,6,Gains In Performance
2016-06-25,48,Song Number 7,Randy Houser,48,14,Gains In Performance
2016-06-25,49,Wasn't That Drunk,Josh Abbott Band With Carly Pearce,51,10,Gains In Performance
2016-06-25,50,Sierra,Maddie & Tae,53,4,Gains In Performance
2016-06-25,51,Dance With Ya,Drew Baldridge,49,19,Gains In Performance
2016-06-25,52,Think A Little Less,Michael Ray,52,8,Gains In Performance
2016-06-25,53,Song For Another Time,Old Dominion,NEW,1,Highest ranking debut|Gains In Performance
2016-06-25,54,Sober Saturday Night,Chris Young Featuring Vince Gill,NEW,1,Gains In Performance
2016-06-25,55,Roots,Parmalee,56,6,Gains In Performance
2016-06-25,56,Hometown Girl,Josh Turner,58,2,Gains In Performance
2016-06-25,57,Tuxedo,Clare Dunn,57,13,
2016-06-25,58,Lonely Girl,Charles Kelley,55,9,
2016-06-25,59,Summer,Cassadee Pope,NEW,1,Gains In Performance
2016-06-25,60,Beer Can In A Truck Bed,Old Dominion,59,9,Gains In Performance
2016-07-02,1,"Huntin', Fishin' And Lovin' Every Day",Luke Bryan,2,15,Gains In Performance
2016-07-02,2,Lights Come On,Jason Aldean,6,12,Greatest gainer this week|Gains In Performance
2016-07-02,3,Wasted Time,Keith Urban,5,12,Gains In Performance
2016-07-02,4,T-Shirt,Thomas Rhett,3,21,
2016-07-02,5,Church Bells,Carrie Underwood,7,12,Gains In Performance
2016-07-02,6,Humble And Kind,Tim McGraw,1,22,
2016-07-02,7,Came Here To Forget,Blake Shelton,4,15,
2016-07-02,8,H.O.L.Y.,Florida Georgia Line,10,8,Gains In Performance
2016-07-02,9,Noise,Kenny Chesney,9,13,Gains In Performance
2016-07-02,10,Record Year,Eric Church,11,20,Gains In Performance
2016-07-02,11,Head Over Boots,Jon Pardi,12,38,Gains In Performance
2016-07-02,12,Fix,Chris Lane,13,28,Gains In Performance
2016-07-02,13,From The Ground Up,Dan + Shay,16,20,Gains In Performance
2016-07-02,14,American Country Love Song,Jake Owen,14,16,Gains In Performance
2016-07-02,15,Night's On Fire,David Nail,15,46,Gains In Performance
2016-07-02,16,Make You Miss Me,Sam Hunt,17,17,Gains In Performance
2016-07-02,17,You Look Like I Need A Drink,Justin Moore,19,33,Gains In Performance
2016-07-02,18,It All Started With A Beer,Frankie Ballard,18,31,Gains In Performance
2016-07-02,19,Peter Pan,Kelsea Ballerini,20,14,Gains In Performance
2016-07-02,20,Running For You,Kip Moore,21,35,Gains In Performance
2016-07-02,21,Without A Fight,Brad Paisley Featuring Demi Lovato,23,6,Gains In Performance
2016-07-02,22,Castaway,Zac Brown Band,22,12,Gains In Performance
2016-07-02,23,Rock On,Tucker Beathard,24,15,Gains In Performance
2016-07-02,24,I Met A Girl,William Michael Morgan,25,37,Gains In Performance
2016-07-02,25,Different For Girls,Dierks Bentley Featuring Elle King,32,4,Gains In Performance
2016-07-02,26,Unlove You,Jennifer Nettles,26,23,Gains In Performance
2016-07-02,27,Lovin' Lately,Big & Rich Featuring Tim McGraw,27,24,Gains In Performance
2016-07-02,28,She's Got A Way With Words,Blake Shelton,35,3,Gains In Performance
2016-07-02,29,Livin' The Dream,Drake White,31,28,Gains In Performance
2016-07-02,30,It Don't Hurt Like It Used To,Billy Currington,30,20,Gains In Performance
2016-07-02,31,Sleep Without You,Brett Young,28,17,Gains In Performance
2016-07-02,32,I Know Somebody,LoCash,29,19,Gains In Performance
2016-07-02,33,Middle Of A Memory,Cole Swindell,33,7,Gains In Performance
2016-07-02,34,21 Summer,Brothers Osborne,34,18,Gains In Performance
2016-07-02,35,Make You Mine,High Valley,38,17,Gains In Performance
2016-07-02,36,Mayday,Cam,36,19,
2016-07-02,37,Parachute,Chris Stapleton,39,8,Gains In Performance
2016-07-02,38,If The Boot Fits,Granger Smith,40,16,Gains In Performance
2016-07-02,39,Wanna Be That Song,Brett Eldredge,37,5,Gains In Performance
2016-07-02,40,Girl Next Door,Brandy Clark,41,19,Gains In Performance
2016-07-02,41,Southern Boy,Jordan Rager With Jason Aldean,42,21,Gains In Performance
2016-07-02,42,A Little More Love,Jerrod Niemann & Lee Brice,43,7,Gains In Performance
2016-07-02,43,Song For Another Time,Old Dominion,53,2,Gains In Performance
2016-07-02,44,Sober Saturday Night,Chris Young Featuring Vince Gill,54,2,Gains In Performance
2016-07-02,45,Vacation,Thomas Rhett,NEW,1,Highest ranking debut|Gains In Performance
2016-07-02,46,Are You With Me,Easton Corbin,46,7,Gains In Performance
2016-07-02,47,Sierra,Maddie & Tae,50,5,Gains In Performance
2016-07-02,48,Holdin' Her,Chris Janson,47,7,Gains In Performance
2016-07-02,49,Wasn't That Drunk,Josh Abbott Band With Carly Pearce,49,11,Gains In Performance
2016-07-02,50,Outskirts Of Heaven,Craig Campbell,45,10,Gains In Performance
2016-07-02,51,Think A Little Less,Michael Ray,52,9,Gains In Performance
2016-07-02,52,Dance With Ya,Drew Baldridge,51,20,Gains In Performance
2016-07-02,53,Song Number 7,Randy Houser,48,15,
2016-07-02,54,Used To Love You Sober,Kane Brown,44,19,
2016-07-02,55,Lipstick,Runaway June,RE,3,Gains In Performance
2016-07-02,56,Hometown Girl,Josh Turner,56,3,Gains In Performance
2016-07-02,57,Lonely Girl,Charles Kelley,58,10,Gains In Performance
2016-07-02,58,Tuxedo,Clare Dunn,57,14,Gains In Performance
2016-07-02,59,Roots,Parmalee,55,7,
2016-07-02,60,Beer Can In A Truck Bed,Old Dominion,60,10,Gains In Performance
2016-07-09,1,Wasted Time,Keith Urban,3,13,Gains In Performance
2016-07-09,2,Lights Come On,Jason Aldean,2,13,Gains In Performance
2016-07-09,3,Church Bells,Carrie Underwood,5,13,Greatest gainer this week|Gains In Performance
2016-07-09,4,"Huntin', Fishin' And Lovin' Every Day",Luke Bryan,1,16,
2016-07-09,5,H.O.L.Y.,Florida Georgia Line,8,9,Gains In Performance
2016-07-09,6,Record Year,Eric Church,10,21,Gains In Performance
2016-07-09,7,T-Shirt,Thomas Rhett,4,22,
2016-07-09,8,Noise,Kenny Chesney,9,14,Gains In Performance
2016-07-09,9,Head Over Boots,Jon Pardi,11,39,Gains In Performance
2016-07-09,10,Fix,Chris Lane,12,29,Gains In Performance
2016-07-09,11,From The Ground Up,Dan + Shay,13,21,Gains In Performance
2016-07-09,12,American Country Love Song,Jake Owen,14,17,Gains In Performance
2016-07-09,13,Make You Miss Me,Sam Hunt,16,18,Gains In Performance
2016-07-09,14,Night's On Fire,David Nail,15,47,Gains In Performance
2016-07-09,15,It All Started With A Beer,Frankie Ballard,18,32,Gains In Performance
2016-07-09,16,You Look Like I Need A Drink,Justin Moore,17,34,Gains In Performance
2016-07-09,17,Peter Pan,Kelsea Ballerini,19,15,Gains In Performance
2016-07-09,18,Running For You,Kip Moore,20,36,Gains In Performance
2016-07-09,19,Without A Fight,Brad Paisley Featuring Demi Lovato,21,7,Gains In Performance
2016-07-09,20,Castaway,Zac Brown Band,22,13,Gains In Performance
2016-07-09,21,Rock On,Tucker Beathard,23,16,Gains In Performance
2016-07-09,22,She's Got A Way With Words,Blake Shelton,28,4,Gains In Performance
2016-07-09,23,Different For Girls,Dierks Bentley Featuring Elle King,25,5,Gains In Performance
2016-07-09,24,I Met A Girl,William Michael Morgan,24,38,Gains In Performance
2016-07-09,25,Lovin' Lately,Big & Rich Featuring Tim McGraw,27,25,Gains In Performance
2016-07-09,26,Unlove You,Jennifer Nettles,26,24,Gains In Performance
2016-07-09,27,It Don't Hurt Like It Used To,Billy Currington,30,21,Gains In Performance
2016-07-09,28,Sleep Without You,Brett Young,31,18,Gains In Performance
2016-07-09,29,Livin' The Dream,Drake White,29,29,Gains In Performance
2016-07-09,30,I Know Somebody,LoCash,32,20,Gains In Performance
2016-07-09,31,Middle Of A Memory,Cole Swindell,33,8,Gains In Performance
2016-07-09,32,21 Summer,Brothers Osborne,34,19,Gains In Performance
2016-07-09,33,Make You Mine,High Valley,35,18,Gains In Performance
2016-07-09,34,If The Boot Fits,Granger Smith,38,17,Gains In Performance
2016-07-09,35,Wanna Be That Song,Brett Eldredge,39,6,Gains In Performance
2016-07-09,36,Song For Another Time,Old Dominion,43,3,Gains In Performance
2016-07-09,37,Southern Boy,Jordan Rager With Jason Aldean,41,22,Gains In Performance
2016-07-09,38,Parachute,Chris Stapleton,37,9,
2016-07-09,39,A Little More Love,Jerrod Niemann & Lee Brice,42,8,Gains In Performance
2016-07-09,40,Vacation,Thomas Rhett,45,2,Gains In Performance
2016-07-09,41,Seein' Red,Dustin Lynch,NEW,1,Highest ranking debut|Gains In Performance
2016-07-09,42,Girl Next Door,Brandy Clark,40,20,
2016-07-09,43,Sober Saturday Night,Chris Young Featuring Vince Gill,44,3,Gains In Performance
2016-07-09,44,Are You With Me,Easton Corbin,46,8,Gains In Performance
2016-07-09,45,Outskirts Of Heaven,Craig Campbell,50,11,Gains In Performance
2016-07-09,46,Holdin' Her,Chris Janson,48,8,Gains In Performance
2016-07-09,47,Wasn't That Drunk,Josh Abbott Band With Carly Pearce,49,12,Gains In Performance
2016-07-09,48,Think A Little Less,Michael Ray,51,10,Gains In Performance
2016-07-09,49,Sierra,Maddie & Tae,47,6,
2016-07-09,50,Lipstick,Runaway June,55,4,Gains In Performance
2016-07-09,51,Dance With Ya,Drew Baldridge,52,21,Gains In Performance
2016-07-09,52,Hometown Girl,Josh Turner,56,4,Gains In Performance
2016-07-09,53,80s Mercedes,Maren Morris,NEW,1,Gains In Performance
2016-07-09,54,Roots,Parmalee,59,8,Gains In Performance
2016-07-09,55,Tuxedo,Clare Dunn,58,15,Gains In Performance
2016-07-09,56,Summer,Cassadee Pope,RE,2,Gains In Performance
2016-07-09,57,You Make It Look So Good,Thompson Square,NEW,1,Gains In Performance
2016-07-09,58,Lonely Girl,Charles Kelley,57,11,
2016-07-09,59,Beer Can In A Truck Bed,Old Dominion,60,11,
2016-07-09,60,Do You Wish It Was Me?,Gary Allan,NEW,1,Gains In Performance
2016-07-16,1,Wasted Time,Keith Urban,1,14,Gains In Performance
2016-07-16,2,Lights Come On,Jason Aldean,2,14,Gains In Performance
2016-07-16,3,Church Bells,Carrie Underwood,3,14,Gains In Performance
2016-07-16,4,H.O.L.Y.,Florida Georgia Line,5,10,Gains In Performance
2016-07-16,5,Record Year,Eric Church,6,22,Gains In Performance
2016-07-16,6,Noise,Kenny Chesney,8,15,Gains In Performance
2016-07-16,7,Fix,Chris Lane,10,30,Greatest gainer this week|Gains In Performance
2016-07-16,8,Head Over Boots,Jon Pardi,9,40,Gains In Performance
2016-07-16,9,T-Shirt,Thomas Rhett,7,23,
2016-07-16,10,"Huntin', Fishin' And Lovin' Every Day",Luke Bryan,4,17,
2016-07-16,11,From The Ground Up,Dan + Shay,11,22,Gains In Performance
2016-07-16,12,American Country Love Song,Jake Owen,12,18,Gains In Performance
2016-07-16,13,Make You Miss Me,Sam Hunt,13,19,Gains In Performance
2016-07-16,14,You Look Like I Need A Drink,Justin Moore,16,35,Gains In Performance
2016-07-16,15,Night's On Fire,David Nail,14,48,Gains In Performance
2016-07-16,16,Peter Pan,Kelsea Ballerini,17,16,Gains In Performance
2016-07-16,17,It All Started With A Beer,Frankie Ballard,15,33,Gains In Performance
2016-07-16,18,Running For You,Kip Moore,18,37,Gains In Performance
2016-07-16,19,Without A Fight,Brad Paisley Featuring Demi Lovato,19,8,Gains In Performance
2016-07-16,20,Castaway,Zac Brown Band,20,14,Gains In Performance
2016-07-16,21,She's Got A Way With Words,Blake Shelton,22,5,Gains In Performance
2016-07-16,22,Different For Girls,Dierks Bentley Featuring Elle King,23,6,Gains In Performance
2016-07-16,23,Rock On,Tucker Beathard,21,17,Gains In Performance
2016-07-16,24,I Met A Girl,William Michael Morgan,24,39,Gains In Performance
2016-07-16,25,It Don't Hurt Like It Used To,Billy Currington,27,22,Gains In Performance
2016-07-16,26,Lovin' Lately,Big & Rich Featuring Tim McGraw,25,26,Gains In Performance
2016-07-16,27,Sleep Without You,Brett Young,28,19,Gains In Performance
2016-07-16,28,I Know Somebody,LoCash,30,21,Gains In Performance
2016-07-16,29,Unlove You,Jennifer Nettles,26,25,Gains In Performance
2016-07-16,30,Livin' The Dream,Drake White,29,30,Gains In Performance
2016-07-16,31,Middle Of A Memory,Cole Swindell,31,9,Gains In Performance
2016-07-16,32,21 Summer,Brothers Osborne,32,20,Gains In Performance
2016-07-16,33,Wanna Be That Song,Brett Eldredge,35,7,Gains In Performance
2016-07-16,34,Make You Mine,High Valley,33,19,Gains In Performance
2016-07-16,35,Song For Another Time,Old Dominion,36,4,Gains In Performance
2016-07-16,36,If The Boot Fits,Granger Smith,34,18,Gains In Performance
2016-07-16,37,Vacation,Thomas Rhett,40,3,Gains In Performance
2016-07-16,38,A Little More Love,Jerrod Niemann & Lee Brice,39,9,Gains In Performance
2016-07-16,39,Parachute,Chris Stapleton,38,10,Gains In Performance
2016-07-16,40,Southern Boy,Jordan Rager With Jason Aldean,37,23,
2016-07-16,41,80s Mercedes,Maren Morris,53,2,Gains In Performance
2016-07-16,42,Girl Next Door,Brandy Clark,42,21,Gains In Performance
2016-07-16,43,If I Told You,Darius Rucker,NEW,1,Highest ranking debut|Gains In Performance
2016-07-16,44,Sober Saturday Night,Chris Young Featuring Vince Gill,43,4,Gains In Performance
2016-07-16,45,Holdin' Her,Chris Janson,46,9,Gains In Performance
2016-07-16,46,Are You With Me,Easton Corbin,44,9,Gains In Performance
2016-07-16,47,Outskirts Of Heaven,Craig Campbell,45,12,Gains In Performance
2016-07-16,48,Think A Little Less,Michael Ray,48,11,Gains In Performance
2016-07-16,49,Dance With Ya,Drew Baldridge,51,22,Gains In Performance
2016-07-16,50,Lipstick,Runaway June,50,5,Gains In Performance
2016-07-16,51,Hometown Girl,Josh Turner,52,5,Gains In Performance
2016-07-16,52,Sierra,Maddie & Tae,49,7,
2016-07-16,53,Wasn't That Drunk,Josh Abbott Band With Carly Pearce,47,13,
2016-07-16,54,Saltwater Gospel (Fins Up Version),Eli Young Band & Jimmy Buffett,NEW,1,Gains In Performance
2016-07-16,55,Summer,Cassadee Pope,56,3,Gains In Performance
2016-07-16,56,Tuxedo,Clare Dunn,55,16,Gains In Performance
2016-07-16,57,Roots,Parmalee,54,9,
2016-07-16,58,You Make It Look So Good,Thompson Square,57,2,Gains In Performance
2016-07-16,59,Seein' Red,Dustin Lynch,41,2,
2016-07-16,60,Where Do You Go?,The Last Bandoleros,NEW,1,Gains In Performance
2016-07-23,1,Lights Come On,Jason Aldean,2,15,Gains In Performance
2016-07-23,2,Church Bells,Carrie Underwood,3,15,Gains In Performance
2016-07-23,3,H.O.L.Y.,Florida Georgia Line,4,11,Gains In Performance
2016-07-23,4,Wasted Time,Keith Urban,1,15,
2016-07-23,5,Record Year,Eric Church,5,23,Gains In Performance
2016-07-23,6,Fix,Chris Lane,7,31,Greatest gainer this week|Gains In Performance
2016-07-23,7,Noise,Kenny Chesney,6,16,Gains In Performance
2016-07-23,8,Head Over Boots,Jon Pardi,8,41,Gains In Performance
2016-07-23,9,From The Ground Up,Dan + Shay,11,23,Gains In Performance
2016-07-23,10,American Country Love Song,Jake Owen,12,19,Gains In Performance
2016-07-23,11,Make You Miss Me,Sam Hunt,13,20,Gains In Performance
2016-07-23,12,Peter Pan,Kelsea Ballerini,16,17,Gains In Performance
2016-07-23,13,You Look Like I Need A Drink,Justin Moore,14,36,Gains In Performance
2016-07-23,14,Night's On Fire,David Nail,15,49,Gains In Performance
2016-07-23,15,It All Started With A Beer,Frankie Ballard,17,34,Gains In Performance
2016-07-23,16,Running For You,Kip Moore,18,38,Gains In Performance
2016-07-23,17,Without A Fight,Brad Paisley Featuring Demi Lovato,19,9,Gains In Performance
2016-07-23,18,She's Got A Way With Words,Blake Shelton,21,6,Gains In Performance
2016-07-23,19,Castaway,Zac Brown Band,20,15,Gains In Performance
2016-07-23,20,Different For Girls,Dierks Bentley Featuring Elle King,22,7,Gains In Performance
2016-07-23,21,Rock On,Tucker Beathard,23,18,Gains In Performance
2016-07-23,22,I Met A Girl,William Michael Morgan,24,40,Gains In Performance
2016-07-23,23,It Don't Hurt Like It Used To,Billy Currington,25,23,Gains In Performance
2016-07-23,24,Lovin' Lately,Big & Rich Featuring Tim McGraw,26,27,Gains In Performance
2016-07-23,25,I Know Somebody,LoCash,28,22,Gains In Performance
2016-07-23,26,Sleep Without You,Brett Young,27,20,Gains In Performance
2016-07-23,27,Unlove You,Jennifer Nettles,29,26,Gains In Performance
2016-07-23,28,Livin' The Dream,Drake White,30,31,Gains In Performance
2016-07-23,29,Middle Of A Memory,Cole Swindell,31,10,Gains In Performance
2016-07-23,30,21 Summer,Brothers Osborne,32,21,Gains In Performance
2016-07-23,31,Song For Another Time,Old Dominion,35,5,Gains In Performance
2016-07-23,32,80s Mercedes,Maren Morris,41,3,Gains In Performance
2016-07-23,33,Vacation,Thomas Rhett,37,4,Gains In Performance
2016-07-23,34,If The Boot Fits,Granger Smith,36,19,Gains In Performance
2016-07-23,35,Make You Mine,High Valley,34,20,Gains In Performance
2016-07-23,36,Wanna Be That Song,Brett Eldredge,33,8,Gains In Performance
2016-07-23,37,A Little More Love,Jerrod Niemann & Lee Brice,38,10,Gains In Performance
2016-07-23,38,Southern Boy,Jordan Rager With Jason Aldean,40,24,Gains In Performance
2016-07-23,39,Parachute,Chris Stapleton,39,11,Gains In Performance
2016-07-23,40,Sober Saturday Night,Chris Young Featuring Vince Gill,44,5,Gains In Performance
2016-07-23,41,Holdin' Her,Chris Janson,45,10,Gains In Performance
2016-07-23,42,Outskirts Of Heaven,Craig Campbell,47,13,Gains In Performance
2016-07-23,43,Think A Little Less,Michael Ray,48,12,Gains In Performance
2016-07-23,44,Are You With Me,Easton Corbin,46,10,Gains In Performance
2016-07-23,45,Lipstick,Runaway June,50,6,Gains In Performance
2016-07-23,46,Hometown Girl,Josh Turner,51,6,Gains In Performance
2016-07-23,47,Saltwater Gospel (Fins Up Version),Eli Young Band & Jimmy Buffett,54,2,Gains In Performance
2016-07-23,48,Dance With Ya,Drew Baldridge,49,23,Gains In Performance
2016-07-23,49,Where Do You Go?,The Last Bandoleros,60,2,Gains In Performance
2016-07-23,50,Wasn't That Drunk,Josh Abbott Band With Carly Pearce,53,14,Gains In Performance
2016-07-23,51,A Few More Cowboys,Toby Keith,NEW,1,Highest ranking debut|Gains In Performance
2016-07-23,52,Sierra,Maddie & Tae,52,8,Gains In Performance
2016-07-23,53,Seein' Red,Dustin Lynch,59,3,Gains In Performance
2016-07-23,54,Roots,Parmalee,57,10,Gains In Performance
2016-07-23,55,Tuxedo,Clare Dunn,56,17,Gains In Performance
2016-07-23,56,You Make It Look So Good,Thompson Square,58,3,Gains In Performance
2016-07-23,57,Summer,Cassadee Pope,55,4,
2016-07-23,58,Beer Can In A Truck Bed,Old Dominion,RE,12,Gains In Performance
2016-07-23,59,Do You Wish It Was Me?,Gary Allan,RE,2,Gains In Performance
2016-07-23,60,Undone,Joe Nichols,NEW,1,
2016-07-30,1,Church Bells,Carrie Underwood,2,16,Gains In Performance
2016-07-30,2,H.O.L.Y.,Florida Georgia Line,3,12,Gains In Performance
2016-07-30,3,Lights Come On,Jason Aldean,1,16,
2016-07-30,4,Record Year,Eric Church,5,24,Gains In Performance
2016-07-30,5,Fix,Chris Lane,6,32,Gains In Performance
2016-07-30,6,Wasted Time,Keith Urban,4,16,
2016-07-30,7,Head Over Boots,Jon Pardi,8,42,Gains In Performance
2016-07-30,8,American Country Love Song,Jake Owen,10,20,Gains In Performance
2016-07-30,9,From The Ground Up,Dan + Shay,9,24,Gains In Performance
2016-07-30,10,Make You Miss Me,Sam Hunt,11,21,Gains In Performance
2016-07-30,11,Peter Pan,Kelsea Ballerini,12,18,Gains In Performance
2016-07-30,12,You Look Like I Need A Drink,Justin Moore,13,37,Gains In Performance
2016-07-30,13,Noise,Kenny Chesney,7,17,
2016-07-30,14,Night's On Fire,David Nail,14,50,
2016-07-30,15,She's Got A Way With Words,Blake Shelton,18,7,Gains In Performance
2016-07-30,16,Running For You,Kip Moore,16,39,Gains In Performance
2016-07-30,17,Without A Fight,Brad Paisley Featuring Demi Lovato,17,10,
2016-07-30,18,Different For Girls,Dierks Bentley Featuring Elle King,20,8,Gains In Performance
2016-07-30,19,Castaway,Zac Brown Band,19,16,Gains In Performance
2016-07-30,20,Rock On,Tucker Beathard,21,19,Gains In Performance
2016-07-30,21,I Met A Girl,William Michael Morgan,22,41,Gains In Performance
2016-07-30,22,It Don't Hurt Like It Used To,Billy Currington,23,24,Gains In Performance
2016-07-30,23,Lovin' Lately,Big & Rich Featuring Tim McGraw,24,28,Gains In Performance
2016-07-30,24,I Know Somebody,LoCash,25,23,Gains In Performance
2016-07-30,25,Sleep Without You,Brett Young,26,21,Gains In Performance
2016-07-30,26,Livin' The Dream,Drake White,28,32,Gains In Performance
2016-07-30,27,Middle Of A Memory,Cole Swindell,29,11,Gains In Performance
2016-07-30,28,Unlove You,Jennifer Nettles,27,27,Gains In Performance
2016-07-30,29,Song For Another Time,Old Dominion,31,6,Gains In Performance
2016-07-30,30,A Little More Summertime,Jason Aldean,NEW,1,Highest ranking debut|Gains In Performance
2016-07-30,31,80s Mercedes,Maren Morris,32,4,Gains In Performance
2016-07-30,32,21 Summer,Brothers Osborne,30,22,Gains In Performance
2016-07-30,33,If The Boot Fits,Granger Smith,34,20,Gains In Performance
2016-07-30,34,Vacation,Thomas Rhett,33,5,Gains In Performance
2016-07-30,35,Make You Mine,High Valley,35,21,Gains In Performance
2016-07-30,36,Wanna Be That Song,Brett Eldredge,36,9,Gains In Performance
2016-07-30,37,Parachute,Chris Stapleton,39,12,Gains In Performance
2016-07-30,38,A Little More Love,Jerrod Niemann & Lee Brice,37,11,
2016-07-30,39,How I'll Always Be,Tim McGraw,NEW,1,Gains In Performance
2016-07-30,40,Sober Saturday Night,Chris Young Featuring Vince Gill,40,6,Gains In Performance
2016-07-30,41,Holdin' Her,Chris Janson,41,11,Gains In Performance
2016-07-30,42,Outskirts Of Heaven,Craig Campbell,42,14,Gains In Performance
2016-07-30,43,Think A Little Less,Michael Ray,43,13,Gains In Performance
2016-07-30,44,Wasn't That Drunk,Josh Abbott Band With Carly Pearce,50,15,Gains In Performance
2016-07-30,45,Are You With Me,Easton Corbin,44,11,Gains In Performance
2016-07-30,46,Lipstick,Runaway June,45,7,Gains In Performance
2016-07-30,47,A Few More Cowboys,Toby Keith,51,2,Gains In Performance
2016-07-30,48,Seein' Red,Dustin Lynch,53,4,Gains In Performance
2016-07-30,49,Hometown Girl,Josh Turner,46,7,
2016-07-30,50,Saltwater Gospel (Fins Up Version),Eli Young Band & Jimmy Buffett,47,3,
2016-07-30,51,Where Do You Go?,The Last Bandoleros,49,3,Gains In Performance
2016-07-30,52,Roots,Parmalee,54,11,
2016-07-30,53,Sierra,Maddie & Tae,52,9,
2016-07-30,54,Tuxedo,Clare Dunn,55,18,
2016-07-30,55,Summer,Cassadee Pope,57,5,Gains In Performance
2016-07-30,56,You Make It Look So Good,Thompson Square,56,4,
2016-07-30,57,Long Live Tonight,LANco,NEW,1,Gains In Performance
2016-07-30,58,Move,Luke Bryan,NEW,1,Gains In Performance
2016-07-30,59,Beer Can In A Truck Bed,Old Dominion,58,13,Gains In Performance
2016-07-30,60,Bluebonnets (Julia's Song),Aaron Watson,NEW,1,Gains In Performance
2016-08-06,1,H.O.L.Y.,Florida Georgia Line,2,13,Gains In Performance
2016-08-06,2,Church Bells,Carrie Underwood,1,17,
2016-08-06,3,Record Year,Eric Church,4,25,Gains In Performance
2016-08-06,4,Fix,Chris Lane,5,33,Gains In Performance
2016-08-06,5,Lights Come On,Jason Aldean,3,17,
2016-08-06,6,Head Over Boots,Jon Pardi,7,43,Gains In Performance
2016-08-06,7,From The Ground Up,Dan + Shay,9,25,Gains In Performance
2016-08-06,8,American Country Love Song,Jake Owen,8,21,Gains In Performance
2016-08-06,9,Make You Miss Me,Sam Hunt,10,22,Gains In Performance
2016-08-06,10,Peter Pan,Kelsea Ballerini,11,19,Gains In Performance
2016-08-06,11,You Look Like I Need A Drink,Justin Moore,12,38,Gains In Performance
2016-08-06,12,She's Got A Way With Words,Blake Shelton,15,8,Gains In Performance
2016-08-06,13,Different For Girls,Dierks Bentley Featuring Elle King,18,9,Gains In Performance
2016-08-06,14,Running For You,Kip Moore,16,40,Gains In Performance
2016-08-06,15,Castaway,Zac Brown Band,19,17,Gains In Performance
2016-08-06,16,Without A Fight,Brad Paisley Featuring Demi Lovato,17,11,Gains In Performance
2016-08-06,17,Rock On,Tucker Beathard,20,20,Gains In Performance
2016-08-06,18,Vice,Miranda Lambert,NEW,1,Highest ranking debut|Gains In Performance
2016-08-06,19,It Don't Hurt Like It Used To,Billy Currington,22,25,Gains In Performance
2016-08-06,20,I Met A Girl,William Michael Morgan,21,42,Gains In Performance
2016-08-06,21,I Know Somebody,LoCash,24,24,Gains In Performance
2016-08-06,22,Lovin' Lately,Big & Rich Featuring Tim McGraw,23,29,Gains In Performance
2016-08-06,23,Noise,Kenny Chesney,13,18,
2016-08-06,24,Sleep Without You,Brett Young,25,22,Gains In Performance
2016-08-06,25,Middle Of A Memory,Cole Swindell,27,12,Gains In Performance
2016-08-06,26,Livin' The Dream,Drake White,26,33,Gains In Performance
2016-08-06,27,Unlove You,Jennifer Nettles,28,28,
2016-08-06,28,Song For Another Time,Old Dominion,29,7,Gains In Performance
2016-08-06,29,80s Mercedes,Maren Morris,31,5,Gains In Performance
2016-08-06,30,A Little More Summertime,Jason Aldean,30,2,Gains In Performance
2016-08-06,31,How I'll Always Be,Tim McGraw,39,2,Gains In Performance
2016-08-06,32,21 Summer,Brothers Osborne,32,23,Gains In Performance
2016-08-06,33,If The Boot Fits,Granger Smith,33,21,Gains In Performance
2016-08-06,34,Vacation,Thomas Rhett,34,6,Gains In Performance
2016-08-06,35,Move,Luke Bryan,58,2,Gains In Performance
2016-08-06,36,Wanna Be That Song,Brett Eldredge,36,10,Gains In Performance
2016-08-06,37,Make You Mine,High Valley,35,22,Gains In Performance
2016-08-06,38,The Weekend,Brantley Gilbert,NEW,1,Gains In Performance
2016-08-06,39,Parachute,Chris Stapleton,37,13,Gains In Performance
2016-08-06,40,A Little More Love,Jerrod Niemann & Lee Brice,38,12,Gains In Performance
2016-08-06,41,Holdin' Her,Chris Janson,41,12,Gains In Performance
2016-08-06,42,Sober Saturday Night,Chris Young Featuring Vince Gill,40,7,Gains In Performance
2016-08-06,43,Outskirts Of Heaven,Craig Campbell,42,15,Gains In Performance
2016-08-06,44,Seein' Red,Dustin Lynch,48,5,Gains In Performance
2016-08-06,45,Wasn't That Drunk,Josh Abbott Band With Carly Pearce,44,16,Gains In Performance
2016-08-06,46,Are You With Me,Easton Corbin,45,12,Gains In Performance
2016-08-06,47,Think A Little Less,Michael Ray,43,14,
2016-08-06,48,Hometown Girl,Josh Turner,49,8,Gains In Performance
2016-08-06,49,Lipstick,Runaway June,46,8,
2016-08-06,50,Saltwater Gospel (Fins Up Version),Eli Young Band & Jimmy Buffett,50,4,Gains In Performance
2016-08-06,51,Long Live Tonight,LANco,57,2,Gains In Performance
2016-08-06,52,Where Do You Go?,The Last Bandoleros,51,4,
2016-08-06,53,There's A Girl,Trent Harmon,NEW,1,Gains In Performance
2016-08-06,54,A Few More Cowboys,Toby Keith,47,3,
2016-08-06,55,Roots,Parmalee,52,12,Gains In Performance
2016-08-06,56,Sierra,Maddie & Tae,53,10,Gains In Performance
2016-08-06,57,Summer,Cassadee Pope,55,6,Gains In Performance
2016-08-06,58,You Make It Look So Good,Thompson Square,56,5,Gains In Performance
2016-08-06,59,Tuxedo,Clare Dunn,54,19,
2016-08-06,60,Beer Can In A Truck Bed,Old Dominion,59,14,Gains In Performance
2016-08-13,1,Record Year,Eric Church,3,26,Gains In Performance
2016-08-13,2,Fix,Chris Lane,4,34,Gains In Performance
2016-08-13,3,H.O.L.Y.,Florida Georgia Line,1,14,
2016-08-13,4,Head Over Boots,Jon Pardi,6,44,Gains In Performance
2016-08-13,5,From The Ground Up,Dan + Shay,7,26,Gains In Performance
2016-08-13,6,Church Bells,Carrie Underwood,2,18,
2016-08-13,7,Make You Miss Me,Sam Hunt,9,23,Gains In Performance
2016-08-13,8,American Country Love Song,Jake Owen,8,22,Gains In Performance
2016-08-13,9,Lights Come On,Jason Aldean,5,18,
2016-08-13,10,Peter Pan,Kelsea Ballerini,10,20,Gains In Performance
2016-08-13,11,You Look Like I Need A Drink,Justin Moore,11,39,Gains In Performance
2016-08-13,12,She's Got A Way With Words,Blake Shelton,12,9,Gains In Performance
2016-08-13,13,Different For Girls,Dierks Bentley Featuring Elle King,13,10,Gains In Performance
2016-08-13,14,Running For You,Kip Moore,14,41,Gains In Performance
2016-08-13,15,Rock On,Tucker Beathard,17,21,Gains In Performance
2016-08-13,16,Without A Fight,Brad Paisley Featuring Demi Lovato,16,12,Gains In Performance
2016-08-13,17,Castaway,Zac Brown Band,15,18,Gains In Performance
2016-08-13,18,I Know Somebody,LoCash,21,25,Gains In Performance
2016-08-13,19,I Met A Girl,William Michael Morgan,20,43,Gains In Performance
2016-08-13,20,It Don't Hurt Like It Used To,Billy Currington,19,26,Gains In Performance
2016-08-13,21,Middle Of A Memory,Cole Swindell,25,13,Gains In Performance
2016-08-13,22,Setting The World On Fire,Kenny Chesney Featuring P!nk,NEW,1,Highest ranking debut|Gains In Performance
2016-08-13,23,Lovin' Lately,Big & Rich Featuring Tim McGraw,22,30,Gains In Performance
2016-08-13,24,Sleep Without You,Brett Young,24,23,Gains In Performance
2016-08-13,25,Vice,Miranda Lambert,18,2,
2016-08-13,26,Livin' The Dream,Drake White,26,34,Gains In Performance
2016-08-13,27,A Little More Summertime,Jason Aldean,30,3,Gains In Performance
2016-08-13,28,Unlove You,Jennifer Nettles,27,29,Gains In Performance
2016-08-13,29,Move,Luke Bryan,35,3,Gains In Performance
2016-08-13,30,80s Mercedes,Maren Morris,29,6,Gains In Performance
2016-08-13,31,Song For Another Time,Old Dominion,28,8,Gains In Performance
2016-08-13,32,How I'll Always Be,Tim McGraw,31,3,Gains In Performance
2016-08-13,33,If The Boot Fits,Granger Smith,33,22,Gains In Performance
2016-08-13,34,21 Summer,Brothers Osborne,32,24,Gains In Performance
2016-08-13,35,Vacation,Thomas Rhett,34,7,Gains In Performance
2016-08-13,36,Wanna Be That Song,Brett Eldredge,36,11,Gains In Performance
2016-08-13,37,Make You Mine,High Valley,37,23,Gains In Performance
2016-08-13,38,A Little More Love,Jerrod Niemann & Lee Brice,40,13,Gains In Performance
2016-08-13,39,Parachute,Chris Stapleton,39,14,
2016-08-13,40,Sober Saturday Night,Chris Young Featuring Vince Gill,42,8,Gains In Performance
2016-08-13,41,Holdin' Her,Chris Janson,41,13,Gains In Performance
2016-08-13,42,Long Live Tonight,LANco,51,3,Gains In Performance
2016-08-13,43,Outskirts Of Heaven,Craig Campbell,43,16,Gains In Performance
2016-08-13,44,Seein' Red,Dustin Lynch,44,6,Gains In Performance
2016-08-13,45,Are You With Me,Easton Corbin,46,13,Gains In Performance
2016-08-13,46,Hometown Girl,Josh Turner,48,9,Gains In Performance
2016-08-13,47,Wasn't That Drunk,Josh Abbott Band With Carly Pearce,45,17,Gains In Performance
2016-08-13,48,Think A Little Less,Michael Ray,47,15,Gains In Performance
2016-08-13,49,The Weekend,Brantley Gilbert,38,2,
2016-08-13,50,Lipstick,Runaway June,49,9,Gains In Performance
2016-08-13,51,Saltwater Gospel (Fins Up Version),Eli Young Band & Jimmy Buffett,50,5,Gains In Performance
2016-08-13,52,Where Do You Go?,The Last Bandoleros,52,5,
2016-08-13,53,Roots,Parmalee,55,13,Gains In Performance
2016-08-13,54,There's A Girl,Trent Harmon,53,2,Gains In Performance
2016-08-13,55,Beer Can In A Truck Bed,Old Dominion,60,15,Gains In Performance
2016-08-13,56,A Few More Cowboys,Toby Keith,54,4,
2016-08-13,57,You Make It Look So Good,Thompson Square,58,6,
2016-08-13,58,If I Told You,Darius Rucker,RE,2,Gains In Performance
2016-08-13,59,Summer,Cassadee Pope,57,7,
2016-08-13,60,Sierra,Maddie & Tae,56,11,
2016-08-20,1,Fix,Chris Lane,2,35,Gains In Performance
2016-08-20,2,Record Year,Eric Church,1,27,
2016-08-20,3,Head Over Boots,Jon Pardi,4,45,Gains In Performance
2016-08-20,4,Make You Miss Me,Sam Hunt,7,24,Gains In Performance
2016-08-20,5,From The Ground Up,Dan + Shay,5,27,Gains In Performance
2016-08-20,6,American Country Love Song,Jake Owen,8,23,Gains In Performance
2016-08-20,7,H.O.L.Y.,Florida Georgia Line,3,15,
2016-08-20,8,Peter Pan,Kelsea Ballerini,10,21,Gains In Performance
2016-08-20,9,Church Bells,Carrie Underwood,6,19,
2016-08-20,10,You Look Like I Need A Drink,Justin Moore,11,40,Gains In Performance
2016-08-20,11,Different For Girls,Dierks Bentley Featuring Elle King,13,11,Gains In Performance
2016-08-20,12,She's Got A Way With Words,Blake Shelton,12,10,Gains In Performance
2016-08-20,13,Running For You,Kip Moore,14,42,Gains In Performance
2016-08-20,14,Rock On,Tucker Beathard,15,22,Gains In Performance
2016-08-20,15,Castaway,Zac Brown Band,17,19,Gains In Performance
2016-08-20,16,Without A Fight,Brad Paisley Featuring Demi Lovato,16,13,Gains In Performance
2016-08-20,17,I Know Somebody,LoCash,18,26,Gains In Performance
2016-08-20,18,I Met A Girl,William Michael Morgan,19,44,Gains In Performance
2016-08-20,19,Middle Of A Memory,Cole Swindell,21,14,Gains In Performance
2016-08-20,20,It Don't Hurt Like It Used To,Billy Currington,20,27,Gains In Performance
2016-08-20,21,Vice,Miranda Lambert,25,3,Gains In Performance
2016-08-20,22,Lovin' Lately,Big & Rich Featuring Tim McGraw,23,31,Gains In Performance
2016-08-20,23,Setting The World On Fire,Kenny Chesney Featuring P!nk,22,2,Gains In Performance
2016-08-20,24,Sleep Without You,Brett Young,24,24,Gains In Performance
2016-08-20,25,Move,Luke Bryan,29,4,Gains In Performance
2016-08-20,26,A Little More Summertime,Jason Aldean,27,4,Gains In Performance
2016-08-20,27,Livin' The Dream,Drake White,26,35,
2016-08-20,28,Unlove You,Jennifer Nettles,28,30,Gains In Performance
2016-08-20,29,Song For Another Time,Old Dominion,31,9,Gains In Performance
2016-08-20,30,How I'll Always Be,Tim McGraw,32,4,Gains In Performance
2016-08-20,31,80s Mercedes,Maren Morris,30,7,Gains In Performance
2016-08-20,32,If The Boot Fits,Granger Smith,33,23,Gains In Performance
2016-08-20,33,21 Summer,Brothers Osborne,34,25,Gains In Performance
2016-08-20,34,Wanna Be That Song,Brett Eldredge,36,12,Gains In Performance
2016-08-20,35,Vacation,Thomas Rhett,35,8,
2016-08-20,36,Make You Mine,High Valley,37,24,Gains In Performance
2016-08-20,37,Parachute,Chris Stapleton,39,15,Gains In Performance
2016-08-20,38,A Little More Love,Jerrod Niemann & Lee Brice,38,14,Gains In Performance
2016-08-20,39,Comeback Kid,The Band Perry,NEW,1,Highest ranking debut|Gains In Performance
2016-08-20,40,Holdin' Her,Chris Janson,41,14,Gains In Performance
2016-08-20,41,Long Live Tonight,LANco,42,4,Gains In Performance
2016-08-20,42,Sober Saturday Night,Chris Young Featuring Vince Gill,40,9,
2016-08-20,43,Wasn't That Drunk,Josh Abbott Band With Carly Pearce,47,18,Gains In Performance
2016-08-20,44,Outskirts Of Heaven,Craig Campbell,43,17,Gains In Performance
2016-08-20,45,Seein' Red,Dustin Lynch,44,7,
2016-08-20,46,Think A Little Less,Michael Ray,48,16,Gains In Performance
2016-08-20,47,Hometown Girl,Josh Turner,46,10,
2016-08-20,48,The Weekend,Brantley Gilbert,49,3,Gains In Performance
2016-08-20,49,Are You With Me,Easton Corbin,45,14,
2016-08-20,50,Lipstick,Runaway June,50,10,
2016-08-20,51,May We All,Florida Georgia Line Featuring Tim McGraw,NEW,1,Gains In Performance
2016-08-20,52,There's A Girl,Trent Harmon,54,3,Gains In Performance
2016-08-20,53,Saltwater Gospel (Fins Up Version),Eli Young Band & Jimmy Buffett,51,6,
2016-08-20,54,Roots,Parmalee,53,14,Gains In Performance
2016-08-20,55,Beer Can In A Truck Bed,Old Dominion,55,16,Gains In Performance
2016-08-20,56,Heartbreak Song,Mickey Guyton,NEW,1,Gains In Performance
2016-08-20,57,You Make It Look So Good,Thompson Square,57,7,Gains In Performance
2016-08-20,58,Where Do You Go?,The Last Bandoleros,52,6,
2016-08-20,59,If I Told You,Darius Rucker,58,3,Gains In Performance
2016-08-20,60,A Few More Cowboys,Toby Keith,56,5,
2016-08-27,1,Head Over Boots,Jon Pardi,3,46,Gains In Performance
2016-08-27,2,From The Ground Up,Dan + Shay,5,28,Gains In Performance
2016-08-27,3,Make You Miss Me,Sam Hunt,4,25,Gains In Performance
2016-08-27,4,American Country Love Song,Jake Owen,6,24,Gains In Performance
2016-08-27,5,Peter Pan,Kelsea Ballerini,8,22,Gains In Performance
2016-08-27,6,Fix,Chris Lane,1,36,
2016-08-27,7,Record Year,Eric Church,2,28,
2016-08-27,8,H.O.L.Y.,Florida Georgia Line,7,16,
2016-08-27,9,Different For Girls,Dierks Bentley Featuring Elle King,11,12,Gains In Performance
2016-08-27,10,You Look Like I Need A Drink,Justin Moore,10,41,Gains In Performance
2016-08-27,11,She's Got A Way With Words,Blake Shelton,12,11,Gains In Performance
2016-08-27,12,Rock On,Tucker Beathard,14,23,Gains In Performance
2016-08-27,13,I Know Somebody,LoCash,17,27,Gains In Performance
2016-08-27,14,Castaway,Zac Brown Band,15,20,Gains In Performance
2016-08-27,15,Running For You,Kip Moore,13,43,
2016-08-27,16,I Met A Girl,William Michael Morgan,18,45,Gains In Performance
2016-08-27,17,Setting The World On Fire,Kenny Chesney Featuring P!nk,23,3,Greatest gainer this week|Gains In Performance
2016-08-27,18,It Don't Hurt Like It Used To,Billy Currington,20,28,Gains In Performance
2016-08-27,19,Without A Fight,Brad Paisley Featuring Demi Lovato,16,14,
2016-08-27,20,Middle Of A Memory,Cole Swindell,19,15,Gains In Performance
2016-08-27,21,Move,Luke Bryan,25,5,Gains In Performance
2016-08-27,22,Vice,Miranda Lambert,21,4,Gains In Performance
2016-08-27,23,Sleep Without You,Brett Young,24,25,Gains In Performance
2016-08-27,24,Lovin' Lately,Big & Rich Featuring Tim McGraw,22,32,Gains In Performance
2016-08-27,25,A Little More Summertime,Jason Aldean,26,5,Gains In Performance
2016-08-27,26,Livin' The Dream,Drake White,27,36,
2016-08-27,27,How I'll Always Be,Tim McGraw,30,5,Gains In Performance
2016-08-27,28,Song For Another Time,Old Dominion,29,10,Gains In Performance
2016-08-27,29,Unlove You,Jennifer Nettles,28,31,
2016-08-27,30,80s Mercedes,Maren Morris,31,8,Gains In Performance
2016-08-27,31,If The Boot Fits,Granger Smith,32,24,Gains In Performance
2016-08-27,32,21 Summer,Brothers Osborne,33,26,
2016-08-27,33,Wanna Be That Song,Brett Eldredge,34,13,Gains In Performance
2016-08-27,34,Vacation,Thomas Rhett,35,9,
2016-08-27,35,Make You Mine,High Valley,36,25,Gains In Performance
2016-08-27,36,A Little More Love,Jerrod Niemann & Lee Brice,38,15,Gains In Performance
2016-08-27,37,Parachute,Chris Stapleton,37,16,Gains In Performance
2016-08-27,38,May We All,Florida Georgia Line Featuring Tim McGraw,51,2,Gains In Performance
2016-08-27,39,Holdin' Her,Chris Janson,40,15,Gains In Performance
2016-08-27,40,Long Live Tonight,LANco,41,5,Gains In Performance
2016-08-27,41,Wasn't That Drunk,Josh Abbott Band With Carly Pearce,43,19,Gains In Performance
2016-08-27,42,Sober Saturday Night,Chris Young Featuring Vince Gill,42,10,Gains In Performance
2016-08-27,43,The Weekend,Brantley Gilbert,48,4,Gains In Performance
2016-08-27,44,Outskirts Of Heaven,Craig Campbell,44,18,Gains In Performance
2016-08-27,45,Think A Little Less,Michael Ray,46,17,Gains In Performance
2016-08-27,46,Seein' Red,Dustin Lynch,45,8,Gains In Performance
2016-08-27,47,Comeback Kid,The Band Perry,39,2,
2016-08-27,48,Hometown Girl,Josh Turner,47,11,Gains In Performance
2016-08-27,49,Lipstick,Runaway June,50,11,Gains In Performance
2016-08-27,50,Saltwater Gospel (Fins Up Version),Eli Young Band & Jimmy Buffett,53,7,Gains In Performance
2016-08-27,51,There's A Girl,Trent Harmon,52,4,Gains In Performance
2016-08-27,52,Are You With Me,Easton Corbin,49,15,
2016-08-27,53,Roots,Parmalee,54,15,Gains In Performance
2016-08-27,54,Beer Can In A Truck Bed,Old Dominion,55,17,Gains In Performance
2016-08-27,55,Heartbreak Song,Mickey Guyton,56,2,Gains In Performance
2016-08-27,56,You Make It Look So Good,Thompson Square,57,8,Gains In Performance
2016-08-27,57,Love Triangle,RaeLynn,NEW,1,Highest ranking debut|Gains In Performance
2016-08-27,58,Damn Drunk,Ronnie Dunn With Kix Brooks,NEW,1,Gains In Performance
2016-08-27,59,If I Told You,Darius Rucker,59,4,
2016-08-27,60,Do You Wish It Was Me?,Gary Allan,RE,3,Gains In Performance
2016-09-03,1,From The Ground Up,Dan + Shay,2,29,Gains In Performance
2016-09-03,2,Make You Miss Me,Sam Hunt,3,26,Gains In Performance
2016-09-03,3,Peter Pan,Kelsea Ballerini,5,23,Greatest gainer this week|Gains In Performance
2016-09-03,4,American Country Love Song,Jake Owen,4,25,Gains In Performance
2016-09-03,5,You Look Like I Need A Drink,Justin Moore,10,42,Gains In Performance
2016-09-03,6,Different For Girls,Dierks Bentley Featuring Elle King,9,13,Gains In Performance
2016-09-03,7,Fix,Chris Lane,6,37,
2016-09-03,8,H.O.L.Y.,Florida Georgia Line,8,17,
2016-09-03,9,Head Over Boots,Jon Pardi,1,47,
2016-09-03,10,She's Got A Way With Words,Blake Shelton,11,12,Gains In Performance
2016-09-03,11,Rock On,Tucker Beathard,12,24,Gains In Performance
2016-09-03,12,Setting The World On Fire,Kenny Chesney Featuring P!nk,17,4,Gains In Performance
2016-09-03,13,I Met A Girl,William Michael Morgan,16,46,Gains In Performance
2016-09-03,14,It Don't Hurt Like It Used To,Billy Currington,18,29,Gains In Performance
2016-09-03,15,I Know Somebody,LoCash,13,28,Gains In Performance
2016-09-03,16,Castaway,Zac Brown Band,14,21,Gains In Performance
2016-09-03,17,Move,Luke Bryan,21,6,Gains In Performance
2016-09-03,18,Middle Of A Memory,Cole Swindell,20,16,Gains In Performance
2016-09-03,19,Vice,Miranda Lambert,22,5,Gains In Performance
2016-09-03,20,Sleep Without You,Brett Young,23,26,Gains In Performance
2016-09-03,21,Lovin' Lately,Big & Rich Featuring Tim McGraw,24,33,Gains In Performance
2016-09-03,22,A Little More Summertime,Jason Aldean,25,6,Gains In Performance
2016-09-03,23,Without A Fight,Brad Paisley Featuring Demi Lovato,19,15,
2016-09-03,24,How I'll Always Be,Tim McGraw,27,6,Gains In Performance
2016-09-03,25,Livin' The Dream,Drake White,26,37,Gains In Performance
2016-09-03,26,Song For Another Time,Old Dominion,28,11,Gains In Performance
2016-09-03,27,80s Mercedes,Maren Morris,30,9,Gains In Performance
2016-09-03,28,If The Boot Fits,Granger Smith,31,25,Gains In Performance
2016-09-03,29,Wanna Be That Song,Brett Eldredge,33,14,Gains In Performance
2016-09-03,30,21 Summer,Brothers Osborne,32,27,Gains In Performance
2016-09-03,31,Vacation,Thomas Rhett,34,10,Gains In Performance
2016-09-03,32,May We All,Florida Georgia Line Featuring Tim McGraw,38,3,Gains In Performance
2016-09-03,33,Make You Mine,High Valley,35,26,Gains In Performance
2016-09-03,34,Parachute,Chris Stapleton,37,17,Gains In Performance
2016-09-03,35,A Little More Love,Jerrod Niemann & Lee Brice,36,16,Gains In Performance
2016-09-03,36,Holdin' Her,Chris Janson,39,16,Gains In Performance
2016-09-03,37,Long Live Tonight,LANco,40,6,Gains In Performance
2016-09-03,38,Sober Saturday Night,Chris Young Featuring Vince Gill,42,11,Gains In Performance
2016-09-03,39,Wasn't That Drunk,Josh Abbott Band With Carly Pearce,41,20,Gains In Performance
2016-09-03,40,Outskirts Of Heaven,Craig Campbell,44,19,Gains In Performance
2016-09-03,41,The Weekend,Brantley Gilbert,43,5,Gains In Performance
2016-09-03,42,Think A Little Less,Michael Ray,45,18,Gains In Performance
2016-09-03,43,Comeback Kid,The Band Perry,47,3,Gains In Performance
2016-09-03,44,Seein' Red,Dustin Lynch,46,9,Gains In Performance
2016-09-03,45,Hometown Girl,Josh Turner,48,12,Gains In Performance
2016-09-03,46,There's A Girl,Trent Harmon,51,5,Gains In Performance
2016-09-03,47,Saltwater Gospel (Fins Up Version),Eli Young Band & Jimmy Buffett,50,8,Gains In Performance
2016-09-03,48,Blue Ain't Your Color,Keith Urban,NEW,1,Highest ranking debut|Gains In Performance
2016-09-03,49,Heartbreak Song,Mickey Guyton,55,3,Gains In Performance
2016-09-03,50,Lipstick,Runaway June,49,12,
2016-09-03,51,Are You With Me,Easton Corbin,52,16,Gains In Performance
2016-09-03,52,Roots,Parmalee,53,16,Gains In Performance
2016-09-03,53,Beer Can In A Truck Bed,Old Dominion,54,18,
2016-09-03,54,Love Triangle,RaeLynn,57,2,Gains In Performance
2016-09-03,55,If I Told You,Darius Rucker,59,5,Gains In Performance
2016-09-03,56,You Make It Look So Good,Thompson Square,56,9,
2016-09-03,57,Road Less Traveled,Lauren Alaina,NEW,1,Gains In Performance
2016-09-03,58,A Few More Cowboys,Toby Keith,RE,6,Gains In Performance
2016-09-03,59,Do You Wish It Was Me?,Gary Allan,60,4,Gains In Performance
2016-09-03,60,Everybody We Know Does,Chase Rice,NEW,1,Gains In Performance
2016-09-10,1,Make You Miss Me,Sam Hunt,2,27,Gains In Performance
2016-09-10,2,American Country Love Song,Jake Owen,4,26,Gains In Performance
2016-09-10,3,Peter Pan,Kelsea Ballerini,3,24,Gains In Performance
2016-09-10,4,Different For Girls,Dierks Bentley Featuring Elle King,6,14,Gains In Performance
2016-09-10,5,From The Ground Up,Dan + Shay,1,30,
2016-09-10,6,You Look Like I Need A Drink,Justin Moore,5,43,Gains In Performance
2016-09-10,7,She's Got A Way With Words,Blake Shelton,10,13,Gains In Performance
2016-09-10,8,Setting The World On Fire,Kenny Chesney Featuring P!nk,12,5,Gains In Performance
2016-09-10,9,Rock On,Tucker Beathard,11,25,Gains In Performance
2016-09-10,10,I Met A Girl,William Michael Morgan,13,47,Gains In Performance
2016-09-10,11,It Don't Hurt Like It Used To,Billy Currington,14,30,Gains In Performance
2016-09-10,12,I Know Somebody,LoCash,15,29,Gains In Performance
2016-09-10,13,Move,Luke Bryan,17,7,Gains In Performance
2016-09-10,14,Middle Of A Memory,Cole Swindell,18,17,Gains In Performance
2016-09-10,15,Castaway,Zac Brown Band,16,22,Gains In Performance
2016-09-10,16,Sleep Without You,Brett Young,20,27,Gains In Performance
2016-09-10,17,A Little More Summertime,Jason Aldean,22,7,Gains In Performance
2016-09-10,18,Vice,Miranda Lambert,19,6,Gains In Performance
2016-09-10,19,Lovin' Lately,Big & Rich Featuring Tim McGraw,21,34,Gains In Performance
2016-09-10,20,How I'll Always Be,Tim McGraw,24,7,Gains In Performance
2016-09-10,21,Livin' The Dream,Drake White,25,38,Gains In Performance
2016-09-10,22,Song For Another Time,Old Dominion,26,12,Gains In Performance
2016-09-10,23,80s Mercedes,Maren Morris,27,10,Gains In Performance
2016-09-10,24,If The Boot Fits,Granger Smith,28,26,Gains In Performance
2016-09-10,25,May We All,Florida Georgia Line Featuring Tim McGraw,32,4,Gains In Performance
2016-09-10,26,Wanna Be That Song,Brett Eldredge,29,15,Gains In Performance
2016-09-10,27,21 Summer,Brothers Osborne,30,28,Gains In Performance
2016-09-10,28,Road Less Traveled,Lauren Alaina,57,2,Greatest gainer this week|Gains In Performance
2016-09-10,29,Blue Ain't Your Color,Keith Urban,48,2,Gains In Performance
2016-09-10,30,Parachute,Chris Stapleton,34,18,Gains In Performance
2016-09-10,31,Vacation,Thomas Rhett,31,11,
2016-09-10,32,A Little More Love,Jerrod Niemann & Lee Brice,35,17,Gains In Performance
2016-09-10,33,Make You Mine,High Valley,33,27,Gains In Performance
2016-09-10,34,Holdin' Her,Chris Janson,36,17,Gains In Performance
2016-09-10,35,Long Live Tonight,LANco,37,7,Gains In Performance
2016-09-10,36,Sober Saturday Night,Chris Young Featuring Vince Gill,38,12,Gains In Performance
2016-09-10,37,Wasn't That Drunk,Josh Abbott Band With Carly Pearce,39,21,Gains In Performance
2016-09-10,38,Think A Little Less,Michael Ray,42,19,Gains In Performance
2016-09-10,39,The Weekend,Brantley Gilbert,41,6,Gains In Performance
2016-09-10,40,Comeback Kid,The Band Perry,43,4,Gains In Performance
2016-09-10,41,Outskirts Of Heaven,Craig Campbell,40,20,Gains In Performance
2016-09-10,42,Seein' Red,Dustin Lynch,44,10,Gains In Performance
2016-09-10,43,There's A Girl,Trent Harmon,46,6,Gains In Performance
2016-09-10,44,Hometown Girl,Josh Turner,45,13,Gains In Performance
2016-09-10,45,Saltwater Gospel (Fins Up Version),Eli Young Band & Jimmy Buffett,47,9,Gains In Performance
2016-09-10,46,Lipstick,Runaway June,50,13,Gains In Performance
2016-09-10,47,Are You With Me,Easton Corbin,51,17,Gains In Performance
2016-09-10,48,Roots,Parmalee,52,17,Gains In Performance
2016-09-10,49,Heartbreak Song,Mickey Guyton,49,4,
2016-09-10,50,Beer Can In A Truck Bed,Old Dominion,53,19,Gains In Performance
2016-09-10,51,Dirty Laundry,Carrie Underwood,NEW,1,Highest ranking debut|Gains In Performance
2016-09-10,52,Love Triangle,RaeLynn,54,3,Gains In Performance
2016-09-10,53,You Make It Look So Good,Thompson Square,56,10,Gains In Performance
2016-09-10,54,If I Told You,Darius Rucker,55,6,Gains In Performance
2016-09-10,55,A Few More Cowboys,Toby Keith,58,7,Gains In Performance
2016-09-10,56,Room To Breathe,Chase Bryant,NEW,1,Gains In Performance
2016-09-10,57,Everybody We Know Does,Chase Rice,60,2,Gains In Performance
2016-09-10,58,Kill A Word,Eric Church Featuring Rhiannon Giddens,NEW,1,Gains In Performance
2016-09-10,59,Cigarette,Frankie Ballard,NEW,1,Gains In Performance
2016-09-10,60,Do You Wish It Was Me?,Gary Allan,59,5,Gains In Performance
2016-09-17,1,American Country Love Song,Jake Owen,2,27,Greatest gainer this week|Gains In Performance
2016-09-17,2,Peter Pan,Kelsea Ballerini,3,25,Gains In Performance
2016-09-17,3,Make You Miss Me,Sam Hunt,1,28,
2016-09-17,4,Different For Girls,Dierks Bentley Featuring Elle King,4,15,Gains In Performance
2016-09-17,5,You Look Like I Need A Drink,Justin Moore,6,44,Gains In Performance
2016-09-17,6,Setting The World On Fire,Kenny Chesney Featuring P!nk,8,6,Gains In Performance
2016-09-17,7,I Met A Girl,William Michael Morgan,10,48,Gains In Performance
2016-09-17,8,Rock On,Tucker Beathard,9,26,Gains In Performance
2016-09-17,9,She's Got A Way With Words,Blake Shelton,7,14,Gains In Performance
2016-09-17,10,It Don't Hurt Like It Used To,Billy Currington,11,31,Gains In Performance
2016-09-17,11,I Know Somebody,LoCash,12,30,Gains In Performance
2016-09-17,12,Move,Luke Bryan,13,8,Gains In Performance
2016-09-17,13,Middle Of A Memory,Cole Swindell,14,18,Gains In Performance
2016-09-17,14,Castaway,Zac Brown Band,15,23,Gains In Performance
2016-09-17,15,Sleep Without You,Brett Young,16,28,Gains In Performance
2016-09-17,16,A Little More Summertime,Jason Aldean,17,8,Gains In Performance
2016-09-17,17,Vice,Miranda Lambert,18,7,Gains In Performance
2016-09-17,18,Lovin' Lately,Big & Rich Featuring Tim McGraw,19,35,
2016-09-17,19,How I'll Always Be,Tim McGraw,20,8,Gains In Performance
2016-09-17,20,Livin' The Dream,Drake White,21,39,Gains In Performance
2016-09-17,21,Song For Another Time,Old Dominion,22,13,Gains In Performance
2016-09-17,22,80s Mercedes,Maren Morris,23,11,Gains In Performance
2016-09-17,23,If The Boot Fits,Granger Smith,24,27,Gains In Performance
2016-09-17,24,May We All,Florida Georgia Line Featuring Tim McGraw,25,5,Gains In Performance
2016-09-17,25,Wanna Be That Song,Brett Eldredge,26,16,Gains In Performance
2016-09-17,26,Blue Ain't Your Color,Keith Urban,29,3,Gains In Performance
2016-09-17,27,21 Summer,Brothers Osborne,27,29,Gains In Performance
2016-09-17,28,Road Less Traveled,Lauren Alaina,28,3,Gains In Performance
2016-09-17,29,Parachute,Chris Stapleton,30,19,Gains In Performance
2016-09-17,30,Vacation,Thomas Rhett,31,12,Gains In Performance
2016-09-17,31,A Little More Love,Jerrod Niemann & Lee Brice,32,18,Gains In Performance
2016-09-17,32,Make You Mine,High Valley,33,28,
2016-09-17,33,Long Live Tonight,LANco,35,8,Gains In Performance
2016-09-17,34,Sober Saturday Night,Chris Young Featuring Vince Gill,36,13,Gains In Performance
2016-09-17,35,Holdin' Her,Chris Janson,34,18,Gains In Performance
2016-09-17,36,Hometown Girl,Josh Turner,44,14,Gains In Performance
2016-09-17,37,Think A Little Less,Michael Ray,38,20,Gains In Performance
2016-09-17,38,There's A Girl,Trent Harmon,43,7,Gains In Performance
2016-09-17,39,Wasn't That Drunk,Josh Abbott Band With Carly Pearce,37,22,
2016-09-17,40,The Weekend,Brantley Gilbert,39,7,Gains In Performance
2016-09-17,41,Seein' Red,Dustin Lynch,42,11,Gains In Performance
2016-09-17,42,Outskirts Of Heaven,Craig Campbell,41,21,
2016-09-17,43,Comeback Kid,The Band Perry,40,5,
2016-09-17,44,Saltwater Gospel (Fins Up Version),Eli Young Band & Jimmy Buffett,45,10,Gains In Performance
2016-09-17,45,Lipstick,Runaway June,46,14,Gains In Performance
2016-09-17,46,Are You With Me,Easton Corbin,47,18,Gains In Performance
2016-09-17,47,Dirty Laundry,Carrie Underwood,51,2,Gains In Performance
2016-09-17,48,Kill A Word,Eric Church Featuring Rhiannon Giddens,58,2,Gains In Performance
2016-09-17,49,Heartbreak Song,Mickey Guyton,49,5,Gains In Performance
2016-09-17,50,Roots,Parmalee,48,18,
2016-09-17,51,If I Told You,Darius Rucker,54,7,Gains In Performance
2016-09-17,52,My Girl,Dylan Scott,NEW,1,Highest ranking debut|Gains In Performance
2016-09-17,53,Beer Can In A Truck Bed,Old Dominion,50,20,
2016-09-17,54,Love Triangle,RaeLynn,52,4,Gains In Performance
2016-09-17,55,A Few More Cowboys,Toby Keith,55,8,Gains In Performance
2016-09-17,56,You Make It Look So Good,Thompson Square,53,11,
2016-09-17,57,Thunder In The Rain,Kane Brown,NEW,1,Gains In Performance
2016-09-17,58,Damn Drunk,Ronnie Dunn With Kix Brooks,RE,2,Gains In Performance
2016-09-17,59,Room To Breathe,Chase Bryant,56,2,
2016-09-17,60,Cigarette,Frankie Ballard,59,2,Gains In Performance
2016-09-24,1,Peter Pan,Kelsea Ballerini,2,26,Gains In Performance
2016-09-24,2,Different For Girls,Dierks Bentley Featuring Elle King,4,16,Gains In Performance
2016-09-24,3,American Country Love Song,Jake Owen,1,28,
2016-09-24,4,You Look Like I Need A Drink,Justin Moore,5,45,Gains In Performance
2016-09-24,5,Make You Miss Me,Sam Hunt,3,29,
2016-09-24,6,Setting The World On Fire,Kenny Chesney Featuring P!nk,6,7,Gains In Performance
2016-09-24,7,I Met A Girl,William Michael Morgan,7,49,Gains In Performance
2016-09-24,8,It Don't Hurt Like It Used To,Billy Currington,10,32,Greatest gainer this week|Gains In Performance
2016-09-24,9,Rock On,Tucker Beathard,8,27,Gains In Performance
2016-09-24,10,I Know Somebody,LoCash,11,31,Gains In Performance
2016-09-24,11,Move,Luke Bryan,12,9,Gains In Performance
2016-09-24,12,She's Got A Way With Words,Blake Shelton,9,15,Gains In Performance
2016-09-24,13,Middle Of A Memory,Cole Swindell,13,19,Gains In Performance
2016-09-24,14,Sleep Without You,Brett Young,15,29,Gains In Performance
2016-09-24,15,A Little More Summertime,Jason Aldean,16,9,Gains In Performance
2016-09-24,16,Castaway,Zac Brown Band,14,24,
2016-09-24,17,Vice,Miranda Lambert,17,8,Gains In Performance
2016-09-24,18,Lovin' Lately,Big & Rich Featuring Tim McGraw,18,36,Gains In Performance
2016-09-24,19,How I'll Always Be,Tim McGraw,19,9,Gains In Performance
2016-09-24,20,Livin' The Dream,Drake White,20,40,Gains In Performance
2016-09-24,21,Song For Another Time,Old Dominion,21,14,Gains In Performance
2016-09-24,22,80s Mercedes,Maren Morris,22,12,Gains In Performance
2016-09-24,23,May We All,Florida Georgia Line Featuring Tim McGraw,24,6,Gains In Performance
2016-09-24,24,If The Boot Fits,Granger Smith,23,28,Gains In Performance
2016-09-24,25,Blue Ain't Your Color,Keith Urban,26,4,Gains In Performance
2016-09-24,26,Wanna Be That Song,Brett Eldredge,25,17,Gains In Performance
2016-09-24,27,Road Less Traveled,Lauren Alaina,28,4,Gains In Performance
2016-09-24,28,21 Summer,Brothers Osborne,27,30,
2016-09-24,29,Parachute,Chris Stapleton,29,20,Gains In Performance
2016-09-24,30,A Little More Love,Jerrod Niemann & Lee Brice,31,19,Gains In Performance
2016-09-24,31,Vacation,Thomas Rhett,30,13,Gains In Performance
2016-09-24,32,Make You Mine,High Valley,32,29,Gains In Performance
2016-09-24,33,Sober Saturday Night,Chris Young Featuring Vince Gill,34,14,Gains In Performance
2016-09-24,34,Dirty Laundry,Carrie Underwood,47,3,Gains In Performance
2016-09-24,35,Long Live Tonight,LANco,33,9,Gains In Performance
2016-09-24,36,Holdin' Her,Chris Janson,35,19,Gains In Performance
2016-09-24,37,Hometown Girl,Josh Turner,36,15,Gains In Performance
2016-09-24,38,Think A Little Less,Michael Ray,37,21,Gains In Performance
2016-09-24,39,Seein' Red,Dustin Lynch,41,12,Gains In Performance
2016-09-24,40,There's A Girl,Trent Harmon,38,8,Gains In Performance
2016-09-24,41,The Weekend,Brantley Gilbert,40,8,Gains In Performance
2016-09-24,42,Outskirts Of Heaven,Craig Campbell,42,22,Gains In Performance
2016-09-24,43,Kill A Word,Eric Church Featuring Rhiannon Giddens,48,3,Gains In Performance
2016-09-24,44,Comeback Kid,The Band Perry,43,6,
2016-09-24,45,Saltwater Gospel (Fins Up Version),Eli Young Band & Jimmy Buffett,44,11,
2016-09-24,46,Lipstick,Runaway June,45,15,Gains In Performance
2016-09-24,47,Are You With Me,Easton Corbin,46,19,Gains In Performance
2016-09-24,48,Heartbreak Song,Mickey Guyton,49,6,Gains In Performance
2016-09-24,49,My Girl,Dylan Scott,52,2,Gains In Performance
2016-09-24,50,If I Told You,Darius Rucker,51,8,Gains In Performance
2016-09-24,51,Roots,Parmalee,50,19,Gains In Performance
2016-09-24,52,Love Triangle,RaeLynn,54,5,
2016-09-24,53,Cigarette,Frankie Ballard,60,3,Gains In Performance
2016-09-24,54,Room To Breathe,Chase Bryant,59,3,Gains In Performance
2016-09-24,55,You Make It Look So Good,Thompson Square,56,12,Gains In Performance
2016-09-24,56,A Few More Cowboys,Toby Keith,55,9,
2016-09-24,57,Thunder In The Rain,Kane Brown,57,2,Gains In Performance
2016-09-24,58,Damn Drunk,Ronnie Dunn With Kix Brooks,58,3,Gains In Performance
2016-09-24,59,Everybody We Know Does,Chase Rice,RE,3,Gains In Performance
2016-09-24,60,Do You Wish It Was Me?,Gary Allan,RE,6,Gains In Performance
2016-10-01,1,Different For Girls,Dierks Bentley Featuring Elle King,2,17,Gains In Performance
2016-10-01,2,Peter Pan,Kelsea Ballerini,1,27,
2016-10-01,3,It Don't Hurt Like It Used To,Billy Currington,8,33,Greatest gainer this week|Gains In Performance
2016-10-01,4,You Look Like I Need A Drink,Justin Moore,4,46,Gains In Performance
2016-10-01,5,Setting The World On Fire,Kenny Chesney Featuring P!nk,6,8,Gains In Performance
2016-10-01,6,Rock On,Tucker Beathard,9,28,Gains In Performance
2016-10-01,7,I Met A Girl,William Michael Morgan,7,50,Gains In Performance
2016-10-01,8,I Know Somebody,LoCash,10,32,Gains In Performance
2016-10-01,9,Move,Luke Bryan,11,10,Gains In Performance
2016-10-01,10,Middle Of A Memory,Cole Swindell,13,20,Gains In Performance
2016-10-01,11,She's Got A Way With Words,Blake Shelton,12,16,
2016-10-01,12,A Little More Summertime,Jason Aldean,15,10,Gains In Performance
2016-10-01,13,Sleep Without You,Brett Young,14,30,Gains In Performance
2016-10-01,14,Vice,Miranda Lambert,17,9,Gains In Performance
2016-10-01,15,How I'll Always Be,Tim McGraw,19,10,Gains In Performance
2016-10-01,16,Lovin' Lately,Big & Rich Featuring Tim McGraw,18,37,Gains In Performance
2016-10-01,17,Livin' The Dream,Drake White,20,41,Gains In Performance
2016-10-01,18,Song For Another Time,Old Dominion,21,15,Gains In Performance
2016-10-01,19,May We All,Florida Georgia Line Featuring Tim McGraw,23,7,Gains In Performance
2016-10-01,20,80s Mercedes,Maren Morris,22,13,Gains In Performance
2016-10-01,21,Blue Ain't Your Color,Keith Urban,25,5,Gains In Performance
2016-10-01,22,If The Boot Fits,Granger Smith,24,29,Gains In Performance
2016-10-01,23,Wanna Be That Song,Brett Eldredge,26,18,Gains In Performance
2016-10-01,24,Road Less Traveled,Lauren Alaina,27,5,Gains In Performance
2016-10-01,25,Dirty Laundry,Carrie Underwood,34,4,Gains In Performance
2016-10-01,26,Parachute,Chris Stapleton,29,21,Gains In Performance
2016-10-01,27,Make You Mine,High Valley,32,30,Gains In Performance
2016-10-01,28,A Little More Love,Jerrod Niemann & Lee Brice,30,20,Gains In Performance
2016-10-01,29,Holdin' Her,Chris Janson,36,20,Gains In Performance
2016-10-01,30,Sober Saturday Night,Chris Young Featuring Vince Gill,33,15,Gains In Performance
2016-10-01,31,Kill A Word,Eric Church Featuring Rhiannon Giddens,43,4,Gains In Performance
2016-10-01,32,Long Live Tonight,LANco,35,10,Gains In Performance
2016-10-01,33,Hometown Girl,Josh Turner,37,16,Gains In Performance
2016-10-01,34,Think A Little Less,Michael Ray,38,22,Gains In Performance
2016-10-01,35,There's A Girl,Trent Harmon,40,9,Gains In Performance
2016-10-01,36,Seein' Red,Dustin Lynch,39,13,Gains In Performance
2016-10-01,37,Vacation,Thomas Rhett,31,14,
2016-10-01,38,The Weekend,Brantley Gilbert,41,9,Gains In Performance
2016-10-01,39,Forever Country,"Artists Of Then, Now & Forever",NEW,1,Highest ranking debut|Gains In Performance
2016-10-01,40,Outskirts Of Heaven,Craig Campbell,42,23,Gains In Performance
2016-10-01,41,Saltwater Gospel (Fins Up Version),Eli Young Band & Jimmy Buffett,45,12,Gains In Performance
2016-10-01,42,Comeback Kid,The Band Perry,44,7,
2016-10-01,43,Are You With Me,Easton Corbin,47,20,Gains In Performance
2016-10-01,44,Lipstick,Runaway June,46,16,
2016-10-01,45,Heartbreak Song,Mickey Guyton,48,7,Gains In Performance
2016-10-01,46,My Girl,Dylan Scott,49,3,Gains In Performance
2016-10-01,47,If I Told You,Darius Rucker,50,9,Gains In Performance
2016-10-01,48,Roots,Parmalee,51,20,Gains In Performance
2016-10-01,49,Love Triangle,RaeLynn,52,6,Gains In Performance
2016-10-01,50,Everybody We Know Does,Chase Rice,59,4,Gains In Performance
2016-10-01,51,Room To Breathe,Chase Bryant,54,4,Gains In Performance
2016-10-01,52,Cigarette,Frankie Ballard,53,4,
2016-10-01,53,Damn Drunk,Ronnie Dunn With Kix Brooks,58,4,Gains In Performance
2016-10-01,54,Thunder In The Rain,Kane Brown,57,3,Gains In Performance
2016-10-01,55,You Make It Look So Good,Thompson Square,55,13,
2016-10-01,56,A Few More Cowboys,Toby Keith,56,10,
2016-10-01,57,Undone,Joe Nichols,RE,2,Gains In Performance
2016-10-01,58,For Her,Chris Lane,NEW,1,Gains In Performance
2016-10-01,59,Do You Wish It Was Me?,Gary Allan,60,7,
2016-10-01,60,Circles,Jana Kramer,NEW,1,Gains In Performance
2016-10-08,1,You Look Like I Need A Drink,Justin Moore,4,47,Greatest gainer this week|Gains In Performance
2016-10-08,2,It Don't Hurt Like It Used To,Billy Currington,3,34,Gains In Performance
2016-10-08,3,I Met A Girl,William Michael Morgan,7,51,Gains In Performance
2016-10-08,4,Different For Girls,Dierks Bentley Featuring Elle King,1,18,
2016-10-08,5,Rock On,Tucker Beathard,6,29,Gains In Performance
2016-10-08,6,Setting The World On Fire,Kenny Chesney Featuring P!nk,5,9,Gains In Performance
2016-10-08,7,Move,Luke Bryan,9,11,Gains In Performance
2016-10-08,8,I Know Somebody,LoCash,8,33,Gains In Performance
2016-10-08,9,Peter Pan,Kelsea Ballerini,2,28,
2016-10-08,10,Middle Of A Memory,Cole Swindell,10,21,Gains In Performance
2016-10-08,11,A Little More Summertime,Jason Aldean,12,11,Gains In Performance
2016-10-08,12,Sleep Without You,Brett Young,13,31,Gains In Performance
2016-10-08,13,Vice,Miranda Lambert,14,10,Gains In Performance
2016-10-08,14,How I'll Always Be,Tim McGraw,15,11,Gains In Performance
2016-10-08,15,Lovin' Lately,Big & Rich Featuring Tim McGraw,16,38,Gains In Performance
2016-10-08,16,Livin' The Dream,Drake White,17,42,Gains In Performance
2016-10-08,17,Song For Another Time,Old Dominion,18,16,Gains In Performance
2016-10-08,18,May We All,Florida Georgia Line Featuring Tim McGraw,19,8,Gains In Performance
2016-10-08,19,80s Mercedes,Maren Morris,20,14,Gains In Performance
2016-10-08,20,Blue Ain't Your Color,Keith Urban,21,6,Gains In Performance
2016-10-08,21,She's Got A Way With Words,Blake Shelton,11,17,
2016-10-08,22,If The Boot Fits,Granger Smith,22,30,Gains In Performance
2016-10-08,23,Wanna Be That Song,Brett Eldredge,23,19,Gains In Performance
2016-10-08,24,Dirty Laundry,Carrie Underwood,25,5,Gains In Performance
2016-10-08,25,Road Less Traveled,Lauren Alaina,24,6,Gains In Performance
2016-10-08,26,Parachute,Chris Stapleton,26,22,Gains In Performance
2016-10-08,27,21 Summer,Brothers Osborne,RE,31,Gains In Performance
2016-10-08,28,Kill A Word,Eric Church Featuring Rhiannon Giddens,31,5,Gains In Performance
2016-10-08,29,Make You Mine,High Valley,27,31,Gains In Performance
2016-10-08,30,Sober Saturday Night,Chris Young Featuring Vince Gill,30,16,Gains In Performance
2016-10-08,31,A Little More Love,Jerrod Niemann & Lee Brice,28,21,Gains In Performance
2016-10-08,32,Holdin' Her,Chris Janson,29,21,Gains In Performance
2016-10-08,33,Forever Country,"Artists Of Then, Now & Forever",39,2,Gains In Performance
2016-10-08,34,Think A Little Less,Michael Ray,34,23,Gains In Performance
2016-10-08,35,Seein' Red,Dustin Lynch,36,14,Gains In Performance
2016-10-08,36,Hometown Girl,Josh Turner,33,17,Gains In Performance
2016-10-08,37,The Weekend,Brantley Gilbert,38,10,Gains In Performance
2016-10-08,38,Long Live Tonight,LANco,32,11,
2016-10-08,39,There's A Girl,Trent Harmon,35,10,Gains In Performance
2016-10-08,40,Outskirts Of Heaven,Craig Campbell,40,24,Gains In Performance
2016-10-08,41,Saltwater Gospel (Fins Up Version),Eli Young Band & Jimmy Buffett,41,13,
2016-10-08,42,Lipstick,Runaway June,44,17,Gains In Performance
2016-10-08,43,Are You With Me,Easton Corbin,43,21,Gains In Performance
2016-10-08,44,Comeback Kid,The Band Perry,42,8,Gains In Performance
2016-10-08,45,My Girl,Dylan Scott,46,4,Gains In Performance
2016-10-08,46,If I Told You,Darius Rucker,47,10,Gains In Performance
2016-10-08,47,Heartbreak Song,Mickey Guyton,45,8,
2016-10-08,48,Roots,Parmalee,48,21,Gains In Performance
2016-10-08,49,Dirt On My Boots,Jon Pardi,NEW,1,Highest ranking debut|Gains In Performance
2016-10-08,50,Vacation,Thomas Rhett,37,15,
2016-10-08,51,Everybody We Know Does,Chase Rice,50,5,Gains In Performance
2016-10-08,52,Room To Breathe,Chase Bryant,51,5,Gains In Performance
2016-10-08,53,Cigarette,Frankie Ballard,52,5,Gains In Performance
2016-10-08,54,Love Triangle,RaeLynn,49,7,
2016-10-08,55,Damn Drunk,Ronnie Dunn With Kix Brooks,53,5,Gains In Performance
2016-10-08,56,You Make It Look So Good,Thompson Square,55,14,Gains In Performance
2016-10-08,57,Thunder In The Rain,Kane Brown,54,4,Gains In Performance
2016-10-08,58,A Few More Cowboys,Toby Keith,56,11,Gains In Performance
2016-10-08,59,Undone,Joe Nichols,57,3,Gains In Performance
2016-10-08,60,Do You Wish It Was Me?,Gary Allan,59,8,Gains In Performance
2016-10-15,1,It Don't Hurt Like It Used To,Billy Currington,2,35,Gains In Performance
2016-10-15,2,I Met A Girl,William Michael Morgan,3,52,Greatest gainer this week|Gains In Performance
2016-10-15,3,Setting The World On Fire,Kenny Chesney Featuring P!nk,6,10,Gains In Performance
2016-10-15,4,Rock On,Tucker Beathard,5,30,Gains In Performance
2016-10-15,5,Move,Luke Bryan,7,12,Gains In Performance
2016-10-15,6,I Know Somebody,LoCash,8,34,Gains In Performance
2016-10-15,7,Middle Of A Memory,Cole Swindell,10,22,Gains In Performance
2016-10-15,8,A Little More Summertime,Jason Aldean,11,12,Gains In Performance
2016-10-15,9,Different For Girls,Dierks Bentley Featuring Elle King,4,19,
2016-10-15,10,Sleep Without You,Brett Young,12,32,Gains In Performance
2016-10-15,11,Vice,Miranda Lambert,13,11,Gains In Performance
2016-10-15,12,How I'll Always Be,Tim McGraw,14,12,Gains In Performance
2016-10-15,13,Song For Another Time,Old Dominion,17,17,Gains In Performance
2016-10-15,14,May We All,Florida Georgia Line Featuring Tim McGraw,18,9,Gains In Performance
2016-10-15,15,Lovin' Lately,Big & Rich Featuring Tim McGraw,15,39,Gains In Performance
2016-10-15,16,Blue Ain't Your Color,Keith Urban,20,7,Gains In Performance
2016-10-15,17,Livin' The Dream,Drake White,16,43,Gains In Performance
2016-10-15,18,80s Mercedes,Maren Morris,19,15,Gains In Performance
2016-10-15,19,If The Boot Fits,Granger Smith,22,31,Gains In Performance
2016-10-15,20,Wanna Be That Song,Brett Eldredge,23,20,Gains In Performance
2016-10-15,21,Dirty Laundry,Carrie Underwood,24,6,Gains In Performance
2016-10-15,22,Road Less Traveled,Lauren Alaina,25,7,Gains In Performance
2016-10-15,23,Parachute,Chris Stapleton,26,23,Gains In Performance
2016-10-15,24,21 Summer,Brothers Osborne,27,32,Gains In Performance
2016-10-15,25,Kill A Word,Eric Church Featuring Rhiannon Giddens,28,6,Gains In Performance
2016-10-15,26,Make You Mine,High Valley,29,32,Gains In Performance
2016-10-15,27,Sober Saturday Night,Chris Young Featuring Vince Gill,30,17,Gains In Performance
2016-10-15,28,A Little More Love,Jerrod Niemann & Lee Brice,31,22,Gains In Performance
2016-10-15,29,Holdin' Her,Chris Janson,32,22,Gains In Performance
2016-10-15,30,Think A Little Less,Michael Ray,34,24,Gains In Performance
2016-10-15,31,Seein' Red,Dustin Lynch,35,15,Gains In Performance
2016-10-15,32,Forever Country,"Artists Of Then, Now & Forever",33,3,Gains In Performance
2016-10-15,33,Hometown Girl,Josh Turner,36,18,Gains In Performance
2016-10-15,34,The Weekend,Brantley Gilbert,37,11,Gains In Performance
2016-10-15,35,There's A Girl,Trent Harmon,39,11,Gains In Performance
2016-10-15,36,Outskirts Of Heaven,Craig Campbell,40,25,Gains In Performance
2016-10-15,37,Long Live Tonight,LANco,38,12,Gains In Performance
2016-10-15,38,Star Of The Show,Thomas Rhett,NEW,1,Highest ranking debut|Gains In Performance
2016-10-15,39,Comeback Kid,The Band Perry,44,9,Gains In Performance
2016-10-15,40,Dirt On My Boots,Jon Pardi,49,2,Gains In Performance
2016-10-15,41,Lipstick,Runaway June,42,18,Gains In Performance
2016-10-15,42,Saltwater Gospel (Fins Up Version),Eli Young Band & Jimmy Buffett,41,14,
2016-10-15,43,Are You With Me,Easton Corbin,43,22,Gains In Performance
2016-10-15,44,My Girl,Dylan Scott,45,5,Gains In Performance
2016-10-15,45,If I Told You,Darius Rucker,46,11,Gains In Performance
2016-10-15,46,Heartbreak Song,Mickey Guyton,47,9,Gains In Performance
2016-10-15,47,Roots,Parmalee,48,22,Gains In Performance
2016-10-15,48,A Guy With A Girl,Blake Shelton,NEW,1,Gains In Performance
2016-10-15,49,Everybody We Know Does,Chase Rice,51,6,Gains In Performance
2016-10-15,50,Cigarette,Frankie Ballard,53,6,Gains In Performance
2016-10-15,51,Room To Breathe,Chase Bryant,52,6,
2016-10-15,52,Damn Drunk,Ronnie Dunn With Kix Brooks,55,6,Gains In Performance
2016-10-15,53,Thunder In The Rain,Kane Brown,57,5,Gains In Performance
2016-10-15,54,A Few More Cowboys,Toby Keith,58,12,Gains In Performance
2016-10-15,55,You Make It Look So Good,Thompson Square,56,15,Gains In Performance
2016-10-15,56,Love Triangle,RaeLynn,54,8,
2016-10-15,57,Do You Wish It Was Me?,Gary Allan,60,9,Gains In Performance
2016-10-15,58,Undone,Joe Nichols,59,4,Gains In Performance
2016-10-15,59,How Not To,Dan + Shay,NEW,1,Gains In Performance
2016-10-15,60,Good At Tonight,David Nail Featuring Brothers Osborne,NEW,1,Gains In Performance
2016-10-22,1,It Don't Hurt Like It Used To,Billy Currington,1,36,Gains In Performance
2016-10-22,2,Rock On,Tucker Beathard,4,31,Gains In Performance
2016-10-22,3,Setting The World On Fire,Kenny Chesney Featuring P!nk,3,11,Gains In Performance
2016-10-22,4,Move,Luke Bryan,5,13,Gains In Performance
2016-10-22,5,Middle Of A Memory,Cole Swindell,7,23,Gains In Performance
2016-10-22,6,I Know Somebody,LoCash,6,35,Gains In Performance
2016-10-22,7,A Little More Summertime,Jason Aldean,8,13,Gains In Performance
2016-10-22,8,I Met A Girl,William Michael Morgan,2,53,
2016-10-22,9,Sleep Without You,Brett Young,10,33,Gains In Performance
2016-10-22,10,May We All,Florida Georgia Line Featuring Tim McGraw,14,10,Gains In Performance
2016-10-22,11,How I'll Always Be,Tim McGraw,12,13,Gains In Performance
2016-10-22,12,Vice,Miranda Lambert,11,12,Gains In Performance
2016-10-22,13,Song For Another Time,Old Dominion,13,18,Gains In Performance
2016-10-22,14,Lovin' Lately,Big & Rich Featuring Tim McGraw,15,40,Gains In Performance
2016-10-22,15,Blue Ain't Your Color,Keith Urban,16,8,Gains In Performance
2016-10-22,16,Livin' The Dream,Drake White,17,44,Gains In Performance
2016-10-22,17,80s Mercedes,Maren Morris,18,16,Gains In Performance
2016-10-22,18,Wanna Be That Song,Brett Eldredge,20,21,Gains In Performance
2016-10-22,19,If The Boot Fits,Granger Smith,19,32,Gains In Performance
2016-10-22,20,Dirty Laundry,Carrie Underwood,21,7,Gains In Performance
2016-10-22,21,Road Less Traveled,Lauren Alaina,22,8,Gains In Performance
2016-10-22,22,Parachute,Chris Stapleton,23,24,Gains In Performance
2016-10-22,23,Kill A Word,Eric Church Featuring Rhiannon Giddens,25,7,Gains In Performance
2016-10-22,24,21 Summer,Brothers Osborne,24,33,Gains In Performance
2016-10-22,25,Today,Brad Paisley,NEW,1,Highest ranking debut|Gains In Performance
2016-10-22,26,Sober Saturday Night,Chris Young Featuring Vince Gill,27,18,Gains In Performance
2016-10-22,27,Make You Mine,High Valley,26,33,Gains In Performance
2016-10-22,28,Star Of The Show,Thomas Rhett,38,2,Gains In Performance
2016-10-22,29,Holdin' Her,Chris Janson,29,23,Gains In Performance
2016-10-22,30,A Little More Love,Jerrod Niemann & Lee Brice,28,23,Gains In Performance
2016-10-22,31,Think A Little Less,Michael Ray,30,25,Gains In Performance
2016-10-22,32,Seein' Red,Dustin Lynch,31,16,Gains In Performance
2016-10-22,33,Hometown Girl,Josh Turner,33,19,Gains In Performance
2016-10-22,34,The Weekend,Brantley Gilbert,34,12,Gains In Performance
2016-10-22,35,There's A Girl,Trent Harmon,35,12,Gains In Performance
2016-10-22,36,A Guy With A Girl,Blake Shelton,48,2,Gains In Performance
2016-10-22,37,Outskirts Of Heaven,Craig Campbell,36,26,Gains In Performance
2016-10-22,38,Long Live Tonight,LANco,37,13,
2016-10-22,39,Forever Country,"Artists Of Then, Now & Forever",32,4,
2016-10-22,40,Dirt On My Boots,Jon Pardi,40,3,Gains In Performance
2016-10-22,41,Comeback Kid,The Band Perry,39,10,Gains In Performance
2016-10-22,42,Are You With Me,Easton Corbin,43,23,Gains In Performance
2016-10-22,43,Saltwater Gospel (Fins Up Version),Eli Young Band & Jimmy Buffett,42,15,
2016-10-22,44,Lipstick,Runaway June,41,19,
2016-10-22,45,My Girl,Dylan Scott,44,6,
2016-10-22,46,If I Told You,Darius Rucker,45,12,Gains In Performance
2016-10-22,47,Roots,Parmalee,47,23,Gains In Performance
2016-10-22,48,Heartbreak Song,Mickey Guyton,46,10,
2016-10-22,49,Thunder In The Rain,Kane Brown,53,6,Gains In Performance
2016-10-22,50,How Not To,Dan + Shay,59,2,Gains In Performance
2016-10-22,51,A Few More Cowboys,Toby Keith,54,13,Gains In Performance
2016-10-22,52,Love Triangle,RaeLynn,56,9,Gains In Performance
2016-10-22,53,Everybody We Know Does,Chase Rice,49,7,
2016-10-22,54,You Make It Look So Good,Thompson Square,55,16,Gains In Performance
2016-10-22,55,Room To Breathe,Chase Bryant,51,7,
2016-10-22,56,Yeah Boy,Kelsea Ballerini,NEW,1,Gains In Performance
2016-10-22,57,Damn Drunk,Ronnie Dunn With Kix Brooks,52,7,
2016-10-22,58,Good At Tonight,David Nail Featuring Brothers Osborne,60,2,Gains In Performance
2016-10-22,59,Cigarette,Frankie Ballard,50,7,
2016-10-22,60,Do You Wish It Was Me?,Gary Allan,57,10,
2016-10-29,1,I Know Somebody,LoCash,6,36,Gains In Performance
2016-10-29,2,Move,Luke Bryan,4,14,Gains In Performance
2016-10-29,3,Setting The World On Fire,Kenny Chesney Featuring P!nk,3,12,Gains In Performance
2016-10-29,4,It Don't Hurt Like It Used To,Billy Currington,1,37,
2016-10-29,5,Middle Of A Memory,Cole Swindell,5,24,Gains In Performance
2016-10-29,6,Rock On,Tucker Beathard,2,32,
2016-10-29,7,A Little More Summertime,Jason Aldean,7,14,Gains In Performance
2016-10-29,8,Sleep Without You,Brett Young,9,34,Gains In Performance
2016-10-29,9,May We All,Florida Georgia Line Featuring Tim McGraw,10,11,Gains In Performance
2016-10-29,10,Song For Another Time,Old Dominion,13,19,Gains In Performance
2016-10-29,11,How I'll Always Be,Tim McGraw,11,14,Gains In Performance
2016-10-29,12,Blue Ain't Your Color,Keith Urban,15,9,Gains In Performance
2016-10-29,13,Vice,Miranda Lambert,12,13,Gains In Performance
2016-10-29,14,Wanna Be That Song,Brett Eldredge,18,22,Gains In Performance
2016-10-29,15,Livin' The Dream,Drake White,16,45,Gains In Performance
2016-10-29,16,80s Mercedes,Maren Morris,17,17,Gains In Performance
2016-10-29,17,Dirty Laundry,Carrie Underwood,20,8,Gains In Performance
2016-10-29,18,If The Boot Fits,Granger Smith,19,33,Gains In Performance
2016-10-29,19,"Baby, Let's Lay Down And Dance",Garth Brooks,NEW,1,Highest ranking debut|Gains In Performance
2016-10-29,20,Road Less Traveled,Lauren Alaina,21,9,Gains In Performance
2016-10-29,21,Kill A Word,Eric Church Featuring Rhiannon Giddens,23,8,Gains In Performance
2016-10-29,22,Star Of The Show,Thomas Rhett,28,3,Gains In Performance
2016-10-29,23,Parachute,Chris Stapleton,22,25,Gains In Performance
2016-10-29,24,21 Summer,Brothers Osborne,24,34,Gains In Performance
2016-10-29,25,Sober Saturday Night,Chris Young Featuring Vince Gill,26,19,Gains In Performance
2016-10-29,26,Make You Mine,High Valley,27,34,Gains In Performance
2016-10-29,27,A Guy With A Girl,Blake Shelton,36,3,Gains In Performance
2016-10-29,28,Holdin' Her,Chris Janson,29,24,Gains In Performance
2016-10-29,29,A Little More Love,Jerrod Niemann & Lee Brice,30,24,Gains In Performance
2016-10-29,30,Seein' Red,Dustin Lynch,32,17,Gains In Performance
2016-10-29,31,Think A Little Less,Michael Ray,31,26,Gains In Performance
2016-10-29,32,Hometown Girl,Josh Turner,33,20,Gains In Performance
2016-10-29,33,The Weekend,Brantley Gilbert,34,13,Gains In Performance
2016-10-29,34,Outskirts Of Heaven,Craig Campbell,37,27,Gains In Performance
2016-10-29,35,There's A Girl,Trent Harmon,35,13,Gains In Performance
2016-10-29,36,Long Live Tonight,LANco,38,14,Gains In Performance
2016-10-29,37,Today,Brad Paisley,25,2,Gains In Performance
2016-10-29,38,Dirt On My Boots,Jon Pardi,40,4,Gains In Performance
2016-10-29,39,Forever Country,"Artists Of Then, Now & Forever",39,5,
2016-10-29,40,Comeback Kid,The Band Perry,41,11,Gains In Performance
2016-10-29,41,Are You With Me,Easton Corbin,42,24,Gains In Performance
2016-10-29,42,Lipstick,Runaway June,44,20,Gains In Performance
2016-10-29,43,Yeah Boy,Kelsea Ballerini,56,2,Gains In Performance
2016-10-29,44,If I Told You,Darius Rucker,46,13,Gains In Performance
2016-10-29,45,Roots,Parmalee,47,24,
2016-10-29,46,Love Triangle,RaeLynn,52,10,Gains In Performance
2016-10-29,47,Room To Breathe,Chase Bryant,55,8,Gains In Performance
2016-10-29,48,My Girl,Dylan Scott,45,7,
2016-10-29,49,Thunder In The Rain,Kane Brown,49,7,
2016-10-29,50,A Few More Cowboys,Toby Keith,51,14,
2016-10-29,51,You Make It Look So Good,Thompson Square,54,17,
2016-10-29,52,Everybody We Know Does,Chase Rice,53,8,
2016-10-29,53,How Not To,Dan + Shay,50,3,
2016-10-29,54,Good At Tonight,David Nail Featuring Brothers Osborne,58,3,
2016-10-29,55,Damn Drunk,Ronnie Dunn With Kix Brooks,57,8,
2016-10-29,56,For Her,Chris Lane,RE,2,Gains In Performance
2016-10-29,57,Undone,Joe Nichols,RE,5,
2016-10-29,58,Circles,Jana Kramer,RE,2,Gains In Performance
2016-10-29,59,Do You Wish It Was Me?,Gary Allan,60,11,
2016-10-29,60,Cigarette,Frankie Ballard,59,8,
2016-11-05,1,Setting The World On Fire,Kenny Chesney Featuring P!nk,3,13,Greatest gainer this week|Gains In Performance
2016-11-05,2,Move,Luke Bryan,2,15,Gains In Performance
2016-11-05,3,Middle Of A Memory,Cole Swindell,5,25,Gains In Performance
2016-11-05,4,A Little More Summertime,Jason Aldean,7,15,Gains In Performance
2016-11-05,5,I Know Somebody,LoCash,1,37,
2016-11-05,6,It Don't Hurt Like It Used To,Billy Currington,4,38,
2016-11-05,7,Sleep Without You,Brett Young,8,35,Gains In Performance
2016-11-05,8,May We All,Florida Georgia Line Featuring Tim McGraw,9,12,Gains In Performance
2016-11-05,9,Song For Another Time,Old Dominion,10,20,Gains In Performance
2016-11-05,10,How I'll Always Be,Tim McGraw,11,15,Gains In Performance
2016-11-05,11,Blue Ain't Your Color,Keith Urban,12,10,Gains In Performance
2016-11-05,12,Vice,Miranda Lambert,13,14,Gains In Performance
2016-11-05,13,Wanna Be That Song,Brett Eldredge,14,23,Gains In Performance
2016-11-05,14,Dirty Laundry,Carrie Underwood,17,9,Gains In Performance
2016-11-05,15,Livin' The Dream,Drake White,15,46,Gains In Performance
2016-11-05,16,80s Mercedes,Maren Morris,16,18,Gains In Performance
2016-11-05,17,If The Boot Fits,Granger Smith,18,34,Gains In Performance
2016-11-05,18,Star Of The Show,Thomas Rhett,22,4,Gains In Performance
2016-11-05,19,A Guy With A Girl,Blake Shelton,27,4,Gains In Performance
2016-11-05,20,Kill A Word,Eric Church Featuring Rhiannon Giddens,21,9,Gains In Performance
2016-11-05,21,Road Less Traveled,Lauren Alaina,20,10,Gains In Performance
2016-11-05,22,Parachute,Chris Stapleton,23,26,Gains In Performance
2016-11-05,23,Sober Saturday Night,Chris Young Featuring Vince Gill,25,20,Gains In Performance
2016-11-05,24,21 Summer,Brothers Osborne,24,35,Gains In Performance
2016-11-05,25,Seein' Red,Dustin Lynch,30,18,Gains In Performance
2016-11-05,26,Make You Mine,High Valley,26,35,Gains In Performance
2016-11-05,27,Holdin' Her,Chris Janson,28,25,Gains In Performance
2016-11-05,28,"Baby, Let's Lay Down And Dance",Garth Brooks,19,2,
2016-11-05,29,Think A Little Less,Michael Ray,31,27,Gains In Performance
2016-11-05,30,A Little More Love,Jerrod Niemann & Lee Brice,29,25,Gains In Performance
2016-11-05,31,Today,Brad Paisley,37,3,Gains In Performance
2016-11-05,32,The Weekend,Brantley Gilbert,33,14,Gains In Performance
2016-11-05,33,Hometown Girl,Josh Turner,32,21,Gains In Performance
2016-11-05,34,Outskirts Of Heaven,Craig Campbell,34,28,Gains In Performance
2016-11-05,35,Yeah Boy,Kelsea Ballerini,43,3,Gains In Performance
2016-11-05,36,Dirt On My Boots,Jon Pardi,38,5,Gains In Performance
2016-11-05,37,There's A Girl,Trent Harmon,35,14,Gains In Performance
2016-11-05,38,Better Man,Little Big Town,NEW,1,Highest ranking debut|Gains In Performance
2016-11-05,39,Long Live Tonight,LANco,36,15,Gains In Performance
2016-11-05,40,Love Triangle,RaeLynn,46,11,Gains In Performance
2016-11-05,41,Lipstick,Runaway June,42,21,Gains In Performance
2016-11-05,42,If I Told You,Darius Rucker,44,14,Gains In Performance
2016-11-05,43,Roots,Parmalee,45,25,Gains In Performance
2016-11-05,44,Comeback Kid,The Band Perry,40,12,
2016-11-05,45,Thunder In The Rain,Kane Brown,49,8,Gains In Performance
2016-11-05,46,Room To Breathe,Chase Bryant,47,9,Gains In Performance
2016-11-05,47,If He Ain't Gonna Love You,Jake Owen,NEW,1,Gains In Performance
2016-11-05,48,You Make It Look So Good,Thompson Square,51,18,Gains In Performance
2016-11-05,49,How Not To,Dan + Shay,53,4,Gains In Performance
2016-11-05,50,Everybody We Know Does,Chase Rice,52,9,Gains In Performance
2016-11-05,51,My Girl,Dylan Scott,48,8,
2016-11-05,52,Undone,Joe Nichols,57,6,Gains In Performance
2016-11-05,53,For Her,Chris Lane,56,3,Gains In Performance
2016-11-05,54,Good At Tonight,David Nail Featuring Brothers Osborne,54,4,Gains In Performance
2016-11-05,55,A Few More Cowboys,Toby Keith,50,15,
2016-11-05,56,Cigarette,Frankie Ballard,60,9,
2016-11-05,57,Circles,Jana Kramer,58,3,
2016-11-05,58,Hurricane,Luke Combs,NEW,1,
2016-11-05,59,The Way I Talk,Morgan Wallen,NEW,1,Gains In Performance
2016-11-05,60,Suitcase,Steve Moakler,NEW,1,
2016-11-12,1,Move,Luke Bryan,2,16,Gains In Performance
2016-11-12,2,Middle Of A Memory,Cole Swindell,3,26,Gains In Performance
2016-11-12,3,Setting The World On Fire,Kenny Chesney Featuring P!nk,1,14,
2016-11-12,4,A Little More Summertime,Jason Aldean,4,16,Gains In Performance
2016-11-12,5,Sleep Without You,Brett Young,7,36,Gains In Performance
2016-11-12,6,I Know Somebody,LoCash,5,38,
2016-11-12,7,May We All,Florida Georgia Line Featuring Tim McGraw,8,13,Greatest gainer this week|Gains In Performance
2016-11-12,8,Song For Another Time,Old Dominion,9,21,Gains In Performance
2016-11-12,9,It Don't Hurt Like It Used To,Billy Currington,6,39,
2016-11-12,10,Blue Ain't Your Color,Keith Urban,11,11,Gains In Performance
2016-11-12,11,How I'll Always Be,Tim McGraw,10,16,Gains In Performance
2016-11-12,12,Wanna Be That Song,Brett Eldredge,13,24,Gains In Performance
2016-11-12,13,Vice,Miranda Lambert,12,15,
2016-11-12,14,Dirty Laundry,Carrie Underwood,14,10,Gains In Performance
2016-11-12,15,Livin' The Dream,Drake White,15,47,Gains In Performance
2016-11-12,16,80s Mercedes,Maren Morris,16,19,Gains In Performance
2016-11-12,17,If The Boot Fits,Granger Smith,17,35,Gains In Performance
2016-11-12,18,Star Of The Show,Thomas Rhett,18,5,Gains In Performance
2016-11-12,19,A Guy With A Girl,Blake Shelton,19,5,Gains In Performance
2016-11-12,20,Kill A Word,Eric Church Featuring Rhiannon Giddens,20,10,Gains In Performance
2016-11-12,21,Road Less Traveled,Lauren Alaina,21,11,Gains In Performance
2016-11-12,22,Sober Saturday Night,Chris Young Featuring Vince Gill,23,21,Gains In Performance
2016-11-12,23,Parachute,Chris Stapleton,22,27,Gains In Performance
2016-11-12,24,Seein' Red,Dustin Lynch,25,19,Gains In Performance
2016-11-12,25,21 Summer,Brothers Osborne,24,36,Gains In Performance
2016-11-12,26,Today,Brad Paisley,31,4,Gains In Performance
2016-11-12,27,Make You Mine,High Valley,26,36,Gains In Performance
2016-11-12,28,Think A Little Less,Michael Ray,29,28,Gains In Performance
2016-11-12,29,"Baby, Let's Lay Down And Dance",Garth Brooks,28,3,Gains In Performance
2016-11-12,30,Holdin' Her,Chris Janson,27,26,
2016-11-12,31,A Little More Love,Jerrod Niemann & Lee Brice,30,26,Gains In Performance
2016-11-12,32,The Weekend,Brantley Gilbert,32,15,Gains In Performance
2016-11-12,33,Hometown Girl,Josh Turner,33,22,Gains In Performance
2016-11-12,34,Dirt On My Boots,Jon Pardi,36,6,Gains In Performance
2016-11-12,35,Yeah Boy,Kelsea Ballerini,35,4,Gains In Performance
2016-11-12,36,Long Live Tonight,LANco,39,16,Gains In Performance
2016-11-12,37,Outskirts Of Heaven,Craig Campbell,34,29,Gains In Performance
2016-11-12,38,There's A Girl,Trent Harmon,37,15,Gains In Performance
2016-11-12,39,Love Triangle,RaeLynn,40,12,Gains In Performance
2016-11-12,40,Lipstick,Runaway June,41,22,
2016-11-12,41,If I Told You,Darius Rucker,42,15,Gains In Performance
2016-11-12,42,Roots,Parmalee,43,26,
2016-11-12,43,Thunder In The Rain,Kane Brown,45,9,Gains In Performance
2016-11-12,44,If He Ain't Gonna Love You,Jake Owen,47,2,Gains In Performance
2016-11-12,45,Damn Drunk,Ronnie Dunn With Kix Brooks,RE,9,Gains In Performance
2016-11-12,46,Better Man,Little Big Town,38,2,
2016-11-12,47,Room To Breathe,Chase Bryant,46,10,
2016-11-12,48,My Girl,Dylan Scott,51,9,Gains In Performance
2016-11-12,49,Everybody We Know Does,Chase Rice,50,10,Gains In Performance
2016-11-12,50,You Make It Look So Good,Thompson Square,48,19,Gains In Performance
2016-11-12,51,How Not To,Dan + Shay,49,5,
2016-11-12,52,Good At Tonight,David Nail Featuring Brothers Osborne,54,5,Gains In Performance
2016-11-12,53,Undone,Joe Nichols,52,7,
2016-11-12,54,For Her,Chris Lane,53,4,
2016-11-12,55,Hurricane,Luke Combs,58,2,Gains In Performance
2016-11-12,56,Cigarette,Frankie Ballard,56,10,Gains In Performance
2016-11-12,57,Yesterday's Song,Hunter Hayes,NEW,1,Highest ranking debut|Gains In Performance
2016-11-12,58,Circles,Jana Kramer,57,4,Gains In Performance
2016-11-12,59,Somebody Else Will,Justin Moore,NEW,1,Gains In Performance
2016-11-12,60,Candyland,Love And Theft,NEW,1,Gains In Performance
2016-11-19,1,Move,Luke Bryan,1,17,Gains In Performance
2016-11-19,2,Middle Of A Memory,Cole Swindell,2,27,Gains In Performance
2016-11-19,3,A Little More Summertime,Jason Aldean,4,17,Gains In Performance
2016-11-19,4,Sleep Without You,Brett Young,5,37,Gains In Performance
2016-11-19,5,May We All,Florida Georgia Line Featuring Tim McGraw,7,14,Gains In Performance
2016-11-19,6,Setting The World On Fire,Kenny Chesney Featuring P!nk,3,15,
2016-11-19,7,Song For Another Time,Old Dominion,8,22,Gains In Performance
2016-11-19,8,Blue Ain't Your Color,Keith Urban,10,12,Gains In Performance
2016-11-19,9,How I'll Always Be,Tim McGraw,11,17,Gains In Performance
2016-11-19,10,Wanna Be That Song,Brett Eldredge,12,25,Greatest gainer this week|Gains In Performance
2016-11-19,11,Dirty Laundry,Carrie Underwood,14,11,Gains In Performance
2016-11-19,12,Vice,Miranda Lambert,13,16,
2016-11-19,13,Livin' The Dream,Drake White,15,48,Gains In Performance
2016-11-19,14,If The Boot Fits,Granger Smith,17,36,Gains In Performance
2016-11-19,15,80s Mercedes,Maren Morris,16,20,Gains In Performance
2016-11-19,16,Star Of The Show,Thomas Rhett,18,6,Gains In Performance
2016-11-19,17,A Guy With A Girl,Blake Shelton,19,6,Gains In Performance
2016-11-19,18,Kill A Word,Eric Church Featuring Rhiannon Giddens,20,11,Gains In Performance
2016-11-19,19,Road Less Traveled,Lauren Alaina,21,12,Gains In Performance
2016-11-19,20,Parachute,Chris Stapleton,23,28,Gains In Performance
2016-11-19,21,Sober Saturday Night,Chris Young Featuring Vince Gill,22,22,Gains In Performance
2016-11-19,22,Today,Brad Paisley,26,5,Gains In Performance
2016-11-19,23,Seein' Red,Dustin Lynch,24,20,Gains In Performance
2016-11-19,24,21 Summer,Brothers Osborne,25,37,Gains In Performance
2016-11-19,25,Think A Little Less,Michael Ray,28,29,Gains In Performance
2016-11-19,26,Make You Mine,High Valley,27,37,Gains In Performance
2016-11-19,27,"Baby, Let's Lay Down And Dance",Garth Brooks,29,4,Gains In Performance
2016-11-19,28,Holdin' Her,Chris Janson,30,27,
2016-11-19,29,The Weekend,Brantley Gilbert,32,16,Gains In Performance
2016-11-19,30,A Little More Love,Jerrod Niemann & Lee Brice,31,27,Gains In Performance
2016-11-19,31,Hometown Girl,Josh Turner,33,23,Gains In Performance
2016-11-19,32,Dirt On My Boots,Jon Pardi,34,7,Gains In Performance
2016-11-19,33,Yeah Boy,Kelsea Ballerini,35,5,Gains In Performance
2016-11-19,34,Outskirts Of Heaven,Craig Campbell,37,30,Gains In Performance
2016-11-19,35,There's A Girl,Trent Harmon,38,16,Gains In Performance
2016-11-19,36,Long Live Tonight,LANco,36,17,
2016-11-19,37,Love Triangle,RaeLynn,39,13,Gains In Performance
2016-11-19,38,Better Man,Little Big Town,46,3,Gains In Performance
2016-11-19,39,Lipstick,Runaway June,40,23,Gains In Performance
2016-11-19,40,If I Told You,Darius Rucker,41,16,Gains In Performance
2016-11-19,41,Damn Drunk,Ronnie Dunn With Kix Brooks,45,10,Gains In Performance
2016-11-19,42,Roots,Parmalee,42,27,
2016-11-19,43,If He Ain't Gonna Love You,Jake Owen,44,3,
2016-11-19,44,My Girl,Dylan Scott,48,10,Gains In Performance
2016-11-19,45,How Not To,Dan + Shay,51,6,Gains In Performance
2016-11-19,46,Thunder In The Rain,Kane Brown,43,10,
2016-11-19,47,Room To Breathe,Chase Bryant,47,11,Gains In Performance
2016-11-19,48,You Make It Look So Good,Thompson Square,50,20,Gains In Performance
2016-11-19,49,Everybody We Know Does,Chase Rice,49,11,
2016-11-19,50,Undone,Joe Nichols,53,8,Gains In Performance
2016-11-19,51,Hurricane,Luke Combs,55,3,Gains In Performance
2016-11-19,52,Cigarette,Frankie Ballard,56,11,Gains In Performance
2016-11-19,53,Somebody Else Will,Justin Moore,59,2,Gains In Performance
2016-11-19,54,For Her,Chris Lane,54,5,
2016-11-19,55,Yesterday's Song,Hunter Hayes,57,2,
2016-11-19,56,Candyland,Love And Theft,60,2,Gains In Performance
2016-11-19,57,Good At Tonight,David Nail Featuring Brothers Osborne,52,6,
2016-11-19,58,Our Town,Tyler Farr,NEW,1,Highest ranking debut|Gains In Performance
2016-11-19,59,Circles,Jana Kramer,58,5,
2016-11-19,60,The Way I Talk,Morgan Wallen,RE,2,Gains In Performance
2016-11-26,1,Middle Of A Memory,Cole Swindell,2,28,Gains In Performance
2016-11-26,2,A Little More Summertime,Jason Aldean,3,18,Gains In Performance
2016-11-26,3,Sleep Without You,Brett Young,4,38,Gains In Performance
2016-11-26,4,May We All,Florida Georgia Line Featuring Tim McGraw,5,15,Greatest gainer this week|Gains In Performance
2016-11-26,5,Move,Luke Bryan,1,18,
2016-11-26,6,Song For Another Time,Old Dominion,7,23,Gains In Performance
2016-11-26,7,Blue Ain't Your Color,Keith Urban,8,13,Gains In Performance
2016-11-26,8,Wanna Be That Song,Brett Eldredge,10,26,Gains In Performance
2016-11-26,9,How I'll Always Be,Tim McGraw,9,18,Gains In Performance
2016-11-26,10,Setting The World On Fire,Kenny Chesney Featuring P!nk,6,16,
2016-11-26,11,Dirty Laundry,Carrie Underwood,11,12,Gains In Performance
2016-11-26,12,Livin' The Dream,Drake White,13,49,Gains In Performance
2016-11-26,13,If The Boot Fits,Granger Smith,14,37,Gains In Performance
2016-11-26,14,Star Of The Show,Thomas Rhett,16,7,Gains In Performance
2016-11-26,15,A Guy With A Girl,Blake Shelton,17,7,Gains In Performance
2016-11-26,16,80s Mercedes,Maren Morris,15,21,Gains In Performance
2016-11-26,17,Vice,Miranda Lambert,12,17,
2016-11-26,18,Kill A Word,Eric Church Featuring Rhiannon Giddens,18,12,Gains In Performance
2016-11-26,19,Seein' Red,Dustin Lynch,23,21,Gains In Performance
2016-11-26,20,Road Less Traveled,Lauren Alaina,19,13,Gains In Performance
2016-11-26,21,Sober Saturday Night,Chris Young Featuring Vince Gill,21,23,Gains In Performance
2016-11-26,22,Parachute,Chris Stapleton,20,29,Gains In Performance
2016-11-26,23,Today,Brad Paisley,22,6,Gains In Performance
2016-11-26,24,Think A Little Less,Michael Ray,25,30,Gains In Performance
2016-11-26,25,Make You Mine,High Valley,26,38,Gains In Performance
2016-11-26,26,21 Summer,Brothers Osborne,24,38,Gains In Performance
2016-11-26,27,"Baby, Let's Lay Down And Dance",Garth Brooks,27,5,Gains In Performance
2016-11-26,28,The Weekend,Brantley Gilbert,29,17,Gains In Performance
2016-11-26,29,Holdin' Her,Chris Janson,28,28,Gains In Performance
2016-11-26,30,A Little More Love,Jerrod Niemann & Lee Brice,30,28,Gains In Performance
2016-11-26,31,Dirt On My Boots,Jon Pardi,32,8,Gains In Performance
2016-11-26,32,Hometown Girl,Josh Turner,31,24,Gains In Performance
2016-11-26,33,Yeah Boy,Kelsea Ballerini,33,6,Gains In Performance
2016-11-26,34,Better Man,Little Big Town,38,4,Gains In Performance
2016-11-26,35,Outskirts Of Heaven,Craig Campbell,34,31,Gains In Performance
2016-11-26,36,There's A Girl,Trent Harmon,35,17,Gains In Performance
2016-11-26,37,Love Triangle,RaeLynn,37,14,Gains In Performance
2016-11-26,38,Lipstick,Runaway June,39,24,Gains In Performance
2016-11-26,39,If I Told You,Darius Rucker,40,17,Gains In Performance
2016-11-26,40,Damn Drunk,Ronnie Dunn With Kix Brooks,41,11,Gains In Performance
2016-11-26,41,Long Live Tonight,LANco,36,18,
2016-11-26,42,How Not To,Dan + Shay,45,7,Gains In Performance
2016-11-26,43,My Girl,Dylan Scott,44,11,
2016-11-26,44,If He Ain't Gonna Love You,Jake Owen,43,4,
2016-11-26,45,Room To Breathe,Chase Bryant,47,12,Gains In Performance
2016-11-26,46,Thunder In The Rain,Kane Brown,46,11,
2016-11-26,47,You Make It Look So Good,Thompson Square,48,21,Gains In Performance
2016-11-26,48,Undone,Joe Nichols,50,9,Gains In Performance
2016-11-26,49,Everybody We Know Does,Chase Rice,49,12,
2016-11-26,50,For Her,Chris Lane,54,6,Gains In Performance
2016-11-26,51,Somebody Else Will,Justin Moore,53,3,Gains In Performance
2016-11-26,52,Yesterday's Song,Hunter Hayes,55,3,Gains In Performance
2016-11-26,53,Black,Dierks Bentley,NEW,1,Highest ranking debut|Gains In Performance
2016-11-26,54,Hurricane,Luke Combs,51,4,
2016-11-26,55,Candyland,Love And Theft,56,3,Gains In Performance
2016-11-26,56,Our Town,Tyler Farr,58,2,
2016-11-26,57,The Way I Talk,Morgan Wallen,60,3,Gains In Performance
2016-11-26,58,Circles,Jana Kramer,59,6,
2016-11-26,59,Put A Label On It,Ryan Follese,NEW,1,Gains In Performance
2016-11-26,60,Cigarette,Frankie Ballard,52,12,
2016-12-03,1,A Little More Summertime,Jason Aldean,2,19,Gains In Performance
2016-12-03,2,May We All,Florida Georgia Line Featuring Tim McGraw,4,16,Gains In Performance
2016-12-03,3,Sleep Without You,Brett Young,3,39,Gains In Performance
2016-12-03,4,Middle Of A Memory,Cole Swindell,1,29,
2016-12-03,5,Song For Another Time,Old Dominion,6,24,Gains In Performance
2016-12-03,6,Wanna Be That Song,Brett Eldredge,8,27,Greatest gainer this week|Gains In Performance
2016-12-03,7,Blue Ain't Your Color,Keith Urban,7,14,Gains In Performance
2016-12-03,8,Move,Luke Bryan,5,19,
2016-12-03,9,How I'll Always Be,Tim McGraw,9,19,Gains In Performance
2016-12-03,10,Dirty Laundry,Carrie Underwood,11,13,Gains In Performance
2016-12-03,11,If The Boot Fits,Granger Smith,13,38,Gains In Performance
2016-12-03,12,A Guy With A Girl,Blake Shelton,15,8,Gains In Performance
2016-12-03,13,Star Of The Show,Thomas Rhett,14,8,Gains In Performance
2016-12-03,14,80s Mercedes,Maren Morris,16,22,Gains In Performance
2016-12-03,15,Kill A Word,Eric Church Featuring Rhiannon Giddens,18,13,Gains In Performance
2016-12-03,16,Seein' Red,Dustin Lynch,19,22,Gains In Performance
2016-12-03,17,Today,Brad Paisley,23,7,Gains In Performance
2016-12-03,18,Sober Saturday Night,Chris Young Featuring Vince Gill,21,24,Gains In Performance
2016-12-03,19,Road Less Traveled,Lauren Alaina,20,14,Gains In Performance
2016-12-03,20,Parachute,Chris Stapleton,22,30,Gains In Performance
2016-12-03,21,Make You Mine,High Valley,25,39,Gains In Performance
2016-12-03,22,Think A Little Less,Michael Ray,24,31,Gains In Performance
2016-12-03,23,Better Man,Little Big Town,34,5,Gains In Performance
2016-12-03,24,The Weekend,Brantley Gilbert,28,18,Gains In Performance
2016-12-03,25,Dirt On My Boots,Jon Pardi,31,9,Gains In Performance
2016-12-03,26,21 Summer,Brothers Osborne,26,39,Gains In Performance
2016-12-03,27,"Baby, Let's Lay Down And Dance",Garth Brooks,27,6,Gains In Performance
2016-12-03,28,Holdin' Her,Chris Janson,29,29,Gains In Performance
2016-12-03,29,Yeah Boy,Kelsea Ballerini,33,7,Gains In Performance
2016-12-03,30,Hometown Girl,Josh Turner,32,25,Gains In Performance
2016-12-03,31,A Little More Love,Jerrod Niemann & Lee Brice,30,29,
2016-12-03,32,Outskirts Of Heaven,Craig Campbell,35,32,Gains In Performance
2016-12-03,33,There's A Girl,Trent Harmon,36,18,Gains In Performance
2016-12-03,34,Love Triangle,RaeLynn,37,15,Gains In Performance
2016-12-03,35,Lipstick,Runaway June,38,25,Gains In Performance
2016-12-03,36,If I Told You,Darius Rucker,39,18,Gains In Performance
2016-12-03,37,Damn Drunk,Ronnie Dunn With Kix Brooks,40,12,Gains In Performance
2016-12-03,38,How Not To,Dan + Shay,42,8,Gains In Performance
2016-12-03,39,Black,Dierks Bentley,53,2,Gains In Performance
2016-12-03,40,Roots,Parmalee,RE,28,Gains In Performance
2016-12-03,41,My Girl,Dylan Scott,43,12,Gains In Performance
2016-12-03,42,If He Ain't Gonna Love You,Jake Owen,44,5,Gains In Performance
2016-12-03,43,Thunder In The Rain,Kane Brown,46,12,Gains In Performance
2016-12-03,44,Everybody We Know Does,Chase Rice,49,13,Gains In Performance
2016-12-03,45,Room To Breathe,Chase Bryant,45,13,Gains In Performance
2016-12-03,46,Somebody Else Will,Justin Moore,51,4,Gains In Performance
2016-12-03,47,Undone,Joe Nichols,48,10,Gains In Performance
2016-12-03,48,You Make It Look So Good,Thompson Square,47,22,
2016-12-03,49,For Her,Chris Lane,50,7,Gains In Performance
2016-12-03,50,We Should Be Friends,Miranda Lambert,NEW,1,Highest ranking debut|Gains In Performance
2016-12-03,51,Ring On Every Finger,LoCash,NEW,1,Gains In Performance
2016-12-03,52,Hurricane,Luke Combs,54,5,
2016-12-03,53,The Way I Talk,Morgan Wallen,57,4,Gains In Performance
2016-12-03,54,Our Town,Tyler Farr,56,3,Gains In Performance
2016-12-03,55,With You I Am,Cody Johnson,NEW,1,Gains In Performance
2016-12-03,56,Yesterday's Song,Hunter Hayes,52,4,Gains In Performance
2016-12-03,57,Candyland,Love And Theft,55,4,Gains In Performance
2016-12-03,58,Put A Label On It,Ryan Follese,59,2,Gains In Performance
2016-12-03,59,Missing,William Michael Morgan,NEW,1,Gains In Performance
2016-12-03,60,Circles,Jana Kramer,58,7,Gains In Performance
2016-12-10,1,May We All,Florida Georgia Line Featuring Tim McGraw,2,17,Gains In Performance
2016-12-10,2,Sleep Without You,Brett Young,3,40,Gains In Performance
2016-12-10,3,Song For Another Time,Old Dominion,5,25,Gains In Performance
2016-12-10,4,Wanna Be That Song,Brett Eldredge,6,28,Greatest gainer this week|Gains In Performance
2016-12-10,5,A Little More Summertime,Jason Aldean,1,20,
2016-12-10,6,Blue Ain't Your Color,Keith Urban,7,15,Gains In Performance
2016-12-10,7,Middle Of A Memory,Cole Swindell,4,30,
2016-12-10,8,How I'll Always Be,Tim McGraw,9,20,Gains In Performance
2016-12-10,9,Move,Luke Bryan,8,20,
2016-12-10,10,Dirty Laundry,Carrie Underwood,10,14,Gains In Performance
2016-12-10,11,A Guy With A Girl,Blake Shelton,12,9,Gains In Performance
2016-12-10,12,If The Boot Fits,Granger Smith,11,39,Gains In Performance
2016-12-10,13,Star Of The Show,Thomas Rhett,13,9,Gains In Performance
2016-12-10,14,80s Mercedes,Maren Morris,14,23,Gains In Performance
2016-12-10,15,Kill A Word,Eric Church Featuring Rhiannon Giddens,15,14,Gains In Performance
2016-12-10,16,Seein' Red,Dustin Lynch,16,23,Gains In Performance
2016-12-10,17,Today,Brad Paisley,17,8,Gains In Performance
2016-12-10,18,Sober Saturday Night,Chris Young Featuring Vince Gill,18,25,Gains In Performance
2016-12-10,19,Parachute,Chris Stapleton,20,31,Gains In Performance
2016-12-10,20,Road Less Traveled,Lauren Alaina,19,15,Gains In Performance
2016-12-10,21,Better Man,Little Big Town,23,6,Gains In Performance
2016-12-10,22,Think A Little Less,Michael Ray,22,32,Gains In Performance
2016-12-10,23,Make You Mine,High Valley,21,40,Gains In Performance
2016-12-10,24,The Weekend,Brantley Gilbert,24,19,Gains In Performance
2016-12-10,25,Dirt On My Boots,Jon Pardi,25,10,Gains In Performance
2016-12-10,26,"Baby, Let's Lay Down And Dance",Garth Brooks,27,7,Gains In Performance
2016-12-10,27,Holdin' Her,Chris Janson,28,30,Gains In Performance
2016-12-10,28,Yeah Boy,Kelsea Ballerini,29,8,Gains In Performance
2016-12-10,29,Hometown Girl,Josh Turner,30,26,Gains In Performance
2016-12-10,30,There's A Girl,Trent Harmon,33,19,Gains In Performance
2016-12-10,31,Outskirts Of Heaven,Craig Campbell,32,33,Gains In Performance
2016-12-10,32,Love Triangle,RaeLynn,34,16,Gains In Performance
2016-12-10,33,Black,Dierks Bentley,39,3,Gains In Performance
2016-12-10,34,Lipstick,Runaway June,35,26,Gains In Performance
2016-12-10,35,If I Told You,Darius Rucker,36,19,Gains In Performance
2016-12-10,36,How Not To,Dan + Shay,38,9,Gains In Performance
2016-12-10,37,Damn Drunk,Ronnie Dunn With Kix Brooks,37,13,Gains In Performance
2016-12-10,38,Roots,Parmalee,40,29,Gains In Performance
2016-12-10,39,My Girl,Dylan Scott,41,13,Gains In Performance
2016-12-10,40,If He Ain't Gonna Love You,Jake Owen,42,6,Gains In Performance
2016-12-10,41,We Should Be Friends,Miranda Lambert,50,2,Gains In Performance
2016-12-10,42,Undone,Joe Nichols,47,11,Gains In Performance
2016-12-10,43,Everybody We Know Does,Chase Rice,44,14,Gains In Performance
2016-12-10,44,Room To Breathe,Chase Bryant,45,14,Gains In Performance
2016-12-10,45,For Her,Chris Lane,49,8,Gains In Performance
2016-12-10,46,Somebody Else Will,Justin Moore,46,5,Gains In Performance
2016-12-10,47,Thunder In The Rain,Kane Brown,43,13,
2016-12-10,48,Ring On Every Finger,LoCash,51,2,Gains In Performance
2016-12-10,49,Do I Make You Wanna,Billy Currington,NEW,1,Highest ranking debut|Gains In Performance
2016-12-10,50,Hurricane,Luke Combs,52,6,Gains In Performance
2016-12-10,51,With You I Am,Cody Johnson,55,2,Gains In Performance
2016-12-10,52,The Way I Talk,Morgan Wallen,53,5,Gains In Performance
2016-12-10,53,Good At Tonight,David Nail Featuring Brothers Osborne,RE,7,Gains In Performance
2016-12-10,54,Our Town,Tyler Farr,54,4,Gains In Performance
2016-12-10,55,Missing,William Michael Morgan,59,2,Gains In Performance
2016-12-10,56,Put A Label On It,Ryan Follese,58,3,Gains In Performance
2016-12-10,57,Candyland,Love And Theft,57,5,Gains In Performance
2016-12-10,58,Momma And Jesus,Tucker Beathard,NEW,1,Gains In Performance
2016-12-10,59,Circles,Jana Kramer,60,8,Gains In Performance
2016-12-10,60,Any Ol' Barstool,Jason Aldean,NEW,1,Gains In Performance
2016-12-17,1,May We All,Florida Georgia Line Featuring Tim McGraw,1,18,Gains In Performance
2016-12-17,2,Song For Another Time,Old Dominion,3,26,Gains In Performance
2016-12-17,3,Wanna Be That Song,Brett Eldredge,4,29,Gains In Performance
2016-12-17,4,Sleep Without You,Brett Young,2,41,
2016-12-17,5,Blue Ain't Your Color,Keith Urban,6,16,Gains In Performance
2016-12-17,6,How I'll Always Be,Tim McGraw,8,21,Gains In Performance
2016-12-17,7,Dirty Laundry,Carrie Underwood,10,15,Greatest gainer this week|Gains In Performance
2016-12-17,8,A Little More Summertime,Jason Aldean,5,21,
2016-12-17,9,Middle Of A Memory,Cole Swindell,7,31,
2016-12-17,10,A Guy With A Girl,Blake Shelton,11,10,Gains In Performance
2016-12-17,11,If The Boot Fits,Granger Smith,12,40,Gains In Performance
2016-12-17,12,Star Of The Show,Thomas Rhett,13,10,Gains In Performance
2016-12-17,13,Kill A Word,Eric Church Featuring Rhiannon Giddens,15,15,Gains In Performance
2016-12-17,14,80s Mercedes,Maren Morris,14,24,Gains In Performance
2016-12-17,15,Seein' Red,Dustin Lynch,16,24,Gains In Performance
2016-12-17,16,Sober Saturday Night,Chris Young Featuring Vince Gill,18,26,Gains In Performance
2016-12-17,17,Today,Brad Paisley,17,9,Gains In Performance
2016-12-17,18,Better Man,Little Big Town,21,7,Gains In Performance
2016-12-17,19,Road Less Traveled,Lauren Alaina,20,16,Gains In Performance
2016-12-17,20,Think A Little Less,Michael Ray,22,33,Gains In Performance
2016-12-17,21,Parachute,Chris Stapleton,19,32,Gains In Performance
2016-12-17,22,Dirt On My Boots,Jon Pardi,25,11,Gains In Performance
2016-12-17,23,The Weekend,Brantley Gilbert,24,20,Gains In Performance
2016-12-17,24,Make You Mine,High Valley,23,41,Gains In Performance
2016-12-17,25,"Baby, Let's Lay Down And Dance",Garth Brooks,26,8,Gains In Performance
2016-12-17,26,Holdin' Her,Chris Janson,27,31,
2016-12-17,27,Yeah Boy,Kelsea Ballerini,28,9,Gains In Performance
2016-12-17,28,Hometown Girl,Josh Turner,29,27,Gains In Performance
2016-12-17,29,There's A Girl,Trent Harmon,30,20,Gains In Performance
2016-12-17,30,Outskirts Of Heaven,Craig Campbell,31,34,Gains In Performance
2016-12-17,31,Love Triangle,RaeLynn,32,17,Gains In Performance
2016-12-17,32,Black,Dierks Bentley,33,4,Gains In Performance
2016-12-17,33,Lipstick,Runaway June,34,27,Gains In Performance
2016-12-17,34,If I Told You,Darius Rucker,35,20,Gains In Performance
2016-12-17,35,How Not To,Dan + Shay,36,10,Gains In Performance
2016-12-17,36,Damn Drunk,Ronnie Dunn With Kix Brooks,37,14,Gains In Performance
2016-12-17,37,We Should Be Friends,Miranda Lambert,41,3,Gains In Performance
2016-12-17,38,Roots,Parmalee,38,30,Gains In Performance
2016-12-17,39,My Girl,Dylan Scott,39,14,Gains In Performance
2016-12-17,40,Fast,Luke Bryan,NEW,1,Highest ranking debut|Gains In Performance
2016-12-17,41,Any Ol' Barstool,Jason Aldean,60,2,Gains In Performance
2016-12-17,42,Undone,Joe Nichols,42,12,Gains In Performance
2016-12-17,43,If He Ain't Gonna Love You,Jake Owen,40,7,
2016-12-17,44,Everybody We Know Does,Chase Rice,43,15,Gains In Performance
2016-12-17,45,Somebody Else Will,Justin Moore,46,6,Gains In Performance
2016-12-17,46,Hurricane,Luke Combs,50,7,Gains In Performance
2016-12-17,47,Room To Breathe,Chase Bryant,44,15,
2016-12-17,48,Do I Make You Wanna,Billy Currington,49,2,Gains In Performance
2016-12-17,49,Ring On Every Finger,LoCash,48,3,Gains In Performance
2016-12-17,50,For Her,Chris Lane,45,9,
2016-12-17,51,Thunder In The Rain,Kane Brown,47,14,
2016-12-17,52,Yesterday's Song,Hunter Hayes,RE,5,Gains In Performance
2016-12-17,53,Our Town,Tyler Farr,54,5,Gains In Performance
2016-12-17,54,The Way I Talk,Morgan Wallen,52,6,
2016-12-17,55,Missing,William Michael Morgan,55,3,Gains In Performance
2016-12-17,56,Put A Label On It,Ryan Follese,56,4,Gains In Performance
2016-12-17,57,With You I Am,Cody Johnson,51,3,
2016-12-17,58,Candyland,Love And Theft,57,6,Gains In Performance
2016-12-17,59,Good At Tonight,David Nail Featuring Brothers Osborne,53,8,
2016-12-17,60,Circles,Jana Kramer,59,9,Gains In Performance
2016-12-24,1,Song For Another Time,Old Dominion,2,27,Gains In Performance
2016-12-24,2,Wanna Be That Song,Brett Eldredge,3,30,Gains In Performance
2016-12-24,3,May We All,Florida Georgia Line Featuring Tim McGraw,1,19,
2016-12-24,4,Blue Ain't Your Color,Keith Urban,5,17,Gains In Performance
2016-12-24,5,Dirty Laundry,Carrie Underwood,7,16,Gains In Performance
2016-12-24,6,How I'll Always Be,Tim McGraw,6,22,Gains In Performance
2016-12-24,7,A Guy With A Girl,Blake Shelton,10,11,Gains In Performance
2016-12-24,8,Sleep Without You,Brett Young,4,42,
2016-12-24,9,If The Boot Fits,Granger Smith,11,41,Gains In Performance
2016-12-24,10,Star Of The Show,Thomas Rhett,12,11,Gains In Performance
2016-12-24,11,Kill A Word,Eric Church Featuring Rhiannon Giddens,13,16,Gains In Performance
2016-12-24,12,80s Mercedes,Maren Morris,14,25,Gains In Performance
2016-12-24,13,Seein' Red,Dustin Lynch,15,25,Gains In Performance
2016-12-24,14,Today,Brad Paisley,17,10,Gains In Performance
2016-12-24,15,Sober Saturday Night,Chris Young Featuring Vince Gill,16,27,Gains In Performance
2016-12-24,16,Better Man,Little Big Town,18,8,Gains In Performance
2016-12-24,17,Think A Little Less,Michael Ray,20,34,Gains In Performance
2016-12-24,18,Road Less Traveled,Lauren Alaina,19,17,Gains In Performance
2016-12-24,19,Parachute,Chris Stapleton,21,33,Gains In Performance
2016-12-24,20,Dirt On My Boots,Jon Pardi,22,12,Gains In Performance
2016-12-24,21,The Weekend,Brantley Gilbert,23,21,Gains In Performance
2016-12-24,22,Make You Mine,High Valley,24,42,Gains In Performance
2016-12-24,23,"Baby, Let's Lay Down And Dance",Garth Brooks,25,9,Gains In Performance
2016-12-24,24,Yeah Boy,Kelsea Ballerini,27,10,Gains In Performance
2016-12-24,25,Holdin' Her,Chris Janson,26,32,Gains In Performance
2016-12-24,26,Hometown Girl,Josh Turner,28,28,Gains In Performance
2016-12-24,27,There's A Girl,Trent Harmon,29,21,Gains In Performance
2016-12-24,28,Fast,Luke Bryan,40,2,Gains In Performance
2016-12-24,29,Outskirts Of Heaven,Craig Campbell,30,35,Gains In Performance
2016-12-24,30,Black,Dierks Bentley,32,5,Gains In Performance
2016-12-24,31,Love Triangle,RaeLynn,31,18,Gains In Performance
2016-12-24,32,Lipstick,Runaway June,33,28,Gains In Performance
2016-12-24,33,Any Ol' Barstool,Jason Aldean,41,3,Gains In Performance
2016-12-24,34,If I Told You,Darius Rucker,34,21,Gains In Performance
2016-12-24,35,How Not To,Dan + Shay,35,11,Gains In Performance
2016-12-24,36,We Should Be Friends,Miranda Lambert,37,4,Gains In Performance
2016-12-24,37,Damn Drunk,Ronnie Dunn With Kix Brooks,36,15,Gains In Performance
2016-12-24,38,My Girl,Dylan Scott,39,15,Gains In Performance
2016-12-24,39,Roots,Parmalee,38,31,Gains In Performance
2016-12-24,40,If He Ain't Gonna Love You,Jake Owen,43,8,Gains In Performance
2016-12-24,41,Somebody Else Will,Justin Moore,45,7,Gains In Performance
2016-12-24,42,Everybody We Know Does,Chase Rice,44,16,Gains In Performance
2016-12-24,43,For Her,Chris Lane,50,10,Gains In Performance
2016-12-24,44,Room To Breathe,Chase Bryant,47,16,Gains In Performance
2016-12-24,45,Hurricane,Luke Combs,46,8,Gains In Performance
2016-12-24,46,Undone,Joe Nichols,42,13,
2016-12-24,47,Thunder In The Rain,Kane Brown,51,15,Gains In Performance
2016-12-24,48,Do I Make You Wanna,Billy Currington,48,3,Gains In Performance
2016-12-24,49,Yesterday's Song,Hunter Hayes,52,6,Gains In Performance
2016-12-24,50,Ring On Every Finger,LoCash,49,4,Gains In Performance
2016-12-24,51,The Way I Talk,Morgan Wallen,54,7,Gains In Performance
2016-12-24,52,In Case You Didn't Know,Brett Young,NEW,1,Highest ranking debut|Gains In Performance
2016-12-24,53,Our Town,Tyler Farr,53,6,
2016-12-24,54,Missing,William Michael Morgan,55,4,Gains In Performance
2016-12-24,55,Circles,Jana Kramer,60,10,Gains In Performance
2016-12-24,56,Good At Tonight,David Nail Featuring Brothers Osborne,59,9,
2016-12-24,57,Momma And Jesus,Tucker Beathard,RE,2,Gains In Performance
2016-12-24,58,Put A Label On It,Ryan Follese,56,5,
2016-12-24,59,Candyland,Love And Theft,58,7,
2016-12-24,60,Makin' Me Look Good Again,Drake White,NEW,1,Gains In Performance
2016-12-31,1,Wanna Be That Song,Brett Eldredge,2,31,Gains In Performance
2016-12-31,2,Blue Ain't Your Color,Keith Urban,4,18,Gains In Performance
2016-12-31,3,Song For Another Time,Old Dominion,1,28,
2016-12-31,4,Dirty Laundry,Carrie Underwood,5,17,Gains In Performance
2016-12-31,5,May We All,Florida Georgia Line Featuring Tim McGraw,3,20,
2016-12-31,6,How I'll Always Be,Tim McGraw,6,23,Gains In Performance
2016-12-31,7,A Guy With A Girl,Blake Shelton,7,12,Greatest gainer this week|Gains In Performance
2016-12-31,8,Star Of The Show,Thomas Rhett,10,12,Gains In Performance
2016-12-31,9,If The Boot Fits,Granger Smith,9,42,Gains In Performance
2016-12-31,10,Seein' Red,Dustin Lynch,13,26,Gains In Performance
2016-12-31,11,Sober Saturday Night,Chris Young Featuring Vince Gill,15,28,Gains In Performance
2016-12-31,12,Kill A Word,Eric Church Featuring Rhiannon Giddens,11,17,Gains In Performance
2016-12-31,13,Better Man,Little Big Town,16,9,Gains In Performance
2016-12-31,14,80s Mercedes,Maren Morris,12,26,Gains In Performance
2016-12-31,15,Today,Brad Paisley,14,11,Gains In Performance
2016-12-31,16,Think A Little Less,Michael Ray,17,35,Gains In Performance
2016-12-31,17,Road Less Traveled,Lauren Alaina,18,18,Gains In Performance
2016-12-31,18,Parachute,Chris Stapleton,19,34,Gains In Performance
2016-12-31,19,Dirt On My Boots,Jon Pardi,20,13,Gains In Performance
2016-12-31,20,The Weekend,Brantley Gilbert,21,22,Gains In Performance
2016-12-31,21,"Baby, Let's Lay Down And Dance",Garth Brooks,23,10,Gains In Performance
2016-12-31,22,Make You Mine,High Valley,22,43,Gains In Performance
2016-12-31,23,Yeah Boy,Kelsea Ballerini,24,11,Gains In Performance
2016-12-31,24,Fast,Luke Bryan,28,3,Gains In Performance
2016-12-31,25,Holdin' Her,Chris Janson,25,33,Gains In Performance
2016-12-31,26,Hometown Girl,Josh Turner,26,29,Gains In Performance
2016-12-31,27,There's A Girl,Trent Harmon,27,22,Gains In Performance
2016-12-31,28,Outskirts Of Heaven,Craig Campbell,29,36,
2016-12-31,29,Black,Dierks Bentley,30,6,Gains In Performance
2016-12-31,30,Any Ol' Barstool,Jason Aldean,33,4,Gains In Performance
2016-12-31,31,Love Triangle,RaeLynn,31,19,
2016-12-31,32,If I Told You,Darius Rucker,34,22,Gains In Performance
2016-12-31,33,Lipstick,Runaway June,32,29,
2016-12-31,34,How Not To,Dan + Shay,35,12,Gains In Performance
2016-12-31,35,We Should Be Friends,Miranda Lambert,36,5,Gains In Performance
2016-12-31,36,Damn Drunk,Ronnie Dunn With Kix Brooks,37,16,
2016-12-31,37,Roots,Parmalee,39,32,Gains In Performance
2016-12-31,38,My Girl,Dylan Scott,38,16,Gains In Performance
2016-12-31,39,Somebody Else Will,Justin Moore,41,8,Gains In Performance
2016-12-31,40,If He Ain't Gonna Love You,Jake Owen,40,9,
2016-12-31,41,For Her,Chris Lane,43,11,
2016-12-31,42,Ring On Every Finger,LoCash,50,5,Gains In Performance
2016-12-31,43,Hurricane,Luke Combs,45,9,Gains In Performance
2016-12-31,44,Everybody We Know Does,Chase Rice,42,17,
2016-12-31,45,Yesterday's Song,Hunter Hayes,49,7,Gains In Performance
2016-12-31,46,Room To Breathe,Chase Bryant,44,17,
2016-12-31,47,In Case You Didn't Know,Brett Young,52,2,Gains In Performance
2016-12-31,48,Do I Make You Wanna,Billy Currington,48,4,
2016-12-31,49,The Way I Talk,Morgan Wallen,51,8,Gains In Performance
2016-12-31,50,Undone,Joe Nichols,46,14,
2016-12-31,51,With You I Am,Cody Johnson,RE,4,Gains In Performance
2016-12-31,52,"Baby, It's Cold Outside",Brett Eldredge Featuring Meghan Trainor,NEW,1,Highest ranking debut|Gains In Performance
2016-12-31,53,Our Town,Tyler Farr,53,7,Gains In Performance
2016-12-31,54,Thunder In The Rain,Kane Brown,47,16,
2016-12-31,55,Bar At The End Of The World,Kenny Chesney,NEW,1,Gains In Performance
2016-12-31,56,Circles,Jana Kramer,55,11,
2016-12-31,57,Momma And Jesus,Tucker Beathard,57,3,Gains In Performance
2016-12-31,58,The Christmas Song,Chris Young,NEW,1,Gains In Performance
2016-12-31,59,Put A Label On It,Ryan Follese,58,6,Gains In Performance
2016-12-31,60,Candyland,Love And Theft,59,8,
2017-01-07,1,Wanna Be That Song,Brett Eldredge,1,32,
2017-01-07,2,Blue Ain't Your Color,Keith Urban,2,19,
2017-01-07,3,How I'll Always Be,Tim McGraw,6,24,Gains In Performance
2017-01-07,4,Dirty Laundry,Carrie Underwood,4,18,
2017-01-07,5,A Guy With A Girl,Blake Shelton,7,13,
2017-01-07,6,May We All,Florida Georgia Line Featuring Tim McGraw,5,21,
2017-01-07,7,Song For Another Time,Old Dominion,3,29,
2017-01-07,8,Star Of The Show,Thomas Rhett,8,13,
2017-01-07,9,Seein' Red,Dustin Lynch,10,27,Gains In Performance
2017-01-07,10,If The Boot Fits,Granger Smith,9,43,
2017-01-07,11,Sober Saturday Night,Chris Young Featuring Vince Gill,11,29,
2017-01-07,12,Better Man,Little Big Town,13,10,
2017-01-07,13,Kill A Word,Eric Church Featuring Rhiannon Giddens,12,18,
2017-01-07,14,80s Mercedes,Maren Morris,14,27,
2017-01-07,15,Today,Brad Paisley,15,12,
2017-01-07,16,Think A Little Less,Michael Ray,16,36,
2017-01-07,17,Dirt On My Boots,Jon Pardi,19,14,
2017-01-07,18,Road Less Traveled,Lauren Alaina,17,19,
2017-01-07,19,Parachute,Chris Stapleton,18,35,
2017-01-07,20,The Weekend,Brantley Gilbert,20,23,
2017-01-07,21,Fast,Luke Bryan,24,4,Gains In Performance
2017-01-07,22,Make You Mine,High Valley,22,44,
2017-01-07,23,Yeah Boy,Kelsea Ballerini,23,12,
2017-01-07,24,"Baby, Let's Lay Down And Dance",Garth Brooks,21,11,
2017-01-07,25,Hometown Girl,Josh Turner,26,30,
2017-01-07,26,Holdin' Her,Chris Janson,25,34,
2017-01-07,27,There's A Girl,Trent Harmon,27,23,
2017-01-07,28,Any Ol' Barstool,Jason Aldean,30,5,
2017-01-07,29,Black,Dierks Bentley,29,7,
2017-01-07,30,Outskirts Of Heaven,Craig Campbell,28,37,
2017-01-07,31,If I Told You,Darius Rucker,32,23,
2017-01-07,32,Love Triangle,RaeLynn,31,20,
2017-01-07,33,We Should Be Friends,Miranda Lambert,35,6,
2017-01-07,34,How Not To,Dan + Shay,34,13,
2017-01-07,35,Lipstick,Runaway June,33,30,
2017-01-07,36,"Baby, It's Cold Outside",Brett Eldredge Featuring Meghan Trainor,52,2,Greatest gainer this week|Gains In Performance
2017-01-07,37,Damn Drunk,Ronnie Dunn With Kix Brooks,36,17,
2017-01-07,38,Roots,Parmalee,37,33,
2017-01-07,39,It's Beginning To Look A Lot Like Christmas,Brett Eldredge,NEW,1,Gains In Performance
2017-01-07,40,Hurricane,Luke Combs,43,10,Gains In Performance
2017-01-07,41,Somebody Else Will,Justin Moore,39,9,
2017-01-07,42,My Girl,Dylan Scott,38,17,
2017-01-07,43,Ring On Every Finger,LoCash,42,6,Gains In Performance
2017-01-07,44,If He Ain't Gonna Love You,Jake Owen,40,10,
2017-01-07,45,Let It Snow! Let It Snow! Let It Snow!,Brett Eldredge,NEW,1,Gains In Performance
2017-01-07,46,In Case You Didn't Know,Brett Young,47,3,Gains In Performance
2017-01-07,47,Everybody We Know Does,Chase Rice,44,18,
2017-01-07,48,Yesterday's Song,Hunter Hayes,45,8,
2017-01-07,49,"Baby, It's Cold Outside",Garth Brooks & Trisha Yearwood,NEW,1,Highest ranking debut|Gains In Performance
2017-01-07,50,Undone,Joe Nichols,50,15,Gains In Performance
2017-01-07,51,The Christmas Song,Chris Young,58,2,Gains In Performance
2017-01-07,52,Ugly Christmas Sweater,Garth Brooks,NEW,1,Gains In Performance
2017-01-07,53,Bar At The End Of The World,Kenny Chesney,55,2,Gains In Performance
2017-01-07,54,With You I Am,Cody Johnson,51,5,Gains In Performance
2017-01-07,55,Room To Breathe,Chase Bryant,46,18,
2017-01-07,56,For Her,Chris Lane,41,12,
2017-01-07,57,Do I Make You Wanna,Billy Currington,48,5,
2017-01-07,58,The Way I Talk,Morgan Wallen,49,9,
2017-01-07,59,Our Town,Tyler Farr,53,8,Gains In Performance
2017-01-07,60,Santa Baby,Trisha Yearwood,NEW,1,Gains In Performance
2017-01-14,1,Blue Ain't Your Color,Keith Urban,2,20,Gains In Performance
2017-01-14,2,Wanna Be That Song,Brett Eldredge,1,33,Gains In Performance
2017-01-14,3,Dirty Laundry,Carrie Underwood,4,19,Gains In Performance
2017-01-14,4,A Guy With A Girl,Blake Shelton,5,14,Greatest gainer this week|Gains In Performance
2017-01-14,5,How I'll Always Be,Tim McGraw,3,25,Gains In Performance
2017-01-14,6,May We All,Florida Georgia Line Featuring Tim McGraw,6,22,Gains In Performance
2017-01-14,7,Star Of The Show,Thomas Rhett,8,14,Gains In Performance
2017-01-14,8,Song For Another Time,Old Dominion,7,30,
2017-01-14,9,Seein' Red,Dustin Lynch,9,28,Gains In Performance
2017-01-14,10,If The Boot Fits,Granger Smith,10,44,Gains In Performance
2017-01-14,11,Better Man,Little Big Town,12,11,Gains In Performance
2017-01-14,12,Sober Saturday Night,Chris Young Featuring Vince Gill,11,30,Gains In Performance
2017-01-14,13,Kill A Word,Eric Church Featuring Rhiannon Giddens,13,19,Gains In Performance
2017-01-14,14,Today,Brad Paisley,15,13,Gains In Performance
2017-01-14,15,80s Mercedes,Maren Morris,14,28,Gains In Performance
2017-01-14,16,Think A Little Less,Michael Ray,16,37,Gains In Performance
2017-01-14,17,Dirt On My Boots,Jon Pardi,17,15,Gains In Performance
2017-01-14,18,Road Less Traveled,Lauren Alaina,18,20,Gains In Performance
2017-01-14,19,Parachute,Chris Stapleton,19,36,Gains In Performance
2017-01-14,20,Fast,Luke Bryan,21,5,Gains In Performance
2017-01-14,21,The Weekend,Brantley Gilbert,20,24,Gains In Performance
2017-01-14,22,"Baby, Let's Lay Down And Dance",Garth Brooks,24,12,Gains In Performance
2017-01-14,23,Make You Mine,High Valley,22,45,Gains In Performance
2017-01-14,24,Yeah Boy,Kelsea Ballerini,23,13,Gains In Performance
2017-01-14,25,Hometown Girl,Josh Turner,25,31,Gains In Performance
2017-01-14,26,Holdin' Her,Chris Janson,26,35,Gains In Performance
2017-01-14,27,There's A Girl,Trent Harmon,27,24,Gains In Performance
2017-01-14,28,Any Ol' Barstool,Jason Aldean,28,6,Gains In Performance
2017-01-14,29,Black,Dierks Bentley,29,8,Gains In Performance
2017-01-14,30,Outskirts Of Heaven,Craig Campbell,30,38,Gains In Performance
2017-01-14,31,If I Told You,Darius Rucker,31,24,Gains In Performance
2017-01-14,32,Love Triangle,RaeLynn,32,21,Gains In Performance
2017-01-14,33,We Should Be Friends,Miranda Lambert,33,7,Gains In Performance
2017-01-14,34,How Not To,Dan + Shay,34,14,Gains In Performance
2017-01-14,35,Lipstick,Runaway June,35,31,Gains In Performance
2017-01-14,36,Damn Drunk,Ronnie Dunn With Kix Brooks,37,18,Gains In Performance
2017-01-14,37,If He Ain't Gonna Love You,Jake Owen,44,11,Gains In Performance
2017-01-14,38,Roots,Parmalee,38,34,Gains In Performance
2017-01-14,39,Bar At The End Of The World,Kenny Chesney,53,3,Gains In Performance
2017-01-14,40,Somebody Else Will,Justin Moore,41,10,Gains In Performance
2017-01-14,41,Hurricane,Luke Combs,40,11,Gains In Performance
2017-01-14,42,My Girl,Dylan Scott,42,18,Gains In Performance
2017-01-14,43,Ring On Every Finger,LoCash,43,7,Gains In Performance
2017-01-14,44,Everybody We Know Does,Chase Rice,47,19,Gains In Performance
2017-01-14,45,Yesterday's Song,Hunter Hayes,48,9,Gains In Performance
2017-01-14,46,Room To Breathe,Chase Bryant,55,19,Gains In Performance
2017-01-14,47,In Case You Didn't Know,Brett Young,46,4,Gains In Performance
2017-01-14,48,Undone,Joe Nichols,50,16,Gains In Performance
2017-01-14,49,Do I Make You Wanna,Billy Currington,57,6,Gains In Performance
2017-01-14,50,For Her,Chris Lane,56,13,Gains In Performance
2017-01-14,51,With You I Am,Cody Johnson,54,6,Gains In Performance
2017-01-14,52,The Way I Talk,Morgan Wallen,58,10,Gains In Performance
2017-01-14,53,Our Town,Tyler Farr,59,9,Gains In Performance
2017-01-14,54,Missing,William Michael Morgan,RE,5,Gains In Performance
2017-01-14,55,Makin' Me Look Good Again,Drake White,RE,2,Gains In Performance
2017-01-14,56,Burn The Bed,Candi Carpenter,NEW,1,Highest ranking debut|Gains In Performance
2017-01-14,57,Thunder In The Rain,Kane Brown,RE,17,Gains In Performance
2017-01-14,58,Put A Label On It,Ryan Follese,RE,7,Gains In Performance
2017-01-14,59,Candyland,Love And Theft,RE,9,Gains In Performance
2017-01-14,60,Momma And Jesus,Tucker Beathard,RE,4,Gains In Performance
2017-01-21,1,Blue Ain't Your Color,Keith Urban,1,21,Gains In Performance
2017-01-21,2,Dirty Laundry,Carrie Underwood,3,20,Gains In Performance
2017-01-21,3,A Guy With A Girl,Blake Shelton,4,15,Gains In Performance
2017-01-21,4,Wanna Be That Song,Brett Eldredge,2,34,
2017-01-21,5,May We All,Florida Georgia Line Featuring Tim McGraw,6,23,
2017-01-21,6,How I'll Always Be,Tim McGraw,5,26,
2017-01-21,7,Star Of The Show,Thomas Rhett,7,15,Gains In Performance
2017-01-21,8,Seein' Red,Dustin Lynch,9,29,Gains In Performance
2017-01-21,9,Song For Another Time,Old Dominion,8,31,
2017-01-21,10,Better Man,Little Big Town,11,12,Gains In Performance
2017-01-21,11,If The Boot Fits,Granger Smith,10,45,Gains In Performance
2017-01-21,12,Sober Saturday Night,Chris Young Featuring Vince Gill,12,31,Gains In Performance
2017-01-21,13,80s Mercedes,Maren Morris,15,29,Gains In Performance
2017-01-21,14,Today,Brad Paisley,14,14,Gains In Performance
2017-01-21,15,Kill A Word,Eric Church Featuring Rhiannon Giddens,13,20,Gains In Performance
2017-01-21,16,Think A Little Less,Michael Ray,16,38,Gains In Performance
2017-01-21,17,Dirt On My Boots,Jon Pardi,17,16,Gains In Performance
2017-01-21,18,Fast,Luke Bryan,20,6,Gains In Performance
2017-01-21,19,Parachute,Chris Stapleton,19,37,Gains In Performance
2017-01-21,20,Road Less Traveled,Lauren Alaina,18,21,Gains In Performance
2017-01-21,21,The Weekend,Brantley Gilbert,21,25,Gains In Performance
2017-01-21,22,"Baby, Let's Lay Down And Dance",Garth Brooks,22,13,Gains In Performance
2017-01-21,23,Make You Mine,High Valley,23,46,Gains In Performance
2017-01-21,24,Yeah Boy,Kelsea Ballerini,24,14,Gains In Performance
2017-01-21,25,Hometown Girl,Josh Turner,25,32,Gains In Performance
2017-01-21,26,Any Ol' Barstool,Jason Aldean,28,7,Gains In Performance
2017-01-21,27,There's A Girl,Trent Harmon,27,25,Gains In Performance
2017-01-21,28,Holdin' Her,Chris Janson,26,36,Gains In Performance
2017-01-21,29,Black,Dierks Bentley,29,9,Gains In Performance
2017-01-21,30,Outskirts Of Heaven,Craig Campbell,30,39,Gains In Performance
2017-01-21,31,Yours If You Want It,Rascal Flatts,NEW,1,Highest ranking debut|Gains In Performance
2017-01-21,32,If I Told You,Darius Rucker,31,25,Gains In Performance
2017-01-21,33,We Should Be Friends,Miranda Lambert,33,8,Gains In Performance
2017-01-21,34,How Not To,Dan + Shay,34,15,Gains In Performance
2017-01-21,35,Love Triangle,RaeLynn,32,22,Gains In Performance
2017-01-21,36,Lipstick,Runaway June,35,32,Gains In Performance
2017-01-21,37,Bar At The End Of The World,Kenny Chesney,39,4,Gains In Performance
2017-01-21,38,Damn Drunk,Ronnie Dunn With Kix Brooks,36,19,Gains In Performance
2017-01-21,39,Roots,Parmalee,38,35,Gains In Performance
2017-01-21,40,If He Ain't Gonna Love You,Jake Owen,37,12,Gains In Performance
2017-01-21,41,Somebody Else Will,Justin Moore,40,11,Gains In Performance
2017-01-21,42,Hurricane,Luke Combs,41,12,Gains In Performance
2017-01-21,43,My Girl,Dylan Scott,42,19,Gains In Performance
2017-01-21,44,Ring On Every Finger,LoCash,43,8,Gains In Performance
2017-01-21,45,Yesterday's Song,Hunter Hayes,45,10,Gains In Performance
2017-01-21,46,Room To Breathe,Chase Bryant,46,20,Gains In Performance
2017-01-21,47,Do I Make You Wanna,Billy Currington,49,7,Gains In Performance
2017-01-21,48,In Case You Didn't Know,Brett Young,47,5,Gains In Performance
2017-01-21,49,For Her,Chris Lane,50,14,Gains In Performance
2017-01-21,50,Everybody We Know Does,Chase Rice,44,20,
2017-01-21,51,Undone,Joe Nichols,48,17,
2017-01-21,52,With You I Am,Cody Johnson,51,7,Gains In Performance
2017-01-21,53,The Way I Talk,Morgan Wallen,52,11,Gains In Performance
2017-01-21,54,Missing,William Michael Morgan,54,6,Gains In Performance
2017-01-21,55,Our Town,Tyler Farr,53,10,Gains In Performance
2017-01-21,56,Makin' Me Look Good Again,Drake White,55,3,Gains In Performance
2017-01-21,57,Burn The Bed,Candi Carpenter,56,2,Gains In Performance
2017-01-21,58,Put A Label On It,Ryan Follese,58,8,Gains In Performance
2017-01-21,59,Woke Up In Nashville,Seth Ennis,NEW,1,Gains In Performance
2017-01-21,60,Outta Style,Aaron Watson,NEW,1,Gains In Performance
2017-01-28,1,A Guy With A Girl,Blake Shelton,3,16,Gains In Performance
2017-01-28,2,Dirty Laundry,Carrie Underwood,2,21,Gains In Performance
2017-01-28,3,Blue Ain't Your Color,Keith Urban,1,22,
2017-01-28,4,Star Of The Show,Thomas Rhett,7,16,Gains In Performance
2017-01-28,5,Wanna Be That Song,Brett Eldredge,4,35,
2017-01-28,6,Seein' Red,Dustin Lynch,8,30,Gains In Performance
2017-01-28,7,May We All,Florida Georgia Line Featuring Tim McGraw,5,24,
2017-01-28,8,Better Man,Little Big Town,10,13,Gains In Performance
2017-01-28,9,If The Boot Fits,Granger Smith,11,46,Gains In Performance
2017-01-28,10,Sober Saturday Night,Chris Young Featuring Vince Gill,12,32,Gains In Performance
2017-01-28,11,Today,Brad Paisley,14,15,Gains In Performance
2017-01-28,12,Kill A Word,Eric Church Featuring Rhiannon Giddens,15,21,Gains In Performance
2017-01-28,13,80s Mercedes,Maren Morris,13,30,Gains In Performance
2017-01-28,14,Think A Little Less,Michael Ray,16,39,Gains In Performance
2017-01-28,15,Dirt On My Boots,Jon Pardi,17,17,Gains In Performance
2017-01-28,16,Fast,Luke Bryan,18,7,Gains In Performance
2017-01-28,17,Road Less Traveled,Lauren Alaina,20,22,Gains In Performance
2017-01-28,18,Parachute,Chris Stapleton,19,38,
2017-01-28,19,The Weekend,Brantley Gilbert,21,26,Gains In Performance
2017-01-28,20,"Baby, Let's Lay Down And Dance",Garth Brooks,22,14,Gains In Performance
2017-01-28,21,Yeah Boy,Kelsea Ballerini,24,15,Gains In Performance
2017-01-28,22,Any Ol' Barstool,Jason Aldean,26,8,Gains In Performance
2017-01-28,23,Make You Mine,High Valley,23,47,
2017-01-28,24,Hometown Girl,Josh Turner,25,33,Gains In Performance
2017-01-28,25,There's A Girl,Trent Harmon,27,26,Gains In Performance
2017-01-28,26,Holdin' Her,Chris Janson,28,37,Gains In Performance
2017-01-28,27,Bar At The End Of The World,Kenny Chesney,37,5,Gains In Performance
2017-01-28,28,Black,Dierks Bentley,29,10,Gains In Performance
2017-01-28,29,Outskirts Of Heaven,Craig Campbell,30,40,
2017-01-28,30,If I Told You,Darius Rucker,32,26,Gains In Performance
2017-01-28,31,We Should Be Friends,Miranda Lambert,33,9,Gains In Performance
2017-01-28,32,How Not To,Dan + Shay,34,16,Gains In Performance
2017-01-28,33,Lipstick,Runaway June,36,33,Gains In Performance
2017-01-28,34,Love Triangle,RaeLynn,35,23,
2017-01-28,35,Somebody Else Will,Justin Moore,41,12,Gains In Performance
2017-01-28,36,Roots,Parmalee,39,36,
2017-01-28,37,Damn Drunk,Ronnie Dunn With Kix Brooks,38,20,
2017-01-28,38,Hurricane,Luke Combs,42,13,Gains In Performance
2017-01-28,39,In Case You Didn't Know,Brett Young,48,6,Gains In Performance
2017-01-28,40,Ring On Every Finger,LoCash,44,9,Gains In Performance
2017-01-28,41,If He Ain't Gonna Love You,Jake Owen,40,13,
2017-01-28,42,My Girl,Dylan Scott,43,20,
2017-01-28,43,Yours If You Want It,Rascal Flatts,31,2,
2017-01-28,44,For Her,Chris Lane,49,15,Gains In Performance
2017-01-28,45,Room To Breathe,Chase Bryant,46,21,
2017-01-28,46,Everybody We Know Does,Chase Rice,50,21,Gains In Performance
2017-01-28,47,Do I Make You Wanna,Billy Currington,47,8,
2017-01-28,48,Flatliner,Cole Swindell,NEW,1,Highest ranking debut|Gains In Performance
2017-01-28,49,The Way I Talk,Morgan Wallen,53,12,Gains In Performance
2017-01-28,50,Missing,William Michael Morgan,54,7,Gains In Performance
2017-01-28,51,"God, Your Mama, And Me",Florida Georgia Line Featuring Backstreet Boys,NEW,1,Gains In Performance
2017-01-28,52,Yesterday's Song,Hunter Hayes,45,11,
2017-01-28,53,Undone,Joe Nichols,51,18,
2017-01-28,54,With You I Am,Cody Johnson,52,8,
2017-01-28,55,Outta Style,Aaron Watson,60,2,Gains In Performance
2017-01-28,56,Our Town,Tyler Farr,55,11,
2017-01-28,57,It Ain't My Fault,Brothers Osborne,NEW,1,Gains In Performance
2017-01-28,58,Burn The Bed,Candi Carpenter,57,3,
2017-01-28,59,Woke Up In Nashville,Seth Ennis,59,2,Gains In Performance
2017-01-28,60,Makin' Me Look Good Again,Drake White,56,4,
2017-02-04,1,A Guy With A Girl,Blake Shelton,1,17,Gains In Performance
2017-02-04,2,Star Of The Show,Thomas Rhett,4,17,Gains In Performance
2017-02-04,3,Dirty Laundry,Carrie Underwood,2,22,
2017-02-04,4,Seein' Red,Dustin Lynch,6,31,Gains In Performance
2017-02-04,5,Blue Ain't Your Color,Keith Urban,3,23,
2017-02-04,6,Better Man,Little Big Town,8,14,Gains In Performance
2017-02-04,7,Sober Saturday Night,Chris Young Featuring Vince Gill,10,33,Gains In Performance
2017-02-04,8,If The Boot Fits,Granger Smith,9,47,Gains In Performance
2017-02-04,9,Today,Brad Paisley,11,16,Gains In Performance
2017-02-04,10,Think A Little Less,Michael Ray,14,40,Gains In Performance
2017-02-04,11,Kill A Word,Eric Church Featuring Rhiannon Giddens,12,22,Gains In Performance
2017-02-04,12,Dirt On My Boots,Jon Pardi,15,18,Gains In Performance
2017-02-04,13,Fast,Luke Bryan,16,8,Gains In Performance
2017-02-04,14,80s Mercedes,Maren Morris,13,31,Gains In Performance
2017-02-04,15,Road Less Traveled,Lauren Alaina,17,23,Gains In Performance
2017-02-04,16,The Weekend,Brantley Gilbert,19,27,Gains In Performance
2017-02-04,17,Parachute,Chris Stapleton,18,39,
2017-02-04,18,Any Ol' Barstool,Jason Aldean,22,9,Gains In Performance
2017-02-04,19,Yeah Boy,Kelsea Ballerini,21,16,Gains In Performance
2017-02-04,20,"Baby, Let's Lay Down And Dance",Garth Brooks,20,15,Gains In Performance
2017-02-04,21,Make You Mine,High Valley,23,48,Gains In Performance
2017-02-04,22,Hometown Girl,Josh Turner,24,34,Gains In Performance
2017-02-04,23,Bar At The End Of The World,Kenny Chesney,27,6,Gains In Performance
2017-02-04,24,Holdin' Her,Chris Janson,26,38,Gains In Performance
2017-02-04,25,There's A Girl,Trent Harmon,25,27,
2017-02-04,26,Black,Dierks Bentley,28,11,Gains In Performance
2017-02-04,27,You Look Good,Lady Antebellum,NEW,1,Highest ranking debut|Gains In Performance
2017-02-04,28,Outskirts Of Heaven,Craig Campbell,29,41,Gains In Performance
2017-02-04,29,If I Told You,Darius Rucker,30,27,Gains In Performance
2017-02-04,30,We Should Be Friends,Miranda Lambert,31,10,Gains In Performance
2017-02-04,31,Lipstick,Runaway June,33,34,Gains In Performance
2017-02-04,32,How Not To,Dan + Shay,32,17,Gains In Performance
2017-02-04,33,Love Triangle,RaeLynn,34,24,
2017-02-04,34,Yours If You Want It,Rascal Flatts,43,3,Gains In Performance
2017-02-04,35,Somebody Else Will,Justin Moore,35,13,Gains In Performance
2017-02-04,36,Hurricane,Luke Combs,38,14,Gains In Performance
2017-02-04,37,Roots,Parmalee,36,37,Gains In Performance
2017-02-04,38,In Case You Didn't Know,Brett Young,39,7,Gains In Performance
2017-02-04,39,Flatliner,Cole Swindell,48,2,Gains In Performance
2017-02-04,40,If He Ain't Gonna Love You,Jake Owen,41,14,Gains In Performance
2017-02-04,41,My Girl,Dylan Scott,42,21,Gains In Performance
2017-02-04,42,Ring On Every Finger,LoCash,40,10,Gains In Performance
2017-02-04,43,For Her,Chris Lane,44,16,Gains In Performance
2017-02-04,44,"God, Your Mama, And Me",Florida Georgia Line Featuring Backstreet Boys,51,2,Gains In Performance
2017-02-04,45,Room To Breathe,Chase Bryant,45,22,Gains In Performance
2017-02-04,46,Do I Make You Wanna,Billy Currington,47,9,Gains In Performance
2017-02-04,47,It Ain't My Fault,Brothers Osborne,57,2,Gains In Performance
2017-02-04,48,Missing,William Michael Morgan,50,8,Gains In Performance
2017-02-04,49,The Way I Talk,Morgan Wallen,49,13,
2017-02-04,50,Undone,Joe Nichols,53,19,Gains In Performance
2017-02-04,51,Yesterday's Song,Hunter Hayes,52,12,Gains In Performance
2017-02-04,52,Outta Style,Aaron Watson,55,3,
2017-02-04,53,With You I Am,Cody Johnson,54,9,
2017-02-04,54,Our Town,Tyler Farr,56,12,
2017-02-04,55,Momma And Jesus,Tucker Beathard,RE,5,Gains In Performance
2017-02-04,56,Makin' Me Look Good Again,Drake White,60,5,Gains In Performance
2017-02-04,57,Burn The Bed,Candi Carpenter,58,4,
2017-02-04,58,Woke Up In Nashville,Seth Ennis,59,3,
2017-02-04,59,Rebound,Drew Baldridge Featuring Emily Weisband,NEW,1,Gains In Performance
2017-02-04,60,Put A Label On It,Ryan Follese,RE,9,
2017-02-11,1,A Guy With A Girl,Blake Shelton,1,18,
2017-02-11,2,Star Of The Show,Thomas Rhett,2,18,Greatest gainer this week|Gains In Performance
2017-02-11,3,Seein' Red,Dustin Lynch,4,32,Gains In Performance
2017-02-11,4,Better Man,Little Big Town,6,15,Gains In Performance
2017-02-11,5,Sober Saturday Night,Chris Young Featuring Vince Gill,7,34,Gains In Performance
2017-02-11,6,If The Boot Fits,Granger Smith,8,48,Gains In Performance
2017-02-11,7,Today,Brad Paisley,9,17,Gains In Performance
2017-02-11,8,Think A Little Less,Michael Ray,10,41,Gains In Performance
2017-02-11,9,Dirt On My Boots,Jon Pardi,12,19,Gains In Performance
2017-02-11,10,Kill A Word,Eric Church Featuring Rhiannon Giddens,11,23,Gains In Performance
2017-02-11,11,Fast,Luke Bryan,13,9,Gains In Performance
2017-02-11,12,80s Mercedes,Maren Morris,14,32,Gains In Performance
2017-02-11,13,Road Less Traveled,Lauren Alaina,15,24,Gains In Performance
2017-02-11,14,The Weekend,Brantley Gilbert,16,28,Gains In Performance
2017-02-11,15,Any Ol' Barstool,Jason Aldean,18,10,Gains In Performance
2017-02-11,16,Yeah Boy,Kelsea Ballerini,19,17,Gains In Performance
2017-02-11,17,"Baby, Let's Lay Down And Dance",Garth Brooks,20,16,Gains In Performance
2017-02-11,18,Hometown Girl,Josh Turner,22,35,Gains In Performance
2017-02-11,19,Bar At The End Of The World,Kenny Chesney,23,7,Gains In Performance
2017-02-11,20,Make You Mine,High Valley,21,49,Gains In Performance
2017-02-11,21,Holdin' Her,Chris Janson,24,39,Gains In Performance
2017-02-11,22,Black,Dierks Bentley,26,12,Gains In Performance
2017-02-11,23,There's A Girl,Trent Harmon,25,28,Gains In Performance
2017-02-11,24,Outskirts Of Heaven,Craig Campbell,28,42,
2017-02-11,25,If I Told You,Darius Rucker,29,28,Gains In Performance
2017-02-11,26,We Should Be Friends,Miranda Lambert,30,11,Gains In Performance
2017-02-11,27,How Not To,Dan + Shay,32,18,Gains In Performance
2017-02-11,28,Lipstick,Runaway June,31,35,Gains In Performance
2017-02-11,29,Love Triangle,RaeLynn,33,25,Gains In Performance
2017-02-11,30,Yours If You Want It,Rascal Flatts,34,4,Gains In Performance
2017-02-11,31,You Look Good,Lady Antebellum,27,2,
2017-02-11,32,Hurricane,Luke Combs,36,15,Gains In Performance
2017-02-11,33,Somebody Else Will,Justin Moore,35,14,Gains In Performance
2017-02-11,34,In Case You Didn't Know,Brett Young,38,8,Gains In Performance
2017-02-11,35,Roots,Parmalee,37,38,Gains In Performance
2017-02-11,36,Flatliner,Cole Swindell,39,3,Gains In Performance
2017-02-11,37,My Girl,Dylan Scott,41,22,Gains In Performance
2017-02-11,38,"God, Your Mama, And Me",Florida Georgia Line Featuring Backstreet Boys,44,3,Gains In Performance
2017-02-11,39,If He Ain't Gonna Love You,Jake Owen,40,15,Gains In Performance
2017-02-11,40,For Her,Chris Lane,43,17,Gains In Performance
2017-02-11,41,Ring On Every Finger,LoCash,42,11,
2017-02-11,42,It Ain't My Fault,Brothers Osborne,47,3,Gains In Performance
2017-02-11,43,Room To Breathe,Chase Bryant,45,23,Gains In Performance
2017-02-11,44,Do I Make You Wanna,Billy Currington,46,10,Gains In Performance
2017-02-11,45,The Way I Talk,Morgan Wallen,49,14,Gains In Performance
2017-02-11,46,Yesterday's Song,Hunter Hayes,51,13,Gains In Performance
2017-02-11,47,Missing,William Michael Morgan,48,9,
2017-02-11,48,With You I Am,Cody Johnson,53,10,Gains In Performance
2017-02-11,49,Outta Style,Aaron Watson,52,4,Gains In Performance
2017-02-11,50,Momma And Jesus,Tucker Beathard,55,6,Gains In Performance
2017-02-11,51,Undone,Joe Nichols,50,20,
2017-02-11,52,Makin' Me Look Good Again,Drake White,56,6,Gains In Performance
2017-02-11,53,Woke Up In Nashville,Seth Ennis,58,4,Gains In Performance
2017-02-11,54,Put A Label On It,Ryan Follese,60,10,Gains In Performance
2017-02-11,55,Rebound,Drew Baldridge Featuring Emily Weisband,59,2,Gains In Performance
2017-02-11,56,A Girl Like You,Easton Corbin,NEW,1,Highest ranking debut|Gains In Performance
2017-02-11,57,Candyland,Love And Theft,RE,10,Gains In Performance
2017-02-11,58,Getting Over You,Jackie Lee,NEW,1,Gains In Performance
2017-02-11,59,Kiss Me,Casey Donahew,NEW,1,Gains In Performance
2017-02-11,60,Drinkin' Problem,Midland,NEW,1,Gains In Performance
2017-02-18,1,Star Of The Show,Thomas Rhett,2,19,Gains In Performance
2017-02-18,2,A Guy With A Girl,Blake Shelton,1,19,
2017-02-18,3,Seein' Red,Dustin Lynch,3,33,Gains In Performance
2017-02-18,4,Better Man,Little Big Town,4,16,Gains In Performance
2017-02-18,5,Sober Saturday Night,Chris Young Featuring Vince Gill,5,35,Gains In Performance
2017-02-18,6,If The Boot Fits,Granger Smith,6,49,Gains In Performance
2017-02-18,7,Today,Brad Paisley,7,18,Gains In Performance
2017-02-18,8,Think A Little Less,Michael Ray,8,42,Gains In Performance
2017-02-18,9,Dirt On My Boots,Jon Pardi,9,20,Gains In Performance
2017-02-18,10,Kill A Word,Eric Church Featuring Rhiannon Giddens,10,24,Gains In Performance
2017-02-18,11,Fast,Luke Bryan,11,10,Gains In Performance
2017-02-18,12,80s Mercedes,Maren Morris,12,33,
2017-02-18,13,Road Less Traveled,Lauren Alaina,13,25,Gains In Performance
2017-02-18,14,Any Ol' Barstool,Jason Aldean,15,11,Gains In Performance
2017-02-18,15,The Weekend,Brantley Gilbert,14,29,Gains In Performance
2017-02-18,16,Yeah Boy,Kelsea Ballerini,16,18,Gains In Performance
2017-02-18,17,"Baby, Let's Lay Down And Dance",Garth Brooks,17,17,Gains In Performance
2017-02-18,18,Hometown Girl,Josh Turner,18,36,Gains In Performance
2017-02-18,19,Bar At The End Of The World,Kenny Chesney,19,8,Gains In Performance
2017-02-18,20,Make You Mine,High Valley,20,50,Gains In Performance
2017-02-18,21,Body Like A Back Road,Sam Hunt,NEW,1,Highest ranking debut|Gains In Performance
2017-02-18,22,Holdin' Her,Chris Janson,21,40,Gains In Performance
2017-02-18,23,Black,Dierks Bentley,22,13,Gains In Performance
2017-02-18,24,There's A Girl,Trent Harmon,23,29,Gains In Performance
2017-02-18,25,If I Told You,Darius Rucker,25,29,Gains In Performance
2017-02-18,26,My Old Man,Zac Brown Band,NEW,1,Gains In Performance
2017-02-18,27,Outskirts Of Heaven,Craig Campbell,24,43,Gains In Performance
2017-02-18,28,We Should Be Friends,Miranda Lambert,26,12,Gains In Performance
2017-02-18,29,How Not To,Dan + Shay,27,19,Gains In Performance
2017-02-18,30,Yours If You Want It,Rascal Flatts,30,5,Gains In Performance
2017-02-18,31,You Look Good,Lady Antebellum,31,3,Gains In Performance
2017-02-18,32,Hurricane,Luke Combs,32,16,Gains In Performance
2017-02-18,33,Lipstick,Runaway June,28,36,Gains In Performance
2017-02-18,34,Love Triangle,RaeLynn,29,26,
2017-02-18,35,Flatliner,Cole Swindell,36,4,Gains In Performance
2017-02-18,36,"God, Your Mama, And Me",Florida Georgia Line Featuring Backstreet Boys,38,4,Gains In Performance
2017-02-18,37,Somebody Else Will,Justin Moore,33,15,Gains In Performance
2017-02-18,38,In Case You Didn't Know,Brett Young,34,9,Gains In Performance
2017-02-18,39,My Girl,Dylan Scott,37,23,Gains In Performance
2017-02-18,40,Roots,Parmalee,35,39,Gains In Performance
2017-02-18,41,If He Ain't Gonna Love You,Jake Owen,39,16,Gains In Performance
2017-02-18,42,For Her,Chris Lane,40,18,Gains In Performance
2017-02-18,43,It Ain't My Fault,Brothers Osborne,42,4,Gains In Performance
2017-02-18,44,Ring On Every Finger,LoCash,41,12,
2017-02-18,45,Room To Breathe,Chase Bryant,43,24,Gains In Performance
2017-02-18,46,Do I Make You Wanna,Billy Currington,44,11,Gains In Performance
2017-02-18,47,Yesterday's Song,Hunter Hayes,46,14,Gains In Performance
2017-02-18,48,The Way I Talk,Morgan Wallen,45,15,
2017-02-18,49,Missing,William Michael Morgan,47,10,
2017-02-18,50,Makin' Me Look Good Again,Drake White,52,7,Gains In Performance
2017-02-18,51,With You I Am,Cody Johnson,48,11,
2017-02-18,52,A Girl Like You,Easton Corbin,56,2,Gains In Performance
2017-02-18,53,Momma And Jesus,Tucker Beathard,50,7,Gains In Performance
2017-02-18,54,Outta Style,Aaron Watson,49,5,
2017-02-18,55,Woke Up In Nashville,Seth Ennis,53,5,Gains In Performance
2017-02-18,56,Put A Label On It,Ryan Follese,54,11,Gains In Performance
2017-02-18,57,Rebound,Drew Baldridge Featuring Emily Weisband,55,3,Gains In Performance
2017-02-18,58,Candyland,Love And Theft,57,11,Gains In Performance
2017-02-18,59,Getting Over You,Jackie Lee,58,2,Gains In Performance
2017-02-18,60,Drinkin' Problem,Midland,60,2,Gains In Performance
2017-02-25,1,Seein' Red,Dustin Lynch,3,34,Gains In Performance
2017-02-25,2,Better Man,Little Big Town,4,17,Gains In Performance
2017-02-25,3,Sober Saturday Night,Chris Young Featuring Vince Gill,5,36,Gains In Performance
2017-02-25,4,Star Of The Show,Thomas Rhett,1,20,
2017-02-25,5,A Guy With A Girl,Blake Shelton,2,20,
2017-02-25,6,Today,Brad Paisley,7,19,Gains In Performance
2017-02-25,7,Think A Little Less,Michael Ray,8,43,Greatest gainer this week|Gains In Performance
2017-02-25,8,Dirt On My Boots,Jon Pardi,9,21,Gains In Performance
2017-02-25,9,Kill A Word,Eric Church Featuring Rhiannon Giddens,10,25,Gains In Performance
2017-02-25,10,Fast,Luke Bryan,11,11,Gains In Performance
2017-02-25,11,Road Less Traveled,Lauren Alaina,13,26,Gains In Performance
2017-02-25,12,Any Ol' Barstool,Jason Aldean,14,12,Gains In Performance
2017-02-25,13,The Weekend,Brantley Gilbert,15,30,Gains In Performance
2017-02-25,14,Yeah Boy,Kelsea Ballerini,16,19,Gains In Performance
2017-02-25,15,"Baby, Let's Lay Down And Dance",Garth Brooks,17,18,Gains In Performance
2017-02-25,16,Hometown Girl,Josh Turner,18,37,Gains In Performance
2017-02-25,17,Bar At The End Of The World,Kenny Chesney,19,9,Gains In Performance
2017-02-25,18,Make You Mine,High Valley,20,51,Gains In Performance
2017-02-25,19,Black,Dierks Bentley,23,14,Gains In Performance
2017-02-25,20,There's A Girl,Trent Harmon,24,30,Gains In Performance
2017-02-25,21,Body Like A Back Road,Sam Hunt,21,2,
2017-02-25,22,Holdin' Her,Chris Janson,22,41,Gains In Performance
2017-02-25,23,How Not To,Dan + Shay,29,20,Gains In Performance
2017-02-25,24,Hurricane,Luke Combs,32,17,Gains In Performance
2017-02-25,25,If I Told You,Darius Rucker,25,30,Gains In Performance
2017-02-25,26,Outskirts Of Heaven,Craig Campbell,27,44,Gains In Performance
2017-02-25,27,Yours If You Want It,Rascal Flatts,30,6,Gains In Performance
2017-02-25,28,We Should Be Friends,Miranda Lambert,28,13,Gains In Performance
2017-02-25,29,You Look Good,Lady Antebellum,31,4,Gains In Performance
2017-02-25,30,Lipstick,Runaway June,33,37,Gains In Performance
2017-02-25,31,In Case You Didn't Know,Brett Young,38,10,Gains In Performance
2017-02-25,32,Flatliner,Cole Swindell,35,5,Gains In Performance
2017-02-25,33,Love Triangle,RaeLynn,34,27,
2017-02-25,34,"God, Your Mama, And Me",Florida Georgia Line Featuring Backstreet Boys,36,5,Gains In Performance
2017-02-25,35,My Old Man,Zac Brown Band,26,2,
2017-02-25,36,My Girl,Dylan Scott,39,24,Gains In Performance
2017-02-25,37,Somebody Else Will,Justin Moore,37,16,Gains In Performance
2017-02-25,38,If He Ain't Gonna Love You,Jake Owen,41,17,Gains In Performance
2017-02-25,39,Roots,Parmalee,40,40,Gains In Performance
2017-02-25,40,For Her,Chris Lane,42,19,Gains In Performance
2017-02-25,41,It Ain't My Fault,Brothers Osborne,43,5,Gains In Performance
2017-02-25,42,Do I Make You Wanna,Billy Currington,46,12,Gains In Performance
2017-02-25,43,Ring On Every Finger,LoCash,44,13,Gains In Performance
2017-02-25,44,The Fighter,Keith Urban Featuring Carrie Underwood,NEW,1,Highest ranking debut|Gains In Performance
2017-02-25,45,Yesterday's Song,Hunter Hayes,47,15,
2017-02-25,46,The Way I Talk,Morgan Wallen,48,16,Gains In Performance
2017-02-25,47,A Girl Like You,Easton Corbin,52,3,Gains In Performance
2017-02-25,48,Missing,William Michael Morgan,49,11,Gains In Performance
2017-02-25,49,Makin' Me Look Good Again,Drake White,50,8,Gains In Performance
2017-02-25,50,With You I Am,Cody Johnson,51,12,Gains In Performance
2017-02-25,51,Woke Up In Nashville,Seth Ennis,55,6,Gains In Performance
2017-02-25,52,Momma And Jesus,Tucker Beathard,53,8,
2017-02-25,53,Outta Style,Aaron Watson,54,6,
2017-02-25,54,Getting Over You,Jackie Lee,59,3,Gains In Performance
2017-02-25,55,Rebound,Drew Baldridge Featuring Emily Weisband,57,4,
2017-02-25,56,Kiss Me,Casey Donahew,RE,2,Gains In Performance
2017-02-25,57,Drinkin' Problem,Midland,60,3,Gains In Performance
2017-02-25,58,Candyland,Love And Theft,58,12,
2017-02-25,59,Put A Label On It,Ryan Follese,56,12,
2017-02-25,60,Just A Phase,Adam Craig,NEW,1,Gains In Performance
2017-03-04,1,Better Man,Little Big Town,2,18,Gains In Performance
2017-03-04,2,Sober Saturday Night,Chris Young Featuring Vince Gill,3,37,Gains In Performance
2017-03-04,3,Think A Little Less,Michael Ray,7,44,Greatest gainer this week|Gains In Performance
2017-03-04,4,Today,Brad Paisley,6,20,Gains In Performance
2017-03-04,5,Dirt On My Boots,Jon Pardi,8,22,Gains In Performance
2017-03-04,6,Seein' Red,Dustin Lynch,1,35,
2017-03-04,7,A Guy With A Girl,Blake Shelton,5,21,
2017-03-04,8,Kill A Word,Eric Church Featuring Rhiannon Giddens,9,26,Gains In Performance
2017-03-04,9,Fast,Luke Bryan,10,12,Gains In Performance
2017-03-04,10,Any Ol' Barstool,Jason Aldean,12,13,Gains In Performance
2017-03-04,11,Road Less Traveled,Lauren Alaina,11,27,Gains In Performance
2017-03-04,12,The Weekend,Brantley Gilbert,13,31,Gains In Performance
2017-03-04,13,Yeah Boy,Kelsea Ballerini,14,20,Gains In Performance
2017-03-04,14,Bar At The End Of The World,Kenny Chesney,17,10,Gains In Performance
2017-03-04,15,Hometown Girl,Josh Turner,16,38,Gains In Performance
2017-03-04,16,"Baby, Let's Lay Down And Dance",Garth Brooks,15,19,Gains In Performance
2017-03-04,17,Make You Mine,High Valley,18,52,Gains In Performance
2017-03-04,18,Body Like A Back Road,Sam Hunt,21,3,Gains In Performance
2017-03-04,19,Black,Dierks Bentley,19,15,Gains In Performance
2017-03-04,20,Hurricane,Luke Combs,24,18,Gains In Performance
2017-03-04,21,There's A Girl,Trent Harmon,20,31,Gains In Performance
2017-03-04,22,Holdin' Her,Chris Janson,22,42,Gains In Performance
2017-03-04,23,How Not To,Dan + Shay,23,21,Gains In Performance
2017-03-04,24,If I Told You,Darius Rucker,25,31,Gains In Performance
2017-03-04,25,Yours If You Want It,Rascal Flatts,27,7,Gains In Performance
2017-03-04,26,Outskirts Of Heaven,Craig Campbell,26,45,Gains In Performance
2017-03-04,27,You Look Good,Lady Antebellum,29,5,Gains In Performance
2017-03-04,28,We Should Be Friends,Miranda Lambert,28,14,Gains In Performance
2017-03-04,29,In Case You Didn't Know,Brett Young,31,11,Gains In Performance
2017-03-04,30,Lipstick,Runaway June,30,38,Gains In Performance
2017-03-04,31,My Old Man,Zac Brown Band,35,3,Gains In Performance
2017-03-04,32,Flatliner,Cole Swindell,32,6,Gains In Performance
2017-03-04,33,The Fighter,Keith Urban Featuring Carrie Underwood,44,2,Gains In Performance
2017-03-04,34,"God, Your Mama, And Me",Florida Georgia Line Featuring Backstreet Boys,34,6,Gains In Performance
2017-03-04,35,My Girl,Dylan Scott,36,25,Gains In Performance
2017-03-04,36,Somebody Else Will,Justin Moore,37,17,Gains In Performance
2017-03-04,37,Roots,Parmalee,39,41,Gains In Performance
2017-03-04,38,If He Ain't Gonna Love You,Jake Owen,38,18,
2017-03-04,39,For Her,Chris Lane,40,20,Gains In Performance
2017-03-04,40,It Ain't My Fault,Brothers Osborne,41,6,Gains In Performance
2017-03-04,41,Do I Make You Wanna,Billy Currington,42,13,Gains In Performance
2017-03-04,42,Ring On Every Finger,LoCash,43,14,Gains In Performance
2017-03-04,43,The Way I Talk,Morgan Wallen,46,17,Gains In Performance
2017-03-04,44,Yesterday's Song,Hunter Hayes,45,16,Gains In Performance
2017-03-04,45,A Girl Like You,Easton Corbin,47,4,Gains In Performance
2017-03-04,46,With You I Am,Cody Johnson,50,13,Gains In Performance
2017-03-04,47,Makin' Me Look Good Again,Drake White,49,9,Gains In Performance
2017-03-04,48,Every Time I Hear That Song,Blake Shelton,NEW,1,Highest ranking debut|Gains In Performance
2017-03-04,49,Missing,William Michael Morgan,48,12,
2017-03-04,50,Momma And Jesus,Tucker Beathard,52,9,Gains In Performance
2017-03-04,51,Outta Style,Aaron Watson,53,7,Gains In Performance
2017-03-04,52,Drinkin' Problem,Midland,57,4,Gains In Performance
2017-03-04,53,Woke Up In Nashville,Seth Ennis,51,7,
2017-03-04,54,Rebound,Drew Baldridge Featuring Emily Weisband,55,5,Gains In Performance
2017-03-04,55,Kiss Me,Casey Donahew,56,3,Gains In Performance
2017-03-04,56,More Girls Like You,Kip Moore,NEW,1,Gains In Performance
2017-03-04,57,Getting Over You,Jackie Lee,54,4,
2017-03-04,58,Just A Phase,Adam Craig,60,2,Gains In Performance
2017-03-04,59,Close,Ryan Kinder,NEW,1,Gains In Performance
2017-03-04,60,What Ifs,Kane Brown Featuring Lauren Alaina,NEW,1,Gains In Performance
2017-03-11,1,Better Man,Little Big Town,1,19,Gains In Performance
2017-03-11,2,Sober Saturday Night,Chris Young Featuring Vince Gill,2,38,Gains In Performance
2017-03-11,3,Think A Little Less,Michael Ray,3,45,Gains In Performance
2017-03-11,4,Today,Brad Paisley,4,21,Gains In Performance
2017-03-11,5,Dirt On My Boots,Jon Pardi,5,23,Gains In Performance
2017-03-11,6,A Guy With A Girl,Blake Shelton,7,22,
2017-03-11,7,Fast,Luke Bryan,9,13,Gains In Performance
2017-03-11,8,Kill A Word,Eric Church Featuring Rhiannon Giddens,8,27,Gains In Performance
2017-03-11,9,Road Less Traveled,Lauren Alaina,11,28,Gains In Performance
2017-03-11,10,Any Ol' Barstool,Jason Aldean,10,14,Gains In Performance
2017-03-11,11,Yeah Boy,Kelsea Ballerini,13,21,Gains In Performance
2017-03-11,12,The Weekend,Brantley Gilbert,12,32,Gains In Performance
2017-03-11,13,Hometown Girl,Josh Turner,15,39,Gains In Performance
2017-03-11,14,Bar At The End Of The World,Kenny Chesney,14,11,Gains In Performance
2017-03-11,15,Body Like A Back Road,Sam Hunt,18,4,Gains In Performance
2017-03-11,16,"Baby, Let's Lay Down And Dance",Garth Brooks,16,20,Gains In Performance
2017-03-11,17,Black,Dierks Bentley,19,16,Gains In Performance
2017-03-11,18,Make You Mine,High Valley,17,53,Gains In Performance
2017-03-11,19,Hurricane,Luke Combs,20,19,Gains In Performance
2017-03-11,20,Holdin' Her,Chris Janson,22,43,Gains In Performance
2017-03-11,21,There's A Girl,Trent Harmon,21,32,Gains In Performance
2017-03-11,22,How Not To,Dan + Shay,23,22,Gains In Performance
2017-03-11,23,If I Told You,Darius Rucker,24,32,Gains In Performance
2017-03-11,24,Yours If You Want It,Rascal Flatts,25,8,Gains In Performance
2017-03-11,25,Outskirts Of Heaven,Craig Campbell,26,46,Gains In Performance
2017-03-11,26,You Look Good,Lady Antebellum,27,6,Gains In Performance
2017-03-11,27,We Should Be Friends,Miranda Lambert,28,15,Gains In Performance
2017-03-11,28,The Fighter,Keith Urban Featuring Carrie Underwood,33,3,Gains In Performance
2017-03-11,29,Lipstick,Runaway June,30,39,Gains In Performance
2017-03-11,30,My Old Man,Zac Brown Band,31,4,Gains In Performance
2017-03-11,31,In Case You Didn't Know,Brett Young,29,12,Gains In Performance
2017-03-11,32,Somethin' I'm Good At,Brett Eldredge,NEW,1,Highest ranking debut|Gains In Performance
2017-03-11,33,Flatliner,Cole Swindell,32,7,Gains In Performance
2017-03-11,34,"God, Your Mama, And Me",Florida Georgia Line Featuring Backstreet Boys,34,7,Gains In Performance
2017-03-11,35,My Girl,Dylan Scott,35,26,Gains In Performance
2017-03-11,36,Somebody Else Will,Justin Moore,36,18,Gains In Performance
2017-03-11,37,Roots,Parmalee,37,42,
2017-03-11,38,If He Ain't Gonna Love You,Jake Owen,38,19,Gains In Performance
2017-03-11,39,For Her,Chris Lane,39,21,Gains In Performance
2017-03-11,40,Every Time I Hear That Song,Blake Shelton,48,2,Gains In Performance
2017-03-11,41,It Ain't My Fault,Brothers Osborne,40,7,
2017-03-11,42,Do I Make You Wanna,Billy Currington,41,14,Gains In Performance
2017-03-11,43,Ring On Every Finger,LoCash,42,15,Gains In Performance
2017-03-11,44,The Way I Talk,Morgan Wallen,43,18,Gains In Performance
2017-03-11,45,Yesterday's Song,Hunter Hayes,44,17,
2017-03-11,46,Makin' Me Look Good Again,Drake White,47,10,
2017-03-11,47,Outta Style,Aaron Watson,51,8,Gains In Performance
2017-03-11,48,Momma And Jesus,Tucker Beathard,50,10,Gains In Performance
2017-03-11,49,Missing,William Michael Morgan,49,13,Gains In Performance
2017-03-11,50,A Girl Like You,Easton Corbin,45,5,
2017-03-11,51,Woke Up In Nashville,Seth Ennis,53,8,Gains In Performance
2017-03-11,52,More Girls Like You,Kip Moore,56,2,Gains In Performance
2017-03-11,53,Drinkin' Problem,Midland,52,5,Gains In Performance
2017-03-11,54,Rebound,Drew Baldridge Featuring Emily Weisband,54,6,
2017-03-11,55,Kiss Me,Casey Donahew,55,4,Gains In Performance
2017-03-11,56,With You I Am,Cody Johnson,46,14,
2017-03-11,57,Getting Over You,Jackie Lee,57,5,Gains In Performance
2017-03-11,58,What Ifs,Kane Brown Featuring Lauren Alaina,60,2,Gains In Performance
2017-03-11,59,Just A Phase,Adam Craig,58,3,
2017-03-11,60,Close,Ryan Kinder,59,2,
2017-03-18,1,Sober Saturday Night,Chris Young Featuring Vince Gill,2,39,Gains In Performance
2017-03-18,2,Dirt On My Boots,Jon Pardi,5,24,Greatest gainer this week|Gains In Performance
2017-03-18,3,Think A Little Less,Michael Ray,3,46,Gains In Performance
2017-03-18,4,Today,Brad Paisley,4,22,Gains In Performance
2017-03-18,5,Better Man,Little Big Town,1,20,
2017-03-18,6,Fast,Luke Bryan,7,14,Gains In Performance
2017-03-18,7,Road Less Traveled,Lauren Alaina,9,29,Gains In Performance
2017-03-18,8,Kill A Word,Eric Church Featuring Rhiannon Giddens,8,28,Gains In Performance
2017-03-18,9,Any Ol' Barstool,Jason Aldean,10,15,Gains In Performance
2017-03-18,10,A Guy With A Girl,Blake Shelton,6,23,
2017-03-18,11,Yeah Boy,Kelsea Ballerini,11,22,Gains In Performance
2017-03-18,12,The Weekend,Brantley Gilbert,12,33,Gains In Performance
2017-03-18,13,Hometown Girl,Josh Turner,13,40,Gains In Performance
2017-03-18,14,Body Like A Back Road,Sam Hunt,15,5,Gains In Performance
2017-03-18,15,Bar At The End Of The World,Kenny Chesney,14,12,Gains In Performance
2017-03-18,16,"Baby, Let's Lay Down And Dance",Garth Brooks,16,21,Gains In Performance
2017-03-18,17,Make You Mine,High Valley,18,54,Gains In Performance
2017-03-18,18,Black,Dierks Bentley,17,17,Gains In Performance
2017-03-18,19,Hurricane,Luke Combs,19,20,Gains In Performance
2017-03-18,20,How Not To,Dan + Shay,22,23,Gains In Performance
2017-03-18,21,Holdin' Her,Chris Janson,20,44,Gains In Performance
2017-03-18,22,There's A Girl,Trent Harmon,21,33,Gains In Performance
2017-03-18,23,If I Told You,Darius Rucker,23,33,Gains In Performance
2017-03-18,24,You Look Good,Lady Antebellum,26,7,Gains In Performance
2017-03-18,25,Yours If You Want It,Rascal Flatts,24,9,Gains In Performance
2017-03-18,26,Outskirts Of Heaven,Craig Campbell,25,47,Gains In Performance
2017-03-18,27,The Fighter,Keith Urban Featuring Carrie Underwood,28,4,Gains In Performance
2017-03-18,28,In Case You Didn't Know,Brett Young,31,13,Gains In Performance
2017-03-18,29,My Old Man,Zac Brown Band,30,5,Gains In Performance
2017-03-18,30,We Should Be Friends,Miranda Lambert,27,16,Gains In Performance
2017-03-18,31,"God, Your Mama, And Me",Florida Georgia Line Featuring Backstreet Boys,34,8,Gains In Performance
2017-03-18,32,Flatliner,Cole Swindell,33,8,Gains In Performance
2017-03-18,33,My Girl,Dylan Scott,35,27,Gains In Performance
2017-03-18,34,Somebody Else Will,Justin Moore,36,19,Gains In Performance
2017-03-18,35,Roots,Parmalee,37,43,Gains In Performance
2017-03-18,36,For Her,Chris Lane,39,22,Gains In Performance
2017-03-18,37,Every Time I Hear That Song,Blake Shelton,40,3,Gains In Performance
2017-03-18,38,It Ain't My Fault,Brothers Osborne,41,8,Gains In Performance
2017-03-18,39,Do I Make You Wanna,Billy Currington,42,15,Gains In Performance
2017-03-18,40,Ring On Every Finger,LoCash,43,16,Gains In Performance
2017-03-18,41,The Way I Talk,Morgan Wallen,44,19,Gains In Performance
2017-03-18,42,Outta Style,Aaron Watson,47,9,Gains In Performance
2017-03-18,43,Makin' Me Look Good Again,Drake White,46,11,Gains In Performance
2017-03-18,44,Somethin' I'm Good At,Brett Eldredge,32,2,
2017-03-18,45,Drinkin' Problem,Midland,53,6,Gains In Performance
2017-03-18,46,Missing,William Michael Morgan,49,14,Gains In Performance
2017-03-18,47,Momma And Jesus,Tucker Beathard,48,11,Gains In Performance
2017-03-18,48,If He Ain't Gonna Love You,Jake Owen,38,20,
2017-03-18,49,A Girl Like You,Easton Corbin,50,6,Gains In Performance
2017-03-18,50,More Girls Like You,Kip Moore,52,3,Gains In Performance
2017-03-18,51,Woke Up In Nashville,Seth Ennis,51,9,Gains In Performance
2017-03-18,52,Yesterday's Song,Hunter Hayes,45,18,
2017-03-18,53,With You I Am,Cody Johnson,56,15,Gains In Performance
2017-03-18,54,Rebound,Drew Baldridge Featuring Emily Weisband,54,7,Gains In Performance
2017-03-18,55,Kiss Me,Casey Donahew,55,5,Gains In Performance
2017-03-18,56,Getting Over You,Jackie Lee,57,6,Gains In Performance
2017-03-18,57,What Ifs,Kane Brown Featuring Lauren Alaina,58,3,Gains In Performance
2017-03-18,58,Greatest Love Story,LANco,NEW,1,Highest ranking debut|Gains In Performance
2017-03-18,59,Just A Phase,Adam Craig,59,4,Gains In Performance
2017-03-18,60,Close,Ryan Kinder,60,3,Gains In Performance
2017-03-25,1,Dirt On My Boots,Jon Pardi,2,25,Gains In Performance
2017-03-25,2,Think A Little Less,Michael Ray,3,47,Gains In Performance
2017-03-25,3,Today,Brad Paisley,4,23,Gains In Performance
2017-03-25,4,Fast,Luke Bryan,6,15,Gains In Performance
2017-03-25,5,Road Less Traveled,Lauren Alaina,7,30,Gains In Performance
2017-03-25,6,Sober Saturday Night,Chris Young Featuring Vince Gill,1,40,
2017-03-25,7,Any Ol' Barstool,Jason Aldean,9,16,Gains In Performance
2017-03-25,8,Better Man,Little Big Town,5,21,
2017-03-25,9,Kill A Word,Eric Church Featuring Rhiannon Giddens,8,29,Gains In Performance
2017-03-25,10,Yeah Boy,Kelsea Ballerini,11,23,Gains In Performance
2017-03-25,11,Body Like A Back Road,Sam Hunt,14,6,Gains In Performance
2017-03-25,12,Hometown Girl,Josh Turner,13,41,Gains In Performance
2017-03-25,13,The Weekend,Brantley Gilbert,12,34,Gains In Performance
2017-03-25,14,Bar At The End Of The World,Kenny Chesney,15,13,Gains In Performance
2017-03-25,15,Hurricane,Luke Combs,19,21,Gains In Performance
2017-03-25,16,Black,Dierks Bentley,18,18,Gains In Performance
2017-03-25,17,How Not To,Dan + Shay,20,24,Gains In Performance
2017-03-25,18,If I Told You,Darius Rucker,23,34,Gains In Performance
2017-03-25,19,There's A Girl,Trent Harmon,22,34,Gains In Performance
2017-03-25,20,In Case You Didn't Know,Brett Young,28,14,Gains In Performance
2017-03-25,21,You Look Good,Lady Antebellum,24,8,Gains In Performance
2017-03-25,22,Yours If You Want It,Rascal Flatts,25,10,Gains In Performance
2017-03-25,23,The Fighter,Keith Urban Featuring Carrie Underwood,27,5,Gains In Performance
2017-03-25,24,My Old Man,Zac Brown Band,29,6,Gains In Performance
2017-03-25,25,"God, Your Mama, And Me",Florida Georgia Line Featuring Backstreet Boys,31,9,Gains In Performance
2017-03-25,26,We Should Be Friends,Miranda Lambert,30,17,Gains In Performance
2017-03-25,27,My Girl,Dylan Scott,33,28,Gains In Performance
2017-03-25,28,Flatliner,Cole Swindell,32,9,Gains In Performance
2017-03-25,29,Somebody Else Will,Justin Moore,34,20,Gains In Performance
2017-03-25,30,Every Time I Hear That Song,Blake Shelton,37,4,Gains In Performance
2017-03-25,31,No Such Thing As A Broken Heart,Old Dominion,NEW,1,Highest ranking debut|Gains In Performance
2017-03-25,32,Do I Make You Wanna,Billy Currington,39,16,Gains In Performance
2017-03-25,33,For Her,Chris Lane,36,23,Gains In Performance
2017-03-25,34,It Ain't My Fault,Brothers Osborne,38,9,Gains In Performance
2017-03-25,35,Drinkin' Problem,Midland,45,7,Gains In Performance
2017-03-25,36,The Way I Talk,Morgan Wallen,41,20,Gains In Performance
2017-03-25,37,Ring On Every Finger,LoCash,40,17,Gains In Performance
2017-03-25,38,Missing,William Michael Morgan,46,15,Gains In Performance
2017-03-25,39,A Girl Like You,Easton Corbin,49,7,Gains In Performance
2017-03-25,40,Makin' Me Look Good Again,Drake White,43,12,Gains In Performance
2017-03-25,41,Somethin' I'm Good At,Brett Eldredge,44,3,Gains In Performance
2017-03-25,42,Outta Style,Aaron Watson,42,10,Gains In Performance
2017-03-25,43,More Girls Like You,Kip Moore,50,4,Gains In Performance
2017-03-25,44,Momma And Jesus,Tucker Beathard,47,12,Gains In Performance
2017-03-25,45,With You I Am,Cody Johnson,53,16,Gains In Performance
2017-03-25,46,Woke Up In Nashville,Seth Ennis,51,10,Gains In Performance
2017-03-25,47,California,Big & Rich,NEW,1,Gains In Performance
2017-03-25,48,What Ifs,Kane Brown Featuring Lauren Alaina,57,4,Gains In Performance
2017-03-25,49,Kiss Me,Casey Donahew,55,6,Gains In Performance
2017-03-25,50,Rebound,Drew Baldridge Featuring Emily Weisband,54,8,Gains In Performance
2017-03-25,51,Just A Phase,Adam Craig,59,5,Gains In Performance
2017-03-25,52,Getting Over You,Jackie Lee,56,7,Gains In Performance
2017-03-25,53,Greatest Love Story,LANco,58,2,Gains In Performance
2017-03-25,54,Small Town Boy,Dustin Lynch,NEW,1,Gains In Performance
2017-03-25,55,Close,Ryan Kinder,60,4,Gains In Performance
2017-03-25,56,Back To God,Reba McEntire & Lauren Daigle,NEW,1,Gains In Performance
2017-03-25,57,Watered Down,Trace Adkins,NEW,1,Gains In Performance
2017-03-25,58,Sing Along,Kristian Bush,NEW,1,Gains In Performance
2017-03-25,59,They Can't See,Michael Tyler,NEW,1,Gains In Performance
2017-03-25,60,You'll Accomp'ny Me,Frankie Ballard,NEW,1,Gains In Performance
2017-04-01,1,Dirt On My Boots,Jon Pardi,1,26,Gains In Performance
2017-04-01,2,Think A Little Less,Michael Ray,2,48,Gains In Performance
2017-04-01,3,Fast,Luke Bryan,4,16,Gains In Performance
2017-04-01,4,Road Less Traveled,Lauren Alaina,5,31,Gains In Performance
2017-04-01,5,Any Ol' Barstool,Jason Aldean,7,17,Gains In Performance
2017-04-01,6,Kill A Word,Eric Church Featuring Rhiannon Giddens,9,30,Gains In Performance
2017-04-01,7,Today,Brad Paisley,3,24,
2017-04-01,8,Body Like A Back Road,Sam Hunt,11,7,Greatest gainer this week|Gains In Performance
2017-04-01,9,Yeah Boy,Kelsea Ballerini,10,24,Gains In Performance
2017-04-01,10,Hometown Girl,Josh Turner,12,42,Gains In Performance
2017-04-01,11,The Weekend,Brantley Gilbert,13,35,Gains In Performance
2017-04-01,12,Bar At The End Of The World,Kenny Chesney,14,14,Gains In Performance
2017-04-01,13,Black,Dierks Bentley,16,19,Gains In Performance
2017-04-01,14,Hurricane,Luke Combs,15,22,Gains In Performance
2017-04-01,15,How Not To,Dan + Shay,17,25,Gains In Performance
2017-04-01,16,In Case You Didn't Know,Brett Young,20,15,Gains In Performance
2017-04-01,17,If I Told You,Darius Rucker,18,35,Gains In Performance
2017-04-01,18,You Look Good,Lady Antebellum,21,9,Gains In Performance
2017-04-01,19,The Fighter,Keith Urban Featuring Carrie Underwood,23,6,Gains In Performance
2017-04-01,20,There's A Girl,Trent Harmon,19,35,Gains In Performance
2017-04-01,21,Yours If You Want It,Rascal Flatts,22,11,Gains In Performance
2017-04-01,22,My Old Man,Zac Brown Band,24,7,Gains In Performance
2017-04-01,23,"God, Your Mama, And Me",Florida Georgia Line Featuring Backstreet Boys,25,10,Gains In Performance
2017-04-01,24,My Girl,Dylan Scott,27,29,Gains In Performance
2017-04-01,25,Flatliner,Cole Swindell,28,10,Gains In Performance
2017-04-01,26,We Should Be Friends,Miranda Lambert,26,18,
2017-04-01,27,Every Time I Hear That Song,Blake Shelton,30,5,Gains In Performance
2017-04-01,28,Somebody Else Will,Justin Moore,29,21,Gains In Performance
2017-04-01,29,Love Triangle,RaeLynn,RE,28,Gains In Performance
2017-04-01,30,For Her,Chris Lane,33,24,Gains In Performance
2017-04-01,31,It Ain't My Fault,Brothers Osborne,34,10,Gains In Performance
2017-04-01,32,Do I Make You Wanna,Billy Currington,32,17,Gains In Performance
2017-04-01,33,Drinkin' Problem,Midland,35,8,Gains In Performance
2017-04-01,34,No Such Thing As A Broken Heart,Old Dominion,31,2,
2017-04-01,35,Ring On Every Finger,LoCash,37,18,Gains In Performance
2017-04-01,36,Somethin' I'm Good At,Brett Eldredge,41,4,Gains In Performance
2017-04-01,37,The Way I Talk,Morgan Wallen,36,21,Gains In Performance
2017-04-01,38,A Girl Like You,Easton Corbin,39,8,Gains In Performance
2017-04-01,39,Missing,William Michael Morgan,38,16,Gains In Performance
2017-04-01,40,Makin' Me Look Good Again,Drake White,40,13,Gains In Performance
2017-04-01,41,More Girls Like You,Kip Moore,43,5,Gains In Performance
2017-04-01,42,Outta Style,Aaron Watson,42,11,
2017-04-01,43,Momma And Jesus,Tucker Beathard,44,13,Gains In Performance
2017-04-01,44,With You I Am,Cody Johnson,45,17,Gains In Performance
2017-04-01,45,Woke Up In Nashville,Seth Ennis,46,11,Gains In Performance
2017-04-01,46,Back To God,Reba McEntire & Lauren Daigle,56,2,Gains In Performance
2017-04-01,47,California,Big & Rich,47,2,Gains In Performance
2017-04-01,48,What Ifs,Kane Brown Featuring Lauren Alaina,48,5,Gains In Performance
2017-04-01,49,Small Town Boy,Dustin Lynch,54,2,Gains In Performance
2017-04-01,50,Just A Phase,Adam Craig,51,6,Gains In Performance
2017-04-01,51,Getting Over You,Jackie Lee,52,8,Gains In Performance
2017-04-01,52,Rebound,Drew Baldridge Featuring Emily Weisband,50,9,Gains In Performance
2017-04-01,53,Kiss Me,Casey Donahew,49,7,
2017-04-01,54,Greatest Love Story,LANco,53,3,Gains In Performance
2017-04-01,55,Close,Ryan Kinder,55,5,Gains In Performance
2017-04-01,56,I Could Use A Love Song,Maren Morris,NEW,1,Highest ranking debut|Gains In Performance
2017-04-01,57,You'll Accomp'ny Me,Frankie Ballard,60,2,Gains In Performance
2017-04-01,58,Every Little Thing,Carly Pearce,NEW,1,Gains In Performance
2017-04-01,59,They Can't See,Michael Tyler,59,2,Gains In Performance
2017-04-01,60,Watered Down,Trace Adkins,57,2,
2017-04-08,1,Dirt On My Boots,Jon Pardi,1,27,Gains In Performance
2017-04-08,2,Fast,Luke Bryan,3,17,Gains In Performance
2017-04-08,3,Road Less Traveled,Lauren Alaina,4,32,Gains In Performance
2017-04-08,4,Any Ol' Barstool,Jason Aldean,5,18,Gains In Performance
2017-04-08,5,Think A Little Less,Michael Ray,2,49,
2017-04-08,6,Body Like A Back Road,Sam Hunt,8,8,Gains In Performance
2017-04-08,7,Yeah Boy,Kelsea Ballerini,9,25,Gains In Performance
2017-04-08,8,Kill A Word,Eric Church Featuring Rhiannon Giddens,6,31,
2017-04-08,9,Hometown Girl,Josh Turner,10,43,Gains In Performance
2017-04-08,10,The Weekend,Brantley Gilbert,11,36,Gains In Performance
2017-04-08,11,Black,Dierks Bentley,13,20,Gains In Performance
2017-04-08,12,Bar At The End Of The World,Kenny Chesney,12,15,Gains In Performance
2017-04-08,13,Hurricane,Luke Combs,14,23,Gains In Performance
2017-04-08,14,How Not To,Dan + Shay,15,26,Gains In Performance
2017-04-08,15,In Case You Didn't Know,Brett Young,16,16,Gains In Performance
2017-04-08,16,If I Told You,Darius Rucker,17,36,Gains In Performance
2017-04-08,17,The Fighter,Keith Urban Featuring Carrie Underwood,19,7,Gains In Performance
2017-04-08,18,Yours If You Want It,Rascal Flatts,21,12,Gains In Performance
2017-04-08,19,Speak To A Girl,Tim McGraw & Faith Hill,NEW,1,Highest ranking debut|Gains In Performance
2017-04-08,20,You Look Good,Lady Antebellum,18,10,Gains In Performance
2017-04-08,21,There's A Girl,Trent Harmon,20,36,Gains In Performance
2017-04-08,22,My Girl,Dylan Scott,24,30,Gains In Performance
2017-04-08,23,My Old Man,Zac Brown Band,22,8,Gains In Performance
2017-04-08,24,"God, Your Mama, And Me",Florida Georgia Line Featuring Backstreet Boys,23,11,Gains In Performance
2017-04-08,25,Every Time I Hear That Song,Blake Shelton,27,6,Gains In Performance
2017-04-08,26,Flatliner,Cole Swindell,25,11,Gains In Performance
2017-04-08,27,Somebody Else Will,Justin Moore,28,22,Gains In Performance
2017-04-08,28,We Should Be Friends,Miranda Lambert,26,19,Gains In Performance
2017-04-08,29,Love Triangle,RaeLynn,29,29,Gains In Performance
2017-04-08,30,For Her,Chris Lane,30,25,Gains In Performance
2017-04-08,31,Drinkin' Problem,Midland,33,9,Gains In Performance
2017-04-08,32,Do I Make You Wanna,Billy Currington,32,18,Gains In Performance
2017-04-08,33,No Such Thing As A Broken Heart,Old Dominion,34,3,Gains In Performance
2017-04-08,34,It Ain't My Fault,Brothers Osborne,31,11,Gains In Performance
2017-04-08,35,Somethin' I'm Good At,Brett Eldredge,36,5,Gains In Performance
2017-04-08,36,Ring On Every Finger,LoCash,35,19,Gains In Performance
2017-04-08,37,The Way I Talk,Morgan Wallen,37,22,Gains In Performance
2017-04-08,38,A Girl Like You,Easton Corbin,38,9,Gains In Performance
2017-04-08,39,Makin' Me Look Good Again,Drake White,40,14,Gains In Performance
2017-04-08,40,Missing,William Michael Morgan,39,17,
2017-04-08,41,More Girls Like You,Kip Moore,41,6,
2017-04-08,42,With You I Am,Cody Johnson,44,18,Gains In Performance
2017-04-08,43,Outta Style,Aaron Watson,42,12,Gains In Performance
2017-04-08,44,Woke Up In Nashville,Seth Ennis,45,12,Gains In Performance
2017-04-08,45,California,Big & Rich,47,3,Gains In Performance
2017-04-08,46,Back To God,Reba McEntire & Lauren Daigle,46,3,Gains In Performance
2017-04-08,47,Small Town Boy,Dustin Lynch,49,3,Gains In Performance
2017-04-08,48,Every Little Thing,Carly Pearce,58,2,Gains In Performance
2017-04-08,49,Momma And Jesus,Tucker Beathard,43,14,
2017-04-08,50,Just A Phase,Adam Craig,50,7,Gains In Performance
2017-04-08,51,What Ifs,Kane Brown Featuring Lauren Alaina,48,6,
2017-04-08,52,Ask Me How I Know,Garth Brooks,NEW,1,Gains In Performance
2017-04-08,53,Rebound,Drew Baldridge Featuring Emily Weisband,52,10,
2017-04-08,54,Getting Over You,Jackie Lee,51,9,
2017-04-08,55,I Could Use A Love Song,Maren Morris,56,2,Gains In Performance
2017-04-08,56,Greatest Love Story,LANco,54,4,Gains In Performance
2017-04-08,57,Kiss Me,Casey Donahew,53,8,
2017-04-08,58,Close,Ryan Kinder,55,6,Gains In Performance
2017-04-08,59,You'll Accomp'ny Me,Frankie Ballard,57,3,Gains In Performance
2017-04-08,60,Watered Down,Trace Adkins,60,3,Gains In Performance
2017-04-15,1,Fast,Luke Bryan,2,18,Gains In Performance
2017-04-15,2,Dirt On My Boots,Jon Pardi,1,28,
2017-04-15,3,Road Less Traveled,Lauren Alaina,3,33,Gains In Performance
2017-04-15,4,Any Ol' Barstool,Jason Aldean,4,19,Gains In Performance
2017-04-15,5,Body Like A Back Road,Sam Hunt,6,9,Gains In Performance
2017-04-15,6,Yeah Boy,Kelsea Ballerini,7,26,Gains In Performance
2017-04-15,7,Hometown Girl,Josh Turner,9,44,Gains In Performance
2017-04-15,8,Think A Little Less,Michael Ray,5,50,
2017-04-15,9,Black,Dierks Bentley,11,21,Gains In Performance
2017-04-15,10,The Weekend,Brantley Gilbert,10,37,Gains In Performance
2017-04-15,11,Hurricane,Luke Combs,13,24,Gains In Performance
2017-04-15,12,Bar At The End Of The World,Kenny Chesney,12,16,Gains In Performance
2017-04-15,13,In Case You Didn't Know,Brett Young,15,17,Gains In Performance
2017-04-15,14,How Not To,Dan + Shay,14,27,Gains In Performance
2017-04-15,15,If I Told You,Darius Rucker,16,37,Gains In Performance
2017-04-15,16,Yours If You Want It,Rascal Flatts,18,13,Gains In Performance
2017-04-15,17,The Fighter,Keith Urban Featuring Carrie Underwood,17,8,Gains In Performance
2017-04-15,18,There's A Girl,Trent Harmon,21,37,Gains In Performance
2017-04-15,19,You Look Good,Lady Antebellum,20,11,Gains In Performance
2017-04-15,20,My Girl,Dylan Scott,22,31,Gains In Performance
2017-04-15,21,"God, Your Mama, And Me",Florida Georgia Line Featuring Backstreet Boys,24,12,Gains In Performance
2017-04-15,22,My Old Man,Zac Brown Band,23,9,Gains In Performance
2017-04-15,23,Every Time I Hear That Song,Blake Shelton,25,7,Gains In Performance
2017-04-15,24,Flatliner,Cole Swindell,26,12,Gains In Performance
2017-04-15,25,Speak To A Girl,Tim McGraw & Faith Hill,19,2,
2017-04-15,26,Somebody Else Will,Justin Moore,27,23,Gains In Performance
2017-04-15,27,Love Triangle,RaeLynn,29,30,Gains In Performance
2017-04-15,28,Craving You,Thomas Rhett Featuring Maren Morris,NEW,1,Highest ranking debut|Gains In Performance
2017-04-15,29,We Should Be Friends,Miranda Lambert,28,20,
2017-04-15,30,Drinkin' Problem,Midland,31,10,Gains In Performance
2017-04-15,31,No Such Thing As A Broken Heart,Old Dominion,33,4,Gains In Performance
2017-04-15,32,For Her,Chris Lane,30,26,Gains In Performance
2017-04-15,33,Do I Make You Wanna,Billy Currington,32,19,Gains In Performance
2017-04-15,34,It Ain't My Fault,Brothers Osborne,34,12,Gains In Performance
2017-04-15,35,Somethin' I'm Good At,Brett Eldredge,35,6,Gains In Performance
2017-04-15,36,Makin' Me Look Good Again,Drake White,39,15,Gains In Performance
2017-04-15,37,Ring On Every Finger,LoCash,36,20,Gains In Performance
2017-04-15,38,The Way I Talk,Morgan Wallen,37,23,Gains In Performance
2017-04-15,39,A Girl Like You,Easton Corbin,38,10,Gains In Performance
2017-04-15,40,Outta Style,Aaron Watson,43,13,Gains In Performance
2017-04-15,41,More Girls Like You,Kip Moore,41,7,Gains In Performance
2017-04-15,42,Missing,William Michael Morgan,40,18,Gains In Performance
2017-04-15,43,With You I Am,Cody Johnson,42,19,Gains In Performance
2017-04-15,44,California,Big & Rich,45,4,Gains In Performance
2017-04-15,45,Small Town Boy,Dustin Lynch,47,4,Gains In Performance
2017-04-15,46,Ask Me How I Know,Garth Brooks,52,2,Gains In Performance
2017-04-15,47,I Could Use A Love Song,Maren Morris,55,3,Gains In Performance
2017-04-15,48,Back To God,Reba McEntire & Lauren Daigle,46,4,Gains In Performance
2017-04-15,49,Woke Up In Nashville,Seth Ennis,44,13,
2017-04-15,50,Every Little Thing,Carly Pearce,48,3,Gains In Performance
2017-04-15,51,What Ifs,Kane Brown Featuring Lauren Alaina,51,7,Gains In Performance
2017-04-15,52,Just A Phase,Adam Craig,50,8,Gains In Performance
2017-04-15,53,Rebound,Drew Baldridge Featuring Emily Weisband,53,11,Gains In Performance
2017-04-15,54,Greatest Love Story,LANco,56,5,Gains In Performance
2017-04-15,55,Getting Over You,Jackie Lee,54,10,Gains In Performance
2017-04-15,56,Kiss Me,Casey Donahew,57,9,Gains In Performance
2017-04-15,57,Watered Down,Trace Adkins,60,4,Gains In Performance
2017-04-15,58,You'll Accomp'ny Me,Frankie Ballard,59,4,Gains In Performance
2017-04-15,59,Close,Ryan Kinder,58,7,
2017-04-15,60,They Can't See,Michael Tyler,RE,3,
2017-04-22,1,Road Less Traveled,Lauren Alaina,3,34,Gains In Performance
2017-04-22,2,Any Ol' Barstool,Jason Aldean,4,20,Gains In Performance
2017-04-22,3,Dirt On My Boots,Jon Pardi,2,29,
2017-04-22,4,Body Like A Back Road,Sam Hunt,5,10,Greatest gainer this week|Gains In Performance
2017-04-22,5,Fast,Luke Bryan,1,19,
2017-04-22,6,Hometown Girl,Josh Turner,7,45,Gains In Performance
2017-04-22,7,Yeah Boy,Kelsea Ballerini,6,27,Gains In Performance
2017-04-22,8,Black,Dierks Bentley,9,22,Gains In Performance
2017-04-22,9,Hurricane,Luke Combs,11,25,Gains In Performance
2017-04-22,10,The Weekend,Brantley Gilbert,10,38,Gains In Performance
2017-04-22,11,Bar At The End Of The World,Kenny Chesney,12,17,Gains In Performance
2017-04-22,12,In Case You Didn't Know,Brett Young,13,18,Gains In Performance
2017-04-22,13,How Not To,Dan + Shay,14,28,Gains In Performance
2017-04-22,14,If I Told You,Darius Rucker,15,38,Gains In Performance
2017-04-22,15,Yours If You Want It,Rascal Flatts,16,14,Gains In Performance
2017-04-22,16,The Fighter,Keith Urban Featuring Carrie Underwood,17,9,Gains In Performance
2017-04-22,17,"God, Your Mama, And Me",Florida Georgia Line Featuring Backstreet Boys,21,13,Gains In Performance
2017-04-22,18,You Look Good,Lady Antebellum,19,12,Gains In Performance
2017-04-22,19,My Girl,Dylan Scott,20,32,Gains In Performance
2017-04-22,20,There's A Girl,Trent Harmon,18,38,Gains In Performance
2017-04-22,21,My Old Man,Zac Brown Band,22,10,Gains In Performance
2017-04-22,22,Every Time I Hear That Song,Blake Shelton,23,8,Gains In Performance
2017-04-22,23,Flatliner,Cole Swindell,24,13,Gains In Performance
2017-04-22,24,Speak To A Girl,Tim McGraw & Faith Hill,25,3,Gains In Performance
2017-04-22,25,Somebody Else Will,Justin Moore,26,24,Gains In Performance
2017-04-22,26,Love Triangle,RaeLynn,27,31,Gains In Performance
2017-04-22,27,Drinkin' Problem,Midland,30,11,Gains In Performance
2017-04-22,28,Craving You,Thomas Rhett Featuring Maren Morris,28,2,Gains In Performance
2017-04-22,29,For Her,Chris Lane,32,27,Gains In Performance
2017-04-22,30,No Such Thing As A Broken Heart,Old Dominion,31,5,Gains In Performance
2017-04-22,31,Do I Make You Wanna,Billy Currington,33,20,Gains In Performance
2017-04-22,32,It Ain't My Fault,Brothers Osborne,34,13,Gains In Performance
2017-04-22,33,Outta Style,Aaron Watson,40,14,Gains In Performance
2017-04-22,34,Somethin' I'm Good At,Brett Eldredge,35,7,Gains In Performance
2017-04-22,35,Makin' Me Look Good Again,Drake White,36,16,Gains In Performance
2017-04-22,36,Ring On Every Finger,LoCash,37,21,Gains In Performance
2017-04-22,37,The Way I Talk,Morgan Wallen,38,24,Gains In Performance
2017-04-22,38,More Girls Like You,Kip Moore,41,8,Gains In Performance
2017-04-22,39,I Could Use A Love Song,Maren Morris,47,4,Gains In Performance
2017-04-22,40,A Girl Like You,Easton Corbin,39,11,Gains In Performance
2017-04-22,41,Ask Me How I Know,Garth Brooks,46,3,Gains In Performance
2017-04-22,42,Missing,William Michael Morgan,42,19,Gains In Performance
2017-04-22,43,Small Town Boy,Dustin Lynch,45,5,Gains In Performance
2017-04-22,44,Back To God,Reba McEntire & Lauren Daigle,48,5,Gains In Performance
2017-04-22,45,With You I Am,Cody Johnson,43,20,
2017-04-22,46,California,Big & Rich,44,5,Gains In Performance
2017-04-22,47,Every Little Thing,Carly Pearce,50,4,Gains In Performance
2017-04-22,48,Woke Up In Nashville,Seth Ennis,49,14,Gains In Performance
2017-04-22,49,What Ifs,Kane Brown Featuring Lauren Alaina,51,8,Gains In Performance
2017-04-22,50,Greatest Love Story,LANco,54,6,Gains In Performance
2017-04-22,51,Just A Phase,Adam Craig,52,9,Gains In Performance
2017-04-22,52,Rebound,Drew Baldridge Featuring Emily Weisband,53,12,
2017-04-22,53,Tin Man,Miranda Lambert,NEW,1,Highest ranking debut|Gains In Performance
2017-04-22,54,Getting Over You,Jackie Lee,55,11,
2017-04-22,55,Watered Down,Trace Adkins,57,5,Gains In Performance
2017-04-22,56,Happy People,Little Big Town,NEW,1,Gains In Performance
2017-04-22,57,Kiss Me,Casey Donahew,56,10,
2017-04-22,58,You'll Accomp'ny Me,Frankie Ballard,58,5,
2017-04-22,59,Close,Ryan Kinder,59,8,
2017-04-22,60,Own It,Bailey Bryan,NEW,1,Gains In Performance
2017-04-29,1,Any Ol' Barstool,Jason Aldean,2,21,Gains In Performance
2017-04-29,2,Body Like A Back Road,Sam Hunt,4,11,Gains In Performance
2017-04-29,3,Hometown Girl,Josh Turner,6,46,Gains In Performance
2017-04-29,4,Dirt On My Boots,Jon Pardi,3,30,
2017-04-29,5,Hurricane,Luke Combs,9,26,Greatest gainer this week|Gains In Performance
2017-04-29,6,Yeah Boy,Kelsea Ballerini,7,28,Gains In Performance
2017-04-29,7,Road Less Traveled,Lauren Alaina,1,35,
2017-04-29,8,Fast,Luke Bryan,5,20,
2017-04-29,9,Black,Dierks Bentley,8,23,Gains In Performance
2017-04-29,10,In Case You Didn't Know,Brett Young,12,19,Gains In Performance
2017-04-29,11,The Weekend,Brantley Gilbert,10,39,Gains In Performance
2017-04-29,12,Bar At The End Of The World,Kenny Chesney,11,18,Gains In Performance
2017-04-29,13,How Not To,Dan + Shay,13,29,Gains In Performance
2017-04-29,14,If I Told You,Darius Rucker,14,39,Gains In Performance
2017-04-29,15,The Fighter,Keith Urban Featuring Carrie Underwood,16,10,Gains In Performance
2017-04-29,16,Yours If You Want It,Rascal Flatts,15,15,Gains In Performance
2017-04-29,17,"God, Your Mama, And Me",Florida Georgia Line Featuring Backstreet Boys,17,14,Gains In Performance
2017-04-29,18,You Look Good,Lady Antebellum,18,13,Gains In Performance
2017-04-29,19,My Girl,Dylan Scott,19,33,Gains In Performance
2017-04-29,20,Every Time I Hear That Song,Blake Shelton,22,9,Gains In Performance
2017-04-29,21,There's A Girl,Trent Harmon,20,39,Gains In Performance
2017-04-29,22,My Old Man,Zac Brown Band,21,11,Gains In Performance
2017-04-29,23,Flatliner,Cole Swindell,23,14,Gains In Performance
2017-04-29,24,Craving You,Thomas Rhett Featuring Maren Morris,28,3,Gains In Performance
2017-04-29,25,Speak To A Girl,Tim McGraw & Faith Hill,24,4,Gains In Performance
2017-04-29,26,Somebody Else Will,Justin Moore,25,25,Gains In Performance
2017-04-29,27,Drinkin' Problem,Midland,27,12,Gains In Performance
2017-04-29,28,For Her,Chris Lane,29,28,Gains In Performance
2017-04-29,29,No Such Thing As A Broken Heart,Old Dominion,30,6,Gains In Performance
2017-04-29,30,Do I Make You Wanna,Billy Currington,31,21,Gains In Performance
2017-04-29,31,It Ain't My Fault,Brothers Osborne,32,14,Gains In Performance
2017-04-29,32,Somethin' I'm Good At,Brett Eldredge,34,8,Gains In Performance
2017-04-29,33,Outta Style,Aaron Watson,33,15,Gains In Performance
2017-04-29,34,Makin' Me Look Good Again,Drake White,35,17,Gains In Performance
2017-04-29,35,The Way I Talk,Morgan Wallen,37,25,Gains In Performance
2017-04-29,36,Ring On Every Finger,LoCash,36,22,Gains In Performance
2017-04-29,37,More Girls Like You,Kip Moore,38,9,Gains In Performance
2017-04-29,38,I Could Use A Love Song,Maren Morris,39,5,Gains In Performance
2017-04-29,39,A Girl Like You,Easton Corbin,40,12,Gains In Performance
2017-04-29,40,Small Town Boy,Dustin Lynch,43,6,Gains In Performance
2017-04-29,41,Back To God,Reba McEntire & Lauren Daigle,44,6,Gains In Performance
2017-04-29,42,Missing,William Michael Morgan,42,20,Gains In Performance
2017-04-29,43,Ask Me How I Know,Garth Brooks,41,4,Gains In Performance
2017-04-29,44,Tin Man,Miranda Lambert,53,2,Gains In Performance
2017-04-29,45,Woke Up In Nashville,Seth Ennis,48,15,Gains In Performance
2017-04-29,46,Every Little Thing,Carly Pearce,47,5,Gains In Performance
2017-04-29,47,With You I Am,Cody Johnson,45,21,Gains In Performance
2017-04-29,48,California,Big & Rich,46,6,Gains In Performance
2017-04-29,49,Happy People,Little Big Town,56,2,Gains In Performance
2017-04-29,50,Just A Phase,Adam Craig,51,10,Gains In Performance
2017-04-29,51,Greatest Love Story,LANco,50,7,Gains In Performance
2017-04-29,52,What Ifs,Kane Brown Featuring Lauren Alaina,49,9,Gains In Performance
2017-04-29,53,Round Here Buzz,Eric Church,NEW,1,Highest ranking debut|Gains In Performance
2017-04-29,54,Rebound,Drew Baldridge Featuring Emily Weisband,52,13,Gains In Performance
2017-04-29,55,Kiss Me,Casey Donahew,57,11,Gains In Performance
2017-04-29,56,Getting Over You,Jackie Lee,54,12,
2017-04-29,57,You'll Accomp'ny Me,Frankie Ballard,58,6,Gains In Performance
2017-04-29,58,Close,Ryan Kinder,59,9,
2017-04-29,59,Love Again,Todd O'Neill,NEW,1,Gains In Performance
2017-04-29,60,Watered Down,Trace Adkins,55,6,
2017-05-06,1,Body Like A Back Road,Sam Hunt,2,12,Gains In Performance
2017-05-06,2,Hometown Girl,Josh Turner,3,47,Greatest gainer this week|Gains In Performance
2017-05-06,3,Any Ol' Barstool,Jason Aldean,1,22,
2017-05-06,4,Hurricane,Luke Combs,5,27,Gains In Performance
2017-05-06,5,Yeah Boy,Kelsea Ballerini,6,29,Gains In Performance
2017-05-06,6,Black,Dierks Bentley,9,24,Gains In Performance
2017-05-06,7,Dirt On My Boots,Jon Pardi,4,31,
2017-05-06,8,In Case You Didn't Know,Brett Young,10,20,Gains In Performance
2017-05-06,9,The Weekend,Brantley Gilbert,11,40,Gains In Performance
2017-05-06,10,Fast,Luke Bryan,8,21,
2017-05-06,11,Bar At The End Of The World,Kenny Chesney,12,19,Gains In Performance
2017-05-06,12,How Not To,Dan + Shay,13,30,Gains In Performance
2017-05-06,13,If I Told You,Darius Rucker,14,40,Gains In Performance
2017-05-06,14,The Fighter,Keith Urban Featuring Carrie Underwood,15,11,Gains In Performance
2017-05-06,15,"God, Your Mama, And Me",Florida Georgia Line Featuring Backstreet Boys,17,15,Gains In Performance
2017-05-06,16,Yours If You Want It,Rascal Flatts,16,16,Gains In Performance
2017-05-06,17,You Look Good,Lady Antebellum,18,14,Gains In Performance
2017-05-06,18,My Girl,Dylan Scott,19,34,Gains In Performance
2017-05-06,19,Every Time I Hear That Song,Blake Shelton,20,10,Gains In Performance
2017-05-06,20,Flatliner,Cole Swindell,23,15,Gains In Performance
2017-05-06,21,Craving You,Thomas Rhett Featuring Maren Morris,24,4,Gains In Performance
2017-05-06,22,My Old Man,Zac Brown Band,22,12,Gains In Performance
2017-05-06,23,Somebody Else Will,Justin Moore,26,26,Gains In Performance
2017-05-06,24,Speak To A Girl,Tim McGraw & Faith Hill,25,5,Gains In Performance
2017-05-06,25,Drinkin' Problem,Midland,27,13,Gains In Performance
2017-05-06,26,No Such Thing As A Broken Heart,Old Dominion,29,7,Gains In Performance
2017-05-06,27,For Her,Chris Lane,28,29,Gains In Performance
2017-05-06,28,It Ain't My Fault,Brothers Osborne,31,15,Gains In Performance
2017-05-06,29,Do I Make You Wanna,Billy Currington,30,22,Gains In Performance
2017-05-06,30,The Way I Talk,Morgan Wallen,35,26,Gains In Performance
2017-05-06,31,Somethin' I'm Good At,Brett Eldredge,32,9,Gains In Performance
2017-05-06,32,Makin' Me Look Good Again,Drake White,34,18,Gains In Performance
2017-05-06,33,Outta Style,Aaron Watson,33,16,
2017-05-06,34,Ring On Every Finger,LoCash,36,23,Gains In Performance
2017-05-06,35,I Could Use A Love Song,Maren Morris,38,6,Gains In Performance
2017-05-06,36,More Girls Like You,Kip Moore,37,10,Gains In Performance
2017-05-06,37,Missing,William Michael Morgan,42,21,Gains In Performance
2017-05-06,38,Small Town Boy,Dustin Lynch,40,7,Gains In Performance
2017-05-06,39,A Girl Like You,Easton Corbin,39,13,Gains In Performance
2017-05-06,40,Tin Man,Miranda Lambert,44,3,Gains In Performance
2017-05-06,41,Back To God,Reba McEntire & Lauren Daigle,41,7,Gains In Performance
2017-05-06,42,Ask Me How I Know,Garth Brooks,43,5,Gains In Performance
2017-05-06,43,California,Big & Rich,48,7,Gains In Performance
2017-05-06,44,Every Little Thing,Carly Pearce,46,6,Gains In Performance
2017-05-06,45,With You I Am,Cody Johnson,47,22,
2017-05-06,46,Woke Up In Nashville,Seth Ennis,45,16,
2017-05-06,47,Round Here Buzz,Eric Church,53,2,Gains In Performance
2017-05-06,48,Love Again,Todd O'Neill,59,2,Gains In Performance
2017-05-06,49,What Ifs,Kane Brown Featuring Lauren Alaina,52,10,Gains In Performance
2017-05-06,50,Just A Phase,Adam Craig,50,11,Gains In Performance
2017-05-06,51,Greatest Love Story,LANco,51,8,
2017-05-06,52,Happy People,Little Big Town,49,3,
2017-05-06,53,Good Company,Jake Owen,NEW,1,Highest ranking debut|Gains In Performance
2017-05-06,54,Last Time For Everything,Brad Paisley,NEW,1,Gains In Performance
2017-05-06,55,Rebound,Drew Baldridge Featuring Emily Weisband,54,14,
2017-05-06,56,Getting Over You,Jackie Lee,56,13,Gains In Performance
2017-05-06,57,Kiss Me,Casey Donahew,55,12,
2017-05-06,58,You'll Accomp'ny Me,Frankie Ballard,57,7,Gains In Performance
2017-05-06,59,Act Like You Don't,Brooke Eden,NEW,1,Gains In Performance
2017-05-06,60,Watered Down,Trace Adkins,60,7,Gains In Performance
2017-05-13,1,Body Like A Back Road,Sam Hunt,1,13,Gains In Performance
2017-05-13,2,Hurricane,Luke Combs,4,28,Greatest gainer this week|Gains In Performance
2017-05-13,3,Yeah Boy,Kelsea Ballerini,5,30,Gains In Performance
2017-05-13,4,Hometown Girl,Josh Turner,2,48,
2017-05-13,5,In Case You Didn't Know,Brett Young,8,21,Gains In Performance
2017-05-13,6,Black,Dierks Bentley,6,25,Gains In Performance
2017-05-13,7,Any Ol' Barstool,Jason Aldean,3,23,
2017-05-13,8,The Weekend,Brantley Gilbert,9,41,Gains In Performance
2017-05-13,9,How Not To,Dan + Shay,12,31,Gains In Performance
2017-05-13,10,Bar At The End Of The World,Kenny Chesney,11,20,Gains In Performance
2017-05-13,11,If I Told You,Darius Rucker,13,41,Gains In Performance
2017-05-13,12,"God, Your Mama, And Me",Florida Georgia Line Featuring Backstreet Boys,15,16,Gains In Performance
2017-05-13,13,The Fighter,Keith Urban Featuring Carrie Underwood,14,12,Gains In Performance
2017-05-13,14,Every Time I Hear That Song,Blake Shelton,19,11,Gains In Performance
2017-05-13,15,Yours If You Want It,Rascal Flatts,16,17,Gains In Performance
2017-05-13,16,My Girl,Dylan Scott,18,35,Gains In Performance
2017-05-13,17,You Look Good,Lady Antebellum,17,15,Gains In Performance
2017-05-13,18,Craving You,Thomas Rhett Featuring Maren Morris,21,5,Gains In Performance
2017-05-13,19,Flatliner,Cole Swindell,20,16,Gains In Performance
2017-05-13,20,My Old Man,Zac Brown Band,22,13,Gains In Performance
2017-05-13,21,Drinkin' Problem,Midland,25,14,Gains In Performance
2017-05-13,22,Somebody Else Will,Justin Moore,23,27,Gains In Performance
2017-05-13,23,Speak To A Girl,Tim McGraw & Faith Hill,24,6,Gains In Performance
2017-05-13,24,No Such Thing As A Broken Heart,Old Dominion,26,8,Gains In Performance
2017-05-13,25,For Her,Chris Lane,27,30,Gains In Performance
2017-05-13,26,Do I Make You Wanna,Billy Currington,29,23,Gains In Performance
2017-05-13,27,It Ain't My Fault,Brothers Osborne,28,16,Gains In Performance
2017-05-13,28,Somethin' I'm Good At,Brett Eldredge,31,10,Gains In Performance
2017-05-13,29,More Girls Like You,Kip Moore,36,11,Gains In Performance
2017-05-13,30,The Way I Talk,Morgan Wallen,30,27,Gains In Performance
2017-05-13,31,Missing,William Michael Morgan,37,22,Gains In Performance
2017-05-13,32,Ring On Every Finger,LoCash,34,24,Gains In Performance
2017-05-13,33,Outta Style,Aaron Watson,33,17,Gains In Performance
2017-05-13,34,Makin' Me Look Good Again,Drake White,32,19,Gains In Performance
2017-05-13,35,I Could Use A Love Song,Maren Morris,35,7,Gains In Performance
2017-05-13,36,Small Town Boy,Dustin Lynch,38,8,Gains In Performance
2017-05-13,37,Ask Me How I Know,Garth Brooks,42,6,Gains In Performance
2017-05-13,38,Tin Man,Miranda Lambert,40,4,Gains In Performance
2017-05-13,39,A Girl Like You,Easton Corbin,39,14,
2017-05-13,40,Every Little Thing,Carly Pearce,44,7,Gains In Performance
2017-05-13,41,Back To God,Reba McEntire & Lauren Daigle,41,8,
2017-05-13,42,Last Time For Everything,Brad Paisley,54,2,Gains In Performance
2017-05-13,43,California,Big & Rich,43,8,Gains In Performance
2017-05-13,44,Just A Phase,Adam Craig,50,12,Gains In Performance
2017-05-13,45,With You I Am,Cody Johnson,45,23,Gains In Performance
2017-05-13,46,Round Here Buzz,Eric Church,47,3,Gains In Performance
2017-05-13,47,Woke Up In Nashville,Seth Ennis,46,17,Gains In Performance
2017-05-13,48,What Ifs,Kane Brown Featuring Lauren Alaina,49,11,Gains In Performance
2017-05-13,49,Heartache On The Dance Floor,Jon Pardi,NEW,1,Highest ranking debut|Gains In Performance
2017-05-13,50,Happy People,Little Big Town,52,4,Gains In Performance
2017-05-13,51,Love Again,Todd O'Neill,48,3,Gains In Performance
2017-05-13,52,Greatest Love Story,LANco,51,9,Gains In Performance
2017-05-13,53,Good Company,Jake Owen,53,2,Gains In Performance
2017-05-13,54,Rebound,Drew Baldridge Featuring Emily Weisband,55,15,Gains In Performance
2017-05-13,55,Getting Over You,Jackie Lee,56,14,Gains In Performance
2017-05-13,56,They Don't Know,Jason Aldean,NEW,1,Gains In Performance
2017-05-13,57,Yours,Russell Dickerson,NEW,1,Gains In Performance
2017-05-13,58,They Can't See,Michael Tyler,RE,4,Gains In Performance
2017-05-13,59,In The Blood,John Mayer,NEW,1,Gains In Performance
2017-05-13,60,Kiss Me,Casey Donahew,57,13,
2017-05-20,1,Body Like A Back Road,Sam Hunt,1,14,
2017-05-20,2,Hurricane,Luke Combs,2,29,Gains In Performance
2017-05-20,3,In Case You Didn't Know,Brett Young,5,22,Gains In Performance
2017-05-20,4,Black,Dierks Bentley,6,26,Gains In Performance
2017-05-20,5,Yeah Boy,Kelsea Ballerini,3,31,Gains In Performance
2017-05-20,6,Hometown Girl,Josh Turner,4,49,
2017-05-20,7,The Weekend,Brantley Gilbert,8,42,Gains In Performance
2017-05-20,8,If I Told You,Darius Rucker,11,42,Gains In Performance
2017-05-20,9,How Not To,Dan + Shay,9,32,Gains In Performance
2017-05-20,10,"God, Your Mama, And Me",Florida Georgia Line Featuring Backstreet Boys,12,17,Gains In Performance
2017-05-20,11,Every Time I Hear That Song,Blake Shelton,14,12,Gains In Performance
2017-05-20,12,The Fighter,Keith Urban Featuring Carrie Underwood,13,13,Gains In Performance
2017-05-20,13,Yours If You Want It,Rascal Flatts,15,18,Gains In Performance
2017-05-20,14,My Girl,Dylan Scott,16,36,Gains In Performance
2017-05-20,15,You Look Good,Lady Antebellum,17,16,Gains In Performance
2017-05-20,16,Craving You,Thomas Rhett Featuring Maren Morris,18,6,Gains In Performance
2017-05-20,17,Flatliner,Cole Swindell,19,17,Gains In Performance
2017-05-20,18,Drinkin' Problem,Midland,21,15,Gains In Performance
2017-05-20,19,My Old Man,Zac Brown Band,20,14,Gains In Performance
2017-05-20,20,Somebody Else Will,Justin Moore,22,28,Gains In Performance
2017-05-20,21,Speak To A Girl,Tim McGraw & Faith Hill,23,7,Gains In Performance
2017-05-20,22,No Such Thing As A Broken Heart,Old Dominion,24,9,Gains In Performance
2017-05-20,23,For Her,Chris Lane,25,31,Gains In Performance
2017-05-20,24,It Ain't My Fault,Brothers Osborne,27,17,Gains In Performance
2017-05-20,25,Do I Make You Wanna,Billy Currington,26,24,Gains In Performance
2017-05-20,26,Either Way,Chris Stapleton,NEW,1,Highest ranking debut|Gains In Performance
2017-05-20,27,More Girls Like You,Kip Moore,29,12,Gains In Performance
2017-05-20,28,Somethin' I'm Good At,Brett Eldredge,28,11,Gains In Performance
2017-05-20,29,Missing,William Michael Morgan,31,23,Gains In Performance
2017-05-20,30,Outta Style,Aaron Watson,33,18,Gains In Performance
2017-05-20,31,The Way I Talk,Morgan Wallen,30,28,Gains In Performance
2017-05-20,32,Ring On Every Finger,LoCash,32,25,Gains In Performance
2017-05-20,33,Makin' Me Look Good Again,Drake White,34,20,Gains In Performance
2017-05-20,34,I Could Use A Love Song,Maren Morris,35,8,Gains In Performance
2017-05-20,35,Small Town Boy,Dustin Lynch,36,9,Gains In Performance
2017-05-20,36,Ask Me How I Know,Garth Brooks,37,7,Gains In Performance
2017-05-20,37,A Girl Like You,Easton Corbin,39,15,Gains In Performance
2017-05-20,38,Heartache On The Dance Floor,Jon Pardi,49,2,Gains In Performance
2017-05-20,39,Every Little Thing,Carly Pearce,40,8,Gains In Performance
2017-05-20,40,With You I Am,Cody Johnson,45,24,Gains In Performance
2017-05-20,41,Round Here Buzz,Eric Church,46,4,Gains In Performance
2017-05-20,42,Tin Man,Miranda Lambert,38,5,
2017-05-20,43,Just A Phase,Adam Craig,44,13,Gains In Performance
2017-05-20,44,Last Time For Everything,Brad Paisley,42,3,Gains In Performance
2017-05-20,45,California,Big & Rich,43,9,Gains In Performance
2017-05-20,46,What Ifs,Kane Brown Featuring Lauren Alaina,48,12,Gains In Performance
2017-05-20,47,Woke Up In Nashville,Seth Ennis,47,18,Gains In Performance
2017-05-20,48,She's With Me,High Valley,NEW,1,Gains In Performance
2017-05-20,49,Happy People,Little Big Town,50,5,Gains In Performance
2017-05-20,50,Love Again,Todd O'Neill,51,4,Gains In Performance
2017-05-20,51,Til Tomorrow,Walker McGuire,NEW,1,Gains In Performance
2017-05-20,52,Greatest Love Story,LANco,52,10,Gains In Performance
2017-05-20,53,They Don't Know,Jason Aldean,56,2,Gains In Performance
2017-05-20,54,Good Company,Jake Owen,53,3,
2017-05-20,55,Yours,Russell Dickerson,57,2,Gains In Performance
2017-05-20,56,Rebound,Drew Baldridge Featuring Emily Weisband,54,16,Gains In Performance
2017-05-20,57,In The Blood,John Mayer,59,2,Gains In Performance
2017-05-20,58,They Can't See,Michael Tyler,58,5,Gains In Performance
2017-05-20,59,Getting Over You,Jackie Lee,55,15,
2017-05-20,60,All On Me,Devin Dawson,NEW,1,Gains In Performance
2017-05-27,1,Hurricane,Luke Combs,2,30,Gains In Performance
2017-05-27,2,Body Like A Back Road,Sam Hunt,1,15,
2017-05-27,3,In Case You Didn't Know,Brett Young,3,23,Greatest gainer this week|Gains In Performance
2017-05-27,4,Yeah Boy,Kelsea Ballerini,5,32,Gains In Performance
2017-05-27,5,Black,Dierks Bentley,4,27,Gains In Performance
2017-05-27,6,If I Told You,Darius Rucker,8,43,Gains In Performance
2017-05-27,7,The Weekend,Brantley Gilbert,7,43,Gains In Performance
2017-05-27,8,How Not To,Dan + Shay,9,33,Gains In Performance
2017-05-27,9,"God, Your Mama, And Me",Florida Georgia Line Featuring Backstreet Boys,10,18,Gains In Performance
2017-05-27,10,Every Time I Hear That Song,Blake Shelton,11,13,Gains In Performance
2017-05-27,11,The Fighter,Keith Urban Featuring Carrie Underwood,12,14,Gains In Performance
2017-05-27,12,Yours If You Want It,Rascal Flatts,13,19,Gains In Performance
2017-05-27,13,My Girl,Dylan Scott,14,37,Gains In Performance
2017-05-27,14,Craving You,Thomas Rhett Featuring Maren Morris,16,7,Gains In Performance
2017-05-27,15,You Look Good,Lady Antebellum,15,17,Gains In Performance
2017-05-27,16,Flatliner,Cole Swindell,17,18,Gains In Performance
2017-05-27,17,Drinkin' Problem,Midland,18,16,Gains In Performance
2017-05-27,18,My Old Man,Zac Brown Band,19,15,Gains In Performance
2017-05-27,19,Somebody Else Will,Justin Moore,20,29,Gains In Performance
2017-05-27,20,Speak To A Girl,Tim McGraw & Faith Hill,21,8,Gains In Performance
2017-05-27,21,No Such Thing As A Broken Heart,Old Dominion,22,10,Gains In Performance
2017-05-27,22,Do I Make You Wanna,Billy Currington,25,25,Gains In Performance
2017-05-27,23,For Her,Chris Lane,23,32,Gains In Performance
2017-05-27,24,It Ain't My Fault,Brothers Osborne,24,18,Gains In Performance
2017-05-27,25,More Girls Like You,Kip Moore,27,13,Gains In Performance
2017-05-27,26,Makin' Me Look Good Again,Drake White,33,21,Gains In Performance
2017-05-27,27,Somethin' I'm Good At,Brett Eldredge,28,12,Gains In Performance
2017-05-27,28,Small Town Boy,Dustin Lynch,35,10,Gains In Performance
2017-05-27,29,I Could Use A Love Song,Maren Morris,34,9,Gains In Performance
2017-05-27,30,Missing,William Michael Morgan,29,24,
2017-05-27,31,Ring On Every Finger,LoCash,32,26,Gains In Performance
2017-05-27,32,The Way I Talk,Morgan Wallen,31,29,Gains In Performance
2017-05-27,33,Heartache On The Dance Floor,Jon Pardi,38,3,Gains In Performance
2017-05-27,34,A Girl Like You,Easton Corbin,37,16,Gains In Performance
2017-05-27,35,Ask Me How I Know,Garth Brooks,36,8,Gains In Performance
2017-05-27,36,Outta Style,Aaron Watson,30,19,
2017-05-27,37,Round Here Buzz,Eric Church,41,5,Gains In Performance
2017-05-27,38,Every Little Thing,Carly Pearce,39,9,Gains In Performance
2017-05-27,39,Tin Man,Miranda Lambert,42,6,Gains In Performance
2017-05-27,40,Either Way,Chris Stapleton,26,2,
2017-05-27,41,Last Time For Everything,Brad Paisley,44,4,Gains In Performance
2017-05-27,42,What Ifs,Kane Brown Featuring Lauren Alaina,46,13,Gains In Performance
2017-05-27,43,They Don't Know,Jason Aldean,53,3,Gains In Performance
2017-05-27,44,Woke Up In Nashville,Seth Ennis,47,19,Gains In Performance
2017-05-27,45,California,Big & Rich,45,10,Gains In Performance
2017-05-27,46,Just A Phase,Adam Craig,43,14,Gains In Performance
2017-05-27,47,Happy People,Little Big Town,49,6,Gains In Performance
2017-05-27,48,She's With Me,High Valley,48,2,Gains In Performance
2017-05-27,49,Love Again,Todd O'Neill,50,5,Gains In Performance
2017-05-27,50,Til Tomorrow,Walker McGuire,51,2,Gains In Performance
2017-05-27,51,Good Company,Jake Owen,54,4,Gains In Performance
2017-05-27,52,Greatest Love Story,LANco,52,11,Gains In Performance
2017-05-27,53,Yours,Russell Dickerson,55,3,
2017-05-27,54,Rebound,Drew Baldridge Featuring Emily Weisband,56,17,
2017-05-27,55,Getting Over You,Jackie Lee,59,16,Gains In Performance
2017-05-27,56,Act Like You Don't,Brooke Eden,RE,2,Gains In Performance
2017-05-27,57,They Can't See,Michael Tyler,58,6,Gains In Performance
2017-05-27,58,Preachin' To The Choir,A Thousand Horses,NEW,1,Highest ranking debut|Gains In Performance
2017-05-27,59,Losing Sleep,Chris Young,NEW,1,Gains In Performance
2017-05-27,60,Sunday Morning,Parmalee,NEW,1,Gains In Performance
2017-06-03,1,Hurricane,Luke Combs,1,31,
2017-06-03,2,In Case You Didn't Know,Brett Young,3,24,Gains In Performance
2017-06-03,3,Body Like A Back Road,Sam Hunt,2,16,
2017-06-03,4,Black,Dierks Bentley,5,28,Gains In Performance
2017-06-03,5,If I Told You,Darius Rucker,6,44,Gains In Performance
2017-06-03,6,How Not To,Dan + Shay,8,34,Gains In Performance
2017-06-03,7,"God, Your Mama, And Me",Florida Georgia Line Featuring Backstreet Boys,9,19,Gains In Performance
2017-06-03,8,The Weekend,Brantley Gilbert,7,44,
2017-06-03,9,Every Time I Hear That Song,Blake Shelton,10,14,Gains In Performance
2017-06-03,10,Yours If You Want It,Rascal Flatts,12,20,Gains In Performance
2017-06-03,11,My Girl,Dylan Scott,13,38,Gains In Performance
2017-06-03,12,The Fighter,Keith Urban Featuring Carrie Underwood,11,15,
2017-06-03,13,Craving You,Thomas Rhett Featuring Maren Morris,14,8,Gains In Performance
2017-06-03,14,You Look Good,Lady Antebellum,15,18,Gains In Performance
2017-06-03,15,Drinkin' Problem,Midland,17,17,Gains In Performance
2017-06-03,16,Flatliner,Cole Swindell,16,19,Gains In Performance
2017-06-03,17,Somebody Else Will,Justin Moore,19,30,Gains In Performance
2017-06-03,18,My Old Man,Zac Brown Band,18,16,Gains In Performance
2017-06-03,19,Speak To A Girl,Tim McGraw & Faith Hill,20,9,Gains In Performance
2017-06-03,20,No Such Thing As A Broken Heart,Old Dominion,21,11,Gains In Performance
2017-06-03,21,Do I Make You Wanna,Billy Currington,22,26,Gains In Performance
2017-06-03,22,It Ain't My Fault,Brothers Osborne,24,19,Gains In Performance
2017-06-03,23,For Her,Chris Lane,23,33,Gains In Performance
2017-06-03,24,More Girls Like You,Kip Moore,25,14,Gains In Performance
2017-06-03,25,Every Little Thing,Carly Pearce,38,10,Greatest gainer this week|Gains In Performance
2017-06-03,26,Makin' Me Look Good Again,Drake White,26,22,Gains In Performance
2017-06-03,27,Somethin' I'm Good At,Brett Eldredge,27,13,Gains In Performance
2017-06-03,28,Small Town Boy,Dustin Lynch,28,11,Gains In Performance
2017-06-03,29,I Could Use A Love Song,Maren Morris,29,10,Gains In Performance
2017-06-03,30,Heartache On The Dance Floor,Jon Pardi,33,4,Gains In Performance
2017-06-03,31,Ring On Every Finger,LoCash,31,27,Gains In Performance
2017-06-03,32,Ask Me How I Know,Garth Brooks,35,9,Gains In Performance
2017-06-03,33,The Way I Talk,Morgan Wallen,32,30,Gains In Performance
2017-06-03,34,They Don't Know,Jason Aldean,43,4,Gains In Performance
2017-06-03,35,Round Here Buzz,Eric Church,37,6,Gains In Performance
2017-06-03,36,Outta Style,Aaron Watson,36,20,Gains In Performance
2017-06-03,37,A Girl Like You,Easton Corbin,34,17,
2017-06-03,38,Last Time For Everything,Brad Paisley,41,5,Gains In Performance
2017-06-03,39,Either Way,Chris Stapleton,40,3,Gains In Performance
2017-06-03,40,What Ifs,Kane Brown Featuring Lauren Alaina,42,14,Gains In Performance
2017-06-03,41,Tin Man,Miranda Lambert,39,7,Gains In Performance
2017-06-03,42,Woke Up In Nashville,Seth Ennis,44,20,Gains In Performance
2017-06-03,43,California,Big & Rich,45,11,
2017-06-03,44,Just A Phase,Adam Craig,46,15,Gains In Performance
2017-06-03,45,She's With Me,High Valley,48,3,Gains In Performance
2017-06-03,46,Happy People,Little Big Town,47,7,
2017-06-03,47,Til Tomorrow,Walker McGuire,50,3,Gains In Performance
2017-06-03,48,Greatest Love Story,LANco,52,12,Gains In Performance
2017-06-03,49,Love Again,Todd O'Neill,49,6,
2017-06-03,50,Good Company,Jake Owen,51,5,Gains In Performance
2017-06-03,51,Yours,Russell Dickerson,53,4,Gains In Performance
2017-06-03,52,Fix A Drink,Chris Janson,NEW,1,Highest ranking debut|Gains In Performance
2017-06-03,53,Act Like You Don't,Brooke Eden,56,3,Gains In Performance
2017-06-03,54,They Can't See,Michael Tyler,57,7,Gains In Performance
2017-06-03,55,Losing Sleep,Chris Young,59,2,Gains In Performance
2017-06-03,56,Getting Over You,Jackie Lee,55,17,
2017-06-03,57,Sunday Morning,Parmalee,60,2,Gains In Performance
2017-06-03,58,Rebound,Drew Baldridge Featuring Emily Weisband,54,18,
2017-06-03,59,11:59 (Central Standard Time),The Railers,NEW,1,Gains In Performance
2017-06-03,60,Preachin' To The Choir,A Thousand Horses,58,2,
2017-06-10,1,In Case You Didn't Know,Brett Young,2,25,Gains In Performance
2017-06-10,2,Black,Dierks Bentley,4,29,Gains In Performance
2017-06-10,3,Body Like A Back Road,Sam Hunt,3,17,
2017-06-10,4,Hurricane,Luke Combs,1,32,
2017-06-10,5,If I Told You,Darius Rucker,5,45,Gains In Performance
2017-06-10,6,How Not To,Dan + Shay,6,35,Gains In Performance
2017-06-10,7,"God, Your Mama, And Me",Florida Georgia Line Featuring Backstreet Boys,7,20,Greatest gainer this week|Gains In Performance
2017-06-10,8,Every Time I Hear That Song,Blake Shelton,9,15,Gains In Performance
2017-06-10,9,My Girl,Dylan Scott,11,39,Gains In Performance
2017-06-10,10,Craving You,Thomas Rhett Featuring Maren Morris,13,9,Gains In Performance
2017-06-10,11,Yours If You Want It,Rascal Flatts,10,21,Gains In Performance
2017-06-10,12,The Fighter,Keith Urban Featuring Carrie Underwood,12,16,Gains In Performance
2017-06-10,13,You Look Good,Lady Antebellum,14,19,Gains In Performance
2017-06-10,14,Flatliner,Cole Swindell,16,20,Gains In Performance
2017-06-10,15,Drinkin' Problem,Midland,15,18,Gains In Performance
2017-06-10,16,Somebody Else Will,Justin Moore,17,31,Gains In Performance
2017-06-10,17,My Old Man,Zac Brown Band,18,17,Gains In Performance
2017-06-10,18,No Such Thing As A Broken Heart,Old Dominion,20,12,Gains In Performance
2017-06-10,19,Speak To A Girl,Tim McGraw & Faith Hill,19,10,Gains In Performance
2017-06-10,20,Do I Make You Wanna,Billy Currington,21,27,Gains In Performance
2017-06-10,21,For Her,Chris Lane,23,34,Gains In Performance
2017-06-10,22,It Ain't My Fault,Brothers Osborne,22,20,Gains In Performance
2017-06-10,23,More Girls Like You,Kip Moore,24,15,Gains In Performance
2017-06-10,24,Somethin' I'm Good At,Brett Eldredge,27,14,Gains In Performance
2017-06-10,25,Small Town Boy,Dustin Lynch,28,12,Gains In Performance
2017-06-10,26,Every Little Thing,Carly Pearce,25,11,Gains In Performance
2017-06-10,27,Ring On Every Finger,LoCash,31,28,Gains In Performance
2017-06-10,28,I Could Use A Love Song,Maren Morris,29,11,Gains In Performance
2017-06-10,29,Makin' Me Look Good Again,Drake White,26,23,
2017-06-10,30,They Don't Know,Jason Aldean,34,5,Gains In Performance
2017-06-10,31,Heartache On The Dance Floor,Jon Pardi,30,5,Gains In Performance
2017-06-10,32,Ask Me How I Know,Garth Brooks,32,10,Gains In Performance
2017-06-10,33,Round Here Buzz,Eric Church,35,7,Gains In Performance
2017-06-10,34,The Way I Talk,Morgan Wallen,33,31,Gains In Performance
2017-06-10,35,What Ifs,Kane Brown Featuring Lauren Alaina,40,15,Gains In Performance
2017-06-10,36,A Girl Like You,Easton Corbin,37,18,Gains In Performance
2017-06-10,37,Outta Style,Aaron Watson,36,21,
2017-06-10,38,Either Way,Chris Stapleton,39,4,Gains In Performance
2017-06-10,39,California,Big & Rich,43,12,Gains In Performance
2017-06-10,40,Tin Man,Miranda Lambert,41,8,Gains In Performance
2017-06-10,41,Last Time For Everything,Brad Paisley,38,6,
2017-06-10,42,Just A Phase,Adam Craig,44,16,Gains In Performance
2017-06-10,43,Woke Up In Nashville,Seth Ennis,42,21,
2017-06-10,44,She's With Me,High Valley,45,4,Gains In Performance
2017-06-10,45,Til Tomorrow,Walker McGuire,47,4,Gains In Performance
2017-06-10,46,Greatest Love Story,LANco,48,13,Gains In Performance
2017-06-10,47,Love Again,Todd O'Neill,49,7,Gains In Performance
2017-06-10,48,Good Company,Jake Owen,50,6,Gains In Performance
2017-06-10,49,Fix A Drink,Chris Janson,52,2,Gains In Performance
2017-06-10,50,Happy People,Little Big Town,46,8,
2017-06-10,51,Yours,Russell Dickerson,51,5,Gains In Performance
2017-06-10,52,Losing Sleep,Chris Young,55,3,Gains In Performance
2017-06-10,53,They Can't See,Michael Tyler,54,8,Gains In Performance
2017-06-10,54,Act Like You Don't,Brooke Eden,53,4,
2017-06-10,55,Preachin' To The Choir,A Thousand Horses,60,3,Gains In Performance
2017-06-10,56,Sunday Morning,Parmalee,57,3,
2017-06-10,57,Five More Minutes,Scotty McCreery,NEW,1,Highest ranking debut|Gains In Performance
2017-06-10,58,11:59 (Central Standard Time),The Railers,59,2,
2017-06-10,59,God Made A Woman,Jerrod Niemann,NEW,1,Gains In Performance
2017-06-10,60,What I Wanna Be,Jacob Davis,NEW,1,Gains In Performance
2017-06-17,1,In Case You Didn't Know,Brett Young,1,26,Gains In Performance
2017-06-17,2,If I Told You,Darius Rucker,5,46,Greatest gainer this week|Gains In Performance
2017-06-17,3,Body Like A Back Road,Sam Hunt,3,18,
2017-06-17,4,Hurricane,Luke Combs,4,33,
2017-06-17,5,How Not To,Dan + Shay,6,36,Gains In Performance
2017-06-17,6,"God, Your Mama, And Me",Florida Georgia Line Featuring Backstreet Boys,7,21,Gains In Performance
2017-06-17,7,Black,Dierks Bentley,2,30,
2017-06-17,8,Every Time I Hear That Song,Blake Shelton,8,16,Gains In Performance
2017-06-17,9,Craving You,Thomas Rhett Featuring Maren Morris,10,10,Gains In Performance
2017-06-17,10,My Girl,Dylan Scott,9,40,Gains In Performance
2017-06-17,11,Yours If You Want It,Rascal Flatts,11,22,Gains In Performance
2017-06-17,12,The Fighter,Keith Urban Featuring Carrie Underwood,12,17,Gains In Performance
2017-06-17,13,You Look Good,Lady Antebellum,13,20,Gains In Performance
2017-06-17,14,Flatliner,Cole Swindell,14,21,Gains In Performance
2017-06-17,15,Drinkin' Problem,Midland,15,19,Gains In Performance
2017-06-17,16,Somebody Else Will,Justin Moore,16,32,Gains In Performance
2017-06-17,17,No Such Thing As A Broken Heart,Old Dominion,18,13,Gains In Performance
2017-06-17,18,My Old Man,Zac Brown Band,17,18,Gains In Performance
2017-06-17,19,Do I Make You Wanna,Billy Currington,20,28,Gains In Performance
2017-06-17,20,Speak To A Girl,Tim McGraw & Faith Hill,19,11,Gains In Performance
2017-06-17,21,It Ain't My Fault,Brothers Osborne,22,21,Gains In Performance
2017-06-17,22,For Her,Chris Lane,21,35,Gains In Performance
2017-06-17,23,More Girls Like You,Kip Moore,23,16,Gains In Performance
2017-06-17,24,Small Town Boy,Dustin Lynch,25,13,Gains In Performance
2017-06-17,25,Every Little Thing,Carly Pearce,26,12,Gains In Performance
2017-06-17,26,Somethin' I'm Good At,Brett Eldredge,24,15,Gains In Performance
2017-06-17,27,Heartache On The Dance Floor,Jon Pardi,31,6,Gains In Performance
2017-06-17,28,I Could Use A Love Song,Maren Morris,28,12,Gains In Performance
2017-06-17,29,Ring On Every Finger,LoCash,27,29,Gains In Performance
2017-06-17,30,They Don't Know,Jason Aldean,30,6,Gains In Performance
2017-06-17,31,Ask Me How I Know,Garth Brooks,32,11,Gains In Performance
2017-06-17,32,What Ifs,Kane Brown Featuring Lauren Alaina,35,16,Gains In Performance
2017-06-17,33,A Girl Like You,Easton Corbin,36,19,Gains In Performance
2017-06-17,34,Round Here Buzz,Eric Church,33,8,Gains In Performance
2017-06-17,35,The Way I Talk,Morgan Wallen,34,32,Gains In Performance
2017-06-17,36,Outta Style,Aaron Watson,37,22,Gains In Performance
2017-06-17,37,California,Big & Rich,39,13,Gains In Performance
2017-06-17,38,Last Time For Everything,Brad Paisley,41,7,Gains In Performance
2017-06-17,39,Either Way,Chris Stapleton,38,5,Gains In Performance
2017-06-17,40,Love Again,Todd O'Neill,47,8,Gains In Performance
2017-06-17,41,Tin Man,Miranda Lambert,40,9,Gains In Performance
2017-06-17,42,Just A Phase,Adam Craig,42,17,Gains In Performance
2017-06-17,43,Fix A Drink,Chris Janson,49,3,Gains In Performance
2017-06-17,44,She's With Me,High Valley,44,5,Gains In Performance
2017-06-17,45,Greatest Love Story,LANco,46,14,Gains In Performance
2017-06-17,46,Til Tomorrow,Walker McGuire,45,5,Gains In Performance
2017-06-17,47,Woke Up In Nashville,Seth Ennis,43,22,Gains In Performance
2017-06-17,48,Good Company,Jake Owen,48,7,Gains In Performance
2017-06-17,49,Losing Sleep,Chris Young,52,4,Gains In Performance
2017-06-17,50,Five More Minutes,Scotty McCreery,57,2,Gains In Performance
2017-06-17,51,Yours,Russell Dickerson,51,6,Gains In Performance
2017-06-17,52,Act Like You Don't,Brooke Eden,54,5,Gains In Performance
2017-06-17,53,They Can't See,Michael Tyler,53,9,Gains In Performance
2017-06-17,54,All The Pretty Girls,Kenny Chesney,NEW,1,Highest ranking debut|Gains In Performance
2017-06-17,55,Sunday Morning,Parmalee,56,4,Gains In Performance
2017-06-17,56,Preachin' To The Choir,A Thousand Horses,55,4,Gains In Performance
2017-06-17,57,11:59 (Central Standard Time),The Railers,58,3,Gains In Performance
2017-06-17,58,God Made A Woman,Jerrod Niemann,59,2,Gains In Performance
2017-06-17,59,Doin' Fine,Lauren Alaina,NEW,1,Gains In Performance
2017-06-17,60,All On Me,Devin Dawson,RE,2,Gains In Performance
2017-06-24,1,If I Told You,Darius Rucker,2,47,Gains In Performance
2017-06-24,2,In Case You Didn't Know,Brett Young,1,27,
2017-06-24,3,Body Like A Back Road,Sam Hunt,3,19,
2017-06-24,4,How Not To,Dan + Shay,5,37,Gains In Performance
2017-06-24,5,"God, Your Mama, And Me",Florida Georgia Line Featuring Backstreet Boys,6,22,Gains In Performance
2017-06-24,6,Every Time I Hear That Song,Blake Shelton,8,17,Greatest gainer this week|Gains In Performance
2017-06-24,7,Hurricane,Luke Combs,4,34,
2017-06-24,8,Craving You,Thomas Rhett Featuring Maren Morris,9,11,Gains In Performance
2017-06-24,9,My Girl,Dylan Scott,10,41,Gains In Performance
2017-06-24,10,Yours If You Want It,Rascal Flatts,11,23,Gains In Performance
2017-06-24,11,You Look Good,Lady Antebellum,13,21,Gains In Performance
2017-06-24,12,The Fighter,Keith Urban Featuring Carrie Underwood,12,18,Gains In Performance
2017-06-24,13,Flatliner,Cole Swindell,14,22,Gains In Performance
2017-06-24,14,Drinkin' Problem,Midland,15,20,Gains In Performance
2017-06-24,15,Somebody Else Will,Justin Moore,16,33,Gains In Performance
2017-06-24,16,No Such Thing As A Broken Heart,Old Dominion,17,14,Gains In Performance
2017-06-24,17,Do I Make You Wanna,Billy Currington,19,29,Gains In Performance
2017-06-24,18,My Old Man,Zac Brown Band,18,19,
2017-06-24,19,Speak To A Girl,Tim McGraw & Faith Hill,20,12,
2017-06-24,20,It Ain't My Fault,Brothers Osborne,21,22,Gains In Performance
2017-06-24,21,For Her,Chris Lane,22,36,Gains In Performance
2017-06-24,22,More Girls Like You,Kip Moore,23,17,
2017-06-24,23,Every Little Thing,Carly Pearce,25,13,Gains In Performance
2017-06-24,24,Small Town Boy,Dustin Lynch,24,14,Gains In Performance
2017-06-24,25,Heartache On The Dance Floor,Jon Pardi,27,7,Gains In Performance
2017-06-24,26,Somethin' I'm Good At,Brett Eldredge,26,16,Gains In Performance
2017-06-24,27,Ring On Every Finger,LoCash,29,30,Gains In Performance
2017-06-24,28,They Don't Know,Jason Aldean,30,7,Gains In Performance
2017-06-24,29,I Could Use A Love Song,Maren Morris,28,13,Gains In Performance
2017-06-24,30,Ask Me How I Know,Garth Brooks,31,12,Gains In Performance
2017-06-24,31,What Ifs,Kane Brown Featuring Lauren Alaina,32,17,Gains In Performance
2017-06-24,32,Outta Style,Aaron Watson,36,23,Gains In Performance
2017-06-24,33,Round Here Buzz,Eric Church,34,9,Gains In Performance
2017-06-24,34,A Girl Like You,Easton Corbin,33,20,Gains In Performance
2017-06-24,35,The Way I Talk,Morgan Wallen,35,33,Gains In Performance
2017-06-24,36,Last Time For Everything,Brad Paisley,38,8,Gains In Performance
2017-06-24,37,Love Again,Todd O'Neill,40,9,Gains In Performance
2017-06-24,38,California,Big & Rich,37,14,
2017-06-24,39,Fix A Drink,Chris Janson,43,4,Gains In Performance
2017-06-24,40,Just A Phase,Adam Craig,42,18,Gains In Performance
2017-06-24,41,Greatest Love Story,LANco,45,15,Gains In Performance
2017-06-24,42,Tin Man,Miranda Lambert,41,10,
2017-06-24,43,All The Pretty Girls,Kenny Chesney,54,2,Gains In Performance
2017-06-24,44,Either Way,Chris Stapleton,39,6,
2017-06-24,45,Good Company,Jake Owen,48,8,Gains In Performance
2017-06-24,46,Til Tomorrow,Walker McGuire,46,6,Gains In Performance
2017-06-24,47,She's With Me,High Valley,44,6,Gains In Performance
2017-06-24,48,Losing Sleep,Chris Young,49,5,Gains In Performance
2017-06-24,49,Yours,Russell Dickerson,51,7,Gains In Performance
2017-06-24,50,Legends,Kelsea Ballerini,NEW,1,Highest ranking debut|Gains In Performance
2017-06-24,51,Five More Minutes,Scotty McCreery,50,3,
2017-06-24,52,They Can't See,Michael Tyler,53,10,Gains In Performance
2017-06-24,53,Act Like You Don't,Brooke Eden,52,6,Gains In Performance
2017-06-24,54,Mess Me Up,Gary Allan,NEW,1,Gains In Performance
2017-06-24,55,Sunday Morning,Parmalee,55,5,Gains In Performance
2017-06-24,56,Preachin' To The Choir,A Thousand Horses,56,5,Gains In Performance
2017-06-24,57,God Made A Woman,Jerrod Niemann,58,3,Gains In Performance
2017-06-24,58,11:59 (Central Standard Time),The Railers,57,4,Gains In Performance
2017-06-24,59,What I Wanna Be,Jacob Davis,RE,2,Gains In Performance
2017-06-24,60,All On Me,Devin Dawson,60,3,Gains In Performance
2017-07-01,1,How Not To,Dan + Shay,4,38,Gains In Performance
2017-07-01,2,"God, Your Mama, And Me",Florida Georgia Line Featuring Backstreet Boys,5,23,Gains In Performance
2017-07-01,3,Every Time I Hear That Song,Blake Shelton,6,18,Gains In Performance
2017-07-01,4,Body Like A Back Road,Sam Hunt,3,20,
2017-07-01,5,In Case You Didn't Know,Brett Young,2,28,
2017-07-01,6,Craving You,Thomas Rhett Featuring Maren Morris,8,12,Gains In Performance
2017-07-01,7,Hurricane,Luke Combs,7,35,
2017-07-01,8,My Girl,Dylan Scott,9,42,Gains In Performance
2017-07-01,9,If I Told You,Darius Rucker,1,48,
2017-07-01,10,Yours If You Want It,Rascal Flatts,10,24,Gains In Performance
2017-07-01,11,The Fighter,Keith Urban Featuring Carrie Underwood,12,19,Gains In Performance
2017-07-01,12,You Look Good,Lady Antebellum,11,22,Gains In Performance
2017-07-01,13,Flatliner,Cole Swindell,13,23,Gains In Performance
2017-07-01,14,Drinkin' Problem,Midland,14,21,Gains In Performance
2017-07-01,15,Somebody Else Will,Justin Moore,15,34,Gains In Performance
2017-07-01,16,Do I Make You Wanna,Billy Currington,17,30,Gains In Performance
2017-07-01,17,No Such Thing As A Broken Heart,Old Dominion,16,15,Gains In Performance
2017-07-01,18,My Old Man,Zac Brown Band,18,20,Gains In Performance
2017-07-01,19,It Ain't My Fault,Brothers Osborne,20,23,Gains In Performance
2017-07-01,20,For Her,Chris Lane,21,37,Gains In Performance
2017-07-01,21,More Girls Like You,Kip Moore,22,18,Gains In Performance
2017-07-01,22,Small Town Boy,Dustin Lynch,24,15,Gains In Performance
2017-07-01,23,Every Little Thing,Carly Pearce,23,14,Gains In Performance
2017-07-01,24,Heartache On The Dance Floor,Jon Pardi,25,8,Gains In Performance
2017-07-01,25,Speak To A Girl,Tim McGraw & Faith Hill,19,13,
2017-07-01,26,They Don't Know,Jason Aldean,28,8,Gains In Performance
2017-07-01,27,Somethin' I'm Good At,Brett Eldredge,26,17,Gains In Performance
2017-07-01,28,Ring On Every Finger,LoCash,27,31,Gains In Performance
2017-07-01,29,I Could Use A Love Song,Maren Morris,29,14,Gains In Performance
2017-07-01,30,Ask Me How I Know,Garth Brooks,30,13,Gains In Performance
2017-07-01,31,What Ifs,Kane Brown Featuring Lauren Alaina,31,18,Gains In Performance
2017-07-01,32,Outta Style,Aaron Watson,32,24,Gains In Performance
2017-07-01,33,Round Here Buzz,Eric Church,33,10,Gains In Performance
2017-07-01,34,All The Pretty Girls,Kenny Chesney,43,3,Gains In Performance
2017-07-01,35,A Girl Like You,Easton Corbin,34,21,Gains In Performance
2017-07-01,36,Life's About To Get Good,Shania Twain,NEW,1,Highest ranking debut|Gains In Performance
2017-07-01,37,The Way I Talk,Morgan Wallen,35,34,
2017-07-01,38,Fix A Drink,Chris Janson,39,5,Gains In Performance
2017-07-01,39,Last Time For Everything,Brad Paisley,36,9,
2017-07-01,40,Greatest Love Story,LANco,41,16,Gains In Performance
2017-07-01,41,California,Big & Rich,38,15,Gains In Performance
2017-07-01,42,Love Again,Todd O'Neill,37,10,
2017-07-01,43,Just A Phase,Adam Craig,40,19,Gains In Performance
2017-07-01,44,Tin Man,Miranda Lambert,42,11,Gains In Performance
2017-07-01,45,Good Company,Jake Owen,45,9,Gains In Performance
2017-07-01,46,Til Tomorrow,Walker McGuire,46,7,Gains In Performance
2017-07-01,47,Either Way,Chris Stapleton,44,7,
2017-07-01,48,She's With Me,High Valley,47,7,
2017-07-01,49,Losing Sleep,Chris Young,48,6,Gains In Performance
2017-07-01,50,Yours,Russell Dickerson,49,8,Gains In Performance
2017-07-01,51,Boy,Lee Brice,NEW,1,Gains In Performance
2017-07-01,52,Five More Minutes,Scotty McCreery,51,4,Gains In Performance
2017-07-01,53,Act Like You Don't,Brooke Eden,53,7,Gains In Performance
2017-07-01,54,They Can't See,Michael Tyler,52,11,Gains In Performance
2017-07-01,55,Legends,Kelsea Ballerini,50,2,
2017-07-01,56,When It Rains It Pours,Luke Combs,NEW,1,Gains In Performance
2017-07-01,57,Preachin' To The Choir,A Thousand Horses,56,6,Gains In Performance
2017-07-01,58,Sunday Morning,Parmalee,55,6,Gains In Performance
2017-07-01,59,Mess Me Up,Gary Allan,54,2,
2017-07-01,60,God Made A Woman,Jerrod Niemann,57,4,Gains In Performance
2017-07-08,1,"God, Your Mama, And Me",Florida Georgia Line Featuring Backstreet Boys,2,24,Gains In Performance
2017-07-08,2,Every Time I Hear That Song,Blake Shelton,3,19,Gains In Performance
2017-07-08,3,Craving You,Thomas Rhett Featuring Maren Morris,6,13,Gains In Performance
2017-07-08,4,Body Like A Back Road,Sam Hunt,4,21,
2017-07-08,5,My Girl,Dylan Scott,8,43,Greatest gainer this week|Gains In Performance
2017-07-08,6,In Case You Didn't Know,Brett Young,5,29,
2017-07-08,7,Hurricane,Luke Combs,7,36,
2017-07-08,8,Yours If You Want It,Rascal Flatts,10,25,Gains In Performance
2017-07-08,9,How Not To,Dan + Shay,1,39,
2017-07-08,10,The Fighter,Keith Urban Featuring Carrie Underwood,11,20,Gains In Performance
2017-07-08,11,You Look Good,Lady Antebellum,12,23,Gains In Performance
2017-07-08,12,Somebody Else Will,Justin Moore,15,35,Gains In Performance
2017-07-08,13,Flatliner,Cole Swindell,13,24,Gains In Performance
2017-07-08,14,Drinkin' Problem,Midland,14,22,Gains In Performance
2017-07-08,15,Do I Make You Wanna,Billy Currington,16,31,Gains In Performance
2017-07-08,16,No Such Thing As A Broken Heart,Old Dominion,17,16,Gains In Performance
2017-07-08,17,My Old Man,Zac Brown Band,18,21,
2017-07-08,18,For Her,Chris Lane,20,38,Gains In Performance
2017-07-08,19,Small Town Boy,Dustin Lynch,22,16,Gains In Performance
2017-07-08,20,It Ain't My Fault,Brothers Osborne,19,24,Gains In Performance
2017-07-08,21,More Girls Like You,Kip Moore,21,19,Gains In Performance
2017-07-08,22,They Don't Know,Jason Aldean,26,9,Gains In Performance
2017-07-08,23,Heartache On The Dance Floor,Jon Pardi,24,9,Gains In Performance
2017-07-08,24,Every Little Thing,Carly Pearce,23,15,Gains In Performance
2017-07-08,25,Ring On Every Finger,LoCash,28,32,Gains In Performance
2017-07-08,26,Somethin' I'm Good At,Brett Eldredge,27,18,Gains In Performance
2017-07-08,27,I Could Use A Love Song,Maren Morris,29,15,Gains In Performance
2017-07-08,28,Ask Me How I Know,Garth Brooks,30,14,Gains In Performance
2017-07-08,29,What Ifs,Kane Brown Featuring Lauren Alaina,31,19,Gains In Performance
2017-07-08,30,All The Pretty Girls,Kenny Chesney,34,4,Gains In Performance
2017-07-08,31,Makin' Me Look Good Again,Drake White,RE,24,Gains In Performance
2017-07-08,32,Outta Style,Aaron Watson,32,25,Gains In Performance
2017-07-08,33,A Girl Like You,Easton Corbin,35,22,Gains In Performance
2017-07-08,34,Round Here Buzz,Eric Church,33,11,Gains In Performance
2017-07-08,35,Fix A Drink,Chris Janson,38,6,Gains In Performance
2017-07-08,36,The Way I Talk,Morgan Wallen,37,35,Gains In Performance
2017-07-08,37,Last Time For Everything,Brad Paisley,39,10,Gains In Performance
2017-07-08,38,Greatest Love Story,LANco,40,17,Gains In Performance
2017-07-08,39,California,Big & Rich,41,16,Gains In Performance
2017-07-08,40,Tin Man,Miranda Lambert,44,12,Gains In Performance
2017-07-08,41,Just A Phase,Adam Craig,43,20,Gains In Performance
2017-07-08,42,Good Company,Jake Owen,45,10,Gains In Performance
2017-07-08,43,Love Again,Todd O'Neill,42,11,Gains In Performance
2017-07-08,44,She's With Me,High Valley,48,8,Gains In Performance
2017-07-08,45,Til Tomorrow,Walker McGuire,46,8,
2017-07-08,46,Yours,Russell Dickerson,50,9,Gains In Performance
2017-07-08,47,Losing Sleep,Chris Young,49,7,Gains In Performance
2017-07-08,48,Boy,Lee Brice,51,2,Gains In Performance
2017-07-08,49,When It Rains It Pours,Luke Combs,56,2,Gains In Performance
2017-07-08,50,Legends,Kelsea Ballerini,55,3,Gains In Performance
2017-07-08,51,Act Like You Don't,Brooke Eden,53,8,Gains In Performance
2017-07-08,52,I Worship The Woman You Walked On,Ronnie Dunn,NEW,1,Highest ranking debut|Gains In Performance
2017-07-08,53,They Can't See,Michael Tyler,54,12,Gains In Performance
2017-07-08,54,All On Me,Devin Dawson,RE,4,Gains In Performance
2017-07-08,55,Five More Minutes,Scotty McCreery,52,5,
2017-07-08,56,Happens Like That,Granger Smith,NEW,1,Gains In Performance
2017-07-08,57,Mess Me Up,Gary Allan,59,3,Gains In Performance
2017-07-08,58,Preachin' To The Choir,A Thousand Horses,57,7,Gains In Performance
2017-07-08,59,11:59 (Central Standard Time),The Railers,RE,5,Gains In Performance
2017-07-08,60,Singles You Up,Jordan Davis,NEW,1,Gains In Performance
2017-07-15,1,Every Time I Hear That Song,Blake Shelton,2,20,Gains In Performance
2017-07-15,2,Craving You,Thomas Rhett Featuring Maren Morris,3,14,Gains In Performance
2017-07-15,3,My Girl,Dylan Scott,5,44,Greatest gainer this week|Gains In Performance
2017-07-15,4,Body Like A Back Road,Sam Hunt,4,22,
2017-07-15,5,"God, Your Mama, And Me",Florida Georgia Line Featuring Backstreet Boys,1,25,
2017-07-15,6,Yours If You Want It,Rascal Flatts,8,26,Gains In Performance
2017-07-15,7,In Case You Didn't Know,Brett Young,6,30,
2017-07-15,8,The Fighter,Keith Urban Featuring Carrie Underwood,10,21,Gains In Performance
2017-07-15,9,Flatliner,Cole Swindell,13,25,Gains In Performance
2017-07-15,10,You Look Good,Lady Antebellum,11,24,Gains In Performance
2017-07-15,11,Drinkin' Problem,Midland,14,23,Gains In Performance
2017-07-15,12,Do I Make You Wanna,Billy Currington,15,32,Gains In Performance
2017-07-15,13,Somebody Else Will,Justin Moore,12,36,Gains In Performance
2017-07-15,14,No Such Thing As A Broken Heart,Old Dominion,16,17,Gains In Performance
2017-07-15,15,Small Town Boy,Dustin Lynch,19,17,Gains In Performance
2017-07-15,16,My Old Man,Zac Brown Band,17,22,Gains In Performance
2017-07-15,17,It Ain't My Fault,Brothers Osborne,20,25,Gains In Performance
2017-07-15,18,For Her,Chris Lane,18,39,Gains In Performance
2017-07-15,19,Heartache On The Dance Floor,Jon Pardi,23,10,Gains In Performance
2017-07-15,20,They Don't Know,Jason Aldean,22,10,Gains In Performance
2017-07-15,21,More Girls Like You,Kip Moore,21,20,Gains In Performance
2017-07-15,22,Every Little Thing,Carly Pearce,24,16,Gains In Performance
2017-07-15,23,Ring On Every Finger,LoCash,25,33,Gains In Performance
2017-07-15,24,Somethin' I'm Good At,Brett Eldredge,26,19,Gains In Performance
2017-07-15,25,Ask Me How I Know,Garth Brooks,28,15,Gains In Performance
2017-07-15,26,I Could Use A Love Song,Maren Morris,27,16,Gains In Performance
2017-07-15,27,What Ifs,Kane Brown Featuring Lauren Alaina,29,20,Gains In Performance
2017-07-15,28,All The Pretty Girls,Kenny Chesney,30,5,Gains In Performance
2017-07-15,29,Outta Style,Aaron Watson,32,26,Gains In Performance
2017-07-15,30,Makin' Me Look Good Again,Drake White,31,25,Gains In Performance
2017-07-15,31,A Girl Like You,Easton Corbin,33,23,Gains In Performance
2017-07-15,32,Fix A Drink,Chris Janson,35,7,Gains In Performance
2017-07-15,33,Round Here Buzz,Eric Church,34,12,Gains In Performance
2017-07-15,34,Last Time For Everything,Brad Paisley,37,11,Gains In Performance
2017-07-15,35,The Way I Talk,Morgan Wallen,36,36,Gains In Performance
2017-07-15,36,Tin Man,Miranda Lambert,40,13,Gains In Performance
2017-07-15,37,Greatest Love Story,LANco,38,18,Gains In Performance
2017-07-15,38,Good Company,Jake Owen,42,11,Gains In Performance
2017-07-15,39,California,Big & Rich,39,17,Gains In Performance
2017-07-15,40,When It Rains It Pours,Luke Combs,49,3,Gains In Performance
2017-07-15,41,Just A Phase,Adam Craig,41,21,Gains In Performance
2017-07-15,42,Love Again,Todd O'Neill,43,12,
2017-07-15,43,Losing Sleep,Chris Young,47,8,Gains In Performance
2017-07-15,44,Yours,Russell Dickerson,46,10,Gains In Performance
2017-07-15,45,She's With Me,High Valley,44,9,Gains In Performance
2017-07-15,46,Boy,Lee Brice,48,3,Gains In Performance
2017-07-15,47,Til Tomorrow,Walker McGuire,45,9,Gains In Performance
2017-07-15,48,Five More Minutes,Scotty McCreery,55,6,Gains In Performance
2017-07-15,49,Legends,Kelsea Ballerini,50,4,Gains In Performance
2017-07-15,50,I Worship The Woman You Walked On,Ronnie Dunn,52,2,Gains In Performance
2017-07-15,51,All On Me,Devin Dawson,54,5,Gains In Performance
2017-07-15,52,Act Like You Don't,Brooke Eden,51,9,Gains In Performance
2017-07-15,53,Singles You Up,Jordan Davis,60,2,Gains In Performance
2017-07-15,54,Ones That Like Me,Brantley Gilbert,NEW,1,Highest ranking debut|Gains In Performance
2017-07-15,55,Happens Like That,Granger Smith,56,2,Gains In Performance
2017-07-15,56,They Can't See,Michael Tyler,53,13,
2017-07-15,57,You Broke Up With Me,Walker Hayes,NEW,1,Gains In Performance
2017-07-15,58,Mess Me Up,Gary Allan,57,4,Gains In Performance
2017-07-15,59,Sunday Morning,Parmalee,RE,7,Gains In Performance
2017-07-15,60,Waiting On You,Lindsay Ell,NEW,1,Gains In Performance
2017-07-22,1,Craving You,Thomas Rhett Featuring Maren Morris,2,15,Gains In Performance
2017-07-22,2,My Girl,Dylan Scott,3,45,Gains In Performance
2017-07-22,3,Every Time I Hear That Song,Blake Shelton,1,21,
2017-07-22,4,Yours If You Want It,Rascal Flatts,6,27,Gains In Performance
2017-07-22,5,Body Like A Back Road,Sam Hunt,4,23,Gains In Performance
2017-07-22,6,The Fighter,Keith Urban Featuring Carrie Underwood,8,22,Gains In Performance
2017-07-22,7,Flatliner,Cole Swindell,9,26,Gains In Performance
2017-07-22,8,Do I Make You Wanna,Billy Currington,12,33,Gains In Performance
2017-07-22,9,Drinkin' Problem,Midland,11,24,Gains In Performance
2017-07-22,10,You Look Good,Lady Antebellum,10,25,Gains In Performance
2017-07-22,11,Somebody Else Will,Justin Moore,13,37,Gains In Performance
2017-07-22,12,No Such Thing As A Broken Heart,Old Dominion,14,18,Gains In Performance
2017-07-22,13,Small Town Boy,Dustin Lynch,15,18,Gains In Performance
2017-07-22,14,My Old Man,Zac Brown Band,16,23,Gains In Performance
2017-07-22,15,They Don't Know,Jason Aldean,20,11,Gains In Performance
2017-07-22,16,It Ain't My Fault,Brothers Osborne,17,26,Gains In Performance
2017-07-22,17,For Her,Chris Lane,18,40,Gains In Performance
2017-07-22,18,More Girls Like You,Kip Moore,21,21,Gains In Performance
2017-07-22,19,Heartache On The Dance Floor,Jon Pardi,19,11,Gains In Performance
2017-07-22,20,Every Little Thing,Carly Pearce,22,17,Gains In Performance
2017-07-22,21,Somethin' I'm Good At,Brett Eldredge,24,20,Gains In Performance
2017-07-22,22,Ring On Every Finger,LoCash,23,34,Gains In Performance
2017-07-22,23,Ask Me How I Know,Garth Brooks,25,16,Gains In Performance
2017-07-22,24,What Ifs,Kane Brown Featuring Lauren Alaina,27,21,Gains In Performance
2017-07-22,25,I Could Use A Love Song,Maren Morris,26,17,Gains In Performance
2017-07-22,26,All The Pretty Girls,Kenny Chesney,28,6,Gains In Performance
2017-07-22,27,Fix A Drink,Chris Janson,32,8,Gains In Performance
2017-07-22,28,A Girl Like You,Easton Corbin,31,24,Gains In Performance
2017-07-22,29,Round Here Buzz,Eric Church,33,13,Gains In Performance
2017-07-22,30,Outta Style,Aaron Watson,29,27,Gains In Performance
2017-07-22,31,Last Time For Everything,Brad Paisley,34,12,Gains In Performance
2017-07-22,32,When It Rains It Pours,Luke Combs,40,4,Gains In Performance
2017-07-22,33,The Way I Talk,Morgan Wallen,35,37,Gains In Performance
2017-07-22,34,Tin Man,Miranda Lambert,36,14,Gains In Performance
2017-07-22,35,Greatest Love Story,LANco,37,19,Gains In Performance
2017-07-22,36,California,Big & Rich,39,18,Gains In Performance
2017-07-22,37,Good Company,Jake Owen,38,12,Gains In Performance
2017-07-22,38,Just A Phase,Adam Craig,41,22,Gains In Performance
2017-07-22,39,Losing Sleep,Chris Young,43,9,Gains In Performance
2017-07-22,40,She's With Me,High Valley,45,10,Gains In Performance
2017-07-22,41,Boy,Lee Brice,46,4,Gains In Performance
2017-07-22,42,Love Again,Todd O'Neill,42,13,Gains In Performance
2017-07-22,43,Til Tomorrow,Walker McGuire,47,10,Gains In Performance
2017-07-22,44,Yours,Russell Dickerson,44,11,Gains In Performance
2017-07-22,45,Legends,Kelsea Ballerini,49,5,Gains In Performance
2017-07-22,46,I Worship The Woman You Walked On,Ronnie Dunn,50,3,Gains In Performance
2017-07-22,47,You Broke Up With Me,Walker Hayes,57,2,Gains In Performance
2017-07-22,48,Five More Minutes,Scotty McCreery,48,7,
2017-07-22,49,All On Me,Devin Dawson,51,6,Gains In Performance
2017-07-22,50,Act Like You Don't,Brooke Eden,52,10,Gains In Performance
2017-07-22,51,Ones That Like Me,Brantley Gilbert,54,2,Gains In Performance
2017-07-22,52,Singles You Up,Jordan Davis,53,3,Gains In Performance
2017-07-22,53,They Can't See,Michael Tyler,56,14,Gains In Performance
2017-07-22,54,Waiting On You,Lindsay Ell,60,2,Gains In Performance
2017-07-22,55,God Made A Woman,Jerrod Niemann,RE,5,Gains In Performance
2017-07-22,56,Sunday Morning,Parmalee,59,8,Gains In Performance
2017-07-22,57,Happens Like That,Granger Smith,55,3,Gains In Performance
2017-07-22,58,Preachin' To The Choir,A Thousand Horses,RE,8,Gains In Performance
2017-07-22,59,Mess Me Up,Gary Allan,58,5,
2017-07-22,60,What I Wanna Be,Jacob Davis,RE,3,Gains In Performance
2017-07-29,1,My Girl,Dylan Scott,2,46,Gains In Performance
2017-07-29,2,Craving You,Thomas Rhett Featuring Maren Morris,1,16,
2017-07-29,3,Yours If You Want It,Rascal Flatts,4,28,Gains In Performance
2017-07-29,4,Body Like A Back Road,Sam Hunt,5,24,
2017-07-29,5,Every Time I Hear That Song,Blake Shelton,3,22,
2017-07-29,6,Do I Make You Wanna,Billy Currington,8,34,Greatest gainer this week|Gains In Performance
2017-07-29,7,The Fighter,Keith Urban Featuring Carrie Underwood,6,23,Gains In Performance
2017-07-29,8,Flatliner,Cole Swindell,7,27,Gains In Performance
2017-07-29,9,Drinkin' Problem,Midland,9,25,Gains In Performance
2017-07-29,10,You Look Good,Lady Antebellum,10,26,Gains In Performance
2017-07-29,11,Somebody Else Will,Justin Moore,11,38,Gains In Performance
2017-07-29,12,No Such Thing As A Broken Heart,Old Dominion,12,19,Gains In Performance
2017-07-29,13,Small Town Boy,Dustin Lynch,13,19,Gains In Performance
2017-07-29,14,They Don't Know,Jason Aldean,15,12,Gains In Performance
2017-07-29,15,Heartache On The Dance Floor,Jon Pardi,19,12,Gains In Performance
2017-07-29,16,For Her,Chris Lane,17,41,Gains In Performance
2017-07-29,17,It Ain't My Fault,Brothers Osborne,16,27,Gains In Performance
2017-07-29,18,More Girls Like You,Kip Moore,18,22,Gains In Performance
2017-07-29,19,Every Little Thing,Carly Pearce,20,18,Gains In Performance
2017-07-29,20,What Ifs,Kane Brown Featuring Lauren Alaina,24,22,Gains In Performance
2017-07-29,21,All The Pretty Girls,Kenny Chesney,26,7,Gains In Performance
2017-07-29,22,Ask Me How I Know,Garth Brooks,23,17,Gains In Performance
2017-07-29,23,Ring On Every Finger,LoCash,22,35,
2017-07-29,24,Somethin' I'm Good At,Brett Eldredge,21,21,
2017-07-29,25,I Could Use A Love Song,Maren Morris,25,18,Gains In Performance
2017-07-29,26,Fix A Drink,Chris Janson,27,9,Gains In Performance
2017-07-29,27,A Girl Like You,Easton Corbin,28,25,Gains In Performance
2017-07-29,28,Last Time For Everything,Brad Paisley,31,13,Gains In Performance
2017-07-29,29,Round Here Buzz,Eric Church,29,14,Gains In Performance
2017-07-29,30,Outta Style,Aaron Watson,30,28,Gains In Performance
2017-07-29,31,When It Rains It Pours,Luke Combs,32,5,Gains In Performance
2017-07-29,32,The Way I Talk,Morgan Wallen,33,38,Gains In Performance
2017-07-29,33,Greatest Love Story,LANco,35,20,Gains In Performance
2017-07-29,34,California,Big & Rich,36,19,Gains In Performance
2017-07-29,35,Tin Man,Miranda Lambert,34,15,Gains In Performance
2017-07-29,36,Good Company,Jake Owen,37,13,Gains In Performance
2017-07-29,37,Losing Sleep,Chris Young,39,10,Gains In Performance
2017-07-29,38,Just A Phase,Adam Craig,38,23,
2017-07-29,39,Boy,Lee Brice,41,5,Gains In Performance
2017-07-29,40,She's With Me,High Valley,40,11,
2017-07-29,41,Yours,Russell Dickerson,44,12,Gains In Performance
2017-07-29,42,Love Again,Todd O'Neill,42,14,
2017-07-29,43,Til Tomorrow,Walker McGuire,43,11,
2017-07-29,44,Legends,Kelsea Ballerini,45,6,Gains In Performance
2017-07-29,45,You Broke Up With Me,Walker Hayes,47,3,Gains In Performance
2017-07-29,46,I Worship The Woman You Walked On,Ronnie Dunn,46,4,Gains In Performance
2017-07-29,47,All On Me,Devin Dawson,49,7,Gains In Performance
2017-07-29,48,Five More Minutes,Scotty McCreery,48,8,Gains In Performance
2017-07-29,49,Act Like You Don't,Brooke Eden,50,11,Gains In Performance
2017-07-29,50,Ones That Like Me,Brantley Gilbert,51,3,Gains In Performance
2017-07-29,51,Singles You Up,Jordan Davis,52,4,Gains In Performance
2017-07-29,52,They Can't See,Michael Tyler,53,15,
2017-07-29,53,Happens Like That,Granger Smith,57,4,Gains In Performance
2017-07-29,54,Sunday Morning,Parmalee,56,9,Gains In Performance
2017-07-29,55,Waiting On You,Lindsay Ell,54,3,
2017-07-29,56,Preachin' To The Choir,A Thousand Horses,58,9,Gains In Performance
2017-07-29,57,God Made A Woman,Jerrod Niemann,55,6,
2017-07-29,58,What I Wanna Be,Jacob Davis,60,4,Gains In Performance
2017-07-29,59,Like You That Way,Canaan Smith,NEW,1,Highest ranking debut|Gains In Performance
2017-07-29,60,Mess Me Up,Gary Allan,59,6,
2017-08-05,1,Yours If You Want It,Rascal Flatts,3,29,Gains In Performance
2017-08-05,2,My Girl,Dylan Scott,1,47,
2017-08-05,3,Craving You,Thomas Rhett Featuring Maren Morris,2,17,
2017-08-05,4,Do I Make You Wanna,Billy Currington,6,35,Greatest gainer this week|Gains In Performance
2017-08-05,5,The Fighter,Keith Urban Featuring Carrie Underwood,7,24,Gains In Performance
2017-08-05,6,Body Like A Back Road,Sam Hunt,4,25,
2017-08-05,7,Flatliner,Cole Swindell,8,28,Gains In Performance
2017-08-05,8,No Such Thing As A Broken Heart,Old Dominion,12,20,Gains In Performance
2017-08-05,9,Drinkin' Problem,Midland,9,26,Gains In Performance
2017-08-05,10,Somebody Else Will,Justin Moore,11,39,Gains In Performance
2017-08-05,11,You Look Good,Lady Antebellum,10,27,Gains In Performance
2017-08-05,12,Small Town Boy,Dustin Lynch,13,20,Gains In Performance
2017-08-05,13,They Don't Know,Jason Aldean,14,13,Gains In Performance
2017-08-05,14,Heartache On The Dance Floor,Jon Pardi,15,13,Gains In Performance
2017-08-05,15,More Girls Like You,Kip Moore,18,23,Gains In Performance
2017-08-05,16,For Her,Chris Lane,16,42,Gains In Performance
2017-08-05,17,It Ain't My Fault,Brothers Osborne,17,28,Gains In Performance
2017-08-05,18,Every Little Thing,Carly Pearce,19,19,Gains In Performance
2017-08-05,19,All The Pretty Girls,Kenny Chesney,21,8,Gains In Performance
2017-08-05,20,What Ifs,Kane Brown Featuring Lauren Alaina,20,23,Gains In Performance
2017-08-05,21,Ask Me How I Know,Garth Brooks,22,18,Gains In Performance
2017-08-05,22,I Could Use A Love Song,Maren Morris,25,19,Gains In Performance
2017-08-05,23,Ring On Every Finger,LoCash,23,36,Gains In Performance
2017-08-05,24,Somethin' I'm Good At,Brett Eldredge,24,22,Gains In Performance
2017-08-05,25,Fix A Drink,Chris Janson,26,10,Gains In Performance
2017-08-05,26,When It Rains It Pours,Luke Combs,31,6,Gains In Performance
2017-08-05,27,Round Here Buzz,Eric Church,29,15,Gains In Performance
2017-08-05,28,Last Time For Everything,Brad Paisley,28,14,Gains In Performance
2017-08-05,29,A Girl Like You,Easton Corbin,27,26,Gains In Performance
2017-08-05,30,Outta Style,Aaron Watson,30,29,Gains In Performance
2017-08-05,31,Greatest Love Story,LANco,33,21,Gains In Performance
2017-08-05,32,The Way I Talk,Morgan Wallen,32,39,Gains In Performance
2017-08-05,33,Losing Sleep,Chris Young,37,11,Gains In Performance
2017-08-05,34,California,Big & Rich,34,20,Gains In Performance
2017-08-05,35,Tin Man,Miranda Lambert,35,16,Gains In Performance
2017-08-05,36,Good Company,Jake Owen,36,14,Gains In Performance
2017-08-05,37,Just A Phase,Adam Craig,38,24,Gains In Performance
2017-08-05,38,Yours,Russell Dickerson,41,13,Gains In Performance
2017-08-05,39,You Broke Up With Me,Walker Hayes,45,4,Gains In Performance
2017-08-05,40,Boy,Lee Brice,39,6,
2017-08-05,41,She's With Me,High Valley,40,12,
2017-08-05,42,Til Tomorrow,Walker McGuire,43,12,Gains In Performance
2017-08-05,43,Legends,Kelsea Ballerini,44,7,
2017-08-05,44,Love Again,Todd O'Neill,42,15,
2017-08-05,45,All On Me,Devin Dawson,47,8,Gains In Performance
2017-08-05,46,Singles You Up,Jordan Davis,51,5,Gains In Performance
2017-08-05,47,Five More Minutes,Scotty McCreery,48,9,Gains In Performance
2017-08-05,48,Like I Loved You,Brett Young,NEW,1,Highest ranking debut|Gains In Performance
2017-08-05,49,Happens Like That,Granger Smith,53,5,Gains In Performance
2017-08-05,50,Ones That Like Me,Brantley Gilbert,50,4,Gains In Performance
2017-08-05,51,I Worship The Woman You Walked On,Ronnie Dunn,46,5,
2017-08-05,52,Sunday Morning,Parmalee,54,10,Gains In Performance
2017-08-05,53,Act Like You Don't,Brooke Eden,49,12,
2017-08-05,54,They Can't See,Michael Tyler,52,16,
2017-08-05,55,God Made A Woman,Jerrod Niemann,57,7,Gains In Performance
2017-08-05,56,Waiting On You,Lindsay Ell,55,4,Gains In Performance
2017-08-05,57,Preachin' To The Choir,A Thousand Horses,56,10,
2017-08-05,58,Broken Halos,Chris Stapleton,NEW,1,Gains In Performance
2017-08-05,59,What The Hell Did I Say,Dierks Bentley,NEW,1,Gains In Performance
2017-08-05,60,Get To You,Michael Ray,NEW,1,Gains In Performance
2017-08-12,1,Do I Make You Wanna,Billy Currington,4,36,Gains In Performance
2017-08-12,2,The Fighter,Keith Urban Featuring Carrie Underwood,5,25,Gains In Performance
2017-08-12,3,Craving You,Thomas Rhett Featuring Maren Morris,3,18,
2017-08-12,4,Flatliner,Cole Swindell,7,29,Gains In Performance
2017-08-12,5,My Girl,Dylan Scott,2,48,
2017-08-12,6,No Such Thing As A Broken Heart,Old Dominion,8,21,Gains In Performance
2017-08-12,7,Drinkin' Problem,Midland,9,27,Gains In Performance
2017-08-12,8,Somebody Else Will,Justin Moore,10,40,Gains In Performance
2017-08-12,9,You Look Good,Lady Antebellum,11,28,Gains In Performance
2017-08-12,10,Small Town Boy,Dustin Lynch,12,21,Gains In Performance
2017-08-12,11,Yours If You Want It,Rascal Flatts,1,30,
2017-08-12,12,They Don't Know,Jason Aldean,13,14,Gains In Performance
2017-08-12,13,Heartache On The Dance Floor,Jon Pardi,14,14,Gains In Performance
2017-08-12,14,For Her,Chris Lane,16,43,Gains In Performance
2017-08-12,15,More Girls Like You,Kip Moore,15,24,Gains In Performance
2017-08-12,16,It Ain't My Fault,Brothers Osborne,17,29,Gains In Performance
2017-08-12,17,All The Pretty Girls,Kenny Chesney,19,9,Gains In Performance
2017-08-12,18,What Ifs,Kane Brown Featuring Lauren Alaina,20,24,Gains In Performance
2017-08-12,19,Every Little Thing,Carly Pearce,18,20,Gains In Performance
2017-08-12,20,Ask Me How I Know,Garth Brooks,21,19,Gains In Performance
2017-08-12,21,I Could Use A Love Song,Maren Morris,22,20,Gains In Performance
2017-08-12,22,Ring On Every Finger,LoCash,23,37,Gains In Performance
2017-08-12,23,Somethin' I'm Good At,Brett Eldredge,24,23,Gains In Performance
2017-08-12,24,When It Rains It Pours,Luke Combs,26,7,Gains In Performance
2017-08-12,25,Fix A Drink,Chris Janson,25,11,Gains In Performance
2017-08-12,26,Last Time For Everything,Brad Paisley,28,15,Gains In Performance
2017-08-12,27,Round Here Buzz,Eric Church,27,16,Gains In Performance
2017-08-12,28,Outta Style,Aaron Watson,30,30,Gains In Performance
2017-08-12,29,A Girl Like You,Easton Corbin,29,27,Gains In Performance
2017-08-12,30,Greatest Love Story,LANco,31,22,Gains In Performance
2017-08-12,31,The Way I Talk,Morgan Wallen,32,40,Gains In Performance
2017-08-12,32,Losing Sleep,Chris Young,33,12,Gains In Performance
2017-08-12,33,Unforgettable,Thomas Rhett,NEW,1,Highest ranking debut|Gains In Performance
2017-08-12,34,California,Big & Rich,34,21,Gains In Performance
2017-08-12,35,You Broke Up With Me,Walker Hayes,39,5,Gains In Performance
2017-08-12,36,Tin Man,Miranda Lambert,35,17,Gains In Performance
2017-08-12,37,Good Company,Jake Owen,36,15,Gains In Performance
2017-08-12,38,Yours,Russell Dickerson,38,14,Gains In Performance
2017-08-12,39,Just A Phase,Adam Craig,37,25,
2017-08-12,40,She's With Me,High Valley,41,13,Gains In Performance
2017-08-12,41,Til Tomorrow,Walker McGuire,42,13,Gains In Performance
2017-08-12,42,Boy,Lee Brice,40,7,Gains In Performance
2017-08-12,43,Legends,Kelsea Ballerini,43,8,Gains In Performance
2017-08-12,44,Love Again,Todd O'Neill,44,16,Gains In Performance
2017-08-12,45,All On Me,Devin Dawson,45,9,
2017-08-12,46,Like I Loved You,Brett Young,48,2,Gains In Performance
2017-08-12,47,Happens Like That,Granger Smith,49,6,Gains In Performance
2017-08-12,48,Five More Minutes,Scotty McCreery,47,10,Gains In Performance
2017-08-12,49,Ones That Like Me,Brantley Gilbert,50,5,Gains In Performance
2017-08-12,50,Singles You Up,Jordan Davis,46,6,
2017-08-12,51,Broken Halos,Chris Stapleton,58,2,Gains In Performance
2017-08-12,52,Road Trippin',Dan + Shay,NEW,1,Gains In Performance
2017-08-12,53,They Can't See,Michael Tyler,54,17,Gains In Performance
2017-08-12,54,What The Hell Did I Say,Dierks Bentley,59,2,Gains In Performance
2017-08-12,55,Sunday Morning,Parmalee,52,11,
2017-08-12,56,Act Like You Don't,Brooke Eden,53,13,
2017-08-12,57,Get To You,Michael Ray,60,2,Gains In Performance
2017-08-12,58,I Worship The Woman You Walked On,Ronnie Dunn,51,6,
2017-08-12,59,Preachin' To The Choir,A Thousand Horses,57,11,Gains In Performance
2017-08-12,60,God Made A Woman,Jerrod Niemann,55,8,
2017-08-19,1,Do I Make You Wanna,Billy Currington,1,37,Gains In Performance
2017-08-19,2,Flatliner,Cole Swindell,4,30,Gains In Performance
2017-08-19,3,Somebody Else Will,Justin Moore,8,41,Greatest gainer this week|Gains In Performance
2017-08-19,4,Craving You,Thomas Rhett Featuring Maren Morris,3,19,
2017-08-19,5,Small Town Boy,Dustin Lynch,10,22,Gains In Performance
2017-08-19,6,No Such Thing As A Broken Heart,Old Dominion,6,22,Gains In Performance
2017-08-19,7,Drinkin' Problem,Midland,7,28,Gains In Performance
2017-08-19,8,You Look Good,Lady Antebellum,9,29,Gains In Performance
2017-08-19,9,My Girl,Dylan Scott,5,49,
2017-08-19,10,The Fighter,Keith Urban Featuring Carrie Underwood,2,26,
2017-08-19,11,They Don't Know,Jason Aldean,12,15,Gains In Performance
2017-08-19,12,Heartache On The Dance Floor,Jon Pardi,13,15,Gains In Performance
2017-08-19,13,All The Pretty Girls,Kenny Chesney,17,10,Gains In Performance
2017-08-19,14,For Her,Chris Lane,14,44,Gains In Performance
2017-08-19,15,More Girls Like You,Kip Moore,15,25,Gains In Performance
2017-08-19,16,What Ifs,Kane Brown Featuring Lauren Alaina,18,25,Gains In Performance
2017-08-19,17,It Ain't My Fault,Brothers Osborne,16,30,Gains In Performance
2017-08-19,18,Every Little Thing,Carly Pearce,19,21,Gains In Performance
2017-08-19,19,I Could Use A Love Song,Maren Morris,21,21,Gains In Performance
2017-08-19,20,Ask Me How I Know,Garth Brooks,20,20,Gains In Performance
2017-08-19,21,Fix A Drink,Chris Janson,25,12,Gains In Performance
2017-08-19,22,When It Rains It Pours,Luke Combs,24,8,Gains In Performance
2017-08-19,23,Ring On Every Finger,LoCash,22,38,Gains In Performance
2017-08-19,24,Round Here Buzz,Eric Church,27,17,Gains In Performance
2017-08-19,25,Last Time For Everything,Brad Paisley,26,16,Gains In Performance
2017-08-19,26,Greatest Love Story,LANco,30,23,Gains In Performance
2017-08-19,27,Outta Style,Aaron Watson,28,31,Gains In Performance
2017-08-19,28,A Girl Like You,Easton Corbin,29,28,Gains In Performance
2017-08-19,29,Unforgettable,Thomas Rhett,33,2,Gains In Performance
2017-08-19,30,Losing Sleep,Chris Young,32,13,Gains In Performance
2017-08-19,31,California,Big & Rich,34,22,Gains In Performance
2017-08-19,32,The Way I Talk,Morgan Wallen,31,41,Gains In Performance
2017-08-19,33,You Broke Up With Me,Walker Hayes,35,6,Gains In Performance
2017-08-19,34,Yours,Russell Dickerson,38,15,Gains In Performance
2017-08-19,35,Good Company,Jake Owen,37,16,Gains In Performance
2017-08-19,36,Tin Man,Miranda Lambert,36,18,Gains In Performance
2017-08-19,37,Just A Phase,Adam Craig,39,26,Gains In Performance
2017-08-19,38,She's With Me,High Valley,40,14,
2017-08-19,39,Boy,Lee Brice,42,8,Gains In Performance
2017-08-19,40,Til Tomorrow,Walker McGuire,41,14,Gains In Performance
2017-08-19,41,Like I Loved You,Brett Young,46,3,Gains In Performance
2017-08-19,42,Legends,Kelsea Ballerini,43,9,Gains In Performance
2017-08-19,43,Five More Minutes,Scotty McCreery,48,11,Gains In Performance
2017-08-19,44,Happens Like That,Granger Smith,47,7,Gains In Performance
2017-08-19,45,Ones That Like Me,Brantley Gilbert,49,6,Gains In Performance
2017-08-19,46,All On Me,Devin Dawson,45,10,
2017-08-19,47,Love Again,Todd O'Neill,44,17,
2017-08-19,48,They Can't See,Michael Tyler,53,18,Gains In Performance
2017-08-19,49,What The Hell Did I Say,Dierks Bentley,54,3,Gains In Performance
2017-08-19,50,Sunday Morning,Parmalee,55,12,Gains In Performance
2017-08-19,51,Broken Halos,Chris Stapleton,51,3,Gains In Performance
2017-08-19,52,Mess Me Up,Gary Allan,RE,7,Gains In Performance
2017-08-19,53,Singles You Up,Jordan Davis,50,7,Gains In Performance
2017-08-19,54,Get To You,Michael Ray,57,3,Gains In Performance
2017-08-19,55,Road Trippin',Dan + Shay,52,2,Gains In Performance
2017-08-19,56,All About You,Josh Turner,NEW,1,Highest ranking debut|Gains In Performance
2017-08-19,57,Waiting On You,Lindsay Ell,RE,5,Gains In Performance
2017-08-19,58,God Made A Woman,Jerrod Niemann,60,9,Gains In Performance
2017-08-19,59,Smooth,Florida Georgia Line,NEW,1,Gains In Performance
2017-08-19,60,Preachin' To The Choir,A Thousand Horses,59,12,
2017-08-26,1,Do I Make You Wanna,Billy Currington,1,38,
2017-08-26,2,Somebody Else Will,Justin Moore,3,42,Gains In Performance
2017-08-26,3,Flatliner,Cole Swindell,2,31,Gains In Performance
2017-08-26,4,No Such Thing As A Broken Heart,Old Dominion,6,23,Gains In Performance
2017-08-26,5,Small Town Boy,Dustin Lynch,5,23,Gains In Performance
2017-08-26,6,You Look Good,Lady Antebellum,8,30,Gains In Performance
2017-08-26,7,Drinkin' Problem,Midland,7,29,Gains In Performance
2017-08-26,8,Craving You,Thomas Rhett Featuring Maren Morris,4,20,
2017-08-26,9,Heartache On The Dance Floor,Jon Pardi,12,16,Gains In Performance
2017-08-26,10,They Don't Know,Jason Aldean,11,16,Gains In Performance
2017-08-26,11,All The Pretty Girls,Kenny Chesney,13,11,Gains In Performance
2017-08-26,12,For Her,Chris Lane,14,45,Gains In Performance
2017-08-26,13,More Girls Like You,Kip Moore,15,26,Gains In Performance
2017-08-26,14,What Ifs,Kane Brown Featuring Lauren Alaina,16,26,Gains In Performance
2017-08-26,15,It Ain't My Fault,Brothers Osborne,17,31,Gains In Performance
2017-08-26,16,Every Little Thing,Carly Pearce,18,22,Gains In Performance
2017-08-26,17,Ask Me How I Know,Garth Brooks,20,21,Gains In Performance
2017-08-26,18,I Could Use A Love Song,Maren Morris,19,22,Gains In Performance
2017-08-26,19,Fix A Drink,Chris Janson,21,13,Gains In Performance
2017-08-26,20,When It Rains It Pours,Luke Combs,22,9,Gains In Performance
2017-08-26,21,Round Here Buzz,Eric Church,24,18,Gains In Performance
2017-08-26,22,Ring On Every Finger,LoCash,23,39,Gains In Performance
2017-08-26,23,Unforgettable,Thomas Rhett,29,3,Greatest gainer this week|Gains In Performance
2017-08-26,24,Last Time For Everything,Brad Paisley,25,17,Gains In Performance
2017-08-26,25,Greatest Love Story,LANco,26,24,Gains In Performance
2017-08-26,26,Outta Style,Aaron Watson,27,32,Gains In Performance
2017-08-26,27,A Girl Like You,Easton Corbin,28,29,Gains In Performance
2017-08-26,28,Losing Sleep,Chris Young,30,14,Gains In Performance
2017-08-26,29,California,Big & Rich,31,23,Gains In Performance
2017-08-26,30,The Way I Talk,Morgan Wallen,32,42,Gains In Performance
2017-08-26,31,Yours,Russell Dickerson,34,16,Gains In Performance
2017-08-26,32,You Broke Up With Me,Walker Hayes,33,7,Gains In Performance
2017-08-26,33,Tin Man,Miranda Lambert,36,19,Gains In Performance
2017-08-26,34,Good Company,Jake Owen,35,17,Gains In Performance
2017-08-26,35,Just A Phase,Adam Craig,37,27,Gains In Performance
2017-08-26,36,Like I Loved You,Brett Young,41,4,Gains In Performance
2017-08-26,37,Til Tomorrow,Walker McGuire,40,15,Gains In Performance
2017-08-26,38,She's With Me,High Valley,38,15,
2017-08-26,39,Boy,Lee Brice,39,9,
2017-08-26,40,Five More Minutes,Scotty McCreery,43,12,Gains In Performance
2017-08-26,41,Legends,Kelsea Ballerini,42,10,
2017-08-26,42,Smooth,Florida Georgia Line,59,2,Gains In Performance
2017-08-26,43,Happens Like That,Granger Smith,44,8,Gains In Performance
2017-08-26,44,Ones That Like Me,Brantley Gilbert,45,7,Gains In Performance
2017-08-26,45,All On Me,Devin Dawson,46,11,Gains In Performance
2017-08-26,46,They Can't See,Michael Tyler,48,19,Gains In Performance
2017-08-26,47,What The Hell Did I Say,Dierks Bentley,49,4,Gains In Performance
2017-08-26,48,Singles You Up,Jordan Davis,53,8,Gains In Performance
2017-08-26,49,Broken Halos,Chris Stapleton,51,4,Gains In Performance
2017-08-26,50,Mess Me Up,Gary Allan,52,8,Gains In Performance
2017-08-26,51,Get To You,Michael Ray,54,4,Gains In Performance
2017-08-26,52,Waiting On You,Lindsay Ell,57,6,Gains In Performance
2017-08-26,53,Sunday Morning,Parmalee,50,13,
2017-08-26,54,Road Trippin',Dan + Shay,55,3,
2017-08-26,55,All About You,Josh Turner,56,2,Gains In Performance
2017-08-26,56,God Made A Woman,Jerrod Niemann,58,10,
2017-08-26,57,Doin' Fine,Lauren Alaina,RE,2,Gains In Performance
2017-08-26,58,I Should Go To Church Sometime,Tyler Farr,NEW,1,Highest ranking debut|Gains In Performance
2017-08-26,59,Sway,Danielle Bradbery,NEW,1,
2017-08-26,60,For The First Time,Darius Rucker,NEW,1,Gains In Performance
2017-09-02,1,Somebody Else Will,Justin Moore,2,43,Gains In Performance
2017-09-02,2,No Such Thing As A Broken Heart,Old Dominion,4,24,Greatest gainer this week|Gains In Performance
2017-09-02,3,Small Town Boy,Dustin Lynch,5,24,Gains In Performance
2017-09-02,4,Drinkin' Problem,Midland,7,30,Gains In Performance
2017-09-02,5,Do I Make You Wanna,Billy Currington,1,39,
2017-09-02,6,You Look Good,Lady Antebellum,6,31,
2017-09-02,7,Craving You,Thomas Rhett Featuring Maren Morris,8,21,
2017-09-02,8,Heartache On The Dance Floor,Jon Pardi,9,17,Gains In Performance
2017-09-02,9,They Don't Know,Jason Aldean,10,17,Gains In Performance
2017-09-02,10,Flatliner,Cole Swindell,3,32,
2017-09-02,11,All The Pretty Girls,Kenny Chesney,11,12,Gains In Performance
2017-09-02,12,For Her,Chris Lane,12,46,Gains In Performance
2017-09-02,13,More Girls Like You,Kip Moore,13,27,Gains In Performance
2017-09-02,14,What Ifs,Kane Brown Featuring Lauren Alaina,14,27,Gains In Performance
2017-09-02,15,Every Little Thing,Carly Pearce,16,23,Gains In Performance
2017-09-02,16,It Ain't My Fault,Brothers Osborne,15,32,Gains In Performance
2017-09-02,17,When It Rains It Pours,Luke Combs,20,10,Gains In Performance
2017-09-02,18,I Could Use A Love Song,Maren Morris,18,23,Gains In Performance
2017-09-02,19,Fix A Drink,Chris Janson,19,14,Gains In Performance
2017-09-02,20,Unforgettable,Thomas Rhett,23,4,Gains In Performance
2017-09-02,21,Ask Me How I Know,Garth Brooks,17,22,
2017-09-02,22,Round Here Buzz,Eric Church,21,19,Gains In Performance
2017-09-02,23,Ring On Every Finger,LoCash,22,40,Gains In Performance
2017-09-02,24,Last Time For Everything,Brad Paisley,24,18,Gains In Performance
2017-09-02,25,Greatest Love Story,LANco,25,25,Gains In Performance
2017-09-02,26,A Girl Like You,Easton Corbin,27,30,Gains In Performance
2017-09-02,27,Losing Sleep,Chris Young,28,15,Gains In Performance
2017-09-02,28,Outta Style,Aaron Watson,26,33,
2017-09-02,29,You Broke Up With Me,Walker Hayes,32,8,Gains In Performance
2017-09-02,30,Yours,Russell Dickerson,31,17,Gains In Performance
2017-09-02,31,Tin Man,Miranda Lambert,33,20,Gains In Performance
2017-09-02,32,Good Company,Jake Owen,34,18,
2017-09-02,33,Smooth,Florida Georgia Line,42,3,Gains In Performance
2017-09-02,34,Like I Loved You,Brett Young,36,5,Gains In Performance
2017-09-02,35,Til Tomorrow,Walker McGuire,37,16,Gains In Performance
2017-09-02,36,Boy,Lee Brice,39,10,Gains In Performance
2017-09-02,37,Legends,Kelsea Ballerini,41,11,Gains In Performance
2017-09-02,38,She's With Me,High Valley,38,16,
2017-09-02,39,Five More Minutes,Scotty McCreery,40,13,Gains In Performance
2017-09-02,40,Ones That Like Me,Brantley Gilbert,44,8,Gains In Performance
2017-09-02,41,All On Me,Devin Dawson,45,12,Gains In Performance
2017-09-02,42,Happens Like That,Granger Smith,43,9,Gains In Performance
2017-09-02,43,Broken Halos,Chris Stapleton,49,5,Gains In Performance
2017-09-02,44,Singles You Up,Jordan Davis,48,9,Gains In Performance
2017-09-02,45,Get To You,Michael Ray,51,5,Gains In Performance
2017-09-02,46,What The Hell Did I Say,Dierks Bentley,47,5,Gains In Performance
2017-09-02,47,They Can't See,Michael Tyler,46,20,
2017-09-02,48,Mess Me Up,Gary Allan,50,9,
2017-09-02,49,Sunday Morning,Parmalee,53,14,
2017-09-02,50,Waiting On You,Lindsay Ell,52,7,
2017-09-02,51,Road Trippin',Dan + Shay,54,4,
2017-09-02,52,All About You,Josh Turner,55,3,
2017-09-02,53,Roots,Zac Brown Band,NEW,1,Highest ranking debut|Gains In Performance
2017-09-02,54,For The First Time,Darius Rucker,60,2,Gains In Performance
2017-09-02,55,Doin' Fine,Lauren Alaina,57,3,Gains In Performance
2017-09-02,56,I Should Go To Church Sometime,Tyler Farr,58,2,Gains In Performance
2017-09-02,57,God Made A Woman,Jerrod Niemann,56,11,
2017-09-02,58,When Someone Stops Loving You,Little Big Town,NEW,1,Gains In Performance
2017-09-02,59,Sway,Danielle Bradbery,59,2,Gains In Performance
2017-09-02,60,Love In A Bar,Ryan Hurd,NEW,1,Gains In Performance
2017-09-09,1,No Such Thing As A Broken Heart,Old Dominion,2,25,Gains In Performance
2017-09-09,2,Small Town Boy,Dustin Lynch,3,25,Gains In Performance
2017-09-09,3,Drinkin' Problem,Midland,4,31,Gains In Performance
2017-09-09,4,You Look Good,Lady Antebellum,6,32,Gains In Performance
2017-09-09,5,Do I Make You Wanna,Billy Currington,5,40,
2017-09-09,6,Heartache On The Dance Floor,Jon Pardi,8,18,Gains In Performance
2017-09-09,7,Somebody Else Will,Justin Moore,1,44,
2017-09-09,8,They Don't Know,Jason Aldean,9,18,Gains In Performance
2017-09-09,9,All The Pretty Girls,Kenny Chesney,11,13,Gains In Performance
2017-09-09,10,What Ifs,Kane Brown Featuring Lauren Alaina,14,28,Gains In Performance
2017-09-09,11,More Girls Like You,Kip Moore,13,28,Gains In Performance
2017-09-09,12,For Her,Chris Lane,12,47,Gains In Performance
2017-09-09,13,Every Little Thing,Carly Pearce,15,24,Gains In Performance
2017-09-09,14,It Ain't My Fault,Brothers Osborne,16,33,Gains In Performance
2017-09-09,15,Unforgettable,Thomas Rhett,20,5,Gains In Performance
2017-09-09,16,When It Rains It Pours,Luke Combs,17,11,Gains In Performance
2017-09-09,17,Fix A Drink,Chris Janson,19,15,Gains In Performance
2017-09-09,18,Ask Me How I Know,Garth Brooks,21,23,Gains In Performance
2017-09-09,19,I Could Use A Love Song,Maren Morris,18,24,Gains In Performance
2017-09-09,20,Light It Up,Luke Bryan,NEW,1,Highest ranking debut|Gains In Performance
2017-09-09,21,Round Here Buzz,Eric Church,22,20,Gains In Performance
2017-09-09,22,Ring On Every Finger,LoCash,23,41,Gains In Performance
2017-09-09,23,Greatest Love Story,LANco,25,26,Gains In Performance
2017-09-09,24,Last Time For Everything,Brad Paisley,24,19,Gains In Performance
2017-09-09,25,A Girl Like You,Easton Corbin,26,31,Gains In Performance
2017-09-09,26,Losing Sleep,Chris Young,27,16,Gains In Performance
2017-09-09,27,Outta Style,Aaron Watson,28,34,Gains In Performance
2017-09-09,28,You Broke Up With Me,Walker Hayes,29,9,Gains In Performance
2017-09-09,29,California,Big & Rich,RE,24,Gains In Performance
2017-09-09,30,Smooth,Florida Georgia Line,33,4,Gains In Performance
2017-09-09,31,Yours,Russell Dickerson,30,18,Gains In Performance
2017-09-09,32,Tin Man,Miranda Lambert,31,21,Gains In Performance
2017-09-09,33,All On Me,Devin Dawson,41,13,Gains In Performance
2017-09-09,34,Good Company,Jake Owen,32,19,
2017-09-09,35,Like I Loved You,Brett Young,34,6,Gains In Performance
2017-09-09,36,Legends,Kelsea Ballerini,37,12,Gains In Performance
2017-09-09,37,Til Tomorrow,Walker McGuire,35,17,Gains In Performance
2017-09-09,38,Boy,Lee Brice,36,11,Gains In Performance
2017-09-09,39,She's With Me,High Valley,38,17,Gains In Performance
2017-09-09,40,Ones That Like Me,Brantley Gilbert,40,9,Gains In Performance
2017-09-09,41,Five More Minutes,Scotty McCreery,39,14,Gains In Performance
2017-09-09,42,Happens Like That,Granger Smith,42,10,Gains In Performance
2017-09-09,43,Singles You Up,Jordan Davis,44,10,Gains In Performance
2017-09-09,44,Get To You,Michael Ray,45,6,Gains In Performance
2017-09-09,45,Broken Halos,Chris Stapleton,43,6,
2017-09-09,46,Roots,Zac Brown Band,53,2,Gains In Performance
2017-09-09,47,Sunday Morning,Parmalee,49,15,Gains In Performance
2017-09-09,48,They Can't See,Michael Tyler,47,21,
2017-09-09,49,Mess Me Up,Gary Allan,48,10,Gains In Performance
2017-09-09,50,Waiting On You,Lindsay Ell,50,8,Gains In Performance
2017-09-09,51,What The Hell Did I Say,Dierks Bentley,46,6,
2017-09-09,52,All About You,Josh Turner,52,4,Gains In Performance
2017-09-09,53,Doin' Fine,Lauren Alaina,55,4,Gains In Performance
2017-09-09,54,Road Trippin',Dan + Shay,51,5,
2017-09-09,55,For The First Time,Darius Rucker,54,3,Gains In Performance
2017-09-09,56,The Long Way,Brett Eldredge,NEW,1,Gains In Performance
2017-09-09,57,When Someone Stops Loving You,Little Big Town,58,2,Gains In Performance
2017-09-09,58,I Should Go To Church Sometime,Tyler Farr,56,3,
2017-09-09,59,Love In A Bar,Ryan Hurd,60,2,Gains In Performance
2017-09-09,60,Sway,Danielle Bradbery,59,3,
2017-09-16,1,Small Town Boy,Dustin Lynch,2,26,Gains In Performance
2017-09-16,2,No Such Thing As A Broken Heart,Old Dominion,1,26,Gains In Performance
2017-09-16,3,Heartache On The Dance Floor,Jon Pardi,6,19,Gains In Performance
2017-09-16,4,They Don't Know,Jason Aldean,8,19,Gains In Performance
2017-09-16,5,All The Pretty Girls,Kenny Chesney,9,14,Greatest gainer this week|Gains In Performance
2017-09-16,6,Do I Make You Wanna,Billy Currington,5,41,
2017-09-16,7,What Ifs,Kane Brown Featuring Lauren Alaina,10,29,Gains In Performance
2017-09-16,8,Drinkin' Problem,Midland,3,32,
2017-09-16,9,More Girls Like You,Kip Moore,11,29,Gains In Performance
2017-09-16,10,For Her,Chris Lane,12,48,Gains In Performance
2017-09-16,11,You Look Good,Lady Antebellum,4,33,
2017-09-16,12,Every Little Thing,Carly Pearce,13,25,Gains In Performance
2017-09-16,13,Unforgettable,Thomas Rhett,15,6,Gains In Performance
2017-09-16,14,It Ain't My Fault,Brothers Osborne,14,34,Gains In Performance
2017-09-16,15,When It Rains It Pours,Luke Combs,16,12,Gains In Performance
2017-09-16,16,Fix A Drink,Chris Janson,17,16,Gains In Performance
2017-09-16,17,Ask Me How I Know,Garth Brooks,18,24,Gains In Performance
2017-09-16,18,I Could Use A Love Song,Maren Morris,19,25,Gains In Performance
2017-09-16,19,Round Here Buzz,Eric Church,21,21,Gains In Performance
2017-09-16,20,Ring On Every Finger,LoCash,22,42,Gains In Performance
2017-09-16,21,Light It Up,Luke Bryan,20,2,Gains In Performance
2017-09-16,22,Greatest Love Story,LANco,23,27,Gains In Performance
2017-09-16,23,Last Time For Everything,Brad Paisley,24,20,Gains In Performance
2017-09-16,24,Smooth,Florida Georgia Line,30,5,Gains In Performance
2017-09-16,25,Losing Sleep,Chris Young,26,17,Gains In Performance
2017-09-16,26,Yours,Russell Dickerson,31,19,Gains In Performance
2017-09-16,27,A Girl Like You,Easton Corbin,25,32,Gains In Performance
2017-09-16,28,Outta Style,Aaron Watson,27,35,Gains In Performance
2017-09-16,29,You Broke Up With Me,Walker Hayes,28,10,Gains In Performance
2017-09-16,30,All On Me,Devin Dawson,33,14,Gains In Performance
2017-09-16,31,Tin Man,Miranda Lambert,32,22,Gains In Performance
2017-09-16,32,Like I Loved You,Brett Young,35,7,Gains In Performance
2017-09-16,33,Legends,Kelsea Ballerini,36,13,Gains In Performance
2017-09-16,34,Boy,Lee Brice,38,12,Gains In Performance
2017-09-16,35,She's With Me,High Valley,39,18,Gains In Performance
2017-09-16,36,Ones That Like Me,Brantley Gilbert,40,10,Gains In Performance
2017-09-16,37,Til Tomorrow,Walker McGuire,37,18,
2017-09-16,38,Five More Minutes,Scotty McCreery,41,15,Gains In Performance
2017-09-16,39,Singles You Up,Jordan Davis,43,11,Gains In Performance
2017-09-16,40,Happens Like That,Granger Smith,42,11,Gains In Performance
2017-09-16,41,Broken Halos,Chris Stapleton,45,7,Gains In Performance
2017-09-16,42,Get To You,Michael Ray,44,7,Gains In Performance
2017-09-16,43,Roots,Zac Brown Band,46,3,Gains In Performance
2017-09-16,44,The Long Way,Brett Eldredge,56,2,Gains In Performance
2017-09-16,45,Mess Me Up,Gary Allan,49,11,Gains In Performance
2017-09-16,46,Sunday Morning,Parmalee,47,16,
2017-09-16,47,Doin' Fine,Lauren Alaina,53,5,Gains In Performance
2017-09-16,48,Waiting On You,Lindsay Ell,50,9,Gains In Performance
2017-09-16,49,For The First Time,Darius Rucker,55,4,Gains In Performance
2017-09-16,50,Road Trippin',Dan + Shay,54,6,Gains In Performance
2017-09-16,51,All About You,Josh Turner,52,5,
2017-09-16,52,When Someone Stops Loving You,Little Big Town,57,3,Gains In Performance
2017-09-16,53,Love In A Bar,Ryan Hurd,59,3,Gains In Performance
2017-09-16,54,Hooked,Dylan Scott,NEW,1,Highest ranking debut|Gains In Performance
2017-09-16,55,Sway,Danielle Bradbery,60,4,Gains In Performance
2017-09-16,56,Back To Us,Rascal Flatts,NEW,1,Gains In Performance
2017-09-16,57,Three Chords & The Truth,Chase Rice,NEW,1,Gains In Performance
2017-09-16,58,I Should Go To Church Sometime,Tyler Farr,58,4,
2017-09-16,59,Hell If I Know,Chase Bryant,NEW,1,Gains In Performance
2017-09-16,60,Stay Downtown,Cole Swindell,NEW,1,Gains In Performance
2017-09-23,1,Small Town Boy,Dustin Lynch,1,27,Gains In Performance
2017-09-23,2,No Such Thing As A Broken Heart,Old Dominion,2,27,
2017-09-23,3,All The Pretty Girls,Kenny Chesney,5,15,Gains In Performance
2017-09-23,4,Heartache On The Dance Floor,Jon Pardi,3,20,Gains In Performance
2017-09-23,5,They Don't Know,Jason Aldean,4,20,Gains In Performance
2017-09-23,6,What Ifs,Kane Brown Featuring Lauren Alaina,7,30,Gains In Performance
2017-09-23,7,Do I Make You Wanna,Billy Currington,6,42,
2017-09-23,8,More Girls Like You,Kip Moore,9,30,Gains In Performance
2017-09-23,9,Every Little Thing,Carly Pearce,12,26,Gains In Performance
2017-09-23,10,When It Rains It Pours,Luke Combs,15,13,Gains In Performance
2017-09-23,11,Unforgettable,Thomas Rhett,13,7,Gains In Performance
2017-09-23,12,Fix A Drink,Chris Janson,16,17,Gains In Performance
2017-09-23,13,It Ain't My Fault,Brothers Osborne,14,35,Gains In Performance
2017-09-23,14,Ask Me How I Know,Garth Brooks,17,25,Gains In Performance
2017-09-23,15,I Could Use A Love Song,Maren Morris,18,26,Gains In Performance
2017-09-23,16,Light It Up,Luke Bryan,21,3,Gains In Performance
2017-09-23,17,Round Here Buzz,Eric Church,19,22,Gains In Performance
2017-09-23,18,Greatest Love Story,LANco,22,28,Gains In Performance
2017-09-23,19,Ring On Every Finger,LoCash,20,43,Gains In Performance
2017-09-23,20,Last Time For Everything,Brad Paisley,23,21,Gains In Performance
2017-09-23,21,Smooth,Florida Georgia Line,24,6,Gains In Performance
2017-09-23,22,Losing Sleep,Chris Young,25,18,Gains In Performance
2017-09-23,23,I'll Name The Dogs,Blake Shelton,NEW,1,Highest ranking debut|Gains In Performance
2017-09-23,24,A Girl Like You,Easton Corbin,27,33,Gains In Performance
2017-09-23,25,Yours,Russell Dickerson,26,20,Gains In Performance
2017-09-23,26,Outta Style,Aaron Watson,28,36,Gains In Performance
2017-09-23,27,You Broke Up With Me,Walker Hayes,29,11,Gains In Performance
2017-09-23,28,All On Me,Devin Dawson,30,15,Gains In Performance
2017-09-23,29,California,Big & Rich,RE,25,Gains In Performance
2017-09-23,30,Like I Loved You,Brett Young,32,8,Gains In Performance
2017-09-23,31,Tin Man,Miranda Lambert,31,23,Gains In Performance
2017-09-23,32,Legends,Kelsea Ballerini,33,14,Gains In Performance
2017-09-23,33,Boy,Lee Brice,34,13,Gains In Performance
2017-09-23,34,She's With Me,High Valley,35,19,Gains In Performance
2017-09-23,35,Happens Like That,Granger Smith,40,12,Gains In Performance
2017-09-23,36,Ones That Like Me,Brantley Gilbert,36,11,Gains In Performance
2017-09-23,37,Broken Halos,Chris Stapleton,41,8,Gains In Performance
2017-09-23,38,Five More Minutes,Scotty McCreery,38,16,Gains In Performance
2017-09-23,39,Singles You Up,Jordan Davis,39,12,Gains In Performance
2017-09-23,40,The Long Way,Brett Eldredge,44,3,Gains In Performance
2017-09-23,41,Til Tomorrow,Walker McGuire,37,19,
2017-09-23,42,Get To You,Michael Ray,42,8,Gains In Performance
2017-09-23,43,Roots,Zac Brown Band,43,4,Gains In Performance
2017-09-23,44,Stay Downtown,Cole Swindell,60,2,Gains In Performance
2017-09-23,45,Sunday Morning,Parmalee,46,17,Gains In Performance
2017-09-23,46,Waiting On You,Lindsay Ell,48,10,Gains In Performance
2017-09-23,47,Road Trippin',Dan + Shay,50,7,Gains In Performance
2017-09-23,48,For The First Time,Darius Rucker,49,5,Gains In Performance
2017-09-23,49,Doin' Fine,Lauren Alaina,47,6,
2017-09-23,50,Mess Me Up,Gary Allan,45,12,
2017-09-23,51,Three Chords & The Truth,Chase Rice,57,2,Gains In Performance
2017-09-23,52,When Someone Stops Loving You,Little Big Town,52,4,Gains In Performance
2017-09-23,53,Sway,Danielle Bradbery,55,5,Gains In Performance
2017-09-23,54,Hooked,Dylan Scott,54,2,Gains In Performance
2017-09-23,55,All About You,Josh Turner,51,6,
2017-09-23,56,Love In A Bar,Ryan Hurd,53,4,
2017-09-23,57,I Should Go To Church Sometime,Tyler Farr,58,5,Gains In Performance
2017-09-23,58,Back To Us,Rascal Flatts,56,2,
2017-09-23,59,Wake Me Up,Billy Currington,NEW,1,Gains In Performance
2017-09-23,60,Never Gets Old,Joe Nichols,NEW,1,Gains In Performance
2017-09-30,1,Small Town Boy,Dustin Lynch,1,28,
2017-09-30,2,All The Pretty Girls,Kenny Chesney,3,16,Gains In Performance
2017-09-30,3,Heartache On The Dance Floor,Jon Pardi,4,21,Gains In Performance
2017-09-30,4,They Don't Know,Jason Aldean,5,21,Gains In Performance
2017-09-30,5,What Ifs,Kane Brown Featuring Lauren Alaina,6,31,Greatest gainer this week|Gains In Performance
2017-09-30,6,No Such Thing As A Broken Heart,Old Dominion,2,28,
2017-09-30,7,More Girls Like You,Kip Moore,8,31,Gains In Performance
2017-09-30,8,When It Rains It Pours,Luke Combs,10,14,Gains In Performance
2017-09-30,9,Unforgettable,Thomas Rhett,11,8,Gains In Performance
2017-09-30,10,Every Little Thing,Carly Pearce,9,27,Gains In Performance
2017-09-30,11,Fix A Drink,Chris Janson,12,18,Gains In Performance
2017-09-30,12,It Ain't My Fault,Brothers Osborne,13,36,Gains In Performance
2017-09-30,13,I Could Use A Love Song,Maren Morris,15,27,Gains In Performance
2017-09-30,14,Ask Me How I Know,Garth Brooks,14,26,Gains In Performance
2017-09-30,15,Light It Up,Luke Bryan,16,4,Gains In Performance
2017-09-30,16,Ring On Every Finger,LoCash,19,44,Gains In Performance
2017-09-30,17,Greatest Love Story,LANco,18,29,Gains In Performance
2017-09-30,18,Round Here Buzz,Eric Church,17,23,Gains In Performance
2017-09-30,19,Last Time For Everything,Brad Paisley,20,22,Gains In Performance
2017-09-30,20,Smooth,Florida Georgia Line,21,7,Gains In Performance
2017-09-30,21,Losing Sleep,Chris Young,22,19,Gains In Performance
2017-09-30,22,I'll Name The Dogs,Blake Shelton,23,2,Gains In Performance
2017-09-30,23,A Girl Like You,Easton Corbin,24,34,Gains In Performance
2017-09-30,24,Outta Style,Aaron Watson,26,37,Gains In Performance
2017-09-30,25,Yours,Russell Dickerson,25,21,Gains In Performance
2017-09-30,26,All On Me,Devin Dawson,28,16,Gains In Performance
2017-09-30,27,You Broke Up With Me,Walker Hayes,27,12,Gains In Performance
2017-09-30,28,Like I Loved You,Brett Young,30,9,Gains In Performance
2017-09-30,29,California,Big & Rich,29,26,Gains In Performance
2017-09-30,30,Tin Man,Miranda Lambert,31,24,Gains In Performance
2017-09-30,31,Legends,Kelsea Ballerini,32,15,Gains In Performance
2017-09-30,32,Boy,Lee Brice,33,14,Gains In Performance
2017-09-30,33,She's With Me,High Valley,34,20,Gains In Performance
2017-09-30,34,Five More Minutes,Scotty McCreery,38,17,Gains In Performance
2017-09-30,35,Happens Like That,Granger Smith,35,13,Gains In Performance
2017-09-30,36,Broken Halos,Chris Stapleton,37,9,Gains In Performance
2017-09-30,37,Ones That Like Me,Brantley Gilbert,36,12,
2017-09-30,38,Singles You Up,Jordan Davis,39,13,Gains In Performance
2017-09-30,39,Get To You,Michael Ray,42,9,Gains In Performance
2017-09-30,40,The Long Way,Brett Eldredge,40,4,Gains In Performance
2017-09-30,41,Roots,Zac Brown Band,43,5,Gains In Performance
2017-09-30,42,Stay Downtown,Cole Swindell,44,3,
2017-09-30,43,Sunday Morning,Parmalee,45,18,Gains In Performance
2017-09-30,44,Road Trippin',Dan + Shay,47,8,Gains In Performance
2017-09-30,45,For The First Time,Darius Rucker,48,6,Gains In Performance
2017-09-30,46,Doin' Fine,Lauren Alaina,49,7,Gains In Performance
2017-09-30,47,Waiting On You,Lindsay Ell,46,11,Gains In Performance
2017-09-30,48,Three Chords & The Truth,Chase Rice,51,3,Gains In Performance
2017-09-30,49,When Someone Stops Loving You,Little Big Town,52,5,Gains In Performance
2017-09-30,50,Mess Me Up,Gary Allan,50,13,
2017-09-30,51,All About You,Josh Turner,55,7,Gains In Performance
2017-09-30,52,Hooked,Dylan Scott,54,3,Gains In Performance
2017-09-30,53,Drink A Little Beer,Thomas Rhett Featuring Rhett Akins,NEW,1,Highest ranking debut|Gains In Performance
2017-09-30,54,Sway,Danielle Bradbery,53,6,
2017-09-30,55,Back To Us,Rascal Flatts,58,3,Gains In Performance
2017-09-30,56,Love In A Bar,Ryan Hurd,56,5,Gains In Performance
2017-09-30,57,Wake Me Up,Billy Currington,59,2,Gains In Performance
2017-09-30,58,Written In The Sand,Old Dominion,NEW,1,Gains In Performance
2017-09-30,59,Sixteen,Thomas Rhett,NEW,1,Gains In Performance
2017-09-30,60,I Should Go To Church Sometime,Tyler Farr,57,6,
2017-10-07,1,Small Town Boy,Dustin Lynch,1,29,
2017-10-07,2,All The Pretty Girls,Kenny Chesney,2,17,Gains In Performance
2017-10-07,3,Heartache On The Dance Floor,Jon Pardi,3,22,Gains In Performance
2017-10-07,4,What Ifs,Kane Brown Featuring Lauren Alaina,5,32,Gains In Performance
2017-10-07,5,They Don't Know,Jason Aldean,4,22,Gains In Performance
2017-10-07,6,More Girls Like You,Kip Moore,7,32,Gains In Performance
2017-10-07,7,Unforgettable,Thomas Rhett,9,9,Gains In Performance
2017-10-07,8,When It Rains It Pours,Luke Combs,8,15,Gains In Performance
2017-10-07,9,Every Little Thing,Carly Pearce,10,28,Gains In Performance
2017-10-07,10,Fix A Drink,Chris Janson,11,19,Gains In Performance
2017-10-07,11,I Could Use A Love Song,Maren Morris,13,28,Gains In Performance
2017-10-07,12,It Ain't My Fault,Brothers Osborne,12,37,Gains In Performance
2017-10-07,13,Ask Me How I Know,Garth Brooks,14,27,Gains In Performance
2017-10-07,14,Light It Up,Luke Bryan,15,5,Gains In Performance
2017-10-07,15,Greatest Love Story,LANco,17,30,Gains In Performance
2017-10-07,16,Ring On Every Finger,LoCash,16,45,Gains In Performance
2017-10-07,17,Round Here Buzz,Eric Church,18,24,Gains In Performance
2017-10-07,18,I'll Name The Dogs,Blake Shelton,22,3,Gains In Performance
2017-10-07,19,Smooth,Florida Georgia Line,20,8,Gains In Performance
2017-10-07,20,Last Time For Everything,Brad Paisley,19,23,Gains In Performance
2017-10-07,21,Losing Sleep,Chris Young,21,20,Gains In Performance
2017-10-07,22,Like I Loved You,Brett Young,28,10,Gains In Performance
2017-10-07,23,A Girl Like You,Easton Corbin,23,35,Gains In Performance
2017-10-07,24,Outta Style,Aaron Watson,24,38,Gains In Performance
2017-10-07,25,Yours,Russell Dickerson,25,22,Gains In Performance
2017-10-07,26,All On Me,Devin Dawson,26,17,Gains In Performance
2017-10-07,27,You Broke Up With Me,Walker Hayes,27,13,Gains In Performance
2017-10-07,28,Tin Man,Miranda Lambert,30,25,Gains In Performance
2017-10-07,29,California,Big & Rich,29,27,Gains In Performance
2017-10-07,30,Legends,Kelsea Ballerini,31,16,Gains In Performance
2017-10-07,31,She's With Me,High Valley,33,21,Gains In Performance
2017-10-07,32,Boy,Lee Brice,32,15,Gains In Performance
2017-10-07,33,Broken Halos,Chris Stapleton,36,10,Gains In Performance
2017-10-07,34,Five More Minutes,Scotty McCreery,34,18,Gains In Performance
2017-10-07,35,Happens Like That,Granger Smith,35,14,Gains In Performance
2017-10-07,36,Ones That Like Me,Brantley Gilbert,37,13,Gains In Performance
2017-10-07,37,Singles You Up,Jordan Davis,38,14,
2017-10-07,38,The Long Way,Brett Eldredge,40,5,Gains In Performance
2017-10-07,39,Get To You,Michael Ray,39,10,
2017-10-07,40,Written In The Sand,Old Dominion,58,2,Gains In Performance
2017-10-07,41,Roots,Zac Brown Band,41,6,
2017-10-07,42,Road Trippin',Dan + Shay,44,9,Gains In Performance
2017-10-07,43,Sunday Morning,Parmalee,43,19,Gains In Performance
2017-10-07,44,Stay Downtown,Cole Swindell,42,4,Gains In Performance
2017-10-07,45,For The First Time,Darius Rucker,45,7,Gains In Performance
2017-10-07,46,Hooked,Dylan Scott,52,4,Gains In Performance
2017-10-07,47,When Someone Stops Loving You,Little Big Town,49,6,Gains In Performance
2017-10-07,48,Three Chords & The Truth,Chase Rice,48,4,Gains In Performance
2017-10-07,49,Doin' Fine,Lauren Alaina,46,8,
2017-10-07,50,Waiting On You,Lindsay Ell,47,12,
2017-10-07,51,Sway,Danielle Bradbery,54,7,Gains In Performance
2017-10-07,52,All About You,Josh Turner,51,8,Gains In Performance
2017-10-07,53,Back To Us,Rascal Flatts,55,4,Gains In Performance
2017-10-07,54,Make A Little,Midland,NEW,1,Highest ranking debut|Gains In Performance
2017-10-07,55,Wake Me Up,Billy Currington,57,3,
2017-10-07,56,Never Gets Old,Joe Nichols,RE,2,Gains In Performance
2017-10-07,57,Drink A Little Beer,Thomas Rhett Featuring Rhett Akins,53,2,
2017-10-07,58,Love In A Bar,Ryan Hurd,56,6,
2017-10-07,59,I Should Go To Church Sometime,Tyler Farr,60,7,
2017-10-07,60,Better Me,Montgomery Gentry,NEW,1,Gains In Performance
2017-10-14,1,All The Pretty Girls,Kenny Chesney,2,18,Gains In Performance
2017-10-14,2,Small Town Boy,Dustin Lynch,1,30,
2017-10-14,3,What Ifs,Kane Brown Featuring Lauren Alaina,4,33,Gains In Performance
2017-10-14,4,They Don't Know,Jason Aldean,5,23,Gains In Performance
2017-10-14,5,Heartache On The Dance Floor,Jon Pardi,3,23,
2017-10-14,6,Unforgettable,Thomas Rhett,7,10,Gains In Performance
2017-10-14,7,When It Rains It Pours,Luke Combs,8,16,Gains In Performance
2017-10-14,8,More Girls Like You,Kip Moore,6,33,Gains In Performance
2017-10-14,9,Every Little Thing,Carly Pearce,9,29,Gains In Performance
2017-10-14,10,Fix A Drink,Chris Janson,10,20,Gains In Performance
2017-10-14,11,Light It Up,Luke Bryan,14,6,Gains In Performance
2017-10-14,12,I Could Use A Love Song,Maren Morris,11,29,Gains In Performance
2017-10-14,13,Ask Me How I Know,Garth Brooks,13,28,Gains In Performance
2017-10-14,14,It Ain't My Fault,Brothers Osborne,12,38,Gains In Performance
2017-10-14,15,Greatest Love Story,LANco,15,31,Gains In Performance
2017-10-14,16,I'll Name The Dogs,Blake Shelton,18,4,Greatest gainer this week|Gains In Performance
2017-10-14,17,Round Here Buzz,Eric Church,17,25,Gains In Performance
2017-10-14,18,Ring On Every Finger,LoCash,16,46,Gains In Performance
2017-10-14,19,Smooth,Florida Georgia Line,19,9,Gains In Performance
2017-10-14,20,Last Time For Everything,Brad Paisley,20,24,Gains In Performance
2017-10-14,21,Losing Sleep,Chris Young,21,21,Gains In Performance
2017-10-14,22,Like I Loved You,Brett Young,22,11,Gains In Performance
2017-10-14,23,Yours,Russell Dickerson,25,23,Gains In Performance
2017-10-14,24,Outta Style,Aaron Watson,24,39,Gains In Performance
2017-10-14,25,A Girl Like You,Easton Corbin,23,36,Gains In Performance
2017-10-14,26,You Broke Up With Me,Walker Hayes,27,14,Gains In Performance
2017-10-14,27,All On Me,Devin Dawson,26,18,Gains In Performance
2017-10-14,28,Tin Man,Miranda Lambert,28,26,Gains In Performance
2017-10-14,29,California,Big & Rich,29,28,Gains In Performance
2017-10-14,30,Legends,Kelsea Ballerini,30,17,Gains In Performance
2017-10-14,31,She's With Me,High Valley,31,22,Gains In Performance
2017-10-14,32,Broken Halos,Chris Stapleton,33,11,Gains In Performance
2017-10-14,33,Five More Minutes,Scotty McCreery,34,19,Gains In Performance
2017-10-14,34,Boy,Lee Brice,32,16,Gains In Performance
2017-10-14,35,Happens Like That,Granger Smith,35,15,Gains In Performance
2017-10-14,36,Written In The Sand,Old Dominion,40,3,Gains In Performance
2017-10-14,37,The Long Way,Brett Eldredge,38,6,Gains In Performance
2017-10-14,38,Singles You Up,Jordan Davis,37,15,Gains In Performance
2017-10-14,39,Ones That Like Me,Brantley Gilbert,36,14,Gains In Performance
2017-10-14,40,Get To You,Michael Ray,39,11,Gains In Performance
2017-10-14,41,Make A Little,Midland,54,2,Gains In Performance
2017-10-14,42,Roots,Zac Brown Band,41,7,Gains In Performance
2017-10-14,43,Road Trippin',Dan + Shay,42,10,Gains In Performance
2017-10-14,44,Sunday Morning,Parmalee,43,20,Gains In Performance
2017-10-14,45,Stay Downtown,Cole Swindell,44,5,Gains In Performance
2017-10-14,46,For The First Time,Darius Rucker,45,8,
2017-10-14,47,When Someone Stops Loving You,Little Big Town,47,7,
2017-10-14,48,Waiting On You,Lindsay Ell,50,13,Gains In Performance
2017-10-14,49,Three Chords & The Truth,Chase Rice,48,5,Gains In Performance
2017-10-14,50,Hooked,Dylan Scott,46,5,
2017-10-14,51,Drink A Little Beer,Thomas Rhett Featuring Rhett Akins,57,3,Gains In Performance
2017-10-14,52,Doin' Fine,Lauren Alaina,49,9,Gains In Performance
2017-10-14,53,Sway,Danielle Bradbery,51,8,Gains In Performance
2017-10-14,54,All About You,Josh Turner,52,9,Gains In Performance
2017-10-14,55,Back To Us,Rascal Flatts,53,5,Gains In Performance
2017-10-14,56,Love In A Bar,Ryan Hurd,58,7,Gains In Performance
2017-10-14,57,Heart Break,Lady Antebellum,NEW,1,Highest ranking debut|Gains In Performance
2017-10-14,58,Never Gets Old,Joe Nichols,56,3,Gains In Performance
2017-10-14,59,Wake Me Up,Billy Currington,55,4,Gains In Performance
2017-10-14,60,Wild West,Runaway June,NEW,1,Gains In Performance
2017-10-21,1,All The Pretty Girls,Kenny Chesney,1,19,
2017-10-21,2,What Ifs,Kane Brown Featuring Lauren Alaina,3,34,Gains In Performance
2017-10-21,3,They Don't Know,Jason Aldean,4,24,Gains In Performance
2017-10-21,4,Small Town Boy,Dustin Lynch,2,31,
2017-10-21,5,When It Rains It Pours,Luke Combs,7,17,Gains In Performance
2017-10-21,6,Unforgettable,Thomas Rhett,6,11,Gains In Performance
2017-10-21,7,More Girls Like You,Kip Moore,8,34,Gains In Performance
2017-10-21,8,Every Little Thing,Carly Pearce,9,30,Gains In Performance
2017-10-21,9,Fix A Drink,Chris Janson,10,21,Gains In Performance
2017-10-21,10,Light It Up,Luke Bryan,11,7,Gains In Performance
2017-10-21,11,Greatest Love Story,LANco,15,32,Gains In Performance
2017-10-21,12,Ask Me How I Know,Garth Brooks,13,29,Gains In Performance
2017-10-21,13,It Ain't My Fault,Brothers Osborne,14,39,Gains In Performance
2017-10-21,14,I Could Use A Love Song,Maren Morris,12,30,
2017-10-21,15,I'll Name The Dogs,Blake Shelton,16,5,Gains In Performance
2017-10-21,16,Round Here Buzz,Eric Church,17,26,Gains In Performance
2017-10-21,17,Ring On Every Finger,LoCash,18,47,Gains In Performance
2017-10-21,18,Smooth,Florida Georgia Line,19,10,Gains In Performance
2017-10-21,19,Losing Sleep,Chris Young,21,22,Gains In Performance
2017-10-21,20,Like I Loved You,Brett Young,22,12,Gains In Performance
2017-10-21,21,Yours,Russell Dickerson,23,24,Gains In Performance
2017-10-21,22,All On Me,Devin Dawson,27,19,Gains In Performance
2017-10-21,23,You Broke Up With Me,Walker Hayes,26,15,Gains In Performance
2017-10-21,24,Outta Style,Aaron Watson,24,40,Gains In Performance
2017-10-21,25,A Girl Like You,Easton Corbin,25,37,Gains In Performance
2017-10-21,26,California,Big & Rich,29,29,Gains In Performance
2017-10-21,27,Tin Man,Miranda Lambert,28,27,Gains In Performance
2017-10-21,28,Legends,Kelsea Ballerini,30,18,Gains In Performance
2017-10-21,29,Dear Hate,Maren Morris Featuring Vince Gill,NEW,1,Highest ranking debut|Gains In Performance
2017-10-21,30,She's With Me,High Valley,31,23,Gains In Performance
2017-10-21,31,Boy,Lee Brice,34,17,Gains In Performance
2017-10-21,32,Written In The Sand,Old Dominion,36,4,Gains In Performance
2017-10-21,33,Happens Like That,Granger Smith,35,16,Gains In Performance
2017-10-21,34,Broken Halos,Chris Stapleton,32,12,Gains In Performance
2017-10-21,35,Five More Minutes,Scotty McCreery,33,20,Gains In Performance
2017-10-21,36,Make A Little,Midland,41,3,Gains In Performance
2017-10-21,37,The Long Way,Brett Eldredge,37,7,Gains In Performance
2017-10-21,38,Singles You Up,Jordan Davis,38,16,Gains In Performance
2017-10-21,39,Ones That Like Me,Brantley Gilbert,39,15,Gains In Performance
2017-10-21,40,Get To You,Michael Ray,40,12,Gains In Performance
2017-10-21,41,Roots,Zac Brown Band,42,8,Gains In Performance
2017-10-21,42,Stay Downtown,Cole Swindell,45,6,Gains In Performance
2017-10-21,43,Sunday Morning,Parmalee,44,21,Gains In Performance
2017-10-21,44,For The First Time,Darius Rucker,46,9,Gains In Performance
2017-10-21,45,Road Trippin',Dan + Shay,43,11,
2017-10-21,46,Heart Break,Lady Antebellum,57,2,Gains In Performance
2017-10-21,47,Hooked,Dylan Scott,50,6,Gains In Performance
2017-10-21,48,When Someone Stops Loving You,Little Big Town,47,8,Gains In Performance
2017-10-21,49,Waiting On You,Lindsay Ell,48,14,Gains In Performance
2017-10-21,50,Love In A Bar,Ryan Hurd,56,8,Gains In Performance
2017-10-21,51,The Rest Of Our Life,Tim McGraw & Faith Hill,NEW,1,Gains In Performance
2017-10-21,52,Three Chords & The Truth,Chase Rice,49,6,Gains In Performance
2017-10-21,53,All About You,Josh Turner,54,10,Gains In Performance
2017-10-21,54,Drink A Little Beer,Thomas Rhett Featuring Rhett Akins,51,4,
2017-10-21,55,Doin' Fine,Lauren Alaina,52,10,Gains In Performance
2017-10-21,56,Sway,Danielle Bradbery,53,9,
2017-10-21,57,Back To Us,Rascal Flatts,55,6,
2017-10-21,58,Kinda Don't Care,Justin Moore,NEW,1,Gains In Performance
2017-10-21,59,Never Gets Old,Joe Nichols,58,4,Gains In Performance
2017-10-21,60,Wake Me Up,Billy Currington,59,5,Gains In Performance
2017-10-28,1,What Ifs,Kane Brown Featuring Lauren Alaina,2,35,Gains In Performance
2017-10-28,2,When It Rains It Pours,Luke Combs,5,18,Greatest gainer this week|Gains In Performance
2017-10-28,3,Unforgettable,Thomas Rhett,6,12,Gains In Performance
2017-10-28,4,Small Town Boy,Dustin Lynch,4,32,
2017-10-28,5,More Girls Like You,Kip Moore,7,35,Gains In Performance
2017-10-28,6,All The Pretty Girls,Kenny Chesney,1,20,
2017-10-28,7,Every Little Thing,Carly Pearce,8,31,Gains In Performance
2017-10-28,8,Fix A Drink,Chris Janson,9,22,Gains In Performance
2017-10-28,9,They Don't Know,Jason Aldean,3,25,
2017-10-28,10,Greatest Love Story,LANco,11,33,Gains In Performance
2017-10-28,11,Light It Up,Luke Bryan,10,8,Gains In Performance
2017-10-28,12,Ask Me How I Know,Garth Brooks,12,30,Gains In Performance
2017-10-28,13,I'll Name The Dogs,Blake Shelton,15,6,Gains In Performance
2017-10-28,14,I Could Use A Love Song,Maren Morris,14,31,Gains In Performance
2017-10-28,15,Round Here Buzz,Eric Church,16,27,Gains In Performance
2017-10-28,16,Smooth,Florida Georgia Line,18,11,Gains In Performance
2017-10-28,17,Ring On Every Finger,LoCash,17,48,Gains In Performance
2017-10-28,18,Like I Loved You,Brett Young,20,13,Gains In Performance
2017-10-28,19,Losing Sleep,Chris Young,19,23,Gains In Performance
2017-10-28,20,Yours,Russell Dickerson,21,25,Gains In Performance
2017-10-28,21,You Broke Up With Me,Walker Hayes,23,16,Gains In Performance
2017-10-28,22,All On Me,Devin Dawson,22,20,Gains In Performance
2017-10-28,23,Outta Style,Aaron Watson,24,41,Gains In Performance
2017-10-28,24,A Girl Like You,Easton Corbin,25,38,Gains In Performance
2017-10-28,25,California,Big & Rich,26,30,Gains In Performance
2017-10-28,26,Tin Man,Miranda Lambert,27,28,Gains In Performance
2017-10-28,27,Legends,Kelsea Ballerini,28,19,Gains In Performance
2017-10-28,28,She's With Me,High Valley,30,24,Gains In Performance
2017-10-28,29,Written In The Sand,Old Dominion,32,5,Gains In Performance
2017-10-28,30,Make A Little,Midland,36,4,Gains In Performance
2017-10-28,31,Five More Minutes,Scotty McCreery,35,21,Gains In Performance
2017-10-28,32,Boy,Lee Brice,31,18,Gains In Performance
2017-10-28,33,Happens Like That,Granger Smith,33,17,Gains In Performance
2017-10-28,34,The Long Way,Brett Eldredge,37,8,Gains In Performance
2017-10-28,35,Broken Halos,Chris Stapleton,34,13,Gains In Performance
2017-10-28,36,Singles You Up,Jordan Davis,38,17,Gains In Performance
2017-10-28,37,Ones That Like Me,Brantley Gilbert,39,16,Gains In Performance
2017-10-28,38,Get To You,Michael Ray,40,13,Gains In Performance
2017-10-28,39,Dear Hate,Maren Morris Featuring Vince Gill,29,2,
2017-10-28,40,Roots,Zac Brown Band,41,9,
2017-10-28,41,The Rest Of Our Life,Tim McGraw & Faith Hill,51,2,Gains In Performance
2017-10-28,42,Stay Downtown,Cole Swindell,42,7,
2017-10-28,43,For The First Time,Darius Rucker,44,10,Gains In Performance
2017-10-28,44,Three Chords & The Truth,Chase Rice,52,7,Gains In Performance
2017-10-28,45,Road Trippin',Dan + Shay,45,12,Gains In Performance
2017-10-28,46,Heart Break,Lady Antebellum,46,3,Gains In Performance
2017-10-28,47,Waiting On You,Lindsay Ell,49,15,Gains In Performance
2017-10-28,48,Hooked,Dylan Scott,47,7,
2017-10-28,49,When Someone Stops Loving You,Little Big Town,48,9,
2017-10-28,50,All About You,Josh Turner,53,11,Gains In Performance
2017-10-28,51,Back To Us,Rascal Flatts,57,7,Gains In Performance
2017-10-28,52,Love In A Bar,Ryan Hurd,50,9,
2017-10-28,53,That's Why They Make Jack Daniels,Ronnie Dunn,NEW,1,Highest ranking debut|Gains In Performance
2017-10-28,54,Doin' Fine,Lauren Alaina,55,11,Gains In Performance
2017-10-28,55,Kinda Don't Care,Justin Moore,58,2,Gains In Performance
2017-10-28,56,Sway,Danielle Bradbery,56,10,Gains In Performance
2017-10-28,57,Take Back Home Girl,Chris Lane Featuring Tori Kelly,NEW,1,Gains In Performance
2017-10-28,58,Wake Me Up,Billy Currington,60,6,Gains In Performance
2017-10-28,59,Never Gets Old,Joe Nichols,59,5,Gains In Performance
2017-10-28,60,Drink A Little Beer,Thomas Rhett Featuring Rhett Akins,54,5,
2017-11-04,1,When It Rains It Pours,Luke Combs,2,19,Gains In Performance
2017-11-04,2,What Ifs,Kane Brown Featuring Lauren Alaina,1,36,
2017-11-04,3,Unforgettable,Thomas Rhett,3,13,Gains In Performance
2017-11-04,4,More Girls Like You,Kip Moore,5,36,Gains In Performance
2017-11-04,5,Small Town Boy,Dustin Lynch,4,33,
2017-11-04,6,Every Little Thing,Carly Pearce,7,32,Gains In Performance
2017-11-04,7,Fix A Drink,Chris Janson,8,23,Gains In Performance
2017-11-04,8,Greatest Love Story,LANco,10,34,Greatest gainer this week|Gains In Performance
2017-11-04,9,Light It Up,Luke Bryan,11,9,Gains In Performance
2017-11-04,10,Ask Me How I Know,Garth Brooks,12,31,Gains In Performance
2017-11-04,11,I'll Name The Dogs,Blake Shelton,13,7,Gains In Performance
2017-11-04,12,I Could Use A Love Song,Maren Morris,14,32,Gains In Performance
2017-11-04,13,Round Here Buzz,Eric Church,15,28,Gains In Performance
2017-11-04,14,Smooth,Florida Georgia Line,16,12,Gains In Performance
2017-11-04,15,Like I Loved You,Brett Young,18,14,Gains In Performance
2017-11-04,16,Losing Sleep,Chris Young,19,24,Gains In Performance
2017-11-04,17,Yours,Russell Dickerson,20,26,Gains In Performance
2017-11-04,18,You Broke Up With Me,Walker Hayes,21,17,Gains In Performance
2017-11-04,19,Outta Style,Aaron Watson,23,42,Gains In Performance
2017-11-04,20,All On Me,Devin Dawson,22,21,Gains In Performance
2017-11-04,21,A Girl Like You,Easton Corbin,24,39,Gains In Performance
2017-11-04,22,California,Big & Rich,25,31,Gains In Performance
2017-11-04,23,Legends,Kelsea Ballerini,27,20,Gains In Performance
2017-11-04,24,Tin Man,Miranda Lambert,26,29,Gains In Performance
2017-11-04,25,Written In The Sand,Old Dominion,29,6,Gains In Performance
2017-11-04,26,She's With Me,High Valley,28,25,Gains In Performance
2017-11-04,27,Make A Little,Midland,30,5,Gains In Performance
2017-11-04,28,Five More Minutes,Scotty McCreery,31,22,Gains In Performance
2017-11-04,29,Happens Like That,Granger Smith,33,18,Gains In Performance
2017-11-04,30,The Long Way,Brett Eldredge,34,9,Gains In Performance
2017-11-04,31,Boy,Lee Brice,32,19,Gains In Performance
2017-11-04,32,Broken Halos,Chris Stapleton,35,14,Gains In Performance
2017-11-04,33,Singles You Up,Jordan Davis,36,18,Gains In Performance
2017-11-04,34,Ones That Like Me,Brantley Gilbert,37,17,Gains In Performance
2017-11-04,35,Get To You,Michael Ray,38,14,Gains In Performance
2017-11-04,36,Roots,Zac Brown Band,40,10,Gains In Performance
2017-11-04,37,The Rest Of Our Life,Tim McGraw & Faith Hill,41,3,Gains In Performance
2017-11-04,38,Stay Downtown,Cole Swindell,42,8,Gains In Performance
2017-11-04,39,For The First Time,Darius Rucker,43,11,Gains In Performance
2017-11-04,40,Sunday Morning,Parmalee,RE,22,Gains In Performance
2017-11-04,41,Heart Break,Lady Antebellum,46,4,Gains In Performance
2017-11-04,42,Waiting On You,Lindsay Ell,47,16,Gains In Performance
2017-11-04,43,Three Chords & The Truth,Chase Rice,44,8,
2017-11-04,44,Hooked,Dylan Scott,48,8,Gains In Performance
2017-11-04,45,Take Back Home Girl,Chris Lane Featuring Tori Kelly,57,2,Gains In Performance
2017-11-04,46,Back To Us,Rascal Flatts,51,8,Gains In Performance
2017-11-04,47,All About You,Josh Turner,50,12,Gains In Performance
2017-11-04,48,When Someone Stops Loving You,Little Big Town,49,10,Gains In Performance
2017-11-04,49,Dear Hate,Maren Morris Featuring Vince Gill,39,3,
2017-11-04,50,Road Trippin',Dan + Shay,45,13,
2017-11-04,51,Kinda Don't Care,Justin Moore,55,3,Gains In Performance
2017-11-04,52,That's Why They Make Jack Daniels,Ronnie Dunn,53,2,Gains In Performance
2017-11-04,53,Doin' Fine,Lauren Alaina,54,12,Gains In Performance
2017-11-04,54,She Ain't In It,Jon Pardi,NEW,1,Highest ranking debut|Gains In Performance
2017-11-04,55,Love In A Bar,Ryan Hurd,52,10,
2017-11-04,56,Wake Me Up,Billy Currington,58,7,
2017-11-04,57,Sway,Danielle Bradbery,56,11,
2017-11-04,58,Never Gets Old,Joe Nichols,59,6,
2017-11-04,59,Wild West,Runaway June,RE,2,Gains In Performance
2017-11-04,60,Hell If I Know,Chase Bryant,RE,2,
2017-11-11,1,When It Rains It Pours,Luke Combs,1,20,Greatest gainer this week|Gains In Performance
2017-11-11,2,Unforgettable,Thomas Rhett,3,14,Gains In Performance
2017-11-11,3,Every Little Thing,Carly Pearce,6,33,Gains In Performance
2017-11-11,4,What Ifs,Kane Brown Featuring Lauren Alaina,2,37,
2017-11-11,5,Fix A Drink,Chris Janson,7,24,Gains In Performance
2017-11-11,6,Greatest Love Story,LANco,8,35,Gains In Performance
2017-11-11,7,Small Town Boy,Dustin Lynch,5,34,
2017-11-11,8,Light It Up,Luke Bryan,9,10,Gains In Performance
2017-11-11,9,Ask Me How I Know,Garth Brooks,10,32,Gains In Performance
2017-11-11,10,More Girls Like You,Kip Moore,4,37,
2017-11-11,11,I'll Name The Dogs,Blake Shelton,11,8,Gains In Performance
2017-11-11,12,I Could Use A Love Song,Maren Morris,12,33,Gains In Performance
2017-11-11,13,Round Here Buzz,Eric Church,13,29,Gains In Performance
2017-11-11,14,Like I Loved You,Brett Young,15,15,Gains In Performance
2017-11-11,15,Smooth,Florida Georgia Line,14,13,Gains In Performance
2017-11-11,16,Losing Sleep,Chris Young,16,25,Gains In Performance
2017-11-11,17,Yours,Russell Dickerson,17,27,Gains In Performance
2017-11-11,18,Outta Style,Aaron Watson,19,43,Gains In Performance
2017-11-11,19,All On Me,Devin Dawson,20,22,Gains In Performance
2017-11-11,20,A Girl Like You,Easton Corbin,21,40,Gains In Performance
2017-11-11,21,You Broke Up With Me,Walker Hayes,18,18,Gains In Performance
2017-11-11,22,California,Big & Rich,22,32,Gains In Performance
2017-11-11,23,Legends,Kelsea Ballerini,23,21,Gains In Performance
2017-11-11,24,Tin Man,Miranda Lambert,24,30,Gains In Performance
2017-11-11,25,Written In The Sand,Old Dominion,25,7,Gains In Performance
2017-11-11,26,Happens Like That,Granger Smith,29,19,Gains In Performance
2017-11-11,27,She's With Me,High Valley,26,26,Gains In Performance
2017-11-11,28,Five More Minutes,Scotty McCreery,28,23,Gains In Performance
2017-11-11,29,Make A Little,Midland,27,6,Gains In Performance
2017-11-11,30,The Long Way,Brett Eldredge,30,10,Gains In Performance
2017-11-11,31,Broken Halos,Chris Stapleton,32,15,Gains In Performance
2017-11-11,32,Boy,Lee Brice,31,20,Gains In Performance
2017-11-11,33,Singles You Up,Jordan Davis,33,19,Gains In Performance
2017-11-11,34,Ones That Like Me,Brantley Gilbert,34,18,Gains In Performance
2017-11-11,35,Get To You,Michael Ray,35,15,
2017-11-11,36,The Rest Of Our Life,Tim McGraw & Faith Hill,37,4,Gains In Performance
2017-11-11,37,For The First Time,Darius Rucker,39,12,Gains In Performance
2017-11-11,38,Stay Downtown,Cole Swindell,38,9,Gains In Performance
2017-11-11,39,Roots,Zac Brown Band,36,11,
2017-11-11,40,Take Back Home Girl,Chris Lane Featuring Tori Kelly,45,3,Gains In Performance
2017-11-11,41,Three Chords & The Truth,Chase Rice,43,9,Gains In Performance
2017-11-11,42,Sunday Morning,Parmalee,40,23,Gains In Performance
2017-11-11,43,She Ain't In It,Jon Pardi,54,2,Gains In Performance
2017-11-11,44,Heart Break,Lady Antebellum,41,5,Gains In Performance
2017-11-11,45,When Someone Stops Loving You,Little Big Town,48,11,Gains In Performance
2017-11-11,46,Back To Us,Rascal Flatts,46,9,Gains In Performance
2017-11-11,47,Waiting On You,Lindsay Ell,42,17,Gains In Performance
2017-11-11,48,Kinda Don't Care,Justin Moore,51,4,Gains In Performance
2017-11-11,49,Doin' Fine,Lauren Alaina,53,13,Gains In Performance
2017-11-11,50,All About You,Josh Turner,47,13,
2017-11-11,51,That's Why They Make Jack Daniels,Ronnie Dunn,52,3,Gains In Performance
2017-11-11,52,Hooked,Dylan Scott,44,9,
2017-11-11,53,I'd Be Jealous Too,Dustin Lynch,NEW,1,Highest ranking debut|Gains In Performance
2017-11-11,54,Sway,Danielle Bradbery,57,12,Gains In Performance
2017-11-11,55,Wild West,Runaway June,59,3,Gains In Performance
2017-11-11,56,Never Gets Old,Joe Nichols,58,7,Gains In Performance
2017-11-11,57,Wake Me Up,Billy Currington,56,8,
2017-11-11,58,Hell If I Know,Chase Bryant,60,3,Gains In Performance
2017-11-11,59,Wild As You,Cody Johnson,NEW,1,Gains In Performance
2017-11-11,60,Kiss Somebody,Morgan Evans,NEW,1,Gains In Performance
2017-11-18,1,Unforgettable,Thomas Rhett,2,15,Gains In Performance
2017-11-18,2,When It Rains It Pours,Luke Combs,1,21,
2017-11-18,3,Every Little Thing,Carly Pearce,3,34,Gains In Performance
2017-11-18,4,Fix A Drink,Chris Janson,5,25,Gains In Performance
2017-11-18,5,Greatest Love Story,LANco,6,36,Gains In Performance
2017-11-18,6,What Ifs,Kane Brown Featuring Lauren Alaina,4,38,
2017-11-18,7,Small Town Boy,Dustin Lynch,7,35,
2017-11-18,8,Light It Up,Luke Bryan,8,11,Gains In Performance
2017-11-18,9,Ask Me How I Know,Garth Brooks,9,33,Gains In Performance
2017-11-18,10,I'll Name The Dogs,Blake Shelton,11,9,Gains In Performance
2017-11-18,11,I Could Use A Love Song,Maren Morris,12,34,Gains In Performance
2017-11-18,12,Round Here Buzz,Eric Church,13,30,Gains In Performance
2017-11-18,13,Like I Loved You,Brett Young,14,16,Gains In Performance
2017-11-18,14,Losing Sleep,Chris Young,16,26,Gains In Performance
2017-11-18,15,Smooth,Florida Georgia Line,15,14,Gains In Performance
2017-11-18,16,Yours,Russell Dickerson,17,28,Gains In Performance
2017-11-18,17,Outta Style,Aaron Watson,18,44,Gains In Performance
2017-11-18,18,A Girl Like You,Easton Corbin,20,41,Gains In Performance
2017-11-18,19,All On Me,Devin Dawson,19,23,Gains In Performance
2017-11-18,20,You Broke Up With Me,Walker Hayes,21,19,Gains In Performance
2017-11-18,21,Legends,Kelsea Ballerini,23,22,Gains In Performance
2017-11-18,22,California,Big & Rich,22,33,Gains In Performance
2017-11-18,23,Written In The Sand,Old Dominion,25,8,Gains In Performance
2017-11-18,24,Happens Like That,Granger Smith,26,20,Gains In Performance
2017-11-18,25,Tin Man,Miranda Lambert,24,31,
2017-11-18,26,She's With Me,High Valley,27,27,Gains In Performance
2017-11-18,27,Make A Little,Midland,29,7,Gains In Performance
2017-11-18,28,Five More Minutes,Scotty McCreery,28,24,Gains In Performance
2017-11-18,29,The Long Way,Brett Eldredge,30,11,Gains In Performance
2017-11-18,30,Broken Halos,Chris Stapleton,31,16,Gains In Performance
2017-11-18,31,Boy,Lee Brice,32,21,Gains In Performance
2017-11-18,32,Singles You Up,Jordan Davis,33,20,Gains In Performance
2017-11-18,33,At The House,Blake Shelton,NEW,1,Highest ranking debut|Gains In Performance
2017-11-18,34,I Lived It,Blake Shelton,NEW,1,Gains In Performance
2017-11-18,35,Turnin' Me On,Blake Shelton,NEW,1,Gains In Performance
2017-11-18,36,Money,Blake Shelton,NEW,1,Gains In Performance
2017-11-18,37,Why Me,Blake Shelton,NEW,1,Gains In Performance
2017-11-18,38,Ones That Like Me,Brantley Gilbert,34,19,Gains In Performance
2017-11-18,39,For The First Time,Darius Rucker,37,13,Gains In Performance
2017-11-18,40,Get To You,Michael Ray,35,16,Gains In Performance
2017-11-18,41,The Rest Of Our Life,Tim McGraw & Faith Hill,36,5,Gains In Performance
2017-11-18,42,Stay Downtown,Cole Swindell,38,10,Gains In Performance
2017-11-18,43,Roots,Zac Brown Band,39,12,Gains In Performance
2017-11-18,44,She Ain't In It,Jon Pardi,43,3,Gains In Performance
2017-11-18,45,Sunday Morning,Parmalee,42,24,Gains In Performance
2017-11-18,46,Take Back Home Girl,Chris Lane Featuring Tori Kelly,40,4,Gains In Performance
2017-11-18,47,Heart Break,Lady Antebellum,44,6,Gains In Performance
2017-11-18,48,Three Chords & The Truth,Chase Rice,41,10,Gains In Performance
2017-11-18,49,When Someone Stops Loving You,Little Big Town,45,12,Gains In Performance
2017-11-18,50,Kinda Don't Care,Justin Moore,48,5,Gains In Performance
2017-11-18,51,Back To Us,Rascal Flatts,46,10,Gains In Performance
2017-11-18,52,Hooked,Dylan Scott,52,10,Gains In Performance
2017-11-18,53,Waiting On You,Lindsay Ell,47,18,Gains In Performance
2017-11-18,54,Heaven,Kane Brown,NEW,1,Gains In Performance
2017-11-18,55,All About You,Josh Turner,50,14,Gains In Performance
2017-11-18,56,I'd Be Jealous Too,Dustin Lynch,53,2,Gains In Performance
2017-11-18,57,Wild West,Runaway June,55,4,Gains In Performance
2017-11-18,58,Doin' Fine,Lauren Alaina,49,14,
2017-11-18,59,Sway,Danielle Bradbery,54,13,Gains In Performance
2017-11-18,60,That's Why They Make Jack Daniels,Ronnie Dunn,51,4,
2017-11-25,1,Every Little Thing,Carly Pearce,3,35,Gains In Performance
2017-11-25,2,Unforgettable,Thomas Rhett,1,16,
2017-11-25,3,Greatest Love Story,LANco,5,37,Gains In Performance
2017-11-25,4,When It Rains It Pours,Luke Combs,2,22,
2017-11-25,5,Fix A Drink,Chris Janson,4,26,Gains In Performance
2017-11-25,6,Light It Up,Luke Bryan,8,12,Gains In Performance
2017-11-25,7,Ask Me How I Know,Garth Brooks,9,34,Gains In Performance
2017-11-25,8,I'll Name The Dogs,Blake Shelton,10,10,Gains In Performance
2017-11-25,9,What Ifs,Kane Brown Featuring Lauren Alaina,6,39,
2017-11-25,10,Round Here Buzz,Eric Church,12,31,Gains In Performance
2017-11-25,11,I Could Use A Love Song,Maren Morris,11,35,Gains In Performance
2017-11-25,12,Like I Loved You,Brett Young,13,17,Gains In Performance
2017-11-25,13,Losing Sleep,Chris Young,14,27,Gains In Performance
2017-11-25,14,Yours,Russell Dickerson,16,29,Gains In Performance
2017-11-25,15,Smooth,Florida Georgia Line,15,15,Gains In Performance
2017-11-25,16,A Girl Like You,Easton Corbin,18,42,Gains In Performance
2017-11-25,17,Outta Style,Aaron Watson,17,45,Gains In Performance
2017-11-25,18,All On Me,Devin Dawson,19,24,Gains In Performance
2017-11-25,19,You Broke Up With Me,Walker Hayes,20,20,Gains In Performance
2017-11-25,20,Legends,Kelsea Ballerini,21,23,Gains In Performance
2017-11-25,21,California,Big & Rich,22,34,Gains In Performance
2017-11-25,22,Written In The Sand,Old Dominion,23,9,Gains In Performance
2017-11-25,23,Female,Keith Urban,NEW,1,Highest ranking debut|Gains In Performance
2017-11-25,24,She's With Me,High Valley,26,28,Gains In Performance
2017-11-25,25,Five More Minutes,Scotty McCreery,28,25,Gains In Performance
2017-11-25,26,Tin Man,Miranda Lambert,25,32,Gains In Performance
2017-11-25,27,Happens Like That,Granger Smith,24,21,Gains In Performance
2017-11-25,28,Make A Little,Midland,27,8,Gains In Performance
2017-11-25,29,The Long Way,Brett Eldredge,29,12,Gains In Performance
2017-11-25,30,Broken Halos,Chris Stapleton,30,17,Gains In Performance
2017-11-25,31,Boy,Lee Brice,31,22,
2017-11-25,32,Singles You Up,Jordan Davis,32,21,Gains In Performance
2017-11-25,33,Ones That Like Me,Brantley Gilbert,38,20,Gains In Performance
2017-11-25,34,For The First Time,Darius Rucker,39,14,
2017-11-25,35,Get To You,Michael Ray,40,17,Gains In Performance
2017-11-25,36,The Rest Of Our Life,Tim McGraw & Faith Hill,41,6,Gains In Performance
2017-11-25,37,Stay Downtown,Cole Swindell,42,11,Gains In Performance
2017-11-25,38,She Ain't In It,Jon Pardi,44,4,Gains In Performance
2017-11-25,39,Take Back Home Girl,Chris Lane Featuring Tori Kelly,46,5,Gains In Performance
2017-11-25,40,Three Chords & The Truth,Chase Rice,48,11,Gains In Performance
2017-11-25,41,Sunday Morning,Parmalee,45,25,Gains In Performance
2017-11-25,42,Roots,Zac Brown Band,43,13,
2017-11-25,43,Heart Break,Lady Antebellum,47,7,Gains In Performance
2017-11-25,44,Everything's Gonna Be Alright,David Lee Murphy & Kenny Chesney,NEW,1,Gains In Performance
2017-11-25,45,Heaven,Kane Brown,54,2,Gains In Performance
2017-11-25,46,Kinda Don't Care,Justin Moore,50,6,Gains In Performance
2017-11-25,47,When Someone Stops Loving You,Little Big Town,49,13,Gains In Performance
2017-11-25,48,Hooked,Dylan Scott,52,11,Gains In Performance
2017-11-25,49,Waiting On You,Lindsay Ell,53,19,
2017-11-25,50,Back To Us,Rascal Flatts,51,11,
2017-11-25,51,I'd Be Jealous Too,Dustin Lynch,56,3,Gains In Performance
2017-11-25,52,Doin' Fine,Lauren Alaina,58,15,Gains In Performance
2017-11-25,53,Wild West,Runaway June,57,5,Gains In Performance
2017-11-25,54,Sway,Danielle Bradbery,59,14,Gains In Performance
2017-11-25,55,Hell If I Know,Chase Bryant,RE,4,Gains In Performance
2017-11-25,56,All About You,Josh Turner,55,15,
2017-11-25,57,Heaven South,Brad Paisley,NEW,1,Gains In Performance
2017-11-25,58,Never Gets Old,Joe Nichols,RE,8,Gains In Performance
2017-11-25,59,Wake Me Up,Billy Currington,RE,9,
2017-11-25,60,Kiss Somebody,Morgan Evans,RE,2,
2017-12-02,1,Greatest Love Story,LANco,3,38,Gains In Performance
2017-12-02,2,Fix A Drink,Chris Janson,5,27,Greatest gainer this week|Gains In Performance
2017-12-02,3,Unforgettable,Thomas Rhett,2,17,
2017-12-02,4,When It Rains It Pours,Luke Combs,4,23,
2017-12-02,5,Ask Me How I Know,Garth Brooks,7,35,Gains In Performance
2017-12-02,6,Light It Up,Luke Bryan,6,13,Gains In Performance
2017-12-02,7,I'll Name The Dogs,Blake Shelton,8,11,Gains In Performance
2017-12-02,8,Round Here Buzz,Eric Church,10,32,Gains In Performance
2017-12-02,9,Every Little Thing,Carly Pearce,1,36,
2017-12-02,10,Like I Loved You,Brett Young,12,18,Gains In Performance
2017-12-02,11,I Could Use A Love Song,Maren Morris,11,36,Gains In Performance
2017-12-02,12,Losing Sleep,Chris Young,13,28,Gains In Performance
2017-12-02,13,Yours,Russell Dickerson,14,30,Gains In Performance
2017-12-02,14,Smooth,Florida Georgia Line,15,16,
2017-12-02,15,A Girl Like You,Easton Corbin,16,43,Gains In Performance
2017-12-02,16,Outta Style,Aaron Watson,17,46,Gains In Performance
2017-12-02,17,You Broke Up With Me,Walker Hayes,19,21,Gains In Performance
2017-12-02,18,All On Me,Devin Dawson,18,25,Gains In Performance
2017-12-02,19,Legends,Kelsea Ballerini,20,24,Gains In Performance
2017-12-02,20,Written In The Sand,Old Dominion,22,10,Gains In Performance
2017-12-02,21,California,Big & Rich,21,35,
2017-12-02,22,Tin Man,Miranda Lambert,26,33,Gains In Performance
2017-12-02,23,Female,Keith Urban,23,2,Gains In Performance
2017-12-02,24,She's With Me,High Valley,24,29,Gains In Performance
2017-12-02,25,Make A Little,Midland,28,9,Gains In Performance
2017-12-02,26,Five More Minutes,Scotty McCreery,25,26,Gains In Performance
2017-12-02,27,The Long Way,Brett Eldredge,29,13,Gains In Performance
2017-12-02,28,Happens Like That,Granger Smith,27,22,Gains In Performance
2017-12-02,29,Broken Halos,Chris Stapleton,30,18,Gains In Performance
2017-12-02,30,Singles You Up,Jordan Davis,32,22,Gains In Performance
2017-12-02,31,Boy,Lee Brice,31,23,Gains In Performance
2017-12-02,32,Ones That Like Me,Brantley Gilbert,33,21,Gains In Performance
2017-12-02,33,Get To You,Michael Ray,35,18,Gains In Performance
2017-12-02,34,For The First Time,Darius Rucker,34,15,Gains In Performance
2017-12-02,35,The Rest Of Our Life,Tim McGraw & Faith Hill,36,7,Gains In Performance
2017-12-02,36,Stay Downtown,Cole Swindell,37,12,Gains In Performance
2017-12-02,37,Everything's Gonna Be Alright,David Lee Murphy & Kenny Chesney,44,2,Gains In Performance
2017-12-02,38,Three Chords & The Truth,Chase Rice,40,12,Gains In Performance
2017-12-02,39,Take Back Home Girl,Chris Lane Featuring Tori Kelly,39,6,Gains In Performance
2017-12-02,40,She Ain't In It,Jon Pardi,38,5,Gains In Performance
2017-12-02,41,Heart Break,Lady Antebellum,43,8,Gains In Performance
2017-12-02,42,Sunday Morning,Parmalee,41,26,Gains In Performance
2017-12-02,43,Heaven,Kane Brown,45,3,Gains In Performance
2017-12-02,44,Hooked,Dylan Scott,48,12,Gains In Performance
2017-12-02,45,Kinda Don't Care,Justin Moore,46,7,Gains In Performance
2017-12-02,46,When Someone Stops Loving You,Little Big Town,47,14,Gains In Performance
2017-12-02,47,Back To Us,Rascal Flatts,50,12,Gains In Performance
2017-12-02,48,Doin' Fine,Lauren Alaina,52,16,Gains In Performance
2017-12-02,49,I'd Be Jealous Too,Dustin Lynch,51,4,
2017-12-02,50,Roots,Zac Brown Band,42,14,
2017-12-02,51,Wild West,Runaway June,53,6,Gains In Performance
2017-12-02,52,Sway,Danielle Bradbery,54,15,Gains In Performance
2017-12-02,53,Hell If I Know,Chase Bryant,55,5,Gains In Performance
2017-12-02,54,Marry Me,Thomas Rhett,NEW,1,Highest ranking debut|Gains In Performance
2017-12-02,55,Up Down,Morgan Wallen Featuring Florida Georgia Line,NEW,1,Gains In Performance
2017-12-02,56,Heaven South,Brad Paisley,57,2,
2017-12-02,57,New Year's Day,Taylor Swift,NEW,1,Gains In Performance
2017-12-02,58,Never Gets Old,Joe Nichols,58,9,
2017-12-02,59,Waiting On You,Lindsay Ell,49,20,
2017-12-02,60,Wake Me Up,Billy Currington,59,10,Gains In Performance
2017-12-09,1,Greatest Love Story,LANco,1,39,Gains In Performance
2017-12-09,2,Ask Me How I Know,Garth Brooks,5,36,Greatest gainer this week|Gains In Performance
2017-12-09,3,Unforgettable,Thomas Rhett,3,18,
2017-12-09,4,Light It Up,Luke Bryan,6,14,Gains In Performance
2017-12-09,5,I'll Name The Dogs,Blake Shelton,7,12,Gains In Performance
2017-12-09,6,When It Rains It Pours,Luke Combs,4,24,
2017-12-09,7,Round Here Buzz,Eric Church,8,33,Gains In Performance
2017-12-09,8,Fix A Drink,Chris Janson,2,28,
2017-12-09,9,Like I Loved You,Brett Young,10,19,Gains In Performance
2017-12-09,10,Losing Sleep,Chris Young,12,29,Gains In Performance
2017-12-09,11,I Could Use A Love Song,Maren Morris,11,37,Gains In Performance
2017-12-09,12,Yours,Russell Dickerson,13,31,Gains In Performance
2017-12-09,13,A Girl Like You,Easton Corbin,15,44,Gains In Performance
2017-12-09,14,Outta Style,Aaron Watson,16,47,Gains In Performance
2017-12-09,15,You Broke Up With Me,Walker Hayes,17,22,Gains In Performance
2017-12-09,16,Legends,Kelsea Ballerini,19,25,Gains In Performance
2017-12-09,17,All On Me,Devin Dawson,18,26,Gains In Performance
2017-12-09,18,Written In The Sand,Old Dominion,20,11,Gains In Performance
2017-12-09,19,Smooth,Florida Georgia Line,14,17,
2017-12-09,20,Female,Keith Urban,23,3,Gains In Performance
2017-12-09,21,California,Big & Rich,21,36,Gains In Performance
2017-12-09,22,Make A Little,Midland,25,10,Gains In Performance
2017-12-09,23,Five More Minutes,Scotty McCreery,26,27,Gains In Performance
2017-12-09,24,Happens Like That,Granger Smith,28,23,Gains In Performance
2017-12-09,25,Tin Man,Miranda Lambert,22,34,Gains In Performance
2017-12-09,26,She's With Me,High Valley,24,30,Gains In Performance
2017-12-09,27,The Long Way,Brett Eldredge,27,14,Gains In Performance
2017-12-09,28,Broken Halos,Chris Stapleton,29,19,Gains In Performance
2017-12-09,29,Singles You Up,Jordan Davis,30,23,Gains In Performance
2017-12-09,30,Boy,Lee Brice,31,24,Gains In Performance
2017-12-09,31,Ones That Like Me,Brantley Gilbert,32,22,Gains In Performance
2017-12-09,32,Everything's Gonna Be Alright,David Lee Murphy & Kenny Chesney,37,3,Gains In Performance
2017-12-09,33,For The First Time,Darius Rucker,34,16,Gains In Performance
2017-12-09,34,Get To You,Michael Ray,33,19,Gains In Performance
2017-12-09,35,Marry Me,Thomas Rhett,54,2,Gains In Performance
2017-12-09,36,Stay Downtown,Cole Swindell,36,13,Gains In Performance
2017-12-09,37,The Rest Of Our Life,Tim McGraw & Faith Hill,35,8,
2017-12-09,38,Three Chords & The Truth,Chase Rice,38,13,Gains In Performance
2017-12-09,39,She Ain't In It,Jon Pardi,40,6,Gains In Performance
2017-12-09,40,Sunday Morning,Parmalee,42,27,Gains In Performance
2017-12-09,41,Heaven,Kane Brown,43,4,Gains In Performance
2017-12-09,42,Kinda Don't Care,Justin Moore,45,8,Gains In Performance
2017-12-09,43,Take Back Home Girl,Chris Lane Featuring Tori Kelly,39,7,
2017-12-09,44,Heart Break,Lady Antebellum,41,9,Gains In Performance
2017-12-09,45,Hooked,Dylan Scott,44,13,Gains In Performance
2017-12-09,46,When Someone Stops Loving You,Little Big Town,46,15,Gains In Performance
2017-12-09,47,I'd Be Jealous Too,Dustin Lynch,49,5,Gains In Performance
2017-12-09,48,New Year's Day,Taylor Swift,57,2,Gains In Performance
2017-12-09,49,Doin' Fine,Lauren Alaina,48,17,Gains In Performance
2017-12-09,50,Up Down,Morgan Wallen Featuring Florida Georgia Line,55,2,Gains In Performance
2017-12-09,51,Back To Us,Rascal Flatts,47,13,
2017-12-09,52,Sway,Danielle Bradbery,52,16,Gains In Performance
2017-12-09,53,Wild West,Runaway June,51,7,Gains In Performance
2017-12-09,54,God And My Girlfriends,Reba McEntire,NEW,1,Highest ranking debut|Gains In Performance
2017-12-09,55,Never Gets Old,Joe Nichols,58,10,Gains In Performance
2017-12-09,56,Heaven South,Brad Paisley,56,3,Gains In Performance
2017-12-09,57,Meant To Be,Bebe Rexha & Florida Georgia Line,NEW,1,Gains In Performance
2017-12-09,58,Hell If I Know,Chase Bryant,53,6,Gains In Performance
2017-12-09,59,A Little Dive Bar In Dahlonega,Ashley McBryde,NEW,1,Gains In Performance
2017-12-09,60,Kiss Somebody,Morgan Evans,RE,3,Gains In Performance
2017-12-16,1,Ask Me How I Know,Garth Brooks,2,37,Gains In Performance
2017-12-16,2,Light It Up,Luke Bryan,4,15,Greatest gainer this week|Gains In Performance
2017-12-16,3,Greatest Love Story,LANco,1,40,
2017-12-16,4,I'll Name The Dogs,Blake Shelton,5,13,Gains In Performance
2017-12-16,5,Unforgettable,Thomas Rhett,3,19,
2017-12-16,6,Like I Loved You,Brett Young,9,20,Gains In Performance
2017-12-16,7,Round Here Buzz,Eric Church,7,34,Gains In Performance
2017-12-16,8,When It Rains It Pours,Luke Combs,6,25,
2017-12-16,9,I Could Use A Love Song,Maren Morris,11,38,Gains In Performance
2017-12-16,10,Losing Sleep,Chris Young,10,30,Gains In Performance
2017-12-16,11,Yours,Russell Dickerson,12,32,Gains In Performance
2017-12-16,12,Outta Style,Aaron Watson,14,48,Gains In Performance
2017-12-16,13,A Girl Like You,Easton Corbin,13,45,Gains In Performance
2017-12-16,14,Legends,Kelsea Ballerini,16,26,Gains In Performance
2017-12-16,15,All On Me,Devin Dawson,17,27,Gains In Performance
2017-12-16,16,Written In The Sand,Old Dominion,18,12,Gains In Performance
2017-12-16,17,You Broke Up With Me,Walker Hayes,15,23,Gains In Performance
2017-12-16,18,Female,Keith Urban,20,4,Gains In Performance
2017-12-16,19,Make A Little,Midland,22,11,Gains In Performance
2017-12-16,20,California,Big & Rich,21,37,Gains In Performance
2017-12-16,21,Five More Minutes,Scotty McCreery,23,28,Gains In Performance
2017-12-16,22,She's With Me,High Valley,26,31,Gains In Performance
2017-12-16,23,Happens Like That,Granger Smith,24,24,Gains In Performance
2017-12-16,24,The Long Way,Brett Eldredge,27,15,Gains In Performance
2017-12-16,25,Tin Man,Miranda Lambert,25,35,Gains In Performance
2017-12-16,26,Broken Halos,Chris Stapleton,28,20,Gains In Performance
2017-12-16,27,Singles You Up,Jordan Davis,29,24,Gains In Performance
2017-12-16,28,Marry Me,Thomas Rhett,35,3,Gains In Performance
2017-12-16,29,Boy,Lee Brice,30,25,Gains In Performance
2017-12-16,30,Everything's Gonna Be Alright,David Lee Murphy & Kenny Chesney,32,4,Gains In Performance
2017-12-16,31,Ones That Like Me,Brantley Gilbert,31,23,Gains In Performance
2017-12-16,32,For The First Time,Darius Rucker,33,17,Gains In Performance
2017-12-16,33,Get To You,Michael Ray,34,20,Gains In Performance
2017-12-16,34,The Rest Of Our Life,Tim McGraw & Faith Hill,37,9,Gains In Performance
2017-12-16,35,Stay Downtown,Cole Swindell,36,14,Gains In Performance
2017-12-16,36,Three Chords & The Truth,Chase Rice,38,14,Gains In Performance
2017-12-16,37,She Ain't In It,Jon Pardi,39,7,Gains In Performance
2017-12-16,38,Heaven,Kane Brown,41,5,Gains In Performance
2017-12-16,39,Heart Break,Lady Antebellum,44,10,Gains In Performance
2017-12-16,40,Take Back Home Girl,Chris Lane Featuring Tori Kelly,43,8,Gains In Performance
2017-12-16,41,Sunday Morning,Parmalee,40,28,Gains In Performance
2017-12-16,42,Up Down,Morgan Wallen Featuring Florida Georgia Line,50,3,Gains In Performance
2017-12-16,43,Hooked,Dylan Scott,45,14,Gains In Performance
2017-12-16,44,Kinda Don't Care,Justin Moore,42,9,
2017-12-16,45,When Someone Stops Loving You,Little Big Town,46,16,
2017-12-16,46,I'd Be Jealous Too,Dustin Lynch,47,6,Gains In Performance
2017-12-16,47,New Year's Day,Taylor Swift,48,3,Gains In Performance
2017-12-16,48,Meant To Be,Bebe Rexha & Florida Georgia Line,57,2,Gains In Performance
2017-12-16,49,Sway,Danielle Bradbery,52,17,Gains In Performance
2017-12-16,50,Doin' Fine,Lauren Alaina,49,18,
2017-12-16,51,Wake Me Up,Billy Currington,RE,11,Gains In Performance
2017-12-16,52,Never Gets Old,Joe Nichols,55,11,Gains In Performance
2017-12-16,53,Hell If I Know,Chase Bryant,58,7,Gains In Performance
2017-12-16,54,Heaven South,Brad Paisley,56,4,Gains In Performance
2017-12-16,55,Wild West,Runaway June,53,8,
2017-12-16,56,God And My Girlfriends,Reba McEntire,54,2,
2017-12-16,57,Kiss Somebody,Morgan Evans,60,4,Gains In Performance
2017-12-16,58,Back To Us,Rascal Flatts,51,14,
2017-12-16,59,We Got Something They Don't,Shania Twain,NEW,1,Highest ranking debut|Gains In Performance
2017-12-16,60,"Speakers, Bleachers And Preachers",Brandon Lay,NEW,1,Gains In Performance
2017-12-23,1,Light It Up,Luke Bryan,2,16,Gains In Performance
2017-12-23,2,I'll Name The Dogs,Blake Shelton,4,14,Greatest gainer this week|Gains In Performance
2017-12-23,3,Like I Loved You,Brett Young,6,21,Gains In Performance
2017-12-23,4,Greatest Love Story,LANco,3,41,
2017-12-23,5,Round Here Buzz,Eric Church,7,35,Gains In Performance
2017-12-23,6,Unforgettable,Thomas Rhett,5,20,
2017-12-23,7,I Could Use A Love Song,Maren Morris,9,39,Gains In Performance
2017-12-23,8,Yours,Russell Dickerson,11,33,Gains In Performance
2017-12-23,9,Losing Sleep,Chris Young,10,31,Gains In Performance
2017-12-23,10,Ask Me How I Know,Garth Brooks,1,38,
2017-12-23,11,Outta Style,Aaron Watson,12,49,Gains In Performance
2017-12-23,12,Legends,Kelsea Ballerini,14,27,Gains In Performance
2017-12-23,13,A Girl Like You,Easton Corbin,13,46,Gains In Performance
2017-12-23,14,All On Me,Devin Dawson,15,28,Gains In Performance
2017-12-23,15,Written In The Sand,Old Dominion,16,13,Gains In Performance
2017-12-23,16,You Broke Up With Me,Walker Hayes,17,24,Gains In Performance
2017-12-23,17,Female,Keith Urban,18,5,Gains In Performance
2017-12-23,18,Make A Little,Midland,19,12,Gains In Performance
2017-12-23,19,Five More Minutes,Scotty McCreery,21,29,Gains In Performance
2017-12-23,20,She's With Me,High Valley,22,32,Gains In Performance
2017-12-23,21,Happens Like That,Granger Smith,23,25,Gains In Performance
2017-12-23,22,California,Big & Rich,20,38,Gains In Performance
2017-12-23,23,The Long Way,Brett Eldredge,24,16,Gains In Performance
2017-12-23,24,Tin Man,Miranda Lambert,25,36,Gains In Performance
2017-12-23,25,Broken Halos,Chris Stapleton,26,21,Gains In Performance
2017-12-23,26,Singles You Up,Jordan Davis,27,25,Gains In Performance
2017-12-23,27,Marry Me,Thomas Rhett,28,4,Gains In Performance
2017-12-23,28,Boy,Lee Brice,29,26,Gains In Performance
2017-12-23,29,Everything's Gonna Be Alright,David Lee Murphy & Kenny Chesney,30,5,Gains In Performance
2017-12-23,30,For The First Time,Darius Rucker,32,18,Gains In Performance
2017-12-23,31,The Rest Of Our Life,Tim McGraw & Faith Hill,34,10,Gains In Performance
2017-12-23,32,Stay Downtown,Cole Swindell,35,15,
2017-12-23,33,Three Chords & The Truth,Chase Rice,36,15,Gains In Performance
2017-12-23,34,She Ain't In It,Jon Pardi,37,8,Gains In Performance
2017-12-23,35,Take Back Home Girl,Chris Lane Featuring Tori Kelly,40,9,Gains In Performance
2017-12-23,36,Heaven,Kane Brown,38,6,Gains In Performance
2017-12-23,37,Up Down,Morgan Wallen Featuring Florida Georgia Line,42,4,Gains In Performance
2017-12-23,38,Heart Break,Lady Antebellum,39,11,Gains In Performance
2017-12-23,39,Sunday Morning,Parmalee,41,29,Gains In Performance
2017-12-23,40,When Someone Stops Loving You,Little Big Town,45,17,Gains In Performance
2017-12-23,41,Hooked,Dylan Scott,43,15,Gains In Performance
2017-12-23,42,Meant To Be,Bebe Rexha & Florida Georgia Line,48,3,Gains In Performance
2017-12-23,43,Kinda Don't Care,Justin Moore,44,10,
2017-12-23,44,New Year's Day,Taylor Swift,47,4,Gains In Performance
2017-12-23,45,I'd Be Jealous Too,Dustin Lynch,46,7,Gains In Performance
2017-12-23,46,Wake Me Up,Billy Currington,51,12,Gains In Performance
2017-12-23,47,Doin' Fine,Lauren Alaina,50,19,Gains In Performance
2017-12-23,48,Sway,Danielle Bradbery,49,18,
2017-12-23,49,Hell If I Know,Chase Bryant,53,8,Gains In Performance
2017-12-23,50,Never Gets Old,Joe Nichols,52,12,
2017-12-23,51,Wild West,Runaway June,55,9,Gains In Performance
2017-12-23,52,Heaven South,Brad Paisley,54,5,
2017-12-23,53,God And My Girlfriends,Reba McEntire,56,3,
2017-12-23,54,Criminal,Lindsay Ell,NEW,1,Highest ranking debut|Gains In Performance
2017-12-23,55,"Speakers, Bleachers And Preachers",Brandon Lay,60,2,Gains In Performance
2017-12-23,56,Kiss Somebody,Morgan Evans,57,5,Gains In Performance
2017-12-23,57,We Got Something They Don't,Shania Twain,59,2,
2017-12-23,58,Drunk Girl,Chris Janson,NEW,1,Gains In Performance
2017-12-23,59,Guns & Roses,Drew Baldridge,NEW,1,Gains In Performance
2017-12-23,60,Last Shot,Kip Moore,NEW,1,
2017-12-30,1,I'll Name The Dogs,Blake Shelton,2,15,Gains In Performance
2017-12-30,2,Like I Loved You,Brett Young,3,22,Greatest gainer this week|Gains In Performance
2017-12-30,3,Round Here Buzz,Eric Church,5,36,Gains In Performance
2017-12-30,4,Greatest Love Story,LANco,4,42,
2017-12-30,5,Yours,Russell Dickerson,8,34,Gains In Performance
2017-12-30,6,Light It Up,Luke Bryan,1,17,
2017-12-30,7,I Could Use A Love Song,Maren Morris,7,40,Gains In Performance
2017-12-30,8,Unforgettable,Thomas Rhett,6,21,
2017-12-30,9,Losing Sleep,Chris Young,9,32,Gains In Performance
2017-12-30,10,Outta Style,Aaron Watson,11,50,Gains In Performance
2017-12-30,11,Legends,Kelsea Ballerini,12,28,Gains In Performance
2017-12-30,12,Written In The Sand,Old Dominion,15,14,Gains In Performance
2017-12-30,13,A Girl Like You,Easton Corbin,13,47,Gains In Performance
2017-12-30,14,All On Me,Devin Dawson,14,29,Gains In Performance
2017-12-30,15,You Broke Up With Me,Walker Hayes,16,25,Gains In Performance
2017-12-30,16,Female,Keith Urban,17,6,Gains In Performance
2017-12-30,17,Five More Minutes,Scotty McCreery,19,30,Gains In Performance
2017-12-30,18,Make A Little,Midland,18,13,Gains In Performance
2017-12-30,19,She's With Me,High Valley,20,33,Gains In Performance
2017-12-30,20,The Long Way,Brett Eldredge,23,17,Gains In Performance
2017-12-30,21,Happens Like That,Granger Smith,21,26,Gains In Performance
2017-12-30,22,Broken Halos,Chris Stapleton,25,22,Gains In Performance
2017-12-30,23,Singles You Up,Jordan Davis,26,26,Gains In Performance
2017-12-30,24,Marry Me,Thomas Rhett,27,5,Gains In Performance
2017-12-30,25,Boy,Lee Brice,28,27,Gains In Performance
2017-12-30,26,Everything's Gonna Be Alright,David Lee Murphy & Kenny Chesney,29,6,Gains In Performance
2017-12-30,27,For The First Time,Darius Rucker,30,19,Gains In Performance
2017-12-30,28,The Rest Of Our Life,Tim McGraw & Faith Hill,31,11,Gains In Performance
2017-12-30,29,Stay Downtown,Cole Swindell,32,16,Gains In Performance
2017-12-30,30,Get To You,Michael Ray,RE,21,Gains In Performance
2017-12-30,31,Up Down,Morgan Wallen Featuring Florida Georgia Line,37,5,Gains In Performance
2017-12-30,32,She Ain't In It,Jon Pardi,34,9,Gains In Performance
2017-12-30,33,Three Chords & The Truth,Chase Rice,33,16,
2017-12-30,34,Take Back Home Girl,Chris Lane Featuring Tori Kelly,35,10,Gains In Performance
2017-12-30,35,Heaven,Kane Brown,36,7,Gains In Performance
2017-12-30,36,Heart Break,Lady Antebellum,38,12,Gains In Performance
2017-12-30,37,Meant To Be,Bebe Rexha & Florida Georgia Line,42,4,Gains In Performance
2017-12-30,38,Hooked,Dylan Scott,41,16,Gains In Performance
2017-12-30,39,When Someone Stops Loving You,Little Big Town,40,18,Gains In Performance
2017-12-30,40,Criminal,Lindsay Ell,54,2,Gains In Performance
2017-12-30,41,Kinda Don't Care,Justin Moore,43,11,Gains In Performance
2017-12-30,42,New Year's Day,Taylor Swift,44,5,Gains In Performance
2017-12-30,43,I'd Be Jealous Too,Dustin Lynch,45,8,
2017-12-30,44,Doin' Fine,Lauren Alaina,47,20,Gains In Performance
2017-12-30,45,Wake Me Up,Billy Currington,46,13,Gains In Performance
2017-12-30,46,Hell If I Know,Chase Bryant,49,9,Gains In Performance
2017-12-30,47,Sway,Danielle Bradbery,48,19,Gains In Performance
2017-12-30,48,Wild West,Runaway June,51,10,Gains In Performance
2017-12-30,49,Never Gets Old,Joe Nichols,50,13,
2017-12-30,50,Drunk Girl,Chris Janson,58,2,Gains In Performance
2017-12-30,51,Heaven South,Brad Paisley,52,6,
2017-12-30,52,Kiss Somebody,Morgan Evans,56,6,Gains In Performance
2017-12-30,53,We Got Something They Don't,Shania Twain,57,3,Gains In Performance
2017-12-30,54,"Speakers, Bleachers And Preachers",Brandon Lay,55,3,
2017-12-30,55,Last Shot,Kip Moore,60,2,Gains In Performance
2017-12-30,56,Wild As You,Cody Johnson,RE,2,Gains In Performance
2017-12-30,57,Most People Are Good,Luke Bryan,NEW,1,Highest ranking debut|Gains In Performance
2017-12-30,58,Diane,Cam,NEW,1,Gains In Performance
2017-12-30,59,A Little Dive Bar In Dahlonega,Ashley McBryde,RE,2,Gains In Performance
2017-12-30,60,Hide The Wine,Carly Pearce,NEW,1,Gains In Performance
2018-01-03,1,Like I Loved You,Brett Young,2,23,Gains In Performance
2018-01-03,2,I'll Name The Dogs,Blake Shelton,1,16,
2018-01-03,3,Round Here Buzz,Eric Church,3,37,
2018-01-03,4,Yours,Russell Dickerson,5,35,Gains In Performance
2018-01-03,5,I Could Use A Love Song,Maren Morris,7,41,Gains In Performance
2018-01-03,6,Unforgettable,Thomas Rhett,8,22,
2018-01-03,7,Greatest Love Story,LANco,4,43,
2018-01-03,8,Losing Sleep,Chris Young,9,33,
2018-01-03,9,Legends,Kelsea Ballerini,11,29,Gains In Performance
2018-01-03,10,Outta Style,Aaron Watson,10,51,Gains In Performance
2018-01-03,11,Written In The Sand,Old Dominion,12,15,Gains In Performance
2018-01-03,12,A Girl Like You,Easton Corbin,13,48,Gains In Performance
2018-01-03,13,You Broke Up With Me,Walker Hayes,15,26,Gains In Performance
2018-01-03,14,All On Me,Devin Dawson,14,30,
2018-01-03,15,Female,Keith Urban,16,7,Gains In Performance
2018-01-03,16,Five More Minutes,Scotty McCreery,17,31,Gains In Performance
2018-01-03,17,Make A Little,Midland,18,14,
2018-01-03,18,She's With Me,High Valley,19,34,Gains In Performance
2018-01-03,19,Broken Halos,Chris Stapleton,22,23,Gains In Performance
2018-01-03,20,The Long Way,Brett Eldredge,20,18,Gains In Performance
2018-01-03,21,Marry Me,Thomas Rhett,24,6,Gains In Performance
2018-01-03,22,Happens Like That,Granger Smith,21,27,
2018-01-03,23,Singles You Up,Jordan Davis,23,27,
2018-01-03,24,Boy,Lee Brice,25,28,
2018-01-03,25,For The First Time,Darius Rucker,27,20,Gains In Performance
2018-01-03,26,Still The Same,Sugarland,NEW,1,Highest ranking debut|Gains In Performance
2018-01-03,27,Everything's Gonna Be Alright,David Lee Murphy & Kenny Chesney,26,7,
2018-01-03,28,The Rest Of Our Life,Tim McGraw & Faith Hill,28,12,Gains In Performance
2018-01-03,29,Stay Downtown,Cole Swindell,29,17,
2018-01-03,30,Get To You,Michael Ray,30,22,
2018-01-03,31,Up Down,Morgan Wallen Featuring Florida Georgia Line,31,6,Gains In Performance
2018-01-03,32,She Ain't In It,Jon Pardi,32,10,
2018-01-03,33,Heart Break,Lady Antebellum,36,13,Gains In Performance
2018-01-03,34,Three Chords & The Truth,Chase Rice,33,17,
2018-01-03,35,Heaven,Kane Brown,35,8,
2018-01-03,36,Meant To Be,Bebe Rexha & Florida Georgia Line,37,5,Gains In Performance
2018-01-03,37,Take Back Home Girl,Chris Lane Featuring Tori Kelly,34,11,
2018-01-03,38,Criminal,Lindsay Ell,40,3,Gains In Performance
2018-01-03,39,Hooked,Dylan Scott,38,17,
2018-01-03,40,When Someone Stops Loving You,Little Big Town,39,19,
2018-01-03,41,Kinda Don't Care,Justin Moore,41,12,
2018-01-03,42,New Year's Day,Taylor Swift,42,6,
2018-01-03,43,Drunk Girl,Chris Janson,50,3,Gains In Performance
2018-01-03,44,I'd Be Jealous Too,Dustin Lynch,43,9,
2018-01-03,45,Doin' Fine,Lauren Alaina,44,21,
2018-01-03,46,Wake Me Up,Billy Currington,45,14,
2018-01-03,47,Wild West,Runaway June,48,11,Gains In Performance
2018-01-03,48,Hell If I Know,Chase Bryant,46,10,
2018-01-03,49,Never Gets Old,Joe Nichols,49,14,
2018-01-03,50,Sway,Danielle Bradbery,47,20,
2018-01-03,51,Heaven South,Brad Paisley,51,7,
2018-01-03,52,We Got Something They Don't,Shania Twain,53,4,Gains In Performance
2018-01-03,53,Wild As You,Cody Johnson,56,3,Gains In Performance
2018-01-03,54,Kiss Somebody,Morgan Evans,52,7,
2018-01-03,55,One Number Away,Luke Combs,NEW,1,Gains In Performance
2018-01-03,56,Last Shot,Kip Moore,55,3,
2018-01-03,57,"Speakers, Bleachers And Preachers",Brandon Lay,54,4,
2018-01-03,58,Diane,Cam,58,2,
2018-01-03,59,Hide The Wine,Carly Pearce,60,2,Gains In Performance
2018-01-03,60,A Little Dive Bar In Dahlonega,Ashley McBryde,59,3,
2018-01-06,1,Like I Loved You,Brett Young,1,24,
2018-01-06,2,I'll Name The Dogs,Blake Shelton,2,17,
2018-01-06,3,I Could Use A Love Song,Maren Morris,5,42,Gains In Performance
2018-01-06,4,Round Here Buzz,Eric Church,3,38,Gains In Performance
2018-01-06,5,Yours,Russell Dickerson,4,36,Gains In Performance
2018-01-06,6,Losing Sleep,Chris Young,8,34,Gains In Performance
2018-01-06,7,Greatest Love Story,LANco,7,44,
2018-01-06,8,Unforgettable,Thomas Rhett,6,23,
2018-01-06,9,Legends,Kelsea Ballerini,9,30,Gains In Performance
2018-01-06,10,Written In The Sand,Old Dominion,11,16,Greatest gainer this week|Gains In Performance
2018-01-06,11,A Girl Like You,Easton Corbin,12,49,Gains In Performance
2018-01-06,12,You Broke Up With Me,Walker Hayes,13,27,Gains In Performance
2018-01-06,13,All On Me,Devin Dawson,14,31,Gains In Performance
2018-01-06,14,Female,Keith Urban,15,8,
2018-01-06,15,Five More Minutes,Scotty McCreery,16,32,Gains In Performance
2018-01-06,16,Make A Little,Midland,17,15,Gains In Performance
2018-01-06,17,She's With Me,High Valley,18,35,Gains In Performance
2018-01-06,18,Marry Me,Thomas Rhett,21,7,Gains In Performance
2018-01-06,19,The Long Way,Brett Eldredge,20,19,Gains In Performance
2018-01-06,20,Broken Halos,Chris Stapleton,19,24,Gains In Performance
2018-01-06,21,Happens Like That,Granger Smith,22,28,Gains In Performance
2018-01-06,22,Singles You Up,Jordan Davis,23,28,Gains In Performance
2018-01-06,23,Boy,Lee Brice,24,29,Gains In Performance
2018-01-06,24,For The First Time,Darius Rucker,25,21,Gains In Performance
2018-01-06,25,Everything's Gonna Be Alright,David Lee Murphy & Kenny Chesney,27,8,Gains In Performance
2018-01-06,26,Ones That Like Me,Brantley Gilbert,RE,24,Gains In Performance
2018-01-06,27,The Rest Of Our Life,Tim McGraw & Faith Hill,28,13,
2018-01-06,28,Stay Downtown,Cole Swindell,29,18,Gains In Performance
2018-01-06,29,Get To You,Michael Ray,30,23,
2018-01-06,30,Meant To Be,Bebe Rexha & Florida Georgia Line,36,6,Gains In Performance
2018-01-06,31,She Ain't In It,Jon Pardi,32,11,Gains In Performance
2018-01-06,32,Heaven,Kane Brown,35,9,Gains In Performance
2018-01-06,33,Up Down,Morgan Wallen Featuring Florida Georgia Line,31,7,
2018-01-06,34,Take Back Home Girl,Chris Lane Featuring Tori Kelly,37,12,Gains In Performance
2018-01-06,35,Heart Break,Lady Antebellum,33,14,
2018-01-06,36,Three Chords & The Truth,Chase Rice,34,18,
2018-01-06,37,Criminal,Lindsay Ell,38,4,Gains In Performance
2018-01-06,38,When Someone Stops Loving You,Little Big Town,40,20,Gains In Performance
2018-01-06,39,Hooked,Dylan Scott,39,18,
2018-01-06,40,Kinda Don't Care,Justin Moore,41,13,Gains In Performance
2018-01-06,41,New Year's Day,Taylor Swift,42,7,Gains In Performance
2018-01-06,42,I'd Be Jealous Too,Dustin Lynch,44,10,Gains In Performance
2018-01-06,43,Drunk Girl,Chris Janson,43,4,Gains In Performance
2018-01-06,44,Wild West,Runaway June,47,12,Gains In Performance
2018-01-06,45,Doin' Fine,Lauren Alaina,45,22,Gains In Performance
2018-01-06,46,Wake Me Up,Billy Currington,46,15,Gains In Performance
2018-01-06,47,We Got Something They Don't,Shania Twain,52,5,Gains In Performance
2018-01-06,48,Heaven South,Brad Paisley,51,8,Gains In Performance
2018-01-06,49,Never Gets Old,Joe Nichols,49,15,
2018-01-06,50,Sway,Danielle Bradbery,50,21,Gains In Performance
2018-01-06,51,Hell If I Know,Chase Bryant,48,11,
2018-01-06,52,"Speakers, Bleachers And Preachers",Brandon Lay,57,5,Gains In Performance
2018-01-06,53,Kiss Somebody,Morgan Evans,54,8,Gains In Performance
2018-01-06,54,Hide The Wine,Carly Pearce,59,3,Gains In Performance
2018-01-06,55,Last Shot,Kip Moore,56,4,Gains In Performance
2018-01-06,56,Most People Are Good,Luke Bryan,RE,2,Gains In Performance
2018-01-06,57,Wild As You,Cody Johnson,53,4,
2018-01-06,58,One Number Away,Luke Combs,55,2,Gains In Performance
2018-01-06,59,Diane,Cam,58,3,Gains In Performance
2018-01-06,60,O Holy Night,Luke Bryan,NEW,1,Highest ranking debut|Gains In Performance
2018-01-13,1,Like I Loved You,Brett Young,1,25,Gains In Performance
2018-01-13,2,I Could Use A Love Song,Maren Morris,3,43,Gains In Performance
2018-01-13,3,I'll Name The Dogs,Blake Shelton,2,18,Gains In Performance
2018-01-13,4,Round Here Buzz,Eric Church,4,39,Greatest gainer this week|Gains In Performance
2018-01-13,5,Yours,Russell Dickerson,5,37,Gains In Performance
2018-01-13,6,Losing Sleep,Chris Young,6,35,Gains In Performance
2018-01-13,7,Greatest Love Story,LANco,7,45,Gains In Performance
2018-01-13,8,Legends,Kelsea Ballerini,9,31,Gains In Performance
2018-01-13,9,Written In The Sand,Old Dominion,10,17,Gains In Performance
2018-01-13,10,A Girl Like You,Easton Corbin,11,50,Gains In Performance
2018-01-13,11,You Broke Up With Me,Walker Hayes,12,28,Gains In Performance
2018-01-13,12,All On Me,Devin Dawson,13,32,Gains In Performance
2018-01-13,13,Five More Minutes,Scotty McCreery,15,33,Gains In Performance
2018-01-13,14,Female,Keith Urban,14,9,Gains In Performance
2018-01-13,15,Make A Little,Midland,16,16,Gains In Performance
2018-01-13,16,Marry Me,Thomas Rhett,18,8,Gains In Performance
2018-01-13,17,She's With Me,High Valley,17,36,Gains In Performance
2018-01-13,18,The Long Way,Brett Eldredge,19,20,Gains In Performance
2018-01-13,19,Broken Halos,Chris Stapleton,20,25,Gains In Performance
2018-01-13,20,Happens Like That,Granger Smith,21,29,Gains In Performance
2018-01-13,21,Singles You Up,Jordan Davis,22,29,Gains In Performance
2018-01-13,22,Boy,Lee Brice,23,30,Gains In Performance
2018-01-13,23,For The First Time,Darius Rucker,24,22,Gains In Performance
2018-01-13,24,Everything's Gonna Be Alright,David Lee Murphy & Kenny Chesney,25,9,Gains In Performance
2018-01-13,25,Ones That Like Me,Brantley Gilbert,26,25,Gains In Performance
2018-01-13,26,The Rest Of Our Life,Tim McGraw & Faith Hill,27,14,Gains In Performance
2018-01-13,27,Get To You,Michael Ray,29,24,Gains In Performance
2018-01-13,28,Criminal,Lindsay Ell,37,5,Gains In Performance
2018-01-13,29,She Ain't In It,Jon Pardi,31,12,Gains In Performance
2018-01-13,30,Up Down,Morgan Wallen Featuring Florida Georgia Line,33,8,Gains In Performance
2018-01-13,31,Take Back Home Girl,Chris Lane Featuring Tori Kelly,34,13,Gains In Performance
2018-01-13,32,Heaven,Kane Brown,32,10,Gains In Performance
2018-01-13,33,Meant To Be,Bebe Rexha & Florida Georgia Line,30,7,Gains In Performance
2018-01-13,34,Heart Break,Lady Antebellum,35,15,Gains In Performance
2018-01-13,35,Three Chords & The Truth,Chase Rice,36,19,Gains In Performance
2018-01-13,36,Stay Downtown,Cole Swindell,28,19,
2018-01-13,37,When Someone Stops Loving You,Little Big Town,38,21,Gains In Performance
2018-01-13,38,Hooked,Dylan Scott,39,19,Gains In Performance
2018-01-13,39,Most People Are Good,Luke Bryan,56,3,Gains In Performance
2018-01-13,40,I'd Be Jealous Too,Dustin Lynch,42,11,Gains In Performance
2018-01-13,41,Kinda Don't Care,Justin Moore,40,14,Gains In Performance
2018-01-13,42,Drunk Girl,Chris Janson,43,5,Gains In Performance
2018-01-13,43,New Year's Day,Taylor Swift,41,8,Gains In Performance
2018-01-13,44,Doin' Fine,Lauren Alaina,45,23,Gains In Performance
2018-01-13,45,I Got This,Jerrod Niemann,NEW,1,Highest ranking debut|Gains In Performance
2018-01-13,46,One Number Away,Luke Combs,58,3,Gains In Performance
2018-01-13,47,Wild West,Runaway June,44,13,Gains In Performance
2018-01-13,48,Sway,Danielle Bradbery,50,22,Gains In Performance
2018-01-13,49,Wake Me Up,Billy Currington,46,16,Gains In Performance
2018-01-13,50,"Speakers, Bleachers And Preachers",Brandon Lay,52,6,Gains In Performance
2018-01-13,51,Heaven South,Brad Paisley,48,9,Gains In Performance
2018-01-13,52,Hell If I Know,Chase Bryant,51,12,Gains In Performance
2018-01-13,53,Still The Same,Sugarland,RE,2,Gains In Performance
2018-01-13,54,Never Gets Old,Joe Nichols,49,16,Gains In Performance
2018-01-13,55,Wild As You,Cody Johnson,57,5,Gains In Performance
2018-01-13,56,Hide The Wine,Carly Pearce,54,4,Gains In Performance
2018-01-13,57,Kiss Somebody,Morgan Evans,53,9,Gains In Performance
2018-01-13,58,We Got Something They Don't,Shania Twain,47,6,
2018-01-13,59,Last Shot,Kip Moore,55,5,Gains In Performance
2018-01-13,60,Diane,Cam,59,4,Gains In Performance
2018-01-20,1,I Could Use A Love Song,Maren Morris,2,44,Gains In Performance
2018-01-20,2,Like I Loved You,Brett Young,1,26,
2018-01-20,3,Yours,Russell Dickerson,5,38,Gains In Performance
2018-01-20,4,Round Here Buzz,Eric Church,4,40,Gains In Performance
2018-01-20,5,I'll Name The Dogs,Blake Shelton,3,19,
2018-01-20,6,Losing Sleep,Chris Young,6,36,Gains In Performance
2018-01-20,7,Written In The Sand,Old Dominion,9,18,Gains In Performance
2018-01-20,8,Legends,Kelsea Ballerini,8,32,Gains In Performance
2018-01-20,9,A Girl Like You,Easton Corbin,10,51,Gains In Performance
2018-01-20,10,You Broke Up With Me,Walker Hayes,11,29,Gains In Performance
2018-01-20,11,Five More Minutes,Scotty McCreery,13,34,Gains In Performance
2018-01-20,12,Marry Me,Thomas Rhett,16,9,Gains In Performance
2018-01-20,13,All On Me,Devin Dawson,12,33,Gains In Performance
2018-01-20,14,Female,Keith Urban,14,10,Gains In Performance
2018-01-20,15,Make A Little,Midland,15,17,Gains In Performance
2018-01-20,16,The Long Way,Brett Eldredge,18,21,Gains In Performance
2018-01-20,17,Broken Halos,Chris Stapleton,19,26,Gains In Performance
2018-01-20,18,She's With Me,High Valley,17,37,Gains In Performance
2018-01-20,19,Singles You Up,Jordan Davis,21,30,Gains In Performance
2018-01-20,20,Happens Like That,Granger Smith,20,30,Gains In Performance
2018-01-20,21,Boy,Lee Brice,22,31,Gains In Performance
2018-01-20,22,For The First Time,Darius Rucker,23,23,Gains In Performance
2018-01-20,23,Most People Are Good,Luke Bryan,39,4,Gains In Performance
2018-01-20,24,Everything's Gonna Be Alright,David Lee Murphy & Kenny Chesney,24,10,Gains In Performance
2018-01-20,25,Ones That Like Me,Brantley Gilbert,25,26,Gains In Performance
2018-01-20,26,The Rest Of Our Life,Tim McGraw & Faith Hill,26,15,Gains In Performance
2018-01-20,27,Criminal,Lindsay Ell,28,6,Gains In Performance
2018-01-20,28,Heaven,Kane Brown,32,11,Gains In Performance
2018-01-20,29,Get To You,Michael Ray,27,25,Gains In Performance
2018-01-20,30,Up Down,Morgan Wallen Featuring Florida Georgia Line,30,9,Gains In Performance
2018-01-20,31,She Ain't In It,Jon Pardi,29,13,Gains In Performance
2018-01-20,32,Meant To Be,Bebe Rexha & Florida Georgia Line,33,8,Gains In Performance
2018-01-20,33,Take Back Home Girl,Chris Lane Featuring Tori Kelly,31,14,
2018-01-20,34,Heart Break,Lady Antebellum,34,16,Gains In Performance
2018-01-20,35,Tequila,Dan + Shay,NEW,1,Highest ranking debut|Gains In Performance
2018-01-20,36,Three Chords & The Truth,Chase Rice,35,20,
2018-01-20,37,When Someone Stops Loving You,Little Big Town,37,22,Gains In Performance
2018-01-20,38,Hooked,Dylan Scott,38,20,Gains In Performance
2018-01-20,39,I'd Be Jealous Too,Dustin Lynch,40,12,Gains In Performance
2018-01-20,40,One Number Away,Luke Combs,46,4,Gains In Performance
2018-01-20,41,Drunk Girl,Chris Janson,42,6,Gains In Performance
2018-01-20,42,Kinda Don't Care,Justin Moore,41,15,Gains In Performance
2018-01-20,43,Doin' Fine,Lauren Alaina,44,24,Gains In Performance
2018-01-20,44,Wild West,Runaway June,47,14,Gains In Performance
2018-01-20,45,New Year's Day,Taylor Swift,43,9,
2018-01-20,46,Still The Same,Sugarland,53,3,Gains In Performance
2018-01-20,47,I Got This,Jerrod Niemann,45,2,Gains In Performance
2018-01-20,48,Hide The Wine,Carly Pearce,56,5,Gains In Performance
2018-01-20,49,Hell If I Know,Chase Bryant,52,13,Gains In Performance
2018-01-20,50,Heaven South,Brad Paisley,51,10,
2018-01-20,51,"Speakers, Bleachers And Preachers",Brandon Lay,50,7,
2018-01-20,52,Stay Downtown,Cole Swindell,36,20,
2018-01-20,53,Wake Me Up,Billy Currington,49,17,
2018-01-20,54,Wild As You,Cody Johnson,55,6,
2018-01-20,55,Kiss Somebody,Morgan Evans,57,10,
2018-01-20,56,Last Shot,Kip Moore,59,6,Gains In Performance
2018-01-20,57,Diane,Cam,60,5,
2018-01-20,58,We Got Something They Don't,Shania Twain,58,7,
2018-01-20,59,Shoot Me Straight,Brothers Osborne,NEW,1,Gains In Performance
2018-01-20,60,Guns & Roses,Drew Baldridge,RE,2,Gains In Performance
2018-01-27,1,Yours,Russell Dickerson,3,39,Gains In Performance
2018-01-27,2,Round Here Buzz,Eric Church,4,41,Gains In Performance
2018-01-27,3,Like I Loved You,Brett Young,2,27,
2018-01-27,4,Losing Sleep,Chris Young,6,37,Gains In Performance
2018-01-27,5,Written In The Sand,Old Dominion,7,19,Gains In Performance
2018-01-27,6,I'll Name The Dogs,Blake Shelton,5,20,
2018-01-27,7,Legends,Kelsea Ballerini,8,33,Gains In Performance
2018-01-27,8,A Girl Like You,Easton Corbin,9,52,Gains In Performance
2018-01-27,9,I Could Use A Love Song,Maren Morris,1,45,
2018-01-27,10,Five More Minutes,Scotty McCreery,11,35,Gains In Performance
2018-01-27,11,Marry Me,Thomas Rhett,12,10,Gains In Performance
2018-01-27,12,You Broke Up With Me,Walker Hayes,10,30,Gains In Performance
2018-01-27,13,All On Me,Devin Dawson,13,34,Gains In Performance
2018-01-27,14,Female,Keith Urban,14,11,
2018-01-27,15,The Long Way,Brett Eldredge,16,22,Gains In Performance
2018-01-27,16,Broken Halos,Chris Stapleton,17,27,Gains In Performance
2018-01-27,17,Make A Little,Midland,15,18,Gains In Performance
2018-01-27,18,She's With Me,High Valley,18,38,Gains In Performance
2018-01-27,19,Singles You Up,Jordan Davis,19,31,Gains In Performance
2018-01-27,20,Happens Like That,Granger Smith,20,31,Gains In Performance
2018-01-27,21,Most People Are Good,Luke Bryan,23,5,Gains In Performance
2018-01-27,22,Boy,Lee Brice,21,32,Gains In Performance
2018-01-27,23,Everything's Gonna Be Alright,David Lee Murphy & Kenny Chesney,24,11,Gains In Performance
2018-01-27,24,For The First Time,Darius Rucker,22,24,Gains In Performance
2018-01-27,25,Ones That Like Me,Brantley Gilbert,25,27,Gains In Performance
2018-01-27,26,The Rest Of Our Life,Tim McGraw & Faith Hill,26,16,Gains In Performance
2018-01-27,27,Meant To Be,Bebe Rexha & Florida Georgia Line,32,9,Gains In Performance
2018-01-27,28,Heaven,Kane Brown,28,12,Gains In Performance
2018-01-27,29,"Woman, Amen",Dierks Bentley,NEW,1,Highest ranking debut|Gains In Performance
2018-01-27,30,Up Down,Morgan Wallen Featuring Florida Georgia Line,30,10,Gains In Performance
2018-01-27,31,Criminal,Lindsay Ell,27,7,Gains In Performance
2018-01-27,32,Get To You,Michael Ray,29,26,Gains In Performance
2018-01-27,33,She Ain't In It,Jon Pardi,31,14,Gains In Performance
2018-01-27,34,Take Back Home Girl,Chris Lane Featuring Tori Kelly,33,15,Gains In Performance
2018-01-27,35,Three Chords & The Truth,Chase Rice,36,21,Gains In Performance
2018-01-27,36,One Number Away,Luke Combs,40,5,Gains In Performance
2018-01-27,37,Heart Break,Lady Antebellum,34,17,Gains In Performance
2018-01-27,38,Kinda Don't Care,Justin Moore,42,16,Gains In Performance
2018-01-27,39,I'd Be Jealous Too,Dustin Lynch,39,13,Gains In Performance
2018-01-27,40,When Someone Stops Loving You,Little Big Town,37,23,
2018-01-27,41,Hooked,Dylan Scott,38,21,
2018-01-27,42,Drunk Girl,Chris Janson,41,7,
2018-01-27,43,Wild West,Runaway June,44,15,Gains In Performance
2018-01-27,44,Doin' Fine,Lauren Alaina,43,25,Gains In Performance
2018-01-27,45,I Got This,Jerrod Niemann,47,3,Gains In Performance
2018-01-27,46,Still The Same,Sugarland,46,4,Gains In Performance
2018-01-27,47,Hide The Wine,Carly Pearce,48,6,Gains In Performance
2018-01-27,48,New Year's Day,Taylor Swift,45,10,
2018-01-27,49,"Speakers, Bleachers And Preachers",Brandon Lay,51,8,Gains In Performance
2018-01-27,50,Hell If I Know,Chase Bryant,49,14,
2018-01-27,51,Heaven South,Brad Paisley,50,11,
2018-01-27,52,Tequila,Dan + Shay,35,2,
2018-01-27,53,Wild As You,Cody Johnson,54,7,
2018-01-27,54,Kiss Somebody,Morgan Evans,55,11,Gains In Performance
2018-01-27,55,Shoot Me Straight,Brothers Osborne,59,2,Gains In Performance
2018-01-27,56,Last Shot,Kip Moore,56,7,Gains In Performance
2018-01-27,57,Wake Me Up,Billy Currington,53,18,
2018-01-27,58,I Lived It,Blake Shelton,RE,2,Gains In Performance
2018-01-27,59,Guns & Roses,Drew Baldridge,60,3,Gains In Performance
2018-01-27,60,Diane,Cam,57,6,
2018-02-03,1,Yours,Russell Dickerson,1,40,Gains In Performance
2018-02-03,2,Losing Sleep,Chris Young,4,38,Gains In Performance
2018-02-03,3,Written In The Sand,Old Dominion,5,20,Gains In Performance
2018-02-03,4,Like I Loved You,Brett Young,3,28,
2018-02-03,5,Round Here Buzz,Eric Church,2,42,
2018-02-03,6,Legends,Kelsea Ballerini,7,34,Gains In Performance
2018-02-03,7,A Girl Like You,Easton Corbin,8,53,Gains In Performance
2018-02-03,8,Five More Minutes,Scotty McCreery,10,36,Gains In Performance
2018-02-03,9,Marry Me,Thomas Rhett,11,11,Gains In Performance
2018-02-03,10,All On Me,Devin Dawson,13,35,Gains In Performance
2018-02-03,11,Broken Halos,Chris Stapleton,16,28,Gains In Performance
2018-02-03,12,You Broke Up With Me,Walker Hayes,12,31,Gains In Performance
2018-02-03,13,The Long Way,Brett Eldredge,15,23,Gains In Performance
2018-02-03,14,Female,Keith Urban,14,12,Gains In Performance
2018-02-03,15,Most People Are Good,Luke Bryan,21,6,Gains In Performance
2018-02-03,16,Make A Little,Midland,17,19,Gains In Performance
2018-02-03,17,She's With Me,High Valley,18,39,Gains In Performance
2018-02-03,18,Singles You Up,Jordan Davis,19,32,Gains In Performance
2018-02-03,19,Happens Like That,Granger Smith,20,32,
2018-02-03,20,For The First Time,Darius Rucker,24,25,Gains In Performance
2018-02-03,21,Boy,Lee Brice,22,33,Gains In Performance
2018-02-03,22,Everything's Gonna Be Alright,David Lee Murphy & Kenny Chesney,23,12,Gains In Performance
2018-02-03,23,Ones That Like Me,Brantley Gilbert,25,28,Gains In Performance
2018-02-03,24,Meant To Be,Bebe Rexha & Florida Georgia Line,27,10,Gains In Performance
2018-02-03,25,The Rest Of Our Life,Tim McGraw & Faith Hill,26,17,Gains In Performance
2018-02-03,26,You Make It Easy,Jason Aldean,NEW,1,Highest ranking debut|Gains In Performance
2018-02-03,27,Heaven,Kane Brown,28,13,Gains In Performance
2018-02-03,28,Criminal,Lindsay Ell,31,8,Gains In Performance
2018-02-03,29,Up Down,Morgan Wallen Featuring Florida Georgia Line,30,11,Gains In Performance
2018-02-03,30,Get To You,Michael Ray,32,27,Gains In Performance
2018-02-03,31,"Woman, Amen",Dierks Bentley,29,2,
2018-02-03,32,She Ain't In It,Jon Pardi,33,15,Gains In Performance
2018-02-03,33,Take Back Home Girl,Chris Lane Featuring Tori Kelly,34,16,Gains In Performance
2018-02-03,34,One Number Away,Luke Combs,36,6,Gains In Performance
2018-02-03,35,Three Chords & The Truth,Chase Rice,35,22,Gains In Performance
2018-02-03,36,Heart Break,Lady Antebellum,37,18,Gains In Performance
2018-02-03,37,I Lived It,Blake Shelton,58,3,Gains In Performance
2018-02-03,38,Kinda Don't Care,Justin Moore,38,17,Gains In Performance
2018-02-03,39,Hooked,Dylan Scott,41,22,Gains In Performance
2018-02-03,40,When Someone Stops Loving You,Little Big Town,40,24,Gains In Performance
2018-02-03,41,I'd Be Jealous Too,Dustin Lynch,39,14,
2018-02-03,42,Wild West,Runaway June,43,16,Gains In Performance
2018-02-03,43,Drunk Girl,Chris Janson,42,8,Gains In Performance
2018-02-03,44,Doin' Fine,Lauren Alaina,44,26,Gains In Performance
2018-02-03,45,I Got This,Jerrod Niemann,45,4,Gains In Performance
2018-02-03,46,Tequila,Dan + Shay,52,3,Gains In Performance
2018-02-03,47,Still The Same,Sugarland,46,5,Gains In Performance
2018-02-03,48,Hide The Wine,Carly Pearce,47,7,
2018-02-03,49,"Speakers, Bleachers And Preachers",Brandon Lay,49,9,
2018-02-03,50,Shoot Me Straight,Brothers Osborne,55,3,Gains In Performance
2018-02-03,51,Kiss Somebody,Morgan Evans,54,12,Gains In Performance
2018-02-03,52,Hell If I Know,Chase Bryant,50,15,
2018-02-03,53,Last Shot,Kip Moore,56,8,Gains In Performance
2018-02-03,54,Don't Get Better Than That,LoCash,NEW,1,Gains In Performance
2018-02-03,55,Diane,Cam,60,7,Gains In Performance
2018-02-03,56,Guns & Roses,Drew Baldridge,59,4,
2018-02-03,57,Hey Mama,Michael Tyler,NEW,1,Gains In Performance
2018-02-03,58,Chills,James Barker Band,NEW,1,Gains In Performance
2018-02-03,59,American Rock 'N Roll,Kid Rock,NEW,1,Gains In Performance
2018-02-03,60,Sixteen,Thomas Rhett,RE,2,
2018-02-10,1,Losing Sleep,Chris Young,2,39,Gains In Performance
2018-02-10,2,Yours,Russell Dickerson,1,41,
2018-02-10,3,Written In The Sand,Old Dominion,3,21,Gains In Performance
2018-02-10,4,Legends,Kelsea Ballerini,6,35,Gains In Performance
2018-02-10,5,Five More Minutes,Scotty McCreery,8,37,Gains In Performance
2018-02-10,6,Marry Me,Thomas Rhett,9,12,Gains In Performance
2018-02-10,7,A Girl Like You,Easton Corbin,7,54,Gains In Performance
2018-02-10,8,Like I Loved You,Brett Young,4,29,
2018-02-10,9,Broken Halos,Chris Stapleton,11,29,Gains In Performance
2018-02-10,10,All On Me,Devin Dawson,10,36,Gains In Performance
2018-02-10,11,You Broke Up With Me,Walker Hayes,12,32,Gains In Performance
2018-02-10,12,The Long Way,Brett Eldredge,13,24,Gains In Performance
2018-02-10,13,Most People Are Good,Luke Bryan,15,7,Greatest gainer this week|Gains In Performance
2018-02-10,14,Female,Keith Urban,14,13,Gains In Performance
2018-02-10,15,Singles You Up,Jordan Davis,18,33,Gains In Performance
2018-02-10,16,She's With Me,High Valley,17,40,Gains In Performance
2018-02-10,17,Make A Little,Midland,16,20,Gains In Performance
2018-02-10,18,Happens Like That,Granger Smith,19,33,Gains In Performance
2018-02-10,19,For The First Time,Darius Rucker,20,26,Gains In Performance
2018-02-10,20,Boy,Lee Brice,21,34,Gains In Performance
2018-02-10,21,Everything's Gonna Be Alright,David Lee Murphy & Kenny Chesney,22,13,Gains In Performance
2018-02-10,22,Meant To Be,Bebe Rexha & Florida Georgia Line,24,11,Gains In Performance
2018-02-10,23,Ones That Like Me,Brantley Gilbert,23,29,Gains In Performance
2018-02-10,24,Heaven,Kane Brown,27,14,Gains In Performance
2018-02-10,25,"Woman, Amen",Dierks Bentley,31,3,Gains In Performance
2018-02-10,26,The Rest Of Our Life,Tim McGraw & Faith Hill,25,18,Gains In Performance
2018-02-10,27,You Make It Easy,Jason Aldean,26,2,Gains In Performance
2018-02-10,28,Up Down,Morgan Wallen Featuring Florida Georgia Line,29,12,Gains In Performance
2018-02-10,29,Criminal,Lindsay Ell,28,9,Gains In Performance
2018-02-10,30,Get To You,Michael Ray,30,28,Gains In Performance
2018-02-10,31,I Lived It,Blake Shelton,37,4,Gains In Performance
2018-02-10,32,Take Back Home Girl,Chris Lane Featuring Tori Kelly,33,17,Gains In Performance
2018-02-10,33,She Ain't In It,Jon Pardi,32,16,Gains In Performance
2018-02-10,34,One Number Away,Luke Combs,34,7,Gains In Performance
2018-02-10,35,Three Chords & The Truth,Chase Rice,35,23,Gains In Performance
2018-02-10,36,Heart Break,Lady Antebellum,36,19,Gains In Performance
2018-02-10,37,Kinda Don't Care,Justin Moore,38,18,Gains In Performance
2018-02-10,38,Hooked,Dylan Scott,39,23,Gains In Performance
2018-02-10,39,When Someone Stops Loving You,Little Big Town,40,25,Gains In Performance
2018-02-10,40,Drunk Girl,Chris Janson,43,9,Gains In Performance
2018-02-10,41,Doin' Fine,Lauren Alaina,44,27,Gains In Performance
2018-02-10,42,I'd Be Jealous Too,Dustin Lynch,41,15,
2018-02-10,43,Wild West,Runaway June,42,17,
2018-02-10,44,Tequila,Dan + Shay,46,4,Gains In Performance
2018-02-10,45,I Got This,Jerrod Niemann,45,5,Gains In Performance
2018-02-10,46,Shoot Me Straight,Brothers Osborne,50,4,Gains In Performance
2018-02-10,47,Hide The Wine,Carly Pearce,48,8,Gains In Performance
2018-02-10,48,Still The Same,Sugarland,47,6,
2018-02-10,49,Hell If I Know,Chase Bryant,52,16,Gains In Performance
2018-02-10,50,Don't Get Better Than That,LoCash,54,2,Gains In Performance
2018-02-10,51,Kiss Somebody,Morgan Evans,51,13,Gains In Performance
2018-02-10,52,"Speakers, Bleachers And Preachers",Brandon Lay,49,10,
2018-02-10,53,Last Shot,Kip Moore,53,9,Gains In Performance
2018-02-10,54,Diane,Cam,55,8,Gains In Performance
2018-02-10,55,A Little Dive Bar In Dahlonega,Ashley McBryde,RE,4,Gains In Performance
2018-02-10,56,Guns & Roses,Drew Baldridge,56,5,
2018-02-10,57,The Champion,Carrie Underwood Featuring Ludacris,NEW,1,Highest ranking debut|Gains In Performance
2018-02-10,58,Born To Love You,LANco,NEW,1,Gains In Performance
2018-02-10,59,Chills,James Barker Band,58,2,Gains In Performance
2018-02-10,60,Country Song,Casey Donahew,NEW,1,Gains In Performance
2018-02-17,1,Written In The Sand,Old Dominion,3,22,Greatest gainer this week|Gains In Performance
2018-02-17,2,Legends,Kelsea Ballerini,4,36,Gains In Performance
2018-02-17,3,Five More Minutes,Scotty McCreery,5,38,Gains In Performance
2018-02-17,4,Marry Me,Thomas Rhett,6,13,Gains In Performance
2018-02-17,5,Yours,Russell Dickerson,2,42,
2018-02-17,6,A Girl Like You,Easton Corbin,7,55,Gains In Performance
2018-02-17,7,Losing Sleep,Chris Young,1,40,
2018-02-17,8,Broken Halos,Chris Stapleton,9,30,Gains In Performance
2018-02-17,9,Like I Loved You,Brett Young,8,30,
2018-02-17,10,All On Me,Devin Dawson,10,37,Gains In Performance
2018-02-17,11,The Long Way,Brett Eldredge,12,25,Gains In Performance
2018-02-17,12,Most People Are Good,Luke Bryan,13,8,Gains In Performance
2018-02-17,13,You Broke Up With Me,Walker Hayes,11,33,
2018-02-17,14,Singles You Up,Jordan Davis,15,34,Gains In Performance
2018-02-17,15,Female,Keith Urban,14,14,Gains In Performance
2018-02-17,16,She's With Me,High Valley,16,41,Gains In Performance
2018-02-17,17,Make A Little,Midland,17,21,
2018-02-17,18,Happens Like That,Granger Smith,18,34,
2018-02-17,19,For The First Time,Darius Rucker,19,27,Gains In Performance
2018-02-17,20,Meant To Be,Bebe Rexha & Florida Georgia Line,22,12,Gains In Performance
2018-02-17,21,Boy,Lee Brice,20,35,Gains In Performance
2018-02-17,22,Everything's Gonna Be Alright,David Lee Murphy & Kenny Chesney,21,14,Gains In Performance
2018-02-17,23,You Make It Easy,Jason Aldean,27,3,Gains In Performance
2018-02-17,24,Ones That Like Me,Brantley Gilbert,23,30,Gains In Performance
2018-02-17,25,Heaven,Kane Brown,24,15,Gains In Performance
2018-02-17,26,"Woman, Amen",Dierks Bentley,25,4,Gains In Performance
2018-02-17,27,I Lived It,Blake Shelton,31,5,Gains In Performance
2018-02-17,28,Up Down,Morgan Wallen Featuring Florida Georgia Line,28,13,Gains In Performance
2018-02-17,29,The Rest Of Our Life,Tim McGraw & Faith Hill,26,19,
2018-02-17,30,Get To You,Michael Ray,30,29,Gains In Performance
2018-02-17,31,Criminal,Lindsay Ell,29,10,
2018-02-17,32,She Ain't In It,Jon Pardi,33,17,Gains In Performance
2018-02-17,33,One Number Away,Luke Combs,34,8,Gains In Performance
2018-02-17,34,Take Back Home Girl,Chris Lane Featuring Tori Kelly,32,18,Gains In Performance
2018-02-17,35,Three Chords & The Truth,Chase Rice,35,24,
2018-02-17,36,Heart Break,Lady Antebellum,36,20,Gains In Performance
2018-02-17,37,Hooked,Dylan Scott,38,24,Gains In Performance
2018-02-17,38,When Someone Stops Loving You,Little Big Town,39,26,Gains In Performance
2018-02-17,39,Kinda Don't Care,Justin Moore,37,19,Gains In Performance
2018-02-17,40,Drunk Girl,Chris Janson,40,10,Gains In Performance
2018-02-17,41,Doin' Fine,Lauren Alaina,41,28,Gains In Performance
2018-02-17,42,A Little Dive Bar In Dahlonega,Ashley McBryde,55,5,Gains In Performance
2018-02-17,43,Wild West,Runaway June,43,18,
2018-02-17,44,Tequila,Dan + Shay,44,5,
2018-02-17,45,I Got This,Jerrod Niemann,45,6,Gains In Performance
2018-02-17,46,Shoot Me Straight,Brothers Osborne,46,5,
2018-02-17,47,Don't Get Better Than That,LoCash,50,3,Gains In Performance
2018-02-17,48,Hide The Wine,Carly Pearce,47,9,Gains In Performance
2018-02-17,49,Still The Same,Sugarland,48,7,
2018-02-17,50,Kiss Somebody,Morgan Evans,51,14,Gains In Performance
2018-02-17,51,Hell If I Know,Chase Bryant,49,17,
2018-02-17,52,Last Shot,Kip Moore,53,10,Gains In Performance
2018-02-17,53,Born To Love You,LANco,58,2,Gains In Performance
2018-02-17,54,Diane,Cam,54,9,
2018-02-17,55,Guns & Roses,Drew Baldridge,56,6,Gains In Performance
2018-02-17,56,Mercy,Brett Young,NEW,1,Highest ranking debut|Gains In Performance
2018-02-17,57,Chills,James Barker Band,59,3,
2018-02-17,58,Country Song,Casey Donahew,60,2,
2018-02-17,59,American Rock 'N Roll,Kid Rock,RE,2,Gains In Performance
2018-02-17,60,Hey Mama,Michael Tyler,RE,2,Gains In Performance
2018-02-24,1,Legends,Kelsea Ballerini,2,37,Greatest gainer this week|Gains In Performance
2018-02-24,2,Written In The Sand,Old Dominion,1,23,
2018-02-24,3,Five More Minutes,Scotty McCreery,3,39,Gains In Performance
2018-02-24,4,Marry Me,Thomas Rhett,4,14,Gains In Performance
2018-02-24,5,Broken Halos,Chris Stapleton,8,31,Gains In Performance
2018-02-24,6,Yours,Russell Dickerson,5,43,
2018-02-24,7,All On Me,Devin Dawson,10,38,Gains In Performance
2018-02-24,8,Most People Are Good,Luke Bryan,12,9,Gains In Performance
2018-02-24,9,The Long Way,Brett Eldredge,11,26,Gains In Performance
2018-02-24,10,Singles You Up,Jordan Davis,14,35,Gains In Performance
2018-02-24,11,She's With Me,High Valley,16,42,Gains In Performance
2018-02-24,12,Female,Keith Urban,15,15,
2018-02-24,13,For The First Time,Darius Rucker,19,28,Gains In Performance
2018-02-24,14,You Make It Easy,Jason Aldean,23,4,Gains In Performance
2018-02-24,15,Happens Like That,Granger Smith,18,35,Gains In Performance
2018-02-24,16,Meant To Be,Bebe Rexha & Florida Georgia Line,20,13,Gains In Performance
2018-02-24,17,Boy,Lee Brice,21,36,Gains In Performance
2018-02-24,18,Everything's Gonna Be Alright,David Lee Murphy & Kenny Chesney,22,15,Gains In Performance
2018-02-24,19,I Lived It,Blake Shelton,27,6,Gains In Performance
2018-02-24,20,Heaven,Kane Brown,25,16,Gains In Performance
2018-02-24,21,Ones That Like Me,Brantley Gilbert,24,31,Gains In Performance
2018-02-24,22,"Woman, Amen",Dierks Bentley,26,5,Gains In Performance
2018-02-24,23,Up Down,Morgan Wallen Featuring Florida Georgia Line,28,14,Gains In Performance
2018-02-24,24,Get To You,Michael Ray,30,30,
2018-02-24,25,The Rest Of Our Life,Tim McGraw & Faith Hill,29,20,
2018-02-24,26,Criminal,Lindsay Ell,31,11,
2018-02-24,27,Take Back Home Girl,Chris Lane Featuring Tori Kelly,34,19,Gains In Performance
2018-02-24,28,One Number Away,Luke Combs,33,9,Gains In Performance
2018-02-24,29,She Ain't In It,Jon Pardi,32,18,Gains In Performance
2018-02-24,30,Kiss Somebody,Morgan Evans,50,15,Gains In Performance
2018-02-24,31,Three Chords & The Truth,Chase Rice,35,25,Gains In Performance
2018-02-24,32,Heart Break,Lady Antebellum,36,21,
2018-02-24,33,Hooked,Dylan Scott,37,25,Gains In Performance
2018-02-24,34,Kinda Don't Care,Justin Moore,39,20,
2018-02-24,35,Drunk Girl,Chris Janson,40,11,Gains In Performance
2018-02-24,36,A Little Dive Bar In Dahlonega,Ashley McBryde,42,6,Gains In Performance
2018-02-24,37,Doin' Fine,Lauren Alaina,41,29,Gains In Performance
2018-02-24,38,Tequila,Dan + Shay,44,6,Gains In Performance
2018-02-24,39,I Got This,Jerrod Niemann,45,7,Gains In Performance
2018-02-24,40,Wild West,Runaway June,43,19,Gains In Performance
2018-02-24,41,Shoot Me Straight,Brothers Osborne,46,6,Gains In Performance
2018-02-24,42,Hide The Wine,Carly Pearce,48,10,Gains In Performance
2018-02-24,43,Still The Same,Sugarland,49,8,
2018-02-24,44,Diane,Cam,54,10,Gains In Performance
2018-02-24,45,Last Shot,Kip Moore,52,11,Gains In Performance
2018-02-24,46,Don't Get Better Than That,LoCash,47,4,
2018-02-24,47,Hell If I Know,Chase Bryant,51,18,
2018-02-24,48,Mercy,Brett Young,56,2,Gains In Performance
2018-02-24,49,Born To Love You,LANco,53,3,Gains In Performance
2018-02-24,50,Rich,Maren Morris,NEW,1,Highest ranking debut|Gains In Performance
2018-02-24,51,Guns & Roses,Drew Baldridge,55,7,
2018-02-24,52,American Rock 'N Roll,Kid Rock,59,3,Gains In Performance
2018-02-24,53,Best Shot,Jimmie Allen,NEW,1,Gains In Performance
2018-02-24,54,Something 'Bout You,Sir Rosevelt,NEW,1,Gains In Performance
2018-02-24,55,Country Song,Casey Donahew,58,3,
2018-02-24,56,Chills,James Barker Band,57,4,
2018-02-24,57,Reasons,Jillian Jacqueline,NEW,1,Gains In Performance
2018-02-24,58,Hangin' On,Chris Young,NEW,1,Gains In Performance
2018-02-24,59,Sixteen,Thomas Rhett,RE,3,
2018-02-24,60,Hey Mama,Michael Tyler,60,3,
2018-03-03,1,Five More Minutes,Scotty McCreery,3,40,Gains In Performance
2018-03-03,2,Marry Me,Thomas Rhett,4,15,Gains In Performance
2018-03-03,3,Broken Halos,Chris Stapleton,5,32,Gains In Performance
2018-03-03,4,Written In The Sand,Old Dominion,2,24,
2018-03-03,5,All On Me,Devin Dawson,7,39,Gains In Performance
2018-03-03,6,Yours,Russell Dickerson,6,44,
2018-03-03,7,Most People Are Good,Luke Bryan,8,10,Gains In Performance
2018-03-03,8,The Long Way,Brett Eldredge,9,27,Gains In Performance
2018-03-03,9,Legends,Kelsea Ballerini,1,38,
2018-03-03,10,Singles You Up,Jordan Davis,10,36,Gains In Performance
2018-03-03,11,She's With Me,High Valley,11,43,Gains In Performance
2018-03-03,12,Female,Keith Urban,12,16,Gains In Performance
2018-03-03,13,You Make It Easy,Jason Aldean,14,5,Gains In Performance
2018-03-03,14,For The First Time,Darius Rucker,13,29,Gains In Performance
2018-03-03,15,Meant To Be,Bebe Rexha & Florida Georgia Line,16,14,Gains In Performance
2018-03-03,16,Happens Like That,Granger Smith,15,36,Gains In Performance
2018-03-03,17,Heaven,Kane Brown,20,17,Gains In Performance
2018-03-03,18,Boy,Lee Brice,17,37,Gains In Performance
2018-03-03,19,I Lived It,Blake Shelton,19,7,Gains In Performance
2018-03-03,20,Everything's Gonna Be Alright,David Lee Murphy & Kenny Chesney,18,16,Gains In Performance
2018-03-03,21,"Woman, Amen",Dierks Bentley,22,6,Gains In Performance
2018-03-03,22,Ones That Like Me,Brantley Gilbert,21,32,Gains In Performance
2018-03-03,23,Up Down,Morgan Wallen Featuring Florida Georgia Line,23,15,Gains In Performance
2018-03-03,24,Get To You,Michael Ray,24,31,Gains In Performance
2018-03-03,25,One Number Away,Luke Combs,28,10,Gains In Performance
2018-03-03,26,Take Back Home Girl,Chris Lane Featuring Tori Kelly,27,20,Gains In Performance
2018-03-03,27,Criminal,Lindsay Ell,26,12,Gains In Performance
2018-03-03,28,Break Up In The End,Cole Swindell,NEW,1,Highest ranking debut|Gains In Performance
2018-03-03,29,She Ain't In It,Jon Pardi,29,19,Gains In Performance
2018-03-03,30,Kiss Somebody,Morgan Evans,30,16,Gains In Performance
2018-03-03,31,Three Chords & The Truth,Chase Rice,31,26,Gains In Performance
2018-03-03,32,Heart Break,Lady Antebellum,32,22,Gains In Performance
2018-03-03,33,Hooked,Dylan Scott,33,26,Gains In Performance
2018-03-03,34,Kinda Don't Care,Justin Moore,34,21,Gains In Performance
2018-03-03,35,A Little Dive Bar In Dahlonega,Ashley McBryde,36,7,Gains In Performance
2018-03-03,36,Doin' Fine,Lauren Alaina,37,30,Gains In Performance
2018-03-03,37,Drunk Girl,Chris Janson,35,12,
2018-03-03,38,I Got This,Jerrod Niemann,39,8,Gains In Performance
2018-03-03,39,Tequila,Dan + Shay,38,7,Gains In Performance
2018-03-03,40,I'd Be Jealous Too,Dustin Lynch,RE,16,Gains In Performance
2018-03-03,41,Wild West,Runaway June,40,20,Gains In Performance
2018-03-03,42,Mercy,Brett Young,48,3,Gains In Performance
2018-03-03,43,Shoot Me Straight,Brothers Osborne,41,7,Gains In Performance
2018-03-03,44,Hide The Wine,Carly Pearce,42,11,Gains In Performance
2018-03-03,45,Diane,Cam,44,11,Gains In Performance
2018-03-03,46,Still The Same,Sugarland,43,9,Gains In Performance
2018-03-03,47,Last Shot,Kip Moore,45,12,Gains In Performance
2018-03-03,48,"Speakers, Bleachers And Preachers",Brandon Lay,RE,11,Gains In Performance
2018-03-03,49,Don't Get Better Than That,LoCash,46,5,Gains In Performance
2018-03-03,50,Rich,Maren Morris,50,2,Gains In Performance
2018-03-03,51,Born To Love You,LANco,49,4,Gains In Performance
2018-03-03,52,Best Shot,Jimmie Allen,53,2,Gains In Performance
2018-03-03,53,Guns & Roses,Drew Baldridge,51,8,
2018-03-03,54,Reasons,Jillian Jacqueline,57,2,Gains In Performance
2018-03-03,55,Worth It,Danielle Bradbery,NEW,1,Gains In Performance
2018-03-03,56,American Rock 'N Roll,Kid Rock,52,4,Gains In Performance
2018-03-03,57,Something 'Bout You,Sir Rosevelt,54,2,
2018-03-03,58,Chills,James Barker Band,56,5,Gains In Performance
2018-03-03,59,Country Song,Casey Donahew,55,4,Gains In Performance
2018-03-03,60,Run Wild Horses,Aaron Watson,NEW,1,Gains In Performance
2018-03-10,1,Marry Me,Thomas Rhett,2,16,Gains In Performance
2018-03-10,2,Broken Halos,Chris Stapleton,3,33,Gains In Performance
2018-03-10,3,Five More Minutes,Scotty McCreery,1,41,
2018-03-10,4,Most People Are Good,Luke Bryan,7,11,Gains In Performance
2018-03-10,5,All On Me,Devin Dawson,5,40,Gains In Performance
2018-03-10,6,The Long Way,Brett Eldredge,8,28,Gains In Performance
2018-03-10,7,Written In The Sand,Old Dominion,4,25,
2018-03-10,8,Singles You Up,Jordan Davis,10,37,Gains In Performance
2018-03-10,9,She's With Me,High Valley,11,44,Gains In Performance
2018-03-10,10,You Make It Easy,Jason Aldean,13,6,Gains In Performance
2018-03-10,11,Meant To Be,Bebe Rexha & Florida Georgia Line,15,15,Gains In Performance
2018-03-10,12,For The First Time,Darius Rucker,14,30,Gains In Performance
2018-03-10,13,Happens Like That,Granger Smith,16,37,Gains In Performance
2018-03-10,14,Heaven,Kane Brown,17,18,Gains In Performance
2018-03-10,15,I Lived It,Blake Shelton,19,8,Gains In Performance
2018-03-10,16,Boy,Lee Brice,18,38,Gains In Performance
2018-03-10,17,"Woman, Amen",Dierks Bentley,21,7,Gains In Performance
2018-03-10,18,Everything's Gonna Be Alright,David Lee Murphy & Kenny Chesney,20,17,Gains In Performance
2018-03-10,19,Ones That Like Me,Brantley Gilbert,22,33,Gains In Performance
2018-03-10,20,Up Down,Morgan Wallen Featuring Florida Georgia Line,23,16,Gains In Performance
2018-03-10,21,One Number Away,Luke Combs,25,11,Gains In Performance
2018-03-10,22,I Was Jack (You Were Diane),Jake Owen,NEW,1,Highest ranking debut|Gains In Performance
2018-03-10,23,Get To You,Michael Ray,24,32,Gains In Performance
2018-03-10,24,Take Back Home Girl,Chris Lane Featuring Tori Kelly,26,21,Gains In Performance
2018-03-10,25,Kiss Somebody,Morgan Evans,30,17,Gains In Performance
2018-03-10,26,She Ain't In It,Jon Pardi,29,20,Gains In Performance
2018-03-10,27,Female,Keith Urban,12,17,
2018-03-10,28,Criminal,Lindsay Ell,27,13,
2018-03-10,29,Three Chords & The Truth,Chase Rice,31,27,Gains In Performance
2018-03-10,30,Heart Break,Lady Antebellum,32,23,Gains In Performance
2018-03-10,31,Hooked,Dylan Scott,33,27,Gains In Performance
2018-03-10,32,Kinda Don't Care,Justin Moore,34,22,Gains In Performance
2018-03-10,33,Doin' Fine,Lauren Alaina,36,31,Gains In Performance
2018-03-10,34,A Little Dive Bar In Dahlonega,Ashley McBryde,35,8,Gains In Performance
2018-03-10,35,Break Up In The End,Cole Swindell,28,2,Gains In Performance
2018-03-10,36,Drunk Girl,Chris Janson,37,13,Gains In Performance
2018-03-10,37,Tequila,Dan + Shay,39,8,Gains In Performance
2018-03-10,38,I Got This,Jerrod Niemann,38,9,Gains In Performance
2018-03-10,39,Mercy,Brett Young,42,4,Gains In Performance
2018-03-10,40,Wild West,Runaway June,41,21,Gains In Performance
2018-03-10,41,Hide The Wine,Carly Pearce,44,12,Gains In Performance
2018-03-10,42,I'd Be Jealous Too,Dustin Lynch,40,17,
2018-03-10,43,Diane,Cam,45,12,Gains In Performance
2018-03-10,44,Shoot Me Straight,Brothers Osborne,43,8,Gains In Performance
2018-03-10,45,Last Shot,Kip Moore,47,13,Gains In Performance
2018-03-10,46,Still The Same,Sugarland,46,10,Gains In Performance
2018-03-10,47,Born To Love You,LANco,51,5,Gains In Performance
2018-03-10,48,Don't Get Better Than That,LoCash,49,6,Gains In Performance
2018-03-10,49,"Speakers, Bleachers And Preachers",Brandon Lay,48,12,Gains In Performance
2018-03-10,50,Rich,Maren Morris,50,3,Gains In Performance
2018-03-10,51,Best Shot,Jimmie Allen,52,3,Gains In Performance
2018-03-10,52,Worth It,Danielle Bradbery,55,2,Gains In Performance
2018-03-10,53,Reasons,Jillian Jacqueline,54,3,Gains In Performance
2018-03-10,54,Something 'Bout You,Sir Rosevelt,57,3,Gains In Performance
2018-03-10,55,Hey Mama,Michael Tyler,RE,4,Gains In Performance
2018-03-10,56,American Rock 'N Roll,Kid Rock,56,5,Gains In Performance
2018-03-10,57,Country Song,Casey Donahew,59,5,Gains In Performance
2018-03-10,58,Chills,James Barker Band,58,6,Gains In Performance
2018-03-10,59,I Hate Love Songs,Kelsea Ballerini,NEW,1,Gains In Performance
2018-03-10,60,Blue Tacoma,Russell Dickerson,NEW,1,Gains In Performance
2018-03-17,1,Marry Me,Thomas Rhett,1,17,Gains In Performance
2018-03-17,2,Broken Halos,Chris Stapleton,2,34,Gains In Performance
2018-03-17,3,Most People Are Good,Luke Bryan,4,12,Gains In Performance
2018-03-17,4,Five More Minutes,Scotty McCreery,3,42,
2018-03-17,5,All On Me,Devin Dawson,5,41,Gains In Performance
2018-03-17,6,The Long Way,Brett Eldredge,6,29,Gains In Performance
2018-03-17,7,Singles You Up,Jordan Davis,8,38,Gains In Performance
2018-03-17,8,She's With Me,High Valley,9,45,Gains In Performance
2018-03-17,9,Meant To Be,Bebe Rexha & Florida Georgia Line,11,16,Greatest gainer this week|Gains In Performance
2018-03-17,10,You Make It Easy,Jason Aldean,10,7,Gains In Performance
2018-03-17,11,For The First Time,Darius Rucker,12,31,Gains In Performance
2018-03-17,12,Heaven,Kane Brown,14,19,Gains In Performance
2018-03-17,13,I Lived It,Blake Shelton,15,9,Gains In Performance
2018-03-17,14,Happens Like That,Granger Smith,13,38,Gains In Performance
2018-03-17,15,Everything's Gonna Be Alright,David Lee Murphy & Kenny Chesney,18,18,Gains In Performance
2018-03-17,16,"Woman, Amen",Dierks Bentley,17,8,Gains In Performance
2018-03-17,17,Boy,Lee Brice,16,39,Gains In Performance
2018-03-17,18,One Number Away,Luke Combs,21,12,Gains In Performance
2018-03-17,19,Ones That Like Me,Brantley Gilbert,19,34,Gains In Performance
2018-03-17,20,Up Down,Morgan Wallen Featuring Florida Georgia Line,20,17,Gains In Performance
2018-03-17,21,Get To You,Michael Ray,23,33,Gains In Performance
2018-03-17,22,Take Back Home Girl,Chris Lane Featuring Tori Kelly,24,22,Gains In Performance
2018-03-17,23,Kiss Somebody,Morgan Evans,25,18,Gains In Performance
2018-03-17,24,She Ain't In It,Jon Pardi,26,21,Gains In Performance
2018-03-17,25,Criminal,Lindsay Ell,28,14,Gains In Performance
2018-03-17,26,Hooked,Dylan Scott,31,28,Gains In Performance
2018-03-17,27,I Was Jack (You Were Diane),Jake Owen,22,2,
2018-03-17,28,Heart Break,Lady Antebellum,30,24,Gains In Performance
2018-03-17,29,Three Chords & The Truth,Chase Rice,29,28,Gains In Performance
2018-03-17,30,Kinda Don't Care,Justin Moore,32,23,Gains In Performance
2018-03-17,31,Doin' Fine,Lauren Alaina,33,32,Gains In Performance
2018-03-17,32,Break Up In The End,Cole Swindell,35,3,Gains In Performance
2018-03-17,33,A Little Dive Bar In Dahlonega,Ashley McBryde,34,9,Gains In Performance
2018-03-17,34,Female,Keith Urban,27,18,
2018-03-17,35,Tequila,Dan + Shay,37,9,Gains In Performance
2018-03-17,36,Drunk Girl,Chris Janson,36,14,
2018-03-17,37,Mercy,Brett Young,39,5,Gains In Performance
2018-03-17,38,Wild West,Runaway June,40,22,Gains In Performance
2018-03-17,39,I Got This,Jerrod Niemann,38,10,Gains In Performance
2018-03-17,40,Hide The Wine,Carly Pearce,41,13,Gains In Performance
2018-03-17,41,I'd Be Jealous Too,Dustin Lynch,42,18,Gains In Performance
2018-03-17,42,Shoot Me Straight,Brothers Osborne,44,9,Gains In Performance
2018-03-17,43,Rich,Maren Morris,50,4,Gains In Performance
2018-03-17,44,Diane,Cam,43,13,
2018-03-17,45,Last Shot,Kip Moore,45,14,Gains In Performance
2018-03-17,46,Still The Same,Sugarland,46,11,Gains In Performance
2018-03-17,47,Don't Get Better Than That,LoCash,48,7,Gains In Performance
2018-03-17,48,"Speakers, Bleachers And Preachers",Brandon Lay,49,13,Gains In Performance
2018-03-17,49,Born To Love You,LANco,47,6,Gains In Performance
2018-03-17,50,Best Shot,Jimmie Allen,51,4,Gains In Performance
2018-03-17,51,Worth It,Danielle Bradbery,52,3,Gains In Performance
2018-03-17,52,Hangin' On,Chris Young,RE,2,Gains In Performance
2018-03-17,53,Blue Tacoma,Russell Dickerson,60,2,Gains In Performance
2018-03-17,54,Country Song,Casey Donahew,57,6,Gains In Performance
2018-03-17,55,Reasons,Jillian Jacqueline,53,4,Gains In Performance
2018-03-17,56,Something 'Bout You,Sir Rosevelt,54,4,Gains In Performance
2018-03-17,57,I Hate Love Songs,Kelsea Ballerini,59,2,Gains In Performance
2018-03-17,58,American Rock 'N Roll,Kid Rock,56,6,Gains In Performance
2018-03-17,59,Young Forever,Eric Paslay,NEW,1,Highest ranking debut|Gains In Performance
2018-03-17,60,Chills,James Barker Band,58,7,Gains In Performance
2018-03-24,1,Broken Halos,Chris Stapleton,2,35,Gains In Performance
2018-03-24,2,Marry Me,Thomas Rhett,1,18,
2018-03-24,3,Most People Are Good,Luke Bryan,3,13,Gains In Performance
2018-03-24,4,All On Me,Devin Dawson,5,42,Gains In Performance
2018-03-24,5,Singles You Up,Jordan Davis,7,39,Gains In Performance
2018-03-24,6,The Long Way,Brett Eldredge,6,30,Gains In Performance
2018-03-24,7,Meant To Be,Bebe Rexha & Florida Georgia Line,9,17,Greatest gainer this week|Gains In Performance
2018-03-24,8,Five More Minutes,Scotty McCreery,4,43,
2018-03-24,9,She's With Me,High Valley,8,46,Gains In Performance
2018-03-24,10,You Make It Easy,Jason Aldean,10,8,Gains In Performance
2018-03-24,11,For The First Time,Darius Rucker,11,32,Gains In Performance
2018-03-24,12,Heaven,Kane Brown,12,20,Gains In Performance
2018-03-24,13,I Lived It,Blake Shelton,13,10,Gains In Performance
2018-03-24,14,Happens Like That,Granger Smith,14,39,Gains In Performance
2018-03-24,15,Everything's Gonna Be Alright,David Lee Murphy & Kenny Chesney,15,19,Gains In Performance
2018-03-24,16,"Woman, Amen",Dierks Bentley,16,9,Gains In Performance
2018-03-24,17,Boy,Lee Brice,17,40,Gains In Performance
2018-03-24,18,One Number Away,Luke Combs,18,13,Gains In Performance
2018-03-24,19,Ones That Like Me,Brantley Gilbert,19,35,Gains In Performance
2018-03-24,20,Up Down,Morgan Wallen Featuring Florida Georgia Line,20,18,Gains In Performance
2018-03-24,21,Take Back Home Girl,Chris Lane Featuring Tori Kelly,22,23,Gains In Performance
2018-03-24,22,Get To You,Michael Ray,21,34,Gains In Performance
2018-03-24,23,Kiss Somebody,Morgan Evans,23,19,Gains In Performance
2018-03-24,24,I Was Jack (You Were Diane),Jake Owen,27,3,Gains In Performance
2018-03-24,25,Criminal,Lindsay Ell,25,15,Gains In Performance
2018-03-24,26,She Ain't In It,Jon Pardi,24,22,Gains In Performance
2018-03-24,27,Hooked,Dylan Scott,26,29,Gains In Performance
2018-03-24,28,Heart Break,Lady Antebellum,28,25,Gains In Performance
2018-03-24,29,Three Chords & The Truth,Chase Rice,29,29,Gains In Performance
2018-03-24,30,Kinda Don't Care,Justin Moore,30,24,Gains In Performance
2018-03-24,31,Doin' Fine,Lauren Alaina,31,33,Gains In Performance
2018-03-24,32,Break Up In The End,Cole Swindell,32,4,Gains In Performance
2018-03-24,33,A Little Dive Bar In Dahlonega,Ashley McBryde,33,10,Gains In Performance
2018-03-24,34,Tequila,Dan + Shay,35,10,Gains In Performance
2018-03-24,35,Drunk Girl,Chris Janson,36,15,Gains In Performance
2018-03-24,36,Mercy,Brett Young,37,6,Gains In Performance
2018-03-24,37,Wild West,Runaway June,38,23,Gains In Performance
2018-03-24,38,Hide The Wine,Carly Pearce,40,14,Gains In Performance
2018-03-24,39,I'd Be Jealous Too,Dustin Lynch,41,19,Gains In Performance
2018-03-24,40,I Got This,Jerrod Niemann,39,11,Gains In Performance
2018-03-24,41,Rich,Maren Morris,43,5,Gains In Performance
2018-03-24,42,Shoot Me Straight,Brothers Osborne,42,10,
2018-03-24,43,Last Shot,Kip Moore,45,15,Gains In Performance
2018-03-24,44,Diane,Cam,44,14,
2018-03-24,45,Born To Love You,LANco,49,7,Gains In Performance
2018-03-24,46,Still The Same,Sugarland,46,12,
2018-03-24,47,"Speakers, Bleachers And Preachers",Brandon Lay,48,14,Gains In Performance
2018-03-24,48,Best Shot,Jimmie Allen,50,5,Gains In Performance
2018-03-24,49,Don't Get Better Than That,LoCash,47,8,
2018-03-24,50,Worth It,Danielle Bradbery,51,4,Gains In Performance
2018-03-24,51,I Hate Love Songs,Kelsea Ballerini,57,3,Gains In Performance
2018-03-24,52,Hangin' On,Chris Young,52,3,Gains In Performance
2018-03-24,53,Blue Tacoma,Russell Dickerson,53,3,Gains In Performance
2018-03-24,54,Something 'Bout You,Sir Rosevelt,56,5,Gains In Performance
2018-03-24,55,Reasons,Jillian Jacqueline,55,5,Gains In Performance
2018-03-24,56,American Rock 'N Roll,Kid Rock,58,7,Gains In Performance
2018-03-24,57,You Got 'Em All,Trent Harmon,NEW,1,Highest ranking debut|Gains In Performance
2018-03-24,58,Country Song,Casey Donahew,54,7,
2018-03-24,59,Run Wild Horses,Aaron Watson,RE,2,Gains In Performance
2018-03-24,60,Young Forever,Eric Paslay,59,2,Gains In Performance
2018-03-31,1,Most People Are Good,Luke Bryan,3,14,Gains In Performance
2018-03-31,2,All On Me,Devin Dawson,4,43,Gains In Performance
2018-03-31,3,Marry Me,Thomas Rhett,2,19,
2018-03-31,4,Meant To Be,Bebe Rexha & Florida Georgia Line,7,18,Gains In Performance
2018-03-31,5,Singles You Up,Jordan Davis,5,40,Gains In Performance
2018-03-31,6,The Long Way,Brett Eldredge,6,31,Gains In Performance
2018-03-31,7,Broken Halos,Chris Stapleton,1,36,
2018-03-31,8,You Make It Easy,Jason Aldean,10,9,Gains In Performance
2018-03-31,9,She's With Me,High Valley,9,47,Gains In Performance
2018-03-31,10,Heaven,Kane Brown,12,21,Gains In Performance
2018-03-31,11,For The First Time,Darius Rucker,11,33,Gains In Performance
2018-03-31,12,I Lived It,Blake Shelton,13,11,Gains In Performance
2018-03-31,13,"Woman, Amen",Dierks Bentley,16,10,Gains In Performance
2018-03-31,14,Everything's Gonna Be Alright,David Lee Murphy & Kenny Chesney,15,20,Gains In Performance
2018-03-31,15,One Number Away,Luke Combs,18,14,Gains In Performance
2018-03-31,16,Boy,Lee Brice,17,41,Gains In Performance
2018-03-31,17,Up Down,Morgan Wallen Featuring Florida Georgia Line,20,19,Gains In Performance
2018-03-31,18,Ones That Like Me,Brantley Gilbert,19,36,Gains In Performance
2018-03-31,19,Take Back Home Girl,Chris Lane Featuring Tori Kelly,21,24,Gains In Performance
2018-03-31,20,Get To You,Michael Ray,22,35,Gains In Performance
2018-03-31,21,I Was Jack (You Were Diane),Jake Owen,24,4,Gains In Performance
2018-03-31,22,Kiss Somebody,Morgan Evans,23,20,Gains In Performance
2018-03-31,23,Coming Home,Keith Urban Featuring Julia Michaels,NEW,1,Highest ranking debut|Gains In Performance
2018-03-31,24,Criminal,Lindsay Ell,25,16,Gains In Performance
2018-03-31,25,She Ain't In It,Jon Pardi,26,23,
2018-03-31,26,Heart Break,Lady Antebellum,28,26,Gains In Performance
2018-03-31,27,Hooked,Dylan Scott,27,30,Gains In Performance
2018-03-31,28,Doin' Fine,Lauren Alaina,31,34,Gains In Performance
2018-03-31,29,Three Chords & The Truth,Chase Rice,29,30,Gains In Performance
2018-03-31,30,Kinda Don't Care,Justin Moore,30,25,Gains In Performance
2018-03-31,31,Tequila,Dan + Shay,34,11,Gains In Performance
2018-03-31,32,Break Up In The End,Cole Swindell,32,5,Gains In Performance
2018-03-31,33,A Little Dive Bar In Dahlonega,Ashley McBryde,33,11,Gains In Performance
2018-03-31,34,Drunk Girl,Chris Janson,35,16,Gains In Performance
2018-03-31,35,Mercy,Brett Young,36,7,Gains In Performance
2018-03-31,36,Wild West,Runaway June,37,24,Gains In Performance
2018-03-31,37,Hide The Wine,Carly Pearce,38,15,Gains In Performance
2018-03-31,38,I'd Be Jealous Too,Dustin Lynch,39,20,Gains In Performance
2018-03-31,39,I Got This,Jerrod Niemann,40,12,Gains In Performance
2018-03-31,40,Rich,Maren Morris,41,6,Gains In Performance
2018-03-31,41,Shoot Me Straight,Brothers Osborne,42,11,Gains In Performance
2018-03-31,42,Last Shot,Kip Moore,43,16,Gains In Performance
2018-03-31,43,Born To Love You,LANco,45,8,Gains In Performance
2018-03-31,44,Diane,Cam,44,15,Gains In Performance
2018-03-31,45,Still The Same,Sugarland,46,13,Gains In Performance
2018-03-31,46,Don't Get Better Than That,LoCash,49,9,Gains In Performance
2018-03-31,47,Worth It,Danielle Bradbery,50,5,Gains In Performance
2018-03-31,48,Hangin' On,Chris Young,52,4,Gains In Performance
2018-03-31,49,I Hate Love Songs,Kelsea Ballerini,51,4,Gains In Performance
2018-03-31,50,Best Shot,Jimmie Allen,48,6,Gains In Performance
2018-03-31,51,"Speakers, Bleachers And Preachers",Brandon Lay,47,15,
2018-03-31,52,Blue Tacoma,Russell Dickerson,53,4,Gains In Performance
2018-03-31,53,You Got 'Em All,Trent Harmon,57,2,Gains In Performance
2018-03-31,54,Hotel Key,Old Dominion,NEW,1,Gains In Performance
2018-03-31,55,American Rock 'N Roll,Kid Rock,56,8,Gains In Performance
2018-03-31,56,Something 'Bout You,Sir Rosevelt,54,6,
2018-03-31,57,Reasons,Jillian Jacqueline,55,6,Gains In Performance
2018-03-31,58,Country Song,Casey Donahew,58,8,Gains In Performance
2018-03-31,59,Run Wild Horses,Aaron Watson,59,3,Gains In Performance
2018-03-31,60,Hey Mama,Michael Tyler,RE,5,
2018-04-07,1,Most People Are Good,Luke Bryan,1,15,Gains In Performance
2018-04-07,2,Singles You Up,Jordan Davis,5,41,Greatest gainer this week|Gains In Performance
2018-04-07,3,Meant To Be,Bebe Rexha & Florida Georgia Line,4,19,Gains In Performance
2018-04-07,4,Marry Me,Thomas Rhett,3,20,
2018-04-07,5,The Long Way,Brett Eldredge,6,32,Gains In Performance
2018-04-07,6,You Make It Easy,Jason Aldean,8,10,Gains In Performance
2018-04-07,7,Heaven,Kane Brown,10,22,Gains In Performance
2018-04-07,8,She's With Me,High Valley,9,48,Gains In Performance
2018-04-07,9,Broken Halos,Chris Stapleton,7,37,
2018-04-07,10,All On Me,Devin Dawson,2,44,
2018-04-07,11,For The First Time,Darius Rucker,11,34,Gains In Performance
2018-04-07,12,I Lived It,Blake Shelton,12,12,Gains In Performance
2018-04-07,13,"Woman, Amen",Dierks Bentley,13,11,Gains In Performance
2018-04-07,14,Everything's Gonna Be Alright,David Lee Murphy & Kenny Chesney,14,21,Gains In Performance
2018-04-07,15,One Number Away,Luke Combs,15,15,Gains In Performance
2018-04-07,16,Up Down,Morgan Wallen Featuring Florida Georgia Line,17,20,Gains In Performance
2018-04-07,17,Ones That Like Me,Brantley Gilbert,18,37,Gains In Performance
2018-04-07,18,I Was Jack (You Were Diane),Jake Owen,21,5,Gains In Performance
2018-04-07,19,Boy,Lee Brice,16,42,
2018-04-07,20,Take Back Home Girl,Chris Lane Featuring Tori Kelly,19,25,Gains In Performance
2018-04-07,21,Get To You,Michael Ray,20,36,Gains In Performance
2018-04-07,22,Kiss Somebody,Morgan Evans,22,21,Gains In Performance
2018-04-07,23,Criminal,Lindsay Ell,24,17,Gains In Performance
2018-04-07,24,She Ain't In It,Jon Pardi,25,24,Gains In Performance
2018-04-07,25,Heart Break,Lady Antebellum,26,27,Gains In Performance
2018-04-07,26,Hooked,Dylan Scott,27,31,Gains In Performance
2018-04-07,27,Kinda Don't Care,Justin Moore,30,26,Gains In Performance
2018-04-07,28,Three Chords & The Truth,Chase Rice,29,31,Gains In Performance
2018-04-07,29,Tequila,Dan + Shay,31,12,Gains In Performance
2018-04-07,30,Doin' Fine,Lauren Alaina,28,35,Gains In Performance
2018-04-07,31,Coming Home,Keith Urban Featuring Julia Michaels,23,2,
2018-04-07,32,Break Up In The End,Cole Swindell,32,6,Gains In Performance
2018-04-07,33,Mercy,Brett Young,35,8,Gains In Performance
2018-04-07,34,A Little Dive Bar In Dahlonega,Ashley McBryde,33,12,Gains In Performance
2018-04-07,35,Drunk Girl,Chris Janson,34,17,Gains In Performance
2018-04-07,36,Wild West,Runaway June,36,25,Gains In Performance
2018-04-07,37,Hide The Wine,Carly Pearce,37,16,Gains In Performance
2018-04-07,38,I'd Be Jealous Too,Dustin Lynch,38,21,Gains In Performance
2018-04-07,39,I Got This,Jerrod Niemann,39,13,Gains In Performance
2018-04-07,40,Shoot Me Straight,Brothers Osborne,41,12,Gains In Performance
2018-04-07,41,Rich,Maren Morris,40,7,Gains In Performance
2018-04-07,42,Last Shot,Kip Moore,42,17,Gains In Performance
2018-04-07,43,Best Shot,Jimmie Allen,50,7,Gains In Performance
2018-04-07,44,I Hate Love Songs,Kelsea Ballerini,49,5,Gains In Performance
2018-04-07,45,Hangin' On,Chris Young,48,5,Gains In Performance
2018-04-07,46,Born To Love You,LANco,43,9,
2018-04-07,47,Worth It,Danielle Bradbery,47,6,Gains In Performance
2018-04-07,48,Diane,Cam,44,16,Gains In Performance
2018-04-07,49,You Got 'Em All,Trent Harmon,53,3,Gains In Performance
2018-04-07,50,Still The Same,Sugarland,45,14,
2018-04-07,51,Don't Get Better Than That,LoCash,46,10,
2018-04-07,52,"Speakers, Bleachers And Preachers",Brandon Lay,51,16,
2018-04-07,53,Hotel Key,Old Dominion,54,2,Gains In Performance
2018-04-07,54,Blue Tacoma,Russell Dickerson,52,5,Gains In Performance
2018-04-07,55,American Rock 'N Roll,Kid Rock,55,9,Gains In Performance
2018-04-07,56,Drunk Me,Mitchell Tenpenny,NEW,1,Highest ranking debut|Gains In Performance
2018-04-07,57,Reasons,Jillian Jacqueline,57,7,Gains In Performance
2018-04-07,58,Country Song,Casey Donahew,58,9,Gains In Performance
2018-04-07,59,Something 'Bout You,Sir Rosevelt,56,7,
2018-04-07,60,Run Wild Horses,Aaron Watson,59,4,
2018-04-14,1,Most People Are Good,Luke Bryan,1,16,Gains In Performance
2018-04-14,2,Singles You Up,Jordan Davis,2,42,Gains In Performance
2018-04-14,3,Meant To Be,Bebe Rexha & Florida Georgia Line,3,20,Gains In Performance
2018-04-14,4,You Make It Easy,Jason Aldean,6,11,Gains In Performance
2018-04-14,5,Heaven,Kane Brown,7,23,Gains In Performance
2018-04-14,6,The Long Way,Brett Eldredge,5,33,Gains In Performance
2018-04-14,7,She's With Me,High Valley,8,49,Gains In Performance
2018-04-14,8,Marry Me,Thomas Rhett,4,21,
2018-04-14,9,For The First Time,Darius Rucker,11,35,Gains In Performance
2018-04-14,10,I Lived It,Blake Shelton,12,13,Gains In Performance
2018-04-14,11,"Woman, Amen",Dierks Bentley,13,12,Gains In Performance
2018-04-14,12,Everything's Gonna Be Alright,David Lee Murphy & Kenny Chesney,14,22,Gains In Performance
2018-04-14,13,One Number Away,Luke Combs,15,16,Gains In Performance
2018-04-14,14,Up Down,Morgan Wallen Featuring Florida Georgia Line,16,21,Gains In Performance
2018-04-14,15,Ones That Like Me,Brantley Gilbert,17,38,Gains In Performance
2018-04-14,16,I Was Jack (You Were Diane),Jake Owen,18,6,Gains In Performance
2018-04-14,17,Take Back Home Girl,Chris Lane Featuring Tori Kelly,20,26,Gains In Performance
2018-04-14,18,Get To You,Michael Ray,21,37,Gains In Performance
2018-04-14,19,Get Along,Kenny Chesney,NEW,1,Highest ranking debut|Gains In Performance
2018-04-14,20,Kiss Somebody,Morgan Evans,22,22,Gains In Performance
2018-04-14,21,Criminal,Lindsay Ell,23,18,Gains In Performance
2018-04-14,22,Heart Break,Lady Antebellum,25,28,Gains In Performance
2018-04-14,23,She Ain't In It,Jon Pardi,24,25,Gains In Performance
2018-04-14,24,Hooked,Dylan Scott,26,32,Gains In Performance
2018-04-14,25,Tequila,Dan + Shay,29,13,Gains In Performance
2018-04-14,26,Coming Home,Keith Urban Featuring Julia Michaels,31,3,Gains In Performance
2018-04-14,27,Doin' Fine,Lauren Alaina,30,36,Gains In Performance
2018-04-14,28,Three Chords & The Truth,Chase Rice,28,32,Gains In Performance
2018-04-14,29,Kinda Don't Care,Justin Moore,27,27,Gains In Performance
2018-04-14,30,Break Up In The End,Cole Swindell,32,7,Gains In Performance
2018-04-14,31,Mercy,Brett Young,33,9,Gains In Performance
2018-04-14,32,A Little Dive Bar In Dahlonega,Ashley McBryde,34,13,Gains In Performance
2018-04-14,33,Drunk Girl,Chris Janson,35,18,Gains In Performance
2018-04-14,34,Hide The Wine,Carly Pearce,37,17,Gains In Performance
2018-04-14,35,I'd Be Jealous Too,Dustin Lynch,38,22,
2018-04-14,36,Shoot Me Straight,Brothers Osborne,40,13,Gains In Performance
2018-04-14,37,I Got This,Jerrod Niemann,39,14,
2018-04-14,38,Rich,Maren Morris,41,8,Gains In Performance
2018-04-14,39,Last Shot,Kip Moore,42,18,Gains In Performance
2018-04-14,40,Born To Love You,LANco,46,10,Gains In Performance
2018-04-14,41,I Hate Love Songs,Kelsea Ballerini,44,6,Gains In Performance
2018-04-14,42,Hangin' On,Chris Young,45,6,Gains In Performance
2018-04-14,43,Best Shot,Jimmie Allen,43,8,
2018-04-14,44,Don't Get Better Than That,LoCash,51,11,Gains In Performance
2018-04-14,45,Hotel Key,Old Dominion,53,3,Gains In Performance
2018-04-14,46,Diane,Cam,48,17,
2018-04-14,47,Worth It,Danielle Bradbery,47,7,
2018-04-14,48,You Got 'Em All,Trent Harmon,49,4,
2018-04-14,49,Still The Same,Sugarland,50,15,
2018-04-14,50,Blue Tacoma,Russell Dickerson,54,6,Gains In Performance
2018-04-14,51,Drunk Me,Mitchell Tenpenny,56,2,Gains In Performance
2018-04-14,52,American Rock 'N Roll,Kid Rock,55,10,Gains In Performance
2018-04-14,53,Run Wild Horses,Aaron Watson,60,5,Gains In Performance
2018-04-14,54,Reasons,Jillian Jacqueline,57,8,
2018-04-14,55,Chills,James Barker Band,RE,8,Gains In Performance
2018-04-14,56,Butterflies,Kacey Musgraves,NEW,1,Gains In Performance
2018-04-14,57,Young Forever,Eric Paslay,RE,3,Gains In Performance
2018-04-14,58,The Difference,Tyler Rich,NEW,1,Gains In Performance
2018-04-14,59,Caught Up In The Country,Rodney Atkins Featuring The Fisk Jubilee Singers,NEW,1,Gains In Performance
2018-04-14,60,Selfish,Stephanie Quayle,NEW,1,Gains In Performance
2018-04-21,1,Singles You Up,Jordan Davis,2,43,Gains In Performance
2018-04-21,2,Meant To Be,Bebe Rexha & Florida Georgia Line,3,21,Gains In Performance
2018-04-21,3,You Make It Easy,Jason Aldean,4,12,Gains In Performance
2018-04-21,4,Most People Are Good,Luke Bryan,1,17,
2018-04-21,5,Heaven,Kane Brown,5,24,Gains In Performance
2018-04-21,6,The Long Way,Brett Eldredge,6,34,Gains In Performance
2018-04-21,7,She's With Me,High Valley,7,50,
2018-04-21,8,For The First Time,Darius Rucker,9,36,Gains In Performance
2018-04-21,9,I Lived It,Blake Shelton,10,14,Gains In Performance
2018-04-21,10,"Woman, Amen",Dierks Bentley,11,13,Gains In Performance
2018-04-21,11,One Number Away,Luke Combs,13,17,Gains In Performance
2018-04-21,12,Everything's Gonna Be Alright,David Lee Murphy & Kenny Chesney,12,23,Gains In Performance
2018-04-21,13,Up Down,Morgan Wallen Featuring Florida Georgia Line,14,22,Gains In Performance
2018-04-21,14,I Was Jack (You Were Diane),Jake Owen,16,7,Gains In Performance
2018-04-21,15,Ones That Like Me,Brantley Gilbert,15,39,Gains In Performance
2018-04-21,16,Take Back Home Girl,Chris Lane Featuring Tori Kelly,17,27,Gains In Performance
2018-04-21,17,Kiss Somebody,Morgan Evans,20,23,Gains In Performance
2018-04-21,18,Get Along,Kenny Chesney,19,2,Gains In Performance
2018-04-21,19,Get To You,Michael Ray,18,38,
2018-04-21,20,Cry Pretty,Carrie Underwood,NEW,1,Highest ranking debut|Gains In Performance
2018-04-21,21,Criminal,Lindsay Ell,21,19,Gains In Performance
2018-04-21,22,Tequila,Dan + Shay,25,14,Gains In Performance
2018-04-21,23,Coming Home,Keith Urban Featuring Julia Michaels,26,4,Gains In Performance
2018-04-21,24,She Ain't In It,Jon Pardi,23,26,Gains In Performance
2018-04-21,25,Heart Break,Lady Antebellum,22,29,Gains In Performance
2018-04-21,26,Hooked,Dylan Scott,24,33,Gains In Performance
2018-04-21,27,Doin' Fine,Lauren Alaina,27,37,Gains In Performance
2018-04-21,28,Kinda Don't Care,Justin Moore,29,28,Gains In Performance
2018-04-21,29,Three Chords & The Truth,Chase Rice,28,33,Gains In Performance
2018-04-21,30,Break Up In The End,Cole Swindell,30,8,Gains In Performance
2018-04-21,31,Mercy,Brett Young,31,10,Gains In Performance
2018-04-21,32,Drunk Girl,Chris Janson,33,19,Gains In Performance
2018-04-21,33,A Little Dive Bar In Dahlonega,Ashley McBryde,32,14,
2018-04-21,34,I'd Be Jealous Too,Dustin Lynch,35,23,Gains In Performance
2018-04-21,35,Hide The Wine,Carly Pearce,34,18,
2018-04-21,36,Shoot Me Straight,Brothers Osborne,36,14,Gains In Performance
2018-04-21,37,Last Shot,Kip Moore,39,19,Gains In Performance
2018-04-21,38,Rich,Maren Morris,38,9,Gains In Performance
2018-04-21,39,Hotel Key,Old Dominion,45,4,Gains In Performance
2018-04-21,40,Born To Love You,LANco,40,11,Gains In Performance
2018-04-21,41,Best Shot,Jimmie Allen,43,9,Gains In Performance
2018-04-21,42,I Hate Love Songs,Kelsea Ballerini,41,7,
2018-04-21,43,I Got This,Jerrod Niemann,37,15,
2018-04-21,44,Hangin' On,Chris Young,42,7,
2018-04-21,45,You Got 'Em All,Trent Harmon,48,5,Gains In Performance
2018-04-21,46,Worth It,Danielle Bradbery,47,8,Gains In Performance
2018-04-21,47,Don't Get Better Than That,LoCash,44,12,
2018-04-21,48,Diane,Cam,46,18,
2018-04-21,49,Blue Tacoma,Russell Dickerson,50,7,Gains In Performance
2018-04-21,50,Drunk Me,Mitchell Tenpenny,51,3,Gains In Performance
2018-04-21,51,Burn Out,Midland,NEW,1,Gains In Performance
2018-04-21,52,American Rock 'N Roll,Kid Rock,52,11,
2018-04-21,53,Run Wild Horses,Aaron Watson,53,6,Gains In Performance
2018-04-21,54,See You Try,Craig Campbell,NEW,1,Gains In Performance
2018-04-21,55,The Difference,Tyler Rich,58,2,Gains In Performance
2018-04-21,56,Chills,James Barker Band,55,9,
2018-04-21,57,Reasons,Jillian Jacqueline,54,9,
2018-04-21,58,Butterflies,Kacey Musgraves,56,2,Gains In Performance
2018-04-21,59,Life Changes,Thomas Rhett,NEW,1,Gains In Performance
2018-04-21,60,Selfish,Stephanie Quayle,60,2,Gains In Performance
2018-04-28,1,Meant To Be,Bebe Rexha & Florida Georgia Line,2,22,Gains In Performance
2018-04-28,2,You Make It Easy,Jason Aldean,3,13,Gains In Performance
2018-04-28,3,The Long Way,Brett Eldredge,6,35,Gains In Performance
2018-04-28,4,Heaven,Kane Brown,5,25,Gains In Performance
2018-04-28,5,Most People Are Good,Luke Bryan,4,18,
2018-04-28,6,Singles You Up,Jordan Davis,1,44,
2018-04-28,7,For The First Time,Darius Rucker,8,37,Gains In Performance
2018-04-28,8,She's With Me,High Valley,7,51,
2018-04-28,9,One Number Away,Luke Combs,11,18,Gains In Performance
2018-04-28,10,"Woman, Amen",Dierks Bentley,10,14,Gains In Performance
2018-04-28,11,I Lived It,Blake Shelton,9,15,Gains In Performance
2018-04-28,12,Everything's Gonna Be Alright,David Lee Murphy & Kenny Chesney,12,24,Gains In Performance
2018-04-28,13,Up Down,Morgan Wallen Featuring Florida Georgia Line,13,23,Gains In Performance
2018-04-28,14,I Was Jack (You Were Diane),Jake Owen,14,8,Gains In Performance
2018-04-28,15,Get Along,Kenny Chesney,18,3,Gains In Performance
2018-04-28,16,Ones That Like Me,Brantley Gilbert,15,40,
2018-04-28,17,Take Back Home Girl,Chris Lane Featuring Tori Kelly,16,28,Gains In Performance
2018-04-28,18,Kiss Somebody,Morgan Evans,17,24,Gains In Performance
2018-04-28,19,Get To You,Michael Ray,19,39,Gains In Performance
2018-04-28,20,Coming Home,Keith Urban Featuring Julia Michaels,23,5,Gains In Performance
2018-04-28,21,Tequila,Dan + Shay,22,15,Gains In Performance
2018-04-28,22,Criminal,Lindsay Ell,21,20,Gains In Performance
2018-04-28,23,She Ain't In It,Jon Pardi,24,27,Gains In Performance
2018-04-28,24,Hooked,Dylan Scott,26,34,Gains In Performance
2018-04-28,25,Heart Break,Lady Antebellum,25,30,Gains In Performance
2018-04-28,26,Cry Pretty,Carrie Underwood,20,2,
2018-04-28,27,Babe,Sugarland Featuring Taylor Swift,NEW,1,Highest ranking debut|Gains In Performance
2018-04-28,28,Kinda Don't Care,Justin Moore,28,29,Gains In Performance
2018-04-28,29,Three Chords & The Truth,Chase Rice,29,34,Gains In Performance
2018-04-28,30,Mercy,Brett Young,31,11,Gains In Performance
2018-04-28,31,Doin' Fine,Lauren Alaina,27,38,
2018-04-28,32,Break Up In The End,Cole Swindell,30,9,Gains In Performance
2018-04-28,33,Drunk Girl,Chris Janson,32,20,Gains In Performance
2018-04-28,34,A Little Dive Bar In Dahlonega,Ashley McBryde,33,15,Gains In Performance
2018-04-28,35,Life Changes,Thomas Rhett,59,2,Gains In Performance
2018-04-28,36,Hide The Wine,Carly Pearce,35,19,Gains In Performance
2018-04-28,37,Shoot Me Straight,Brothers Osborne,36,15,Gains In Performance
2018-04-28,38,Hotel Key,Old Dominion,39,5,Gains In Performance
2018-04-28,39,Rich,Maren Morris,38,10,Gains In Performance
2018-04-28,40,Born To Love You,LANco,40,12,Gains In Performance
2018-04-28,41,Last Shot,Kip Moore,37,20,Gains In Performance
2018-04-28,42,I Hate Love Songs,Kelsea Ballerini,42,8,Gains In Performance
2018-04-28,43,Hangin' On,Chris Young,44,8,Gains In Performance
2018-04-28,44,You Got 'Em All,Trent Harmon,45,6,Gains In Performance
2018-04-28,45,Drunk Me,Mitchell Tenpenny,50,4,Gains In Performance
2018-04-28,46,I Got This,Jerrod Niemann,43,16,
2018-04-28,47,Best Shot,Jimmie Allen,41,10,
2018-04-28,48,Don't Get Better Than That,LoCash,47,13,Gains In Performance
2018-04-28,49,Worth It,Danielle Bradbery,46,9,
2018-04-28,50,Blue Tacoma,Russell Dickerson,49,8,Gains In Performance
2018-04-28,51,Burn Out,Midland,51,2,Gains In Performance
2018-04-28,52,Run Wild Horses,Aaron Watson,53,7,Gains In Performance
2018-04-28,53,Millionaire,Chris Stapleton,NEW,1,Gains In Performance
2018-04-28,54,American Rock 'N Roll,Kid Rock,52,12,Gains In Performance
2018-04-28,55,The Difference,Tyler Rich,55,3,Gains In Performance
2018-04-28,56,Chills,James Barker Band,56,10,Gains In Performance
2018-04-28,57,Reasons,Jillian Jacqueline,57,10,Gains In Performance
2018-04-28,58,Selfish,Stephanie Quayle,60,3,Gains In Performance
2018-04-28,59,Caught Up In The Country,Rodney Atkins Featuring The Fisk Jubilee Singers,RE,2,Gains In Performance
2018-04-28,60,See You Try,Craig Campbell,54,2,
2018-05-05,1,You Make It Easy,Jason Aldean,2,14,Gains In Performance
2018-05-05,2,Heaven,Kane Brown,4,26,Gains In Performance
2018-05-05,3,Meant To Be,Bebe Rexha & Florida Georgia Line,1,23,
2018-05-05,4,Most People Are Good,Luke Bryan,5,19,
2018-05-05,5,For The First Time,Darius Rucker,7,38,Gains In Performance
2018-05-05,6,One Number Away,Luke Combs,9,19,Greatest gainer this week|Gains In Performance
2018-05-05,7,"Woman, Amen",Dierks Bentley,10,15,Gains In Performance
2018-05-05,8,The Long Way,Brett Eldredge,3,36,
2018-05-05,9,I Lived It,Blake Shelton,11,16,Gains In Performance
2018-05-05,10,Everything's Gonna Be Alright,David Lee Murphy & Kenny Chesney,12,25,Gains In Performance
2018-05-05,11,Up Down,Morgan Wallen Featuring Florida Georgia Line,13,24,Gains In Performance
2018-05-05,12,I Was Jack (You Were Diane),Jake Owen,14,9,Gains In Performance
2018-05-05,13,Get Along,Kenny Chesney,15,4,Gains In Performance
2018-05-05,14,Tequila,Dan + Shay,21,16,Gains In Performance
2018-05-05,15,Take Back Home Girl,Chris Lane Featuring Tori Kelly,17,29,Gains In Performance
2018-05-05,16,Kiss Somebody,Morgan Evans,18,25,Gains In Performance
2018-05-05,17,Coming Home,Keith Urban Featuring Julia Michaels,20,6,Gains In Performance
2018-05-05,18,Get To You,Michael Ray,19,40,Gains In Performance
2018-05-05,19,Cry Pretty,Carrie Underwood,26,3,Gains In Performance
2018-05-05,20,Criminal,Lindsay Ell,22,21,Gains In Performance
2018-05-05,21,Heart Break,Lady Antebellum,25,31,Gains In Performance
2018-05-05,22,Hooked,Dylan Scott,24,35,Gains In Performance
2018-05-05,23,She Ain't In It,Jon Pardi,23,28,Gains In Performance
2018-05-05,24,Mercy,Brett Young,30,12,Gains In Performance
2018-05-05,25,Kinda Don't Care,Justin Moore,28,30,Gains In Performance
2018-05-05,26,Three Chords & The Truth,Chase Rice,29,35,Gains In Performance
2018-05-05,27,Break Up In The End,Cole Swindell,32,10,Gains In Performance
2018-05-05,28,Doin' Fine,Lauren Alaina,31,39,Gains In Performance
2018-05-05,29,Drunk Girl,Chris Janson,33,21,Gains In Performance
2018-05-05,30,Life Changes,Thomas Rhett,35,3,Gains In Performance
2018-05-05,31,A Little Dive Bar In Dahlonega,Ashley McBryde,34,16,Gains In Performance
2018-05-05,32,Babe,Sugarland Featuring Taylor Swift,27,2,
2018-05-05,33,Hide The Wine,Carly Pearce,36,20,Gains In Performance
2018-05-05,34,Hotel Key,Old Dominion,38,6,Gains In Performance
2018-05-05,35,Shoot Me Straight,Brothers Osborne,37,16,Gains In Performance
2018-05-05,36,Born To Love You,LANco,40,13,Gains In Performance
2018-05-05,37,Rich,Maren Morris,39,11,Gains In Performance
2018-05-05,38,Hangin' On,Chris Young,43,9,Gains In Performance
2018-05-05,39,Last Shot,Kip Moore,41,21,Gains In Performance
2018-05-05,40,I Hate Love Songs,Kelsea Ballerini,42,9,Gains In Performance
2018-05-05,41,Best Shot,Jimmie Allen,47,11,Gains In Performance
2018-05-05,42,Drunk Me,Mitchell Tenpenny,45,5,Gains In Performance
2018-05-05,43,You Got 'Em All,Trent Harmon,44,7,Gains In Performance
2018-05-05,44,I Got This,Jerrod Niemann,46,17,Gains In Performance
2018-05-05,45,Don't Get Better Than That,LoCash,48,14,Gains In Performance
2018-05-05,46,Blue Tacoma,Russell Dickerson,50,9,Gains In Performance
2018-05-05,47,Burn Out,Midland,51,3,Gains In Performance
2018-05-05,48,Worth It,Danielle Bradbery,49,10,
2018-05-05,49,Millionaire,Chris Stapleton,53,2,Gains In Performance
2018-05-05,50,The Difference,Tyler Rich,55,4,Gains In Performance
2018-05-05,51,Run Wild Horses,Aaron Watson,52,8,
2018-05-05,52,Caught Up In The Country,Rodney Atkins Featuring The Fisk Jubilee Singers,59,3,Gains In Performance
2018-05-05,53,American Rock 'N Roll,Kid Rock,54,13,
2018-05-05,54,Reasons,Jillian Jacqueline,57,11,Gains In Performance
2018-05-05,55,Chills,James Barker Band,56,11,Gains In Performance
2018-05-05,56,See You Try,Craig Campbell,60,3,Gains In Performance
2018-05-05,57,Selfish,Stephanie Quayle,58,4,Gains In Performance
2018-05-05,58,Keeper Of The Flame,Miranda Lambert,NEW,1,Highest ranking debut|Gains In Performance
2018-05-05,59,David Ashley Parker From Powder Springs,Travis Denning,NEW,1,Gains In Performance
2018-05-05,60,Young Forever,Eric Paslay,RE,4,
2018-05-12,1,You Make It Easy,Jason Aldean,1,15,
2018-05-12,2,Heaven,Kane Brown,2,27,Gains In Performance
2018-05-12,3,Meant To Be,Bebe Rexha & Florida Georgia Line,3,24,
2018-05-12,4,For The First Time,Darius Rucker,5,39,Gains In Performance
2018-05-12,5,One Number Away,Luke Combs,6,20,Greatest gainer this week|Gains In Performance
2018-05-12,6,Most People Are Good,Luke Bryan,4,20,
2018-05-12,7,"Woman, Amen",Dierks Bentley,7,16,Gains In Performance
2018-05-12,8,Everything's Gonna Be Alright,David Lee Murphy & Kenny Chesney,10,26,Gains In Performance
2018-05-12,9,I Lived It,Blake Shelton,9,17,Gains In Performance
2018-05-12,10,Up Down,Morgan Wallen Featuring Florida Georgia Line,11,25,Gains In Performance
2018-05-12,11,Get Along,Kenny Chesney,13,5,Gains In Performance
2018-05-12,12,I Was Jack (You Were Diane),Jake Owen,12,10,Gains In Performance
2018-05-12,13,Tequila,Dan + Shay,14,17,Gains In Performance
2018-05-12,14,Take Back Home Girl,Chris Lane Featuring Tori Kelly,15,30,Gains In Performance
2018-05-12,15,Coming Home,Keith Urban Featuring Julia Michaels,17,7,Gains In Performance
2018-05-12,16,Kiss Somebody,Morgan Evans,16,26,Gains In Performance
2018-05-12,17,Get To You,Michael Ray,18,41,Gains In Performance
2018-05-12,18,Cry Pretty,Carrie Underwood,19,4,Gains In Performance
2018-05-12,19,Heart Break,Lady Antebellum,21,32,Gains In Performance
2018-05-12,20,Hooked,Dylan Scott,22,36,Gains In Performance
2018-05-12,21,She Ain't In It,Jon Pardi,23,29,Gains In Performance
2018-05-12,22,Criminal,Lindsay Ell,20,22,
2018-05-12,23,Mercy,Brett Young,24,13,Gains In Performance
2018-05-12,24,Kinda Don't Care,Justin Moore,25,31,Gains In Performance
2018-05-12,25,Three Chords & The Truth,Chase Rice,26,36,Gains In Performance
2018-05-12,26,Break Up In The End,Cole Swindell,27,11,Gains In Performance
2018-05-12,27,Life Changes,Thomas Rhett,30,4,Gains In Performance
2018-05-12,28,Doin' Fine,Lauren Alaina,28,40,Gains In Performance
2018-05-12,29,Babe,Sugarland Featuring Taylor Swift,32,3,Gains In Performance
2018-05-12,30,A Little Dive Bar In Dahlonega,Ashley McBryde,31,17,Gains In Performance
2018-05-12,31,Hotel Key,Old Dominion,34,7,Gains In Performance
2018-05-12,32,Shoot Me Straight,Brothers Osborne,35,17,Gains In Performance
2018-05-12,33,Hide The Wine,Carly Pearce,33,21,Gains In Performance
2018-05-12,34,Born To Love You,LANco,36,14,Gains In Performance
2018-05-12,35,Rich,Maren Morris,37,12,Gains In Performance
2018-05-12,36,Hangin' On,Chris Young,38,10,Gains In Performance
2018-05-12,37,Good Girl,Dustin Lynch,NEW,1,Highest ranking debut|Gains In Performance
2018-05-12,38,I Hate Love Songs,Kelsea Ballerini,40,10,Gains In Performance
2018-05-12,39,Last Shot,Kip Moore,39,22,Gains In Performance
2018-05-12,40,Drunk Me,Mitchell Tenpenny,42,6,Gains In Performance
2018-05-12,41,Best Shot,Jimmie Allen,41,12,Gains In Performance
2018-05-12,42,You Got 'Em All,Trent Harmon,43,8,Gains In Performance
2018-05-12,43,I Got This,Jerrod Niemann,44,18,Gains In Performance
2018-05-12,44,Don't Get Better Than That,LoCash,45,15,Gains In Performance
2018-05-12,45,Blue Tacoma,Russell Dickerson,46,10,Gains In Performance
2018-05-12,46,Burn Out,Midland,47,4,Gains In Performance
2018-05-12,47,Worth It,Danielle Bradbery,48,11,Gains In Performance
2018-05-12,48,Millionaire,Chris Stapleton,49,3,Gains In Performance
2018-05-12,49,Weekend,Radio Romance,NEW,1,Gains In Performance
2018-05-12,50,Young Forever,Eric Paslay,60,5,Gains In Performance
2018-05-12,51,Run Wild Horses,Aaron Watson,51,9,Gains In Performance
2018-05-12,52,See You Try,Craig Campbell,56,4,Gains In Performance
2018-05-12,53,Caught Up In The Country,Rodney Atkins Featuring The Fisk Jubilee Singers,52,4,Gains In Performance
2018-05-12,54,American Rock 'N Roll,Kid Rock,53,14,Gains In Performance
2018-05-12,55,The Difference,Tyler Rich,50,5,
2018-05-12,56,Chills,James Barker Band,55,12,Gains In Performance
2018-05-12,57,Keeper Of The Flame,Miranda Lambert,58,2,Gains In Performance
2018-05-12,58,Selfish,Stephanie Quayle,57,5,
2018-05-12,59,Asking For A Friend,Devin Dawson,NEW,1,Gains In Performance
2018-05-12,60,Reasons,Jillian Jacqueline,54,12,
2018-05-19,1,Heaven,Kane Brown,2,28,Gains In Performance
2018-05-19,2,You Make It Easy,Jason Aldean,1,16,
2018-05-19,3,One Number Away,Luke Combs,5,21,Greatest gainer this week|Gains In Performance
2018-05-19,4,For The First Time,Darius Rucker,4,40,Gains In Performance
2018-05-19,5,Meant To Be,Bebe Rexha & Florida Georgia Line,3,25,
2018-05-19,6,"Woman, Amen",Dierks Bentley,7,17,Gains In Performance
2018-05-19,7,Everything's Gonna Be Alright,David Lee Murphy & Kenny Chesney,8,27,Gains In Performance
2018-05-19,8,Most People Are Good,Luke Bryan,6,21,
2018-05-19,9,I Lived It,Blake Shelton,9,18,Gains In Performance
2018-05-19,10,Get Along,Kenny Chesney,11,6,Gains In Performance
2018-05-19,11,Up Down,Morgan Wallen Featuring Florida Georgia Line,10,26,Gains In Performance
2018-05-19,12,I Was Jack (You Were Diane),Jake Owen,12,11,Gains In Performance
2018-05-19,13,Tequila,Dan + Shay,13,18,Gains In Performance
2018-05-19,14,Coming Home,Keith Urban Featuring Julia Michaels,15,8,Gains In Performance
2018-05-19,15,Kiss Somebody,Morgan Evans,16,27,Gains In Performance
2018-05-19,16,Take Back Home Girl,Chris Lane Featuring Tori Kelly,14,31,Gains In Performance
2018-05-19,17,Cry Pretty,Carrie Underwood,18,5,Gains In Performance
2018-05-19,18,Get To You,Michael Ray,17,42,Gains In Performance
2018-05-19,19,Hooked,Dylan Scott,20,37,Gains In Performance
2018-05-19,20,Heart Break,Lady Antebellum,19,33,Gains In Performance
2018-05-19,21,Criminal,Lindsay Ell,22,23,Gains In Performance
2018-05-19,22,Mercy,Brett Young,23,14,Gains In Performance
2018-05-19,23,She Ain't In It,Jon Pardi,21,30,
2018-05-19,24,Kinda Don't Care,Justin Moore,24,32,Gains In Performance
2018-05-19,25,Life Changes,Thomas Rhett,27,5,Gains In Performance
2018-05-19,26,Three Chords & The Truth,Chase Rice,25,37,Gains In Performance
2018-05-19,27,Break Up In The End,Cole Swindell,26,12,Gains In Performance
2018-05-19,28,Doin' Fine,Lauren Alaina,28,41,Gains In Performance
2018-05-19,29,Babe,Sugarland Featuring Taylor Swift,29,4,Gains In Performance
2018-05-19,30,Hotel Key,Old Dominion,31,8,Gains In Performance
2018-05-19,31,Drunk Girl,Chris Janson,RE,22,Gains In Performance
2018-05-19,32,A Little Dive Bar In Dahlonega,Ashley McBryde,30,18,Gains In Performance
2018-05-19,33,Shoot Me Straight,Brothers Osborne,32,18,Gains In Performance
2018-05-19,34,Hide The Wine,Carly Pearce,33,22,Gains In Performance
2018-05-19,35,Rich,Maren Morris,35,13,Gains In Performance
2018-05-19,36,Born To Love You,LANco,34,15,Gains In Performance
2018-05-19,37,Hangin' On,Chris Young,36,11,Gains In Performance
2018-05-19,38,I Hate Love Songs,Kelsea Ballerini,38,11,Gains In Performance
2018-05-19,39,Drunk Me,Mitchell Tenpenny,40,7,Gains In Performance
2018-05-19,40,Last Shot,Kip Moore,39,23,Gains In Performance
2018-05-19,41,You Got 'Em All,Trent Harmon,42,9,Gains In Performance
2018-05-19,42,Best Shot,Jimmie Allen,41,13,Gains In Performance
2018-05-19,43,I Got This,Jerrod Niemann,43,19,Gains In Performance
2018-05-19,44,Blue Tacoma,Russell Dickerson,45,11,Gains In Performance
2018-05-19,45,Burn Out,Midland,46,5,Gains In Performance
2018-05-19,46,Don't Get Better Than That,LoCash,44,16,Gains In Performance
2018-05-19,47,Young Forever,Eric Paslay,50,6,Gains In Performance
2018-05-19,48,Worth It,Danielle Bradbery,47,12,
2018-05-19,49,Millionaire,Chris Stapleton,48,4,
2018-05-19,50,Drowns The Whiskey,Jason Aldean Featuring Miranda Lambert,NEW,1,Highest ranking debut|Gains In Performance
2018-05-19,51,Weekend,Radio Romance,49,2,
2018-05-19,52,The Difference,Tyler Rich,55,6,Gains In Performance
2018-05-19,53,Caught Up In The Country,Rodney Atkins Featuring The Fisk Jubilee Singers,53,5,Gains In Performance
2018-05-19,54,Run Wild Horses,Aaron Watson,51,10,Gains In Performance
2018-05-19,55,See You Try,Craig Campbell,52,5,Gains In Performance
2018-05-19,56,American Rock 'N Roll,Kid Rock,54,15,Gains In Performance
2018-05-19,57,Good Girl,Dustin Lynch,37,2,
2018-05-19,58,Keeper Of The Flame,Miranda Lambert,57,3,Gains In Performance
2018-05-19,59,Chills,James Barker Band,56,13,
2018-05-19,60,Asking For A Friend,Devin Dawson,59,2,Gains In Performance
2018-05-26,1,Heaven,Kane Brown,1,29,
2018-05-26,2,One Number Away,Luke Combs,3,22,Gains In Performance
2018-05-26,3,For The First Time,Darius Rucker,4,41,Gains In Performance
2018-05-26,4,You Make It Easy,Jason Aldean,2,17,
2018-05-26,5,"Woman, Amen",Dierks Bentley,6,18,Gains In Performance
2018-05-26,6,Everything's Gonna Be Alright,David Lee Murphy & Kenny Chesney,7,28,Gains In Performance
2018-05-26,7,I Lived It,Blake Shelton,9,19,Gains In Performance
2018-05-26,8,Meant To Be,Bebe Rexha & Florida Georgia Line,5,26,
2018-05-26,9,Get Along,Kenny Chesney,10,7,Gains In Performance
2018-05-26,10,Up Down,Morgan Wallen Featuring Florida Georgia Line,11,27,Gains In Performance
2018-05-26,11,I Was Jack (You Were Diane),Jake Owen,12,12,Gains In Performance
2018-05-26,12,Tequila,Dan + Shay,13,19,Gains In Performance
2018-05-26,13,Coming Home,Keith Urban Featuring Julia Michaels,14,9,Gains In Performance
2018-05-26,14,Kiss Somebody,Morgan Evans,15,28,Gains In Performance
2018-05-26,15,Cry Pretty,Carrie Underwood,17,6,Gains In Performance
2018-05-26,16,Take Back Home Girl,Chris Lane Featuring Tori Kelly,16,32,
2018-05-26,17,Get To You,Michael Ray,18,43,Gains In Performance
2018-05-26,18,Downtown's Dead,Sam Hunt,NEW,1,Highest ranking debut|Gains In Performance
2018-05-26,19,Hooked,Dylan Scott,19,38,Gains In Performance
2018-05-26,20,Heart Break,Lady Antebellum,20,34,Gains In Performance
2018-05-26,21,Mercy,Brett Young,22,15,Gains In Performance
2018-05-26,22,Criminal,Lindsay Ell,21,24,Gains In Performance
2018-05-26,23,Life Changes,Thomas Rhett,25,6,Gains In Performance
2018-05-26,24,Kinda Don't Care,Justin Moore,24,33,Gains In Performance
2018-05-26,25,Break Up In The End,Cole Swindell,27,13,Gains In Performance
2018-05-26,26,Three Chords & The Truth,Chase Rice,26,38,Gains In Performance
2018-05-26,27,Babe,Sugarland Featuring Taylor Swift,29,5,Gains In Performance
2018-05-26,28,Hotel Key,Old Dominion,30,9,Gains In Performance
2018-05-26,29,Drunk Girl,Chris Janson,31,23,Gains In Performance
2018-05-26,30,Shoot Me Straight,Brothers Osborne,33,19,Gains In Performance
2018-05-26,31,A Little Dive Bar In Dahlonega,Ashley McBryde,32,19,
2018-05-26,32,Hide The Wine,Carly Pearce,34,23,
2018-05-26,33,Rich,Maren Morris,35,14,Gains In Performance
2018-05-26,34,Born To Love You,LANco,36,16,
2018-05-26,35,Hangin' On,Chris Young,37,12,Gains In Performance
2018-05-26,36,Drowns The Whiskey,Jason Aldean Featuring Miranda Lambert,50,2,Gains In Performance
2018-05-26,37,Last Shot,Kip Moore,40,24,Gains In Performance
2018-05-26,38,I Hate Love Songs,Kelsea Ballerini,38,12,Gains In Performance
2018-05-26,39,Drunk Me,Mitchell Tenpenny,39,8,Gains In Performance
2018-05-26,40,You Got 'Em All,Trent Harmon,41,10,Gains In Performance
2018-05-26,41,Best Shot,Jimmie Allen,42,14,Gains In Performance
2018-05-26,42,Blue Tacoma,Russell Dickerson,44,12,Gains In Performance
2018-05-26,43,I Got This,Jerrod Niemann,43,20,
2018-05-26,44,Burn Out,Midland,45,6,Gains In Performance
2018-05-26,45,Don't Get Better Than That,LoCash,46,17,
2018-05-26,46,Young Forever,Eric Paslay,47,7,Gains In Performance
2018-05-26,47,Millionaire,Chris Stapleton,49,5,Gains In Performance
2018-05-26,48,Worth It,Danielle Bradbery,48,13,
2018-05-26,49,Weekend,Radio Romance,51,3,Gains In Performance
2018-05-26,50,The Difference,Tyler Rich,52,7,Gains In Performance
2018-05-26,51,Good Girl,Dustin Lynch,57,3,Gains In Performance
2018-05-26,52,See You Try,Craig Campbell,55,6,Gains In Performance
2018-05-26,53,Run Wild Horses,Aaron Watson,54,11,
2018-05-26,54,Caught Up In The Country,Rodney Atkins Featuring The Fisk Jubilee Singers,53,6,
2018-05-26,55,Keeper Of The Flame,Miranda Lambert,58,4,Gains In Performance
2018-05-26,56,American Rock 'N Roll,Kid Rock,56,16,
2018-05-26,57,David Ashley Parker From Powder Springs,Travis Denning,RE,2,Gains In Performance
2018-05-26,58,Chills,James Barker Band,59,14,Gains In Performance
2018-05-26,59,Asking For A Friend,Devin Dawson,60,3,Gains In Performance
2018-05-26,60,Selfish,Stephanie Quayle,RE,6,Gains In Performance
2018-06-02,1,For The First Time,Darius Rucker,3,42,Greatest gainer this week|Gains In Performance
2018-06-02,2,One Number Away,Luke Combs,2,23,Gains In Performance
2018-06-02,3,Heaven,Kane Brown,1,30,
2018-06-02,4,"Woman, Amen",Dierks Bentley,5,19,Gains In Performance
2018-06-02,5,Everything's Gonna Be Alright,David Lee Murphy & Kenny Chesney,6,29,Gains In Performance
2018-06-02,6,You Make It Easy,Jason Aldean,4,18,
2018-06-02,7,I Lived It,Blake Shelton,7,20,Gains In Performance
2018-06-02,8,Up Down,Morgan Wallen Featuring Florida Georgia Line,10,28,Gains In Performance
2018-06-02,9,Get Along,Kenny Chesney,9,8,Gains In Performance
2018-06-02,10,Tequila,Dan + Shay,12,20,Gains In Performance
2018-06-02,11,I Was Jack (You Were Diane),Jake Owen,11,13,Gains In Performance
2018-06-02,12,Coming Home,Keith Urban Featuring Julia Michaels,13,10,Gains In Performance
2018-06-02,13,Kiss Somebody,Morgan Evans,14,29,Gains In Performance
2018-06-02,14,Cry Pretty,Carrie Underwood,15,7,Gains In Performance
2018-06-02,15,Take Back Home Girl,Chris Lane Featuring Tori Kelly,16,33,Gains In Performance
2018-06-02,16,Get To You,Michael Ray,17,44,Gains In Performance
2018-06-02,17,Hooked,Dylan Scott,19,39,Gains In Performance
2018-06-02,18,Heart Break,Lady Antebellum,20,35,Gains In Performance
2018-06-02,19,Mercy,Brett Young,21,16,Gains In Performance
2018-06-02,20,Criminal,Lindsay Ell,22,25,Gains In Performance
2018-06-02,21,Downtown's Dead,Sam Hunt,18,2,
2018-06-02,22,Life Changes,Thomas Rhett,23,7,Gains In Performance
2018-06-02,23,Kinda Don't Care,Justin Moore,24,34,Gains In Performance
2018-06-02,24,Break Up In The End,Cole Swindell,25,14,Gains In Performance
2018-06-02,25,Three Chords & The Truth,Chase Rice,26,39,Gains In Performance
2018-06-02,26,Drunk Girl,Chris Janson,29,24,Gains In Performance
2018-06-02,27,Hotel Key,Old Dominion,28,10,Gains In Performance
2018-06-02,28,Babe,Sugarland Featuring Taylor Swift,27,6,Gains In Performance
2018-06-02,29,Drowns The Whiskey,Jason Aldean Featuring Miranda Lambert,36,3,Gains In Performance
2018-06-02,30,Shoot Me Straight,Brothers Osborne,30,20,Gains In Performance
2018-06-02,31,Hide The Wine,Carly Pearce,32,24,Gains In Performance
2018-06-02,32,A Little Dive Bar In Dahlonega,Ashley McBryde,31,20,
2018-06-02,33,Rich,Maren Morris,33,15,
2018-06-02,34,Born To Love You,LANco,34,17,Gains In Performance
2018-06-02,35,Hangin' On,Chris Young,35,13,Gains In Performance
2018-06-02,36,Last Shot,Kip Moore,37,25,
2018-06-02,37,I Hate Love Songs,Kelsea Ballerini,38,13,Gains In Performance
2018-06-02,38,Blue Tacoma,Russell Dickerson,42,13,Gains In Performance
2018-06-02,39,Drunk Me,Mitchell Tenpenny,39,9,Gains In Performance
2018-06-02,40,You Got 'Em All,Trent Harmon,40,11,Gains In Performance
2018-06-02,41,Best Shot,Jimmie Allen,41,15,
2018-06-02,42,"Sunrise, Sunburn, Sunset",Luke Bryan,NEW,1,Highest ranking debut|Gains In Performance
2018-06-02,43,I Got This,Jerrod Niemann,43,21,
2018-06-02,44,Burn Out,Midland,44,7,
2018-06-02,45,Young Forever,Eric Paslay,46,8,Gains In Performance
2018-06-02,46,Millionaire,Chris Stapleton,47,6,Gains In Performance
2018-06-02,47,Good Girl,Dustin Lynch,51,4,Gains In Performance
2018-06-02,48,The Difference,Tyler Rich,50,8,Gains In Performance
2018-06-02,49,Don't Get Better Than That,LoCash,45,18,
2018-06-02,50,See You Try,Craig Campbell,52,7,Gains In Performance
2018-06-02,51,Run Wild Horses,Aaron Watson,53,12,Gains In Performance
2018-06-02,52,Worth It,Danielle Bradbery,48,14,
2018-06-02,53,Weekend,Radio Romance,49,4,
2018-06-02,54,Caught Up In The Country,Rodney Atkins Featuring The Fisk Jubilee Singers,54,7,Gains In Performance
2018-06-02,55,Take It From Me,Jordan Davis,NEW,1,Gains In Performance
2018-06-02,56,David Ashley Parker From Powder Springs,Travis Denning,57,3,Gains In Performance
2018-06-02,57,Chills,James Barker Band,58,15,Gains In Performance
2018-06-02,58,Asking For A Friend,Devin Dawson,59,4,Gains In Performance
2018-06-02,59,You're In It,Granger Smith,NEW,1,Gains In Performance
2018-06-02,60,Keeper Of The Flame,Miranda Lambert,55,5,
2018-06-09,1,One Number Away,Luke Combs,2,24,Gains In Performance
2018-06-09,2,Heaven,Kane Brown,3,31,
2018-06-09,3,"Woman, Amen",Dierks Bentley,4,20,Gains In Performance
2018-06-09,4,Everything's Gonna Be Alright,David Lee Murphy & Kenny Chesney,5,30,Gains In Performance
2018-06-09,5,I Lived It,Blake Shelton,7,21,Gains In Performance
2018-06-09,6,Up Down,Morgan Wallen Featuring Florida Georgia Line,8,29,Gains In Performance
2018-06-09,7,Get Along,Kenny Chesney,9,9,Gains In Performance
2018-06-09,8,Tequila,Dan + Shay,10,21,Gains In Performance
2018-06-09,9,For The First Time,Darius Rucker,1,43,
2018-06-09,10,I Was Jack (You Were Diane),Jake Owen,11,14,Gains In Performance
2018-06-09,11,Coming Home,Keith Urban Featuring Julia Michaels,12,11,Gains In Performance
2018-06-09,12,Kiss Somebody,Morgan Evans,13,30,Gains In Performance
2018-06-09,13,Cry Pretty,Carrie Underwood,14,8,Gains In Performance
2018-06-09,14,Take Back Home Girl,Chris Lane Featuring Tori Kelly,15,34,Gains In Performance
2018-06-09,15,Get To You,Michael Ray,16,45,Gains In Performance
2018-06-09,16,Hooked,Dylan Scott,17,40,Gains In Performance
2018-06-09,17,Downtown's Dead,Sam Hunt,21,3,Gains In Performance
2018-06-09,18,Mercy,Brett Young,19,17,Gains In Performance
2018-06-09,19,Heart Break,Lady Antebellum,18,36,Gains In Performance
2018-06-09,20,Life Changes,Thomas Rhett,22,8,Gains In Performance
2018-06-09,21,Criminal,Lindsay Ell,20,26,Gains In Performance
2018-06-09,22,Kinda Don't Care,Justin Moore,23,35,Gains In Performance
2018-06-09,23,Drowns The Whiskey,Jason Aldean Featuring Miranda Lambert,29,4,Gains In Performance
2018-06-09,24,Simple,Florida Georgia Line,NEW,1,Highest ranking debut|Gains In Performance
2018-06-09,25,Break Up In The End,Cole Swindell,24,15,Gains In Performance
2018-06-09,26,Hotel Key,Old Dominion,27,11,Gains In Performance
2018-06-09,27,Drunk Girl,Chris Janson,26,25,Gains In Performance
2018-06-09,28,Three Chords & The Truth,Chase Rice,25,40,Gains In Performance
2018-06-09,29,Babe,Sugarland Featuring Taylor Swift,28,7,Gains In Performance
2018-06-09,30,"Sunrise, Sunburn, Sunset",Luke Bryan,42,2,Gains In Performance
2018-06-09,31,Shoot Me Straight,Brothers Osborne,30,21,Gains In Performance
2018-06-09,32,Hide The Wine,Carly Pearce,31,25,Gains In Performance
2018-06-09,33,A Little Dive Bar In Dahlonega,Ashley McBryde,32,21,Gains In Performance
2018-06-09,34,Rich,Maren Morris,33,16,Gains In Performance
2018-06-09,35,Born To Love You,LANco,34,18,Gains In Performance
2018-06-09,36,Hangin' On,Chris Young,35,14,Gains In Performance
2018-06-09,37,I Hate Love Songs,Kelsea Ballerini,37,14,Gains In Performance
2018-06-09,38,Last Shot,Kip Moore,36,26,Gains In Performance
2018-06-09,39,Blue Tacoma,Russell Dickerson,38,14,Gains In Performance
2018-06-09,40,Drunk Me,Mitchell Tenpenny,39,10,Gains In Performance
2018-06-09,41,Best Shot,Jimmie Allen,41,16,Gains In Performance
2018-06-09,42,You Got 'Em All,Trent Harmon,40,12,
2018-06-09,43,Burn Out,Midland,44,8,Gains In Performance
2018-06-09,44,Run Wild Horses,Aaron Watson,51,13,Gains In Performance
2018-06-09,45,Good Girl,Dustin Lynch,47,5,Gains In Performance
2018-06-09,46,Young Forever,Eric Paslay,45,9,Gains In Performance
2018-06-09,47,The Difference,Tyler Rich,48,9,Gains In Performance
2018-06-09,48,Millionaire,Chris Stapleton,46,7,Gains In Performance
2018-06-09,49,See You Try,Craig Campbell,50,8,Gains In Performance
2018-06-09,50,Take It From Me,Jordan Davis,55,2,Gains In Performance
2018-06-09,51,Worth It,Danielle Bradbery,52,15,Gains In Performance
2018-06-09,52,Weekend,Radio Romance,53,5,Gains In Performance
2018-06-09,53,Caught Up In The Country,Rodney Atkins Featuring The Fisk Jubilee Singers,54,8,Gains In Performance
2018-06-09,54,David Ashley Parker From Powder Springs,Travis Denning,56,4,Gains In Performance
2018-06-09,55,Chills,James Barker Band,57,16,Gains In Performance
2018-06-09,56,Asking For A Friend,Devin Dawson,58,5,Gains In Performance
2018-06-09,57,This Is It,Scotty McCreery,NEW,1,Gains In Performance
2018-06-09,58,You're In It,Granger Smith,59,2,Gains In Performance
2018-06-09,59,Love By The Moon,Tyler Farr,NEW,1,Gains In Performance
2018-06-09,60,Selfish,Stephanie Quayle,RE,7,Gains In Performance
2018-06-16,1,"Woman, Amen",Dierks Bentley,3,21,Gains In Performance
2018-06-16,2,One Number Away,Luke Combs,1,25,
2018-06-16,3,Everything's Gonna Be Alright,David Lee Murphy & Kenny Chesney,4,31,Gains In Performance
2018-06-16,4,Heaven,Kane Brown,2,32,
2018-06-16,5,Up Down,Morgan Wallen Featuring Florida Georgia Line,6,30,Gains In Performance
2018-06-16,6,Tequila,Dan + Shay,8,22,Gains In Performance
2018-06-16,7,I Lived It,Blake Shelton,5,22,Gains In Performance
2018-06-16,8,Get Along,Kenny Chesney,7,10,Gains In Performance
2018-06-16,9,I Was Jack (You Were Diane),Jake Owen,10,15,
2018-06-16,10,Coming Home,Keith Urban Featuring Julia Michaels,11,12,Gains In Performance
2018-06-16,11,Kiss Somebody,Morgan Evans,12,31,Gains In Performance
2018-06-16,12,Cry Pretty,Carrie Underwood,13,9,Gains In Performance
2018-06-16,13,Take Back Home Girl,Chris Lane Featuring Tori Kelly,14,35,Gains In Performance
2018-06-16,14,Hooked,Dylan Scott,16,41,Gains In Performance
2018-06-16,15,Downtown's Dead,Sam Hunt,17,4,Gains In Performance
2018-06-16,16,Mercy,Brett Young,18,18,Gains In Performance
2018-06-16,17,Heart Break,Lady Antebellum,19,37,Gains In Performance
2018-06-16,18,Life Changes,Thomas Rhett,20,9,Gains In Performance
2018-06-16,19,Criminal,Lindsay Ell,21,27,Gains In Performance
2018-06-16,20,Drowns The Whiskey,Jason Aldean Featuring Miranda Lambert,23,5,Gains In Performance
2018-06-16,21,Kinda Don't Care,Justin Moore,22,36,Gains In Performance
2018-06-16,22,Break Up In The End,Cole Swindell,25,16,Gains In Performance
2018-06-16,23,"Sunrise, Sunburn, Sunset",Luke Bryan,30,3,Gains In Performance
2018-06-16,24,Drunk Girl,Chris Janson,27,26,Gains In Performance
2018-06-16,25,Simple,Florida Georgia Line,24,2,
2018-06-16,26,Hotel Key,Old Dominion,26,12,Gains In Performance
2018-06-16,27,Three Chords & The Truth,Chase Rice,28,41,Gains In Performance
2018-06-16,28,Babe,Sugarland Featuring Taylor Swift,29,8,
2018-06-16,29,Summer Fever,Little Big Town,NEW,1,Highest ranking debut|Gains In Performance
2018-06-16,30,Hide The Wine,Carly Pearce,32,26,Gains In Performance
2018-06-16,31,Rich,Maren Morris,34,17,Gains In Performance
2018-06-16,32,Born To Love You,LANco,35,19,Gains In Performance
2018-06-16,33,Last Shot,Kip Moore,38,27,Gains In Performance
2018-06-16,34,Hangin' On,Chris Young,36,15,
2018-06-16,35,I Hate Love Songs,Kelsea Ballerini,37,15,Gains In Performance
2018-06-16,36,Blue Tacoma,Russell Dickerson,39,15,Gains In Performance
2018-06-16,37,Drunk Me,Mitchell Tenpenny,40,11,
2018-06-16,38,Burn Out,Midland,43,9,Gains In Performance
2018-06-16,39,You Got 'Em All,Trent Harmon,42,13,
2018-06-16,40,Best Shot,Jimmie Allen,41,17,
2018-06-16,41,Young Forever,Eric Paslay,46,10,Gains In Performance
2018-06-16,42,Run Wild Horses,Aaron Watson,44,14,Gains In Performance
2018-06-16,43,Good Girl,Dustin Lynch,45,6,Gains In Performance
2018-06-16,44,The Difference,Tyler Rich,47,10,Gains In Performance
2018-06-16,45,Millionaire,Chris Stapleton,48,8,Gains In Performance
2018-06-16,46,Lose It,Kane Brown,NEW,1,Gains In Performance
2018-06-16,47,See You Try,Craig Campbell,49,9,Gains In Performance
2018-06-16,48,Take It From Me,Jordan Davis,50,3,
2018-06-16,49,David Ashley Parker From Powder Springs,Travis Denning,54,5,Gains In Performance
2018-06-16,50,Weekend,Radio Romance,52,6,
2018-06-16,51,Caught Up In The Country,Rodney Atkins Featuring The Fisk Jubilee Singers,53,9,
2018-06-16,52,You're In It,Granger Smith,58,3,Gains In Performance
2018-06-16,53,This Is It,Scotty McCreery,57,2,Gains In Performance
2018-06-16,54,Asking For A Friend,Devin Dawson,56,6,
2018-06-16,55,Chills,James Barker Band,55,17,
2018-06-16,56,Worth It,Danielle Bradbery,51,16,
2018-06-16,57,Love By The Moon,Tyler Farr,59,2,
2018-06-16,58,Selfish,Stephanie Quayle,60,8,Gains In Performance
2018-06-16,59,Craig,Walker Hayes,NEW,1,Gains In Performance
2018-06-16,60,Straight To Hell,"Darius Rucker Featuring Jason Aldean, Luke Bryan & Charles Kelley",NEW,1,Gains In Performance
2018-06-23,1,Everything's Gonna Be Alright,David Lee Murphy & Kenny Chesney,3,32,Gains In Performance
2018-06-23,2,One Number Away,Luke Combs,2,26,
2018-06-23,3,Tequila,Dan + Shay,6,23,Greatest gainer this week|Gains In Performance
2018-06-23,4,"Woman, Amen",Dierks Bentley,1,22,
2018-06-23,5,Heaven,Kane Brown,4,33,
2018-06-23,6,Up Down,Morgan Wallen Featuring Florida Georgia Line,5,31,Gains In Performance
2018-06-23,7,I Lived It,Blake Shelton,7,23,Gains In Performance
2018-06-23,8,Get Along,Kenny Chesney,8,11,Gains In Performance
2018-06-23,9,I Was Jack (You Were Diane),Jake Owen,9,16,Gains In Performance
2018-06-23,10,Coming Home,Keith Urban Featuring Julia Michaels,10,13,Gains In Performance
2018-06-23,11,Kiss Somebody,Morgan Evans,11,32,Gains In Performance
2018-06-23,12,Take Back Home Girl,Chris Lane Featuring Tori Kelly,13,36,Gains In Performance
2018-06-23,13,Cry Pretty,Carrie Underwood,12,10,Gains In Performance
2018-06-23,14,Hooked,Dylan Scott,14,42,Gains In Performance
2018-06-23,15,Mercy,Brett Young,16,19,Gains In Performance
2018-06-23,16,Heart Break,Lady Antebellum,17,38,Gains In Performance
2018-06-23,17,Downtown's Dead,Sam Hunt,15,5,Gains In Performance
2018-06-23,18,Life Changes,Thomas Rhett,18,10,Gains In Performance
2018-06-23,19,Drowns The Whiskey,Jason Aldean Featuring Miranda Lambert,20,6,Gains In Performance
2018-06-23,20,Simple,Florida Georgia Line,25,3,Gains In Performance
2018-06-23,21,Criminal,Lindsay Ell,19,28,Gains In Performance
2018-06-23,22,"Sunrise, Sunburn, Sunset",Luke Bryan,23,4,Gains In Performance
2018-06-23,23,Kinda Don't Care,Justin Moore,21,37,Gains In Performance
2018-06-23,24,Break Up In The End,Cole Swindell,22,17,Gains In Performance
2018-06-23,25,Hotel Key,Old Dominion,26,13,Gains In Performance
2018-06-23,26,Three Chords & The Truth,Chase Rice,27,42,Gains In Performance
2018-06-23,27,Drunk Girl,Chris Janson,24,27,Gains In Performance
2018-06-23,28,Babe,Sugarland Featuring Taylor Swift,28,9,Gains In Performance
2018-06-23,29,Hide The Wine,Carly Pearce,30,27,Gains In Performance
2018-06-23,30,Shoot Me Straight,Brothers Osborne,RE,22,Gains In Performance
2018-06-23,31,Hangin' On,Chris Young,34,16,Gains In Performance
2018-06-23,32,Born To Love You,LANco,32,20,Gains In Performance
2018-06-23,33,Rich,Maren Morris,31,18,
2018-06-23,34,Blue Tacoma,Russell Dickerson,36,16,Gains In Performance
2018-06-23,35,Drunk Me,Mitchell Tenpenny,37,12,Gains In Performance
2018-06-23,36,I Hate Love Songs,Kelsea Ballerini,35,16,
2018-06-23,37,Burn Out,Midland,38,10,Gains In Performance
2018-06-23,38,Best Shot,Jimmie Allen,40,18,Gains In Performance
2018-06-23,39,You Got 'Em All,Trent Harmon,39,14,Gains In Performance
2018-06-23,40,Run Wild Horses,Aaron Watson,42,15,Gains In Performance
2018-06-23,41,Young Forever,Eric Paslay,41,11,
2018-06-23,42,See You Try,Craig Campbell,47,10,Gains In Performance
2018-06-23,43,Lose It,Kane Brown,46,2,Gains In Performance
2018-06-23,44,The Difference,Tyler Rich,44,11,Gains In Performance
2018-06-23,45,Good Girl,Dustin Lynch,43,7,
2018-06-23,46,Millionaire,Chris Stapleton,45,9,Gains In Performance
2018-06-23,47,Summer Fever,Little Big Town,29,2,
2018-06-23,48,Caught Up In The Country,Rodney Atkins Featuring The Fisk Jubilee Singers,51,10,Gains In Performance
2018-06-23,49,Take It From Me,Jordan Davis,48,4,Gains In Performance
2018-06-23,50,This Is It,Scotty McCreery,53,3,Gains In Performance
2018-06-23,51,David Ashley Parker From Powder Springs,Travis Denning,49,6,Gains In Performance
2018-06-23,52,You're In It,Granger Smith,52,4,Gains In Performance
2018-06-23,53,Weekend,Radio Romance,50,7,
2018-06-23,54,Chills,James Barker Band,55,18,Gains In Performance
2018-06-23,55,Asking For A Friend,Devin Dawson,54,7,Gains In Performance
2018-06-23,56,Love Ain't,Eli Young Band,NEW,1,Highest ranking debut|Gains In Performance
2018-06-23,57,Love By The Moon,Tyler Farr,57,3,Gains In Performance
2018-06-23,58,Selfish,Stephanie Quayle,58,9,Gains In Performance
2018-06-23,59,Straight To Hell,"Darius Rucker Featuring Jason Aldean, Luke Bryan & Charles Kelley",60,2,
2018-06-23,60,Friends Don't,Maddie & Tae,NEW,1,Gains In Performance
2018-06-30,1,Up Down,Morgan Wallen Featuring Florida Georgia Line,6,32,Gains In Performance
2018-06-30,2,Tequila,Dan + Shay,3,24,Gains In Performance
2018-06-30,3,I Lived It,Blake Shelton,7,24,Gains In Performance
2018-06-30,4,One Number Away,Luke Combs,2,27,
2018-06-30,5,Get Along,Kenny Chesney,8,12,Gains In Performance
2018-06-30,6,Everything's Gonna Be Alright,David Lee Murphy & Kenny Chesney,1,33,
2018-06-30,7,Heaven,Kane Brown,5,34,
2018-06-30,8,I Was Jack (You Were Diane),Jake Owen,9,17,Gains In Performance
2018-06-30,9,"Woman, Amen",Dierks Bentley,4,23,
2018-06-30,10,Coming Home,Keith Urban Featuring Julia Michaels,10,14,Gains In Performance
2018-06-30,11,Kiss Somebody,Morgan Evans,11,33,Gains In Performance
2018-06-30,12,Cry Pretty,Carrie Underwood,13,11,Gains In Performance
2018-06-30,13,Take Back Home Girl,Chris Lane Featuring Tori Kelly,12,37,Gains In Performance
2018-06-30,14,Mercy,Brett Young,15,20,Gains In Performance
2018-06-30,15,Hooked,Dylan Scott,14,43,Gains In Performance
2018-06-30,16,Life Changes,Thomas Rhett,18,11,Gains In Performance
2018-06-30,17,Heart Break,Lady Antebellum,16,39,Gains In Performance
2018-06-30,18,Simple,Florida Georgia Line,20,4,Gains In Performance
2018-06-30,19,Drowns The Whiskey,Jason Aldean Featuring Miranda Lambert,19,7,Gains In Performance
2018-06-30,20,Downtown's Dead,Sam Hunt,17,6,Gains In Performance
2018-06-30,21,All Day Long,Garth Brooks,NEW,1,Highest ranking debut|Gains In Performance
2018-06-30,22,"Sunrise, Sunburn, Sunset",Luke Bryan,22,5,Gains In Performance
2018-06-30,23,Criminal,Lindsay Ell,21,29,Gains In Performance
2018-06-30,24,Hotel Key,Old Dominion,25,14,Gains In Performance
2018-06-30,25,Kinda Don't Care,Justin Moore,23,38,Gains In Performance
2018-06-30,26,Break Up In The End,Cole Swindell,24,18,Gains In Performance
2018-06-30,27,Three Chords & The Truth,Chase Rice,26,43,Gains In Performance
2018-06-30,28,Drunk Girl,Chris Janson,27,28,Gains In Performance
2018-06-30,29,Babe,Sugarland Featuring Taylor Swift,28,10,Gains In Performance
2018-06-30,30,Hide The Wine,Carly Pearce,29,28,Gains In Performance
2018-06-30,31,Shoot Me Straight,Brothers Osborne,30,23,Gains In Performance
2018-06-30,32,Hangin' On,Chris Young,31,17,Gains In Performance
2018-06-30,33,Born To Love You,LANco,32,21,Gains In Performance
2018-06-30,34,Blue Tacoma,Russell Dickerson,34,17,Gains In Performance
2018-06-30,35,Rich,Maren Morris,33,19,Gains In Performance
2018-06-30,36,Burn Out,Midland,37,11,Gains In Performance
2018-06-30,37,I Hate Love Songs,Kelsea Ballerini,36,17,Gains In Performance
2018-06-30,38,Best Shot,Jimmie Allen,38,19,Gains In Performance
2018-06-30,39,Drunk Me,Mitchell Tenpenny,35,13,
2018-06-30,40,Lose It,Kane Brown,43,3,Gains In Performance
2018-06-30,41,You Got 'Em All,Trent Harmon,39,15,
2018-06-30,42,Run Wild Horses,Aaron Watson,40,16,Gains In Performance
2018-06-30,43,The Difference,Tyler Rich,44,12,Gains In Performance
2018-06-30,44,Young Forever,Eric Paslay,41,12,
2018-06-30,45,Millionaire,Chris Stapleton,46,10,Gains In Performance
2018-06-30,46,See You Try,Craig Campbell,42,11,
2018-06-30,47,Good Girl,Dustin Lynch,45,8,
2018-06-30,48,Summer Fever,Little Big Town,47,3,Gains In Performance
2018-06-30,49,Caught Up In The Country,Rodney Atkins Featuring The Fisk Jubilee Singers,48,11,Gains In Performance
2018-06-30,50,David Ashley Parker From Powder Springs,Travis Denning,51,7,Gains In Performance
2018-06-30,51,Take It From Me,Jordan Davis,49,5,Gains In Performance
2018-06-30,52,You're In It,Granger Smith,52,5,Gains In Performance
2018-06-30,53,This Is It,Scotty McCreery,50,4,
2018-06-30,54,Chills,James Barker Band,54,19,Gains In Performance
2018-06-30,55,Love Ain't,Eli Young Band,56,2,Gains In Performance
2018-06-30,56,Straight To Hell,"Darius Rucker Featuring Jason Aldean, Luke Bryan & Charles Kelley",59,3,Gains In Performance
2018-06-30,57,Asking For A Friend,Devin Dawson,55,8,
2018-06-30,58,Selfish,Stephanie Quayle,58,10,Gains In Performance
2018-06-30,59,Drop Everything,Carlton Anderson,NEW,1,Gains In Performance
2018-06-30,60,Love By The Moon,Tyler Farr,57,4,
2018-07-07,1,Tequila,Dan + Shay,2,25,Gains In Performance
2018-07-07,2,Get Along,Kenny Chesney,5,13,Greatest gainer this week|Gains In Performance
2018-07-07,3,One Number Away,Luke Combs,4,28,Gains In Performance
2018-07-07,4,I Was Jack (You Were Diane),Jake Owen,8,18,Gains In Performance
2018-07-07,5,Heaven,Kane Brown,7,35,Gains In Performance
2018-07-07,6,Up Down,Morgan Wallen Featuring Florida Georgia Line,1,33,
2018-07-07,7,Everything's Gonna Be Alright,David Lee Murphy & Kenny Chesney,6,34,
2018-07-07,8,Coming Home,Keith Urban Featuring Julia Michaels,10,15,Gains In Performance
2018-07-07,9,Kiss Somebody,Morgan Evans,11,34,Gains In Performance
2018-07-07,10,Mercy,Brett Young,14,21,Gains In Performance
2018-07-07,11,Cry Pretty,Carrie Underwood,12,12,Gains In Performance
2018-07-07,12,Take Back Home Girl,Chris Lane Featuring Tori Kelly,13,38,Gains In Performance
2018-07-07,13,I Lived It,Blake Shelton,3,25,
2018-07-07,14,Life Changes,Thomas Rhett,16,12,Gains In Performance
2018-07-07,15,Drowns The Whiskey,Jason Aldean Featuring Miranda Lambert,19,8,Gains In Performance
2018-07-07,16,Hooked,Dylan Scott,15,44,Gains In Performance
2018-07-07,17,Simple,Florida Georgia Line,18,5,Gains In Performance
2018-07-07,18,Heart Break,Lady Antebellum,17,40,Gains In Performance
2018-07-07,19,Downtown's Dead,Sam Hunt,20,7,Gains In Performance
2018-07-07,20,"Sunrise, Sunburn, Sunset",Luke Bryan,22,6,Gains In Performance
2018-07-07,21,Hotel Key,Old Dominion,24,15,Gains In Performance
2018-07-07,22,Criminal,Lindsay Ell,23,30,Gains In Performance
2018-07-07,23,Kinda Don't Care,Justin Moore,25,39,Gains In Performance
2018-07-07,24,Break Up In The End,Cole Swindell,26,19,Gains In Performance
2018-07-07,25,Drunk Girl,Chris Janson,28,29,Gains In Performance
2018-07-07,26,Three Chords & The Truth,Chase Rice,27,44,Gains In Performance
2018-07-07,27,All Day Long,Garth Brooks,21,2,
2018-07-07,28,Babe,Sugarland Featuring Taylor Swift,29,11,Gains In Performance
2018-07-07,29,Hide The Wine,Carly Pearce,30,29,Gains In Performance
2018-07-07,30,Blue Tacoma,Russell Dickerson,34,18,Gains In Performance
2018-07-07,31,Hangin' On,Chris Young,32,18,Gains In Performance
2018-07-07,32,Rich,Maren Morris,35,20,Gains In Performance
2018-07-07,33,Born To Love You,LANco,33,22,Gains In Performance
2018-07-07,34,Shoot Me Straight,Brothers Osborne,31,24,Gains In Performance
2018-07-07,35,I Hate Love Songs,Kelsea Ballerini,37,18,Gains In Performance
2018-07-07,36,Lose It,Kane Brown,40,4,Gains In Performance
2018-07-07,37,Burn Out,Midland,36,12,
2018-07-07,38,Best Shot,Jimmie Allen,38,20,Gains In Performance
2018-07-07,39,Drunk Me,Mitchell Tenpenny,39,14,Gains In Performance
2018-07-07,40,You Got 'Em All,Trent Harmon,41,16,Gains In Performance
2018-07-07,41,David Ashley Parker From Powder Springs,Travis Denning,50,8,Gains In Performance
2018-07-07,42,Run Wild Horses,Aaron Watson,42,17,
2018-07-07,43,See You Try,Craig Campbell,46,12,Gains In Performance
2018-07-07,44,Young Forever,Eric Paslay,44,13,Gains In Performance
2018-07-07,45,The Difference,Tyler Rich,43,13,Gains In Performance
2018-07-07,46,Millionaire,Chris Stapleton,45,11,Gains In Performance
2018-07-07,47,Good Girl,Dustin Lynch,47,9,Gains In Performance
2018-07-07,48,Summer Fever,Little Big Town,48,4,Gains In Performance
2018-07-07,49,Straight To Hell,"Darius Rucker Featuring Jason Aldean, Luke Bryan & Charles Kelley",56,4,Gains In Performance
2018-07-07,50,Take It From Me,Jordan Davis,51,6,Gains In Performance
2018-07-07,51,Caught Up In The Country,Rodney Atkins Featuring The Fisk Jubilee Singers,49,12,Gains In Performance
2018-07-07,52,You're In It,Granger Smith,52,6,Gains In Performance
2018-07-07,53,This Is It,Scotty McCreery,53,5,Gains In Performance
2018-07-07,54,Love Ain't,Eli Young Band,55,3,Gains In Performance
2018-07-07,55,Chills,James Barker Band,54,20,Gains In Performance
2018-07-07,56,Asking For A Friend,Devin Dawson,57,9,Gains In Performance
2018-07-07,57,Drop Everything,Carlton Anderson,59,2,Gains In Performance
2018-07-07,58,Friends Don't,Maddie & Tae,RE,2,Gains In Performance
2018-07-07,59,Selfish,Stephanie Quayle,58,11,
2018-07-07,60,Love By The Moon,Tyler Farr,60,5,Gains In Performance
2018-07-14,1,Tequila,Dan + Shay,1,26,Gains In Performance
2018-07-14,2,Get Along,Kenny Chesney,2,14,Gains In Performance
2018-07-14,3,I Was Jack (You Were Diane),Jake Owen,4,19,Gains In Performance
2018-07-14,4,One Number Away,Luke Combs,3,29,
2018-07-14,5,Heaven,Kane Brown,5,36,Gains In Performance
2018-07-14,6,Up Down,Morgan Wallen Featuring Florida Georgia Line,6,34,
2018-07-14,7,Coming Home,Keith Urban Featuring Julia Michaels,8,16,Gains In Performance
2018-07-14,8,Kiss Somebody,Morgan Evans,9,35,Gains In Performance
2018-07-14,9,Mercy,Brett Young,10,22,Gains In Performance
2018-07-14,10,Cry Pretty,Carrie Underwood,11,13,Gains In Performance
2018-07-14,11,Take Back Home Girl,Chris Lane Featuring Tori Kelly,12,39,Gains In Performance
2018-07-14,12,Drowns The Whiskey,Jason Aldean Featuring Miranda Lambert,15,9,Greatest gainer this week|Gains In Performance
2018-07-14,13,Life Changes,Thomas Rhett,14,13,Gains In Performance
2018-07-14,14,Simple,Florida Georgia Line,17,6,Gains In Performance
2018-07-14,15,Hooked,Dylan Scott,16,45,Gains In Performance
2018-07-14,16,"Sunrise, Sunburn, Sunset",Luke Bryan,20,7,Gains In Performance
2018-07-14,17,Heart Break,Lady Antebellum,18,41,Gains In Performance
2018-07-14,18,Hotel Key,Old Dominion,21,16,Gains In Performance
2018-07-14,19,Downtown's Dead,Sam Hunt,19,8,
2018-07-14,20,Criminal,Lindsay Ell,22,31,Gains In Performance
2018-07-14,21,Kinda Don't Care,Justin Moore,23,40,Gains In Performance
2018-07-14,22,Drunk Girl,Chris Janson,25,30,Gains In Performance
2018-07-14,23,Break Up In The End,Cole Swindell,24,20,Gains In Performance
2018-07-14,24,All Day Long,Garth Brooks,27,3,Gains In Performance
2018-07-14,25,Babe,Sugarland Featuring Taylor Swift,28,12,Gains In Performance
2018-07-14,26,Hide The Wine,Carly Pearce,29,30,Gains In Performance
2018-07-14,27,Blue Tacoma,Russell Dickerson,30,19,Gains In Performance
2018-07-14,28,Hangin' On,Chris Young,31,19,Gains In Performance
2018-07-14,29,Rich,Maren Morris,32,21,Gains In Performance
2018-07-14,30,Born To Love You,LANco,33,23,Gains In Performance
2018-07-14,31,Shoot Me Straight,Brothers Osborne,34,25,Gains In Performance
2018-07-14,32,Lose It,Kane Brown,36,5,Gains In Performance
2018-07-14,33,Last Shot,Kip Moore,RE,28,Gains In Performance
2018-07-14,34,I Hate Love Songs,Kelsea Ballerini,35,19,Gains In Performance
2018-07-14,35,Drunk Me,Mitchell Tenpenny,39,15,Gains In Performance
2018-07-14,36,Best Shot,Jimmie Allen,38,21,Gains In Performance
2018-07-14,37,Burn Out,Midland,37,13,
2018-07-14,38,You Got 'Em All,Trent Harmon,40,17,
2018-07-14,39,David Ashley Parker From Powder Springs,Travis Denning,41,9,Gains In Performance
2018-07-14,40,Summer Fever,Little Big Town,48,5,Gains In Performance
2018-07-14,41,Run Wild Horses,Aaron Watson,42,18,
2018-07-14,42,The Difference,Tyler Rich,45,14,Gains In Performance
2018-07-14,43,Straight To Hell,"Darius Rucker Featuring Jason Aldean, Luke Bryan & Charles Kelley",49,5,Gains In Performance
2018-07-14,44,Take It From Me,Jordan Davis,50,7,Gains In Performance
2018-07-14,45,See You Try,Craig Campbell,43,13,
2018-07-14,46,Good Girl,Dustin Lynch,47,10,Gains In Performance
2018-07-14,47,Millionaire,Chris Stapleton,46,12,Gains In Performance
2018-07-14,48,Young Forever,Eric Paslay,44,14,
2018-07-14,49,She Got The Best Of Me,Luke Combs,NEW,1,Highest ranking debut|Gains In Performance
2018-07-14,50,This Is It,Scotty McCreery,53,6,Gains In Performance
2018-07-14,51,You're In It,Granger Smith,52,7,Gains In Performance
2018-07-14,52,Caught Up In The Country,Rodney Atkins Featuring The Fisk Jubilee Singers,51,13,
2018-07-14,53,Chills,James Barker Band,55,21,Gains In Performance
2018-07-14,54,Love Ain't,Eli Young Band,54,4,
2018-07-14,55,Burning Man,Dierks Bentley Featuring Brothers Osborne,NEW,1,Gains In Performance
2018-07-14,56,Drop Everything,Carlton Anderson,57,3,Gains In Performance
2018-07-14,57,Asking For A Friend,Devin Dawson,56,10,Gains In Performance
2018-07-14,58,Love Someone,Brett Eldredge,NEW,1,Gains In Performance
2018-07-14,59,Friends Don't,Maddie & Tae,58,3,Gains In Performance
2018-07-14,60,Selfish,Stephanie Quayle,59,12,Gains In Performance
2018-07-21,1,Get Along,Kenny Chesney,2,15,Gains In Performance
2018-07-21,2,Tequila,Dan + Shay,1,27,
2018-07-21,3,I Was Jack (You Were Diane),Jake Owen,3,20,Gains In Performance
2018-07-21,4,One Number Away,Luke Combs,4,30,
2018-07-21,5,Heaven,Kane Brown,5,37,
2018-07-21,6,Mercy,Brett Young,9,23,Gains In Performance
2018-07-21,7,Coming Home,Keith Urban Featuring Julia Michaels,7,17,Gains In Performance
2018-07-21,8,Kiss Somebody,Morgan Evans,8,36,Gains In Performance
2018-07-21,9,Drowns The Whiskey,Jason Aldean Featuring Miranda Lambert,12,10,Gains In Performance
2018-07-21,10,Life Changes,Thomas Rhett,13,14,Gains In Performance
2018-07-21,11,Simple,Florida Georgia Line,14,7,Gains In Performance
2018-07-21,12,Take Back Home Girl,Chris Lane Featuring Tori Kelly,11,40,Gains In Performance
2018-07-21,13,Cry Pretty,Carrie Underwood,10,14,Gains In Performance
2018-07-21,14,Hooked,Dylan Scott,15,46,Gains In Performance
2018-07-21,15,"Sunrise, Sunburn, Sunset",Luke Bryan,16,8,Gains In Performance
2018-07-21,16,Heart Break,Lady Antebellum,17,42,Gains In Performance
2018-07-21,17,Hotel Key,Old Dominion,18,17,Gains In Performance
2018-07-21,18,Downtown's Dead,Sam Hunt,19,9,
2018-07-21,19,Kinda Don't Care,Justin Moore,21,41,
2018-07-21,20,Break Up In The End,Cole Swindell,23,21,Gains In Performance
2018-07-21,21,Drunk Girl,Chris Janson,22,31,
2018-07-21,22,All Day Long,Garth Brooks,24,4,Gains In Performance
2018-07-21,23,Desperate Man,Eric Church,NEW,1,Highest ranking debut|Gains In Performance
2018-07-21,24,Babe,Sugarland Featuring Taylor Swift,25,13,
2018-07-21,25,Blue Tacoma,Russell Dickerson,27,20,Gains In Performance
2018-07-21,26,Hide The Wine,Carly Pearce,26,31,Gains In Performance
2018-07-21,27,Rich,Maren Morris,29,22,Gains In Performance
2018-07-21,28,Hangin' On,Chris Young,28,20,Gains In Performance
2018-07-21,29,Born To Love You,LANco,30,24,Gains In Performance
2018-07-21,30,Shoot Me Straight,Brothers Osborne,31,26,
2018-07-21,31,Lose It,Kane Brown,32,6,Gains In Performance
2018-07-21,32,Last Shot,Kip Moore,33,29,Gains In Performance
2018-07-21,33,Drunk Me,Mitchell Tenpenny,35,16,Gains In Performance
2018-07-21,34,Best Shot,Jimmie Allen,36,22,Gains In Performance
2018-07-21,35,I Hate Love Songs,Kelsea Ballerini,34,20,Gains In Performance
2018-07-21,36,Burn Out,Midland,37,14,Gains In Performance
2018-07-21,37,David Ashley Parker From Powder Springs,Travis Denning,39,10,Gains In Performance
2018-07-21,38,You Got 'Em All,Trent Harmon,38,18,
2018-07-21,39,She Got The Best Of Me,Luke Combs,49,2,Gains In Performance
2018-07-21,40,Take It From Me,Jordan Davis,44,8,Gains In Performance
2018-07-21,41,Straight To Hell,"Darius Rucker Featuring Jason Aldean, Luke Bryan & Charles Kelley",43,6,Gains In Performance
2018-07-21,42,The Difference,Tyler Rich,42,15,
2018-07-21,43,Millionaire,Chris Stapleton,47,13,Gains In Performance
2018-07-21,44,You're In It,Granger Smith,51,8,Gains In Performance
2018-07-21,45,See You Try,Craig Campbell,45,14,
2018-07-21,46,Summer Fever,Little Big Town,40,6,
2018-07-21,47,This Is It,Scotty McCreery,50,7,Gains In Performance
2018-07-21,48,Good Girl,Dustin Lynch,46,11,
2018-07-21,49,Young Forever,Eric Paslay,48,15,
2018-07-21,50,Burning Man,Dierks Bentley Featuring Brothers Osborne,55,2,Gains In Performance
2018-07-21,51,Chills,James Barker Band,53,22,Gains In Performance
2018-07-21,52,Caught Up In The Country,Rodney Atkins Featuring The Fisk Jubilee Singers,52,14,Gains In Performance
2018-07-21,53,Love Ain't,Eli Young Band,54,5,Gains In Performance
2018-07-21,54,Asking For A Friend,Devin Dawson,57,11,Gains In Performance
2018-07-21,55,There Was This Girl,Riley Green,NEW,1,Gains In Performance
2018-07-21,56,Drop Everything,Carlton Anderson,56,4,
2018-07-21,57,Love Someone,Brett Eldredge,58,2,Gains In Performance
2018-07-21,58,Friends Don't,Maddie & Tae,59,4,Gains In Performance
2018-07-21,59,Make Him Wait,Abby Anderson,NEW,1,Gains In Performance
2018-07-21,60,Slow Roll,Everette,NEW,1,
2018-07-28,1,Get Along,Kenny Chesney,1,16,
2018-07-28,2,I Was Jack (You Were Diane),Jake Owen,3,21,Gains In Performance
2018-07-28,3,Tequila,Dan + Shay,2,28,
2018-07-28,4,Mercy,Brett Young,6,24,Greatest gainer this week|Gains In Performance
2018-07-28,5,One Number Away,Luke Combs,4,31,
2018-07-28,6,Coming Home,Keith Urban Featuring Julia Michaels,7,18,Gains In Performance
2018-07-28,7,Drowns The Whiskey,Jason Aldean Featuring Miranda Lambert,9,11,Gains In Performance
2018-07-28,8,Life Changes,Thomas Rhett,10,15,Gains In Performance
2018-07-28,9,Kiss Somebody,Morgan Evans,8,37,
2018-07-28,10,Take Back Home Girl,Chris Lane Featuring Tori Kelly,12,41,Gains In Performance
2018-07-28,11,Simple,Florida Georgia Line,11,8,Gains In Performance
2018-07-28,12,Cry Pretty,Carrie Underwood,13,15,Gains In Performance
2018-07-28,13,"Sunrise, Sunburn, Sunset",Luke Bryan,15,9,Gains In Performance
2018-07-28,14,Hooked,Dylan Scott,14,47,Gains In Performance
2018-07-28,15,Hotel Key,Old Dominion,17,18,Gains In Performance
2018-07-28,16,Heart Break,Lady Antebellum,16,43,Gains In Performance
2018-07-28,17,Kinda Don't Care,Justin Moore,19,42,Gains In Performance
2018-07-28,18,All Day Long,Garth Brooks,22,5,Gains In Performance
2018-07-28,19,Break Up In The End,Cole Swindell,20,22,Gains In Performance
2018-07-28,20,Drunk Girl,Chris Janson,21,32,Gains In Performance
2018-07-28,21,Blue Tacoma,Russell Dickerson,25,21,Gains In Performance
2018-07-28,22,Babe,Sugarland Featuring Taylor Swift,24,14,Gains In Performance
2018-07-28,23,Desperate Man,Eric Church,23,2,
2018-07-28,24,Hide The Wine,Carly Pearce,26,32,Gains In Performance
2018-07-28,25,Born To Love You,LANco,29,25,Gains In Performance
2018-07-28,26,Hangin' On,Chris Young,28,21,Gains In Performance
2018-07-28,27,Rich,Maren Morris,27,23,Gains In Performance
2018-07-28,28,Drunk Me,Mitchell Tenpenny,33,17,Gains In Performance
2018-07-28,29,Lose It,Kane Brown,31,7,Gains In Performance
2018-07-28,30,Shoot Me Straight,Brothers Osborne,30,27,Gains In Performance
2018-07-28,31,Last Shot,Kip Moore,32,30,Gains In Performance
2018-07-28,32,Best Shot,Jimmie Allen,34,23,Gains In Performance
2018-07-28,33,I Hate Love Songs,Kelsea Ballerini,35,21,Gains In Performance
2018-07-28,34,She Got The Best Of Me,Luke Combs,39,3,Gains In Performance
2018-07-28,35,Burn Out,Midland,36,15,Gains In Performance
2018-07-28,36,David Ashley Parker From Powder Springs,Travis Denning,37,11,Gains In Performance
2018-07-28,37,Burning Man,Dierks Bentley Featuring Brothers Osborne,50,3,Gains In Performance
2018-07-28,38,Take It From Me,Jordan Davis,40,9,Gains In Performance
2018-07-28,39,The Difference,Tyler Rich,42,16,Gains In Performance
2018-07-28,40,Straight To Hell,"Darius Rucker Featuring Jason Aldean, Luke Bryan & Charles Kelley",41,7,Gains In Performance
2018-07-28,41,Millionaire,Chris Stapleton,43,14,Gains In Performance
2018-07-28,42,Summer Fever,Little Big Town,46,7,Gains In Performance
2018-07-28,43,See You Try,Craig Campbell,45,15,Gains In Performance
2018-07-28,44,Good Girl,Dustin Lynch,48,12,Gains In Performance
2018-07-28,45,You're In It,Granger Smith,44,9,Gains In Performance
2018-07-28,46,This Is It,Scotty McCreery,47,8,
2018-07-28,47,There Was This Girl,Riley Green,55,2,Gains In Performance
2018-07-28,48,Love Someone,Brett Eldredge,57,3,Gains In Performance
2018-07-28,49,Love Ain't,Eli Young Band,53,6,Gains In Performance
2018-07-28,50,Caught Up In The Country,Rodney Atkins Featuring The Fisk Jubilee Singers,52,15,Gains In Performance
2018-07-28,51,Chills,James Barker Band,51,23,Gains In Performance
2018-07-28,52,Asking For A Friend,Devin Dawson,54,12,Gains In Performance
2018-07-28,53,Drop Everything,Carlton Anderson,56,5,Gains In Performance
2018-07-28,54,Friends Don't,Maddie & Tae,58,5,Gains In Performance
2018-07-28,55,Slow Roll,Everette,60,2,Gains In Performance
2018-07-28,56,One That Got Away,Michael Ray,NEW,1,Highest ranking debut|Gains In Performance
2018-07-28,57,Love By The Moon,Tyler Farr,RE,6,Gains In Performance
2018-07-28,58,What Whiskey Does,Randy Houser Featuring Hillary Lindsey,NEW,1,Gains In Performance
2018-07-28,59,Make Him Wait,Abby Anderson,59,2,
2018-07-28,60,How Does It Sound,Dylan Schneider,NEW,1,Gains In Performance
2018-08-04,1,I Was Jack (You Were Diane),Jake Owen,2,22,Gains In Performance
2018-08-04,2,Get Along,Kenny Chesney,1,17,
2018-08-04,3,Tequila,Dan + Shay,3,29,
2018-08-04,4,Coming Home,Keith Urban Featuring Julia Michaels,6,19,Greatest gainer this week|Gains In Performance
2018-08-04,5,Mercy,Brett Young,4,25,Gains In Performance
2018-08-04,6,Drowns The Whiskey,Jason Aldean Featuring Miranda Lambert,7,12,Gains In Performance
2018-08-04,7,Life Changes,Thomas Rhett,8,16,Gains In Performance
2018-08-04,8,Kiss Somebody,Morgan Evans,9,38,Gains In Performance
2018-08-04,9,Take Back Home Girl,Chris Lane Featuring Tori Kelly,10,42,Gains In Performance
2018-08-04,10,"Sunrise, Sunburn, Sunset",Luke Bryan,13,10,Gains In Performance
2018-08-04,11,Simple,Florida Georgia Line,11,9,Gains In Performance
2018-08-04,12,Hooked,Dylan Scott,14,48,Gains In Performance
2018-08-04,13,Cry Pretty,Carrie Underwood,12,16,Gains In Performance
2018-08-04,14,Hotel Key,Old Dominion,15,19,Gains In Performance
2018-08-04,15,Heart Break,Lady Antebellum,16,44,Gains In Performance
2018-08-04,16,Break Up In The End,Cole Swindell,19,23,Gains In Performance
2018-08-04,17,Drunk Girl,Chris Janson,20,33,Gains In Performance
2018-08-04,18,All Day Long,Garth Brooks,18,6,Gains In Performance
2018-08-04,19,Kinda Don't Care,Justin Moore,17,43,Gains In Performance
2018-08-04,20,Blue Tacoma,Russell Dickerson,21,22,Gains In Performance
2018-08-04,21,Babe,Sugarland Featuring Taylor Swift,22,15,Gains In Performance
2018-08-04,22,Desperate Man,Eric Church,23,3,Gains In Performance
2018-08-04,23,Hangin' On,Chris Young,26,22,Gains In Performance
2018-08-04,24,Born To Love You,LANco,25,26,Gains In Performance
2018-08-04,25,Rich,Maren Morris,27,24,Gains In Performance
2018-08-04,26,Hide The Wine,Carly Pearce,24,33,Gains In Performance
2018-08-04,27,Drunk Me,Mitchell Tenpenny,28,18,Gains In Performance
2018-08-04,28,Lose It,Kane Brown,29,8,Gains In Performance
2018-08-04,29,Shoot Me Straight,Brothers Osborne,30,28,Gains In Performance
2018-08-04,30,Best Shot,Jimmie Allen,32,24,Gains In Performance
2018-08-04,31,Last Shot,Kip Moore,31,31,Gains In Performance
2018-08-04,32,She Got The Best Of Me,Luke Combs,34,4,Gains In Performance
2018-08-04,33,I Hate Love Songs,Kelsea Ballerini,33,22,Gains In Performance
2018-08-04,34,Burn Out,Midland,35,16,Gains In Performance
2018-08-04,35,David Ashley Parker From Powder Springs,Travis Denning,36,12,Gains In Performance
2018-08-04,36,Burning Man,Dierks Bentley Featuring Brothers Osborne,37,4,Gains In Performance
2018-08-04,37,Millionaire,Chris Stapleton,41,15,Gains In Performance
2018-08-04,38,Take It From Me,Jordan Davis,38,10,Gains In Performance
2018-08-04,39,The Difference,Tyler Rich,39,17,Gains In Performance
2018-08-04,40,There Was This Girl,Riley Green,47,3,Gains In Performance
2018-08-04,41,Straight To Hell,"Darius Rucker Featuring Jason Aldean, Luke Bryan & Charles Kelley",40,8,
2018-08-04,42,Summer Fever,Little Big Town,42,8,Gains In Performance
2018-08-04,43,Love Ain't,Eli Young Band,49,7,Gains In Performance
2018-08-04,44,See You Try,Craig Campbell,43,16,
2018-08-04,45,This Is It,Scotty McCreery,46,9,Gains In Performance
2018-08-04,46,Love Someone,Brett Eldredge,48,4,Gains In Performance
2018-08-04,47,Good Girl,Dustin Lynch,44,13,
2018-08-04,48,You're In It,Granger Smith,45,10,
2018-08-04,49,Chills,James Barker Band,51,24,Gains In Performance
2018-08-04,50,Caught Up In The Country,Rodney Atkins Featuring The Fisk Jubilee Singers,50,16,Gains In Performance
2018-08-04,51,Turnin' Me On,Blake Shelton,RE,2,Gains In Performance
2018-08-04,52,Friends Don't,Maddie & Tae,54,6,Gains In Performance
2018-08-04,53,Drop Everything,Carlton Anderson,53,6,Gains In Performance
2018-08-04,54,Night Shift,Jon Pardi,NEW,1,Highest ranking debut|Gains In Performance
2018-08-04,55,What Whiskey Does,Randy Houser Featuring Hillary Lindsey,58,2,Gains In Performance
2018-08-04,56,Asking For A Friend,Devin Dawson,52,13,
2018-08-04,57,One That Got Away,Michael Ray,56,2,Gains In Performance
2018-08-04,58,Slow Roll,Everette,55,3,Gains In Performance
2018-08-04,59,Love By The Moon,Tyler Farr,57,7,Gains In Performance
2018-08-04,60,Selfish,Stephanie Quayle,RE,13,Gains In Performance
2018-08-11,1,Mercy,Brett Young,5,26,Gains In Performance
2018-08-11,2,Get Along,Kenny Chesney,2,18,
2018-08-11,3,Coming Home,Keith Urban Featuring Julia Michaels,4,20,
2018-08-11,4,Tequila,Dan + Shay,3,30,
2018-08-11,5,Drowns The Whiskey,Jason Aldean Featuring Miranda Lambert,6,13,Gains In Performance
2018-08-11,6,Life Changes,Thomas Rhett,7,17,Gains In Performance
2018-08-11,7,"Sunrise, Sunburn, Sunset",Luke Bryan,10,11,Greatest gainer this week|Gains In Performance
2018-08-11,8,Kiss Somebody,Morgan Evans,8,39,Gains In Performance
2018-08-11,9,Take Back Home Girl,Chris Lane Featuring Tori Kelly,9,43,Gains In Performance
2018-08-11,10,Simple,Florida Georgia Line,11,10,Gains In Performance
2018-08-11,11,Hotel Key,Old Dominion,14,20,Gains In Performance
2018-08-11,12,I Was Jack (You Were Diane),Jake Owen,1,23,
2018-08-11,13,Hooked,Dylan Scott,12,49,Gains In Performance
2018-08-11,14,Cry Pretty,Carrie Underwood,13,17,Gains In Performance
2018-08-11,15,Heart Break,Lady Antebellum,15,45,Gains In Performance
2018-08-11,16,Blue Tacoma,Russell Dickerson,20,23,Gains In Performance
2018-08-11,17,Break Up In The End,Cole Swindell,16,24,Gains In Performance
2018-08-11,18,Drunk Girl,Chris Janson,17,34,Gains In Performance
2018-08-11,19,All Day Long,Garth Brooks,18,7,Gains In Performance
2018-08-11,20,Kinda Don't Care,Justin Moore,19,44,Gains In Performance
2018-08-11,21,Babe,Sugarland Featuring Taylor Swift,21,16,Gains In Performance
2018-08-11,22,Desperate Man,Eric Church,22,4,Gains In Performance
2018-08-11,23,Hangin' On,Chris Young,23,23,Gains In Performance
2018-08-11,24,Hide The Wine,Carly Pearce,26,34,Gains In Performance
2018-08-11,25,Born To Love You,LANco,24,27,Gains In Performance
2018-08-11,26,Rich,Maren Morris,25,25,Gains In Performance
2018-08-11,27,Lose It,Kane Brown,28,9,Gains In Performance
2018-08-11,28,Drunk Me,Mitchell Tenpenny,27,19,Gains In Performance
2018-08-11,29,Shoot Me Straight,Brothers Osborne,29,29,Gains In Performance
2018-08-11,30,Best Shot,Jimmie Allen,30,25,Gains In Performance
2018-08-11,31,She Got The Best Of Me,Luke Combs,32,5,Gains In Performance
2018-08-11,32,Last Shot,Kip Moore,31,32,Gains In Performance
2018-08-11,33,I Hate Love Songs,Kelsea Ballerini,33,23,
2018-08-11,34,Burn Out,Midland,34,17,Gains In Performance
2018-08-11,35,David Ashley Parker From Powder Springs,Travis Denning,35,13,Gains In Performance
2018-08-11,36,Burning Man,Dierks Bentley Featuring Brothers Osborne,36,5,Gains In Performance
2018-08-11,37,Turnin' Me On,Blake Shelton,51,3,Gains In Performance
2018-08-11,38,Millionaire,Chris Stapleton,37,16,Gains In Performance
2018-08-11,39,Take It From Me,Jordan Davis,38,11,Gains In Performance
2018-08-11,40,Run Wild Horses,Aaron Watson,RE,19,Gains In Performance
2018-08-11,41,There Was This Girl,Riley Green,40,4,Gains In Performance
2018-08-11,42,The Difference,Tyler Rich,39,18,Gains In Performance
2018-08-11,43,Good Girl,Dustin Lynch,47,14,Gains In Performance
2018-08-11,44,Straight To Hell,"Darius Rucker Featuring Jason Aldean, Luke Bryan & Charles Kelley",41,9,
2018-08-11,45,See You Try,Craig Campbell,44,17,Gains In Performance
2018-08-11,46,Summer Fever,Little Big Town,42,9,Gains In Performance
2018-08-11,47,Love Ain't,Eli Young Band,43,8,Gains In Performance
2018-08-11,48,This Is It,Scotty McCreery,45,10,Gains In Performance
2018-08-11,49,Goodbye Summer,Danielle Bradbery With Thomas Rhett,NEW,1,Highest ranking debut|Gains In Performance
2018-08-11,50,You're In It,Granger Smith,48,11,Gains In Performance
2018-08-11,51,Love Someone,Brett Eldredge,46,5,Gains In Performance
2018-08-11,52,Caught Up In The Country,Rodney Atkins Featuring The Fisk Jubilee Singers,50,17,Gains In Performance
2018-08-11,53,One That Got Away,Michael Ray,57,3,Gains In Performance
2018-08-11,54,Friends Don't,Maddie & Tae,52,7,Gains In Performance
2018-08-11,55,Night Shift,Jon Pardi,54,2,Gains In Performance
2018-08-11,56,What Whiskey Does,Randy Houser Featuring Hillary Lindsey,55,3,Gains In Performance
2018-08-11,57,Slow Roll,Everette,58,4,Gains In Performance
2018-08-11,58,Yada Yada Yada,Brandon Lay,NEW,1,Gains In Performance
2018-08-11,59,Asking For A Friend,Devin Dawson,56,14,Gains In Performance
2018-08-11,60,Selfish,Stephanie Quayle,60,14,Gains In Performance
2018-08-18,1,Mercy,Brett Young,1,27,Gains In Performance
2018-08-18,2,Get Along,Kenny Chesney,2,19,
2018-08-18,3,Drowns The Whiskey,Jason Aldean Featuring Miranda Lambert,5,14,Gains In Performance
2018-08-18,4,"Sunrise, Sunburn, Sunset",Luke Bryan,7,12,Greatest gainer this week|Gains In Performance
2018-08-18,5,Life Changes,Thomas Rhett,6,18,Gains In Performance
2018-08-18,6,Tequila,Dan + Shay,4,31,
2018-08-18,7,Kiss Somebody,Morgan Evans,8,40,Gains In Performance
2018-08-18,8,Take Back Home Girl,Chris Lane Featuring Tori Kelly,9,44,Gains In Performance
2018-08-18,9,Simple,Florida Georgia Line,10,11,Gains In Performance
2018-08-18,10,Hotel Key,Old Dominion,11,21,Gains In Performance
2018-08-18,11,Hooked,Dylan Scott,13,50,Gains In Performance
2018-08-18,12,Cry Pretty,Carrie Underwood,14,18,Gains In Performance
2018-08-18,13,Blue Tacoma,Russell Dickerson,16,24,Gains In Performance
2018-08-18,14,Coming Home,Keith Urban Featuring Julia Michaels,3,21,
2018-08-18,15,Break Up In The End,Cole Swindell,17,25,Gains In Performance
2018-08-18,16,Drunk Girl,Chris Janson,18,35,Gains In Performance
2018-08-18,17,All Day Long,Garth Brooks,19,8,Gains In Performance
2018-08-18,18,Desperate Man,Eric Church,22,5,Gains In Performance
2018-08-18,19,Babe,Sugarland Featuring Taylor Swift,21,17,Gains In Performance
2018-08-18,20,Hangin' On,Chris Young,23,24,Gains In Performance
2018-08-18,21,Hide The Wine,Carly Pearce,24,35,Gains In Performance
2018-08-18,22,Rich,Maren Morris,26,26,Gains In Performance
2018-08-18,23,Born To Love You,LANco,25,28,Gains In Performance
2018-08-18,24,Lose It,Kane Brown,27,10,Gains In Performance
2018-08-18,25,Drunk Me,Mitchell Tenpenny,28,20,Gains In Performance
2018-08-18,26,She Got The Best Of Me,Luke Combs,31,6,Gains In Performance
2018-08-18,27,Best Shot,Jimmie Allen,30,26,Gains In Performance
2018-08-18,28,Shoot Me Straight,Brothers Osborne,29,30,Gains In Performance
2018-08-18,29,Last Shot,Kip Moore,32,33,Gains In Performance
2018-08-18,30,I Hate Love Songs,Kelsea Ballerini,33,24,Gains In Performance
2018-08-18,31,Burn Out,Midland,34,18,Gains In Performance
2018-08-18,32,Burning Man,Dierks Bentley Featuring Brothers Osborne,36,6,Gains In Performance
2018-08-18,33,Turnin' Me On,Blake Shelton,37,4,Gains In Performance
2018-08-18,34,David Ashley Parker From Powder Springs,Travis Denning,35,14,Gains In Performance
2018-08-18,35,Down To The Honkytonk,Jake Owen,NEW,1,Highest ranking debut|Gains In Performance
2018-08-18,36,There Was This Girl,Riley Green,41,5,Gains In Performance
2018-08-18,37,Millionaire,Chris Stapleton,38,17,Gains In Performance
2018-08-18,38,Run Wild Horses,Aaron Watson,40,20,Gains In Performance
2018-08-18,39,Take It From Me,Jordan Davis,39,12,Gains In Performance
2018-08-18,40,The Difference,Tyler Rich,42,19,Gains In Performance
2018-08-18,41,Good Girl,Dustin Lynch,43,15,Gains In Performance
2018-08-18,42,Straight To Hell,"Darius Rucker Featuring Jason Aldean, Luke Bryan & Charles Kelley",44,10,Gains In Performance
2018-08-18,43,See You Try,Craig Campbell,45,18,Gains In Performance
2018-08-18,44,This Is It,Scotty McCreery,48,11,Gains In Performance
2018-08-18,45,You're In It,Granger Smith,50,12,Gains In Performance
2018-08-18,46,Speechless,Dan + Shay,NEW,1,Gains In Performance
2018-08-18,47,Caught Up In The Country,Rodney Atkins Featuring The Fisk Jubilee Singers,52,18,Gains In Performance
2018-08-18,48,Love Someone,Brett Eldredge,51,6,Gains In Performance
2018-08-18,49,Love Ain't,Eli Young Band,47,9,
2018-08-18,50,Summer Fever,Little Big Town,46,10,
2018-08-18,51,Night Shift,Jon Pardi,55,3,Gains In Performance
2018-08-18,52,Friends Don't,Maddie & Tae,54,8,Gains In Performance
2018-08-18,53,On My Way To You,Cody Johnson,NEW,1,Gains In Performance
2018-08-18,54,One That Got Away,Michael Ray,53,4,Gains In Performance
2018-08-18,55,What Whiskey Does,Randy Houser Featuring Hillary Lindsey,56,4,Gains In Performance
2018-08-18,56,Asking For A Friend,Devin Dawson,59,15,Gains In Performance
2018-08-18,57,Drop Everything,Carlton Anderson,RE,7,Gains In Performance
2018-08-18,58,Yada Yada Yada,Brandon Lay,58,2,Gains In Performance
2018-08-18,59,Slow Roll,Everette,57,5,
2018-08-18,60,Selfish,Stephanie Quayle,60,15,Gains In Performance
2018-08-25,1,Drowns The Whiskey,Jason Aldean Featuring Miranda Lambert,3,15,Gains In Performance
2018-08-25,2,"Sunrise, Sunburn, Sunset",Luke Bryan,4,13,Gains In Performance
2018-08-25,3,Kiss Somebody,Morgan Evans,7,41,Greatest gainer this week|Gains In Performance
2018-08-25,4,Life Changes,Thomas Rhett,5,19,Gains In Performance
2018-08-25,5,Get Along,Kenny Chesney,2,20,
2018-08-25,6,Mercy,Brett Young,1,28,
2018-08-25,7,Tequila,Dan + Shay,6,32,
2018-08-25,8,Hooked,Dylan Scott,11,51,Gains In Performance
2018-08-25,9,Hotel Key,Old Dominion,10,22,Gains In Performance
2018-08-25,10,Take Back Home Girl,Chris Lane Featuring Tori Kelly,8,45,
2018-08-25,11,Simple,Florida Georgia Line,9,12,Gains In Performance
2018-08-25,12,Cry Pretty,Carrie Underwood,12,19,Gains In Performance
2018-08-25,13,Blue Tacoma,Russell Dickerson,13,25,Gains In Performance
2018-08-25,14,Break Up In The End,Cole Swindell,15,26,Gains In Performance
2018-08-25,15,Drunk Girl,Chris Janson,16,36,Gains In Performance
2018-08-25,16,All Day Long,Garth Brooks,17,9,Gains In Performance
2018-08-25,17,Desperate Man,Eric Church,18,6,Gains In Performance
2018-08-25,18,Hangin' On,Chris Young,20,25,Gains In Performance
2018-08-25,19,Rich,Maren Morris,22,27,Gains In Performance
2018-08-25,20,Babe,Sugarland Featuring Taylor Swift,19,18,Gains In Performance
2018-08-25,21,Hide The Wine,Carly Pearce,21,36,Gains In Performance
2018-08-25,22,Lose It,Kane Brown,24,11,Gains In Performance
2018-08-25,23,Born To Love You,LANco,23,29,Gains In Performance
2018-08-25,24,Drunk Me,Mitchell Tenpenny,25,21,Gains In Performance
2018-08-25,25,She Got The Best Of Me,Luke Combs,26,7,Gains In Performance
2018-08-25,26,Best Shot,Jimmie Allen,27,27,Gains In Performance
2018-08-25,27,Last Shot,Kip Moore,29,34,Gains In Performance
2018-08-25,28,Turnin' Me On,Blake Shelton,33,5,Gains In Performance
2018-08-25,29,Burning Man,Dierks Bentley Featuring Brothers Osborne,32,7,Gains In Performance
2018-08-25,30,Burn Out,Midland,31,19,Gains In Performance
2018-08-25,31,I Hate Love Songs,Kelsea Ballerini,30,25,Gains In Performance
2018-08-25,32,There Was This Girl,Riley Green,36,6,Gains In Performance
2018-08-25,33,David Ashley Parker From Powder Springs,Travis Denning,34,15,Gains In Performance
2018-08-25,34,Millionaire,Chris Stapleton,37,18,Gains In Performance
2018-08-25,35,Take It From Me,Jordan Davis,39,13,Gains In Performance
2018-08-25,36,Good Girl,Dustin Lynch,41,16,Gains In Performance
2018-08-25,37,On My Way To You,Cody Johnson,53,2,Gains In Performance
2018-08-25,38,The Difference,Tyler Rich,40,20,
2018-08-25,39,Speechless,Dan + Shay,46,2,Gains In Performance
2018-08-25,40,Straight To Hell,"Darius Rucker Featuring Jason Aldean, Luke Bryan & Charles Kelley",42,11,Gains In Performance
2018-08-25,41,See You Try,Craig Campbell,43,19,Gains In Performance
2018-08-25,42,This Is It,Scotty McCreery,44,12,Gains In Performance
2018-08-25,43,Night Shift,Jon Pardi,51,4,Gains In Performance
2018-08-25,44,Love Someone,Brett Eldredge,48,7,Gains In Performance
2018-08-25,45,Caught Up In The Country,Rodney Atkins Featuring The Fisk Jubilee Singers,47,19,Gains In Performance
2018-08-25,46,You're In It,Granger Smith,45,13,Gains In Performance
2018-08-25,47,Love Ain't,Eli Young Band,49,10,Gains In Performance
2018-08-25,48,Friends Don't,Maddie & Tae,52,9,Gains In Performance
2018-08-25,49,One That Got Away,Michael Ray,54,5,Gains In Performance
2018-08-25,50,Yada Yada Yada,Brandon Lay,58,3,Gains In Performance
2018-08-25,51,Down To The Honkytonk,Jake Owen,35,2,
2018-08-25,52,What Whiskey Does,Randy Houser Featuring Hillary Lindsey,55,5,Gains In Performance
2018-08-25,53,Summer Fever,Little Big Town,50,11,
2018-08-25,54,Eyes On You,Chase Rice,NEW,1,Highest ranking debut|Gains In Performance
2018-08-25,55,Drop Everything,Carlton Anderson,57,8,Gains In Performance
2018-08-25,56,Slow Roll,Everette,59,6,Gains In Performance
2018-08-25,57,Asking For A Friend,Devin Dawson,56,16,
2018-08-25,58,Goodbye Summer,Danielle Bradbery With Thomas Rhett,RE,2,Gains In Performance
2018-08-25,59,Selfish,Stephanie Quayle,60,16,Gains In Performance
2018-08-25,60,Damage,Rachel Wammack,NEW,1,Gains In Performance
2018-09-01,1,Drowns The Whiskey,Jason Aldean Featuring Miranda Lambert,1,16,Gains In Performance
2018-09-01,2,"Sunrise, Sunburn, Sunset",Luke Bryan,2,14,Gains In Performance
2018-09-01,3,Life Changes,Thomas Rhett,4,20,Gains In Performance
2018-09-01,4,Hotel Key,Old Dominion,9,23,Gains In Performance
2018-09-01,5,Get Along,Kenny Chesney,5,21,
2018-09-01,6,Hooked,Dylan Scott,8,52,Gains In Performance
2018-09-01,7,Simple,Florida Georgia Line,11,13,Gains In Performance
2018-09-01,8,Mercy,Brett Young,6,29,
2018-09-01,9,Cry Pretty,Carrie Underwood,12,20,Gains In Performance
2018-09-01,10,Blue Tacoma,Russell Dickerson,13,26,Greatest gainer this week|Gains In Performance
2018-09-01,11,Kiss Somebody,Morgan Evans,3,42,
2018-09-01,12,Break Up In The End,Cole Swindell,14,27,Gains In Performance
2018-09-01,13,Drunk Girl,Chris Janson,15,37,Gains In Performance
2018-09-01,14,Hangin' On,Chris Young,18,26,Gains In Performance
2018-09-01,15,All Day Long,Garth Brooks,16,10,Gains In Performance
2018-09-01,16,Desperate Man,Eric Church,17,7,Gains In Performance
2018-09-01,17,Rich,Maren Morris,19,28,Gains In Performance
2018-09-01,18,Babe,Sugarland Featuring Taylor Swift,20,19,Gains In Performance
2018-09-01,19,Lose It,Kane Brown,22,12,Gains In Performance
2018-09-01,20,Hide The Wine,Carly Pearce,21,37,Gains In Performance
2018-09-01,21,Drunk Me,Mitchell Tenpenny,24,22,Gains In Performance
2018-09-01,22,Born To Love You,LANco,23,30,Gains In Performance
2018-09-01,23,She Got The Best Of Me,Luke Combs,25,8,Gains In Performance
2018-09-01,24,Best Shot,Jimmie Allen,26,28,Gains In Performance
2018-09-01,25,Turnin' Me On,Blake Shelton,28,6,Gains In Performance
2018-09-01,26,Last Shot,Kip Moore,27,35,Gains In Performance
2018-09-01,27,Burn Out,Midland,30,20,Gains In Performance
2018-09-01,28,Burning Man,Dierks Bentley Featuring Brothers Osborne,29,8,Gains In Performance
2018-09-01,29,I Hate Love Songs,Kelsea Ballerini,31,26,Gains In Performance
2018-09-01,30,There Was This Girl,Riley Green,32,7,Gains In Performance
2018-09-01,31,Take It From Me,Jordan Davis,35,14,Gains In Performance
2018-09-01,32,Millionaire,Chris Stapleton,34,19,Gains In Performance
2018-09-01,33,Good Girl,Dustin Lynch,36,17,Gains In Performance
2018-09-01,34,David Ashley Parker From Powder Springs,Travis Denning,33,16,
2018-09-01,35,On My Way To You,Cody Johnson,37,3,Gains In Performance
2018-09-01,36,Speechless,Dan + Shay,39,3,Gains In Performance
2018-09-01,37,The Difference,Tyler Rich,38,21,Gains In Performance
2018-09-01,38,Night Shift,Jon Pardi,43,5,Gains In Performance
2018-09-01,39,Down To The Honkytonk,Jake Owen,51,3,Gains In Performance
2018-09-01,40,This Is It,Scotty McCreery,42,13,Gains In Performance
2018-09-01,41,Straight To Hell,"Darius Rucker Featuring Jason Aldean, Luke Bryan & Charles Kelley",40,12,Gains In Performance
2018-09-01,42,Love Someone,Brett Eldredge,44,8,Gains In Performance
2018-09-01,43,You're In It,Granger Smith,46,14,Gains In Performance
2018-09-01,44,See You Try,Craig Campbell,41,20,
2018-09-01,45,Love Ain't,Eli Young Band,47,11,Gains In Performance
2018-09-01,46,Caught Up In The Country,Rodney Atkins Featuring The Fisk Jubilee Singers,45,20,Gains In Performance
2018-09-01,47,Friends Don't,Maddie & Tae,48,10,Gains In Performance
2018-09-01,48,One That Got Away,Michael Ray,49,6,Gains In Performance
2018-09-01,49,Eyes On You,Chase Rice,54,2,Gains In Performance
2018-09-01,50,Yada Yada Yada,Brandon Lay,50,4,Gains In Performance
2018-09-01,51,Drop Everything,Carlton Anderson,55,9,Gains In Performance
2018-09-01,52,What Whiskey Does,Randy Houser Featuring Hillary Lindsey,52,6,
2018-09-01,53,Goodbye Summer,Danielle Bradbery With Thomas Rhett,58,3,Gains In Performance
2018-09-01,54,Damage,Rachel Wammack,60,2,Gains In Performance
2018-09-01,55,Better Boat,Kenny Chesney Featuring Mindy Smith,NEW,1,Highest ranking debut|Gains In Performance
2018-09-01,56,Never Comin Down,Keith Urban,NEW,1,Gains In Performance
2018-09-01,57,Asking For A Friend,Devin Dawson,57,17,Gains In Performance
2018-09-01,58,Floatin',Uncle Kracker,NEW,1,Gains In Performance
2018-09-01,59,Slow Roll,Everette,56,7,
2018-09-01,60,Selfish,Stephanie Quayle,59,17,
2018-09-08,1,Life Changes,Thomas Rhett,3,21,Gains In Performance
2018-09-08,2,"Sunrise, Sunburn, Sunset",Luke Bryan,2,15,Gains In Performance
2018-09-08,3,Drowns The Whiskey,Jason Aldean Featuring Miranda Lambert,1,17,
2018-09-08,4,Hotel Key,Old Dominion,4,24,Gains In Performance
2018-09-08,5,Hooked,Dylan Scott,6,53,Gains In Performance
2018-09-08,6,Simple,Florida Georgia Line,7,14,Gains In Performance
2018-09-08,7,Blue Tacoma,Russell Dickerson,10,27,Greatest gainer this week|Gains In Performance
2018-09-08,8,Get Along,Kenny Chesney,5,22,
2018-09-08,9,Break Up In The End,Cole Swindell,12,28,Gains In Performance
2018-09-08,10,Drunk Girl,Chris Janson,13,38,Gains In Performance
2018-09-08,11,Hangin' On,Chris Young,14,27,Gains In Performance
2018-09-08,12,All Day Long,Garth Brooks,15,11,Gains In Performance
2018-09-08,13,Desperate Man,Eric Church,16,8,Gains In Performance
2018-09-08,14,Rich,Maren Morris,17,29,Gains In Performance
2018-09-08,15,She Got The Best Of Me,Luke Combs,23,9,Gains In Performance
2018-09-08,16,Hide The Wine,Carly Pearce,20,38,Gains In Performance
2018-09-08,17,Lose It,Kane Brown,19,13,Gains In Performance
2018-09-08,18,Drunk Me,Mitchell Tenpenny,21,23,Gains In Performance
2018-09-08,19,Babe,Sugarland Featuring Taylor Swift,18,20,Gains In Performance
2018-09-08,20,Born To Love You,LANco,22,31,Gains In Performance
2018-09-08,21,Best Shot,Jimmie Allen,24,29,Gains In Performance
2018-09-08,22,Turnin' Me On,Blake Shelton,25,7,Gains In Performance
2018-09-08,23,Last Shot,Kip Moore,26,36,Gains In Performance
2018-09-08,24,Burning Man,Dierks Bentley Featuring Brothers Osborne,28,9,Gains In Performance
2018-09-08,25,Burn Out,Midland,27,21,Gains In Performance
2018-09-08,26,I Hate Love Songs,Kelsea Ballerini,29,27,Gains In Performance
2018-09-08,27,There Was This Girl,Riley Green,30,8,Gains In Performance
2018-09-08,28,Millionaire,Chris Stapleton,32,20,Gains In Performance
2018-09-08,29,Take It From Me,Jordan Davis,31,15,Gains In Performance
2018-09-08,30,Good Girl,Dustin Lynch,33,18,Gains In Performance
2018-09-08,31,Speechless,Dan + Shay,36,4,Gains In Performance
2018-09-08,32,David Ashley Parker From Powder Springs,Travis Denning,34,17,Gains In Performance
2018-09-08,33,Run Wild Horses,Aaron Watson,RE,21,Gains In Performance
2018-09-08,34,On My Way To You,Cody Johnson,35,4,Gains In Performance
2018-09-08,35,The Difference,Tyler Rich,37,22,Gains In Performance
2018-09-08,36,Night Shift,Jon Pardi,38,6,Gains In Performance
2018-09-08,37,This Is It,Scotty McCreery,40,14,Gains In Performance
2018-09-08,38,Down To The Honkytonk,Jake Owen,39,4,Gains In Performance
2018-09-08,39,You're In It,Granger Smith,43,15,Gains In Performance
2018-09-08,40,Love Someone,Brett Eldredge,42,9,Gains In Performance
2018-09-08,41,Straight To Hell,"Darius Rucker Featuring Jason Aldean, Luke Bryan & Charles Kelley",41,13,Gains In Performance
2018-09-08,42,See You Try,Craig Campbell,44,21,Gains In Performance
2018-09-08,43,Love Ain't,Eli Young Band,45,12,Gains In Performance
2018-09-08,44,Caught Up In The Country,Rodney Atkins Featuring The Fisk Jubilee Singers,46,21,Gains In Performance
2018-09-08,45,Better Boat,Kenny Chesney Featuring Mindy Smith,55,2,Gains In Performance
2018-09-08,46,Goodbye Summer,Danielle Bradbery With Thomas Rhett,53,4,Gains In Performance
2018-09-08,47,Never Comin Down,Keith Urban,56,2,Gains In Performance
2018-09-08,48,Drop Everything,Carlton Anderson,51,10,Gains In Performance
2018-09-08,49,Friends Don't,Maddie & Tae,47,11,
2018-09-08,50,One That Got Away,Michael Ray,48,7,
2018-09-08,51,Eyes On You,Chase Rice,49,3,Gains In Performance
2018-09-08,52,Yada Yada Yada,Brandon Lay,50,5,Gains In Performance
2018-09-08,53,What Whiskey Does,Randy Houser Featuring Hillary Lindsey,52,7,Gains In Performance
2018-09-08,54,Damage,Rachel Wammack,54,3,Gains In Performance
2018-09-08,55,How Does It Sound,Dylan Schneider,RE,2,Gains In Performance
2018-09-08,56,Whiskey Glasses,Morgan Wallen,NEW,1,Highest ranking debut|Gains In Performance
2018-09-08,57,I Won't Be Sorry,David Lee Murphy,NEW,1,Gains In Performance
2018-09-08,58,Slow Roll,Everette,59,8,Gains In Performance
2018-09-08,59,Floatin',Uncle Kracker,58,2,Gains In Performance
2018-09-08,60,Selfish,Stephanie Quayle,60,18,Gains In Performance
2018-09-15,1,"Sunrise, Sunburn, Sunset",Luke Bryan,2,16,Gains In Performance
2018-09-15,2,Hotel Key,Old Dominion,4,25,Gains In Performance
2018-09-15,3,Life Changes,Thomas Rhett,1,22,
2018-09-15,4,Hooked,Dylan Scott,5,54,Greatest gainer this week|Gains In Performance
2018-09-15,5,Drowns The Whiskey,Jason Aldean Featuring Miranda Lambert,3,18,
2018-09-15,6,Blue Tacoma,Russell Dickerson,7,28,Gains In Performance
2018-09-15,7,Simple,Florida Georgia Line,6,15,Gains In Performance
2018-09-15,8,Break Up In The End,Cole Swindell,9,29,Gains In Performance
2018-09-15,9,Hangin' On,Chris Young,11,28,Gains In Performance
2018-09-15,10,Drunk Girl,Chris Janson,10,39,Gains In Performance
2018-09-15,11,All Day Long,Garth Brooks,12,12,Gains In Performance
2018-09-15,12,She Got The Best Of Me,Luke Combs,15,10,Gains In Performance
2018-09-15,13,Rich,Maren Morris,14,30,Gains In Performance
2018-09-15,14,Desperate Man,Eric Church,13,9,Gains In Performance
2018-09-15,15,Lose It,Kane Brown,17,14,Gains In Performance
2018-09-15,16,Hide The Wine,Carly Pearce,16,39,Gains In Performance
2018-09-15,17,Drunk Me,Mitchell Tenpenny,18,24,Gains In Performance
2018-09-15,18,Babe,Sugarland Featuring Taylor Swift,19,21,Gains In Performance
2018-09-15,19,Born To Love You,LANco,20,32,Gains In Performance
2018-09-15,20,Best Shot,Jimmie Allen,21,30,Gains In Performance
2018-09-15,21,Turnin' Me On,Blake Shelton,22,8,Gains In Performance
2018-09-15,22,Last Shot,Kip Moore,23,37,Gains In Performance
2018-09-15,23,Burning Man,Dierks Bentley Featuring Brothers Osborne,24,10,Gains In Performance
2018-09-15,24,Burn Out,Midland,25,22,Gains In Performance
2018-09-15,25,I Hate Love Songs,Kelsea Ballerini,26,28,Gains In Performance
2018-09-15,26,There Was This Girl,Riley Green,27,9,Gains In Performance
2018-09-15,27,Millionaire,Chris Stapleton,28,21,Gains In Performance
2018-09-15,28,Good Girl,Dustin Lynch,30,19,Gains In Performance
2018-09-15,29,Take It From Me,Jordan Davis,29,16,Gains In Performance
2018-09-15,30,Speechless,Dan + Shay,31,5,Gains In Performance
2018-09-15,31,Down To The Honkytonk,Jake Owen,38,5,Gains In Performance
2018-09-15,32,One That Got Away,Michael Ray,50,8,Gains In Performance
2018-09-15,33,Run Wild Horses,Aaron Watson,33,22,Gains In Performance
2018-09-15,34,On My Way To You,Cody Johnson,34,5,Gains In Performance
2018-09-15,35,David Ashley Parker From Powder Springs,Travis Denning,32,18,
2018-09-15,36,This Is It,Scotty McCreery,37,15,Gains In Performance
2018-09-15,37,The Difference,Tyler Rich,35,23,Gains In Performance
2018-09-15,38,Night Shift,Jon Pardi,36,7,Gains In Performance
2018-09-15,39,Better Boat,Kenny Chesney Featuring Mindy Smith,45,3,Gains In Performance
2018-09-15,40,Love Someone,Brett Eldredge,40,10,Gains In Performance
2018-09-15,41,You're In It,Granger Smith,39,16,Gains In Performance
2018-09-15,42,Straight To Hell,"Darius Rucker Featuring Jason Aldean, Luke Bryan & Charles Kelley",41,14,Gains In Performance
2018-09-15,43,Never Comin Down,Keith Urban,47,3,Gains In Performance
2018-09-15,44,Love Ain't,Eli Young Band,43,13,Gains In Performance
2018-09-15,45,See You Try,Craig Campbell,42,22,
2018-09-15,46,Caught Up In The Country,Rodney Atkins Featuring The Fisk Jubilee Singers,44,22,Gains In Performance
2018-09-15,47,Eyes On You,Chase Rice,51,4,Gains In Performance
2018-09-15,48,Goodbye Summer,Danielle Bradbery With Thomas Rhett,46,5,Gains In Performance
2018-09-15,49,Friends Don't,Maddie & Tae,49,12,Gains In Performance
2018-09-15,50,Drop Everything,Carlton Anderson,48,11,
2018-09-15,51,What Whiskey Does,Randy Houser Featuring Hillary Lindsey,53,8,Gains In Performance
2018-09-15,52,Yada Yada Yada,Brandon Lay,52,6,Gains In Performance
2018-09-15,53,Whiskey Glasses,Morgan Wallen,56,2,Gains In Performance
2018-09-15,54,Damage,Rachel Wammack,54,4,
2018-09-15,55,How Does It Sound,Dylan Schneider,55,3,Gains In Performance
2018-09-15,56,Feels Like A Party,LoCash,NEW,1,Highest ranking debut|Gains In Performance
2018-09-15,57,I Won't Be Sorry,David Lee Murphy,57,2,Gains In Performance
2018-09-15,58,Floatin',Uncle Kracker,59,3,Gains In Performance
2018-09-15,59,Rumor,Lee Brice,NEW,1,Gains In Performance
2018-09-15,60,Slow Roll,Everette,58,9,
2018-09-22,1,"Sunrise, Sunburn, Sunset",Luke Bryan,1,17,
2018-09-22,2,Hooked,Dylan Scott,4,55,Greatest gainer this week|Gains In Performance
2018-09-22,3,Hotel Key,Old Dominion,2,26,Gains In Performance
2018-09-22,4,Blue Tacoma,Russell Dickerson,6,29,Gains In Performance
2018-09-22,5,Simple,Florida Georgia Line,7,16,Gains In Performance
2018-09-22,6,Life Changes,Thomas Rhett,3,23,
2018-09-22,7,Drowns The Whiskey,Jason Aldean Featuring Miranda Lambert,5,19,
2018-09-22,8,Break Up In The End,Cole Swindell,8,30,Gains In Performance
2018-09-22,9,Hangin' On,Chris Young,9,29,Gains In Performance
2018-09-22,10,Drunk Girl,Chris Janson,10,40,Gains In Performance
2018-09-22,11,She Got The Best Of Me,Luke Combs,12,11,Gains In Performance
2018-09-22,12,All Day Long,Garth Brooks,11,13,Gains In Performance
2018-09-22,13,Rich,Maren Morris,13,31,Gains In Performance
2018-09-22,14,Desperate Man,Eric Church,14,10,
2018-09-22,15,Lose It,Kane Brown,15,15,Gains In Performance
2018-09-22,16,Drunk Me,Mitchell Tenpenny,17,25,Gains In Performance
2018-09-22,17,Hide The Wine,Carly Pearce,16,40,Gains In Performance
2018-09-22,18,Babe,Sugarland Featuring Taylor Swift,18,22,Gains In Performance
2018-09-22,19,Born To Love You,LANco,19,33,Gains In Performance
2018-09-22,20,Best Shot,Jimmie Allen,20,31,Gains In Performance
2018-09-22,21,Turnin' Me On,Blake Shelton,21,9,Gains In Performance
2018-09-22,22,Last Shot,Kip Moore,22,38,Gains In Performance
2018-09-22,23,Burning Man,Dierks Bentley Featuring Brothers Osborne,23,11,Gains In Performance
2018-09-22,24,Burn Out,Midland,24,23,Gains In Performance
2018-09-22,25,Millionaire,Chris Stapleton,27,22,Gains In Performance
2018-09-22,26,There Was This Girl,Riley Green,26,10,Gains In Performance
2018-09-22,27,Take It From Me,Jordan Davis,29,17,Gains In Performance
2018-09-22,28,Speechless,Dan + Shay,30,6,Gains In Performance
2018-09-22,29,Good Girl,Dustin Lynch,28,20,Gains In Performance
2018-09-22,30,One That Got Away,Michael Ray,32,9,Gains In Performance
2018-09-22,31,Better Boat,Kenny Chesney Featuring Mindy Smith,39,4,Gains In Performance
2018-09-22,32,Down To The Honkytonk,Jake Owen,31,6,Gains In Performance
2018-09-22,33,On My Way To You,Cody Johnson,34,6,Gains In Performance
2018-09-22,34,Love Wins,Carrie Underwood,NEW,1,Highest ranking debut|Gains In Performance
2018-09-22,35,The Difference,Tyler Rich,37,24,Gains In Performance
2018-09-22,36,Night Shift,Jon Pardi,38,8,Gains In Performance
2018-09-22,37,Never Comin Down,Keith Urban,43,4,Gains In Performance
2018-09-22,38,David Ashley Parker From Powder Springs,Travis Denning,35,19,
2018-09-22,39,This Is It,Scotty McCreery,36,16,Gains In Performance
2018-09-22,40,Love Someone,Brett Eldredge,40,11,Gains In Performance
2018-09-22,41,You're In It,Granger Smith,41,17,Gains In Performance
2018-09-22,42,Straight To Hell,"Darius Rucker Featuring Jason Aldean, Luke Bryan & Charles Kelley",42,15,
2018-09-22,43,Caught Up In The Country,Rodney Atkins Featuring The Fisk Jubilee Singers,46,23,Gains In Performance
2018-09-22,44,Love Ain't,Eli Young Band,44,14,Gains In Performance
2018-09-22,45,See You Try,Craig Campbell,45,23,Gains In Performance
2018-09-22,46,Goodbye Summer,Danielle Bradbery With Thomas Rhett,48,6,Gains In Performance
2018-09-22,47,Girl Like You,Jason Aldean,NEW,1,Gains In Performance
2018-09-22,48,Yada Yada Yada,Brandon Lay,52,7,Gains In Performance
2018-09-22,49,Friends Don't,Maddie & Tae,49,13,
2018-09-22,50,Eyes On You,Chase Rice,47,5,
2018-09-22,51,Drop Everything,Carlton Anderson,50,12,Gains In Performance
2018-09-22,52,What Whiskey Does,Randy Houser Featuring Hillary Lindsey,51,9,Gains In Performance
2018-09-22,53,Sixteen,Thomas Rhett,RE,4,Gains In Performance
2018-09-22,54,Damage,Rachel Wammack,54,5,Gains In Performance
2018-09-22,55,Feels Like A Party,LoCash,56,2,Gains In Performance
2018-09-22,56,Floatin',Uncle Kracker,58,4,Gains In Performance
2018-09-22,57,Whiskey Glasses,Morgan Wallen,53,3,
2018-09-22,58,I Won't Be Sorry,David Lee Murphy,57,3,Gains In Performance
2018-09-22,59,How Does It Sound,Dylan Schneider,55,4,
2018-09-22,60,Rumor,Lee Brice,59,2,Gains In Performance
2018-09-29,1,Hotel Key,Old Dominion,3,27,Gains In Performance
2018-09-29,2,Blue Tacoma,Russell Dickerson,4,30,Gains In Performance
2018-09-29,3,"Sunrise, Sunburn, Sunset",Luke Bryan,1,18,
2018-09-29,4,Hooked,Dylan Scott,2,56,
2018-09-29,5,Simple,Florida Georgia Line,5,17,Gains In Performance
2018-09-29,6,Break Up In The End,Cole Swindell,8,31,Gains In Performance
2018-09-29,7,Life Changes,Thomas Rhett,6,24,
2018-09-29,8,Hangin' On,Chris Young,9,30,Gains In Performance
2018-09-29,9,She Got The Best Of Me,Luke Combs,11,12,Gains In Performance
2018-09-29,10,Drunk Girl,Chris Janson,10,41,Gains In Performance
2018-09-29,11,Rich,Maren Morris,13,32,Gains In Performance
2018-09-29,12,All Day Long,Garth Brooks,12,14,Gains In Performance
2018-09-29,13,Lose It,Kane Brown,15,16,Gains In Performance
2018-09-29,14,Desperate Man,Eric Church,14,11,Gains In Performance
2018-09-29,15,Drunk Me,Mitchell Tenpenny,16,26,Gains In Performance
2018-09-29,16,Hide The Wine,Carly Pearce,17,41,Gains In Performance
2018-09-29,17,Babe,Sugarland Featuring Taylor Swift,18,23,
2018-09-29,18,Best Shot,Jimmie Allen,20,32,Gains In Performance
2018-09-29,19,Born To Love You,LANco,19,34,Gains In Performance
2018-09-29,20,Turnin' Me On,Blake Shelton,21,10,Gains In Performance
2018-09-29,21,Last Shot,Kip Moore,22,39,Gains In Performance
2018-09-29,22,Burning Man,Dierks Bentley Featuring Brothers Osborne,23,12,Gains In Performance
2018-09-29,23,Burn Out,Midland,24,24,Gains In Performance
2018-09-29,24,Speechless,Dan + Shay,28,7,Gains In Performance
2018-09-29,25,Millionaire,Chris Stapleton,25,23,Gains In Performance
2018-09-29,26,There Was This Girl,Riley Green,26,11,Gains In Performance
2018-09-29,27,Take It From Me,Jordan Davis,27,18,Gains In Performance
2018-09-29,28,Good Girl,Dustin Lynch,29,21,Gains In Performance
2018-09-29,29,Bring It On Over,Billy Currington,NEW,1,Highest ranking debut|Gains In Performance
2018-09-29,30,This Is It,Scotty McCreery,39,17,Gains In Performance
2018-09-29,31,On My Way To You,Cody Johnson,33,7,Gains In Performance
2018-09-29,32,Better Boat,Kenny Chesney Featuring Mindy Smith,31,5,Gains In Performance
2018-09-29,33,One That Got Away,Michael Ray,30,10,Gains In Performance
2018-09-29,34,Down To The Honkytonk,Jake Owen,32,7,Gains In Performance
2018-09-29,35,The Difference,Tyler Rich,35,25,Gains In Performance
2018-09-29,36,Never Comin Down,Keith Urban,37,5,Gains In Performance
2018-09-29,37,Night Shift,Jon Pardi,36,9,Gains In Performance
2018-09-29,38,David Ashley Parker From Powder Springs,Travis Denning,38,20,Gains In Performance
2018-09-29,39,Girl Like You,Jason Aldean,47,2,Gains In Performance
2018-09-29,40,Love Wins,Carrie Underwood,34,2,
2018-09-29,41,Love Someone,Brett Eldredge,40,12,Gains In Performance
2018-09-29,42,Love Ain't,Eli Young Band,44,15,Gains In Performance
2018-09-29,43,Caught Up In The Country,Rodney Atkins Featuring The Fisk Jubilee Singers,43,24,Gains In Performance
2018-09-29,44,Straight To Hell,"Darius Rucker Featuring Jason Aldean, Luke Bryan & Charles Kelley",42,16,
2018-09-29,45,You're In It,Granger Smith,41,18,
2018-09-29,46,Sixteen,Thomas Rhett,53,5,Gains In Performance
2018-09-29,47,Goodbye Summer,Danielle Bradbery With Thomas Rhett,46,7,Gains In Performance
2018-09-29,48,See You Try,Craig Campbell,45,24,
2018-09-29,49,Friends Don't,Maddie & Tae,49,14,Gains In Performance
2018-09-29,50,What Whiskey Does,Randy Houser Featuring Hillary Lindsey,52,10,Gains In Performance
2018-09-29,51,Here Tonight,Brett Young,NEW,1,Gains In Performance
2018-09-29,52,Yada Yada Yada,Brandon Lay,48,8,
2018-09-29,53,Drop Everything,Carlton Anderson,51,13,Gains In Performance
2018-09-29,54,Eyes On You,Chase Rice,50,6,
2018-09-29,55,I Won't Be Sorry,David Lee Murphy,58,4,Gains In Performance
2018-09-29,56,Whiskey Glasses,Morgan Wallen,57,4,Gains In Performance
2018-09-29,57,Damage,Rachel Wammack,54,6,Gains In Performance
2018-09-29,58,Feels Like A Party,LoCash,55,3,
2018-09-29,59,Floatin',Uncle Kracker,56,5,Gains In Performance
2018-09-29,60,Rumor,Lee Brice,60,3,Gains In Performance
2018-10-06,1,Hotel Key,Old Dominion,1,28,Gains In Performance
2018-10-06,2,Blue Tacoma,Russell Dickerson,2,31,Gains In Performance
2018-10-06,3,Simple,Florida Georgia Line,5,18,Gains In Performance
2018-10-06,4,"Sunrise, Sunburn, Sunset",Luke Bryan,3,19,
2018-10-06,5,She Got The Best Of Me,Luke Combs,9,13,Gains In Performance
2018-10-06,6,Break Up In The End,Cole Swindell,6,32,Gains In Performance
2018-10-06,7,Hangin' On,Chris Young,8,31,Gains In Performance
2018-10-06,8,Drunk Girl,Chris Janson,10,42,Gains In Performance
2018-10-06,9,Life Changes,Thomas Rhett,7,25,
2018-10-06,10,Rich,Maren Morris,11,33,Gains In Performance
2018-10-06,11,Lose It,Kane Brown,13,17,Gains In Performance
2018-10-06,12,All Day Long,Garth Brooks,12,15,Gains In Performance
2018-10-06,13,Drunk Me,Mitchell Tenpenny,15,27,Gains In Performance
2018-10-06,14,Desperate Man,Eric Church,14,12,
2018-10-06,15,Best Shot,Jimmie Allen,18,33,Gains In Performance
2018-10-06,16,Hide The Wine,Carly Pearce,16,42,Gains In Performance
2018-10-06,17,Babe,Sugarland Featuring Taylor Swift,17,24,Gains In Performance
2018-10-06,18,Born To Love You,LANco,19,35,Gains In Performance
2018-10-06,19,Turnin' Me On,Blake Shelton,20,11,Gains In Performance
2018-10-06,20,Last Shot,Kip Moore,21,40,Gains In Performance
2018-10-06,21,Burning Man,Dierks Bentley Featuring Brothers Osborne,22,13,Gains In Performance
2018-10-06,22,Burn Out,Midland,23,25,Gains In Performance
2018-10-06,23,Speechless,Dan + Shay,24,8,Gains In Performance
2018-10-06,24,There Was This Girl,Riley Green,26,12,Gains In Performance
2018-10-06,25,Millionaire,Chris Stapleton,25,24,Gains In Performance
2018-10-06,26,Take It From Me,Jordan Davis,27,19,Gains In Performance
2018-10-06,27,Good Girl,Dustin Lynch,28,22,Gains In Performance
2018-10-06,28,Back To Life,Rascal Flatts,NEW,1,Highest ranking debut|Gains In Performance
2018-10-06,29,This Is It,Scotty McCreery,30,18,Gains In Performance
2018-10-06,30,Girl Like You,Jason Aldean,39,3,Gains In Performance
2018-10-06,31,On My Way To You,Cody Johnson,31,8,Gains In Performance
2018-10-06,32,One That Got Away,Michael Ray,33,11,Gains In Performance
2018-10-06,33,Down To The Honkytonk,Jake Owen,34,8,Gains In Performance
2018-10-06,34,Better Boat,Kenny Chesney Featuring Mindy Smith,32,6,Gains In Performance
2018-10-06,35,Night Shift,Jon Pardi,37,10,Gains In Performance
2018-10-06,36,The Difference,Tyler Rich,35,26,Gains In Performance
2018-10-06,37,Love Wins,Carrie Underwood,40,3,Gains In Performance
2018-10-06,38,Never Comin Down,Keith Urban,36,6,Gains In Performance
2018-10-06,39,David Ashley Parker From Powder Springs,Travis Denning,38,21,
2018-10-06,40,Love Ain't,Eli Young Band,42,16,Gains In Performance
2018-10-06,41,Sixteen,Thomas Rhett,46,6,Gains In Performance
2018-10-06,42,Love Someone,Brett Eldredge,41,13,Gains In Performance
2018-10-06,43,You're In It,Granger Smith,45,19,Gains In Performance
2018-10-06,44,Here Tonight,Brett Young,51,2,Gains In Performance
2018-10-06,45,Caught Up In The Country,Rodney Atkins Featuring The Fisk Jubilee Singers,43,25,Gains In Performance
2018-10-06,46,What Whiskey Does,Randy Houser Featuring Hillary Lindsey,50,11,Gains In Performance
2018-10-06,47,Goodbye Summer,Danielle Bradbery With Thomas Rhett,47,8,
2018-10-06,48,Friends Don't,Maddie & Tae,49,15,
2018-10-06,49,Eyes On You,Chase Rice,54,7,Gains In Performance
2018-10-06,50,Yada Yada Yada,Brandon Lay,52,9,
2018-10-06,51,Drop Everything,Carlton Anderson,53,14,
2018-10-06,52,Feels Like A Party,LoCash,58,4,Gains In Performance
2018-10-06,53,Whiskey Glasses,Morgan Wallen,56,5,Gains In Performance
2018-10-06,54,Rumor,Lee Brice,60,4,Gains In Performance
2018-10-06,55,I Won't Be Sorry,David Lee Murphy,55,5,Gains In Performance
2018-10-06,56,Floatin',Uncle Kracker,59,6,Gains In Performance
2018-10-06,57,Damage,Rachel Wammack,57,7,
2018-10-06,58,How Does It Sound,Dylan Schneider,RE,5,Gains In Performance
2018-10-06,59,Buy My Own Drinks,Runaway June,NEW,1,
2018-10-06,60,Bring It On Over,Billy Currington,29,2,
2018-10-13,1,Blue Tacoma,Russell Dickerson,2,32,Gains In Performance
2018-10-13,2,Hotel Key,Old Dominion,1,29,
2018-10-13,3,Simple,Florida Georgia Line,3,19,Gains In Performance
2018-10-13,4,She Got The Best Of Me,Luke Combs,5,14,Gains In Performance
2018-10-13,5,Break Up In The End,Cole Swindell,6,33,Gains In Performance
2018-10-13,6,Hangin' On,Chris Young,7,32,Gains In Performance
2018-10-13,7,"Sunrise, Sunburn, Sunset",Luke Bryan,4,20,
2018-10-13,8,Drunk Girl,Chris Janson,8,43,Gains In Performance
2018-10-13,9,Rich,Maren Morris,10,34,Gains In Performance
2018-10-13,10,Lose It,Kane Brown,11,18,Gains In Performance
2018-10-13,11,Best Shot,Jimmie Allen,15,34,Gains In Performance
2018-10-13,12,All Day Long,Garth Brooks,12,16,Gains In Performance
2018-10-13,13,Drunk Me,Mitchell Tenpenny,13,28,Gains In Performance
2018-10-13,14,Desperate Man,Eric Church,14,13,
2018-10-13,15,Hide The Wine,Carly Pearce,16,43,Gains In Performance
2018-10-13,16,Last Shot,Kip Moore,20,41,Gains In Performance
2018-10-13,17,Turnin' Me On,Blake Shelton,19,12,Gains In Performance
2018-10-13,18,Babe,Sugarland Featuring Taylor Swift,17,25,Gains In Performance
2018-10-13,19,Born To Love You,LANco,18,36,Gains In Performance
2018-10-13,20,Burning Man,Dierks Bentley Featuring Brothers Osborne,21,14,Gains In Performance
2018-10-13,21,Speechless,Dan + Shay,23,9,Gains In Performance
2018-10-13,22,Burn Out,Midland,22,26,Gains In Performance
2018-10-13,23,Neon Church,Tim McGraw,NEW,1,Highest ranking debut|Gains In Performance
2018-10-13,24,Millionaire,Chris Stapleton,25,25,Gains In Performance
2018-10-13,25,Take It From Me,Jordan Davis,26,20,Gains In Performance
2018-10-13,26,Good Girl,Dustin Lynch,27,23,Gains In Performance
2018-10-13,27,There Was This Girl,Riley Green,24,13,Gains In Performance
2018-10-13,28,This Is It,Scotty McCreery,29,19,Gains In Performance
2018-10-13,29,Girl Like You,Jason Aldean,30,4,Gains In Performance
2018-10-13,30,Down To The Honkytonk,Jake Owen,33,9,Gains In Performance
2018-10-13,31,One That Got Away,Michael Ray,32,12,Gains In Performance
2018-10-13,32,Sixteen,Thomas Rhett,41,7,Gains In Performance
2018-10-13,33,Better Boat,Kenny Chesney Featuring Mindy Smith,34,7,Gains In Performance
2018-10-13,34,On My Way To You,Cody Johnson,31,9,Gains In Performance
2018-10-13,35,Love Wins,Carrie Underwood,37,4,Gains In Performance
2018-10-13,36,Night Shift,Jon Pardi,35,11,Gains In Performance
2018-10-13,37,Never Comin Down,Keith Urban,38,7,Gains In Performance
2018-10-13,38,The Difference,Tyler Rich,36,27,
2018-10-13,39,David Ashley Parker From Powder Springs,Travis Denning,39,22,Gains In Performance
2018-10-13,40,Love Ain't,Eli Young Band,40,17,Gains In Performance
2018-10-13,41,Here Tonight,Brett Young,44,3,Gains In Performance
2018-10-13,42,Love Someone,Brett Eldredge,42,14,Gains In Performance
2018-10-13,43,You're In It,Granger Smith,43,20,
2018-10-13,44,Caught Up In The Country,Rodney Atkins Featuring The Fisk Jubilee Singers,45,26,Gains In Performance
2018-10-13,45,What Whiskey Does,Randy Houser Featuring Hillary Lindsey,46,12,Gains In Performance
2018-10-13,46,Goodbye Summer,Danielle Bradbery With Thomas Rhett,47,9,Gains In Performance
2018-10-13,47,Eyes On You,Chase Rice,49,8,Gains In Performance
2018-10-13,48,Friends Don't,Maddie & Tae,48,16,Gains In Performance
2018-10-13,49,Yada Yada Yada,Brandon Lay,50,10,Gains In Performance
2018-10-13,50,Whiskey Glasses,Morgan Wallen,53,6,Gains In Performance
2018-10-13,51,Back To Life,Rascal Flatts,28,2,
2018-10-13,52,Drop Everything,Carlton Anderson,51,15,Gains In Performance
2018-10-13,53,Bring It On Over,Billy Currington,60,3,Gains In Performance
2018-10-13,54,Feels Like A Party,LoCash,52,5,Gains In Performance
2018-10-13,55,Floatin',Uncle Kracker,56,7,Gains In Performance
2018-10-13,56,Rumor,Lee Brice,54,5,
2018-10-13,57,Damage,Rachel Wammack,57,8,
2018-10-13,58,How Does It Sound,Dylan Schneider,58,6,
2018-10-13,59,I Won't Be Sorry,David Lee Murphy,55,6,
2018-10-13,60,More,Clare Dunn,NEW,1,Gains In Performance
2018-10-20,1,Simple,Florida Georgia Line,3,20,Gains In Performance
2018-10-20,2,She Got The Best Of Me,Luke Combs,4,15,Greatest gainer this week|Gains In Performance
2018-10-20,3,Blue Tacoma,Russell Dickerson,1,33,
2018-10-20,4,Break Up In The End,Cole Swindell,5,34,Gains In Performance
2018-10-20,5,Hangin' On,Chris Young,6,33,Gains In Performance
2018-10-20,6,Hotel Key,Old Dominion,2,30,
2018-10-20,7,Drunk Girl,Chris Janson,8,44,Gains In Performance
2018-10-20,8,Rich,Maren Morris,9,35,Gains In Performance
2018-10-20,9,Lose It,Kane Brown,10,19,Gains In Performance
2018-10-20,10,Best Shot,Jimmie Allen,11,35,Gains In Performance
2018-10-20,11,Drunk Me,Mitchell Tenpenny,13,29,Gains In Performance
2018-10-20,12,All Day Long,Garth Brooks,12,17,Gains In Performance
2018-10-20,13,Hide The Wine,Carly Pearce,15,44,Gains In Performance
2018-10-20,14,Desperate Man,Eric Church,14,14,Gains In Performance
2018-10-20,15,Last Shot,Kip Moore,16,42,Gains In Performance
2018-10-20,16,Turnin' Me On,Blake Shelton,17,13,Gains In Performance
2018-10-20,17,Babe,Sugarland Featuring Taylor Swift,18,26,Gains In Performance
2018-10-20,18,Born To Love You,LANco,19,37,
2018-10-20,19,Burning Man,Dierks Bentley Featuring Brothers Osborne,20,15,Gains In Performance
2018-10-20,20,Speechless,Dan + Shay,21,10,Gains In Performance
2018-10-20,21,Burn Out,Midland,22,27,Gains In Performance
2018-10-20,22,Millionaire,Chris Stapleton,24,26,Gains In Performance
2018-10-20,23,Good Girl,Dustin Lynch,26,24,Gains In Performance
2018-10-20,24,Take It From Me,Jordan Davis,25,21,Gains In Performance
2018-10-20,25,There Was This Girl,Riley Green,27,14,Gains In Performance
2018-10-20,26,Sixteen,Thomas Rhett,32,8,Gains In Performance
2018-10-20,27,Neon Church,Tim McGraw,23,2,
2018-10-20,28,This Is It,Scotty McCreery,28,20,Gains In Performance
2018-10-20,29,Girl Like You,Jason Aldean,29,5,Gains In Performance
2018-10-20,30,Down To The Honkytonk,Jake Owen,30,10,Gains In Performance
2018-10-20,31,One That Got Away,Michael Ray,31,13,Gains In Performance
2018-10-20,32,Better Boat,Kenny Chesney Featuring Mindy Smith,33,8,Gains In Performance
2018-10-20,33,On My Way To You,Cody Johnson,34,10,Gains In Performance
2018-10-20,34,Love Wins,Carrie Underwood,35,5,Gains In Performance
2018-10-20,35,Never Comin Down,Keith Urban,37,8,Gains In Performance
2018-10-20,36,Night Shift,Jon Pardi,36,12,Gains In Performance
2018-10-20,37,The Difference,Tyler Rich,38,28,Gains In Performance
2018-10-20,38,Here Tonight,Brett Young,41,4,Gains In Performance
2018-10-20,39,Love Ain't,Eli Young Band,40,18,Gains In Performance
2018-10-20,40,David Ashley Parker From Powder Springs,Travis Denning,39,23,Gains In Performance
2018-10-20,41,Love Someone,Brett Eldredge,42,15,Gains In Performance
2018-10-20,42,Caught Up In The Country,Rodney Atkins Featuring The Fisk Jubilee Singers,44,27,Gains In Performance
2018-10-20,43,You're In It,Granger Smith,43,21,Gains In Performance
2018-10-20,44,Goodbye Summer,Danielle Bradbery With Thomas Rhett,46,10,Gains In Performance
2018-10-20,45,Eyes On You,Chase Rice,47,9,Gains In Performance
2018-10-20,46,What Whiskey Does,Randy Houser Featuring Hillary Lindsey,45,13,
2018-10-20,47,Back To Life,Rascal Flatts,51,3,Gains In Performance
2018-10-20,48,Make It Sweet,Old Dominion,NEW,1,Highest ranking debut|Gains In Performance
2018-10-20,49,Friends Don't,Maddie & Tae,48,17,Gains In Performance
2018-10-20,50,Yada Yada Yada,Brandon Lay,49,11,Gains In Performance
2018-10-20,51,Whiskey Glasses,Morgan Wallen,50,7,
2018-10-20,52,Bring It On Over,Billy Currington,53,4,Gains In Performance
2018-10-20,53,Drop Everything,Carlton Anderson,52,16,
2018-10-20,54,Floatin',Uncle Kracker,55,8,
2018-10-20,55,Feels Like A Party,LoCash,54,6,
2018-10-20,56,Rumor,Lee Brice,56,6,Gains In Performance
2018-10-20,57,How Does It Sound,Dylan Schneider,58,7,Gains In Performance
2018-10-20,58,Damage,Rachel Wammack,57,9,Gains In Performance
2018-10-20,59,I Won't Be Sorry,David Lee Murphy,59,7,Gains In Performance
2018-10-20,60,90's Country,Walker Hayes,NEW,1,Gains In Performance
2018-10-27,1,She Got The Best Of Me,Luke Combs,2,16,Gains In Performance
2018-10-27,2,Break Up In The End,Cole Swindell,4,35,Greatest gainer this week|Gains In Performance
2018-10-27,3,Hangin' On,Chris Young,5,34,Gains In Performance
2018-10-27,4,Blue Tacoma,Russell Dickerson,3,34,
2018-10-27,5,Best Shot,Jimmie Allen,10,36,Gains In Performance
2018-10-27,6,Hotel Key,Old Dominion,6,31,
2018-10-27,7,Rich,Maren Morris,8,36,Gains In Performance
2018-10-27,8,Simple,Florida Georgia Line,1,21,
2018-10-27,9,Drunk Girl,Chris Janson,7,45,Gains In Performance
2018-10-27,10,Lose It,Kane Brown,9,20,Gains In Performance
2018-10-27,11,Drunk Me,Mitchell Tenpenny,11,30,Gains In Performance
2018-10-27,12,All Day Long,Garth Brooks,12,18,Gains In Performance
2018-10-27,13,Turnin' Me On,Blake Shelton,16,14,Gains In Performance
2018-10-27,14,Speechless,Dan + Shay,20,11,Gains In Performance
2018-10-27,15,Desperate Man,Eric Church,14,15,
2018-10-27,16,Last Shot,Kip Moore,15,43,Gains In Performance
2018-10-27,17,Babe,Sugarland Featuring Taylor Swift,17,27,Gains In Performance
2018-10-27,18,Burning Man,Dierks Bentley Featuring Brothers Osborne,19,16,Gains In Performance
2018-10-27,19,Burn Out,Midland,21,28,Gains In Performance
2018-10-27,20,Millionaire,Chris Stapleton,22,27,Gains In Performance
2018-10-27,21,Good Girl,Dustin Lynch,23,25,Gains In Performance
2018-10-27,22,Sixteen,Thomas Rhett,26,9,Gains In Performance
2018-10-27,23,Take It From Me,Jordan Davis,24,22,Gains In Performance
2018-10-27,24,Neon Church,Tim McGraw,27,3,Gains In Performance
2018-10-27,25,There Was This Girl,Riley Green,25,15,Gains In Performance
2018-10-27,26,This Is It,Scotty McCreery,28,21,Gains In Performance
2018-10-27,27,Girl Like You,Jason Aldean,29,6,Gains In Performance
2018-10-27,28,Down To The Honkytonk,Jake Owen,30,11,Gains In Performance
2018-10-27,29,One That Got Away,Michael Ray,31,14,Gains In Performance
2018-10-27,30,Better Boat,Kenny Chesney Featuring Mindy Smith,32,9,Gains In Performance
2018-10-27,31,On My Way To You,Cody Johnson,33,11,Gains In Performance
2018-10-27,32,Love Wins,Carrie Underwood,34,6,Gains In Performance
2018-10-27,33,Night Shift,Jon Pardi,36,13,Gains In Performance
2018-10-27,34,Never Comin Down,Keith Urban,35,9,Gains In Performance
2018-10-27,35,The Difference,Tyler Rich,37,29,Gains In Performance
2018-10-27,36,Here Tonight,Brett Young,38,5,Gains In Performance
2018-10-27,37,David Ashley Parker From Powder Springs,Travis Denning,40,24,Gains In Performance
2018-10-27,38,Love Ain't,Eli Young Band,39,19,Gains In Performance
2018-10-27,39,Make It Sweet,Old Dominion,48,2,Gains In Performance
2018-10-27,40,Love Someone,Brett Eldredge,41,16,
2018-10-27,41,Caught Up In The Country,Rodney Atkins Featuring The Fisk Jubilee Singers,42,28,
2018-10-27,42,Goodbye Summer,Danielle Bradbery With Thomas Rhett,44,11,Gains In Performance
2018-10-27,43,Eyes On You,Chase Rice,45,10,Gains In Performance
2018-10-27,44,You're In It,Granger Smith,43,22,
2018-10-27,45,Back To Life,Rascal Flatts,47,4,Gains In Performance
2018-10-27,46,Friends Don't,Maddie & Tae,49,18,Gains In Performance
2018-10-27,47,What Whiskey Does,Randy Houser Featuring Hillary Lindsey,46,14,
2018-10-27,48,Yada Yada Yada,Brandon Lay,50,12,Gains In Performance
2018-10-27,49,Rumor,Lee Brice,56,7,Gains In Performance
2018-10-27,50,Bring It On Over,Billy Currington,52,5,Gains In Performance
2018-10-27,51,Feels Like A Party,LoCash,55,7,Gains In Performance
2018-10-27,52,Whiskey Glasses,Morgan Wallen,51,8,Gains In Performance
2018-10-27,53,Drop Everything,Carlton Anderson,53,17,Gains In Performance
2018-10-27,54,What Makes You Country,Luke Bryan,NEW,1,Highest ranking debut|Gains In Performance
2018-10-27,55,Day Drunk,Morgan Evans,NEW,1,Gains In Performance
2018-10-27,56,Damage,Rachel Wammack,58,10,Gains In Performance
2018-10-27,57,Floatin',Uncle Kracker,54,9,
2018-10-27,58,How Does It Sound,Dylan Schneider,57,8,
2018-10-27,59,I Won't Be Sorry,David Lee Murphy,59,8,Gains In Performance
2018-10-27,60,90's Country,Walker Hayes,60,2,Gains In Performance
2018-11-03,1,She Got The Best Of Me,Luke Combs,1,17,Gains In Performance
2018-11-03,2,Hangin' On,Chris Young,3,35,Gains In Performance
2018-11-03,3,Best Shot,Jimmie Allen,5,37,Gains In Performance
2018-11-03,4,Blue Tacoma,Russell Dickerson,4,35,
2018-11-03,5,Rich,Maren Morris,7,37,Gains In Performance
2018-11-03,6,Lose It,Kane Brown,10,21,Gains In Performance
2018-11-03,7,Drunk Girl,Chris Janson,9,46,Gains In Performance
2018-11-03,8,Hotel Key,Old Dominion,6,32,
2018-11-03,9,Drunk Me,Mitchell Tenpenny,11,31,Gains In Performance
2018-11-03,10,Break Up In The End,Cole Swindell,2,36,
2018-11-03,11,Speechless,Dan + Shay,14,12,Gains In Performance
2018-11-03,12,All Day Long,Garth Brooks,12,19,Gains In Performance
2018-11-03,13,Turnin' Me On,Blake Shelton,13,15,Gains In Performance
2018-11-03,14,Last Shot,Kip Moore,16,44,Gains In Performance
2018-11-03,15,Desperate Man,Eric Church,15,16,Gains In Performance
2018-11-03,16,Burning Man,Dierks Bentley Featuring Brothers Osborne,18,17,Gains In Performance
2018-11-03,17,Babe,Sugarland Featuring Taylor Swift,17,28,Gains In Performance
2018-11-03,18,Sixteen,Thomas Rhett,22,10,Gains In Performance
2018-11-03,19,Millionaire,Chris Stapleton,20,28,Gains In Performance
2018-11-03,20,Good Girl,Dustin Lynch,21,26,Gains In Performance
2018-11-03,21,Burn Out,Midland,19,29,Gains In Performance
2018-11-03,22,Take It From Me,Jordan Davis,23,23,Gains In Performance
2018-11-03,23,This Is It,Scotty McCreery,26,22,Gains In Performance
2018-11-03,24,Girl Like You,Jason Aldean,27,7,Gains In Performance
2018-11-03,25,Neon Church,Tim McGraw,24,4,Gains In Performance
2018-11-03,26,There Was This Girl,Riley Green,25,16,Gains In Performance
2018-11-03,27,Down To The Honkytonk,Jake Owen,28,12,Gains In Performance
2018-11-03,28,Better Boat,Kenny Chesney Featuring Mindy Smith,30,10,Gains In Performance
2018-11-03,29,One That Got Away,Michael Ray,29,15,Gains In Performance
2018-11-03,30,On My Way To You,Cody Johnson,31,12,Gains In Performance
2018-11-03,31,What Makes You Country,Luke Bryan,54,2,Greatest gainer this week|Gains In Performance
2018-11-03,32,Night Shift,Jon Pardi,33,14,Gains In Performance
2018-11-03,33,Never Comin Down,Keith Urban,34,10,Gains In Performance
2018-11-03,34,Love Wins,Carrie Underwood,32,7,Gains In Performance
2018-11-03,35,The Difference,Tyler Rich,35,30,Gains In Performance
2018-11-03,36,Make It Sweet,Old Dominion,39,3,Gains In Performance
2018-11-03,37,Here Tonight,Brett Young,36,6,Gains In Performance
2018-11-03,38,Love Ain't,Eli Young Band,38,20,Gains In Performance
2018-11-03,39,David Ashley Parker From Powder Springs,Travis Denning,37,25,Gains In Performance
2018-11-03,40,Love Someone,Brett Eldredge,40,17,Gains In Performance
2018-11-03,41,Caught Up In The Country,Rodney Atkins Featuring The Fisk Jubilee Singers,41,29,Gains In Performance
2018-11-03,42,You're In It,Granger Smith,44,23,Gains In Performance
2018-11-03,43,Goodbye Summer,Danielle Bradbery With Thomas Rhett,42,12,Gains In Performance
2018-11-03,44,Eyes On You,Chase Rice,43,11,Gains In Performance
2018-11-03,45,Back To Life,Rascal Flatts,45,5,Gains In Performance
2018-11-03,46,Friends Don't,Maddie & Tae,46,19,Gains In Performance
2018-11-03,47,What Whiskey Does,Randy Houser Featuring Hillary Lindsey,47,15,
2018-11-03,48,Whiskey Glasses,Morgan Wallen,52,9,Gains In Performance
2018-11-03,49,Rumor,Lee Brice,49,8,Gains In Performance
2018-11-03,50,Yada Yada Yada,Brandon Lay,48,13,
2018-11-03,51,Drop Everything,Carlton Anderson,53,18,Gains In Performance
2018-11-03,52,Feels Like A Party,LoCash,51,8,Gains In Performance
2018-11-03,53,Floatin',Uncle Kracker,57,10,Gains In Performance
2018-11-03,54,Miss Me More,Kelsea Ballerini,NEW,1,Highest ranking debut|Gains In Performance
2018-11-03,55,Day Drunk,Morgan Evans,55,2,Gains In Performance
2018-11-03,56,I Won't Be Sorry,David Lee Murphy,59,9,Gains In Performance
2018-11-03,57,Bring It On Over,Billy Currington,50,6,
2018-11-03,58,Damage,Rachel Wammack,56,11,
2018-11-03,59,How Does It Sound,Dylan Schneider,58,9,Gains In Performance
2018-11-03,60,Buy My Own Drinks,Runaway June,RE,2,Gains In Performance
2018-11-10,1,She Got The Best Of Me,Luke Combs,1,18,Gains In Performance
2018-11-10,2,Hangin' On,Chris Young,2,36,Gains In Performance
2018-11-10,3,Best Shot,Jimmie Allen,3,38,Greatest gainer this week|Gains In Performance
2018-11-10,4,Blue Tacoma,Russell Dickerson,4,36,
2018-11-10,5,Rich,Maren Morris,5,38,Gains In Performance
2018-11-10,6,Lose It,Kane Brown,6,22,Gains In Performance
2018-11-10,7,Drunk Girl,Chris Janson,7,47,Gains In Performance
2018-11-10,8,Hotel Key,Old Dominion,8,33,
2018-11-10,9,Drunk Me,Mitchell Tenpenny,9,32,Gains In Performance
2018-11-10,10,Speechless,Dan + Shay,11,13,Gains In Performance
2018-11-10,11,Turnin' Me On,Blake Shelton,13,16,Gains In Performance
2018-11-10,12,All Day Long,Garth Brooks,12,20,Gains In Performance
2018-11-10,13,Last Shot,Kip Moore,14,45,Gains In Performance
2018-11-10,14,Desperate Man,Eric Church,15,17,Gains In Performance
2018-11-10,15,Burning Man,Dierks Bentley Featuring Brothers Osborne,16,18,Gains In Performance
2018-11-10,16,Sixteen,Thomas Rhett,18,11,Gains In Performance
2018-11-10,17,Babe,Sugarland Featuring Taylor Swift,17,29,Gains In Performance
2018-11-10,18,Good Girl,Dustin Lynch,20,27,Gains In Performance
2018-11-10,19,Millionaire,Chris Stapleton,19,29,Gains In Performance
2018-11-10,20,Burn Out,Midland,21,30,Gains In Performance
2018-11-10,21,Take It From Me,Jordan Davis,22,24,Gains In Performance
2018-11-10,22,This Is It,Scotty McCreery,23,23,Gains In Performance
2018-11-10,23,Girl Like You,Jason Aldean,24,8,Gains In Performance
2018-11-10,24,Neon Church,Tim McGraw,25,5,Gains In Performance
2018-11-10,25,There Was This Girl,Riley Green,26,17,Gains In Performance
2018-11-10,26,Down To The Honkytonk,Jake Owen,27,13,Gains In Performance
2018-11-10,27,What Makes You Country,Luke Bryan,31,3,Gains In Performance
2018-11-10,28,Better Boat,Kenny Chesney Featuring Mindy Smith,28,11,Gains In Performance
2018-11-10,29,On My Way To You,Cody Johnson,30,13,Gains In Performance
2018-11-10,30,One That Got Away,Michael Ray,29,16,Gains In Performance
2018-11-10,31,Night Shift,Jon Pardi,32,15,Gains In Performance
2018-11-10,32,Love Wins,Carrie Underwood,34,8,Gains In Performance
2018-11-10,33,Never Comin Down,Keith Urban,33,11,Gains In Performance
2018-11-10,34,The Difference,Tyler Rich,35,31,Gains In Performance
2018-11-10,35,Love Ain't,Eli Young Band,38,21,Gains In Performance
2018-11-10,36,Make It Sweet,Old Dominion,36,4,Gains In Performance
2018-11-10,37,Here Tonight,Brett Young,37,7,Gains In Performance
2018-11-10,38,Love Someone,Brett Eldredge,40,18,Gains In Performance
2018-11-10,39,Caught Up In The Country,Rodney Atkins Featuring The Fisk Jubilee Singers,41,30,Gains In Performance
2018-11-10,40,Goodbye Summer,Danielle Bradbery With Thomas Rhett,43,13,Gains In Performance
2018-11-10,41,You're In It,Granger Smith,42,24,Gains In Performance
2018-11-10,42,Eyes On You,Chase Rice,44,12,Gains In Performance
2018-11-10,43,Back To Life,Rascal Flatts,45,6,Gains In Performance
2018-11-10,44,Miss Me More,Kelsea Ballerini,54,2,Gains In Performance
2018-11-10,45,What Whiskey Does,Randy Houser Featuring Hillary Lindsey,47,16,Gains In Performance
2018-11-10,46,Friends Don't,Maddie & Tae,46,20,Gains In Performance
2018-11-10,47,Rumor,Lee Brice,49,9,Gains In Performance
2018-11-10,48,Whiskey Glasses,Morgan Wallen,48,10,Gains In Performance
2018-11-10,49,Yada Yada Yada,Brandon Lay,50,14,Gains In Performance
2018-11-10,50,Day Drunk,Morgan Evans,55,3,Gains In Performance
2018-11-10,51,Feels Like A Party,LoCash,52,9,Gains In Performance
2018-11-10,52,Drop Everything,Carlton Anderson,51,19,
2018-11-10,53,I Won't Be Sorry,David Lee Murphy,56,10,Gains In Performance
2018-11-10,54,Bring It On Over,Billy Currington,57,7,Gains In Performance
2018-11-10,55,Floatin',Uncle Kracker,53,11,
2018-11-10,56,Buy My Own Drinks,Runaway June,60,3,Gains In Performance
2018-11-10,57,How Does It Sound,Dylan Schneider,59,10,Gains In Performance
2018-11-10,58,Ladies In The '90s,Lauren Alaina,NEW,1,Highest ranking debut|Gains In Performance
2018-11-10,59,Talk You Out Of It,Florida Georgia Line,NEW,1,Gains In Performance
2018-11-10,60,Damage,Rachel Wammack,58,12,
2018-11-17,1,She Got The Best Of Me,Luke Combs,1,19,
2018-11-17,2,Hangin' On,Chris Young,2,37,Gains In Performance
2018-11-17,3,Best Shot,Jimmie Allen,3,39,Gains In Performance
2018-11-17,4,Rich,Maren Morris,5,39,Gains In Performance
2018-11-17,5,Lose It,Kane Brown,6,23,Gains In Performance
2018-11-17,6,Blue Tacoma,Russell Dickerson,4,37,
2018-11-17,7,Drunk Me,Mitchell Tenpenny,9,33,Gains In Performance
2018-11-17,8,Speechless,Dan + Shay,10,14,Greatest gainer this week|Gains In Performance
2018-11-17,9,Last Shot,Kip Moore,13,46,Gains In Performance
2018-11-17,10,Turnin' Me On,Blake Shelton,11,17,Gains In Performance
2018-11-17,11,All Day Long,Garth Brooks,12,21,
2018-11-17,12,Burning Man,Dierks Bentley Featuring Brothers Osborne,15,19,Gains In Performance
2018-11-17,13,Sixteen,Thomas Rhett,16,12,Gains In Performance
2018-11-17,14,Desperate Man,Eric Church,14,18,
2018-11-17,15,Good Girl,Dustin Lynch,18,28,Gains In Performance
2018-11-17,16,Millionaire,Chris Stapleton,19,30,Gains In Performance
2018-11-17,17,This Is It,Scotty McCreery,22,24,Gains In Performance
2018-11-17,18,Burn Out,Midland,20,31,Gains In Performance
2018-11-17,19,Take It From Me,Jordan Davis,21,25,Gains In Performance
2018-11-17,20,Girl Like You,Jason Aldean,23,9,Gains In Performance
2018-11-17,21,What Makes You Country,Luke Bryan,27,4,Gains In Performance
2018-11-17,22,There Was This Girl,Riley Green,25,18,Gains In Performance
2018-11-17,23,Down To The Honkytonk,Jake Owen,26,14,Gains In Performance
2018-11-17,24,Neon Church,Tim McGraw,24,6,Gains In Performance
2018-11-17,25,Better Boat,Kenny Chesney Featuring Mindy Smith,28,12,Gains In Performance
2018-11-17,26,One That Got Away,Michael Ray,30,17,Gains In Performance
2018-11-17,27,Night Shift,Jon Pardi,31,16,Gains In Performance
2018-11-17,28,On My Way To You,Cody Johnson,29,14,Gains In Performance
2018-11-17,29,Love Wins,Carrie Underwood,32,9,Gains In Performance
2018-11-17,30,Never Comin Down,Keith Urban,33,12,Gains In Performance
2018-11-17,31,Make It Sweet,Old Dominion,36,5,Gains In Performance
2018-11-17,32,The Difference,Tyler Rich,34,32,Gains In Performance
2018-11-17,33,Love Ain't,Eli Young Band,35,22,Gains In Performance
2018-11-17,34,Here Tonight,Brett Young,37,8,Gains In Performance
2018-11-17,35,Love Someone,Brett Eldredge,38,19,Gains In Performance
2018-11-17,36,Caught Up In The Country,Rodney Atkins Featuring The Fisk Jubilee Singers,39,31,Gains In Performance
2018-11-17,37,Eyes On You,Chase Rice,42,13,Gains In Performance
2018-11-17,38,You're In It,Granger Smith,41,25,Gains In Performance
2018-11-17,39,Goodbye Summer,Danielle Bradbery With Thomas Rhett,40,14,
2018-11-17,40,What Whiskey Does,Randy Houser Featuring Hillary Lindsey,45,17,Gains In Performance
2018-11-17,41,Miss Me More,Kelsea Ballerini,44,3,Gains In Performance
2018-11-17,42,Friends Don't,Maddie & Tae,46,21,Gains In Performance
2018-11-17,43,Rumor,Lee Brice,47,10,Gains In Performance
2018-11-17,44,Back To Life,Rascal Flatts,43,7,Gains In Performance
2018-11-17,45,Whiskey Glasses,Morgan Wallen,48,11,Gains In Performance
2018-11-17,46,Talk You Out Of It,Florida Georgia Line,59,2,Gains In Performance
2018-11-17,47,Day Drunk,Morgan Evans,50,4,Gains In Performance
2018-11-17,48,Buy My Own Drinks,Runaway June,56,4,Gains In Performance
2018-11-17,49,Yada Yada Yada,Brandon Lay,49,15,
2018-11-17,50,Feels Like A Party,LoCash,51,10,
2018-11-17,51,Drop Everything,Carlton Anderson,52,20,Gains In Performance
2018-11-17,52,I Won't Be Sorry,David Lee Murphy,53,11,Gains In Performance
2018-11-17,53,The Ones That Didn't Make It Back Home,Justin Moore,NEW,1,Highest ranking debut|Gains In Performance
2018-11-17,54,Bring It On Over,Billy Currington,54,8,
2018-11-17,55,How Does It Sound,Dylan Schneider,57,11,Gains In Performance
2018-11-17,56,Floatin',Uncle Kracker,55,12,
2018-11-17,57,Ladies In The '90s,Lauren Alaina,58,2,Gains In Performance
2018-11-17,58,Beautiful Crazy,Luke Combs,NEW,1,Gains In Performance
2018-11-17,59,90's Country,Walker Hayes,RE,3,Gains In Performance
2018-11-17,60,I Don't Remember Me (Before You),Brothers Osborne,NEW,1,Gains In Performance
2018-11-24,1,Best Shot,Jimmie Allen,3,40,Gains In Performance
2018-11-24,2,She Got The Best Of Me,Luke Combs,1,20,
2018-11-24,3,Lose It,Kane Brown,5,24,Gains In Performance
2018-11-24,4,Rich,Maren Morris,4,40,Gains In Performance
2018-11-24,5,Hangin' On,Chris Young,2,38,
2018-11-24,6,Drunk Me,Mitchell Tenpenny,7,34,Gains In Performance
2018-11-24,7,Speechless,Dan + Shay,8,15,Gains In Performance
2018-11-24,8,Blue Tacoma,Russell Dickerson,6,38,
2018-11-24,9,Last Shot,Kip Moore,9,47,Gains In Performance
2018-11-24,10,Turnin' Me On,Blake Shelton,10,18,Gains In Performance
2018-11-24,11,Burning Man,Dierks Bentley Featuring Brothers Osborne,12,20,Gains In Performance
2018-11-24,12,Sixteen,Thomas Rhett,13,13,Gains In Performance
2018-11-24,13,Good Girl,Dustin Lynch,15,29,Gains In Performance
2018-11-24,14,Desperate Man,Eric Church,14,19,Gains In Performance
2018-11-24,15,Millionaire,Chris Stapleton,16,31,Gains In Performance
2018-11-24,16,This Is It,Scotty McCreery,17,25,Gains In Performance
2018-11-24,17,Girl Like You,Jason Aldean,20,10,Gains In Performance
2018-11-24,18,What Makes You Country,Luke Bryan,21,5,Gains In Performance
2018-11-24,19,Take It From Me,Jordan Davis,19,26,Gains In Performance
2018-11-24,20,Burn Out,Midland,18,32,Gains In Performance
2018-11-24,21,Down To The Honkytonk,Jake Owen,23,15,Gains In Performance
2018-11-24,22,There Was This Girl,Riley Green,22,19,Gains In Performance
2018-11-24,23,Neon Church,Tim McGraw,24,7,Gains In Performance
2018-11-24,24,Bucked Off,Brad Paisley,NEW,1,Highest ranking debut|Gains In Performance
2018-11-24,25,Night Shift,Jon Pardi,27,17,Gains In Performance
2018-11-24,26,One That Got Away,Michael Ray,26,18,Gains In Performance
2018-11-24,27,Love Wins,Carrie Underwood,29,10,Gains In Performance
2018-11-24,28,Better Boat,Kenny Chesney Featuring Mindy Smith,25,13,Gains In Performance
2018-11-24,29,On My Way To You,Cody Johnson,28,15,Gains In Performance
2018-11-24,30,Make It Sweet,Old Dominion,31,6,Gains In Performance
2018-11-24,31,Never Comin Down,Keith Urban,30,13,Gains In Performance
2018-11-24,32,The Difference,Tyler Rich,32,33,Gains In Performance
2018-11-24,33,Here Tonight,Brett Young,34,9,Gains In Performance
2018-11-24,34,Love Ain't,Eli Young Band,33,23,
2018-11-24,35,Love Someone,Brett Eldredge,35,20,
2018-11-24,36,Eyes On You,Chase Rice,37,14,Gains In Performance
2018-11-24,37,Caught Up In The Country,Rodney Atkins Featuring The Fisk Jubilee Singers,36,32,Gains In Performance
2018-11-24,38,You're In It,Granger Smith,38,26,Gains In Performance
2018-11-24,39,Miss Me More,Kelsea Ballerini,41,4,Gains In Performance
2018-11-24,40,Rumor,Lee Brice,43,11,Gains In Performance
2018-11-24,41,What Whiskey Does,Randy Houser Featuring Hillary Lindsey,40,18,Gains In Performance
2018-11-24,42,Goodbye Summer,Danielle Bradbery With Thomas Rhett,39,15,
2018-11-24,43,Friends Don't,Maddie & Tae,42,22,Gains In Performance
2018-11-24,44,Whiskey Glasses,Morgan Wallen,45,12,Gains In Performance
2018-11-24,45,Talk You Out Of It,Florida Georgia Line,46,3,Gains In Performance
2018-11-24,46,Back To Life,Rascal Flatts,44,8,
2018-11-24,47,Yada Yada Yada,Brandon Lay,49,16,Gains In Performance
2018-11-24,48,Feels Like A Party,LoCash,50,11,Gains In Performance
2018-11-24,49,The Ones That Didn't Make It Back Home,Justin Moore,53,2,Gains In Performance
2018-11-24,50,Day Drunk,Morgan Evans,47,5,Gains In Performance
2018-11-24,51,Buy My Own Drinks,Runaway June,48,5,
2018-11-24,52,Drop Everything,Carlton Anderson,51,21,
2018-11-24,53,I Won't Be Sorry,David Lee Murphy,52,12,Gains In Performance
2018-11-24,54,Ladies In The '90s,Lauren Alaina,57,3,Gains In Performance
2018-11-24,55,Floatin',Uncle Kracker,56,13,Gains In Performance
2018-11-24,56,How Does It Sound,Dylan Schneider,55,12,Gains In Performance
2018-11-24,57,Beautiful Crazy,Luke Combs,58,2,Gains In Performance
2018-11-24,58,Bring It On Over,Billy Currington,54,9,Gains In Performance
2018-11-24,59,90's Country,Walker Hayes,59,4,Gains In Performance
2018-11-24,60,I Don't Remember Me (Before You),Brothers Osborne,60,2,Gains In Performance
2018-12-01,1,Best Shot,Jimmie Allen,1,41,
2018-12-01,2,She Got The Best Of Me,Luke Combs,2,21,
2018-12-01,3,Lose It,Kane Brown,3,25,Gains In Performance
2018-12-01,4,Rich,Maren Morris,4,41,Greatest gainer this week|Gains In Performance
2018-12-01,5,Hangin' On,Chris Young,5,39,
2018-12-01,6,Speechless,Dan + Shay,7,16,Gains In Performance
2018-12-01,7,Drunk Me,Mitchell Tenpenny,6,35,Gains In Performance
2018-12-01,8,Blue Tacoma,Russell Dickerson,8,39,
2018-12-01,9,Last Shot,Kip Moore,9,48,Gains In Performance
2018-12-01,10,Burning Man,Dierks Bentley Featuring Brothers Osborne,11,21,Gains In Performance
2018-12-01,11,Good Girl,Dustin Lynch,13,30,Gains In Performance
2018-12-01,12,Sixteen,Thomas Rhett,12,14,Gains In Performance
2018-12-01,13,Turnin' Me On,Blake Shelton,10,19,
2018-12-01,14,Millionaire,Chris Stapleton,15,32,Gains In Performance
2018-12-01,15,This Is It,Scotty McCreery,16,26,Gains In Performance
2018-12-01,16,Desperate Man,Eric Church,14,20,
2018-12-01,17,Girl Like You,Jason Aldean,17,11,Gains In Performance
2018-12-01,18,Take It From Me,Jordan Davis,19,27,Gains In Performance
2018-12-01,19,Burn Out,Midland,20,33,Gains In Performance
2018-12-01,20,What Makes You Country,Luke Bryan,18,6,Gains In Performance
2018-12-01,21,There Was This Girl,Riley Green,22,20,Gains In Performance
2018-12-01,22,Down To The Honkytonk,Jake Owen,21,16,Gains In Performance
2018-12-01,23,Neon Church,Tim McGraw,23,8,Gains In Performance
2018-12-01,24,One That Got Away,Michael Ray,26,19,Gains In Performance
2018-12-01,25,Love Wins,Carrie Underwood,27,11,Gains In Performance
2018-12-01,26,Better Boat,Kenny Chesney Featuring Mindy Smith,28,14,Gains In Performance
2018-12-01,27,Night Shift,Jon Pardi,25,18,Gains In Performance
2018-12-01,28,Make It Sweet,Old Dominion,30,7,Gains In Performance
2018-12-01,29,On My Way To You,Cody Johnson,29,16,Gains In Performance
2018-12-01,30,Never Comin Down,Keith Urban,31,14,Gains In Performance
2018-12-01,31,The Difference,Tyler Rich,32,34,Gains In Performance
2018-12-01,32,Here Tonight,Brett Young,33,10,Gains In Performance
2018-12-01,33,Love Ain't,Eli Young Band,34,24,Gains In Performance
2018-12-01,34,Love Someone,Brett Eldredge,35,21,Gains In Performance
2018-12-01,35,Eyes On You,Chase Rice,36,15,Gains In Performance
2018-12-01,36,Caught Up In The Country,Rodney Atkins Featuring The Fisk Jubilee Singers,37,33,Gains In Performance
2018-12-01,37,Miss Me More,Kelsea Ballerini,39,5,Gains In Performance
2018-12-01,38,You're In It,Granger Smith,38,27,Gains In Performance
2018-12-01,39,Rumor,Lee Brice,40,12,Gains In Performance
2018-12-01,40,What Whiskey Does,Randy Houser Featuring Hillary Lindsey,41,19,Gains In Performance
2018-12-01,41,Bucked Off,Brad Paisley,24,2,
2018-12-01,42,Friends Don't,Maddie & Tae,43,23,
2018-12-01,43,Talk You Out Of It,Florida Georgia Line,45,4,Gains In Performance
2018-12-01,44,Whiskey Glasses,Morgan Wallen,44,13,
2018-12-01,45,Back To Life,Rascal Flatts,46,9,
2018-12-01,46,Beautiful Crazy,Luke Combs,57,3,Gains In Performance
2018-12-01,47,Yada Yada Yada,Brandon Lay,47,17,
2018-12-01,48,Feels Like A Party,LoCash,48,12,Gains In Performance
2018-12-01,49,Day Drunk,Morgan Evans,50,6,Gains In Performance
2018-12-01,50,Buy My Own Drinks,Runaway June,51,6,
2018-12-01,51,Drop Everything,Carlton Anderson,52,22,
2018-12-01,52,How Does It Sound,Dylan Schneider,56,13,Gains In Performance
2018-12-01,53,Bring It On Over,Billy Currington,58,10,Gains In Performance
2018-12-01,54,Ladies In The '90s,Lauren Alaina,54,4,
2018-12-01,55,Floatin',Uncle Kracker,55,14,
2018-12-01,56,The Ones That Didn't Make It Back Home,Justin Moore,49,3,
2018-12-01,57,90's Country,Walker Hayes,59,5,Gains In Performance
2018-12-01,58,I Won't Be Sorry,David Lee Murphy,53,13,
2018-12-01,59,I Don't Know About You,Chris Lane,NEW,1,Highest ranking debut|Gains In Performance
2018-12-01,60,Closer To You,Carly Pearce,NEW,1,Gains In Performance
2018-12-08,1,Lose It,Kane Brown,3,26,Gains In Performance
2018-12-08,2,Best Shot,Jimmie Allen,1,42,
2018-12-08,3,She Got The Best Of Me,Luke Combs,2,22,
2018-12-08,4,Speechless,Dan + Shay,6,17,Gains In Performance
2018-12-08,5,Drunk Me,Mitchell Tenpenny,7,36,Gains In Performance
2018-12-08,6,Last Shot,Kip Moore,9,49,Gains In Performance
2018-12-08,7,Good Girl,Dustin Lynch,11,31,Greatest gainer this week|Gains In Performance
2018-12-08,8,Sixteen,Thomas Rhett,12,15,Gains In Performance
2018-12-08,9,Burning Man,Dierks Bentley Featuring Brothers Osborne,10,22,Gains In Performance
2018-12-08,10,Turnin' Me On,Blake Shelton,13,20,Gains In Performance
2018-12-08,11,This Is It,Scotty McCreery,15,27,Gains In Performance
2018-12-08,12,Girl Like You,Jason Aldean,17,12,Gains In Performance
2018-12-08,13,Millionaire,Chris Stapleton,14,33,Gains In Performance
2018-12-08,14,Desperate Man,Eric Church,16,21,Gains In Performance
2018-12-08,15,What Makes You Country,Luke Bryan,20,7,Gains In Performance
2018-12-08,16,Take It From Me,Jordan Davis,18,28,Gains In Performance
2018-12-08,17,Burn Out,Midland,19,34,Gains In Performance
2018-12-08,18,There Was This Girl,Riley Green,21,21,Gains In Performance
2018-12-08,19,Down To The Honkytonk,Jake Owen,22,17,Gains In Performance
2018-12-08,20,Neon Church,Tim McGraw,23,9,Gains In Performance
2018-12-08,21,Make It Sweet,Old Dominion,28,8,Gains In Performance
2018-12-08,22,Love Wins,Carrie Underwood,25,12,Gains In Performance
2018-12-08,23,One That Got Away,Michael Ray,24,20,Gains In Performance
2018-12-08,24,Never Comin Down,Keith Urban,30,15,Gains In Performance
2018-12-08,25,Night Shift,Jon Pardi,27,19,Gains In Performance
2018-12-08,26,On My Way To You,Cody Johnson,29,17,Gains In Performance
2018-12-08,27,Better Boat,Kenny Chesney Featuring Mindy Smith,26,15,Gains In Performance
2018-12-08,28,The Difference,Tyler Rich,31,35,Gains In Performance
2018-12-08,29,Here Tonight,Brett Young,32,11,Gains In Performance
2018-12-08,30,Love Ain't,Eli Young Band,33,25,Gains In Performance
2018-12-08,31,Love Someone,Brett Eldredge,34,22,Gains In Performance
2018-12-08,32,Miss Me More,Kelsea Ballerini,37,6,Gains In Performance
2018-12-08,33,Beautiful Crazy,Luke Combs,46,4,Gains In Performance
2018-12-08,34,Eyes On You,Chase Rice,35,16,Gains In Performance
2018-12-08,35,Caught Up In The Country,Rodney Atkins Featuring The Fisk Jubilee Singers,36,34,Gains In Performance
2018-12-08,36,You're In It,Granger Smith,38,28,Gains In Performance
2018-12-08,37,Talk You Out Of It,Florida Georgia Line,43,5,Gains In Performance
2018-12-08,38,Rumor,Lee Brice,39,13,Gains In Performance
2018-12-08,39,Whiskey Glasses,Morgan Wallen,44,14,Gains In Performance
2018-12-08,40,What Whiskey Does,Randy Houser Featuring Hillary Lindsey,40,20,Gains In Performance
2018-12-08,41,Friends Don't,Maddie & Tae,42,24,Gains In Performance
2018-12-08,42,Feels Like A Party,LoCash,48,13,Gains In Performance
2018-12-08,43,Back To Life,Rascal Flatts,45,10,Gains In Performance
2018-12-08,44,Buy My Own Drinks,Runaway June,50,7,Gains In Performance
2018-12-08,45,Yada Yada Yada,Brandon Lay,47,18,
2018-12-08,46,Bucked Off,Brad Paisley,41,3,
2018-12-08,47,Ladies In The '90s,Lauren Alaina,54,5,Gains In Performance
2018-12-08,48,Floatin',Uncle Kracker,55,15,Gains In Performance
2018-12-08,49,Day Drunk,Morgan Evans,49,7,
2018-12-08,50,How Does It Sound,Dylan Schneider,52,14,Gains In Performance
2018-12-08,51,The Ones That Didn't Make It Back Home,Justin Moore,56,4,Gains In Performance
2018-12-08,52,Bring It On Over,Billy Currington,53,11,
2018-12-08,53,Closer To You,Carly Pearce,60,2,Gains In Performance
2018-12-08,54,I Won't Be Sorry,David Lee Murphy,58,14,Gains In Performance
2018-12-08,55,90's Country,Walker Hayes,57,6,Gains In Performance
2018-12-08,56,Stronger Than Me,Garth Brooks,NEW,1,Highest ranking debut|Gains In Performance
2018-12-08,57,Love You Too Late,Cole Swindell,NEW,1,Gains In Performance
2018-12-08,58,I Don't Know About You,Chris Lane,59,2,
2018-12-08,59,I Don't Remember Me (Before You),Brothers Osborne,RE,3,Gains In Performance
2018-12-08,60,When It Comes To Loving You,Jon Langston,NEW,1,Gains In Performance
2018-12-15,1,Best Shot,Jimmie Allen,2,43,
2018-12-15,2,Drunk Me,Mitchell Tenpenny,5,37,Greatest gainer this week|Gains In Performance
2018-12-15,3,Lose It,Kane Brown,1,27,
2018-12-15,4,She Got The Best Of Me,Luke Combs,3,23,
2018-12-15,5,Speechless,Dan + Shay,4,18,Gains In Performance
2018-12-15,6,Sixteen,Thomas Rhett,8,16,Gains In Performance
2018-12-15,7,Burning Man,Dierks Bentley Featuring Brothers Osborne,9,23,Gains In Performance
2018-12-15,8,Good Girl,Dustin Lynch,7,32,Gains In Performance
2018-12-15,9,Last Shot,Kip Moore,6,50,Gains In Performance
2018-12-15,10,Girl Like You,Jason Aldean,12,13,Gains In Performance
2018-12-15,11,This Is It,Scotty McCreery,11,28,Gains In Performance
2018-12-15,12,Turnin' Me On,Blake Shelton,10,21,
2018-12-15,13,Millionaire,Chris Stapleton,13,34,Gains In Performance
2018-12-15,14,What Makes You Country,Luke Bryan,15,8,Gains In Performance
2018-12-15,15,Burn Out,Midland,17,35,Gains In Performance
2018-12-15,16,Desperate Man,Eric Church,14,22,
2018-12-15,17,Take It From Me,Jordan Davis,16,29,Gains In Performance
2018-12-15,18,There Was This Girl,Riley Green,18,22,Gains In Performance
2018-12-15,19,Down To The Honkytonk,Jake Owen,19,18,
2018-12-15,20,Neon Church,Tim McGraw,20,10,
2018-12-15,21,Love Wins,Carrie Underwood,22,13,Gains In Performance
2018-12-15,22,Make It Sweet,Old Dominion,21,9,Gains In Performance
2018-12-15,23,One That Got Away,Michael Ray,23,21,Gains In Performance
2018-12-15,24,Never Comin Down,Keith Urban,24,16,Gains In Performance
2018-12-15,25,Night Shift,Jon Pardi,25,20,Gains In Performance
2018-12-15,26,Better Boat,Kenny Chesney Featuring Mindy Smith,27,16,Gains In Performance
2018-12-15,27,On My Way To You,Cody Johnson,26,18,Gains In Performance
2018-12-15,28,The Difference,Tyler Rich,28,36,Gains In Performance
2018-12-15,29,Beautiful Crazy,Luke Combs,33,5,Gains In Performance
2018-12-15,30,Here Tonight,Brett Young,29,12,Gains In Performance
2018-12-15,31,Love Someone,Brett Eldredge,31,23,Gains In Performance
2018-12-15,32,Miss Me More,Kelsea Ballerini,32,7,Gains In Performance
2018-12-15,33,Love Ain't,Eli Young Band,30,26,Gains In Performance
2018-12-15,34,Caught Up In The Country,Rodney Atkins Featuring The Fisk Jubilee Singers,35,35,Gains In Performance
2018-12-15,35,Eyes On You,Chase Rice,34,17,Gains In Performance
2018-12-15,36,You're In It,Granger Smith,36,29,Gains In Performance
2018-12-15,37,Rumor,Lee Brice,38,14,Gains In Performance
2018-12-15,38,Talk You Out Of It,Florida Georgia Line,37,6,Gains In Performance
2018-12-15,39,Feels Like A Party,LoCash,42,14,Gains In Performance
2018-12-15,40,What Whiskey Does,Randy Houser Featuring Hillary Lindsey,40,21,Gains In Performance
2018-12-15,41,Friends Don't,Maddie & Tae,41,25,Gains In Performance
2018-12-15,42,Whiskey Glasses,Morgan Wallen,39,15,Gains In Performance
2018-12-15,43,Back To Life,Rascal Flatts,43,11,
2018-12-15,44,Yada Yada Yada,Brandon Lay,45,19,Gains In Performance
2018-12-15,45,Buy My Own Drinks,Runaway June,44,8,
2018-12-15,46,Ladies In The '90s,Lauren Alaina,47,6,Gains In Performance
2018-12-15,47,Bring It On Over,Billy Currington,52,12,Gains In Performance
2018-12-15,48,The Ones That Didn't Make It Back Home,Justin Moore,51,5,
2018-12-15,49,Day Drunk,Morgan Evans,49,8,
2018-12-15,50,How Does It Sound,Dylan Schneider,50,15,
2018-12-15,51,Floatin',Uncle Kracker,48,16,
2018-12-15,52,90's Country,Walker Hayes,55,7,Gains In Performance
2018-12-15,53,Love You Too Late,Cole Swindell,57,2,Gains In Performance
2018-12-15,54,Stronger Than Me,Garth Brooks,56,2,Gains In Performance
2018-12-15,55,I Won't Be Sorry,David Lee Murphy,54,15,
2018-12-15,56,Closer To You,Carly Pearce,53,3,
2018-12-15,57,Every Little Thing,Russell Dickerson,NEW,1,Highest ranking debut|Gains In Performance
2018-12-15,58,I Don't Remember Me (Before You),Brothers Osborne,59,4,
2018-12-15,59,I Don't Know About You,Chris Lane,58,3,
2018-12-15,60,When It Comes To Loving You,Jon Langston,60,2,Gains In Performance
2018-12-22,1,Speechless,Dan + Shay,5,19,Gains In Performance
2018-12-22,2,She Got The Best Of Me,Luke Combs,4,24,
2018-12-22,3,Best Shot,Jimmie Allen,1,44,
2018-12-22,4,Lose It,Kane Brown,3,28,
2018-12-22,5,Sixteen,Thomas Rhett,6,17,Gains In Performance
2018-12-22,6,Good Girl,Dustin Lynch,8,33,Gains In Performance
2018-12-22,7,Burning Man,Dierks Bentley Featuring Brothers Osborne,7,24,Gains In Performance
2018-12-22,8,Last Shot,Kip Moore,9,51,Gains In Performance
2018-12-22,9,Girl Like You,Jason Aldean,10,14,Gains In Performance
2018-12-22,10,Drunk Me,Mitchell Tenpenny,2,38,
2018-12-22,11,This Is It,Scotty McCreery,11,29,Gains In Performance
2018-12-22,12,What Makes You Country,Luke Bryan,14,9,Gains In Performance
2018-12-22,13,Millionaire,Chris Stapleton,13,35,Gains In Performance
2018-12-22,14,Burn Out,Midland,15,36,Gains In Performance
2018-12-22,15,Take It From Me,Jordan Davis,17,30,Gains In Performance
2018-12-22,16,There Was This Girl,Riley Green,18,23,Gains In Performance
2018-12-22,17,Down To The Honkytonk,Jake Owen,19,19,Gains In Performance
2018-12-22,18,Make It Sweet,Old Dominion,22,10,Gains In Performance
2018-12-22,19,Love Wins,Carrie Underwood,21,14,Gains In Performance
2018-12-22,20,One That Got Away,Michael Ray,23,22,Gains In Performance
2018-12-22,21,Neon Church,Tim McGraw,20,11,Gains In Performance
2018-12-22,22,Never Comin Down,Keith Urban,24,17,Gains In Performance
2018-12-22,23,Night Shift,Jon Pardi,25,21,Gains In Performance
2018-12-22,24,Beautiful Crazy,Luke Combs,29,6,Gains In Performance
2018-12-22,25,On My Way To You,Cody Johnson,27,19,Gains In Performance
2018-12-22,26,Here Tonight,Brett Young,30,13,Gains In Performance
2018-12-22,27,The Difference,Tyler Rich,28,37,Gains In Performance
2018-12-22,28,Better Boat,Kenny Chesney Featuring Mindy Smith,26,17,
2018-12-22,29,Miss Me More,Kelsea Ballerini,32,8,Gains In Performance
2018-12-22,30,Love Someone,Brett Eldredge,31,24,Gains In Performance
2018-12-22,31,Love Ain't,Eli Young Band,33,27,Gains In Performance
2018-12-22,32,What Happens In A Small Town,Brantley Gilbert + Lindsay Ell,NEW,1,Highest ranking debut|Gains In Performance
2018-12-22,33,Eyes On You,Chase Rice,35,18,Gains In Performance
2018-12-22,34,Caught Up In The Country,Rodney Atkins Featuring The Fisk Jubilee Singers,34,36,Gains In Performance
2018-12-22,35,Rumor,Lee Brice,37,15,Gains In Performance
2018-12-22,36,Talk You Out Of It,Florida Georgia Line,38,7,Gains In Performance
2018-12-22,37,Whiskey Glasses,Morgan Wallen,42,16,Gains In Performance
2018-12-22,38,Feels Like A Party,LoCash,39,15,Gains In Performance
2018-12-22,39,What Whiskey Does,Randy Houser Featuring Hillary Lindsey,40,22,Gains In Performance
2018-12-22,40,Friends Don't,Maddie & Tae,41,26,Gains In Performance
2018-12-22,41,Back To Life,Rascal Flatts,43,12,Gains In Performance
2018-12-22,42,Buy My Own Drinks,Runaway June,45,9,Gains In Performance
2018-12-22,43,Don't Let The Old Man In,Toby Keith,NEW,1,Gains In Performance
2018-12-22,44,Day Drunk,Morgan Evans,49,9,Gains In Performance
2018-12-22,45,The Ones That Didn't Make It Back Home,Justin Moore,48,6,Gains In Performance
2018-12-22,46,Love You Too Late,Cole Swindell,53,3,Gains In Performance
2018-12-22,47,Bring It On Over,Billy Currington,47,13,Gains In Performance
2018-12-22,48,Yada Yada Yada,Brandon Lay,44,20,
2018-12-22,49,Ladies In The '90s,Lauren Alaina,46,7,
2018-12-22,50,Every Little Thing,Russell Dickerson,57,2,Gains In Performance
2018-12-22,51,Closer To You,Carly Pearce,56,4,Gains In Performance
2018-12-22,52,How Does It Sound,Dylan Schneider,50,16,
2018-12-22,53,Stronger Than Me,Garth Brooks,54,3,Gains In Performance
2018-12-22,54,90's Country,Walker Hayes,52,8,Gains In Performance
2018-12-22,55,Floatin',Uncle Kracker,51,17,
2018-12-22,56,I Don't Remember Me (Before You),Brothers Osborne,58,5,Gains In Performance
2018-12-22,57,I Won't Be Sorry,David Lee Murphy,55,16,
2018-12-22,58,I Don't Know About You,Chris Lane,59,4,Gains In Performance
2018-12-22,59,Got My Name Changed Back,Pistol Annies,NEW,1,Gains In Performance
2018-12-22,60,Girl Goin' Nowhere,Ashley McBryde,NEW,1,Gains In Performance
2018-12-29,1,Speechless,Dan + Shay,1,20,Gains In Performance
2018-12-29,2,She Got The Best Of Me,Luke Combs,2,25,
2018-12-29,3,Best Shot,Jimmie Allen,3,45,
2018-12-29,4,Lose It,Kane Brown,4,29,
2018-12-29,5,Good Girl,Dustin Lynch,6,34,Greatest gainer this week|Gains In Performance
2018-12-29,6,Sixteen,Thomas Rhett,5,18,Gains In Performance
2018-12-29,7,Girl Like You,Jason Aldean,9,15,Gains In Performance
2018-12-29,8,Burning Man,Dierks Bentley Featuring Brothers Osborne,7,25,Gains In Performance
2018-12-29,9,Last Shot,Kip Moore,8,52,Gains In Performance
2018-12-29,10,This Is It,Scotty McCreery,11,30,Gains In Performance
2018-12-29,11,What Makes You Country,Luke Bryan,12,10,Gains In Performance
2018-12-29,12,Millionaire,Chris Stapleton,13,36,Gains In Performance
2018-12-29,13,Take It From Me,Jordan Davis,15,31,Gains In Performance
2018-12-29,14,Burn Out,Midland,14,37,Gains In Performance
2018-12-29,15,There Was This Girl,Riley Green,16,24,Gains In Performance
2018-12-29,16,Down To The Honkytonk,Jake Owen,17,20,Gains In Performance
2018-12-29,17,Make It Sweet,Old Dominion,18,11,Gains In Performance
2018-12-29,18,One That Got Away,Michael Ray,20,23,Gains In Performance
2018-12-29,19,Love Wins,Carrie Underwood,19,15,Gains In Performance
2018-12-29,20,Beautiful Crazy,Luke Combs,24,7,Gains In Performance
2018-12-29,21,Night Shift,Jon Pardi,23,22,Gains In Performance
2018-12-29,22,Neon Church,Tim McGraw,21,12,
2018-12-29,23,Never Comin Down,Keith Urban,22,18,
2018-12-29,24,On My Way To You,Cody Johnson,25,20,Gains In Performance
2018-12-29,25,Here Tonight,Brett Young,26,14,Gains In Performance
2018-12-29,26,The Difference,Tyler Rich,27,38,Gains In Performance
2018-12-29,27,Miss Me More,Kelsea Ballerini,29,9,Gains In Performance
2018-12-29,28,Love Someone,Brett Eldredge,30,25,Gains In Performance
2018-12-29,29,Love Ain't,Eli Young Band,31,28,Gains In Performance
2018-12-29,30,Eyes On You,Chase Rice,33,19,Gains In Performance
2018-12-29,31,Rumor,Lee Brice,35,16,Gains In Performance
2018-12-29,32,Caught Up In The Country,Rodney Atkins Featuring The Fisk Jubilee Singers,34,37,Gains In Performance
2018-12-29,33,Talk You Out Of It,Florida Georgia Line,36,8,Gains In Performance
2018-12-29,34,Whiskey Glasses,Morgan Wallen,37,17,Gains In Performance
2018-12-29,35,Feels Like A Party,LoCash,38,16,Gains In Performance
2018-12-29,36,What Whiskey Does,Randy Houser Featuring Hillary Lindsey,39,23,Gains In Performance
2018-12-29,37,Friends Don't,Maddie & Tae,40,27,
2018-12-29,38,Back To Life,Rascal Flatts,41,13,Gains In Performance
2018-12-29,39,Buy My Own Drinks,Runaway June,42,10,Gains In Performance
2018-12-29,40,Better Boat,Kenny Chesney Featuring Mindy Smith,28,18,
2018-12-29,41,Don't Let The Old Man In,Toby Keith,43,2,Gains In Performance
2018-12-29,42,Closer To You,Carly Pearce,51,5,Gains In Performance
2018-12-29,43,Day Drunk,Morgan Evans,44,10,Gains In Performance
2018-12-29,44,Love You Too Late,Cole Swindell,46,4,Gains In Performance
2018-12-29,45,The Ones That Didn't Make It Back Home,Justin Moore,45,7,Gains In Performance
2018-12-29,46,Every Little Thing,Russell Dickerson,50,3,Gains In Performance
2018-12-29,47,Yada Yada Yada,Brandon Lay,48,21,Gains In Performance
2018-12-29,48,Bring It On Over,Billy Currington,47,14,Gains In Performance
2018-12-29,49,Ladies In The '90s,Lauren Alaina,49,8,Gains In Performance
2018-12-29,50,What Happens In A Small Town,Brantley Gilbert + Lindsay Ell,32,2,
2018-12-29,51,Stronger Than Me,Garth Brooks,53,4,Gains In Performance
2018-12-29,52,How Does It Sound,Dylan Schneider,52,17,Gains In Performance
2018-12-29,53,Bucked Off,Brad Paisley,RE,4,Gains In Performance
2018-12-29,54,I Don't Remember Me (Before You),Brothers Osborne,56,6,Gains In Performance
2018-12-29,55,90's Country,Walker Hayes,54,9,
2018-12-29,56,I Won't Be Sorry,David Lee Murphy,57,17,Gains In Performance
2018-12-29,57,Got My Name Changed Back,Pistol Annies,59,2,Gains In Performance
2018-12-29,58,I Don't Know About You,Chris Lane,58,5,
2018-12-29,59,Girl Goin' Nowhere,Ashley McBryde,60,2,Gains In Performance
2018-12-29,60,When It Comes To Loving You,Jon Langston,RE,3,Gains In Performance
2019-01-05,1,Speechless,Dan + Shay,1,21,
2019-01-05,2,Sixteen,Thomas Rhett,6,19,
2019-01-05,3,Best Shot,Jimmie Allen,3,46,
2019-01-05,4,She Got The Best Of Me,Luke Combs,2,26,
2019-01-05,5,Good Girl,Dustin Lynch,5,35,
2019-01-05,6,Lose It,Kane Brown,4,30,
2019-01-05,7,Girl Like You,Jason Aldean,7,16,
2019-01-05,8,Burning Man,Dierks Bentley Featuring Brothers Osborne,8,26,
2019-01-05,9,Last Shot,Kip Moore,9,53,
2019-01-05,10,This Is It,Scotty McCreery,10,31,
2019-01-05,11,What Makes You Country,Luke Bryan,11,11,
2019-01-05,12,Millionaire,Chris Stapleton,12,37,
2019-01-05,13,Take It From Me,Jordan Davis,13,32,
2019-01-05,14,Burn Out,Midland,14,38,
2019-01-05,15,There Was This Girl,Riley Green,15,25,
2019-01-05,16,Down To The Honkytonk,Jake Owen,16,21,
2019-01-05,17,Love Wins,Carrie Underwood,19,16,Gains In Performance
2019-01-05,18,Make It Sweet,Old Dominion,17,12,
2019-01-05,19,One That Got Away,Michael Ray,18,24,
2019-01-05,20,Beautiful Crazy,Luke Combs,20,8,
2019-01-05,21,Neon Church,Tim McGraw,22,13,
2019-01-05,22,Night Shift,Jon Pardi,21,23,
2019-01-05,23,Never Comin Down,Keith Urban,23,19,
2019-01-05,24,Here Tonight,Brett Young,25,15,
2019-01-05,25,On My Way To You,Cody Johnson,24,21,
2019-01-05,26,The Difference,Tyler Rich,26,39,
2019-01-05,27,Miss Me More,Kelsea Ballerini,27,10,
2019-01-05,28,Love Someone,Brett Eldredge,28,26,
2019-01-05,29,Eyes On You,Chase Rice,30,20,
2019-01-05,30,Love Ain't,Eli Young Band,29,29,
2019-01-05,31,Rumor,Lee Brice,31,17,
2019-01-05,32,Talk You Out Of It,Florida Georgia Line,33,9,
2019-01-05,33,Caught Up In The Country,Rodney Atkins Featuring The Fisk Jubilee Singers,32,38,
2019-01-05,34,Feels Like A Party,LoCash,35,17,Gains In Performance
2019-01-05,35,Whiskey Glasses,Morgan Wallen,34,18,
2019-01-05,36,What Whiskey Does,Randy Houser Featuring Hillary Lindsey,36,24,
2019-01-05,37,Friends Don't,Maddie & Tae,37,28,
2019-01-05,38,Back To Life,Rascal Flatts,38,14,
2019-01-05,39,Buy My Own Drinks,Runaway June,39,11,
2019-01-05,40,What Happens In A Small Town,Brantley Gilbert + Lindsay Ell,50,3,Gains In Performance
2019-01-05,41,Day Drunk,Morgan Evans,43,11,Gains In Performance
2019-01-05,42,Every Little Thing,Russell Dickerson,46,4,Gains In Performance
2019-01-05,43,Don't Let The Old Man In,Toby Keith,41,3,
2019-01-05,44,Closer To You,Carly Pearce,42,6,
2019-01-05,45,The Ones That Didn't Make It Back Home,Justin Moore,45,8,
2019-01-05,46,Ladies In The '90s,Lauren Alaina,49,9,
2019-01-05,47,Yada Yada Yada,Brandon Lay,47,22,
2019-01-05,48,Love You Too Late,Cole Swindell,44,5,
2019-01-05,49,Bring It On Over,Billy Currington,48,15,
2019-01-05,50,Stronger Than Me,Garth Brooks,51,5,
2019-01-05,51,How Does It Sound,Dylan Schneider,52,18,
2019-01-05,52,Got My Name Changed Back,Pistol Annies,57,3,Gains In Performance
2019-01-05,53,Bucked Off,Brad Paisley,53,5,
2019-01-05,54,I Don't Remember Me (Before You),Brothers Osborne,54,7,
2019-01-05,55,Girl Goin' Nowhere,Ashley McBryde,59,3,Gains In Performance
2019-01-05,56,I Won't Be Sorry,David Lee Murphy,56,18,
2019-01-05,57,90's Country,Walker Hayes,55,10,
2019-01-05,58,O Holy Night,Luke Bryan,RE,2,Greatest gainer this week|Gains In Performance
2019-01-05,59,I Don't Know About You,Chris Lane,58,6,
2019-01-05,60,Santa Claus Is Coming To Town,Dylan Scott,NEW,1,Highest ranking debut|Gains In Performance
2019-01-12,1,Speechless,Dan + Shay,1,22,Gains In Performance
2019-01-12,2,Good Girl,Dustin Lynch,5,36,Greatest gainer this week|Gains In Performance
2019-01-12,3,Sixteen,Thomas Rhett,2,20,Gains In Performance
2019-01-12,4,Best Shot,Jimmie Allen,3,47,Gains In Performance
2019-01-12,5,She Got The Best Of Me,Luke Combs,4,27,Gains In Performance
2019-01-12,6,Girl Like You,Jason Aldean,7,17,Gains In Performance
2019-01-12,7,Burning Man,Dierks Bentley Featuring Brothers Osborne,8,27,Gains In Performance
2019-01-12,8,Lose It,Kane Brown,6,31,Gains In Performance
2019-01-12,9,Last Shot,Kip Moore,9,54,Gains In Performance
2019-01-12,10,This Is It,Scotty McCreery,10,32,Gains In Performance
2019-01-12,11,What Makes You Country,Luke Bryan,11,12,Gains In Performance
2019-01-12,12,Millionaire,Chris Stapleton,12,38,Gains In Performance
2019-01-12,13,Take It From Me,Jordan Davis,13,33,Gains In Performance
2019-01-12,14,Burn Out,Midland,14,39,Gains In Performance
2019-01-12,15,There Was This Girl,Riley Green,15,26,Gains In Performance
2019-01-12,16,Down To The Honkytonk,Jake Owen,16,22,Gains In Performance
2019-01-12,17,Love Wins,Carrie Underwood,17,17,Gains In Performance
2019-01-12,18,Make It Sweet,Old Dominion,18,13,Gains In Performance
2019-01-12,19,Beautiful Crazy,Luke Combs,20,9,Gains In Performance
2019-01-12,20,One That Got Away,Michael Ray,19,25,Gains In Performance
2019-01-12,21,Never Comin Down,Keith Urban,23,20,Gains In Performance
2019-01-12,22,Night Shift,Jon Pardi,22,24,Gains In Performance
2019-01-12,23,Neon Church,Tim McGraw,21,14,Gains In Performance
2019-01-12,24,Here Tonight,Brett Young,24,16,Gains In Performance
2019-01-12,25,On My Way To You,Cody Johnson,25,22,Gains In Performance
2019-01-12,26,Miss Me More,Kelsea Ballerini,27,11,Gains In Performance
2019-01-12,27,The Difference,Tyler Rich,26,40,Gains In Performance
2019-01-12,28,Love Someone,Brett Eldredge,28,27,Gains In Performance
2019-01-12,29,Eyes On You,Chase Rice,29,21,Gains In Performance
2019-01-12,30,Love Ain't,Eli Young Band,30,30,Gains In Performance
2019-01-12,31,Rumor,Lee Brice,31,18,Gains In Performance
2019-01-12,32,Caught Up In The Country,Rodney Atkins Featuring The Fisk Jubilee Singers,33,39,Gains In Performance
2019-01-12,33,Talk You Out Of It,Florida Georgia Line,32,10,Gains In Performance
2019-01-12,34,Whiskey Glasses,Morgan Wallen,35,19,Gains In Performance
2019-01-12,35,Feels Like A Party,LoCash,34,18,Gains In Performance
2019-01-12,36,What Whiskey Does,Randy Houser Featuring Hillary Lindsey,36,25,Gains In Performance
2019-01-12,37,Back To Life,Rascal Flatts,38,15,Gains In Performance
2019-01-12,38,Friends Don't,Maddie & Tae,37,29,Gains In Performance
2019-01-12,39,Buy My Own Drinks,Runaway June,39,12,Gains In Performance
2019-01-12,40,What Happens In A Small Town,Brantley Gilbert + Lindsay Ell,40,4,Gains In Performance
2019-01-12,41,Don't Let The Old Man In,Toby Keith,43,4,Gains In Performance
2019-01-12,42,Love You Too Late,Cole Swindell,48,6,Gains In Performance
2019-01-12,43,Day Drunk,Morgan Evans,41,12,Gains In Performance
2019-01-12,44,Closer To You,Carly Pearce,44,7,Gains In Performance
2019-01-12,45,Yada Yada Yada,Brandon Lay,47,23,Gains In Performance
2019-01-12,46,Bring It On Over,Billy Currington,49,16,Gains In Performance
2019-01-12,47,Every Little Thing,Russell Dickerson,42,5,Gains In Performance
2019-01-12,48,Ladies In The '90s,Lauren Alaina,46,10,Gains In Performance
2019-01-12,49,The Ones That Didn't Make It Back Home,Justin Moore,45,9,Gains In Performance
2019-01-12,50,Bucked Off,Brad Paisley,53,6,Gains In Performance
2019-01-12,51,Stronger Than Me,Garth Brooks,50,6,Gains In Performance
2019-01-12,52,How Does It Sound,Dylan Schneider,51,19,Gains In Performance
2019-01-12,53,I Don't Remember Me (Before You),Brothers Osborne,54,8,Gains In Performance
2019-01-12,54,Some Of It,Eric Church,NEW,1,Highest ranking debut|Gains In Performance
2019-01-12,55,Good As You,Kane Brown,NEW,1,Gains In Performance
2019-01-12,56,I Don't Know About You,Chris Lane,59,7,Gains In Performance
2019-01-12,57,I Won't Be Sorry,David Lee Murphy,56,19,Gains In Performance
2019-01-12,58,90's Country,Walker Hayes,57,11,Gains In Performance
2019-01-12,59,Got My Name Changed Back,Pistol Annies,52,4,
2019-01-12,60,Girl Goin' Nowhere,Ashley McBryde,55,4,
2019-01-19,1,Good Girl,Dustin Lynch,2,37,Greatest gainer this week|Gains In Performance
2019-01-19,2,Speechless,Dan + Shay,1,23,
2019-01-19,3,Sixteen,Thomas Rhett,3,21,Gains In Performance
2019-01-19,4,Girl Like You,Jason Aldean,6,18,Gains In Performance
2019-01-19,5,Burning Man,Dierks Bentley Featuring Brothers Osborne,7,28,Gains In Performance
2019-01-19,6,She Got The Best Of Me,Luke Combs,5,28,
2019-01-19,7,This Is It,Scotty McCreery,10,33,Gains In Performance
2019-01-19,8,Best Shot,Jimmie Allen,4,48,
2019-01-19,9,Lose It,Kane Brown,8,32,
2019-01-19,10,What Makes You Country,Luke Bryan,11,13,Gains In Performance
2019-01-19,11,Millionaire,Chris Stapleton,12,39,Gains In Performance
2019-01-19,12,Take It From Me,Jordan Davis,13,34,Gains In Performance
2019-01-19,13,Burn Out,Midland,14,40,Gains In Performance
2019-01-19,14,There Was This Girl,Riley Green,15,27,Gains In Performance
2019-01-19,15,Beautiful Crazy,Luke Combs,19,10,Gains In Performance
2019-01-19,16,Down To The Honkytonk,Jake Owen,16,23,Gains In Performance
2019-01-19,17,Make It Sweet,Old Dominion,18,14,Gains In Performance
2019-01-19,18,Love Wins,Carrie Underwood,17,18,Gains In Performance
2019-01-19,19,One That Got Away,Michael Ray,20,26,Gains In Performance
2019-01-19,20,Night Shift,Jon Pardi,22,25,Gains In Performance
2019-01-19,21,Never Comin Down,Keith Urban,21,21,Gains In Performance
2019-01-19,22,Here Tonight,Brett Young,24,17,Gains In Performance
2019-01-19,23,Neon Church,Tim McGraw,23,15,
2019-01-19,24,On My Way To You,Cody Johnson,25,23,Gains In Performance
2019-01-19,25,Miss Me More,Kelsea Ballerini,26,12,Gains In Performance
2019-01-19,26,The Difference,Tyler Rich,27,41,Gains In Performance
2019-01-19,27,Eyes On You,Chase Rice,29,22,Gains In Performance
2019-01-19,28,Love Someone,Brett Eldredge,28,28,Gains In Performance
2019-01-19,29,Love Ain't,Eli Young Band,30,31,Gains In Performance
2019-01-19,30,Caught Up In The Country,Rodney Atkins Featuring The Fisk Jubilee Singers,32,40,Gains In Performance
2019-01-19,31,Rumor,Lee Brice,31,19,Gains In Performance
2019-01-19,32,Talk You Out Of It,Florida Georgia Line,33,11,Gains In Performance
2019-01-19,33,Whiskey Glasses,Morgan Wallen,34,20,Gains In Performance
2019-01-19,34,Feels Like A Party,LoCash,35,19,
2019-01-19,35,What Whiskey Does,Randy Houser Featuring Hillary Lindsey,36,26,Gains In Performance
2019-01-19,36,Friends Don't,Maddie & Tae,38,30,Gains In Performance
2019-01-19,37,Good As You,Kane Brown,55,2,Gains In Performance
2019-01-19,38,Buy My Own Drinks,Runaway June,39,13,Gains In Performance
2019-01-19,39,Back To Life,Rascal Flatts,37,16,Gains In Performance
2019-01-19,40,What Happens In A Small Town,Brantley Gilbert + Lindsay Ell,40,5,Gains In Performance
2019-01-19,41,Don't Let The Old Man In,Toby Keith,41,5,Gains In Performance
2019-01-19,42,Love You Too Late,Cole Swindell,42,7,Gains In Performance
2019-01-19,43,Closer To You,Carly Pearce,44,8,Gains In Performance
2019-01-19,44,Yada Yada Yada,Brandon Lay,45,24,Gains In Performance
2019-01-19,45,Day Drunk,Morgan Evans,43,13,
2019-01-19,46,The Ones That Didn't Make It Back Home,Justin Moore,49,10,Gains In Performance
2019-01-19,47,Ladies In The '90s,Lauren Alaina,48,11,Gains In Performance
2019-01-19,48,Stronger Than Me,Garth Brooks,51,7,Gains In Performance
2019-01-19,49,Bring It On Over,Billy Currington,46,17,
2019-01-19,50,Every Little Thing,Russell Dickerson,47,6,
2019-01-19,51,Some Of It,Eric Church,54,2,Gains In Performance
2019-01-19,52,Bucked Off,Brad Paisley,50,7,
2019-01-19,53,I Don't Remember Me (Before You),Brothers Osborne,53,9,Gains In Performance
2019-01-19,54,How Does It Sound,Dylan Schneider,52,20,
2019-01-19,55,I Don't Know About You,Chris Lane,56,8,Gains In Performance
2019-01-19,56,Raised On Country,Chris Young,NEW,1,Highest ranking debut|Gains In Performance
2019-01-19,57,I Won't Be Sorry,David Lee Murphy,57,20,
2019-01-19,58,90's Country,Walker Hayes,58,12,
2019-01-19,59,Girl Goin' Nowhere,Ashley McBryde,60,5,Gains In Performance
2019-01-19,60,Got My Name Changed Back,Pistol Annies,59,5,
2019-01-26,1,Sixteen,Thomas Rhett,3,22,Gains In Performance
2019-01-26,2,Girl Like You,Jason Aldean,4,19,Gains In Performance
2019-01-26,3,Good Girl,Dustin Lynch,1,38,
2019-01-26,4,Burning Man,Dierks Bentley Featuring Brothers Osborne,5,29,Gains In Performance
2019-01-26,5,This Is It,Scotty McCreery,7,34,Gains In Performance
2019-01-26,6,Speechless,Dan + Shay,2,24,
2019-01-26,7,She Got The Best Of Me,Luke Combs,6,29,
2019-01-26,8,What Makes You Country,Luke Bryan,10,14,Gains In Performance
2019-01-26,9,Millionaire,Chris Stapleton,11,40,Gains In Performance
2019-01-26,10,Take It From Me,Jordan Davis,12,35,Gains In Performance
2019-01-26,11,Burn Out,Midland,13,41,Gains In Performance
2019-01-26,12,Beautiful Crazy,Luke Combs,15,11,Gains In Performance
2019-01-26,13,There Was This Girl,Riley Green,14,28,Gains In Performance
2019-01-26,14,Down To The Honkytonk,Jake Owen,16,24,Gains In Performance
2019-01-26,15,Love Wins,Carrie Underwood,18,19,Gains In Performance
2019-01-26,16,Make It Sweet,Old Dominion,17,15,Gains In Performance
2019-01-26,17,One That Got Away,Michael Ray,19,27,Gains In Performance
2019-01-26,18,Night Shift,Jon Pardi,20,26,Gains In Performance
2019-01-26,19,Here Tonight,Brett Young,22,18,Gains In Performance
2019-01-26,20,Never Comin Down,Keith Urban,21,22,
2019-01-26,21,On My Way To You,Cody Johnson,24,24,Gains In Performance
2019-01-26,22,Neon Church,Tim McGraw,23,16,
2019-01-26,23,Miss Me More,Kelsea Ballerini,25,13,Gains In Performance
2019-01-26,24,Eyes On You,Chase Rice,27,23,Gains In Performance
2019-01-26,25,The Difference,Tyler Rich,26,42,Gains In Performance
2019-01-26,26,Love Ain't,Eli Young Band,29,32,Gains In Performance
2019-01-26,27,Love Someone,Brett Eldredge,28,29,Gains In Performance
2019-01-26,28,GIRL,Maren Morris,NEW,1,Highest ranking debut|Gains In Performance
2019-01-26,29,Caught Up In The Country,Rodney Atkins Featuring The Fisk Jubilee Singers,30,41,Gains In Performance
2019-01-26,30,Rumor,Lee Brice,31,20,
2019-01-26,31,Talk You Out Of It,Florida Georgia Line,32,12,Gains In Performance
2019-01-26,32,Good As You,Kane Brown,37,3,Gains In Performance
2019-01-26,33,Whiskey Glasses,Morgan Wallen,33,21,Gains In Performance
2019-01-26,34,Feels Like A Party,LoCash,34,20,Gains In Performance
2019-01-26,35,What Whiskey Does,Randy Houser Featuring Hillary Lindsey,35,27,
2019-01-26,36,Buy My Own Drinks,Runaway June,38,14,Gains In Performance
2019-01-26,37,Friends Don't,Maddie & Tae,36,31,Gains In Performance
2019-01-26,38,Back To Life,Rascal Flatts,39,17,Gains In Performance
2019-01-26,39,What Happens In A Small Town,Brantley Gilbert + Lindsay Ell,40,6,Gains In Performance
2019-01-26,40,Some Of It,Eric Church,51,3,Gains In Performance
2019-01-26,41,Closer To You,Carly Pearce,43,9,Gains In Performance
2019-01-26,42,Love You Too Late,Cole Swindell,42,8,Gains In Performance
2019-01-26,43,Don't Let The Old Man In,Toby Keith,41,6,Gains In Performance
2019-01-26,44,Day Drunk,Morgan Evans,45,14,Gains In Performance
2019-01-26,45,Yada Yada Yada,Brandon Lay,44,25,Gains In Performance
2019-01-26,46,Every Little Thing,Russell Dickerson,50,7,Gains In Performance
2019-01-26,47,Stronger Than Me,Garth Brooks,48,8,Gains In Performance
2019-01-26,48,The Ones That Didn't Make It Back Home,Justin Moore,46,11,
2019-01-26,49,Bring It On Over,Billy Currington,49,18,
2019-01-26,50,Ladies In The '90s,Lauren Alaina,47,12,
2019-01-26,51,Raised On Country,Chris Young,56,2,Gains In Performance
2019-01-26,52,Bucked Off,Brad Paisley,52,8,
2019-01-26,53,I Don't Remember Me (Before You),Brothers Osborne,53,10,Gains In Performance
2019-01-26,54,How Does It Sound,Dylan Schneider,54,21,Gains In Performance
2019-01-26,55,Nothing To Do Town,Dylan Scott,NEW,1,Gains In Performance
2019-01-26,56,I Don't Know About You,Chris Lane,55,9,
2019-01-26,57,Girl Goin' Nowhere,Ashley McBryde,59,6,Gains In Performance
2019-01-26,58,90's Country,Walker Hayes,58,13,
2019-01-26,59,When It Comes To Loving You,Jon Langston,RE,4,Gains In Performance
2019-01-26,60,Rockin' All Night Long,Adam Hambrick,NEW,1,Gains In Performance
2019-02-02,1,Girl Like You,Jason Aldean,2,20,Gains In Performance
2019-02-02,2,Burning Man,Dierks Bentley Featuring Brothers Osborne,4,30,Gains In Performance
2019-02-02,3,This Is It,Scotty McCreery,5,35,Gains In Performance
2019-02-02,4,Sixteen,Thomas Rhett,1,23,
2019-02-02,5,Good Girl,Dustin Lynch,3,39,
2019-02-02,6,Speechless,Dan + Shay,6,25,
2019-02-02,7,What Makes You Country,Luke Bryan,8,15,Gains In Performance
2019-02-02,8,She Got The Best Of Me,Luke Combs,7,30,
2019-02-02,9,Take It From Me,Jordan Davis,10,36,Gains In Performance
2019-02-02,10,Beautiful Crazy,Luke Combs,12,12,Greatest gainer this week|Gains In Performance
2019-02-02,11,Millionaire,Chris Stapleton,9,41,
2019-02-02,12,Burn Out,Midland,11,42,Gains In Performance
2019-02-02,13,There Was This Girl,Riley Green,13,29,Gains In Performance
2019-02-02,14,Down To The Honkytonk,Jake Owen,14,25,Gains In Performance
2019-02-02,15,Love Wins,Carrie Underwood,15,20,Gains In Performance
2019-02-02,16,Make It Sweet,Old Dominion,16,16,Gains In Performance
2019-02-02,17,One That Got Away,Michael Ray,17,28,Gains In Performance
2019-02-02,18,Night Shift,Jon Pardi,18,27,Gains In Performance
2019-02-02,19,Here Tonight,Brett Young,19,19,Gains In Performance
2019-02-02,20,Never Comin Down,Keith Urban,20,23,Gains In Performance
2019-02-02,21,Miss Me More,Kelsea Ballerini,23,14,Gains In Performance
2019-02-02,22,On My Way To You,Cody Johnson,21,25,Gains In Performance
2019-02-02,23,Eyes On You,Chase Rice,24,24,Gains In Performance
2019-02-02,24,The Difference,Tyler Rich,25,43,Gains In Performance
2019-02-02,25,Love Ain't,Eli Young Band,26,33,Gains In Performance
2019-02-02,26,Love Someone,Brett Eldredge,27,30,Gains In Performance
2019-02-02,27,Caught Up In The Country,Rodney Atkins Featuring The Fisk Jubilee Singers,29,42,Gains In Performance
2019-02-02,28,Good As You,Kane Brown,32,4,Gains In Performance
2019-02-02,29,Rumor,Lee Brice,30,21,Gains In Performance
2019-02-02,30,Whiskey Glasses,Morgan Wallen,33,22,Gains In Performance
2019-02-02,31,Talk You Out Of It,Florida Georgia Line,31,13,Gains In Performance
2019-02-02,32,Feels Like A Party,LoCash,34,21,Gains In Performance
2019-02-02,33,What Whiskey Does,Randy Houser Featuring Hillary Lindsey,35,28,Gains In Performance
2019-02-02,34,GIRL,Maren Morris,28,2,
2019-02-02,35,What Happens In A Small Town,Brantley Gilbert + Lindsay Ell,39,7,Gains In Performance
2019-02-02,36,Buy My Own Drinks,Runaway June,36,15,Gains In Performance
2019-02-02,37,Friends Don't,Maddie & Tae,37,32,Gains In Performance
2019-02-02,38,Back To Life,Rascal Flatts,38,18,Gains In Performance
2019-02-02,39,Some Of It,Eric Church,40,4,Gains In Performance
2019-02-02,40,Closer To You,Carly Pearce,41,10,Gains In Performance
2019-02-02,41,Love You Too Late,Cole Swindell,42,9,Gains In Performance
2019-02-02,42,Day Drunk,Morgan Evans,44,15,Gains In Performance
2019-02-02,43,Every Little Thing,Russell Dickerson,46,8,Gains In Performance
2019-02-02,44,Yada Yada Yada,Brandon Lay,45,26,Gains In Performance
2019-02-02,45,Don't Let The Old Man In,Toby Keith,43,7,
2019-02-02,46,Stronger Than Me,Garth Brooks,47,9,Gains In Performance
2019-02-02,47,Ladies In The '90s,Lauren Alaina,50,13,Gains In Performance
2019-02-02,48,The Ones That Didn't Make It Back Home,Justin Moore,48,12,
2019-02-02,49,Raised On Country,Chris Young,51,3,Gains In Performance
2019-02-02,50,I Don't Remember Me (Before You),Brothers Osborne,53,11,Gains In Performance
2019-02-02,51,Nothing To Do Town,Dylan Scott,55,2,Gains In Performance
2019-02-02,52,Bucked Off,Brad Paisley,52,9,Gains In Performance
2019-02-02,53,How Does It Sound,Dylan Schneider,54,22,Gains In Performance
2019-02-02,54,I Don't Know About You,Chris Lane,56,10,Gains In Performance
2019-02-02,55,90's Country,Walker Hayes,58,14,Gains In Performance
2019-02-02,56,Girl Goin' Nowhere,Ashley McBryde,57,7,
2019-02-02,57,When It Comes To Loving You,Jon Langston,59,5,Gains In Performance
2019-02-02,58,Prayed For You,Matt Stell,NEW,1,Highest ranking debut|Gains In Performance
2019-02-02,59,Rockin' All Night Long,Adam Hambrick,60,2,Gains In Performance
2019-02-02,60,Make Me Want To,Jimmie Allen,NEW,1,Gains In Performance
2019-02-09,1,Girl Like You,Jason Aldean,1,21,Gains In Performance
2019-02-09,2,This Is It,Scotty McCreery,3,36,Gains In Performance
2019-02-09,3,Sixteen,Thomas Rhett,4,24,
2019-02-09,4,Beautiful Crazy,Luke Combs,10,13,Greatest gainer this week|Gains In Performance
2019-02-09,5,What Makes You Country,Luke Bryan,7,16,Gains In Performance
2019-02-09,6,Burning Man,Dierks Bentley Featuring Brothers Osborne,2,31,
2019-02-09,7,Take It From Me,Jordan Davis,9,37,Gains In Performance
2019-02-09,8,Good Girl,Dustin Lynch,5,40,
2019-02-09,9,Millionaire,Chris Stapleton,11,42,Gains In Performance
2019-02-09,10,Burn Out,Midland,12,43,Gains In Performance
2019-02-09,11,There Was This Girl,Riley Green,13,30,Gains In Performance
2019-02-09,12,One That Got Away,Michael Ray,17,29,Gains In Performance
2019-02-09,13,Make It Sweet,Old Dominion,16,17,Gains In Performance
2019-02-09,14,Down To The Honkytonk,Jake Owen,14,26,Gains In Performance
2019-02-09,15,Love Wins,Carrie Underwood,15,21,Gains In Performance
2019-02-09,16,Here Tonight,Brett Young,19,20,Gains In Performance
2019-02-09,17,Night Shift,Jon Pardi,18,28,Gains In Performance
2019-02-09,18,Never Comin Down,Keith Urban,20,24,Gains In Performance
2019-02-09,19,On My Way To You,Cody Johnson,22,26,Gains In Performance
2019-02-09,20,Miss Me More,Kelsea Ballerini,21,15,Gains In Performance
2019-02-09,21,Eyes On You,Chase Rice,23,25,Gains In Performance
2019-02-09,22,Love Ain't,Eli Young Band,25,34,Gains In Performance
2019-02-09,23,Love Someone,Brett Eldredge,26,31,Gains In Performance
2019-02-09,24,The Difference,Tyler Rich,24,44,Gains In Performance
2019-02-09,25,Good As You,Kane Brown,28,5,Gains In Performance
2019-02-09,26,Caught Up In The Country,Rodney Atkins Featuring The Fisk Jubilee Singers,27,43,Gains In Performance
2019-02-09,27,Rumor,Lee Brice,29,22,Gains In Performance
2019-02-09,28,Whiskey Glasses,Morgan Wallen,30,23,Gains In Performance
2019-02-09,29,Talk You Out Of It,Florida Georgia Line,31,14,Gains In Performance
2019-02-09,30,Feels Like A Party,LoCash,32,22,Gains In Performance
2019-02-09,31,GIRL,Maren Morris,34,3,Gains In Performance
2019-02-09,32,Buy My Own Drinks,Runaway June,36,16,Gains In Performance
2019-02-09,33,What Happens In A Small Town,Brantley Gilbert + Lindsay Ell,35,8,Gains In Performance
2019-02-09,34,What Whiskey Does,Randy Houser Featuring Hillary Lindsey,33,29,Gains In Performance
2019-02-09,35,Friends Don't,Maddie & Tae,37,33,Gains In Performance
2019-02-09,36,Back To Life,Rascal Flatts,38,19,Gains In Performance
2019-02-09,37,Raised On Country,Chris Young,49,4,Gains In Performance
2019-02-09,38,Some Of It,Eric Church,39,5,Gains In Performance
2019-02-09,39,Love You Too Late,Cole Swindell,41,10,Gains In Performance
2019-02-09,40,Closer To You,Carly Pearce,40,11,Gains In Performance
2019-02-09,41,Day Drunk,Morgan Evans,42,16,Gains In Performance
2019-02-09,42,Yada Yada Yada,Brandon Lay,44,27,Gains In Performance
2019-02-09,43,Every Little Thing,Russell Dickerson,43,9,
2019-02-09,44,Stronger Than Me,Garth Brooks,46,10,Gains In Performance
2019-02-09,45,The Ones That Didn't Make It Back Home,Justin Moore,48,13,Gains In Performance
2019-02-09,46,Don't Let The Old Man In,Toby Keith,45,8,
2019-02-09,47,I Don't Know About You,Chris Lane,54,11,Gains In Performance
2019-02-09,48,Nothing To Do Town,Dylan Scott,51,3,Gains In Performance
2019-02-09,49,Bucked Off,Brad Paisley,52,10,Gains In Performance
2019-02-09,50,Bring It On Over,Billy Currington,RE,19,Gains In Performance
2019-02-09,51,How Does It Sound,Dylan Schneider,53,23,Gains In Performance
2019-02-09,52,Ladies In The '90s,Lauren Alaina,47,14,
2019-02-09,53,I Don't Remember Me (Before You),Brothers Osborne,50,12,
2019-02-09,54,90's Country,Walker Hayes,55,15,Gains In Performance
2019-02-09,55,Girl Goin' Nowhere,Ashley McBryde,56,8,Gains In Performance
2019-02-09,56,Prayed For You,Matt Stell,58,2,Gains In Performance
2019-02-09,57,Make Me Want To,Jimmie Allen,60,2,Gains In Performance
2019-02-09,58,When It Comes To Loving You,Jon Langston,57,6,
2019-02-09,59,Thought About You,Tim McGraw,NEW,1,Highest ranking debut|Gains In Performance
2019-02-09,60,Rockin' All Night Long,Adam Hambrick,59,3,
2019-02-16,1,This Is It,Scotty McCreery,2,37,Greatest gainer this week|Gains In Performance
2019-02-16,2,Girl Like You,Jason Aldean,1,22,
2019-02-16,3,Beautiful Crazy,Luke Combs,4,14,Gains In Performance
2019-02-16,4,What Makes You Country,Luke Bryan,5,17,Gains In Performance
2019-02-16,5,Take It From Me,Jordan Davis,7,38,Gains In Performance
2019-02-16,6,Sixteen,Thomas Rhett,3,25,
2019-02-16,7,Millionaire,Chris Stapleton,9,43,Gains In Performance
2019-02-16,8,Burn Out,Midland,10,44,Gains In Performance
2019-02-16,9,There Was This Girl,Riley Green,11,31,Gains In Performance
2019-02-16,10,One That Got Away,Michael Ray,12,30,Gains In Performance
2019-02-16,11,Make It Sweet,Old Dominion,13,18,Gains In Performance
2019-02-16,12,Down To The Honkytonk,Jake Owen,14,27,Gains In Performance
2019-02-16,13,Love Wins,Carrie Underwood,15,22,Gains In Performance
2019-02-16,14,Here Tonight,Brett Young,16,21,Gains In Performance
2019-02-16,15,Night Shift,Jon Pardi,17,29,Gains In Performance
2019-02-16,16,On My Way To You,Cody Johnson,19,27,Gains In Performance
2019-02-16,17,Eyes On You,Chase Rice,21,26,Gains In Performance
2019-02-16,18,Miss Me More,Kelsea Ballerini,20,16,Gains In Performance
2019-02-16,19,Never Comin Down,Keith Urban,18,25,
2019-02-16,20,Love Ain't,Eli Young Band,22,35,Gains In Performance
2019-02-16,21,Love Someone,Brett Eldredge,23,32,Gains In Performance
2019-02-16,22,The Difference,Tyler Rich,24,45,Gains In Performance
2019-02-16,23,Good As You,Kane Brown,25,6,Gains In Performance
2019-02-16,24,Whiskey Glasses,Morgan Wallen,28,24,Gains In Performance
2019-02-16,25,Rumor,Lee Brice,27,23,Gains In Performance
2019-02-16,26,Caught Up In The Country,Rodney Atkins Featuring The Fisk Jubilee Singers,26,44,Gains In Performance
2019-02-16,27,GIRL,Maren Morris,31,4,Gains In Performance
2019-02-16,28,Talk You Out Of It,Florida Georgia Line,29,15,Gains In Performance
2019-02-16,29,Feels Like A Party,LoCash,30,23,Gains In Performance
2019-02-16,30,Raised On Country,Chris Young,37,5,Gains In Performance
2019-02-16,31,Buy My Own Drinks,Runaway June,32,17,Gains In Performance
2019-02-16,32,What Happens In A Small Town,Brantley Gilbert + Lindsay Ell,33,9,Gains In Performance
2019-02-16,33,Friends Don't,Maddie & Tae,35,34,Gains In Performance
2019-02-16,34,What Whiskey Does,Randy Houser Featuring Hillary Lindsey,34,30,Gains In Performance
2019-02-16,35,Some Of It,Eric Church,38,6,Gains In Performance
2019-02-16,36,Back To Life,Rascal Flatts,36,20,Gains In Performance
2019-02-16,37,Love You Too Late,Cole Swindell,39,11,Gains In Performance
2019-02-16,38,Day Drunk,Morgan Evans,41,17,Gains In Performance
2019-02-16,39,Closer To You,Carly Pearce,40,12,Gains In Performance
2019-02-16,40,The Ones That Didn't Make It Back Home,Justin Moore,45,14,Gains In Performance
2019-02-16,41,Every Little Thing,Russell Dickerson,43,10,Gains In Performance
2019-02-16,42,Stronger Than Me,Garth Brooks,44,11,Gains In Performance
2019-02-16,43,Yada Yada Yada,Brandon Lay,42,28,Gains In Performance
2019-02-16,44,I Don't Know About You,Chris Lane,47,12,Gains In Performance
2019-02-16,45,How Does It Sound,Dylan Schneider,51,24,Gains In Performance
2019-02-16,46,Nothing To Do Town,Dylan Scott,48,4,Gains In Performance
2019-02-16,47,Bring It On Over,Billy Currington,50,20,Gains In Performance
2019-02-16,48,Ladies In The '90s,Lauren Alaina,52,15,Gains In Performance
2019-02-16,49,Brand New Man,Brooks & Dunn With Luke Combs,NEW,1,Highest ranking debut|Gains In Performance
2019-02-16,50,Rednecker,HARDY,NEW,1,Gains In Performance
2019-02-16,51,Bucked Off,Brad Paisley,49,11,
2019-02-16,52,I Don't Remember Me (Before You),Brothers Osborne,53,13,Gains In Performance
2019-02-16,53,90's Country,Walker Hayes,54,16,Gains In Performance
2019-02-16,54,Make Me Want To,Jimmie Allen,57,3,Gains In Performance
2019-02-16,55,Thought About You,Tim McGraw,59,2,Gains In Performance
2019-02-16,56,Girl Goin' Nowhere,Ashley McBryde,55,9,
2019-02-16,57,Prayed For You,Matt Stell,56,3,Gains In Performance
2019-02-16,58,Rainbow,Kacey Musgraves,NEW,1,Gains In Performance
2019-02-16,59,When It Comes To Loving You,Jon Langston,58,7,
2019-02-16,60,Rockin' All Night Long,Adam Hambrick,60,4,Gains In Performance
2019-02-23,1,This Is It,Scotty McCreery,1,38,
2019-02-23,2,Beautiful Crazy,Luke Combs,3,15,Gains In Performance
2019-02-23,3,Girl Like You,Jason Aldean,2,23,
2019-02-23,4,What Makes You Country,Luke Bryan,4,18,Gains In Performance
2019-02-23,5,Take It From Me,Jordan Davis,5,39,Gains In Performance
2019-02-23,6,Millionaire,Chris Stapleton,7,44,Gains In Performance
2019-02-23,7,Burn Out,Midland,8,45,Gains In Performance
2019-02-23,8,Sixteen,Thomas Rhett,6,26,
2019-02-23,9,One That Got Away,Michael Ray,10,31,Gains In Performance
2019-02-23,10,There Was This Girl,Riley Green,9,32,Gains In Performance
2019-02-23,11,Make It Sweet,Old Dominion,11,19,Gains In Performance
2019-02-23,12,Here Tonight,Brett Young,14,22,Gains In Performance
2019-02-23,13,Down To The Honkytonk,Jake Owen,12,28,
2019-02-23,14,Love Wins,Carrie Underwood,13,23,Gains In Performance
2019-02-23,15,Night Shift,Jon Pardi,15,30,
2019-02-23,16,On My Way To You,Cody Johnson,16,28,Gains In Performance
2019-02-23,17,Eyes On You,Chase Rice,17,27,Gains In Performance
2019-02-23,18,Miss Me More,Kelsea Ballerini,18,17,Gains In Performance
2019-02-23,19,Love Ain't,Eli Young Band,20,36,Gains In Performance
2019-02-23,20,Every Little Honky Tonk Bar,George Strait,NEW,1,Highest ranking debut|Gains In Performance
2019-02-23,21,Love Someone,Brett Eldredge,21,33,Gains In Performance
2019-02-23,22,Good As You,Kane Brown,23,7,Gains In Performance
2019-02-23,23,Whiskey Glasses,Morgan Wallen,24,25,Gains In Performance
2019-02-23,24,The Difference,Tyler Rich,22,46,
2019-02-23,25,Rumor,Lee Brice,25,24,Gains In Performance
2019-02-23,26,Talk You Out Of It,Florida Georgia Line,28,16,Gains In Performance
2019-02-23,27,Caught Up In The Country,Rodney Atkins Featuring The Fisk Jubilee Singers,26,45,
2019-02-23,28,GIRL,Maren Morris,27,5,Gains In Performance
2019-02-23,29,Raised On Country,Chris Young,30,6,Gains In Performance
2019-02-23,30,Buy My Own Drinks,Runaway June,31,18,Gains In Performance
2019-02-23,31,Feels Like A Party,LoCash,29,24,
2019-02-23,32,What Whiskey Does,Randy Houser Featuring Hillary Lindsey,34,31,Gains In Performance
2019-02-23,33,What Happens In A Small Town,Brantley Gilbert + Lindsay Ell,32,10,Gains In Performance
2019-02-23,34,Friends Don't,Maddie & Tae,33,35,Gains In Performance
2019-02-23,35,Some Of It,Eric Church,35,7,Gains In Performance
2019-02-23,36,Love You Too Late,Cole Swindell,37,12,Gains In Performance
2019-02-23,37,Day Drunk,Morgan Evans,38,18,Gains In Performance
2019-02-23,38,Back To Life,Rascal Flatts,36,21,Gains In Performance
2019-02-23,39,Closer To You,Carly Pearce,39,13,Gains In Performance
2019-02-23,40,Rainbow,Kacey Musgraves,58,2,Gains In Performance
2019-02-23,41,The Ones That Didn't Make It Back Home,Justin Moore,40,15,Gains In Performance
2019-02-23,42,Brand New Man,Brooks & Dunn With Luke Combs,49,2,Gains In Performance
2019-02-23,43,Every Little Thing,Russell Dickerson,41,11,Gains In Performance
2019-02-23,44,Stronger Than Me,Garth Brooks,42,12,Gains In Performance
2019-02-23,45,I Don't Know About You,Chris Lane,44,13,Gains In Performance
2019-02-23,46,How Does It Sound,Dylan Schneider,45,25,Gains In Performance
2019-02-23,47,Rednecker,HARDY,50,2,Gains In Performance
2019-02-23,48,Nothing To Do Town,Dylan Scott,46,5,Gains In Performance
2019-02-23,49,I Don't Remember Me (Before You),Brothers Osborne,52,14,Gains In Performance
2019-02-23,50,Thought About You,Tim McGraw,55,3,Gains In Performance
2019-02-23,51,Bucked Off,Brad Paisley,51,12,Gains In Performance
2019-02-23,52,Ladies In The '90s,Lauren Alaina,48,16,
2019-02-23,53,Make Me Want To,Jimmie Allen,54,4,Gains In Performance
2019-02-23,54,90's Country,Walker Hayes,53,17,
2019-02-23,55,Prayed For You,Matt Stell,57,4,Gains In Performance
2019-02-23,56,Somebody's Daughter,Tenille Townes,NEW,1,Gains In Performance
2019-02-23,57,All To Myself,Dan + Shay,NEW,1,Gains In Performance
2019-02-23,58,Girl Goin' Nowhere,Ashley McBryde,56,10,Gains In Performance
2019-02-23,59,Rockin' All Night Long,Adam Hambrick,60,5,Gains In Performance
2019-02-23,60,Someone I Used To Know,Zac Brown Band,NEW,1,Gains In Performance
2019-03-02,1,Beautiful Crazy,Luke Combs,2,16,Gains In Performance
2019-03-02,2,What Makes You Country,Luke Bryan,4,19,Greatest gainer this week|Gains In Performance
2019-03-02,3,This Is It,Scotty McCreery,1,39,
2019-03-02,4,Girl Like You,Jason Aldean,3,24,
2019-03-02,5,Take It From Me,Jordan Davis,5,40,Gains In Performance
2019-03-02,6,Millionaire,Chris Stapleton,6,45,Gains In Performance
2019-03-02,7,Burn Out,Midland,7,46,Gains In Performance
2019-03-02,8,There Was This Girl,Riley Green,10,33,Gains In Performance
2019-03-02,9,One That Got Away,Michael Ray,9,32,Gains In Performance
2019-03-02,10,Make It Sweet,Old Dominion,11,20,Gains In Performance
2019-03-02,11,Here Tonight,Brett Young,12,23,Gains In Performance
2019-03-02,12,Down To The Honkytonk,Jake Owen,13,29,Gains In Performance
2019-03-02,13,Love Wins,Carrie Underwood,14,24,Gains In Performance
2019-03-02,14,Night Shift,Jon Pardi,15,31,Gains In Performance
2019-03-02,15,Eyes On You,Chase Rice,17,28,Gains In Performance
2019-03-02,16,On My Way To You,Cody Johnson,16,29,Gains In Performance
2019-03-02,17,Miss Me More,Kelsea Ballerini,18,18,Gains In Performance
2019-03-02,18,Love Ain't,Eli Young Band,19,37,Gains In Performance
2019-03-02,19,Good As You,Kane Brown,22,8,Gains In Performance
2019-03-02,20,Love Someone,Brett Eldredge,21,34,Gains In Performance
2019-03-02,21,The Difference,Tyler Rich,24,47,Gains In Performance
2019-03-02,22,Whiskey Glasses,Morgan Wallen,23,26,Gains In Performance
2019-03-02,23,Rumor,Lee Brice,25,25,Gains In Performance
2019-03-02,24,Every Little Honky Tonk Bar,George Strait,20,2,
2019-03-02,25,Caught Up In The Country,Rodney Atkins Featuring The Fisk Jubilee Singers,27,46,Gains In Performance
2019-03-02,26,GIRL,Maren Morris,28,6,Gains In Performance
2019-03-02,27,Talk You Out Of It,Florida Georgia Line,26,17,Gains In Performance
2019-03-02,28,Buy My Own Drinks,Runaway June,30,19,Gains In Performance
2019-03-02,29,Raised On Country,Chris Young,29,7,
2019-03-02,30,Feels Like A Party,LoCash,31,25,Gains In Performance
2019-03-02,31,What Happens In A Small Town,Brantley Gilbert + Lindsay Ell,33,11,Gains In Performance
2019-03-02,32,What Whiskey Does,Randy Houser Featuring Hillary Lindsey,32,32,Gains In Performance
2019-03-02,33,Friends Don't,Maddie & Tae,34,36,Gains In Performance
2019-03-02,34,Some Of It,Eric Church,35,8,Gains In Performance
2019-03-02,35,Love You Too Late,Cole Swindell,36,13,Gains In Performance
2019-03-02,36,Day Drunk,Morgan Evans,37,19,Gains In Performance
2019-03-02,37,Closer To You,Carly Pearce,39,14,Gains In Performance
2019-03-02,38,Rainbow,Kacey Musgraves,40,3,Gains In Performance
2019-03-02,39,The Ones That Didn't Make It Back Home,Justin Moore,41,16,Gains In Performance
2019-03-02,40,Every Little Thing,Russell Dickerson,43,12,Gains In Performance
2019-03-02,41,I Don't Know About You,Chris Lane,45,14,Gains In Performance
2019-03-02,42,Rednecker,HARDY,47,3,Gains In Performance
2019-03-02,43,Somebody's Daughter,Tenille Townes,56,2,Gains In Performance
2019-03-02,44,Stronger Than Me,Garth Brooks,44,13,
2019-03-02,45,How Does It Sound,Dylan Schneider,46,26,Gains In Performance
2019-03-02,46,Thought About You,Tim McGraw,50,4,Gains In Performance
2019-03-02,47,All To Myself,Dan + Shay,57,2,Gains In Performance
2019-03-02,48,Make Me Want To,Jimmie Allen,53,5,Gains In Performance
2019-03-02,49,I Don't Remember Me (Before You),Brothers Osborne,49,15,Gains In Performance
2019-03-02,50,Nothing To Do Town,Dylan Scott,48,6,
2019-03-02,51,Brand New Man,Brooks & Dunn With Luke Combs,42,3,
2019-03-02,52,Bucked Off,Brad Paisley,51,13,
2019-03-02,53,Ladies In The '90s,Lauren Alaina,52,17,
2019-03-02,54,Prayed For You,Matt Stell,55,5,Gains In Performance
2019-03-02,55,90's Country,Walker Hayes,54,18,
2019-03-02,56,Girl Goin' Nowhere,Ashley McBryde,58,11,Gains In Performance
2019-03-02,57,To A T,Ryan Hurd,NEW,1,Highest ranking debut|Gains In Performance
2019-03-02,58,Someone I Used To Know,Zac Brown Band,60,2,Gains In Performance
2019-03-02,59,Rockin' All Night Long,Adam Hambrick,59,6,
2019-03-02,60,Alcohol You Later,Mitchell Tenpenny,NEW,1,Gains In Performance
2019-03-09,1,Beautiful Crazy,Luke Combs,1,17,Gains In Performance
2019-03-09,2,Take It From Me,Jordan Davis,5,41,Gains In Performance
2019-03-09,3,This Is It,Scotty McCreery,3,40,
2019-03-09,4,Girl Like You,Jason Aldean,4,25,
2019-03-09,5,What Makes You Country,Luke Bryan,2,20,
2019-03-09,6,Millionaire,Chris Stapleton,6,46,Gains In Performance
2019-03-09,7,Burn Out,Midland,7,47,Gains In Performance
2019-03-09,8,One That Got Away,Michael Ray,9,33,Gains In Performance
2019-03-09,9,There Was This Girl,Riley Green,8,34,Gains In Performance
2019-03-09,10,Make It Sweet,Old Dominion,10,21,Gains In Performance
2019-03-09,11,Here Tonight,Brett Young,11,24,Gains In Performance
2019-03-09,12,Down To The Honkytonk,Jake Owen,12,30,Gains In Performance
2019-03-09,13,Love Wins,Carrie Underwood,13,25,Gains In Performance
2019-03-09,14,Night Shift,Jon Pardi,14,32,Gains In Performance
2019-03-09,15,Eyes On You,Chase Rice,15,29,Gains In Performance
2019-03-09,16,On My Way To You,Cody Johnson,16,30,Gains In Performance
2019-03-09,17,Miss Me More,Kelsea Ballerini,17,19,Gains In Performance
2019-03-09,18,Love Ain't,Eli Young Band,18,38,Gains In Performance
2019-03-09,19,Good As You,Kane Brown,19,9,Gains In Performance
2019-03-09,20,Look What God Gave Her,Thomas Rhett,NEW,1,Highest ranking debut|Gains In Performance
2019-03-09,21,Love Someone,Brett Eldredge,20,35,Gains In Performance
2019-03-09,22,Whiskey Glasses,Morgan Wallen,22,27,Gains In Performance
2019-03-09,23,The Difference,Tyler Rich,21,48,Gains In Performance
2019-03-09,24,Every Little Honky Tonk Bar,George Strait,24,3,Gains In Performance
2019-03-09,25,Rumor,Lee Brice,23,26,Gains In Performance
2019-03-09,26,Talk You Out Of It,Florida Georgia Line,27,18,Gains In Performance
2019-03-09,27,GIRL,Maren Morris,26,7,Gains In Performance
2019-03-09,28,Caught Up In The Country,Rodney Atkins Featuring The Fisk Jubilee Singers,25,47,Gains In Performance
2019-03-09,29,Raised On Country,Chris Young,29,8,Gains In Performance
2019-03-09,30,Buy My Own Drinks,Runaway June,28,20,Gains In Performance
2019-03-09,31,What Happens In A Small Town,Brantley Gilbert + Lindsay Ell,31,12,Gains In Performance
2019-03-09,32,Feels Like A Party,LoCash,30,26,Gains In Performance
2019-03-09,33,Some Of It,Eric Church,34,9,Gains In Performance
2019-03-09,34,Somebody's Daughter,Tenille Townes,43,3,Gains In Performance
2019-03-09,35,What Whiskey Does,Randy Houser Featuring Hillary Lindsey,32,33,Gains In Performance
2019-03-09,36,Love You Too Late,Cole Swindell,35,14,Gains In Performance
2019-03-09,37,Friends Don't,Maddie & Tae,33,37,Gains In Performance
2019-03-09,38,Day Drunk,Morgan Evans,36,20,Gains In Performance
2019-03-09,39,The Ones That Didn't Make It Back Home,Justin Moore,39,17,Gains In Performance
2019-03-09,40,Closer To You,Carly Pearce,37,15,Gains In Performance
2019-03-09,41,Rainbow,Kacey Musgraves,38,4,Gains In Performance
2019-03-09,42,Back To Life,Rascal Flatts,RE,22,Gains In Performance
2019-03-09,43,Every Little Thing,Russell Dickerson,40,13,Gains In Performance
2019-03-09,44,All To Myself,Dan + Shay,47,3,Gains In Performance
2019-03-09,45,I Don't Know About You,Chris Lane,41,15,Gains In Performance
2019-03-09,46,Rednecker,HARDY,42,4,Gains In Performance
2019-03-09,47,I Don't Remember Me (Before You),Brothers Osborne,49,16,Gains In Performance
2019-03-09,48,Make Me Want To,Jimmie Allen,48,6,Gains In Performance
2019-03-09,49,Nothing To Do Town,Dylan Scott,50,7,Gains In Performance
2019-03-09,50,How Does It Sound,Dylan Schneider,45,27,Gains In Performance
2019-03-09,51,Ladies In The '90s,Lauren Alaina,53,18,Gains In Performance
2019-03-09,52,Thought About You,Tim McGraw,46,5,
2019-03-09,53,Stronger Than Me,Garth Brooks,44,14,
2019-03-09,54,Rearview Town,Jason Aldean,NEW,1,Gains In Performance
2019-03-09,55,Prayed For You,Matt Stell,54,6,Gains In Performance
2019-03-09,56,Brand New Man,Brooks & Dunn With Luke Combs,51,4,
2019-03-09,57,Good Vibes,Chris Janson,NEW,1,Gains In Performance
2019-03-09,58,Living,Dierks Bentley,NEW,1,Gains In Performance
2019-03-09,59,To A T,Ryan Hurd,57,2,Gains In Performance
2019-03-09,60,Girl Goin' Nowhere,Ashley McBryde,56,12,
2019-03-16,1,Beautiful Crazy,Luke Combs,1,18,Gains In Performance
2019-03-16,2,Millionaire,Chris Stapleton,6,47,Gains In Performance
2019-03-16,3,Burn Out,Midland,7,48,Greatest gainer this week|Gains In Performance
2019-03-16,4,Girl Like You,Jason Aldean,4,26,
2019-03-16,5,This Is It,Scotty McCreery,3,41,
2019-03-16,6,Take It From Me,Jordan Davis,2,42,
2019-03-16,7,There Was This Girl,Riley Green,9,35,Gains In Performance
2019-03-16,8,One That Got Away,Michael Ray,8,34,Gains In Performance
2019-03-16,9,Here Tonight,Brett Young,11,25,Gains In Performance
2019-03-16,10,What Makes You Country,Luke Bryan,5,21,
2019-03-16,11,Make It Sweet,Old Dominion,10,22,Gains In Performance
2019-03-16,12,Down To The Honkytonk,Jake Owen,12,31,Gains In Performance
2019-03-16,13,Eyes On You,Chase Rice,15,30,Gains In Performance
2019-03-16,14,Love Wins,Carrie Underwood,13,26,
2019-03-16,15,Night Shift,Jon Pardi,14,33,Gains In Performance
2019-03-16,16,On My Way To You,Cody Johnson,16,31,Gains In Performance
2019-03-16,17,Miss Me More,Kelsea Ballerini,17,20,Gains In Performance
2019-03-16,18,Good As You,Kane Brown,19,10,Gains In Performance
2019-03-16,19,Love Ain't,Eli Young Band,18,39,Gains In Performance
2019-03-16,20,Whiskey Glasses,Morgan Wallen,22,28,Gains In Performance
2019-03-16,21,Love Someone,Brett Eldredge,21,36,Gains In Performance
2019-03-16,22,Look What God Gave Her,Thomas Rhett,20,2,
2019-03-16,23,Rumor,Lee Brice,25,27,Gains In Performance
2019-03-16,24,The Difference,Tyler Rich,23,49,Gains In Performance
2019-03-16,25,Every Little Honky Tonk Bar,George Strait,24,4,Gains In Performance
2019-03-16,26,GIRL,Maren Morris,27,8,Gains In Performance
2019-03-16,27,Talk You Out Of It,Florida Georgia Line,26,19,Gains In Performance
2019-03-16,28,Caught Up In The Country,Rodney Atkins Featuring The Fisk Jubilee Singers,28,48,Gains In Performance
2019-03-16,29,Raised On Country,Chris Young,29,9,Gains In Performance
2019-03-16,30,Buy My Own Drinks,Runaway June,30,21,Gains In Performance
2019-03-16,31,Some Of It,Eric Church,33,10,Gains In Performance
2019-03-16,32,What Happens In A Small Town,Brantley Gilbert + Lindsay Ell,31,13,Gains In Performance
2019-03-16,33,Feels Like A Party,LoCash,32,27,Gains In Performance
2019-03-16,34,Somebody's Daughter,Tenille Townes,34,4,Gains In Performance
2019-03-16,35,What Whiskey Does,Randy Houser Featuring Hillary Lindsey,35,34,Gains In Performance
2019-03-16,36,Love You Too Late,Cole Swindell,36,15,Gains In Performance
2019-03-16,37,Friends Don't,Maddie & Tae,37,38,Gains In Performance
2019-03-16,38,Day Drunk,Morgan Evans,38,21,Gains In Performance
2019-03-16,39,All To Myself,Dan + Shay,44,4,Gains In Performance
2019-03-16,40,Rainbow,Kacey Musgraves,41,5,Gains In Performance
2019-03-16,41,The Ones That Didn't Make It Back Home,Justin Moore,39,18,Gains In Performance
2019-03-16,42,Closer To You,Carly Pearce,40,16,Gains In Performance
2019-03-16,43,Every Little Thing,Russell Dickerson,43,14,Gains In Performance
2019-03-16,44,Rearview Town,Jason Aldean,54,2,Gains In Performance
2019-03-16,45,Back To Life,Rascal Flatts,42,23,
2019-03-16,46,Rednecker,HARDY,46,5,Gains In Performance
2019-03-16,47,I Don't Know About You,Chris Lane,45,16,Gains In Performance
2019-03-16,48,I Don't Remember Me (Before You),Brothers Osborne,47,17,Gains In Performance
2019-03-16,49,Ladies In The '90s,Lauren Alaina,51,19,Gains In Performance
2019-03-16,50,Thought About You,Tim McGraw,52,6,Gains In Performance
2019-03-16,51,Nothing To Do Town,Dylan Scott,49,8,Gains In Performance
2019-03-16,52,How Does It Sound,Dylan Schneider,50,28,Gains In Performance
2019-03-16,53,Make Me Want To,Jimmie Allen,48,7,
2019-03-16,54,Prayed For You,Matt Stell,55,7,Gains In Performance
2019-03-16,55,Good Vibes,Chris Janson,57,2,Gains In Performance
2019-03-16,56,Living,Dierks Bentley,58,2,Gains In Performance
2019-03-16,57,Girl Goin' Nowhere,Ashley McBryde,60,13,Gains In Performance
2019-03-16,58,To A T,Ryan Hurd,59,3,Gains In Performance
2019-03-16,59,Rockin' All Night Long,Adam Hambrick,RE,7,Gains In Performance
2019-03-16,60,Alcohol You Later,Mitchell Tenpenny,RE,2,Gains In Performance
2019-03-23,1,Beautiful Crazy,Luke Combs,1,19,
2019-03-23,2,Millionaire,Chris Stapleton,2,48,Gains In Performance
2019-03-23,3,There Was This Girl,Riley Green,7,36,Gains In Performance
2019-03-23,4,Girl Like You,Jason Aldean,4,27,
2019-03-23,5,Here Tonight,Brett Young,9,26,Greatest gainer this week|Gains In Performance
2019-03-23,6,One That Got Away,Michael Ray,8,35,Gains In Performance
2019-03-23,7,This Is It,Scotty McCreery,5,42,
2019-03-23,8,Make It Sweet,Old Dominion,11,23,Gains In Performance
2019-03-23,9,Eyes On You,Chase Rice,13,31,Gains In Performance
2019-03-23,10,Down To The Honkytonk,Jake Owen,12,32,Gains In Performance
2019-03-23,11,Love Wins,Carrie Underwood,14,27,Gains In Performance
2019-03-23,12,Night Shift,Jon Pardi,15,34,Gains In Performance
2019-03-23,13,Miss Me More,Kelsea Ballerini,17,21,Gains In Performance
2019-03-23,14,Good As You,Kane Brown,18,11,Gains In Performance
2019-03-23,15,On My Way To You,Cody Johnson,16,32,Gains In Performance
2019-03-23,16,Love Ain't,Eli Young Band,19,40,Gains In Performance
2019-03-23,17,Burn Out,Midland,3,49,
2019-03-23,18,Whiskey Glasses,Morgan Wallen,20,29,Gains In Performance
2019-03-23,19,Love Someone,Brett Eldredge,21,37,Gains In Performance
2019-03-23,20,Look What God Gave Her,Thomas Rhett,22,3,Gains In Performance
2019-03-23,21,Rumor,Lee Brice,23,28,Gains In Performance
2019-03-23,22,Every Little Honky Tonk Bar,George Strait,25,5,Gains In Performance
2019-03-23,23,Talk You Out Of It,Florida Georgia Line,27,20,Gains In Performance
2019-03-23,24,Caught Up In The Country,Rodney Atkins Featuring The Fisk Jubilee Singers,28,49,Gains In Performance
2019-03-23,25,GIRL,Maren Morris,26,9,Gains In Performance
2019-03-23,26,Raised On Country,Chris Young,29,10,Gains In Performance
2019-03-23,27,What Happens In A Small Town,Brantley Gilbert + Lindsay Ell,32,14,Gains In Performance
2019-03-23,28,Buy My Own Drinks,Runaway June,30,22,Gains In Performance
2019-03-23,29,Some Of It,Eric Church,31,11,Gains In Performance
2019-03-23,30,Feels Like A Party,LoCash,33,28,Gains In Performance
2019-03-23,31,Somebody's Daughter,Tenille Townes,34,5,Gains In Performance
2019-03-23,32,What Whiskey Does,Randy Houser Featuring Hillary Lindsey,35,35,Gains In Performance
2019-03-23,33,Rainbow,Kacey Musgraves,40,6,Gains In Performance
2019-03-23,34,Love You Too Late,Cole Swindell,36,16,Gains In Performance
2019-03-23,35,All To Myself,Dan + Shay,39,5,Gains In Performance
2019-03-23,36,Closer To You,Carly Pearce,42,17,Gains In Performance
2019-03-23,37,Day Drunk,Morgan Evans,38,22,Gains In Performance
2019-03-23,38,The Ones That Didn't Make It Back Home,Justin Moore,41,19,Gains In Performance
2019-03-23,39,Back To Life,Rascal Flatts,45,24,Gains In Performance
2019-03-23,40,Every Little Thing,Russell Dickerson,43,15,Gains In Performance
2019-03-23,41,Rearview Town,Jason Aldean,44,3,Gains In Performance
2019-03-23,42,Rednecker,HARDY,46,6,Gains In Performance
2019-03-23,43,I Don't Know About You,Chris Lane,47,17,Gains In Performance
2019-03-23,44,I Don't Remember Me (Before You),Brothers Osborne,48,18,Gains In Performance
2019-03-23,45,Thought About You,Tim McGraw,50,7,Gains In Performance
2019-03-23,46,Ladies In The '90s,Lauren Alaina,49,20,
2019-03-23,47,How Does It Sound,Dylan Schneider,52,29,Gains In Performance
2019-03-23,48,Prayed For You,Matt Stell,54,8,Gains In Performance
2019-03-23,49,Nothing To Do Town,Dylan Scott,51,9,
2019-03-23,50,Living,Dierks Bentley,56,3,Gains In Performance
2019-03-23,51,Make Me Want To,Jimmie Allen,53,8,Gains In Performance
2019-03-23,52,Good Vibes,Chris Janson,55,3,Gains In Performance
2019-03-23,53,To A T,Ryan Hurd,58,4,Gains In Performance
2019-03-23,54,Girl Goin' Nowhere,Ashley McBryde,57,14,Gains In Performance
2019-03-23,55,90's Country,Walker Hayes,RE,19,Gains In Performance
2019-03-23,56,Rockin' All Night Long,Adam Hambrick,59,8,Gains In Performance
2019-03-23,57,Alcohol You Later,Mitchell Tenpenny,60,3,Gains In Performance
2019-03-23,58,After A Few,Travis Denning,NEW,1,Highest ranking debut|Gains In Performance
2019-03-23,59,Someone I Used To Know,Zac Brown Band,RE,3,Gains In Performance
2019-03-23,60,"Houston, We Got A Problem",Luke Combs,NEW,1,
2019-03-30,1,Beautiful Crazy,Luke Combs,1,20,
2019-03-30,2,Millionaire,Chris Stapleton,2,49,Greatest gainer this week|Gains In Performance
2019-03-30,3,Here Tonight,Brett Young,5,27,Gains In Performance
2019-03-30,4,There Was This Girl,Riley Green,3,37,Gains In Performance
2019-03-30,5,One That Got Away,Michael Ray,6,36,Gains In Performance
2019-03-30,6,Girl Like You,Jason Aldean,4,28,
2019-03-30,7,Make It Sweet,Old Dominion,8,24,Gains In Performance
2019-03-30,8,This Is It,Scotty McCreery,7,43,
2019-03-30,9,Eyes On You,Chase Rice,9,32,Gains In Performance
2019-03-30,10,Down To The Honkytonk,Jake Owen,10,33,Gains In Performance
2019-03-30,11,Good As You,Kane Brown,14,12,Gains In Performance
2019-03-30,12,Miss Me More,Kelsea Ballerini,13,22,Gains In Performance
2019-03-30,13,Night Shift,Jon Pardi,12,35,Gains In Performance
2019-03-30,14,Love Wins,Carrie Underwood,11,28,
2019-03-30,15,On My Way To You,Cody Johnson,15,33,Gains In Performance
2019-03-30,16,Love Ain't,Eli Young Band,16,41,Gains In Performance
2019-03-30,17,Whiskey Glasses,Morgan Wallen,18,30,Gains In Performance
2019-03-30,18,Look What God Gave Her,Thomas Rhett,20,4,Gains In Performance
2019-03-30,19,Love Someone,Brett Eldredge,19,38,Gains In Performance
2019-03-30,20,Rumor,Lee Brice,21,29,Gains In Performance
2019-03-30,21,Every Little Honky Tonk Bar,George Strait,22,6,Gains In Performance
2019-03-30,22,Talk You Out Of It,Florida Georgia Line,23,21,Gains In Performance
2019-03-30,23,Caught Up In The Country,Rodney Atkins Featuring The Fisk Jubilee Singers,24,50,Gains In Performance
2019-03-30,24,GIRL,Maren Morris,25,10,Gains In Performance
2019-03-30,25,Some Of It,Eric Church,29,12,Gains In Performance
2019-03-30,26,Raised On Country,Chris Young,26,11,Gains In Performance
2019-03-30,27,What Happens In A Small Town,Brantley Gilbert + Lindsay Ell,27,15,Gains In Performance
2019-03-30,28,Buy My Own Drinks,Runaway June,28,23,Gains In Performance
2019-03-30,29,Feels Like A Party,LoCash,30,29,Gains In Performance
2019-03-30,30,Somebody's Daughter,Tenille Townes,31,6,Gains In Performance
2019-03-30,31,All To Myself,Dan + Shay,35,6,Gains In Performance
2019-03-30,32,What Whiskey Does,Randy Houser Featuring Hillary Lindsey,32,36,
2019-03-30,33,Love You Too Late,Cole Swindell,34,17,Gains In Performance
2019-03-30,34,Rainbow,Kacey Musgraves,33,7,Gains In Performance
2019-03-30,35,The Ones That Didn't Make It Back Home,Justin Moore,38,20,Gains In Performance
2019-03-30,36,Rearview Town,Jason Aldean,41,4,Gains In Performance
2019-03-30,37,Day Drunk,Morgan Evans,37,23,Gains In Performance
2019-03-30,38,Closer To You,Carly Pearce,36,18,
2019-03-30,39,Back To Life,Rascal Flatts,39,25,Gains In Performance
2019-03-30,40,Every Little Thing,Russell Dickerson,40,16,Gains In Performance
2019-03-30,41,I Don't Know About You,Chris Lane,43,18,Gains In Performance
2019-03-30,42,Thought About You,Tim McGraw,45,8,Gains In Performance
2019-03-30,43,Rednecker,HARDY,42,7,
2019-03-30,44,I Don't Remember Me (Before You),Brothers Osborne,44,19,Gains In Performance
2019-03-30,45,Ladies In The '90s,Lauren Alaina,46,21,Gains In Performance
2019-03-30,46,Living,Dierks Bentley,50,4,Gains In Performance
2019-03-30,47,How Does It Sound,Dylan Schneider,47,30,Gains In Performance
2019-03-30,48,Good Vibes,Chris Janson,52,4,Gains In Performance
2019-03-30,49,Prayed For You,Matt Stell,48,9,
2019-03-30,50,Nothing To Do Town,Dylan Scott,49,10,
2019-03-30,51,Make Me Want To,Jimmie Allen,51,9,Gains In Performance
2019-03-30,52,Freedom,Reba McEntire,NEW,1,Highest ranking debut|Gains In Performance
2019-03-30,53,Girl Goin' Nowhere,Ashley McBryde,54,15,Gains In Performance
2019-03-30,54,90's Country,Walker Hayes,55,20,
2019-03-30,55,Rockin' All Night Long,Adam Hambrick,56,9,
2019-03-30,56,Alcohol You Later,Mitchell Tenpenny,57,4,Gains In Performance
2019-03-30,57,To A T,Ryan Hurd,53,5,
2019-03-30,58,After A Few,Travis Denning,58,2,Gains In Performance
2019-03-30,59,Someone I Used To Know,Zac Brown Band,59,4,Gains In Performance
2019-03-30,60,Better Off Gone,Logan Mize,NEW,1,Gains In Performance
2019-04-06,1,Beautiful Crazy,Luke Combs,1,21,Gains In Performance
2019-04-06,2,Here Tonight,Brett Young,3,28,Gains In Performance
2019-04-06,3,One That Got Away,Michael Ray,5,37,Gains In Performance
2019-04-06,4,There Was This Girl,Riley Green,4,38,Gains In Performance
2019-04-06,5,Make It Sweet,Old Dominion,7,25,Gains In Performance
2019-04-06,6,Eyes On You,Chase Rice,9,33,Gains In Performance
2019-04-06,7,Down To The Honkytonk,Jake Owen,10,34,Gains In Performance
2019-04-06,8,Millionaire,Chris Stapleton,2,50,
2019-04-06,9,Night Shift,Jon Pardi,13,36,Gains In Performance
2019-04-06,10,Good As You,Kane Brown,11,13,Gains In Performance
2019-04-06,11,Miss Me More,Kelsea Ballerini,12,23,Gains In Performance
2019-04-06,12,Love Ain't,Eli Young Band,16,42,Gains In Performance
2019-04-06,13,On My Way To You,Cody Johnson,15,34,Gains In Performance
2019-04-06,14,Love Wins,Carrie Underwood,14,29,Gains In Performance
2019-04-06,15,Look What God Gave Her,Thomas Rhett,18,5,Gains In Performance
2019-04-06,16,Whiskey Glasses,Morgan Wallen,17,31,Gains In Performance
2019-04-06,17,Love Someone,Brett Eldredge,19,39,Gains In Performance
2019-04-06,18,Rumor,Lee Brice,20,30,Gains In Performance
2019-04-06,19,Every Little Honky Tonk Bar,George Strait,21,7,Gains In Performance
2019-04-06,20,GIRL,Maren Morris,24,11,Gains In Performance
2019-04-06,21,Talk You Out Of It,Florida Georgia Line,22,22,Gains In Performance
2019-04-06,22,Caught Up In The Country,Rodney Atkins Featuring The Fisk Jubilee Singers,23,51,Gains In Performance
2019-04-06,23,Some Of It,Eric Church,25,13,Gains In Performance
2019-04-06,24,God's Country,Blake Shelton,NEW,1,Highest ranking debut|Gains In Performance
2019-04-06,25,Raised On Country,Chris Young,26,12,Gains In Performance
2019-04-06,26,What Happens In A Small Town,Brantley Gilbert + Lindsay Ell,27,16,Gains In Performance
2019-04-06,27,Buy My Own Drinks,Runaway June,28,24,
2019-04-06,28,Feels Like A Party,LoCash,29,30,Gains In Performance
2019-04-06,29,Somebody's Daughter,Tenille Townes,30,7,Gains In Performance
2019-04-06,30,All To Myself,Dan + Shay,31,7,Gains In Performance
2019-04-06,31,Rearview Town,Jason Aldean,36,5,Gains In Performance
2019-04-06,32,The Ones That Didn't Make It Back Home,Justin Moore,35,21,Gains In Performance
2019-04-06,33,What Whiskey Does,Randy Houser Featuring Hillary Lindsey,32,37,Gains In Performance
2019-04-06,34,Love You Too Late,Cole Swindell,33,18,Gains In Performance
2019-04-06,35,Every Little Thing,Russell Dickerson,40,17,Gains In Performance
2019-04-06,36,Closer To You,Carly Pearce,38,19,Gains In Performance
2019-04-06,37,Back To Life,Rascal Flatts,39,26,Gains In Performance
2019-04-06,38,Rainbow,Kacey Musgraves,34,8,
2019-04-06,39,I Don't Know About You,Chris Lane,41,19,Gains In Performance
2019-04-06,40,Day Drunk,Morgan Evans,37,24,
2019-04-06,41,Thought About You,Tim McGraw,42,9,Gains In Performance
2019-04-06,42,Ladies In The '90s,Lauren Alaina,45,22,Gains In Performance
2019-04-06,43,I Don't Remember Me (Before You),Brothers Osborne,44,20,Gains In Performance
2019-04-06,44,Rednecker,HARDY,43,8,
2019-04-06,45,Good Vibes,Chris Janson,48,5,Gains In Performance
2019-04-06,46,Living,Dierks Bentley,46,5,Gains In Performance
2019-04-06,47,Nothing To Do Town,Dylan Scott,50,11,Gains In Performance
2019-04-06,48,Knockin' Boots,Luke Bryan,NEW,1,Gains In Performance
2019-04-06,49,Prayed For You,Matt Stell,49,10,
2019-04-06,50,Girl Goin' Nowhere,Ashley McBryde,53,16,Gains In Performance
2019-04-06,51,Make Me Want To,Jimmie Allen,51,10,
2019-04-06,52,Ridin' Roads,Dustin Lynch,NEW,1,Gains In Performance
2019-04-06,53,Better Off Gone,Logan Mize,60,2,Gains In Performance
2019-04-06,54,To A T,Ryan Hurd,57,6,Gains In Performance
2019-04-06,55,After A Few,Travis Denning,58,3,Gains In Performance
2019-04-06,56,Rockin' All Night Long,Adam Hambrick,55,10,Gains In Performance
2019-04-06,57,My Miracle,Brad Paisley,NEW,1,Gains In Performance
2019-04-06,58,Someone I Used To Know,Zac Brown Band,59,5,
2019-04-06,59,Alcohol You Later,Mitchell Tenpenny,56,5,
2019-04-06,60,"Houston, We Got A Problem",Luke Combs,RE,2,
2019-04-13,1,Beautiful Crazy,Luke Combs,1,22,
2019-04-13,2,Here Tonight,Brett Young,2,29,Gains In Performance
2019-04-13,3,One That Got Away,Michael Ray,3,38,Gains In Performance
2019-04-13,4,There Was This Girl,Riley Green,4,39,Gains In Performance
2019-04-13,5,Make It Sweet,Old Dominion,5,26,Gains In Performance
2019-04-13,6,Eyes On You,Chase Rice,6,34,Gains In Performance
2019-04-13,7,Love Ain't,Eli Young Band,12,43,Greatest gainer this week|Gains In Performance
2019-04-13,8,Good As You,Kane Brown,10,14,Gains In Performance
2019-04-13,9,Night Shift,Jon Pardi,9,37,Gains In Performance
2019-04-13,10,Miss Me More,Kelsea Ballerini,11,24,Gains In Performance
2019-04-13,11,Love Wins,Carrie Underwood,14,30,Gains In Performance
2019-04-13,12,On My Way To You,Cody Johnson,13,35,
2019-04-13,13,Whiskey Glasses,Morgan Wallen,16,32,Gains In Performance
2019-04-13,14,Look What God Gave Her,Thomas Rhett,15,6,Gains In Performance
2019-04-13,15,Love Someone,Brett Eldredge,17,40,Gains In Performance
2019-04-13,16,Rumor,Lee Brice,18,31,Gains In Performance
2019-04-13,17,GIRL,Maren Morris,20,12,Gains In Performance
2019-04-13,18,Every Little Honky Tonk Bar,George Strait,19,8,Gains In Performance
2019-04-13,19,Some Of It,Eric Church,23,14,Gains In Performance
2019-04-13,20,Talk You Out Of It,Florida Georgia Line,21,23,Gains In Performance
2019-04-13,21,Caught Up In The Country,Rodney Atkins Featuring The Fisk Jubilee Singers,22,52,Gains In Performance
2019-04-13,22,Raised On Country,Chris Young,25,13,Gains In Performance
2019-04-13,23,What Happens In A Small Town,Brantley Gilbert + Lindsay Ell,26,17,Gains In Performance
2019-04-13,24,Buy My Own Drinks,Runaway June,27,25,Gains In Performance
2019-04-13,25,God's Country,Blake Shelton,24,2,
2019-04-13,26,Feels Like A Party,LoCash,28,31,Gains In Performance
2019-04-13,27,All To Myself,Dan + Shay,30,8,Gains In Performance
2019-04-13,28,Somebody's Daughter,Tenille Townes,29,8,Gains In Performance
2019-04-13,29,Rearview Town,Jason Aldean,31,6,Gains In Performance
2019-04-13,30,The Ones That Didn't Make It Back Home,Justin Moore,32,22,Gains In Performance
2019-04-13,31,What Whiskey Does,Randy Houser Featuring Hillary Lindsey,33,38,Gains In Performance
2019-04-13,32,Love You Too Late,Cole Swindell,34,19,Gains In Performance
2019-04-13,33,Closer To You,Carly Pearce,36,20,Gains In Performance
2019-04-13,34,Rainbow,Kacey Musgraves,38,9,Gains In Performance
2019-04-13,35,Every Little Thing,Russell Dickerson,35,18,
2019-04-13,36,Back To Life,Rascal Flatts,37,27,
2019-04-13,37,I Don't Know About You,Chris Lane,39,20,Gains In Performance
2019-04-13,38,Knockin' Boots,Luke Bryan,48,2,Gains In Performance
2019-04-13,39,Day Drunk,Morgan Evans,40,25,Gains In Performance
2019-04-13,40,Thought About You,Tim McGraw,41,10,Gains In Performance
2019-04-13,41,Ladies In The '90s,Lauren Alaina,42,23,Gains In Performance
2019-04-13,42,Living,Dierks Bentley,46,6,Gains In Performance
2019-04-13,43,I Don't Remember Me (Before You),Brothers Osborne,43,21,
2019-04-13,44,Good Vibes,Chris Janson,45,6,
2019-04-13,45,Nothing To Do Town,Dylan Scott,47,12,Gains In Performance
2019-04-13,46,Prayed For You,Matt Stell,49,11,Gains In Performance
2019-04-13,47,Girl Goin' Nowhere,Ashley McBryde,50,17,
2019-04-13,48,Make Me Want To,Jimmie Allen,51,11,Gains In Performance
2019-04-13,49,My Miracle,Brad Paisley,57,2,Gains In Performance
2019-04-13,50,To A T,Ryan Hurd,54,7,Gains In Performance
2019-04-13,51,Better Off Gone,Logan Mize,53,3,Gains In Performance
2019-04-13,52,Ridin' Roads,Dustin Lynch,52,2,
2019-04-13,53,Old Town Road,Lil Nas X Featuring Billy Ray Cyrus,NEW,1,Highest ranking debut|Gains In Performance
2019-04-13,54,Alcohol You Later,Mitchell Tenpenny,59,6,Gains In Performance
2019-04-13,55,Rockin' All Night Long,Adam Hambrick,56,11,
2019-04-13,56,After A Few,Travis Denning,55,4,
2019-04-13,57,The Bull,Kip Moore,NEW,1,Gains In Performance
2019-04-13,58,Someone I Used To Know,Zac Brown Band,58,6,Gains In Performance
2019-04-13,59,"Houston, We Got A Problem",Luke Combs,60,3,Gains In Performance
2019-04-13,60,World For Two,King Calaway,NEW,1,Gains In Performance
2019-04-20,1,Here Tonight,Brett Young,2,30,Gains In Performance
2019-04-20,2,Beautiful Crazy,Luke Combs,1,23,
2019-04-20,3,There Was This Girl,Riley Green,4,40,Gains In Performance
2019-04-20,4,Make It Sweet,Old Dominion,5,27,Gains In Performance
2019-04-20,5,Eyes On You,Chase Rice,6,35,Gains In Performance
2019-04-20,6,One That Got Away,Michael Ray,3,39,
2019-04-20,7,Love Ain't,Eli Young Band,7,44,Gains In Performance
2019-04-20,8,Good As You,Kane Brown,8,15,Gains In Performance
2019-04-20,9,Night Shift,Jon Pardi,9,38,Gains In Performance
2019-04-20,10,Miss Me More,Kelsea Ballerini,10,25,Gains In Performance
2019-04-20,11,Whiskey Glasses,Morgan Wallen,13,33,Gains In Performance
2019-04-20,12,Love Wins,Carrie Underwood,11,31,Gains In Performance
2019-04-20,13,Love Someone,Brett Eldredge,15,41,Gains In Performance
2019-04-20,14,Look What God Gave Her,Thomas Rhett,14,7,Gains In Performance
2019-04-20,15,On My Way To You,Cody Johnson,12,36,Gains In Performance
2019-04-20,16,Rumor,Lee Brice,16,32,Gains In Performance
2019-04-20,17,GIRL,Maren Morris,17,13,Gains In Performance
2019-04-20,18,Every Little Honky Tonk Bar,George Strait,18,9,Gains In Performance
2019-04-20,19,Some Of It,Eric Church,19,15,Gains In Performance
2019-04-20,20,Talk You Out Of It,Florida Georgia Line,20,24,Gains In Performance
2019-04-20,21,God's Country,Blake Shelton,25,3,Greatest gainer this week|Gains In Performance
2019-04-20,22,Caught Up In The Country,Rodney Atkins Featuring The Fisk Jubilee Singers,21,53,Gains In Performance
2019-04-20,23,Raised On Country,Chris Young,22,14,Gains In Performance
2019-04-20,24,What Happens In A Small Town,Brantley Gilbert + Lindsay Ell,23,18,Gains In Performance
2019-04-20,25,All To Myself,Dan + Shay,27,9,Gains In Performance
2019-04-20,26,Buy My Own Drinks,Runaway June,24,26,Gains In Performance
2019-04-20,27,Somebody's Daughter,Tenille Townes,28,9,Gains In Performance
2019-04-20,28,Knockin' Boots,Luke Bryan,38,3,Gains In Performance
2019-04-20,29,Rearview Town,Jason Aldean,29,7,Gains In Performance
2019-04-20,30,The Ones That Didn't Make It Back Home,Justin Moore,30,23,Gains In Performance
2019-04-20,31,Closer To You,Carly Pearce,33,21,Gains In Performance
2019-04-20,32,What Whiskey Does,Randy Houser Featuring Hillary Lindsey,31,39,
2019-04-20,33,Love You Too Late,Cole Swindell,32,20,Gains In Performance
2019-04-20,34,Back To Life,Rascal Flatts,36,28,Gains In Performance
2019-04-20,35,Rainbow,Kacey Musgraves,34,10,
2019-04-20,36,Every Little Thing,Russell Dickerson,35,19,Gains In Performance
2019-04-20,37,Day Drunk,Morgan Evans,39,26,Gains In Performance
2019-04-20,38,I Don't Know About You,Chris Lane,37,21,Gains In Performance
2019-04-20,39,Thought About You,Tim McGraw,40,11,Gains In Performance
2019-04-20,40,Ladies In The '90s,Lauren Alaina,41,24,Gains In Performance
2019-04-20,41,I Don't Remember Me (Before You),Brothers Osborne,43,22,Gains In Performance
2019-04-20,42,Rednecker,HARDY,RE,9,Gains In Performance
2019-04-20,43,Living,Dierks Bentley,42,7,
2019-04-20,44,Good Vibes,Chris Janson,44,7,Gains In Performance
2019-04-20,45,Nothing To Do Town,Dylan Scott,45,13,Gains In Performance
2019-04-20,46,Prayed For You,Matt Stell,46,12,Gains In Performance
2019-04-20,47,Girl Goin' Nowhere,Ashley McBryde,47,18,Gains In Performance
2019-04-20,48,Make Me Want To,Jimmie Allen,48,12,Gains In Performance
2019-04-20,49,My Miracle,Brad Paisley,49,3,Gains In Performance
2019-04-20,50,To A T,Ryan Hurd,50,8,Gains In Performance
2019-04-20,51,Ridin' Roads,Dustin Lynch,52,3,Gains In Performance
2019-04-20,52,After A Few,Travis Denning,56,5,Gains In Performance
2019-04-20,53,Better Off Gone,Logan Mize,51,4,
2019-04-20,54,Rockin' All Night Long,Adam Hambrick,55,12,Gains In Performance
2019-04-20,55,The Bull,Kip Moore,57,2,Gains In Performance
2019-04-20,56,Alcohol You Later,Mitchell Tenpenny,54,7,Gains In Performance
2019-04-20,57,In Between,Scotty McCreery,NEW,1,Highest ranking debut|Gains In Performance
2019-04-20,58,Mr. Lonely,Midland,NEW,1,Gains In Performance
2019-04-20,59,Someone I Used To Know,Zac Brown Band,58,7,Gains In Performance
2019-04-20,60,"Houston, We Got A Problem",Luke Combs,59,4,Gains In Performance
2019-04-27,1,Here Tonight,Brett Young,1,31,Gains In Performance
2019-04-27,2,Beautiful Crazy,Luke Combs,2,24,
2019-04-27,3,Make It Sweet,Old Dominion,4,28,Gains In Performance
2019-04-27,4,Eyes On You,Chase Rice,5,36,Gains In Performance
2019-04-27,5,Love Ain't,Eli Young Band,7,45,Greatest gainer this week|Gains In Performance
2019-04-27,6,Good As You,Kane Brown,8,16,Gains In Performance
2019-04-27,7,Miss Me More,Kelsea Ballerini,10,26,Gains In Performance
2019-04-27,8,Night Shift,Jon Pardi,9,39,Gains In Performance
2019-04-27,9,Whiskey Glasses,Morgan Wallen,11,34,Gains In Performance
2019-04-27,10,One That Got Away,Michael Ray,6,40,
2019-04-27,11,There Was This Girl,Riley Green,3,41,
2019-04-27,12,Love Someone,Brett Eldredge,13,42,Gains In Performance
2019-04-27,13,Look What God Gave Her,Thomas Rhett,14,8,Gains In Performance
2019-04-27,14,On My Way To You,Cody Johnson,15,37,Gains In Performance
2019-04-27,15,Love Wins,Carrie Underwood,12,32,Gains In Performance
2019-04-27,16,Rumor,Lee Brice,16,33,Gains In Performance
2019-04-27,17,GIRL,Maren Morris,17,14,Gains In Performance
2019-04-27,18,God's Country,Blake Shelton,21,4,Gains In Performance
2019-04-27,19,Every Little Honky Tonk Bar,George Strait,18,10,Gains In Performance
2019-04-27,20,Some Of It,Eric Church,19,16,Gains In Performance
2019-04-27,21,Talk You Out Of It,Florida Georgia Line,20,25,Gains In Performance
2019-04-27,22,Caught Up In The Country,Rodney Atkins Featuring The Fisk Jubilee Singers,22,54,Gains In Performance
2019-04-27,23,Raised On Country,Chris Young,23,15,Gains In Performance
2019-04-27,24,What Happens In A Small Town,Brantley Gilbert + Lindsay Ell,24,19,Gains In Performance
2019-04-27,25,All To Myself,Dan + Shay,25,10,Gains In Performance
2019-04-27,26,Buy My Own Drinks,Runaway June,26,27,Gains In Performance
2019-04-27,27,Knockin' Boots,Luke Bryan,28,4,Gains In Performance
2019-04-27,28,Rearview Town,Jason Aldean,29,8,Gains In Performance
2019-04-27,29,Somebody's Daughter,Tenille Townes,27,10,Gains In Performance
2019-04-27,30,The Ones That Didn't Make It Back Home,Justin Moore,30,24,Gains In Performance
2019-04-27,31,Closer To You,Carly Pearce,31,22,Gains In Performance
2019-04-27,32,Love You Too Late,Cole Swindell,33,21,Gains In Performance
2019-04-27,33,Back To Life,Rascal Flatts,34,29,Gains In Performance
2019-04-27,34,Every Little Thing,Russell Dickerson,36,20,Gains In Performance
2019-04-27,35,Day Drunk,Morgan Evans,37,27,Gains In Performance
2019-04-27,36,Thought About You,Tim McGraw,39,12,Gains In Performance
2019-04-27,37,I Don't Know About You,Chris Lane,38,22,Gains In Performance
2019-04-27,38,Rainbow,Kacey Musgraves,35,11,
2019-04-27,39,I Don't Remember Me (Before You),Brothers Osborne,41,23,Gains In Performance
2019-04-27,40,Living,Dierks Bentley,43,8,Gains In Performance
2019-04-27,41,Good Vibes,Chris Janson,44,8,Gains In Performance
2019-04-27,42,Rednecker,HARDY,42,10,Gains In Performance
2019-04-27,43,Prayed For You,Matt Stell,46,13,Gains In Performance
2019-04-27,44,Nothing To Do Town,Dylan Scott,45,14,Gains In Performance
2019-04-27,45,Mr. Lonely,Midland,58,2,Gains In Performance
2019-04-27,46,Girl Goin' Nowhere,Ashley McBryde,47,19,
2019-04-27,47,Make Me Want To,Jimmie Allen,48,13,Gains In Performance
2019-04-27,48,My Miracle,Brad Paisley,49,4,Gains In Performance
2019-04-27,49,Ridin' Roads,Dustin Lynch,51,4,Gains In Performance
2019-04-27,50,Old Town Road,Lil Nas X Featuring Billy Ray Cyrus,RE,2,Gains In Performance
2019-04-27,51,To A T,Ryan Hurd,50,9,Gains In Performance
2019-04-27,52,One Big Country Song,LoCash,NEW,1,Highest ranking debut|Gains In Performance
2019-04-27,53,After A Few,Travis Denning,52,6,Gains In Performance
2019-04-27,54,Better Off Gone,Logan Mize,53,5,Gains In Performance
2019-04-27,55,Rockin' All Night Long,Adam Hambrick,54,13,
2019-04-27,56,In Between,Scotty McCreery,57,2,Gains In Performance
2019-04-27,57,Alcohol You Later,Mitchell Tenpenny,56,8,
2019-04-27,58,The Bull,Kip Moore,55,3,
2019-04-27,59,World For Two,King Calaway,RE,2,Gains In Performance
2019-04-27,60,Someone I Used To Know,Zac Brown Band,59,8,
2019-05-04,1,Make It Sweet,Old Dominion,3,29,Gains In Performance
2019-05-04,2,Eyes On You,Chase Rice,4,37,Gains In Performance
2019-05-04,3,Here Tonight,Brett Young,1,32,
2019-05-04,4,Beautiful Crazy,Luke Combs,2,25,
2019-05-04,5,Love Ain't,Eli Young Band,5,46,Gains In Performance
2019-05-04,6,Good As You,Kane Brown,6,17,Gains In Performance
2019-05-04,7,Whiskey Glasses,Morgan Wallen,9,35,Greatest gainer this week|Gains In Performance
2019-05-04,8,Night Shift,Jon Pardi,8,40,Gains In Performance
2019-05-04,9,Miss Me More,Kelsea Ballerini,7,27,Gains In Performance
2019-05-04,10,Love Someone,Brett Eldredge,12,43,Gains In Performance
2019-05-04,11,Look What God Gave Her,Thomas Rhett,13,9,Gains In Performance
2019-05-04,12,On My Way To You,Cody Johnson,14,38,Gains In Performance
2019-05-04,13,Rumor,Lee Brice,16,34,Gains In Performance
2019-05-04,14,GIRL,Maren Morris,17,15,Gains In Performance
2019-05-04,15,God's Country,Blake Shelton,18,5,Gains In Performance
2019-05-04,16,Some Of It,Eric Church,20,17,Gains In Performance
2019-05-04,17,Every Little Honky Tonk Bar,George Strait,19,11,Gains In Performance
2019-05-04,18,Talk You Out Of It,Florida Georgia Line,21,26,Gains In Performance
2019-05-04,19,Raised On Country,Chris Young,23,16,Gains In Performance
2019-05-04,20,All To Myself,Dan + Shay,25,11,Gains In Performance
2019-05-04,21,Caught Up In The Country,Rodney Atkins Featuring The Fisk Jubilee Singers,22,55,Gains In Performance
2019-05-04,22,What Happens In A Small Town,Brantley Gilbert + Lindsay Ell,24,20,Gains In Performance
2019-05-04,23,Knockin' Boots,Luke Bryan,27,5,Gains In Performance
2019-05-04,24,Rearview Town,Jason Aldean,28,9,Gains In Performance
2019-05-04,25,Buy My Own Drinks,Runaway June,26,28,Gains In Performance
2019-05-04,26,The Ones That Didn't Make It Back Home,Justin Moore,30,25,Gains In Performance
2019-05-04,27,Somebody's Daughter,Tenille Townes,29,11,Gains In Performance
2019-05-04,28,Back To Life,Rascal Flatts,33,30,Gains In Performance
2019-05-04,29,Love You Too Late,Cole Swindell,32,22,Gains In Performance
2019-05-04,30,Closer To You,Carly Pearce,31,23,Gains In Performance
2019-05-04,31,Thought About You,Tim McGraw,36,13,Gains In Performance
2019-05-04,32,Day Drunk,Morgan Evans,35,28,Gains In Performance
2019-05-04,33,Every Little Thing,Russell Dickerson,34,21,Gains In Performance
2019-05-04,34,I Don't Know About You,Chris Lane,37,23,Gains In Performance
2019-05-04,35,Living,Dierks Bentley,40,9,Gains In Performance
2019-05-04,36,Good Vibes,Chris Janson,41,9,Gains In Performance
2019-05-04,37,I Don't Remember Me (Before You),Brothers Osborne,39,24,Gains In Performance
2019-05-04,38,Mr. Lonely,Midland,45,3,Gains In Performance
2019-05-04,39,Rednecker,HARDY,42,11,Gains In Performance
2019-05-04,40,Girl Goin' Nowhere,Ashley McBryde,46,20,Gains In Performance
2019-05-04,41,Prayed For You,Matt Stell,43,14,Gains In Performance
2019-05-04,42,Make Me Want To,Jimmie Allen,47,14,Gains In Performance
2019-05-04,43,Nothing To Do Town,Dylan Scott,44,15,Gains In Performance
2019-05-04,44,My Miracle,Brad Paisley,48,5,Gains In Performance
2019-05-04,45,Ridin' Roads,Dustin Lynch,49,5,Gains In Performance
2019-05-04,46,To A T,Ryan Hurd,51,10,Gains In Performance
2019-05-04,47,One Big Country Song,LoCash,52,2,Gains In Performance
2019-05-04,48,After A Few,Travis Denning,53,7,Gains In Performance
2019-05-04,49,Better Off Gone,Logan Mize,54,6,Gains In Performance
2019-05-04,50,In Between,Scotty McCreery,56,3,Gains In Performance
2019-05-04,51,Slow Dance In A Parking Lot,Jordan Davis,NEW,1,Highest ranking debut|Gains In Performance
2019-05-04,52,Alcohol You Later,Mitchell Tenpenny,57,9,Gains In Performance
2019-05-04,53,Rockin' All Night Long,Adam Hambrick,55,14,
2019-05-04,54,Someone I Used To Know,Zac Brown Band,60,9,Gains In Performance
2019-05-04,55,The Bull,Kip Moore,58,4,Gains In Performance
2019-05-04,56,Slower,Filmore,NEW,1,Gains In Performance
2019-05-04,57,Heartbreak,Hunter Hayes,NEW,1,Gains In Performance
2019-05-04,58,"Houston, We Got A Problem",Luke Combs,RE,5,
2019-05-04,59,World For Two,King Calaway,59,3,
2019-05-04,60,Southbound,Carrie Underwood,NEW,1,Gains In Performance
2019-05-11,1,Eyes On You,Chase Rice,2,38,Gains In Performance
2019-05-11,2,Love Ain't,Eli Young Band,5,47,Gains In Performance
2019-05-11,3,Good As You,Kane Brown,6,18,Gains In Performance
2019-05-11,4,Beautiful Crazy,Luke Combs,4,26,
2019-05-11,5,Make It Sweet,Old Dominion,1,30,
2019-05-11,6,Whiskey Glasses,Morgan Wallen,7,36,Greatest gainer this week|Gains In Performance
2019-05-11,7,Night Shift,Jon Pardi,8,41,Gains In Performance
2019-05-11,8,Here Tonight,Brett Young,3,33,
2019-05-11,9,Miss Me More,Kelsea Ballerini,9,28,Gains In Performance
2019-05-11,10,Love Someone,Brett Eldredge,10,44,Gains In Performance
2019-05-11,11,Look What God Gave Her,Thomas Rhett,11,10,Gains In Performance
2019-05-11,12,Rumor,Lee Brice,13,35,Gains In Performance
2019-05-11,13,On My Way To You,Cody Johnson,12,39,Gains In Performance
2019-05-11,14,God's Country,Blake Shelton,15,6,Gains In Performance
2019-05-11,15,GIRL,Maren Morris,14,16,Gains In Performance
2019-05-11,16,Some Of It,Eric Church,16,18,Gains In Performance
2019-05-11,17,Talk You Out Of It,Florida Georgia Line,18,27,Gains In Performance
2019-05-11,18,Every Little Honky Tonk Bar,George Strait,17,12,Gains In Performance
2019-05-11,19,Raised On Country,Chris Young,19,17,Gains In Performance
2019-05-11,20,All To Myself,Dan + Shay,20,12,Gains In Performance
2019-05-11,21,Knockin' Boots,Luke Bryan,23,6,Gains In Performance
2019-05-11,22,What Happens In A Small Town,Brantley Gilbert + Lindsay Ell,22,21,Gains In Performance
2019-05-11,23,Caught Up In The Country,Rodney Atkins Featuring The Fisk Jubilee Singers,21,56,
2019-05-11,24,Rearview Town,Jason Aldean,24,10,Gains In Performance
2019-05-11,25,Buy My Own Drinks,Runaway June,25,29,Gains In Performance
2019-05-11,26,The Ones That Didn't Make It Back Home,Justin Moore,26,26,Gains In Performance
2019-05-11,27,Somebody's Daughter,Tenille Townes,27,12,Gains In Performance
2019-05-11,28,Love You Too Late,Cole Swindell,29,23,Gains In Performance
2019-05-11,29,Back To Life,Rascal Flatts,28,31,Gains In Performance
2019-05-11,30,Closer To You,Carly Pearce,30,24,Gains In Performance
2019-05-11,31,Thought About You,Tim McGraw,31,14,Gains In Performance
2019-05-11,32,Day Drunk,Morgan Evans,32,29,Gains In Performance
2019-05-11,33,I Don't Know About You,Chris Lane,34,24,Gains In Performance
2019-05-11,34,Every Little Thing,Russell Dickerson,33,22,Gains In Performance
2019-05-11,35,Rainbow,Kacey Musgraves,RE,12,Gains In Performance
2019-05-11,36,Living,Dierks Bentley,35,10,Gains In Performance
2019-05-11,37,Mr. Lonely,Midland,38,4,Gains In Performance
2019-05-11,38,Prayed For You,Matt Stell,41,15,Gains In Performance
2019-05-11,39,Good Vibes,Chris Janson,36,10,Gains In Performance
2019-05-11,40,Rednecker,HARDY,39,12,Gains In Performance
2019-05-11,41,I Don't Remember Me (Before You),Brothers Osborne,37,25,Gains In Performance
2019-05-11,42,Make Me Want To,Jimmie Allen,42,15,Gains In Performance
2019-05-11,43,Girl Goin' Nowhere,Ashley McBryde,40,21,Gains In Performance
2019-05-11,44,Southbound,Carrie Underwood,60,2,Gains In Performance
2019-05-11,45,Nothing To Do Town,Dylan Scott,43,16,Gains In Performance
2019-05-11,46,My Miracle,Brad Paisley,44,6,Gains In Performance
2019-05-11,47,Ridin' Roads,Dustin Lynch,45,6,Gains In Performance
2019-05-11,48,To A T,Ryan Hurd,46,11,Gains In Performance
2019-05-11,49,One Big Country Song,LoCash,47,3,Gains In Performance
2019-05-11,50,After A Few,Travis Denning,48,8,Gains In Performance
2019-05-11,51,Alcohol You Later,Mitchell Tenpenny,52,10,Gains In Performance
2019-05-11,52,Better Off Gone,Logan Mize,49,7,
2019-05-11,53,Slow Dance In A Parking Lot,Jordan Davis,51,2,Gains In Performance
2019-05-11,54,Someone I Used To Know,Zac Brown Band,54,10,Gains In Performance
2019-05-11,55,Rockin' All Night Long,Adam Hambrick,53,15,Gains In Performance
2019-05-11,56,In Between,Scotty McCreery,50,4,
2019-05-11,57,Slower,Filmore,56,2,Gains In Performance
2019-05-11,58,Love Me Anyway,P!nk Featuring Chris Stapleton,NEW,1,Highest ranking debut|Gains In Performance
2019-05-11,59,Rival,LANco,NEW,1,Gains In Performance
2019-05-11,60,World For Two,King Calaway,59,4,Gains In Performance
2019-05-18,1,Eyes On You,Chase Rice,1,39,
2019-05-18,2,Love Ain't,Eli Young Band,2,48,Gains In Performance
2019-05-18,3,Good As You,Kane Brown,3,19,Gains In Performance
2019-05-18,4,Whiskey Glasses,Morgan Wallen,6,37,Gains In Performance
2019-05-18,5,Night Shift,Jon Pardi,7,42,Gains In Performance
2019-05-18,6,Beautiful Crazy,Luke Combs,4,27,
2019-05-18,7,Miss Me More,Kelsea Ballerini,9,29,Gains In Performance
2019-05-18,8,Rumor,Lee Brice,12,36,Gains In Performance
2019-05-18,9,Look What God Gave Her,Thomas Rhett,11,11,Gains In Performance
2019-05-18,10,Love Someone,Brett Eldredge,10,45,Gains In Performance
2019-05-18,11,God's Country,Blake Shelton,14,7,Gains In Performance
2019-05-18,12,On My Way To You,Cody Johnson,13,40,
2019-05-18,13,Some Of It,Eric Church,16,19,Gains In Performance
2019-05-18,14,GIRL,Maren Morris,15,17,Gains In Performance
2019-05-18,15,Beer Never Broke My Heart,Luke Combs,NEW,1,Highest ranking debut|Gains In Performance
2019-05-18,16,Talk You Out Of It,Florida Georgia Line,17,28,Gains In Performance
2019-05-18,17,Every Little Honky Tonk Bar,George Strait,18,13,Gains In Performance
2019-05-18,18,All To Myself,Dan + Shay,20,13,Gains In Performance
2019-05-18,19,Raised On Country,Chris Young,19,18,Gains In Performance
2019-05-18,20,Knockin' Boots,Luke Bryan,21,7,Gains In Performance
2019-05-18,21,Rearview Town,Jason Aldean,24,11,Gains In Performance
2019-05-18,22,What Happens In A Small Town,Brantley Gilbert + Lindsay Ell,22,22,Gains In Performance
2019-05-18,23,Caught Up In The Country,Rodney Atkins Featuring The Fisk Jubilee Singers,23,57,
2019-05-18,24,The Ones That Didn't Make It Back Home,Justin Moore,26,27,Gains In Performance
2019-05-18,25,Buy My Own Drinks,Runaway June,25,30,Gains In Performance
2019-05-18,26,Somebody's Daughter,Tenille Townes,27,13,
2019-05-18,27,Love You Too Late,Cole Swindell,28,24,Gains In Performance
2019-05-18,28,Back To Life,Rascal Flatts,29,32,Gains In Performance
2019-05-18,29,Closer To You,Carly Pearce,30,25,Gains In Performance
2019-05-18,30,Thought About You,Tim McGraw,31,15,
2019-05-18,31,Day Drunk,Morgan Evans,32,30,
2019-05-18,32,Every Little Thing,Russell Dickerson,34,23,Gains In Performance
2019-05-18,33,I Don't Know About You,Chris Lane,33,25,Gains In Performance
2019-05-18,34,Living,Dierks Bentley,36,11,Gains In Performance
2019-05-18,35,Southbound,Carrie Underwood,44,3,Gains In Performance
2019-05-18,36,Rainbow,Kacey Musgraves,35,13,
2019-05-18,37,Mr. Lonely,Midland,37,5,Gains In Performance
2019-05-18,38,Good Vibes,Chris Janson,39,11,Gains In Performance
2019-05-18,39,Prayed For You,Matt Stell,38,16,Gains In Performance
2019-05-18,40,Rednecker,HARDY,40,13,Gains In Performance
2019-05-18,41,I Don't Remember Me (Before You),Brothers Osborne,41,26,Gains In Performance
2019-05-18,42,Girl Goin' Nowhere,Ashley McBryde,43,22,Gains In Performance
2019-05-18,43,Make Me Want To,Jimmie Allen,42,16,Gains In Performance
2019-05-18,44,Nothing To Do Town,Dylan Scott,45,17,Gains In Performance
2019-05-18,45,My Miracle,Brad Paisley,46,7,
2019-05-18,46,To A T,Ryan Hurd,48,12,Gains In Performance
2019-05-18,47,Ridin' Roads,Dustin Lynch,47,7,
2019-05-18,48,One Big Country Song,LoCash,49,4,
2019-05-18,49,Someone I Used To Know,Zac Brown Band,54,11,Gains In Performance
2019-05-18,50,After A Few,Travis Denning,50,9,Gains In Performance
2019-05-18,51,Alcohol You Later,Mitchell Tenpenny,51,11,Gains In Performance
2019-05-18,52,In Between,Scotty McCreery,56,5,Gains In Performance
2019-05-18,53,Rockin' All Night Long,Adam Hambrick,55,16,Gains In Performance
2019-05-18,54,Slow Dance In A Parking Lot,Jordan Davis,53,3,
2019-05-18,55,Love Me Anyway,P!nk Featuring Chris Stapleton,58,2,Gains In Performance
2019-05-18,56,Better Off Gone,Logan Mize,52,8,
2019-05-18,57,Slower,Filmore,57,3,
2019-05-18,58,Heartbreak,Hunter Hayes,RE,2,Gains In Performance
2019-05-18,59,Rival,LANco,59,2,
2019-05-18,60,World For Two,King Calaway,60,5,
2019-05-25,1,Love Ain't,Eli Young Band,2,49,Gains In Performance
2019-05-25,2,Good As You,Kane Brown,3,20,Gains In Performance
2019-05-25,3,Whiskey Glasses,Morgan Wallen,4,38,Gains In Performance
2019-05-25,4,Eyes On You,Chase Rice,1,40,
2019-05-25,5,Miss Me More,Kelsea Ballerini,7,30,Gains In Performance
2019-05-25,6,Rumor,Lee Brice,8,37,Gains In Performance
2019-05-25,7,Beautiful Crazy,Luke Combs,6,28,
2019-05-25,8,Love Someone,Brett Eldredge,10,46,Gains In Performance
2019-05-25,9,Look What God Gave Her,Thomas Rhett,9,12,Gains In Performance
2019-05-25,10,God's Country,Blake Shelton,11,8,Gains In Performance
2019-05-25,11,Night Shift,Jon Pardi,5,43,
2019-05-25,12,Some Of It,Eric Church,13,20,Gains In Performance
2019-05-25,13,On My Way To You,Cody Johnson,12,41,Gains In Performance
2019-05-25,14,GIRL,Maren Morris,14,18,Gains In Performance
2019-05-25,15,Beer Never Broke My Heart,Luke Combs,15,2,Gains In Performance
2019-05-25,16,Raised On Country,Chris Young,19,19,Gains In Performance
2019-05-25,17,Talk You Out Of It,Florida Georgia Line,16,29,Gains In Performance
2019-05-25,18,All To Myself,Dan + Shay,18,14,Gains In Performance
2019-05-25,19,Every Little Honky Tonk Bar,George Strait,17,14,Gains In Performance
2019-05-25,20,Rearview Town,Jason Aldean,21,12,Gains In Performance
2019-05-25,21,Knockin' Boots,Luke Bryan,20,8,Gains In Performance
2019-05-25,22,What Happens In A Small Town,Brantley Gilbert + Lindsay Ell,22,23,Gains In Performance
2019-05-25,23,The Ones That Didn't Make It Back Home,Justin Moore,24,28,Gains In Performance
2019-05-25,24,We Were,Keith Urban,NEW,1,Highest ranking debut|Gains In Performance
2019-05-25,25,What If I Never Get Over You,Lady Antebellum,NEW,1,Gains In Performance
2019-05-25,26,Buy My Own Drinks,Runaway June,25,31,Gains In Performance
2019-05-25,27,Back To Life,Rascal Flatts,28,33,Gains In Performance
2019-05-25,28,Somebody's Daughter,Tenille Townes,26,14,
2019-05-25,29,Love You Too Late,Cole Swindell,27,25,Gains In Performance
2019-05-25,30,Thought About You,Tim McGraw,30,16,Gains In Performance
2019-05-25,31,Closer To You,Carly Pearce,29,26,Gains In Performance
2019-05-25,32,I Don't Know About You,Chris Lane,33,26,Gains In Performance
2019-05-25,33,Every Little Thing,Russell Dickerson,32,24,Gains In Performance
2019-05-25,34,Southbound,Carrie Underwood,35,4,Gains In Performance
2019-05-25,35,Living,Dierks Bentley,34,12,Gains In Performance
2019-05-25,36,Prayed For You,Matt Stell,39,17,Gains In Performance
2019-05-25,37,Mr. Lonely,Midland,37,6,
2019-05-25,38,Rainbow,Kacey Musgraves,36,14,
2019-05-25,39,Good Vibes,Chris Janson,38,12,
2019-05-25,40,Rednecker,HARDY,40,14,
2019-05-25,41,I Don't Remember Me (Before You),Brothers Osborne,41,27,Gains In Performance
2019-05-25,42,Make Me Want To,Jimmie Allen,43,17,Gains In Performance
2019-05-25,43,Nothing To Do Town,Dylan Scott,44,18,
2019-05-25,44,My Miracle,Brad Paisley,45,8,
2019-05-25,45,To A T,Ryan Hurd,46,13,Gains In Performance
2019-05-25,46,Ridin' Roads,Dustin Lynch,47,8,Gains In Performance
2019-05-25,47,Someone I Used To Know,Zac Brown Band,49,12,Gains In Performance
2019-05-25,48,One Big Country Song,LoCash,48,5,Gains In Performance
2019-05-25,49,After A Few,Travis Denning,50,10,
2019-05-25,50,In Between,Scotty McCreery,52,6,Gains In Performance
2019-05-25,51,Alcohol You Later,Mitchell Tenpenny,51,12,
2019-05-25,52,Slower,Filmore,57,4,Gains In Performance
2019-05-25,53,Rockin' All Night Long,Adam Hambrick,53,17,Gains In Performance
2019-05-25,54,Slow Dance In A Parking Lot,Jordan Davis,54,4,Gains In Performance
2019-05-25,55,Better Off Gone,Logan Mize,56,9,Gains In Performance
2019-05-25,56,Love Me Anyway,P!nk Featuring Chris Stapleton,55,3,
2019-05-25,57,Heartbreak,Hunter Hayes,58,3,Gains In Performance
2019-05-25,58,Rival,LANco,59,3,Gains In Performance
2019-05-25,59,In Love By Now,Riley Green,NEW,1,Gains In Performance
2019-05-25,60,World For Two,King Calaway,60,6,
2019-06-01,1,Good As You,Kane Brown,2,21,Gains In Performance
2019-06-01,2,Whiskey Glasses,Morgan Wallen,3,39,Gains In Performance
2019-06-01,3,Miss Me More,Kelsea Ballerini,5,31,Gains In Performance
2019-06-01,4,Love Ain't,Eli Young Band,1,50,
2019-06-01,5,Love Someone,Brett Eldredge,8,47,Gains In Performance
2019-06-01,6,Rumor,Lee Brice,6,38,Gains In Performance
2019-06-01,7,Eyes On You,Chase Rice,4,41,
2019-06-01,8,God's Country,Blake Shelton,10,9,Gains In Performance
2019-06-01,9,Look What God Gave Her,Thomas Rhett,9,13,Gains In Performance
2019-06-01,10,GIRL,Maren Morris,14,19,Gains In Performance
2019-06-01,11,On My Way To You,Cody Johnson,13,42,Gains In Performance
2019-06-01,12,Some Of It,Eric Church,12,21,Gains In Performance
2019-06-01,13,Beer Never Broke My Heart,Luke Combs,15,3,Greatest gainer this week|Gains In Performance
2019-06-01,14,Raised On Country,Chris Young,16,20,Gains In Performance
2019-06-01,15,All To Myself,Dan + Shay,18,15,Gains In Performance
2019-06-01,16,Talk You Out Of It,Florida Georgia Line,17,30,Gains In Performance
2019-06-01,17,Rearview Town,Jason Aldean,20,13,Gains In Performance
2019-06-01,18,Every Little Honky Tonk Bar,George Strait,19,15,Gains In Performance
2019-06-01,19,The Ones That Didn't Make It Back Home,Justin Moore,23,29,Gains In Performance
2019-06-01,20,Knockin' Boots,Luke Bryan,21,9,Gains In Performance
2019-06-01,21,What Happens In A Small Town,Brantley Gilbert + Lindsay Ell,22,24,Gains In Performance
2019-06-01,22,Buy My Own Drinks,Runaway June,26,32,Gains In Performance
2019-06-01,23,Back To Life,Rascal Flatts,27,34,Gains In Performance
2019-06-01,24,Thought About You,Tim McGraw,30,17,Gains In Performance
2019-06-01,25,Love You Too Late,Cole Swindell,29,26,Gains In Performance
2019-06-01,26,Somebody's Daughter,Tenille Townes,28,15,Gains In Performance
2019-06-01,27,I Don't Know About You,Chris Lane,32,27,Gains In Performance
2019-06-01,28,Day Drunk,Morgan Evans,RE,31,Gains In Performance
2019-06-01,29,Southbound,Carrie Underwood,34,5,Gains In Performance
2019-06-01,30,Every Little Thing,Russell Dickerson,33,25,Gains In Performance
2019-06-01,31,We Were,Keith Urban,24,2,
2019-06-01,32,Closer To You,Carly Pearce,31,27,
2019-06-01,33,Living,Dierks Bentley,35,13,Gains In Performance
2019-06-01,34,What If I Never Get Over You,Lady Antebellum,25,2,
2019-06-01,35,Prayed For You,Matt Stell,36,18,Gains In Performance
2019-06-01,36,Rednecker,HARDY,40,15,Gains In Performance
2019-06-01,37,Mr. Lonely,Midland,37,7,Gains In Performance
2019-06-01,38,Good Vibes,Chris Janson,39,13,Gains In Performance
2019-06-01,39,I Don't Remember Me (Before You),Brothers Osborne,41,28,Gains In Performance
2019-06-01,40,Make Me Want To,Jimmie Allen,42,18,Gains In Performance
2019-06-01,41,Nothing To Do Town,Dylan Scott,43,19,Gains In Performance
2019-06-01,42,My Miracle,Brad Paisley,44,9,Gains In Performance
2019-06-01,43,To A T,Ryan Hurd,45,14,Gains In Performance
2019-06-01,44,Someone I Used To Know,Zac Brown Band,47,13,Gains In Performance
2019-06-01,45,Ridin' Roads,Dustin Lynch,46,9,
2019-06-01,46,One Big Country Song,LoCash,48,6,
2019-06-01,47,After A Few,Travis Denning,49,11,
2019-06-01,48,Slow Dance In A Parking Lot,Jordan Davis,54,5,Gains In Performance
2019-06-01,49,Alcohol You Later,Mitchell Tenpenny,51,13,Gains In Performance
2019-06-01,50,In Between,Scotty McCreery,50,7,
2019-06-01,51,Slower,Filmore,52,5,Gains In Performance
2019-06-01,52,Love Me Anyway,P!nk Featuring Chris Stapleton,56,4,Gains In Performance
2019-06-01,53,Old Town Road,Lil Nas X Featuring Billy Ray Cyrus,RE,3,Gains In Performance
2019-06-01,54,Better Off Gone,Logan Mize,55,10,Gains In Performance
2019-06-01,55,In Love By Now,Riley Green,59,2,Gains In Performance
2019-06-01,56,Rival,LANco,58,4,Gains In Performance
2019-06-01,57,Heartbreak,Hunter Hayes,57,4,
2019-06-01,58,Heartache Medication,Jon Pardi,NEW,1,Highest ranking debut|Gains In Performance
2019-06-01,59,Rockin' All Night Long,Adam Hambrick,53,18,
2019-06-01,60,Family Tree,Caylee Hammack,NEW,1,Gains In Performance
2019-06-08,1,Whiskey Glasses,Morgan Wallen,2,40,Greatest gainer this week|Gains In Performance
2019-06-08,2,Good As You,Kane Brown,1,22,
2019-06-08,3,Miss Me More,Kelsea Ballerini,3,32,Gains In Performance
2019-06-08,4,Rumor,Lee Brice,6,39,Gains In Performance
2019-06-08,5,Love Someone,Brett Eldredge,5,48,Gains In Performance
2019-06-08,6,Look What God Gave Her,Thomas Rhett,9,14,Gains In Performance
2019-06-08,7,God's Country,Blake Shelton,8,10,Gains In Performance
2019-06-08,8,Love Ain't,Eli Young Band,4,51,
2019-06-08,9,GIRL,Maren Morris,10,20,Gains In Performance
2019-06-08,10,Some Of It,Eric Church,12,22,Gains In Performance
2019-06-08,11,Beer Never Broke My Heart,Luke Combs,13,4,Gains In Performance
2019-06-08,12,On My Way To You,Cody Johnson,11,43,Gains In Performance
2019-06-08,13,Raised On Country,Chris Young,14,21,Gains In Performance
2019-06-08,14,All To Myself,Dan + Shay,15,16,Gains In Performance
2019-06-08,15,Rearview Town,Jason Aldean,17,14,Gains In Performance
2019-06-08,16,Talk You Out Of It,Florida Georgia Line,16,31,Gains In Performance
2019-06-08,17,The Ones That Didn't Make It Back Home,Justin Moore,19,30,Gains In Performance
2019-06-08,18,Knockin' Boots,Luke Bryan,20,10,Gains In Performance
2019-06-08,19,Every Little Honky Tonk Bar,George Strait,18,16,Gains In Performance
2019-06-08,20,What Happens In A Small Town,Brantley Gilbert + Lindsay Ell,21,25,Gains In Performance
2019-06-08,21,Buy My Own Drinks,Runaway June,22,33,Gains In Performance
2019-06-08,22,Back To Life,Rascal Flatts,23,35,Gains In Performance
2019-06-08,23,Love You Too Late,Cole Swindell,25,27,Gains In Performance
2019-06-08,24,Thought About You,Tim McGraw,24,18,Gains In Performance
2019-06-08,25,Day Drunk,Morgan Evans,28,32,Gains In Performance
2019-06-08,26,I Don't Know About You,Chris Lane,27,28,Gains In Performance
2019-06-08,27,We Were,Keith Urban,31,3,Gains In Performance
2019-06-08,28,Somebody's Daughter,Tenille Townes,26,16,Gains In Performance
2019-06-08,29,Every Little Thing,Russell Dickerson,30,26,Gains In Performance
2019-06-08,30,Southbound,Carrie Underwood,29,6,Gains In Performance
2019-06-08,31,What If I Never Get Over You,Lady Antebellum,34,3,Gains In Performance
2019-06-08,32,Closer To You,Carly Pearce,32,28,Gains In Performance
2019-06-08,33,Living,Dierks Bentley,33,14,Gains In Performance
2019-06-08,34,Prayed For You,Matt Stell,35,19,Gains In Performance
2019-06-08,35,Rednecker,HARDY,36,16,Gains In Performance
2019-06-08,36,Good Vibes,Chris Janson,38,14,Gains In Performance
2019-06-08,37,Mr. Lonely,Midland,37,8,Gains In Performance
2019-06-08,38,I Don't Remember Me (Before You),Brothers Osborne,39,29,Gains In Performance
2019-06-08,39,Make Me Want To,Jimmie Allen,40,19,Gains In Performance
2019-06-08,40,Nothing To Do Town,Dylan Scott,41,20,Gains In Performance
2019-06-08,41,Someone I Used To Know,Zac Brown Band,44,14,Gains In Performance
2019-06-08,42,My Miracle,Brad Paisley,42,10,
2019-06-08,43,To A T,Ryan Hurd,43,15,Gains In Performance
2019-06-08,44,Ridin' Roads,Dustin Lynch,45,10,Gains In Performance
2019-06-08,45,Alcohol You Later,Mitchell Tenpenny,49,14,Gains In Performance
2019-06-08,46,After A Few,Travis Denning,47,12,Gains In Performance
2019-06-08,47,Slow Dance In A Parking Lot,Jordan Davis,48,6,Gains In Performance
2019-06-08,48,Catch,Brett Young,NEW,1,Highest ranking debut|Gains In Performance
2019-06-08,49,One Big Country Song,LoCash,46,7,Gains In Performance
2019-06-08,50,Old Town Road,Lil Nas X Featuring Billy Ray Cyrus,53,4,Gains In Performance
2019-06-08,51,Slower,Filmore,51,6,Gains In Performance
2019-06-08,52,Family Tree,Caylee Hammack,60,2,Gains In Performance
2019-06-08,53,In Between,Scotty McCreery,50,8,Gains In Performance
2019-06-08,54,Love Me Anyway,P!nk Featuring Chris Stapleton,52,5,Gains In Performance
2019-06-08,55,Better Off Gone,Logan Mize,54,11,Gains In Performance
2019-06-08,56,In Love By Now,Riley Green,55,3,Gains In Performance
2019-06-08,57,Rival,LANco,56,5,Gains In Performance
2019-06-08,58,Her World Or Mine,Michael Ray,NEW,1,Gains In Performance
2019-06-08,59,Remember You Young,Thomas Rhett,NEW,1,Gains In Performance
2019-06-08,60,World For Two,King Calaway,RE,7,Gains In Performance
2019-06-15,1,Whiskey Glasses,Morgan Wallen,1,41,
2019-06-15,2,Miss Me More,Kelsea Ballerini,3,33,Gains In Performance
2019-06-15,3,Good As You,Kane Brown,2,23,
2019-06-15,4,Love Someone,Brett Eldredge,5,49,Gains In Performance
2019-06-15,5,Rumor,Lee Brice,4,40,Gains In Performance
2019-06-15,6,God's Country,Blake Shelton,7,11,Gains In Performance
2019-06-15,7,Look What God Gave Her,Thomas Rhett,6,15,Gains In Performance
2019-06-15,8,Some Of It,Eric Church,10,23,Gains In Performance
2019-06-15,9,GIRL,Maren Morris,9,21,Gains In Performance
2019-06-15,10,Beer Never Broke My Heart,Luke Combs,11,5,Gains In Performance
2019-06-15,11,On My Way To You,Cody Johnson,12,44,Gains In Performance
2019-06-15,12,Raised On Country,Chris Young,13,22,Gains In Performance
2019-06-15,13,All To Myself,Dan + Shay,14,17,Gains In Performance
2019-06-15,14,Rearview Town,Jason Aldean,15,15,Gains In Performance
2019-06-15,15,The Ones That Didn't Make It Back Home,Justin Moore,17,31,Gains In Performance
2019-06-15,16,Knockin' Boots,Luke Bryan,18,11,Gains In Performance
2019-06-15,17,Talk You Out Of It,Florida Georgia Line,16,32,Gains In Performance
2019-06-15,18,What Happens In A Small Town,Brantley Gilbert + Lindsay Ell,20,26,Gains In Performance
2019-06-15,19,Every Little Honky Tonk Bar,George Strait,19,17,
2019-06-15,20,Buy My Own Drinks,Runaway June,21,34,Gains In Performance
2019-06-15,21,Every Girl In This Town,Trisha Yearwood,NEW,1,Highest ranking debut|Gains In Performance
2019-06-15,22,Love You Too Late,Cole Swindell,23,28,Gains In Performance
2019-06-15,23,Back To Life,Rascal Flatts,22,36,Gains In Performance
2019-06-15,24,Day Drunk,Morgan Evans,25,33,Gains In Performance
2019-06-15,25,Thought About You,Tim McGraw,24,19,
2019-06-15,26,We Were,Keith Urban,27,4,Gains In Performance
2019-06-15,27,I Don't Know About You,Chris Lane,26,29,Gains In Performance
2019-06-15,28,Every Little Thing,Russell Dickerson,29,27,Gains In Performance
2019-06-15,29,Southbound,Carrie Underwood,30,7,Gains In Performance
2019-06-15,30,What If I Never Get Over You,Lady Antebellum,31,4,Gains In Performance
2019-06-15,31,Somebody's Daughter,Tenille Townes,28,17,
2019-06-15,32,Closer To You,Carly Pearce,32,29,Gains In Performance
2019-06-15,33,Prove You Wrong,Sheryl Crow Featuring Stevie Nicks & Maren Morris,NEW,1,Gains In Performance
2019-06-15,34,Prayed For You,Matt Stell,34,20,Gains In Performance
2019-06-15,35,Living,Dierks Bentley,33,15,Gains In Performance
2019-06-15,36,Rednecker,HARDY,35,17,Gains In Performance
2019-06-15,37,Good Vibes,Chris Janson,36,15,Gains In Performance
2019-06-15,38,I Don't Remember Me (Before You),Brothers Osborne,38,30,Gains In Performance
2019-06-15,39,Mr. Lonely,Midland,37,9,Gains In Performance
2019-06-15,40,Make Me Want To,Jimmie Allen,39,20,Gains In Performance
2019-06-15,41,Nothing To Do Town,Dylan Scott,40,21,Gains In Performance
2019-06-15,42,To A T,Ryan Hurd,43,16,Gains In Performance
2019-06-15,43,Someone I Used To Know,Zac Brown Band,41,15,Gains In Performance
2019-06-15,44,My Miracle,Brad Paisley,42,11,Gains In Performance
2019-06-15,45,Ridin' Roads,Dustin Lynch,44,11,Gains In Performance
2019-06-15,46,Catch,Brett Young,48,2,Gains In Performance
2019-06-15,47,Alcohol You Later,Mitchell Tenpenny,45,15,Gains In Performance
2019-06-15,48,Slow Dance In A Parking Lot,Jordan Davis,47,7,Gains In Performance
2019-06-15,49,After A Few,Travis Denning,46,13,Gains In Performance
2019-06-15,50,One Big Country Song,LoCash,49,8,Gains In Performance
2019-06-15,51,In Between,Scotty McCreery,53,9,Gains In Performance
2019-06-15,52,Family Tree,Caylee Hammack,52,3,Gains In Performance
2019-06-15,53,Heartache Medication,Jon Pardi,RE,2,Gains In Performance
2019-06-15,54,Love Me Anyway,P!nk Featuring Chris Stapleton,54,6,Gains In Performance
2019-06-15,55,Slower,Filmore,51,7,
2019-06-15,56,In Love By Now,Riley Green,56,4,Gains In Performance
2019-06-15,57,Better Off Gone,Logan Mize,55,12,
2019-06-15,58,Homemade,Jake Owen,NEW,1,Gains In Performance
2019-06-15,59,Rival,LANco,57,6,
2019-06-15,60,World For Two,King Calaway,60,8,Gains In Performance
2019-06-22,1,Whiskey Glasses,Morgan Wallen,1,42,
2019-06-22,2,Love Someone,Brett Eldredge,4,50,Gains In Performance
2019-06-22,3,Rumor,Lee Brice,5,41,Gains In Performance
2019-06-22,4,God's Country,Blake Shelton,6,12,Gains In Performance
2019-06-22,5,Look What God Gave Her,Thomas Rhett,7,16,Gains In Performance
2019-06-22,6,Good As You,Kane Brown,3,24,
2019-06-22,7,Some Of It,Eric Church,8,24,Gains In Performance
2019-06-22,8,GIRL,Maren Morris,9,22,Gains In Performance
2019-06-22,9,Beer Never Broke My Heart,Luke Combs,10,6,Gains In Performance
2019-06-22,10,Miss Me More,Kelsea Ballerini,2,34,
2019-06-22,11,Raised On Country,Chris Young,12,23,Gains In Performance
2019-06-22,12,Rearview Town,Jason Aldean,14,16,Greatest gainer this week|Gains In Performance
2019-06-22,13,All To Myself,Dan + Shay,13,18,Gains In Performance
2019-06-22,14,The Ones That Didn't Make It Back Home,Justin Moore,15,32,Gains In Performance
2019-06-22,15,Knockin' Boots,Luke Bryan,16,12,Gains In Performance
2019-06-22,16,Talk You Out Of It,Florida Georgia Line,17,33,Gains In Performance
2019-06-22,17,What Happens In A Small Town,Brantley Gilbert + Lindsay Ell,18,27,Gains In Performance
2019-06-22,18,Every Little Honky Tonk Bar,George Strait,19,18,
2019-06-22,19,Buy My Own Drinks,Runaway June,20,35,Gains In Performance
2019-06-22,20,Love You Too Late,Cole Swindell,22,29,Gains In Performance
2019-06-22,21,Southbound,Carrie Underwood,29,8,Gains In Performance
2019-06-22,22,We Were,Keith Urban,26,5,Gains In Performance
2019-06-22,23,I Don't Know About You,Chris Lane,27,30,Gains In Performance
2019-06-22,24,Back To Life,Rascal Flatts,23,37,Gains In Performance
2019-06-22,25,Day Drunk,Morgan Evans,24,34,Gains In Performance
2019-06-22,26,Thought About You,Tim McGraw,25,20,Gains In Performance
2019-06-22,27,Every Little Thing,Russell Dickerson,28,28,Gains In Performance
2019-06-22,28,What If I Never Get Over You,Lady Antebellum,30,5,Gains In Performance
2019-06-22,29,Somebody's Daughter,Tenille Townes,31,18,Gains In Performance
2019-06-22,30,Living,Dierks Bentley,35,16,Gains In Performance
2019-06-22,31,Prayed For You,Matt Stell,34,21,Gains In Performance
2019-06-22,32,Closer To You,Carly Pearce,32,30,Gains In Performance
2019-06-22,33,Good Vibes,Chris Janson,37,16,Gains In Performance
2019-06-22,34,Rednecker,HARDY,36,18,Gains In Performance
2019-06-22,35,I Don't Remember Me (Before You),Brothers Osborne,38,31,
2019-06-22,36,Mr. Lonely,Midland,39,10,
2019-06-22,37,Make Me Want To,Jimmie Allen,40,21,Gains In Performance
2019-06-22,38,Nothing To Do Town,Dylan Scott,41,22,Gains In Performance
2019-06-22,39,To A T,Ryan Hurd,42,17,Gains In Performance
2019-06-22,40,Every Girl In This Town,Trisha Yearwood,21,2,
2019-06-22,41,Someone I Used To Know,Zac Brown Band,43,16,Gains In Performance
2019-06-22,42,Catch,Brett Young,46,3,Gains In Performance
2019-06-22,43,My Miracle,Brad Paisley,44,12,Gains In Performance
2019-06-22,44,Heartache Medication,Jon Pardi,53,3,Gains In Performance
2019-06-22,45,Ridin' Roads,Dustin Lynch,45,12,Gains In Performance
2019-06-22,46,Alcohol You Later,Mitchell Tenpenny,47,16,Gains In Performance
2019-06-22,47,Slow Dance In A Parking Lot,Jordan Davis,48,8,Gains In Performance
2019-06-22,48,One Big Country Song,LoCash,50,9,Gains In Performance
2019-06-22,49,After A Few,Travis Denning,49,14,Gains In Performance
2019-06-22,50,Homemade,Jake Owen,58,2,Gains In Performance
2019-06-22,51,In Between,Scotty McCreery,51,10,Gains In Performance
2019-06-22,52,Family Tree,Caylee Hammack,52,4,Gains In Performance
2019-06-22,53,Slower,Filmore,55,8,Gains In Performance
2019-06-22,54,In Love By Now,Riley Green,56,5,Gains In Performance
2019-06-22,55,One Man Band,Old Dominion,NEW,1,Highest ranking debut|Gains In Performance
2019-06-22,56,World For Two,King Calaway,60,9,Gains In Performance
2019-06-22,57,Better Off Gone,Logan Mize,57,13,
2019-06-22,58,Love Me Anyway,P!nk Featuring Chris Stapleton,54,7,
2019-06-22,59,Rival,LANco,59,7,Gains In Performance
2019-06-22,60,Her World Or Mine,Michael Ray,RE,2,Gains In Performance
2019-06-29,1,Look What God Gave Her,Thomas Rhett,5,17,Gains In Performance
2019-06-29,2,Rumor,Lee Brice,3,42,Gains In Performance
2019-06-29,3,God's Country,Blake Shelton,4,13,Gains In Performance
2019-06-29,4,Whiskey Glasses,Morgan Wallen,1,43,
2019-06-29,5,Good As You,Kane Brown,6,25,
2019-06-29,6,Some Of It,Eric Church,7,25,Gains In Performance
2019-06-29,7,Beer Never Broke My Heart,Luke Combs,9,7,Gains In Performance
2019-06-29,8,GIRL,Maren Morris,8,23,Gains In Performance
2019-06-29,9,Raised On Country,Chris Young,11,24,Gains In Performance
2019-06-29,10,Rearview Town,Jason Aldean,12,17,Gains In Performance
2019-06-29,11,Love Someone,Brett Eldredge,2,51,
2019-06-29,12,All To Myself,Dan + Shay,13,19,Gains In Performance
2019-06-29,13,The Ones That Didn't Make It Back Home,Justin Moore,14,33,Gains In Performance
2019-06-29,14,Knockin' Boots,Luke Bryan,15,13,Gains In Performance
2019-06-29,15,Talk You Out Of It,Florida Georgia Line,16,34,Gains In Performance
2019-06-29,16,Dive Bar,Garth Brooks & Blake Shelton,NEW,1,Highest ranking debut|Gains In Performance
2019-06-29,17,What Happens In A Small Town,Brantley Gilbert + Lindsay Ell,17,28,Gains In Performance
2019-06-29,18,Buy My Own Drinks,Runaway June,19,36,Gains In Performance
2019-06-29,19,Southbound,Carrie Underwood,21,9,Gains In Performance
2019-06-29,20,Love You Too Late,Cole Swindell,20,30,Gains In Performance
2019-06-29,21,We Were,Keith Urban,22,6,Gains In Performance
2019-06-29,22,I Don't Know About You,Chris Lane,23,31,Gains In Performance
2019-06-29,23,Back To Life,Rascal Flatts,24,38,Gains In Performance
2019-06-29,24,Thought About You,Tim McGraw,26,21,Gains In Performance
2019-06-29,25,Every Little Thing,Russell Dickerson,27,29,Gains In Performance
2019-06-29,26,What If I Never Get Over You,Lady Antebellum,28,6,Gains In Performance
2019-06-29,27,Day Drunk,Morgan Evans,25,35,Gains In Performance
2019-06-29,28,Living,Dierks Bentley,30,17,Gains In Performance
2019-06-29,29,Prayed For You,Matt Stell,31,22,Gains In Performance
2019-06-29,30,Somebody's Daughter,Tenille Townes,29,19,
2019-06-29,31,Closer To You,Carly Pearce,32,31,Gains In Performance
2019-06-29,32,Good Vibes,Chris Janson,33,17,Gains In Performance
2019-06-29,33,Rednecker,HARDY,34,19,Gains In Performance
2019-06-29,34,I Don't Remember Me (Before You),Brothers Osborne,35,32,Gains In Performance
2019-06-29,35,Make Me Want To,Jimmie Allen,37,22,Gains In Performance
2019-06-29,36,Mr. Lonely,Midland,36,11,
2019-06-29,37,To A T,Ryan Hurd,39,18,Gains In Performance
2019-06-29,38,Nothing To Do Town,Dylan Scott,38,23,Gains In Performance
2019-06-29,39,Every Girl In This Town,Trisha Yearwood,40,3,Gains In Performance
2019-06-29,40,Someone I Used To Know,Zac Brown Band,41,17,Gains In Performance
2019-06-29,41,Catch,Brett Young,42,4,Gains In Performance
2019-06-29,42,Heartache Medication,Jon Pardi,44,4,Gains In Performance
2019-06-29,43,Slow Dance In A Parking Lot,Jordan Davis,47,9,Gains In Performance
2019-06-29,44,One Man Band,Old Dominion,55,2,Gains In Performance
2019-06-29,45,Ridin' Roads,Dustin Lynch,45,13,Gains In Performance
2019-06-29,46,My Miracle,Brad Paisley,43,13,
2019-06-29,47,Alcohol You Later,Mitchell Tenpenny,46,17,Gains In Performance
2019-06-29,48,Homemade,Jake Owen,50,3,Gains In Performance
2019-06-29,49,After A Few,Travis Denning,49,15,Gains In Performance
2019-06-29,50,Family Tree,Caylee Hammack,52,5,Gains In Performance
2019-06-29,51,One Big Country Song,LoCash,48,10,
2019-06-29,52,In Between,Scotty McCreery,51,11,Gains In Performance
2019-06-29,53,Slower,Filmore,53,9,Gains In Performance
2019-06-29,54,Better Off Gone,Logan Mize,57,14,Gains In Performance
2019-06-29,55,In Love By Now,Riley Green,54,6,
2019-06-29,56,World For Two,King Calaway,56,10,Gains In Performance
2019-06-29,57,Rival,LANco,59,8,Gains In Performance
2019-06-29,58,Kiss That Girl Goodbye,Aaron Watson,NEW,1,Gains In Performance
2019-06-29,59,Prove You Wrong,Sheryl Crow Featuring Stevie Nicks & Maren Morris,RE,2,Gains In Performance
2019-06-29,60,Love Me Anyway,P!nk Featuring Chris Stapleton,58,8,
2019-07-06,1,Rumor,Lee Brice,2,43,Gains In Performance
2019-07-06,2,God's Country,Blake Shelton,3,14,Greatest gainer this week|Gains In Performance
2019-07-06,3,Whiskey Glasses,Morgan Wallen,4,44,
2019-07-06,4,Some Of It,Eric Church,6,26,Gains In Performance
2019-07-06,5,Beer Never Broke My Heart,Luke Combs,7,8,Gains In Performance
2019-07-06,6,GIRL,Maren Morris,8,24,Gains In Performance
2019-07-06,7,Raised On Country,Chris Young,9,25,Gains In Performance
2019-07-06,8,All To Myself,Dan + Shay,12,20,Gains In Performance
2019-07-06,9,Rearview Town,Jason Aldean,10,18,Gains In Performance
2019-07-06,10,The Ones That Didn't Make It Back Home,Justin Moore,13,34,Gains In Performance
2019-07-06,11,Look What God Gave Her,Thomas Rhett,1,18,
2019-07-06,12,Knockin' Boots,Luke Bryan,14,14,Gains In Performance
2019-07-06,13,Talk You Out Of It,Florida Georgia Line,15,35,Gains In Performance
2019-07-06,14,What Happens In A Small Town,Brantley Gilbert + Lindsay Ell,17,29,Gains In Performance
2019-07-06,15,Buy My Own Drinks,Runaway June,18,37,Gains In Performance
2019-07-06,16,Southbound,Carrie Underwood,19,10,Gains In Performance
2019-07-06,17,Love You Too Late,Cole Swindell,20,31,Gains In Performance
2019-07-06,18,I Don't Know About You,Chris Lane,22,32,Gains In Performance
2019-07-06,19,We Were,Keith Urban,21,7,Gains In Performance
2019-07-06,20,Thought About You,Tim McGraw,24,22,Gains In Performance
2019-07-06,21,Living,Dierks Bentley,28,18,Gains In Performance
2019-07-06,22,Back To Life,Rascal Flatts,23,39,Gains In Performance
2019-07-06,23,Every Little Thing,Russell Dickerson,25,30,Gains In Performance
2019-07-06,24,What If I Never Get Over You,Lady Antebellum,26,7,Gains In Performance
2019-07-06,25,Day Drunk,Morgan Evans,27,36,Gains In Performance
2019-07-06,26,Dive Bar,Garth Brooks & Blake Shelton,16,2,Gains In Performance
2019-07-06,27,Prayed For You,Matt Stell,29,23,Gains In Performance
2019-07-06,28,Closer To You,Carly Pearce,31,32,Gains In Performance
2019-07-06,29,Good Vibes,Chris Janson,32,18,Gains In Performance
2019-07-06,30,Somebody's Daughter,Tenille Townes,30,20,
2019-07-06,31,Rednecker,HARDY,33,20,Gains In Performance
2019-07-06,32,I Don't Remember Me (Before You),Brothers Osborne,34,33,Gains In Performance
2019-07-06,33,Make Me Want To,Jimmie Allen,35,23,Gains In Performance
2019-07-06,34,Mr. Lonely,Midland,36,12,Gains In Performance
2019-07-06,35,Every Girl In This Town,Trisha Yearwood,39,4,Gains In Performance
2019-07-06,36,Heartache Medication,Jon Pardi,42,5,Gains In Performance
2019-07-06,37,To A T,Ryan Hurd,37,19,Gains In Performance
2019-07-06,38,Nothing To Do Town,Dylan Scott,38,24,Gains In Performance
2019-07-06,39,Someone I Used To Know,Zac Brown Band,40,18,Gains In Performance
2019-07-06,40,One Man Band,Old Dominion,44,3,Gains In Performance
2019-07-06,41,Catch,Brett Young,41,5,Gains In Performance
2019-07-06,42,Ridin' Roads,Dustin Lynch,45,14,Gains In Performance
2019-07-06,43,Slow Dance In A Parking Lot,Jordan Davis,43,10,Gains In Performance
2019-07-06,44,My Miracle,Brad Paisley,46,14,Gains In Performance
2019-07-06,45,Alcohol You Later,Mitchell Tenpenny,47,18,Gains In Performance
2019-07-06,46,Homemade,Jake Owen,48,4,Gains In Performance
2019-07-06,47,After A Few,Travis Denning,49,16,Gains In Performance
2019-07-06,48,In Between,Scotty McCreery,52,12,Gains In Performance
2019-07-06,49,One Big Country Song,LoCash,51,11,
2019-07-06,50,Family Tree,Caylee Hammack,50,6,
2019-07-06,51,Slower,Filmore,53,10,Gains In Performance
2019-07-06,52,Kiss That Girl Goodbye,Aaron Watson,58,2,Gains In Performance
2019-07-06,53,In Love By Now,Riley Green,55,7,Gains In Performance
2019-07-06,54,Chasin' Me,Caroline Jones,NEW,1,Highest ranking debut|Gains In Performance
2019-07-06,55,Prove You Wrong,Sheryl Crow Featuring Stevie Nicks & Maren Morris,59,3,Gains In Performance
2019-07-06,56,Short Skirt Weather,Kane Brown,NEW,1,Gains In Performance
2019-07-06,57,World For Two,King Calaway,56,11,
2019-07-06,58,Better Off Gone,Logan Mize,54,15,
2019-07-06,59,More Hearts Than Mine,Ingrid Andress,NEW,1,Gains In Performance
2019-07-06,60,Rival,LANco,57,9,
2019-07-13,1,God's Country,Blake Shelton,2,15,Gains In Performance
2019-07-13,2,Some Of It,Eric Church,4,27,Greatest gainer this week|Gains In Performance
2019-07-13,3,Rumor,Lee Brice,1,44,
2019-07-13,4,Whiskey Glasses,Morgan Wallen,3,45,Gains In Performance
2019-07-13,5,Beer Never Broke My Heart,Luke Combs,5,9,Gains In Performance
2019-07-13,6,GIRL,Maren Morris,6,25,Gains In Performance
2019-07-13,7,All To Myself,Dan + Shay,8,21,Gains In Performance
2019-07-13,8,Rearview Town,Jason Aldean,9,19,Gains In Performance
2019-07-13,9,Raised On Country,Chris Young,7,26,Gains In Performance
2019-07-13,10,The Ones That Didn't Make It Back Home,Justin Moore,10,35,Gains In Performance
2019-07-13,11,Knockin' Boots,Luke Bryan,12,15,Gains In Performance
2019-07-13,12,Talk You Out Of It,Florida Georgia Line,13,36,Gains In Performance
2019-07-13,13,What Happens In A Small Town,Brantley Gilbert + Lindsay Ell,14,30,Gains In Performance
2019-07-13,14,Southbound,Carrie Underwood,16,11,Gains In Performance
2019-07-13,15,Buy My Own Drinks,Runaway June,15,38,Gains In Performance
2019-07-13,16,I Don't Know About You,Chris Lane,18,33,Gains In Performance
2019-07-13,17,Love You Too Late,Cole Swindell,17,32,Gains In Performance
2019-07-13,18,We Were,Keith Urban,19,8,Gains In Performance
2019-07-13,19,Living,Dierks Bentley,21,19,Gains In Performance
2019-07-13,20,Thought About You,Tim McGraw,20,23,Gains In Performance
2019-07-13,21,Back To Life,Rascal Flatts,22,40,Gains In Performance
2019-07-13,22,Every Little Thing,Russell Dickerson,23,31,Gains In Performance
2019-07-13,23,Day Drunk,Morgan Evans,25,37,Gains In Performance
2019-07-13,24,Dive Bar,Garth Brooks & Blake Shelton,26,3,Gains In Performance
2019-07-13,25,What If I Never Get Over You,Lady Antebellum,24,8,Gains In Performance
2019-07-13,26,Prayed For You,Matt Stell,27,24,Gains In Performance
2019-07-13,27,Good Vibes,Chris Janson,29,19,Gains In Performance
2019-07-13,28,Somebody's Daughter,Tenille Townes,30,21,Gains In Performance
2019-07-13,29,Closer To You,Carly Pearce,28,33,Gains In Performance
2019-07-13,30,Rednecker,HARDY,31,21,Gains In Performance
2019-07-13,31,I Don't Remember Me (Before You),Brothers Osborne,32,34,Gains In Performance
2019-07-13,32,Make Me Want To,Jimmie Allen,33,24,Gains In Performance
2019-07-13,33,One Man Band,Old Dominion,40,4,Gains In Performance
2019-07-13,34,Every Girl In This Town,Trisha Yearwood,35,5,Gains In Performance
2019-07-13,35,Mr. Lonely,Midland,34,13,Gains In Performance
2019-07-13,36,Someone I Used To Know,Zac Brown Band,39,19,Gains In Performance
2019-07-13,37,To A T,Ryan Hurd,37,20,Gains In Performance
2019-07-13,38,Heartache Medication,Jon Pardi,36,6,Gains In Performance
2019-07-13,39,Slow Dance In A Parking Lot,Jordan Davis,43,11,Gains In Performance
2019-07-13,40,Nothing To Do Town,Dylan Scott,38,25,Gains In Performance
2019-07-13,41,Catch,Brett Young,41,6,Gains In Performance
2019-07-13,42,My Miracle,Brad Paisley,44,15,Gains In Performance
2019-07-13,43,Ridin' Roads,Dustin Lynch,42,15,Gains In Performance
2019-07-13,44,Alcohol You Later,Mitchell Tenpenny,45,19,Gains In Performance
2019-07-13,45,Homemade,Jake Owen,46,5,Gains In Performance
2019-07-13,46,After A Few,Travis Denning,47,17,Gains In Performance
2019-07-13,47,In Between,Scotty McCreery,48,13,Gains In Performance
2019-07-13,48,One Big Country Song,LoCash,49,12,Gains In Performance
2019-07-13,49,Slower,Filmore,51,11,Gains In Performance
2019-07-13,50,More Hearts Than Mine,Ingrid Andress,59,2,Gains In Performance
2019-07-13,51,Family Tree,Caylee Hammack,50,7,
2019-07-13,52,In Love By Now,Riley Green,53,8,Gains In Performance
2019-07-13,53,Prove You Wrong,Sheryl Crow Featuring Stevie Nicks & Maren Morris,55,4,Gains In Performance
2019-07-13,54,Better Off Gone,Logan Mize,58,16,Gains In Performance
2019-07-13,55,World For Two,King Calaway,57,12,Gains In Performance
2019-07-13,56,Kiss That Girl Goodbye,Aaron Watson,52,3,
2019-07-13,57,Her World Or Mine,Michael Ray,RE,3,Gains In Performance
2019-07-13,58,Short Skirt Weather,Kane Brown,56,2,
2019-07-13,59,Lonely If You Are,Chase Rice,NEW,1,Highest ranking debut|Gains In Performance
2019-07-13,60,Chasin' Me,Caroline Jones,54,2,
2019-07-20,1,God's Country,Blake Shelton,1,16,
2019-07-20,2,Some Of It,Eric Church,2,28,Gains In Performance
2019-07-20,3,Beer Never Broke My Heart,Luke Combs,5,10,Gains In Performance
2019-07-20,4,Whiskey Glasses,Morgan Wallen,4,46,
2019-07-20,5,Rumor,Lee Brice,3,45,
2019-07-20,6,GIRL,Maren Morris,6,26,Gains In Performance
2019-07-20,7,All To Myself,Dan + Shay,7,22,Gains In Performance
2019-07-20,8,Rearview Town,Jason Aldean,8,20,Gains In Performance
2019-07-20,9,The Ones That Didn't Make It Back Home,Justin Moore,10,36,Gains In Performance
2019-07-20,10,Raised On Country,Chris Young,9,27,Gains In Performance
2019-07-20,11,Knockin' Boots,Luke Bryan,11,16,Gains In Performance
2019-07-20,12,Talk You Out Of It,Florida Georgia Line,12,37,Gains In Performance
2019-07-20,13,Southbound,Carrie Underwood,14,12,Gains In Performance
2019-07-20,14,What Happens In A Small Town,Brantley Gilbert + Lindsay Ell,13,31,Gains In Performance
2019-07-20,15,Buy My Own Drinks,Runaway June,15,39,Gains In Performance
2019-07-20,16,I Don't Know About You,Chris Lane,16,34,Gains In Performance
2019-07-20,17,Love You Too Late,Cole Swindell,17,33,Gains In Performance
2019-07-20,18,We Were,Keith Urban,18,9,Gains In Performance
2019-07-20,19,Living,Dierks Bentley,19,20,Gains In Performance
2019-07-20,20,Tip Of My Tongue,Kenny Chesney,NEW,1,Greatest gainer this week|Gains In Performance
2019-07-20,21,Day Drunk,Morgan Evans,23,38,Gains In Performance
2019-07-20,22,Every Little Thing,Russell Dickerson,22,32,Gains In Performance
2019-07-20,23,Back To Life,Rascal Flatts,21,41,Gains In Performance
2019-07-20,24,Thought About You,Tim McGraw,20,24,Gains In Performance
2019-07-20,25,Dive Bar,Garth Brooks & Blake Shelton,24,4,Gains In Performance
2019-07-20,26,Prayed For You,Matt Stell,26,25,Gains In Performance
2019-07-20,27,What If I Never Get Over You,Lady Antebellum,25,9,Gains In Performance
2019-07-20,28,Good Vibes,Chris Janson,27,20,Gains In Performance
2019-07-20,29,Closer To You,Carly Pearce,29,34,
2019-07-20,30,Make Me Want To,Jimmie Allen,32,25,Gains In Performance
2019-07-20,31,Rednecker,HARDY,30,22,
2019-07-20,32,One Man Band,Old Dominion,33,5,Gains In Performance
2019-07-20,33,To A T,Ryan Hurd,37,21,Gains In Performance
2019-07-20,34,Mr. Lonely,Midland,35,14,
2019-07-20,35,Every Girl In This Town,Trisha Yearwood,34,6,
2019-07-20,36,Heartache Medication,Jon Pardi,38,7,Gains In Performance
2019-07-20,37,Slow Dance In A Parking Lot,Jordan Davis,39,12,Gains In Performance
2019-07-20,38,Nothing To Do Town,Dylan Scott,40,26,
2019-07-20,39,Someone I Used To Know,Zac Brown Band,36,20,
2019-07-20,40,Ridin' Roads,Dustin Lynch,43,16,Gains In Performance
2019-07-20,41,Catch,Brett Young,41,7,Gains In Performance
2019-07-20,42,My Miracle,Brad Paisley,42,16,Gains In Performance
2019-07-20,43,Alcohol You Later,Mitchell Tenpenny,44,20,Gains In Performance
2019-07-20,44,After A Few,Travis Denning,46,18,Gains In Performance
2019-07-20,45,Homemade,Jake Owen,45,6,Gains In Performance
2019-07-20,46,In Between,Scotty McCreery,47,14,Gains In Performance
2019-07-20,47,One Big Country Song,LoCash,48,13,Gains In Performance
2019-07-20,48,Remember You Young,Thomas Rhett,RE,2,Gains In Performance
2019-07-20,49,More Hearts Than Mine,Ingrid Andress,50,3,Gains In Performance
2019-07-20,50,Family Tree,Caylee Hammack,51,8,Gains In Performance
2019-07-20,51,Slower,Filmore,49,12,
2019-07-20,52,Prove You Wrong,Sheryl Crow Featuring Stevie Nicks & Maren Morris,53,5,Gains In Performance
2019-07-20,53,In Love By Now,Riley Green,52,9,Gains In Performance
2019-07-20,54,Short Skirt Weather,Kane Brown,58,3,Gains In Performance
2019-07-20,55,Better Off Gone,Logan Mize,54,17,Gains In Performance
2019-07-20,56,The Git Up,Blanco Brown,NEW,1,Gains In Performance
2019-07-20,57,World For Two,King Calaway,55,13,
2019-07-20,58,Lonely If You Are,Chase Rice,59,2,Gains In Performance
2019-07-20,59,Her World Or Mine,Michael Ray,57,4,Gains In Performance
2019-07-20,60,Kiss That Girl Goodbye,Aaron Watson,56,4,
2019-07-27,1,Some Of It,Eric Church,2,29,Gains In Performance
2019-07-27,2,Beer Never Broke My Heart,Luke Combs,3,11,Gains In Performance
2019-07-27,3,God's Country,Blake Shelton,1,17,
2019-07-27,4,GIRL,Maren Morris,6,27,Gains In Performance
2019-07-27,5,Rearview Town,Jason Aldean,8,21,Gains In Performance
2019-07-27,6,All To Myself,Dan + Shay,7,23,Gains In Performance
2019-07-27,7,The Ones That Didn't Make It Back Home,Justin Moore,9,37,Gains In Performance
2019-07-27,8,Whiskey Glasses,Morgan Wallen,4,47,
2019-07-27,9,Raised On Country,Chris Young,10,28,Gains In Performance
2019-07-27,10,Knockin' Boots,Luke Bryan,11,17,Gains In Performance
2019-07-27,11,Talk You Out Of It,Florida Georgia Line,12,38,Gains In Performance
2019-07-27,12,Southbound,Carrie Underwood,13,13,Gains In Performance
2019-07-27,13,Buy My Own Drinks,Runaway June,15,40,Gains In Performance
2019-07-27,14,What Happens In A Small Town,Brantley Gilbert + Lindsay Ell,14,32,Gains In Performance
2019-07-27,15,Love You Too Late,Cole Swindell,17,34,Gains In Performance
2019-07-27,16,I Don't Know About You,Chris Lane,16,35,Gains In Performance
2019-07-27,17,Living,Dierks Bentley,19,21,Gains In Performance
2019-07-27,18,We Were,Keith Urban,18,10,Gains In Performance
2019-07-27,19,It All Comes Out In The Wash,Miranda Lambert,NEW,1,Highest ranking debut|Gains In Performance
2019-07-27,20,Back To Life,Rascal Flatts,23,42,Gains In Performance
2019-07-27,21,Day Drunk,Morgan Evans,21,39,Gains In Performance
2019-07-27,22,Every Little Thing,Russell Dickerson,22,33,Gains In Performance
2019-07-27,23,Prayed For You,Matt Stell,26,26,Gains In Performance
2019-07-27,24,Tip Of My Tongue,Kenny Chesney,20,2,
2019-07-27,25,Thought About You,Tim McGraw,24,25,Gains In Performance
2019-07-27,26,What If I Never Get Over You,Lady Antebellum,27,10,Gains In Performance
2019-07-27,27,Good Vibes,Chris Janson,28,21,Gains In Performance
2019-07-27,28,Dive Bar,Garth Brooks & Blake Shelton,25,5,Gains In Performance
2019-07-27,29,Closer To You,Carly Pearce,29,35,Gains In Performance
2019-07-27,30,Rednecker,HARDY,31,23,Gains In Performance
2019-07-27,31,Make Me Want To,Jimmie Allen,30,26,Gains In Performance
2019-07-27,32,Remember You Young,Thomas Rhett,48,3,Gains In Performance
2019-07-27,33,One Man Band,Old Dominion,32,6,Gains In Performance
2019-07-27,34,To A T,Ryan Hurd,33,22,
2019-07-27,35,Mr. Lonely,Midland,34,15,Gains In Performance
2019-07-27,36,Every Girl In This Town,Trisha Yearwood,35,7,Gains In Performance
2019-07-27,37,Heartache Medication,Jon Pardi,36,8,Gains In Performance
2019-07-27,38,Slow Dance In A Parking Lot,Jordan Davis,37,13,Gains In Performance
2019-07-27,39,Nothing To Do Town,Dylan Scott,38,27,Gains In Performance
2019-07-27,40,Someone I Used To Know,Zac Brown Band,39,21,Gains In Performance
2019-07-27,41,Ridin' Roads,Dustin Lynch,40,17,Gains In Performance
2019-07-27,42,Catch,Brett Young,41,8,
2019-07-27,43,After A Few,Travis Denning,44,19,Gains In Performance
2019-07-27,44,Alcohol You Later,Mitchell Tenpenny,43,21,
2019-07-27,45,Homemade,Jake Owen,45,7,
2019-07-27,46,One Big Country Song,LoCash,47,14,Gains In Performance
2019-07-27,47,My Miracle,Brad Paisley,42,17,
2019-07-27,48,In Between,Scotty McCreery,46,15,
2019-07-27,49,The Git Up,Blanco Brown,56,2,Gains In Performance
2019-07-27,50,Short Skirt Weather,Kane Brown,54,4,Gains In Performance
2019-07-27,51,More Hearts Than Mine,Ingrid Andress,49,4,
2019-07-27,52,Prove You Wrong,Sheryl Crow Featuring Stevie Nicks & Maren Morris,52,6,
2019-07-27,53,Slower,Filmore,51,13,
2019-07-27,54,What Could've Been,Gone West,NEW,1,Gains In Performance
2019-07-27,55,In Love By Now,Riley Green,53,10,
2019-07-27,56,Family Tree,Caylee Hammack,50,9,
2019-07-27,57,World For Two,King Calaway,57,14,Gains In Performance
2019-07-27,58,Lonely If You Are,Chase Rice,58,3,
2019-07-27,59,Her World Or Mine,Michael Ray,59,5,Gains In Performance
2019-07-27,60,Chasin' Me,Caroline Jones,RE,3,
2019-08-03,1,GIRL,Maren Morris,4,28,Greatest gainer this week|Gains In Performance
2019-08-03,2,Beer Never Broke My Heart,Luke Combs,2,12,Gains In Performance
2019-08-03,3,All To Myself,Dan + Shay,6,24,Gains In Performance
2019-08-03,4,Rearview Town,Jason Aldean,5,22,Gains In Performance
2019-08-03,5,The Ones That Didn't Make It Back Home,Justin Moore,7,38,Gains In Performance
2019-08-03,6,Some Of It,Eric Church,1,30,
2019-08-03,7,God's Country,Blake Shelton,3,18,
2019-08-03,8,Raised On Country,Chris Young,9,29,Gains In Performance
2019-08-03,9,Knockin' Boots,Luke Bryan,10,18,Gains In Performance
2019-08-03,10,Whiskey Glasses,Morgan Wallen,8,48,
2019-08-03,11,Talk You Out Of It,Florida Georgia Line,11,39,Gains In Performance
2019-08-03,12,Southbound,Carrie Underwood,12,14,Gains In Performance
2019-08-03,13,Buy My Own Drinks,Runaway June,13,41,Gains In Performance
2019-08-03,14,What Happens In A Small Town,Brantley Gilbert + Lindsay Ell,14,33,Gains In Performance
2019-08-03,15,Living,Dierks Bentley,17,22,Gains In Performance
2019-08-03,16,Love You Too Late,Cole Swindell,15,35,Gains In Performance
2019-08-03,17,I Don't Know About You,Chris Lane,16,36,Gains In Performance
2019-08-03,18,We Were,Keith Urban,18,11,Gains In Performance
2019-08-03,19,Back To Life,Rascal Flatts,20,43,Gains In Performance
2019-08-03,20,Prayed For You,Matt Stell,23,27,Gains In Performance
2019-08-03,21,Tip Of My Tongue,Kenny Chesney,24,3,Gains In Performance
2019-08-03,22,Every Little Thing,Russell Dickerson,22,34,Gains In Performance
2019-08-03,23,Day Drunk,Morgan Evans,21,40,Gains In Performance
2019-08-03,24,Good Vibes,Chris Janson,27,22,Gains In Performance
2019-08-03,25,Thought About You,Tim McGraw,25,26,Gains In Performance
2019-08-03,26,What If I Never Get Over You,Lady Antebellum,26,11,Gains In Performance
2019-08-03,27,Dive Bar,Garth Brooks & Blake Shelton,28,6,Gains In Performance
2019-08-03,28,It All Comes Out In The Wash,Miranda Lambert,19,2,
2019-08-03,29,Rednecker,HARDY,30,24,Gains In Performance
2019-08-03,30,Remember You Young,Thomas Rhett,32,4,Gains In Performance
2019-08-03,31,One Man Band,Old Dominion,33,7,Gains In Performance
2019-08-03,32,Make Me Want To,Jimmie Allen,31,27,
2019-08-03,33,Mr. Lonely,Midland,35,16,Gains In Performance
2019-08-03,34,Heartache Medication,Jon Pardi,37,9,Gains In Performance
2019-08-03,35,To A T,Ryan Hurd,34,23,Gains In Performance
2019-08-03,36,Slow Dance In A Parking Lot,Jordan Davis,38,14,Gains In Performance
2019-08-03,37,Nothing To Do Town,Dylan Scott,39,28,Gains In Performance
2019-08-03,38,Ridin' Roads,Dustin Lynch,41,18,Gains In Performance
2019-08-03,39,Every Girl In This Town,Trisha Yearwood,36,8,
2019-08-03,40,Someone I Used To Know,Zac Brown Band,40,22,Gains In Performance
2019-08-03,41,Catch,Brett Young,42,9,Gains In Performance
2019-08-03,42,After A Few,Travis Denning,43,20,Gains In Performance
2019-08-03,43,Alcohol You Later,Mitchell Tenpenny,44,22,Gains In Performance
2019-08-03,44,One Big Country Song,LoCash,46,15,Gains In Performance
2019-08-03,45,Homemade,Jake Owen,45,8,Gains In Performance
2019-08-03,46,In Between,Scotty McCreery,48,16,Gains In Performance
2019-08-03,47,My Miracle,Brad Paisley,47,18,
2019-08-03,48,What Could've Been,Gone West,54,2,Gains In Performance
2019-08-03,49,More Hearts Than Mine,Ingrid Andress,51,5,Gains In Performance
2019-08-03,50,The Git Up,Blanco Brown,49,3,
2019-08-03,51,Slower,Filmore,53,14,Gains In Performance
2019-08-03,52,Short Skirt Weather,Kane Brown,50,5,
2019-08-03,53,Prove You Wrong,Sheryl Crow Featuring Stevie Nicks & Maren Morris,52,7,Gains In Performance
2019-08-03,54,In Love By Now,Riley Green,55,11,Gains In Performance
2019-08-03,55,World For Two,King Calaway,57,15,Gains In Performance
2019-08-03,56,Family Tree,Caylee Hammack,56,10,Gains In Performance
2019-08-03,57,Her World Or Mine,Michael Ray,59,6,Gains In Performance
2019-08-03,58,Chasin' Me,Caroline Jones,60,4,Gains In Performance
2019-08-03,59,Lonely If You Are,Chase Rice,58,4,Gains In Performance
2019-08-03,60,Die From A Broken Heart,Maddie & Tae,NEW,1,Highest ranking debut|Gains In Performance
2019-08-10,1,Beer Never Broke My Heart,Luke Combs,2,13,Greatest gainer this week|Gains In Performance
2019-08-10,2,Rearview Town,Jason Aldean,4,23,Gains In Performance
2019-08-10,3,All To Myself,Dan + Shay,3,25,Gains In Performance
2019-08-10,4,The Ones That Didn't Make It Back Home,Justin Moore,5,39,Gains In Performance
2019-08-10,5,Knockin' Boots,Luke Bryan,9,19,Gains In Performance
2019-08-10,6,Raised On Country,Chris Young,8,30,Gains In Performance
2019-08-10,7,God's Country,Blake Shelton,7,19,
2019-08-10,8,Whiskey Glasses,Morgan Wallen,10,49,
2019-08-10,9,Some Of It,Eric Church,6,31,
2019-08-10,10,Southbound,Carrie Underwood,12,15,Gains In Performance
2019-08-10,11,Talk You Out Of It,Florida Georgia Line,11,40,Gains In Performance
2019-08-10,12,Living,Dierks Bentley,15,23,Gains In Performance
2019-08-10,13,GIRL,Maren Morris,1,29,
2019-08-10,14,I Don't Know About You,Chris Lane,17,37,Gains In Performance
2019-08-10,15,Buy My Own Drinks,Runaway June,13,42,Gains In Performance
2019-08-10,16,Love You Too Late,Cole Swindell,16,36,Gains In Performance
2019-08-10,17,What Happens In A Small Town,Brantley Gilbert + Lindsay Ell,14,34,Gains In Performance
2019-08-10,18,We Were,Keith Urban,18,12,Gains In Performance
2019-08-10,19,Tip Of My Tongue,Kenny Chesney,21,4,Gains In Performance
2019-08-10,20,Prayed For You,Matt Stell,20,28,Gains In Performance
2019-08-10,21,Back To Life,Rascal Flatts,19,44,Gains In Performance
2019-08-10,22,Every Little Thing,Russell Dickerson,22,35,Gains In Performance
2019-08-10,23,Good Vibes,Chris Janson,24,23,Gains In Performance
2019-08-10,24,What If I Never Get Over You,Lady Antebellum,26,12,Gains In Performance
2019-08-10,25,Day Drunk,Morgan Evans,23,41,Gains In Performance
2019-08-10,26,Thought About You,Tim McGraw,25,27,Gains In Performance
2019-08-10,27,Dive Bar,Garth Brooks & Blake Shelton,27,7,Gains In Performance
2019-08-10,28,It All Comes Out In The Wash,Miranda Lambert,28,3,Gains In Performance
2019-08-10,29,Remember You Young,Thomas Rhett,30,5,Gains In Performance
2019-08-10,30,Rednecker,HARDY,29,25,Gains In Performance
2019-08-10,31,Make Me Want To,Jimmie Allen,32,28,Gains In Performance
2019-08-10,32,One Man Band,Old Dominion,31,8,Gains In Performance
2019-08-10,33,Mr. Lonely,Midland,33,17,Gains In Performance
2019-08-10,34,Heartache Medication,Jon Pardi,34,10,Gains In Performance
2019-08-10,35,To A T,Ryan Hurd,35,24,Gains In Performance
2019-08-10,36,I Don't Remember Me (Before You),Brothers Osborne,RE,35,Gains In Performance
2019-08-10,37,Ridin' Roads,Dustin Lynch,38,19,Gains In Performance
2019-08-10,38,Slow Dance In A Parking Lot,Jordan Davis,36,15,Gains In Performance
2019-08-10,39,Every Girl In This Town,Trisha Yearwood,39,9,Gains In Performance
2019-08-10,40,Nothing To Do Town,Dylan Scott,37,29,Gains In Performance
2019-08-10,41,Someone I Used To Know,Zac Brown Band,40,23,Gains In Performance
2019-08-10,42,Catch,Brett Young,41,10,Gains In Performance
2019-08-10,43,Alcohol You Later,Mitchell Tenpenny,43,23,Gains In Performance
2019-08-10,44,After A Few,Travis Denning,42,21,Gains In Performance
2019-08-10,45,Homemade,Jake Owen,45,9,Gains In Performance
2019-08-10,46,One Big Country Song,LoCash,44,16,Gains In Performance
2019-08-10,47,In Between,Scotty McCreery,46,17,Gains In Performance
2019-08-10,48,Prove You Wrong,Sheryl Crow Featuring Stevie Nicks & Maren Morris,53,8,Gains In Performance
2019-08-10,49,The Git Up,Blanco Brown,50,4,Gains In Performance
2019-08-10,50,What Could've Been,Gone West,48,3,Gains In Performance
2019-08-10,51,Slower,Filmore,51,15,Gains In Performance
2019-08-10,52,More Hearts Than Mine,Ingrid Andress,49,6,Gains In Performance
2019-08-10,53,In Love By Now,Riley Green,54,12,Gains In Performance
2019-08-10,54,Short Skirt Weather,Kane Brown,52,6,Gains In Performance
2019-08-10,55,Lonely If You Are,Chase Rice,59,5,Gains In Performance
2019-08-10,56,Her World Or Mine,Michael Ray,57,7,Gains In Performance
2019-08-10,57,World For Two,King Calaway,55,16,Gains In Performance
2019-08-10,58,Family Tree,Caylee Hammack,56,11,Gains In Performance
2019-08-10,59,Die From A Broken Heart,Maddie & Tae,60,2,Gains In Performance
2019-08-10,60,Chasin' You,Morgan Wallen,NEW,1,Highest ranking debut|Gains In Performance
2019-08-17,1,Beer Never Broke My Heart,Luke Combs,1,14,Gains In Performance
2019-08-17,2,All To Myself,Dan + Shay,3,26,Gains In Performance
2019-08-17,3,Rearview Town,Jason Aldean,2,24,Gains In Performance
2019-08-17,4,The Ones That Didn't Make It Back Home,Justin Moore,4,40,Gains In Performance
2019-08-17,5,Raised On Country,Chris Young,6,31,Greatest gainer this week|Gains In Performance
2019-08-17,6,Knockin' Boots,Luke Bryan,5,20,Gains In Performance
2019-08-17,7,Whiskey Glasses,Morgan Wallen,8,50,
2019-08-17,8,God's Country,Blake Shelton,7,20,
2019-08-17,9,Southbound,Carrie Underwood,10,16,Gains In Performance
2019-08-17,10,Living,Dierks Bentley,12,24,Gains In Performance
2019-08-17,11,Talk You Out Of It,Florida Georgia Line,11,41,Gains In Performance
2019-08-17,12,What Happens In A Small Town,Brantley Gilbert + Lindsay Ell,17,35,Gains In Performance
2019-08-17,13,Buy My Own Drinks,Runaway June,15,43,Gains In Performance
2019-08-17,14,I Don't Know About You,Chris Lane,14,38,Gains In Performance
2019-08-17,15,Love You Too Late,Cole Swindell,16,37,Gains In Performance
2019-08-17,16,We Were,Keith Urban,18,13,Gains In Performance
2019-08-17,17,Prayed For You,Matt Stell,20,29,Gains In Performance
2019-08-17,18,Tip Of My Tongue,Kenny Chesney,19,5,Gains In Performance
2019-08-17,19,Good Vibes,Chris Janson,23,24,Gains In Performance
2019-08-17,20,Every Little Thing,Russell Dickerson,22,36,Gains In Performance
2019-08-17,21,Back To Life,Rascal Flatts,21,45,Gains In Performance
2019-08-17,22,Day Drunk,Morgan Evans,25,42,Gains In Performance
2019-08-17,23,What If I Never Get Over You,Lady Antebellum,24,13,Gains In Performance
2019-08-17,24,Dive Bar,Garth Brooks & Blake Shelton,27,8,Gains In Performance
2019-08-17,25,Thought About You,Tim McGraw,26,28,Gains In Performance
2019-08-17,26,It All Comes Out In The Wash,Miranda Lambert,28,4,Gains In Performance
2019-08-17,27,Remember You Young,Thomas Rhett,29,6,Gains In Performance
2019-08-17,28,Rednecker,HARDY,30,26,Gains In Performance
2019-08-17,29,Make Me Want To,Jimmie Allen,31,29,Gains In Performance
2019-08-17,30,One Man Band,Old Dominion,32,9,Gains In Performance
2019-08-17,31,Mr. Lonely,Midland,33,18,Gains In Performance
2019-08-17,32,Ridin' Roads,Dustin Lynch,37,20,Gains In Performance
2019-08-17,33,Heartache Medication,Jon Pardi,34,11,Gains In Performance
2019-08-17,34,To A T,Ryan Hurd,35,25,Gains In Performance
2019-08-17,35,Slow Dance In A Parking Lot,Jordan Davis,38,16,Gains In Performance
2019-08-17,36,Every Girl In This Town,Trisha Yearwood,39,10,Gains In Performance
2019-08-17,37,Someone I Used To Know,Zac Brown Band,41,24,Gains In Performance
2019-08-17,38,I Don't Remember Me (Before You),Brothers Osborne,36,36,
2019-08-17,39,Nothing To Do Town,Dylan Scott,40,30,Gains In Performance
2019-08-17,40,One Big Country Song,LoCash,46,17,Gains In Performance
2019-08-17,41,After A Few,Travis Denning,44,22,Gains In Performance
2019-08-17,42,Catch,Brett Young,42,11,Gains In Performance
2019-08-17,43,Homemade,Jake Owen,45,10,
2019-08-17,44,In Between,Scotty McCreery,47,18,Gains In Performance
2019-08-17,45,Homesick,Kane Brown,NEW,1,Highest ranking debut|Gains In Performance
2019-08-17,46,The Git Up,Blanco Brown,49,5,
2019-08-17,47,Prove You Wrong,Sheryl Crow Featuring Stevie Nicks & Maren Morris,48,9,
2019-08-17,48,What Could've Been,Gone West,50,4,
2019-08-17,49,More Hearts Than Mine,Ingrid Andress,52,7,Gains In Performance
2019-08-17,50,Slower,Filmore,51,16,
2019-08-17,51,Her World Or Mine,Michael Ray,56,8,Gains In Performance
2019-08-17,52,Details,Billy Currington,NEW,1,Gains In Performance
2019-08-17,53,Short Skirt Weather,Kane Brown,54,7,
2019-08-17,54,Lonely If You Are,Chase Rice,55,6,
2019-08-17,55,I Wish Grandpas Never Died,Riley Green,NEW,1,Gains In Performance
2019-08-17,56,World For Two,King Calaway,57,17,Gains In Performance
2019-08-17,57,Family Tree,Caylee Hammack,58,12,
2019-08-17,58,Even Though I'm Leaving,Luke Combs,NEW,1,Gains In Performance
2019-08-17,59,Chasin' You,Morgan Wallen,60,2,Gains In Performance
2019-08-17,60,In Love By Now,Riley Green,53,13,
2019-08-24,1,All To Myself,Dan + Shay,2,27,Gains In Performance
2019-08-24,2,Beer Never Broke My Heart,Luke Combs,1,15,
2019-08-24,3,Rearview Town,Jason Aldean,3,25,Gains In Performance
2019-08-24,4,The Ones That Didn't Make It Back Home,Justin Moore,4,41,Gains In Performance
2019-08-24,5,Raised On Country,Chris Young,5,32,Gains In Performance
2019-08-24,6,Knockin' Boots,Luke Bryan,6,21,Gains In Performance
2019-08-24,7,Whiskey Glasses,Morgan Wallen,7,51,
2019-08-24,8,Southbound,Carrie Underwood,9,17,Gains In Performance
2019-08-24,9,Living,Dierks Bentley,10,25,Gains In Performance
2019-08-24,10,I Don't Know About You,Chris Lane,14,39,Gains In Performance
2019-08-24,11,Talk You Out Of It,Florida Georgia Line,11,42,Gains In Performance
2019-08-24,12,What Happens In A Small Town,Brantley Gilbert + Lindsay Ell,12,36,Gains In Performance
2019-08-24,13,Love You Too Late,Cole Swindell,15,38,Gains In Performance
2019-08-24,14,Buy My Own Drinks,Runaway June,13,44,Gains In Performance
2019-08-24,15,We Were,Keith Urban,16,14,Gains In Performance
2019-08-24,16,Prayed For You,Matt Stell,17,30,Gains In Performance
2019-08-24,17,Good Vibes,Chris Janson,19,25,Gains In Performance
2019-08-24,18,Tip Of My Tongue,Kenny Chesney,18,6,Gains In Performance
2019-08-24,19,Every Little Thing,Russell Dickerson,20,37,Gains In Performance
2019-08-24,20,Back To Life,Rascal Flatts,21,46,Gains In Performance
2019-08-24,21,What If I Never Get Over You,Lady Antebellum,23,14,Gains In Performance
2019-08-24,22,It All Comes Out In The Wash,Miranda Lambert,26,5,Gains In Performance
2019-08-24,23,Dive Bar,Garth Brooks & Blake Shelton,24,9,Gains In Performance
2019-08-24,24,Thought About You,Tim McGraw,25,29,Gains In Performance
2019-08-24,25,Remember You Young,Thomas Rhett,27,7,Gains In Performance
2019-08-24,26,Hell Right,Blake Shelton Featuring Trace Adkins,NEW,1,Highest ranking debut|Gains In Performance
2019-08-24,27,Rednecker,HARDY,28,27,Gains In Performance
2019-08-24,28,One Man Band,Old Dominion,30,10,Gains In Performance
2019-08-24,29,Make Me Want To,Jimmie Allen,29,30,Gains In Performance
2019-08-24,30,Mr. Lonely,Midland,31,19,Gains In Performance
2019-08-24,31,Ridin' Roads,Dustin Lynch,32,21,Gains In Performance
2019-08-24,32,Heartache Medication,Jon Pardi,33,12,Gains In Performance
2019-08-24,33,To A T,Ryan Hurd,34,26,
2019-08-24,34,Slow Dance In A Parking Lot,Jordan Davis,35,17,Gains In Performance
2019-08-24,35,Every Girl In This Town,Trisha Yearwood,36,11,Gains In Performance
2019-08-24,36,Someone I Used To Know,Zac Brown Band,37,25,Gains In Performance
2019-08-24,37,Nothing To Do Town,Dylan Scott,39,31,Gains In Performance
2019-08-24,38,Catch,Brett Young,42,12,Gains In Performance
2019-08-24,39,After A Few,Travis Denning,41,23,Gains In Performance
2019-08-24,40,Homesick,Kane Brown,45,2,Gains In Performance
2019-08-24,41,One Big Country Song,LoCash,40,18,Gains In Performance
2019-08-24,42,Homemade,Jake Owen,43,11,Gains In Performance
2019-08-24,43,In Between,Scotty McCreery,44,19,Gains In Performance
2019-08-24,44,The Git Up,Blanco Brown,46,6,Gains In Performance
2019-08-24,45,Prove You Wrong,Sheryl Crow Featuring Stevie Nicks & Maren Morris,47,10,Gains In Performance
2019-08-24,46,More Hearts Than Mine,Ingrid Andress,49,8,Gains In Performance
2019-08-24,47,I Wish Grandpas Never Died,Riley Green,55,2,Gains In Performance
2019-08-24,48,What Could've Been,Gone West,48,5,Gains In Performance
2019-08-24,49,Slower,Filmore,50,17,Gains In Performance
2019-08-24,50,Lonely If You Are,Chase Rice,54,7,Gains In Performance
2019-08-24,51,Details,Billy Currington,52,2,Gains In Performance
2019-08-24,52,Her World Or Mine,Michael Ray,51,9,Gains In Performance
2019-08-24,53,World For Two,King Calaway,56,18,Gains In Performance
2019-08-24,54,Family Tree,Caylee Hammack,57,13,Gains In Performance
2019-08-24,55,Chasin' You,Morgan Wallen,59,3,Gains In Performance
2019-08-24,56,Heartbreak,Hunter Hayes,RE,5,Gains In Performance
2019-08-24,57,Chasin' Me,Caroline Jones,RE,5,Gains In Performance
2019-08-24,58,Even Though I'm Leaving,Luke Combs,58,2,
2019-08-24,59,Short Skirt Weather,Kane Brown,53,8,
2019-08-24,60,Die From A Broken Heart,Maddie & Tae,RE,3,Gains In Performance
2019-08-31,1,Rearview Town,Jason Aldean,3,26,Gains In Performance
2019-08-31,2,Beer Never Broke My Heart,Luke Combs,2,16,
2019-08-31,3,The Ones That Didn't Make It Back Home,Justin Moore,4,42,Gains In Performance
2019-08-31,4,Knockin' Boots,Luke Bryan,6,22,Gains In Performance
2019-08-31,5,All To Myself,Dan + Shay,1,28,
2019-08-31,6,Living,Dierks Bentley,9,26,Greatest gainer this week|Gains In Performance
2019-08-31,7,Whiskey Glasses,Morgan Wallen,7,52,Gains In Performance
2019-08-31,8,Raised On Country,Chris Young,5,33,
2019-08-31,9,Southbound,Carrie Underwood,8,18,Gains In Performance
2019-08-31,10,I Don't Know About You,Chris Lane,10,40,Gains In Performance
2019-08-31,11,Love You Too Late,Cole Swindell,13,39,Gains In Performance
2019-08-31,12,Buy My Own Drinks,Runaway June,14,45,Gains In Performance
2019-08-31,13,What Happens In A Small Town,Brantley Gilbert + Lindsay Ell,12,37,Gains In Performance
2019-08-31,14,Prayed For You,Matt Stell,16,31,Gains In Performance
2019-08-31,15,We Were,Keith Urban,15,15,Gains In Performance
2019-08-31,16,Good Vibes,Chris Janson,17,26,Gains In Performance
2019-08-31,17,Every Little Thing,Russell Dickerson,19,38,Gains In Performance
2019-08-31,18,Tip Of My Tongue,Kenny Chesney,18,7,Gains In Performance
2019-08-31,19,What If I Never Get Over You,Lady Antebellum,21,15,Gains In Performance
2019-08-31,20,Back To Life,Rascal Flatts,20,47,Gains In Performance
2019-08-31,21,It All Comes Out In The Wash,Miranda Lambert,22,6,Gains In Performance
2019-08-31,22,Dive Bar,Garth Brooks & Blake Shelton,23,10,Gains In Performance
2019-08-31,23,Remember You Young,Thomas Rhett,25,8,Gains In Performance
2019-08-31,24,Thought About You,Tim McGraw,24,30,Gains In Performance
2019-08-31,25,One Man Band,Old Dominion,28,11,Gains In Performance
2019-08-31,26,Rednecker,HARDY,27,28,Gains In Performance
2019-08-31,27,Heartache Medication,Jon Pardi,32,13,Gains In Performance
2019-08-31,28,Make Me Want To,Jimmie Allen,29,31,Gains In Performance
2019-08-31,29,Mr. Lonely,Midland,30,20,Gains In Performance
2019-08-31,30,Ridin' Roads,Dustin Lynch,31,22,Gains In Performance
2019-08-31,31,Hell Right,Blake Shelton Featuring Trace Adkins,26,2,
2019-08-31,32,To A T,Ryan Hurd,33,27,Gains In Performance
2019-08-31,33,Slow Dance In A Parking Lot,Jordan Davis,34,18,Gains In Performance
2019-08-31,34,Someone I Used To Know,Zac Brown Band,36,26,Gains In Performance
2019-08-31,35,Every Girl In This Town,Trisha Yearwood,35,12,
2019-08-31,36,Homesick,Kane Brown,40,3,Gains In Performance
2019-08-31,37,Nothing To Do Town,Dylan Scott,37,32,
2019-08-31,38,Catch,Brett Young,38,13,Gains In Performance
2019-08-31,39,After A Few,Travis Denning,39,24,Gains In Performance
2019-08-31,40,I Wish Grandpas Never Died,Riley Green,47,3,Gains In Performance
2019-08-31,41,Homemade,Jake Owen,42,12,Gains In Performance
2019-08-31,42,One Big Country Song,LoCash,41,19,Gains In Performance
2019-08-31,43,In Between,Scotty McCreery,43,20,Gains In Performance
2019-08-31,44,What Could've Been,Gone West,48,6,Gains In Performance
2019-08-31,45,The Git Up,Blanco Brown,44,7,
2019-08-31,46,More Hearts Than Mine,Ingrid Andress,46,9,Gains In Performance
2019-08-31,47,Prove You Wrong,Sheryl Crow Featuring Stevie Nicks & Maren Morris,45,11,
2019-08-31,48,Her World Or Mine,Michael Ray,52,10,Gains In Performance
2019-08-31,49,Family Tree,Caylee Hammack,54,14,Gains In Performance
2019-08-31,50,Details,Billy Currington,51,3,Gains In Performance
2019-08-31,51,Slower,Filmore,49,18,Gains In Performance
2019-08-31,52,Lonely If You Are,Chase Rice,50,8,Gains In Performance
2019-08-31,53,Chasin' You,Morgan Wallen,55,4,Gains In Performance
2019-08-31,54,World For Two,King Calaway,53,19,Gains In Performance
2019-08-31,55,Even Though I'm Leaving,Luke Combs,58,3,Gains In Performance
2019-08-31,56,Heartbreak,Hunter Hayes,56,6,
2019-08-31,57,The Bones,Maren Morris,NEW,1,Highest ranking debut|Gains In Performance
2019-08-31,58,Chasin' Me,Caroline Jones,57,6,
2019-08-31,59,Front Seat,Rayne Johnson,NEW,1,Gains In Performance
2019-08-31,60,Die From A Broken Heart,Maddie & Tae,60,4,Gains In Performance
2019-09-07,1,The Ones That Didn't Make It Back Home,Justin Moore,3,43,Greatest gainer this week|Gains In Performance
2019-09-07,2,Knockin' Boots,Luke Bryan,4,23,Gains In Performance
2019-09-07,3,Beer Never Broke My Heart,Luke Combs,2,17,
2019-09-07,4,Living,Dierks Bentley,6,27,Gains In Performance
2019-09-07,5,Rearview Town,Jason Aldean,1,27,
2019-09-07,6,All To Myself,Dan + Shay,5,29,
2019-09-07,7,I Don't Know About You,Chris Lane,10,41,Gains In Performance
2019-09-07,8,Southbound,Carrie Underwood,9,19,Gains In Performance
2019-09-07,9,Love You Too Late,Cole Swindell,11,40,Gains In Performance
2019-09-07,10,Buy My Own Drinks,Runaway June,12,46,Gains In Performance
2019-09-07,11,Good Vibes,Chris Janson,16,27,Gains In Performance
2019-09-07,12,What Happens In A Small Town,Brantley Gilbert + Lindsay Ell,13,38,Gains In Performance
2019-09-07,13,Prayed For You,Matt Stell,14,32,Gains In Performance
2019-09-07,14,We Were,Keith Urban,15,16,Gains In Performance
2019-09-07,15,Every Little Thing,Russell Dickerson,17,39,Gains In Performance
2019-09-07,16,Tip Of My Tongue,Kenny Chesney,18,8,Gains In Performance
2019-09-07,17,What If I Never Get Over You,Lady Antebellum,19,16,Gains In Performance
2019-09-07,18,Back To Life,Rascal Flatts,20,48,Gains In Performance
2019-09-07,19,It All Comes Out In The Wash,Miranda Lambert,21,7,Gains In Performance
2019-09-07,20,Remember You Young,Thomas Rhett,23,9,Gains In Performance
2019-09-07,21,Dive Bar,Garth Brooks & Blake Shelton,22,11,Gains In Performance
2019-09-07,22,Thought About You,Tim McGraw,24,31,Gains In Performance
2019-09-07,23,One Man Band,Old Dominion,25,12,Gains In Performance
2019-09-07,24,Heartache Medication,Jon Pardi,27,14,Gains In Performance
2019-09-07,25,Mr. Lonely,Midland,29,21,Gains In Performance
2019-09-07,26,Ridin' Roads,Dustin Lynch,30,23,Gains In Performance
2019-09-07,27,Rednecker,HARDY,26,29,Gains In Performance
2019-09-07,28,Make Me Want To,Jimmie Allen,28,32,Gains In Performance
2019-09-07,29,Hell Right,Blake Shelton Featuring Trace Adkins,31,3,Gains In Performance
2019-09-07,30,Someone I Used To Know,Zac Brown Band,34,27,Gains In Performance
2019-09-07,31,Slow Dance In A Parking Lot,Jordan Davis,33,19,Gains In Performance
2019-09-07,32,Every Girl In This Town,Trisha Yearwood,35,13,Gains In Performance
2019-09-07,33,Homesick,Kane Brown,36,4,Gains In Performance
2019-09-07,34,To A T,Ryan Hurd,32,28,
2019-09-07,35,Catch,Brett Young,38,14,Gains In Performance
2019-09-07,36,More Hearts Than Mine,Ingrid Andress,46,10,Gains In Performance
2019-09-07,37,Nothing To Do Town,Dylan Scott,37,33,Gains In Performance
2019-09-07,38,I Wish Grandpas Never Died,Riley Green,40,4,Gains In Performance
2019-09-07,39,After A Few,Travis Denning,39,25,Gains In Performance
2019-09-07,40,One Big Country Song,LoCash,42,20,Gains In Performance
2019-09-07,41,Family Tree,Caylee Hammack,49,15,Gains In Performance
2019-09-07,42,Homemade,Jake Owen,41,13,
2019-09-07,43,In Between,Scotty McCreery,43,21,Gains In Performance
2019-09-07,44,What Could've Been,Gone West,44,7,Gains In Performance
2019-09-07,45,Even Though I'm Leaving,Luke Combs,55,4,Gains In Performance
2019-09-07,46,The Git Up,Blanco Brown,45,8,
2019-09-07,47,The Bones,Maren Morris,57,2,Gains In Performance
2019-09-07,48,Lonely If You Are,Chase Rice,52,9,Gains In Performance
2019-09-07,49,Details,Billy Currington,50,4,Gains In Performance
2019-09-07,50,Slower,Filmore,51,19,Gains In Performance
2019-09-07,51,Her World Or Mine,Michael Ray,48,11,
2019-09-07,52,World For Two,King Calaway,54,20,Gains In Performance
2019-09-07,53,Chasin' You,Morgan Wallen,53,5,Gains In Performance
2019-09-07,54,Prove You Wrong,Sheryl Crow Featuring Stevie Nicks & Maren Morris,47,12,
2019-09-07,55,Chasin' Me,Caroline Jones,58,7,Gains In Performance
2019-09-07,56,Die From A Broken Heart,Maddie & Tae,60,5,Gains In Performance
2019-09-07,57,Don't Let Her,Walker Hayes,NEW,1,Highest ranking debut|Gains In Performance
2019-09-07,58,Front Seat,Rayne Johnson,59,2,
2019-09-07,59,I Hope,Gabby Barrett,NEW,1,
2019-09-07,60,Nothin' On You,Cody Johnson,NEW,1,Gains In Performance
2019-09-14,1,Knockin' Boots,Luke Bryan,2,24,Gains In Performance
2019-09-14,2,The Ones That Didn't Make It Back Home,Justin Moore,1,44,
2019-09-14,3,Living,Dierks Bentley,4,28,Gains In Performance
2019-09-14,4,Beer Never Broke My Heart,Luke Combs,3,18,
2019-09-14,5,I Don't Know About You,Chris Lane,7,42,Gains In Performance
2019-09-14,6,Southbound,Carrie Underwood,8,20,Gains In Performance
2019-09-14,7,Love You Too Late,Cole Swindell,9,41,Gains In Performance
2019-09-14,8,Buy My Own Drinks,Runaway June,10,47,Gains In Performance
2019-09-14,9,Good Vibes,Chris Janson,11,28,Gains In Performance
2019-09-14,10,What Happens In A Small Town,Brantley Gilbert + Lindsay Ell,12,39,Gains In Performance
2019-09-14,11,Prayed For You,Matt Stell,13,33,Gains In Performance
2019-09-14,12,We Were,Keith Urban,14,17,Gains In Performance
2019-09-14,13,Every Little Thing,Russell Dickerson,15,40,Gains In Performance
2019-09-14,14,Tip Of My Tongue,Kenny Chesney,16,9,Gains In Performance
2019-09-14,15,What If I Never Get Over You,Lady Antebellum,17,17,Gains In Performance
2019-09-14,16,Remember You Young,Thomas Rhett,20,10,Gains In Performance
2019-09-14,17,Back To Life,Rascal Flatts,18,49,Gains In Performance
2019-09-14,18,It All Comes Out In The Wash,Miranda Lambert,19,8,Gains In Performance
2019-09-14,19,Dive Bar,Garth Brooks & Blake Shelton,21,12,Gains In Performance
2019-09-14,20,Thought About You,Tim McGraw,22,32,Gains In Performance
2019-09-14,21,One Man Band,Old Dominion,23,13,Gains In Performance
2019-09-14,22,homecoming queen?,Kelsea Ballerini,NEW,1,Highest ranking debut|Gains In Performance
2019-09-14,23,Heartache Medication,Jon Pardi,24,15,Gains In Performance
2019-09-14,24,Ridin' Roads,Dustin Lynch,26,24,Gains In Performance
2019-09-14,25,Make Me Want To,Jimmie Allen,28,33,Gains In Performance
2019-09-14,26,Mr. Lonely,Midland,25,22,Gains In Performance
2019-09-14,27,Hell Right,Blake Shelton Featuring Trace Adkins,29,4,Gains In Performance
2019-09-14,28,Rednecker,HARDY,27,30,Gains In Performance
2019-09-14,29,More Hearts Than Mine,Ingrid Andress,36,11,Gains In Performance
2019-09-14,30,Someone I Used To Know,Zac Brown Band,30,28,Gains In Performance
2019-09-14,31,Even Though I'm Leaving,Luke Combs,45,5,Gains In Performance
2019-09-14,32,Homesick,Kane Brown,33,5,Gains In Performance
2019-09-14,33,Slow Dance In A Parking Lot,Jordan Davis,31,20,Gains In Performance
2019-09-14,34,Every Girl In This Town,Trisha Yearwood,32,14,Gains In Performance
2019-09-14,35,To A T,Ryan Hurd,34,29,Gains In Performance
2019-09-14,36,Catch,Brett Young,35,15,Gains In Performance
2019-09-14,37,I Wish Grandpas Never Died,Riley Green,38,5,Gains In Performance
2019-09-14,38,Nothing To Do Town,Dylan Scott,37,34,Gains In Performance
2019-09-14,39,After A Few,Travis Denning,39,26,Gains In Performance
2019-09-14,40,Family Tree,Caylee Hammack,41,16,Gains In Performance
2019-09-14,41,One Big Country Song,LoCash,40,21,Gains In Performance
2019-09-14,42,In Between,Scotty McCreery,43,22,Gains In Performance
2019-09-14,43,Homemade,Jake Owen,42,14,Gains In Performance
2019-09-14,44,What Could've Been,Gone West,44,8,Gains In Performance
2019-09-14,45,The Bones,Maren Morris,47,3,Gains In Performance
2019-09-14,46,Lonely If You Are,Chase Rice,48,10,Gains In Performance
2019-09-14,47,Her World Or Mine,Michael Ray,51,12,Gains In Performance
2019-09-14,48,The Git Up,Blanco Brown,46,9,
2019-09-14,49,Chasin' You,Morgan Wallen,53,6,Gains In Performance
2019-09-14,50,Details,Billy Currington,49,5,
2019-09-14,51,Slower,Filmore,50,20,Gains In Performance
2019-09-14,52,World For Two,King Calaway,52,21,
2019-09-14,53,Monsters,Eric Church,NEW,1,Gains In Performance
2019-09-14,54,Die From A Broken Heart,Maddie & Tae,56,6,
2019-09-14,55,I Hope,Gabby Barrett,59,2,Gains In Performance
2019-09-14,56,Chasin' Me,Caroline Jones,55,8,
2019-09-14,57,Don't Let Her,Walker Hayes,57,2,
2019-09-14,58,Front Seat,Rayne Johnson,58,3,Gains In Performance
2019-09-14,59,Nothin' On You,Cody Johnson,60,2,Gains In Performance
2019-09-14,60,No Stone Unturned,Randy Houser,NEW,1,Gains In Performance
2019-09-21,1,Knockin' Boots,Luke Bryan,1,25,
2019-09-21,2,Living,Dierks Bentley,3,29,Gains In Performance
2019-09-21,3,I Don't Know About You,Chris Lane,5,43,Gains In Performance
2019-09-21,4,The Ones That Didn't Make It Back Home,Justin Moore,2,45,
2019-09-21,5,Beer Never Broke My Heart,Luke Combs,4,19,
2019-09-21,6,Southbound,Carrie Underwood,6,21,Gains In Performance
2019-09-21,7,Love You Too Late,Cole Swindell,7,42,Gains In Performance
2019-09-21,8,Buy My Own Drinks,Runaway June,8,48,Gains In Performance
2019-09-21,9,Prayed For You,Matt Stell,11,34,Gains In Performance
2019-09-21,10,Good Vibes,Chris Janson,9,29,Gains In Performance
2019-09-21,11,What Happens In A Small Town,Brantley Gilbert + Lindsay Ell,10,40,Gains In Performance
2019-09-21,12,Every Little Thing,Russell Dickerson,13,41,Gains In Performance
2019-09-21,13,We Were,Keith Urban,12,18,Gains In Performance
2019-09-21,14,Tip Of My Tongue,Kenny Chesney,14,10,Gains In Performance
2019-09-21,15,What If I Never Get Over You,Lady Antebellum,15,18,Gains In Performance
2019-09-21,16,Remember You Young,Thomas Rhett,16,11,Gains In Performance
2019-09-21,17,It All Comes Out In The Wash,Miranda Lambert,18,9,Gains In Performance
2019-09-21,18,One Man Band,Old Dominion,21,14,Gains In Performance
2019-09-21,19,Dive Bar,Garth Brooks & Blake Shelton,19,13,
2019-09-21,20,Thought About You,Tim McGraw,20,33,Gains In Performance
2019-09-21,21,Even Though I'm Leaving,Luke Combs,31,6,Gains In Performance
2019-09-21,22,Heartache Medication,Jon Pardi,23,16,Gains In Performance
2019-09-21,23,Ridin' Roads,Dustin Lynch,24,25,Gains In Performance
2019-09-21,24,Make Me Want To,Jimmie Allen,25,34,Gains In Performance
2019-09-21,25,We Back,Jason Aldean,NEW,1,Highest ranking debut|Gains In Performance
2019-09-21,26,Mr. Lonely,Midland,26,23,Gains In Performance
2019-09-21,27,More Hearts Than Mine,Ingrid Andress,29,12,Gains In Performance
2019-09-21,28,Hell Right,Blake Shelton Featuring Trace Adkins,27,5,
2019-09-21,29,Homesick,Kane Brown,32,6,Gains In Performance
2019-09-21,30,Someone I Used To Know,Zac Brown Band,30,29,Gains In Performance
2019-09-21,31,Every Girl In This Town,Trisha Yearwood,34,15,Gains In Performance
2019-09-21,32,Slow Dance In A Parking Lot,Jordan Davis,33,21,Gains In Performance
2019-09-21,33,To A T,Ryan Hurd,35,30,Gains In Performance
2019-09-21,34,Catch,Brett Young,36,16,Gains In Performance
2019-09-21,35,I Wish Grandpas Never Died,Riley Green,37,6,
2019-09-21,36,homecoming queen?,Kelsea Ballerini,22,2,
2019-09-21,37,After A Few,Travis Denning,39,27,Gains In Performance
2019-09-21,38,Nothing To Do Town,Dylan Scott,38,35,
2019-09-21,39,The Bones,Maren Morris,45,4,Gains In Performance
2019-09-21,40,Family Tree,Caylee Hammack,40,17,Gains In Performance
2019-09-21,41,Homemade,Jake Owen,43,15,Gains In Performance
2019-09-21,42,One Big Country Song,LoCash,41,22,
2019-09-21,43,In Between,Scotty McCreery,42,23,
2019-09-21,44,Her World Or Mine,Michael Ray,47,13,Gains In Performance
2019-09-21,45,What Could've Been,Gone West,44,9,
2019-09-21,46,The Git Up,Blanco Brown,48,10,Gains In Performance
2019-09-21,47,Lonely If You Are,Chase Rice,46,11,Gains In Performance
2019-09-21,48,Chasin' You,Morgan Wallen,49,7,Gains In Performance
2019-09-21,49,Die From A Broken Heart,Maddie & Tae,54,7,Gains In Performance
2019-09-21,50,World For Two,King Calaway,52,22,Gains In Performance
2019-09-21,51,Slower,Filmore,51,21,
2019-09-21,52,Details,Billy Currington,50,6,
2019-09-21,53,Monsters,Eric Church,53,2,Gains In Performance
2019-09-21,54,I Hope,Gabby Barrett,55,3,Gains In Performance
2019-09-21,55,Chasin' Me,Caroline Jones,56,9,Gains In Performance
2019-09-21,56,Nothin' On You,Cody Johnson,59,3,Gains In Performance
2019-09-21,57,Don't Let Her,Walker Hayes,57,3,
2019-09-21,58,Thank God For You,Rodney Atkins,NEW,1,Gains In Performance
2019-09-21,59,No Stone Unturned,Randy Houser,60,2,
2019-09-21,60,She's Mine,Kip Moore,NEW,1,Gains In Performance
2019-09-28,1,Living,Dierks Bentley,2,30,Gains In Performance
2019-09-28,2,I Don't Know About You,Chris Lane,3,44,Gains In Performance
2019-09-28,3,Knockin' Boots,Luke Bryan,1,26,
2019-09-28,4,Southbound,Carrie Underwood,6,22,Gains In Performance
2019-09-28,5,The Ones That Didn't Make It Back Home,Justin Moore,4,46,
2019-09-28,6,Prayed For You,Matt Stell,9,35,Greatest gainer this week|Gains In Performance
2019-09-28,7,Love You Too Late,Cole Swindell,7,43,Gains In Performance
2019-09-28,8,Good Vibes,Chris Janson,10,30,Gains In Performance
2019-09-28,9,Beer Never Broke My Heart,Luke Combs,5,20,
2019-09-28,10,What Happens In A Small Town,Brantley Gilbert + Lindsay Ell,11,41,Gains In Performance
2019-09-28,11,Every Little Thing,Russell Dickerson,12,42,Gains In Performance
2019-09-28,12,We Were,Keith Urban,13,19,Gains In Performance
2019-09-28,13,Tip Of My Tongue,Kenny Chesney,14,11,Gains In Performance
2019-09-28,14,What If I Never Get Over You,Lady Antebellum,15,19,Gains In Performance
2019-09-28,15,Remember You Young,Thomas Rhett,16,12,Gains In Performance
2019-09-28,16,Even Though I'm Leaving,Luke Combs,21,7,Gains In Performance
2019-09-28,17,One Man Band,Old Dominion,18,15,Gains In Performance
2019-09-28,18,It All Comes Out In The Wash,Miranda Lambert,17,10,Gains In Performance
2019-09-28,19,Thought About You,Tim McGraw,20,34,Gains In Performance
2019-09-28,20,Dive Bar,Garth Brooks & Blake Shelton,19,14,Gains In Performance
2019-09-28,21,Heartache Medication,Jon Pardi,22,17,Gains In Performance
2019-09-28,22,Ridin' Roads,Dustin Lynch,23,26,Gains In Performance
2019-09-28,23,Make Me Want To,Jimmie Allen,24,35,Gains In Performance
2019-09-28,24,Mr. Lonely,Midland,26,24,Gains In Performance
2019-09-28,25,Hell Right,Blake Shelton Featuring Trace Adkins,28,6,Gains In Performance
2019-09-28,26,More Hearts Than Mine,Ingrid Andress,27,13,Gains In Performance
2019-09-28,27,Homesick,Kane Brown,29,7,Gains In Performance
2019-09-28,28,We Back,Jason Aldean,25,2,
2019-09-28,29,Someone I Used To Know,Zac Brown Band,30,30,Gains In Performance
2019-09-28,30,To A T,Ryan Hurd,33,31,Gains In Performance
2019-09-28,31,Slow Dance In A Parking Lot,Jordan Davis,32,22,Gains In Performance
2019-09-28,32,Catch,Brett Young,34,17,Gains In Performance
2019-09-28,33,homecoming queen?,Kelsea Ballerini,36,3,Gains In Performance
2019-09-28,34,Every Girl In This Town,Trisha Yearwood,31,16,Gains In Performance
2019-09-28,35,I Wish Grandpas Never Died,Riley Green,35,7,Gains In Performance
2019-09-28,36,After A Few,Travis Denning,37,28,Gains In Performance
2019-09-28,37,Nothing To Do Town,Dylan Scott,38,36,Gains In Performance
2019-09-28,38,Homemade,Jake Owen,41,16,Gains In Performance
2019-09-28,39,The Bones,Maren Morris,39,5,Gains In Performance
2019-09-28,40,Family Tree,Caylee Hammack,40,18,Gains In Performance
2019-09-28,41,One Big Country Song,LoCash,42,23,Gains In Performance
2019-09-28,42,In Between,Scotty McCreery,43,24,Gains In Performance
2019-09-28,43,Her World Or Mine,Michael Ray,44,14,Gains In Performance
2019-09-28,44,Chasin' You,Morgan Wallen,48,8,Gains In Performance
2019-09-28,45,The Git Up,Blanco Brown,46,11,Gains In Performance
2019-09-28,46,What Could've Been,Gone West,45,10,Gains In Performance
2019-09-28,47,Lonely If You Are,Chase Rice,47,12,Gains In Performance
2019-09-28,48,Die From A Broken Heart,Maddie & Tae,49,8,Gains In Performance
2019-09-28,49,Monsters,Eric Church,53,3,Gains In Performance
2019-09-28,50,World For Two,King Calaway,50,23,Gains In Performance
2019-09-28,51,Details,Billy Currington,52,7,Gains In Performance
2019-09-28,52,Slower,Filmore,51,22,
2019-09-28,53,I Hope,Gabby Barrett,54,4,Gains In Performance
2019-09-28,54,Thank God For You,Rodney Atkins,58,2,Gains In Performance
2019-09-28,55,She's Mine,Kip Moore,60,2,Gains In Performance
2019-09-28,56,Don't Let Her,Walker Hayes,57,4,Gains In Performance
2019-09-28,57,Nothin' On You,Cody Johnson,56,4,
2019-09-28,58,I Do For You,Dillon Carmichael,NEW,1,Highest ranking debut|Gains In Performance
2019-09-28,59,Chasin' Me,Caroline Jones,55,10,
2019-09-28,60,Break It In,Eli Young Band,NEW,1,Gains In Performance
2019-10-05,1,I Don't Know About You,Chris Lane,2,45,Gains In Performance
2019-10-05,2,Living,Dierks Bentley,1,31,
2019-10-05,3,Prayed For You,Matt Stell,6,36,Greatest gainer this week|Gains In Performance
2019-10-05,4,Southbound,Carrie Underwood,4,23,Gains In Performance
2019-10-05,5,Love You Too Late,Cole Swindell,7,44,Gains In Performance
2019-10-05,6,Good Vibes,Chris Janson,8,31,Gains In Performance
2019-10-05,7,Knockin' Boots,Luke Bryan,3,27,
2019-10-05,8,The Ones That Didn't Make It Back Home,Justin Moore,5,47,
2019-10-05,9,What Happens In A Small Town,Brantley Gilbert + Lindsay Ell,10,42,Gains In Performance
2019-10-05,10,Every Little Thing,Russell Dickerson,11,43,Gains In Performance
2019-10-05,11,We Were,Keith Urban,12,20,Gains In Performance
2019-10-05,12,Tip Of My Tongue,Kenny Chesney,13,12,Gains In Performance
2019-10-05,13,What If I Never Get Over You,Lady Antebellum,14,20,Gains In Performance
2019-10-05,14,One Man Band,Old Dominion,17,16,Gains In Performance
2019-10-05,15,Remember You Young,Thomas Rhett,15,13,Gains In Performance
2019-10-05,16,Even Though I'm Leaving,Luke Combs,16,8,Gains In Performance
2019-10-05,17,It All Comes Out In The Wash,Miranda Lambert,18,11,Gains In Performance
2019-10-05,18,Thought About You,Tim McGraw,19,35,Gains In Performance
2019-10-05,19,Heartache Medication,Jon Pardi,21,18,Gains In Performance
2019-10-05,20,Dive Bar,Garth Brooks & Blake Shelton,20,15,
2019-10-05,21,Make Me Want To,Jimmie Allen,23,36,Gains In Performance
2019-10-05,22,Ridin' Roads,Dustin Lynch,22,27,Gains In Performance
2019-10-05,23,Mr. Lonely,Midland,24,25,Gains In Performance
2019-10-05,24,We Back,Jason Aldean,28,3,Gains In Performance
2019-10-05,25,Hell Right,Blake Shelton Featuring Trace Adkins,25,7,Gains In Performance
2019-10-05,26,Homesick,Kane Brown,27,8,Gains In Performance
2019-10-05,27,More Hearts Than Mine,Ingrid Andress,26,14,Gains In Performance
2019-10-05,28,homecoming queen?,Kelsea Ballerini,33,4,Gains In Performance
2019-10-05,29,To A T,Ryan Hurd,30,32,Gains In Performance
2019-10-05,30,Slow Dance In A Parking Lot,Jordan Davis,31,23,Gains In Performance
2019-10-05,31,Someone I Used To Know,Zac Brown Band,29,31,
2019-10-05,32,Catch,Brett Young,32,18,
2019-10-05,33,Every Girl In This Town,Trisha Yearwood,34,17,
2019-10-05,34,I Wish Grandpas Never Died,Riley Green,35,8,Gains In Performance
2019-10-05,35,The Bones,Maren Morris,39,6,Gains In Performance
2019-10-05,36,Homemade,Jake Owen,38,17,Gains In Performance
2019-10-05,37,After A Few,Travis Denning,36,29,
2019-10-05,38,Nothing To Do Town,Dylan Scott,37,37,Gains In Performance
2019-10-05,39,In Between,Scotty McCreery,42,25,Gains In Performance
2019-10-05,40,Family Tree,Caylee Hammack,40,19,Gains In Performance
2019-10-05,41,One Big Country Song,LoCash,41,24,Gains In Performance
2019-10-05,42,Her World Or Mine,Michael Ray,43,15,Gains In Performance
2019-10-05,43,Front Seat,Rayne Johnson,RE,4,Gains In Performance
2019-10-05,44,What Could've Been,Gone West,46,11,Gains In Performance
2019-10-05,45,Lonely If You Are,Chase Rice,47,13,Gains In Performance
2019-10-05,46,Details,Billy Currington,51,8,Gains In Performance
2019-10-05,47,Chasin' You,Morgan Wallen,44,9,
2019-10-05,48,The Git Up,Blanco Brown,45,12,
2019-10-05,49,Monsters,Eric Church,49,4,Gains In Performance
2019-10-05,50,Die From A Broken Heart,Maddie & Tae,48,9,Gains In Performance
2019-10-05,51,World For Two,King Calaway,50,24,Gains In Performance
2019-10-05,52,Slower,Filmore,52,23,Gains In Performance
2019-10-05,53,I Hope,Gabby Barrett,53,5,Gains In Performance
2019-10-05,54,Drowning,Chris Young,NEW,1,Highest ranking debut|Gains In Performance
2019-10-05,55,Blessings,Florida Georgia Line,NEW,1,Gains In Performance
2019-10-05,56,Thank God For You,Rodney Atkins,54,3,Gains In Performance
2019-10-05,57,She's Mine,Kip Moore,55,3,Gains In Performance
2019-10-05,58,I Do For You,Dillon Carmichael,58,2,Gains In Performance
2019-10-05,59,Now You Know,Jon Langston,NEW,1,Gains In Performance
2019-10-05,60,Don't Let Her,Walker Hayes,56,5,Gains In Performance
2019-10-12,1,Prayed For You,Matt Stell,3,37,Gains In Performance
2019-10-12,2,Living,Dierks Bentley,2,32,
2019-10-12,3,Southbound,Carrie Underwood,4,24,Gains In Performance
2019-10-12,4,Good Vibes,Chris Janson,6,32,Gains In Performance
2019-10-12,5,I Don't Know About You,Chris Lane,1,46,
2019-10-12,6,Love You Too Late,Cole Swindell,5,45,Gains In Performance
2019-10-12,7,What Happens In A Small Town,Brantley Gilbert + Lindsay Ell,9,43,Gains In Performance
2019-10-12,8,Every Little Thing,Russell Dickerson,10,44,Gains In Performance
2019-10-12,9,The Ones That Didn't Make It Back Home,Justin Moore,8,48,
2019-10-12,10,We Were,Keith Urban,11,21,Gains In Performance
2019-10-12,11,Tip Of My Tongue,Kenny Chesney,12,13,Gains In Performance
2019-10-12,12,Even Though I'm Leaving,Luke Combs,16,9,Gains In Performance
2019-10-12,13,One Man Band,Old Dominion,14,17,Gains In Performance
2019-10-12,14,Remember You Young,Thomas Rhett,15,14,Gains In Performance
2019-10-12,15,What If I Never Get Over You,Lady Antebellum,13,21,Gains In Performance
2019-10-12,16,It All Comes Out In The Wash,Miranda Lambert,17,12,Gains In Performance
2019-10-12,17,Heartache Medication,Jon Pardi,19,19,Gains In Performance
2019-10-12,18,Thought About You,Tim McGraw,18,36,Gains In Performance
2019-10-12,19,Dive Bar,Garth Brooks & Blake Shelton,20,16,Gains In Performance
2019-10-12,20,"10,000 Hours",Dan + Shay & Justin Bieber,NEW,1,Highest ranking debut|Gains In Performance
2019-10-12,21,Ridin' Roads,Dustin Lynch,22,28,Gains In Performance
2019-10-12,22,Make Me Want To,Jimmie Allen,21,37,Gains In Performance
2019-10-12,23,We Back,Jason Aldean,24,4,Gains In Performance
2019-10-12,24,Hell Right,Blake Shelton Featuring Trace Adkins,25,8,Gains In Performance
2019-10-12,25,Mr. Lonely,Midland,23,26,Gains In Performance
2019-10-12,26,More Hearts Than Mine,Ingrid Andress,27,15,Gains In Performance
2019-10-12,27,Homesick,Kane Brown,26,9,Gains In Performance
2019-10-12,28,Slow Dance In A Parking Lot,Jordan Davis,30,24,Gains In Performance
2019-10-12,29,To A T,Ryan Hurd,29,33,Gains In Performance
2019-10-12,30,homecoming queen?,Kelsea Ballerini,28,5,Gains In Performance
2019-10-12,31,Someone I Used To Know,Zac Brown Band,31,32,Gains In Performance
2019-10-12,32,Catch,Brett Young,32,19,Gains In Performance
2019-10-12,33,Every Girl In This Town,Trisha Yearwood,33,18,Gains In Performance
2019-10-12,34,The Bones,Maren Morris,35,7,Gains In Performance
2019-10-12,35,Homemade,Jake Owen,36,18,Gains In Performance
2019-10-12,36,After A Few,Travis Denning,37,30,Gains In Performance
2019-10-12,37,I Wish Grandpas Never Died,Riley Green,34,9,Gains In Performance
2019-10-12,38,Nothing To Do Town,Dylan Scott,38,38,Gains In Performance
2019-10-12,39,In Between,Scotty McCreery,39,26,Gains In Performance
2019-10-12,40,Family Tree,Caylee Hammack,40,20,Gains In Performance
2019-10-12,41,One Big Country Song,LoCash,41,25,Gains In Performance
2019-10-12,42,Her World Or Mine,Michael Ray,42,16,Gains In Performance
2019-10-12,43,What Could've Been,Gone West,44,12,Gains In Performance
2019-10-12,44,Details,Billy Currington,46,9,Gains In Performance
2019-10-12,45,Chasin' You,Morgan Wallen,47,10,Gains In Performance
2019-10-12,46,Monsters,Eric Church,49,5,Gains In Performance
2019-10-12,47,Die From A Broken Heart,Maddie & Tae,50,10,Gains In Performance
2019-10-12,48,Lonely If You Are,Chase Rice,45,14,Gains In Performance
2019-10-12,49,I Hope,Gabby Barrett,53,6,Gains In Performance
2019-10-12,50,The Git Up,Blanco Brown,48,13,
2019-10-12,51,World For Two,King Calaway,51,25,Gains In Performance
2019-10-12,52,Blessings,Florida Georgia Line,55,2,Gains In Performance
2019-10-12,53,Drowning,Chris Young,54,2,Gains In Performance
2019-10-12,54,Why We Drink,Justin Moore,NEW,1,Gains In Performance
2019-10-12,55,Nothin' On You,Cody Johnson,RE,5,Gains In Performance
2019-10-12,56,Thank God For You,Rodney Atkins,56,4,Gains In Performance
2019-10-12,57,Front Seat,Rayne Johnson,43,5,
2019-10-12,58,I Do For You,Dillon Carmichael,58,3,Gains In Performance
2019-10-12,59,She's Mine,Kip Moore,57,4,Gains In Performance
2019-10-12,60,Now You Know,Jon Langston,59,2,Gains In Performance
2019-10-19,1,Prayed For You,Matt Stell,1,38,Gains In Performance
2019-10-19,2,Good Vibes,Chris Janson,4,33,Gains In Performance
2019-10-19,3,Living,Dierks Bentley,2,33,
2019-10-19,4,Love You Too Late,Cole Swindell,6,46,Gains In Performance
2019-10-19,5,Every Little Thing,Russell Dickerson,8,45,Gains In Performance
2019-10-19,6,What Happens In A Small Town,Brantley Gilbert + Lindsay Ell,7,44,Gains In Performance
2019-10-19,7,I Don't Know About You,Chris Lane,5,47,
2019-10-19,8,Even Though I'm Leaving,Luke Combs,12,10,Gains In Performance
2019-10-19,9,One Man Band,Old Dominion,13,18,Gains In Performance
2019-10-19,10,We Were,Keith Urban,10,22,
2019-10-19,11,Tip Of My Tongue,Kenny Chesney,11,14,Gains In Performance
2019-10-19,12,Remember You Young,Thomas Rhett,14,15,Gains In Performance
2019-10-19,13,Southbound,Carrie Underwood,3,25,
2019-10-19,14,What If I Never Get Over You,Lady Antebellum,15,22,Gains In Performance
2019-10-19,15,Heartache Medication,Jon Pardi,17,20,Gains In Performance
2019-10-19,16,It All Comes Out In The Wash,Miranda Lambert,16,13,
2019-10-19,17,Thought About You,Tim McGraw,18,37,
2019-10-19,18,Kinfolks,Sam Hunt,NEW,1,Highest ranking debut|Gains In Performance
2019-10-19,19,Ridin' Roads,Dustin Lynch,21,29,Gains In Performance
2019-10-19,20,Dive Bar,Garth Brooks & Blake Shelton,19,17,Gains In Performance
2019-10-19,21,Make Me Want To,Jimmie Allen,22,38,Gains In Performance
2019-10-19,22,We Back,Jason Aldean,23,5,Gains In Performance
2019-10-19,23,Hell Right,Blake Shelton Featuring Trace Adkins,24,9,Gains In Performance
2019-10-19,24,Mr. Lonely,Midland,25,27,Gains In Performance
2019-10-19,25,"10,000 Hours",Dan + Shay & Justin Bieber,20,2,
2019-10-19,26,More Hearts Than Mine,Ingrid Andress,26,16,Gains In Performance
2019-10-19,27,Homesick,Kane Brown,27,10,Gains In Performance
2019-10-19,28,Slow Dance In A Parking Lot,Jordan Davis,28,25,Gains In Performance
2019-10-19,29,homecoming queen?,Kelsea Ballerini,30,6,Gains In Performance
2019-10-19,30,To A T,Ryan Hurd,29,34,Gains In Performance
2019-10-19,31,Catch,Brett Young,32,20,Gains In Performance
2019-10-19,32,Someone I Used To Know,Zac Brown Band,31,33,Gains In Performance
2019-10-19,33,The Bones,Maren Morris,34,8,Gains In Performance
2019-10-19,34,Every Girl In This Town,Trisha Yearwood,33,19,Gains In Performance
2019-10-19,35,I Wish Grandpas Never Died,Riley Green,37,10,Gains In Performance
2019-10-19,36,Homemade,Jake Owen,35,19,Gains In Performance
2019-10-19,37,After A Few,Travis Denning,36,31,Gains In Performance
2019-10-19,38,Family Tree,Caylee Hammack,40,21,Gains In Performance
2019-10-19,39,Nothing To Do Town,Dylan Scott,38,39,
2019-10-19,40,One Big Country Song,LoCash,41,26,Gains In Performance
2019-10-19,41,In Between,Scotty McCreery,39,27,
2019-10-19,42,Her World Or Mine,Michael Ray,42,17,Gains In Performance
2019-10-19,43,What Could've Been,Gone West,43,13,Gains In Performance
2019-10-19,44,Monsters,Eric Church,46,6,Gains In Performance
2019-10-19,45,Details,Billy Currington,44,10,
2019-10-19,46,Chasin' You,Morgan Wallen,45,11,
2019-10-19,47,I Hope,Gabby Barrett,49,7,Gains In Performance
2019-10-19,48,Lonely If You Are,Chase Rice,48,15,Gains In Performance
2019-10-19,49,Die From A Broken Heart,Maddie & Tae,47,11,
2019-10-19,50,Blessings,Florida Georgia Line,52,3,Gains In Performance
2019-10-19,51,World For Two,King Calaway,51,26,Gains In Performance
2019-10-19,52,Why We Drink,Justin Moore,54,2,Gains In Performance
2019-10-19,53,I Hope You're Happy Now,Carly Pearce & Lee Brice,NEW,1,Gains In Performance
2019-10-19,54,Drowning,Chris Young,53,3,
2019-10-19,55,Front Seat,Rayne Johnson,57,6,Gains In Performance
2019-10-19,56,The Weight Of The Badge,George Strait,NEW,1,Gains In Performance
2019-10-19,57,Nothin' On You,Cody Johnson,55,6,Gains In Performance
2019-10-19,58,Break It In,Eli Young Band,RE,2,Gains In Performance
2019-10-19,59,Thank God For You,Rodney Atkins,56,5,
2019-10-19,60,She's Mine,Kip Moore,59,5,Gains In Performance
2019-10-26,1,Good Vibes,Chris Janson,2,34,Gains In Performance
2019-10-26,2,Prayed For You,Matt Stell,1,39,
2019-10-26,3,Love You Too Late,Cole Swindell,4,47,Gains In Performance
2019-10-26,4,Every Little Thing,Russell Dickerson,5,46,Gains In Performance
2019-10-26,5,What Happens In A Small Town,Brantley Gilbert + Lindsay Ell,6,45,Gains In Performance
2019-10-26,6,Living,Dierks Bentley,3,34,
2019-10-26,7,I Don't Know About You,Chris Lane,7,48,
2019-10-26,8,Even Though I'm Leaving,Luke Combs,8,11,Gains In Performance
2019-10-26,9,One Man Band,Old Dominion,9,19,Gains In Performance
2019-10-26,10,We Were,Keith Urban,10,23,Gains In Performance
2019-10-26,11,Remember You Young,Thomas Rhett,12,16,Gains In Performance
2019-10-26,12,Tip Of My Tongue,Kenny Chesney,11,15,Gains In Performance
2019-10-26,13,What If I Never Get Over You,Lady Antebellum,14,23,Gains In Performance
2019-10-26,14,Heartache Medication,Jon Pardi,15,21,Gains In Performance
2019-10-26,15,It All Comes Out In The Wash,Miranda Lambert,16,14,
2019-10-26,16,Ridin' Roads,Dustin Lynch,19,30,Gains In Performance
2019-10-26,17,Thought About You,Tim McGraw,17,38,Gains In Performance
2019-10-26,18,Dive Bar,Garth Brooks & Blake Shelton,20,18,
2019-10-26,19,Make Me Want To,Jimmie Allen,21,39,Gains In Performance
2019-10-26,20,"10,000 Hours",Dan + Shay & Justin Bieber,25,3,Gains In Performance
2019-10-26,21,Kinfolks,Sam Hunt,18,2,
2019-10-26,22,We Back,Jason Aldean,22,6,Gains In Performance
2019-10-26,23,Hell Right,Blake Shelton Featuring Trace Adkins,23,10,Gains In Performance
2019-10-26,24,More Hearts Than Mine,Ingrid Andress,26,17,Gains In Performance
2019-10-26,25,Mr. Lonely,Midland,24,28,
2019-10-26,26,Homesick,Kane Brown,27,11,Gains In Performance
2019-10-26,27,homecoming queen?,Kelsea Ballerini,29,7,Gains In Performance
2019-10-26,28,Slow Dance In A Parking Lot,Jordan Davis,28,26,Gains In Performance
2019-10-26,29,To A T,Ryan Hurd,30,35,Gains In Performance
2019-10-26,30,Hold On,Hootie & The Blowfish,NEW,1,Highest ranking debut|Gains In Performance
2019-10-26,31,Catch,Brett Young,31,21,Gains In Performance
2019-10-26,32,The Bones,Maren Morris,33,9,Gains In Performance
2019-10-26,33,I Wish Grandpas Never Died,Riley Green,35,11,Gains In Performance
2019-10-26,34,Homemade,Jake Owen,36,20,Gains In Performance
2019-10-26,35,Every Girl In This Town,Trisha Yearwood,34,20,
2019-10-26,36,After A Few,Travis Denning,37,32,
2019-10-26,37,In Between,Scotty McCreery,41,28,Gains In Performance
2019-10-26,38,Nothing To Do Town,Dylan Scott,39,40,
2019-10-26,39,Family Tree,Caylee Hammack,38,22,
2019-10-26,40,One Big Country Song,LoCash,40,27,
2019-10-26,41,Her World Or Mine,Michael Ray,42,18,Gains In Performance
2019-10-26,42,What Could've Been,Gone West,43,14,Gains In Performance
2019-10-26,43,Details,Billy Currington,45,11,Gains In Performance
2019-10-26,44,Monsters,Eric Church,44,7,
2019-10-26,45,Blessings,Florida Georgia Line,50,4,Gains In Performance
2019-10-26,46,Chasin' You,Morgan Wallen,46,12,Gains In Performance
2019-10-26,47,I Hope,Gabby Barrett,47,8,Gains In Performance
2019-10-26,48,Lonely If You Are,Chase Rice,48,16,Gains In Performance
2019-10-26,49,Die From A Broken Heart,Maddie & Tae,49,12,Gains In Performance
2019-10-26,50,World For Two,King Calaway,51,27,Gains In Performance
2019-10-26,51,Why We Drink,Justin Moore,52,3,Gains In Performance
2019-10-26,52,I Hope You're Happy Now,Carly Pearce & Lee Brice,53,2,Gains In Performance
2019-10-26,53,Drowning,Chris Young,54,4,Gains In Performance
2019-10-26,54,The Weight Of The Badge,George Strait,56,2,Gains In Performance
2019-10-26,55,Break It In,Eli Young Band,58,3,Gains In Performance
2019-10-26,56,Front Seat,Rayne Johnson,55,7,
2019-10-26,57,Chasin' Me,Caroline Jones,RE,11,Gains In Performance
2019-10-26,58,Thank God For You,Rodney Atkins,59,6,Gains In Performance
2019-10-26,59,Getting Good,Lauren Alaina,NEW,1,Gains In Performance
2019-10-26,60,She's Mine,Kip Moore,60,6,
2019-11-02,1,Love You Too Late,Cole Swindell,3,48,Gains In Performance
2019-11-02,2,Good Vibes,Chris Janson,1,35,
2019-11-02,3,Prayed For You,Matt Stell,2,40,
2019-11-02,4,Every Little Thing,Russell Dickerson,4,47,Gains In Performance
2019-11-02,5,What Happens In A Small Town,Brantley Gilbert + Lindsay Ell,5,46,Gains In Performance
2019-11-02,6,Even Though I'm Leaving,Luke Combs,8,12,Gains In Performance
2019-11-02,7,One Man Band,Old Dominion,9,20,Gains In Performance
2019-11-02,8,Living,Dierks Bentley,6,35,
2019-11-02,9,We Were,Keith Urban,10,24,Gains In Performance
2019-11-02,10,Remember You Young,Thomas Rhett,11,17,Gains In Performance
2019-11-02,11,Tip Of My Tongue,Kenny Chesney,12,16,Gains In Performance
2019-11-02,12,What If I Never Get Over You,Lady Antebellum,13,24,Gains In Performance
2019-11-02,13,Heartache Medication,Jon Pardi,14,22,Gains In Performance
2019-11-02,14,Ridin' Roads,Dustin Lynch,16,31,Gains In Performance
2019-11-02,15,It All Comes Out In The Wash,Miranda Lambert,15,15,
2019-11-02,16,Kinfolks,Sam Hunt,21,3,Gains In Performance
2019-11-02,17,"10,000 Hours",Dan + Shay & Justin Bieber,20,4,Gains In Performance
2019-11-02,18,Thought About You,Tim McGraw,17,39,
2019-11-02,19,Dive Bar,Garth Brooks & Blake Shelton,18,19,Gains In Performance
2019-11-02,20,We Back,Jason Aldean,22,7,Gains In Performance
2019-11-02,21,Make Me Want To,Jimmie Allen,19,40,
2019-11-02,22,What She Wants Tonight,Luke Bryan,NEW,1,Highest ranking debut|Gains In Performance
2019-11-02,23,More Hearts Than Mine,Ingrid Andress,24,18,Gains In Performance
2019-11-02,24,Hell Right,Blake Shelton Featuring Trace Adkins,23,11,Gains In Performance
2019-11-02,25,Mr. Lonely,Midland,25,29,Gains In Performance
2019-11-02,26,homecoming queen?,Kelsea Ballerini,27,8,Gains In Performance
2019-11-02,27,Homesick,Kane Brown,26,12,Gains In Performance
2019-11-02,28,Slow Dance In A Parking Lot,Jordan Davis,28,27,Gains In Performance
2019-11-02,29,To A T,Ryan Hurd,29,36,Gains In Performance
2019-11-02,30,Catch,Brett Young,31,22,Gains In Performance
2019-11-02,31,The Bones,Maren Morris,32,10,Gains In Performance
2019-11-02,32,I Wish Grandpas Never Died,Riley Green,33,12,Gains In Performance
2019-11-02,33,Homemade,Jake Owen,34,21,Gains In Performance
2019-11-02,34,Every Girl In This Town,Trisha Yearwood,35,21,Gains In Performance
2019-11-02,35,After A Few,Travis Denning,36,33,Gains In Performance
2019-11-02,36,In Between,Scotty McCreery,37,29,Gains In Performance
2019-11-02,37,Family Tree,Caylee Hammack,39,23,Gains In Performance
2019-11-02,38,Nothing To Do Town,Dylan Scott,38,41,Gains In Performance
2019-11-02,39,One Big Country Song,LoCash,40,28,Gains In Performance
2019-11-02,40,Her World Or Mine,Michael Ray,41,19,Gains In Performance
2019-11-02,41,What Could've Been,Gone West,42,15,Gains In Performance
2019-11-02,42,I Hope,Gabby Barrett,47,9,Gains In Performance
2019-11-02,43,Blessings,Florida Georgia Line,45,5,Gains In Performance
2019-11-02,44,Chasin' You,Morgan Wallen,46,13,Gains In Performance
2019-11-02,45,Monsters,Eric Church,44,8,Gains In Performance
2019-11-02,46,Details,Billy Currington,43,12,Gains In Performance
2019-11-02,47,Hold On,Hootie & The Blowfish,30,2,
2019-11-02,48,Drowning,Chris Young,53,5,Gains In Performance
2019-11-02,49,Lonely If You Are,Chase Rice,48,17,Gains In Performance
2019-11-02,50,I Hope You're Happy Now,Carly Pearce & Lee Brice,52,3,Gains In Performance
2019-11-02,51,Why We Drink,Justin Moore,51,4,Gains In Performance
2019-11-02,52,The Weight Of The Badge,George Strait,54,3,Gains In Performance
2019-11-02,53,Die From A Broken Heart,Maddie & Tae,49,13,
2019-11-02,54,Break It In,Eli Young Band,55,4,Gains In Performance
2019-11-02,55,Getting Good,Lauren Alaina,59,2,Gains In Performance
2019-11-02,56,Thank God For You,Rodney Atkins,58,7,Gains In Performance
2019-11-02,57,Front Seat,Rayne Johnson,56,8,Gains In Performance
2019-11-02,58,I Do For You,Dillon Carmichael,RE,4,Gains In Performance
2019-11-02,59,She's Mine,Kip Moore,60,7,Gains In Performance
2019-11-02,60,Now You Know,Jon Langston,RE,3,Gains In Performance
2019-11-09,1,Every Little Thing,Russell Dickerson,4,48,Greatest gainer this week|Gains In Performance
2019-11-09,2,Even Though I'm Leaving,Luke Combs,6,13,Gains In Performance
2019-11-09,3,What Happens In A Small Town,Brantley Gilbert + Lindsay Ell,5,47,Gains In Performance
2019-11-09,4,Good Vibes,Chris Janson,2,36,
2019-11-09,5,One Man Band,Old Dominion,7,21,Gains In Performance
2019-11-09,6,Prayed For You,Matt Stell,3,41,
2019-11-09,7,We Were,Keith Urban,9,25,Gains In Performance
2019-11-09,8,Remember You Young,Thomas Rhett,10,18,Gains In Performance
2019-11-09,9,Love You Too Late,Cole Swindell,1,49,
2019-11-09,10,Tip Of My Tongue,Kenny Chesney,11,17,Gains In Performance
2019-11-09,11,What If I Never Get Over You,Lady Antebellum,12,25,Gains In Performance
2019-11-09,12,Heartache Medication,Jon Pardi,13,23,Gains In Performance
2019-11-09,13,Ridin' Roads,Dustin Lynch,14,32,Gains In Performance
2019-11-09,14,Kinfolks,Sam Hunt,16,4,Gains In Performance
2019-11-09,15,"10,000 Hours",Dan + Shay & Justin Bieber,17,5,Gains In Performance
2019-11-09,16,It All Comes Out In The Wash,Miranda Lambert,15,16,Gains In Performance
2019-11-09,17,We Back,Jason Aldean,20,8,Gains In Performance
2019-11-09,18,Make Me Want To,Jimmie Allen,21,41,Gains In Performance
2019-11-09,19,Dive Bar,Garth Brooks & Blake Shelton,19,20,Gains In Performance
2019-11-09,20,Hell Right,Blake Shelton Featuring Trace Adkins,24,12,Gains In Performance
2019-11-09,21,More Hearts Than Mine,Ingrid Andress,23,19,Gains In Performance
2019-11-09,22,Homesick,Kane Brown,27,13,Gains In Performance
2019-11-09,23,Mr. Lonely,Midland,25,30,Gains In Performance
2019-11-09,24,homecoming queen?,Kelsea Ballerini,26,9,Gains In Performance
2019-11-09,25,Slow Dance In A Parking Lot,Jordan Davis,28,28,Gains In Performance
2019-11-09,26,To A T,Ryan Hurd,29,37,Gains In Performance
2019-11-09,27,Catch,Brett Young,30,23,Gains In Performance
2019-11-09,28,What She Wants Tonight,Luke Bryan,22,2,
2019-11-09,29,The Bones,Maren Morris,31,11,Gains In Performance
2019-11-09,30,Homemade,Jake Owen,33,22,Gains In Performance
2019-11-09,31,I Wish Grandpas Never Died,Riley Green,32,13,Gains In Performance
2019-11-09,32,Every Girl In This Town,Trisha Yearwood,34,22,
2019-11-09,33,In Between,Scotty McCreery,36,30,Gains In Performance
2019-11-09,34,After A Few,Travis Denning,35,34,
2019-11-09,35,Family Tree,Caylee Hammack,37,24,Gains In Performance
2019-11-09,36,Nothing To Do Town,Dylan Scott,38,42,Gains In Performance
2019-11-09,37,Her World Or Mine,Michael Ray,40,20,Gains In Performance
2019-11-09,38,One Big Country Song,LoCash,39,29,Gains In Performance
2019-11-09,39,I Hope,Gabby Barrett,42,10,Gains In Performance
2019-11-09,40,What Could've Been,Gone West,41,16,Gains In Performance
2019-11-09,41,Monsters,Eric Church,45,9,Gains In Performance
2019-11-09,42,Blessings,Florida Georgia Line,43,6,Gains In Performance
2019-11-09,43,Hold On,Hootie & The Blowfish,47,3,Gains In Performance
2019-11-09,44,Chasin' You,Morgan Wallen,44,14,Gains In Performance
2019-11-09,45,I Hope You're Happy Now,Carly Pearce & Lee Brice,50,4,Gains In Performance
2019-11-09,46,Details,Billy Currington,46,13,
2019-11-09,47,Lonely If You Are,Chase Rice,49,18,Gains In Performance
2019-11-09,48,Drowning,Chris Young,48,6,Gains In Performance
2019-11-09,49,Die From A Broken Heart,Maddie & Tae,53,14,Gains In Performance
2019-11-09,50,Why We Drink,Justin Moore,51,5,Gains In Performance
2019-11-09,51,Front Seat,Rayne Johnson,57,9,Gains In Performance
2019-11-09,52,The Weight Of The Badge,George Strait,52,4,
2019-11-09,53,Break It In,Eli Young Band,54,5,Gains In Performance
2019-11-09,54,Getting Good,Lauren Alaina,55,3,Gains In Performance
2019-11-09,55,Thank God For You,Rodney Atkins,56,8,Gains In Performance
2019-11-09,56,I Do For You,Dillon Carmichael,58,5,Gains In Performance
2019-11-09,57,She's Mine,Kip Moore,59,8,Gains In Performance
2019-11-09,58,Now You Know,Jon Langston,60,4,Gains In Performance
2019-11-09,59,Some Girls,Jameson Rodgers,NEW,1,Highest ranking debut|Gains In Performance
2019-11-09,60,Chasin' Me,Caroline Jones,RE,12,Gains In Performance
2019-11-16,1,What Happens In A Small Town,Brantley Gilbert + Lindsay Ell,3,48,Greatest gainer this week|Gains In Performance
2019-11-16,2,Even Though I'm Leaving,Luke Combs,2,14,Gains In Performance
2019-11-16,3,One Man Band,Old Dominion,5,22,Gains In Performance
2019-11-16,4,Every Little Thing,Russell Dickerson,1,49,
2019-11-16,5,Remember You Young,Thomas Rhett,8,19,Gains In Performance
2019-11-16,6,Prayed For You,Matt Stell,6,42,
2019-11-16,7,Good Vibes,Chris Janson,4,37,
2019-11-16,8,We Were,Keith Urban,7,26,Gains In Performance
2019-11-16,9,Tip Of My Tongue,Kenny Chesney,10,18,Gains In Performance
2019-11-16,10,What If I Never Get Over You,Lady Antebellum,11,26,Gains In Performance
2019-11-16,11,Heartache Medication,Jon Pardi,12,24,Gains In Performance
2019-11-16,12,Ridin' Roads,Dustin Lynch,13,33,Gains In Performance
2019-11-16,13,Kinfolks,Sam Hunt,14,5,Gains In Performance
2019-11-16,14,"10,000 Hours",Dan + Shay & Justin Bieber,15,6,Gains In Performance
2019-11-16,15,It All Comes Out In The Wash,Miranda Lambert,16,17,Gains In Performance
2019-11-16,16,We Back,Jason Aldean,17,9,Gains In Performance
2019-11-16,17,Make Me Want To,Jimmie Allen,18,42,Gains In Performance
2019-11-16,18,Dive Bar,Garth Brooks & Blake Shelton,19,21,Gains In Performance
2019-11-16,19,Homesick,Kane Brown,22,14,Gains In Performance
2019-11-16,20,Hell Right,Blake Shelton Featuring Trace Adkins,20,13,Gains In Performance
2019-11-16,21,More Hearts Than Mine,Ingrid Andress,21,20,Gains In Performance
2019-11-16,22,What She Wants Tonight,Luke Bryan,28,3,Gains In Performance
2019-11-16,23,Slow Dance In A Parking Lot,Jordan Davis,25,29,Gains In Performance
2019-11-16,24,Mr. Lonely,Midland,23,31,Gains In Performance
2019-11-16,25,To A T,Ryan Hurd,26,38,Gains In Performance
2019-11-16,26,The Bones,Maren Morris,29,12,Gains In Performance
2019-11-16,27,Catch,Brett Young,27,24,Gains In Performance
2019-11-16,28,homecoming queen?,Kelsea Ballerini,24,10,Gains In Performance
2019-11-16,29,Homemade,Jake Owen,30,23,Gains In Performance
2019-11-16,30,I Wish Grandpas Never Died,Riley Green,31,14,Gains In Performance
2019-11-16,31,Every Girl In This Town,Trisha Yearwood,32,23,Gains In Performance
2019-11-16,32,In Between,Scotty McCreery,33,31,Gains In Performance
2019-11-16,33,After A Few,Travis Denning,34,35,Gains In Performance
2019-11-16,34,Nothing To Do Town,Dylan Scott,36,43,Gains In Performance
2019-11-16,35,I Hope,Gabby Barrett,39,11,Gains In Performance
2019-11-16,36,One Big Country Song,LoCash,38,30,Gains In Performance
2019-11-16,37,Her World Or Mine,Michael Ray,37,21,Gains In Performance
2019-11-16,38,Family Tree,Caylee Hammack,35,25,
2019-11-16,39,Monsters,Eric Church,41,10,Gains In Performance
2019-11-16,40,Blessings,Florida Georgia Line,42,7,Gains In Performance
2019-11-16,41,What Could've Been,Gone West,40,17,
2019-11-16,42,Hold On,Hootie & The Blowfish,43,4,Gains In Performance
2019-11-16,43,Chasin' You,Morgan Wallen,44,15,Gains In Performance
2019-11-16,44,I Hope You're Happy Now,Carly Pearce & Lee Brice,45,5,Gains In Performance
2019-11-16,45,Details,Billy Currington,46,14,Gains In Performance
2019-11-16,46,Lonely If You Are,Chase Rice,47,19,
2019-11-16,47,Drowning,Chris Young,48,7,Gains In Performance
2019-11-16,48,Front Seat,Rayne Johnson,51,10,Gains In Performance
2019-11-16,49,Die From A Broken Heart,Maddie & Tae,49,15,Gains In Performance
2019-11-16,50,Drinking Alone,Carrie Underwood,NEW,1,Highest ranking debut|Gains In Performance
2019-11-16,51,Why We Drink,Justin Moore,50,6,Gains In Performance
2019-11-16,52,The Weight Of The Badge,George Strait,52,5,Gains In Performance
2019-11-16,53,Break It In,Eli Young Band,53,6,Gains In Performance
2019-11-16,54,Thank God For You,Rodney Atkins,55,9,Gains In Performance
2019-11-16,55,Now You Know,Jon Langston,58,5,Gains In Performance
2019-11-16,56,She's Mine,Kip Moore,57,9,Gains In Performance
2019-11-16,57,I Do For You,Dillon Carmichael,56,6,Gains In Performance
2019-11-16,58,What I See,LANco,NEW,1,Gains In Performance
2019-11-16,59,Getting Good,Lauren Alaina,54,4,
2019-11-16,60,Chasin' Me,Caroline Jones,60,13,Gains In Performance
2019-11-23,1,Even Though I'm Leaving,Luke Combs,2,15,Greatest gainer this week|Gains In Performance
2019-11-23,2,One Man Band,Old Dominion,3,23,Gains In Performance
2019-11-23,3,Remember You Young,Thomas Rhett,5,20,Gains In Performance
2019-11-23,4,Good Vibes,Chris Janson,7,38,Gains In Performance
2019-11-23,5,We Were,Keith Urban,8,27,Gains In Performance
2019-11-23,6,Every Little Thing,Russell Dickerson,4,50,
2019-11-23,7,Heartache Medication,Jon Pardi,11,25,Gains In Performance
2019-11-23,8,What If I Never Get Over You,Lady Antebellum,10,27,Gains In Performance
2019-11-23,9,Tip Of My Tongue,Kenny Chesney,9,19,Gains In Performance
2019-11-23,10,Ridin' Roads,Dustin Lynch,12,34,Gains In Performance
2019-11-23,11,What Happens In A Small Town,Brantley Gilbert + Lindsay Ell,1,49,
2019-11-23,12,"10,000 Hours",Dan + Shay & Justin Bieber,14,7,Gains In Performance
2019-11-23,13,Kinfolks,Sam Hunt,13,6,Gains In Performance
2019-11-23,14,It All Comes Out In The Wash,Miranda Lambert,15,18,Gains In Performance
2019-11-23,15,We Back,Jason Aldean,16,10,Gains In Performance
2019-11-23,16,Make Me Want To,Jimmie Allen,17,43,Gains In Performance
2019-11-23,17,Dive Bar,Garth Brooks & Blake Shelton,18,22,Gains In Performance
2019-11-23,18,Homesick,Kane Brown,19,15,Gains In Performance
2019-11-23,19,What She Wants Tonight,Luke Bryan,22,4,Gains In Performance
2019-11-23,20,Hell Right,Blake Shelton Featuring Trace Adkins,20,14,Gains In Performance
2019-11-23,21,More Hearts Than Mine,Ingrid Andress,21,21,Gains In Performance
2019-11-23,22,The Bones,Maren Morris,26,13,Gains In Performance
2019-11-23,23,Slow Dance In A Parking Lot,Jordan Davis,23,30,Gains In Performance
2019-11-23,24,Catch,Brett Young,27,25,Gains In Performance
2019-11-23,25,homecoming queen?,Kelsea Ballerini,28,11,Gains In Performance
2019-11-23,26,To A T,Ryan Hurd,25,39,Gains In Performance
2019-11-23,27,Homemade,Jake Owen,29,24,Gains In Performance
2019-11-23,28,I Wish Grandpas Never Died,Riley Green,30,15,Gains In Performance
2019-11-23,29,After A Few,Travis Denning,33,36,Gains In Performance
2019-11-23,30,In Between,Scotty McCreery,32,32,
2019-11-23,31,Every Girl In This Town,Trisha Yearwood,31,24,
2019-11-23,32,Nothing To Do Town,Dylan Scott,34,44,Gains In Performance
2019-11-23,33,One Big Country Song,LoCash,36,31,Gains In Performance
2019-11-23,34,Her World Or Mine,Michael Ray,37,22,Gains In Performance
2019-11-23,35,I Hope,Gabby Barrett,35,12,
2019-11-23,36,Family Tree,Caylee Hammack,38,26,Gains In Performance
2019-11-23,37,Monsters,Eric Church,39,11,Gains In Performance
2019-11-23,38,I Hope You're Happy Now,Carly Pearce & Lee Brice,44,6,Gains In Performance
2019-11-23,39,What Could've Been,Gone West,41,18,Gains In Performance
2019-11-23,40,Blessings,Florida Georgia Line,40,8,
2019-11-23,41,Chasin' You,Morgan Wallen,43,16,Gains In Performance
2019-11-23,42,Hold On,Hootie & The Blowfish,42,5,
2019-11-23,43,Drowning,Chris Young,47,8,Gains In Performance
2019-11-23,44,Lonely If You Are,Chase Rice,46,20,Gains In Performance
2019-11-23,45,Drinking Alone,Carrie Underwood,50,2,Gains In Performance
2019-11-23,46,Details,Billy Currington,45,15,
2019-11-23,47,Front Seat,Rayne Johnson,48,11,Gains In Performance
2019-11-23,48,Die From A Broken Heart,Maddie & Tae,49,16,Gains In Performance
2019-11-23,49,Why We Drink,Justin Moore,51,7,Gains In Performance
2019-11-23,50,Break It In,Eli Young Band,53,7,Gains In Performance
2019-11-23,51,The Weight Of The Badge,George Strait,52,6,
2019-11-23,52,Thank God For You,Rodney Atkins,54,10,Gains In Performance
2019-11-23,53,Now You Know,Jon Langston,55,6,Gains In Performance
2019-11-23,54,I Do For You,Dillon Carmichael,57,7,Gains In Performance
2019-11-23,55,She's Mine,Kip Moore,56,10,
2019-11-23,56,Getting Good,Lauren Alaina,59,5,Gains In Performance
2019-11-23,57,"Big, Big Plans",Chris Lane,NEW,1,Highest ranking debut|Gains In Performance
2019-11-23,58,Nothin' On You,Cody Johnson,RE,7,Gains In Performance
2019-11-23,59,Chasin' Me,Caroline Jones,60,14,
2019-11-23,60,One Night Standards,Ashley McBryde,NEW,1,Gains In Performance
2019-11-30,1,Even Though I'm Leaving,Luke Combs,1,16,Gains In Performance
2019-11-30,2,One Man Band,Old Dominion,2,24,Gains In Performance
2019-11-30,3,Remember You Young,Thomas Rhett,3,21,Gains In Performance
2019-11-30,4,We Were,Keith Urban,5,28,Gains In Performance
2019-11-30,5,Good Vibes,Chris Janson,4,39,
2019-11-30,6,What If I Never Get Over You,Lady Antebellum,8,28,Gains In Performance
2019-11-30,7,Heartache Medication,Jon Pardi,7,26,Gains In Performance
2019-11-30,8,Ridin' Roads,Dustin Lynch,10,35,Greatest gainer this week|Gains In Performance
2019-11-30,9,Tip Of My Tongue,Kenny Chesney,9,20,Gains In Performance
2019-11-30,10,"10,000 Hours",Dan + Shay & Justin Bieber,12,8,Gains In Performance
2019-11-30,11,Kinfolks,Sam Hunt,13,7,Gains In Performance
2019-11-30,12,We Back,Jason Aldean,15,11,Gains In Performance
2019-11-30,13,Make Me Want To,Jimmie Allen,16,44,Gains In Performance
2019-11-30,14,Homesick,Kane Brown,18,16,Gains In Performance
2019-11-30,15,Dive Bar,Garth Brooks & Blake Shelton,17,23,Gains In Performance
2019-11-30,16,What She Wants Tonight,Luke Bryan,19,5,Gains In Performance
2019-11-30,17,The Bones,Maren Morris,22,14,Gains In Performance
2019-11-30,18,Hell Right,Blake Shelton Featuring Trace Adkins,20,15,Gains In Performance
2019-11-30,19,More Hearts Than Mine,Ingrid Andress,21,22,Gains In Performance
2019-11-30,20,Slow Dance In A Parking Lot,Jordan Davis,23,31,Gains In Performance
2019-11-30,21,Catch,Brett Young,24,26,Gains In Performance
2019-11-30,22,homecoming queen?,Kelsea Ballerini,25,12,Gains In Performance
2019-11-30,23,To A T,Ryan Hurd,26,40,
2019-11-30,24,It All Comes Out In The Wash,Miranda Lambert,14,19,
2019-11-30,25,Homemade,Jake Owen,27,25,Gains In Performance
2019-11-30,26,I Wish Grandpas Never Died,Riley Green,28,16,Gains In Performance
2019-11-30,27,After A Few,Travis Denning,29,37,Gains In Performance
2019-11-30,28,In Between,Scotty McCreery,30,33,Gains In Performance
2019-11-30,29,Every Girl In This Town,Trisha Yearwood,31,25,Gains In Performance
2019-11-30,30,I Hope,Gabby Barrett,35,13,Gains In Performance
2019-11-30,31,One Big Country Song,LoCash,33,32,Gains In Performance
2019-11-30,32,Her World Or Mine,Michael Ray,34,23,Gains In Performance
2019-11-30,33,Monsters,Eric Church,37,12,Gains In Performance
2019-11-30,34,Family Tree,Caylee Hammack,36,27,Gains In Performance
2019-11-30,35,I Hope You're Happy Now,Carly Pearce & Lee Brice,38,7,Gains In Performance
2019-11-30,36,What Could've Been,Gone West,39,19,Gains In Performance
2019-11-30,37,Chasin' You,Morgan Wallen,41,17,Gains In Performance
2019-11-30,38,Blessings,Florida Georgia Line,40,9,Gains In Performance
2019-11-30,39,Details,Billy Currington,46,16,Gains In Performance
2019-11-30,40,Drinking Alone,Carrie Underwood,45,3,Gains In Performance
2019-11-30,41,Hold On,Hootie & The Blowfish,42,6,Gains In Performance
2019-11-30,42,Drowning,Chris Young,43,9,Gains In Performance
2019-11-30,43,Lonely If You Are,Chase Rice,44,21,Gains In Performance
2019-11-30,44,Die From A Broken Heart,Maddie & Tae,48,17,Gains In Performance
2019-11-30,45,Front Seat,Rayne Johnson,47,12,
2019-11-30,46,Why We Drink,Justin Moore,49,8,
2019-11-30,47,Break It In,Eli Young Band,50,8,Gains In Performance
2019-11-30,48,Thank God For You,Rodney Atkins,52,11,Gains In Performance
2019-11-30,49,One Night Standards,Ashley McBryde,60,2,Gains In Performance
2019-11-30,50,Now You Know,Jon Langston,53,7,Gains In Performance
2019-11-30,51,She's Mine,Kip Moore,55,11,Gains In Performance
2019-11-30,52,I Do For You,Dillon Carmichael,54,8,Gains In Performance
2019-11-30,53,The Weight Of The Badge,George Strait,51,7,
2019-11-30,54,Chasin' Me,Caroline Jones,59,15,Gains In Performance
2019-11-30,55,Getting Good,Lauren Alaina,56,6,Gains In Performance
2019-11-30,56,What I See,LANco,RE,2,Gains In Performance
2019-11-30,57,"Big, Big Plans",Chris Lane,57,2,Gains In Performance
2019-11-30,58,Really Shouldn't Drink Around You,Teddy Robb,NEW,1,Highest ranking debut|Gains In Performance
2019-11-30,59,Head Over Heels,Runaway June,NEW,1,Gains In Performance
2019-11-30,60,Masterpiece,Thompson Square,NEW,1,
2019-12-07,1,Even Though I'm Leaving,Luke Combs,1,17,Gains In Performance
2019-12-07,2,One Man Band,Old Dominion,2,25,Gains In Performance
2019-12-07,3,Remember You Young,Thomas Rhett,3,22,Greatest gainer this week|Gains In Performance
2019-12-07,4,We Were,Keith Urban,4,29,Gains In Performance
2019-12-07,5,Ridin' Roads,Dustin Lynch,8,36,Gains In Performance
2019-12-07,6,What If I Never Get Over You,Lady Antebellum,6,29,Gains In Performance
2019-12-07,7,Heartache Medication,Jon Pardi,7,27,Gains In Performance
2019-12-07,8,Tip Of My Tongue,Kenny Chesney,9,21,Gains In Performance
2019-12-07,9,"10,000 Hours",Dan + Shay & Justin Bieber,10,9,Gains In Performance
2019-12-07,10,Kinfolks,Sam Hunt,11,8,Gains In Performance
2019-12-07,11,Make Me Want To,Jimmie Allen,13,45,Gains In Performance
2019-12-07,12,We Back,Jason Aldean,12,12,Gains In Performance
2019-12-07,13,Homesick,Kane Brown,14,17,Gains In Performance
2019-12-07,14,The Bones,Maren Morris,17,15,Gains In Performance
2019-12-07,15,Dive Bar,Garth Brooks & Blake Shelton,15,24,Gains In Performance
2019-12-07,16,What She Wants Tonight,Luke Bryan,16,6,Gains In Performance
2019-12-07,17,Slow Dance In A Parking Lot,Jordan Davis,20,32,Gains In Performance
2019-12-07,18,Hell Right,Blake Shelton Featuring Trace Adkins,18,16,Gains In Performance
2019-12-07,19,More Hearts Than Mine,Ingrid Andress,19,23,Gains In Performance
2019-12-07,20,Catch,Brett Young,21,27,Gains In Performance
2019-12-07,21,homecoming queen?,Kelsea Ballerini,22,13,Gains In Performance
2019-12-07,22,Homemade,Jake Owen,25,26,Gains In Performance
2019-12-07,23,To A T,Ryan Hurd,23,41,Gains In Performance
2019-12-07,24,I Wish Grandpas Never Died,Riley Green,26,17,Gains In Performance
2019-12-07,25,After A Few,Travis Denning,27,38,Gains In Performance
2019-12-07,26,In Between,Scotty McCreery,28,34,Gains In Performance
2019-12-07,27,I Hope,Gabby Barrett,30,14,Gains In Performance
2019-12-07,28,Every Girl In This Town,Trisha Yearwood,29,26,Gains In Performance
2019-12-07,29,One Big Country Song,LoCash,31,33,Gains In Performance
2019-12-07,30,Her World Or Mine,Michael Ray,32,24,Gains In Performance
2019-12-07,31,I Hope You're Happy Now,Carly Pearce & Lee Brice,35,8,Gains In Performance
2019-12-07,32,Monsters,Eric Church,33,13,Gains In Performance
2019-12-07,33,Family Tree,Caylee Hammack,34,28,Gains In Performance
2019-12-07,34,Chasin' You,Morgan Wallen,37,18,Gains In Performance
2019-12-07,35,What Could've Been,Gone West,36,20,
2019-12-07,36,Blessings,Florida Georgia Line,38,10,Gains In Performance
2019-12-07,37,Details,Billy Currington,39,17,Gains In Performance
2019-12-07,38,It All Comes Out In The Wash,Miranda Lambert,24,20,
2019-12-07,39,Drowning,Chris Young,42,10,Gains In Performance
2019-12-07,40,Hold On,Hootie & The Blowfish,41,7,
2019-12-07,41,Lonely If You Are,Chase Rice,43,22,Gains In Performance
2019-12-07,42,Drinking Alone,Carrie Underwood,40,4,Gains In Performance
2019-12-07,43,Front Seat,Rayne Johnson,45,13,Gains In Performance
2019-12-07,44,Why We Drink,Justin Moore,46,9,Gains In Performance
2019-12-07,45,One Night Standards,Ashley McBryde,49,3,Gains In Performance
2019-12-07,46,Die From A Broken Heart,Maddie & Tae,44,18,
2019-12-07,47,Thank God For You,Rodney Atkins,48,12,Gains In Performance
2019-12-07,48,Break It In,Eli Young Band,47,9,Gains In Performance
2019-12-07,49,She's Mine,Kip Moore,51,12,Gains In Performance
2019-12-07,50,Now You Know,Jon Langston,50,8,Gains In Performance
2019-12-07,51,I Do For You,Dillon Carmichael,52,9,Gains In Performance
2019-12-07,52,Getting Good,Lauren Alaina,55,7,Gains In Performance
2019-12-07,53,Chasin' Me,Caroline Jones,54,16,
2019-12-07,54,What I See,LANco,56,3,Gains In Performance
2019-12-07,55,Head Over Heels,Runaway June,59,2,Gains In Performance
2019-12-07,56,Done,Chris Janson,NEW,1,Highest ranking debut|Gains In Performance
2019-12-07,57,Masterpiece,Thompson Square,60,2,
2019-12-07,58,That's Why I Love Dirt Roads,Granger Smith,NEW,1,Gains In Performance
2019-12-07,59,Some Girls,Jameson Rodgers,RE,2,Gains In Performance
2019-12-07,60,Over Drinking,Little Big Town,NEW,1,
2019-12-14,1,One Man Band,Old Dominion,2,26,Gains In Performance
2019-12-14,2,Even Though I'm Leaving,Luke Combs,1,18,
2019-12-14,3,Remember You Young,Thomas Rhett,3,23,Gains In Performance
2019-12-14,4,We Were,Keith Urban,4,30,Greatest gainer this week|Gains In Performance
2019-12-14,5,Ridin' Roads,Dustin Lynch,5,37,
2019-12-14,6,Heartache Medication,Jon Pardi,7,28,Gains In Performance
2019-12-14,7,What If I Never Get Over You,Lady Antebellum,6,30,Gains In Performance
2019-12-14,8,"10,000 Hours",Dan + Shay & Justin Bieber,9,10,Gains In Performance
2019-12-14,9,Tip Of My Tongue,Kenny Chesney,8,22,
2019-12-14,10,Kinfolks,Sam Hunt,10,9,
2019-12-14,11,Make Me Want To,Jimmie Allen,11,46,
2019-12-14,12,We Back,Jason Aldean,12,13,Gains In Performance
2019-12-14,13,The Bones,Maren Morris,14,16,Gains In Performance
2019-12-14,14,Homesick,Kane Brown,13,18,
2019-12-14,15,Dive Bar,Garth Brooks & Blake Shelton,15,25,Gains In Performance
2019-12-14,16,What She Wants Tonight,Luke Bryan,16,7,Gains In Performance
2019-12-14,17,Slow Dance In A Parking Lot,Jordan Davis,17,33,
2019-12-14,18,More Hearts Than Mine,Ingrid Andress,19,24,Gains In Performance
2019-12-14,19,Hell Right,Blake Shelton Featuring Trace Adkins,18,17,
2019-12-14,20,Catch,Brett Young,20,28,
2019-12-14,21,Homemade,Jake Owen,22,27,Gains In Performance
2019-12-14,22,homecoming queen?,Kelsea Ballerini,21,14,Gains In Performance
2019-12-14,23,I Wish Grandpas Never Died,Riley Green,24,18,Gains In Performance
2019-12-14,24,To A T,Ryan Hurd,23,42,
2019-12-14,25,After A Few,Travis Denning,25,39,Gains In Performance
2019-12-14,26,In Between,Scotty McCreery,26,35,
2019-12-14,27,One Big Country Song,LoCash,29,34,Gains In Performance
2019-12-14,28,I Hope,Gabby Barrett,27,15,Gains In Performance
2019-12-14,29,Every Girl In This Town,Trisha Yearwood,28,27,
2019-12-14,30,Her World Or Mine,Michael Ray,30,25,
2019-12-14,31,I Hope You're Happy Now,Carly Pearce & Lee Brice,31,9,Gains In Performance
2019-12-14,32,Monsters,Eric Church,32,14,
2019-12-14,33,What Could've Been,Gone West,35,21,Gains In Performance
2019-12-14,34,Family Tree,Caylee Hammack,33,29,
2019-12-14,35,Chasin' You,Morgan Wallen,34,19,
2019-12-14,36,Blessings,Florida Georgia Line,36,11,Gains In Performance
2019-12-14,37,Details,Billy Currington,37,18,Gains In Performance
2019-12-14,38,Drinking Alone,Carrie Underwood,42,5,Gains In Performance
2019-12-14,39,Drowning,Chris Young,39,11,
2019-12-14,40,Lonely If You Are,Chase Rice,41,23,
2019-12-14,41,Hold On,Hootie & The Blowfish,40,8,
2019-12-14,42,One Night Standards,Ashley McBryde,45,4,Gains In Performance
2019-12-14,43,Die From A Broken Heart,Maddie & Tae,46,19,Gains In Performance
2019-12-14,44,Front Seat,Rayne Johnson,43,14,Gains In Performance
2019-12-14,45,Why We Drink,Justin Moore,44,10,Gains In Performance
2019-12-14,46,Thank God For You,Rodney Atkins,47,13,
2019-12-14,47,Break It In,Eli Young Band,48,10,
2019-12-14,48,Now You Know,Jon Langston,50,9,Gains In Performance
2019-12-14,49,She's Mine,Kip Moore,49,13,
2019-12-14,50,I Do For You,Dillon Carmichael,51,10,Gains In Performance
2019-12-14,51,Chasin' Me,Caroline Jones,53,17,Gains In Performance
2019-12-14,52,Head Over Heels,Runaway June,55,3,Gains In Performance
2019-12-14,53,What I See,LANco,54,4,
2019-12-14,54,Getting Good,Lauren Alaina,52,8,
2019-12-14,55,Done,Chris Janson,56,2,Gains In Performance
2019-12-14,56,Some Girls,Jameson Rodgers,59,3,Gains In Performance
2019-12-14,57,Masterpiece,Thompson Square,57,3,
2019-12-14,58,That's Why I Love Dirt Roads,Granger Smith,58,2,
2019-12-14,59,Over Drinking,Little Big Town,60,2,
2019-12-14,60,Everywhere But On,Matt Stell,NEW,1,Highest ranking debut|Gains In Performance
2019-12-21,1,Remember You Young,Thomas Rhett,3,24,Gains In Performance
2019-12-21,2,Even Though I'm Leaving,Luke Combs,2,19,
2019-12-21,3,One Man Band,Old Dominion,1,27,
2019-12-21,4,Ridin' Roads,Dustin Lynch,5,38,Gains In Performance
2019-12-21,5,What If I Never Get Over You,Lady Antebellum,7,31,Gains In Performance
2019-12-21,6,Heartache Medication,Jon Pardi,6,29,Gains In Performance
2019-12-21,7,"10,000 Hours",Dan + Shay & Justin Bieber,8,11,Greatest gainer this week|Gains In Performance
2019-12-21,8,Kinfolks,Sam Hunt,10,10,Gains In Performance
2019-12-21,9,Tip Of My Tongue,Kenny Chesney,9,23,
2019-12-21,10,We Were,Keith Urban,4,31,
2019-12-21,11,The Bones,Maren Morris,13,17,Gains In Performance
2019-12-21,12,Make Me Want To,Jimmie Allen,11,47,Gains In Performance
2019-12-21,13,We Back,Jason Aldean,12,14,Gains In Performance
2019-12-21,14,Homesick,Kane Brown,14,19,Gains In Performance
2019-12-21,15,What She Wants Tonight,Luke Bryan,16,8,Gains In Performance
2019-12-21,16,Dive Bar,Garth Brooks & Blake Shelton,15,26,Gains In Performance
2019-12-21,17,Slow Dance In A Parking Lot,Jordan Davis,17,34,Gains In Performance
2019-12-21,18,Hell Right,Blake Shelton Featuring Trace Adkins,19,18,Gains In Performance
2019-12-21,19,More Hearts Than Mine,Ingrid Andress,18,25,Gains In Performance
2019-12-21,20,Catch,Brett Young,20,29,Gains In Performance
2019-12-21,21,Homemade,Jake Owen,21,28,Gains In Performance
2019-12-21,22,homecoming queen?,Kelsea Ballerini,22,15,Gains In Performance
2019-12-21,23,I Wish Grandpas Never Died,Riley Green,23,19,Gains In Performance
2019-12-21,24,To A T,Ryan Hurd,24,43,Gains In Performance
2019-12-21,25,After A Few,Travis Denning,25,40,Gains In Performance
2019-12-21,26,I Hope,Gabby Barrett,28,16,Gains In Performance
2019-12-21,27,I Hope You're Happy Now,Carly Pearce & Lee Brice,31,10,Gains In Performance
2019-12-21,28,In Between,Scotty McCreery,26,36,Gains In Performance
2019-12-21,29,One Big Country Song,LoCash,27,35,Gains In Performance
2019-12-21,30,Every Girl In This Town,Trisha Yearwood,29,28,Gains In Performance
2019-12-21,31,Monsters,Eric Church,32,15,Gains In Performance
2019-12-21,32,Her World Or Mine,Michael Ray,30,26,Gains In Performance
2019-12-21,33,Chasin' You,Morgan Wallen,35,20,Gains In Performance
2019-12-21,34,What Could've Been,Gone West,33,22,Gains In Performance
2019-12-21,35,Family Tree,Caylee Hammack,34,30,Gains In Performance
2019-12-21,36,Blessings,Florida Georgia Line,36,12,Gains In Performance
2019-12-21,37,Details,Billy Currington,37,19,Gains In Performance
2019-12-21,38,Drinking Alone,Carrie Underwood,38,6,Gains In Performance
2019-12-21,39,Drowning,Chris Young,39,12,Gains In Performance
2019-12-21,40,Lonely If You Are,Chase Rice,40,24,Gains In Performance
2019-12-21,41,Why We Drink,Justin Moore,45,11,Gains In Performance
2019-12-21,42,One Night Standards,Ashley McBryde,42,5,Gains In Performance
2019-12-21,43,Die From A Broken Heart,Maddie & Tae,43,20,Gains In Performance
2019-12-21,44,Front Seat,Rayne Johnson,44,15,Gains In Performance
2019-12-21,45,Now You Know,Jon Langston,48,10,Gains In Performance
2019-12-21,46,Break It In,Eli Young Band,47,11,Gains In Performance
2019-12-21,47,She's Mine,Kip Moore,49,14,Gains In Performance
2019-12-21,48,Thank God For You,Rodney Atkins,46,14,
2019-12-21,49,Done,Chris Janson,55,3,Gains In Performance
2019-12-21,50,Getting Good,Lauren Alaina,54,9,Gains In Performance
2019-12-21,51,I Do For You,Dillon Carmichael,50,11,
2019-12-21,52,Head Over Heels,Runaway June,52,4,
2019-12-21,53,Some Girls,Jameson Rodgers,56,4,Gains In Performance
2019-12-21,54,Everywhere But On,Matt Stell,60,2,Gains In Performance
2019-12-21,55,Christmas In The Country,Thomas Rhett,NEW,1,Highest ranking debut|Gains In Performance
2019-12-21,56,That's Why I Love Dirt Roads,Granger Smith,58,3,Gains In Performance
2019-12-21,57,Over Drinking,Little Big Town,59,3,Gains In Performance
2019-12-21,58,"Big, Big Plans",Chris Lane,RE,3,Gains In Performance
2019-12-21,59,What I See,LANco,53,5,
2019-12-21,60,Really Shouldn't Drink Around You,Teddy Robb,RE,2,Gains In Performance
2019-12-28,1,Even Though I'm Leaving,Luke Combs,2,20,
2019-12-28,2,Remember You Young,Thomas Rhett,1,25,
2019-12-28,3,Ridin' Roads,Dustin Lynch,4,39,Gains In Performance
2019-12-28,4,One Man Band,Old Dominion,3,28,
2019-12-28,5,"10,000 Hours",Dan + Shay & Justin Bieber,7,12,Greatest gainer this week|Gains In Performance
2019-12-28,6,What If I Never Get Over You,Lady Antebellum,5,32,Gains In Performance
2019-12-28,7,Heartache Medication,Jon Pardi,6,30,Gains In Performance
2019-12-28,8,Kinfolks,Sam Hunt,8,11,Gains In Performance
2019-12-28,9,The Bones,Maren Morris,11,18,Gains In Performance
2019-12-28,10,Make Me Want To,Jimmie Allen,12,48,Gains In Performance
2019-12-28,11,We Back,Jason Aldean,13,15,Gains In Performance
2019-12-28,12,Homesick,Kane Brown,14,20,Gains In Performance
2019-12-28,13,What She Wants Tonight,Luke Bryan,15,9,Gains In Performance
2019-12-28,14,Dive Bar,Garth Brooks & Blake Shelton,16,27,Gains In Performance
2019-12-28,15,More Hearts Than Mine,Ingrid Andress,19,26,Gains In Performance
2019-12-28,16,Slow Dance In A Parking Lot,Jordan Davis,17,35,Gains In Performance
2019-12-28,17,Catch,Brett Young,20,30,Gains In Performance
2019-12-28,18,Homemade,Jake Owen,21,29,Gains In Performance
2019-12-28,19,Hell Right,Blake Shelton Featuring Trace Adkins,18,19,
2019-12-28,20,homecoming queen?,Kelsea Ballerini,22,16,
2019-12-28,21,I Wish Grandpas Never Died,Riley Green,23,20,Gains In Performance
2019-12-28,22,To A T,Ryan Hurd,24,44,
2019-12-28,23,I Hope You're Happy Now,Carly Pearce & Lee Brice,27,11,Gains In Performance
2019-12-28,24,After A Few,Travis Denning,25,41,Gains In Performance
2019-12-28,25,I Hope,Gabby Barrett,26,17,Gains In Performance
2019-12-28,26,In Between,Scotty McCreery,28,37,Gains In Performance
2019-12-28,27,Monsters,Eric Church,31,16,Gains In Performance
2019-12-28,28,One Big Country Song,LoCash,29,36,
2019-12-28,29,Chasin' You,Morgan Wallen,33,21,Gains In Performance
2019-12-28,30,Her World Or Mine,Michael Ray,32,27,Gains In Performance
2019-12-28,31,Blessings,Florida Georgia Line,36,13,Gains In Performance
2019-12-28,32,Every Girl In This Town,Trisha Yearwood,30,29,
2019-12-28,33,What Could've Been,Gone West,34,23,Gains In Performance
2019-12-28,34,Family Tree,Caylee Hammack,35,31,
2019-12-28,35,Drinking Alone,Carrie Underwood,38,7,Gains In Performance
2019-12-28,36,Details,Billy Currington,37,20,Gains In Performance
2019-12-28,37,Drowning,Chris Young,39,13,Gains In Performance
2019-12-28,38,Why We Drink,Justin Moore,41,12,Gains In Performance
2019-12-28,39,Lonely If You Are,Chase Rice,40,25,
2019-12-28,40,One Night Standards,Ashley McBryde,42,6,Gains In Performance
2019-12-28,41,Die From A Broken Heart,Maddie & Tae,43,21,Gains In Performance
2019-12-28,42,Front Seat,Rayne Johnson,44,16,Gains In Performance
2019-12-28,43,Christmas In The Country,Thomas Rhett,55,2,Gains In Performance
2019-12-28,44,Break It In,Eli Young Band,46,12,
2019-12-28,45,Now You Know,Jon Langston,45,11,
2019-12-28,46,Thank God For You,Rodney Atkins,48,15,Gains In Performance
2019-12-28,47,She's Mine,Kip Moore,47,15,Gains In Performance
2019-12-28,48,Getting Good,Lauren Alaina,50,10,Gains In Performance
2019-12-28,49,Done,Chris Janson,49,4,Gains In Performance
2019-12-28,50,I Don't Love You,Lindsay Ell,NEW,1,Highest ranking debut|Gains In Performance
2019-12-28,51,Head Over Heels,Runaway June,52,5,Gains In Performance
2019-12-28,52,Fire't Up,Brantley Gilbert,NEW,1,Gains In Performance
2019-12-28,53,Bluebird,Miranda Lambert,NEW,1,Gains In Performance
2019-12-28,54,I Do For You,Dillon Carmichael,51,12,Gains In Performance
2019-12-28,55,That's Why I Love Dirt Roads,Granger Smith,56,4,Gains In Performance
2019-12-28,56,Really Shouldn't Drink Around You,Teddy Robb,60,3,Gains In Performance
2019-12-28,57,Everywhere But On,Matt Stell,54,3,Gains In Performance
2019-12-28,58,Some Girls,Jameson Rodgers,53,5,
2019-12-28,59,"Big, Big Plans",Chris Lane,58,4,Gains In Performance
2019-12-28,60,Over Drinking,Little Big Town,57,4,Gains In Performance
2020-01-04,1,Even Though I'm Leaving,Luke Combs,1,21,
2020-01-04,2,Ridin' Roads,Dustin Lynch,3,40,
2020-01-04,3,"10,000 Hours",Dan + Shay & Justin Bieber,5,13,
2020-01-04,4,What If I Never Get Over You,Lady Antebellum,6,33,
2020-01-04,5,One Man Band,Old Dominion,4,29,
2020-01-04,6,Remember You Young,Thomas Rhett,2,26,
2020-01-04,7,Heartache Medication,Jon Pardi,7,31,
2020-01-04,8,The Bones,Maren Morris,9,19,
2020-01-04,9,Kinfolks,Sam Hunt,8,12,
2020-01-04,10,Make Me Want To,Jimmie Allen,10,49,
2020-01-04,11,Homesick,Kane Brown,12,21,Gains In Performance
2020-01-04,12,We Back,Jason Aldean,11,16,
2020-01-04,13,What She Wants Tonight,Luke Bryan,13,10,
2020-01-04,14,Dive Bar,Garth Brooks & Blake Shelton,14,28,
2020-01-04,15,Slow Dance In A Parking Lot,Jordan Davis,16,36,
2020-01-04,16,More Hearts Than Mine,Ingrid Andress,15,27,
2020-01-04,17,Catch,Brett Young,17,31,
2020-01-04,18,Homemade,Jake Owen,18,30,
2020-01-04,19,homecoming queen?,Kelsea Ballerini,20,17,
2020-01-04,20,I Wish Grandpas Never Died,Riley Green,21,21,
2020-01-04,21,I Hope You're Happy Now,Carly Pearce & Lee Brice,23,12,Gains In Performance
2020-01-04,22,To A T,Ryan Hurd,22,45,
2020-01-04,23,After A Few,Travis Denning,24,42,
2020-01-04,24,Hell Right,Blake Shelton Featuring Trace Adkins,19,20,
2020-01-04,25,I Hope,Gabby Barrett,25,18,
2020-01-04,26,In Between,Scotty McCreery,26,38,
2020-01-04,27,Monsters,Eric Church,27,17,
2020-01-04,28,Chasin' You,Morgan Wallen,29,22,Gains In Performance
2020-01-04,29,One Big Country Song,LoCash,28,37,
2020-01-04,30,Blessings,Florida Georgia Line,31,14,
2020-01-04,31,What Could've Been,Gone West,33,24,Gains In Performance
2020-01-04,32,Her World Or Mine,Michael Ray,30,28,
2020-01-04,33,Every Girl In This Town,Trisha Yearwood,32,30,
2020-01-04,34,Family Tree,Caylee Hammack,34,32,
2020-01-04,35,Drinking Alone,Carrie Underwood,35,8,
2020-01-04,36,Why We Drink,Justin Moore,38,13,Gains In Performance
2020-01-04,37,Details,Billy Currington,36,21,
2020-01-04,38,Christmas In The Country,Thomas Rhett,43,3,Gains In Performance
2020-01-04,39,Drowning,Chris Young,37,14,
2020-01-04,40,Lonely If You Are,Chase Rice,39,26,
2020-01-04,41,It Is Christmas,Chris Janson,NEW,1,Highest ranking debut|Gains In Performance
2020-01-04,42,One Night Standards,Ashley McBryde,40,7,
2020-01-04,43,Front Seat,Rayne Johnson,42,17,
2020-01-04,44,Die From A Broken Heart,Maddie & Tae,41,22,
2020-01-04,45,Sleigh Ride,Runaway June,NEW,1,Gains In Performance
2020-01-04,46,Now You Know,Jon Langston,45,12,Gains In Performance
2020-01-04,47,Break It In,Eli Young Band,44,13,
2020-01-04,48,Done,Chris Janson,49,5,Gains In Performance
2020-01-04,49,The Christmas Song,Thomas Rhett,NEW,1,Gains In Performance
2020-01-04,50,Thank God For You,Rodney Atkins,46,16,
2020-01-04,51,Getting Good,Lauren Alaina,48,11,Gains In Performance
2020-01-04,52,I Don't Love You,Lindsay Ell,50,2,Gains In Performance
2020-01-04,53,Beer Can't Fix,Thomas Rhett Featuring Jon Pardi,NEW,1,Gains In Performance
2020-01-04,54,Fire't Up,Brantley Gilbert,52,2,Gains In Performance
2020-01-04,55,She's Mine,Kip Moore,47,16,
2020-01-04,56,Head Over Heels,Runaway June,51,6,
2020-01-04,57,Bluebird,Miranda Lambert,53,2,
2020-01-04,58,Some Girls,Jameson Rodgers,58,6,Gains In Performance
2020-01-04,59,I Do For You,Dillon Carmichael,54,13,
2020-01-04,60,"Big, Big Plans",Chris Lane,59,5,Gains In Performance
2020-01-11,1,Ridin' Roads,Dustin Lynch,2,41,Greatest gainer this week|Gains In Performance
2020-01-11,2,Even Though I'm Leaving,Luke Combs,1,22,Gains In Performance
2020-01-11,3,What If I Never Get Over You,Lady Antebellum,4,34,Gains In Performance
2020-01-11,4,"10,000 Hours",Dan + Shay & Justin Bieber,3,14,Gains In Performance
2020-01-11,5,Heartache Medication,Jon Pardi,7,32,Gains In Performance
2020-01-11,6,Remember You Young,Thomas Rhett,6,27,Gains In Performance
2020-01-11,7,One Man Band,Old Dominion,5,30,Gains In Performance
2020-01-11,8,The Bones,Maren Morris,8,20,Gains In Performance
2020-01-11,9,Kinfolks,Sam Hunt,9,13,Gains In Performance
2020-01-11,10,Make Me Want To,Jimmie Allen,10,50,Gains In Performance
2020-01-11,11,Homesick,Kane Brown,11,22,Gains In Performance
2020-01-11,12,We Back,Jason Aldean,12,17,Gains In Performance
2020-01-11,13,What She Wants Tonight,Luke Bryan,13,11,Gains In Performance
2020-01-11,14,Slow Dance In A Parking Lot,Jordan Davis,15,37,Gains In Performance
2020-01-11,15,Dive Bar,Garth Brooks & Blake Shelton,14,29,Gains In Performance
2020-01-11,16,Catch,Brett Young,17,32,Gains In Performance
2020-01-11,17,More Hearts Than Mine,Ingrid Andress,16,28,Gains In Performance
2020-01-11,18,Homemade,Jake Owen,18,31,Gains In Performance
2020-01-11,19,homecoming queen?,Kelsea Ballerini,19,18,Gains In Performance
2020-01-11,20,I Wish Grandpas Never Died,Riley Green,20,22,Gains In Performance
2020-01-11,21,I Hope You're Happy Now,Carly Pearce & Lee Brice,21,13,Gains In Performance
2020-01-11,22,After A Few,Travis Denning,23,43,Gains In Performance
2020-01-11,23,To A T,Ryan Hurd,22,46,Gains In Performance
2020-01-11,24,I Hope,Gabby Barrett,25,19,Gains In Performance
2020-01-11,25,In Between,Scotty McCreery,26,39,Gains In Performance
2020-01-11,26,Chasin' You,Morgan Wallen,28,23,Gains In Performance
2020-01-11,27,Monsters,Eric Church,27,18,Gains In Performance
2020-01-11,28,One Big Country Song,LoCash,29,38,Gains In Performance
2020-01-11,29,Her World Or Mine,Michael Ray,32,29,Gains In Performance
2020-01-11,30,Blessings,Florida Georgia Line,30,15,Gains In Performance
2020-01-11,31,What Could've Been,Gone West,31,25,Gains In Performance
2020-01-11,32,Every Girl In This Town,Trisha Yearwood,33,31,Gains In Performance
2020-01-11,33,Family Tree,Caylee Hammack,34,33,Gains In Performance
2020-01-11,34,Drinking Alone,Carrie Underwood,35,9,Gains In Performance
2020-01-11,35,Why We Drink,Justin Moore,36,14,Gains In Performance
2020-01-11,36,Details,Billy Currington,37,22,Gains In Performance
2020-01-11,37,Beer Can't Fix,Thomas Rhett Featuring Jon Pardi,53,2,Gains In Performance
2020-01-11,38,Lonely If You Are,Chase Rice,40,27,Gains In Performance
2020-01-11,39,Drowning,Chris Young,39,15,Gains In Performance
2020-01-11,40,Die From A Broken Heart,Maddie & Tae,44,23,Gains In Performance
2020-01-11,41,Front Seat,Rayne Johnson,43,18,Gains In Performance
2020-01-11,42,One Night Standards,Ashley McBryde,42,8,Gains In Performance
2020-01-11,43,Now You Know,Jon Langston,46,13,Gains In Performance
2020-01-11,44,Hold On,Hootie & The Blowfish,RE,9,Gains In Performance
2020-01-11,45,Done,Chris Janson,48,6,Gains In Performance
2020-01-11,46,She's Mine,Kip Moore,55,17,Gains In Performance
2020-01-11,47,Thank God For You,Rodney Atkins,50,17,Gains In Performance
2020-01-11,48,Getting Good,Lauren Alaina,51,12,Gains In Performance
2020-01-11,49,Bluebird,Miranda Lambert,57,3,Gains In Performance
2020-01-11,50,Break It In,Eli Young Band,47,14,Gains In Performance
2020-01-11,51,Nobody But You,Blake Shelton Duet With Gwen Stefani,NEW,1,Highest ranking debut|Gains In Performance
2020-01-11,52,I Don't Love You,Lindsay Ell,52,3,Gains In Performance
2020-01-11,53,Fire't Up,Brantley Gilbert,54,3,Gains In Performance
2020-01-11,54,I Do For You,Dillon Carmichael,59,14,Gains In Performance
2020-01-11,55,Some Girls,Jameson Rodgers,58,7,Gains In Performance
2020-01-11,56,Head Over Heels,Runaway June,56,7,Gains In Performance
2020-01-11,57,Everywhere But On,Matt Stell,RE,4,Gains In Performance
2020-01-11,58,That's Why I Love Dirt Roads,Granger Smith,RE,5,Gains In Performance
2020-01-11,59,"Big, Big Plans",Chris Lane,60,6,Gains In Performance
2020-01-11,60,Diamonds,Morgan Evans,NEW,1,Gains In Performance
2020-01-18,1,What If I Never Get Over You,Lady Antebellum,3,35,Greatest gainer this week|Gains In Performance
2020-01-18,2,"10,000 Hours",Dan + Shay & Justin Bieber,4,15,
2020-01-18,3,Even Though I'm Leaving,Luke Combs,2,23,
2020-01-18,4,Ridin' Roads,Dustin Lynch,1,42,
2020-01-18,5,Heartache Medication,Jon Pardi,5,33,Gains In Performance
2020-01-18,6,The Bones,Maren Morris,8,21,Gains In Performance
2020-01-18,7,One Man Band,Old Dominion,7,31,
2020-01-18,8,Kinfolks,Sam Hunt,9,14,Gains In Performance
2020-01-18,9,Remember You Young,Thomas Rhett,6,28,
2020-01-18,10,Make Me Want To,Jimmie Allen,10,51,
2020-01-18,11,Homesick,Kane Brown,11,23,Gains In Performance
2020-01-18,12,We Back,Jason Aldean,12,18,Gains In Performance
2020-01-18,13,What She Wants Tonight,Luke Bryan,13,12,Gains In Performance
2020-01-18,14,Slow Dance In A Parking Lot,Jordan Davis,14,38,Gains In Performance
2020-01-18,15,Dive Bar,Garth Brooks & Blake Shelton,15,30,
2020-01-18,16,More Hearts Than Mine,Ingrid Andress,17,29,Gains In Performance
2020-01-18,17,Catch,Brett Young,16,33,
2020-01-18,18,Homemade,Jake Owen,18,32,Gains In Performance
2020-01-18,19,I Wish Grandpas Never Died,Riley Green,20,23,Gains In Performance
2020-01-18,20,homecoming queen?,Kelsea Ballerini,19,19,
2020-01-18,21,I Hope You're Happy Now,Carly Pearce & Lee Brice,21,14,Gains In Performance
2020-01-18,22,After A Few,Travis Denning,22,44,Gains In Performance
2020-01-18,23,To A T,Ryan Hurd,23,47,Gains In Performance
2020-01-18,24,I Hope,Gabby Barrett,24,20,Gains In Performance
2020-01-18,25,Chasin' You,Morgan Wallen,26,24,Gains In Performance
2020-01-18,26,In Between,Scotty McCreery,25,40,Gains In Performance
2020-01-18,27,Monsters,Eric Church,27,19,Gains In Performance
2020-01-18,28,One Big Country Song,LoCash,28,39,Gains In Performance
2020-01-18,29,Her World Or Mine,Michael Ray,29,30,Gains In Performance
2020-01-18,30,Blessings,Florida Georgia Line,30,16,Gains In Performance
2020-01-18,31,Beer Can't Fix,Thomas Rhett Featuring Jon Pardi,37,3,Gains In Performance
2020-01-18,32,Drinking Alone,Carrie Underwood,34,10,Gains In Performance
2020-01-18,33,Why We Drink,Justin Moore,35,15,Gains In Performance
2020-01-18,34,Details,Billy Currington,36,23,
2020-01-18,35,Lonely If You Are,Chase Rice,38,28,
2020-01-18,36,Drowning,Chris Young,39,16,Gains In Performance
2020-01-18,37,Front Seat,Rayne Johnson,41,19,Gains In Performance
2020-01-18,38,Hold On,Hootie & The Blowfish,44,10,Gains In Performance
2020-01-18,39,Now You Know,Jon Langston,43,14,Gains In Performance
2020-01-18,40,Die From A Broken Heart,Maddie & Tae,40,24,
2020-01-18,41,Bluebird,Miranda Lambert,49,4,Gains In Performance
2020-01-18,42,She's Mine,Kip Moore,46,18,Gains In Performance
2020-01-18,43,One Night Standards,Ashley McBryde,42,9,
2020-01-18,44,Done,Chris Janson,45,7,
2020-01-18,45,Thank God For You,Rodney Atkins,47,18,Gains In Performance
2020-01-18,46,Break It In,Eli Young Band,50,15,Gains In Performance
2020-01-18,47,Nobody But You,Blake Shelton Duet With Gwen Stefani,51,2,Gains In Performance
2020-01-18,48,Fire't Up,Brantley Gilbert,53,4,Gains In Performance
2020-01-18,49,Getting Good,Lauren Alaina,48,13,
2020-01-18,50,Head Over Heels,Runaway June,56,8,Gains In Performance
2020-01-18,51,I Don't Love You,Lindsay Ell,52,4,
2020-01-18,52,Some Girls,Jameson Rodgers,55,8,Gains In Performance
2020-01-18,53,Everywhere But On,Matt Stell,57,5,Gains In Performance
2020-01-18,54,"Big, Big Plans",Chris Lane,59,7,Gains In Performance
2020-01-18,55,I Do For You,Dillon Carmichael,54,15,
2020-01-18,56,Pretty Heart,Parker McCollum,NEW,1,Highest ranking debut|Gains In Performance
2020-01-18,57,That's Why I Love Dirt Roads,Granger Smith,58,6,Gains In Performance
2020-01-18,58,Over Drinking,Little Big Town,RE,5,Gains In Performance
2020-01-18,59,Really Shouldn't Drink Around You,Teddy Robb,RE,4,
2020-01-18,60,What I See,LANco,RE,6,Gains In Performance
2020-01-25,1,"10,000 Hours",Dan + Shay & Justin Bieber,2,16,Gains In Performance
2020-01-25,2,Heartache Medication,Jon Pardi,5,34,Gains In Performance
2020-01-25,3,What If I Never Get Over You,Lady Antebellum,1,36,
2020-01-25,4,Even Though I'm Leaving,Luke Combs,3,24,
2020-01-25,5,The Bones,Maren Morris,6,22,Gains In Performance
2020-01-25,6,Kinfolks,Sam Hunt,8,15,Gains In Performance
2020-01-25,7,Ridin' Roads,Dustin Lynch,4,43,
2020-01-25,8,One Man Band,Old Dominion,7,32,
2020-01-25,9,Homesick,Kane Brown,11,24,Gains In Performance
2020-01-25,10,Make Me Want To,Jimmie Allen,10,52,Gains In Performance
2020-01-25,11,We Back,Jason Aldean,12,19,Gains In Performance
2020-01-25,12,What She Wants Tonight,Luke Bryan,13,13,Gains In Performance
2020-01-25,13,Slow Dance In A Parking Lot,Jordan Davis,14,39,Gains In Performance
2020-01-25,14,Homemade,Jake Owen,18,33,Gains In Performance
2020-01-25,15,Dive Bar,Garth Brooks & Blake Shelton,15,31,Gains In Performance
2020-01-25,16,Catch,Brett Young,17,34,Gains In Performance
2020-01-25,17,More Hearts Than Mine,Ingrid Andress,16,30,Gains In Performance
2020-01-25,18,I Wish Grandpas Never Died,Riley Green,19,24,Gains In Performance
2020-01-25,19,I Hope You're Happy Now,Carly Pearce & Lee Brice,21,15,Gains In Performance
2020-01-25,20,homecoming queen?,Kelsea Ballerini,20,20,Gains In Performance
2020-01-25,21,After A Few,Travis Denning,22,45,Gains In Performance
2020-01-25,22,I Hope,Gabby Barrett,24,21,Gains In Performance
2020-01-25,23,To A T,Ryan Hurd,23,48,Gains In Performance
2020-01-25,24,Chasin' You,Morgan Wallen,25,25,Gains In Performance
2020-01-25,25,In Between,Scotty McCreery,26,41,Gains In Performance
2020-01-25,26,Beer Can't Fix,Thomas Rhett Featuring Jon Pardi,31,4,Greatest gainer this week|Gains In Performance
2020-01-25,27,Monsters,Eric Church,27,20,Gains In Performance
2020-01-25,28,One Big Country Song,LoCash,28,40,Gains In Performance
2020-01-25,29,Blessings,Florida Georgia Line,30,17,Gains In Performance
2020-01-25,30,Her World Or Mine,Michael Ray,29,31,Gains In Performance
2020-01-25,31,Drinking Alone,Carrie Underwood,32,11,Gains In Performance
2020-01-25,32,Why We Drink,Justin Moore,33,16,Gains In Performance
2020-01-25,33,Nobody But You,Blake Shelton Duet With Gwen Stefani,47,3,Gains In Performance
2020-01-25,34,Lonely If You Are,Chase Rice,35,29,Gains In Performance
2020-01-25,35,Details,Billy Currington,34,24,Gains In Performance
2020-01-25,36,Drowning,Chris Young,36,17,Gains In Performance
2020-01-25,37,Bluebird,Miranda Lambert,41,5,Gains In Performance
2020-01-25,38,Front Seat,Rayne Johnson,37,20,Gains In Performance
2020-01-25,39,Now You Know,Jon Langston,39,15,Gains In Performance
2020-01-25,40,Hold On,Hootie & The Blowfish,38,11,
2020-01-25,41,Done,Chris Janson,44,8,Gains In Performance
2020-01-25,42,She's Mine,Kip Moore,42,19,Gains In Performance
2020-01-25,43,Thank God For You,Rodney Atkins,45,19,Gains In Performance
2020-01-25,44,One Night Standards,Ashley McBryde,43,10,
2020-01-25,45,Fire't Up,Brantley Gilbert,48,5,Gains In Performance
2020-01-25,46,Break It In,Eli Young Band,46,16,
2020-01-25,47,Some Girls,Jameson Rodgers,52,9,Gains In Performance
2020-01-25,48,Head Over Heels,Runaway June,50,9,Gains In Performance
2020-01-25,49,Getting Good,Lauren Alaina,49,14,Gains In Performance
2020-01-25,50,Everywhere But On,Matt Stell,53,6,Gains In Performance
2020-01-25,51,"Big, Big Plans",Chris Lane,54,8,Gains In Performance
2020-01-25,52,I Don't Love You,Lindsay Ell,51,5,
2020-01-25,53,I Do For You,Dillon Carmichael,55,16,Gains In Performance
2020-01-25,54,Pretty Heart,Parker McCollum,56,2,Gains In Performance
2020-01-25,55,Leaving Love Behind,Zac Brown Band,NEW,1,Highest ranking debut|Gains In Performance
2020-01-25,56,Over Drinking,Little Big Town,58,6,Gains In Performance
2020-01-25,57,What I See,LANco,60,7,Gains In Performance
2020-01-25,58,Really Shouldn't Drink Around You,Teddy Robb,59,5,Gains In Performance
2020-01-25,59,That's Why I Love Dirt Roads,Granger Smith,57,7,
2020-01-25,60,Diamonds,Morgan Evans,RE,2,
2020-02-01,1,"10,000 Hours",Dan + Shay & Justin Bieber,1,17,
2020-02-01,2,Heartache Medication,Jon Pardi,2,35,Gains In Performance
2020-02-01,3,The Bones,Maren Morris,5,23,Gains In Performance
2020-02-01,4,Kinfolks,Sam Hunt,6,16,Gains In Performance
2020-02-01,5,Even Though I'm Leaving,Luke Combs,4,25,
2020-02-01,6,What If I Never Get Over You,Lady Antebellum,3,37,
2020-02-01,7,Homesick,Kane Brown,9,25,Gains In Performance
2020-02-01,8,Make Me Want To,Jimmie Allen,10,53,Gains In Performance
2020-02-01,9,Ridin' Roads,Dustin Lynch,7,44,
2020-02-01,10,We Back,Jason Aldean,11,20,Gains In Performance
2020-02-01,11,What She Wants Tonight,Luke Bryan,12,14,Gains In Performance
2020-02-01,12,Homemade,Jake Owen,14,34,Greatest gainer this week|Gains In Performance
2020-02-01,13,Slow Dance In A Parking Lot,Jordan Davis,13,40,Gains In Performance
2020-02-01,14,More Hearts Than Mine,Ingrid Andress,17,31,Gains In Performance
2020-02-01,15,Catch,Brett Young,16,35,Gains In Performance
2020-02-01,16,Dive Bar,Garth Brooks & Blake Shelton,15,32,Gains In Performance
2020-02-01,17,I Wish Grandpas Never Died,Riley Green,18,25,Gains In Performance
2020-02-01,18,I Hope You're Happy Now,Carly Pearce & Lee Brice,19,16,Gains In Performance
2020-02-01,19,homecoming queen?,Kelsea Ballerini,20,21,Gains In Performance
2020-02-01,20,After A Few,Travis Denning,21,46,Gains In Performance
2020-02-01,21,Chasin' You,Morgan Wallen,24,26,Gains In Performance
2020-02-01,22,I Hope,Gabby Barrett,22,22,Gains In Performance
2020-02-01,23,To A T,Ryan Hurd,23,49,Gains In Performance
2020-02-01,24,Beer Can't Fix,Thomas Rhett Featuring Jon Pardi,26,5,Gains In Performance
2020-02-01,25,In Between,Scotty McCreery,25,42,Gains In Performance
2020-02-01,26,Monsters,Eric Church,27,21,Gains In Performance
2020-02-01,27,One Big Country Song,LoCash,28,41,
2020-02-01,28,Blessings,Florida Georgia Line,29,18,Gains In Performance
2020-02-01,29,Her World Or Mine,Michael Ray,30,32,Gains In Performance
2020-02-01,30,Nobody But You,Blake Shelton Duet With Gwen Stefani,33,4,Gains In Performance
2020-02-01,31,What Could've Been,Gone West,RE,26,Gains In Performance
2020-02-01,32,Drinking Alone,Carrie Underwood,31,12,Gains In Performance
2020-02-01,33,Family Tree,Caylee Hammack,RE,34,Gains In Performance
2020-02-01,34,Why We Drink,Justin Moore,32,17,Gains In Performance
2020-02-01,35,Lonely If You Are,Chase Rice,34,30,Gains In Performance
2020-02-01,36,Drowning,Chris Young,36,18,Gains In Performance
2020-02-01,37,Bluebird,Miranda Lambert,37,6,Gains In Performance
2020-02-01,38,Details,Billy Currington,35,25,Gains In Performance
2020-02-01,39,Front Seat,Rayne Johnson,38,21,Gains In Performance
2020-02-01,40,Die From A Broken Heart,Maddie & Tae,RE,25,Gains In Performance
2020-02-01,41,Pick Her Up,Hot Country Knights Featuring Travis Tritt,NEW,1,Highest ranking debut|Gains In Performance
2020-02-01,42,She's Mine,Kip Moore,42,20,Gains In Performance
2020-02-01,43,Now You Know,Jon Langston,39,16,
2020-02-01,44,Done,Chris Janson,41,9,Gains In Performance
2020-02-01,45,Hold On,Hootie & The Blowfish,40,12,
2020-02-01,46,Thank God For You,Rodney Atkins,43,20,Gains In Performance
2020-02-01,47,One Night Standards,Ashley McBryde,44,11,Gains In Performance
2020-02-01,48,Break It In,Eli Young Band,46,17,Gains In Performance
2020-02-01,49,Does To Me,Luke Combs Featuring Eric Church,NEW,1,Gains In Performance
2020-02-01,50,Some Girls,Jameson Rodgers,47,10,Gains In Performance
2020-02-01,51,I Do For You,Dillon Carmichael,53,17,Gains In Performance
2020-02-01,52,Fire't Up,Brantley Gilbert,45,6,
2020-02-01,53,Cheatin' Songs,Midland,NEW,1,Gains In Performance
2020-02-01,54,Getting Good,Lauren Alaina,49,15,
2020-02-01,55,Over Drinking,Little Big Town,56,7,Gains In Performance
2020-02-01,56,Head Over Heels,Runaway June,48,10,
2020-02-01,57,"Big, Big Plans",Chris Lane,51,9,Gains In Performance
2020-02-01,58,I Don't Love You,Lindsay Ell,52,6,
2020-02-01,59,Everywhere But On,Matt Stell,50,7,
2020-02-01,60,Pretty Heart,Parker McCollum,54,3,
2020-02-08,1,Heartache Medication,Jon Pardi,2,36,Greatest gainer this week|Gains In Performance
2020-02-08,2,The Bones,Maren Morris,3,24,Gains In Performance
2020-02-08,3,"10,000 Hours",Dan + Shay & Justin Bieber,1,18,
2020-02-08,4,Kinfolks,Sam Hunt,4,17,Gains In Performance
2020-02-08,5,Even Though I'm Leaving,Luke Combs,5,26,Gains In Performance
2020-02-08,6,Make Me Want To,Jimmie Allen,8,54,Gains In Performance
2020-02-08,7,Homesick,Kane Brown,7,26,Gains In Performance
2020-02-08,8,We Back,Jason Aldean,10,21,Gains In Performance
2020-02-08,9,What She Wants Tonight,Luke Bryan,11,15,Gains In Performance
2020-02-08,10,Homemade,Jake Owen,12,35,Gains In Performance
2020-02-08,11,Slow Dance In A Parking Lot,Jordan Davis,13,41,Gains In Performance
2020-02-08,12,Catch,Brett Young,15,36,Gains In Performance
2020-02-08,13,More Hearts Than Mine,Ingrid Andress,14,32,Gains In Performance
2020-02-08,14,Dive Bar,Garth Brooks & Blake Shelton,16,33,Gains In Performance
2020-02-08,15,I Wish Grandpas Never Died,Riley Green,17,26,Gains In Performance
2020-02-08,16,I Hope You're Happy Now,Carly Pearce & Lee Brice,18,17,Gains In Performance
2020-02-08,17,After A Few,Travis Denning,20,47,Gains In Performance
2020-02-08,18,homecoming queen?,Kelsea Ballerini,19,22,Gains In Performance
2020-02-08,19,I Hope,Gabby Barrett,22,23,Gains In Performance
2020-02-08,20,Chasin' You,Morgan Wallen,21,27,Gains In Performance
2020-02-08,21,Beer Can't Fix,Thomas Rhett Featuring Jon Pardi,24,6,Gains In Performance
2020-02-08,22,To A T,Ryan Hurd,23,50,Gains In Performance
2020-02-08,23,In Between,Scotty McCreery,25,43,Gains In Performance
2020-02-08,24,Monsters,Eric Church,26,22,Gains In Performance
2020-02-08,25,Nobody But You,Blake Shelton Duet With Gwen Stefani,30,5,Gains In Performance
2020-02-08,26,Blessings,Florida Georgia Line,28,19,Gains In Performance
2020-02-08,27,Her World Or Mine,Michael Ray,29,33,Gains In Performance
2020-02-08,28,Does To Me,Luke Combs Featuring Eric Church,49,2,Gains In Performance
2020-02-08,29,Drinking Alone,Carrie Underwood,32,13,Gains In Performance
2020-02-08,30,Why We Drink,Justin Moore,34,18,Gains In Performance
2020-02-08,31,Lonely If You Are,Chase Rice,35,31,Gains In Performance
2020-02-08,32,What Could've Been,Gone West,31,27,
2020-02-08,33,Family Tree,Caylee Hammack,33,35,Gains In Performance
2020-02-08,34,Bluebird,Miranda Lambert,37,7,Gains In Performance
2020-02-08,35,Drowning,Chris Young,36,19,Gains In Performance
2020-02-08,36,Details,Billy Currington,38,26,Gains In Performance
2020-02-08,37,Die From A Broken Heart,Maddie & Tae,40,26,Gains In Performance
2020-02-08,38,Front Seat,Rayne Johnson,39,22,
2020-02-08,39,One Night Standards,Ashley McBryde,47,12,Gains In Performance
2020-02-08,40,Now You Know,Jon Langston,43,17,Gains In Performance
2020-02-08,41,She's Mine,Kip Moore,42,21,
2020-02-08,42,Done,Chris Janson,44,10,Gains In Performance
2020-02-08,43,I Do For You,Dillon Carmichael,51,18,Gains In Performance
2020-02-08,44,Thank God For You,Rodney Atkins,46,21,
2020-02-08,45,Break It In,Eli Young Band,48,18,
2020-02-08,46,Getting Good,Lauren Alaina,54,16,Gains In Performance
2020-02-08,47,Cheatin' Songs,Midland,53,2,Gains In Performance
2020-02-08,48,Rumor (Glover Mix),Lee Brice,NEW,1,Highest ranking debut|Gains In Performance
2020-02-08,49,Some Girls,Jameson Rodgers,50,11,
2020-02-08,50,Fire't Up,Brantley Gilbert,52,7,
2020-02-08,51,Head Over Heels,Runaway June,56,11,Gains In Performance
2020-02-08,52,Everywhere But On,Matt Stell,59,8,Gains In Performance
2020-02-08,53,I Don't Love You,Lindsay Ell,58,7,Gains In Performance
2020-02-08,54,Pick Her Up,Hot Country Knights Featuring Travis Tritt,41,2,
2020-02-08,55,Over Drinking,Little Big Town,55,8,
2020-02-08,56,"Big, Big Plans",Chris Lane,57,10,
2020-02-08,57,What I See,LANco,RE,8,Gains In Performance
2020-02-08,58,Pretty Heart,Parker McCollum,60,4,Gains In Performance
2020-02-08,59,That's Why I Love Dirt Roads,Granger Smith,RE,8,Gains In Performance
2020-02-08,60,Diamonds,Morgan Evans,RE,3,Gains In Performance
2020-02-15,1,The Bones,Maren Morris,2,25,Gains In Performance
2020-02-15,2,Kinfolks,Sam Hunt,4,18,Gains In Performance
2020-02-15,3,"10,000 Hours",Dan + Shay & Justin Bieber,3,19,
2020-02-15,4,Heartache Medication,Jon Pardi,1,37,
2020-02-15,5,Make Me Want To,Jimmie Allen,6,55,Gains In Performance
2020-02-15,6,Even Though I'm Leaving,Luke Combs,5,27,
2020-02-15,7,Homesick,Kane Brown,7,27,Gains In Performance
2020-02-15,8,We Back,Jason Aldean,8,22,Gains In Performance
2020-02-15,9,Homemade,Jake Owen,10,36,Gains In Performance
2020-02-15,10,What She Wants Tonight,Luke Bryan,9,16,Gains In Performance
2020-02-15,11,Slow Dance In A Parking Lot,Jordan Davis,11,42,Gains In Performance
2020-02-15,12,Dive Bar,Garth Brooks & Blake Shelton,14,34,Gains In Performance
2020-02-15,13,Catch,Brett Young,12,37,Gains In Performance
2020-02-15,14,More Hearts Than Mine,Ingrid Andress,13,33,Gains In Performance
2020-02-15,15,I Wish Grandpas Never Died,Riley Green,15,27,Gains In Performance
2020-02-15,16,I Hope You're Happy Now,Carly Pearce & Lee Brice,16,18,Gains In Performance
2020-02-15,17,I Hope,Gabby Barrett,19,24,Gains In Performance
2020-02-15,18,After A Few,Travis Denning,17,48,Gains In Performance
2020-02-15,19,homecoming queen?,Kelsea Ballerini,18,23,Gains In Performance
2020-02-15,20,Chasin' You,Morgan Wallen,20,28,Gains In Performance
2020-02-15,21,Beer Can't Fix,Thomas Rhett Featuring Jon Pardi,21,7,Gains In Performance
2020-02-15,22,To A T,Ryan Hurd,22,51,Gains In Performance
2020-02-15,23,Nobody But You,Blake Shelton Duet With Gwen Stefani,25,6,Gains In Performance
2020-02-15,24,In Between,Scotty McCreery,23,44,Gains In Performance
2020-02-15,25,Does To Me,Luke Combs Featuring Eric Church,28,3,Gains In Performance
2020-02-15,26,Monsters,Eric Church,24,23,
2020-02-15,27,Blessings,Florida Georgia Line,26,20,Gains In Performance
2020-02-15,28,Her World Or Mine,Michael Ray,27,34,Gains In Performance
2020-02-15,29,Drinking Alone,Carrie Underwood,29,14,Gains In Performance
2020-02-15,30,Why We Drink,Justin Moore,30,19,Gains In Performance
2020-02-15,31,What Could've Been,Gone West,32,28,Gains In Performance
2020-02-15,32,Family Tree,Caylee Hammack,33,36,Gains In Performance
2020-02-15,33,Lonely If You Are,Chase Rice,31,32,
2020-02-15,34,Bluebird,Miranda Lambert,34,8,Gains In Performance
2020-02-15,35,Drowning,Chris Young,35,20,Gains In Performance
2020-02-15,36,Die From A Broken Heart,Maddie & Tae,37,27,Gains In Performance
2020-02-15,37,Details,Billy Currington,36,27,Gains In Performance
2020-02-15,38,One Night Standards,Ashley McBryde,39,13,Gains In Performance
2020-02-15,39,Front Seat,Rayne Johnson,38,23,Gains In Performance
2020-02-15,40,Now You Know,Jon Langston,40,18,Gains In Performance
2020-02-15,41,She's Mine,Kip Moore,41,22,Gains In Performance
2020-02-15,42,Done,Chris Janson,42,11,Gains In Performance
2020-02-15,43,Cheatin' Songs,Midland,47,3,Gains In Performance
2020-02-15,44,I Do For You,Dillon Carmichael,43,19,Gains In Performance
2020-02-15,45,Break It In,Eli Young Band,45,19,Gains In Performance
2020-02-15,46,Some Girls,Jameson Rodgers,49,12,Gains In Performance
2020-02-15,47,Fire't Up,Brantley Gilbert,50,8,Gains In Performance
2020-02-15,48,Getting Good,Lauren Alaina,46,17,
2020-02-15,49,Head Over Heels,Runaway June,51,12,Gains In Performance
2020-02-15,50,Everywhere But On,Matt Stell,52,9,Gains In Performance
2020-02-15,51,Over Drinking,Little Big Town,55,9,Gains In Performance
2020-02-15,52,Pick Her Up,Hot Country Knights Featuring Travis Tritt,54,3,
2020-02-15,53,What I See,LANco,57,9,Gains In Performance
2020-02-15,54,"Big, Big Plans",Chris Lane,56,11,
2020-02-15,55,Pretty Heart,Parker McCollum,58,5,
2020-02-15,56,Diamonds,Morgan Evans,60,4,Gains In Performance
2020-02-15,57,That's Why I Love Dirt Roads,Granger Smith,59,9,Gains In Performance
2020-02-15,58,I Don't Love You,Lindsay Ell,53,8,
2020-02-15,59,Somebody Like That,Tenille Arts,NEW,1,Highest ranking debut|Gains In Performance
2020-02-15,60,One Beer,HARDY Featuring Lauren Alaina & Devin Dawson,NEW,1,Gains In Performance
2020-02-22,1,The Bones,Maren Morris,1,26,
2020-02-22,2,Kinfolks,Sam Hunt,2,19,Gains In Performance
2020-02-22,3,Homesick,Kane Brown,7,28,Gains In Performance
2020-02-22,4,Make Me Want To,Jimmie Allen,5,56,Gains In Performance
2020-02-22,5,Heartache Medication,Jon Pardi,4,38,
2020-02-22,6,Homemade,Jake Owen,9,37,Gains In Performance
2020-02-22,7,We Back,Jason Aldean,8,23,Gains In Performance
2020-02-22,8,Dive Bar,Garth Brooks & Blake Shelton,12,35,Greatest gainer this week|Gains In Performance
2020-02-22,9,What She Wants Tonight,Luke Bryan,10,17,Gains In Performance
2020-02-22,10,Slow Dance In A Parking Lot,Jordan Davis,11,43,Gains In Performance
2020-02-22,11,Catch,Brett Young,13,38,Gains In Performance
2020-02-22,12,More Hearts Than Mine,Ingrid Andress,14,34,Gains In Performance
2020-02-22,13,I Wish Grandpas Never Died,Riley Green,15,28,Gains In Performance
2020-02-22,14,I Hope,Gabby Barrett,17,25,Gains In Performance
2020-02-22,15,I Hope You're Happy Now,Carly Pearce & Lee Brice,16,19,Gains In Performance
2020-02-22,16,Beer Can't Fix,Thomas Rhett Featuring Jon Pardi,21,8,Gains In Performance
2020-02-22,17,Chasin' You,Morgan Wallen,20,29,Gains In Performance
2020-02-22,18,After A Few,Travis Denning,18,49,Gains In Performance
2020-02-22,19,homecoming queen?,Kelsea Ballerini,19,24,Gains In Performance
2020-02-22,20,Does To Me,Luke Combs Featuring Eric Church,25,4,Gains In Performance
2020-02-22,21,Nobody But You,Blake Shelton Duet With Gwen Stefani,23,7,Gains In Performance
2020-02-22,22,In Between,Scotty McCreery,24,45,
2020-02-22,23,Monsters,Eric Church,26,24,Gains In Performance
2020-02-22,24,Blessings,Florida Georgia Line,27,21,
2020-02-22,25,Her World Or Mine,Michael Ray,28,35,Gains In Performance
2020-02-22,26,Drinking Alone,Carrie Underwood,29,15,Gains In Performance
2020-02-22,27,Why We Drink,Justin Moore,30,20,Gains In Performance
2020-02-22,28,Bluebird,Miranda Lambert,34,9,Gains In Performance
2020-02-22,29,Lonely If You Are,Chase Rice,33,33,Gains In Performance
2020-02-22,30,Die From A Broken Heart,Maddie & Tae,36,28,Gains In Performance
2020-02-22,31,Drowning,Chris Young,35,21,Gains In Performance
2020-02-22,32,Details,Billy Currington,37,28,Gains In Performance
2020-02-22,33,One Night Standards,Ashley McBryde,38,14,Gains In Performance
2020-02-22,34,Front Seat,Rayne Johnson,39,24,Gains In Performance
2020-02-22,35,She's Mine,Kip Moore,41,23,Gains In Performance
2020-02-22,36,Now You Know,Jon Langston,40,19,
2020-02-22,37,Done,Chris Janson,42,12,Gains In Performance
2020-02-22,38,Some Girls,Jameson Rodgers,46,13,Gains In Performance
2020-02-22,39,Cheatin' Songs,Midland,43,4,Gains In Performance
2020-02-22,40,Break It In,Eli Young Band,45,20,Gains In Performance
2020-02-22,41,I Do For You,Dillon Carmichael,44,20,Gains In Performance
2020-02-22,42,Everywhere But On,Matt Stell,50,10,Gains In Performance
2020-02-22,43,Getting Good,Lauren Alaina,48,18,Gains In Performance
2020-02-22,44,Fire't Up,Brantley Gilbert,47,9,
2020-02-22,45,Pick Her Up,Hot Country Knights Featuring Travis Tritt,52,4,Gains In Performance
2020-02-22,46,Head Over Heels,Runaway June,49,13,
2020-02-22,47,One Beer,HARDY Featuring Lauren Alaina & Devin Dawson,60,2,Gains In Performance
2020-02-22,48,"Big, Big Plans",Chris Lane,54,12,Gains In Performance
2020-02-22,49,Over Drinking,Little Big Town,51,10,
2020-02-22,50,Pretty Heart,Parker McCollum,55,6,Gains In Performance
2020-02-22,51,That's Why I Love Dirt Roads,Granger Smith,57,10,Gains In Performance
2020-02-22,52,What I See,LANco,53,10,Gains In Performance
2020-02-22,53,Diamonds,Morgan Evans,56,5,Gains In Performance
2020-02-22,54,I Don't Love You,Lindsay Ell,58,9,Gains In Performance
2020-02-22,55,Somebody Like That,Tenille Arts,59,2,
2020-02-22,56,For My Money,Brandon Lay,NEW,1,Highest ranking debut|Gains In Performance
2020-02-22,57,Momma's House,Dustin Lynch,NEW,1,Gains In Performance
2020-02-22,58,Anything She Says,Mitchell Tenpenny Featuring Seaforth,NEW,1,Gains In Performance
2020-02-22,59,Whatcha Drinkin 'Bout,Stephanie Quayle,NEW,1,
2020-02-22,60,Really Shouldn't Drink Around You,Teddy Robb,RE,6,
2020-02-29,1,Kinfolks,Sam Hunt,2,20,Gains In Performance
2020-02-29,2,The Bones,Maren Morris,1,27,
2020-02-29,3,Make Me Want To,Jimmie Allen,4,57,Gains In Performance
2020-02-29,4,Homesick,Kane Brown,3,29,Gains In Performance
2020-02-29,5,Homemade,Jake Owen,6,38,Gains In Performance
2020-02-29,6,We Back,Jason Aldean,7,24,Gains In Performance
2020-02-29,7,What She Wants Tonight,Luke Bryan,9,18,Gains In Performance
2020-02-29,8,Slow Dance In A Parking Lot,Jordan Davis,10,44,Gains In Performance
2020-02-29,9,Dive Bar,Garth Brooks & Blake Shelton,8,36,
2020-02-29,10,Catch,Brett Young,11,39,Gains In Performance
2020-02-29,11,More Hearts Than Mine,Ingrid Andress,12,35,Gains In Performance
2020-02-29,12,I Wish Grandpas Never Died,Riley Green,13,29,Gains In Performance
2020-02-29,13,I Hope,Gabby Barrett,14,26,Gains In Performance
2020-02-29,14,Does To Me,Luke Combs Featuring Eric Church,20,5,Gains In Performance
2020-02-29,15,Chasin' You,Morgan Wallen,17,30,Gains In Performance
2020-02-29,16,I Hope You're Happy Now,Carly Pearce & Lee Brice,15,20,Gains In Performance
2020-02-29,17,Beer Can't Fix,Thomas Rhett Featuring Jon Pardi,16,9,Gains In Performance
2020-02-29,18,After A Few,Travis Denning,18,50,Gains In Performance
2020-02-29,19,homecoming queen?,Kelsea Ballerini,19,25,Gains In Performance
2020-02-29,20,Nobody But You,Blake Shelton Duet With Gwen Stefani,21,8,Gains In Performance
2020-02-29,21,In Between,Scotty McCreery,22,46,Gains In Performance
2020-02-29,22,Monsters,Eric Church,23,25,Gains In Performance
2020-02-29,23,Blessings,Florida Georgia Line,24,22,Gains In Performance
2020-02-29,24,Her World Or Mine,Michael Ray,25,36,Gains In Performance
2020-02-29,25,Here And Now,Kenny Chesney,NEW,1,Highest ranking debut|Gains In Performance
2020-02-29,26,Drinking Alone,Carrie Underwood,26,16,Gains In Performance
2020-02-29,27,Why We Drink,Justin Moore,27,21,Gains In Performance
2020-02-29,28,Lonely If You Are,Chase Rice,29,34,Gains In Performance
2020-02-29,29,Bluebird,Miranda Lambert,28,10,Gains In Performance
2020-02-29,30,Drowning,Chris Young,31,22,Gains In Performance
2020-02-29,31,Die From A Broken Heart,Maddie & Tae,30,29,Gains In Performance
2020-02-29,32,One Night Standards,Ashley McBryde,33,15,Gains In Performance
2020-02-29,33,Details,Billy Currington,32,29,Gains In Performance
2020-02-29,34,Front Seat,Rayne Johnson,34,25,Gains In Performance
2020-02-29,35,Done,Chris Janson,37,13,Gains In Performance
2020-02-29,36,She's Mine,Kip Moore,35,24,Gains In Performance
2020-02-29,37,Now You Know,Jon Langston,36,20,Gains In Performance
2020-02-29,38,Cheatin' Songs,Midland,39,5,Gains In Performance
2020-02-29,39,Break It In,Eli Young Band,40,21,Gains In Performance
2020-02-29,40,I Do For You,Dillon Carmichael,41,21,Gains In Performance
2020-02-29,41,Some Girls,Jameson Rodgers,38,14,
2020-02-29,42,Getting Good,Lauren Alaina,43,19,Gains In Performance
2020-02-29,43,Everywhere But On,Matt Stell,42,11,Gains In Performance
2020-02-29,44,Fire't Up,Brantley Gilbert,44,10,Gains In Performance
2020-02-29,45,"Big, Big Plans",Chris Lane,48,13,Gains In Performance
2020-02-29,46,Pick Her Up,Hot Country Knights Featuring Travis Tritt,45,5,
2020-02-29,47,One Beer,HARDY Featuring Lauren Alaina & Devin Dawson,47,3,Gains In Performance
2020-02-29,48,What I See,LANco,52,11,Gains In Performance
2020-02-29,49,Head Over Heels,Runaway June,46,14,
2020-02-29,50,Pretty Heart,Parker McCollum,50,7,Gains In Performance
2020-02-29,51,Over Drinking,Little Big Town,49,11,
2020-02-29,52,Diamonds,Morgan Evans,53,6,Gains In Performance
2020-02-29,53,That's Why I Love Dirt Roads,Granger Smith,51,11,
2020-02-29,54,I Don't Love You,Lindsay Ell,54,10,
2020-02-29,55,For My Money,Brandon Lay,56,2,Gains In Performance
2020-02-29,56,Somebody Like That,Tenille Arts,55,3,Gains In Performance
2020-02-29,57,What I’m Leaving For,Lady Antebellum,NEW,1,Gains In Performance
2020-02-29,58,Momma's House,Dustin Lynch,57,2,Gains In Performance
2020-02-29,59,Whatcha Drinkin 'Bout,Stephanie Quayle,59,2,Gains In Performance
2020-02-29,60,Anything She Says,Mitchell Tenpenny Featuring Seaforth,58,2,Gains In Performance
2020-03-07,1,Make Me Want To,Jimmie Allen,3,58,Gains In Performance
2020-03-07,2,Kinfolks,Sam Hunt,1,21,
2020-03-07,3,Homesick,Kane Brown,4,30,Gains In Performance
2020-03-07,4,Homemade,Jake Owen,5,39,Gains In Performance
2020-03-07,5,The Bones,Maren Morris,2,28,
2020-03-07,6,Dive Bar,Garth Brooks & Blake Shelton,9,37,Greatest gainer this week|Gains In Performance
2020-03-07,7,What She Wants Tonight,Luke Bryan,7,19,Gains In Performance
2020-03-07,8,We Back,Jason Aldean,6,25,
2020-03-07,9,Slow Dance In A Parking Lot,Jordan Davis,8,45,Gains In Performance
2020-03-07,10,Catch,Brett Young,10,40,Gains In Performance
2020-03-07,11,More Hearts Than Mine,Ingrid Andress,11,36,Gains In Performance
2020-03-07,12,I Wish Grandpas Never Died,Riley Green,12,30,Gains In Performance
2020-03-07,13,I Hope,Gabby Barrett,13,27,Gains In Performance
2020-03-07,14,Beer Can't Fix,Thomas Rhett Featuring Jon Pardi,17,10,Gains In Performance
2020-03-07,15,Chasin' You,Morgan Wallen,15,31,Gains In Performance
2020-03-07,16,I Hope You're Happy Now,Carly Pearce & Lee Brice,16,21,Gains In Performance
2020-03-07,17,Does To Me,Luke Combs Featuring Eric Church,14,6,Gains In Performance
2020-03-07,18,After A Few,Travis Denning,18,51,Gains In Performance
2020-03-07,19,Nobody But You,Blake Shelton Duet With Gwen Stefani,20,9,Gains In Performance
2020-03-07,20,homecoming queen?,Kelsea Ballerini,19,26,Gains In Performance
2020-03-07,21,In Between,Scotty McCreery,21,47,Gains In Performance
2020-03-07,22,Monsters,Eric Church,22,26,Gains In Performance
2020-03-07,23,Here And Now,Kenny Chesney,25,2,Gains In Performance
2020-03-07,24,Blessings,Florida Georgia Line,23,23,Gains In Performance
2020-03-07,25,One Big Country Song,LoCash,RE,42,Gains In Performance
2020-03-07,26,Her World Or Mine,Michael Ray,24,37,Gains In Performance
2020-03-07,27,Drinking Alone,Carrie Underwood,26,17,Gains In Performance
2020-03-07,28,God Whispered Your Name,Keith Urban,NEW,1,Highest ranking debut|Gains In Performance
2020-03-07,29,Lonely If You Are,Chase Rice,28,35,Gains In Performance
2020-03-07,30,Why We Drink,Justin Moore,27,22,Gains In Performance
2020-03-07,31,Bluebird,Miranda Lambert,29,11,Gains In Performance
2020-03-07,32,Die From A Broken Heart,Maddie & Tae,31,30,Gains In Performance
2020-03-07,33,Drowning,Chris Young,30,23,Gains In Performance
2020-03-07,34,One Night Standards,Ashley McBryde,32,16,Gains In Performance
2020-03-07,35,Details,Billy Currington,33,30,Gains In Performance
2020-03-07,36,Done,Chris Janson,35,14,Gains In Performance
2020-03-07,37,Front Seat,Rayne Johnson,34,26,
2020-03-07,38,She's Mine,Kip Moore,36,25,
2020-03-07,39,Cheatin' Songs,Midland,38,6,Gains In Performance
2020-03-07,40,Now You Know,Jon Langston,37,21,
2020-03-07,41,Some Girls,Jameson Rodgers,41,15,Gains In Performance
2020-03-07,42,I Do For You,Dillon Carmichael,40,22,
2020-03-07,43,Break It In,Eli Young Band,39,22,
2020-03-07,44,Getting Good,Lauren Alaina,42,20,
2020-03-07,45,Fire't Up,Brantley Gilbert,44,11,Gains In Performance
2020-03-07,46,Everywhere But On,Matt Stell,43,12,Gains In Performance
2020-03-07,47,Head Over Heels,Runaway June,49,15,Gains In Performance
2020-03-07,48,One Beer,HARDY Featuring Lauren Alaina & Devin Dawson,47,4,Gains In Performance
2020-03-07,49,Pretty Heart,Parker McCollum,50,8,Gains In Performance
2020-03-07,50,"Big, Big Plans",Chris Lane,45,14,
2020-03-07,51,What I See,LANco,48,12,Gains In Performance
2020-03-07,52,Pick Her Up,Hot Country Knights Featuring Travis Tritt,46,6,
2020-03-07,53,What I’m Leaving For,Lady Antebellum,57,2,Gains In Performance
2020-03-07,54,Over Drinking,Little Big Town,51,12,
2020-03-07,55,That's Why I Love Dirt Roads,Granger Smith,53,12,Gains In Performance
2020-03-07,56,Diamonds,Morgan Evans,52,7,
2020-03-07,57,I Don't Love You,Lindsay Ell,54,11,
2020-03-07,58,Hard To Forget,Sam Hunt,NEW,1,Gains In Performance
2020-03-07,59,Somebody Like That,Tenille Arts,56,4,Gains In Performance
2020-03-07,60,Some People Do,Old Dominion,NEW,1,Gains In Performance
2020-03-14,1,Homesick,Kane Brown,3,31,Greatest gainer this week|Gains In Performance
2020-03-14,2,Homemade,Jake Owen,4,40,Gains In Performance
2020-03-14,3,Kinfolks,Sam Hunt,2,22,
2020-03-14,4,The Bones,Maren Morris,5,29,Gains In Performance
2020-03-14,5,What She Wants Tonight,Luke Bryan,7,20,Gains In Performance
2020-03-14,6,Catch,Brett Young,10,41,Gains In Performance
2020-03-14,7,Slow Dance In A Parking Lot,Jordan Davis,9,46,Gains In Performance
2020-03-14,8,We Back,Jason Aldean,8,26,Gains In Performance
2020-03-14,9,More Hearts Than Mine,Ingrid Andress,11,37,Gains In Performance
2020-03-14,10,Make Me Want To,Jimmie Allen,1,59,
2020-03-14,11,I Hope,Gabby Barrett,13,28,Gains In Performance
2020-03-14,12,Beer Can't Fix,Thomas Rhett Featuring Jon Pardi,14,11,Gains In Performance
2020-03-14,13,I Wish Grandpas Never Died,Riley Green,12,31,Gains In Performance
2020-03-14,14,Chasin' You,Morgan Wallen,15,32,Gains In Performance
2020-03-14,15,Does To Me,Luke Combs Featuring Eric Church,17,7,Gains In Performance
2020-03-14,16,I Hope You're Happy Now,Carly Pearce & Lee Brice,16,22,Gains In Performance
2020-03-14,17,Nobody But You,Blake Shelton Duet With Gwen Stefani,19,10,Gains In Performance
2020-03-14,18,After A Few,Travis Denning,18,52,Gains In Performance
2020-03-14,19,homecoming queen?,Kelsea Ballerini,20,27,Gains In Performance
2020-03-14,20,Here And Now,Kenny Chesney,23,3,Gains In Performance
2020-03-14,21,In Between,Scotty McCreery,21,48,Gains In Performance
2020-03-14,22,Monsters,Eric Church,22,27,Gains In Performance
2020-03-14,23,One Big Country Song,LoCash,25,43,Gains In Performance
2020-03-14,24,Drinking Alone,Carrie Underwood,27,18,Gains In Performance
2020-03-14,25,Blessings,Florida Georgia Line,24,24,Gains In Performance
2020-03-14,26,Her World Or Mine,Michael Ray,26,38,Gains In Performance
2020-03-14,27,Why We Drink,Justin Moore,30,23,Gains In Performance
2020-03-14,28,Lonely If You Are,Chase Rice,29,36,Gains In Performance
2020-03-14,29,Bluebird,Miranda Lambert,31,12,Gains In Performance
2020-03-14,30,Die From A Broken Heart,Maddie & Tae,32,31,Gains In Performance
2020-03-14,31,Drowning,Chris Young,33,24,Gains In Performance
2020-03-14,32,Details,Billy Currington,35,31,Gains In Performance
2020-03-14,33,God Whispered Your Name,Keith Urban,28,2,
2020-03-14,34,Done,Chris Janson,36,15,Gains In Performance
2020-03-14,35,One Night Standards,Ashley McBryde,34,17,Gains In Performance
2020-03-14,36,Gaslighter,The Chicks,NEW,1,Highest ranking debut|Gains In Performance
2020-03-14,37,Front Seat,Rayne Johnson,37,27,Gains In Performance
2020-03-14,38,She's Mine,Kip Moore,38,26,Gains In Performance
2020-03-14,39,Some Girls,Jameson Rodgers,41,16,Gains In Performance
2020-03-14,40,Cheatin' Songs,Midland,39,7,Gains In Performance
2020-03-14,41,Now You Know,Jon Langston,40,22,Gains In Performance
2020-03-14,42,Break It In,Eli Young Band,43,23,Gains In Performance
2020-03-14,43,Head Over Heels,Runaway June,47,16,Gains In Performance
2020-03-14,44,I Do For You,Dillon Carmichael,42,23,Gains In Performance
2020-03-14,45,One Beer,HARDY Featuring Lauren Alaina & Devin Dawson,48,5,Gains In Performance
2020-03-14,46,Everywhere But On,Matt Stell,46,13,Gains In Performance
2020-03-14,47,Getting Good,Lauren Alaina,44,21,Gains In Performance
2020-03-14,48,Fire't Up,Brantley Gilbert,45,12,Gains In Performance
2020-03-14,49,Some People Do,Old Dominion,60,2,Gains In Performance
2020-03-14,50,"Big, Big Plans",Chris Lane,50,15,Gains In Performance
2020-03-14,51,Pretty Heart,Parker McCollum,49,9,Gains In Performance
2020-03-14,52,Hard To Forget,Sam Hunt,58,2,Gains In Performance
2020-03-14,53,What I’m Leaving For,Lady Antebellum,53,3,Gains In Performance
2020-03-14,54,Over Drinking,Little Big Town,54,13,Gains In Performance
2020-03-14,55,What I See,LANco,51,13,
2020-03-14,56,Diamonds,Morgan Evans,56,8,Gains In Performance
2020-03-14,57,I Don't Love You,Lindsay Ell,57,12,Gains In Performance
2020-03-14,58,Momma's House,Dustin Lynch,RE,3,Gains In Performance
2020-03-14,59,That's Why I Love Dirt Roads,Granger Smith,55,13,Gains In Performance
2020-03-14,60,Love You Like I Used To,Russell Dickerson,NEW,1,Gains In Performance
2020-03-21,1,Homesick,Kane Brown,1,32,Gains In Performance
2020-03-21,2,Homemade,Jake Owen,2,41,Gains In Performance
2020-03-21,3,Kinfolks,Sam Hunt,3,23,
2020-03-21,4,What She Wants Tonight,Luke Bryan,5,21,Gains In Performance
2020-03-21,5,Catch,Brett Young,6,42,Gains In Performance
2020-03-21,6,Slow Dance In A Parking Lot,Jordan Davis,7,47,Gains In Performance
2020-03-21,7,The Bones,Maren Morris,4,30,
2020-03-21,8,We Back,Jason Aldean,8,27,Gains In Performance
2020-03-21,9,I Hope,Gabby Barrett,11,29,Greatest gainer this week|Gains In Performance
2020-03-21,10,More Hearts Than Mine,Ingrid Andress,9,38,Gains In Performance
2020-03-21,11,Beer Can't Fix,Thomas Rhett Featuring Jon Pardi,12,12,Gains In Performance
2020-03-21,12,Nobody But You,Blake Shelton Duet With Gwen Stefani,17,11,Gains In Performance
2020-03-21,13,Chasin' You,Morgan Wallen,14,33,Gains In Performance
2020-03-21,14,Does To Me,Luke Combs Featuring Eric Church,15,8,Gains In Performance
2020-03-21,15,I Hope You're Happy Now,Carly Pearce & Lee Brice,16,23,Gains In Performance
2020-03-21,16,I Wish Grandpas Never Died,Riley Green,13,32,
2020-03-21,17,After A Few,Travis Denning,18,53,Gains In Performance
2020-03-21,18,homecoming queen?,Kelsea Ballerini,19,28,Gains In Performance
2020-03-21,19,Here And Now,Kenny Chesney,20,4,Gains In Performance
2020-03-21,20,In Between,Scotty McCreery,21,49,Gains In Performance
2020-03-21,21,Monsters,Eric Church,22,28,Gains In Performance
2020-03-21,22,One Big Country Song,LoCash,23,44,Gains In Performance
2020-03-21,23,Drinking Alone,Carrie Underwood,24,19,Gains In Performance
2020-03-21,24,Her World Or Mine,Michael Ray,26,39,Gains In Performance
2020-03-21,25,Why We Drink,Justin Moore,27,24,Gains In Performance
2020-03-21,26,Die From A Broken Heart,Maddie & Tae,30,32,Gains In Performance
2020-03-21,27,Lonely If You Are,Chase Rice,28,37,Gains In Performance
2020-03-21,28,Drowning,Chris Young,31,25,Gains In Performance
2020-03-21,29,Bluebird,Miranda Lambert,29,13,Gains In Performance
2020-03-21,30,God Whispered Your Name,Keith Urban,33,3,Gains In Performance
2020-03-21,31,Done,Chris Janson,34,16,Gains In Performance
2020-03-21,32,One Night Standards,Ashley McBryde,35,18,Gains In Performance
2020-03-21,33,Hard To Forget,Sam Hunt,52,3,Gains In Performance
2020-03-21,34,Details,Billy Currington,32,32,
2020-03-21,35,She's Mine,Kip Moore,38,27,Gains In Performance
2020-03-21,36,Front Seat,Rayne Johnson,37,28,Gains In Performance
2020-03-21,37,Now You Know,Jon Langston,41,23,Gains In Performance
2020-03-21,38,Some Girls,Jameson Rodgers,39,17,Gains In Performance
2020-03-21,39,Cheatin' Songs,Midland,40,8,Gains In Performance
2020-03-21,40,Break It In,Eli Young Band,42,24,
2020-03-21,41,Pretty Heart,Parker McCollum,51,10,Gains In Performance
2020-03-21,42,I Do For You,Dillon Carmichael,44,24,Gains In Performance
2020-03-21,43,One Beer,HARDY Featuring Lauren Alaina & Devin Dawson,45,6,Gains In Performance
2020-03-21,44,Everywhere But On,Matt Stell,46,14,Gains In Performance
2020-03-21,45,Head Over Heels,Runaway June,43,17,
2020-03-21,46,Some People Do,Old Dominion,49,3,Gains In Performance
2020-03-21,47,What I’m Leaving For,Lady Antebellum,53,4,Gains In Performance
2020-03-21,48,"Big, Big Plans",Chris Lane,50,16,Gains In Performance
2020-03-21,49,Getting Good,Lauren Alaina,47,22,Gains In Performance
2020-03-21,50,Fire't Up,Brantley Gilbert,48,13,
2020-03-21,51,Gaslighter,The Chicks,36,2,
2020-03-21,52,Over Drinking,Little Big Town,54,14,Gains In Performance
2020-03-21,53,What I See,LANco,55,14,Gains In Performance
2020-03-21,54,Love You Like I Used To,Russell Dickerson,60,2,Gains In Performance
2020-03-21,55,Diamonds,Morgan Evans,56,9,Gains In Performance
2020-03-21,56,Momma's House,Dustin Lynch,58,4,Gains In Performance
2020-03-21,57,I Don't Love You,Lindsay Ell,57,13,Gains In Performance
2020-03-21,58,That's Why I Love Dirt Roads,Granger Smith,59,14,Gains In Performance
2020-03-21,59,Somebody Like That,Tenille Arts,RE,5,
2020-03-21,60,For My Money,Brandon Lay,RE,3,Gains In Performance
2020-03-28,1,Homemade,Jake Owen,2,42,Gains In Performance
2020-03-28,2,Homesick,Kane Brown,1,33,
2020-03-28,3,What She Wants Tonight,Luke Bryan,4,22,Gains In Performance
2020-03-28,4,Kinfolks,Sam Hunt,3,24,
2020-03-28,5,Catch,Brett Young,5,43,Gains In Performance
2020-03-28,6,Slow Dance In A Parking Lot,Jordan Davis,6,48,Gains In Performance
2020-03-28,7,I Hope,Gabby Barrett,9,30,Gains In Performance
2020-03-28,8,More Hearts Than Mine,Ingrid Andress,10,39,Gains In Performance
2020-03-28,9,We Back,Jason Aldean,8,28,
2020-03-28,10,Nobody But You,Blake Shelton Duet With Gwen Stefani,12,12,Greatest gainer this week|Gains In Performance
2020-03-28,11,Beer Can't Fix,Thomas Rhett Featuring Jon Pardi,11,13,Gains In Performance
2020-03-28,12,Chasin' You,Morgan Wallen,13,34,Gains In Performance
2020-03-28,13,Does To Me,Luke Combs Featuring Eric Church,14,9,Gains In Performance
2020-03-28,14,I Hope You're Happy Now,Carly Pearce & Lee Brice,15,24,Gains In Performance
2020-03-28,15,I Wish Grandpas Never Died,Riley Green,16,33,
2020-03-28,16,After A Few,Travis Denning,17,54,Gains In Performance
2020-03-28,17,homecoming queen?,Kelsea Ballerini,18,29,Gains In Performance
2020-03-28,18,Here And Now,Kenny Chesney,19,5,Gains In Performance
2020-03-28,19,In Between,Scotty McCreery,20,50,Gains In Performance
2020-03-28,20,Monsters,Eric Church,21,29,Gains In Performance
2020-03-28,21,Drinking Alone,Carrie Underwood,23,20,Gains In Performance
2020-03-28,22,One Big Country Song,LoCash,22,45,Gains In Performance
2020-03-28,23,Her World Or Mine,Michael Ray,24,40,Gains In Performance
2020-03-28,24,God Whispered Your Name,Keith Urban,30,4,Gains In Performance
2020-03-28,25,Bluebird,Miranda Lambert,29,14,Gains In Performance
2020-03-28,26,Die From A Broken Heart,Maddie & Tae,26,33,Gains In Performance
2020-03-28,27,Why We Drink,Justin Moore,25,25,Gains In Performance
2020-03-28,28,Done,Chris Janson,31,17,Gains In Performance
2020-03-28,29,Hard To Forget,Sam Hunt,33,4,Gains In Performance
2020-03-28,30,Lonely If You Are,Chase Rice,27,38,Gains In Performance
2020-03-28,31,Drowning,Chris Young,28,26,Gains In Performance
2020-03-28,32,What Could've Been,Gone West,RE,29,Gains In Performance
2020-03-28,33,One Night Standards,Ashley McBryde,32,19,Gains In Performance
2020-03-28,34,Details,Billy Currington,34,33,
2020-03-28,35,Front Seat,Rayne Johnson,36,29,Gains In Performance
2020-03-28,36,She's Mine,Kip Moore,35,28,
2020-03-28,37,Now You Know,Jon Langston,37,24,Gains In Performance
2020-03-28,38,Some Girls,Jameson Rodgers,38,18,Gains In Performance
2020-03-28,39,Cheatin' Songs,Midland,39,9,Gains In Performance
2020-03-28,40,Pretty Heart,Parker McCollum,41,11,Gains In Performance
2020-03-28,41,One Beer,HARDY Featuring Lauren Alaina & Devin Dawson,43,7,Gains In Performance
2020-03-28,42,Everywhere But On,Matt Stell,44,15,Gains In Performance
2020-03-28,43,Some People Do,Old Dominion,46,4,Gains In Performance
2020-03-28,44,Break It In,Eli Young Band,40,25,
2020-03-28,45,Head Over Heels,Runaway June,45,18,Gains In Performance
2020-03-28,46,What I’m Leaving For,Lady Antebellum,47,5,Gains In Performance
2020-03-28,47,"Big, Big Plans",Chris Lane,48,17,Gains In Performance
2020-03-28,48,Getting Good,Lauren Alaina,49,23,Gains In Performance
2020-03-28,49,Gaslighter,The Chicks,51,3,Gains In Performance
2020-03-28,50,Ain't Always The Cowboy,Jon Pardi,NEW,1,Highest ranking debut|Gains In Performance
2020-03-28,51,Over Drinking,Little Big Town,52,15,Gains In Performance
2020-03-28,52,Love You Like I Used To,Russell Dickerson,54,3,Gains In Performance
2020-03-28,53,Fire't Up,Brantley Gilbert,50,14,
2020-03-28,54,What I See,LANco,53,15,Gains In Performance
2020-03-28,55,I Don't Love You,Lindsay Ell,57,14,Gains In Performance
2020-03-28,56,Momma's House,Dustin Lynch,56,5,Gains In Performance
2020-03-28,57,That's Why I Love Dirt Roads,Granger Smith,58,15,Gains In Performance
2020-03-28,58,Diamonds,Morgan Evans,55,10,Gains In Performance
2020-03-28,59,Somebody Like That,Tenille Arts,59,6,Gains In Performance
2020-03-28,60,For My Money,Brandon Lay,60,4,
2020-04-04,1,What She Wants Tonight,Luke Bryan,3,23,Gains In Performance
2020-04-04,2,Catch,Brett Young,5,44,Gains In Performance
2020-04-04,3,Homemade,Jake Owen,1,43,
2020-04-04,4,Slow Dance In A Parking Lot,Jordan Davis,6,49,Gains In Performance
2020-04-04,5,Homesick,Kane Brown,2,34,
2020-04-04,6,I Hope,Gabby Barrett,7,31,Gains In Performance
2020-04-04,7,Kinfolks,Sam Hunt,4,25,
2020-04-04,8,Nobody But You,Blake Shelton Duet With Gwen Stefani,10,13,Gains In Performance
2020-04-04,9,More Hearts Than Mine,Ingrid Andress,8,40,Gains In Performance
2020-04-04,10,Beer Can't Fix,Thomas Rhett Featuring Jon Pardi,11,14,Gains In Performance
2020-04-04,11,Chasin' You,Morgan Wallen,12,35,Gains In Performance
2020-04-04,12,Does To Me,Luke Combs Featuring Eric Church,13,10,Gains In Performance
2020-04-04,13,I Hope You're Happy Now,Carly Pearce & Lee Brice,14,25,Gains In Performance
2020-04-04,14,After A Few,Travis Denning,16,55,Gains In Performance
2020-04-04,15,Here And Now,Kenny Chesney,18,6,Gains In Performance
2020-04-04,16,In Between,Scotty McCreery,19,51,Gains In Performance
2020-04-04,17,Monsters,Eric Church,20,30,Gains In Performance
2020-04-04,18,I Love My Country,Florida Georgia Line,NEW,1,Highest ranking debut|Gains In Performance
2020-04-04,19,Drinking Alone,Carrie Underwood,21,21,Gains In Performance
2020-04-04,20,One Big Country Song,LoCash,22,46,Gains In Performance
2020-04-04,21,God Whispered Your Name,Keith Urban,24,5,Gains In Performance
2020-04-04,22,Hard To Forget,Sam Hunt,29,5,Gains In Performance
2020-04-04,23,Die From A Broken Heart,Maddie & Tae,26,34,Gains In Performance
2020-04-04,24,Her World Or Mine,Michael Ray,23,41,Gains In Performance
2020-04-04,25,Why We Drink,Justin Moore,27,26,Gains In Performance
2020-04-04,26,Bluebird,Miranda Lambert,25,15,Gains In Performance
2020-04-04,27,Done,Chris Janson,28,18,Gains In Performance
2020-04-04,28,Lonely If You Are,Chase Rice,30,39,Gains In Performance
2020-04-04,29,Drowning,Chris Young,31,27,Gains In Performance
2020-04-04,30,One Night Standards,Ashley McBryde,33,20,Gains In Performance
2020-04-04,31,What Could've Been,Gone West,32,30,Gains In Performance
2020-04-04,32,Details,Billy Currington,34,34,Gains In Performance
2020-04-04,33,One Beer,HARDY Featuring Lauren Alaina & Devin Dawson,41,8,Gains In Performance
2020-04-04,34,Front Seat,Rayne Johnson,35,30,Gains In Performance
2020-04-04,35,Some Girls,Jameson Rodgers,38,19,Gains In Performance
2020-04-04,36,She's Mine,Kip Moore,36,29,Gains In Performance
2020-04-04,37,Now You Know,Jon Langston,37,25,Gains In Performance
2020-04-04,38,Pretty Heart,Parker McCollum,40,12,Gains In Performance
2020-04-04,39,Cheatin' Songs,Midland,39,10,Gains In Performance
2020-04-04,40,Some People Do,Old Dominion,43,5,Gains In Performance
2020-04-04,41,Ain't Always The Cowboy,Jon Pardi,50,2,Gains In Performance
2020-04-04,42,Break It In,Eli Young Band,44,26,Gains In Performance
2020-04-04,43,Everywhere But On,Matt Stell,42,16,Gains In Performance
2020-04-04,44,What I’m Leaving For,Lady Antebellum,46,6,Gains In Performance
2020-04-04,45,"Big, Big Plans",Chris Lane,47,18,Gains In Performance
2020-04-04,46,I Do For You,Dillon Carmichael,RE,25,Gains In Performance
2020-04-04,47,Getting Good,Lauren Alaina,48,24,Gains In Performance
2020-04-04,48,Head Over Heels,Runaway June,45,19,Gains In Performance
2020-04-04,49,Gaslighter,The Chicks,49,4,Gains In Performance
2020-04-04,50,Fire't Up,Brantley Gilbert,53,15,Gains In Performance
2020-04-04,51,Love You Like I Used To,Russell Dickerson,52,4,Gains In Performance
2020-04-04,52,What I See,LANco,54,16,Gains In Performance
2020-04-04,53,Momma's House,Dustin Lynch,56,6,Gains In Performance
2020-04-04,54,I Don't Love You,Lindsay Ell,55,15,Gains In Performance
2020-04-04,55,Over Drinking,Little Big Town,51,16,
2020-04-04,56,Diamonds,Morgan Evans,58,11,
2020-04-04,57,That's Why I Love Dirt Roads,Granger Smith,57,16,
2020-04-04,58,Somebody Like That,Tenille Arts,59,7,Gains In Performance
2020-04-04,59,One Margarita,Luke Bryan,NEW,1,Gains In Performance
2020-04-04,60,For My Money,Brandon Lay,60,5,Gains In Performance
2020-04-11,1,Slow Dance In A Parking Lot,Jordan Davis,4,50,Gains In Performance
2020-04-11,2,Catch,Brett Young,2,45,Gains In Performance
2020-04-11,3,I Hope,Gabby Barrett,6,32,Gains In Performance
2020-04-11,4,Nobody But You,Blake Shelton Duet With Gwen Stefani,8,14,Gains In Performance
2020-04-11,5,More Hearts Than Mine,Ingrid Andress,9,41,Gains In Performance
2020-04-11,6,Homesick,Kane Brown,5,35,
2020-04-11,7,Chasin' You,Morgan Wallen,11,36,Gains In Performance
2020-04-11,8,Beer Can't Fix,Thomas Rhett Featuring Jon Pardi,10,15,Gains In Performance
2020-04-11,9,Homemade,Jake Owen,3,44,
2020-04-11,10,What She Wants Tonight,Luke Bryan,1,24,
2020-04-11,11,Does To Me,Luke Combs Featuring Eric Church,12,11,Gains In Performance
2020-04-11,12,After A Few,Travis Denning,14,56,Gains In Performance
2020-04-11,13,I Hope You're Happy Now,Carly Pearce & Lee Brice,13,26,Gains In Performance
2020-04-11,14,Here And Now,Kenny Chesney,15,7,Gains In Performance
2020-04-11,15,In Between,Scotty McCreery,16,52,Gains In Performance
2020-04-11,16,Drinking Alone,Carrie Underwood,19,22,Gains In Performance
2020-04-11,17,Monsters,Eric Church,17,31,Gains In Performance
2020-04-11,18,Hard To Forget,Sam Hunt,22,6,Gains In Performance
2020-04-11,19,God Whispered Your Name,Keith Urban,21,6,Gains In Performance
2020-04-11,20,One Big Country Song,LoCash,20,47,Gains In Performance
2020-04-11,21,Why We Drink,Justin Moore,25,27,Gains In Performance
2020-04-11,22,Die From A Broken Heart,Maddie & Tae,23,35,Gains In Performance
2020-04-11,23,Her World Or Mine,Michael Ray,24,42,Gains In Performance
2020-04-11,24,Done,Chris Janson,27,19,Gains In Performance
2020-04-11,25,Bluebird,Miranda Lambert,26,16,Gains In Performance
2020-04-11,26,I Love My Country,Florida Georgia Line,18,2,
2020-04-11,27,Be A Light,"Thomas Rhett Featuring Reba McEntire, Hillary Scott, Chris Tomlin & Keith Urban",NEW,1,Highest ranking debut|Gains In Performance
2020-04-11,28,Drowning,Chris Young,29,28,Gains In Performance
2020-04-11,29,Lonely If You Are,Chase Rice,28,40,Gains In Performance
2020-04-11,30,One Night Standards,Ashley McBryde,30,21,Gains In Performance
2020-04-11,31,What Could've Been,Gone West,31,31,Gains In Performance
2020-04-11,32,Details,Billy Currington,32,35,Gains In Performance
2020-04-11,33,She's Mine,Kip Moore,36,30,Gains In Performance
2020-04-11,34,Some Girls,Jameson Rodgers,35,20,Gains In Performance
2020-04-11,35,One Beer,HARDY Featuring Lauren Alaina & Devin Dawson,33,9,Gains In Performance
2020-04-11,36,Front Seat,Rayne Johnson,34,31,Gains In Performance
2020-04-11,37,Now You Know,Jon Langston,37,26,Gains In Performance
2020-04-11,38,Ain't Always The Cowboy,Jon Pardi,41,3,Gains In Performance
2020-04-11,39,Cheatin' Songs,Midland,39,11,Gains In Performance
2020-04-11,40,Everywhere But On,Matt Stell,43,17,Gains In Performance
2020-04-11,41,Pretty Heart,Parker McCollum,38,13,Gains In Performance
2020-04-11,42,Break It In,Eli Young Band,42,27,Gains In Performance
2020-04-11,43,One Margarita,Luke Bryan,59,2,Gains In Performance
2020-04-11,44,Head Over Heels,Runaway June,48,20,Gains In Performance
2020-04-11,45,Some People Do,Old Dominion,40,6,
2020-04-11,46,I Do For You,Dillon Carmichael,46,26,Gains In Performance
2020-04-11,47,What I’m Leaving For,Lady Antebellum,44,7,Gains In Performance
2020-04-11,48,"Big, Big Plans",Chris Lane,45,19,Gains In Performance
2020-04-11,49,Getting Good,Lauren Alaina,47,25,Gains In Performance
2020-04-11,50,Love You Like I Used To,Russell Dickerson,51,5,Gains In Performance
2020-04-11,51,Momma's House,Dustin Lynch,53,7,Gains In Performance
2020-04-11,52,I Don't Love You,Lindsay Ell,54,16,Gains In Performance
2020-04-11,53,What I See,LANco,52,17,Gains In Performance
2020-04-11,54,Gaslighter,The Chicks,49,5,
2020-04-11,55,Fire't Up,Brantley Gilbert,50,16,
2020-04-11,56,Stay Home,Big & Rich,NEW,1,Gains In Performance
2020-04-11,57,Over Drinking,Little Big Town,55,17,Gains In Performance
2020-04-11,58,To Hell & Back,Maren Morris,NEW,1,Gains In Performance
2020-04-11,59,That's Why I Love Dirt Roads,Granger Smith,57,17,Gains In Performance
2020-04-11,60,Somebody Like That,Tenille Arts,58,8,Gains In Performance
2020-04-18,1,Catch,Brett Young,2,46,Greatest gainer this week|Gains In Performance
2020-04-18,2,I Hope,Gabby Barrett,3,33,Gains In Performance
2020-04-18,3,Nobody But You,Blake Shelton Duet With Gwen Stefani,4,15,Gains In Performance
2020-04-18,4,Chasin' You,Morgan Wallen,7,37,Gains In Performance
2020-04-18,5,More Hearts Than Mine,Ingrid Andress,5,42,Gains In Performance
2020-04-18,6,Beer Can't Fix,Thomas Rhett Featuring Jon Pardi,8,16,Gains In Performance
2020-04-18,7,Slow Dance In A Parking Lot,Jordan Davis,1,51,
2020-04-18,8,Does To Me,Luke Combs Featuring Eric Church,11,12,Gains In Performance
2020-04-18,9,Homemade,Jake Owen,9,45,
2020-04-18,10,After A Few,Travis Denning,12,57,Gains In Performance
2020-04-18,11,I Hope You're Happy Now,Carly Pearce & Lee Brice,13,27,Gains In Performance
2020-04-18,12,Here And Now,Kenny Chesney,14,8,Gains In Performance
2020-04-18,13,In Between,Scotty McCreery,15,53,Gains In Performance
2020-04-18,14,Drinking Alone,Carrie Underwood,16,23,Gains In Performance
2020-04-18,15,Hard To Forget,Sam Hunt,18,7,Gains In Performance
2020-04-18,16,Monsters,Eric Church,17,32,Gains In Performance
2020-04-18,17,God Whispered Your Name,Keith Urban,19,7,Gains In Performance
2020-04-18,18,One Big Country Song,LoCash,20,48,Gains In Performance
2020-04-18,19,I Love My Country,Florida Georgia Line,26,3,Gains In Performance
2020-04-18,20,Why We Drink,Justin Moore,21,28,Gains In Performance
2020-04-18,21,Die From A Broken Heart,Maddie & Tae,22,36,Gains In Performance
2020-04-18,22,Bluebird,Miranda Lambert,25,17,Gains In Performance
2020-04-18,23,Done,Chris Janson,24,20,Gains In Performance
2020-04-18,24,Be A Light,"Thomas Rhett Featuring Reba McEntire, Hillary Scott, Chris Tomlin & Keith Urban",27,2,Gains In Performance
2020-04-18,25,Her World Or Mine,Michael Ray,23,43,Gains In Performance
2020-04-18,26,Drowning,Chris Young,28,29,Gains In Performance
2020-04-18,27,Lonely If You Are,Chase Rice,29,41,Gains In Performance
2020-04-18,28,One Night Standards,Ashley McBryde,30,22,Gains In Performance
2020-04-18,29,What Could've Been,Gone West,31,32,Gains In Performance
2020-04-18,30,Some Girls,Jameson Rodgers,34,21,Gains In Performance
2020-04-18,31,She's Mine,Kip Moore,33,31,Gains In Performance
2020-04-18,32,One Beer,HARDY Featuring Lauren Alaina & Devin Dawson,35,10,Gains In Performance
2020-04-18,33,Ain't Always The Cowboy,Jon Pardi,38,4,Gains In Performance
2020-04-18,34,One Margarita,Luke Bryan,43,3,Gains In Performance
2020-04-18,35,One Of Them Girls,Lee Brice,NEW,1,Highest ranking debut|Gains In Performance
2020-04-18,36,Front Seat,Rayne Johnson,36,32,Gains In Performance
2020-04-18,37,Now You Know,Jon Langston,37,27,Gains In Performance
2020-04-18,38,Cheatin' Songs,Midland,39,12,Gains In Performance
2020-04-18,39,Everywhere But On,Matt Stell,40,18,Gains In Performance
2020-04-18,40,What I’m Leaving For,Lady Antebellum,47,8,Gains In Performance
2020-04-18,41,Head Over Heels,Runaway June,44,21,Gains In Performance
2020-04-18,42,Pretty Heart,Parker McCollum,41,14,
2020-04-18,43,Break It In,Eli Young Band,42,28,
2020-04-18,44,I Do For You,Dillon Carmichael,46,27,Gains In Performance
2020-04-18,45,Some People Do,Old Dominion,45,7,
2020-04-18,46,"Big, Big Plans",Chris Lane,48,20,Gains In Performance
2020-04-18,47,Getting Good,Lauren Alaina,49,26,Gains In Performance
2020-04-18,48,Love You Like I Used To,Russell Dickerson,50,6,Gains In Performance
2020-04-18,49,Stay Home,Big & Rich,56,2,Gains In Performance
2020-04-18,50,Got What I Got,Jason Aldean,NEW,1,Gains In Performance
2020-04-18,51,To Hell & Back,Maren Morris,58,2,Gains In Performance
2020-04-18,52,I Don't Love You,Lindsay Ell,52,17,Gains In Performance
2020-04-18,53,Momma's House,Dustin Lynch,51,8,
2020-04-18,54,What I See,LANco,53,18,
2020-04-18,55,Fire't Up,Brantley Gilbert,55,17,Gains In Performance
2020-04-18,56,Gaslighter,The Chicks,54,6,
2020-04-18,57,Over Drinking,Little Big Town,57,18,
2020-04-18,58,Somebody Like That,Tenille Arts,60,9,
2020-04-18,59,That's Why I Love Dirt Roads,Granger Smith,59,18,
2020-04-18,60,For My Money,Brandon Lay,RE,6,
2020-04-25,1,I Hope,Gabby Barrett,2,34,Gains In Performance
2020-04-25,2,Nobody But You,Blake Shelton Duet With Gwen Stefani,3,16,Gains In Performance
2020-04-25,3,Chasin' You,Morgan Wallen,4,38,Gains In Performance
2020-04-25,4,More Hearts Than Mine,Ingrid Andress,5,43,Gains In Performance
2020-04-25,5,Catch,Brett Young,1,47,
2020-04-25,6,Beer Can't Fix,Thomas Rhett Featuring Jon Pardi,6,17,Gains In Performance
2020-04-25,7,Does To Me,Luke Combs Featuring Eric Church,8,13,Gains In Performance
2020-04-25,8,After A Few,Travis Denning,10,58,Gains In Performance
2020-04-25,9,I Hope You're Happy Now,Carly Pearce & Lee Brice,11,28,Gains In Performance
2020-04-25,10,Homemade,Jake Owen,9,46,
2020-04-25,11,Here And Now,Kenny Chesney,12,9,Gains In Performance
2020-04-25,12,In Between,Scotty McCreery,13,54,Gains In Performance
2020-04-25,13,Drinking Alone,Carrie Underwood,14,24,Gains In Performance
2020-04-25,14,Hard To Forget,Sam Hunt,15,8,Gains In Performance
2020-04-25,15,God Whispered Your Name,Keith Urban,17,8,Gains In Performance
2020-04-25,16,One Big Country Song,LoCash,18,49,Gains In Performance
2020-04-25,17,Monsters,Eric Church,16,33,Gains In Performance
2020-04-25,18,I Love My Country,Florida Georgia Line,19,4,Gains In Performance
2020-04-25,19,Be A Light,"Thomas Rhett Featuring Reba McEntire, Hillary Scott, Chris Tomlin & Keith Urban",24,3,Gains In Performance
2020-04-25,20,Why We Drink,Justin Moore,20,29,Gains In Performance
2020-04-25,21,Bluebird,Miranda Lambert,22,18,Gains In Performance
2020-04-25,22,Die From A Broken Heart,Maddie & Tae,21,37,Gains In Performance
2020-04-25,23,Done,Chris Janson,23,21,Gains In Performance
2020-04-25,24,Her World Or Mine,Michael Ray,25,44,Gains In Performance
2020-04-25,25,Drowning,Chris Young,26,30,Gains In Performance
2020-04-25,26,Lonely If You Are,Chase Rice,27,42,Gains In Performance
2020-04-25,27,Gabrielle,Brett Eldredge,NEW,1,Highest ranking debut|Gains In Performance
2020-04-25,28,One Night Standards,Ashley McBryde,28,23,Gains In Performance
2020-04-25,29,What Could've Been,Gone West,29,33,Gains In Performance
2020-04-25,30,One Margarita,Luke Bryan,34,4,Gains In Performance
2020-04-25,31,She's Mine,Kip Moore,31,32,Gains In Performance
2020-04-25,32,Some Girls,Jameson Rodgers,30,22,Gains In Performance
2020-04-25,33,One Beer,HARDY Featuring Lauren Alaina & Devin Dawson,32,11,Gains In Performance
2020-04-25,34,Ain't Always The Cowboy,Jon Pardi,33,5,Gains In Performance
2020-04-25,35,Cheatin' Songs,Midland,38,13,Gains In Performance
2020-04-25,36,Now You Know,Jon Langston,37,28,Gains In Performance
2020-04-25,37,Some People Do,Old Dominion,45,8,Gains In Performance
2020-04-25,38,Pretty Heart,Parker McCollum,42,15,Gains In Performance
2020-04-25,39,What I’m Leaving For,Lady Antebellum,40,9,Gains In Performance
2020-04-25,40,Everywhere But On,Matt Stell,39,19,Gains In Performance
2020-04-25,41,Got What I Got,Jason Aldean,50,2,Gains In Performance
2020-04-25,42,"Big, Big Plans",Chris Lane,46,21,Gains In Performance
2020-04-25,43,Head Over Heels,Runaway June,41,22,Gains In Performance
2020-04-25,44,I Do For You,Dillon Carmichael,44,28,Gains In Performance
2020-04-25,45,No I In Beer,Brad Paisley,NEW,1,Gains In Performance
2020-04-25,46,Getting Good,Lauren Alaina,47,27,Gains In Performance
2020-04-25,47,Love You Like I Used To,Russell Dickerson,48,7,Gains In Performance
2020-04-25,48,I Don't Love You,Lindsay Ell,52,18,
2020-04-25,49,To Hell & Back,Maren Morris,51,3,
2020-04-25,50,Momma's House,Dustin Lynch,53,9,Gains In Performance
2020-04-25,51,Fire't Up,Brantley Gilbert,55,18,Gains In Performance
2020-04-25,52,What I See,LANco,54,19,
2020-04-25,53,One Of Them Girls,Lee Brice,35,2,
2020-04-25,54,Stay Home,Big & Rich,49,3,
2020-04-25,55,Somebody Like That,Tenille Arts,58,10,Gains In Performance
2020-04-25,56,That's Why I Love Dirt Roads,Granger Smith,59,19,Gains In Performance
2020-04-25,57,Good Time,Niko Moon,NEW,1,Gains In Performance
2020-04-25,58,For My Money,Brandon Lay,60,7,Gains In Performance
2020-04-25,59,Nobody,Dylan Scott,NEW,1,Gains In Performance
2020-04-25,60,Famous,Adam Doleac,NEW,1,
2020-05-02,1,Nobody But You,Blake Shelton Duet With Gwen Stefani,2,17,Gains In Performance
2020-05-02,2,Chasin' You,Morgan Wallen,3,39,Gains In Performance
2020-05-02,3,More Hearts Than Mine,Ingrid Andress,4,44,Gains In Performance
2020-05-02,4,I Hope,Gabby Barrett,1,35,
2020-05-02,5,Beer Can't Fix,Thomas Rhett Featuring Jon Pardi,6,18,Gains In Performance
2020-05-02,6,Does To Me,Luke Combs Featuring Eric Church,7,14,Gains In Performance
2020-05-02,7,After A Few,Travis Denning,8,59,Gains In Performance
2020-05-02,8,Catch,Brett Young,5,48,
2020-05-02,9,I Hope You're Happy Now,Carly Pearce & Lee Brice,9,29,Gains In Performance
2020-05-02,10,Here And Now,Kenny Chesney,11,10,Gains In Performance
2020-05-02,11,In Between,Scotty McCreery,12,55,Gains In Performance
2020-05-02,12,Hard To Forget,Sam Hunt,14,9,Gains In Performance
2020-05-02,13,Drinking Alone,Carrie Underwood,13,25,Gains In Performance
2020-05-02,14,God Whispered Your Name,Keith Urban,15,9,Gains In Performance
2020-05-02,15,I Love My Country,Florida Georgia Line,18,5,Gains In Performance
2020-05-02,16,Monsters,Eric Church,17,34,Gains In Performance
2020-05-02,17,One Big Country Song,LoCash,16,50,Gains In Performance
2020-05-02,18,Be A Light,"Thomas Rhett Featuring Reba McEntire, Hillary Scott, Chris Tomlin & Keith Urban",19,4,Gains In Performance
2020-05-02,19,Why We Drink,Justin Moore,20,30,Gains In Performance
2020-05-02,20,Bluebird,Miranda Lambert,21,19,Gains In Performance
2020-05-02,21,Done,Chris Janson,23,22,Gains In Performance
2020-05-02,22,Cool Again,Kane Brown,NEW,1,Highest ranking debut|Gains In Performance
2020-05-02,23,Her World Or Mine,Michael Ray,24,45,Gains In Performance
2020-05-02,24,Die From A Broken Heart,Maddie & Tae,22,38,Gains In Performance
2020-05-02,25,Drowning,Chris Young,25,31,
2020-05-02,26,One Night Standards,Ashley McBryde,28,24,Gains In Performance
2020-05-02,27,Lonely If You Are,Chase Rice,26,43,Gains In Performance
2020-05-02,28,One Margarita,Luke Bryan,30,5,Gains In Performance
2020-05-02,29,What Could've Been,Gone West,29,34,
2020-05-02,30,Some Girls,Jameson Rodgers,32,23,Gains In Performance
2020-05-02,31,She's Mine,Kip Moore,31,33,Gains In Performance
2020-05-02,32,One Beer,HARDY Featuring Lauren Alaina & Devin Dawson,33,12,Gains In Performance
2020-05-02,33,Ain't Always The Cowboy,Jon Pardi,34,6,Gains In Performance
2020-05-02,34,Pretty Heart,Parker McCollum,38,16,Gains In Performance
2020-05-02,35,Everywhere But On,Matt Stell,40,20,Gains In Performance
2020-05-02,36,Cheatin' Songs,Midland,35,14,Gains In Performance
2020-05-02,37,Now You Know,Jon Langston,36,29,Gains In Performance
2020-05-02,38,No I In Beer,Brad Paisley,45,2,Gains In Performance
2020-05-02,39,Some People Do,Old Dominion,37,9,Gains In Performance
2020-05-02,40,Got What I Got,Jason Aldean,41,3,Gains In Performance
2020-05-02,41,One Of Them Girls,Lee Brice,53,3,Gains In Performance
2020-05-02,42,Love You Like I Used To,Russell Dickerson,47,8,Gains In Performance
2020-05-02,43,"Big, Big Plans",Chris Lane,42,22,
2020-05-02,44,Break It In,Eli Young Band,RE,29,Gains In Performance
2020-05-02,45,I Do For You,Dillon Carmichael,44,29,
2020-05-02,46,Head Over Heels,Runaway June,43,23,
2020-05-02,47,What I’m Leaving For,Lady Antebellum,39,10,
2020-05-02,48,Getting Good,Lauren Alaina,46,28,
2020-05-02,49,Gabrielle,Brett Eldredge,27,2,Gains In Performance
2020-05-02,50,To Hell & Back,Maren Morris,49,4,Gains In Performance
2020-05-02,51,Momma's House,Dustin Lynch,50,10,Gains In Performance
2020-05-02,52,That's Why I Love Dirt Roads,Granger Smith,56,20,Gains In Performance
2020-05-02,53,I Don't Love You,Lindsay Ell,48,19,
2020-05-02,54,Fire't Up,Brantley Gilbert,51,19,Gains In Performance
2020-05-02,55,What I See,LANco,52,20,Gains In Performance
2020-05-02,56,Somebody Like That,Tenille Arts,55,11,Gains In Performance
2020-05-02,57,Good Time,Niko Moon,57,2,Gains In Performance
2020-05-02,58,Champagne Night,Lady A,NEW,1,Gains In Performance
2020-05-02,59,Stay Home,Big & Rich,54,4,
2020-05-02,60,For My Money,Brandon Lay,58,8,
2020-05-09,1,Nobody But You,Blake Shelton Duet With Gwen Stefani,1,18,Gains In Performance
2020-05-09,2,Chasin' You,Morgan Wallen,2,40,Gains In Performance
2020-05-09,3,Beer Can't Fix,Thomas Rhett Featuring Jon Pardi,5,19,Gains In Performance
2020-05-09,4,Does To Me,Luke Combs Featuring Eric Church,6,15,Gains In Performance
2020-05-09,5,I Hope,Gabby Barrett,4,36,
2020-05-09,6,After A Few,Travis Denning,7,60,Greatest gainer this week|Gains In Performance
2020-05-09,7,I Hope You're Happy Now,Carly Pearce & Lee Brice,9,30,Gains In Performance
2020-05-09,8,Here And Now,Kenny Chesney,10,11,Gains In Performance
2020-05-09,9,More Hearts Than Mine,Ingrid Andress,3,45,
2020-05-09,10,In Between,Scotty McCreery,11,56,Gains In Performance
2020-05-09,11,Hard To Forget,Sam Hunt,12,10,Gains In Performance
2020-05-09,12,Drinking Alone,Carrie Underwood,13,26,Gains In Performance
2020-05-09,13,I Love My Country,Florida Georgia Line,15,6,Gains In Performance
2020-05-09,14,God Whispered Your Name,Keith Urban,14,10,Gains In Performance
2020-05-09,15,Monsters,Eric Church,16,35,Gains In Performance
2020-05-09,16,Bluebird,Miranda Lambert,20,20,Gains In Performance
2020-05-09,17,One Big Country Song,LoCash,17,51,Gains In Performance
2020-05-09,18,Why We Drink,Justin Moore,19,31,Gains In Performance
2020-05-09,19,Be A Light,"Thomas Rhett Featuring Reba McEntire, Hillary Scott, Chris Tomlin & Keith Urban",18,5,Gains In Performance
2020-05-09,20,Done,Chris Janson,21,23,Gains In Performance
2020-05-09,21,Die From A Broken Heart,Maddie & Tae,24,39,Gains In Performance
2020-05-09,22,Her World Or Mine,Michael Ray,23,46,Gains In Performance
2020-05-09,23,One Margarita,Luke Bryan,28,6,Gains In Performance
2020-05-09,24,One Night Standards,Ashley McBryde,26,25,Gains In Performance
2020-05-09,25,Drowning,Chris Young,25,32,Gains In Performance
2020-05-09,26,Lonely If You Are,Chase Rice,27,44,
2020-05-09,27,What Could've Been,Gone West,29,35,Gains In Performance
2020-05-09,28,She's Mine,Kip Moore,31,34,Gains In Performance
2020-05-09,29,Cool Again,Kane Brown,22,2,
2020-05-09,30,Pretty Heart,Parker McCollum,34,17,Gains In Performance
2020-05-09,31,Some Girls,Jameson Rodgers,30,24,Gains In Performance
2020-05-09,32,Lady,Brett Young,NEW,1,Highest ranking debut|Gains In Performance
2020-05-09,33,No I In Beer,Brad Paisley,38,3,Gains In Performance
2020-05-09,34,One Beer,HARDY Featuring Lauren Alaina & Devin Dawson,32,13,Gains In Performance
2020-05-09,35,Cheatin' Songs,Midland,36,15,Gains In Performance
2020-05-09,36,Ain't Always The Cowboy,Jon Pardi,33,7,Gains In Performance
2020-05-09,37,Everywhere But On,Matt Stell,35,21,Gains In Performance
2020-05-09,38,Got What I Got,Jason Aldean,40,4,Gains In Performance
2020-05-09,39,Some People Do,Old Dominion,39,10,Gains In Performance
2020-05-09,40,One Of Them Girls,Lee Brice,41,4,Gains In Performance
2020-05-09,41,Now You Know,Jon Langston,37,30,Gains In Performance
2020-05-09,42,"Big, Big Plans",Chris Lane,43,23,Gains In Performance
2020-05-09,43,Love You Like I Used To,Russell Dickerson,42,9,Gains In Performance
2020-05-09,44,Getting Good,Lauren Alaina,48,29,Gains In Performance
2020-05-09,45,Momma's House,Dustin Lynch,51,11,Gains In Performance
2020-05-09,46,Head Over Heels,Runaway June,46,24,Gains In Performance
2020-05-09,47,Gabrielle,Brett Eldredge,49,3,Gains In Performance
2020-05-09,48,What I See,LANco,55,21,Gains In Performance
2020-05-09,49,To Hell & Back,Maren Morris,50,5,Gains In Performance
2020-05-09,50,I Don't Love You,Lindsay Ell,53,20,Gains In Performance
2020-05-09,51,Good Time,Niko Moon,57,3,Gains In Performance
2020-05-09,52,Somebody Like That,Tenille Arts,56,12,Gains In Performance
2020-05-09,53,Champagne Night,Lady A,58,2,Gains In Performance
2020-05-09,54,Fire't Up,Brantley Gilbert,54,20,
2020-05-09,55,Six Feet Apart,Luke Combs,NEW,1,Gains In Performance
2020-05-09,56,Nobody,Dylan Scott,RE,2,Gains In Performance
2020-05-09,57,For My Money,Brandon Lay,60,9,Gains In Performance
2020-05-09,58,The Other Girl,Kelsea Ballerini x Halsey,NEW,1,Gains In Performance
2020-05-09,59,This Is Us,Jimmie Allen & Noah Cyrus,NEW,1,
2020-05-09,60,Like I Knew You Would,Payton Smith,NEW,1,Gains In Performance
2020-05-16,1,Beer Can't Fix,Thomas Rhett Featuring Jon Pardi,3,20,Gains In Performance
2020-05-16,2,Chasin' You,Morgan Wallen,2,41,Gains In Performance
2020-05-16,3,Nobody But You,Blake Shelton Duet With Gwen Stefani,1,19,
2020-05-16,4,Does To Me,Luke Combs Featuring Eric Church,4,16,Gains In Performance
2020-05-16,5,After A Few,Travis Denning,6,61,Gains In Performance
2020-05-16,6,I Hope,Gabby Barrett,5,37,
2020-05-16,7,I Hope You're Happy Now,Carly Pearce & Lee Brice,7,31,Gains In Performance
2020-05-16,8,Here And Now,Kenny Chesney,8,12,Gains In Performance
2020-05-16,9,In Between,Scotty McCreery,10,57,Gains In Performance
2020-05-16,10,Hard To Forget,Sam Hunt,11,11,Gains In Performance
2020-05-16,11,Drinking Alone,Carrie Underwood,12,27,Gains In Performance
2020-05-16,12,I Love My Country,Florida Georgia Line,13,7,Gains In Performance
2020-05-16,13,God Whispered Your Name,Keith Urban,14,11,Gains In Performance
2020-05-16,14,One Big Country Song,LoCash,17,52,Gains In Performance
2020-05-16,15,Bluebird,Miranda Lambert,16,21,Gains In Performance
2020-05-16,16,Monsters,Eric Church,15,36,Gains In Performance
2020-05-16,17,Why We Drink,Justin Moore,18,32,Gains In Performance
2020-05-16,18,Done,Chris Janson,20,24,Gains In Performance
2020-05-16,19,One Margarita,Luke Bryan,23,7,Gains In Performance
2020-05-16,20,I Called Mama,Tim McGraw,NEW,1,Highest ranking debut|Gains In Performance
2020-05-16,21,Die From A Broken Heart,Maddie & Tae,21,40,Gains In Performance
2020-05-16,22,Be A Light,"Thomas Rhett Featuring Reba McEntire, Hillary Scott, Chris Tomlin & Keith Urban",19,6,
2020-05-16,23,Her World Or Mine,Michael Ray,22,47,Gains In Performance
2020-05-16,24,One Night Standards,Ashley McBryde,24,26,Gains In Performance
2020-05-16,25,Lonely If You Are,Chase Rice,26,45,Gains In Performance
2020-05-16,26,Cool Again,Kane Brown,29,3,Gains In Performance
2020-05-16,27,Pretty Heart,Parker McCollum,30,18,Gains In Performance
2020-05-16,28,No I In Beer,Brad Paisley,33,4,Gains In Performance
2020-05-16,29,Some Girls,Jameson Rodgers,31,25,Gains In Performance
2020-05-16,30,What Could've Been,Gone West,27,36,
2020-05-16,31,She's Mine,Kip Moore,28,35,Gains In Performance
2020-05-16,32,Everywhere But On,Matt Stell,37,22,Gains In Performance
2020-05-16,33,Cheatin' Songs,Midland,35,16,Gains In Performance
2020-05-16,34,One Beer,HARDY Featuring Lauren Alaina & Devin Dawson,34,14,Gains In Performance
2020-05-16,35,Ain't Always The Cowboy,Jon Pardi,36,8,Gains In Performance
2020-05-16,36,One Of Them Girls,Lee Brice,40,5,Gains In Performance
2020-05-16,37,Got What I Got,Jason Aldean,38,5,Gains In Performance
2020-05-16,38,Some People Do,Old Dominion,39,11,Gains In Performance
2020-05-16,39,Now You Know,Jon Langston,41,31,Gains In Performance
2020-05-16,40,Six Feet Apart,Luke Combs,55,2,Gains In Performance
2020-05-16,41,"Big, Big Plans",Chris Lane,42,24,Gains In Performance
2020-05-16,42,Getting Good,Lauren Alaina,44,30,Gains In Performance
2020-05-16,43,Love You Like I Used To,Russell Dickerson,43,10,
2020-05-16,44,Gabrielle,Brett Eldredge,47,4,Gains In Performance
2020-05-16,45,Momma's House,Dustin Lynch,45,12,Gains In Performance
2020-05-16,46,What I See,LANco,48,22,Gains In Performance
2020-05-16,47,Somebody Like That,Tenille Arts,52,13,Gains In Performance
2020-05-16,48,I Don't Love You,Lindsay Ell,50,21,Gains In Performance
2020-05-16,49,Head Over Heels,Runaway June,46,25,
2020-05-16,50,Champagne Night,Lady A,53,3,Gains In Performance
2020-05-16,51,To Hell & Back,Maren Morris,49,6,
2020-05-16,52,Good Time,Niko Moon,51,4,
2020-05-16,53,Senior Year,Drew Baldridge,NEW,1,Gains In Performance
2020-05-16,54,The Other Girl,Kelsea Ballerini x Halsey,58,2,Gains In Performance
2020-05-16,55,Nobody,Dylan Scott,56,3,Gains In Performance
2020-05-16,56,For My Money,Brandon Lay,57,10,
2020-05-16,57,Like I Knew You Would,Payton Smith,60,2,Gains In Performance
2020-05-16,58,This Is Us,Jimmie Allen & Noah Cyrus,59,2,Gains In Performance
2020-05-16,59,These Days,MacKenzie Porter,NEW,1,Gains In Performance
2020-05-16,60,Lady,Brett Young,32,2,
2020-05-23,1,Chasin' You,Morgan Wallen,2,42,Gains In Performance
2020-05-23,2,Does To Me,Luke Combs Featuring Eric Church,4,17,Greatest gainer this week|Gains In Performance
2020-05-23,3,Nobody But You,Blake Shelton Duet With Gwen Stefani,3,20,
2020-05-23,4,Beer Can't Fix,Thomas Rhett Featuring Jon Pardi,1,21,
2020-05-23,5,After A Few,Travis Denning,5,62,Gains In Performance
2020-05-23,6,I Hope You're Happy Now,Carly Pearce & Lee Brice,7,32,Gains In Performance
2020-05-23,7,I Hope,Gabby Barrett,6,38,
2020-05-23,8,Here And Now,Kenny Chesney,8,13,Gains In Performance
2020-05-23,9,In Between,Scotty McCreery,9,58,Gains In Performance
2020-05-23,10,Hard To Forget,Sam Hunt,10,12,Gains In Performance
2020-05-23,11,Drinking Alone,Carrie Underwood,11,28,Gains In Performance
2020-05-23,12,I Love My Country,Florida Georgia Line,12,8,Gains In Performance
2020-05-23,13,God Whispered Your Name,Keith Urban,13,12,Gains In Performance
2020-05-23,14,Bluebird,Miranda Lambert,15,22,Gains In Performance
2020-05-23,15,One Big Country Song,LoCash,14,53,Gains In Performance
2020-05-23,16,Why We Drink,Justin Moore,17,33,Gains In Performance
2020-05-23,17,One Margarita,Luke Bryan,19,8,Gains In Performance
2020-05-23,18,Monsters,Eric Church,16,37,Gains In Performance
2020-05-23,19,Done,Chris Janson,18,25,Gains In Performance
2020-05-23,20,Die From A Broken Heart,Maddie & Tae,21,41,Gains In Performance
2020-05-23,21,Be A Light,"Thomas Rhett Featuring Reba McEntire, Hillary Scott, Chris Tomlin & Keith Urban",22,7,Gains In Performance
2020-05-23,22,One Night Standards,Ashley McBryde,24,27,Gains In Performance
2020-05-23,23,Lonely If You Are,Chase Rice,25,46,Gains In Performance
2020-05-23,24,Cool Again,Kane Brown,26,4,Gains In Performance
2020-05-23,25,I Called Mama,Tim McGraw,20,2,
2020-05-23,26,Some Girls,Jameson Rodgers,29,26,Gains In Performance
2020-05-23,27,No I In Beer,Brad Paisley,28,5,Gains In Performance
2020-05-23,28,Pretty Heart,Parker McCollum,27,19,Gains In Performance
2020-05-23,29,What Could've Been,Gone West,30,37,Gains In Performance
2020-05-23,30,She's Mine,Kip Moore,31,36,Gains In Performance
2020-05-23,31,Everywhere But On,Matt Stell,32,23,Gains In Performance
2020-05-23,32,One Beer,HARDY Featuring Lauren Alaina & Devin Dawson,34,15,Gains In Performance
2020-05-23,33,Cheatin' Songs,Midland,33,17,Gains In Performance
2020-05-23,34,Got What I Got,Jason Aldean,37,6,Gains In Performance
2020-05-23,35,Ain't Always The Cowboy,Jon Pardi,35,9,Gains In Performance
2020-05-23,36,One Of Them Girls,Lee Brice,36,6,Gains In Performance
2020-05-23,37,Some People Do,Old Dominion,38,12,Gains In Performance
2020-05-23,38,Six Feet Apart,Luke Combs,40,3,Gains In Performance
2020-05-23,39,Now You Know,Jon Langston,39,32,Gains In Performance
2020-05-23,40,Gabrielle,Brett Eldredge,44,5,Gains In Performance
2020-05-23,41,"Big, Big Plans",Chris Lane,41,25,
2020-05-23,42,Getting Good,Lauren Alaina,42,31,Gains In Performance
2020-05-23,43,Momma's House,Dustin Lynch,45,13,Gains In Performance
2020-05-23,44,Love You Like I Used To,Russell Dickerson,43,11,Gains In Performance
2020-05-23,45,What I See,LANco,46,23,Gains In Performance
2020-05-23,46,Somebody Like That,Tenille Arts,47,14,Gains In Performance
2020-05-23,47,Champagne Night,Lady A,50,4,Gains In Performance
2020-05-23,48,I Don't Love You,Lindsay Ell,48,22,
2020-05-23,49,Head Over Heels,Runaway June,49,26,
2020-05-23,50,To Hell & Back,Maren Morris,51,7,Gains In Performance
2020-05-23,51,Good Time,Niko Moon,52,5,Gains In Performance
2020-05-23,52,The Other Girl,Kelsea Ballerini x Halsey,54,3,Gains In Performance
2020-05-23,53,Senior Year,Drew Baldridge,53,2,Gains In Performance
2020-05-23,54,Nobody,Dylan Scott,55,4,Gains In Performance
2020-05-23,55,That's Why I Love Dirt Roads,Granger Smith,RE,21,Gains In Performance
2020-05-23,56,For My Money,Brandon Lay,56,11,
2020-05-23,57,This Is Us,Jimmie Allen & Noah Cyrus,58,3,Gains In Performance
2020-05-23,58,Lady,Brett Young,60,3,Gains In Performance
2020-05-23,59,These Days,MacKenzie Porter,59,2,Gains In Performance
2020-05-23,60,Like I Knew You Would,Payton Smith,57,3,
2020-05-30,1,Does To Me,Luke Combs Featuring Eric Church,2,18,Gains In Performance
2020-05-30,2,Chasin' You,Morgan Wallen,1,43,
2020-05-30,3,After A Few,Travis Denning,5,63,Gains In Performance
2020-05-30,4,Nobody But You,Blake Shelton Duet With Gwen Stefani,3,21,
2020-05-30,5,Beer Can't Fix,Thomas Rhett Featuring Jon Pardi,4,22,
2020-05-30,6,I Hope You're Happy Now,Carly Pearce & Lee Brice,6,33,Gains In Performance
2020-05-30,7,Here And Now,Kenny Chesney,8,14,Gains In Performance
2020-05-30,8,I Hope,Gabby Barrett,7,39,
2020-05-30,9,In Between,Scotty McCreery,9,59,Gains In Performance
2020-05-30,10,Hard To Forget,Sam Hunt,10,13,Gains In Performance
2020-05-30,11,Bluebird,Miranda Lambert,14,23,Gains In Performance
2020-05-30,12,One Big Country Song,LoCash,15,54,Gains In Performance
2020-05-30,13,Drinking Alone,Carrie Underwood,11,29,Gains In Performance
2020-05-30,14,God Whispered Your Name,Keith Urban,13,13,Gains In Performance
2020-05-30,15,I Love My Country,Florida Georgia Line,12,9,Gains In Performance
2020-05-30,16,One Margarita,Luke Bryan,17,9,Gains In Performance
2020-05-30,17,Why We Drink,Justin Moore,16,34,Gains In Performance
2020-05-30,18,Done,Chris Janson,19,26,Gains In Performance
2020-05-30,19,Monsters,Eric Church,18,38,Gains In Performance
2020-05-30,20,Die From A Broken Heart,Maddie & Tae,20,42,Gains In Performance
2020-05-30,21,Be A Light,"Thomas Rhett Featuring Reba McEntire, Hillary Scott, Chris Tomlin & Keith Urban",21,8,Gains In Performance
2020-05-30,22,Cool Again,Kane Brown,24,5,Gains In Performance
2020-05-30,23,One Night Standards,Ashley McBryde,22,28,Gains In Performance
2020-05-30,24,I Called Mama,Tim McGraw,25,3,Greatest gainer this week|Gains In Performance
2020-05-30,25,Lonely If You Are,Chase Rice,23,47,Gains In Performance
2020-05-30,26,Some Girls,Jameson Rodgers,26,27,Gains In Performance
2020-05-30,27,No I In Beer,Brad Paisley,27,6,Gains In Performance
2020-05-30,28,She's Mine,Kip Moore,30,37,Gains In Performance
2020-05-30,29,Pretty Heart,Parker McCollum,28,20,Gains In Performance
2020-05-30,30,What Could've Been,Gone West,29,38,Gains In Performance
2020-05-30,31,Everywhere But On,Matt Stell,31,24,Gains In Performance
2020-05-30,32,One Beer,HARDY Featuring Lauren Alaina & Devin Dawson,32,16,Gains In Performance
2020-05-30,33,Cheatin' Songs,Midland,33,18,Gains In Performance
2020-05-30,34,Got What I Got,Jason Aldean,34,7,Gains In Performance
2020-05-30,35,Ain't Always The Cowboy,Jon Pardi,35,10,Gains In Performance
2020-05-30,36,Some People Do,Old Dominion,37,13,Gains In Performance
2020-05-30,37,One Of Them Girls,Lee Brice,36,7,Gains In Performance
2020-05-30,38,Six Feet Apart,Luke Combs,38,4,Gains In Performance
2020-05-30,39,Now You Know,Jon Langston,39,33,Gains In Performance
2020-05-30,40,Momma's House,Dustin Lynch,43,14,Gains In Performance
2020-05-30,41,Getting Good,Lauren Alaina,42,32,Gains In Performance
2020-05-30,42,Gabrielle,Brett Eldredge,40,6,Gains In Performance
2020-05-30,43,"Big, Big Plans",Chris Lane,41,26,Gains In Performance
2020-05-30,44,Love You Like I Used To,Russell Dickerson,44,12,Gains In Performance
2020-05-30,45,Champagne Night,Lady A,47,5,Gains In Performance
2020-05-30,46,Somebody Like That,Tenille Arts,46,15,Gains In Performance
2020-05-30,47,To Hell & Back,Maren Morris,50,8,Gains In Performance
2020-05-30,48,What I See,LANco,45,24,Gains In Performance
2020-05-30,49,I Don't Love You,Lindsay Ell,48,23,Gains In Performance
2020-05-30,50,Senior Year,Drew Baldridge,53,3,Gains In Performance
2020-05-30,51,Good Time,Niko Moon,51,6,Gains In Performance
2020-05-30,52,The Other Girl,Kelsea Ballerini x Halsey,52,4,
2020-05-30,53,Nobody,Dylan Scott,54,5,Gains In Performance
2020-05-30,54,All Night,Brothers Osborne,NEW,1,Highest ranking debut|Gains In Performance
2020-05-30,55,Lady,Brett Young,58,4,Gains In Performance
2020-05-30,56,Made For You,Jake Owen,NEW,1,Gains In Performance
2020-05-30,57,That's Why I Love Dirt Roads,Granger Smith,55,22,
2020-05-30,58,This Is Us,Jimmie Allen & Noah Cyrus,57,4,Gains In Performance
2020-05-30,59,For My Money,Brandon Lay,56,12,Gains In Performance
2020-05-30,60,Just The Way,Parmalee x Blanco Brown,NEW,1,Gains In Performance
2020-06-06,1,Does To Me,Luke Combs Featuring Eric Church,1,19,Gains In Performance
2020-06-06,2,After A Few,Travis Denning,3,64,Gains In Performance
2020-06-06,3,Chasin' You,Morgan Wallen,2,44,
2020-06-06,4,Nobody But You,Blake Shelton Duet With Gwen Stefani,4,22,
2020-06-06,5,I Hope You're Happy Now,Carly Pearce & Lee Brice,6,34,Gains In Performance
2020-06-06,6,Beer Can't Fix,Thomas Rhett Featuring Jon Pardi,5,23,
2020-06-06,7,Here And Now,Kenny Chesney,7,15,Gains In Performance
2020-06-06,8,In Between,Scotty McCreery,9,60,Gains In Performance
2020-06-06,9,Hard To Forget,Sam Hunt,10,14,Gains In Performance
2020-06-06,10,One Margarita,Luke Bryan,16,10,Greatest gainer this week|Gains In Performance
2020-06-06,11,Bluebird,Miranda Lambert,11,24,Gains In Performance
2020-06-06,12,One Big Country Song,LoCash,12,55,Gains In Performance
2020-06-06,13,God Whispered Your Name,Keith Urban,14,14,Gains In Performance
2020-06-06,14,Drinking Alone,Carrie Underwood,13,30,Gains In Performance
2020-06-06,15,I Love My Country,Florida Georgia Line,15,10,Gains In Performance
2020-06-06,16,Why We Drink,Justin Moore,17,35,Gains In Performance
2020-06-06,17,Done,Chris Janson,18,27,Gains In Performance
2020-06-06,18,Die From A Broken Heart,Maddie & Tae,20,43,Gains In Performance
2020-06-06,19,Be A Light,"Thomas Rhett Featuring Reba McEntire, Hillary Scott, Chris Tomlin & Keith Urban",21,9,Gains In Performance
2020-06-06,20,Cool Again,Kane Brown,22,6,Gains In Performance
2020-06-06,21,One Night Standards,Ashley McBryde,23,29,Gains In Performance
2020-06-06,22,I Called Mama,Tim McGraw,24,4,Gains In Performance
2020-06-06,23,Lonely If You Are,Chase Rice,25,48,Gains In Performance
2020-06-06,24,No I In Beer,Brad Paisley,27,7,Gains In Performance
2020-06-06,25,Some Girls,Jameson Rodgers,26,28,Gains In Performance
2020-06-06,26,She's Mine,Kip Moore,28,38,Gains In Performance
2020-06-06,27,What Could've Been,Gone West,30,39,Gains In Performance
2020-06-06,28,Pretty Heart,Parker McCollum,29,21,Gains In Performance
2020-06-06,29,Got What I Got,Jason Aldean,34,8,Gains In Performance
2020-06-06,30,Everywhere But On,Matt Stell,31,25,Gains In Performance
2020-06-06,31,One Beer,HARDY Featuring Lauren Alaina & Devin Dawson,32,17,Gains In Performance
2020-06-06,32,Cheatin' Songs,Midland,33,19,Gains In Performance
2020-06-06,33,One Of Them Girls,Lee Brice,37,8,Gains In Performance
2020-06-06,34,Ain't Always The Cowboy,Jon Pardi,35,11,Gains In Performance
2020-06-06,35,Some People Do,Old Dominion,36,14,Gains In Performance
2020-06-06,36,Six Feet Apart,Luke Combs,38,5,Gains In Performance
2020-06-06,37,Now You Know,Jon Langston,39,34,Gains In Performance
2020-06-06,38,Momma's House,Dustin Lynch,40,15,Gains In Performance
2020-06-06,39,Champagne Night,Lady A,45,6,Gains In Performance
2020-06-06,40,Getting Good,Lauren Alaina,41,33,Gains In Performance
2020-06-06,41,Love You Like I Used To,Russell Dickerson,44,13,Gains In Performance
2020-06-06,42,"Big, Big Plans",Chris Lane,43,27,Gains In Performance
2020-06-06,43,Somebody Like That,Tenille Arts,46,16,Gains In Performance
2020-06-06,44,Gabrielle,Brett Eldredge,42,7,
2020-06-06,45,To Hell & Back,Maren Morris,47,9,Gains In Performance
2020-06-06,46,What I See,LANco,48,25,Gains In Performance
2020-06-06,47,All Night,Brothers Osborne,54,2,Gains In Performance
2020-06-06,48,Good Time,Niko Moon,51,7,Gains In Performance
2020-06-06,49,Nobody,Dylan Scott,53,6,Gains In Performance
2020-06-06,50,I Don't Love You,Lindsay Ell,49,24,
2020-06-06,51,Lady,Brett Young,55,5,Gains In Performance
2020-06-06,52,Senior Year,Drew Baldridge,50,4,
2020-06-06,53,Made For You,Jake Owen,56,2,Gains In Performance
2020-06-06,54,That's Why I Love Dirt Roads,Granger Smith,57,23,Gains In Performance
2020-06-06,55,More Than My Hometown,Morgan Wallen,NEW,1,Highest ranking debut|Gains In Performance
2020-06-06,56,This Is Us,Jimmie Allen & Noah Cyrus,58,5,Gains In Performance
2020-06-06,57,The Other Girl,Kelsea Ballerini x Halsey,52,5,
2020-06-06,58,Just The Way,Parmalee x Blanco Brown,60,2,Gains In Performance
2020-06-06,59,For My Money,Brandon Lay,59,13,
2020-06-06,60,Like I Knew You Would,Payton Smith,RE,4,Gains In Performance
2020-06-13,1,After A Few,Travis Denning,2,65,Gains In Performance
2020-06-13,2,Does To Me,Luke Combs Featuring Eric Church,1,20,
2020-06-13,3,I Hope You're Happy Now,Carly Pearce & Lee Brice,5,35,Gains In Performance
2020-06-13,4,Chasin' You,Morgan Wallen,3,45,
2020-06-13,5,Nobody But You,Blake Shelton Duet With Gwen Stefani,4,23,
2020-06-13,6,Here And Now,Kenny Chesney,7,16,Gains In Performance
2020-06-13,7,In Between,Scotty McCreery,8,61,Gains In Performance
2020-06-13,8,One Margarita,Luke Bryan,10,11,Gains In Performance
2020-06-13,9,Hard To Forget,Sam Hunt,9,15,Gains In Performance
2020-06-13,10,Bluebird,Miranda Lambert,11,25,Gains In Performance
2020-06-13,11,One Big Country Song,LoCash,12,56,Gains In Performance
2020-06-13,12,I Love My Country,Florida Georgia Line,15,11,Gains In Performance
2020-06-13,13,God Whispered Your Name,Keith Urban,13,15,Gains In Performance
2020-06-13,14,Why We Drink,Justin Moore,16,36,Gains In Performance
2020-06-13,15,Drinking Alone,Carrie Underwood,14,31,Gains In Performance
2020-06-13,16,Be A Light,"Thomas Rhett Featuring Reba McEntire, Hillary Scott, Chris Tomlin & Keith Urban",19,10,Gains In Performance
2020-06-13,17,Done,Chris Janson,17,28,Gains In Performance
2020-06-13,18,Die From A Broken Heart,Maddie & Tae,18,44,Gains In Performance
2020-06-13,19,Cool Again,Kane Brown,20,7,Gains In Performance
2020-06-13,20,One Night Standards,Ashley McBryde,21,30,Gains In Performance
2020-06-13,21,I Called Mama,Tim McGraw,22,5,Gains In Performance
2020-06-13,22,Lonely If You Are,Chase Rice,23,49,Gains In Performance
2020-06-13,23,No I In Beer,Brad Paisley,24,8,Gains In Performance
2020-06-13,24,Some Girls,Jameson Rodgers,25,29,Gains In Performance
2020-06-13,25,She's Mine,Kip Moore,26,39,Gains In Performance
2020-06-13,26,Got What I Got,Jason Aldean,29,9,Gains In Performance
2020-06-13,27,Pretty Heart,Parker McCollum,28,22,Gains In Performance
2020-06-13,28,Everywhere But On,Matt Stell,30,26,Gains In Performance
2020-06-13,29,One Beer,HARDY Featuring Lauren Alaina & Devin Dawson,31,18,Gains In Performance
2020-06-13,30,What Could've Been,Gone West,27,40,Gains In Performance
2020-06-13,31,One Of Them Girls,Lee Brice,33,9,Gains In Performance
2020-06-13,32,Cheatin' Songs,Midland,32,20,
2020-06-13,33,Ain't Always The Cowboy,Jon Pardi,34,12,Gains In Performance
2020-06-13,34,Worldwide Beautiful,Kane Brown,NEW,1,Highest ranking debut|Gains In Performance
2020-06-13,35,Some People Do,Old Dominion,35,15,Gains In Performance
2020-06-13,36,Six Feet Apart,Luke Combs,36,6,Gains In Performance
2020-06-13,37,Champagne Night,Lady A,39,7,Gains In Performance
2020-06-13,38,Now You Know,Jon Langston,37,35,Gains In Performance
2020-06-13,39,Hard Days,Brantley Gilbert,NEW,1,Gains In Performance
2020-06-13,40,Momma's House,Dustin Lynch,38,16,
2020-06-13,41,Love You Like I Used To,Russell Dickerson,41,14,Gains In Performance
2020-06-13,42,Getting Good,Lauren Alaina,40,34,Gains In Performance
2020-06-13,43,"Big, Big Plans",Chris Lane,42,28,
2020-06-13,44,Somebody Like That,Tenille Arts,43,17,Gains In Performance
2020-06-13,45,What I See,LANco,46,26,Gains In Performance
2020-06-13,46,Gabrielle,Brett Eldredge,44,8,
2020-06-13,47,To Hell & Back,Maren Morris,45,10,Gains In Performance
2020-06-13,48,All Night,Brothers Osborne,47,3,Gains In Performance
2020-06-13,49,Good Time,Niko Moon,48,8,Gains In Performance
2020-06-13,50,Lady,Brett Young,51,6,Gains In Performance
2020-06-13,51,Nobody,Dylan Scott,49,7,Gains In Performance
2020-06-13,52,Made For You,Jake Owen,53,3,Gains In Performance
2020-06-13,53,More Than My Hometown,Morgan Wallen,55,2,Gains In Performance
2020-06-13,54,This Is Us,Jimmie Allen & Noah Cyrus,56,6,Gains In Performance
2020-06-13,55,That's Why I Love Dirt Roads,Granger Smith,54,24,Gains In Performance
2020-06-13,56,Senior Year,Drew Baldridge,52,5,
2020-06-13,57,Hole In The Bottle,Kelsea Ballerini,NEW,1,Gains In Performance
2020-06-13,58,Almost Maybes,Jordan Davis,NEW,1,Gains In Performance
2020-06-13,59,Just The Way,Parmalee x Blanco Brown,58,3,Gains In Performance
2020-06-13,60,Whatcha Drinkin 'Bout,Stephanie Quayle,RE,3,Gains In Performance
2020-06-20,1,I Hope You're Happy Now,Carly Pearce & Lee Brice,3,36,Greatest gainer this week|Gains In Performance
2020-06-20,2,Does To Me,Luke Combs Featuring Eric Church,2,21,
2020-06-20,3,Chasin' You,Morgan Wallen,4,46,
2020-06-20,4,Here And Now,Kenny Chesney,6,17,Gains In Performance
2020-06-20,5,Nobody But You,Blake Shelton Duet With Gwen Stefani,5,24,
2020-06-20,6,After A Few,Travis Denning,1,66,
2020-06-20,7,One Margarita,Luke Bryan,8,12,Gains In Performance
2020-06-20,8,In Between,Scotty McCreery,7,62,Gains In Performance
2020-06-20,9,Hard To Forget,Sam Hunt,9,16,Gains In Performance
2020-06-20,10,Bluebird,Miranda Lambert,10,26,Gains In Performance
2020-06-20,11,One Big Country Song,LoCash,11,57,Gains In Performance
2020-06-20,12,I Love My Country,Florida Georgia Line,12,12,Gains In Performance
2020-06-20,13,Be A Light,"Thomas Rhett Featuring Reba McEntire, Hillary Scott, Chris Tomlin & Keith Urban",16,11,Gains In Performance
2020-06-20,14,God Whispered Your Name,Keith Urban,13,16,Gains In Performance
2020-06-20,15,Why We Drink,Justin Moore,14,37,Gains In Performance
2020-06-20,16,Drinking Alone,Carrie Underwood,15,32,
2020-06-20,17,Done,Chris Janson,17,29,Gains In Performance
2020-06-20,18,Die From A Broken Heart,Maddie & Tae,18,45,Gains In Performance
2020-06-20,19,One Night Standards,Ashley McBryde,20,31,Gains In Performance
2020-06-20,20,Cool Again,Kane Brown,19,8,Gains In Performance
2020-06-20,21,I Called Mama,Tim McGraw,21,6,Gains In Performance
2020-06-20,22,Lonely If You Are,Chase Rice,22,50,Gains In Performance
2020-06-20,23,Some Girls,Jameson Rodgers,24,30,Gains In Performance
2020-06-20,24,No I In Beer,Brad Paisley,23,9,Gains In Performance
2020-06-20,25,Got What I Got,Jason Aldean,26,10,Gains In Performance
2020-06-20,26,Everywhere But On,Matt Stell,28,27,Gains In Performance
2020-06-20,27,Pretty Heart,Parker McCollum,27,23,Gains In Performance
2020-06-20,28,She's Mine,Kip Moore,25,40,Gains In Performance
2020-06-20,29,One Beer,HARDY Featuring Lauren Alaina & Devin Dawson,29,19,Gains In Performance
2020-06-20,30,One Of Them Girls,Lee Brice,31,10,Gains In Performance
2020-06-20,31,What Could've Been,Gone West,30,41,Gains In Performance
2020-06-20,32,Cheatin' Songs,Midland,32,21,Gains In Performance
2020-06-20,33,Ain't Always The Cowboy,Jon Pardi,33,13,Gains In Performance
2020-06-20,34,Some People Do,Old Dominion,35,16,Gains In Performance
2020-06-20,35,Champagne Night,Lady A,37,8,Gains In Performance
2020-06-20,36,Worldwide Beautiful,Kane Brown,34,2,
2020-06-20,37,Six Feet Apart,Luke Combs,36,7,
2020-06-20,38,Now You Know,Jon Langston,38,36,Gains In Performance
2020-06-20,39,Momma's House,Dustin Lynch,40,17,Gains In Performance
2020-06-20,40,Getting Good,Lauren Alaina,42,35,Gains In Performance
2020-06-20,41,Love You Like I Used To,Russell Dickerson,41,15,Gains In Performance
2020-06-20,42,"Big, Big Plans",Chris Lane,43,29,Gains In Performance
2020-06-20,43,More Than My Hometown,Morgan Wallen,53,3,Gains In Performance
2020-06-20,44,Gabrielle,Brett Eldredge,46,9,Gains In Performance
2020-06-20,45,Somebody Like That,Tenille Arts,44,18,Gains In Performance
2020-06-20,46,What I See,LANco,45,27,Gains In Performance
2020-06-20,47,All Night,Brothers Osborne,48,4,Gains In Performance
2020-06-20,48,To Hell & Back,Maren Morris,47,11,
2020-06-20,49,Good Time,Niko Moon,49,9,Gains In Performance
2020-06-20,50,Nobody,Dylan Scott,51,8,Gains In Performance
2020-06-20,51,Lovin' On You,Luke Combs,NEW,1,Highest ranking debut|Gains In Performance
2020-06-20,52,Made For You,Jake Owen,52,4,Gains In Performance
2020-06-20,53,Lady,Brett Young,50,7,Gains In Performance
2020-06-20,54,That's Why I Love Dirt Roads,Granger Smith,55,25,Gains In Performance
2020-06-20,55,Hole In The Bottle,Kelsea Ballerini,57,2,Gains In Performance
2020-06-20,56,Almost Maybes,Jordan Davis,58,2,Gains In Performance
2020-06-20,57,This Is Us,Jimmie Allen & Noah Cyrus,54,7,
2020-06-20,58,Just The Way,Parmalee x Blanco Brown,59,4,
2020-06-20,59,The Good Ones,Gabby Barrett,NEW,1,Gains In Performance
2020-06-20,60,Only Truck In Town,Tyler Farr,NEW,1,Gains In Performance
2020-06-27,1,In Between,Scotty McCreery,8,63,Gains In Performance
2020-06-27,2,Here And Now,Kenny Chesney,4,18,Gains In Performance
2020-06-27,3,Chasin' You,Morgan Wallen,3,47,
2020-06-27,4,One Margarita,Luke Bryan,7,13,Gains In Performance
2020-06-27,5,Hard To Forget,Sam Hunt,9,17,Gains In Performance
2020-06-27,6,Does To Me,Luke Combs Featuring Eric Church,2,22,
2020-06-27,7,Nobody But You,Blake Shelton Duet With Gwen Stefani,5,25,
2020-06-27,8,Bluebird,Miranda Lambert,10,27,Gains In Performance
2020-06-27,9,After A Few,Travis Denning,6,67,
2020-06-27,10,I Hope You're Happy Now,Carly Pearce & Lee Brice,1,37,
2020-06-27,11,One Big Country Song,LoCash,11,58,Gains In Performance
2020-06-27,12,Done,Chris Janson,17,30,Gains In Performance
2020-06-27,13,I Love My Country,Florida Georgia Line,12,13,Gains In Performance
2020-06-27,14,Be A Light,"Thomas Rhett Featuring Reba McEntire, Hillary Scott, Chris Tomlin & Keith Urban",13,12,Gains In Performance
2020-06-27,15,God Whispered Your Name,Keith Urban,14,17,Gains In Performance
2020-06-27,16,Die From A Broken Heart,Maddie & Tae,18,46,Gains In Performance
2020-06-27,17,Why We Drink,Justin Moore,15,38,Gains In Performance
2020-06-27,18,Cool Again,Kane Brown,20,9,Gains In Performance
2020-06-27,19,One Night Standards,Ashley McBryde,19,32,Gains In Performance
2020-06-27,20,I Called Mama,Tim McGraw,21,7,Gains In Performance
2020-06-27,21,Lonely If You Are,Chase Rice,22,51,
2020-06-27,22,Some Girls,Jameson Rodgers,23,31,Gains In Performance
2020-06-27,23,Got What I Got,Jason Aldean,25,11,Gains In Performance
2020-06-27,24,How They Remember You,Rascal Flatts,NEW,1,Highest ranking debut|Gains In Performance
2020-06-27,25,No I In Beer,Brad Paisley,24,10,Gains In Performance
2020-06-27,26,Pretty Heart,Parker McCollum,27,24,Gains In Performance
2020-06-27,27,Everywhere But On,Matt Stell,26,28,Gains In Performance
2020-06-27,28,She's Mine,Kip Moore,28,41,Gains In Performance
2020-06-27,29,One Beer,HARDY Featuring Lauren Alaina & Devin Dawson,29,20,Gains In Performance
2020-06-27,30,One Of Them Girls,Lee Brice,30,11,Gains In Performance
2020-06-27,31,Lovin' On You,Luke Combs,51,2,Gains In Performance
2020-06-27,32,Ain't Always The Cowboy,Jon Pardi,33,14,Gains In Performance
2020-06-27,33,Cheatin' Songs,Midland,32,22,
2020-06-27,34,Worldwide Beautiful,Kane Brown,36,3,Gains In Performance
2020-06-27,35,Some People Do,Old Dominion,34,17,Gains In Performance
2020-06-27,36,Champagne Night,Lady A,35,9,Gains In Performance
2020-06-27,37,Now You Know,Jon Langston,38,37,
2020-06-27,38,More Than My Hometown,Morgan Wallen,43,4,Gains In Performance
2020-06-27,39,Love You Like I Used To,Russell Dickerson,41,16,Gains In Performance
2020-06-27,40,Momma's House,Dustin Lynch,39,18,Gains In Performance
2020-06-27,41,"Big, Big Plans",Chris Lane,42,30,Gains In Performance
2020-06-27,42,Getting Good,Lauren Alaina,40,36,Gains In Performance
2020-06-27,43,Six Feet Apart,Luke Combs,37,8,
2020-06-27,44,What I See,LANco,46,28,Gains In Performance
2020-06-27,45,All Night,Brothers Osborne,47,5,Gains In Performance
2020-06-27,46,Gabrielle,Brett Eldredge,44,10,
2020-06-27,47,The Man Who Loves You The Most,Zac Brown Band,NEW,1,Gains In Performance
2020-06-27,48,Somebody Like That,Tenille Arts,45,19,
2020-06-27,49,To Hell & Back,Maren Morris,48,12,Gains In Performance
2020-06-27,50,Good Time,Niko Moon,49,10,Gains In Performance
2020-06-27,51,Nobody,Dylan Scott,50,9,
2020-06-27,52,Hole In The Bottle,Kelsea Ballerini,55,3,Gains In Performance
2020-06-27,53,Lady,Brett Young,53,8,
2020-06-27,54,Made For You,Jake Owen,52,5,
2020-06-27,55,That's Why I Love Dirt Roads,Granger Smith,54,26,Gains In Performance
2020-06-27,56,Almost Maybes,Jordan Davis,56,3,Gains In Performance
2020-06-27,57,This Is Us,Jimmie Allen & Noah Cyrus,57,8,Gains In Performance
2020-06-27,58,Just The Way,Parmalee x Blanco Brown,58,5,Gains In Performance
2020-06-27,59,The Good Ones,Gabby Barrett,59,2,Gains In Performance
2020-06-27,60,Only Truck In Town,Tyler Farr,60,2,Gains In Performance
2020-07-04,1,Here And Now,Kenny Chesney,2,19,Gains In Performance
2020-07-04,2,One Margarita,Luke Bryan,4,14,Gains In Performance
2020-07-04,3,Chasin' You,Morgan Wallen,3,48,Gains In Performance
2020-07-04,4,Hard To Forget,Sam Hunt,5,18,Gains In Performance
2020-07-04,5,Bluebird,Miranda Lambert,8,28,Gains In Performance
2020-07-04,6,Nobody But You,Blake Shelton Duet With Gwen Stefani,7,26,Gains In Performance
2020-07-04,7,Done,Chris Janson,12,31,Gains In Performance
2020-07-04,8,Does To Me,Luke Combs Featuring Eric Church,6,23,
2020-07-04,9,One Big Country Song,LoCash,11,59,Gains In Performance
2020-07-04,10,Die From A Broken Heart,Maddie & Tae,16,47,Gains In Performance
2020-07-04,11,Be A Light,"Thomas Rhett Featuring Reba McEntire, Hillary Scott, Chris Tomlin & Keith Urban",14,13,Gains In Performance
2020-07-04,12,In Between,Scotty McCreery,1,64,
2020-07-04,13,Why We Drink,Justin Moore,17,39,Gains In Performance
2020-07-04,14,I Love My Country,Florida Georgia Line,13,14,Gains In Performance
2020-07-04,15,God Whispered Your Name,Keith Urban,15,18,Gains In Performance
2020-07-04,16,Cool Again,Kane Brown,18,10,Gains In Performance
2020-07-04,17,One Night Standards,Ashley McBryde,19,33,Gains In Performance
2020-07-04,18,I Called Mama,Tim McGraw,20,8,Gains In Performance
2020-07-04,19,Some Girls,Jameson Rodgers,22,32,Gains In Performance
2020-07-04,20,Lonely If You Are,Chase Rice,21,52,Gains In Performance
2020-07-04,21,Got What I Got,Jason Aldean,23,12,Gains In Performance
2020-07-04,22,Stick That In Your Country Song,Eric Church,NEW,1,Highest ranking debut|Gains In Performance
2020-07-04,23,Lovin' On You,Luke Combs,31,3,Gains In Performance
2020-07-04,24,No I In Beer,Brad Paisley,25,11,Gains In Performance
2020-07-04,25,Everywhere But On,Matt Stell,27,29,Gains In Performance
2020-07-04,26,Pretty Heart,Parker McCollum,26,25,Gains In Performance
2020-07-04,27,One Of Them Girls,Lee Brice,30,12,Gains In Performance
2020-07-04,28,She's Mine,Kip Moore,28,42,Gains In Performance
2020-07-04,29,One Beer,HARDY Featuring Lauren Alaina & Devin Dawson,29,21,Gains In Performance
2020-07-04,30,Cheatin' Songs,Midland,33,23,Gains In Performance
2020-07-04,31,Ain't Always The Cowboy,Jon Pardi,32,15,Gains In Performance
2020-07-04,32,Some People Do,Old Dominion,35,18,Gains In Performance
2020-07-04,33,Champagne Night,Lady A,36,10,Gains In Performance
2020-07-04,34,Worldwide Beautiful,Kane Brown,34,4,Gains In Performance
2020-07-04,35,More Than My Hometown,Morgan Wallen,38,5,Gains In Performance
2020-07-04,36,Love You Like I Used To,Russell Dickerson,39,17,Gains In Performance
2020-07-04,37,Now You Know,Jon Langston,37,38,Gains In Performance
2020-07-04,38,"Big, Big Plans",Chris Lane,41,31,Gains In Performance
2020-07-04,39,Getting Good,Lauren Alaina,42,37,Gains In Performance
2020-07-04,40,Momma's House,Dustin Lynch,40,19,Gains In Performance
2020-07-04,41,What I See,LANco,44,29,Gains In Performance
2020-07-04,42,How They Remember You,Rascal Flatts,24,2,
2020-07-04,43,All Night,Brothers Osborne,45,6,Gains In Performance
2020-07-04,44,Gabrielle,Brett Eldredge,46,11,Gains In Performance
2020-07-04,45,Somebody Like That,Tenille Arts,48,20,Gains In Performance
2020-07-04,46,To Hell & Back,Maren Morris,49,13,Gains In Performance
2020-07-04,47,Nobody,Dylan Scott,51,10,Gains In Performance
2020-07-04,48,Lady,Brett Young,53,9,Gains In Performance
2020-07-04,49,Good Time,Niko Moon,50,11,Gains In Performance
2020-07-04,50,Hole In The Bottle,Kelsea Ballerini,52,4,Gains In Performance
2020-07-04,51,Almost Maybes,Jordan Davis,56,4,Gains In Performance
2020-07-04,52,Made For You,Jake Owen,54,6,Gains In Performance
2020-07-04,53,Hard Days,Brantley Gilbert,RE,2,Gains In Performance
2020-07-04,54,That's Why I Love Dirt Roads,Granger Smith,55,27,Gains In Performance
2020-07-04,55,The Man Who Loves You The Most,Zac Brown Band,47,2,
2020-07-04,56,The Good Ones,Gabby Barrett,59,3,Gains In Performance
2020-07-04,57,This Is Us,Jimmie Allen & Noah Cyrus,57,9,Gains In Performance
2020-07-04,58,Just The Way,Parmalee x Blanco Brown,58,6,
2020-07-04,59,Every Other Memory,Ryan Hurd,NEW,1,Gains In Performance
2020-07-04,60,The Stranger,Ingrid Andress,NEW,1,Gains In Performance
2020-07-11,1,One Margarita,Luke Bryan,2,15,Greatest gainer this week|Gains In Performance
2020-07-11,2,Hard To Forget,Sam Hunt,4,19,Gains In Performance
2020-07-11,3,Chasin' You,Morgan Wallen,3,49,
2020-07-11,4,Bluebird,Miranda Lambert,5,29,Gains In Performance
2020-07-11,5,Here And Now,Kenny Chesney,1,20,
2020-07-11,6,Done,Chris Janson,7,32,Gains In Performance
2020-07-11,7,Nobody But You,Blake Shelton Duet With Gwen Stefani,6,27,Gains In Performance
2020-07-11,8,One Big Country Song,LoCash,9,60,Gains In Performance
2020-07-11,9,Die From A Broken Heart,Maddie & Tae,10,48,Gains In Performance
2020-07-11,10,Why We Drink,Justin Moore,13,40,Gains In Performance
2020-07-11,11,I Love My Country,Florida Georgia Line,14,15,Gains In Performance
2020-07-11,12,Be A Light,"Thomas Rhett Featuring Reba McEntire, Hillary Scott, Chris Tomlin & Keith Urban",11,14,Gains In Performance
2020-07-11,13,God Whispered Your Name,Keith Urban,15,19,Gains In Performance
2020-07-11,14,Cool Again,Kane Brown,16,11,Gains In Performance
2020-07-11,15,I Called Mama,Tim McGraw,18,9,Gains In Performance
2020-07-11,16,One Night Standards,Ashley McBryde,17,34,Gains In Performance
2020-07-11,17,Some Girls,Jameson Rodgers,19,33,Gains In Performance
2020-07-11,18,Lovin' On You,Luke Combs,23,4,Gains In Performance
2020-07-11,19,Got What I Got,Jason Aldean,21,13,Gains In Performance
2020-07-11,20,Lonely If You Are,Chase Rice,20,53,Gains In Performance
2020-07-11,21,Everywhere But On,Matt Stell,25,30,Gains In Performance
2020-07-11,22,No I In Beer,Brad Paisley,24,12,Gains In Performance
2020-07-11,23,One Of Them Girls,Lee Brice,27,13,Gains In Performance
2020-07-11,24,She's Mine,Kip Moore,28,43,Gains In Performance
2020-07-11,25,One Beer,HARDY Featuring Lauren Alaina & Devin Dawson,29,22,Gains In Performance
2020-07-11,26,Pretty Heart,Parker McCollum,26,26,Gains In Performance
2020-07-11,27,Cheatin' Songs,Midland,30,24,Gains In Performance
2020-07-11,28,Ain't Always The Cowboy,Jon Pardi,31,16,Gains In Performance
2020-07-11,29,Champagne Night,Lady A,33,11,Gains In Performance
2020-07-11,30,Some People Do,Old Dominion,32,19,Gains In Performance
2020-07-11,31,Love You Like I Used To,Russell Dickerson,36,18,Gains In Performance
2020-07-11,32,More Than My Hometown,Morgan Wallen,35,6,Gains In Performance
2020-07-11,33,Worldwide Beautiful,Kane Brown,34,5,
2020-07-11,34,Stick That In Your Country Song,Eric Church,22,2,
2020-07-11,35,Now You Know,Jon Langston,37,39,Gains In Performance
2020-07-11,36,"Big, Big Plans",Chris Lane,38,32,Gains In Performance
2020-07-11,37,Momma's House,Dustin Lynch,40,20,Gains In Performance
2020-07-11,38,Getting Good,Lauren Alaina,39,38,
2020-07-11,39,How They Remember You,Rascal Flatts,42,3,Gains In Performance
2020-07-11,40,What I See,LANco,41,30,Gains In Performance
2020-07-11,41,Somebody Like That,Tenille Arts,45,21,Gains In Performance
2020-07-11,42,All Night,Brothers Osborne,43,7,Gains In Performance
2020-07-11,43,Gabrielle,Brett Eldredge,44,12,Gains In Performance
2020-07-11,44,Good Time,Niko Moon,49,12,Gains In Performance
2020-07-11,45,Hole In The Bottle,Kelsea Ballerini,50,5,Gains In Performance
2020-07-11,46,Nobody,Dylan Scott,47,11,Gains In Performance
2020-07-11,47,To Hell & Back,Maren Morris,46,14,
2020-07-11,48,Lady,Brett Young,48,10,Gains In Performance
2020-07-11,49,Almost Maybes,Jordan Davis,51,5,Gains In Performance
2020-07-11,50,The Man Who Loves You The Most,Zac Brown Band,55,3,Gains In Performance
2020-07-11,51,Hard Days,Brantley Gilbert,53,3,Gains In Performance
2020-07-11,52,That's Why I Love Dirt Roads,Granger Smith,54,28,Gains In Performance
2020-07-11,53,Made For You,Jake Owen,52,7,
2020-07-11,54,This Is Us,Jimmie Allen & Noah Cyrus,57,10,Gains In Performance
2020-07-11,55,The Good Ones,Gabby Barrett,56,4,
2020-07-11,56,Just The Way,Parmalee x Blanco Brown,58,7,Gains In Performance
2020-07-11,57,Every Other Memory,Ryan Hurd,59,2,Gains In Performance
2020-07-11,58,We Were Rich,Runaway June,NEW,1,Highest ranking debut|Gains In Performance
2020-07-11,59,Drift Away (iHeart Live),Kane Brown,NEW,1,Gains In Performance
2020-07-11,60,Single Saturday Night,Cole Swindell,NEW,1,Gains In Performance
2020-07-18,1,One Margarita,Luke Bryan,1,16,Gains In Performance
2020-07-18,2,Hard To Forget,Sam Hunt,2,20,Gains In Performance
2020-07-18,3,Bluebird,Miranda Lambert,4,30,Gains In Performance
2020-07-18,4,Done,Chris Janson,6,33,Greatest gainer this week|Gains In Performance
2020-07-18,5,Chasin' You,Morgan Wallen,3,50,
2020-07-18,6,Nobody But You,Blake Shelton Duet With Gwen Stefani,7,28,Gains In Performance
2020-07-18,7,One Big Country Song,LoCash,8,61,Gains In Performance
2020-07-18,8,Die From A Broken Heart,Maddie & Tae,9,49,Gains In Performance
2020-07-18,9,Why We Drink,Justin Moore,10,41,Gains In Performance
2020-07-18,10,Be A Light,"Thomas Rhett Featuring Reba McEntire, Hillary Scott, Chris Tomlin & Keith Urban",12,15,Gains In Performance
2020-07-18,11,I Love My Country,Florida Georgia Line,11,16,Gains In Performance
2020-07-18,12,God Whispered Your Name,Keith Urban,13,20,Gains In Performance
2020-07-18,13,Cool Again,Kane Brown,14,12,Gains In Performance
2020-07-18,14,I Called Mama,Tim McGraw,15,10,Gains In Performance
2020-07-18,15,One Night Standards,Ashley McBryde,16,35,Gains In Performance
2020-07-18,16,Some Girls,Jameson Rodgers,17,34,Gains In Performance
2020-07-18,17,Lovin' On You,Luke Combs,18,5,Gains In Performance
2020-07-18,18,Got What I Got,Jason Aldean,19,14,Gains In Performance
2020-07-18,19,Lonely If You Are,Chase Rice,20,54,Gains In Performance
2020-07-18,20,Everywhere But On,Matt Stell,21,31,Gains In Performance
2020-07-18,21,One Of Them Girls,Lee Brice,23,14,Gains In Performance
2020-07-18,22,Pretty Heart,Parker McCollum,26,27,Gains In Performance
2020-07-18,23,No I In Beer,Brad Paisley,22,13,Gains In Performance
2020-07-18,24,She's Mine,Kip Moore,24,44,Gains In Performance
2020-07-18,25,One Beer,HARDY Featuring Lauren Alaina & Devin Dawson,25,23,Gains In Performance
2020-07-18,26,Ain't Always The Cowboy,Jon Pardi,28,17,Gains In Performance
2020-07-18,27,Cheatin' Songs,Midland,27,25,Gains In Performance
2020-07-18,28,Champagne Night,Lady A,29,12,Gains In Performance
2020-07-18,29,Some People Do,Old Dominion,30,20,Gains In Performance
2020-07-18,30,Love You Like I Used To,Russell Dickerson,31,19,Gains In Performance
2020-07-18,31,More Than My Hometown,Morgan Wallen,32,7,Gains In Performance
2020-07-18,32,Now You Know,Jon Langston,35,40,Gains In Performance
2020-07-18,33,Stick That In Your Country Song,Eric Church,34,3,Gains In Performance
2020-07-18,34,Momma's House,Dustin Lynch,37,21,Gains In Performance
2020-07-18,35,"Big, Big Plans",Chris Lane,36,33,
2020-07-18,36,Worldwide Beautiful,Kane Brown,33,6,
2020-07-18,37,Getting Good,Lauren Alaina,38,39,Gains In Performance
2020-07-18,38,How They Remember You,Rascal Flatts,39,4,Gains In Performance
2020-07-18,39,All Night,Brothers Osborne,42,8,Gains In Performance
2020-07-18,40,What I See,LANco,40,31,Gains In Performance
2020-07-18,41,Somebody Like That,Tenille Arts,41,22,Gains In Performance
2020-07-18,42,Gabrielle,Brett Eldredge,43,13,Gains In Performance
2020-07-18,43,Good Time,Niko Moon,44,13,Gains In Performance
2020-07-18,44,To Hell & Back,Maren Morris,47,15,Gains In Performance
2020-07-18,45,Hole In The Bottle,Kelsea Ballerini,45,6,Gains In Performance
2020-07-18,46,Nobody,Dylan Scott,46,12,Gains In Performance
2020-07-18,47,Lady,Brett Young,48,11,Gains In Performance
2020-07-18,48,Almost Maybes,Jordan Davis,49,6,Gains In Performance
2020-07-18,49,The Man Who Loves You The Most,Zac Brown Band,50,4,Gains In Performance
2020-07-18,50,That's Why I Love Dirt Roads,Granger Smith,52,29,Gains In Performance
2020-07-18,51,Made For You,Jake Owen,53,8,Gains In Performance
2020-07-18,52,The Good Ones,Gabby Barrett,55,5,Gains In Performance
2020-07-18,53,Hard Days,Brantley Gilbert,51,4,Gains In Performance
2020-07-18,54,This Is Us,Jimmie Allen & Noah Cyrus,54,11,Gains In Performance
2020-07-18,55,We Were Rich,Runaway June,58,2,Gains In Performance
2020-07-18,56,Just The Way,Parmalee x Blanco Brown,56,8,Gains In Performance
2020-07-18,57,Every Other Memory,Ryan Hurd,57,3,Gains In Performance
2020-07-18,58,Single Saturday Night,Cole Swindell,60,2,Gains In Performance
2020-07-18,59,The Stranger,Ingrid Andress,RE,2,Gains In Performance
2020-07-18,60,Whatcha Drinkin 'Bout,Stephanie Quayle,RE,4,Gains In Performance
2020-07-25,1,Hard To Forget,Sam Hunt,2,21,Gains In Performance
2020-07-25,2,One Margarita,Luke Bryan,1,17,
2020-07-25,3,Bluebird,Miranda Lambert,3,31,Greatest gainer this week|Gains In Performance
2020-07-25,4,Done,Chris Janson,4,34,Gains In Performance
2020-07-25,5,Chasin' You,Morgan Wallen,5,51,
2020-07-25,6,Die From A Broken Heart,Maddie & Tae,8,50,Gains In Performance
2020-07-25,7,One Big Country Song,LoCash,7,62,Gains In Performance
2020-07-25,8,Why We Drink,Justin Moore,9,42,Gains In Performance
2020-07-25,9,Be A Light,"Thomas Rhett Featuring Reba McEntire, Hillary Scott, Chris Tomlin & Keith Urban",10,16,Gains In Performance
2020-07-25,10,I Love My Country,Florida Georgia Line,11,17,Gains In Performance
2020-07-25,11,God Whispered Your Name,Keith Urban,12,21,Gains In Performance
2020-07-25,12,Cool Again,Kane Brown,13,13,Gains In Performance
2020-07-25,13,I Called Mama,Tim McGraw,14,11,Gains In Performance
2020-07-25,14,Lovin' On You,Luke Combs,17,6,Gains In Performance
2020-07-25,15,One Night Standards,Ashley McBryde,15,36,Gains In Performance
2020-07-25,16,Some Girls,Jameson Rodgers,16,35,Gains In Performance
2020-07-25,17,Got What I Got,Jason Aldean,18,15,Gains In Performance
2020-07-25,18,Lonely If You Are,Chase Rice,19,55,Gains In Performance
2020-07-25,19,One Of Them Girls,Lee Brice,21,15,Gains In Performance
2020-07-25,20,Everywhere But On,Matt Stell,20,32,Gains In Performance
2020-07-25,21,Pretty Heart,Parker McCollum,22,28,Gains In Performance
2020-07-25,22,She's Mine,Kip Moore,24,45,Gains In Performance
2020-07-25,23,No I In Beer,Brad Paisley,23,14,Gains In Performance
2020-07-25,24,One Beer,HARDY Featuring Lauren Alaina & Devin Dawson,25,24,Gains In Performance
2020-07-25,25,Ain't Always The Cowboy,Jon Pardi,26,18,
2020-07-25,26,Cheatin' Songs,Midland,27,26,Gains In Performance
2020-07-25,27,Champagne Night,Lady A,28,13,Gains In Performance
2020-07-25,28,Some People Do,Old Dominion,29,21,Gains In Performance
2020-07-25,29,Love You Like I Used To,Russell Dickerson,30,20,Gains In Performance
2020-07-25,30,More Than My Hometown,Morgan Wallen,31,8,Gains In Performance
2020-07-25,31,Stick That In Your Country Song,Eric Church,33,4,Gains In Performance
2020-07-25,32,"Big, Big Plans",Chris Lane,35,34,Gains In Performance
2020-07-25,33,How They Remember You,Rascal Flatts,38,5,Gains In Performance
2020-07-25,34,Momma's House,Dustin Lynch,34,22,Gains In Performance
2020-07-25,35,Getting Good,Lauren Alaina,37,40,
2020-07-25,36,Gabrielle,Brett Eldredge,42,14,Gains In Performance
2020-07-25,37,Somebody Like That,Tenille Arts,41,23,Gains In Performance
2020-07-25,38,Good Time,Niko Moon,43,14,Gains In Performance
2020-07-25,39,What I See,LANco,40,32,
2020-07-25,40,All Night,Brothers Osborne,39,9,
2020-07-25,41,Hole In The Bottle,Kelsea Ballerini,45,7,Gains In Performance
2020-07-25,42,To Hell & Back,Maren Morris,44,16,Gains In Performance
2020-07-25,43,Nobody,Dylan Scott,46,13,
2020-07-25,44,Almost Maybes,Jordan Davis,48,7,Gains In Performance
2020-07-25,45,Lady,Brett Young,47,12,
2020-07-25,46,The Man Who Loves You The Most,Zac Brown Band,49,5,
2020-07-25,47,Hard Days,Brantley Gilbert,53,5,Gains In Performance
2020-07-25,48,Made For You,Jake Owen,51,9,Gains In Performance
2020-07-25,49,We Were Rich,Runaway June,55,3,Gains In Performance
2020-07-25,50,Happy Does,Kenny Chesney,NEW,1,Highest ranking debut|Gains In Performance
2020-07-25,51,The Good Ones,Gabby Barrett,52,6,
2020-07-25,52,This Is Us,Jimmie Allen & Noah Cyrus,54,12,
2020-07-25,53,Just The Way,Parmalee x Blanco Brown,56,9,
2020-07-25,54,Every Other Memory,Ryan Hurd,57,4,
2020-07-25,55,Single Saturday Night,Cole Swindell,58,3,Gains In Performance
2020-07-25,56,The Stranger,Ingrid Andress,59,3,Gains In Performance
2020-07-25,57,Whatcha Drinkin 'Bout,Stephanie Quayle,60,5,
2020-07-25,58,Where That Beer's Been,Travis Denning,NEW,1,Gains In Performance
2020-07-25,59,"Wine, Beer, Whiskey",Little Big Town,NEW,1,
2020-07-25,60,Y'allsome,Pryor & Lee,NEW,1,Gains In Performance
2020-08-01,1,Bluebird,Miranda Lambert,3,32,Gains In Performance
2020-08-01,2,One Margarita,Luke Bryan,2,18,
2020-08-01,3,Done,Chris Janson,4,35,Gains In Performance
2020-08-01,4,Hard To Forget,Sam Hunt,1,22,
2020-08-01,5,Die From A Broken Heart,Maddie & Tae,6,51,Gains In Performance
2020-08-01,6,One Big Country Song,LoCash,7,63,Gains In Performance
2020-08-01,7,Chasin' You,Morgan Wallen,5,52,
2020-08-01,8,Why We Drink,Justin Moore,8,43,Gains In Performance
2020-08-01,9,Be A Light,"Thomas Rhett Featuring Reba McEntire, Hillary Scott, Chris Tomlin & Keith Urban",9,17,Gains In Performance
2020-08-01,10,I Love My Country,Florida Georgia Line,10,18,Gains In Performance
2020-08-01,11,God Whispered Your Name,Keith Urban,11,22,
2020-08-01,12,Cool Again,Kane Brown,12,14,Gains In Performance
2020-08-01,13,Lovin' On You,Luke Combs,14,7,Gains In Performance
2020-08-01,14,I Called Mama,Tim McGraw,13,12,Gains In Performance
2020-08-01,15,One Night Standards,Ashley McBryde,15,37,Gains In Performance
2020-08-01,16,Some Girls,Jameson Rodgers,16,36,Gains In Performance
2020-08-01,17,Got What I Got,Jason Aldean,17,16,Gains In Performance
2020-08-01,18,One Of Them Girls,Lee Brice,19,16,Gains In Performance
2020-08-01,19,Lonely If You Are,Chase Rice,18,56,Gains In Performance
2020-08-01,20,Happy Anywhere,Blake Shelton Featuring Gwen Stefani,NEW,1,Highest ranking debut|Gains In Performance
2020-08-01,21,Everywhere But On,Matt Stell,20,33,Gains In Performance
2020-08-01,22,Pretty Heart,Parker McCollum,21,29,Gains In Performance
2020-08-01,23,One Beer,HARDY Featuring Lauren Alaina & Devin Dawson,24,25,Gains In Performance
2020-08-01,24,No I In Beer,Brad Paisley,23,15,
2020-08-01,25,She's Mine,Kip Moore,22,46,
2020-08-01,26,Ain't Always The Cowboy,Jon Pardi,25,19,Gains In Performance
2020-08-01,27,Cheatin' Songs,Midland,26,27,Gains In Performance
2020-08-01,28,Some People Do,Old Dominion,28,22,Gains In Performance
2020-08-01,29,More Than My Hometown,Morgan Wallen,30,9,Gains In Performance
2020-08-01,30,Champagne Night,Lady A,27,14,Gains In Performance
2020-08-01,31,Love You Like I Used To,Russell Dickerson,29,21,Gains In Performance
2020-08-01,32,Happy Does,Kenny Chesney,50,2,Gains In Performance
2020-08-01,33,"Big, Big Plans",Chris Lane,32,35,Gains In Performance
2020-08-01,34,Stick That In Your Country Song,Eric Church,31,5,Gains In Performance
2020-08-01,35,Momma's House,Dustin Lynch,34,23,Gains In Performance
2020-08-01,36,How They Remember You,Rascal Flatts,33,6,Gains In Performance
2020-08-01,37,Somebody Like That,Tenille Arts,37,24,Gains In Performance
2020-08-01,38,Gabrielle,Brett Eldredge,36,15,
2020-08-01,39,Good Time,Niko Moon,38,15,Gains In Performance
2020-08-01,40,Hole In The Bottle,Kelsea Ballerini,41,8,Gains In Performance
2020-08-01,41,All Night,Brothers Osborne,40,10,
2020-08-01,42,Nobody,Dylan Scott,43,14,Gains In Performance
2020-08-01,43,To Hell & Back,Maren Morris,42,17,
2020-08-01,44,Lady,Brett Young,45,13,Gains In Performance
2020-08-01,45,Almost Maybes,Jordan Davis,44,8,
2020-08-01,46,Made For You,Jake Owen,48,10,Gains In Performance
2020-08-01,47,Hard Days,Brantley Gilbert,47,6,Gains In Performance
2020-08-01,48,The Man Who Loves You The Most,Zac Brown Band,46,6,
2020-08-01,49,We Were Rich,Runaway June,49,4,Gains In Performance
2020-08-01,50,The Good Ones,Gabby Barrett,51,7,Gains In Performance
2020-08-01,51,This Is Us,Jimmie Allen & Noah Cyrus,52,13,Gains In Performance
2020-08-01,52,Just The Way,Parmalee x Blanco Brown,53,10,Gains In Performance
2020-08-01,53,Single Saturday Night,Cole Swindell,55,4,Gains In Performance
2020-08-01,54,Every Other Memory,Ryan Hurd,54,5,
2020-08-01,55,The Stranger,Ingrid Andress,56,4,Gains In Performance
2020-08-01,56,These Days,MacKenzie Porter,RE,3,Gains In Performance
2020-08-01,57,Whatcha Drinkin 'Bout,Stephanie Quayle,57,6,
2020-08-01,58,All Of The Boys,Caroline Jones,NEW,1,Gains In Performance
2020-08-01,59,"Wine, Beer, Whiskey",Little Big Town,59,2,Gains In Performance
2020-08-01,60,Y'allsome,Pryor & Lee,60,2,Gains In Performance
2020-08-08,1,Done,Chris Janson,3,36,Gains In Performance
2020-08-08,2,One Big Country Song,LoCash,6,64,Gains In Performance
2020-08-08,3,Die From A Broken Heart,Maddie & Tae,5,52,Gains In Performance
2020-08-08,4,One Margarita,Luke Bryan,2,19,
2020-08-08,5,Hard To Forget,Sam Hunt,4,23,
2020-08-08,6,Why We Drink,Justin Moore,8,44,Gains In Performance
2020-08-08,7,Bluebird,Miranda Lambert,1,33,
2020-08-08,8,I Love My Country,Florida Georgia Line,10,19,Gains In Performance
2020-08-08,9,Be A Light,"Thomas Rhett Featuring Reba McEntire, Hillary Scott, Chris Tomlin & Keith Urban",9,18,Gains In Performance
2020-08-08,10,Cool Again,Kane Brown,12,15,Gains In Performance
2020-08-08,11,God Whispered Your Name,Keith Urban,11,23,Gains In Performance
2020-08-08,12,Lovin' On You,Luke Combs,13,8,Gains In Performance
2020-08-08,13,I Called Mama,Tim McGraw,14,13,Gains In Performance
2020-08-08,14,One Night Standards,Ashley McBryde,15,38,Gains In Performance
2020-08-08,15,Got What I Got,Jason Aldean,17,17,Gains In Performance
2020-08-08,16,Some Girls,Jameson Rodgers,16,37,Gains In Performance
2020-08-08,17,One Of Them Girls,Lee Brice,18,17,Gains In Performance
2020-08-08,18,Lonely If You Are,Chase Rice,19,57,Gains In Performance
2020-08-08,19,Everywhere But On,Matt Stell,21,34,Gains In Performance
2020-08-08,20,Pretty Heart,Parker McCollum,22,30,Gains In Performance
2020-08-08,21,I Should Probably Go To Bed,Dan + Shay,NEW,1,Highest ranking debut|Gains In Performance
2020-08-08,22,One Beer,HARDY Featuring Lauren Alaina & Devin Dawson,23,26,Gains In Performance
2020-08-08,23,No I In Beer,Brad Paisley,24,16,Gains In Performance
2020-08-08,24,She's Mine,Kip Moore,25,47,Gains In Performance
2020-08-08,25,Happy Anywhere,Blake Shelton Featuring Gwen Stefani,20,2,
2020-08-08,26,More Than My Hometown,Morgan Wallen,29,10,Gains In Performance
2020-08-08,27,Ain't Always The Cowboy,Jon Pardi,26,20,Gains In Performance
2020-08-08,28,Love You Like I Used To,Russell Dickerson,31,22,Gains In Performance
2020-08-08,29,Cheatin' Songs,Midland,27,28,Gains In Performance
2020-08-08,30,Champagne Night,Lady A,30,15,Gains In Performance
2020-08-08,31,Happy Does,Kenny Chesney,32,3,Gains In Performance
2020-08-08,32,Some People Do,Old Dominion,28,23,
2020-08-08,33,"Big, Big Plans",Chris Lane,33,36,Gains In Performance
2020-08-08,34,Stick That In Your Country Song,Eric Church,34,6,Gains In Performance
2020-08-08,35,How They Remember You,Rascal Flatts,36,7,Gains In Performance
2020-08-08,36,Now You Know,Jon Langston,RE,41,Gains In Performance
2020-08-08,37,Momma's House,Dustin Lynch,35,24,Gains In Performance
2020-08-08,38,Good Time,Niko Moon,39,16,Gains In Performance
2020-08-08,39,Somebody Like That,Tenille Arts,37,25,Gains In Performance
2020-08-08,40,Hole In The Bottle,Kelsea Ballerini,40,9,Gains In Performance
2020-08-08,41,Gabrielle,Brett Eldredge,38,16,
2020-08-08,42,All Night,Brothers Osborne,41,11,Gains In Performance
2020-08-08,43,Nobody,Dylan Scott,42,15,Gains In Performance
2020-08-08,44,Almost Maybes,Jordan Davis,45,9,Gains In Performance
2020-08-08,45,Lady,Brett Young,44,14,Gains In Performance
2020-08-08,46,To Hell & Back,Maren Morris,43,18,Gains In Performance
2020-08-08,47,Just The Way,Parmalee x Blanco Brown,52,11,Gains In Performance
2020-08-08,48,Hard Days,Brantley Gilbert,47,7,Gains In Performance
2020-08-08,49,Made For You,Jake Owen,46,11,Gains In Performance
2020-08-08,50,We Were Rich,Runaway June,49,5,Gains In Performance
2020-08-08,51,The Good Ones,Gabby Barrett,50,8,Gains In Performance
2020-08-08,52,The Man Who Loves You The Most,Zac Brown Band,48,7,
2020-08-08,53,This Is Us,Jimmie Allen & Noah Cyrus,51,14,
2020-08-08,54,The Stranger,Ingrid Andress,55,5,Gains In Performance
2020-08-08,55,Single Saturday Night,Cole Swindell,53,5,
2020-08-08,56,Every Other Memory,Ryan Hurd,54,6,
2020-08-08,57,These Days,MacKenzie Porter,56,4,Gains In Performance
2020-08-08,58,Whatcha Drinkin 'Bout,Stephanie Quayle,57,7,Gains In Performance
2020-08-08,59,All Of The Boys,Caroline Jones,58,2,Gains In Performance
2020-08-08,60,Betty,Taylor Swift,NEW,1,Gains In Performance
2020-08-15,1,Done,Chris Janson,1,37,Gains In Performance
2020-08-15,2,Die From A Broken Heart,Maddie & Tae,3,53,Gains In Performance
2020-08-15,3,One Margarita,Luke Bryan,4,20,
2020-08-15,4,Why We Drink,Justin Moore,6,45,Gains In Performance
2020-08-15,5,Hard To Forget,Sam Hunt,5,24,
2020-08-15,6,I Love My Country,Florida Georgia Line,8,20,Gains In Performance
2020-08-15,7,Be A Light,"Thomas Rhett Featuring Reba McEntire, Hillary Scott, Chris Tomlin & Keith Urban",9,19,Gains In Performance
2020-08-15,8,Cool Again,Kane Brown,10,16,Gains In Performance
2020-08-15,9,Lovin' On You,Luke Combs,12,9,Gains In Performance
2020-08-15,10,God Whispered Your Name,Keith Urban,11,24,Gains In Performance
2020-08-15,11,One Big Country Song,LoCash,2,65,
2020-08-15,12,I Called Mama,Tim McGraw,13,14,Gains In Performance
2020-08-15,13,One Night Standards,Ashley McBryde,14,39,Gains In Performance
2020-08-15,14,Got What I Got,Jason Aldean,15,18,Gains In Performance
2020-08-15,15,One Of Them Girls,Lee Brice,17,18,Gains In Performance
2020-08-15,16,Some Girls,Jameson Rodgers,16,38,Gains In Performance
2020-08-15,17,Lonely If You Are,Chase Rice,18,58,Gains In Performance
2020-08-15,18,Everywhere But On,Matt Stell,19,35,Gains In Performance
2020-08-15,19,Pretty Heart,Parker McCollum,20,31,Gains In Performance
2020-08-15,20,Happy Anywhere,Blake Shelton Featuring Gwen Stefani,25,3,Gains In Performance
2020-08-15,21,One Beer,HARDY Featuring Lauren Alaina & Devin Dawson,22,27,Gains In Performance
2020-08-15,22,No I In Beer,Brad Paisley,23,17,Gains In Performance
2020-08-15,23,She's Mine,Kip Moore,24,48,Gains In Performance
2020-08-15,24,Beers And Sunshine,Darius Rucker,NEW,1,Highest ranking debut|Gains In Performance
2020-08-15,25,More Than My Hometown,Morgan Wallen,26,11,Gains In Performance
2020-08-15,26,Ain't Always The Cowboy,Jon Pardi,27,21,Gains In Performance
2020-08-15,27,Happy Does,Kenny Chesney,31,4,Gains In Performance
2020-08-15,28,Love You Like I Used To,Russell Dickerson,28,23,Gains In Performance
2020-08-15,29,Champagne Night,Lady A,30,16,Gains In Performance
2020-08-15,30,I Should Probably Go To Bed,Dan + Shay,21,2,
2020-08-15,31,"Big, Big Plans",Chris Lane,33,37,Gains In Performance
2020-08-15,32,Cheatin' Songs,Midland,29,29,Gains In Performance
2020-08-15,33,Getting Good,Lauren Alaina,RE,41,Gains In Performance
2020-08-15,34,Stick That In Your Country Song,Eric Church,34,7,Gains In Performance
2020-08-15,35,Momma's House,Dustin Lynch,37,25,Gains In Performance
2020-08-15,36,How They Remember You,Rascal Flatts,35,8,Gains In Performance
2020-08-15,37,Good Time,Niko Moon,38,17,Gains In Performance
2020-08-15,38,Somebody Like That,Tenille Arts,39,26,Gains In Performance
2020-08-15,39,Hole In The Bottle,Kelsea Ballerini,40,10,Gains In Performance
2020-08-15,40,Gabrielle,Brett Eldredge,41,17,Gains In Performance
2020-08-15,41,Nobody,Dylan Scott,43,16,Gains In Performance
2020-08-15,42,All Night,Brothers Osborne,42,12,Gains In Performance
2020-08-15,43,Almost Maybes,Jordan Davis,44,10,Gains In Performance
2020-08-15,44,Lady,Brett Young,45,15,Gains In Performance
2020-08-15,45,Just The Way,Parmalee x Blanco Brown,47,12,Gains In Performance
2020-08-15,46,To Hell & Back,Maren Morris,46,19,
2020-08-15,47,We Were Rich,Runaway June,50,6,Gains In Performance
2020-08-15,48,Hard Days,Brantley Gilbert,48,8,Gains In Performance
2020-08-15,49,The Good Ones,Gabby Barrett,51,9,Gains In Performance
2020-08-15,50,The Man Who Loves You The Most,Zac Brown Band,52,8,Gains In Performance
2020-08-15,51,Made For You,Jake Owen,49,12,
2020-08-15,52,Betty,Taylor Swift,60,2,Gains In Performance
2020-08-15,53,This Is Us,Jimmie Allen & Noah Cyrus,53,15,
2020-08-15,54,Single Saturday Night,Cole Swindell,55,6,Gains In Performance
2020-08-15,55,Every Other Memory,Ryan Hurd,56,7,Gains In Performance
2020-08-15,56,The Stranger,Ingrid Andress,54,6,
2020-08-15,57,These Days,MacKenzie Porter,57,5,Gains In Performance
2020-08-15,58,Whatcha Drinkin 'Bout,Stephanie Quayle,58,8,
2020-08-15,59,"Wine, Beer, Whiskey",Little Big Town,RE,3,Gains In Performance
2020-08-15,60,All Of The Boys,Caroline Jones,59,3,Gains In Performance
2020-08-22,1,Die From A Broken Heart,Maddie & Tae,2,54,Gains In Performance
2020-08-22,2,Done,Chris Janson,1,38,
2020-08-22,3,Why We Drink,Justin Moore,4,46,Gains In Performance
2020-08-22,4,One Margarita,Luke Bryan,3,21,
2020-08-22,5,I Love My Country,Florida Georgia Line,6,21,Gains In Performance
2020-08-22,6,Lovin' On You,Luke Combs,9,10,Greatest gainer this week|Gains In Performance
2020-08-22,7,Be A Light,"Thomas Rhett Featuring Reba McEntire, Hillary Scott, Chris Tomlin & Keith Urban",7,20,Gains In Performance
2020-08-22,8,Hard To Forget,Sam Hunt,5,25,
2020-08-22,9,Cool Again,Kane Brown,8,17,Gains In Performance
2020-08-22,10,God Whispered Your Name,Keith Urban,10,25,Gains In Performance
2020-08-22,11,I Called Mama,Tim McGraw,12,15,Gains In Performance
2020-08-22,12,One Of Them Girls,Lee Brice,15,19,Gains In Performance
2020-08-22,13,Got What I Got,Jason Aldean,14,19,Gains In Performance
2020-08-22,14,One Night Standards,Ashley McBryde,13,40,Gains In Performance
2020-08-22,15,Some Girls,Jameson Rodgers,16,39,Gains In Performance
2020-08-22,16,Everywhere But On,Matt Stell,18,36,Gains In Performance
2020-08-22,17,Happy Anywhere,Blake Shelton Featuring Gwen Stefani,20,4,Gains In Performance
2020-08-22,18,Lonely If You Are,Chase Rice,17,59,Gains In Performance
2020-08-22,19,Pretty Heart,Parker McCollum,19,32,Gains In Performance
2020-08-22,20,One Beer,HARDY Featuring Lauren Alaina & Devin Dawson,21,28,Gains In Performance
2020-08-22,21,She's Mine,Kip Moore,23,49,Gains In Performance
2020-08-22,22,No I In Beer,Brad Paisley,22,18,Gains In Performance
2020-08-22,23,Ain't Always The Cowboy,Jon Pardi,26,22,Gains In Performance
2020-08-22,24,More Than My Hometown,Morgan Wallen,25,12,Gains In Performance
2020-08-22,25,I Should Probably Go To Bed,Dan + Shay,30,3,Gains In Performance
2020-08-22,26,Love You Like I Used To,Russell Dickerson,28,24,Gains In Performance
2020-08-22,27,Happy Does,Kenny Chesney,27,5,Gains In Performance
2020-08-22,28,"Big, Big Plans",Chris Lane,31,38,Gains In Performance
2020-08-22,29,Champagne Night,Lady A,29,17,Gains In Performance
2020-08-22,30,Cheatin' Songs,Midland,32,30,Gains In Performance
2020-08-22,31,Stick That In Your Country Song,Eric Church,34,8,Gains In Performance
2020-08-22,32,Good Time,Niko Moon,37,18,Gains In Performance
2020-08-22,33,Getting Good,Lauren Alaina,33,42,Gains In Performance
2020-08-22,34,Momma's House,Dustin Lynch,35,26,Gains In Performance
2020-08-22,35,How They Remember You,Rascal Flatts,36,9,Gains In Performance
2020-08-22,36,Somebody Like That,Tenille Arts,38,27,Gains In Performance
2020-08-22,37,Hole In The Bottle,Kelsea Ballerini,39,11,
2020-08-22,38,Gabrielle,Brett Eldredge,40,18,Gains In Performance
2020-08-22,39,All Night,Brothers Osborne,42,13,Gains In Performance
2020-08-22,40,Beers And Sunshine,Darius Rucker,24,2,
2020-08-22,41,Nobody,Dylan Scott,41,17,Gains In Performance
2020-08-22,42,Almost Maybes,Jordan Davis,43,11,Gains In Performance
2020-08-22,43,Just The Way,Parmalee x Blanco Brown,45,13,Gains In Performance
2020-08-22,44,To Hell & Back,Maren Morris,46,20,Gains In Performance
2020-08-22,45,Lady,Brett Young,44,16,Gains In Performance
2020-08-22,46,We Were Rich,Runaway June,47,7,Gains In Performance
2020-08-22,47,Hard Days,Brantley Gilbert,48,9,Gains In Performance
2020-08-22,48,The Good Ones,Gabby Barrett,49,10,Gains In Performance
2020-08-22,49,Betty,Taylor Swift,52,3,Gains In Performance
2020-08-22,50,The Man Who Loves You The Most,Zac Brown Band,50,9,Gains In Performance
2020-08-22,51,Made For You,Jake Owen,51,13,Gains In Performance
2020-08-22,52,This Is Us,Jimmie Allen & Noah Cyrus,53,16,Gains In Performance
2020-08-22,53,Single Saturday Night,Cole Swindell,54,7,Gains In Performance
2020-08-22,54,Every Other Memory,Ryan Hurd,55,8,Gains In Performance
2020-08-22,55,The Stranger,Ingrid Andress,56,7,
2020-08-22,56,These Days,MacKenzie Porter,57,6,
2020-08-22,57,"Wine, Beer, Whiskey",Little Big Town,59,4,Gains In Performance
2020-08-22,58,All Of The Boys,Caroline Jones,60,4,Gains In Performance
2020-08-22,59,Y'allsome,Pryor & Lee,RE,3,Gains In Performance
2020-08-22,60,Whatcha Drinkin 'Bout,Stephanie Quayle,58,9,
2020-08-29,1,Why We Drink,Justin Moore,3,47,Gains In Performance
2020-08-29,2,Die From A Broken Heart,Maddie & Tae,1,55,
2020-08-29,3,Lovin' On You,Luke Combs,6,11,Gains In Performance
2020-08-29,4,One Margarita,Luke Bryan,4,22,
2020-08-29,5,I Love My Country,Florida Georgia Line,5,22,Gains In Performance
2020-08-29,6,Cool Again,Kane Brown,9,18,Gains In Performance
2020-08-29,7,Be A Light,"Thomas Rhett Featuring Reba McEntire, Hillary Scott, Chris Tomlin & Keith Urban",7,21,Gains In Performance
2020-08-29,8,Done,Chris Janson,2,39,
2020-08-29,9,God Whispered Your Name,Keith Urban,10,26,Gains In Performance
2020-08-29,10,One Of Them Girls,Lee Brice,12,20,Greatest gainer this week|Gains In Performance
2020-08-29,11,Got What I Got,Jason Aldean,13,20,Gains In Performance
2020-08-29,12,I Called Mama,Tim McGraw,11,16,Gains In Performance
2020-08-29,13,Some Girls,Jameson Rodgers,15,40,Gains In Performance
2020-08-29,14,One Night Standards,Ashley McBryde,14,41,Gains In Performance
2020-08-29,15,Everywhere But On,Matt Stell,16,37,Gains In Performance
2020-08-29,16,Happy Anywhere,Blake Shelton Featuring Gwen Stefani,17,5,Gains In Performance
2020-08-29,17,One Beer,HARDY Featuring Lauren Alaina & Devin Dawson,20,29,Gains In Performance
2020-08-29,18,Lonely If You Are,Chase Rice,18,60,Gains In Performance
2020-08-29,19,Pretty Heart,Parker McCollum,19,33,Gains In Performance
2020-08-29,20,I Should Probably Go To Bed,Dan + Shay,25,4,Gains In Performance
2020-08-29,21,She's Mine,Kip Moore,21,50,Gains In Performance
2020-08-29,22,No I In Beer,Brad Paisley,22,19,Gains In Performance
2020-08-29,23,Ain't Always The Cowboy,Jon Pardi,23,23,Gains In Performance
2020-08-29,24,"Big, Big Plans",Chris Lane,28,39,Gains In Performance
2020-08-29,25,More Than My Hometown,Morgan Wallen,24,13,Gains In Performance
2020-08-29,26,Love You Like I Used To,Russell Dickerson,26,25,Gains In Performance
2020-08-29,27,Happy Does,Kenny Chesney,27,6,Gains In Performance
2020-08-29,28,Champagne Night,Lady A,29,18,Gains In Performance
2020-08-29,29,Cheatin' Songs,Midland,30,31,Gains In Performance
2020-08-29,30,Good Time,Niko Moon,32,19,Gains In Performance
2020-08-29,31,Momma's House,Dustin Lynch,34,27,Gains In Performance
2020-08-29,32,Stick That In Your Country Song,Eric Church,31,9,Gains In Performance
2020-08-29,33,Getting Good,Lauren Alaina,33,43,
2020-08-29,34,How They Remember You,Rascal Flatts,35,10,
2020-08-29,35,Beers And Sunshine,Darius Rucker,40,3,Gains In Performance
2020-08-29,36,Somebody Like That,Tenille Arts,36,28,Gains In Performance
2020-08-29,37,All Night,Brothers Osborne,39,14,Gains In Performance
2020-08-29,38,Hole In The Bottle,Kelsea Ballerini,37,12,Gains In Performance
2020-08-29,39,Gabrielle,Brett Eldredge,38,19,
2020-08-29,40,Nobody,Dylan Scott,41,18,Gains In Performance
2020-08-29,41,Almost Maybes,Jordan Davis,42,12,Gains In Performance
2020-08-29,42,Betty,Taylor Swift,49,4,Gains In Performance
2020-08-29,43,Just The Way,Parmalee x Blanco Brown,43,14,Gains In Performance
2020-08-29,44,Lady,Brett Young,45,17,Gains In Performance
2020-08-29,45,Saltwater Gospel (Fins Up Version),Eli Young Band & Jimmy Buffett,RE,16,Gains In Performance
2020-08-29,46,We Were Rich,Runaway June,46,8,Gains In Performance
2020-08-29,47,The Good Ones,Gabby Barrett,48,11,Gains In Performance
2020-08-29,48,Hard Days,Brantley Gilbert,47,10,Gains In Performance
2020-08-29,49,To Hell & Back,Maren Morris,44,21,
2020-08-29,50,The Man Who Loves You The Most,Zac Brown Band,50,10,
2020-08-29,51,Made For You,Jake Owen,51,14,
2020-08-29,52,Single Saturday Night,Cole Swindell,53,8,Gains In Performance
2020-08-29,53,This Is Us,Jimmie Allen & Noah Cyrus,52,17,Gains In Performance
2020-08-29,54,Every Other Memory,Ryan Hurd,54,9,
2020-08-29,55,The Stranger,Ingrid Andress,55,8,Gains In Performance
2020-08-29,56,What Do I Know,Robert Counts,NEW,1,Highest ranking debut|Gains In Performance
2020-08-29,57,A Song To Remember,A Thousand Horses,NEW,1,Gains In Performance
2020-08-29,58,7 Summers,Morgan Wallen,NEW,1,Gains In Performance
2020-08-29,59,"Wine, Beer, Whiskey",Little Big Town,57,5,
2020-08-29,60,Y'allsome,Pryor & Lee,59,4,Gains In Performance
2020-09-05,1,Lovin' On You,Luke Combs,3,12,Gains In Performance
2020-09-05,2,I Love My Country,Florida Georgia Line,5,23,Gains In Performance
2020-09-05,3,Cool Again,Kane Brown,6,19,Gains In Performance
2020-09-05,4,Be A Light,"Thomas Rhett Featuring Reba McEntire, Hillary Scott, Chris Tomlin & Keith Urban",7,22,Gains In Performance
2020-09-05,5,Die From A Broken Heart,Maddie & Tae,2,56,
2020-09-05,6,One Margarita,Luke Bryan,4,23,
2020-09-05,7,One Of Them Girls,Lee Brice,10,21,Gains In Performance
2020-09-05,8,Why We Drink,Justin Moore,1,48,
2020-09-05,9,God Whispered Your Name,Keith Urban,9,27,Gains In Performance
2020-09-05,10,Got What I Got,Jason Aldean,11,21,Gains In Performance
2020-09-05,11,I Called Mama,Tim McGraw,12,17,Gains In Performance
2020-09-05,12,Some Girls,Jameson Rodgers,13,41,Gains In Performance
2020-09-05,13,One Night Standards,Ashley McBryde,14,42,Gains In Performance
2020-09-05,14,Everywhere But On,Matt Stell,15,38,Gains In Performance
2020-09-05,15,Happy Anywhere,Blake Shelton Featuring Gwen Stefani,16,6,Gains In Performance
2020-09-05,16,Lonely If You Are,Chase Rice,18,61,Gains In Performance
2020-09-05,17,One Beer,HARDY Featuring Lauren Alaina & Devin Dawson,17,30,Gains In Performance
2020-09-05,18,Pretty Heart,Parker McCollum,19,34,Gains In Performance
2020-09-05,19,I Should Probably Go To Bed,Dan + Shay,20,5,Gains In Performance
2020-09-05,20,Ain't Always The Cowboy,Jon Pardi,23,24,Gains In Performance
2020-09-05,21,More Than My Hometown,Morgan Wallen,25,14,Gains In Performance
2020-09-05,22,"Big, Big Plans",Chris Lane,24,40,Gains In Performance
2020-09-05,23,Love You Like I Used To,Russell Dickerson,26,26,Gains In Performance
2020-09-05,24,She's Mine,Kip Moore,21,51,Gains In Performance
2020-09-05,25,No I In Beer,Brad Paisley,22,20,Gains In Performance
2020-09-05,26,Happy Does,Kenny Chesney,27,7,Gains In Performance
2020-09-05,27,Starting Over,Chris Stapleton,NEW,1,Highest ranking debut|Gains In Performance
2020-09-05,28,Champagne Night,Lady A,28,19,Gains In Performance
2020-09-05,29,Cheatin' Songs,Midland,29,32,Gains In Performance
2020-09-05,30,Good Time,Niko Moon,30,20,Gains In Performance
2020-09-05,31,Stick That In Your Country Song,Eric Church,32,10,Gains In Performance
2020-09-05,32,Momma's House,Dustin Lynch,31,28,Gains In Performance
2020-09-05,33,Beers And Sunshine,Darius Rucker,35,4,Gains In Performance
2020-09-05,34,How They Remember You,Rascal Flatts,34,11,Gains In Performance
2020-09-05,35,Getting Good,Lauren Alaina,33,44,
2020-09-05,36,Somebody Like That,Tenille Arts,36,29,Gains In Performance
2020-09-05,37,Hole In The Bottle,Kelsea Ballerini,38,13,Gains In Performance
2020-09-05,38,All Night,Brothers Osborne,37,15,Gains In Performance
2020-09-05,39,Gabrielle,Brett Eldredge,39,20,Gains In Performance
2020-09-05,40,Almost Maybes,Jordan Davis,41,13,Gains In Performance
2020-09-05,41,Nobody,Dylan Scott,40,19,Gains In Performance
2020-09-05,42,Betty,Taylor Swift,42,5,Gains In Performance
2020-09-05,43,Lady,Brett Young,44,18,Gains In Performance
2020-09-05,44,Just The Way,Parmalee x Blanco Brown,43,15,Gains In Performance
2020-09-05,45,The Good Ones,Gabby Barrett,47,12,Gains In Performance
2020-09-05,46,Hard Days,Brantley Gilbert,48,11,Gains In Performance
2020-09-05,47,To Hell & Back,Maren Morris,49,22,
2020-09-05,48,We Were Rich,Runaway June,46,9,
2020-09-05,49,The Man Who Loves You The Most,Zac Brown Band,50,11,Gains In Performance
2020-09-05,50,Single Saturday Night,Cole Swindell,52,9,Gains In Performance
2020-09-05,51,Made For You,Jake Owen,51,15,Gains In Performance
2020-09-05,52,What Do I Know,Robert Counts,56,2,Gains In Performance
2020-09-05,53,7 Summers,Morgan Wallen,58,2,Gains In Performance
2020-09-05,54,This Is Us,Jimmie Allen & Noah Cyrus,53,18,Gains In Performance
2020-09-05,55,Every Other Memory,Ryan Hurd,54,10,Gains In Performance
2020-09-05,56,"Wine, Beer, Whiskey",Little Big Town,59,6,Gains In Performance
2020-09-05,57,A Song To Remember,A Thousand Horses,57,2,
2020-09-05,58,All Of The Boys,Caroline Jones,RE,5,Gains In Performance
2020-09-05,59,Never Have I Ever,Danielle Bradbery,NEW,1,Gains In Performance
2020-09-05,60,Where That Beer's Been,Travis Denning,RE,2,Gains In Performance
2020-09-12,1,Lovin' On You,Luke Combs,1,13,Gains In Performance
2020-09-12,2,Be A Light,"Thomas Rhett Featuring Reba McEntire, Hillary Scott, Chris Tomlin & Keith Urban",4,23,Greatest gainer this week|Gains In Performance
2020-09-12,3,Cool Again,Kane Brown,3,20,Gains In Performance
2020-09-12,4,One Of Them Girls,Lee Brice,7,22,Gains In Performance
2020-09-12,5,Die From A Broken Heart,Maddie & Tae,5,57,
2020-09-12,6,One Margarita,Luke Bryan,6,24,
2020-09-12,7,Got What I Got,Jason Aldean,10,22,Gains In Performance
2020-09-12,8,God Whispered Your Name,Keith Urban,9,28,
2020-09-12,9,Some Girls,Jameson Rodgers,12,42,Gains In Performance
2020-09-12,10,I Called Mama,Tim McGraw,11,18,Gains In Performance
2020-09-12,11,One Night Standards,Ashley McBryde,13,43,Gains In Performance
2020-09-12,12,I Love My Country,Florida Georgia Line,2,24,
2020-09-12,13,Happy Anywhere,Blake Shelton Featuring Gwen Stefani,15,7,Gains In Performance
2020-09-12,14,Everywhere But On,Matt Stell,14,39,Gains In Performance
2020-09-12,15,Lonely If You Are,Chase Rice,16,62,Gains In Performance
2020-09-12,16,One Beer,HARDY Featuring Lauren Alaina & Devin Dawson,17,31,Gains In Performance
2020-09-12,17,Pretty Heart,Parker McCollum,18,35,Gains In Performance
2020-09-12,18,More Than My Hometown,Morgan Wallen,21,15,Gains In Performance
2020-09-12,19,Love You Like I Used To,Russell Dickerson,23,27,Gains In Performance
2020-09-12,20,Ain't Always The Cowboy,Jon Pardi,20,25,Gains In Performance
2020-09-12,21,I Should Probably Go To Bed,Dan + Shay,19,6,Gains In Performance
2020-09-12,22,Happy Does,Kenny Chesney,26,8,Gains In Performance
2020-09-12,23,"Big, Big Plans",Chris Lane,22,41,Gains In Performance
2020-09-12,24,She's Mine,Kip Moore,24,52,Gains In Performance
2020-09-12,25,No I In Beer,Brad Paisley,25,21,
2020-09-12,26,Champagne Night,Lady A,28,20,Gains In Performance
2020-09-12,27,Cheatin' Songs,Midland,29,33,
2020-09-12,28,Good Time,Niko Moon,30,21,Gains In Performance
2020-09-12,29,Momma's House,Dustin Lynch,32,29,Gains In Performance
2020-09-12,30,Stick That In Your Country Song,Eric Church,31,11,Gains In Performance
2020-09-12,31,Beers And Sunshine,Darius Rucker,33,5,Gains In Performance
2020-09-12,32,Starting Over,Chris Stapleton,27,2,
2020-09-12,33,How They Remember You,Rascal Flatts,34,12,Gains In Performance
2020-09-12,34,Getting Good,Lauren Alaina,35,45,Gains In Performance
2020-09-12,35,Hole In The Bottle,Kelsea Ballerini,37,14,Gains In Performance
2020-09-12,36,Somebody Like That,Tenille Arts,36,30,Gains In Performance
2020-09-12,37,7 Summers,Morgan Wallen,53,3,Gains In Performance
2020-09-12,38,All Night,Brothers Osborne,38,16,Gains In Performance
2020-09-12,39,Betty,Taylor Swift,42,6,Gains In Performance
2020-09-12,40,Almost Maybes,Jordan Davis,40,14,Gains In Performance
2020-09-12,41,Gabrielle,Brett Eldredge,39,21,
2020-09-12,42,Nobody,Dylan Scott,41,20,Gains In Performance
2020-09-12,43,Hard Days,Brantley Gilbert,46,12,Gains In Performance
2020-09-12,44,Lady,Brett Young,43,19,
2020-09-12,45,To Hell & Back,Maren Morris,47,23,Gains In Performance
2020-09-12,46,The Good Ones,Gabby Barrett,45,13,Gains In Performance
2020-09-12,47,Just The Way,Parmalee x Blanco Brown,44,16,Gains In Performance
2020-09-12,48,The Man Who Loves You The Most,Zac Brown Band,49,12,
2020-09-12,49,Single Saturday Night,Cole Swindell,50,10,Gains In Performance
2020-09-12,50,We Were Rich,Runaway June,48,10,
2020-09-12,51,Made For You,Jake Owen,51,16,Gains In Performance
2020-09-12,52,What Do I Know,Robert Counts,52,3,
2020-09-12,53,This Is Us,Jimmie Allen & Noah Cyrus,54,19,
2020-09-12,54,Every Other Memory,Ryan Hurd,55,11,Gains In Performance
2020-09-12,55,"Wine, Beer, Whiskey",Little Big Town,56,7,Gains In Performance
2020-09-12,56,Never Be Sorry,Old Dominion,NEW,1,Highest ranking debut|Gains In Performance
2020-09-12,57,All Of The Boys,Caroline Jones,58,6,Gains In Performance
2020-09-12,58,A Song To Remember,A Thousand Horses,57,3,
2020-09-12,59,Saltwater Gospel (Fins Up Version),Eli Young Band & Jimmy Buffett,RE,17,Gains In Performance
2020-09-12,60,Never Have I Ever,Danielle Bradbery,59,2,Gains In Performance
2020-09-19,1,Lovin' On You,Luke Combs,1,14,Gains In Performance
2020-09-19,2,One Of Them Girls,Lee Brice,4,23,Gains In Performance
2020-09-19,3,Cool Again,Kane Brown,3,21,Gains In Performance
2020-09-19,4,Got What I Got,Jason Aldean,7,23,Gains In Performance
2020-09-19,5,Die From A Broken Heart,Maddie & Tae,5,58,
2020-09-19,6,Some Girls,Jameson Rodgers,9,43,Gains In Performance
2020-09-19,7,One Margarita,Luke Bryan,6,25,
2020-09-19,8,I Called Mama,Tim McGraw,10,19,Gains In Performance
2020-09-19,9,God Whispered Your Name,Keith Urban,8,29,
2020-09-19,10,Everywhere But On,Matt Stell,14,40,Gains In Performance
2020-09-19,11,Happy Anywhere,Blake Shelton Featuring Gwen Stefani,13,8,Gains In Performance
2020-09-19,12,One Beer,HARDY Featuring Lauren Alaina & Devin Dawson,16,32,Gains In Performance
2020-09-19,13,Lonely If You Are,Chase Rice,15,63,Gains In Performance
2020-09-19,14,Be A Light,"Thomas Rhett Featuring Reba McEntire, Hillary Scott, Chris Tomlin & Keith Urban",2,24,
2020-09-19,15,Love You Like I Used To,Russell Dickerson,19,28,Gains In Performance
2020-09-19,16,Pretty Heart,Parker McCollum,17,36,Gains In Performance
2020-09-19,17,More Than My Hometown,Morgan Wallen,18,16,Gains In Performance
2020-09-19,18,Ain't Always The Cowboy,Jon Pardi,20,26,Gains In Performance
2020-09-19,19,I Should Probably Go To Bed,Dan + Shay,21,7,Gains In Performance
2020-09-19,20,Happy Does,Kenny Chesney,22,9,Gains In Performance
2020-09-19,21,"Big, Big Plans",Chris Lane,23,42,Gains In Performance
2020-09-19,22,She's Mine,Kip Moore,24,53,Gains In Performance
2020-09-19,23,Champagne Night,Lady A,26,21,Gains In Performance
2020-09-19,24,Long Live,Florida Georgia Line,NEW,1,Highest ranking debut|Gains In Performance
2020-09-19,25,Starting Over,Chris Stapleton,32,3,Gains In Performance
2020-09-19,26,Momma's House,Dustin Lynch,29,30,Gains In Performance
2020-09-19,27,Stick That In Your Country Song,Eric Church,30,12,Gains In Performance
2020-09-19,28,Good Time,Niko Moon,28,22,Gains In Performance
2020-09-19,29,How They Remember You,Rascal Flatts,33,13,Gains In Performance
2020-09-19,30,Beers And Sunshine,Darius Rucker,31,6,Gains In Performance
2020-09-19,31,Hole In The Bottle,Kelsea Ballerini,35,15,Gains In Performance
2020-09-19,32,Getting Good,Lauren Alaina,34,46,Gains In Performance
2020-09-19,33,Somebody Like That,Tenille Arts,36,31,Gains In Performance
2020-09-19,34,7 Summers,Morgan Wallen,37,4,Gains In Performance
2020-09-19,35,Betty,Taylor Swift,39,7,Gains In Performance
2020-09-19,36,All Night,Brothers Osborne,38,17,Gains In Performance
2020-09-19,37,Almost Maybes,Jordan Davis,40,15,Gains In Performance
2020-09-19,38,Nobody,Dylan Scott,42,21,Gains In Performance
2020-09-19,39,Gabrielle,Brett Eldredge,41,22,Gains In Performance
2020-09-19,40,To Hell & Back,Maren Morris,45,24,Gains In Performance
2020-09-19,41,Lady,Brett Young,44,20,Gains In Performance
2020-09-19,42,Hard Days,Brantley Gilbert,43,13,
2020-09-19,43,Just The Way,Parmalee x Blanco Brown,47,17,Gains In Performance
2020-09-19,44,The Good Ones,Gabby Barrett,46,14,Gains In Performance
2020-09-19,45,The Man Who Loves You The Most,Zac Brown Band,48,13,Gains In Performance
2020-09-19,46,We Were Rich,Runaway June,50,11,Gains In Performance
2020-09-19,47,Made For You,Jake Owen,51,17,Gains In Performance
2020-09-19,48,Single Saturday Night,Cole Swindell,49,11,Gains In Performance
2020-09-19,49,What Do I Know,Robert Counts,52,4,Gains In Performance
2020-09-19,50,This Is Us,Jimmie Allen & Noah Cyrus,53,20,Gains In Performance
2020-09-19,51,Every Other Memory,Ryan Hurd,54,12,Gains In Performance
2020-09-19,52,"Wine, Beer, Whiskey",Little Big Town,55,8,Gains In Performance
2020-09-19,53,Never Be Sorry,Old Dominion,56,2,Gains In Performance
2020-09-19,54,Dear Rodeo,Cody Johnson & Reba McEntire,NEW,1,Gains In Performance
2020-09-19,55,A Song To Remember,A Thousand Horses,58,4,Gains In Performance
2020-09-19,56,All Of The Boys,Caroline Jones,57,7,
2020-09-19,57,Saltwater Gospel (Fins Up Version),Eli Young Band & Jimmy Buffett,59,18,
2020-09-19,58,Broken Up,Mitchell Tenpenny,NEW,1,Gains In Performance
2020-09-19,59,Never Have I Ever,Danielle Bradbery,60,3,
2020-09-19,60,Where That Beer's Been,Travis Denning,RE,3,Gains In Performance
2020-09-26,1,Lovin' On You,Luke Combs,1,15,Gains In Performance
2020-09-26,2,One Of Them Girls,Lee Brice,2,24,Gains In Performance
2020-09-26,3,Cool Again,Kane Brown,3,22,Gains In Performance
2020-09-26,4,Got What I Got,Jason Aldean,4,24,Gains In Performance
2020-09-26,5,Some Girls,Jameson Rodgers,6,44,Gains In Performance
2020-09-26,6,Die From A Broken Heart,Maddie & Tae,5,59,
2020-09-26,7,I Called Mama,Tim McGraw,8,20,Gains In Performance
2020-09-26,8,Everywhere But On,Matt Stell,10,41,Gains In Performance
2020-09-26,9,Happy Anywhere,Blake Shelton Featuring Gwen Stefani,11,9,Gains In Performance
2020-09-26,10,One Beer,HARDY Featuring Lauren Alaina & Devin Dawson,12,33,Gains In Performance
2020-09-26,11,Love You Like I Used To,Russell Dickerson,15,29,Gains In Performance
2020-09-26,12,Lonely If You Are,Chase Rice,13,64,Gains In Performance
2020-09-26,13,More Than My Hometown,Morgan Wallen,17,17,Gains In Performance
2020-09-26,14,Pretty Heart,Parker McCollum,16,37,Gains In Performance
2020-09-26,15,Ain't Always The Cowboy,Jon Pardi,18,27,Gains In Performance
2020-09-26,16,I Should Probably Go To Bed,Dan + Shay,19,8,Gains In Performance
2020-09-26,17,"Big, Big Plans",Chris Lane,21,43,Gains In Performance
2020-09-26,18,Happy Does,Kenny Chesney,20,10,Gains In Performance
2020-09-26,19,She's Mine,Kip Moore,22,54,Gains In Performance
2020-09-26,20,Champagne Night,Lady A,23,22,Gains In Performance
2020-09-26,21,Starting Over,Chris Stapleton,25,4,Gains In Performance
2020-09-26,22,Momma's House,Dustin Lynch,26,31,Gains In Performance
2020-09-26,23,Good Time,Niko Moon,28,23,Gains In Performance
2020-09-26,24,Beers And Sunshine,Darius Rucker,30,7,Gains In Performance
2020-09-26,25,How They Remember You,Rascal Flatts,29,14,Gains In Performance
2020-09-26,26,Stick That In Your Country Song,Eric Church,27,13,Gains In Performance
2020-09-26,27,Hole In The Bottle,Kelsea Ballerini,31,16,Gains In Performance
2020-09-26,28,Do What You Can,Bon Jovi & Jennifer Nettles,NEW,1,Highest ranking debut|Gains In Performance
2020-09-26,29,Getting Good,Lauren Alaina,32,47,Gains In Performance
2020-09-26,30,7 Summers,Morgan Wallen,34,5,Gains In Performance
2020-09-26,31,Somebody Like That,Tenille Arts,33,32,Gains In Performance
2020-09-26,32,Almost Maybes,Jordan Davis,37,16,Gains In Performance
2020-09-26,33,All Night,Brothers Osborne,36,18,Gains In Performance
2020-09-26,34,Betty,Taylor Swift,35,8,
2020-09-26,35,Long Live,Florida Georgia Line,24,2,
2020-09-26,36,Nobody,Dylan Scott,38,22,Gains In Performance
2020-09-26,37,To Hell & Back,Maren Morris,40,25,
2020-09-26,38,Lady,Brett Young,41,21,Gains In Performance
2020-09-26,39,The Good Ones,Gabby Barrett,44,15,Gains In Performance
2020-09-26,40,Gabrielle,Brett Eldredge,39,23,
2020-09-26,41,Just The Way,Parmalee x Blanco Brown,43,18,Gains In Performance
2020-09-26,42,Hard Days,Brantley Gilbert,42,14,Gains In Performance
2020-09-26,43,We Were Rich,Runaway June,46,12,Gains In Performance
2020-09-26,44,Made For You,Jake Owen,47,18,Gains In Performance
2020-09-26,45,The Man Who Loves You The Most,Zac Brown Band,45,14,
2020-09-26,46,Single Saturday Night,Cole Swindell,48,12,Gains In Performance
2020-09-26,47,"Wine, Beer, Whiskey",Little Big Town,52,9,Gains In Performance
2020-09-26,48,What Do I Know,Robert Counts,49,5,Gains In Performance
2020-09-26,49,Dear Rodeo,Cody Johnson & Reba McEntire,54,2,Gains In Performance
2020-09-26,50,This Is Us,Jimmie Allen & Noah Cyrus,50,21,
2020-09-26,51,Every Other Memory,Ryan Hurd,51,13,
2020-09-26,52,Never Be Sorry,Old Dominion,53,3,
2020-09-26,53,A Song To Remember,A Thousand Horses,55,5,Gains In Performance
2020-09-26,54,Waitin' On 5,Chris Janson,NEW,1,Gains In Performance
2020-09-26,55,All Of The Boys,Caroline Jones,56,8,
2020-09-26,56,Saltwater Gospel (Fins Up Version),Eli Young Band & Jimmy Buffett,57,19,
2020-09-26,57,Beers To Catch Up On,LoCash,NEW,1,Gains In Performance
2020-09-26,58,Broken Up,Mitchell Tenpenny,58,2,
2020-09-26,59,Never Have I Ever,Danielle Bradbery,59,4,
2020-09-26,60,Where That Beer's Been,Travis Denning,60,4,Gains In Performance
2020-10-03,1,One Of Them Girls,Lee Brice,2,25,Gains In Performance
2020-10-03,2,Lovin' On You,Luke Combs,1,16,
2020-10-03,3,Cool Again,Kane Brown,3,23,Gains In Performance
2020-10-03,4,Got What I Got,Jason Aldean,4,25,Greatest gainer this week|Gains In Performance
2020-10-03,5,Some Girls,Jameson Rodgers,5,45,Gains In Performance
2020-10-03,6,I Called Mama,Tim McGraw,7,21,Gains In Performance
2020-10-03,7,Everywhere But On,Matt Stell,8,42,Gains In Performance
2020-10-03,8,Happy Anywhere,Blake Shelton Featuring Gwen Stefani,9,10,Gains In Performance
2020-10-03,9,Love You Like I Used To,Russell Dickerson,11,30,Gains In Performance
2020-10-03,10,One Beer,HARDY Featuring Lauren Alaina & Devin Dawson,10,34,Gains In Performance
2020-10-03,11,More Than My Hometown,Morgan Wallen,13,18,Gains In Performance
2020-10-03,12,Pretty Heart,Parker McCollum,14,38,Gains In Performance
2020-10-03,13,Ain't Always The Cowboy,Jon Pardi,15,28,Gains In Performance
2020-10-03,14,"Big, Big Plans",Chris Lane,17,44,Gains In Performance
2020-10-03,15,Happy Does,Kenny Chesney,18,11,Gains In Performance
2020-10-03,16,I Should Probably Go To Bed,Dan + Shay,16,9,Gains In Performance
2020-10-03,17,Champagne Night,Lady A,20,23,Gains In Performance
2020-10-03,18,She's Mine,Kip Moore,19,55,
2020-10-03,19,Starting Over,Chris Stapleton,21,5,Gains In Performance
2020-10-03,20,Hole In The Bottle,Kelsea Ballerini,27,17,Gains In Performance
2020-10-03,21,Beers And Sunshine,Darius Rucker,24,8,Gains In Performance
2020-10-03,22,Good Time,Niko Moon,23,24,Gains In Performance
2020-10-03,23,Momma's House,Dustin Lynch,22,32,Gains In Performance
2020-10-03,24,How They Remember You,Rascal Flatts,25,15,Gains In Performance
2020-10-03,25,Stick That In Your Country Song,Eric Church,26,14,Gains In Performance
2020-10-03,26,Long Live,Florida Georgia Line,35,3,Gains In Performance
2020-10-03,27,7 Summers,Morgan Wallen,30,6,Gains In Performance
2020-10-03,28,Somebody Like That,Tenille Arts,31,33,
2020-10-03,29,Almost Maybes,Jordan Davis,32,17,
2020-10-03,30,All Night,Brothers Osborne,33,19,Gains In Performance
2020-10-03,31,Nobody,Dylan Scott,36,23,Gains In Performance
2020-10-03,32,To Hell & Back,Maren Morris,37,26,Gains In Performance
2020-10-03,33,Betty,Taylor Swift,34,9,
2020-10-03,34,Lady,Brett Young,38,22,Gains In Performance
2020-10-03,35,Gabrielle,Brett Eldredge,40,24,Gains In Performance
2020-10-03,36,The Good Ones,Gabby Barrett,39,16,Gains In Performance
2020-10-03,37,Just The Way,Parmalee x Blanco Brown,41,19,Gains In Performance
2020-10-03,38,Made For You,Jake Owen,44,19,Gains In Performance
2020-10-03,39,Hard Days,Brantley Gilbert,42,15,Gains In Performance
2020-10-03,40,"Wine, Beer, Whiskey",Little Big Town,47,10,Gains In Performance
2020-10-03,41,Dear Rodeo,Cody Johnson & Reba McEntire,49,3,Gains In Performance
2020-10-03,42,What Do I Know,Robert Counts,48,6,Gains In Performance
2020-10-03,43,Single Saturday Night,Cole Swindell,46,13,
2020-10-03,44,The Man Who Loves You The Most,Zac Brown Band,45,15,
2020-10-03,45,Settling Down,Miranda Lambert,NEW,1,Highest ranking debut|Gains In Performance
2020-10-03,46,We Were Rich,Runaway June,43,13,
2020-10-03,47,One Too Many,Keith Urban Duet With P!nk,NEW,1,Gains In Performance
2020-10-03,48,This Is Us,Jimmie Allen & Noah Cyrus,50,22,
2020-10-03,49,Every Other Memory,Ryan Hurd,51,14,Gains In Performance
2020-10-03,50,Waitin' On 5,Chris Janson,54,2,Gains In Performance
2020-10-03,51,Never Be Sorry,Old Dominion,52,4,
2020-10-03,52,Beers To Catch Up On,LoCash,57,2,Gains In Performance
2020-10-03,53,A Song To Remember,A Thousand Horses,53,6,
2020-10-03,54,Next Girl,Carly Pearce,NEW,1,Gains In Performance
2020-10-03,55,All Of The Boys,Caroline Jones,55,9,Gains In Performance
2020-10-03,56,Do What You Can,Bon Jovi & Jennifer Nettles,28,2,
2020-10-03,57,Saltwater Gospel (Fins Up Version),Eli Young Band & Jimmy Buffett,56,20,Gains In Performance
2020-10-03,58,Never Have I Ever,Danielle Bradbery,59,5,Gains In Performance
2020-10-03,59,Just About Over You,Priscilla Block,NEW,1,Gains In Performance
2020-10-03,60,Where That Beer's Been,Travis Denning,60,5,
2020-10-10,1,One Of Them Girls,Lee Brice,1,26,Gains In Performance
2020-10-10,2,Lovin' On You,Luke Combs,2,17,
2020-10-10,3,Got What I Got,Jason Aldean,4,26,Gains In Performance
2020-10-10,4,Some Girls,Jameson Rodgers,5,46,Gains In Performance
2020-10-10,5,I Called Mama,Tim McGraw,6,22,Greatest gainer this week|Gains In Performance
2020-10-10,6,Everywhere But On,Matt Stell,7,43,Gains In Performance
2020-10-10,7,Happy Anywhere,Blake Shelton Featuring Gwen Stefani,8,11,Gains In Performance
2020-10-10,8,Cool Again,Kane Brown,3,24,
2020-10-10,9,More Than My Hometown,Morgan Wallen,11,19,Gains In Performance
2020-10-10,10,Love You Like I Used To,Russell Dickerson,9,31,Gains In Performance
2020-10-10,11,One Beer,HARDY Featuring Lauren Alaina & Devin Dawson,10,35,Gains In Performance
2020-10-10,12,Pretty Heart,Parker McCollum,12,39,Gains In Performance
2020-10-10,13,Ain't Always The Cowboy,Jon Pardi,13,29,Gains In Performance
2020-10-10,14,"Big, Big Plans",Chris Lane,14,45,Gains In Performance
2020-10-10,15,Happy Does,Kenny Chesney,15,12,Gains In Performance
2020-10-10,16,I Should Probably Go To Bed,Dan + Shay,16,10,Gains In Performance
2020-10-10,17,Champagne Night,Lady A,17,24,Gains In Performance
2020-10-10,18,She's Mine,Kip Moore,18,56,Gains In Performance
2020-10-10,19,Hole In The Bottle,Kelsea Ballerini,20,18,Gains In Performance
2020-10-10,20,Starting Over,Chris Stapleton,19,6,Gains In Performance
2020-10-10,21,Beers And Sunshine,Darius Rucker,21,9,Gains In Performance
2020-10-10,22,Good Time,Niko Moon,22,25,Gains In Performance
2020-10-10,23,Momma's House,Dustin Lynch,23,33,Gains In Performance
2020-10-10,24,How They Remember You,Rascal Flatts,24,16,Gains In Performance
2020-10-10,25,Stick That In Your Country Song,Eric Church,25,15,Gains In Performance
2020-10-10,26,Long Live,Florida Georgia Line,26,4,Gains In Performance
2020-10-10,27,7 Summers,Morgan Wallen,27,7,Gains In Performance
2020-10-10,28,Somebody Like That,Tenille Arts,28,34,Gains In Performance
2020-10-10,29,Almost Maybes,Jordan Davis,29,18,Gains In Performance
2020-10-10,30,All Night,Brothers Osborne,30,20,Gains In Performance
2020-10-10,31,Nobody,Dylan Scott,31,24,Gains In Performance
2020-10-10,32,Betty,Taylor Swift,33,10,Gains In Performance
2020-10-10,33,Lady,Brett Young,34,23,Gains In Performance
2020-10-10,34,Just The Way,Parmalee x Blanco Brown,37,20,Gains In Performance
2020-10-10,35,To Hell & Back,Maren Morris,32,27,Gains In Performance
2020-10-10,36,The Good Ones,Gabby Barrett,36,17,Gains In Performance
2020-10-10,37,One Too Many,Keith Urban Duet With P!nk,47,2,Gains In Performance
2020-10-10,38,Gabrielle,Brett Eldredge,35,25,
2020-10-10,39,Hard Days,Brantley Gilbert,39,16,Gains In Performance
2020-10-10,40,Made For You,Jake Owen,38,20,Gains In Performance
2020-10-10,41,"Wine, Beer, Whiskey",Little Big Town,40,11,Gains In Performance
2020-10-10,42,Settling Down,Miranda Lambert,45,2,Gains In Performance
2020-10-10,43,Dear Rodeo,Cody Johnson & Reba McEntire,41,4,Gains In Performance
2020-10-10,44,We Were Rich,Runaway June,46,14,Gains In Performance
2020-10-10,45,Single Saturday Night,Cole Swindell,43,14,Gains In Performance
2020-10-10,46,What Do I Know,Robert Counts,42,7,Gains In Performance
2020-10-10,47,The Man Who Loves You The Most,Zac Brown Band,44,16,
2020-10-10,48,Next Girl,Carly Pearce,54,2,Gains In Performance
2020-10-10,49,This Is Us,Jimmie Allen & Noah Cyrus,48,23,Gains In Performance
2020-10-10,50,Every Other Memory,Ryan Hurd,49,15,Gains In Performance
2020-10-10,51,Just About Over You,Priscilla Block,59,2,Gains In Performance
2020-10-10,52,Never Be Sorry,Old Dominion,51,5,Gains In Performance
2020-10-10,53,Waitin' On 5,Chris Janson,50,3,
2020-10-10,54,Beers To Catch Up On,LoCash,52,3,Gains In Performance
2020-10-10,55,All Of The Boys,Caroline Jones,55,10,Gains In Performance
2020-10-10,56,A Song To Remember,A Thousand Horses,53,7,Gains In Performance
2020-10-10,57,Better Together,Luke Combs,NEW,1,Highest ranking debut|Gains In Performance
2020-10-10,58,Saltwater Gospel (Fins Up Version),Eli Young Band & Jimmy Buffett,57,21,Gains In Performance
2020-10-10,59,Where That Beer's Been,Travis Denning,60,6,Gains In Performance
2020-10-10,60,Waste Of A Whiskey Drink,Gary Allan,NEW,1,Gains In Performance
2020-10-17,1,One Of Them Girls,Lee Brice,1,27,
2020-10-17,2,I Called Mama,Tim McGraw,5,23,Greatest gainer this week|Gains In Performance
2020-10-17,3,Got What I Got,Jason Aldean,3,27,Gains In Performance
2020-10-17,4,Lovin' On You,Luke Combs,2,18,
2020-10-17,5,Some Girls,Jameson Rodgers,4,47,Gains In Performance
2020-10-17,6,Love You Like I Used To,Russell Dickerson,10,32,Gains In Performance
2020-10-17,7,Everywhere But On,Matt Stell,6,44,Gains In Performance
2020-10-17,8,Happy Anywhere,Blake Shelton Featuring Gwen Stefani,7,12,Gains In Performance
2020-10-17,9,More Than My Hometown,Morgan Wallen,9,20,Gains In Performance
2020-10-17,10,One Beer,HARDY Featuring Lauren Alaina & Devin Dawson,11,36,Gains In Performance
2020-10-17,11,Pretty Heart,Parker McCollum,12,40,Gains In Performance
2020-10-17,12,Ain't Always The Cowboy,Jon Pardi,13,30,Gains In Performance
2020-10-17,13,"Big, Big Plans",Chris Lane,14,46,Gains In Performance
2020-10-17,14,Happy Does,Kenny Chesney,15,13,Gains In Performance
2020-10-17,15,I Should Probably Go To Bed,Dan + Shay,16,11,Gains In Performance
2020-10-17,16,Champagne Night,Lady A,17,25,Gains In Performance
2020-10-17,17,She's Mine,Kip Moore,18,57,Gains In Performance
2020-10-17,18,Hole In The Bottle,Kelsea Ballerini,19,19,Gains In Performance
2020-10-17,19,Starting Over,Chris Stapleton,20,7,Gains In Performance
2020-10-17,20,Beers And Sunshine,Darius Rucker,21,10,Gains In Performance
2020-10-17,21,Momma's House,Dustin Lynch,23,34,Gains In Performance
2020-10-17,22,Good Time,Niko Moon,22,26,Gains In Performance
2020-10-17,23,How They Remember You,Rascal Flatts,24,17,Gains In Performance
2020-10-17,24,Long Live,Florida Georgia Line,26,5,Gains In Performance
2020-10-17,25,Stick That In Your Country Song,Eric Church,25,16,Gains In Performance
2020-10-17,26,7 Summers,Morgan Wallen,27,8,Gains In Performance
2020-10-17,27,Somebody Like That,Tenille Arts,28,35,Gains In Performance
2020-10-17,28,Almost Maybes,Jordan Davis,29,19,Gains In Performance
2020-10-17,29,All Night,Brothers Osborne,30,21,Gains In Performance
2020-10-17,30,Nobody,Dylan Scott,31,25,Gains In Performance
2020-10-17,31,Lady,Brett Young,33,24,Gains In Performance
2020-10-17,32,Betty,Taylor Swift,32,11,Gains In Performance
2020-10-17,33,Just The Way,Parmalee x Blanco Brown,34,21,Gains In Performance
2020-10-17,34,One Too Many,Keith Urban Duet With P!nk,37,3,Gains In Performance
2020-10-17,35,The Good Ones,Gabby Barrett,36,18,Gains In Performance
2020-10-17,36,To Hell & Back,Maren Morris,35,28,Gains In Performance
2020-10-17,37,Gabrielle,Brett Eldredge,38,26,Gains In Performance
2020-10-17,38,Better Together,Luke Combs,57,2,Gains In Performance
2020-10-17,39,"Wine, Beer, Whiskey",Little Big Town,41,12,Gains In Performance
2020-10-17,40,Settling Down,Miranda Lambert,42,3,Gains In Performance
2020-10-17,41,Made For You,Jake Owen,40,21,Gains In Performance
2020-10-17,42,Hard Days,Brantley Gilbert,39,17,Gains In Performance
2020-10-17,43,Dear Rodeo,Cody Johnson & Reba McEntire,43,5,Gains In Performance
2020-10-17,44,Single Saturday Night,Cole Swindell,45,15,Gains In Performance
2020-10-17,45,We Were Rich,Runaway June,44,15,Gains In Performance
2020-10-17,46,What Do I Know,Robert Counts,46,8,
2020-10-17,47,Next Girl,Carly Pearce,48,3,
2020-10-17,48,This Is Us,Jimmie Allen & Noah Cyrus,49,24,
2020-10-17,49,Every Other Memory,Ryan Hurd,50,16,Gains In Performance
2020-10-17,50,Never Be Sorry,Old Dominion,52,6,Gains In Performance
2020-10-17,51,Just About Over You,Priscilla Block,51,3,
2020-10-17,52,Beers To Catch Up On,LoCash,54,4,Gains In Performance
2020-10-17,53,Waitin' On 5,Chris Janson,53,4,Gains In Performance
2020-10-17,54,A Song To Remember,A Thousand Horses,56,8,
2020-10-17,55,Breaking Up Was Easy In The 90's,Sam Hunt,NEW,1,Highest ranking debut|Gains In Performance
2020-10-17,56,My Boy,Elvie Shane,NEW,1,Gains In Performance
2020-10-17,57,All Of The Boys,Caroline Jones,55,11,
2020-10-17,58,Where I Find God,Larry Fleet,NEW,1,Gains In Performance
2020-10-17,59,Lady Like,Ingrid Andress,NEW,1,Gains In Performance
2020-10-17,60,Want Me Back,Lindsay Ell,NEW,1,Gains In Performance
2020-10-24,1,Got What I Got,Jason Aldean,3,28,Gains In Performance
2020-10-24,2,One Of Them Girls,Lee Brice,1,28,
2020-10-24,3,Some Girls,Jameson Rodgers,5,48,Gains In Performance
2020-10-24,4,Lovin' On You,Luke Combs,4,19,
2020-10-24,5,Love You Like I Used To,Russell Dickerson,6,33,Gains In Performance
2020-10-24,6,More Than My Hometown,Morgan Wallen,9,21,Gains In Performance
2020-10-24,7,Everywhere But On,Matt Stell,7,45,Gains In Performance
2020-10-24,8,Happy Anywhere,Blake Shelton Featuring Gwen Stefani,8,13,Gains In Performance
2020-10-24,9,One Beer,HARDY Featuring Lauren Alaina & Devin Dawson,10,37,Gains In Performance
2020-10-24,10,Pretty Heart,Parker McCollum,11,41,Gains In Performance
2020-10-24,11,Ain't Always The Cowboy,Jon Pardi,12,31,Gains In Performance
2020-10-24,12,"Big, Big Plans",Chris Lane,13,47,Gains In Performance
2020-10-24,13,Happy Does,Kenny Chesney,14,14,Gains In Performance
2020-10-24,14,I Should Probably Go To Bed,Dan + Shay,15,12,Gains In Performance
2020-10-24,15,Champagne Night,Lady A,16,26,Gains In Performance
2020-10-24,16,Hole In The Bottle,Kelsea Ballerini,18,20,Gains In Performance
2020-10-24,17,I Called Mama,Tim McGraw,2,24,
2020-10-24,18,She's Mine,Kip Moore,17,58,Gains In Performance
2020-10-24,19,Starting Over,Chris Stapleton,19,8,Gains In Performance
2020-10-24,20,Beers And Sunshine,Darius Rucker,20,11,Gains In Performance
2020-10-24,21,Good Time,Niko Moon,22,27,Gains In Performance
2020-10-24,22,Better Together,Luke Combs,38,3,Gains In Performance
2020-10-24,23,How They Remember You,Rascal Flatts,23,18,Gains In Performance
2020-10-24,24,Momma's House,Dustin Lynch,21,35,Gains In Performance
2020-10-24,25,Long Live,Florida Georgia Line,24,6,Gains In Performance
2020-10-24,26,Stick That In Your Country Song,Eric Church,25,17,
2020-10-24,27,7 Summers,Morgan Wallen,26,9,Gains In Performance
2020-10-24,28,Somebody Like That,Tenille Arts,27,36,Gains In Performance
2020-10-24,29,Almost Maybes,Jordan Davis,28,20,Gains In Performance
2020-10-24,30,All Night,Brothers Osborne,29,22,Gains In Performance
2020-10-24,31,Nobody,Dylan Scott,30,26,Gains In Performance
2020-10-24,32,Lady,Brett Young,31,25,Gains In Performance
2020-10-24,33,Just The Way,Parmalee x Blanco Brown,33,22,Gains In Performance
2020-10-24,34,The Good Ones,Gabby Barrett,35,19,Gains In Performance
2020-10-24,35,Betty,Taylor Swift,32,12,
2020-10-24,36,One Too Many,Keith Urban Duet With P!nk,34,4,Gains In Performance
2020-10-24,37,To Hell & Back,Maren Morris,36,29,Gains In Performance
2020-10-24,38,Breaking Up Was Easy In The 90's,Sam Hunt,55,2,Gains In Performance
2020-10-24,39,Hard Days,Brantley Gilbert,42,18,Gains In Performance
2020-10-24,40,Settling Down,Miranda Lambert,40,4,Gains In Performance
2020-10-24,41,"Wine, Beer, Whiskey",Little Big Town,39,13,Gains In Performance
2020-10-24,42,Gabrielle,Brett Eldredge,37,27,
2020-10-24,43,Made For You,Jake Owen,41,22,Gains In Performance
2020-10-24,44,Dear Rodeo,Cody Johnson & Reba McEntire,43,6,Gains In Performance
2020-10-24,45,Single Saturday Night,Cole Swindell,44,16,
2020-10-24,46,We Were Rich,Runaway June,45,16,
2020-10-24,47,Next Girl,Carly Pearce,47,4,Gains In Performance
2020-10-24,48,What Do I Know,Robert Counts,46,9,
2020-10-24,49,Down To One,Luke Bryan,NEW,1,Highest ranking debut|Gains In Performance
2020-10-24,50,This Is Us,Jimmie Allen & Noah Cyrus,48,25,Gains In Performance
2020-10-24,51,Every Other Memory,Ryan Hurd,49,17,Gains In Performance
2020-10-24,52,Just About Over You,Priscilla Block,51,4,Gains In Performance
2020-10-24,53,Never Be Sorry,Old Dominion,50,7,Gains In Performance
2020-10-24,54,Waitin' On 5,Chris Janson,53,5,Gains In Performance
2020-10-24,55,Beers To Catch Up On,LoCash,52,5,Gains In Performance
2020-10-24,56,Lady Like,Ingrid Andress,59,2,Gains In Performance
2020-10-24,57,My Boy,Elvie Shane,56,2,Gains In Performance
2020-10-24,58,Where I Find God,Larry Fleet,58,2,Gains In Performance
2020-10-24,59,If It Wasn't For Trucks,Riley Green,NEW,1,Gains In Performance
2020-10-24,60,All Of The Boys,Caroline Jones,57,12,Gains In Performance
2020-10-31,1,Some Girls,Jameson Rodgers,3,49,Gains In Performance
2020-10-31,2,Got What I Got,Jason Aldean,1,29,
2020-10-31,3,One Of Them Girls,Lee Brice,2,29,
2020-10-31,4,Love You Like I Used To,Russell Dickerson,5,34,Gains In Performance
2020-10-31,5,Everywhere But On,Matt Stell,7,46,Gains In Performance
2020-10-31,6,Lovin' On You,Luke Combs,4,20,
2020-10-31,7,More Than My Hometown,Morgan Wallen,6,22,Gains In Performance
2020-10-31,8,Happy Anywhere,Blake Shelton Featuring Gwen Stefani,8,14,Gains In Performance
2020-10-31,9,One Beer,HARDY Featuring Lauren Alaina & Devin Dawson,9,38,Gains In Performance
2020-10-31,10,Pretty Heart,Parker McCollum,10,42,
2020-10-31,11,"Big, Big Plans",Chris Lane,12,48,Gains In Performance
2020-10-31,12,Ain't Always The Cowboy,Jon Pardi,11,32,
2020-10-31,13,Happy Does,Kenny Chesney,13,15,Gains In Performance
2020-10-31,14,I Should Probably Go To Bed,Dan + Shay,14,13,Gains In Performance
2020-10-31,15,Champagne Night,Lady A,15,27,Gains In Performance
2020-10-31,16,Hole In The Bottle,Kelsea Ballerini,16,21,
2020-10-31,17,She's Mine,Kip Moore,18,59,
2020-10-31,18,Starting Over,Chris Stapleton,19,9,Gains In Performance
2020-10-31,19,Good Time,Niko Moon,21,28,Gains In Performance
2020-10-31,20,Beers And Sunshine,Darius Rucker,20,12,Gains In Performance
2020-10-31,21,Better Together,Luke Combs,22,4,Gains In Performance
2020-10-31,22,Momma's House,Dustin Lynch,24,36,Gains In Performance
2020-10-31,23,How They Remember You,Rascal Flatts,23,19,Gains In Performance
2020-10-31,24,Gone,Dierks Bentley,NEW,1,Highest ranking debut|Gains In Performance
2020-10-31,25,Long Live,Florida Georgia Line,25,7,Gains In Performance
2020-10-31,26,7 Summers,Morgan Wallen,27,10,
2020-10-31,27,Somebody Like That,Tenille Arts,28,37,Gains In Performance
2020-10-31,28,Almost Maybes,Jordan Davis,29,21,Gains In Performance
2020-10-31,29,Down To One,Luke Bryan,49,2,Gains In Performance
2020-10-31,30,All Night,Brothers Osborne,30,23,Gains In Performance
2020-10-31,31,Nobody,Dylan Scott,31,27,Gains In Performance
2020-10-31,32,Lady,Brett Young,32,26,Gains In Performance
2020-10-31,33,Just The Way,Parmalee x Blanco Brown,33,23,Gains In Performance
2020-10-31,34,One Too Many,Keith Urban Duet With P!nk,36,5,Gains In Performance
2020-10-31,35,The Good Ones,Gabby Barrett,34,20,Gains In Performance
2020-10-31,36,Betty,Taylor Swift,35,13,Gains In Performance
2020-10-31,37,Breaking Up Was Easy In The 90's,Sam Hunt,38,3,Gains In Performance
2020-10-31,38,To Hell & Back,Maren Morris,37,30,
2020-10-31,39,Hard Days,Brantley Gilbert,39,19,Gains In Performance
2020-10-31,40,"Wine, Beer, Whiskey",Little Big Town,41,14,Gains In Performance
2020-10-31,41,Settling Down,Miranda Lambert,40,5,
2020-10-31,42,Stick That In Your Country Song,Eric Church,26,18,
2020-10-31,43,Made For You,Jake Owen,43,23,
2020-10-31,44,Dear Rodeo,Cody Johnson & Reba McEntire,44,7,Gains In Performance
2020-10-31,45,Just About Over You,Priscilla Block,52,5,Gains In Performance
2020-10-31,46,We Were Rich,Runaway June,46,17,Gains In Performance
2020-10-31,47,Single Saturday Night,Cole Swindell,45,17,
2020-10-31,48,Next Girl,Carly Pearce,47,5,
2020-10-31,49,What Do I Know,Robert Counts,48,10,Gains In Performance
2020-10-31,50,This Is Us,Jimmie Allen & Noah Cyrus,50,26,Gains In Performance
2020-10-31,51,Never Be Sorry,Old Dominion,53,8,Gains In Performance
2020-10-31,52,Beers To Catch Up On,LoCash,55,6,Gains In Performance
2020-10-31,53,Every Other Memory,Ryan Hurd,51,18,
2020-10-31,54,Waitin' On 5,Chris Janson,54,6,Gains In Performance
2020-10-31,55,We Didn't Have Much,Justin Moore,NEW,1,Gains In Performance
2020-10-31,56,Whiskey And Rain,Michael Ray,NEW,1,Gains In Performance
2020-10-31,57,Where I Find God,Larry Fleet,58,3,Gains In Performance
2020-10-31,58,A Song To Remember,A Thousand Horses,RE,9,Gains In Performance
2020-10-31,59,If It Wasn't For Trucks,Riley Green,59,2,Gains In Performance
2020-10-31,60,My Boy,Elvie Shane,57,3,
2020-11-07,1,Everywhere But On,Matt Stell,5,47,Greatest gainer this week|Gains In Performance
2020-11-07,2,Love You Like I Used To,Russell Dickerson,4,35,Gains In Performance
2020-11-07,3,One Of Them Girls,Lee Brice,3,30,
2020-11-07,4,Got What I Got,Jason Aldean,2,30,
2020-11-07,5,More Than My Hometown,Morgan Wallen,7,23,Gains In Performance
2020-11-07,6,Happy Anywhere,Blake Shelton Featuring Gwen Stefani,8,15,Gains In Performance
2020-11-07,7,Some Girls,Jameson Rodgers,1,50,
2020-11-07,8,One Beer,HARDY Featuring Lauren Alaina & Devin Dawson,9,39,Gains In Performance
2020-11-07,9,Lovin' On You,Luke Combs,6,21,
2020-11-07,10,Pretty Heart,Parker McCollum,10,43,Gains In Performance
2020-11-07,11,"Big, Big Plans",Chris Lane,11,49,Gains In Performance
2020-11-07,12,Ain't Always The Cowboy,Jon Pardi,12,33,Gains In Performance
2020-11-07,13,Happy Does,Kenny Chesney,13,16,Gains In Performance
2020-11-07,14,I Should Probably Go To Bed,Dan + Shay,14,14,Gains In Performance
2020-11-07,15,Champagne Night,Lady A,15,28,Gains In Performance
2020-11-07,16,Hole In The Bottle,Kelsea Ballerini,16,22,Gains In Performance
2020-11-07,17,Better Together,Luke Combs,21,5,Gains In Performance
2020-11-07,18,Starting Over,Chris Stapleton,18,10,Gains In Performance
2020-11-07,19,Beers And Sunshine,Darius Rucker,20,13,Gains In Performance
2020-11-07,20,Good Time,Niko Moon,19,29,Gains In Performance
2020-11-07,21,How They Remember You,Rascal Flatts,23,20,Gains In Performance
2020-11-07,22,Momma's House,Dustin Lynch,22,37,Gains In Performance
2020-11-07,23,Long Live,Florida Georgia Line,25,8,Gains In Performance
2020-11-07,24,Down To One,Luke Bryan,29,3,Gains In Performance
2020-11-07,25,7 Summers,Morgan Wallen,26,11,Gains In Performance
2020-11-07,26,Somebody Like That,Tenille Arts,27,38,Gains In Performance
2020-11-07,27,Almost Maybes,Jordan Davis,28,22,Gains In Performance
2020-11-07,28,Nobody,Dylan Scott,31,28,Gains In Performance
2020-11-07,29,All Night,Brothers Osborne,30,24,Gains In Performance
2020-11-07,30,Lady,Brett Young,32,27,Gains In Performance
2020-11-07,31,The Good Ones,Gabby Barrett,35,21,Gains In Performance
2020-11-07,32,Just The Way,Parmalee x Blanco Brown,33,24,Gains In Performance
2020-11-07,33,Breaking Up Was Easy In The 90's,Sam Hunt,37,4,Gains In Performance
2020-11-07,34,One Too Many,Keith Urban Duet With P!nk,34,6,Gains In Performance
2020-11-07,35,To Hell & Back,Maren Morris,38,31,Gains In Performance
2020-11-07,36,Betty,Taylor Swift,36,14,Gains In Performance
2020-11-07,37,Hard Days,Brantley Gilbert,39,20,Gains In Performance
2020-11-07,38,Whiskey And Rain,Michael Ray,56,2,Gains In Performance
2020-11-07,39,Settling Down,Miranda Lambert,41,6,Gains In Performance
2020-11-07,40,"Wine, Beer, Whiskey",Little Big Town,40,15,Gains In Performance
2020-11-07,41,Made For You,Jake Owen,43,24,Gains In Performance
2020-11-07,42,Just About Over You,Priscilla Block,45,6,Gains In Performance
2020-11-07,43,Gone,Dierks Bentley,24,2,
2020-11-07,44,Dear Rodeo,Cody Johnson & Reba McEntire,44,8,Gains In Performance
2020-11-07,45,What Do I Know,Robert Counts,49,11,Gains In Performance
2020-11-07,46,Single Saturday Night,Cole Swindell,47,18,Gains In Performance
2020-11-07,47,We Were Rich,Runaway June,46,18,
2020-11-07,48,Next Girl,Carly Pearce,48,6,Gains In Performance
2020-11-07,49,We Didn't Have Much,Justin Moore,55,2,Gains In Performance
2020-11-07,50,This Is Us,Jimmie Allen & Noah Cyrus,50,27,Gains In Performance
2020-11-07,51,Never Be Sorry,Old Dominion,51,9,Gains In Performance
2020-11-07,52,Worship You,Kane Brown,NEW,1,Highest ranking debut|Gains In Performance
2020-11-07,53,Waitin' On 5,Chris Janson,54,7,Gains In Performance
2020-11-07,54,Beers To Catch Up On,LoCash,52,7,
2020-11-07,55,My Boy,Elvie Shane,60,4,Gains In Performance
2020-11-07,56,Forever After All,Luke Combs,NEW,1,Gains In Performance
2020-11-07,57,All Of The Boys,Caroline Jones,RE,13,Gains In Performance
2020-11-07,58,If It Wasn't For Trucks,Riley Green,59,3,Gains In Performance
2020-11-07,59,Where I Find God,Larry Fleet,57,4,
2020-11-07,60,A Song To Remember,A Thousand Horses,58,10,
2020-11-14,1,Love You Like I Used To,Russell Dickerson,2,36,Gains In Performance
2020-11-14,2,One Of Them Girls,Lee Brice,3,31,Gains In Performance
2020-11-14,3,More Than My Hometown,Morgan Wallen,5,24,Gains In Performance
2020-11-14,4,Happy Anywhere,Blake Shelton Featuring Gwen Stefani,6,16,Gains In Performance
2020-11-14,5,One Beer,HARDY Featuring Lauren Alaina & Devin Dawson,8,40,Gains In Performance
2020-11-14,6,"Big, Big Plans",Chris Lane,11,50,Greatest gainer this week|Gains In Performance
2020-11-14,7,Lovin' On You,Luke Combs,9,22,Gains In Performance
2020-11-14,8,Got What I Got,Jason Aldean,4,31,
2020-11-14,9,Everywhere But On,Matt Stell,1,48,
2020-11-14,10,Pretty Heart,Parker McCollum,10,44,Gains In Performance
2020-11-14,11,Ain't Always The Cowboy,Jon Pardi,12,34,Gains In Performance
2020-11-14,12,I Should Probably Go To Bed,Dan + Shay,14,15,Gains In Performance
2020-11-14,13,Happy Does,Kenny Chesney,13,17,Gains In Performance
2020-11-14,14,Champagne Night,Lady A,15,29,Gains In Performance
2020-11-14,15,Hole In The Bottle,Kelsea Ballerini,16,23,Gains In Performance
2020-11-14,16,Better Together,Luke Combs,17,6,Gains In Performance
2020-11-14,17,Beers And Sunshine,Darius Rucker,19,14,Gains In Performance
2020-11-14,18,Starting Over,Chris Stapleton,18,11,Gains In Performance
2020-11-14,19,Good Time,Niko Moon,20,30,Gains In Performance
2020-11-14,20,How They Remember You,Rascal Flatts,21,21,Gains In Performance
2020-11-14,21,Momma's House,Dustin Lynch,22,38,Gains In Performance
2020-11-14,22,Long Live,Florida Georgia Line,23,9,Gains In Performance
2020-11-14,23,Down To One,Luke Bryan,24,4,Gains In Performance
2020-11-14,24,Somebody Like That,Tenille Arts,26,39,Gains In Performance
2020-11-14,25,7 Summers,Morgan Wallen,25,12,Gains In Performance
2020-11-14,26,Almost Maybes,Jordan Davis,27,23,Gains In Performance
2020-11-14,27,Nobody,Dylan Scott,28,29,Gains In Performance
2020-11-14,28,All Night,Brothers Osborne,29,25,Gains In Performance
2020-11-14,29,Just The Way,Parmalee x Blanco Brown,32,25,Gains In Performance
2020-11-14,30,The Good Ones,Gabby Barrett,31,22,Gains In Performance
2020-11-14,31,Lady,Brett Young,30,28,Gains In Performance
2020-11-14,32,Gone,Dierks Bentley,43,3,Gains In Performance
2020-11-14,33,Breaking Up Was Easy In The 90's,Sam Hunt,33,5,Gains In Performance
2020-11-14,34,One Too Many,Keith Urban Duet With P!nk,34,7,Gains In Performance
2020-11-14,35,To Hell & Back,Maren Morris,35,32,Gains In Performance
2020-11-14,36,Betty,Taylor Swift,36,15,Gains In Performance
2020-11-14,37,Memory I Don't Mess With,Lee Brice,NEW,1,Highest ranking debut|Gains In Performance
2020-11-14,38,Settling Down,Miranda Lambert,39,7,Gains In Performance
2020-11-14,39,Hard Days,Brantley Gilbert,37,21,Gains In Performance
2020-11-14,40,Made For You,Jake Owen,41,25,Gains In Performance
2020-11-14,41,"Wine, Beer, Whiskey",Little Big Town,40,16,Gains In Performance
2020-11-14,42,Next Girl,Carly Pearce,48,7,Gains In Performance
2020-11-14,43,Just About Over You,Priscilla Block,42,7,Gains In Performance
2020-11-14,44,We Were Rich,Runaway June,47,19,Gains In Performance
2020-11-14,45,Dear Rodeo,Cody Johnson & Reba McEntire,44,9,
2020-11-14,46,We Didn't Have Much,Justin Moore,49,3,Gains In Performance
2020-11-14,47,Worship You,Kane Brown,52,2,Gains In Performance
2020-11-14,48,Single Saturday Night,Cole Swindell,46,19,Gains In Performance
2020-11-14,49,Never Be Sorry,Old Dominion,51,10,Gains In Performance
2020-11-14,50,What Do I Know,Robert Counts,45,12,
2020-11-14,51,This Is Us,Jimmie Allen & Noah Cyrus,50,28,Gains In Performance
2020-11-14,52,Hell Of A View,Eric Church,NEW,1,Gains In Performance
2020-11-14,53,My Boy,Elvie Shane,55,5,Gains In Performance
2020-11-14,54,Waitin' On 5,Chris Janson,53,8,Gains In Performance
2020-11-14,55,All Of The Boys,Caroline Jones,57,14,Gains In Performance
2020-11-14,56,Beers To Catch Up On,LoCash,54,8,Gains In Performance
2020-11-14,57,You Time,Scotty McCreery,NEW,1,Gains In Performance
2020-11-14,58,Whiskey And Rain,Michael Ray,38,3,
2020-11-14,59,If It Wasn't For Trucks,Riley Green,58,4,Gains In Performance
2020-11-14,60,Where I Find God,Larry Fleet,59,5,Gains In Performance
2020-11-21,1,Love You Like I Used To,Russell Dickerson,1,37,
2020-11-21,2,More Than My Hometown,Morgan Wallen,3,25,Gains In Performance
2020-11-21,3,One Of Them Girls,Lee Brice,2,32,
2020-11-21,4,Happy Anywhere,Blake Shelton Featuring Gwen Stefani,4,17,Gains In Performance
2020-11-21,5,One Beer,HARDY Featuring Lauren Alaina & Devin Dawson,5,41,Gains In Performance
2020-11-21,6,"Big, Big Plans",Chris Lane,6,51,Gains In Performance
2020-11-21,7,Pretty Heart,Parker McCollum,10,45,Gains In Performance
2020-11-21,8,Lovin' On You,Luke Combs,7,23,
2020-11-21,9,Ain't Always The Cowboy,Jon Pardi,11,35,Gains In Performance
2020-11-21,10,I Should Probably Go To Bed,Dan + Shay,12,16,Gains In Performance
2020-11-21,11,Happy Does,Kenny Chesney,13,18,
2020-11-21,12,Champagne Night,Lady A,14,30,Gains In Performance
2020-11-21,13,Better Together,Luke Combs,16,7,Gains In Performance
2020-11-21,14,Hole In The Bottle,Kelsea Ballerini,15,24,Gains In Performance
2020-11-21,15,Beers And Sunshine,Darius Rucker,17,15,Gains In Performance
2020-11-21,16,Starting Over,Chris Stapleton,18,12,Gains In Performance
2020-11-21,17,Good Time,Niko Moon,19,31,Gains In Performance
2020-11-21,18,What's Your Country Song,Thomas Rhett,NEW,1,Highest ranking debut|Gains In Performance
2020-11-21,19,How They Remember You,Rascal Flatts,20,22,Gains In Performance
2020-11-21,20,Momma's House,Dustin Lynch,21,39,Gains In Performance
2020-11-21,21,Long Live,Florida Georgia Line,22,10,Gains In Performance
2020-11-21,22,Down To One,Luke Bryan,23,5,Gains In Performance
2020-11-21,23,Somebody Like That,Tenille Arts,24,40,Gains In Performance
2020-11-21,24,7 Summers,Morgan Wallen,25,13,Gains In Performance
2020-11-21,25,Almost Maybes,Jordan Davis,26,24,Gains In Performance
2020-11-21,26,Just The Way,Parmalee x Blanco Brown,29,26,Gains In Performance
2020-11-21,27,The Good Ones,Gabby Barrett,30,23,Gains In Performance
2020-11-21,28,All Night,Brothers Osborne,28,26,Gains In Performance
2020-11-21,29,Nobody,Dylan Scott,27,30,Gains In Performance
2020-11-21,30,Lady,Brett Young,31,29,Gains In Performance
2020-11-21,31,Hell Of A View,Eric Church,52,2,Gains In Performance
2020-11-21,32,Breaking Up Was Easy In The 90's,Sam Hunt,33,6,Gains In Performance
2020-11-21,33,One Too Many,Keith Urban Duet With P!nk,34,8,Gains In Performance
2020-11-21,34,Gone,Dierks Bentley,32,4,
2020-11-21,35,To Hell & Back,Maren Morris,35,33,Gains In Performance
2020-11-21,36,Settling Down,Miranda Lambert,38,8,Gains In Performance
2020-11-21,37,Betty,Taylor Swift,36,16,
2020-11-21,38,Made For You,Jake Owen,40,26,Gains In Performance
2020-11-21,39,Hard Days,Brantley Gilbert,39,22,Gains In Performance
2020-11-21,40,"Wine, Beer, Whiskey",Little Big Town,41,17,Gains In Performance
2020-11-21,41,Just About Over You,Priscilla Block,43,8,Gains In Performance
2020-11-21,42,We Didn't Have Much,Justin Moore,46,4,Gains In Performance
2020-11-21,43,Dear Rodeo,Cody Johnson & Reba McEntire,45,10,Gains In Performance
2020-11-21,44,Worship You,Kane Brown,47,3,Gains In Performance
2020-11-21,45,Next Girl,Carly Pearce,42,8,
2020-11-21,46,We Were Rich,Runaway June,44,20,Gains In Performance
2020-11-21,47,Single Saturday Night,Cole Swindell,48,20,Gains In Performance
2020-11-21,48,Never Be Sorry,Old Dominion,49,11,
2020-11-21,49,This Is Us,Jimmie Allen & Noah Cyrus,51,29,Gains In Performance
2020-11-21,50,What Do I Know,Robert Counts,50,13,Gains In Performance
2020-11-21,51,My Boy,Elvie Shane,53,6,Gains In Performance
2020-11-21,52,Memory I Don't Mess With,Lee Brice,37,2,
2020-11-21,53,You Time,Scotty McCreery,57,2,Gains In Performance
2020-11-21,54,Waitin' On 5,Chris Janson,54,9,Gains In Performance
2020-11-21,55,Blame It On You,Jason Aldean,NEW,1,Gains In Performance
2020-11-21,56,Beers To Catch Up On,LoCash,56,9,Gains In Performance
2020-11-21,57,If It Wasn't For Trucks,Riley Green,59,5,Gains In Performance
2020-11-21,58,Whiskey And Rain,Michael Ray,58,4,Gains In Performance
2020-11-21,59,All Of The Boys,Caroline Jones,55,15,
2020-11-21,60,Where I Find God,Larry Fleet,60,6,Gains In Performance
2020-11-28,1,More Than My Hometown,Morgan Wallen,2,26,Greatest gainer this week|Gains In Performance
2020-11-28,2,Love You Like I Used To,Russell Dickerson,1,38,
2020-11-28,3,One Beer,HARDY Featuring Lauren Alaina & Devin Dawson,5,42,Gains In Performance
2020-11-28,4,Happy Anywhere,Blake Shelton Featuring Gwen Stefani,4,18,Gains In Performance
2020-11-28,5,"Big, Big Plans",Chris Lane,6,52,Gains In Performance
2020-11-28,6,One Of Them Girls,Lee Brice,3,33,
2020-11-28,7,Pretty Heart,Parker McCollum,7,46,Gains In Performance
2020-11-28,8,Ain't Always The Cowboy,Jon Pardi,9,36,Gains In Performance
2020-11-28,9,Lovin' On You,Luke Combs,8,24,
2020-11-28,10,I Should Probably Go To Bed,Dan + Shay,10,17,Gains In Performance
2020-11-28,11,Happy Does,Kenny Chesney,11,19,Gains In Performance
2020-11-28,12,Champagne Night,Lady A,12,31,Gains In Performance
2020-11-28,13,Better Together,Luke Combs,13,8,Gains In Performance
2020-11-28,14,Hole In The Bottle,Kelsea Ballerini,14,25,Gains In Performance
2020-11-28,15,Beers And Sunshine,Darius Rucker,15,16,Gains In Performance
2020-11-28,16,Good Time,Niko Moon,17,32,Gains In Performance
2020-11-28,17,Starting Over,Chris Stapleton,16,13,Gains In Performance
2020-11-28,18,How They Remember You,Rascal Flatts,19,23,Gains In Performance
2020-11-28,19,Momma's House,Dustin Lynch,20,40,Gains In Performance
2020-11-28,20,Long Live,Florida Georgia Line,21,11,Gains In Performance
2020-11-28,21,Down To One,Luke Bryan,22,6,Gains In Performance
2020-11-28,22,What's Your Country Song,Thomas Rhett,18,2,
2020-11-28,23,Somebody Like That,Tenille Arts,23,41,
2020-11-28,24,Just The Way,Parmalee x Blanco Brown,26,27,Gains In Performance
2020-11-28,25,7 Summers,Morgan Wallen,24,14,
2020-11-28,26,Almost Maybes,Jordan Davis,25,25,Gains In Performance
2020-11-28,27,The Good Ones,Gabby Barrett,27,24,Gains In Performance
2020-11-28,28,Nobody,Dylan Scott,29,31,Gains In Performance
2020-11-28,29,All Night,Brothers Osborne,28,27,Gains In Performance
2020-11-28,30,Lady,Brett Young,30,30,Gains In Performance
2020-11-28,31,Breaking Up Was Easy In The 90's,Sam Hunt,32,7,Gains In Performance
2020-11-28,32,One Too Many,Keith Urban Duet With P!nk,33,9,Gains In Performance
2020-11-28,33,Gone,Dierks Bentley,34,5,Gains In Performance
2020-11-28,34,To Hell & Back,Maren Morris,35,34,Gains In Performance
2020-11-28,35,Settling Down,Miranda Lambert,36,9,Gains In Performance
2020-11-28,36,Betty,Taylor Swift,37,17,Gains In Performance
2020-11-28,37,Hard Days,Brantley Gilbert,39,23,Gains In Performance
2020-11-28,38,Made For You,Jake Owen,38,27,
2020-11-28,39,Hell Of A View,Eric Church,31,3,
2020-11-28,40,You Time,Scotty McCreery,53,3,Gains In Performance
2020-11-28,41,"Wine, Beer, Whiskey",Little Big Town,40,18,Gains In Performance
2020-11-28,42,Worship You,Kane Brown,44,4,Gains In Performance
2020-11-28,43,Just About Over You,Priscilla Block,41,9,Gains In Performance
2020-11-28,44,Next Girl,Carly Pearce,45,9,Gains In Performance
2020-11-28,45,We Didn't Have Much,Justin Moore,42,5,
2020-11-28,46,Dear Rodeo,Cody Johnson & Reba McEntire,43,11,
2020-11-28,47,We Were Rich,Runaway June,46,21,Gains In Performance
2020-11-28,48,Never Be Sorry,Old Dominion,48,12,Gains In Performance
2020-11-28,49,Single Saturday Night,Cole Swindell,47,21,Gains In Performance
2020-11-28,50,Memory I Don't Mess With,Lee Brice,52,3,Gains In Performance
2020-11-28,51,Blame It On You,Jason Aldean,55,2,Gains In Performance
2020-11-28,52,What Do I Know,Robert Counts,50,14,Gains In Performance
2020-11-28,53,This Is Us,Jimmie Allen & Noah Cyrus,49,30,
2020-11-28,54,My Boy,Elvie Shane,51,7,
2020-11-28,55,Waitin' On 5,Chris Janson,54,10,
2020-11-28,56,Beers To Catch Up On,LoCash,56,10,Gains In Performance
2020-11-28,57,All Of The Boys,Caroline Jones,59,16,Gains In Performance
2020-11-28,58,Whiskey And Rain,Michael Ray,58,5,Gains In Performance
2020-11-28,59,If It Wasn't For Trucks,Riley Green,57,6,
2020-11-28,60,Want Me Back,Lindsay Ell,RE,2,Gains In Performance
2020-12-05,1,One Beer,HARDY Featuring Lauren Alaina & Devin Dawson,3,43,Greatest gainer this week|Gains In Performance
2020-12-05,2,Happy Anywhere,Blake Shelton Featuring Gwen Stefani,4,19,Gains In Performance
2020-12-05,3,Love You Like I Used To,Russell Dickerson,2,39,
2020-12-05,4,"Big, Big Plans",Chris Lane,5,53,Gains In Performance
2020-12-05,5,More Than My Hometown,Morgan Wallen,1,27,
2020-12-05,6,One Of Them Girls,Lee Brice,6,34,
2020-12-05,7,Pretty Heart,Parker McCollum,7,47,Gains In Performance
2020-12-05,8,Ain't Always The Cowboy,Jon Pardi,8,37,Gains In Performance
2020-12-05,9,I Should Probably Go To Bed,Dan + Shay,10,18,Gains In Performance
2020-12-05,10,Happy Does,Kenny Chesney,11,20,Gains In Performance
2020-12-05,11,Champagne Night,Lady A,12,32,Gains In Performance
2020-12-05,12,Better Together,Luke Combs,13,9,Gains In Performance
2020-12-05,13,Hole In The Bottle,Kelsea Ballerini,14,26,Gains In Performance
2020-12-05,14,Beers And Sunshine,Darius Rucker,15,17,Gains In Performance
2020-12-05,15,Good Time,Niko Moon,16,33,Gains In Performance
2020-12-05,16,Starting Over,Chris Stapleton,17,14,Gains In Performance
2020-12-05,17,Long Live,Florida Georgia Line,20,12,Gains In Performance
2020-12-05,18,Down To One,Luke Bryan,21,7,Gains In Performance
2020-12-05,19,How They Remember You,Rascal Flatts,18,24,Gains In Performance
2020-12-05,20,Momma's House,Dustin Lynch,19,41,Gains In Performance
2020-12-05,21,What's Your Country Song,Thomas Rhett,22,3,Gains In Performance
2020-12-05,22,Just The Way,Parmalee x Blanco Brown,24,28,Gains In Performance
2020-12-05,23,Somebody Like That,Tenille Arts,23,42,Gains In Performance
2020-12-05,24,Almost Maybes,Jordan Davis,26,26,Gains In Performance
2020-12-05,25,7 Summers,Morgan Wallen,25,15,Gains In Performance
2020-12-05,26,The Good Ones,Gabby Barrett,27,25,Gains In Performance
2020-12-05,27,Nobody,Dylan Scott,28,32,Gains In Performance
2020-12-05,28,Lady,Brett Young,30,31,Gains In Performance
2020-12-05,29,All Night,Brothers Osborne,29,28,Gains In Performance
2020-12-05,30,Breaking Up Was Easy In The 90's,Sam Hunt,31,8,Gains In Performance
2020-12-05,31,One Too Many,Keith Urban Duet With P!nk,32,10,
2020-12-05,32,Gone,Dierks Bentley,33,6,Gains In Performance
2020-12-05,33,To Hell & Back,Maren Morris,34,35,Gains In Performance
2020-12-05,34,Settling Down,Miranda Lambert,35,10,
2020-12-05,35,Hell Of A View,Eric Church,39,4,Gains In Performance
2020-12-05,36,Betty,Taylor Swift,36,18,Gains In Performance
2020-12-05,37,Made For You,Jake Owen,38,28,Gains In Performance
2020-12-05,38,Hard Days,Brantley Gilbert,37,24,Gains In Performance
2020-12-05,39,"Wine, Beer, Whiskey",Little Big Town,41,19,Gains In Performance
2020-12-05,40,Just About Over You,Priscilla Block,43,10,Gains In Performance
2020-12-05,41,Next Girl,Carly Pearce,44,10,Gains In Performance
2020-12-05,42,Worship You,Kane Brown,42,5,
2020-12-05,43,We Didn't Have Much,Justin Moore,45,6,Gains In Performance
2020-12-05,44,Dear Rodeo,Cody Johnson & Reba McEntire,46,12,Gains In Performance
2020-12-05,45,Never Be Sorry,Old Dominion,48,13,Gains In Performance
2020-12-05,46,We Were Rich,Runaway June,47,22,Gains In Performance
2020-12-05,47,Blame It On You,Jason Aldean,51,3,Gains In Performance
2020-12-05,48,Single Saturday Night,Cole Swindell,49,22,
2020-12-05,49,Cold Beer Calling My Name,Jameson Rodgers Featuring Luke Combs,NEW,1,Highest ranking debut|Gains In Performance
2020-12-05,50,Memory I Don't Mess With,Lee Brice,50,4,
2020-12-05,51,What Do I Know,Robert Counts,52,15,
2020-12-05,52,My Boy,Elvie Shane,54,8,Gains In Performance
2020-12-05,53,You Time,Scotty McCreery,40,4,
2020-12-05,54,Waitin' On 5,Chris Janson,55,11,Gains In Performance
2020-12-05,55,Beers To Catch Up On,LoCash,56,11,Gains In Performance
2020-12-05,56,Whiskey And Rain,Michael Ray,58,6,Gains In Performance
2020-12-05,57,All Of The Boys,Caroline Jones,57,17,Gains In Performance
2020-12-05,58,Where I Find God,Larry Fleet,RE,7,Gains In Performance
2020-12-05,59,A Song To Remember,A Thousand Horses,RE,11,Gains In Performance
2020-12-05,60,Want Me Back,Lindsay Ell,60,3,Gains In Performance
2020-12-12,1,Happy Anywhere,Blake Shelton Featuring Gwen Stefani,2,20,Gains In Performance
2020-12-12,2,"Big, Big Plans",Chris Lane,4,54,Gains In Performance
2020-12-12,3,Love You Like I Used To,Russell Dickerson,3,40,
2020-12-12,4,Pretty Heart,Parker McCollum,7,48,Gains In Performance
2020-12-12,5,One Of Them Girls,Lee Brice,6,35,
2020-12-12,6,Ain't Always The Cowboy,Jon Pardi,8,38,Gains In Performance
2020-12-12,7,More Than My Hometown,Morgan Wallen,5,28,
2020-12-12,8,One Beer,HARDY Featuring Lauren Alaina & Devin Dawson,1,44,
2020-12-12,9,I Should Probably Go To Bed,Dan + Shay,9,19,Gains In Performance
2020-12-12,10,Happy Does,Kenny Chesney,10,21,Gains In Performance
2020-12-12,11,Better Together,Luke Combs,12,10,Gains In Performance
2020-12-12,12,Champagne Night,Lady A,11,33,Gains In Performance
2020-12-12,13,Hole In The Bottle,Kelsea Ballerini,13,27,Gains In Performance
2020-12-12,14,Beers And Sunshine,Darius Rucker,14,18,Gains In Performance
2020-12-12,15,Good Time,Niko Moon,15,34,Gains In Performance
2020-12-12,16,Starting Over,Chris Stapleton,16,15,
2020-12-12,17,Down To One,Luke Bryan,18,8,Gains In Performance
2020-12-12,18,How They Remember You,Rascal Flatts,19,25,Gains In Performance
2020-12-12,19,Long Live,Florida Georgia Line,17,13,Gains In Performance
2020-12-12,20,What's Your Country Song,Thomas Rhett,21,4,Gains In Performance
2020-12-12,21,Momma's House,Dustin Lynch,20,42,
2020-12-12,22,Just The Way,Parmalee x Blanco Brown,22,29,Gains In Performance
2020-12-12,23,Somebody Like That,Tenille Arts,23,43,Gains In Performance
2020-12-12,24,Almost Maybes,Jordan Davis,24,27,
2020-12-12,25,Nobody,Dylan Scott,27,33,Gains In Performance
2020-12-12,26,7 Summers,Morgan Wallen,25,16,Gains In Performance
2020-12-12,27,The Good Ones,Gabby Barrett,26,26,Gains In Performance
2020-12-12,28,Lady,Brett Young,28,32,Gains In Performance
2020-12-12,29,All Night,Brothers Osborne,29,29,
2020-12-12,30,Breaking Up Was Easy In The 90's,Sam Hunt,30,9,Gains In Performance
2020-12-12,31,One Too Many,Keith Urban Duet With P!nk,31,11,Gains In Performance
2020-12-12,32,Drinkin' Beer. Talkin' God. Amen.,Chase Rice Featuring Florida Georgia Line,NEW,1,Highest ranking debut|Gains In Performance
2020-12-12,33,Gone,Dierks Bentley,32,7,Gains In Performance
2020-12-12,34,Hell Of A View,Eric Church,35,5,Gains In Performance
2020-12-12,35,Settling Down,Miranda Lambert,34,11,Gains In Performance
2020-12-12,36,To Hell & Back,Maren Morris,33,36,
2020-12-12,37,Made For You,Jake Owen,37,29,Gains In Performance
2020-12-12,38,Betty,Taylor Swift,36,19,
2020-12-12,39,Hard Days,Brantley Gilbert,38,25,
2020-12-12,40,"Wine, Beer, Whiskey",Little Big Town,39,20,
2020-12-12,41,Dear Rodeo,Cody Johnson & Reba McEntire,44,13,Gains In Performance
2020-12-12,42,We Didn't Have Much,Justin Moore,43,7,Gains In Performance
2020-12-12,43,Blame It On You,Jason Aldean,47,4,Gains In Performance
2020-12-12,44,Next Girl,Carly Pearce,41,11,Gains In Performance
2020-12-12,45,Famous Friends,Chris Young + Kane Brown,NEW,1,Gains In Performance
2020-12-12,46,Worship You,Kane Brown,42,6,
2020-12-12,47,Just About Over You,Priscilla Block,40,11,
2020-12-12,48,We Were Rich,Runaway June,46,23,Gains In Performance
2020-12-12,49,Never Be Sorry,Old Dominion,45,14,
2020-12-12,50,Single Saturday Night,Cole Swindell,48,23,Gains In Performance
2020-12-12,51,Memory I Don't Mess With,Lee Brice,50,5,Gains In Performance
2020-12-12,52,My Boy,Elvie Shane,52,9,Gains In Performance
2020-12-12,53,Waitin' On 5,Chris Janson,54,12,Gains In Performance
2020-12-12,54,What Do I Know,Robert Counts,51,16,
2020-12-12,55,You Time,Scotty McCreery,53,5,Gains In Performance
2020-12-12,56,Beers To Catch Up On,LoCash,55,12,Gains In Performance
2020-12-12,57,Lady Like,Ingrid Andress,RE,3,Gains In Performance
2020-12-12,58,Want Me Back,Lindsay Ell,60,4,Gains In Performance
2020-12-12,59,Whiskey And Rain,Michael Ray,56,7,
2020-12-12,60,Heaven On Dirt,Teddy Robb,NEW,1,Gains In Performance
2020-12-19,1,"Big, Big Plans",Chris Lane,2,55,Gains In Performance
2020-12-19,2,Happy Anywhere,Blake Shelton Featuring Gwen Stefani,1,21,
2020-12-19,3,Ain't Always The Cowboy,Jon Pardi,6,39,Greatest gainer this week|Gains In Performance
2020-12-19,4,Love You Like I Used To,Russell Dickerson,3,41,
2020-12-19,5,Pretty Heart,Parker McCollum,4,49,Gains In Performance
2020-12-19,6,One Of Them Girls,Lee Brice,5,36,
2020-12-19,7,I Should Probably Go To Bed,Dan + Shay,9,20,Gains In Performance
2020-12-19,8,Better Together,Luke Combs,11,11,Gains In Performance
2020-12-19,9,Champagne Night,Lady A,12,34,Gains In Performance
2020-12-19,10,Happy Does,Kenny Chesney,10,22,Gains In Performance
2020-12-19,11,Beers And Sunshine,Darius Rucker,14,19,Gains In Performance
2020-12-19,12,Hole In The Bottle,Kelsea Ballerini,13,28,Gains In Performance
2020-12-19,13,Good Time,Niko Moon,15,35,Gains In Performance
2020-12-19,14,Starting Over,Chris Stapleton,16,16,Gains In Performance
2020-12-19,15,Down To One,Luke Bryan,17,9,Gains In Performance
2020-12-19,16,What's Your Country Song,Thomas Rhett,20,5,Gains In Performance
2020-12-19,17,Long Live,Florida Georgia Line,19,14,Gains In Performance
2020-12-19,18,How They Remember You,Rascal Flatts,18,26,Gains In Performance
2020-12-19,19,Momma's House,Dustin Lynch,21,43,Gains In Performance
2020-12-19,20,Just The Way,Parmalee x Blanco Brown,22,30,Gains In Performance
2020-12-19,21,Somebody Like That,Tenille Arts,23,44,Gains In Performance
2020-12-19,22,Nobody,Dylan Scott,25,34,Gains In Performance
2020-12-19,23,7 Summers,Morgan Wallen,26,17,Gains In Performance
2020-12-19,24,Almost Maybes,Jordan Davis,24,28,Gains In Performance
2020-12-19,25,Lady,Brett Young,28,33,Gains In Performance
2020-12-19,26,The Good Ones,Gabby Barrett,27,27,Gains In Performance
2020-12-19,27,All Night,Brothers Osborne,29,30,Gains In Performance
2020-12-19,28,Breaking Up Was Easy In The 90's,Sam Hunt,30,10,Gains In Performance
2020-12-19,29,One Too Many,Keith Urban Duet With P!nk,31,12,Gains In Performance
2020-12-19,30,Hell Of A View,Eric Church,34,6,Gains In Performance
2020-12-19,31,Gone,Dierks Bentley,33,8,
2020-12-19,32,Settling Down,Miranda Lambert,35,12,Gains In Performance
2020-12-19,33,Made For You,Jake Owen,37,30,Gains In Performance
2020-12-19,34,To Hell & Back,Maren Morris,36,37,
2020-12-19,35,Hard Days,Brantley Gilbert,39,26,Gains In Performance
2020-12-19,36,Dear Rodeo,Cody Johnson & Reba McEntire,41,14,Gains In Performance
2020-12-19,37,Betty,Taylor Swift,38,20,
2020-12-19,38,Blame It On You,Jason Aldean,43,5,Gains In Performance
2020-12-19,39,Next Girl,Carly Pearce,44,12,Gains In Performance
2020-12-19,40,"Wine, Beer, Whiskey",Little Big Town,40,21,
2020-12-19,41,We Didn't Have Much,Justin Moore,42,8,
2020-12-19,42,Worship You,Kane Brown,46,7,
2020-12-19,43,Just About Over You,Priscilla Block,47,12,
2020-12-19,44,We Were Rich,Runaway June,48,24,
2020-12-19,45,Never Be Sorry,Old Dominion,49,15,Gains In Performance
2020-12-19,46,Single Saturday Night,Cole Swindell,50,24,Gains In Performance
2020-12-19,47,What Do I Know,Robert Counts,54,17,Gains In Performance
2020-12-19,48,My Boy,Elvie Shane,52,10,Gains In Performance
2020-12-19,49,You Time,Scotty McCreery,55,6,Gains In Performance
2020-12-19,50,Drinkin' Beer. Talkin' God. Amen.,Chase Rice Featuring Florida Georgia Line,32,2,
2020-12-19,51,Memory I Don't Mess With,Lee Brice,51,6,
2020-12-19,52,Waitin' On 5,Chris Janson,53,13,
2020-12-19,53,Famous Friends,Chris Young + Kane Brown,45,2,
2020-12-19,54,Beers To Catch Up On,LoCash,56,13,
2020-12-19,55,All Of The Boys,Caroline Jones,RE,18,Gains In Performance
2020-12-19,56,Heaven On Dirt,Teddy Robb,60,2,Gains In Performance
2020-12-19,57,Whiskey And Rain,Michael Ray,59,8,
2020-12-19,58,Shallow,Garth Brooks & Trisha Yearwood,NEW,1,Highest ranking debut|Gains In Performance
2020-12-19,59,If It Wasn't For Trucks,Riley Green,RE,7,Gains In Performance
2020-12-19,60,Lady Like,Ingrid Andress,57,4,
2020-12-26,1,Pretty Heart,Parker McCollum,5,50,Greatest gainer this week|Gains In Performance
2020-12-26,2,Happy Anywhere,Blake Shelton Featuring Gwen Stefani,2,22,
2020-12-26,3,"Big, Big Plans",Chris Lane,1,56,
2020-12-26,4,Love You Like I Used To,Russell Dickerson,4,42,
2020-12-26,5,Champagne Night,Lady A,9,35,Gains In Performance
2020-12-26,6,Better Together,Luke Combs,8,12,Gains In Performance
2020-12-26,7,One Of Them Girls,Lee Brice,6,37,
2020-12-26,8,I Should Probably Go To Bed,Dan + Shay,7,21,Gains In Performance
2020-12-26,9,Happy Does,Kenny Chesney,10,23,Gains In Performance
2020-12-26,10,Hole In The Bottle,Kelsea Ballerini,12,29,Gains In Performance
2020-12-26,11,Beers And Sunshine,Darius Rucker,11,20,Gains In Performance
2020-12-26,12,Good Time,Niko Moon,13,36,Gains In Performance
2020-12-26,13,Starting Over,Chris Stapleton,14,17,Gains In Performance
2020-12-26,14,Ain't Always The Cowboy,Jon Pardi,3,40,
2020-12-26,15,Down To One,Luke Bryan,15,10,Gains In Performance
2020-12-26,16,What's Your Country Song,Thomas Rhett,16,6,Gains In Performance
2020-12-26,17,Just The Way,Parmalee x Blanco Brown,20,31,Gains In Performance
2020-12-26,18,Long Live,Florida Georgia Line,17,15,Gains In Performance
2020-12-26,19,Momma's House,Dustin Lynch,19,44,Gains In Performance
2020-12-26,20,How They Remember You,Rascal Flatts,18,27,Gains In Performance
2020-12-26,21,Somebody Like That,Tenille Arts,21,45,Gains In Performance
2020-12-26,22,Lady,Brett Young,25,34,Gains In Performance
2020-12-26,23,Nobody,Dylan Scott,22,35,Gains In Performance
2020-12-26,24,7 Summers,Morgan Wallen,23,18,Gains In Performance
2020-12-26,25,Almost Maybes,Jordan Davis,24,29,Gains In Performance
2020-12-26,26,The Good Ones,Gabby Barrett,26,28,Gains In Performance
2020-12-26,27,Breaking Up Was Easy In The 90's,Sam Hunt,28,11,Gains In Performance
2020-12-26,28,All Night,Brothers Osborne,27,31,Gains In Performance
2020-12-26,29,Hell Of A View,Eric Church,30,7,Gains In Performance
2020-12-26,30,Made For You,Jake Owen,33,31,Gains In Performance
2020-12-26,31,One Too Many,Keith Urban Duet With P!nk,29,13,Gains In Performance
2020-12-26,32,Gone,Dierks Bentley,31,9,Gains In Performance
2020-12-26,33,Settling Down,Miranda Lambert,32,13,Gains In Performance
2020-12-26,34,Dear Rodeo,Cody Johnson & Reba McEntire,36,15,Gains In Performance
2020-12-26,35,Hard Days,Brantley Gilbert,35,27,Gains In Performance
2020-12-26,36,Blame It On You,Jason Aldean,38,6,Gains In Performance
2020-12-26,37,We Didn't Have Much,Justin Moore,41,9,Gains In Performance
2020-12-26,38,"Wine, Beer, Whiskey",Little Big Town,40,22,Gains In Performance
2020-12-26,39,Next Girl,Carly Pearce,39,13,
2020-12-26,40,Single Saturday Night,Cole Swindell,46,25,Gains In Performance
2020-12-26,41,We Were Rich,Runaway June,44,25,Gains In Performance
2020-12-26,42,Never Be Sorry,Old Dominion,45,16,Gains In Performance
2020-12-26,43,Just About Over You,Priscilla Block,43,13,Gains In Performance
2020-12-26,44,Famous Friends,Chris Young + Kane Brown,53,3,Gains In Performance
2020-12-26,45,Worship You,Kane Brown,42,8,
2020-12-26,46,My Boy,Elvie Shane,48,11,Gains In Performance
2020-12-26,47,Drinkin' Beer. Talkin' God. Amen.,Chase Rice Featuring Florida Georgia Line,50,3,Gains In Performance
2020-12-26,48,Take Me Home For Christmas,Dan + Shay,NEW,1,Highest ranking debut|Gains In Performance
2020-12-26,49,Memory I Don't Mess With,Lee Brice,51,7,Gains In Performance
2020-12-26,50,You Time,Scotty McCreery,49,7,
2020-12-26,51,What Do I Know,Robert Counts,47,18,
2020-12-26,52,Waitin' On 5,Chris Janson,52,14,
2020-12-26,53,Beers To Catch Up On,LoCash,54,14,Gains In Performance
2020-12-26,54,Shallow,Garth Brooks & Trisha Yearwood,58,2,Gains In Performance
2020-12-26,55,All Of The Boys,Caroline Jones,55,19,
2020-12-26,56,Cold Beer Calling My Name,Jameson Rodgers Featuring Luke Combs,RE,2,Gains In Performance
2020-12-26,57,Heaven On Dirt,Teddy Robb,56,3,Gains In Performance
2020-12-26,58,Whiskey And Rain,Michael Ray,57,9,Gains In Performance
2020-12-26,59,Want Me Back,Lindsay Ell,RE,5,Gains In Performance
2020-12-26,60,Lady Like,Ingrid Andress,60,5,Gains In Performance
2021-01-02,1,"Big, Big Plans",Chris Lane,3,57,
2021-01-02,2,Love You Like I Used To,Russell Dickerson,4,43,
2021-01-02,3,Happy Anywhere,Blake Shelton Featuring Gwen Stefani,2,23,
2021-01-02,4,Champagne Night,Lady A,5,36,
2021-01-02,5,Pretty Heart,Parker McCollum,1,51,
2021-01-02,6,Better Together,Luke Combs,6,13,
2021-01-02,7,I Should Probably Go To Bed,Dan + Shay,8,22,
2021-01-02,8,One Of Them Girls,Lee Brice,7,38,
2021-01-02,9,Happy Does,Kenny Chesney,9,24,
2021-01-02,10,Beers And Sunshine,Darius Rucker,11,21,
2021-01-02,11,Hole In The Bottle,Kelsea Ballerini,10,30,
2021-01-02,12,Good Time,Niko Moon,12,37,
2021-01-02,13,Starting Over,Chris Stapleton,13,18,
2021-01-02,14,Down To One,Luke Bryan,15,11,
2021-01-02,15,What's Your Country Song,Thomas Rhett,16,7,
2021-01-02,16,Just The Way,Parmalee x Blanco Brown,17,32,
2021-01-02,17,Momma's House,Dustin Lynch,19,45,
2021-01-02,18,Long Live,Florida Georgia Line,18,16,
2021-01-02,19,How They Remember You,Rascal Flatts,20,28,
2021-01-02,20,Lady,Brett Young,22,35,Gains In Performance
2021-01-02,21,Somebody Like That,Tenille Arts,21,46,
2021-01-02,22,Nobody,Dylan Scott,23,36,
2021-01-02,23,7 Summers,Morgan Wallen,24,19,
2021-01-02,24,Almost Maybes,Jordan Davis,25,30,
2021-01-02,25,The Good Ones,Gabby Barrett,26,29,
2021-01-02,26,Hell Of A View,Eric Church,29,8,Gains In Performance
2021-01-02,27,Breaking Up Was Easy In The 90's,Sam Hunt,27,12,
2021-01-02,28,Made For You,Jake Owen,30,32,Gains In Performance
2021-01-02,29,All Night,Brothers Osborne,28,32,
2021-01-02,30,One Too Many,Keith Urban Duet With P!nk,31,14,
2021-01-02,31,Settling Down,Miranda Lambert,33,14,Gains In Performance
2021-01-02,32,Gone,Dierks Bentley,32,10,
2021-01-02,33,Blame It On You,Jason Aldean,36,7,Gains In Performance
2021-01-02,34,Hard Days,Brantley Gilbert,35,28,
2021-01-02,35,Dear Rodeo,Cody Johnson & Reba McEntire,34,16,
2021-01-02,36,We Didn't Have Much,Justin Moore,37,10,
2021-01-02,37,Take Me Home For Christmas,Dan + Shay,48,2,Gains In Performance
2021-01-02,38,"Wine, Beer, Whiskey",Little Big Town,38,23,
2021-01-02,39,Worship You,Kane Brown,45,9,Gains In Performance
2021-01-02,40,Single Saturday Night,Cole Swindell,40,26,Gains In Performance
2021-01-02,41,Never Be Sorry,Old Dominion,42,17,Gains In Performance
2021-01-02,42,Next Girl,Carly Pearce,39,14,
2021-01-02,43,Famous Friends,Chris Young + Kane Brown,44,4,Gains In Performance
2021-01-02,44,Just About Over You,Priscilla Block,43,14,
2021-01-02,45,We Were Rich,Runaway June,41,26,
2021-01-02,46,My Boy,Elvie Shane,46,12,Gains In Performance
2021-01-02,47,Drinkin' Beer. Talkin' God. Amen.,Chase Rice Featuring Florida Georgia Line,47,4,Gains In Performance
2021-01-02,48,Little Drummer Boy,Carrie Underwood Featuring Isaiah Fisher,NEW,1,Highest ranking debut|Gains In Performance
2021-01-02,49,Memory I Don't Mess With,Lee Brice,49,8,
2021-01-02,50,What Do I Know,Robert Counts,51,19,
2021-01-02,51,You Time,Scotty McCreery,50,8,
2021-01-02,52,Lit This Year,Florida Georgia Line,NEW,1,Gains In Performance
2021-01-02,53,Cold Beer Calling My Name,Jameson Rodgers Featuring Luke Combs,56,3,Gains In Performance
2021-01-02,54,Shallow,Garth Brooks & Trisha Yearwood,54,3,Gains In Performance
2021-01-02,55,Waitin' On 5,Chris Janson,52,15,Gains In Performance
2021-01-02,56,Heaven On Dirt,Teddy Robb,57,4,
2021-01-02,57,Hallelujah,Carrie Underwood & John Legend,NEW,1,Gains In Performance
2021-01-02,58,Whiskey And Rain,Michael Ray,58,10,
2021-01-02,59,Beers To Catch Up On,LoCash,53,15,
2021-01-02,60,Things A Man Oughta Know,Lainey Wilson,NEW,1,Gains In Performance
2021-01-09,1,Champagne Night,Lady A,4,37,Greatest gainer this week|Gains In Performance
2021-01-09,2,Love You Like I Used To,Russell Dickerson,2,44,Gains In Performance
2021-01-09,3,"Big, Big Plans",Chris Lane,1,58,Gains In Performance
2021-01-09,4,Happy Anywhere,Blake Shelton Featuring Gwen Stefani,3,24,Gains In Performance
2021-01-09,5,I Should Probably Go To Bed,Dan + Shay,7,23,Gains In Performance
2021-01-09,6,Better Together,Luke Combs,6,14,Gains In Performance
2021-01-09,7,One Of Them Girls,Lee Brice,8,39,Gains In Performance
2021-01-09,8,Pretty Heart,Parker McCollum,5,52,Gains In Performance
2021-01-09,9,Happy Does,Kenny Chesney,9,25,Gains In Performance
2021-01-09,10,Hole In The Bottle,Kelsea Ballerini,11,31,Gains In Performance
2021-01-09,11,Beers And Sunshine,Darius Rucker,10,22,Gains In Performance
2021-01-09,12,Good Time,Niko Moon,12,38,Gains In Performance
2021-01-09,13,Starting Over,Chris Stapleton,13,19,Gains In Performance
2021-01-09,14,Down To One,Luke Bryan,14,12,Gains In Performance
2021-01-09,15,What's Your Country Song,Thomas Rhett,15,8,Gains In Performance
2021-01-09,16,Just The Way,Parmalee x Blanco Brown,16,33,Gains In Performance
2021-01-09,17,Long Live,Florida Georgia Line,18,17,Gains In Performance
2021-01-09,18,Momma's House,Dustin Lynch,17,46,Gains In Performance
2021-01-09,19,How They Remember You,Rascal Flatts,19,29,Gains In Performance
2021-01-09,20,Lady,Brett Young,20,36,Gains In Performance
2021-01-09,21,Somebody Like That,Tenille Arts,21,47,Gains In Performance
2021-01-09,22,Nobody,Dylan Scott,22,37,Gains In Performance
2021-01-09,23,7 Summers,Morgan Wallen,23,20,Gains In Performance
2021-01-09,24,Almost Maybes,Jordan Davis,24,31,Gains In Performance
2021-01-09,25,The Good Ones,Gabby Barrett,25,30,Gains In Performance
2021-01-09,26,All Night,Brothers Osborne,29,33,Gains In Performance
2021-01-09,27,One Too Many,Keith Urban Duet With P!nk,30,15,Gains In Performance
2021-01-09,28,Breaking Up Was Easy In The 90's,Sam Hunt,27,13,Gains In Performance
2021-01-09,29,Hell Of A View,Eric Church,26,9,Gains In Performance
2021-01-09,30,Made For You,Jake Owen,28,33,Gains In Performance
2021-01-09,31,Gone,Dierks Bentley,32,11,Gains In Performance
2021-01-09,32,Settling Down,Miranda Lambert,31,15,Gains In Performance
2021-01-09,33,Blame It On You,Jason Aldean,33,8,Gains In Performance
2021-01-09,34,Hard Days,Brantley Gilbert,34,29,Gains In Performance
2021-01-09,35,We Didn't Have Much,Justin Moore,36,11,Gains In Performance
2021-01-09,36,Famous Friends,Chris Young + Kane Brown,43,5,Gains In Performance
2021-01-09,37,Next Girl,Carly Pearce,42,15,Gains In Performance
2021-01-09,38,Dear Rodeo,Cody Johnson & Reba McEntire,35,17,
2021-01-09,39,"Wine, Beer, Whiskey",Little Big Town,38,24,Gains In Performance
2021-01-09,40,Single Saturday Night,Cole Swindell,40,27,Gains In Performance
2021-01-09,41,Worship You,Kane Brown,39,10,Gains In Performance
2021-01-09,42,We Were Rich,Runaway June,45,27,Gains In Performance
2021-01-09,43,Never Be Sorry,Old Dominion,41,18,Gains In Performance
2021-01-09,44,My Boy,Elvie Shane,46,13,Gains In Performance
2021-01-09,45,Drinkin' Beer. Talkin' God. Amen.,Chase Rice Featuring Florida Georgia Line,47,5,Gains In Performance
2021-01-09,46,Just About Over You,Priscilla Block,44,15,Gains In Performance
2021-01-09,47,You Time,Scotty McCreery,51,9,Gains In Performance
2021-01-09,48,Memory I Don't Mess With,Lee Brice,49,9,Gains In Performance
2021-01-09,49,Cold Beer Calling My Name,Jameson Rodgers Featuring Luke Combs,53,4,Gains In Performance
2021-01-09,50,Shallow,Garth Brooks & Trisha Yearwood,54,4,Gains In Performance
2021-01-09,51,What Do I Know,Robert Counts,50,20,Gains In Performance
2021-01-09,52,Waitin' On 5,Chris Janson,55,16,Gains In Performance
2021-01-09,53,Heaven On Dirt,Teddy Robb,56,5,Gains In Performance
2021-01-09,54,Lady Like,Ingrid Andress,RE,6,Gains In Performance
2021-01-09,55,Whiskey And Rain,Michael Ray,58,11,Gains In Performance
2021-01-09,56,Beers To Catch Up On,LoCash,59,16,Gains In Performance
2021-01-09,57,Things A Man Oughta Know,Lainey Wilson,60,2,Gains In Performance
2021-01-09,58,If It Wasn't For Trucks,Riley Green,RE,8,Gains In Performance
2021-01-09,59,Where I Find God,Larry Fleet,RE,8,Gains In Performance
2021-01-09,60,Want Me Back,Lindsay Ell,RE,6,
2021-01-16,1,Champagne Night,Lady A,1,38,Greatest gainer this week|Gains In Performance
2021-01-16,2,Better Together,Luke Combs,6,15,Gains In Performance
2021-01-16,3,Love You Like I Used To,Russell Dickerson,2,45,Gains In Performance
2021-01-16,4,I Should Probably Go To Bed,Dan + Shay,5,24,Gains In Performance
2021-01-16,5,Happy Anywhere,Blake Shelton Featuring Gwen Stefani,4,25,
2021-01-16,6,"Big, Big Plans",Chris Lane,3,59,
2021-01-16,7,Happy Does,Kenny Chesney,9,26,Gains In Performance
2021-01-16,8,Hole In The Bottle,Kelsea Ballerini,10,32,Gains In Performance
2021-01-16,9,Beers And Sunshine,Darius Rucker,11,23,Gains In Performance
2021-01-16,10,Good Time,Niko Moon,12,39,Gains In Performance
2021-01-16,11,Down To One,Luke Bryan,14,13,Gains In Performance
2021-01-16,12,Starting Over,Chris Stapleton,13,20,Gains In Performance
2021-01-16,13,What's Your Country Song,Thomas Rhett,15,9,Gains In Performance
2021-01-16,14,Just The Way,Parmalee x Blanco Brown,16,34,Gains In Performance
2021-01-16,15,Long Live,Florida Georgia Line,17,18,Gains In Performance
2021-01-16,16,Momma's House,Dustin Lynch,18,47,Gains In Performance
2021-01-16,17,How They Remember You,Rascal Flatts,19,30,Gains In Performance
2021-01-16,18,Lady,Brett Young,20,37,Gains In Performance
2021-01-16,19,Somebody Like That,Tenille Arts,21,48,Gains In Performance
2021-01-16,20,Nobody,Dylan Scott,22,38,Gains In Performance
2021-01-16,21,7 Summers,Morgan Wallen,23,21,Gains In Performance
2021-01-16,22,The Good Ones,Gabby Barrett,25,31,Gains In Performance
2021-01-16,23,Almost Maybes,Jordan Davis,24,32,Gains In Performance
2021-01-16,24,Hell Of A View,Eric Church,29,10,Gains In Performance
2021-01-16,25,All Night,Brothers Osborne,26,34,Gains In Performance
2021-01-16,26,One Too Many,Keith Urban Duet With P!nk,27,16,Gains In Performance
2021-01-16,27,Made For You,Jake Owen,30,34,Gains In Performance
2021-01-16,28,Breaking Up Was Easy In The 90's,Sam Hunt,28,14,
2021-01-16,29,Gone,Dierks Bentley,31,12,Gains In Performance
2021-01-16,30,Settling Down,Miranda Lambert,32,16,Gains In Performance
2021-01-16,31,Blame It On You,Jason Aldean,33,9,Gains In Performance
2021-01-16,32,Hard Days,Brantley Gilbert,34,30,Gains In Performance
2021-01-16,33,We Didn't Have Much,Justin Moore,35,12,Gains In Performance
2021-01-16,34,Famous Friends,Chris Young + Kane Brown,36,6,Gains In Performance
2021-01-16,35,Dear Rodeo,Cody Johnson & Reba McEntire,38,18,Gains In Performance
2021-01-16,36,Next Girl,Carly Pearce,37,16,Gains In Performance
2021-01-16,37,"Wine, Beer, Whiskey",Little Big Town,39,25,Gains In Performance
2021-01-16,38,Never Be Sorry,Old Dominion,43,19,Gains In Performance
2021-01-16,39,Single Saturday Night,Cole Swindell,40,28,Gains In Performance
2021-01-16,40,We Were Rich,Runaway June,42,28,Gains In Performance
2021-01-16,41,Worship You,Kane Brown,41,11,Gains In Performance
2021-01-16,42,Just About Over You,Priscilla Block,46,16,Gains In Performance
2021-01-16,43,Drinkin' Beer. Talkin' God. Amen.,Chase Rice Featuring Florida Georgia Line,45,6,Gains In Performance
2021-01-16,44,My Boy,Elvie Shane,44,14,Gains In Performance
2021-01-16,45,You Time,Scotty McCreery,47,10,Gains In Performance
2021-01-16,46,Memory I Don't Mess With,Lee Brice,48,10,Gains In Performance
2021-01-16,47,What Do I Know,Robert Counts,51,21,Gains In Performance
2021-01-16,48,Shallow,Garth Brooks & Trisha Yearwood,50,5,Gains In Performance
2021-01-16,49,Cold Beer Calling My Name,Jameson Rodgers Featuring Luke Combs,49,5,
2021-01-16,50,Waitin' On 5,Chris Janson,52,17,Gains In Performance
2021-01-16,51,Heaven On Dirt,Teddy Robb,53,6,
2021-01-16,52,Whiskey And Rain,Michael Ray,55,12,Gains In Performance
2021-01-16,53,Beers To Catch Up On,LoCash,56,17,Gains In Performance
2021-01-16,54,Lady Like,Ingrid Andress,54,7,
2021-01-16,55,If It Wasn't For Trucks,Riley Green,58,9,
2021-01-16,56,Things A Man Oughta Know,Lainey Wilson,57,3,
2021-01-16,57,Want Me Back,Lindsay Ell,60,7,Gains In Performance
2021-01-16,58,Broken Up,Mitchell Tenpenny,RE,3,Gains In Performance
2021-01-16,59,A Song To Remember,A Thousand Horses,RE,12,Gains In Performance
2021-01-16,60,Where I Find God,Larry Fleet,59,9,
2021-01-23,1,Better Together,Luke Combs,2,16,Gains In Performance
2021-01-23,2,I Should Probably Go To Bed,Dan + Shay,4,25,Gains In Performance
2021-01-23,3,Love You Like I Used To,Russell Dickerson,3,46,
2021-01-23,4,Happy Does,Kenny Chesney,7,27,Gains In Performance
2021-01-23,5,Champagne Night,Lady A,1,39,
2021-01-23,6,Happy Anywhere,Blake Shelton Featuring Gwen Stefani,5,26,
2021-01-23,7,Beers And Sunshine,Darius Rucker,9,24,Gains In Performance
2021-01-23,8,Hole In The Bottle,Kelsea Ballerini,8,33,Gains In Performance
2021-01-23,9,Down To One,Luke Bryan,11,14,Gains In Performance
2021-01-23,10,Good Time,Niko Moon,10,40,Gains In Performance
2021-01-23,11,What's Your Country Song,Thomas Rhett,13,10,Gains In Performance
2021-01-23,12,Just The Way,Parmalee x Blanco Brown,14,35,Gains In Performance
2021-01-23,13,Starting Over,Chris Stapleton,12,21,Gains In Performance
2021-01-23,14,Long Live,Florida Georgia Line,15,19,Gains In Performance
2021-01-23,15,Momma's House,Dustin Lynch,16,48,Gains In Performance
2021-01-23,16,How They Remember You,Rascal Flatts,17,31,Gains In Performance
2021-01-23,17,7 Summers,Morgan Wallen,21,22,Gains In Performance
2021-01-23,18,Lady,Brett Young,18,38,Gains In Performance
2021-01-23,19,Undivided,Tim McGraw & Tyler Hubbard,NEW,1,Highest ranking debut|Gains In Performance
2021-01-23,20,Somebody Like That,Tenille Arts,19,49,Gains In Performance
2021-01-23,21,The Good Ones,Gabby Barrett,22,32,Gains In Performance
2021-01-23,22,Nobody,Dylan Scott,20,39,Gains In Performance
2021-01-23,23,Almost Maybes,Jordan Davis,23,33,Gains In Performance
2021-01-23,24,Hell Of A View,Eric Church,24,11,Gains In Performance
2021-01-23,25,Made For You,Jake Owen,27,35,Gains In Performance
2021-01-23,26,All Night,Brothers Osborne,25,35,
2021-01-23,27,Gone,Dierks Bentley,29,13,Gains In Performance
2021-01-23,28,One Too Many,Keith Urban Duet With P!nk,26,17,
2021-01-23,29,Breaking Up Was Easy In The 90's,Sam Hunt,28,15,Gains In Performance
2021-01-23,30,Settling Down,Miranda Lambert,30,17,Gains In Performance
2021-01-23,31,Blame It On You,Jason Aldean,31,10,Gains In Performance
2021-01-23,32,We Didn't Have Much,Justin Moore,33,13,Gains In Performance
2021-01-23,33,Hard Days,Brantley Gilbert,32,31,Gains In Performance
2021-01-23,34,Famous Friends,Chris Young + Kane Brown,34,7,Gains In Performance
2021-01-23,35,Minimum Wage,Blake Shelton,NEW,1,Gains In Performance
2021-01-23,36,Next Girl,Carly Pearce,36,17,
2021-01-23,37,Single Saturday Night,Cole Swindell,39,29,Gains In Performance
2021-01-23,38,Dear Rodeo,Cody Johnson & Reba McEntire,35,19,
2021-01-23,39,"Wine, Beer, Whiskey",Little Big Town,37,26,Gains In Performance
2021-01-23,40,We Were Rich,Runaway June,40,29,Gains In Performance
2021-01-23,41,Just About Over You,Priscilla Block,42,17,Gains In Performance
2021-01-23,42,Never Be Sorry,Old Dominion,38,20,
2021-01-23,43,Worship You,Kane Brown,41,12,
2021-01-23,44,Drinkin' Beer. Talkin' God. Amen.,Chase Rice Featuring Florida Georgia Line,43,7,
2021-01-23,45,My Boy,Elvie Shane,44,15,Gains In Performance
2021-01-23,46,You Time,Scotty McCreery,45,11,
2021-01-23,47,What Do I Know,Robert Counts,47,22,Gains In Performance
2021-01-23,48,Waitin' On 5,Chris Janson,50,18,Gains In Performance
2021-01-23,49,Cold Beer Calling My Name,Jameson Rodgers Featuring Luke Combs,49,6,Gains In Performance
2021-01-23,50,Shallow,Garth Brooks & Trisha Yearwood,48,6,Gains In Performance
2021-01-23,51,Memory I Don't Mess With,Lee Brice,46,11,
2021-01-23,52,Whiskey And Rain,Michael Ray,52,13,Gains In Performance
2021-01-23,53,Beers To Catch Up On,LoCash,53,18,
2021-01-23,54,Heaven On Dirt,Teddy Robb,51,7,
2021-01-23,55,Lady Like,Ingrid Andress,54,8,Gains In Performance
2021-01-23,56,If It Wasn't For Trucks,Riley Green,55,10,Gains In Performance
2021-01-23,57,Things A Man Oughta Know,Lainey Wilson,56,4,Gains In Performance
2021-01-23,58,Want Me Back,Lindsay Ell,57,8,
2021-01-23,59,Forever After All,Luke Combs,RE,2,Gains In Performance
2021-01-23,60,Where I Find God,Larry Fleet,60,10,
2021-01-30,1,Better Together,Luke Combs,1,17,Greatest gainer this week|Gains In Performance
2021-01-30,2,Happy Does,Kenny Chesney,4,28,Gains In Performance
2021-01-30,3,Hole In The Bottle,Kelsea Ballerini,8,34,Gains In Performance
2021-01-30,4,Love You Like I Used To,Russell Dickerson,3,47,
2021-01-30,5,Beers And Sunshine,Darius Rucker,7,25,Gains In Performance
2021-01-30,6,Down To One,Luke Bryan,9,15,Gains In Performance
2021-01-30,7,Good Time,Niko Moon,10,41,Gains In Performance
2021-01-30,8,Just The Way,Parmalee x Blanco Brown,12,36,Gains In Performance
2021-01-30,9,What's Your Country Song,Thomas Rhett,11,11,Gains In Performance
2021-01-30,10,I Should Probably Go To Bed,Dan + Shay,2,26,
2021-01-30,11,Starting Over,Chris Stapleton,13,22,Gains In Performance
2021-01-30,12,Long Live,Florida Georgia Line,14,20,Gains In Performance
2021-01-30,13,Momma's House,Dustin Lynch,15,49,Gains In Performance
2021-01-30,14,Lady,Brett Young,18,39,Gains In Performance
2021-01-30,15,How They Remember You,Rascal Flatts,16,32,Gains In Performance
2021-01-30,16,7 Summers,Morgan Wallen,17,23,Gains In Performance
2021-01-30,17,Somebody Like That,Tenille Arts,20,50,Gains In Performance
2021-01-30,18,The Good Ones,Gabby Barrett,21,33,Gains In Performance
2021-01-30,19,Nobody,Dylan Scott,22,40,Gains In Performance
2021-01-30,20,Almost Maybes,Jordan Davis,23,34,Gains In Performance
2021-01-30,21,Made For You,Jake Owen,25,36,Gains In Performance
2021-01-30,22,Hell Of A View,Eric Church,24,12,Gains In Performance
2021-01-30,23,Breaking Up Was Easy In The 90's,Sam Hunt,29,16,Gains In Performance
2021-01-30,24,One Too Many,Keith Urban Duet With P!nk,28,18,Gains In Performance
2021-01-30,25,Undivided,Tim McGraw & Tyler Hubbard,19,2,
2021-01-30,26,Settling Down,Miranda Lambert,30,18,Gains In Performance
2021-01-30,27,Gone,Dierks Bentley,27,14,
2021-01-30,28,All Night,Brothers Osborne,26,36,Gains In Performance
2021-01-30,29,Minimum Wage,Blake Shelton,35,2,Gains In Performance
2021-01-30,30,Blame It On You,Jason Aldean,31,11,Gains In Performance
2021-01-30,31,Famous Friends,Chris Young + Kane Brown,34,8,Gains In Performance
2021-01-30,32,Hard Days,Brantley Gilbert,33,32,Gains In Performance
2021-01-30,33,We Didn't Have Much,Justin Moore,32,14,Gains In Performance
2021-01-30,34,Next Girl,Carly Pearce,36,18,Gains In Performance
2021-01-30,35,Single Saturday Night,Cole Swindell,37,30,Gains In Performance
2021-01-30,36,Dear Rodeo,Cody Johnson & Reba McEntire,38,20,Gains In Performance
2021-01-30,37,Just About Over You,Priscilla Block,41,18,Gains In Performance
2021-01-30,38,"Wine, Beer, Whiskey",Little Big Town,39,27,
2021-01-30,39,We Were Rich,Runaway June,40,30,
2021-01-30,40,Worship You,Kane Brown,43,13,Gains In Performance
2021-01-30,41,Never Be Sorry,Old Dominion,42,21,
2021-01-30,42,My Boy,Elvie Shane,45,16,Gains In Performance
2021-01-30,43,You Time,Scotty McCreery,46,12,Gains In Performance
2021-01-30,44,Drinkin' Beer. Talkin' God. Amen.,Chase Rice Featuring Florida Georgia Line,44,8,
2021-01-30,45,Shallow,Garth Brooks & Trisha Yearwood,50,7,Gains In Performance
2021-01-30,46,What Do I Know,Robert Counts,47,23,Gains In Performance
2021-01-30,47,Cold Beer Calling My Name,Jameson Rodgers Featuring Luke Combs,49,7,Gains In Performance
2021-01-30,48,Memory I Don't Mess With,Lee Brice,51,12,Gains In Performance
2021-01-30,49,Waitin' On 5,Chris Janson,48,19,
2021-01-30,50,Beers To Catch Up On,LoCash,53,19,Gains In Performance
2021-01-30,51,Lady Like,Ingrid Andress,55,9,Gains In Performance
2021-01-30,52,Whiskey And Rain,Michael Ray,52,14,Gains In Performance
2021-01-30,53,Things A Man Oughta Know,Lainey Wilson,57,5,Gains In Performance
2021-01-30,54,Heaven On Dirt,Teddy Robb,54,8,
2021-01-30,55,Tequila Little Time,Jon Pardi,NEW,1,Highest ranking debut|Gains In Performance
2021-01-30,56,If It Wasn't For Trucks,Riley Green,56,11,Gains In Performance
2021-01-30,57,Home Sweet,Russell Dickerson,NEW,1,Gains In Performance
2021-01-30,58,Want Me Back,Lindsay Ell,58,9,Gains In Performance
2021-01-30,59,Forever After All,Luke Combs,59,3,Gains In Performance
2021-01-30,60,"No Body, No Crime",Taylor Swift Featuring Haim,NEW,1,Gains In Performance
2021-02-06,1,Better Together,Luke Combs,1,18,Gains In Performance
2021-02-06,2,Happy Does,Kenny Chesney,2,29,Gains In Performance
2021-02-06,3,Beers And Sunshine,Darius Rucker,5,26,Gains In Performance
2021-02-06,4,Hole In The Bottle,Kelsea Ballerini,3,35,Gains In Performance
2021-02-06,5,Down To One,Luke Bryan,6,16,Gains In Performance
2021-02-06,6,Just The Way,Parmalee x Blanco Brown,8,37,Greatest gainer this week|Gains In Performance
2021-02-06,7,Good Time,Niko Moon,7,42,Gains In Performance
2021-02-06,8,Love You Like I Used To,Russell Dickerson,4,48,
2021-02-06,9,What's Your Country Song,Thomas Rhett,9,12,Gains In Performance
2021-02-06,10,Starting Over,Chris Stapleton,11,23,Gains In Performance
2021-02-06,11,Long Live,Florida Georgia Line,12,21,Gains In Performance
2021-02-06,12,Momma's House,Dustin Lynch,13,50,Gains In Performance
2021-02-06,13,Lady,Brett Young,14,40,Gains In Performance
2021-02-06,14,How They Remember You,Rascal Flatts,15,33,Gains In Performance
2021-02-06,15,7 Summers,Morgan Wallen,16,24,Gains In Performance
2021-02-06,16,The Good Ones,Gabby Barrett,18,34,Gains In Performance
2021-02-06,17,Somebody Like That,Tenille Arts,17,51,Gains In Performance
2021-02-06,18,Nobody,Dylan Scott,19,41,Gains In Performance
2021-02-06,19,Almost Maybes,Jordan Davis,20,35,Gains In Performance
2021-02-06,20,Made For You,Jake Owen,21,37,Gains In Performance
2021-02-06,21,Hell Of A View,Eric Church,22,13,Gains In Performance
2021-02-06,22,Undivided,Tim McGraw & Tyler Hubbard,25,3,Gains In Performance
2021-02-06,23,One Too Many,Keith Urban Duet With P!nk,24,19,Gains In Performance
2021-02-06,24,Settling Down,Miranda Lambert,26,19,Gains In Performance
2021-02-06,25,Breaking Up Was Easy In The 90's,Sam Hunt,23,17,Gains In Performance
2021-02-06,26,Gone,Dierks Bentley,27,15,Gains In Performance
2021-02-06,27,All Night,Brothers Osborne,28,37,Gains In Performance
2021-02-06,28,Minimum Wage,Blake Shelton,29,3,Gains In Performance
2021-02-06,29,Blame It On You,Jason Aldean,30,12,Gains In Performance
2021-02-06,30,Famous Friends,Chris Young + Kane Brown,31,9,Gains In Performance
2021-02-06,31,Hard Days,Brantley Gilbert,32,33,Gains In Performance
2021-02-06,32,We Didn't Have Much,Justin Moore,33,15,Gains In Performance
2021-02-06,33,Next Girl,Carly Pearce,34,19,Gains In Performance
2021-02-06,34,Single Saturday Night,Cole Swindell,35,31,Gains In Performance
2021-02-06,35,"Wine, Beer, Whiskey",Little Big Town,38,28,Gains In Performance
2021-02-06,36,Dear Rodeo,Cody Johnson & Reba McEntire,36,21,
2021-02-06,37,We Were Rich,Runaway June,39,31,Gains In Performance
2021-02-06,38,Just About Over You,Priscilla Block,37,19,
2021-02-06,39,My Boy,Elvie Shane,42,17,Gains In Performance
2021-02-06,40,Never Be Sorry,Old Dominion,41,22,Gains In Performance
2021-02-06,41,Worship You,Kane Brown,40,14,
2021-02-06,42,Drinkin' Beer. Talkin' God. Amen.,Chase Rice Featuring Florida Georgia Line,44,9,Gains In Performance
2021-02-06,43,Freedom Was A Highway,Jimmie Allen & Brad Paisley,NEW,1,Highest ranking debut|Gains In Performance
2021-02-06,44,You Time,Scotty McCreery,43,13,
2021-02-06,45,Cold Beer Calling My Name,Jameson Rodgers Featuring Luke Combs,47,8,Gains In Performance
2021-02-06,46,What Do I Know,Robert Counts,46,24,Gains In Performance
2021-02-06,47,Shallow,Garth Brooks & Trisha Yearwood,45,8,Gains In Performance
2021-02-06,48,Memory I Don't Mess With,Lee Brice,48,13,Gains In Performance
2021-02-06,49,Waitin' On 5,Chris Janson,49,20,
2021-02-06,50,Tequila Little Time,Jon Pardi,55,2,Gains In Performance
2021-02-06,51,Lady Like,Ingrid Andress,51,10,Gains In Performance
2021-02-06,52,Beers To Catch Up On,LoCash,50,20,Gains In Performance
2021-02-06,53,Home Sweet,Russell Dickerson,57,2,Gains In Performance
2021-02-06,54,Whiskey And Rain,Michael Ray,52,15,Gains In Performance
2021-02-06,55,Heaven On Dirt,Teddy Robb,54,9,Gains In Performance
2021-02-06,56,Things A Man Oughta Know,Lainey Wilson,53,6,
2021-02-06,57,If It Wasn't For Trucks,Riley Green,56,12,
2021-02-06,58,Want Me Back,Lindsay Ell,58,10,
2021-02-06,59,Need A Bar Sometimes,Clay Walker,NEW,1,Gains In Performance
2021-02-06,60,"No Body, No Crime",Taylor Swift Featuring Haim,60,2,
2021-02-13,1,Better Together,Luke Combs,1,19,
2021-02-13,2,Happy Does,Kenny Chesney,2,30,Greatest gainer this week|Gains In Performance
2021-02-13,3,Beers And Sunshine,Darius Rucker,3,27,Gains In Performance
2021-02-13,4,Hole In The Bottle,Kelsea Ballerini,4,36,Gains In Performance
2021-02-13,5,Just The Way,Parmalee x Blanco Brown,6,38,Gains In Performance
2021-02-13,6,Down To One,Luke Bryan,5,17,Gains In Performance
2021-02-13,7,Good Time,Niko Moon,7,43,Gains In Performance
2021-02-13,8,What's Your Country Song,Thomas Rhett,9,13,Gains In Performance
2021-02-13,9,Love You Like I Used To,Russell Dickerson,8,49,
2021-02-13,10,Starting Over,Chris Stapleton,10,24,Gains In Performance
2021-02-13,11,Long Live,Florida Georgia Line,11,22,Gains In Performance
2021-02-13,12,Lady,Brett Young,13,41,Gains In Performance
2021-02-13,13,Momma's House,Dustin Lynch,12,51,Gains In Performance
2021-02-13,14,How They Remember You,Rascal Flatts,14,34,Gains In Performance
2021-02-13,15,The Good Ones,Gabby Barrett,16,35,Gains In Performance
2021-02-13,16,Somebody Like That,Tenille Arts,17,52,Gains In Performance
2021-02-13,17,Nobody,Dylan Scott,18,42,Gains In Performance
2021-02-13,18,Hell Of A View,Eric Church,21,14,Gains In Performance
2021-02-13,19,Almost Maybes,Jordan Davis,19,36,Gains In Performance
2021-02-13,20,Made For You,Jake Owen,20,38,Gains In Performance
2021-02-13,21,Undivided,Tim McGraw & Tyler Hubbard,22,4,Gains In Performance
2021-02-13,22,One Too Many,Keith Urban Duet With P!nk,23,20,Gains In Performance
2021-02-13,23,Breaking Up Was Easy In The 90's,Sam Hunt,25,18,Gains In Performance
2021-02-13,24,Gone,Dierks Bentley,26,16,Gains In Performance
2021-02-13,25,Settling Down,Miranda Lambert,24,20,Gains In Performance
2021-02-13,26,Minimum Wage,Blake Shelton,28,4,Gains In Performance
2021-02-13,27,Blame It On You,Jason Aldean,29,13,Gains In Performance
2021-02-13,28,All Night,Brothers Osborne,27,38,Gains In Performance
2021-02-13,29,Famous Friends,Chris Young + Kane Brown,30,10,Gains In Performance
2021-02-13,30,Hard Days,Brantley Gilbert,31,34,Gains In Performance
2021-02-13,31,We Didn't Have Much,Justin Moore,32,16,Gains In Performance
2021-02-13,32,Next Girl,Carly Pearce,33,20,Gains In Performance
2021-02-13,33,Glad You Exist,Dan + Shay,NEW,1,Highest ranking debut|Gains In Performance
2021-02-13,34,Single Saturday Night,Cole Swindell,34,32,Gains In Performance
2021-02-13,35,My Boy,Elvie Shane,39,18,Gains In Performance
2021-02-13,36,Drinkin' Beer. Talkin' God. Amen.,Chase Rice Featuring Florida Georgia Line,42,10,Gains In Performance
2021-02-13,37,"Wine, Beer, Whiskey",Little Big Town,35,29,
2021-02-13,38,Dear Rodeo,Cody Johnson & Reba McEntire,36,22,
2021-02-13,39,We Were Rich,Runaway June,37,32,
2021-02-13,40,Worship You,Kane Brown,41,15,Gains In Performance
2021-02-13,41,Just About Over You,Priscilla Block,38,20,
2021-02-13,42,You Time,Scotty McCreery,44,14,Gains In Performance
2021-02-13,43,What Do I Know,Robert Counts,46,25,Gains In Performance
2021-02-13,44,Tequila Little Time,Jon Pardi,50,3,Gains In Performance
2021-02-13,45,Shallow,Garth Brooks & Trisha Yearwood,47,9,Gains In Performance
2021-02-13,46,Memory I Don't Mess With,Lee Brice,48,14,Gains In Performance
2021-02-13,47,Cold Beer Calling My Name,Jameson Rodgers Featuring Luke Combs,45,9,Gains In Performance
2021-02-13,48,Waitin' On 5,Chris Janson,49,21,Gains In Performance
2021-02-13,49,Beers To Catch Up On,LoCash,52,21,Gains In Performance
2021-02-13,50,Whiskey And Rain,Michael Ray,54,16,Gains In Performance
2021-02-13,51,Lady Like,Ingrid Andress,51,11,
2021-02-13,52,Home Sweet,Russell Dickerson,53,3,
2021-02-13,53,Forever After All,Luke Combs,RE,4,Gains In Performance
2021-02-13,54,Heaven On Dirt,Teddy Robb,55,10,Gains In Performance
2021-02-13,55,Things A Man Oughta Know,Lainey Wilson,56,7,Gains In Performance
2021-02-13,56,Want Me Back,Lindsay Ell,58,11,Gains In Performance
2021-02-13,57,Freedom Was A Highway,Jimmie Allen & Brad Paisley,43,2,
2021-02-13,58,Need A Bar Sometimes,Clay Walker,59,2,Gains In Performance
2021-02-13,59,If It Wasn't For Trucks,Riley Green,57,13,
2021-02-13,60,"No Body, No Crime",Taylor Swift Featuring Haim,60,3,Gains In Performance
2021-02-20,1,Better Together,Luke Combs,1,20,
2021-02-20,2,Hole In The Bottle,Kelsea Ballerini,4,37,Greatest gainer this week|Gains In Performance
2021-02-20,3,Beers And Sunshine,Darius Rucker,3,28,Gains In Performance
2021-02-20,4,Just The Way,Parmalee x Blanco Brown,5,39,Gains In Performance
2021-02-20,5,Down To One,Luke Bryan,6,18,Gains In Performance
2021-02-20,6,Good Time,Niko Moon,7,44,Gains In Performance
2021-02-20,7,What's Your Country Song,Thomas Rhett,8,14,Gains In Performance
2021-02-20,8,Long Live,Florida Georgia Line,11,23,Gains In Performance
2021-02-20,9,Love You Like I Used To,Russell Dickerson,9,50,
2021-02-20,10,Starting Over,Chris Stapleton,10,25,Gains In Performance
2021-02-20,11,Lady,Brett Young,12,42,Gains In Performance
2021-02-20,12,Momma's House,Dustin Lynch,13,52,Gains In Performance
2021-02-20,13,The Good Ones,Gabby Barrett,15,36,Gains In Performance
2021-02-20,14,How They Remember You,Rascal Flatts,14,35,Gains In Performance
2021-02-20,15,Happy Does,Kenny Chesney,2,31,
2021-02-20,16,Somebody Like That,Tenille Arts,16,53,Gains In Performance
2021-02-20,17,Nobody,Dylan Scott,17,43,Gains In Performance
2021-02-20,18,Made For You,Jake Owen,20,39,Gains In Performance
2021-02-20,19,Hell Of A View,Eric Church,18,15,Gains In Performance
2021-02-20,20,Almost Maybes,Jordan Davis,19,37,Gains In Performance
2021-02-20,21,Undivided,Tim McGraw & Tyler Hubbard,21,5,Gains In Performance
2021-02-20,22,One Too Many,Keith Urban Duet With P!nk,22,21,Gains In Performance
2021-02-20,23,Breaking Up Was Easy In The 90's,Sam Hunt,23,19,Gains In Performance
2021-02-20,24,Minimum Wage,Blake Shelton,26,5,Gains In Performance
2021-02-20,25,Gone,Dierks Bentley,24,17,Gains In Performance
2021-02-20,26,Settling Down,Miranda Lambert,25,21,Gains In Performance
2021-02-20,27,Blame It On You,Jason Aldean,27,14,Gains In Performance
2021-02-20,28,All Night,Brothers Osborne,28,39,Gains In Performance
2021-02-20,29,Famous Friends,Chris Young + Kane Brown,29,11,Gains In Performance
2021-02-20,30,Hard Days,Brantley Gilbert,30,35,Gains In Performance
2021-02-20,31,We Didn't Have Much,Justin Moore,31,17,Gains In Performance
2021-02-20,32,Next Girl,Carly Pearce,32,21,Gains In Performance
2021-02-20,33,Single Saturday Night,Cole Swindell,34,33,Gains In Performance
2021-02-20,34,Glad You Exist,Dan + Shay,33,2,Gains In Performance
2021-02-20,35,My Boy,Elvie Shane,35,19,Gains In Performance
2021-02-20,36,"Wine, Beer, Whiskey",Little Big Town,37,30,
2021-02-20,37,Dear Rodeo,Cody Johnson & Reba McEntire,38,23,
2021-02-20,38,We Were Rich,Runaway June,39,33,Gains In Performance
2021-02-20,39,Drinkin' Beer. Talkin' God. Amen.,Chase Rice Featuring Florida Georgia Line,36,11,
2021-02-20,40,Just About Over You,Priscilla Block,41,21,Gains In Performance
2021-02-20,41,Forever After All,Luke Combs,53,5,Gains In Performance
2021-02-20,42,You Time,Scotty McCreery,42,15,Gains In Performance
2021-02-20,43,Worship You,Kane Brown,40,16,
2021-02-20,44,Tequila Little Time,Jon Pardi,44,4,Gains In Performance
2021-02-20,45,Shallow,Garth Brooks & Trisha Yearwood,45,10,Gains In Performance
2021-02-20,46,Memory I Don't Mess With,Lee Brice,46,15,Gains In Performance
2021-02-20,47,What Do I Know,Robert Counts,43,26,
2021-02-20,48,Lady Like,Ingrid Andress,51,12,Gains In Performance
2021-02-20,49,Waitin' On 5,Chris Janson,48,22,
2021-02-20,50,Cold Beer Calling My Name,Jameson Rodgers Featuring Luke Combs,47,10,
2021-02-20,51,Beers To Catch Up On,LoCash,49,22,
2021-02-20,52,Whiskey And Rain,Michael Ray,50,17,
2021-02-20,53,Freedom Was A Highway,Jimmie Allen & Brad Paisley,57,3,Gains In Performance
2021-02-20,54,Home Sweet,Russell Dickerson,52,4,
2021-02-20,55,Heaven On Dirt,Teddy Robb,54,11,
2021-02-20,56,Things A Man Oughta Know,Lainey Wilson,55,8,Gains In Performance
2021-02-20,57,Where I Find God,Larry Fleet,RE,11,Gains In Performance
2021-02-20,58,Need A Bar Sometimes,Clay Walker,58,3,Gains In Performance
2021-02-20,59,Want Me Back,Lindsay Ell,56,12,
2021-02-20,60,If It Wasn't For Trucks,Riley Green,59,14,Gains In Performance
2021-02-27,1,Beers And Sunshine,Darius Rucker,3,29,Gains In Performance
2021-02-27,2,Better Together,Luke Combs,1,21,
2021-02-27,3,Just The Way,Parmalee x Blanco Brown,4,40,Gains In Performance
2021-02-27,4,Down To One,Luke Bryan,5,19,Gains In Performance
2021-02-27,5,What's Your Country Song,Thomas Rhett,7,15,Gains In Performance
2021-02-27,6,Good Time,Niko Moon,6,45,Gains In Performance
2021-02-27,7,Long Live,Florida Georgia Line,8,24,Gains In Performance
2021-02-27,8,Starting Over,Chris Stapleton,10,26,Gains In Performance
2021-02-27,9,Lady,Brett Young,11,43,Greatest gainer this week|Gains In Performance
2021-02-27,10,Hole In The Bottle,Kelsea Ballerini,2,38,
2021-02-27,11,Momma's House,Dustin Lynch,12,53,Gains In Performance
2021-02-27,12,The Good Ones,Gabby Barrett,13,37,Gains In Performance
2021-02-27,13,Somebody Like That,Tenille Arts,16,54,Gains In Performance
2021-02-27,14,How They Remember You,Rascal Flatts,14,36,Gains In Performance
2021-02-27,15,Nobody,Dylan Scott,17,44,Gains In Performance
2021-02-27,16,Made For You,Jake Owen,18,40,Gains In Performance
2021-02-27,17,Hell Of A View,Eric Church,19,16,Gains In Performance
2021-02-27,18,Almost Maybes,Jordan Davis,20,38,Gains In Performance
2021-02-27,19,Undivided,Tim McGraw & Tyler Hubbard,21,6,Gains In Performance
2021-02-27,20,One Too Many,Keith Urban Duet With P!nk,22,22,Gains In Performance
2021-02-27,21,Breaking Up Was Easy In The 90's,Sam Hunt,23,20,Gains In Performance
2021-02-27,22,Minimum Wage,Blake Shelton,24,6,Gains In Performance
2021-02-27,23,Settling Down,Miranda Lambert,26,22,Gains In Performance
2021-02-27,24,Gone,Dierks Bentley,25,18,Gains In Performance
2021-02-27,25,Blame It On You,Jason Aldean,27,15,Gains In Performance
2021-02-27,26,All Night,Brothers Osborne,28,40,Gains In Performance
2021-02-27,27,Famous Friends,Chris Young + Kane Brown,29,12,Gains In Performance
2021-02-27,28,Glad You Exist,Dan + Shay,34,3,Gains In Performance
2021-02-27,29,Hard Days,Brantley Gilbert,30,36,
2021-02-27,30,We Didn't Have Much,Justin Moore,31,18,Gains In Performance
2021-02-27,31,Single Saturday Night,Cole Swindell,33,34,Gains In Performance
2021-02-27,32,Next Girl,Carly Pearce,32,22,Gains In Performance
2021-02-27,33,My Boy,Elvie Shane,35,20,Gains In Performance
2021-02-27,34,"Wine, Beer, Whiskey",Little Big Town,36,31,Gains In Performance
2021-02-27,35,Just About Over You,Priscilla Block,40,22,Gains In Performance
2021-02-27,36,Tequila Little Time,Jon Pardi,44,5,Gains In Performance
2021-02-27,37,Drinkin' Beer. Talkin' God. Amen.,Chase Rice Featuring Florida Georgia Line,39,12,
2021-02-27,38,Worship You,Kane Brown,43,17,Gains In Performance
2021-02-27,39,We Were Rich,Runaway June,38,34,Gains In Performance
2021-02-27,40,You Time,Scotty McCreery,42,16,
2021-02-27,41,Dear Rodeo,Cody Johnson & Reba McEntire,37,24,
2021-02-27,42,Shallow,Garth Brooks & Trisha Yearwood,45,11,Gains In Performance
2021-02-27,43,Memory I Don't Mess With,Lee Brice,46,16,Gains In Performance
2021-02-27,44,Forever After All,Luke Combs,41,6,
2021-02-27,45,Waitin' On 5,Chris Janson,49,23,Gains In Performance
2021-02-27,46,Lady Like,Ingrid Andress,48,13,Gains In Performance
2021-02-27,47,Cold Beer Calling My Name,Jameson Rodgers Featuring Luke Combs,50,11,Gains In Performance
2021-02-27,48,What Do I Know,Robert Counts,47,27,
2021-02-27,49,Where I Find God,Larry Fleet,57,12,Gains In Performance
2021-02-27,50,Home Sweet,Russell Dickerson,54,5,Gains In Performance
2021-02-27,51,Whiskey And Rain,Michael Ray,52,18,Gains In Performance
2021-02-27,52,Beers To Catch Up On,LoCash,51,23,
2021-02-27,53,Freedom Was A Highway,Jimmie Allen & Brad Paisley,53,4,
2021-02-27,54,Heaven On Dirt,Teddy Robb,55,12,Gains In Performance
2021-02-27,55,I Can't,Caitlyn Smith Featuring Old Dominion,NEW,1,Highest ranking debut|Gains In Performance
2021-02-27,56,To Be Loved By You,Parker McCollum,NEW,1,Gains In Performance
2021-02-27,57,Things A Man Oughta Know,Lainey Wilson,56,9,
2021-02-27,58,"No Body, No Crime",Taylor Swift Featuring Haim,RE,4,Gains In Performance
2021-02-27,59,If It Wasn't For Trucks,Riley Green,60,15,Gains In Performance
2021-02-27,60,Need A Bar Sometimes,Clay Walker,58,4,Gains In Performance
2021-03-06,1,Down To One,Luke Bryan,4,20,Greatest gainer this week|Gains In Performance
2021-03-06,2,Just The Way,Parmalee x Blanco Brown,3,41,Gains In Performance
2021-03-06,3,Better Together,Luke Combs,2,22,
2021-03-06,4,What's Your Country Song,Thomas Rhett,5,16,Gains In Performance
2021-03-06,5,Good Time,Niko Moon,6,46,Gains In Performance
2021-03-06,6,Beers And Sunshine,Darius Rucker,1,30,
2021-03-06,7,Lady,Brett Young,9,44,Gains In Performance
2021-03-06,8,Long Live,Florida Georgia Line,7,25,Gains In Performance
2021-03-06,9,Starting Over,Chris Stapleton,8,27,Gains In Performance
2021-03-06,10,Momma's House,Dustin Lynch,11,54,Gains In Performance
2021-03-06,11,The Good Ones,Gabby Barrett,12,38,Gains In Performance
2021-03-06,12,Somebody Like That,Tenille Arts,13,55,Gains In Performance
2021-03-06,13,How They Remember You,Rascal Flatts,14,37,Gains In Performance
2021-03-06,14,Nobody,Dylan Scott,15,45,Gains In Performance
2021-03-06,15,Made For You,Jake Owen,16,41,Gains In Performance
2021-03-06,16,Hell Of A View,Eric Church,17,17,Gains In Performance
2021-03-06,17,Almost Maybes,Jordan Davis,18,39,Gains In Performance
2021-03-06,18,Undivided,Tim McGraw & Tyler Hubbard,19,7,Gains In Performance
2021-03-06,19,Breaking Up Was Easy In The 90's,Sam Hunt,21,21,Gains In Performance
2021-03-06,20,One Too Many,Keith Urban Duet With P!nk,20,23,Gains In Performance
2021-03-06,21,Minimum Wage,Blake Shelton,22,7,Gains In Performance
2021-03-06,22,Gone,Dierks Bentley,24,19,Gains In Performance
2021-03-06,23,Settling Down,Miranda Lambert,23,23,Gains In Performance
2021-03-06,24,Blame It On You,Jason Aldean,25,16,Gains In Performance
2021-03-06,25,All Night,Brothers Osborne,26,41,Gains In Performance
2021-03-06,26,Famous Friends,Chris Young + Kane Brown,27,13,Gains In Performance
2021-03-06,27,Single Saturday Night,Cole Swindell,31,35,Gains In Performance
2021-03-06,28,Glad You Exist,Dan + Shay,28,4,Gains In Performance
2021-03-06,29,We Didn't Have Much,Justin Moore,30,19,Gains In Performance
2021-03-06,30,Hard Days,Brantley Gilbert,29,37,Gains In Performance
2021-03-06,31,Next Girl,Carly Pearce,32,23,Gains In Performance
2021-03-06,32,My Boy,Elvie Shane,33,21,Gains In Performance
2021-03-06,33,"Wine, Beer, Whiskey",Little Big Town,34,32,Gains In Performance
2021-03-06,34,Dear Rodeo,Cody Johnson & Reba McEntire,41,25,Gains In Performance
2021-03-06,35,Worship You,Kane Brown,38,18,Gains In Performance
2021-03-06,36,Just About Over You,Priscilla Block,35,23,Gains In Performance
2021-03-06,37,Drinkin' Beer. Talkin' God. Amen.,Chase Rice Featuring Florida Georgia Line,37,13,Gains In Performance
2021-03-06,38,Shallow,Garth Brooks & Trisha Yearwood,42,12,Gains In Performance
2021-03-06,39,You Time,Scotty McCreery,40,17,Gains In Performance
2021-03-06,40,We Were Rich,Runaway June,39,35,Gains In Performance
2021-03-06,41,Tequila Little Time,Jon Pardi,36,6,
2021-03-06,42,Memory I Don't Mess With,Lee Brice,43,17,Gains In Performance
2021-03-06,43,Forever After All,Luke Combs,44,7,Gains In Performance
2021-03-06,44,Cold Beer Calling My Name,Jameson Rodgers Featuring Luke Combs,47,12,Gains In Performance
2021-03-06,45,What Do I Know,Robert Counts,48,28,Gains In Performance
2021-03-06,46,Lady Like,Ingrid Andress,46,14,
2021-03-06,47,I Can't,Caitlyn Smith Featuring Old Dominion,55,2,Gains In Performance
2021-03-06,48,Home Sweet,Russell Dickerson,50,6,Gains In Performance
2021-03-06,49,Whiskey And Rain,Michael Ray,51,19,Gains In Performance
2021-03-06,50,Freedom Was A Highway,Jimmie Allen & Brad Paisley,53,5,Gains In Performance
2021-03-06,51,You Ain't Pretty,Nate Barnes,NEW,1,Highest ranking debut|Gains In Performance
2021-03-06,52,Beers To Catch Up On,LoCash,52,24,
2021-03-06,53,Heaven On Dirt,Teddy Robb,54,13,Gains In Performance
2021-03-06,54,Things A Man Oughta Know,Lainey Wilson,57,10,Gains In Performance
2021-03-06,55,To Be Loved By You,Parker McCollum,56,2,
2021-03-06,56,"No Body, No Crime",Taylor Swift Featuring Haim,58,5,
2021-03-06,57,Want Me Back,Lindsay Ell,RE,13,Gains In Performance
2021-03-06,58,Where I Find God,Larry Fleet,49,13,
2021-03-06,59,Need A Bar Sometimes,Clay Walker,60,5,Gains In Performance
2021-03-06,60,Chasing After You,Ryan Hurd With Maren Morris,NEW,1,Gains In Performance
2021-03-13,1,Good Time,Niko Moon,5,47,Greatest gainer this week|Gains In Performance
2021-03-13,2,Just The Way,Parmalee x Blanco Brown,2,42,Gains In Performance
2021-03-13,3,Down To One,Luke Bryan,1,21,
2021-03-13,4,What's Your Country Song,Thomas Rhett,4,17,Gains In Performance
2021-03-13,5,Better Together,Luke Combs,3,23,
2021-03-13,6,Lady,Brett Young,7,45,Gains In Performance
2021-03-13,7,Long Live,Florida Georgia Line,8,26,Gains In Performance
2021-03-13,8,Starting Over,Chris Stapleton,9,28,Gains In Performance
2021-03-13,9,The Good Ones,Gabby Barrett,11,39,Gains In Performance
2021-03-13,10,Momma's House,Dustin Lynch,10,55,Gains In Performance
2021-03-13,11,Somebody Like That,Tenille Arts,12,56,Gains In Performance
2021-03-13,12,How They Remember You,Rascal Flatts,13,38,Gains In Performance
2021-03-13,13,Made For You,Jake Owen,15,42,Gains In Performance
2021-03-13,14,Nobody,Dylan Scott,14,46,Gains In Performance
2021-03-13,15,Hell Of A View,Eric Church,16,18,Gains In Performance
2021-03-13,16,Almost Maybes,Jordan Davis,17,40,Gains In Performance
2021-03-13,17,Breaking Up Was Easy In The 90's,Sam Hunt,19,22,Gains In Performance
2021-03-13,18,Undivided,Tim McGraw & Tyler Hubbard,18,8,Gains In Performance
2021-03-13,19,One Too Many,Keith Urban Duet With P!nk,20,24,Gains In Performance
2021-03-13,20,Gone,Dierks Bentley,22,20,Gains In Performance
2021-03-13,21,Minimum Wage,Blake Shelton,21,8,Gains In Performance
2021-03-13,22,Settling Down,Miranda Lambert,23,24,Gains In Performance
2021-03-13,23,Blame It On You,Jason Aldean,24,17,Gains In Performance
2021-03-13,24,Single Saturday Night,Cole Swindell,27,36,Gains In Performance
2021-03-13,25,Famous Friends,Chris Young + Kane Brown,26,14,Gains In Performance
2021-03-13,26,All Night,Brothers Osborne,25,42,Gains In Performance
2021-03-13,27,Glad You Exist,Dan + Shay,28,5,Gains In Performance
2021-03-13,28,We Didn't Have Much,Justin Moore,29,20,Gains In Performance
2021-03-13,29,Next Girl,Carly Pearce,31,24,Gains In Performance
2021-03-13,30,Hard Days,Brantley Gilbert,30,38,Gains In Performance
2021-03-13,31,My Boy,Elvie Shane,32,22,Gains In Performance
2021-03-13,32,"Wine, Beer, Whiskey",Little Big Town,33,33,Gains In Performance
2021-03-13,33,Drinkin' Beer. Talkin' God. Amen.,Chase Rice Featuring Florida Georgia Line,37,14,Gains In Performance
2021-03-13,34,Dear Rodeo,Cody Johnson & Reba McEntire,34,26,Gains In Performance
2021-03-13,35,Forever After All,Luke Combs,43,8,Gains In Performance
2021-03-13,36,You Time,Scotty McCreery,39,18,Gains In Performance
2021-03-13,37,Worship You,Kane Brown,35,19,Gains In Performance
2021-03-13,38,Just About Over You,Priscilla Block,36,24,Gains In Performance
2021-03-13,39,Shallow,Garth Brooks & Trisha Yearwood,38,13,Gains In Performance
2021-03-13,40,Memory I Don't Mess With,Lee Brice,42,18,Gains In Performance
2021-03-13,41,Cold Beer Calling My Name,Jameson Rodgers Featuring Luke Combs,44,13,Gains In Performance
2021-03-13,42,Tequila Little Time,Jon Pardi,41,7,Gains In Performance
2021-03-13,43,Lady Like,Ingrid Andress,46,15,Gains In Performance
2021-03-13,44,Home Sweet,Russell Dickerson,48,7,Gains In Performance
2021-03-13,45,Things A Man Oughta Know,Lainey Wilson,54,11,Gains In Performance
2021-03-13,46,I Can't,Caitlyn Smith Featuring Old Dominion,47,3,Gains In Performance
2021-03-13,47,What Do I Know,Robert Counts,45,29,
2021-03-13,48,Freedom Was A Highway,Jimmie Allen & Brad Paisley,50,6,Gains In Performance
2021-03-13,49,Chasing After You,Ryan Hurd With Maren Morris,60,2,Gains In Performance
2021-03-13,50,Whiskey And Rain,Michael Ray,49,20,Gains In Performance
2021-03-13,51,Beers To Catch Up On,LoCash,52,25,Gains In Performance
2021-03-13,52,Heaven On Dirt,Teddy Robb,53,14,Gains In Performance
2021-03-13,53,Getting Over Him,Lauren Alaina Duet With Jon Pardi,NEW,1,Highest ranking debut|Gains In Performance
2021-03-13,54,Give Heaven Some Hell,HARDY,NEW,1,Gains In Performance
2021-03-13,55,If It Wasn't For Trucks,Riley Green,RE,16,Gains In Performance
2021-03-13,56,To Be Loved By You,Parker McCollum,55,3,Gains In Performance
2021-03-13,57,Need A Bar Sometimes,Clay Walker,59,6,
2021-03-13,58,Where I Find God,Larry Fleet,58,14,Gains In Performance
2021-03-13,59,Want Me Back,Lindsay Ell,57,14,
2021-03-13,60,That Ain't Me No More,Matt Stell,NEW,1,Gains In Performance
2021-03-20,1,Just The Way,Parmalee x Blanco Brown,2,43,Gains In Performance
2021-03-20,2,What's Your Country Song,Thomas Rhett,4,18,Gains In Performance
2021-03-20,3,Lady,Brett Young,6,46,Greatest gainer this week|Gains In Performance
2021-03-20,4,Down To One,Luke Bryan,3,22,
2021-03-20,5,Better Together,Luke Combs,5,24,
2021-03-20,6,Long Live,Florida Georgia Line,7,27,Gains In Performance
2021-03-20,7,Good Time,Niko Moon,1,48,
2021-03-20,8,Starting Over,Chris Stapleton,8,29,Gains In Performance
2021-03-20,9,The Good Ones,Gabby Barrett,9,40,Gains In Performance
2021-03-20,10,Momma's House,Dustin Lynch,10,56,Gains In Performance
2021-03-20,11,Somebody Like That,Tenille Arts,11,57,Gains In Performance
2021-03-20,12,Made For You,Jake Owen,13,43,Gains In Performance
2021-03-20,13,How They Remember You,Rascal Flatts,12,39,Gains In Performance
2021-03-20,14,Nobody,Dylan Scott,14,47,Gains In Performance
2021-03-20,15,Hell Of A View,Eric Church,15,19,Gains In Performance
2021-03-20,16,Breaking Up Was Easy In The 90's,Sam Hunt,17,23,Gains In Performance
2021-03-20,17,Almost Maybes,Jordan Davis,16,41,Gains In Performance
2021-03-20,18,Undivided,Tim McGraw & Tyler Hubbard,18,9,Gains In Performance
2021-03-20,19,One Too Many,Keith Urban Duet With P!nk,19,25,Gains In Performance
2021-03-20,20,Settling Down,Miranda Lambert,22,25,Gains In Performance
2021-03-20,21,Gone,Dierks Bentley,20,21,Gains In Performance
2021-03-20,22,Minimum Wage,Blake Shelton,21,9,Gains In Performance
2021-03-20,23,Blame It On You,Jason Aldean,23,18,Gains In Performance
2021-03-20,24,Like A Lady,Lady A,NEW,1,Highest ranking debut|Gains In Performance
2021-03-20,25,Single Saturday Night,Cole Swindell,24,37,Gains In Performance
2021-03-20,26,Famous Friends,Chris Young + Kane Brown,25,15,Gains In Performance
2021-03-20,27,Glad You Exist,Dan + Shay,27,6,Gains In Performance
2021-03-20,28,All Night,Brothers Osborne,26,43,Gains In Performance
2021-03-20,29,We Didn't Have Much,Justin Moore,28,21,Gains In Performance
2021-03-20,30,Next Girl,Carly Pearce,29,25,Gains In Performance
2021-03-20,31,Hard Days,Brantley Gilbert,30,39,Gains In Performance
2021-03-20,32,Forever After All,Luke Combs,35,9,Gains In Performance
2021-03-20,33,Things A Man Oughta Know,Lainey Wilson,45,12,Gains In Performance
2021-03-20,34,My Boy,Elvie Shane,31,23,Gains In Performance
2021-03-20,35,Drinkin' Beer. Talkin' God. Amen.,Chase Rice Featuring Florida Georgia Line,33,15,Gains In Performance
2021-03-20,36,"Wine, Beer, Whiskey",Little Big Town,32,34,Gains In Performance
2021-03-20,37,Shallow,Garth Brooks & Trisha Yearwood,39,14,Gains In Performance
2021-03-20,38,Worship You,Kane Brown,37,20,Gains In Performance
2021-03-20,39,Dear Rodeo,Cody Johnson & Reba McEntire,34,27,
2021-03-20,40,You Time,Scotty McCreery,36,19,Gains In Performance
2021-03-20,41,Just About Over You,Priscilla Block,38,25,Gains In Performance
2021-03-20,42,Memory I Don't Mess With,Lee Brice,40,19,Gains In Performance
2021-03-20,43,Cold Beer Calling My Name,Jameson Rodgers Featuring Luke Combs,41,14,Gains In Performance
2021-03-20,44,Tequila Little Time,Jon Pardi,42,8,Gains In Performance
2021-03-20,45,I Can't,Caitlyn Smith Featuring Old Dominion,46,4,Gains In Performance
2021-03-20,46,Home Sweet,Russell Dickerson,44,8,
2021-03-20,47,Freedom Was A Highway,Jimmie Allen & Brad Paisley,48,7,Gains In Performance
2021-03-20,48,Lady Like,Ingrid Andress,43,16,
2021-03-20,49,Getting Over Him,Lauren Alaina Duet With Jon Pardi,53,2,Gains In Performance
2021-03-20,50,Whiskey And Rain,Michael Ray,50,21,Gains In Performance
2021-03-20,51,Heaven On Dirt,Teddy Robb,52,15,Gains In Performance
2021-03-20,52,Beers To Catch Up On,LoCash,51,26,
2021-03-20,53,To Be Loved By You,Parker McCollum,56,4,Gains In Performance
2021-03-20,54,That Ain't Me No More,Matt Stell,60,2,Gains In Performance
2021-03-20,55,Give Heaven Some Hell,HARDY,54,2,Gains In Performance
2021-03-20,56,If It Wasn't For Trucks,Riley Green,55,17,Gains In Performance
2021-03-20,57,Where I Find God,Larry Fleet,58,15,Gains In Performance
2021-03-20,58,Need A Bar Sometimes,Clay Walker,57,7,Gains In Performance
2021-03-20,59,Want Me Back,Lindsay Ell,59,15,Gains In Performance
2021-03-20,60,Knowing You,Kenny Chesney,NEW,1,Gains In Performance
2021-03-27,1,What's Your Country Song,Thomas Rhett,2,19,Greatest gainer this week|Gains In Performance
2021-03-27,2,Lady,Brett Young,3,47,Gains In Performance
2021-03-27,3,Just The Way,Parmalee x Blanco Brown,1,44,
2021-03-27,4,Long Live,Florida Georgia Line,6,28,Gains In Performance
2021-03-27,5,Down To One,Luke Bryan,4,23,
2021-03-27,6,Better Together,Luke Combs,5,25,
2021-03-27,7,The Good Ones,Gabby Barrett,9,41,Gains In Performance
2021-03-27,8,Momma's House,Dustin Lynch,10,57,Gains In Performance
2021-03-27,9,Starting Over,Chris Stapleton,8,30,Gains In Performance
2021-03-27,10,Somebody Like That,Tenille Arts,11,58,Gains In Performance
2021-03-27,11,Made For You,Jake Owen,12,44,Gains In Performance
2021-03-27,12,Nobody,Dylan Scott,14,48,Gains In Performance
2021-03-27,13,How They Remember You,Rascal Flatts,13,40,Gains In Performance
2021-03-27,14,Hell Of A View,Eric Church,15,20,Gains In Performance
2021-03-27,15,Breaking Up Was Easy In The 90's,Sam Hunt,16,24,Gains In Performance
2021-03-27,16,Almost Maybes,Jordan Davis,17,42,Gains In Performance
2021-03-27,17,Undivided,Tim McGraw & Tyler Hubbard,18,10,Gains In Performance
2021-03-27,18,One Too Many,Keith Urban Duet With P!nk,19,26,Gains In Performance
2021-03-27,19,Settling Down,Miranda Lambert,20,26,Gains In Performance
2021-03-27,20,Gone,Dierks Bentley,21,22,Gains In Performance
2021-03-27,21,Minimum Wage,Blake Shelton,22,10,Gains In Performance
2021-03-27,22,Blame It On You,Jason Aldean,23,19,Gains In Performance
2021-03-27,23,Single Saturday Night,Cole Swindell,25,38,Gains In Performance
2021-03-27,24,Famous Friends,Chris Young + Kane Brown,26,16,Gains In Performance
2021-03-27,25,Glad You Exist,Dan + Shay,27,7,Gains In Performance
2021-03-27,26,Forever After All,Luke Combs,32,10,Gains In Performance
2021-03-27,27,We Didn't Have Much,Justin Moore,29,22,Gains In Performance
2021-03-27,28,All Night,Brothers Osborne,28,44,
2021-03-27,29,Next Girl,Carly Pearce,30,26,Gains In Performance
2021-03-27,30,Hard Days,Brantley Gilbert,31,40,Gains In Performance
2021-03-27,31,Things A Man Oughta Know,Lainey Wilson,33,13,Gains In Performance
2021-03-27,32,My Boy,Elvie Shane,34,24,Gains In Performance
2021-03-27,33,Drinkin' Beer. Talkin' God. Amen.,Chase Rice Featuring Florida Georgia Line,35,16,Gains In Performance
2021-03-27,34,Shallow,Garth Brooks & Trisha Yearwood,37,15,Gains In Performance
2021-03-27,35,"Wine, Beer, Whiskey",Little Big Town,36,35,Gains In Performance
2021-03-27,36,Worship You,Kane Brown,38,21,Gains In Performance
2021-03-27,37,Just About Over You,Priscilla Block,41,26,Gains In Performance
2021-03-27,38,You Time,Scotty McCreery,40,20,
2021-03-27,39,Dear Rodeo,Cody Johnson & Reba McEntire,39,28,
2021-03-27,40,Cold Beer Calling My Name,Jameson Rodgers Featuring Luke Combs,43,15,Gains In Performance
2021-03-27,41,Memory I Don't Mess With,Lee Brice,42,20,Gains In Performance
2021-03-27,42,Like A Lady,Lady A,24,2,
2021-03-27,43,Tequila Little Time,Jon Pardi,44,9,Gains In Performance
2021-03-27,44,Home Sweet,Russell Dickerson,46,9,Gains In Performance
2021-03-27,45,I Can't,Caitlyn Smith Featuring Old Dominion,45,5,
2021-03-27,46,Lady Like,Ingrid Andress,48,17,Gains In Performance
2021-03-27,47,Freedom Was A Highway,Jimmie Allen & Brad Paisley,47,8,
2021-03-27,48,Whiskey And Rain,Michael Ray,50,22,Gains In Performance
2021-03-27,49,To Be Loved By You,Parker McCollum,53,5,Gains In Performance
2021-03-27,50,Getting Over Him,Lauren Alaina Duet With Jon Pardi,49,3,
2021-03-27,51,Heaven On Dirt,Teddy Robb,51,16,Gains In Performance
2021-03-27,52,Beers To Catch Up On,LoCash,52,27,Gains In Performance
2021-03-27,53,Knowing You,Kenny Chesney,60,2,Gains In Performance
2021-03-27,54,Want Me Back,Lindsay Ell,59,16,Gains In Performance
2021-03-27,55,Give Heaven Some Hell,HARDY,55,3,Gains In Performance
2021-03-27,56,That Ain't Me No More,Matt Stell,54,3,Gains In Performance
2021-03-27,57,If It Wasn't For Trucks,Riley Green,56,18,
2021-03-27,58,Where I Find God,Larry Fleet,57,16,
2021-03-27,59,Chasing After You,Ryan Hurd With Maren Morris,RE,3,Gains In Performance
2021-03-27,60,Need A Bar Sometimes,Clay Walker,58,8,
2021-04-03,1,Lady,Brett Young,2,48,Greatest gainer this week|Gains In Performance
2021-04-03,2,What's Your Country Song,Thomas Rhett,1,20,
2021-04-03,3,Long Live,Florida Georgia Line,4,29,Gains In Performance
2021-04-03,4,Just The Way,Parmalee x Blanco Brown,3,45,
2021-04-03,5,Down To One,Luke Bryan,5,24,
2021-04-03,6,The Good Ones,Gabby Barrett,7,42,Gains In Performance
2021-04-03,7,Momma's House,Dustin Lynch,8,58,Gains In Performance
2021-04-03,8,Starting Over,Chris Stapleton,9,31,
2021-04-03,9,Somebody Like That,Tenille Arts,10,59,Gains In Performance
2021-04-03,10,Made For You,Jake Owen,11,45,Gains In Performance
2021-04-03,11,Breaking Up Was Easy In The 90's,Sam Hunt,15,25,Gains In Performance
2021-04-03,12,Nobody,Dylan Scott,12,49,Gains In Performance
2021-04-03,13,How They Remember You,Rascal Flatts,13,41,Gains In Performance
2021-04-03,14,Hell Of A View,Eric Church,14,21,Gains In Performance
2021-04-03,15,Almost Maybes,Jordan Davis,16,43,Gains In Performance
2021-04-03,16,Settling Down,Miranda Lambert,19,27,Gains In Performance
2021-04-03,17,Gone,Dierks Bentley,20,23,Gains In Performance
2021-04-03,18,One Too Many,Keith Urban Duet With P!nk,18,27,Gains In Performance
2021-04-03,19,Undivided,Tim McGraw & Tyler Hubbard,17,11,
2021-04-03,20,Minimum Wage,Blake Shelton,21,11,Gains In Performance
2021-04-03,21,Blame It On You,Jason Aldean,22,20,Gains In Performance
2021-04-03,22,Forever After All,Luke Combs,26,11,Gains In Performance
2021-04-03,23,Famous Friends,Chris Young + Kane Brown,24,17,Gains In Performance
2021-04-03,24,Single Saturday Night,Cole Swindell,23,39,Gains In Performance
2021-04-03,25,Glad You Exist,Dan + Shay,25,8,Gains In Performance
2021-04-03,26,We Didn't Have Much,Justin Moore,27,23,Gains In Performance
2021-04-03,27,Hard Days,Brantley Gilbert,30,41,Gains In Performance
2021-04-03,28,Next Girl,Carly Pearce,29,27,Gains In Performance
2021-04-03,29,Things A Man Oughta Know,Lainey Wilson,31,14,Gains In Performance
2021-04-03,30,My Boy,Elvie Shane,32,25,
2021-04-03,31,Shallow,Garth Brooks & Trisha Yearwood,34,16,Gains In Performance
2021-04-03,32,"Wine, Beer, Whiskey",Little Big Town,35,36,Gains In Performance
2021-04-03,33,Drinkin' Beer. Talkin' God. Amen.,Chase Rice Featuring Florida Georgia Line,33,17,Gains In Performance
2021-04-03,34,Worship You,Kane Brown,36,22,Gains In Performance
2021-04-03,35,Just About Over You,Priscilla Block,37,27,Gains In Performance
2021-04-03,36,You Time,Scotty McCreery,38,21,Gains In Performance
2021-04-03,37,Memory I Don't Mess With,Lee Brice,41,21,Gains In Performance
2021-04-03,38,Cold Beer Calling My Name,Jameson Rodgers Featuring Luke Combs,40,16,Gains In Performance
2021-04-03,39,Like A Lady,Lady A,42,3,Gains In Performance
2021-04-03,40,Tequila Little Time,Jon Pardi,43,10,Gains In Performance
2021-04-03,41,Freedom Was A Highway,Jimmie Allen & Brad Paisley,47,9,Gains In Performance
2021-04-03,42,Whiskey And Rain,Michael Ray,48,23,Gains In Performance
2021-04-03,43,Lady Like,Ingrid Andress,46,18,Gains In Performance
2021-04-03,44,I Can't,Caitlyn Smith Featuring Old Dominion,45,6,Gains In Performance
2021-04-03,45,Knowing You,Kenny Chesney,53,3,Gains In Performance
2021-04-03,46,Home Sweet,Russell Dickerson,44,10,
2021-04-03,47,Getting Over Him,Lauren Alaina Duet With Jon Pardi,50,4,Gains In Performance
2021-04-03,48,To Be Loved By You,Parker McCollum,49,6,Gains In Performance
2021-04-03,49,Heaven On Dirt,Teddy Robb,51,17,
2021-04-03,50,Beers To Catch Up On,LoCash,52,28,
2021-04-03,51,Chasing After You,Ryan Hurd With Maren Morris,59,4,Gains In Performance
2021-04-03,52,Want Me Back,Lindsay Ell,54,17,Gains In Performance
2021-04-03,53,Give Heaven Some Hell,HARDY,55,4,
2021-04-03,54,"No Body, No Crime",Taylor Swift Featuring Haim,RE,6,Gains In Performance
2021-04-03,55,If It Wasn't For Trucks,Riley Green,57,19,
2021-04-03,56,That Ain't Me No More,Matt Stell,56,4,
2021-04-03,57,Where I Find God,Larry Fleet,58,17,
2021-04-03,58,Need A Bar Sometimes,Clay Walker,60,9,
2021-04-03,59,Martha Divine,Ashley McBryde,NEW,1,Highest ranking debut|Gains In Performance
2021-04-03,60,It's 'Cause I Am,Callista Clark,NEW,1,Gains In Performance
2021-04-10,1,Long Live,Florida Georgia Line,3,30,Gains In Performance
2021-04-10,2,What's Your Country Song,Thomas Rhett,2,21,
2021-04-10,3,Lady,Brett Young,1,49,
2021-04-10,4,The Good Ones,Gabby Barrett,6,43,Gains In Performance
2021-04-10,5,Just The Way,Parmalee x Blanco Brown,4,46,
2021-04-10,6,Momma's House,Dustin Lynch,7,59,Gains In Performance
2021-04-10,7,Made For You,Jake Owen,10,46,Gains In Performance
2021-04-10,8,Starting Over,Chris Stapleton,8,32,Gains In Performance
2021-04-10,9,Down To One,Luke Bryan,5,25,
2021-04-10,10,Somebody Like That,Tenille Arts,9,60,Gains In Performance
2021-04-10,11,Breaking Up Was Easy In The 90's,Sam Hunt,11,26,Gains In Performance
2021-04-10,12,Nobody,Dylan Scott,12,50,Gains In Performance
2021-04-10,13,How They Remember You,Rascal Flatts,13,42,Gains In Performance
2021-04-10,14,Hell Of A View,Eric Church,14,22,Gains In Performance
2021-04-10,15,Almost Maybes,Jordan Davis,15,44,Gains In Performance
2021-04-10,16,Settling Down,Miranda Lambert,16,28,Gains In Performance
2021-04-10,17,Gone,Dierks Bentley,17,24,Gains In Performance
2021-04-10,18,Forever After All,Luke Combs,22,12,Greatest gainer this week|Gains In Performance
2021-04-10,19,One Too Many,Keith Urban Duet With P!nk,18,28,Gains In Performance
2021-04-10,20,Undivided,Tim McGraw & Tyler Hubbard,19,12,Gains In Performance
2021-04-10,21,Blame It On You,Jason Aldean,21,21,Gains In Performance
2021-04-10,22,Minimum Wage,Blake Shelton,20,12,Gains In Performance
2021-04-10,23,Famous Friends,Chris Young + Kane Brown,23,18,Gains In Performance
2021-04-10,24,Single Saturday Night,Cole Swindell,24,40,Gains In Performance
2021-04-10,25,Glad You Exist,Dan + Shay,25,9,Gains In Performance
2021-04-10,26,We Didn't Have Much,Justin Moore,26,24,Gains In Performance
2021-04-10,27,Hard Days,Brantley Gilbert,27,42,Gains In Performance
2021-04-10,28,Next Girl,Carly Pearce,28,28,Gains In Performance
2021-04-10,29,Things A Man Oughta Know,Lainey Wilson,29,15,Gains In Performance
2021-04-10,30,My Boy,Elvie Shane,30,26,Gains In Performance
2021-04-10,31,Drinkin' Beer. Talkin' God. Amen.,Chase Rice Featuring Florida Georgia Line,33,18,Gains In Performance
2021-04-10,32,Shallow,Garth Brooks & Trisha Yearwood,31,17,Gains In Performance
2021-04-10,33,"Wine, Beer, Whiskey",Little Big Town,32,37,Gains In Performance
2021-04-10,34,Worship You,Kane Brown,34,23,Gains In Performance
2021-04-10,35,You Time,Scotty McCreery,36,22,Gains In Performance
2021-04-10,36,Cold Beer Calling My Name,Jameson Rodgers Featuring Luke Combs,38,17,Gains In Performance
2021-04-10,37,Just About Over You,Priscilla Block,35,28,
2021-04-10,38,Like A Lady,Lady A,39,4,Gains In Performance
2021-04-10,39,Memory I Don't Mess With,Lee Brice,37,22,Gains In Performance
2021-04-10,40,Freedom Was A Highway,Jimmie Allen & Brad Paisley,41,10,Gains In Performance
2021-04-10,41,Knowing You,Kenny Chesney,45,4,Gains In Performance
2021-04-10,42,Whiskey And Rain,Michael Ray,42,24,Gains In Performance
2021-04-10,43,Lady Like,Ingrid Andress,43,19,Gains In Performance
2021-04-10,44,Tequila Little Time,Jon Pardi,40,11,Gains In Performance
2021-04-10,45,Home Sweet,Russell Dickerson,46,11,Gains In Performance
2021-04-10,46,Getting Over Him,Lauren Alaina Duet With Jon Pardi,47,5,Gains In Performance
2021-04-10,47,To Be Loved By You,Parker McCollum,48,7,Gains In Performance
2021-04-10,48,Waitin' On 5,Chris Janson,RE,24,Gains In Performance
2021-04-10,49,Chasing After You,Ryan Hurd With Maren Morris,51,5,Gains In Performance
2021-04-10,50,Beers To Catch Up On,LoCash,50,29,Gains In Performance
2021-04-10,51,I Can't,Caitlyn Smith Featuring Old Dominion,44,7,
2021-04-10,52,That Ain't Me No More,Matt Stell,56,5,Gains In Performance
2021-04-10,53,Want Me Back,Lindsay Ell,52,18,
2021-04-10,54,Heaven On Dirt,Teddy Robb,49,18,
2021-04-10,55,Good Day (2021),Brett Eldredge,NEW,1,Highest ranking debut|Gains In Performance
2021-04-10,56,Give Heaven Some Hell,HARDY,53,5,Gains In Performance
2021-04-10,57,Where I Find God,Larry Fleet,57,18,Gains In Performance
2021-04-10,58,Need A Bar Sometimes,Clay Walker,58,10,Gains In Performance
2021-04-10,59,If It Wasn't For Trucks,Riley Green,55,20,Gains In Performance
2021-04-10,60,It's 'Cause I Am,Callista Clark,60,2,Gains In Performance
2021-04-17,1,The Good Ones,Gabby Barrett,4,44,Gains In Performance
2021-04-17,2,Starting Over,Chris Stapleton,8,33,Gains In Performance
2021-04-17,3,What's Your Country Song,Thomas Rhett,2,22,
2021-04-17,4,Lady,Brett Young,3,50,
2021-04-17,5,Momma's House,Dustin Lynch,6,60,Gains In Performance
2021-04-17,6,Made For You,Jake Owen,7,47,Gains In Performance
2021-04-17,7,Just The Way,Parmalee x Blanco Brown,5,47,
2021-04-17,8,Long Live,Florida Georgia Line,1,31,
2021-04-17,9,Somebody Like That,Tenille Arts,10,61,Gains In Performance
2021-04-17,10,Breaking Up Was Easy In The 90's,Sam Hunt,11,27,Gains In Performance
2021-04-17,11,How They Remember You,Rascal Flatts,13,43,Gains In Performance
2021-04-17,12,Nobody,Dylan Scott,12,51,Gains In Performance
2021-04-17,13,Hell Of A View,Eric Church,14,23,Gains In Performance
2021-04-17,14,Forever After All,Luke Combs,18,13,Gains In Performance
2021-04-17,15,Almost Maybes,Jordan Davis,15,45,Gains In Performance
2021-04-17,16,Settling Down,Miranda Lambert,16,29,Gains In Performance
2021-04-17,17,Gone,Dierks Bentley,17,25,Gains In Performance
2021-04-17,18,Blame It On You,Jason Aldean,21,22,Gains In Performance
2021-04-17,19,Undivided,Tim McGraw & Tyler Hubbard,20,13,Gains In Performance
2021-04-17,20,One Too Many,Keith Urban Duet With P!nk,19,29,Gains In Performance
2021-04-17,21,Famous Friends,Chris Young + Kane Brown,23,19,Gains In Performance
2021-04-17,22,Minimum Wage,Blake Shelton,22,13,Gains In Performance
2021-04-17,23,Single Saturday Night,Cole Swindell,24,41,Gains In Performance
2021-04-17,24,Glad You Exist,Dan + Shay,25,10,Gains In Performance
2021-04-17,25,We Didn't Have Much,Justin Moore,26,25,Gains In Performance
2021-04-17,26,Waves,Luke Bryan,NEW,1,Highest ranking debut|Gains In Performance
2021-04-17,27,Things A Man Oughta Know,Lainey Wilson,29,16,Gains In Performance
2021-04-17,28,Hard Days,Brantley Gilbert,27,43,Gains In Performance
2021-04-17,29,Next Girl,Carly Pearce,28,29,Gains In Performance
2021-04-17,30,Drinkin' Beer. Talkin' God. Amen.,Chase Rice Featuring Florida Georgia Line,31,19,Gains In Performance
2021-04-17,31,My Boy,Elvie Shane,30,27,Gains In Performance
2021-04-17,32,Worship You,Kane Brown,34,24,Gains In Performance
2021-04-17,33,"Wine, Beer, Whiskey",Little Big Town,33,38,
2021-04-17,34,Shallow,Garth Brooks & Trisha Yearwood,32,18,Gains In Performance
2021-04-17,35,You Time,Scotty McCreery,35,23,Gains In Performance
2021-04-17,36,Just About Over You,Priscilla Block,37,29,Gains In Performance
2021-04-17,37,Like A Lady,Lady A,38,5,Gains In Performance
2021-04-17,38,Cold Beer Calling My Name,Jameson Rodgers Featuring Luke Combs,36,18,Gains In Performance
2021-04-17,39,Memory I Don't Mess With,Lee Brice,39,23,Gains In Performance
2021-04-17,40,Whiskey And Rain,Michael Ray,42,25,Gains In Performance
2021-04-17,41,Freedom Was A Highway,Jimmie Allen & Brad Paisley,40,11,Gains In Performance
2021-04-17,42,Knowing You,Kenny Chesney,41,5,Gains In Performance
2021-04-17,43,Lady Like,Ingrid Andress,43,20,Gains In Performance
2021-04-17,44,Home Sweet,Russell Dickerson,45,12,Gains In Performance
2021-04-17,45,Getting Over Him,Lauren Alaina Duet With Jon Pardi,46,6,Gains In Performance
2021-04-17,46,Tequila Little Time,Jon Pardi,44,12,
2021-04-17,47,To Be Loved By You,Parker McCollum,47,8,Gains In Performance
2021-04-17,48,Waitin' On 5,Chris Janson,48,25,Gains In Performance
2021-04-17,49,Chasing After You,Ryan Hurd With Maren Morris,49,6,Gains In Performance
2021-04-17,50,Beers To Catch Up On,LoCash,50,30,Gains In Performance
2021-04-17,51,It's 'Cause I Am,Callista Clark,60,3,Gains In Performance
2021-04-17,52,That Ain't Me No More,Matt Stell,52,6,Gains In Performance
2021-04-17,53,Heaven On Dirt,Teddy Robb,54,19,
2021-04-17,54,If It Wasn't For Trucks,Riley Green,59,21,Gains In Performance
2021-04-17,55,Give Heaven Some Hell,HARDY,56,6,Gains In Performance
2021-04-17,56,I Can't,Caitlyn Smith Featuring Old Dominion,51,8,
2021-04-17,57,Love Story (Taylor's Version),Taylor Swift,NEW,1,Gains In Performance
2021-04-17,58,Where I Find God,Larry Fleet,57,19,
2021-04-17,59,Good Day (2021),Brett Eldredge,55,2,
2021-04-17,60,Need A Bar Sometimes,Clay Walker,58,11,
2021-04-24,1,The Good Ones,Gabby Barrett,1,45,Gains In Performance
2021-04-24,2,Made For You,Jake Owen,6,48,Gains In Performance
2021-04-24,3,What's Your Country Song,Thomas Rhett,3,23,
2021-04-24,4,Lady,Brett Young,4,51,
2021-04-24,5,Somebody Like That,Tenille Arts,9,62,Gains In Performance
2021-04-24,6,Just The Way,Parmalee x Blanco Brown,7,48,
2021-04-24,7,Breaking Up Was Easy In The 90's,Sam Hunt,10,28,Gains In Performance
2021-04-24,8,Hell Of A View,Eric Church,13,24,Gains In Performance
2021-04-24,9,Nobody,Dylan Scott,12,52,Gains In Performance
2021-04-24,10,Momma's House,Dustin Lynch,5,61,
2021-04-24,11,How They Remember You,Rascal Flatts,11,44,Gains In Performance
2021-04-24,12,Forever After All,Luke Combs,14,14,Gains In Performance
2021-04-24,13,Almost Maybes,Jordan Davis,15,46,Gains In Performance
2021-04-24,14,Settling Down,Miranda Lambert,16,30,Gains In Performance
2021-04-24,15,Gone,Dierks Bentley,17,26,Gains In Performance
2021-04-24,16,Starting Over,Chris Stapleton,2,34,
2021-04-24,17,Famous Friends,Chris Young + Kane Brown,21,20,Gains In Performance
2021-04-24,18,Blame It On You,Jason Aldean,18,23,Gains In Performance
2021-04-24,19,One Too Many,Keith Urban Duet With P!nk,20,30,Gains In Performance
2021-04-24,20,Undivided,Tim McGraw & Tyler Hubbard,19,14,Gains In Performance
2021-04-24,21,Minimum Wage,Blake Shelton,22,14,Gains In Performance
2021-04-24,22,Single Saturday Night,Cole Swindell,23,42,Gains In Performance
2021-04-24,23,Glad You Exist,Dan + Shay,24,11,Gains In Performance
2021-04-24,24,We Didn't Have Much,Justin Moore,25,26,Gains In Performance
2021-04-24,25,Things A Man Oughta Know,Lainey Wilson,27,17,Gains In Performance
2021-04-24,26,Country Again,Thomas Rhett,NEW,1,Highest ranking debut|Gains In Performance
2021-04-24,27,Next Girl,Carly Pearce,29,30,Gains In Performance
2021-04-24,28,Drinkin' Beer. Talkin' God. Amen.,Chase Rice Featuring Florida Georgia Line,30,20,Gains In Performance
2021-04-24,29,My Boy,Elvie Shane,31,28,Gains In Performance
2021-04-24,30,Worship You,Kane Brown,32,25,Gains In Performance
2021-04-24,31,Waves,Luke Bryan,26,2,
2021-04-24,32,Shallow,Garth Brooks & Trisha Yearwood,34,19,Gains In Performance
2021-04-24,33,"Wine, Beer, Whiskey",Little Big Town,33,39,Gains In Performance
2021-04-24,34,Cold Beer Calling My Name,Jameson Rodgers Featuring Luke Combs,38,19,Gains In Performance
2021-04-24,35,You Time,Scotty McCreery,35,24,
2021-04-24,36,Like A Lady,Lady A,37,6,Gains In Performance
2021-04-24,37,Just About Over You,Priscilla Block,36,30,Gains In Performance
2021-04-24,38,Memory I Don't Mess With,Lee Brice,39,24,Gains In Performance
2021-04-24,39,Knowing You,Kenny Chesney,42,6,Gains In Performance
2021-04-24,40,Home Sweet,Russell Dickerson,44,13,Gains In Performance
2021-04-24,41,Lady Like,Ingrid Andress,43,21,Gains In Performance
2021-04-24,42,Freedom Was A Highway,Jimmie Allen & Brad Paisley,41,12,Gains In Performance
2021-04-24,43,Whiskey And Rain,Michael Ray,40,26,Gains In Performance
2021-04-24,44,Chasing After You,Ryan Hurd With Maren Morris,49,7,Gains In Performance
2021-04-24,45,Tequila Little Time,Jon Pardi,46,13,Gains In Performance
2021-04-24,46,To Be Loved By You,Parker McCollum,47,9,Gains In Performance
2021-04-24,47,Waitin' On 5,Chris Janson,48,26,
2021-04-24,48,Getting Over Him,Lauren Alaina Duet With Jon Pardi,45,7,
2021-04-24,49,It's 'Cause I Am,Callista Clark,51,4,Gains In Performance
2021-04-24,50,Beers To Catch Up On,LoCash,50,31,Gains In Performance
2021-04-24,51,That Ain't Me No More,Matt Stell,52,7,Gains In Performance
2021-04-24,52,I Can't,Caitlyn Smith Featuring Old Dominion,56,9,Gains In Performance
2021-04-24,53,Give Heaven Some Hell,HARDY,55,7,Gains In Performance
2021-04-24,54,If It Wasn't For Trucks,Riley Green,54,22,Gains In Performance
2021-04-24,55,Good Day (2021),Brett Eldredge,59,3,Gains In Performance
2021-04-24,56,Where I Find God,Larry Fleet,58,20,Gains In Performance
2021-04-24,57,Villain,Lily Rose,NEW,1,Gains In Performance
2021-04-24,58,Long Haul,Ian Munsick,NEW,1,Gains In Performance
2021-04-24,59,Need A Bar Sometimes,Clay Walker,60,12,
2021-04-24,60,Old School's In,Heath Sanders,NEW,1,Gains In Performance
2021-05-01,1,The Good Ones,Gabby Barrett,1,46,
2021-05-01,2,Made For You,Jake Owen,2,49,Gains In Performance
2021-05-01,3,Somebody Like That,Tenille Arts,5,63,Greatest gainer this week|Gains In Performance
2021-05-01,4,What's Your Country Song,Thomas Rhett,3,24,
2021-05-01,5,Breaking Up Was Easy In The 90's,Sam Hunt,7,29,Gains In Performance
2021-05-01,6,Lady,Brett Young,4,52,
2021-05-01,7,Just The Way,Parmalee x Blanco Brown,6,49,
2021-05-01,8,Nobody,Dylan Scott,9,53,Gains In Performance
2021-05-01,9,Hell Of A View,Eric Church,8,25,Gains In Performance
2021-05-01,10,How They Remember You,Rascal Flatts,11,45,Gains In Performance
2021-05-01,11,Forever After All,Luke Combs,12,15,Gains In Performance
2021-05-01,12,Almost Maybes,Jordan Davis,13,47,Gains In Performance
2021-05-01,13,Gone,Dierks Bentley,15,27,Gains In Performance
2021-05-01,14,Settling Down,Miranda Lambert,14,31,Gains In Performance
2021-05-01,15,Famous Friends,Chris Young + Kane Brown,17,21,Gains In Performance
2021-05-01,16,Blame It On You,Jason Aldean,18,24,Gains In Performance
2021-05-01,17,Minimum Wage,Blake Shelton,21,15,Gains In Performance
2021-05-01,18,One Too Many,Keith Urban Duet With P!nk,19,31,Gains In Performance
2021-05-01,19,Undivided,Tim McGraw & Tyler Hubbard,20,15,Gains In Performance
2021-05-01,20,Single Saturday Night,Cole Swindell,22,43,Gains In Performance
2021-05-01,21,Glad You Exist,Dan + Shay,23,12,Gains In Performance
2021-05-01,22,We Didn't Have Much,Justin Moore,24,27,Gains In Performance
2021-05-01,23,Things A Man Oughta Know,Lainey Wilson,25,18,Gains In Performance
2021-05-01,24,Country Again,Thomas Rhett,26,2,Gains In Performance
2021-05-01,25,Next Girl,Carly Pearce,27,31,Gains In Performance
2021-05-01,26,Drinkin' Beer. Talkin' God. Amen.,Chase Rice Featuring Florida Georgia Line,28,21,Gains In Performance
2021-05-01,27,Waves,Luke Bryan,31,3,Gains In Performance
2021-05-01,28,My Boy,Elvie Shane,29,29,Gains In Performance
2021-05-01,29,Worship You,Kane Brown,30,26,Gains In Performance
2021-05-01,30,Shallow,Garth Brooks & Trisha Yearwood,32,20,Gains In Performance
2021-05-01,31,You Time,Scotty McCreery,35,25,Gains In Performance
2021-05-01,32,Like A Lady,Lady A,36,7,Gains In Performance
2021-05-01,33,Cold Beer Calling My Name,Jameson Rodgers Featuring Luke Combs,34,20,
2021-05-01,34,"Wine, Beer, Whiskey",Little Big Town,33,40,
2021-05-01,35,Just About Over You,Priscilla Block,37,31,Gains In Performance
2021-05-01,36,Memory I Don't Mess With,Lee Brice,38,25,Gains In Performance
2021-05-01,37,Not Yet,Brett Young,NEW,1,Highest ranking debut|Gains In Performance
2021-05-01,38,Chasing After You,Ryan Hurd With Maren Morris,44,8,Gains In Performance
2021-05-01,39,Knowing You,Kenny Chesney,39,7,Gains In Performance
2021-05-01,40,Lady Like,Ingrid Andress,41,22,Gains In Performance
2021-05-01,41,Fill Them Boots,Chris Lane,NEW,1,Gains In Performance
2021-05-01,42,Freedom Was A Highway,Jimmie Allen & Brad Paisley,42,13,Gains In Performance
2021-05-01,43,Home Sweet,Russell Dickerson,40,14,Gains In Performance
2021-05-01,44,Tequila Little Time,Jon Pardi,45,14,Gains In Performance
2021-05-01,45,Whiskey And Rain,Michael Ray,43,27,
2021-05-01,46,To Be Loved By You,Parker McCollum,46,10,
2021-05-01,47,That Ain't Me No More,Matt Stell,51,8,Gains In Performance
2021-05-01,48,Waitin' On 5,Chris Janson,47,27,
2021-05-01,49,Half Of My Hometown,Kelsea Ballerini Featuring Kenny Chesney,NEW,1,Gains In Performance
2021-05-01,50,Getting Over Him,Lauren Alaina Duet With Jon Pardi,48,8,Gains In Performance
2021-05-01,51,Beers To Catch Up On,LoCash,50,32,Gains In Performance
2021-05-01,52,Give Heaven Some Hell,HARDY,53,8,Gains In Performance
2021-05-01,53,It's 'Cause I Am,Callista Clark,49,5,
2021-05-01,54,I Can't,Caitlyn Smith Featuring Old Dominion,52,10,Gains In Performance
2021-05-01,55,If It Wasn't For Trucks,Riley Green,54,23,Gains In Performance
2021-05-01,56,Long Haul,Ian Munsick,58,2,Gains In Performance
2021-05-01,57,Where I Find God,Larry Fleet,56,21,
2021-05-01,58,Need A Bar Sometimes,Clay Walker,59,13,Gains In Performance
2021-05-01,59,Good Day (2021),Brett Eldredge,55,4,
2021-05-01,60,Martha Divine,Ashley McBryde,RE,2,Gains In Performance
2021-05-08,1,Made For You,Jake Owen,2,50,Gains In Performance
2021-05-08,2,The Good Ones,Gabby Barrett,1,47,
2021-05-08,3,Breaking Up Was Easy In The 90's,Sam Hunt,5,30,Gains In Performance
2021-05-08,4,How They Remember You,Rascal Flatts,10,46,Greatest gainer this week|Gains In Performance
2021-05-08,5,What's Your Country Song,Thomas Rhett,4,25,
2021-05-08,6,Hell Of A View,Eric Church,9,26,Gains In Performance
2021-05-08,7,Lady,Brett Young,6,53,Gains In Performance
2021-05-08,8,Forever After All,Luke Combs,11,16,Gains In Performance
2021-05-08,9,Nobody,Dylan Scott,8,54,Gains In Performance
2021-05-08,10,Gone,Dierks Bentley,13,28,Gains In Performance
2021-05-08,11,Famous Friends,Chris Young + Kane Brown,15,22,Gains In Performance
2021-05-08,12,Almost Maybes,Jordan Davis,12,48,Gains In Performance
2021-05-08,13,Settling Down,Miranda Lambert,14,32,Gains In Performance
2021-05-08,14,Blame It On You,Jason Aldean,16,25,Gains In Performance
2021-05-08,15,Somebody Like That,Tenille Arts,3,64,
2021-05-08,16,Minimum Wage,Blake Shelton,17,16,Gains In Performance
2021-05-08,17,Single Saturday Night,Cole Swindell,20,44,Gains In Performance
2021-05-08,18,One Too Many,Keith Urban Duet With P!nk,18,32,Gains In Performance
2021-05-08,19,Undivided,Tim McGraw & Tyler Hubbard,19,16,Gains In Performance
2021-05-08,20,Glad You Exist,Dan + Shay,21,13,Gains In Performance
2021-05-08,21,We Didn't Have Much,Justin Moore,22,28,Gains In Performance
2021-05-08,22,Things A Man Oughta Know,Lainey Wilson,23,19,Gains In Performance
2021-05-08,23,Country Again,Thomas Rhett,24,3,Gains In Performance
2021-05-08,24,Next Girl,Carly Pearce,25,32,Gains In Performance
2021-05-08,25,Drinkin' Beer. Talkin' God. Amen.,Chase Rice Featuring Florida Georgia Line,26,22,Gains In Performance
2021-05-08,26,Waves,Luke Bryan,27,4,Gains In Performance
2021-05-08,27,My Boy,Elvie Shane,28,30,Gains In Performance
2021-05-08,28,Worship You,Kane Brown,29,27,Gains In Performance
2021-05-08,29,Shallow,Garth Brooks & Trisha Yearwood,30,21,Gains In Performance
2021-05-08,30,Cold Beer Calling My Name,Jameson Rodgers Featuring Luke Combs,33,21,Gains In Performance
2021-05-08,31,You Time,Scotty McCreery,31,26,Gains In Performance
2021-05-08,32,Like A Lady,Lady A,32,8,Gains In Performance
2021-05-08,33,Memory I Don't Mess With,Lee Brice,36,26,Gains In Performance
2021-05-08,34,Just About Over You,Priscilla Block,35,32,Gains In Performance
2021-05-08,35,"Wine, Beer, Whiskey",Little Big Town,34,41,Gains In Performance
2021-05-08,36,Lady Like,Ingrid Andress,40,23,Gains In Performance
2021-05-08,37,Chasing After You,Ryan Hurd With Maren Morris,38,9,Gains In Performance
2021-05-08,38,Freedom Was A Highway,Jimmie Allen & Brad Paisley,42,14,Gains In Performance
2021-05-08,39,Knowing You,Kenny Chesney,39,8,Gains In Performance
2021-05-08,40,Home Sweet,Russell Dickerson,43,15,Gains In Performance
2021-05-08,41,Whiskey And Rain,Michael Ray,45,28,Gains In Performance
2021-05-08,42,Tequila Little Time,Jon Pardi,44,15,Gains In Performance
2021-05-08,43,To Be Loved By You,Parker McCollum,46,11,Gains In Performance
2021-05-08,44,That Ain't Me No More,Matt Stell,47,9,Gains In Performance
2021-05-08,45,Waitin' On 5,Chris Janson,48,28,Gains In Performance
2021-05-08,46,Beers To Catch Up On,LoCash,51,33,Gains In Performance
2021-05-08,47,Fill Them Boots,Chris Lane,41,2,
2021-05-08,48,Half Of My Hometown,Kelsea Ballerini Featuring Kenny Chesney,49,2,
2021-05-08,49,Getting Over Him,Lauren Alaina Duet With Jon Pardi,50,9,
2021-05-08,50,I Can't,Caitlyn Smith Featuring Old Dominion,54,11,Gains In Performance
2021-05-08,51,It's 'Cause I Am,Callista Clark,53,6,Gains In Performance
2021-05-08,52,Give Heaven Some Hell,HARDY,52,9,
2021-05-08,53,If It Wasn't For Trucks,Riley Green,55,24,Gains In Performance
2021-05-08,54,Good Day (2021),Brett Eldredge,59,5,Gains In Performance
2021-05-08,55,Long Haul,Ian Munsick,56,3,Gains In Performance
2021-05-08,56,Need A Bar Sometimes,Clay Walker,58,14,Gains In Performance
2021-05-08,57,Where I Find God,Larry Fleet,57,22,
2021-05-08,58,Not Yet,Brett Young,37,2,
2021-05-08,59,Old School's In,Heath Sanders,RE,2,Gains In Performance
2021-05-08,60,You Ain't Pretty,Nate Barnes,RE,2,Gains In Performance
2021-05-15,1,Made For You,Jake Owen,1,51,Gains In Performance
2021-05-15,2,Breaking Up Was Easy In The 90's,Sam Hunt,3,31,Gains In Performance
2021-05-15,3,The Good Ones,Gabby Barrett,2,48,
2021-05-15,4,Forever After All,Luke Combs,8,17,Greatest gainer this week|Gains In Performance
2021-05-15,5,Hell Of A View,Eric Church,6,27,Gains In Performance
2021-05-15,6,What's Your Country Song,Thomas Rhett,5,26,
2021-05-15,7,Nobody,Dylan Scott,9,55,Gains In Performance
2021-05-15,8,Gone,Dierks Bentley,10,29,Gains In Performance
2021-05-15,9,Famous Friends,Chris Young + Kane Brown,11,23,Gains In Performance
2021-05-15,10,Settling Down,Miranda Lambert,13,33,Gains In Performance
2021-05-15,11,Blame It On You,Jason Aldean,14,26,Gains In Performance
2021-05-15,12,Almost Maybes,Jordan Davis,12,49,Gains In Performance
2021-05-15,13,Single Saturday Night,Cole Swindell,17,45,Gains In Performance
2021-05-15,14,Minimum Wage,Blake Shelton,16,17,Gains In Performance
2021-05-15,15,One Too Many,Keith Urban Duet With P!nk,18,33,Gains In Performance
2021-05-15,16,Undivided,Tim McGraw & Tyler Hubbard,19,17,Gains In Performance
2021-05-15,17,Glad You Exist,Dan + Shay,20,14,Gains In Performance
2021-05-15,18,We Didn't Have Much,Justin Moore,21,29,Gains In Performance
2021-05-15,19,Things A Man Oughta Know,Lainey Wilson,22,20,Gains In Performance
2021-05-15,20,Country Again,Thomas Rhett,23,4,Gains In Performance
2021-05-15,21,How They Remember You,Rascal Flatts,4,47,
2021-05-15,22,Waves,Luke Bryan,26,5,Gains In Performance
2021-05-15,23,Next Girl,Carly Pearce,24,33,Gains In Performance
2021-05-15,24,Drinkin' Beer. Talkin' God. Amen.,Chase Rice Featuring Florida Georgia Line,25,23,Gains In Performance
2021-05-15,25,My Boy,Elvie Shane,27,31,Gains In Performance
2021-05-15,26,Shallow,Garth Brooks & Trisha Yearwood,29,22,Gains In Performance
2021-05-15,27,Worship You,Kane Brown,28,28,Gains In Performance
2021-05-15,28,Cold Beer Calling My Name,Jameson Rodgers Featuring Luke Combs,30,22,Gains In Performance
2021-05-15,29,You Time,Scotty McCreery,31,27,Gains In Performance
2021-05-15,30,Like A Lady,Lady A,32,9,Gains In Performance
2021-05-15,31,Memory I Don't Mess With,Lee Brice,33,27,Gains In Performance
2021-05-15,32,Just About Over You,Priscilla Block,34,33,Gains In Performance
2021-05-15,33,Knowing You,Kenny Chesney,39,9,Gains In Performance
2021-05-15,34,Lady Like,Ingrid Andress,36,24,Gains In Performance
2021-05-15,35,Chasing After You,Ryan Hurd With Maren Morris,37,10,Gains In Performance
2021-05-15,36,"Wine, Beer, Whiskey",Little Big Town,35,42,
2021-05-15,37,Freedom Was A Highway,Jimmie Allen & Brad Paisley,38,15,Gains In Performance
2021-05-15,38,Home Sweet,Russell Dickerson,40,16,Gains In Performance
2021-05-15,39,To Be Loved By You,Parker McCollum,43,12,Gains In Performance
2021-05-15,40,Tequila Little Time,Jon Pardi,42,16,Gains In Performance
2021-05-15,41,Whiskey And Rain,Michael Ray,41,29,Gains In Performance
2021-05-15,42,That Ain't Me No More,Matt Stell,44,10,Gains In Performance
2021-05-15,43,Thinking 'Bout You,Dustin Lynch Featuring MacKenzie Porter,NEW,1,Highest ranking debut|Gains In Performance
2021-05-15,44,Waitin' On 5,Chris Janson,45,29,
2021-05-15,45,It's 'Cause I Am,Callista Clark,51,7,Gains In Performance
2021-05-15,46,Half Of My Hometown,Kelsea Ballerini Featuring Kenny Chesney,48,3,Gains In Performance
2021-05-15,47,Give Heaven Some Hell,HARDY,52,10,Gains In Performance
2021-05-15,48,Beers To Catch Up On,LoCash,46,34,
2021-05-15,49,Getting Over Him,Lauren Alaina Duet With Jon Pardi,49,10,
2021-05-15,50,Not Yet,Brett Young,58,3,Gains In Performance
2021-05-15,51,I Can't,Caitlyn Smith Featuring Old Dominion,50,12,Gains In Performance
2021-05-15,52,If It Wasn't For Trucks,Riley Green,53,25,Gains In Performance
2021-05-15,53,Fill Them Boots,Chris Lane,47,3,
2021-05-15,54,Need A Bar Sometimes,Clay Walker,56,15,Gains In Performance
2021-05-15,55,Long Haul,Ian Munsick,55,4,
2021-05-15,56,Where I Find God,Larry Fleet,57,23,
2021-05-15,57,I'm Not For Everyone,Brothers Osborne,NEW,1,Gains In Performance
2021-05-15,58,Old School's In,Heath Sanders,59,3,Gains In Performance
2021-05-15,59,Good Day (2021),Brett Eldredge,54,6,
2021-05-15,60,Villain,Lily Rose,RE,2,Gains In Performance
2021-05-22,1,Breaking Up Was Easy In The 90's,Sam Hunt,2,32,Greatest gainer this week|Gains In Performance
2021-05-22,2,Made For You,Jake Owen,1,52,
2021-05-22,3,Forever After All,Luke Combs,4,18,Gains In Performance
2021-05-22,4,Hell Of A View,Eric Church,5,28,Gains In Performance
2021-05-22,5,Nobody,Dylan Scott,7,56,Gains In Performance
2021-05-22,6,The Good Ones,Gabby Barrett,3,49,
2021-05-22,7,Gone,Dierks Bentley,8,30,Gains In Performance
2021-05-22,8,Famous Friends,Chris Young + Kane Brown,9,24,Gains In Performance
2021-05-22,9,Settling Down,Miranda Lambert,10,34,Gains In Performance
2021-05-22,10,Blame It On You,Jason Aldean,11,27,Gains In Performance
2021-05-22,11,Almost Maybes,Jordan Davis,12,50,Gains In Performance
2021-05-22,12,Single Saturday Night,Cole Swindell,13,46,Gains In Performance
2021-05-22,13,Minimum Wage,Blake Shelton,14,18,Gains In Performance
2021-05-22,14,One Too Many,Keith Urban Duet With P!nk,15,34,Gains In Performance
2021-05-22,15,Glad You Exist,Dan + Shay,17,15,Gains In Performance
2021-05-22,16,Undivided,Tim McGraw & Tyler Hubbard,16,18,Gains In Performance
2021-05-22,17,We Didn't Have Much,Justin Moore,18,30,Gains In Performance
2021-05-22,18,Country Again,Thomas Rhett,20,5,Gains In Performance
2021-05-22,19,Things A Man Oughta Know,Lainey Wilson,19,21,Gains In Performance
2021-05-22,20,Drinkin' Beer. Talkin' God. Amen.,Chase Rice Featuring Florida Georgia Line,24,24,Gains In Performance
2021-05-22,21,Waves,Luke Bryan,22,6,Gains In Performance
2021-05-22,22,Next Girl,Carly Pearce,23,34,Gains In Performance
2021-05-22,23,My Boy,Elvie Shane,25,32,Gains In Performance
2021-05-22,24,Shallow,Garth Brooks & Trisha Yearwood,26,23,Gains In Performance
2021-05-22,25,Worship You,Kane Brown,27,29,Gains In Performance
2021-05-22,26,You Time,Scotty McCreery,29,28,Gains In Performance
2021-05-22,27,Cold Beer Calling My Name,Jameson Rodgers Featuring Luke Combs,28,23,Gains In Performance
2021-05-22,28,Like A Lady,Lady A,30,10,Gains In Performance
2021-05-22,29,Memory I Don't Mess With,Lee Brice,31,28,Gains In Performance
2021-05-22,30,Just About Over You,Priscilla Block,32,34,Gains In Performance
2021-05-22,31,Chasing After You,Ryan Hurd With Maren Morris,35,11,Gains In Performance
2021-05-22,32,Knowing You,Kenny Chesney,33,10,Gains In Performance
2021-05-22,33,Lady Like,Ingrid Andress,34,25,Gains In Performance
2021-05-22,34,Freedom Was A Highway,Jimmie Allen & Brad Paisley,37,16,Gains In Performance
2021-05-22,35,"Wine, Beer, Whiskey",Little Big Town,36,43,Gains In Performance
2021-05-22,36,To Be Loved By You,Parker McCollum,39,13,Gains In Performance
2021-05-22,37,Whiskey And Rain,Michael Ray,41,30,Gains In Performance
2021-05-22,38,Home Sweet,Russell Dickerson,38,17,Gains In Performance
2021-05-22,39,Tequila Little Time,Jon Pardi,40,17,Gains In Performance
2021-05-22,40,Half Of My Hometown,Kelsea Ballerini Featuring Kenny Chesney,46,4,Gains In Performance
2021-05-22,41,It's 'Cause I Am,Callista Clark,45,8,Gains In Performance
2021-05-22,42,Give Heaven Some Hell,HARDY,47,11,Gains In Performance
2021-05-22,43,That Ain't Me No More,Matt Stell,42,11,Gains In Performance
2021-05-22,44,Waitin' On 5,Chris Janson,44,30,Gains In Performance
2021-05-22,45,Beers To Catch Up On,LoCash,48,35,Gains In Performance
2021-05-22,46,Not Yet,Brett Young,50,4,Gains In Performance
2021-05-22,47,Thinking 'Bout You,Dustin Lynch Featuring MacKenzie Porter,43,2,
2021-05-22,48,Getting Over Him,Lauren Alaina Duet With Jon Pardi,49,11,Gains In Performance
2021-05-22,49,I Can't,Caitlyn Smith Featuring Old Dominion,51,13,
2021-05-22,50,If It Wasn't For Trucks,Riley Green,52,26,Gains In Performance
2021-05-22,51,Need A Bar Sometimes,Clay Walker,54,16,Gains In Performance
2021-05-22,52,Long Haul,Ian Munsick,55,5,Gains In Performance
2021-05-22,53,Fill Them Boots,Chris Lane,53,4,Gains In Performance
2021-05-22,54,I'm Not For Everyone,Brothers Osborne,57,2,Gains In Performance
2021-05-22,55,Good Day (2021),Brett Eldredge,59,7,Gains In Performance
2021-05-22,56,Where I Find God,Larry Fleet,56,24,Gains In Performance
2021-05-22,57,Hot Beer,Dillon Carmichael,NEW,1,Highest ranking debut|Gains In Performance
2021-05-22,58,Old School's In,Heath Sanders,58,4,Gains In Performance
2021-05-22,59,My Masterpiece,Darius Rucker,NEW,1,Gains In Performance
2021-05-22,60,Gone Too Soon,Andrew Jannakos,NEW,1,Gains In Performance
2021-05-29,1,Hell Of A View,Eric Church,4,29,Gains In Performance
2021-05-29,2,Forever After All,Luke Combs,3,19,Gains In Performance
2021-05-29,3,Breaking Up Was Easy In The 90's,Sam Hunt,1,33,
2021-05-29,4,Nobody,Dylan Scott,5,57,Gains In Performance
2021-05-29,5,Made For You,Jake Owen,2,53,
2021-05-29,6,Gone,Dierks Bentley,7,31,Gains In Performance
2021-05-29,7,Famous Friends,Chris Young + Kane Brown,8,25,Gains In Performance
2021-05-29,8,Blame It On You,Jason Aldean,10,28,Gains In Performance
2021-05-29,9,The Good Ones,Gabby Barrett,6,50,
2021-05-29,10,Settling Down,Miranda Lambert,9,35,Gains In Performance
2021-05-29,11,Almost Maybes,Jordan Davis,11,51,Gains In Performance
2021-05-29,12,Single Saturday Night,Cole Swindell,12,47,Gains In Performance
2021-05-29,13,Minimum Wage,Blake Shelton,13,19,Gains In Performance
2021-05-29,14,One Too Many,Keith Urban Duet With P!nk,14,35,Gains In Performance
2021-05-29,15,Glad You Exist,Dan + Shay,15,16,Gains In Performance
2021-05-29,16,Undivided,Tim McGraw & Tyler Hubbard,16,19,Gains In Performance
2021-05-29,17,We Didn't Have Much,Justin Moore,17,31,Gains In Performance
2021-05-29,18,Country Again,Thomas Rhett,18,6,Gains In Performance
2021-05-29,19,Things A Man Oughta Know,Lainey Wilson,19,22,Gains In Performance
2021-05-29,20,Drinkin' Beer. Talkin' God. Amen.,Chase Rice Featuring Florida Georgia Line,20,25,Gains In Performance
2021-05-29,21,Waves,Luke Bryan,21,7,Gains In Performance
2021-05-29,22,I Was On A Boat That Day,Old Dominion,NEW,1,Highest ranking debut|Gains In Performance
2021-05-29,23,Next Girl,Carly Pearce,22,35,Gains In Performance
2021-05-29,24,My Boy,Elvie Shane,23,33,Gains In Performance
2021-05-29,25,Shallow,Garth Brooks & Trisha Yearwood,24,24,Gains In Performance
2021-05-29,26,You Time,Scotty McCreery,26,29,Gains In Performance
2021-05-29,27,Worship You,Kane Brown,25,30,Gains In Performance
2021-05-29,28,Cold Beer Calling My Name,Jameson Rodgers Featuring Luke Combs,27,24,Gains In Performance
2021-05-29,29,Like A Lady,Lady A,28,11,
2021-05-29,30,Memory I Don't Mess With,Lee Brice,29,29,Gains In Performance
2021-05-29,31,Just About Over You,Priscilla Block,30,35,Gains In Performance
2021-05-29,32,Chasing After You,Ryan Hurd With Maren Morris,31,12,Gains In Performance
2021-05-29,33,Knowing You,Kenny Chesney,32,11,Gains In Performance
2021-05-29,34,Freedom Was A Highway,Jimmie Allen & Brad Paisley,34,17,Gains In Performance
2021-05-29,35,Lady Like,Ingrid Andress,33,26,Gains In Performance
2021-05-29,36,Whiskey And Rain,Michael Ray,37,31,Gains In Performance
2021-05-29,37,"Wine, Beer, Whiskey",Little Big Town,35,44,Gains In Performance
2021-05-29,38,Home Sweet,Russell Dickerson,38,18,Gains In Performance
2021-05-29,39,To Be Loved By You,Parker McCollum,36,14,
2021-05-29,40,Tequila Little Time,Jon Pardi,39,18,Gains In Performance
2021-05-29,41,It's 'Cause I Am,Callista Clark,41,9,Gains In Performance
2021-05-29,42,Half Of My Hometown,Kelsea Ballerini Featuring Kenny Chesney,40,5,Gains In Performance
2021-05-29,43,Waitin' On 5,Chris Janson,44,31,Gains In Performance
2021-05-29,44,Give Heaven Some Hell,HARDY,42,12,
2021-05-29,45,That Ain't Me No More,Matt Stell,43,12,Gains In Performance
2021-05-29,46,Thinking 'Bout You,Dustin Lynch Featuring MacKenzie Porter,47,3,Gains In Performance
2021-05-29,47,You Should Probably Leave,Chris Stapleton,NEW,1,Gains In Performance
2021-05-29,48,Not Yet,Brett Young,46,5,
2021-05-29,49,If It Wasn't For Trucks,Riley Green,50,27,Gains In Performance
2021-05-29,50,Getting Over Him,Lauren Alaina Duet With Jon Pardi,48,12,
2021-05-29,51,I Can't,Caitlyn Smith Featuring Old Dominion,49,14,
2021-05-29,52,Long Haul,Ian Munsick,52,6,Gains In Performance
2021-05-29,53,Need A Bar Sometimes,Clay Walker,51,17,Gains In Performance
2021-05-29,54,I'm Not For Everyone,Brothers Osborne,54,3,Gains In Performance
2021-05-29,55,Good Day (2021),Brett Eldredge,55,8,Gains In Performance
2021-05-29,56,Where I Find God,Larry Fleet,56,25,Gains In Performance
2021-05-29,57,Hot Beer,Dillon Carmichael,57,2,Gains In Performance
2021-05-29,58,Fill Them Boots,Chris Lane,53,5,
2021-05-29,59,Old School's In,Heath Sanders,58,5,Gains In Performance
2021-05-29,60,Come In (But Don't Make Yourself Comfortable),Caroline Jones,NEW,1,Gains In Performance
2021-06-05,1,Forever After All,Luke Combs,2,20,Gains In Performance
2021-06-05,2,Nobody,Dylan Scott,4,58,Greatest gainer this week|Gains In Performance
2021-06-05,3,Gone,Dierks Bentley,6,32,Gains In Performance
2021-06-05,4,Breaking Up Was Easy In The 90's,Sam Hunt,3,34,
2021-06-05,5,Hell Of A View,Eric Church,1,30,
2021-06-05,6,Famous Friends,Chris Young + Kane Brown,7,26,Gains In Performance
2021-06-05,7,Almost Maybes,Jordan Davis,11,52,Gains In Performance
2021-06-05,8,Blame It On You,Jason Aldean,8,29,Gains In Performance
2021-06-05,9,Settling Down,Miranda Lambert,10,36,Gains In Performance
2021-06-05,10,Single Saturday Night,Cole Swindell,12,48,Gains In Performance
2021-06-05,11,Minimum Wage,Blake Shelton,13,20,Gains In Performance
2021-06-05,12,One Too Many,Keith Urban Duet With P!nk,14,36,Gains In Performance
2021-06-05,13,Glad You Exist,Dan + Shay,15,17,Gains In Performance
2021-06-05,14,Drinkin' Beer. Talkin' God. Amen.,Chase Rice Featuring Florida Georgia Line,20,26,Gains In Performance
2021-06-05,15,We Didn't Have Much,Justin Moore,17,32,Gains In Performance
2021-06-05,16,Undivided,Tim McGraw & Tyler Hubbard,16,20,Gains In Performance
2021-06-05,17,Country Again,Thomas Rhett,18,7,Gains In Performance
2021-06-05,18,Things A Man Oughta Know,Lainey Wilson,19,23,Gains In Performance
2021-06-05,19,Waves,Luke Bryan,21,8,Gains In Performance
2021-06-05,20,Next Girl,Carly Pearce,23,36,Gains In Performance
2021-06-05,21,My Boy,Elvie Shane,24,34,Gains In Performance
2021-06-05,22,You Time,Scotty McCreery,26,30,Gains In Performance
2021-06-05,23,Shallow,Garth Brooks & Trisha Yearwood,25,25,Gains In Performance
2021-06-05,24,Cold Beer Calling My Name,Jameson Rodgers Featuring Luke Combs,28,25,Gains In Performance
2021-06-05,25,Worship You,Kane Brown,27,31,Gains In Performance
2021-06-05,26,I Was On A Boat That Day,Old Dominion,22,2,
2021-06-05,27,Memory I Don't Mess With,Lee Brice,30,30,Gains In Performance
2021-06-05,28,Like A Lady,Lady A,29,12,Gains In Performance
2021-06-05,29,Knowing You,Kenny Chesney,33,12,Gains In Performance
2021-06-05,30,Just About Over You,Priscilla Block,31,36,Gains In Performance
2021-06-05,31,Chasing After You,Ryan Hurd With Maren Morris,32,13,Gains In Performance
2021-06-05,32,Freedom Was A Highway,Jimmie Allen & Brad Paisley,34,18,Gains In Performance
2021-06-05,33,Whiskey And Rain,Michael Ray,36,32,Gains In Performance
2021-06-05,34,Lady Like,Ingrid Andress,35,27,
2021-06-05,35,Home Sweet,Russell Dickerson,38,19,Gains In Performance
2021-06-05,36,Tequila Little Time,Jon Pardi,40,19,Gains In Performance
2021-06-05,37,It's 'Cause I Am,Callista Clark,41,10,Gains In Performance
2021-06-05,38,To Be Loved By You,Parker McCollum,39,15,
2021-06-05,39,Half Of My Hometown,Kelsea Ballerini Featuring Kenny Chesney,42,6,Gains In Performance
2021-06-05,40,Thinking 'Bout You,Dustin Lynch Featuring MacKenzie Porter,46,4,Gains In Performance
2021-06-05,41,You Should Probably Leave,Chris Stapleton,47,2,Gains In Performance
2021-06-05,42,Waitin' On 5,Chris Janson,43,32,Gains In Performance
2021-06-05,43,That Ain't Me No More,Matt Stell,45,13,Gains In Performance
2021-06-05,44,Give Heaven Some Hell,HARDY,44,13,Gains In Performance
2021-06-05,45,Not Yet,Brett Young,48,6,Gains In Performance
2021-06-05,46,Getting Over Him,Lauren Alaina Duet With Jon Pardi,50,13,Gains In Performance
2021-06-05,47,If It Wasn't For Trucks,Riley Green,49,28,Gains In Performance
2021-06-05,48,I Can't,Caitlyn Smith Featuring Old Dominion,51,15,Gains In Performance
2021-06-05,49,Drunk (And I Don't Wanna Go Home),Elle King & Miranda Lambert,NEW,1,Highest ranking debut|Gains In Performance
2021-06-05,50,Need A Bar Sometimes,Clay Walker,53,18,Gains In Performance
2021-06-05,51,I'm Not For Everyone,Brothers Osborne,54,4,Gains In Performance
2021-06-05,52,Long Haul,Ian Munsick,52,7,
2021-06-05,53,Fill Them Boots,Chris Lane,58,6,Gains In Performance
2021-06-05,54,Where I Find God,Larry Fleet,56,26,Gains In Performance
2021-06-05,55,My Masterpiece,Darius Rucker,RE,2,Gains In Performance
2021-06-05,56,No Sad Songs,Niko Moon,NEW,1,Gains In Performance
2021-06-05,57,Come In (But Don't Make Yourself Comfortable),Caroline Jones,60,2,Gains In Performance
2021-06-05,58,Would Have Loved Her,Chris Bandi,NEW,1,Gains In Performance
2021-06-05,59,Old School's In,Heath Sanders,59,6,
2021-06-05,60,Hot Beer,Dillon Carmichael,57,3,
2021-06-12,1,Forever After All,Luke Combs,1,21,Greatest gainer this week|Gains In Performance
2021-06-12,2,Gone,Dierks Bentley,3,33,Gains In Performance
2021-06-12,3,Famous Friends,Chris Young + Kane Brown,6,27,Gains In Performance
2021-06-12,4,Nobody,Dylan Scott,2,59,
2021-06-12,5,Blame It On You,Jason Aldean,8,30,Gains In Performance
2021-06-12,6,Breaking Up Was Easy In The 90's,Sam Hunt,4,35,
2021-06-12,7,Almost Maybes,Jordan Davis,7,53,Gains In Performance
2021-06-12,8,Single Saturday Night,Cole Swindell,10,49,Gains In Performance
2021-06-12,9,Settling Down,Miranda Lambert,9,37,Gains In Performance
2021-06-12,10,Minimum Wage,Blake Shelton,11,21,Gains In Performance
2021-06-12,11,Drinkin' Beer. Talkin' God. Amen.,Chase Rice Featuring Florida Georgia Line,14,27,Gains In Performance
2021-06-12,12,One Too Many,Keith Urban Duet With P!nk,12,37,Gains In Performance
2021-06-12,13,Glad You Exist,Dan + Shay,13,18,Gains In Performance
2021-06-12,14,We Didn't Have Much,Justin Moore,15,33,Gains In Performance
2021-06-12,15,Things A Man Oughta Know,Lainey Wilson,18,24,Gains In Performance
2021-06-12,16,Country Again,Thomas Rhett,17,8,Gains In Performance
2021-06-12,17,Undivided,Tim McGraw & Tyler Hubbard,16,21,Gains In Performance
2021-06-12,18,Waves,Luke Bryan,19,9,Gains In Performance
2021-06-12,19,Next Girl,Carly Pearce,20,37,Gains In Performance
2021-06-12,20,You Time,Scotty McCreery,22,31,Gains In Performance
2021-06-12,21,My Boy,Elvie Shane,21,35,Gains In Performance
2021-06-12,22,Cold Beer Calling My Name,Jameson Rodgers Featuring Luke Combs,24,26,Gains In Performance
2021-06-12,23,Shallow,Garth Brooks & Trisha Yearwood,23,26,Gains In Performance
2021-06-12,24,Worship You,Kane Brown,25,32,Gains In Performance
2021-06-12,25,I Was On A Boat That Day,Old Dominion,26,3,Gains In Performance
2021-06-12,26,Memory I Don't Mess With,Lee Brice,27,31,Gains In Performance
2021-06-12,27,Like A Lady,Lady A,28,13,Gains In Performance
2021-06-12,28,Knowing You,Kenny Chesney,29,13,Gains In Performance
2021-06-12,29,Just About Over You,Priscilla Block,30,37,Gains In Performance
2021-06-12,30,Chasing After You,Ryan Hurd With Maren Morris,31,14,Gains In Performance
2021-06-12,31,Freedom Was A Highway,Jimmie Allen & Brad Paisley,32,19,Gains In Performance
2021-06-12,32,Whiskey And Rain,Michael Ray,33,33,Gains In Performance
2021-06-12,33,Lady Like,Ingrid Andress,34,28,Gains In Performance
2021-06-12,34,Tequila Little Time,Jon Pardi,36,20,Gains In Performance
2021-06-12,35,Home Sweet,Russell Dickerson,35,20,Gains In Performance
2021-06-12,36,To Be Loved By You,Parker McCollum,38,16,Gains In Performance
2021-06-12,37,It's 'Cause I Am,Callista Clark,37,11,Gains In Performance
2021-06-12,38,Thinking 'Bout You,Dustin Lynch Featuring MacKenzie Porter,40,5,Gains In Performance
2021-06-12,39,That Ain't Me No More,Matt Stell,43,14,Gains In Performance
2021-06-12,40,You Should Probably Leave,Chris Stapleton,41,3,Gains In Performance
2021-06-12,41,Give Heaven Some Hell,HARDY,44,14,Gains In Performance
2021-06-12,42,Waitin' On 5,Chris Janson,42,33,Gains In Performance
2021-06-12,43,Half Of My Hometown,Kelsea Ballerini Featuring Kenny Chesney,39,7,Gains In Performance
2021-06-12,44,Not Yet,Brett Young,45,7,Gains In Performance
2021-06-12,45,Drunk (And I Don't Wanna Go Home),Elle King & Miranda Lambert,49,2,Gains In Performance
2021-06-12,46,Getting Over Him,Lauren Alaina Duet With Jon Pardi,46,14,Gains In Performance
2021-06-12,47,If It Wasn't For Trucks,Riley Green,47,29,Gains In Performance
2021-06-12,48,I Can't,Caitlyn Smith Featuring Old Dominion,48,16,Gains In Performance
2021-06-12,49,No Sad Songs,Niko Moon,56,2,Gains In Performance
2021-06-12,50,I'm Not For Everyone,Brothers Osborne,51,5,Gains In Performance
2021-06-12,51,Fill Them Boots,Chris Lane,53,7,Gains In Performance
2021-06-12,52,Need A Bar Sometimes,Clay Walker,50,19,
2021-06-12,53,While You're Gone,Drew Parker,NEW,1,Highest ranking debut|Gains In Performance
2021-06-12,54,Long Haul,Ian Munsick,52,8,Gains In Performance
2021-06-12,55,Would Have Loved Her,Chris Bandi,58,2,Gains In Performance
2021-06-12,56,Come In (But Don't Make Yourself Comfortable),Caroline Jones,57,3,Gains In Performance
2021-06-12,57,Hot Beer,Dillon Carmichael,60,4,Gains In Performance
2021-06-12,58,Where I Find God,Larry Fleet,54,27,
2021-06-12,59,"Back Then, Right Now",Tenille Arts,NEW,1,Gains In Performance
2021-06-12,60,Gone Too Soon,Andrew Jannakos,RE,2,Gains In Performance
2021-06-19,1,Forever After All,Luke Combs,1,22,Gains In Performance
2021-06-19,2,Gone,Dierks Bentley,2,34,Gains In Performance
2021-06-19,3,Famous Friends,Chris Young + Kane Brown,3,28,Gains In Performance
2021-06-19,4,Blame It On You,Jason Aldean,5,31,Gains In Performance
2021-06-19,5,Single Saturday Night,Cole Swindell,8,50,Gains In Performance
2021-06-19,6,Settling Down,Miranda Lambert,9,38,Gains In Performance
2021-06-19,7,Almost Maybes,Jordan Davis,7,54,
2021-06-19,8,Breaking Up Was Easy In The 90's,Sam Hunt,6,36,
2021-06-19,9,Minimum Wage,Blake Shelton,10,22,Gains In Performance
2021-06-19,10,Drinkin' Beer. Talkin' God. Amen.,Chase Rice Featuring Florida Georgia Line,11,28,Gains In Performance
2021-06-19,11,Glad You Exist,Dan + Shay,13,19,Gains In Performance
2021-06-19,12,One Too Many,Keith Urban Duet With P!nk,12,38,Gains In Performance
2021-06-19,13,We Didn't Have Much,Justin Moore,14,34,Gains In Performance
2021-06-19,14,Things A Man Oughta Know,Lainey Wilson,15,25,Gains In Performance
2021-06-19,15,Country Again,Thomas Rhett,16,9,Gains In Performance
2021-06-19,16,Undivided,Tim McGraw & Tyler Hubbard,17,22,Gains In Performance
2021-06-19,17,Waves,Luke Bryan,18,10,Gains In Performance
2021-06-19,18,Next Girl,Carly Pearce,19,38,Gains In Performance
2021-06-19,19,You Time,Scotty McCreery,20,32,Gains In Performance
2021-06-19,20,My Boy,Elvie Shane,21,36,Gains In Performance
2021-06-19,21,I Was On A Boat That Day,Old Dominion,25,4,Gains In Performance
2021-06-19,22,Cold Beer Calling My Name,Jameson Rodgers Featuring Luke Combs,22,27,Gains In Performance
2021-06-19,23,Shallow,Garth Brooks & Trisha Yearwood,23,27,Gains In Performance
2021-06-19,24,Worship You,Kane Brown,24,33,Gains In Performance
2021-06-19,25,Same Boat,Zac Brown Band,NEW,1,Highest ranking debut|Gains In Performance
2021-06-19,26,Memory I Don't Mess With,Lee Brice,26,32,Gains In Performance
2021-06-19,27,Like A Lady,Lady A,27,14,Gains In Performance
2021-06-19,28,Knowing You,Kenny Chesney,28,14,Gains In Performance
2021-06-19,29,Freedom Was A Highway,Jimmie Allen & Brad Paisley,31,20,Gains In Performance
2021-06-19,30,Just About Over You,Priscilla Block,29,38,Gains In Performance
2021-06-19,31,Chasing After You,Ryan Hurd With Maren Morris,30,15,Gains In Performance
2021-06-19,32,Whiskey And Rain,Michael Ray,32,34,Gains In Performance
2021-06-19,33,Tequila Little Time,Jon Pardi,34,21,Gains In Performance
2021-06-19,34,Lady Like,Ingrid Andress,33,29,
2021-06-19,35,It's 'Cause I Am,Callista Clark,37,12,Gains In Performance
2021-06-19,36,Home Sweet,Russell Dickerson,35,21,Gains In Performance
2021-06-19,37,To Be Loved By You,Parker McCollum,36,17,Gains In Performance
2021-06-19,38,Thinking 'Bout You,Dustin Lynch Featuring MacKenzie Porter,38,6,Gains In Performance
2021-06-19,39,You Should Probably Leave,Chris Stapleton,40,4,Gains In Performance
2021-06-19,40,That Ain't Me No More,Matt Stell,39,15,
2021-06-19,41,Half Of My Hometown,Kelsea Ballerini Featuring Kenny Chesney,43,8,Gains In Performance
2021-06-19,42,Give Heaven Some Hell,HARDY,41,15,Gains In Performance
2021-06-19,43,Drunk (And I Don't Wanna Go Home),Elle King & Miranda Lambert,45,3,Gains In Performance
2021-06-19,44,Not Yet,Brett Young,44,8,
2021-06-19,45,Getting Over Him,Lauren Alaina Duet With Jon Pardi,46,15,Gains In Performance
2021-06-19,46,I Can't,Caitlyn Smith Featuring Old Dominion,48,17,Gains In Performance
2021-06-19,47,I'm Not For Everyone,Brothers Osborne,50,6,Gains In Performance
2021-06-19,48,If It Wasn't For Trucks,Riley Green,47,30,
2021-06-19,49,No Sad Songs,Niko Moon,49,3,
2021-06-19,50,While You're Gone,Drew Parker,53,2,Gains In Performance
2021-06-19,51,Fill Them Boots,Chris Lane,51,8,Gains In Performance
2021-06-19,52,Would Have Loved Her,Chris Bandi,55,3,Gains In Performance
2021-06-19,53,Need A Bar Sometimes,Clay Walker,52,20,
2021-06-19,54,Long Haul,Ian Munsick,54,9,Gains In Performance
2021-06-19,55,Come In (But Don't Make Yourself Comfortable),Caroline Jones,56,4,Gains In Performance
2021-06-19,56,Where I Find God,Larry Fleet,58,28,Gains In Performance
2021-06-19,57,"Back Then, Right Now",Tenille Arts,59,2,Gains In Performance
2021-06-19,58,You Ain't Pretty,Nate Barnes,RE,3,Gains In Performance
2021-06-19,59,ABBY,Travis Denning,NEW,1,Gains In Performance
2021-06-19,60,Good Day (2021),Brett Eldredge,RE,9,Gains In Performance
2021-06-26,1,Forever After All,Luke Combs,1,23,
2021-06-26,2,Gone,Dierks Bentley,2,35,Gains In Performance
2021-06-26,3,Famous Friends,Chris Young + Kane Brown,3,29,Gains In Performance
2021-06-26,4,Single Saturday Night,Cole Swindell,5,51,Gains In Performance
2021-06-26,5,Blame It On You,Jason Aldean,4,32,Gains In Performance
2021-06-26,6,Almost Maybes,Jordan Davis,7,55,Gains In Performance
2021-06-26,7,Settling Down,Miranda Lambert,6,39,Gains In Performance
2021-06-26,8,Drinkin' Beer. Talkin' God. Amen.,Chase Rice Featuring Florida Georgia Line,10,29,Gains In Performance
2021-06-26,9,Glad You Exist,Dan + Shay,11,20,Gains In Performance
2021-06-26,10,Minimum Wage,Blake Shelton,9,23,Gains In Performance
2021-06-26,11,We Didn't Have Much,Justin Moore,13,35,Gains In Performance
2021-06-26,12,One Too Many,Keith Urban Duet With P!nk,12,39,Gains In Performance
2021-06-26,13,Things A Man Oughta Know,Lainey Wilson,14,26,Gains In Performance
2021-06-26,14,Country Again,Thomas Rhett,15,10,Gains In Performance
2021-06-26,15,Waves,Luke Bryan,17,11,Gains In Performance
2021-06-26,16,Undivided,Tim McGraw & Tyler Hubbard,16,23,
2021-06-26,17,You Time,Scotty McCreery,19,33,Gains In Performance
2021-06-26,18,Next Girl,Carly Pearce,18,39,
2021-06-26,19,My Boy,Elvie Shane,20,37,Gains In Performance
2021-06-26,20,I Was On A Boat That Day,Old Dominion,21,5,Gains In Performance
2021-06-26,21,Cold Beer Calling My Name,Jameson Rodgers Featuring Luke Combs,22,28,Gains In Performance
2021-06-26,22,Shallow,Garth Brooks & Trisha Yearwood,23,28,Gains In Performance
2021-06-26,23,Worship You,Kane Brown,24,34,
2021-06-26,24,Memory I Don't Mess With,Lee Brice,26,33,Gains In Performance
2021-06-26,25,Like A Lady,Lady A,27,15,Gains In Performance
2021-06-26,26,Knowing You,Kenny Chesney,28,15,Gains In Performance
2021-06-26,27,Freedom Was A Highway,Jimmie Allen & Brad Paisley,29,21,Gains In Performance
2021-06-26,28,Just About Over You,Priscilla Block,30,39,Gains In Performance
2021-06-26,29,Chasing After You,Ryan Hurd With Maren Morris,31,16,
2021-06-26,30,Whiskey And Rain,Michael Ray,32,35,Gains In Performance
2021-06-26,31,Tequila Little Time,Jon Pardi,33,22,Gains In Performance
2021-06-26,32,The Worst Country Song Of All Time,Brantley Gilbert Featuring Toby Keith & HARDY,NEW,1,Highest ranking debut|Gains In Performance
2021-06-26,33,It's 'Cause I Am,Callista Clark,35,13,Gains In Performance
2021-06-26,34,Home Sweet,Russell Dickerson,36,22,Gains In Performance
2021-06-26,35,To Be Loved By You,Parker McCollum,37,18,Gains In Performance
2021-06-26,36,Same Boat,Zac Brown Band,25,2,
2021-06-26,37,Thinking 'Bout You,Dustin Lynch Featuring MacKenzie Porter,38,7,Gains In Performance
2021-06-26,38,Lady Like,Ingrid Andress,34,30,
2021-06-26,39,You Should Probably Leave,Chris Stapleton,39,5,Gains In Performance
2021-06-26,40,Half Of My Hometown,Kelsea Ballerini Featuring Kenny Chesney,41,9,Gains In Performance
2021-06-26,41,That Ain't Me No More,Matt Stell,40,16,Gains In Performance
2021-06-26,42,Drunk (And I Don't Wanna Go Home),Elle King & Miranda Lambert,43,4,Gains In Performance
2021-06-26,43,Give Heaven Some Hell,HARDY,42,16,
2021-06-26,44,Not Yet,Brett Young,44,9,Gains In Performance
2021-06-26,45,Getting Over Him,Lauren Alaina Duet With Jon Pardi,45,16,Gains In Performance
2021-06-26,46,If It Wasn't For Trucks,Riley Green,48,31,Gains In Performance
2021-06-26,47,I Can't,Caitlyn Smith Featuring Old Dominion,46,18,Gains In Performance
2021-06-26,48,I'm Not For Everyone,Brothers Osborne,47,7,
2021-06-26,49,While You're Gone,Drew Parker,50,3,Gains In Performance
2021-06-26,50,No Sad Songs,Niko Moon,49,4,Gains In Performance
2021-06-26,51,Fill Them Boots,Chris Lane,51,9,Gains In Performance
2021-06-26,52,Would Have Loved Her,Chris Bandi,52,4,Gains In Performance
2021-06-26,53,"Back Then, Right Now",Tenille Arts,57,3,Gains In Performance
2021-06-26,54,Need A Bar Sometimes,Clay Walker,53,21,
2021-06-26,55,Hot Beer,Dillon Carmichael,RE,5,Gains In Performance
2021-06-26,56,Where I Find God,Larry Fleet,56,29,Gains In Performance
2021-06-26,57,Old School's In,Heath Sanders,RE,7,Gains In Performance
2021-06-26,58,ABBY,Travis Denning,59,2,Gains In Performance
2021-06-26,59,Come In (But Don't Make Yourself Comfortable),Caroline Jones,55,5,
2021-06-26,60,Gone Too Soon,Andrew Jannakos,RE,3,Gains In Performance
2021-07-03,1,Forever After All,Luke Combs,1,24,
2021-07-03,2,Gone,Dierks Bentley,2,36,Gains In Performance
2021-07-03,3,Famous Friends,Chris Young + Kane Brown,3,30,Gains In Performance
2021-07-03,4,Single Saturday Night,Cole Swindell,4,52,Gains In Performance
2021-07-03,5,Blame It On You,Jason Aldean,5,33,Gains In Performance
2021-07-03,6,Almost Maybes,Jordan Davis,6,56,Gains In Performance
2021-07-03,7,Settling Down,Miranda Lambert,7,40,
2021-07-03,8,Drinkin' Beer. Talkin' God. Amen.,Chase Rice Featuring Florida Georgia Line,8,30,Gains In Performance
2021-07-03,9,Glad You Exist,Dan + Shay,9,21,Gains In Performance
2021-07-03,10,Minimum Wage,Blake Shelton,10,24,
2021-07-03,11,We Didn't Have Much,Justin Moore,11,36,Gains In Performance
2021-07-03,12,One Too Many,Keith Urban Duet With P!nk,12,40,Gains In Performance
2021-07-03,13,Things A Man Oughta Know,Lainey Wilson,13,27,Gains In Performance
2021-07-03,14,Country Again,Thomas Rhett,14,11,Gains In Performance
2021-07-03,15,Waves,Luke Bryan,15,12,Gains In Performance
2021-07-03,16,You Time,Scotty McCreery,17,34,Gains In Performance
2021-07-03,17,Next Girl,Carly Pearce,18,40,Gains In Performance
2021-07-03,18,I Was On A Boat That Day,Old Dominion,20,6,Gains In Performance
2021-07-03,19,Cold Beer Calling My Name,Jameson Rodgers Featuring Luke Combs,21,29,Gains In Performance
2021-07-03,20,My Boy,Elvie Shane,19,38,Gains In Performance
2021-07-03,21,Shallow,Garth Brooks & Trisha Yearwood,22,29,
2021-07-03,22,Memory I Don't Mess With,Lee Brice,24,34,Gains In Performance
2021-07-03,23,Like A Lady,Lady A,25,16,Gains In Performance
2021-07-03,24,Freedom Was A Highway,Jimmie Allen & Brad Paisley,27,22,Gains In Performance
2021-07-03,25,Old School,Toby Keith,NEW,1,Highest ranking debut|Gains In Performance
2021-07-03,26,Knowing You,Kenny Chesney,26,16,Gains In Performance
2021-07-03,27,Just About Over You,Priscilla Block,28,40,Gains In Performance
2021-07-03,28,Chasing After You,Ryan Hurd With Maren Morris,29,17,Gains In Performance
2021-07-03,29,Whiskey And Rain,Michael Ray,30,36,Gains In Performance
2021-07-03,30,Tequila Little Time,Jon Pardi,31,23,Gains In Performance
2021-07-03,31,It's 'Cause I Am,Callista Clark,33,14,Gains In Performance
2021-07-03,32,You Should Probably Leave,Chris Stapleton,39,6,Gains In Performance
2021-07-03,33,Same Boat,Zac Brown Band,36,3,Gains In Performance
2021-07-03,34,Lady Like,Ingrid Andress,38,31,Gains In Performance
2021-07-03,35,Home Sweet,Russell Dickerson,34,23,Gains In Performance
2021-07-03,36,To Be Loved By You,Parker McCollum,35,19,Gains In Performance
2021-07-03,37,Thinking 'Bout You,Dustin Lynch Featuring MacKenzie Porter,37,8,Gains In Performance
2021-07-03,38,Half Of My Hometown,Kelsea Ballerini Featuring Kenny Chesney,40,10,Gains In Performance
2021-07-03,39,Drunk (And I Don't Wanna Go Home),Elle King & Miranda Lambert,42,5,Gains In Performance
2021-07-03,40,That Ain't Me No More,Matt Stell,41,17,
2021-07-03,41,Give Heaven Some Hell,HARDY,43,17,Gains In Performance
2021-07-03,42,The Worst Country Song Of All Time,Brantley Gilbert Featuring Toby Keith & HARDY,32,2,
2021-07-03,43,Getting Over Him,Lauren Alaina Duet With Jon Pardi,45,17,Gains In Performance
2021-07-03,44,I'm Not For Everyone,Brothers Osborne,48,8,Gains In Performance
2021-07-03,45,Where I Find God,Larry Fleet,56,30,Gains In Performance
2021-07-03,46,I Can't,Caitlyn Smith Featuring Old Dominion,47,19,Gains In Performance
2021-07-03,47,If It Wasn't For Trucks,Riley Green,46,32,Gains In Performance
2021-07-03,48,Not Yet,Brett Young,44,10,
2021-07-03,49,Lil Bit,Nelly & Florida Georgia Line,NEW,1,Gains In Performance
2021-07-03,50,While You're Gone,Drew Parker,49,4,Gains In Performance
2021-07-03,51,No Sad Songs,Niko Moon,50,5,Gains In Performance
2021-07-03,52,ABBY,Travis Denning,58,3,Gains In Performance
2021-07-03,53,Fill Them Boots,Chris Lane,51,10,
2021-07-03,54,Would Have Loved Her,Chris Bandi,52,5,
2021-07-03,55,You Ain't Pretty,Nate Barnes,RE,4,Gains In Performance
2021-07-03,56,"Back Then, Right Now",Tenille Arts,53,4,
2021-07-03,57,Hot Beer,Dillon Carmichael,55,6,
2021-07-03,58,Good Day (2021),Brett Eldredge,RE,10,Gains In Performance
2021-07-03,59,My Masterpiece,Darius Rucker,RE,3,Gains In Performance
2021-07-03,60,Long Haul,Ian Munsick,RE,10,Gains In Performance
2021-07-10,1,Forever After All,Luke Combs,1,25,
2021-07-10,2,Famous Friends,Chris Young + Kane Brown,3,31,Gains In Performance
2021-07-10,3,Single Saturday Night,Cole Swindell,4,53,Gains In Performance
2021-07-10,4,Blame It On You,Jason Aldean,5,34,Gains In Performance
2021-07-10,5,Almost Maybes,Jordan Davis,6,57,Greatest gainer this week|Gains In Performance
2021-07-10,6,Gone,Dierks Bentley,2,37,
2021-07-10,7,Drinkin' Beer. Talkin' God. Amen.,Chase Rice Featuring Florida Georgia Line,8,31,Gains In Performance
2021-07-10,8,Settling Down,Miranda Lambert,7,41,
2021-07-10,9,Glad You Exist,Dan + Shay,9,22,Gains In Performance
2021-07-10,10,Minimum Wage,Blake Shelton,10,25,Gains In Performance
2021-07-10,11,We Didn't Have Much,Justin Moore,11,37,Gains In Performance
2021-07-10,12,One Too Many,Keith Urban Duet With P!nk,12,41,Gains In Performance
2021-07-10,13,Country Again,Thomas Rhett,14,12,Gains In Performance
2021-07-10,14,Things A Man Oughta Know,Lainey Wilson,13,28,Gains In Performance
2021-07-10,15,Waves,Luke Bryan,15,13,Gains In Performance
2021-07-10,16,You Time,Scotty McCreery,16,35,Gains In Performance
2021-07-10,17,I Was On A Boat That Day,Old Dominion,18,7,Gains In Performance
2021-07-10,18,My Boy,Elvie Shane,20,39,Gains In Performance
2021-07-10,19,Next Girl,Carly Pearce,17,41,Gains In Performance
2021-07-10,20,Cold Beer Calling My Name,Jameson Rodgers Featuring Luke Combs,19,30,Gains In Performance
2021-07-10,21,Memory I Don't Mess With,Lee Brice,22,35,Gains In Performance
2021-07-10,22,Like A Lady,Lady A,23,17,
2021-07-10,23,Freedom Was A Highway,Jimmie Allen & Brad Paisley,24,23,Gains In Performance
2021-07-10,24,Knowing You,Kenny Chesney,26,17,Gains In Performance
2021-07-10,25,Chasing After You,Ryan Hurd With Maren Morris,28,18,Gains In Performance
2021-07-10,26,Just About Over You,Priscilla Block,27,41,
2021-07-10,27,Whiskey And Rain,Michael Ray,29,37,Gains In Performance
2021-07-10,28,Tequila Little Time,Jon Pardi,30,24,Gains In Performance
2021-07-10,29,You Should Probably Leave,Chris Stapleton,32,7,Gains In Performance
2021-07-10,30,Same Boat,Zac Brown Band,33,4,Gains In Performance
2021-07-10,31,It's 'Cause I Am,Callista Clark,31,15,Gains In Performance
2021-07-10,32,Thinking 'Bout You,Dustin Lynch Featuring MacKenzie Porter,37,9,Gains In Performance
2021-07-10,33,Home Sweet,Russell Dickerson,35,24,Gains In Performance
2021-07-10,34,Half Of My Hometown,Kelsea Ballerini Featuring Kenny Chesney,38,11,Gains In Performance
2021-07-10,35,Lady Like,Ingrid Andress,34,32,Gains In Performance
2021-07-10,36,To Be Loved By You,Parker McCollum,36,20,Gains In Performance
2021-07-10,37,Drunk (And I Don't Wanna Go Home),Elle King & Miranda Lambert,39,6,Gains In Performance
2021-07-10,38,Give Heaven Some Hell,HARDY,41,18,Gains In Performance
2021-07-10,39,The Worst Country Song Of All Time,Brantley Gilbert Featuring Toby Keith & HARDY,42,3,Gains In Performance
2021-07-10,40,That Ain't Me No More,Matt Stell,40,18,
2021-07-10,41,Getting Over Him,Lauren Alaina Duet With Jon Pardi,43,18,Gains In Performance
2021-07-10,42,Not Yet,Brett Young,48,11,Gains In Performance
2021-07-10,43,Where I Find God,Larry Fleet,45,31,Gains In Performance
2021-07-10,44,If It Wasn't For Trucks,Riley Green,47,33,Gains In Performance
2021-07-10,45,I Can't,Caitlyn Smith Featuring Old Dominion,46,20,
2021-07-10,46,I'm Not For Everyone,Brothers Osborne,44,9,
2021-07-10,47,Lil Bit,Nelly & Florida Georgia Line,49,2,Gains In Performance
2021-07-10,48,Fill Them Boots,Chris Lane,53,11,Gains In Performance
2021-07-10,49,No Sad Songs,Niko Moon,51,6,Gains In Performance
2021-07-10,50,While You're Gone,Drew Parker,50,5,
2021-07-10,51,My Masterpiece,Darius Rucker,59,4,Gains In Performance
2021-07-10,52,Old School,Toby Keith,25,2,
2021-07-10,53,Hot Beer,Dillon Carmichael,57,7,Gains In Performance
2021-07-10,54,You Ain't Pretty,Nate Barnes,55,5,Gains In Performance
2021-07-10,55,Would Have Loved Her,Chris Bandi,54,6,Gains In Performance
2021-07-10,56,Sand In My Boots,Morgan Wallen,NEW,1,Highest ranking debut|Gains In Performance
2021-07-10,57,"Back Then, Right Now",Tenille Arts,56,5,Gains In Performance
2021-07-10,58,ABBY,Travis Denning,52,4,
2021-07-10,59,Gone Too Soon,Andrew Jannakos,RE,4,Gains In Performance
2021-07-10,60,Long Haul,Ian Munsick,60,11,
2021-07-17,1,Famous Friends,Chris Young + Kane Brown,2,32,Gains In Performance
2021-07-17,2,Forever After All,Luke Combs,1,26,
2021-07-17,3,Single Saturday Night,Cole Swindell,3,54,Gains In Performance
2021-07-17,4,Blame It On You,Jason Aldean,4,35,Gains In Performance
2021-07-17,5,Drinkin' Beer. Talkin' God. Amen.,Chase Rice Featuring Florida Georgia Line,7,32,Greatest gainer this week|Gains In Performance
2021-07-17,6,Gone,Dierks Bentley,6,38,
2021-07-17,7,Glad You Exist,Dan + Shay,9,23,Gains In Performance
2021-07-17,8,Settling Down,Miranda Lambert,8,42,Gains In Performance
2021-07-17,9,We Didn't Have Much,Justin Moore,11,38,Gains In Performance
2021-07-17,10,Waves,Luke Bryan,15,14,Gains In Performance
2021-07-17,11,Country Again,Thomas Rhett,13,13,Gains In Performance
2021-07-17,12,Minimum Wage,Blake Shelton,10,26,Gains In Performance
2021-07-17,13,Things A Man Oughta Know,Lainey Wilson,14,29,Gains In Performance
2021-07-17,14,One Too Many,Keith Urban Duet With P!nk,12,42,Gains In Performance
2021-07-17,15,Almost Maybes,Jordan Davis,5,58,
2021-07-17,16,You Time,Scotty McCreery,16,36,Gains In Performance
2021-07-17,17,I Was On A Boat That Day,Old Dominion,17,8,Gains In Performance
2021-07-17,18,Cold Beer Calling My Name,Jameson Rodgers Featuring Luke Combs,20,31,Gains In Performance
2021-07-17,19,My Boy,Elvie Shane,18,40,Gains In Performance
2021-07-17,20,Next Girl,Carly Pearce,19,42,Gains In Performance
2021-07-17,21,Memory I Don't Mess With,Lee Brice,21,36,Gains In Performance
2021-07-17,22,Freedom Was A Highway,Jimmie Allen & Brad Paisley,23,24,Gains In Performance
2021-07-17,23,Like A Lady,Lady A,22,18,Gains In Performance
2021-07-17,24,Chasing After You,Ryan Hurd With Maren Morris,25,19,Gains In Performance
2021-07-17,25,Knowing You,Kenny Chesney,24,18,Gains In Performance
2021-07-17,26,Just About Over You,Priscilla Block,26,42,Gains In Performance
2021-07-17,27,Whiskey And Rain,Michael Ray,27,38,Gains In Performance
2021-07-17,28,Tequila Little Time,Jon Pardi,28,25,Gains In Performance
2021-07-17,29,It's 'Cause I Am,Callista Clark,31,16,Gains In Performance
2021-07-17,30,You Should Probably Leave,Chris Stapleton,29,8,Gains In Performance
2021-07-17,31,Same Boat,Zac Brown Band,30,5,Gains In Performance
2021-07-17,32,Thinking 'Bout You,Dustin Lynch Featuring MacKenzie Porter,32,10,Gains In Performance
2021-07-17,33,Home Sweet,Russell Dickerson,33,25,Gains In Performance
2021-07-17,34,Half Of My Hometown,Kelsea Ballerini Featuring Kenny Chesney,34,12,Gains In Performance
2021-07-17,35,To Be Loved By You,Parker McCollum,36,21,Gains In Performance
2021-07-17,36,Drunk (And I Don't Wanna Go Home),Elle King & Miranda Lambert,37,7,Gains In Performance
2021-07-17,37,Lady Like,Ingrid Andress,35,33,
2021-07-17,38,Give Heaven Some Hell,HARDY,38,19,Gains In Performance
2021-07-17,39,That Ain't Me No More,Matt Stell,40,19,Gains In Performance
2021-07-17,40,The Worst Country Song Of All Time,Brantley Gilbert Featuring Toby Keith & HARDY,39,4,Gains In Performance
2021-07-17,41,If It Wasn't For Trucks,Riley Green,44,34,Gains In Performance
2021-07-17,42,Getting Over Him,Lauren Alaina Duet With Jon Pardi,41,19,Gains In Performance
2021-07-17,43,Where I Find God,Larry Fleet,43,32,Gains In Performance
2021-07-17,44,Not Yet,Brett Young,42,12,Gains In Performance
2021-07-17,45,Lil Bit,Nelly & Florida Georgia Line,47,3,Gains In Performance
2021-07-17,46,I Can't,Caitlyn Smith Featuring Old Dominion,45,21,Gains In Performance
2021-07-17,47,Sand In My Boots,Morgan Wallen,56,2,Gains In Performance
2021-07-17,48,That's What Cowboys Do,Garth Brooks,NEW,1,Highest ranking debut|Gains In Performance
2021-07-17,49,I'm Not For Everyone,Brothers Osborne,46,10,Gains In Performance
2021-07-17,50,Cold As You,Luke Combs,NEW,1,Gains In Performance
2021-07-17,51,No Sad Songs,Niko Moon,49,7,Gains In Performance
2021-07-17,52,Fill Them Boots,Chris Lane,48,12,Gains In Performance
2021-07-17,53,Fancy Like,Walker Hayes,NEW,1,Gains In Performance
2021-07-17,54,"Back Then, Right Now",Tenille Arts,57,6,Gains In Performance
2021-07-17,55,Hot Beer,Dillon Carmichael,53,8,Gains In Performance
2021-07-17,56,You Ain't Pretty,Nate Barnes,54,6,Gains In Performance
2021-07-17,57,My Masterpiece,Darius Rucker,51,5,Gains In Performance
2021-07-17,58,While You're Gone,Drew Parker,50,6,
2021-07-17,59,Would Have Loved Her,Chris Bandi,55,7,Gains In Performance
2021-07-17,60,Old School,Toby Keith,52,3,
2021-07-24,1,Blame It On You,Jason Aldean,4,36,Greatest gainer this week|Gains In Performance
2021-07-24,2,Single Saturday Night,Cole Swindell,3,55,Gains In Performance
2021-07-24,3,Forever After All,Luke Combs,2,27,
2021-07-24,4,Famous Friends,Chris Young + Kane Brown,1,33,
2021-07-24,5,Drinkin' Beer. Talkin' God. Amen.,Chase Rice Featuring Florida Georgia Line,5,33,Gains In Performance
2021-07-24,6,Glad You Exist,Dan + Shay,7,24,Gains In Performance
2021-07-24,7,Settling Down,Miranda Lambert,8,43,Gains In Performance
2021-07-24,8,Waves,Luke Bryan,10,15,Gains In Performance
2021-07-24,9,We Didn't Have Much,Justin Moore,9,39,Gains In Performance
2021-07-24,10,Country Again,Thomas Rhett,11,14,Gains In Performance
2021-07-24,11,Things A Man Oughta Know,Lainey Wilson,13,30,Gains In Performance
2021-07-24,12,Minimum Wage,Blake Shelton,12,27,
2021-07-24,13,One Too Many,Keith Urban Duet With P!nk,14,43,Gains In Performance
2021-07-24,14,You Time,Scotty McCreery,16,37,Gains In Performance
2021-07-24,15,I Was On A Boat That Day,Old Dominion,17,9,Gains In Performance
2021-07-24,16,Cold Beer Calling My Name,Jameson Rodgers Featuring Luke Combs,18,32,Gains In Performance
2021-07-24,17,My Boy,Elvie Shane,19,41,Gains In Performance
2021-07-24,18,Memory I Don't Mess With,Lee Brice,21,37,Gains In Performance
2021-07-24,19,Next Girl,Carly Pearce,20,43,Gains In Performance
2021-07-24,20,Knowing You,Kenny Chesney,25,19,Gains In Performance
2021-07-24,21,Like A Lady,Lady A,23,19,Gains In Performance
2021-07-24,22,Freedom Was A Highway,Jimmie Allen & Brad Paisley,22,25,Gains In Performance
2021-07-24,23,Chasing After You,Ryan Hurd With Maren Morris,24,20,Gains In Performance
2021-07-24,24,Just About Over You,Priscilla Block,26,43,Gains In Performance
2021-07-24,25,Tequila Little Time,Jon Pardi,28,26,Gains In Performance
2021-07-24,26,Whiskey And Rain,Michael Ray,27,39,Gains In Performance
2021-07-24,27,It's 'Cause I Am,Callista Clark,29,17,Gains In Performance
2021-07-24,28,Thinking 'Bout You,Dustin Lynch Featuring MacKenzie Porter,32,11,Gains In Performance
2021-07-24,29,Same Boat,Zac Brown Band,31,6,Gains In Performance
2021-07-24,30,You Should Probably Leave,Chris Stapleton,30,9,Gains In Performance
2021-07-24,31,Home Sweet,Russell Dickerson,33,26,Gains In Performance
2021-07-24,32,To Be Loved By You,Parker McCollum,35,22,Gains In Performance
2021-07-24,33,Half Of My Hometown,Kelsea Ballerini Featuring Kenny Chesney,34,13,Gains In Performance
2021-07-24,34,Drunk (And I Don't Wanna Go Home),Elle King & Miranda Lambert,36,8,Gains In Performance
2021-07-24,35,Cold As You,Luke Combs,50,2,Gains In Performance
2021-07-24,36,Give Heaven Some Hell,HARDY,38,20,Gains In Performance
2021-07-24,37,Lady Like,Ingrid Andress,37,34,
2021-07-24,38,Fancy Like,Walker Hayes,53,2,Gains In Performance
2021-07-24,39,That's What Cowboys Do,Garth Brooks,48,2,Gains In Performance
2021-07-24,40,That Ain't Me No More,Matt Stell,39,20,Gains In Performance
2021-07-24,41,The Worst Country Song Of All Time,Brantley Gilbert Featuring Toby Keith & HARDY,40,5,Gains In Performance
2021-07-24,42,Lil Bit,Nelly & Florida Georgia Line,45,4,Gains In Performance
2021-07-24,43,Heart On Fire,Eric Church,NEW,1,Highest ranking debut|Gains In Performance
2021-07-24,44,Where I Find God,Larry Fleet,43,33,Gains In Performance
2021-07-24,45,If It Wasn't For Trucks,Riley Green,41,35,
2021-07-24,46,Getting Over Him,Lauren Alaina Duet With Jon Pardi,42,20,
2021-07-24,47,Sand In My Boots,Morgan Wallen,47,3,Gains In Performance
2021-07-24,48,Not Yet,Brett Young,44,13,
2021-07-24,49,"Back Then, Right Now",Tenille Arts,54,7,Gains In Performance
2021-07-24,50,I'm Not For Everyone,Brothers Osborne,49,11,Gains In Performance
2021-07-24,51,I Can't,Caitlyn Smith Featuring Old Dominion,46,22,
2021-07-24,52,No Sad Songs,Niko Moon,51,8,Gains In Performance
2021-07-24,53,Old School,Toby Keith,60,4,Gains In Performance
2021-07-24,54,Fill Them Boots,Chris Lane,52,13,
2021-07-24,55,My Masterpiece,Darius Rucker,57,6,Gains In Performance
2021-07-24,56,While You're Gone,Drew Parker,58,7,Gains In Performance
2021-07-24,57,Hot Beer,Dillon Carmichael,55,9,
2021-07-24,58,You Ain't Pretty,Nate Barnes,56,7,
2021-07-24,59,Buy Dirt,Jordan Davis Featuring Luke Bryan,NEW,1,Gains In Performance
2021-07-24,60,Would Have Loved Her,Chris Bandi,59,8,
2021-07-31,1,Single Saturday Night,Cole Swindell,2,56,Gains In Performance
2021-07-31,2,Drinkin' Beer. Talkin' God. Amen.,Chase Rice Featuring Florida Georgia Line,5,34,Gains In Performance
2021-07-31,3,Famous Friends,Chris Young + Kane Brown,4,34,
2021-07-31,4,Forever After All,Luke Combs,3,28,
2021-07-31,5,Glad You Exist,Dan + Shay,6,25,Gains In Performance
2021-07-31,6,Waves,Luke Bryan,8,16,Gains In Performance
2021-07-31,7,We Didn't Have Much,Justin Moore,9,40,Gains In Performance
2021-07-31,8,Settling Down,Miranda Lambert,7,44,
2021-07-31,9,Blame It On You,Jason Aldean,1,37,
2021-07-31,10,Country Again,Thomas Rhett,10,15,Gains In Performance
2021-07-31,11,Things A Man Oughta Know,Lainey Wilson,11,31,Gains In Performance
2021-07-31,12,One Too Many,Keith Urban Duet With P!nk,13,44,Gains In Performance
2021-07-31,13,You Time,Scotty McCreery,14,38,Gains In Performance
2021-07-31,14,I Was On A Boat That Day,Old Dominion,15,10,Gains In Performance
2021-07-31,15,Memory I Don't Mess With,Lee Brice,18,38,Gains In Performance
2021-07-31,16,Cold Beer Calling My Name,Jameson Rodgers Featuring Luke Combs,16,33,Gains In Performance
2021-07-31,17,My Boy,Elvie Shane,17,42,Gains In Performance
2021-07-31,18,Next Girl,Carly Pearce,19,44,Gains In Performance
2021-07-31,19,Freedom Was A Highway,Jimmie Allen & Brad Paisley,22,26,Gains In Performance
2021-07-31,20,If I Didn't Love You,Jason Aldean & Carrie Underwood,NEW,1,Highest ranking debut|Gains In Performance
2021-07-31,21,Like A Lady,Lady A,21,20,Gains In Performance
2021-07-31,22,Knowing You,Kenny Chesney,20,20,Gains In Performance
2021-07-31,23,Chasing After You,Ryan Hurd With Maren Morris,23,21,Gains In Performance
2021-07-31,24,Tequila Little Time,Jon Pardi,25,27,Gains In Performance
2021-07-31,25,Just About Over You,Priscilla Block,24,44,Gains In Performance
2021-07-31,26,Whiskey And Rain,Michael Ray,26,40,Gains In Performance
2021-07-31,27,It's 'Cause I Am,Callista Clark,27,18,Gains In Performance
2021-07-31,28,Cold As You,Luke Combs,35,3,Gains In Performance
2021-07-31,29,Thinking 'Bout You,Dustin Lynch Featuring MacKenzie Porter,28,12,Gains In Performance
2021-07-31,30,Same Boat,Zac Brown Band,29,7,Gains In Performance
2021-07-31,31,You Should Probably Leave,Chris Stapleton,30,10,Gains In Performance
2021-07-31,32,Home Sweet,Russell Dickerson,31,27,Gains In Performance
2021-07-31,33,Half Of My Hometown,Kelsea Ballerini Featuring Kenny Chesney,33,14,Gains In Performance
2021-07-31,34,Drunk (And I Don't Wanna Go Home),Elle King & Miranda Lambert,34,9,Gains In Performance
2021-07-31,35,To Be Loved By You,Parker McCollum,32,23,
2021-07-31,36,Fancy Like,Walker Hayes,38,3,Gains In Performance
2021-07-31,37,Give Heaven Some Hell,HARDY,36,21,Gains In Performance
2021-07-31,38,Heart On Fire,Eric Church,43,2,Gains In Performance
2021-07-31,39,That's What Cowboys Do,Garth Brooks,39,3,Gains In Performance
2021-07-31,40,Buy Dirt,Jordan Davis Featuring Luke Bryan,59,2,Gains In Performance
2021-07-31,41,That Ain't Me No More,Matt Stell,40,21,Gains In Performance
2021-07-31,42,Sand In My Boots,Morgan Wallen,47,4,Gains In Performance
2021-07-31,43,The Worst Country Song Of All Time,Brantley Gilbert Featuring Toby Keith & HARDY,41,6,Gains In Performance
2021-07-31,44,Lil Bit,Nelly & Florida Georgia Line,42,5,Gains In Performance
2021-07-31,45,If It Wasn't For Trucks,Riley Green,45,36,Gains In Performance
2021-07-31,46,Where I Find God,Larry Fleet,44,34,Gains In Performance
2021-07-31,47,Getting Over Him,Lauren Alaina Duet With Jon Pardi,46,21,Gains In Performance
2021-07-31,48,Not Yet,Brett Young,48,14,Gains In Performance
2021-07-31,49,"Back Then, Right Now",Tenille Arts,49,8,Gains In Performance
2021-07-31,50,I'm Not For Everyone,Brothers Osborne,50,12,Gains In Performance
2021-07-31,51,I Can't,Caitlyn Smith Featuring Old Dominion,51,23,Gains In Performance
2021-07-31,52,Fill Them Boots,Chris Lane,54,14,Gains In Performance
2021-07-31,53,No Sad Songs,Niko Moon,52,9,Gains In Performance
2021-07-31,54,You Ain't Pretty,Nate Barnes,58,8,Gains In Performance
2021-07-31,55,While You're Gone,Drew Parker,56,8,Gains In Performance
2021-07-31,56,My Masterpiece,Darius Rucker,55,7,Gains In Performance
2021-07-31,57,Old School,Toby Keith,53,5,Gains In Performance
2021-07-31,58,Hot Beer,Dillon Carmichael,57,10,
2021-07-31,59,Till There's Nothing Left,Cam,NEW,1,Gains In Performance
2021-07-31,60,Would Have Loved Her,Chris Bandi,60,9,Gains In Performance
2021-08-07,1,Single Saturday Night,Cole Swindell,1,57,Gains In Performance
2021-08-07,2,Drinkin' Beer. Talkin' God. Amen.,Chase Rice Featuring Florida Georgia Line,2,35,Gains In Performance
2021-08-07,3,Famous Friends,Chris Young + Kane Brown,3,35,
2021-08-07,4,Glad You Exist,Dan + Shay,5,26,Gains In Performance
2021-08-07,5,Forever After All,Luke Combs,4,29,
2021-08-07,6,Waves,Luke Bryan,6,17,Gains In Performance
2021-08-07,7,We Didn't Have Much,Justin Moore,7,41,Gains In Performance
2021-08-07,8,Country Again,Thomas Rhett,10,16,Gains In Performance
2021-08-07,9,Things A Man Oughta Know,Lainey Wilson,11,32,Gains In Performance
2021-08-07,10,One Too Many,Keith Urban Duet With P!nk,12,45,Gains In Performance
2021-08-07,11,You Time,Scotty McCreery,13,39,Gains In Performance
2021-08-07,12,Cold Beer Calling My Name,Jameson Rodgers Featuring Luke Combs,16,34,Gains In Performance
2021-08-07,13,I Was On A Boat That Day,Old Dominion,14,11,Gains In Performance
2021-08-07,14,Memory I Don't Mess With,Lee Brice,15,39,Gains In Performance
2021-08-07,15,My Boy,Elvie Shane,17,43,Gains In Performance
2021-08-07,16,Next Girl,Carly Pearce,18,45,Gains In Performance
2021-08-07,17,Like A Lady,Lady A,21,21,Gains In Performance
2021-08-07,18,Knowing You,Kenny Chesney,22,21,Gains In Performance
2021-08-07,19,Chasing After You,Ryan Hurd With Maren Morris,23,22,Gains In Performance
2021-08-07,20,Freedom Was A Highway,Jimmie Allen & Brad Paisley,19,27,Gains In Performance
2021-08-07,21,Tequila Little Time,Jon Pardi,24,28,Gains In Performance
2021-08-07,22,Cold As You,Luke Combs,28,4,Gains In Performance
2021-08-07,23,Whiskey And Rain,Michael Ray,26,41,Gains In Performance
2021-08-07,24,Just About Over You,Priscilla Block,25,45,Gains In Performance
2021-08-07,25,It's 'Cause I Am,Callista Clark,27,19,Gains In Performance
2021-08-07,26,Same Boat,Zac Brown Band,30,8,Gains In Performance
2021-08-07,27,Thinking 'Bout You,Dustin Lynch Featuring MacKenzie Porter,29,13,Gains In Performance
2021-08-07,28,If I Didn't Love You,Jason Aldean & Carrie Underwood,20,2,
2021-08-07,29,You Should Probably Leave,Chris Stapleton,31,11,Gains In Performance
2021-08-07,30,Home Sweet,Russell Dickerson,32,28,Gains In Performance
2021-08-07,31,Half Of My Hometown,Kelsea Ballerini Featuring Kenny Chesney,33,15,Gains In Performance
2021-08-07,32,Fancy Like,Walker Hayes,36,4,Gains In Performance
2021-08-07,33,To Be Loved By You,Parker McCollum,35,24,Gains In Performance
2021-08-07,34,Beers On Me,"Dierks Bentley, BRELAND & HARDY",NEW,1,Highest ranking debut|Gains In Performance
2021-08-07,35,Drunk (And I Don't Wanna Go Home),Elle King & Miranda Lambert,34,10,Gains In Performance
2021-08-07,36,Buy Dirt,Jordan Davis Featuring Luke Bryan,40,3,Gains In Performance
2021-08-07,37,Give Heaven Some Hell,HARDY,37,22,Gains In Performance
2021-08-07,38,Heart On Fire,Eric Church,38,3,Gains In Performance
2021-08-07,39,That's What Cowboys Do,Garth Brooks,39,4,Gains In Performance
2021-08-07,40,That Ain't Me No More,Matt Stell,41,22,Gains In Performance
2021-08-07,41,Sand In My Boots,Morgan Wallen,42,5,Gains In Performance
2021-08-07,42,Lil Bit,Nelly & Florida Georgia Line,44,6,Gains In Performance
2021-08-07,43,Where I Find God,Larry Fleet,46,35,Gains In Performance
2021-08-07,44,If It Wasn't For Trucks,Riley Green,45,37,Gains In Performance
2021-08-07,45,Getting Over Him,Lauren Alaina Duet With Jon Pardi,47,22,Gains In Performance
2021-08-07,46,The Worst Country Song Of All Time,Brantley Gilbert Featuring Toby Keith & HARDY,43,7,
2021-08-07,47,Not Yet,Brett Young,48,15,Gains In Performance
2021-08-07,48,"Back Then, Right Now",Tenille Arts,49,9,Gains In Performance
2021-08-07,49,I'm Not For Everyone,Brothers Osborne,50,13,Gains In Performance
2021-08-07,50,I Can't,Caitlyn Smith Featuring Old Dominion,51,24,Gains In Performance
2021-08-07,51,Old School,Toby Keith,57,6,Gains In Performance
2021-08-07,52,You Ain't Pretty,Nate Barnes,54,9,Gains In Performance
2021-08-07,53,Fill Them Boots,Chris Lane,52,15,
2021-08-07,54,While You're Gone,Drew Parker,55,9,Gains In Performance
2021-08-07,55,No Sad Songs,Niko Moon,53,10,
2021-08-07,56,Footprints On The Moon,Gabby Barrett,NEW,1,Gains In Performance
2021-08-07,57,My Masterpiece,Darius Rucker,56,8,Gains In Performance
2021-08-07,58,Hot Beer,Dillon Carmichael,58,11,Gains In Performance
2021-08-07,59,Till There's Nothing Left,Cam,59,2,Gains In Performance
2021-08-07,60,Would Have Loved Her,Chris Bandi,60,10,Gains In Performance
2021-08-14,1,Drinkin' Beer. Talkin' God. Amen.,Chase Rice Featuring Florida Georgia Line,2,36,Gains In Performance
2021-08-14,2,Single Saturday Night,Cole Swindell,1,58,
2021-08-14,3,Glad You Exist,Dan + Shay,4,27,Gains In Performance
2021-08-14,4,Famous Friends,Chris Young + Kane Brown,3,36,
2021-08-14,5,Forever After All,Luke Combs,5,30,
2021-08-14,6,Waves,Luke Bryan,6,18,Gains In Performance
2021-08-14,7,We Didn't Have Much,Justin Moore,7,42,Gains In Performance
2021-08-14,8,Country Again,Thomas Rhett,8,17,Gains In Performance
2021-08-14,9,Things A Man Oughta Know,Lainey Wilson,9,33,Gains In Performance
2021-08-14,10,You Time,Scotty McCreery,11,40,Gains In Performance
2021-08-14,11,Cold Beer Calling My Name,Jameson Rodgers Featuring Luke Combs,12,35,Gains In Performance
2021-08-14,12,I Was On A Boat That Day,Old Dominion,13,12,Gains In Performance
2021-08-14,13,My Boy,Elvie Shane,15,44,Gains In Performance
2021-08-14,14,Memory I Don't Mess With,Lee Brice,14,40,Gains In Performance
2021-08-14,15,Next Girl,Carly Pearce,16,46,Gains In Performance
2021-08-14,16,Knowing You,Kenny Chesney,18,22,Gains In Performance
2021-08-14,17,Chasing After You,Ryan Hurd With Maren Morris,19,23,Gains In Performance
2021-08-14,18,Like A Lady,Lady A,17,22,Gains In Performance
2021-08-14,19,If I Didn't Love You,Jason Aldean & Carrie Underwood,28,3,Gains In Performance
2021-08-14,20,Freedom Was A Highway,Jimmie Allen & Brad Paisley,20,28,Gains In Performance
2021-08-14,21,Cold As You,Luke Combs,22,5,Gains In Performance
2021-08-14,22,Tequila Little Time,Jon Pardi,21,29,Gains In Performance
2021-08-14,23,Whiskey And Rain,Michael Ray,23,42,Gains In Performance
2021-08-14,24,Just About Over You,Priscilla Block,24,46,Gains In Performance
2021-08-14,25,Best Thing Since Backroads,Jake Owen,NEW,1,Highest ranking debut|Gains In Performance
2021-08-14,26,It's 'Cause I Am,Callista Clark,25,20,Gains In Performance
2021-08-14,27,Same Boat,Zac Brown Band,26,9,Gains In Performance
2021-08-14,28,You Should Probably Leave,Chris Stapleton,29,12,Gains In Performance
2021-08-14,29,Thinking 'Bout You,Dustin Lynch Featuring MacKenzie Porter,27,14,Gains In Performance
2021-08-14,30,Fancy Like,Walker Hayes,32,5,Gains In Performance
2021-08-14,31,Home Sweet,Russell Dickerson,30,29,Gains In Performance
2021-08-14,32,Half Of My Hometown,Kelsea Ballerini Featuring Kenny Chesney,31,16,Gains In Performance
2021-08-14,33,To Be Loved By You,Parker McCollum,33,25,Gains In Performance
2021-08-14,34,Buy Dirt,Jordan Davis Featuring Luke Bryan,36,4,Gains In Performance
2021-08-14,35,Heart On Fire,Eric Church,38,4,Gains In Performance
2021-08-14,36,Drunk (And I Don't Wanna Go Home),Elle King & Miranda Lambert,35,11,Gains In Performance
2021-08-14,37,Give Heaven Some Hell,HARDY,37,23,
2021-08-14,38,That's What Cowboys Do,Garth Brooks,39,5,Gains In Performance
2021-08-14,39,That Ain't Me No More,Matt Stell,40,23,Gains In Performance
2021-08-14,40,Sand In My Boots,Morgan Wallen,41,6,Gains In Performance
2021-08-14,41,Beers On Me,"Dierks Bentley, BRELAND & HARDY",34,2,
2021-08-14,42,Getting Over Him,Lauren Alaina Duet With Jon Pardi,45,23,Gains In Performance
2021-08-14,43,Where I Find God,Larry Fleet,43,36,Gains In Performance
2021-08-14,44,If It Wasn't For Trucks,Riley Green,44,38,Gains In Performance
2021-08-14,45,Lil Bit,Nelly & Florida Georgia Line,42,7,Gains In Performance
2021-08-14,46,Not Yet,Brett Young,47,16,
2021-08-14,47,Old School,Toby Keith,51,7,Gains In Performance
2021-08-14,48,The Worst Country Song Of All Time,Brantley Gilbert Featuring Toby Keith & HARDY,46,8,
2021-08-14,49,"Back Then, Right Now",Tenille Arts,48,10,Gains In Performance
2021-08-14,50,I'm Not For Everyone,Brothers Osborne,49,14,Gains In Performance
2021-08-14,51,I Can't,Caitlyn Smith Featuring Old Dominion,50,25,Gains In Performance
2021-08-14,52,You Ain't Pretty,Nate Barnes,52,10,
2021-08-14,53,My Masterpiece,Darius Rucker,57,9,Gains In Performance
2021-08-14,54,While You're Gone,Drew Parker,54,10,Gains In Performance
2021-08-14,55,Footprints On The Moon,Gabby Barrett,56,2,Gains In Performance
2021-08-14,56,7500 OBO,Tim McGraw,NEW,1,Gains In Performance
2021-08-14,57,Fill Them Boots,Chris Lane,53,16,
2021-08-14,58,Would Have Loved Her,Chris Bandi,60,11,Gains In Performance
2021-08-14,59,F-150,Robyn Ottolini,NEW,1,Gains In Performance
2021-08-14,60,Hot Beer,Dillon Carmichael,58,12,
2021-08-21,1,Glad You Exist,Dan + Shay,3,28,Gains In Performance
2021-08-21,2,Drinkin' Beer. Talkin' God. Amen.,Chase Rice Featuring Florida Georgia Line,1,37,
2021-08-21,3,We Didn't Have Much,Justin Moore,7,43,Gains In Performance
2021-08-21,4,Waves,Luke Bryan,6,19,Gains In Performance
2021-08-21,5,Famous Friends,Chris Young + Kane Brown,4,37,
2021-08-21,6,Single Saturday Night,Cole Swindell,2,59,
2021-08-21,7,Forever After All,Luke Combs,5,31,
2021-08-21,8,Country Again,Thomas Rhett,8,18,Gains In Performance
2021-08-21,9,Things A Man Oughta Know,Lainey Wilson,9,34,Gains In Performance
2021-08-21,10,You Time,Scotty McCreery,10,41,Gains In Performance
2021-08-21,11,Cold Beer Calling My Name,Jameson Rodgers Featuring Luke Combs,11,36,Gains In Performance
2021-08-21,12,My Boy,Elvie Shane,13,45,Gains In Performance
2021-08-21,13,Memory I Don't Mess With,Lee Brice,14,41,Gains In Performance
2021-08-21,14,I Was On A Boat That Day,Old Dominion,12,13,Gains In Performance
2021-08-21,15,If I Didn't Love You,Jason Aldean & Carrie Underwood,19,4,Gains In Performance
2021-08-21,16,Next Girl,Carly Pearce,15,47,Gains In Performance
2021-08-21,17,Chasing After You,Ryan Hurd With Maren Morris,17,24,Gains In Performance
2021-08-21,18,Like A Lady,Lady A,18,23,Gains In Performance
2021-08-21,19,Knowing You,Kenny Chesney,16,23,Gains In Performance
2021-08-21,20,Cold As You,Luke Combs,21,6,Gains In Performance
2021-08-21,21,Freedom Was A Highway,Jimmie Allen & Brad Paisley,20,29,Gains In Performance
2021-08-21,22,Tequila Little Time,Jon Pardi,22,30,Gains In Performance
2021-08-21,23,Whiskey And Rain,Michael Ray,23,43,Gains In Performance
2021-08-21,24,Just About Over You,Priscilla Block,24,47,Gains In Performance
2021-08-21,25,Same Boat,Zac Brown Band,27,10,Gains In Performance
2021-08-21,26,It's 'Cause I Am,Callista Clark,26,21,Gains In Performance
2021-08-21,27,Fancy Like,Walker Hayes,30,6,Gains In Performance
2021-08-21,28,Thinking 'Bout You,Dustin Lynch Featuring MacKenzie Porter,29,15,Gains In Performance
2021-08-21,29,You Should Probably Leave,Chris Stapleton,28,13,Gains In Performance
2021-08-21,30,Home Sweet,Russell Dickerson,31,30,Gains In Performance
2021-08-21,31,Half Of My Hometown,Kelsea Ballerini Featuring Kenny Chesney,32,17,Gains In Performance
2021-08-21,32,To Be Loved By You,Parker McCollum,33,26,Gains In Performance
2021-08-21,33,Buy Dirt,Jordan Davis Featuring Luke Bryan,34,5,Gains In Performance
2021-08-21,34,Heart On Fire,Eric Church,35,5,Gains In Performance
2021-08-21,35,Steal My Love,Dan + Shay,NEW,1,Highest ranking debut|Gains In Performance
2021-08-21,36,Drunk (And I Don't Wanna Go Home),Elle King & Miranda Lambert,36,12,Gains In Performance
2021-08-21,37,That's What Cowboys Do,Garth Brooks,38,6,Gains In Performance
2021-08-21,38,Give Heaven Some Hell,HARDY,37,24,
2021-08-21,39,Sand In My Boots,Morgan Wallen,40,7,Gains In Performance
2021-08-21,40,That Ain't Me No More,Matt Stell,39,24,
2021-08-21,41,Beers On Me,"Dierks Bentley, BRELAND & HARDY",41,3,
2021-08-21,42,Getting Over Him,Lauren Alaina Duet With Jon Pardi,42,24,
2021-08-21,43,Where I Find God,Larry Fleet,43,37,
2021-08-21,44,Lil Bit,Nelly & Florida Georgia Line,45,8,Gains In Performance
2021-08-21,45,If It Wasn't For Trucks,Riley Green,44,39,
2021-08-21,46,7500 OBO,Tim McGraw,56,2,Gains In Performance
2021-08-21,47,Not Yet,Brett Young,46,17,
2021-08-21,48,Best Thing Since Backroads,Jake Owen,25,2,
2021-08-21,49,I Can't,Caitlyn Smith Featuring Old Dominion,51,26,Gains In Performance
2021-08-21,50,"Back Then, Right Now",Tenille Arts,49,11,
2021-08-21,51,I'm Not For Everyone,Brothers Osborne,50,15,
2021-08-21,52,Old School,Toby Keith,47,8,
2021-08-21,53,While You're Gone,Drew Parker,54,11,Gains In Performance
2021-08-21,54,My Masterpiece,Darius Rucker,53,10,Gains In Performance
2021-08-21,55,You Ain't Pretty,Nate Barnes,52,11,Gains In Performance
2021-08-21,56,Fill Them Boots,Chris Lane,57,17,Gains In Performance
2021-08-21,57,Would Have Loved Her,Chris Bandi,58,12,Gains In Performance
2021-08-21,58,Footprints On The Moon,Gabby Barrett,55,3,Gains In Performance
2021-08-21,59,Hot Beer,Dillon Carmichael,60,13,Gains In Performance
2021-08-21,60,Woman You Got,Maddie & Tae,NEW,1,Gains In Performance
2021-08-28,1,We Didn't Have Much,Justin Moore,3,44,Gains In Performance
2021-08-28,2,Waves,Luke Bryan,4,20,Gains In Performance
2021-08-28,3,Drinkin' Beer. Talkin' God. Amen.,Chase Rice Featuring Florida Georgia Line,2,38,
2021-08-28,4,Famous Friends,Chris Young + Kane Brown,5,38,
2021-08-28,5,Forever After All,Luke Combs,7,32,
2021-08-28,6,Things A Man Oughta Know,Lainey Wilson,9,35,Gains In Performance
2021-08-28,7,Glad You Exist,Dan + Shay,1,29,
2021-08-28,8,Country Again,Thomas Rhett,8,19,Gains In Performance
2021-08-28,9,You Time,Scotty McCreery,10,42,Gains In Performance
2021-08-28,10,Cold Beer Calling My Name,Jameson Rodgers Featuring Luke Combs,11,37,Gains In Performance
2021-08-28,11,Memory I Don't Mess With,Lee Brice,13,42,Gains In Performance
2021-08-28,12,My Boy,Elvie Shane,12,46,Gains In Performance
2021-08-28,13,I Was On A Boat That Day,Old Dominion,14,14,Gains In Performance
2021-08-28,14,If I Didn't Love You,Jason Aldean & Carrie Underwood,15,5,Gains In Performance
2021-08-28,15,Chasing After You,Ryan Hurd With Maren Morris,17,25,Gains In Performance
2021-08-28,16,Cold As You,Luke Combs,20,7,Gains In Performance
2021-08-28,17,Knowing You,Kenny Chesney,19,24,Gains In Performance
2021-08-28,18,Like A Lady,Lady A,18,24,Gains In Performance
2021-08-28,19,Next Girl,Carly Pearce,16,48,
2021-08-28,20,Tequila Little Time,Jon Pardi,22,31,Gains In Performance
2021-08-28,21,Freedom Was A Highway,Jimmie Allen & Brad Paisley,21,30,Gains In Performance
2021-08-28,22,Whiskey And Rain,Michael Ray,23,44,Gains In Performance
2021-08-28,23,Just About Over You,Priscilla Block,24,48,Gains In Performance
2021-08-28,24,Fancy Like,Walker Hayes,27,7,Gains In Performance
2021-08-28,25,Same Boat,Zac Brown Band,25,11,Gains In Performance
2021-08-28,26,Thinking 'Bout You,Dustin Lynch Featuring MacKenzie Porter,28,16,Gains In Performance
2021-08-28,27,It's 'Cause I Am,Callista Clark,26,22,
2021-08-28,28,You Should Probably Leave,Chris Stapleton,29,14,Gains In Performance
2021-08-28,29,Wild Hearts,Keith Urban,NEW,1,Highest ranking debut|Gains In Performance
2021-08-28,30,Home Sweet,Russell Dickerson,30,31,Gains In Performance
2021-08-28,31,Half Of My Hometown,Kelsea Ballerini Featuring Kenny Chesney,31,18,Gains In Performance
2021-08-28,32,To Be Loved By You,Parker McCollum,32,27,Gains In Performance
2021-08-28,33,One Mississippi,Kane Brown,NEW,1,Gains In Performance
2021-08-28,34,Buy Dirt,Jordan Davis Featuring Luke Bryan,33,6,Gains In Performance
2021-08-28,35,Drunk (And I Don't Wanna Go Home),Elle King & Miranda Lambert,36,13,Gains In Performance
2021-08-28,36,Heart On Fire,Eric Church,34,6,
2021-08-28,37,That's What Cowboys Do,Garth Brooks,37,7,Gains In Performance
2021-08-28,38,Sand In My Boots,Morgan Wallen,39,8,Gains In Performance
2021-08-28,39,Give Heaven Some Hell,HARDY,38,25,Gains In Performance
2021-08-28,40,Beers On Me,"Dierks Bentley, BRELAND & HARDY",41,4,Gains In Performance
2021-08-28,41,That Ain't Me No More,Matt Stell,40,25,
2021-08-28,42,Steal My Love,Dan + Shay,35,2,
2021-08-28,43,Getting Over Him,Lauren Alaina Duet With Jon Pardi,42,25,Gains In Performance
2021-08-28,44,Best Thing Since Backroads,Jake Owen,48,3,Gains In Performance
2021-08-28,45,If It Wasn't For Trucks,Riley Green,45,40,Gains In Performance
2021-08-28,46,My Masterpiece,Darius Rucker,54,11,Gains In Performance
2021-08-28,47,7500 OBO,Tim McGraw,46,3,Gains In Performance
2021-08-28,48,I Can't,Caitlyn Smith Featuring Old Dominion,49,27,Gains In Performance
2021-08-28,49,Not Yet,Brett Young,47,18,
2021-08-28,50,I'm Not For Everyone,Brothers Osborne,51,16,Gains In Performance
2021-08-28,51,"Back Then, Right Now",Tenille Arts,50,12,Gains In Performance
2021-08-28,52,Lil Bit,Nelly & Florida Georgia Line,44,9,
2021-08-28,53,Old School,Toby Keith,52,9,Gains In Performance
2021-08-28,54,While You're Gone,Drew Parker,53,12,
2021-08-28,55,Footprints On The Moon,Gabby Barrett,58,4,Gains In Performance
2021-08-28,56,You Ain't Pretty,Nate Barnes,55,12,
2021-08-28,57,Woman You Got,Maddie & Tae,60,2,Gains In Performance
2021-08-28,58,Fill Them Boots,Chris Lane,56,18,
2021-08-28,59,Would Have Loved Her,Chris Bandi,57,13,
2021-08-28,60,Till There's Nothing Left,Cam,RE,3,Gains In Performance
2021-09-04,1,Waves,Luke Bryan,2,21,Gains In Performance
2021-09-04,2,We Didn't Have Much,Justin Moore,1,45,
2021-09-04,3,Things A Man Oughta Know,Lainey Wilson,6,36,Greatest gainer this week|Gains In Performance
2021-09-04,4,Famous Friends,Chris Young + Kane Brown,4,39,Gains In Performance
2021-09-04,5,Drinkin' Beer. Talkin' God. Amen.,Chase Rice Featuring Florida Georgia Line,3,39,
2021-09-04,6,Country Again,Thomas Rhett,8,20,Gains In Performance
2021-09-04,7,You Time,Scotty McCreery,9,43,Gains In Performance
2021-09-04,8,Cold Beer Calling My Name,Jameson Rodgers Featuring Luke Combs,10,38,Gains In Performance
2021-09-04,9,Glad You Exist,Dan + Shay,7,30,
2021-09-04,10,Memory I Don't Mess With,Lee Brice,11,43,Gains In Performance
2021-09-04,11,My Boy,Elvie Shane,12,47,Gains In Performance
2021-09-04,12,I Was On A Boat That Day,Old Dominion,13,15,Gains In Performance
2021-09-04,13,If I Didn't Love You,Jason Aldean & Carrie Underwood,14,6,Gains In Performance
2021-09-04,14,Chasing After You,Ryan Hurd With Maren Morris,15,26,Gains In Performance
2021-09-04,15,Knowing You,Kenny Chesney,17,25,Gains In Performance
2021-09-04,16,Cold As You,Luke Combs,16,8,Gains In Performance
2021-09-04,17,Like A Lady,Lady A,18,25,Gains In Performance
2021-09-04,18,Next Girl,Carly Pearce,19,49,Gains In Performance
2021-09-04,19,Tequila Little Time,Jon Pardi,20,32,Gains In Performance
2021-09-04,20,Freedom Was A Highway,Jimmie Allen & Brad Paisley,21,31,Gains In Performance
2021-09-04,21,Whiskey And Rain,Michael Ray,22,45,Gains In Performance
2021-09-04,22,Just About Over You,Priscilla Block,23,49,Gains In Performance
2021-09-04,23,Fancy Like,Walker Hayes,24,8,Gains In Performance
2021-09-04,24,Thinking 'Bout You,Dustin Lynch Featuring MacKenzie Porter,26,17,Gains In Performance
2021-09-04,25,Same Boat,Zac Brown Band,25,12,Gains In Performance
2021-09-04,26,You Should Probably Leave,Chris Stapleton,28,15,Gains In Performance
2021-09-04,27,It's 'Cause I Am,Callista Clark,27,23,Gains In Performance
2021-09-04,28,Home Sweet,Russell Dickerson,30,32,Gains In Performance
2021-09-04,29,To Be Loved By You,Parker McCollum,32,28,Gains In Performance
2021-09-04,30,Half Of My Hometown,Kelsea Ballerini Featuring Kenny Chesney,31,19,Gains In Performance
2021-09-04,31,Buy Dirt,Jordan Davis Featuring Luke Bryan,34,7,Gains In Performance
2021-09-04,32,Sand In My Boots,Morgan Wallen,38,9,Gains In Performance
2021-09-04,33,One Mississippi,Kane Brown,33,2,
2021-09-04,34,Drunk (And I Don't Wanna Go Home),Elle King & Miranda Lambert,35,14,Gains In Performance
2021-09-04,35,Heart On Fire,Eric Church,36,7,Gains In Performance
2021-09-04,36,That's What Cowboys Do,Garth Brooks,37,8,Gains In Performance
2021-09-04,37,Give Heaven Some Hell,HARDY,39,26,Gains In Performance
2021-09-04,38,Wild Hearts,Keith Urban,29,2,
2021-09-04,39,Beers On Me,"Dierks Bentley, BRELAND & HARDY",40,5,Gains In Performance
2021-09-04,40,Best Thing Since Backroads,Jake Owen,44,4,Gains In Performance
2021-09-04,41,Getting Over Him,Lauren Alaina Duet With Jon Pardi,43,26,Gains In Performance
2021-09-04,42,7500 OBO,Tim McGraw,47,4,Gains In Performance
2021-09-04,43,That Ain't Me No More,Matt Stell,41,26,
2021-09-04,44,Steal My Love,Dan + Shay,42,3,
2021-09-04,45,My Masterpiece,Darius Rucker,46,12,Gains In Performance
2021-09-04,46,Not Yet,Brett Young,49,19,Gains In Performance
2021-09-04,47,I Can't,Caitlyn Smith Featuring Old Dominion,48,28,Gains In Performance
2021-09-04,48,"Back Then, Right Now",Tenille Arts,51,13,Gains In Performance
2021-09-04,49,I'm Not For Everyone,Brothers Osborne,50,17,Gains In Performance
2021-09-04,50,Old School,Toby Keith,53,10,Gains In Performance
2021-09-04,51,Footprints On The Moon,Gabby Barrett,55,5,Gains In Performance
2021-09-04,52,While You're Gone,Drew Parker,54,13,Gains In Performance
2021-09-04,53,Fill Them Boots,Chris Lane,58,19,Gains In Performance
2021-09-04,54,You Ain't Pretty,Nate Barnes,56,13,Gains In Performance
2021-09-04,55,Woman You Got,Maddie & Tae,57,3,Gains In Performance
2021-09-04,56,Country'd Look Good On You,Frank Ray,NEW,1,Highest ranking debut|Gains In Performance
2021-09-04,57,Till There's Nothing Left,Cam,60,4,Gains In Performance
2021-09-04,58,Lil Bit,Nelly & Florida Georgia Line,52,10,
2021-09-04,59,Would Have Loved Her,Chris Bandi,59,14,
2021-09-04,60,Hot Beer,Dillon Carmichael,RE,14,Gains In Performance
2021-09-11,1,Waves,Luke Bryan,1,22,
2021-09-11,2,Things A Man Oughta Know,Lainey Wilson,3,37,Gains In Performance
2021-09-11,3,Country Again,Thomas Rhett,6,21,Gains In Performance
2021-09-11,4,Famous Friends,Chris Young + Kane Brown,4,40,
2021-09-11,5,You Time,Scotty McCreery,7,44,Gains In Performance
2021-09-11,6,Cold Beer Calling My Name,Jameson Rodgers Featuring Luke Combs,8,39,Gains In Performance
2021-09-11,7,Drinkin' Beer. Talkin' God. Amen.,Chase Rice Featuring Florida Georgia Line,5,40,
2021-09-11,8,We Didn't Have Much,Justin Moore,2,46,
2021-09-11,9,Memory I Don't Mess With,Lee Brice,10,44,Gains In Performance
2021-09-11,10,If I Didn't Love You,Jason Aldean & Carrie Underwood,13,7,Gains In Performance
2021-09-11,11,My Boy,Elvie Shane,11,48,Gains In Performance
2021-09-11,12,I Was On A Boat That Day,Old Dominion,12,16,Gains In Performance
2021-09-11,13,Cold As You,Luke Combs,16,9,Gains In Performance
2021-09-11,14,Chasing After You,Ryan Hurd With Maren Morris,14,27,Gains In Performance
2021-09-11,15,Knowing You,Kenny Chesney,15,26,Gains In Performance
2021-09-11,16,Like A Lady,Lady A,17,26,Gains In Performance
2021-09-11,17,Tequila Little Time,Jon Pardi,19,33,Gains In Performance
2021-09-11,18,Freedom Was A Highway,Jimmie Allen & Brad Paisley,20,32,Gains In Performance
2021-09-11,19,Fancy Like,Walker Hayes,23,9,Gains In Performance
2021-09-11,20,Same Boat,Zac Brown Band,25,13,Greatest gainer this week|Gains In Performance
2021-09-11,21,Whiskey And Rain,Michael Ray,21,46,Gains In Performance
2021-09-11,22,Just About Over You,Priscilla Block,22,50,Gains In Performance
2021-09-11,23,Thinking 'Bout You,Dustin Lynch Featuring MacKenzie Porter,24,18,Gains In Performance
2021-09-11,24,You Should Probably Leave,Chris Stapleton,26,16,Gains In Performance
2021-09-11,25,Half Of My Hometown,Kelsea Ballerini Featuring Kenny Chesney,30,20,Gains In Performance
2021-09-11,26,It's 'Cause I Am,Callista Clark,27,24,Gains In Performance
2021-09-11,27,Home Sweet,Russell Dickerson,28,33,Gains In Performance
2021-09-11,28,To Be Loved By You,Parker McCollum,29,29,Gains In Performance
2021-09-11,29,One Mississippi,Kane Brown,33,3,Gains In Performance
2021-09-11,30,Sand In My Boots,Morgan Wallen,32,10,Gains In Performance
2021-09-11,31,Buy Dirt,Jordan Davis Featuring Luke Bryan,31,8,Gains In Performance
2021-09-11,32,Drunk (And I Don't Wanna Go Home),Elle King & Miranda Lambert,34,15,
2021-09-11,33,Heart On Fire,Eric Church,35,8,Gains In Performance
2021-09-11,34,That's What Cowboys Do,Garth Brooks,36,9,Gains In Performance
2021-09-11,35,Give Heaven Some Hell,HARDY,37,27,Gains In Performance
2021-09-11,36,Wild Hearts,Keith Urban,38,3,Gains In Performance
2021-09-11,37,Beers On Me,"Dierks Bentley, BRELAND & HARDY",39,6,
2021-09-11,38,Best Thing Since Backroads,Jake Owen,40,5,Gains In Performance
2021-09-11,39,7500 OBO,Tim McGraw,42,5,Gains In Performance
2021-09-11,40,That Ain't Me No More,Matt Stell,43,27,Gains In Performance
2021-09-11,41,Getting Over Him,Lauren Alaina Duet With Jon Pardi,41,27,
2021-09-11,42,Steal My Love,Dan + Shay,44,4,Gains In Performance
2021-09-11,43,I Can't,Caitlyn Smith Featuring Old Dominion,47,29,Gains In Performance
2021-09-11,44,Country'd Look Good On You,Frank Ray,56,2,Gains In Performance
2021-09-11,45,Not Yet,Brett Young,46,20,
2021-09-11,46,My Masterpiece,Darius Rucker,45,13,
2021-09-11,47,"Back Then, Right Now",Tenille Arts,48,14,Gains In Performance
2021-09-11,48,I'm Not For Everyone,Brothers Osborne,49,18,
2021-09-11,49,Old School,Toby Keith,50,11,Gains In Performance
2021-09-11,50,Fill Them Boots,Chris Lane,53,20,Gains In Performance
2021-09-11,51,You Ain't Pretty,Nate Barnes,54,14,Gains In Performance
2021-09-11,52,Footprints On The Moon,Gabby Barrett,51,6,
2021-09-11,53,While You're Gone,Drew Parker,52,14,
2021-09-11,54,Woman You Got,Maddie & Tae,55,4,Gains In Performance
2021-09-11,55,Till There's Nothing Left,Cam,57,5,Gains In Performance
2021-09-11,56,New Truck,Dylan Scott,NEW,1,Highest ranking debut|Gains In Performance
2021-09-11,57,Would Have Loved Her,Chris Bandi,59,15,
2021-09-11,58,Hot Beer,Dillon Carmichael,60,15,
2021-09-11,59,Come In (But Don't Make Yourself Comfortable),Caroline Jones,RE,6,Gains In Performance
2021-09-11,60,ABBY,Travis Denning,RE,5,Gains In Performance
2021-09-18,1,Country Again,Thomas Rhett,3,22,Gains In Performance
2021-09-18,2,Things A Man Oughta Know,Lainey Wilson,2,38,Gains In Performance
2021-09-18,3,Waves,Luke Bryan,1,23,
2021-09-18,4,You Time,Scotty McCreery,5,45,Gains In Performance
2021-09-18,5,Cold Beer Calling My Name,Jameson Rodgers Featuring Luke Combs,6,40,Gains In Performance
2021-09-18,6,Famous Friends,Chris Young + Kane Brown,4,41,
2021-09-18,7,Memory I Don't Mess With,Lee Brice,9,45,Gains In Performance
2021-09-18,8,Drinkin' Beer. Talkin' God. Amen.,Chase Rice Featuring Florida Georgia Line,7,41,
2021-09-18,9,If I Didn't Love You,Jason Aldean & Carrie Underwood,10,8,Gains In Performance
2021-09-18,10,My Boy,Elvie Shane,11,49,Gains In Performance
2021-09-18,11,I Was On A Boat That Day,Old Dominion,12,17,Gains In Performance
2021-09-18,12,Chasing After You,Ryan Hurd With Maren Morris,14,28,Gains In Performance
2021-09-18,13,Cold As You,Luke Combs,13,10,Gains In Performance
2021-09-18,14,Knowing You,Kenny Chesney,15,27,Gains In Performance
2021-09-18,15,Tequila Little Time,Jon Pardi,17,34,Gains In Performance
2021-09-18,16,Like A Lady,Lady A,16,27,Gains In Performance
2021-09-18,17,Fancy Like,Walker Hayes,19,10,Gains In Performance
2021-09-18,18,Same Boat,Zac Brown Band,20,14,Gains In Performance
2021-09-18,19,Freedom Was A Highway,Jimmie Allen & Brad Paisley,18,33,Gains In Performance
2021-09-18,20,Whiskey And Rain,Michael Ray,21,47,Gains In Performance
2021-09-18,21,Just About Over You,Priscilla Block,22,51,Gains In Performance
2021-09-18,22,Thinking 'Bout You,Dustin Lynch Featuring MacKenzie Porter,23,19,Gains In Performance
2021-09-18,23,You Should Probably Leave,Chris Stapleton,24,17,Gains In Performance
2021-09-18,24,Half Of My Hometown,Kelsea Ballerini Featuring Kenny Chesney,25,21,Gains In Performance
2021-09-18,25,Home Sweet,Russell Dickerson,27,34,Gains In Performance
2021-09-18,26,Sand In My Boots,Morgan Wallen,30,11,Gains In Performance
2021-09-18,27,It's 'Cause I Am,Callista Clark,26,25,Gains In Performance
2021-09-18,28,To Be Loved By You,Parker McCollum,28,30,Gains In Performance
2021-09-18,29,One Mississippi,Kane Brown,29,4,Gains In Performance
2021-09-18,30,23,Sam Hunt,NEW,1,Highest ranking debut|Gains In Performance
2021-09-18,31,Buy Dirt,Jordan Davis Featuring Luke Bryan,31,9,Gains In Performance
2021-09-18,32,Drunk (And I Don't Wanna Go Home),Elle King & Miranda Lambert,32,16,Gains In Performance
2021-09-18,33,Heart On Fire,Eric Church,33,9,Gains In Performance
2021-09-18,34,That's What Cowboys Do,Garth Brooks,34,10,Gains In Performance
2021-09-18,35,Give Heaven Some Hell,HARDY,35,28,Gains In Performance
2021-09-18,36,Wild Hearts,Keith Urban,36,4,Gains In Performance
2021-09-18,37,Best Thing Since Backroads,Jake Owen,38,6,Gains In Performance
2021-09-18,38,Beers On Me,"Dierks Bentley, BRELAND & HARDY",37,7,Gains In Performance
2021-09-18,39,I Can't,Caitlyn Smith Featuring Old Dominion,43,30,Gains In Performance
2021-09-18,40,That Ain't Me No More,Matt Stell,40,28,Gains In Performance
2021-09-18,41,7500 OBO,Tim McGraw,39,6,
2021-09-18,42,Steal My Love,Dan + Shay,42,5,Gains In Performance
2021-09-18,43,Getting Over Him,Lauren Alaina Duet With Jon Pardi,41,28,Gains In Performance
2021-09-18,44,I'm Not For Everyone,Brothers Osborne,48,19,Gains In Performance
2021-09-18,45,My Masterpiece,Darius Rucker,46,14,Gains In Performance
2021-09-18,46,Old School,Toby Keith,49,12,Gains In Performance
2021-09-18,47,Fill Them Boots,Chris Lane,50,21,Gains In Performance
2021-09-18,48,"Back Then, Right Now",Tenille Arts,47,15,
2021-09-18,49,Country'd Look Good On You,Frank Ray,44,3,
2021-09-18,50,You Ain't Pretty,Nate Barnes,51,15,Gains In Performance
2021-09-18,51,Footprints On The Moon,Gabby Barrett,52,7,Gains In Performance
2021-09-18,52,While You're Gone,Drew Parker,53,15,Gains In Performance
2021-09-18,53,Woman You Got,Maddie & Tae,54,5,Gains In Performance
2021-09-18,54,Would Have Loved Her,Chris Bandi,57,16,Gains In Performance
2021-09-18,55,New Truck,Dylan Scott,56,2,Gains In Performance
2021-09-18,56,Till There's Nothing Left,Cam,55,6,
2021-09-18,57,ABBY,Travis Denning,60,6,Gains In Performance
2021-09-18,58,Come In (But Don't Make Yourself Comfortable),Caroline Jones,59,7,Gains In Performance
2021-09-18,59,Am I The Only One,Aaron Lewis,NEW,1,Gains In Performance
2021-09-18,60,Hot Beer,Dillon Carmichael,58,16,
2021-09-25,1,Things A Man Oughta Know,Lainey Wilson,2,39,Gains In Performance
2021-09-25,2,You Time,Scotty McCreery,4,46,Gains In Performance
2021-09-25,3,Cold Beer Calling My Name,Jameson Rodgers Featuring Luke Combs,5,41,Gains In Performance
2021-09-25,4,Waves,Luke Bryan,3,24,
2021-09-25,5,Memory I Don't Mess With,Lee Brice,7,46,Gains In Performance
2021-09-25,6,Famous Friends,Chris Young + Kane Brown,6,42,
2021-09-25,7,If I Didn't Love You,Jason Aldean & Carrie Underwood,9,9,Gains In Performance
2021-09-25,8,Country Again,Thomas Rhett,1,23,
2021-09-25,9,My Boy,Elvie Shane,10,50,Gains In Performance
2021-09-25,10,I Was On A Boat That Day,Old Dominion,11,18,Gains In Performance
2021-09-25,11,Chasing After You,Ryan Hurd With Maren Morris,12,29,Gains In Performance
2021-09-25,12,Cold As You,Luke Combs,13,11,Gains In Performance
2021-09-25,13,Fancy Like,Walker Hayes,17,11,Gains In Performance
2021-09-25,14,Knowing You,Kenny Chesney,14,28,Gains In Performance
2021-09-25,15,Like A Lady,Lady A,16,28,Gains In Performance
2021-09-25,16,Tequila Little Time,Jon Pardi,15,35,Gains In Performance
2021-09-25,17,Same Boat,Zac Brown Band,18,15,Gains In Performance
2021-09-25,18,Freedom Was A Highway,Jimmie Allen & Brad Paisley,19,34,Gains In Performance
2021-09-25,19,Whiskey And Rain,Michael Ray,20,48,Gains In Performance
2021-09-25,20,Thinking 'Bout You,Dustin Lynch Featuring MacKenzie Porter,22,20,Gains In Performance
2021-09-25,21,Just About Over You,Priscilla Block,21,52,Gains In Performance
2021-09-25,22,You Should Probably Leave,Chris Stapleton,23,18,
2021-09-25,23,Sand In My Boots,Morgan Wallen,26,12,Gains In Performance
2021-09-25,24,One Mississippi,Kane Brown,29,5,Gains In Performance
2021-09-25,25,To Be Loved By You,Parker McCollum,28,31,Gains In Performance
2021-09-25,26,Half Of My Hometown,Kelsea Ballerini Featuring Kenny Chesney,24,22,Gains In Performance
2021-09-25,27,Home Sweet,Russell Dickerson,25,35,Gains In Performance
2021-09-25,28,Buy Dirt,Jordan Davis Featuring Luke Bryan,31,10,Gains In Performance
2021-09-25,29,It's 'Cause I Am,Callista Clark,27,26,Gains In Performance
2021-09-25,30,Heart On Fire,Eric Church,33,10,Gains In Performance
2021-09-25,31,Drunk (And I Don't Wanna Go Home),Elle King & Miranda Lambert,32,17,Gains In Performance
2021-09-25,32,That's What Cowboys Do,Garth Brooks,34,11,Gains In Performance
2021-09-25,33,Give Heaven Some Hell,HARDY,35,29,
2021-09-25,34,23,Sam Hunt,30,2,
2021-09-25,35,Never Wanted To Be That Girl,Carly Pearce & Ashley McBryde,NEW,1,Highest ranking debut|Gains In Performance
2021-09-25,36,Wild Hearts,Keith Urban,36,5,Gains In Performance
2021-09-25,37,Best Thing Since Backroads,Jake Owen,37,7,Gains In Performance
2021-09-25,38,That Ain't Me No More,Matt Stell,40,29,Gains In Performance
2021-09-25,39,Beers On Me,"Dierks Bentley, BRELAND & HARDY",38,8,Gains In Performance
2021-09-25,40,I Can't,Caitlyn Smith Featuring Old Dominion,39,31,Gains In Performance
2021-09-25,41,Getting Over Him,Lauren Alaina Duet With Jon Pardi,43,29,Gains In Performance
2021-09-25,42,Steal My Love,Dan + Shay,42,6,Gains In Performance
2021-09-25,43,7500 OBO,Tim McGraw,41,7,Gains In Performance
2021-09-25,44,My Masterpiece,Darius Rucker,45,15,Gains In Performance
2021-09-25,45,I'm Not For Everyone,Brothers Osborne,44,20,Gains In Performance
2021-09-25,46,Old School,Toby Keith,46,13,Gains In Performance
2021-09-25,47,"Back Then, Right Now",Tenille Arts,48,16,Gains In Performance
2021-09-25,48,While You're Gone,Drew Parker,52,16,Gains In Performance
2021-09-25,49,Fill Them Boots,Chris Lane,47,22,Gains In Performance
2021-09-25,50,Footprints On The Moon,Gabby Barrett,51,8,Gains In Performance
2021-09-25,51,Country'd Look Good On You,Frank Ray,49,4,Gains In Performance
2021-09-25,52,You Ain't Pretty,Nate Barnes,50,16,Gains In Performance
2021-09-25,53,New Truck,Dylan Scott,55,3,Gains In Performance
2021-09-25,54,Woman You Got,Maddie & Tae,53,6,
2021-09-25,55,At The End Of A Bar,Chris Young With Mitchell Tenpenny,NEW,1,Gains In Performance
2021-09-25,56,Come In (But Don't Make Yourself Comfortable),Caroline Jones,58,8,Gains In Performance
2021-09-25,57,Would Have Loved Her,Chris Bandi,54,17,
2021-09-25,58,ABBY,Travis Denning,57,7,
2021-09-25,59,Till There's Nothing Left,Cam,56,7,
2021-09-25,60,Am I The Only One,Aaron Lewis,59,2,Gains In Performance
2021-10-02,1,You Time,Scotty McCreery,2,47,Gains In Performance
2021-10-02,2,Cold Beer Calling My Name,Jameson Rodgers Featuring Luke Combs,3,42,Gains In Performance
2021-10-02,3,Memory I Don't Mess With,Lee Brice,5,47,Gains In Performance
2021-10-02,4,If I Didn't Love You,Jason Aldean & Carrie Underwood,7,10,Gains In Performance
2021-10-02,5,Waves,Luke Bryan,4,25,
2021-10-02,6,Famous Friends,Chris Young + Kane Brown,6,43,
2021-10-02,7,Things A Man Oughta Know,Lainey Wilson,1,40,
2021-10-02,8,My Boy,Elvie Shane,9,51,Gains In Performance
2021-10-02,9,Fancy Like,Walker Hayes,13,12,Greatest gainer this week|Gains In Performance
2021-10-02,10,Chasing After You,Ryan Hurd With Maren Morris,11,30,Gains In Performance
2021-10-02,11,I Was On A Boat That Day,Old Dominion,10,19,Gains In Performance
2021-10-02,12,Cold As You,Luke Combs,12,12,Gains In Performance
2021-10-02,13,Same Boat,Zac Brown Band,17,16,Gains In Performance
2021-10-02,14,Knowing You,Kenny Chesney,14,29,Gains In Performance
2021-10-02,15,Like A Lady,Lady A,15,29,Gains In Performance
2021-10-02,16,Tequila Little Time,Jon Pardi,16,36,Gains In Performance
2021-10-02,17,Freedom Was A Highway,Jimmie Allen & Brad Paisley,18,35,Gains In Performance
2021-10-02,18,Whiskey And Rain,Michael Ray,19,49,Gains In Performance
2021-10-02,19,Thinking 'Bout You,Dustin Lynch Featuring MacKenzie Porter,20,21,Gains In Performance
2021-10-02,20,Just About Over You,Priscilla Block,21,53,Gains In Performance
2021-10-02,21,You Should Probably Leave,Chris Stapleton,22,19,Gains In Performance
2021-10-02,22,Sand In My Boots,Morgan Wallen,23,13,Gains In Performance
2021-10-02,23,One Mississippi,Kane Brown,24,6,Gains In Performance
2021-10-02,24,Buy Dirt,Jordan Davis Featuring Luke Bryan,28,11,Gains In Performance
2021-10-02,25,Half Of My Hometown,Kelsea Ballerini Featuring Kenny Chesney,26,23,Gains In Performance
2021-10-02,26,To Be Loved By You,Parker McCollum,25,32,Gains In Performance
2021-10-02,27,Home Sweet,Russell Dickerson,27,36,Gains In Performance
2021-10-02,28,It's 'Cause I Am,Callista Clark,29,27,Gains In Performance
2021-10-02,29,Heart On Fire,Eric Church,30,11,Gains In Performance
2021-10-02,30,Drunk (And I Don't Wanna Go Home),Elle King & Miranda Lambert,31,18,Gains In Performance
2021-10-02,31,23,Sam Hunt,34,3,Gains In Performance
2021-10-02,32,That's What Cowboys Do,Garth Brooks,32,12,Gains In Performance
2021-10-02,33,Give Heaven Some Hell,HARDY,33,30,Gains In Performance
2021-10-02,34,Wild Hearts,Keith Urban,36,6,Gains In Performance
2021-10-02,35,Beers On Me,"Dierks Bentley, BRELAND & HARDY",39,9,Gains In Performance
2021-10-02,36,Best Thing Since Backroads,Jake Owen,37,8,Gains In Performance
2021-10-02,37,That Ain't Me No More,Matt Stell,38,30,Gains In Performance
2021-10-02,38,Getting Over Him,Lauren Alaina Duet With Jon Pardi,41,30,Gains In Performance
2021-10-02,39,Never Wanted To Be That Girl,Carly Pearce & Ashley McBryde,35,2,
2021-10-02,40,I Can't,Caitlyn Smith Featuring Old Dominion,40,32,
2021-10-02,41,7500 OBO,Tim McGraw,43,8,Gains In Performance
2021-10-02,42,Steal My Love,Dan + Shay,42,7,Gains In Performance
2021-10-02,43,My Masterpiece,Darius Rucker,44,16,Gains In Performance
2021-10-02,44,I'm Not For Everyone,Brothers Osborne,45,21,Gains In Performance
2021-10-02,45,Old School,Toby Keith,46,14,Gains In Performance
2021-10-02,46,"Back Then, Right Now",Tenille Arts,47,17,Gains In Performance
2021-10-02,47,You Ain't Pretty,Nate Barnes,52,17,Gains In Performance
2021-10-02,48,While You're Gone,Drew Parker,48,17,Gains In Performance
2021-10-02,49,Country'd Look Good On You,Frank Ray,51,5,Gains In Performance
2021-10-02,50,Fill Them Boots,Chris Lane,49,23,Gains In Performance
2021-10-02,51,At The End Of A Bar,Chris Young With Mitchell Tenpenny,55,2,Gains In Performance
2021-10-02,52,Footprints On The Moon,Gabby Barrett,50,9,
2021-10-02,53,New Truck,Dylan Scott,53,4,Gains In Performance
2021-10-02,54,Come In (But Don't Make Yourself Comfortable),Caroline Jones,56,9,
2021-10-02,55,Am I The Only One,Aaron Lewis,60,3,Gains In Performance
2021-10-02,56,Till There's Nothing Left,Cam,59,8,Gains In Performance
2021-10-02,57,ABBY,Travis Denning,58,8,Gains In Performance
2021-10-02,58,Sunrise Tells The Story,Midland,NEW,1,Highest ranking debut|Gains In Performance
2021-10-02,59,'Til You Can't,Cody Johnson,NEW,1,Gains In Performance
2021-10-02,60,Paradise To Me,Niko Moon,NEW,1,Gains In Performance
2021-10-09,1,Cold Beer Calling My Name,Jameson Rodgers Featuring Luke Combs,2,43,Gains In Performance
2021-10-09,2,Memory I Don't Mess With,Lee Brice,3,48,Gains In Performance
2021-10-09,3,If I Didn't Love You,Jason Aldean & Carrie Underwood,4,11,Gains In Performance
2021-10-09,4,Fancy Like,Walker Hayes,9,13,Gains In Performance
2021-10-09,5,Famous Friends,Chris Young + Kane Brown,6,44,
2021-10-09,6,My Boy,Elvie Shane,8,52,Gains In Performance
2021-10-09,7,You Time,Scotty McCreery,1,48,
2021-10-09,8,Waves,Luke Bryan,5,26,
2021-10-09,9,Chasing After You,Ryan Hurd With Maren Morris,10,31,Gains In Performance
2021-10-09,10,Cold As You,Luke Combs,12,13,Gains In Performance
2021-10-09,11,I Was On A Boat That Day,Old Dominion,11,20,Gains In Performance
2021-10-09,12,Knowing You,Kenny Chesney,14,30,Gains In Performance
2021-10-09,13,Same Boat,Zac Brown Band,13,17,Gains In Performance
2021-10-09,14,Like A Lady,Lady A,15,30,Gains In Performance
2021-10-09,15,Thinking 'Bout You,Dustin Lynch Featuring MacKenzie Porter,19,22,Gains In Performance
2021-10-09,16,Tequila Little Time,Jon Pardi,16,37,Gains In Performance
2021-10-09,17,Freedom Was A Highway,Jimmie Allen & Brad Paisley,17,36,Gains In Performance
2021-10-09,18,Whiskey And Rain,Michael Ray,18,50,Gains In Performance
2021-10-09,19,Just About Over You,Priscilla Block,20,54,Gains In Performance
2021-10-09,20,You Should Probably Leave,Chris Stapleton,21,20,Gains In Performance
2021-10-09,21,Buy Dirt,Jordan Davis Featuring Luke Bryan,24,12,Gains In Performance
2021-10-09,22,One Mississippi,Kane Brown,23,7,Gains In Performance
2021-10-09,23,Sand In My Boots,Morgan Wallen,22,14,Gains In Performance
2021-10-09,24,Half Of My Hometown,Kelsea Ballerini Featuring Kenny Chesney,25,24,Gains In Performance
2021-10-09,25,Home Sweet,Russell Dickerson,27,37,Gains In Performance
2021-10-09,26,To Be Loved By You,Parker McCollum,26,33,Gains In Performance
2021-10-09,27,It's 'Cause I Am,Callista Clark,28,28,Gains In Performance
2021-10-09,28,Come Back As A Country Boy,Blake Shelton,NEW,1,Highest ranking debut|Gains In Performance
2021-10-09,29,Drunk (And I Don't Wanna Go Home),Elle King & Miranda Lambert,30,19,Gains In Performance
2021-10-09,30,Heart On Fire,Eric Church,29,12,Gains In Performance
2021-10-09,31,23,Sam Hunt,31,4,Gains In Performance
2021-10-09,32,That's What Cowboys Do,Garth Brooks,32,13,Gains In Performance
2021-10-09,33,Give Heaven Some Hell,HARDY,33,31,Gains In Performance
2021-10-09,34,Wild Hearts,Keith Urban,34,7,Gains In Performance
2021-10-09,35,Beers On Me,"Dierks Bentley, BRELAND & HARDY",35,10,Gains In Performance
2021-10-09,36,Best Thing Since Backroads,Jake Owen,36,9,Gains In Performance
2021-10-09,37,That Ain't Me No More,Matt Stell,37,31,Gains In Performance
2021-10-09,38,Bye Mom,Chris Janson,NEW,1,Gains In Performance
2021-10-09,39,Never Wanted To Be That Girl,Carly Pearce & Ashley McBryde,39,3,Gains In Performance
2021-10-09,40,Steal My Love,Dan + Shay,42,8,Gains In Performance
2021-10-09,41,Getting Over Him,Lauren Alaina Duet With Jon Pardi,38,31,
2021-10-09,42,I Can't,Caitlyn Smith Featuring Old Dominion,40,33,Gains In Performance
2021-10-09,43,7500 OBO,Tim McGraw,41,9,Gains In Performance
2021-10-09,44,My Masterpiece,Darius Rucker,43,17,Gains In Performance
2021-10-09,45,I'm Not For Everyone,Brothers Osborne,44,22,Gains In Performance
2021-10-09,46,Old School,Toby Keith,45,15,
2021-10-09,47,Country'd Look Good On You,Frank Ray,49,6,Gains In Performance
2021-10-09,48,"Back Then, Right Now",Tenille Arts,46,18,Gains In Performance
2021-10-09,49,While You're Gone,Drew Parker,48,18,Gains In Performance
2021-10-09,50,You Ain't Pretty,Nate Barnes,47,18,Gains In Performance
2021-10-09,51,Fill Them Boots,Chris Lane,50,24,Gains In Performance
2021-10-09,52,At The End Of A Bar,Chris Young With Mitchell Tenpenny,51,3,Gains In Performance
2021-10-09,53,Footprints On The Moon,Gabby Barrett,52,10,
2021-10-09,54,Till There's Nothing Left,Cam,56,9,Gains In Performance
2021-10-09,55,New Truck,Dylan Scott,53,5,Gains In Performance
2021-10-09,56,Come In (But Don't Make Yourself Comfortable),Caroline Jones,54,10,
2021-10-09,57,Am I The Only One,Aaron Lewis,55,4,
2021-10-09,58,ABBY,Travis Denning,57,9,
2021-10-09,59,Sunrise Tells The Story,Midland,58,2,Gains In Performance
2021-10-09,60,Paradise To Me,Niko Moon,60,2,Gains In Performance
2021-10-16,1,Memory I Don't Mess With,Lee Brice,2,49,Greatest gainer this week|Gains In Performance
2021-10-16,2,If I Didn't Love You,Jason Aldean & Carrie Underwood,3,12,Gains In Performance
2021-10-16,3,Cold Beer Calling My Name,Jameson Rodgers Featuring Luke Combs,1,44,
2021-10-16,4,Fancy Like,Walker Hayes,4,14,Gains In Performance
2021-10-16,5,My Boy,Elvie Shane,6,53,Gains In Performance
2021-10-16,6,Famous Friends,Chris Young + Kane Brown,5,45,Gains In Performance
2021-10-16,7,Chasing After You,Ryan Hurd With Maren Morris,9,32,Gains In Performance
2021-10-16,8,Cold As You,Luke Combs,10,14,Gains In Performance
2021-10-16,9,Same Boat,Zac Brown Band,13,18,Gains In Performance
2021-10-16,10,I Was On A Boat That Day,Old Dominion,11,21,Gains In Performance
2021-10-16,11,Knowing You,Kenny Chesney,12,31,Gains In Performance
2021-10-16,12,Thinking 'Bout You,Dustin Lynch Featuring MacKenzie Porter,15,23,Gains In Performance
2021-10-16,13,Tequila Little Time,Jon Pardi,16,38,Gains In Performance
2021-10-16,14,Like A Lady,Lady A,14,31,Gains In Performance
2021-10-16,15,Freedom Was A Highway,Jimmie Allen & Brad Paisley,17,37,Gains In Performance
2021-10-16,16,Whiskey And Rain,Michael Ray,18,51,Gains In Performance
2021-10-16,17,Buy Dirt,Jordan Davis Featuring Luke Bryan,21,13,Gains In Performance
2021-10-16,18,Just About Over You,Priscilla Block,19,55,Gains In Performance
2021-10-16,19,You Should Probably Leave,Chris Stapleton,20,21,Gains In Performance
2021-10-16,20,One Mississippi,Kane Brown,22,8,Gains In Performance
2021-10-16,21,Sand In My Boots,Morgan Wallen,23,15,Gains In Performance
2021-10-16,22,Home Sweet,Russell Dickerson,25,38,Gains In Performance
2021-10-16,23,Half Of My Hometown,Kelsea Ballerini Featuring Kenny Chesney,24,25,Gains In Performance
2021-10-16,24,To Be Loved By You,Parker McCollum,26,34,Gains In Performance
2021-10-16,25,It's 'Cause I Am,Callista Clark,27,29,Gains In Performance
2021-10-16,26,Drunk (And I Don't Wanna Go Home),Elle King & Miranda Lambert,29,20,Gains In Performance
2021-10-16,27,23,Sam Hunt,31,5,Gains In Performance
2021-10-16,28,Heart On Fire,Eric Church,30,13,Gains In Performance
2021-10-16,29,That's What Cowboys Do,Garth Brooks,32,14,Gains In Performance
2021-10-16,30,Give Heaven Some Hell,HARDY,33,32,Gains In Performance
2021-10-16,31,Wild Hearts,Keith Urban,34,8,Gains In Performance
2021-10-16,32,Beers On Me,"Dierks Bentley, BRELAND & HARDY",35,11,Gains In Performance
2021-10-16,33,Best Thing Since Backroads,Jake Owen,36,10,Gains In Performance
2021-10-16,34,Never Wanted To Be That Girl,Carly Pearce & Ashley McBryde,39,4,Gains In Performance
2021-10-16,35,That Ain't Me No More,Matt Stell,37,32,Gains In Performance
2021-10-16,36,Come Back As A Country Boy,Blake Shelton,28,2,
2021-10-16,37,Steal My Love,Dan + Shay,40,9,Gains In Performance
2021-10-16,38,Getting Over Him,Lauren Alaina Duet With Jon Pardi,41,32,Gains In Performance
2021-10-16,39,I Can't,Caitlyn Smith Featuring Old Dominion,42,34,Gains In Performance
2021-10-16,40,7500 OBO,Tim McGraw,43,10,Gains In Performance
2021-10-16,41,My Masterpiece,Darius Rucker,44,18,Gains In Performance
2021-10-16,42,I'm Not For Everyone,Brothers Osborne,45,23,Gains In Performance
2021-10-16,43,Old School,Toby Keith,46,16,Gains In Performance
2021-10-16,44,"Back Then, Right Now",Tenille Arts,48,19,Gains In Performance
2021-10-16,45,Country'd Look Good On You,Frank Ray,47,7,Gains In Performance
2021-10-16,46,While You're Gone,Drew Parker,49,19,Gains In Performance
2021-10-16,47,You Ain't Pretty,Nate Barnes,50,19,
2021-10-16,48,Fill Them Boots,Chris Lane,51,25,
2021-10-16,49,Does He Love You,Reba McEntire Duet With Dolly Parton,NEW,1,Highest ranking debut|Gains In Performance
2021-10-16,50,Till There's Nothing Left,Cam,54,10,Gains In Performance
2021-10-16,51,Up,Luke Bryan,NEW,1,Gains In Performance
2021-10-16,52,At The End Of A Bar,Chris Young With Mitchell Tenpenny,52,4,Gains In Performance
2021-10-16,53,Footprints On The Moon,Gabby Barrett,53,11,Gains In Performance
2021-10-16,54,'Til You Can't,Cody Johnson,RE,2,Gains In Performance
2021-10-16,55,New Truck,Dylan Scott,55,6,Gains In Performance
2021-10-16,56,ABBY,Travis Denning,58,10,Gains In Performance
2021-10-16,57,Bye Mom,Chris Janson,38,2,
2021-10-16,58,Am I The Only One,Aaron Lewis,57,5,Gains In Performance
2021-10-16,59,Come In (But Don't Make Yourself Comfortable),Caroline Jones,56,11,
2021-10-16,60,Paradise To Me,Niko Moon,60,3,Gains In Performance
2021-10-23,1,My Boy,Elvie Shane,5,54,Gains In Performance
2021-10-23,2,If I Didn't Love You,Jason Aldean & Carrie Underwood,2,13,Gains In Performance
2021-10-23,3,Fancy Like,Walker Hayes,4,15,Gains In Performance
2021-10-23,4,Memory I Don't Mess With,Lee Brice,1,50,
2021-10-23,5,Cold Beer Calling My Name,Jameson Rodgers Featuring Luke Combs,3,45,
2021-10-23,6,Chasing After You,Ryan Hurd With Maren Morris,7,33,Gains In Performance
2021-10-23,7,Same Boat,Zac Brown Band,9,19,Gains In Performance
2021-10-23,8,Cold As You,Luke Combs,8,15,Gains In Performance
2021-10-23,9,Knowing You,Kenny Chesney,11,32,Gains In Performance
2021-10-23,10,Thinking 'Bout You,Dustin Lynch Featuring MacKenzie Porter,12,24,Gains In Performance
2021-10-23,11,I Was On A Boat That Day,Old Dominion,10,22,
2021-10-23,12,Tequila Little Time,Jon Pardi,13,39,Gains In Performance
2021-10-23,13,Like A Lady,Lady A,14,32,
2021-10-23,14,Freedom Was A Highway,Jimmie Allen & Brad Paisley,15,38,Gains In Performance
2021-10-23,15,Whiskey And Rain,Michael Ray,16,52,Gains In Performance
2021-10-23,16,Buy Dirt,Jordan Davis Featuring Luke Bryan,17,14,Gains In Performance
2021-10-23,17,Just About Over You,Priscilla Block,18,56,Gains In Performance
2021-10-23,18,You Should Probably Leave,Chris Stapleton,19,22,Gains In Performance
2021-10-23,19,One Mississippi,Kane Brown,20,9,Gains In Performance
2021-10-23,20,Sand In My Boots,Morgan Wallen,21,16,Gains In Performance
2021-10-23,21,Half Of My Hometown,Kelsea Ballerini Featuring Kenny Chesney,23,26,Gains In Performance
2021-10-23,22,To Be Loved By You,Parker McCollum,24,35,Gains In Performance
2021-10-23,23,Home Sweet,Russell Dickerson,22,39,Gains In Performance
2021-10-23,24,If I Was A Cowboy,Miranda Lambert,NEW,1,Highest ranking debut|Gains In Performance
2021-10-23,25,It's 'Cause I Am,Callista Clark,25,30,
2021-10-23,26,23,Sam Hunt,27,6,Gains In Performance
2021-10-23,27,Drunk (And I Don't Wanna Go Home),Elle King & Miranda Lambert,26,21,
2021-10-23,28,Heart On Fire,Eric Church,28,14,Gains In Performance
2021-10-23,29,Give Heaven Some Hell,HARDY,30,33,Gains In Performance
2021-10-23,30,That's What Cowboys Do,Garth Brooks,29,15,
2021-10-23,31,Wild Hearts,Keith Urban,31,9,Gains In Performance
2021-10-23,32,Best Thing Since Backroads,Jake Owen,33,11,Gains In Performance
2021-10-23,33,Come Back As A Country Boy,Blake Shelton,36,3,Gains In Performance
2021-10-23,34,Beers On Me,"Dierks Bentley, BRELAND & HARDY",32,12,Gains In Performance
2021-10-23,35,Never Wanted To Be That Girl,Carly Pearce & Ashley McBryde,34,5,Gains In Performance
2021-10-23,36,That Ain't Me No More,Matt Stell,35,33,
2021-10-23,37,Getting Over Him,Lauren Alaina Duet With Jon Pardi,38,33,Gains In Performance
2021-10-23,38,Steal My Love,Dan + Shay,37,10,Gains In Performance
2021-10-23,39,I Can't,Caitlyn Smith Featuring Old Dominion,39,35,Gains In Performance
2021-10-23,40,7500 OBO,Tim McGraw,40,11,
2021-10-23,41,My Masterpiece,Darius Rucker,41,19,Gains In Performance
2021-10-23,42,Old School,Toby Keith,43,17,Gains In Performance
2021-10-23,43,I'm Not For Everyone,Brothers Osborne,42,24,Gains In Performance
2021-10-23,44,Country'd Look Good On You,Frank Ray,45,8,Gains In Performance
2021-10-23,45,While You're Gone,Drew Parker,46,20,Gains In Performance
2021-10-23,46,"Back Then, Right Now",Tenille Arts,44,20,
2021-10-23,47,Till There's Nothing Left,Cam,50,11,Gains In Performance
2021-10-23,48,Fill Them Boots,Chris Lane,48,26,Gains In Performance
2021-10-23,49,'Til You Can't,Cody Johnson,54,3,Gains In Performance
2021-10-23,50,Up,Luke Bryan,51,2,Gains In Performance
2021-10-23,51,You Ain't Pretty,Nate Barnes,47,20,
2021-10-23,52,New Truck,Dylan Scott,55,7,Gains In Performance
2021-10-23,53,Bye Mom,Chris Janson,57,3,Gains In Performance
2021-10-23,54,Footprints On The Moon,Gabby Barrett,53,12,Gains In Performance
2021-10-23,55,At The End Of A Bar,Chris Young With Mitchell Tenpenny,52,5,
2021-10-23,56,ABBY,Travis Denning,56,11,Gains In Performance
2021-10-23,57,Am I The Only One,Aaron Lewis,58,6,Gains In Performance
2021-10-23,58,Paradise To Me,Niko Moon,60,4,Gains In Performance
2021-10-23,59,Come In (But Don't Make Yourself Comfortable),Caroline Jones,59,12,Gains In Performance
2021-10-23,60,Take My Name,Parmalee,NEW,1,Gains In Performance
2021-10-30,1,If I Didn't Love You,Jason Aldean & Carrie Underwood,2,14,Gains In Performance
2021-10-30,2,Fancy Like,Walker Hayes,3,16,Greatest gainer this week|Gains In Performance
2021-10-30,3,Same Boat,Zac Brown Band,7,20,Gains In Performance
2021-10-30,4,Chasing After You,Ryan Hurd With Maren Morris,6,34,Gains In Performance
2021-10-30,5,Cold As You,Luke Combs,8,16,Gains In Performance
2021-10-30,6,Memory I Don't Mess With,Lee Brice,4,51,
2021-10-30,7,Cold Beer Calling My Name,Jameson Rodgers Featuring Luke Combs,5,46,
2021-10-30,8,Thinking 'Bout You,Dustin Lynch Featuring MacKenzie Porter,10,25,Gains In Performance
2021-10-30,9,Knowing You,Kenny Chesney,9,33,Gains In Performance
2021-10-30,10,I Was On A Boat That Day,Old Dominion,11,23,
2021-10-30,11,My Boy,Elvie Shane,1,55,
2021-10-30,12,Tequila Little Time,Jon Pardi,12,40,Gains In Performance
2021-10-30,13,Freedom Was A Highway,Jimmie Allen & Brad Paisley,14,39,Gains In Performance
2021-10-30,14,Buy Dirt,Jordan Davis Featuring Luke Bryan,16,15,Gains In Performance
2021-10-30,15,Like A Lady,Lady A,13,33,Gains In Performance
2021-10-30,16,Whiskey And Rain,Michael Ray,15,53,Gains In Performance
2021-10-30,17,Just About Over You,Priscilla Block,17,57,Gains In Performance
2021-10-30,18,You Should Probably Leave,Chris Stapleton,18,23,Gains In Performance
2021-10-30,19,One Mississippi,Kane Brown,19,10,Gains In Performance
2021-10-30,20,Sand In My Boots,Morgan Wallen,20,17,Gains In Performance
2021-10-30,21,Half Of My Hometown,Kelsea Ballerini Featuring Kenny Chesney,21,27,Gains In Performance
2021-10-30,22,Home Sweet,Russell Dickerson,23,40,Gains In Performance
2021-10-30,23,To Be Loved By You,Parker McCollum,22,36,Gains In Performance
2021-10-30,24,It's 'Cause I Am,Callista Clark,25,31,Gains In Performance
2021-10-30,25,Drunk (And I Don't Wanna Go Home),Elle King & Miranda Lambert,27,22,Gains In Performance
2021-10-30,26,Heart On Fire,Eric Church,28,15,Gains In Performance
2021-10-30,27,23,Sam Hunt,26,7,Gains In Performance
2021-10-30,28,Give Heaven Some Hell,HARDY,29,34,Gains In Performance
2021-10-30,29,Wild Hearts,Keith Urban,31,10,Gains In Performance
2021-10-30,30,Come Back As A Country Boy,Blake Shelton,33,4,Gains In Performance
2021-10-30,31,That's What Cowboys Do,Garth Brooks,30,16,
2021-10-30,32,Best Thing Since Backroads,Jake Owen,32,12,Gains In Performance
2021-10-30,33,Never Wanted To Be That Girl,Carly Pearce & Ashley McBryde,35,6,Gains In Performance
2021-10-30,34,Beers On Me,"Dierks Bentley, BRELAND & HARDY",34,13,Gains In Performance
2021-10-30,35,If I Was A Cowboy,Miranda Lambert,24,2,
2021-10-30,36,Steal My Love,Dan + Shay,38,11,Gains In Performance
2021-10-30,37,Getting Over Him,Lauren Alaina Duet With Jon Pardi,37,34,Gains In Performance
2021-10-30,38,7500 OBO,Tim McGraw,40,12,Gains In Performance
2021-10-30,39,I Can't,Caitlyn Smith Featuring Old Dominion,39,36,
2021-10-30,40,Up,Luke Bryan,50,3,Gains In Performance
2021-10-30,41,'Til You Can't,Cody Johnson,49,4,Gains In Performance
2021-10-30,42,"Back Then, Right Now",Tenille Arts,46,21,Gains In Performance
2021-10-30,43,Old School,Toby Keith,42,18,
2021-10-30,44,Country'd Look Good On You,Frank Ray,44,9,Gains In Performance
2021-10-30,45,I'm Not For Everyone,Brothers Osborne,43,25,
2021-10-30,46,While You're Gone,Drew Parker,45,21,Gains In Performance
2021-10-30,47,My Masterpiece,Darius Rucker,41,20,Gains In Performance
2021-10-30,48,Fill Them Boots,Chris Lane,48,27,Gains In Performance
2021-10-30,49,Bye Mom,Chris Janson,53,4,Gains In Performance
2021-10-30,50,You Ain't Pretty,Nate Barnes,51,21,Gains In Performance
2021-10-30,51,New Truck,Dylan Scott,52,8,
2021-10-30,52,Am I The Only One,Aaron Lewis,57,7,Gains In Performance
2021-10-30,53,Footprints On The Moon,Gabby Barrett,54,13,Gains In Performance
2021-10-30,54,Till There's Nothing Left,Cam,47,12,Gains In Performance
2021-10-30,55,Damn Strait,Scotty McCreery,NEW,1,Highest ranking debut|Gains In Performance
2021-10-30,56,At The End Of A Bar,Chris Young With Mitchell Tenpenny,55,6,Gains In Performance
2021-10-30,57,Come In (But Don't Make Yourself Comfortable),Caroline Jones,59,13,Gains In Performance
2021-10-30,58,Paradise To Me,Niko Moon,58,5,Gains In Performance
2021-10-30,59,Sunrise Tells The Story,Midland,RE,3,Gains In Performance
2021-10-30,60,Take My Name,Parmalee,60,2,
2021-11-06,1,If I Didn't Love You,Jason Aldean & Carrie Underwood,1,15,
2021-11-06,2,Fancy Like,Walker Hayes,2,17,
2021-11-06,3,Same Boat,Zac Brown Band,3,21,Gains In Performance
2021-11-06,4,Cold As You,Luke Combs,5,17,Gains In Performance
2021-11-06,5,Chasing After You,Ryan Hurd With Maren Morris,4,35,
2021-11-06,6,Thinking 'Bout You,Dustin Lynch Featuring MacKenzie Porter,8,26,Gains In Performance
2021-11-06,7,Knowing You,Kenny Chesney,9,34,
2021-11-06,8,Memory I Don't Mess With,Lee Brice,6,52,
2021-11-06,9,I Was On A Boat That Day,Old Dominion,10,24,
2021-11-06,10,Tequila Little Time,Jon Pardi,12,41,
2021-11-06,11,Buy Dirt,Jordan Davis Featuring Luke Bryan,14,16,Gains In Performance
2021-11-06,12,Freedom Was A Highway,Jimmie Allen & Brad Paisley,13,40,Gains In Performance
2021-11-06,13,Whiskey And Rain,Michael Ray,16,54,Gains In Performance
2021-11-06,14,You Should Probably Leave,Chris Stapleton,18,24,Greatest gainer this week|Gains In Performance
2021-11-06,15,Like A Lady,Lady A,15,34,
2021-11-06,16,One Mississippi,Kane Brown,19,11,Gains In Performance
2021-11-06,17,Sand In My Boots,Morgan Wallen,20,18,Gains In Performance
2021-11-06,18,Just About Over You,Priscilla Block,17,58,
2021-11-06,19,Half Of My Hometown,Kelsea Ballerini Featuring Kenny Chesney,21,28,Gains In Performance
2021-11-06,20,Home Sweet,Russell Dickerson,22,41,Gains In Performance
2021-11-06,21,To Be Loved By You,Parker McCollum,23,37,Gains In Performance
2021-11-06,22,It's 'Cause I Am,Callista Clark,24,32,Gains In Performance
2021-11-06,23,23,Sam Hunt,27,8,Gains In Performance
2021-11-06,24,Drunk (And I Don't Wanna Go Home),Elle King & Miranda Lambert,25,23,Gains In Performance
2021-11-06,25,Heart On Fire,Eric Church,26,16,Gains In Performance
2021-11-06,26,Give Heaven Some Hell,HARDY,28,35,
2021-11-06,27,Wild Hearts,Keith Urban,29,11,Gains In Performance
2021-11-06,28,Come Back As A Country Boy,Blake Shelton,30,5,Gains In Performance
2021-11-06,29,Never Wanted To Be That Girl,Carly Pearce & Ashley McBryde,33,7,Gains In Performance
2021-11-06,30,Beers On Me,"Dierks Bentley, BRELAND & HARDY",34,14,Gains In Performance
2021-11-06,31,Best Thing Since Backroads,Jake Owen,32,13,Gains In Performance
2021-11-06,32,If I Was A Cowboy,Miranda Lambert,35,3,Gains In Performance
2021-11-06,33,Steal My Love,Dan + Shay,36,12,Gains In Performance
2021-11-06,34,'Til You Can't,Cody Johnson,41,5,Gains In Performance
2021-11-06,35,Getting Over Him,Lauren Alaina Duet With Jon Pardi,37,35,
2021-11-06,36,Up,Luke Bryan,40,4,Gains In Performance
2021-11-06,37,I Can't,Caitlyn Smith Featuring Old Dominion,39,37,Gains In Performance
2021-11-06,38,7500 OBO,Tim McGraw,38,13,
2021-11-06,39,Old School,Toby Keith,43,19,Gains In Performance
2021-11-06,40,Country'd Look Good On You,Frank Ray,44,10,
2021-11-06,41,"Back Then, Right Now",Tenille Arts,42,22,
2021-11-06,42,I'm Not For Everyone,Brothers Osborne,45,26,Gains In Performance
2021-11-06,43,While You're Gone,Drew Parker,46,22,
2021-11-06,44,My Masterpiece,Darius Rucker,47,21,
2021-11-06,45,Fill Them Boots,Chris Lane,48,28,
2021-11-06,46,Bye Mom,Chris Janson,49,5,Gains In Performance
2021-11-06,47,Damn Strait,Scotty McCreery,55,2,Gains In Performance
2021-11-06,48,New Truck,Dylan Scott,51,9,Gains In Performance
2021-11-06,49,You Ain't Pretty,Nate Barnes,50,22,
2021-11-06,50,Footprints On The Moon,Gabby Barrett,53,14,Gains In Performance
2021-11-06,51,At The End Of A Bar,Chris Young With Mitchell Tenpenny,56,7,Gains In Performance
2021-11-06,52,Am I The Only One,Aaron Lewis,52,8,
2021-11-06,53,Till There's Nothing Left,Cam,54,13,
2021-11-06,54,If I Were Rock & Roll,Chase Rice,NEW,1,Highest ranking debut|Gains In Performance
2021-11-06,55,Paradise To Me,Niko Moon,58,6,Gains In Performance
2021-11-06,56,Come In (But Don't Make Yourself Comfortable),Caroline Jones,57,14,
2021-11-06,57,Sunrise Tells The Story,Midland,59,4,
2021-11-06,58,Wilder Days,Morgan Wade,NEW,1,Gains In Performance
2021-11-06,59,Take My Name,Parmalee,60,3,
2021-11-06,60,With A Woman You Love,Justin Moore,NEW,1,Gains In Performance
2021-11-13,1,Fancy Like,Walker Hayes,2,18,Gains In Performance
2021-11-13,2,If I Didn't Love You,Jason Aldean & Carrie Underwood,1,16,
2021-11-13,3,Same Boat,Zac Brown Band,3,22,Gains In Performance
2021-11-13,4,Chasing After You,Ryan Hurd With Maren Morris,5,36,Gains In Performance
2021-11-13,5,Cold As You,Luke Combs,4,18,Gains In Performance
2021-11-13,6,Thinking 'Bout You,Dustin Lynch Featuring MacKenzie Porter,6,27,Gains In Performance
2021-11-13,7,Knowing You,Kenny Chesney,7,35,Gains In Performance
2021-11-13,8,Tequila Little Time,Jon Pardi,10,42,Gains In Performance
2021-11-13,9,Whiskey And Rain,Michael Ray,13,55,Gains In Performance
2021-11-13,10,Buy Dirt,Jordan Davis Featuring Luke Bryan,11,17,Gains In Performance
2021-11-13,11,Freedom Was A Highway,Jimmie Allen & Brad Paisley,12,41,Gains In Performance
2021-11-13,12,You Should Probably Leave,Chris Stapleton,14,25,Gains In Performance
2021-11-13,13,One Mississippi,Kane Brown,16,12,Gains In Performance
2021-11-13,14,Half Of My Hometown,Kelsea Ballerini Featuring Kenny Chesney,19,29,Gains In Performance
2021-11-13,15,Sand In My Boots,Morgan Wallen,17,19,Gains In Performance
2021-11-13,16,Just About Over You,Priscilla Block,18,59,Gains In Performance
2021-11-13,17,Home Sweet,Russell Dickerson,20,42,Gains In Performance
2021-11-13,18,Drunk (And I Don't Wanna Go Home),Elle King & Miranda Lambert,24,24,Gains In Performance
2021-11-13,19,To Be Loved By You,Parker McCollum,21,38,Gains In Performance
2021-11-13,20,Heart On Fire,Eric Church,25,17,Gains In Performance
2021-11-13,21,23,Sam Hunt,23,9,Gains In Performance
2021-11-13,22,It's 'Cause I Am,Callista Clark,22,33,Gains In Performance
2021-11-13,23,Slow Down Summer,Thomas Rhett,NEW,1,Highest ranking debut|Gains In Performance
2021-11-13,24,Come Back As A Country Boy,Blake Shelton,28,6,Gains In Performance
2021-11-13,25,Give Heaven Some Hell,HARDY,26,36,Gains In Performance
2021-11-13,26,Wild Hearts,Keith Urban,27,12,Gains In Performance
2021-11-13,27,Best Thing Since Backroads,Jake Owen,31,14,Gains In Performance
2021-11-13,28,Beers On Me,"Dierks Bentley, BRELAND & HARDY",30,15,Gains In Performance
2021-11-13,29,Never Wanted To Be That Girl,Carly Pearce & Ashley McBryde,29,8,Gains In Performance
2021-11-13,30,If I Was A Cowboy,Miranda Lambert,32,4,Gains In Performance
2021-11-13,31,'Til You Can't,Cody Johnson,34,6,Gains In Performance
2021-11-13,32,Steal My Love,Dan + Shay,33,13,Gains In Performance
2021-11-13,33,Up,Luke Bryan,36,5,Gains In Performance
2021-11-13,34,Getting Over Him,Lauren Alaina Duet With Jon Pardi,35,36,
2021-11-13,35,Old School,Toby Keith,39,20,Gains In Performance
2021-11-13,36,7500 OBO,Tim McGraw,38,14,Gains In Performance
2021-11-13,37,I Can't,Caitlyn Smith Featuring Old Dominion,37,38,
2021-11-13,38,"Back Then, Right Now",Tenille Arts,41,23,Gains In Performance
2021-11-13,39,Country'd Look Good On You,Frank Ray,40,11,Gains In Performance
2021-11-13,40,I'm Not For Everyone,Brothers Osborne,42,27,Gains In Performance
2021-11-13,41,My Masterpiece,Darius Rucker,44,22,Gains In Performance
2021-11-13,42,While You're Gone,Drew Parker,43,23,Gains In Performance
2021-11-13,43,Fill Them Boots,Chris Lane,45,29,Gains In Performance
2021-11-13,44,Bye Mom,Chris Janson,46,6,Gains In Performance
2021-11-13,45,New Truck,Dylan Scott,48,10,Gains In Performance
2021-11-13,46,You Ain't Pretty,Nate Barnes,49,23,Gains In Performance
2021-11-13,47,At The End Of A Bar,Chris Young With Mitchell Tenpenny,51,8,Gains In Performance
2021-11-13,48,Footprints On The Moon,Gabby Barrett,50,15,
2021-11-13,49,Damn Strait,Scotty McCreery,47,3,
2021-11-13,50,Till There's Nothing Left,Cam,53,14,Gains In Performance
2021-11-13,51,Come In (But Don't Make Yourself Comfortable),Caroline Jones,56,15,Gains In Performance
2021-11-13,52,With A Woman You Love,Justin Moore,60,2,Gains In Performance
2021-11-13,53,If I Were Rock & Roll,Chase Rice,54,2,
2021-11-13,54,Wilder Days,Morgan Wade,58,2,Gains In Performance
2021-11-13,55,Am I The Only One,Aaron Lewis,52,9,
2021-11-13,56,Take My Name,Parmalee,59,4,Gains In Performance
2021-11-13,57,Paradise To Me,Niko Moon,55,7,
2021-11-13,58,Sunrise Tells The Story,Midland,57,5,
2021-11-13,59,Love Is Real,Morgan Evans,NEW,1,Gains In Performance
2021-11-13,60,Giving You Up,Kameron Marlowe,NEW,1,Gains In Performance
2021-11-20,1,If I Didn't Love You,Jason Aldean & Carrie Underwood,2,17,
2021-11-20,2,Chasing After You,Ryan Hurd With Maren Morris,4,37,Gains In Performance
2021-11-20,3,Same Boat,Zac Brown Band,3,23,Gains In Performance
2021-11-20,4,Cold As You,Luke Combs,5,19,Gains In Performance
2021-11-20,5,Thinking 'Bout You,Dustin Lynch Featuring MacKenzie Porter,6,28,Gains In Performance
2021-11-20,6,Fancy Like,Walker Hayes,1,19,
2021-11-20,7,Knowing You,Kenny Chesney,7,36,Gains In Performance
2021-11-20,8,Tequila Little Time,Jon Pardi,8,43,Gains In Performance
2021-11-20,9,Whiskey And Rain,Michael Ray,9,56,Gains In Performance
2021-11-20,10,Buy Dirt,Jordan Davis Featuring Luke Bryan,10,18,Gains In Performance
2021-11-20,11,Freedom Was A Highway,Jimmie Allen & Brad Paisley,11,42,Gains In Performance
2021-11-20,12,You Should Probably Leave,Chris Stapleton,12,26,Gains In Performance
2021-11-20,13,One Mississippi,Kane Brown,13,13,Gains In Performance
2021-11-20,14,Half Of My Hometown,Kelsea Ballerini Featuring Kenny Chesney,14,30,Gains In Performance
2021-11-20,15,Sand In My Boots,Morgan Wallen,15,20,Gains In Performance
2021-11-20,16,Just About Over You,Priscilla Block,16,60,Gains In Performance
2021-11-20,17,Drunk (And I Don't Wanna Go Home),Elle King & Miranda Lambert,18,25,Gains In Performance
2021-11-20,18,Home Sweet,Russell Dickerson,17,43,Gains In Performance
2021-11-20,19,To Be Loved By You,Parker McCollum,19,39,Gains In Performance
2021-11-20,20,Heart On Fire,Eric Church,20,18,Gains In Performance
2021-11-20,21,23,Sam Hunt,21,10,Gains In Performance
2021-11-20,22,It's 'Cause I Am,Callista Clark,22,34,Gains In Performance
2021-11-20,23,I Bet You Think About Me (Taylor's Version) (From The Vault),Taylor Swift Featuring Chris Stapleton,NEW,1,Highest ranking debut|Gains In Performance
2021-11-20,24,Come Back As A Country Boy,Blake Shelton,24,7,Gains In Performance
2021-11-20,25,Give Heaven Some Hell,HARDY,25,37,Gains In Performance
2021-11-20,26,Wild Hearts,Keith Urban,26,13,Gains In Performance
2021-11-20,27,Never Wanted To Be That Girl,Carly Pearce & Ashley McBryde,29,9,Gains In Performance
2021-11-20,28,Best Thing Since Backroads,Jake Owen,27,15,Gains In Performance
2021-11-20,29,If I Was A Cowboy,Miranda Lambert,30,5,Gains In Performance
2021-11-20,30,Beers On Me,"Dierks Bentley, BRELAND & HARDY",28,16,Gains In Performance
2021-11-20,31,Slow Down Summer,Thomas Rhett,23,2,
2021-11-20,32,'Til You Can't,Cody Johnson,31,7,Gains In Performance
2021-11-20,33,Up,Luke Bryan,33,6,Gains In Performance
2021-11-20,34,Steal My Love,Dan + Shay,32,14,Gains In Performance
2021-11-20,35,7500 OBO,Tim McGraw,36,15,Gains In Performance
2021-11-20,36,Getting Over Him,Lauren Alaina Duet With Jon Pardi,34,37,Gains In Performance
2021-11-20,37,Old School,Toby Keith,35,21,
2021-11-20,38,"Back Then, Right Now",Tenille Arts,38,24,Gains In Performance
2021-11-20,39,I Can't,Caitlyn Smith Featuring Old Dominion,37,39,Gains In Performance
2021-11-20,40,Country'd Look Good On You,Frank Ray,39,12,Gains In Performance
2021-11-20,41,I'm Not For Everyone,Brothers Osborne,40,28,Gains In Performance
2021-11-20,42,While You're Gone,Drew Parker,42,24,Gains In Performance
2021-11-20,43,My Masterpiece,Darius Rucker,41,23,Gains In Performance
2021-11-20,44,Fill Them Boots,Chris Lane,43,30,Gains In Performance
2021-11-20,45,New Truck,Dylan Scott,45,11,Gains In Performance
2021-11-20,46,At The End Of A Bar,Chris Young With Mitchell Tenpenny,47,9,Gains In Performance
2021-11-20,47,Bye Mom,Chris Janson,44,7,Gains In Performance
2021-11-20,48,Damn Strait,Scotty McCreery,49,4,Gains In Performance
2021-11-20,49,You Ain't Pretty,Nate Barnes,46,24,Gains In Performance
2021-11-20,50,With A Woman You Love,Justin Moore,52,3,Gains In Performance
2021-11-20,51,Footprints On The Moon,Gabby Barrett,48,16,
2021-11-20,52,Take My Name,Parmalee,56,5,Gains In Performance
2021-11-20,53,If I Were Rock & Roll,Chase Rice,53,3,Gains In Performance
2021-11-20,54,Till There's Nothing Left,Cam,50,15,
2021-11-20,55,Am I The Only One,Aaron Lewis,55,10,Gains In Performance
2021-11-20,56,Wilder Days,Morgan Wade,54,3,Gains In Performance
2021-11-20,57,Paradise To Me,Niko Moon,57,8,Gains In Performance
2021-11-20,58,Come In (But Don't Make Yourself Comfortable),Caroline Jones,51,16,
2021-11-20,59,Sunrise Tells The Story,Midland,58,6,Gains In Performance
2021-11-20,60,Giving You Up,Kameron Marlowe,60,2,Gains In Performance
2021-11-27,1,Cold As You,Luke Combs,4,20,Gains In Performance
2021-11-27,2,If I Didn't Love You,Jason Aldean & Carrie Underwood,1,18,
2021-11-27,3,Thinking 'Bout You,Dustin Lynch Featuring MacKenzie Porter,5,29,Gains In Performance
2021-11-27,4,Same Boat,Zac Brown Band,3,24,Gains In Performance
2021-11-27,5,Chasing After You,Ryan Hurd With Maren Morris,2,38,
2021-11-27,6,Knowing You,Kenny Chesney,7,37,Gains In Performance
2021-11-27,7,Whiskey And Rain,Michael Ray,9,57,Gains In Performance
2021-11-27,8,Tequila Little Time,Jon Pardi,8,44,Gains In Performance
2021-11-27,9,Buy Dirt,Jordan Davis Featuring Luke Bryan,10,19,Gains In Performance
2021-11-27,10,You Should Probably Leave,Chris Stapleton,12,27,Gains In Performance
2021-11-27,11,Freedom Was A Highway,Jimmie Allen & Brad Paisley,11,43,Gains In Performance
2021-11-27,12,One Mississippi,Kane Brown,13,14,Gains In Performance
2021-11-27,13,Half Of My Hometown,Kelsea Ballerini Featuring Kenny Chesney,14,31,Gains In Performance
2021-11-27,14,Sand In My Boots,Morgan Wallen,15,21,Gains In Performance
2021-11-27,15,Just About Over You,Priscilla Block,16,61,Gains In Performance
2021-11-27,16,Home Sweet,Russell Dickerson,18,44,Gains In Performance
2021-11-27,17,Drunk (And I Don't Wanna Go Home),Elle King & Miranda Lambert,17,26,Gains In Performance
2021-11-27,18,To Be Loved By You,Parker McCollum,19,40,Gains In Performance
2021-11-27,19,Heart On Fire,Eric Church,20,19,Gains In Performance
2021-11-27,20,23,Sam Hunt,21,11,Gains In Performance
2021-11-27,21,Never Say Never,Cole Swindell / Lainey Wilson,NEW,1,Highest ranking debut|Gains In Performance
2021-11-27,22,It's 'Cause I Am,Callista Clark,22,35,Gains In Performance
2021-11-27,23,Come Back As A Country Boy,Blake Shelton,24,8,Gains In Performance
2021-11-27,24,Give Heaven Some Hell,HARDY,25,38,Gains In Performance
2021-11-27,25,Easy On Me,Adele With Chris Stapleton,NEW,1,Gains In Performance
2021-11-27,26,Wild Hearts,Keith Urban,26,14,Gains In Performance
2021-11-27,27,Never Wanted To Be That Girl,Carly Pearce & Ashley McBryde,27,10,Gains In Performance
2021-11-27,28,Beers On Me,"Dierks Bentley, BRELAND & HARDY",30,17,Gains In Performance
2021-11-27,29,If I Was A Cowboy,Miranda Lambert,29,6,Gains In Performance
2021-11-27,30,Best Thing Since Backroads,Jake Owen,28,16,Gains In Performance
2021-11-27,31,Slow Down Summer,Thomas Rhett,31,3,Gains In Performance
2021-11-27,32,'Til You Can't,Cody Johnson,32,8,Gains In Performance
2021-11-27,33,Up,Luke Bryan,33,7,Gains In Performance
2021-11-27,34,Steal My Love,Dan + Shay,34,15,Gains In Performance
2021-11-27,35,7500 OBO,Tim McGraw,35,16,Gains In Performance
2021-11-27,36,Getting Over Him,Lauren Alaina Duet With Jon Pardi,36,38,Gains In Performance
2021-11-27,37,Old School,Toby Keith,37,22,
2021-11-27,38,Country'd Look Good On You,Frank Ray,40,13,Gains In Performance
2021-11-27,39,I Can't,Caitlyn Smith Featuring Old Dominion,39,40,Gains In Performance
2021-11-27,40,"Back Then, Right Now",Tenille Arts,38,25,
2021-11-27,41,I'm Not For Everyone,Brothers Osborne,41,29,Gains In Performance
2021-11-27,42,I Bet You Think About Me (Taylor's Version) (From The Vault),Taylor Swift Featuring Chris Stapleton,23,2,
2021-11-27,43,Fill Them Boots,Chris Lane,44,31,Gains In Performance
2021-11-27,44,My Masterpiece,Darius Rucker,43,24,Gains In Performance
2021-11-27,45,Damn Strait,Scotty McCreery,48,5,Gains In Performance
2021-11-27,46,While You're Gone,Drew Parker,42,25,
2021-11-27,47,New Truck,Dylan Scott,45,12,Gains In Performance
2021-11-27,48,Bye Mom,Chris Janson,47,8,Gains In Performance
2021-11-27,49,At The End Of A Bar,Chris Young With Mitchell Tenpenny,46,10,
2021-11-27,50,Take My Name,Parmalee,52,6,Gains In Performance
2021-11-27,51,You Ain't Pretty,Nate Barnes,49,25,
2021-11-27,52,With A Woman You Love,Justin Moore,50,4,Gains In Performance
2021-11-27,53,Paradise To Me,Niko Moon,57,9,Gains In Performance
2021-11-27,54,If I Were Rock & Roll,Chase Rice,53,4,Gains In Performance
2021-11-27,55,Wilder Days,Morgan Wade,56,4,Gains In Performance
2021-11-27,56,Come In (But Don't Make Yourself Comfortable),Caroline Jones,58,17,Gains In Performance
2021-11-27,57,Sunrise Tells The Story,Midland,59,7,Gains In Performance
2021-11-27,58,Am I The Only One,Aaron Lewis,55,11,
2021-11-27,59,Till There's Nothing Left,Cam,54,16,
2021-11-27,60,Doin' This,Luke Combs,NEW,1,Gains In Performance
2021-12-04,1,Same Boat,Zac Brown Band,4,25,Greatest gainer this week|Gains In Performance
2021-12-04,2,Thinking 'Bout You,Dustin Lynch Featuring MacKenzie Porter,3,30,Gains In Performance
2021-12-04,3,If I Didn't Love You,Jason Aldean & Carrie Underwood,2,19,Gains In Performance
2021-12-04,4,Cold As You,Luke Combs,1,21,
2021-12-04,5,Knowing You,Kenny Chesney,6,38,Gains In Performance
2021-12-04,6,Whiskey And Rain,Michael Ray,7,58,Gains In Performance
2021-12-04,7,Chasing After You,Ryan Hurd With Maren Morris,5,39,
2021-12-04,8,Buy Dirt,Jordan Davis Featuring Luke Bryan,9,20,Gains In Performance
2021-12-04,9,Tequila Little Time,Jon Pardi,8,45,Gains In Performance
2021-12-04,10,You Should Probably Leave,Chris Stapleton,10,28,Gains In Performance
2021-12-04,11,Freedom Was A Highway,Jimmie Allen & Brad Paisley,11,44,Gains In Performance
2021-12-04,12,One Mississippi,Kane Brown,12,15,Gains In Performance
2021-12-04,13,Half Of My Hometown,Kelsea Ballerini Featuring Kenny Chesney,13,32,Gains In Performance
2021-12-04,14,Sand In My Boots,Morgan Wallen,14,22,Gains In Performance
2021-12-04,15,Just About Over You,Priscilla Block,15,62,Gains In Performance
2021-12-04,16,Home Sweet,Russell Dickerson,16,45,Gains In Performance
2021-12-04,17,Drunk (And I Don't Wanna Go Home),Elle King & Miranda Lambert,17,27,Gains In Performance
2021-12-04,18,To Be Loved By You,Parker McCollum,18,41,Gains In Performance
2021-12-04,19,Heart On Fire,Eric Church,19,20,Gains In Performance
2021-12-04,20,23,Sam Hunt,20,12,Gains In Performance
2021-12-04,21,It's 'Cause I Am,Callista Clark,22,36,Gains In Performance
2021-12-04,22,Come Back As A Country Boy,Blake Shelton,23,9,Gains In Performance
2021-12-04,23,Never Wanted To Be That Girl,Carly Pearce & Ashley McBryde,27,11,Gains In Performance
2021-12-04,24,Give Heaven Some Hell,HARDY,24,39,Gains In Performance
2021-12-04,25,Wild Hearts,Keith Urban,26,15,Gains In Performance
2021-12-04,26,Beers On Me,"Dierks Bentley, BRELAND & HARDY",28,18,Gains In Performance
2021-12-04,27,If I Was A Cowboy,Miranda Lambert,29,7,Gains In Performance
2021-12-04,28,Slow Down Summer,Thomas Rhett,31,4,Gains In Performance
2021-12-04,29,Best Thing Since Backroads,Jake Owen,30,17,Gains In Performance
2021-12-04,30,'Til You Can't,Cody Johnson,32,9,Gains In Performance
2021-12-04,31,Up,Luke Bryan,33,8,Gains In Performance
2021-12-04,32,Never Say Never,Cole Swindell / Lainey Wilson,21,2,
2021-12-04,33,Steal My Love,Dan + Shay,34,16,Gains In Performance
2021-12-04,34,Getting Over Him,Lauren Alaina Duet With Jon Pardi,36,39,Gains In Performance
2021-12-04,35,7500 OBO,Tim McGraw,35,17,Gains In Performance
2021-12-04,36,Country'd Look Good On You,Frank Ray,38,14,Gains In Performance
2021-12-04,37,I'm Not For Everyone,Brothers Osborne,41,30,Gains In Performance
2021-12-04,38,I Bet You Think About Me (Taylor's Version) (From The Vault),Taylor Swift Featuring Chris Stapleton,42,3,Gains In Performance
2021-12-04,39,Old School,Toby Keith,37,23,
2021-12-04,40,"Back Then, Right Now",Tenille Arts,40,26,Gains In Performance
2021-12-04,41,New Truck,Dylan Scott,47,13,Gains In Performance
2021-12-04,42,Damn Strait,Scotty McCreery,45,6,Gains In Performance
2021-12-04,43,Fill Them Boots,Chris Lane,43,32,
2021-12-04,44,While You're Gone,Drew Parker,46,26,Gains In Performance
2021-12-04,45,Bye Mom,Chris Janson,48,9,Gains In Performance
2021-12-04,46,At The End Of A Bar,Chris Young With Mitchell Tenpenny,49,11,Gains In Performance
2021-12-04,47,Take My Name,Parmalee,50,7,Gains In Performance
2021-12-04,48,Paradise To Me,Niko Moon,53,10,Gains In Performance
2021-12-04,49,With A Woman You Love,Justin Moore,52,5,Gains In Performance
2021-12-04,50,You Ain't Pretty,Nate Barnes,51,26,
2021-12-04,51,Easy On Me,Adele With Chris Stapleton,25,2,
2021-12-04,52,Wilder Days,Morgan Wade,55,5,Gains In Performance
2021-12-04,53,If I Were Rock & Roll,Chase Rice,54,5,
2021-12-04,54,Come In (But Don't Make Yourself Comfortable),Caroline Jones,56,18,Gains In Performance
2021-12-04,55,Sunrise Tells The Story,Midland,57,8,
2021-12-04,56,Giving You Up,Kameron Marlowe,RE,3,Gains In Performance
2021-12-04,57,Doin' This,Luke Combs,60,2,Gains In Performance
2021-12-04,58,AA,Walker Hayes,NEW,1,Highest ranking debut|Gains In Performance
2021-12-04,59,Love Is Real,Morgan Evans,RE,2,Gains In Performance
2021-12-04,60,You Didn't,Brett Young,NEW,1,Gains In Performance
2021-12-11,1,Thinking 'Bout You,Dustin Lynch Featuring MacKenzie Porter,2,31,Gains In Performance
2021-12-11,2,Knowing You,Kenny Chesney,5,39,Greatest gainer this week|Gains In Performance
2021-12-11,3,If I Didn't Love You,Jason Aldean & Carrie Underwood,3,20,
2021-12-11,4,Cold As You,Luke Combs,4,22,
2021-12-11,5,Same Boat,Zac Brown Band,1,26,
2021-12-11,6,Whiskey And Rain,Michael Ray,6,59,Gains In Performance
2021-12-11,7,Buy Dirt,Jordan Davis Featuring Luke Bryan,8,21,Gains In Performance
2021-12-11,8,You Should Probably Leave,Chris Stapleton,10,29,Gains In Performance
2021-12-11,9,Tequila Little Time,Jon Pardi,9,46,
2021-12-11,10,Freedom Was A Highway,Jimmie Allen & Brad Paisley,11,45,Gains In Performance
2021-12-11,11,One Mississippi,Kane Brown,12,16,Gains In Performance
2021-12-11,12,Sand In My Boots,Morgan Wallen,14,23,Gains In Performance
2021-12-11,13,Half Of My Hometown,Kelsea Ballerini Featuring Kenny Chesney,13,33,Gains In Performance
2021-12-11,14,Just About Over You,Priscilla Block,15,63,Gains In Performance
2021-12-11,15,Drunk (And I Don't Wanna Go Home),Elle King & Miranda Lambert,17,28,Gains In Performance
2021-12-11,16,To Be Loved By You,Parker McCollum,18,42,Gains In Performance
2021-12-11,17,Home Sweet,Russell Dickerson,16,46,Gains In Performance
2021-12-11,18,Heart On Fire,Eric Church,19,21,Gains In Performance
2021-12-11,19,23,Sam Hunt,20,13,Gains In Performance
2021-12-11,20,Come Back As A Country Boy,Blake Shelton,22,10,Gains In Performance
2021-12-11,21,It's 'Cause I Am,Callista Clark,21,37,
2021-12-11,22,Never Wanted To Be That Girl,Carly Pearce & Ashley McBryde,23,12,Gains In Performance
2021-12-11,23,Give Heaven Some Hell,HARDY,24,40,Gains In Performance
2021-12-11,24,Beers On Me,"Dierks Bentley, BRELAND & HARDY",26,19,Gains In Performance
2021-12-11,25,Wild Hearts,Keith Urban,25,16,Gains In Performance
2021-12-11,26,If I Was A Cowboy,Miranda Lambert,27,8,Gains In Performance
2021-12-11,27,Never Say Never,Cole Swindell / Lainey Wilson,32,3,Gains In Performance
2021-12-11,28,'Til You Can't,Cody Johnson,30,10,Gains In Performance
2021-12-11,29,Slow Down Summer,Thomas Rhett,28,5,Gains In Performance
2021-12-11,30,Best Thing Since Backroads,Jake Owen,29,18,Gains In Performance
2021-12-11,31,Up,Luke Bryan,31,9,Gains In Performance
2021-12-11,32,Steal My Love,Dan + Shay,33,17,Gains In Performance
2021-12-11,33,Getting Over Him,Lauren Alaina Duet With Jon Pardi,34,40,Gains In Performance
2021-12-11,34,7500 OBO,Tim McGraw,35,18,Gains In Performance
2021-12-11,35,I Bet You Think About Me (Taylor's Version) (From The Vault),Taylor Swift Featuring Chris Stapleton,38,4,Gains In Performance
2021-12-11,36,Country'd Look Good On You,Frank Ray,36,15,
2021-12-11,37,Damn Strait,Scotty McCreery,42,7,Gains In Performance
2021-12-11,38,New Truck,Dylan Scott,41,14,Gains In Performance
2021-12-11,39,I'm Not For Everyone,Brothers Osborne,37,31,
2021-12-11,40,"Back Then, Right Now",Tenille Arts,40,27,Gains In Performance
2021-12-11,41,Old School,Toby Keith,39,24,
2021-12-11,42,Take My Name,Parmalee,47,8,Gains In Performance
2021-12-11,43,While You're Gone,Drew Parker,44,27,Gains In Performance
2021-12-11,44,AA,Walker Hayes,58,2,Gains In Performance
2021-12-11,45,At The End Of A Bar,Chris Young With Mitchell Tenpenny,46,12,Gains In Performance
2021-12-11,46,Bye Mom,Chris Janson,45,10,Gains In Performance
2021-12-11,47,Fill Them Boots,Chris Lane,43,33,
2021-12-11,48,You Ain't Pretty,Nate Barnes,50,27,Gains In Performance
2021-12-11,49,Soul,Lee Brice,NEW,1,Highest ranking debut|Gains In Performance
2021-12-11,50,Paradise To Me,Niko Moon,48,11,Gains In Performance
2021-12-11,51,With A Woman You Love,Justin Moore,49,6,
2021-12-11,52,Come In (But Don't Make Yourself Comfortable),Caroline Jones,54,19,Gains In Performance
2021-12-11,53,Easy On Me,Adele With Chris Stapleton,51,3,
2021-12-11,54,If I Were Rock & Roll,Chase Rice,53,6,Gains In Performance
2021-12-11,55,Sunrise Tells The Story,Midland,55,9,Gains In Performance
2021-12-11,56,Doin' This,Luke Combs,57,3,Gains In Performance
2021-12-11,57,Wilder Days,Morgan Wade,52,6,
2021-12-11,58,Love Is Real,Morgan Evans,59,3,Gains In Performance
2021-12-11,59,You Didn't,Brett Young,60,2,Gains In Performance
2021-12-11,60,Giving You Up,Kameron Marlowe,56,4,
2021-12-18,1,Thinking 'Bout You,Dustin Lynch Featuring MacKenzie Porter,1,32,Gains In Performance
2021-12-18,2,If I Didn't Love You,Jason Aldean & Carrie Underwood,3,21,
2021-12-18,3,Cold As You,Luke Combs,4,23,
2021-12-18,4,Whiskey And Rain,Michael Ray,6,60,Gains In Performance
2021-12-18,5,You Should Probably Leave,Chris Stapleton,8,30,Greatest gainer this week|Gains In Performance
2021-12-18,6,Buy Dirt,Jordan Davis Featuring Luke Bryan,7,22,Gains In Performance
2021-12-18,7,Same Boat,Zac Brown Band,5,27,
2021-12-18,8,Tequila Little Time,Jon Pardi,9,47,Gains In Performance
2021-12-18,9,Freedom Was A Highway,Jimmie Allen & Brad Paisley,10,46,Gains In Performance
2021-12-18,10,Knowing You,Kenny Chesney,2,40,
2021-12-18,11,Sand In My Boots,Morgan Wallen,12,24,Gains In Performance
2021-12-18,12,One Mississippi,Kane Brown,11,17,Gains In Performance
2021-12-18,13,Half Of My Hometown,Kelsea Ballerini Featuring Kenny Chesney,13,34,Gains In Performance
2021-12-18,14,Just About Over You,Priscilla Block,14,64,Gains In Performance
2021-12-18,15,To Be Loved By You,Parker McCollum,16,43,Gains In Performance
2021-12-18,16,Home Sweet,Russell Dickerson,17,47,Gains In Performance
2021-12-18,17,Drunk (And I Don't Wanna Go Home),Elle King & Miranda Lambert,15,29,Gains In Performance
2021-12-18,18,Heart On Fire,Eric Church,18,22,Gains In Performance
2021-12-18,19,23,Sam Hunt,19,14,Gains In Performance
2021-12-18,20,Come Back As A Country Boy,Blake Shelton,20,11,Gains In Performance
2021-12-18,21,Never Wanted To Be That Girl,Carly Pearce & Ashley McBryde,22,13,Gains In Performance
2021-12-18,22,It's 'Cause I Am,Callista Clark,21,38,
2021-12-18,23,Beers On Me,"Dierks Bentley, BRELAND & HARDY",24,20,Gains In Performance
2021-12-18,24,Give Heaven Some Hell,HARDY,23,41,Gains In Performance
2021-12-18,25,Never Say Never,Cole Swindell / Lainey Wilson,27,4,Gains In Performance
2021-12-18,26,Wild Hearts,Keith Urban,25,17,Gains In Performance
2021-12-18,27,If I Was A Cowboy,Miranda Lambert,26,9,Gains In Performance
2021-12-18,28,'Til You Can't,Cody Johnson,28,11,Gains In Performance
2021-12-18,29,Slow Down Summer,Thomas Rhett,29,6,Gains In Performance
2021-12-18,30,Best Thing Since Backroads,Jake Owen,30,19,Gains In Performance
2021-12-18,31,Up,Luke Bryan,31,10,Gains In Performance
2021-12-18,32,Steal My Love,Dan + Shay,32,18,Gains In Performance
2021-12-18,33,Getting Over Him,Lauren Alaina Duet With Jon Pardi,33,41,
2021-12-18,34,I Bet You Think About Me (Taylor's Version) (From The Vault),Taylor Swift Featuring Chris Stapleton,35,5,Gains In Performance
2021-12-18,35,7500 OBO,Tim McGraw,34,19,Gains In Performance
2021-12-18,36,Damn Strait,Scotty McCreery,37,8,Gains In Performance
2021-12-18,37,I'm Not For Everyone,Brothers Osborne,39,32,Gains In Performance
2021-12-18,38,New Truck,Dylan Scott,38,15,Gains In Performance
2021-12-18,39,Country'd Look Good On You,Frank Ray,36,16,Gains In Performance
2021-12-18,40,AA,Walker Hayes,44,3,Gains In Performance
2021-12-18,41,Old School,Toby Keith,41,25,Gains In Performance
2021-12-18,42,"Back Then, Right Now",Tenille Arts,40,28,Gains In Performance
2021-12-18,43,Take My Name,Parmalee,42,9,Gains In Performance
2021-12-18,44,While You're Gone,Drew Parker,43,28,Gains In Performance
2021-12-18,45,Bye Mom,Chris Janson,46,11,Gains In Performance
2021-12-18,46,Fill Them Boots,Chris Lane,47,34,Gains In Performance
2021-12-18,47,At The End Of A Bar,Chris Young With Mitchell Tenpenny,45,13,
2021-12-18,48,Easy On Me,Adele With Chris Stapleton,53,4,Gains In Performance
2021-12-18,49,You Ain't Pretty,Nate Barnes,48,28,Gains In Performance
2021-12-18,50,With A Woman You Love,Justin Moore,51,7,Gains In Performance
2021-12-18,51,Come In (But Don't Make Yourself Comfortable),Caroline Jones,52,20,Gains In Performance
2021-12-18,52,Paradise To Me,Niko Moon,50,12,
2021-12-18,53,If I Were Rock & Roll,Chase Rice,54,7,Gains In Performance
2021-12-18,54,Doin' This,Luke Combs,56,4,Gains In Performance
2021-12-18,55,Soul,Lee Brice,49,2,
2021-12-18,56,Wilder Days,Morgan Wade,57,7,Gains In Performance
2021-12-18,57,Love Is Real,Morgan Evans,58,4,Gains In Performance
2021-12-18,58,Sunrise Tells The Story,Midland,55,10,
2021-12-18,59,Giving You Up,Kameron Marlowe,60,5,Gains In Performance
2021-12-18,60,You Didn't,Brett Young,59,3,Gains In Performance
2021-12-25,1,Thinking 'Bout You,Dustin Lynch Featuring MacKenzie Porter,1,33,
2021-12-25,2,Whiskey And Rain,Michael Ray,4,61,Gains In Performance
2021-12-25,3,If I Didn't Love You,Jason Aldean & Carrie Underwood,2,22,
2021-12-25,4,You Should Probably Leave,Chris Stapleton,5,31,Greatest gainer this week|Gains In Performance
2021-12-25,5,Buy Dirt,Jordan Davis Featuring Luke Bryan,6,23,Gains In Performance
2021-12-25,6,Cold As You,Luke Combs,3,24,
2021-12-25,7,Tequila Little Time,Jon Pardi,8,48,Gains In Performance
2021-12-25,8,Freedom Was A Highway,Jimmie Allen & Brad Paisley,9,47,Gains In Performance
2021-12-25,9,Sand In My Boots,Morgan Wallen,11,25,Gains In Performance
2021-12-25,10,One Mississippi,Kane Brown,12,18,Gains In Performance
2021-12-25,11,Half Of My Hometown,Kelsea Ballerini Featuring Kenny Chesney,13,35,Gains In Performance
2021-12-25,12,To Be Loved By You,Parker McCollum,15,44,Gains In Performance
2021-12-25,13,Heart On Fire,Eric Church,18,23,Gains In Performance
2021-12-25,14,Drunk (And I Don't Wanna Go Home),Elle King & Miranda Lambert,17,30,Gains In Performance
2021-12-25,15,Home Sweet,Russell Dickerson,16,48,
2021-12-25,16,23,Sam Hunt,19,15,Gains In Performance
2021-12-25,17,Come Back As A Country Boy,Blake Shelton,20,12,Gains In Performance
2021-12-25,18,Never Wanted To Be That Girl,Carly Pearce & Ashley McBryde,21,14,Gains In Performance
2021-12-25,19,Beers On Me,"Dierks Bentley, BRELAND & HARDY",23,21,Gains In Performance
2021-12-25,20,It's 'Cause I Am,Callista Clark,22,39,Gains In Performance
2021-12-25,21,Give Heaven Some Hell,HARDY,24,42,Gains In Performance
2021-12-25,22,'Til You Can't,Cody Johnson,28,12,Gains In Performance
2021-12-25,23,Wild Hearts,Keith Urban,26,18,Gains In Performance
2021-12-25,24,Never Say Never,Cole Swindell / Lainey Wilson,25,5,Gains In Performance
2021-12-25,25,If I Was A Cowboy,Miranda Lambert,27,10,Gains In Performance
2021-12-25,26,Slow Down Summer,Thomas Rhett,29,7,Gains In Performance
2021-12-25,27,Best Thing Since Backroads,Jake Owen,30,20,Gains In Performance
2021-12-25,28,Up,Luke Bryan,31,11,Gains In Performance
2021-12-25,29,7500 OBO,Tim McGraw,35,20,Gains In Performance
2021-12-25,30,Getting Over Him,Lauren Alaina Duet With Jon Pardi,33,42,Gains In Performance
2021-12-25,31,AA,Walker Hayes,40,4,Gains In Performance
2021-12-25,32,Steal My Love,Dan + Shay,32,19,
2021-12-25,33,I Bet You Think About Me (Taylor's Version) (From The Vault),Taylor Swift Featuring Chris Stapleton,34,6,Gains In Performance
2021-12-25,34,Country'd Look Good On You,Frank Ray,39,17,Gains In Performance
2021-12-25,35,Damn Strait,Scotty McCreery,36,9,Gains In Performance
2021-12-25,36,New Truck,Dylan Scott,38,16,Gains In Performance
2021-12-25,37,I'm Not For Everyone,Brothers Osborne,37,33,
2021-12-25,38,Easy On Me,Adele With Chris Stapleton,48,5,Gains In Performance
2021-12-25,39,Old School,Toby Keith,41,26,Gains In Performance
2021-12-25,40,"Back Then, Right Now",Tenille Arts,42,29,Gains In Performance
2021-12-25,41,Take My Name,Parmalee,43,10,
2021-12-25,42,While You're Gone,Drew Parker,44,29,Gains In Performance
2021-12-25,43,At The End Of A Bar,Chris Young With Mitchell Tenpenny,47,14,Gains In Performance
2021-12-25,44,Doin' This,Luke Combs,54,5,Gains In Performance
2021-12-25,45,Bye Mom,Chris Janson,45,12,
2021-12-25,46,Fill Them Boots,Chris Lane,46,35,
2021-12-25,47,You Ain't Pretty,Nate Barnes,49,29,
2021-12-25,48,With A Woman You Love,Justin Moore,50,8,Gains In Performance
2021-12-25,49,Come In (But Don't Make Yourself Comfortable),Caroline Jones,51,21,
2021-12-25,50,Love Is Real,Morgan Evans,57,5,Gains In Performance
2021-12-25,51,Wilder Days,Morgan Wade,56,8,Gains In Performance
2021-12-25,52,If I Were Rock & Roll,Chase Rice,53,8,Gains In Performance
2021-12-25,53,Soul,Lee Brice,55,3,Gains In Performance
2021-12-25,54,Sunrise Tells The Story,Midland,58,11,Gains In Performance
2021-12-25,55,Paradise To Me,Niko Moon,52,13,
2021-12-25,56,You Didn't,Brett Young,60,4,Gains In Performance
2021-12-25,57,Giving You Up,Kameron Marlowe,59,6,Gains In Performance
2021-12-25,58,No Hard Feelings,Old Dominion,NEW,1,Highest ranking debut|Gains In Performance
2021-12-25,59,Learn From It,Conner Smith,NEW,1,Gains In Performance
2021-12-25,60,Missing One,Jameson Rodgers,NEW,1,Gains In Performance
2022-01-01,1,Thinking 'Bout You,Dustin Lynch Featuring MacKenzie Porter,1,34,
2022-01-01,2,Whiskey And Rain,Michael Ray,2,62,
2022-01-01,3,If I Didn't Love You,Jason Aldean & Carrie Underwood,3,23,
2022-01-01,4,You Should Probably Leave,Chris Stapleton,4,32,
2022-01-01,5,Buy Dirt,Jordan Davis Featuring Luke Bryan,5,24,
2022-01-01,6,Cold As You,Luke Combs,6,25,
2022-01-01,7,Tequila Little Time,Jon Pardi,7,49,
2022-01-01,8,Freedom Was A Highway,Jimmie Allen & Brad Paisley,8,48,
2022-01-01,9,Sand In My Boots,Morgan Wallen,9,26,
2022-01-01,10,One Mississippi,Kane Brown,10,19,
2022-01-01,11,Half Of My Hometown,Kelsea Ballerini Featuring Kenny Chesney,11,36,
2022-01-01,12,To Be Loved By You,Parker McCollum,12,45,
2022-01-01,13,Heart On Fire,Eric Church,13,24,
2022-01-01,14,Drunk (And I Don't Wanna Go Home),Elle King & Miranda Lambert,14,31,
2022-01-01,15,23,Sam Hunt,16,16,
2022-01-01,16,Home Sweet,Russell Dickerson,15,49,
2022-01-01,17,Never Wanted To Be That Girl,Carly Pearce & Ashley McBryde,18,15,
2022-01-01,18,Come Back As A Country Boy,Blake Shelton,17,13,
2022-01-01,19,Beers On Me,"Dierks Bentley, BRELAND & HARDY",19,22,
2022-01-01,20,'Til You Can't,Cody Johnson,22,13,
2022-01-01,21,Give Heaven Some Hell,HARDY,21,43,
2022-01-01,22,It's 'Cause I Am,Callista Clark,20,40,
2022-01-01,23,Wild Hearts,Keith Urban,23,19,
2022-01-01,24,If I Was A Cowboy,Miranda Lambert,25,11,Gains In Performance
2022-01-01,25,Never Say Never,Cole Swindell / Lainey Wilson,24,6,
2022-01-01,26,Slow Down Summer,Thomas Rhett,26,8,
2022-01-01,27,Best Thing Since Backroads,Jake Owen,27,21,
2022-01-01,28,Up,Luke Bryan,28,12,
2022-01-01,29,7500 OBO,Tim McGraw,29,21,
2022-01-01,30,AA,Walker Hayes,31,5,
2022-01-01,31,Getting Over Him,Lauren Alaina Duet With Jon Pardi,30,43,
2022-01-01,32,I Bet You Think About Me (Taylor's Version) (From The Vault),Taylor Swift Featuring Chris Stapleton,33,7,
2022-01-01,33,Steal My Love,Dan + Shay,32,20,
2022-01-01,34,Country'd Look Good On You,Frank Ray,34,18,
2022-01-01,35,Damn Strait,Scotty McCreery,35,10,
2022-01-01,36,Old School,Toby Keith,39,27,
2022-01-01,37,I'm Not For Everyone,Brothers Osborne,37,34,
2022-01-01,38,New Truck,Dylan Scott,36,17,
2022-01-01,39,Doin' This,Luke Combs,44,6,Gains In Performance
2022-01-01,40,Easy On Me,Adele With Chris Stapleton,38,6,
2022-01-01,41,Take My Name,Parmalee,41,11,
2022-01-01,42,"Back Then, Right Now",Tenille Arts,40,30,
2022-01-01,43,While You're Gone,Drew Parker,42,30,
2022-01-01,44,At The End Of A Bar,Chris Young With Mitchell Tenpenny,43,15,
2022-01-01,45,Officially Christmas,Dan + Shay,NEW,1,Highest ranking debut|Gains In Performance
2022-01-01,46,Fill Them Boots,Chris Lane,46,36,
2022-01-01,47,Bye Mom,Chris Janson,45,13,
2022-01-01,48,With A Woman You Love,Justin Moore,48,9,
2022-01-01,49,Come In (But Don't Make Yourself Comfortable),Caroline Jones,49,22,
2022-01-01,50,Wilder Days,Morgan Wade,51,9,
2022-01-01,51,All I Want For Christmas,Morgan Evans,NEW,1,Gains In Performance
2022-01-01,52,Soul,Lee Brice,53,4,
2022-01-01,53,Paradise To Me,Niko Moon,55,14,Gains In Performance
2022-01-01,54,If I Were Rock & Roll,Chase Rice,52,9,
2022-01-01,55,Love Is Real,Morgan Evans,50,6,
2022-01-01,56,You Ain't Pretty,Nate Barnes,47,30,
2022-01-01,57,Christmas Cookies,Lainey Wilson,NEW,1,Gains In Performance
2022-01-01,58,You Didn't,Brett Young,56,5,
2022-01-01,59,No Hard Feelings,Old Dominion,58,2,Gains In Performance
2022-01-01,60,Sunrise Tells The Story,Midland,54,12,
2022-01-08,1,Thinking 'Bout You,Dustin Lynch Featuring MacKenzie Porter,1,35,Gains In Performance
2022-01-08,2,Whiskey And Rain,Michael Ray,2,63,Greatest gainer this week|Gains In Performance
2022-01-08,3,You Should Probably Leave,Chris Stapleton,4,33,Gains In Performance
2022-01-08,4,If I Didn't Love You,Jason Aldean & Carrie Underwood,3,24,Gains In Performance
2022-01-08,5,Buy Dirt,Jordan Davis Featuring Luke Bryan,5,25,Gains In Performance
2022-01-08,6,Tequila Little Time,Jon Pardi,7,50,Gains In Performance
2022-01-08,7,Cold As You,Luke Combs,6,26,Gains In Performance
2022-01-08,8,Freedom Was A Highway,Jimmie Allen & Brad Paisley,8,49,Gains In Performance
2022-01-08,9,Sand In My Boots,Morgan Wallen,9,27,Gains In Performance
2022-01-08,10,One Mississippi,Kane Brown,10,20,Gains In Performance
2022-01-08,11,Half Of My Hometown,Kelsea Ballerini Featuring Kenny Chesney,11,37,Gains In Performance
2022-01-08,12,To Be Loved By You,Parker McCollum,12,46,Gains In Performance
2022-01-08,13,Heart On Fire,Eric Church,13,25,Gains In Performance
2022-01-08,14,23,Sam Hunt,15,17,Gains In Performance
2022-01-08,15,Drunk (And I Don't Wanna Go Home),Elle King & Miranda Lambert,14,32,Gains In Performance
2022-01-08,16,Home Sweet,Russell Dickerson,16,50,Gains In Performance
2022-01-08,17,Never Wanted To Be That Girl,Carly Pearce & Ashley McBryde,17,16,Gains In Performance
2022-01-08,18,Come Back As A Country Boy,Blake Shelton,18,14,Gains In Performance
2022-01-08,19,Beers On Me,"Dierks Bentley, BRELAND & HARDY",19,23,Gains In Performance
2022-01-08,20,'Til You Can't,Cody Johnson,20,14,Gains In Performance
2022-01-08,21,Wild Hearts,Keith Urban,23,20,Gains In Performance
2022-01-08,22,It's 'Cause I Am,Callista Clark,22,41,Gains In Performance
2022-01-08,23,If I Was A Cowboy,Miranda Lambert,24,12,Gains In Performance
2022-01-08,24,Never Say Never,Cole Swindell / Lainey Wilson,25,7,Gains In Performance
2022-01-08,25,Give Heaven Some Hell,HARDY,21,44,Gains In Performance
2022-01-08,26,Slow Down Summer,Thomas Rhett,26,9,Gains In Performance
2022-01-08,27,Best Thing Since Backroads,Jake Owen,27,22,Gains In Performance
2022-01-08,28,Up,Luke Bryan,28,13,Gains In Performance
2022-01-08,29,Steal My Love,Dan + Shay,33,21,Gains In Performance
2022-01-08,30,7500 OBO,Tim McGraw,29,22,Gains In Performance
2022-01-08,31,Getting Over Him,Lauren Alaina Duet With Jon Pardi,31,44,Gains In Performance
2022-01-08,32,AA,Walker Hayes,30,6,Gains In Performance
2022-01-08,33,I Bet You Think About Me (Taylor's Version) (From The Vault),Taylor Swift Featuring Chris Stapleton,32,8,Gains In Performance
2022-01-08,34,Damn Strait,Scotty McCreery,35,11,Gains In Performance
2022-01-08,35,Doin' This,Luke Combs,39,7,Gains In Performance
2022-01-08,36,I'm Not For Everyone,Brothers Osborne,37,35,Gains In Performance
2022-01-08,37,Country'd Look Good On You,Frank Ray,34,19,Gains In Performance
2022-01-08,38,New Truck,Dylan Scott,38,18,Gains In Performance
2022-01-08,39,Take My Name,Parmalee,41,12,Gains In Performance
2022-01-08,40,At The End Of A Bar,Chris Young With Mitchell Tenpenny,44,16,Gains In Performance
2022-01-08,41,Old School,Toby Keith,36,28,Gains In Performance
2022-01-08,42,"Back Then, Right Now",Tenille Arts,42,31,Gains In Performance
2022-01-08,43,Easy On Me,Adele With Chris Stapleton,40,7,Gains In Performance
2022-01-08,44,While You're Gone,Drew Parker,43,31,Gains In Performance
2022-01-08,45,Fill Them Boots,Chris Lane,46,37,Gains In Performance
2022-01-08,46,Wilder Days,Morgan Wade,50,10,Gains In Performance
2022-01-08,47,With A Woman You Love,Justin Moore,48,10,Gains In Performance
2022-01-08,48,Bye Mom,Chris Janson,47,14,Gains In Performance
2022-01-08,49,If I Were Rock & Roll,Chase Rice,54,10,Gains In Performance
2022-01-08,50,Soul,Lee Brice,52,5,Gains In Performance
2022-01-08,51,No Hard Feelings,Old Dominion,59,3,Gains In Performance
2022-01-08,52,Come In (But Don't Make Yourself Comfortable),Caroline Jones,49,23,Gains In Performance
2022-01-08,53,You Didn't,Brett Young,58,6,Gains In Performance
2022-01-08,54,Paradise To Me,Niko Moon,53,15,Gains In Performance
2022-01-08,55,Sunrise Tells The Story,Midland,60,13,Gains In Performance
2022-01-08,56,You Ain't Pretty,Nate Barnes,56,31,Gains In Performance
2022-01-08,57,Love Is Real,Morgan Evans,55,7,Gains In Performance
2022-01-08,58,Giving You Up,Kameron Marlowe,RE,7,Gains In Performance
2022-01-08,59,Wishful Drinking,Ingrid Andress With Sam Hunt,NEW,1,Highest ranking debut|Gains In Performance
2022-01-08,60,Missing One,Jameson Rodgers,RE,2,Gains In Performance
2022-01-15,1,Thinking 'Bout You,Dustin Lynch Featuring MacKenzie Porter,1,36,
2022-01-15,2,Whiskey And Rain,Michael Ray,2,64,Gains In Performance
2022-01-15,3,You Should Probably Leave,Chris Stapleton,3,34,Gains In Performance
2022-01-15,4,Buy Dirt,Jordan Davis Featuring Luke Bryan,5,26,Gains In Performance
2022-01-15,5,Tequila Little Time,Jon Pardi,6,51,Gains In Performance
2022-01-15,6,If I Didn't Love You,Jason Aldean & Carrie Underwood,4,25,
2022-01-15,7,Sand In My Boots,Morgan Wallen,9,28,Gains In Performance
2022-01-15,8,Freedom Was A Highway,Jimmie Allen & Brad Paisley,8,50,Gains In Performance
2022-01-15,9,One Mississippi,Kane Brown,10,21,Gains In Performance
2022-01-15,10,Half Of My Hometown,Kelsea Ballerini Featuring Kenny Chesney,11,38,Gains In Performance
2022-01-15,11,To Be Loved By You,Parker McCollum,12,47,Gains In Performance
2022-01-15,12,23,Sam Hunt,14,18,Gains In Performance
2022-01-15,13,Heart On Fire,Eric Church,13,26,Gains In Performance
2022-01-15,14,Drunk (And I Don't Wanna Go Home),Elle King & Miranda Lambert,15,33,Gains In Performance
2022-01-15,15,Home Sweet,Russell Dickerson,16,51,Gains In Performance
2022-01-15,16,Come Back As A Country Boy,Blake Shelton,18,15,Gains In Performance
2022-01-15,17,Never Wanted To Be That Girl,Carly Pearce & Ashley McBryde,17,17,Gains In Performance
2022-01-15,18,Beers On Me,"Dierks Bentley, BRELAND & HARDY",19,24,Gains In Performance
2022-01-15,19,'Til You Can't,Cody Johnson,20,15,Gains In Performance
2022-01-15,20,Never Say Never,Cole Swindell / Lainey Wilson,24,8,Gains In Performance
2022-01-15,21,Give Heaven Some Hell,HARDY,25,45,Gains In Performance
2022-01-15,22,Wild Hearts,Keith Urban,21,21,
2022-01-15,23,If I Was A Cowboy,Miranda Lambert,23,13,Gains In Performance
2022-01-15,24,It's 'Cause I Am,Callista Clark,22,42,Gains In Performance
2022-01-15,25,Circles Around This Town,Maren Morris,NEW,1,Highest ranking debut|Gains In Performance
2022-01-15,26,Slow Down Summer,Thomas Rhett,26,10,Gains In Performance
2022-01-15,27,Best Thing Since Backroads,Jake Owen,27,23,Gains In Performance
2022-01-15,28,Up,Luke Bryan,28,14,Gains In Performance
2022-01-15,29,Steal My Love,Dan + Shay,29,22,Gains In Performance
2022-01-15,30,7500 OBO,Tim McGraw,30,23,Gains In Performance
2022-01-15,31,Getting Over Him,Lauren Alaina Duet With Jon Pardi,31,45,Gains In Performance
2022-01-15,32,Doin' This,Luke Combs,35,8,Gains In Performance
2022-01-15,33,AA,Walker Hayes,32,7,Gains In Performance
2022-01-15,34,Damn Strait,Scotty McCreery,34,12,Gains In Performance
2022-01-15,35,I'm Not For Everyone,Brothers Osborne,36,36,Gains In Performance
2022-01-15,36,Country'd Look Good On You,Frank Ray,37,20,Gains In Performance
2022-01-15,37,I Bet You Think About Me (Taylor's Version) (From The Vault),Taylor Swift Featuring Chris Stapleton,33,9,
2022-01-15,38,New Truck,Dylan Scott,38,19,Gains In Performance
2022-01-15,39,Old School,Toby Keith,41,29,Gains In Performance
2022-01-15,40,At The End Of A Bar,Chris Young With Mitchell Tenpenny,40,17,Gains In Performance
2022-01-15,41,"Back Then, Right Now",Tenille Arts,42,32,Gains In Performance
2022-01-15,42,Take My Name,Parmalee,39,13,
2022-01-15,43,While You're Gone,Drew Parker,44,32,Gains In Performance
2022-01-15,44,Soul,Lee Brice,50,6,Gains In Performance
2022-01-15,45,Fill Them Boots,Chris Lane,45,38,
2022-01-15,46,Easy On Me,Adele With Chris Stapleton,43,8,
2022-01-15,47,With A Woman You Love,Justin Moore,47,11,Gains In Performance
2022-01-15,48,Bye Mom,Chris Janson,48,15,Gains In Performance
2022-01-15,49,Wilder Days,Morgan Wade,46,11,
2022-01-15,50,Come In (But Don't Make Yourself Comfortable),Caroline Jones,52,24,
2022-01-15,51,Sunrise Tells The Story,Midland,55,14,Gains In Performance
2022-01-15,52,If I Were Rock & Roll,Chase Rice,49,11,
2022-01-15,53,No Hard Feelings,Old Dominion,51,4,
2022-01-15,54,Paradise To Me,Niko Moon,54,16,
2022-01-15,55,You Didn't,Brett Young,53,7,
2022-01-15,56,Love Is Real,Morgan Evans,57,8,Gains In Performance
2022-01-15,57,Truth About You,Mitchell Tenpenny,NEW,1,Gains In Performance
2022-01-15,58,Giving You Up,Kameron Marlowe,58,8,Gains In Performance
2022-01-15,59,Wishful Drinking,Ingrid Andress With Sam Hunt,59,2,Gains In Performance
2022-01-15,60,Learn From It,Conner Smith,RE,2,Gains In Performance
2022-01-22,1,Whiskey And Rain,Michael Ray,2,65,Gains In Performance
2022-01-22,2,Buy Dirt,Jordan Davis Featuring Luke Bryan,4,27,Gains In Performance
2022-01-22,3,You Should Probably Leave,Chris Stapleton,3,35,Gains In Performance
2022-01-22,4,Thinking 'Bout You,Dustin Lynch Featuring MacKenzie Porter,1,37,
2022-01-22,5,Sand In My Boots,Morgan Wallen,7,29,Gains In Performance
2022-01-22,6,If I Didn't Love You,Jason Aldean & Carrie Underwood,6,26,
2022-01-22,7,Freedom Was A Highway,Jimmie Allen & Brad Paisley,8,51,Gains In Performance
2022-01-22,8,One Mississippi,Kane Brown,9,22,Gains In Performance
2022-01-22,9,Half Of My Hometown,Kelsea Ballerini Featuring Kenny Chesney,10,39,Gains In Performance
2022-01-22,10,To Be Loved By You,Parker McCollum,11,48,Gains In Performance
2022-01-22,11,23,Sam Hunt,12,19,Gains In Performance
2022-01-22,12,Heart On Fire,Eric Church,13,27,Gains In Performance
2022-01-22,13,Drunk (And I Don't Wanna Go Home),Elle King & Miranda Lambert,14,34,Gains In Performance
2022-01-22,14,Tequila Little Time,Jon Pardi,5,52,
2022-01-22,15,Home Sweet,Russell Dickerson,15,52,Gains In Performance
2022-01-22,16,'Til You Can't,Cody Johnson,19,16,Gains In Performance
2022-01-22,17,Never Wanted To Be That Girl,Carly Pearce & Ashley McBryde,17,18,Gains In Performance
2022-01-22,18,Come Back As A Country Boy,Blake Shelton,16,16,Gains In Performance
2022-01-22,19,Beers On Me,"Dierks Bentley, BRELAND & HARDY",18,25,Gains In Performance
2022-01-22,20,Give Heaven Some Hell,HARDY,21,46,Gains In Performance
2022-01-22,21,Never Say Never,Cole Swindell / Lainey Wilson,20,9,Gains In Performance
2022-01-22,22,If I Was A Cowboy,Miranda Lambert,23,14,Gains In Performance
2022-01-22,23,Wild Hearts,Keith Urban,22,22,Gains In Performance
2022-01-22,24,It's 'Cause I Am,Callista Clark,24,43,Gains In Performance
2022-01-22,25,Trouble With A Heartbreak,Jason Aldean,NEW,1,Highest ranking debut|Gains In Performance
2022-01-22,26,Slow Down Summer,Thomas Rhett,26,11,Gains In Performance
2022-01-22,27,Best Thing Since Backroads,Jake Owen,27,24,
2022-01-22,28,Up,Luke Bryan,28,15,Gains In Performance
2022-01-22,29,Doin' This,Luke Combs,32,9,Gains In Performance
2022-01-22,30,7500 OBO,Tim McGraw,30,24,Gains In Performance
2022-01-22,31,Steal My Love,Dan + Shay,29,23,Gains In Performance
2022-01-22,32,Getting Over Him,Lauren Alaina Duet With Jon Pardi,31,46,Gains In Performance
2022-01-22,33,AA,Walker Hayes,33,8,Gains In Performance
2022-01-22,34,Damn Strait,Scotty McCreery,34,13,Gains In Performance
2022-01-22,35,Circles Around This Town,Maren Morris,25,2,
2022-01-22,36,I'm Not For Everyone,Brothers Osborne,35,37,
2022-01-22,37,Country'd Look Good On You,Frank Ray,36,21,Gains In Performance
2022-01-22,38,Take My Name,Parmalee,42,14,Gains In Performance
2022-01-22,39,I Bet You Think About Me (Taylor's Version) (From The Vault),Taylor Swift Featuring Chris Stapleton,37,10,Gains In Performance
2022-01-22,40,New Truck,Dylan Scott,38,20,Gains In Performance
2022-01-22,41,At The End Of A Bar,Chris Young With Mitchell Tenpenny,40,18,Gains In Performance
2022-01-22,42,Old School,Toby Keith,39,30,
2022-01-22,43,"Back Then, Right Now",Tenille Arts,41,33,
2022-01-22,44,Flower Shops,ERNEST Featuring Morgan Wallen,NEW,1,Gains In Performance
2022-01-22,45,While You're Gone,Drew Parker,43,33,
2022-01-22,46,Easy On Me,Adele With Chris Stapleton,46,9,
2022-01-22,47,Soul,Lee Brice,44,7,
2022-01-22,48,With A Woman You Love,Justin Moore,47,12,Gains In Performance
2022-01-22,49,Fill Them Boots,Chris Lane,45,39,
2022-01-22,50,Bye Mom,Chris Janson,48,16,Gains In Performance
2022-01-22,51,Come In (But Don't Make Yourself Comfortable),Caroline Jones,50,25,Gains In Performance
2022-01-22,52,Wilder Days,Morgan Wade,49,12,
2022-01-22,53,Sunrise Tells The Story,Midland,51,15,Gains In Performance
2022-01-22,54,No Hard Feelings,Old Dominion,53,5,Gains In Performance
2022-01-22,55,If I Were Rock & Roll,Chase Rice,52,12,
2022-01-22,56,You Didn't,Brett Young,55,8,Gains In Performance
2022-01-22,57,Love Is Real,Morgan Evans,56,9,Gains In Performance
2022-01-22,58,Wishful Drinking,Ingrid Andress With Sam Hunt,59,3,Gains In Performance
2022-01-22,59,Truth About You,Mitchell Tenpenny,57,2,Gains In Performance
2022-01-22,60,Paradise To Me,Niko Moon,54,17,
2022-01-29,1,Buy Dirt,Jordan Davis Featuring Luke Bryan,2,28,Greatest gainer this week|Gains In Performance
2022-01-29,2,You Should Probably Leave,Chris Stapleton,3,36,Gains In Performance
2022-01-29,3,Thinking 'Bout You,Dustin Lynch Featuring MacKenzie Porter,4,38,
2022-01-29,4,Sand In My Boots,Morgan Wallen,5,30,Gains In Performance
2022-01-29,5,Freedom Was A Highway,Jimmie Allen & Brad Paisley,7,52,Gains In Performance
2022-01-29,6,If I Didn't Love You,Jason Aldean & Carrie Underwood,6,27,
2022-01-29,7,Whiskey And Rain,Michael Ray,1,66,
2022-01-29,8,One Mississippi,Kane Brown,8,23,Gains In Performance
2022-01-29,9,Half Of My Hometown,Kelsea Ballerini Featuring Kenny Chesney,9,40,Gains In Performance
2022-01-29,10,To Be Loved By You,Parker McCollum,10,49,Gains In Performance
2022-01-29,11,Drunk (And I Don't Wanna Go Home),Elle King & Miranda Lambert,13,35,Gains In Performance
2022-01-29,12,23,Sam Hunt,11,20,Gains In Performance
2022-01-29,13,Heart On Fire,Eric Church,12,28,Gains In Performance
2022-01-29,14,Home Sweet,Russell Dickerson,15,53,Gains In Performance
2022-01-29,15,'Til You Can't,Cody Johnson,16,17,Gains In Performance
2022-01-29,16,Come Back As A Country Boy,Blake Shelton,18,17,Gains In Performance
2022-01-29,17,Beers On Me,"Dierks Bentley, BRELAND & HARDY",19,26,Gains In Performance
2022-01-29,18,Never Wanted To Be That Girl,Carly Pearce & Ashley McBryde,17,19,Gains In Performance
2022-01-29,19,Never Say Never,Cole Swindell / Lainey Wilson,21,10,Gains In Performance
2022-01-29,20,Give Heaven Some Hell,HARDY,20,47,Gains In Performance
2022-01-29,21,Wild Hearts,Keith Urban,23,23,Gains In Performance
2022-01-29,22,If I Was A Cowboy,Miranda Lambert,22,15,Gains In Performance
2022-01-29,23,It's 'Cause I Am,Callista Clark,24,44,Gains In Performance
2022-01-29,24,Slow Down Summer,Thomas Rhett,26,12,Gains In Performance
2022-01-29,25,Doin' This,Luke Combs,29,10,Gains In Performance
2022-01-29,26,Best Thing Since Backroads,Jake Owen,27,25,Gains In Performance
2022-01-29,27,Up,Luke Bryan,28,16,
2022-01-29,28,7500 OBO,Tim McGraw,30,25,Gains In Performance
2022-01-29,29,Getting Over Him,Lauren Alaina Duet With Jon Pardi,32,47,Gains In Performance
2022-01-29,30,Flower Shops,ERNEST Featuring Morgan Wallen,44,2,Gains In Performance
2022-01-29,31,Steal My Love,Dan + Shay,31,24,
2022-01-29,32,AA,Walker Hayes,33,9,Gains In Performance
2022-01-29,33,Circles Around This Town,Maren Morris,35,3,Gains In Performance
2022-01-29,34,Damn Strait,Scotty McCreery,34,14,Gains In Performance
2022-01-29,35,Country'd Look Good On You,Frank Ray,37,22,Gains In Performance
2022-01-29,36,Take My Name,Parmalee,38,15,Gains In Performance
2022-01-29,37,I'm Not For Everyone,Brothers Osborne,36,38,Gains In Performance
2022-01-29,38,Trouble With A Heartbreak,Jason Aldean,25,2,
2022-01-29,39,New Truck,Dylan Scott,40,21,Gains In Performance
2022-01-29,40,Old School,Toby Keith,42,31,
2022-01-29,41,At The End Of A Bar,Chris Young With Mitchell Tenpenny,41,19,
2022-01-29,42,"Back Then, Right Now",Tenille Arts,43,34,
2022-01-29,43,I Bet You Think About Me (Taylor's Version) (From The Vault),Taylor Swift Featuring Chris Stapleton,39,11,
2022-01-29,44,Easy On Me,Adele With Chris Stapleton,46,10,Gains In Performance
2022-01-29,45,While You're Gone,Drew Parker,45,34,
2022-01-29,46,With A Woman You Love,Justin Moore,48,13,Gains In Performance
2022-01-29,47,Soul,Lee Brice,47,8,Gains In Performance
2022-01-29,48,Fill Them Boots,Chris Lane,49,40,Gains In Performance
2022-01-29,49,Wilder Days,Morgan Wade,52,13,Gains In Performance
2022-01-29,50,Bye Mom,Chris Janson,50,17,
2022-01-29,51,Sunrise Tells The Story,Midland,53,16,Gains In Performance
2022-01-29,52,Come In (But Don't Make Yourself Comfortable),Caroline Jones,51,26,
2022-01-29,53,If I Were Rock & Roll,Chase Rice,55,13,Gains In Performance
2022-01-29,54,Wishful Drinking,Ingrid Andress With Sam Hunt,58,4,Gains In Performance
2022-01-29,55,No Hard Feelings,Old Dominion,54,6,
2022-01-29,56,Love Is Real,Morgan Evans,57,10,Gains In Performance
2022-01-29,57,You Didn't,Brett Young,56,9,
2022-01-29,58,Paradise To Me,Niko Moon,60,18,Gains In Performance
2022-01-29,59,Truth About You,Mitchell Tenpenny,59,3,Gains In Performance
2022-01-29,60,Giving You Up,Kameron Marlowe,RE,9,
2022-02-05,1,Buy Dirt,Jordan Davis Featuring Luke Bryan,1,29,
2022-02-05,2,You Should Probably Leave,Chris Stapleton,2,37,Gains In Performance
2022-02-05,3,Thinking 'Bout You,Dustin Lynch Featuring MacKenzie Porter,3,39,
2022-02-05,4,Sand In My Boots,Morgan Wallen,4,31,Gains In Performance
2022-02-05,5,Freedom Was A Highway,Jimmie Allen & Brad Paisley,5,53,Gains In Performance
2022-02-05,6,One Mississippi,Kane Brown,8,24,Gains In Performance
2022-02-05,7,If I Didn't Love You,Jason Aldean & Carrie Underwood,6,28,
2022-02-05,8,Half Of My Hometown,Kelsea Ballerini Featuring Kenny Chesney,9,41,Gains In Performance
2022-02-05,9,To Be Loved By You,Parker McCollum,10,50,Gains In Performance
2022-02-05,10,23,Sam Hunt,12,21,Gains In Performance
2022-02-05,11,Drunk (And I Don't Wanna Go Home),Elle King & Miranda Lambert,11,36,Gains In Performance
2022-02-05,12,Heart On Fire,Eric Church,13,29,Gains In Performance
2022-02-05,13,'Til You Can't,Cody Johnson,15,18,Greatest gainer this week|Gains In Performance
2022-02-05,14,Home Sweet,Russell Dickerson,14,54,Gains In Performance
2022-02-05,15,Beers On Me,"Dierks Bentley, BRELAND & HARDY",17,27,Gains In Performance
2022-02-05,16,Come Back As A Country Boy,Blake Shelton,16,18,Gains In Performance
2022-02-05,17,Never Wanted To Be That Girl,Carly Pearce & Ashley McBryde,18,20,Gains In Performance
2022-02-05,18,Never Say Never,Cole Swindell / Lainey Wilson,19,11,Gains In Performance
2022-02-05,19,Give Heaven Some Hell,HARDY,20,48,Gains In Performance
2022-02-05,20,It's 'Cause I Am,Callista Clark,23,45,Gains In Performance
2022-02-05,21,Wild Hearts,Keith Urban,21,24,Gains In Performance
2022-02-05,22,If I Was A Cowboy,Miranda Lambert,22,16,Gains In Performance
2022-02-05,23,Slow Down Summer,Thomas Rhett,24,13,Gains In Performance
2022-02-05,24,Doin' This,Luke Combs,25,11,Gains In Performance
2022-02-05,25,Best Thing Since Backroads,Jake Owen,26,26,Gains In Performance
2022-02-05,26,Up,Luke Bryan,27,17,Gains In Performance
2022-02-05,27,7500 OBO,Tim McGraw,28,26,Gains In Performance
2022-02-05,28,Flower Shops,ERNEST Featuring Morgan Wallen,30,3,Gains In Performance
2022-02-05,29,Steal My Love,Dan + Shay,31,25,Gains In Performance
2022-02-05,30,Circles Around This Town,Maren Morris,33,4,Gains In Performance
2022-02-05,31,Getting Over Him,Lauren Alaina Duet With Jon Pardi,29,48,
2022-02-05,32,Trouble With A Heartbreak,Jason Aldean,38,3,Gains In Performance
2022-02-05,33,AA,Walker Hayes,32,10,Gains In Performance
2022-02-05,34,Damn Strait,Scotty McCreery,34,15,Gains In Performance
2022-02-05,35,Take My Name,Parmalee,36,16,Gains In Performance
2022-02-05,36,Country'd Look Good On You,Frank Ray,35,23,Gains In Performance
2022-02-05,37,I'm Not For Everyone,Brothers Osborne,37,39,Gains In Performance
2022-02-05,38,New Truck,Dylan Scott,39,22,Gains In Performance
2022-02-05,39,Easy On Me,Adele With Chris Stapleton,44,11,Gains In Performance
2022-02-05,40,Old School,Toby Keith,40,32,Gains In Performance
2022-02-05,41,"Back Then, Right Now",Tenille Arts,42,35,Gains In Performance
2022-02-05,42,At The End Of A Bar,Chris Young With Mitchell Tenpenny,41,20,Gains In Performance
2022-02-05,43,Soul,Lee Brice,47,9,Gains In Performance
2022-02-05,44,With A Woman You Love,Justin Moore,46,14,Gains In Performance
2022-02-05,45,I Bet You Think About Me (Taylor's Version) (From The Vault),Taylor Swift Featuring Chris Stapleton,43,12,
2022-02-05,46,Wishful Drinking,Ingrid Andress With Sam Hunt,54,5,Gains In Performance
2022-02-05,47,Wilder Days,Morgan Wade,49,14,
2022-02-05,48,Paradise To Me,Niko Moon,58,19,Gains In Performance
2022-02-05,49,You Didn't,Brett Young,57,10,Gains In Performance
2022-02-05,50,No Hard Feelings,Old Dominion,55,7,Gains In Performance
2022-02-05,51,Sunrise Tells The Story,Midland,51,17,
2022-02-05,52,Come In (But Don't Make Yourself Comfortable),Caroline Jones,52,27,
2022-02-05,53,If I Were Rock & Roll,Chase Rice,53,14,Gains In Performance
2022-02-05,54,Bye Mom,Chris Janson,50,18,
2022-02-05,55,Truth About You,Mitchell Tenpenny,59,4,
2022-02-05,56,Love Is Real,Morgan Evans,56,11,
2022-02-05,57,Learn From It,Conner Smith,RE,3,Gains In Performance
2022-02-05,58,What A Song Can Do,Lady A,NEW,1,Highest ranking debut|Gains In Performance
2022-02-05,59,Giving You Up,Kameron Marlowe,60,10,
2022-02-05,60,Wasted On You,Morgan Wallen,NEW,1,Gains In Performance
2022-02-12,1,You Should Probably Leave,Chris Stapleton,2,38,Gains In Performance
2022-02-12,2,Sand In My Boots,Morgan Wallen,4,32,Gains In Performance
2022-02-12,3,Freedom Was A Highway,Jimmie Allen & Brad Paisley,5,54,Greatest gainer this week|Gains In Performance
2022-02-12,4,Buy Dirt,Jordan Davis Featuring Luke Bryan,1,30,
2022-02-12,5,Thinking 'Bout You,Dustin Lynch Featuring MacKenzie Porter,3,40,
2022-02-12,6,One Mississippi,Kane Brown,6,25,Gains In Performance
2022-02-12,7,Half Of My Hometown,Kelsea Ballerini Featuring Kenny Chesney,8,42,Gains In Performance
2022-02-12,8,If I Didn't Love You,Jason Aldean & Carrie Underwood,7,29,
2022-02-12,9,To Be Loved By You,Parker McCollum,9,51,Gains In Performance
2022-02-12,10,Drunk (And I Don't Wanna Go Home),Elle King & Miranda Lambert,11,37,Gains In Performance
2022-02-12,11,'Til You Can't,Cody Johnson,13,19,Gains In Performance
2022-02-12,12,23,Sam Hunt,10,22,Gains In Performance
2022-02-12,13,Heart On Fire,Eric Church,12,30,Gains In Performance
2022-02-12,14,Home Sweet,Russell Dickerson,14,55,Gains In Performance
2022-02-12,15,Beers On Me,"Dierks Bentley, BRELAND & HARDY",15,28,Gains In Performance
2022-02-12,16,Come Back As A Country Boy,Blake Shelton,16,19,Gains In Performance
2022-02-12,17,Never Wanted To Be That Girl,Carly Pearce & Ashley McBryde,17,21,Gains In Performance
2022-02-12,18,Never Say Never,Cole Swindell / Lainey Wilson,18,12,Gains In Performance
2022-02-12,19,Give Heaven Some Hell,HARDY,19,49,Gains In Performance
2022-02-12,20,Wild Hearts,Keith Urban,21,25,Gains In Performance
2022-02-12,21,Doin' This,Luke Combs,24,12,Gains In Performance
2022-02-12,22,If I Was A Cowboy,Miranda Lambert,22,17,Gains In Performance
2022-02-12,23,Slow Down Summer,Thomas Rhett,23,14,Gains In Performance
2022-02-12,24,Best Thing Since Backroads,Jake Owen,25,27,Gains In Performance
2022-02-12,25,Up,Luke Bryan,26,18,Gains In Performance
2022-02-12,26,7500 OBO,Tim McGraw,27,27,Gains In Performance
2022-02-12,27,Flower Shops,ERNEST Featuring Morgan Wallen,28,4,Gains In Performance
2022-02-12,28,Trouble With A Heartbreak,Jason Aldean,32,4,Gains In Performance
2022-02-12,29,AA,Walker Hayes,33,11,Gains In Performance
2022-02-12,30,Circles Around This Town,Maren Morris,30,5,Gains In Performance
2022-02-12,31,Steal My Love,Dan + Shay,29,26,Gains In Performance
2022-02-12,32,Damn Strait,Scotty McCreery,34,16,Gains In Performance
2022-02-12,33,Take My Name,Parmalee,35,17,Gains In Performance
2022-02-12,34,Country'd Look Good On You,Frank Ray,36,24,Gains In Performance
2022-02-12,35,I'm Not For Everyone,Brothers Osborne,37,40,Gains In Performance
2022-02-12,36,New Truck,Dylan Scott,38,23,Gains In Performance
2022-02-12,37,Old School,Toby Keith,40,33,Gains In Performance
2022-02-12,38,Easy On Me,Adele With Chris Stapleton,39,12,
2022-02-12,39,At The End Of A Bar,Chris Young With Mitchell Tenpenny,42,21,Gains In Performance
2022-02-12,40,With A Woman You Love,Justin Moore,44,15,Gains In Performance
2022-02-12,41,"Back Then, Right Now",Tenille Arts,41,36,Gains In Performance
2022-02-12,42,Soul,Lee Brice,43,10,Gains In Performance
2022-02-12,43,Paradise To Me,Niko Moon,48,20,Gains In Performance
2022-02-12,44,I Bet You Think About Me (Taylor's Version) (From The Vault),Taylor Swift Featuring Chris Stapleton,45,13,
2022-02-12,45,Wishful Drinking,Ingrid Andress With Sam Hunt,46,6,Gains In Performance
2022-02-12,46,Wilder Days,Morgan Wade,47,15,Gains In Performance
2022-02-12,47,Sunrise Tells The Story,Midland,51,18,Gains In Performance
2022-02-12,48,Bye Mom,Chris Janson,54,19,Gains In Performance
2022-02-12,49,If I Were Rock & Roll,Chase Rice,53,15,Gains In Performance
2022-02-12,50,You Didn't,Brett Young,49,11,
2022-02-12,51,No Hard Feelings,Old Dominion,50,8,
2022-02-12,52,Come In (But Don't Make Yourself Comfortable),Caroline Jones,52,28,
2022-02-12,53,Truth About You,Mitchell Tenpenny,55,5,Gains In Performance
2022-02-12,54,Out In The Middle,Zac Brown Band,NEW,1,Highest ranking debut|Gains In Performance
2022-02-12,55,Love Is Real,Morgan Evans,56,12,Gains In Performance
2022-02-12,56,Wasted On You,Morgan Wallen,60,2,Gains In Performance
2022-02-12,57,Learn From It,Conner Smith,57,4,
2022-02-12,58,Giving You Up,Kameron Marlowe,59,11,Gains In Performance
2022-02-12,59,Son Of A,Dillon Carmichael,NEW,1,Gains In Performance
2022-02-12,60,Love Story (Taylor's Version),Taylor Swift,RE,2,Gains In Performance
2022-02-19,1,Freedom Was A Highway,Jimmie Allen & Brad Paisley,3,55,Gains In Performance
2022-02-19,2,Sand In My Boots,Morgan Wallen,2,33,Gains In Performance
2022-02-19,3,Half Of My Hometown,Kelsea Ballerini Featuring Kenny Chesney,7,43,Gains In Performance
2022-02-19,4,One Mississippi,Kane Brown,6,26,
2022-02-19,5,You Should Probably Leave,Chris Stapleton,1,39,
2022-02-19,6,Thinking 'Bout You,Dustin Lynch Featuring MacKenzie Porter,5,41,
2022-02-19,7,Buy Dirt,Jordan Davis Featuring Luke Bryan,4,31,
2022-02-19,8,If I Didn't Love You,Jason Aldean & Carrie Underwood,8,30,
2022-02-19,9,To Be Loved By You,Parker McCollum,9,52,Gains In Performance
2022-02-19,10,'Til You Can't,Cody Johnson,11,20,Gains In Performance
2022-02-19,11,Drunk (And I Don't Wanna Go Home),Elle King & Miranda Lambert,10,38,Gains In Performance
2022-02-19,12,23,Sam Hunt,12,23,
2022-02-19,13,Heart On Fire,Eric Church,13,31,Gains In Performance
2022-02-19,14,Beers On Me,"Dierks Bentley, BRELAND & HARDY",15,29,Gains In Performance
2022-02-19,15,Home Sweet,Russell Dickerson,14,56,
2022-02-19,16,Come Back As A Country Boy,Blake Shelton,16,20,
2022-02-19,17,Never Wanted To Be That Girl,Carly Pearce & Ashley McBryde,17,22,Gains In Performance
2022-02-19,18,Never Say Never,Cole Swindell / Lainey Wilson,18,13,Gains In Performance
2022-02-19,19,Doin' This,Luke Combs,21,13,Gains In Performance
2022-02-19,20,Give Heaven Some Hell,HARDY,19,50,Gains In Performance
2022-02-19,21,Wild Hearts,Keith Urban,20,26,Gains In Performance
2022-02-19,22,Slow Down Summer,Thomas Rhett,23,15,Gains In Performance
2022-02-19,23,If I Was A Cowboy,Miranda Lambert,22,18,
2022-02-19,24,Best Thing Since Backroads,Jake Owen,24,28,Gains In Performance
2022-02-19,25,Up,Luke Bryan,25,19,
2022-02-19,26,7500 OBO,Tim McGraw,26,28,Gains In Performance
2022-02-19,27,Flower Shops,ERNEST Featuring Morgan Wallen,27,5,Gains In Performance
2022-02-19,28,Trouble With A Heartbreak,Jason Aldean,28,5,Gains In Performance
2022-02-19,29,Circles Around This Town,Maren Morris,30,6,Gains In Performance
2022-02-19,30,AA,Walker Hayes,29,12,Gains In Performance
2022-02-19,31,Steal My Love,Dan + Shay,31,27,Gains In Performance
2022-02-19,32,Party Mode,Dustin Lynch,NEW,1,Highest ranking debut|Gains In Performance
2022-02-19,33,Damn Strait,Scotty McCreery,32,17,Gains In Performance
2022-02-19,34,Take My Name,Parmalee,33,18,Gains In Performance
2022-02-19,35,Country'd Look Good On You,Frank Ray,34,25,Gains In Performance
2022-02-19,36,New Truck,Dylan Scott,36,24,Gains In Performance
2022-02-19,37,I'm Not For Everyone,Brothers Osborne,35,41,
2022-02-19,38,At The End Of A Bar,Chris Young With Mitchell Tenpenny,39,22,Gains In Performance
2022-02-19,39,With A Woman You Love,Justin Moore,40,16,Gains In Performance
2022-02-19,40,Easy On Me,Adele With Chris Stapleton,38,13,
2022-02-19,41,Old School,Toby Keith,37,34,
2022-02-19,42,Soul,Lee Brice,42,11,Gains In Performance
2022-02-19,43,"Back Then, Right Now",Tenille Arts,41,37,
2022-02-19,44,I Bet You Think About Me (Taylor's Version) (From The Vault),Taylor Swift Featuring Chris Stapleton,44,14,Gains In Performance
2022-02-19,45,Wishful Drinking,Ingrid Andress With Sam Hunt,45,7,Gains In Performance
2022-02-19,46,Sunrise Tells The Story,Midland,47,19,Gains In Performance
2022-02-19,47,Wilder Days,Morgan Wade,46,16,Gains In Performance
2022-02-19,48,Paradise To Me,Niko Moon,43,21,
2022-02-19,49,Truth About You,Mitchell Tenpenny,53,6,Gains In Performance
2022-02-19,50,Come In (But Don't Make Yourself Comfortable),Caroline Jones,52,29,Gains In Performance
2022-02-19,51,Bye Mom,Chris Janson,48,20,Gains In Performance
2022-02-19,52,No Hard Feelings,Old Dominion,51,9,Gains In Performance
2022-02-19,53,If I Were Rock & Roll,Chase Rice,49,16,
2022-02-19,54,You Didn't,Brett Young,50,12,
2022-02-19,55,Pick Me Up,Gabby Barrett,NEW,1,Gains In Performance
2022-02-19,56,Out In The Middle,Zac Brown Band,54,2,
2022-02-19,57,Learn From It,Conner Smith,57,5,Gains In Performance
2022-02-19,58,Giving You Up,Kameron Marlowe,58,12,Gains In Performance
2022-02-19,59,Everyone She Knows,Kenny Chesney,NEW,1,Gains In Performance
2022-02-19,60,Son Of A,Dillon Carmichael,59,2,Gains In Performance
2022-02-26,1,Sand In My Boots,Morgan Wallen,2,34,Gains In Performance
2022-02-26,2,Half Of My Hometown,Kelsea Ballerini Featuring Kenny Chesney,3,44,Gains In Performance
2022-02-26,3,One Mississippi,Kane Brown,4,27,Gains In Performance
2022-02-26,4,Thinking 'Bout You,Dustin Lynch Featuring MacKenzie Porter,6,42,
2022-02-26,5,To Be Loved By You,Parker McCollum,9,53,Gains In Performance
2022-02-26,6,Buy Dirt,Jordan Davis Featuring Luke Bryan,7,32,
2022-02-26,7,If I Didn't Love You,Jason Aldean & Carrie Underwood,8,31,
2022-02-26,8,'Til You Can't,Cody Johnson,10,21,Gains In Performance
2022-02-26,9,23,Sam Hunt,12,24,Gains In Performance
2022-02-26,10,Drunk (And I Don't Wanna Go Home),Elle King & Miranda Lambert,11,39,Gains In Performance
2022-02-26,11,Freedom Was A Highway,Jimmie Allen & Brad Paisley,1,56,
2022-02-26,12,Heart On Fire,Eric Church,13,32,Gains In Performance
2022-02-26,13,Beers On Me,"Dierks Bentley, BRELAND & HARDY",14,30,Gains In Performance
2022-02-26,14,Home Sweet,Russell Dickerson,15,57,Gains In Performance
2022-02-26,15,Never Wanted To Be That Girl,Carly Pearce & Ashley McBryde,17,23,Gains In Performance
2022-02-26,16,Never Say Never,Cole Swindell / Lainey Wilson,18,14,Gains In Performance
2022-02-26,17,Come Back As A Country Boy,Blake Shelton,16,21,Gains In Performance
2022-02-26,18,Doin' This,Luke Combs,19,14,Gains In Performance
2022-02-26,19,Give Heaven Some Hell,HARDY,20,51,Gains In Performance
2022-02-26,20,Wild Hearts,Keith Urban,21,27,Gains In Performance
2022-02-26,21,Slow Down Summer,Thomas Rhett,22,16,Gains In Performance
2022-02-26,22,If I Was A Cowboy,Miranda Lambert,23,19,
2022-02-26,23,Best Thing Since Backroads,Jake Owen,24,29,Gains In Performance
2022-02-26,24,Up,Luke Bryan,25,20,Gains In Performance
2022-02-26,25,AA,Walker Hayes,30,13,Gains In Performance
2022-02-26,26,7500 OBO,Tim McGraw,26,29,Gains In Performance
2022-02-26,27,Trouble With A Heartbreak,Jason Aldean,28,6,Gains In Performance
2022-02-26,28,Circles Around This Town,Maren Morris,29,7,Gains In Performance
2022-02-26,29,Flower Shops,ERNEST Featuring Morgan Wallen,27,6,Gains In Performance
2022-02-26,30,Damn Strait,Scotty McCreery,33,18,Gains In Performance
2022-02-26,31,Steal My Love,Dan + Shay,31,28,Gains In Performance
2022-02-26,32,Last Night Lonely,Jon Pardi,NEW,1,Highest ranking debut|Gains In Performance
2022-02-26,33,Take My Name,Parmalee,34,19,Gains In Performance
2022-02-26,34,Country'd Look Good On You,Frank Ray,35,26,Gains In Performance
2022-02-26,35,New Truck,Dylan Scott,36,25,Gains In Performance
2022-02-26,36,I'm Not For Everyone,Brothers Osborne,37,42,Gains In Performance
2022-02-26,37,With A Woman You Love,Justin Moore,39,17,Gains In Performance
2022-02-26,38,At The End Of A Bar,Chris Young With Mitchell Tenpenny,38,23,Gains In Performance
2022-02-26,39,Party Mode,Dustin Lynch,32,2,
2022-02-26,40,Old School,Toby Keith,41,35,Gains In Performance
2022-02-26,41,Soul,Lee Brice,42,12,
2022-02-26,42,I Bet You Think About Me (Taylor's Version) (From The Vault),Taylor Swift Featuring Chris Stapleton,44,15,Gains In Performance
2022-02-26,43,"Back Then, Right Now",Tenille Arts,43,38,Gains In Performance
2022-02-26,44,Everyone She Knows,Kenny Chesney,59,2,Gains In Performance
2022-02-26,45,Wishful Drinking,Ingrid Andress With Sam Hunt,45,8,
2022-02-26,46,Wilder Days,Morgan Wade,47,17,Gains In Performance
2022-02-26,47,Sunrise Tells The Story,Midland,46,20,Gains In Performance
2022-02-26,48,Paradise To Me,Niko Moon,48,22,
2022-02-26,49,Truth About You,Mitchell Tenpenny,49,7,Gains In Performance
2022-02-26,50,No Hard Feelings,Old Dominion,52,10,Gains In Performance
2022-02-26,51,Bye Mom,Chris Janson,51,21,Gains In Performance
2022-02-26,52,You Didn't,Brett Young,54,13,Gains In Performance
2022-02-26,53,If I Were Rock & Roll,Chase Rice,53,17,Gains In Performance
2022-02-26,54,Out In The Middle,Zac Brown Band,56,3,Gains In Performance
2022-02-26,55,Wasted On You,Morgan Wallen,RE,3,Gains In Performance
2022-02-26,56,Learn From It,Conner Smith,57,6,
2022-02-26,57,Pick Me Up,Gabby Barrett,55,2,
2022-02-26,58,Giving You Up,Kameron Marlowe,58,13,
2022-02-26,59,Son Of A,Dillon Carmichael,60,3,
2022-02-26,60,My Bar,Priscilla Block,NEW,1,Gains In Performance
2022-03-05,1,One Mississippi,Kane Brown,3,28,Greatest gainer this week|Gains In Performance
2022-03-05,2,Half Of My Hometown,Kelsea Ballerini Featuring Kenny Chesney,2,45,Gains In Performance
2022-03-05,3,Sand In My Boots,Morgan Wallen,1,35,
2022-03-05,4,To Be Loved By You,Parker McCollum,5,54,Gains In Performance
2022-03-05,5,Thinking 'Bout You,Dustin Lynch Featuring MacKenzie Porter,4,43,
2022-03-05,6,'Til You Can't,Cody Johnson,8,22,Gains In Performance
2022-03-05,7,23,Sam Hunt,9,25,Gains In Performance
2022-03-05,8,If I Didn't Love You,Jason Aldean & Carrie Underwood,7,32,
2022-03-05,9,Drunk (And I Don't Wanna Go Home),Elle King & Miranda Lambert,10,40,Gains In Performance
2022-03-05,10,Beers On Me,"Dierks Bentley, BRELAND & HARDY",13,31,Gains In Performance
2022-03-05,11,Heart On Fire,Eric Church,12,33,Gains In Performance
2022-03-05,12,Home Sweet,Russell Dickerson,14,58,Gains In Performance
2022-03-05,13,Never Wanted To Be That Girl,Carly Pearce & Ashley McBryde,15,24,Gains In Performance
2022-03-05,14,Doin' This,Luke Combs,18,15,Gains In Performance
2022-03-05,15,Never Say Never,Cole Swindell / Lainey Wilson,16,15,Gains In Performance
2022-03-05,16,Come Back As A Country Boy,Blake Shelton,17,22,Gains In Performance
2022-03-05,17,Give Heaven Some Hell,HARDY,19,52,Gains In Performance
2022-03-05,18,Wild Hearts,Keith Urban,20,28,Gains In Performance
2022-03-05,19,Slow Down Summer,Thomas Rhett,21,17,Gains In Performance
2022-03-05,20,If I Was A Cowboy,Miranda Lambert,22,20,Gains In Performance
2022-03-05,21,Best Thing Since Backroads,Jake Owen,23,30,Gains In Performance
2022-03-05,22,Up,Luke Bryan,24,21,Gains In Performance
2022-03-05,23,AA,Walker Hayes,25,14,Gains In Performance
2022-03-05,24,Circles Around This Town,Maren Morris,28,8,Gains In Performance
2022-03-05,25,7500 OBO,Tim McGraw,26,30,Gains In Performance
2022-03-05,26,Flower Shops,ERNEST Featuring Morgan Wallen,29,7,Gains In Performance
2022-03-05,27,Trouble With A Heartbreak,Jason Aldean,27,7,Gains In Performance
2022-03-05,28,Damn Strait,Scotty McCreery,30,19,Gains In Performance
2022-03-05,29,Steal My Love,Dan + Shay,31,29,Gains In Performance
2022-03-05,30,Take My Name,Parmalee,33,20,Gains In Performance
2022-03-05,31,New Truck,Dylan Scott,35,26,Gains In Performance
2022-03-05,32,Country'd Look Good On You,Frank Ray,34,27,
2022-03-05,33,I'm Not For Everyone,Brothers Osborne,36,43,
2022-03-05,34,At The End Of A Bar,Chris Young With Mitchell Tenpenny,38,24,Gains In Performance
2022-03-05,35,With A Woman You Love,Justin Moore,37,18,Gains In Performance
2022-03-05,36,Party Mode,Dustin Lynch,39,3,Gains In Performance
2022-03-05,37,Everyone She Knows,Kenny Chesney,44,3,Gains In Performance
2022-03-05,38,I Bet You Think About Me (Taylor's Version) (From The Vault),Taylor Swift Featuring Chris Stapleton,42,16,Gains In Performance
2022-03-05,39,Soul,Lee Brice,41,13,Gains In Performance
2022-03-05,40,"Back Then, Right Now",Tenille Arts,43,39,Gains In Performance
2022-03-05,41,Wishful Drinking,Ingrid Andress With Sam Hunt,45,9,Gains In Performance
2022-03-05,42,Sunrise Tells The Story,Midland,47,21,Gains In Performance
2022-03-05,43,Last Night Lonely,Jon Pardi,32,2,
2022-03-05,44,Truth About You,Mitchell Tenpenny,49,8,Gains In Performance
2022-03-05,45,No Hard Feelings,Old Dominion,50,11,Gains In Performance
2022-03-05,46,Wilder Days,Morgan Wade,46,18,
2022-03-05,47,Paradise To Me,Niko Moon,48,23,
2022-03-05,48,Bye Mom,Chris Janson,51,22,
2022-03-05,49,If I Were Rock & Roll,Chase Rice,53,18,Gains In Performance
2022-03-05,50,You Didn't,Brett Young,52,14,
2022-03-05,51,Out In The Middle,Zac Brown Band,54,4,Gains In Performance
2022-03-05,52,Wasted On You,Morgan Wallen,55,4,Gains In Performance
2022-03-05,53,Giving You Up,Kameron Marlowe,58,14,Gains In Performance
2022-03-05,54,Son Of A,Dillon Carmichael,59,4,Gains In Performance
2022-03-05,55,Pick Me Up,Gabby Barrett,57,3,Gains In Performance
2022-03-05,56,Learn From It,Conner Smith,56,7,Gains In Performance
2022-03-05,57,My Bar,Priscilla Block,60,2,Gains In Performance
2022-03-05,58,What A Song Can Do,Lady A,RE,2,
2022-03-05,59,Missing One,Jameson Rodgers,RE,3,Gains In Performance
2022-03-05,60,Can't Do Without Me,Chayce Beckham & Lindsay Ell,NEW,1,Highest ranking debut|Gains In Performance
2022-03-12,1,Half Of My Hometown,Kelsea Ballerini Featuring Kenny Chesney,2,46,Greatest gainer this week|Gains In Performance
2022-03-12,2,To Be Loved By You,Parker McCollum,4,55,Gains In Performance
2022-03-12,3,'Til You Can't,Cody Johnson,6,23,Gains In Performance
2022-03-12,4,Sand In My Boots,Morgan Wallen,3,36,
2022-03-12,5,23,Sam Hunt,7,26,Gains In Performance
2022-03-12,6,Thinking 'Bout You,Dustin Lynch Featuring MacKenzie Porter,5,44,
2022-03-12,7,Drunk (And I Don't Wanna Go Home),Elle King & Miranda Lambert,9,41,Gains In Performance
2022-03-12,8,One Mississippi,Kane Brown,1,29,
2022-03-12,9,Beers On Me,"Dierks Bentley, BRELAND & HARDY",10,32,Gains In Performance
2022-03-12,10,Heart On Fire,Eric Church,11,34,Gains In Performance
2022-03-12,11,Home Sweet,Russell Dickerson,12,59,Gains In Performance
2022-03-12,12,Never Wanted To Be That Girl,Carly Pearce & Ashley McBryde,13,25,Gains In Performance
2022-03-12,13,Doin' This,Luke Combs,14,16,Gains In Performance
2022-03-12,14,Never Say Never,Cole Swindell / Lainey Wilson,15,16,Gains In Performance
2022-03-12,15,Come Back As A Country Boy,Blake Shelton,16,23,Gains In Performance
2022-03-12,16,Give Heaven Some Hell,HARDY,17,53,Gains In Performance
2022-03-12,17,Wild Hearts,Keith Urban,18,29,Gains In Performance
2022-03-12,18,Slow Down Summer,Thomas Rhett,19,18,Gains In Performance
2022-03-12,19,If I Was A Cowboy,Miranda Lambert,20,21,Gains In Performance
2022-03-12,20,Best Thing Since Backroads,Jake Owen,21,31,Gains In Performance
2022-03-12,21,Up,Luke Bryan,22,22,Gains In Performance
2022-03-12,22,7500 OBO,Tim McGraw,25,31,Gains In Performance
2022-03-12,23,AA,Walker Hayes,23,15,Gains In Performance
2022-03-12,24,Circles Around This Town,Maren Morris,24,9,Gains In Performance
2022-03-12,25,Flower Shops,ERNEST Featuring Morgan Wallen,26,8,Gains In Performance
2022-03-12,26,Trouble With A Heartbreak,Jason Aldean,27,8,Gains In Performance
2022-03-12,27,Damn Strait,Scotty McCreery,28,20,Gains In Performance
2022-03-12,28,Steal My Love,Dan + Shay,29,30,Gains In Performance
2022-03-12,29,Take My Name,Parmalee,30,21,Gains In Performance
2022-03-12,30,New Truck,Dylan Scott,31,27,Gains In Performance
2022-03-12,31,Country'd Look Good On You,Frank Ray,32,28,Gains In Performance
2022-03-12,32,At The End Of A Bar,Chris Young With Mitchell Tenpenny,34,25,Gains In Performance
2022-03-12,33,With A Woman You Love,Justin Moore,35,19,Gains In Performance
2022-03-12,34,Party Mode,Dustin Lynch,36,4,Gains In Performance
2022-03-12,35,Everyone She Knows,Kenny Chesney,37,4,Gains In Performance
2022-03-12,36,I Bet You Think About Me (Taylor's Version) (From The Vault),Taylor Swift Featuring Chris Stapleton,38,17,Gains In Performance
2022-03-12,37,Soul,Lee Brice,39,14,Gains In Performance
2022-03-12,38,"Back Then, Right Now",Tenille Arts,40,40,Gains In Performance
2022-03-12,39,Wishful Drinking,Ingrid Andress With Sam Hunt,41,10,Gains In Performance
2022-03-12,40,Last Night Lonely,Jon Pardi,43,3,Gains In Performance
2022-03-12,41,Wasted On You,Morgan Wallen,52,5,Gains In Performance
2022-03-12,42,Truth About You,Mitchell Tenpenny,44,9,Gains In Performance
2022-03-12,43,Sunrise Tells The Story,Midland,42,22,Gains In Performance
2022-03-12,44,Wilder Days,Morgan Wade,46,19,Gains In Performance
2022-03-12,45,No Hard Feelings,Old Dominion,45,12,Gains In Performance
2022-03-12,46,If I Were Rock & Roll,Chase Rice,49,19,Gains In Performance
2022-03-12,47,Bye Mom,Chris Janson,48,23,Gains In Performance
2022-03-12,48,Out In The Middle,Zac Brown Band,51,5,Gains In Performance
2022-03-12,49,You Didn't,Brett Young,50,15,Gains In Performance
2022-03-12,50,My Bar,Priscilla Block,57,3,Gains In Performance
2022-03-12,51,Learn From It,Conner Smith,56,8,Gains In Performance
2022-03-12,52,Pick Me Up,Gabby Barrett,55,4,Gains In Performance
2022-03-12,53,What A Song Can Do,Lady A,58,3,Gains In Performance
2022-03-12,54,Don't Come Lookin',Jackson Dean,NEW,1,Highest ranking debut|Gains In Performance
2022-03-12,55,Giving You Up,Kameron Marlowe,53,15,
2022-03-12,56,Son Of A Sinner,Jelly Roll,NEW,1,Gains In Performance
2022-03-12,57,Son Of A,Dillon Carmichael,54,5,Gains In Performance
2022-03-12,58,Love Talking,Eli Young Band,NEW,1,Gains In Performance
2022-03-12,59,Missing One,Jameson Rodgers,59,4,Gains In Performance
2022-03-12,60,Can't Do Without Me,Chayce Beckham & Lindsay Ell,60,2,
2022-03-19,1,To Be Loved By You,Parker McCollum,2,56,Gains In Performance
2022-03-19,2,'Til You Can't,Cody Johnson,3,24,Greatest gainer this week|Gains In Performance
2022-03-19,3,23,Sam Hunt,5,27,Gains In Performance
2022-03-19,4,Drunk (And I Don't Wanna Go Home),Elle King & Miranda Lambert,7,42,Gains In Performance
2022-03-19,5,Beers On Me,"Dierks Bentley, BRELAND & HARDY",9,33,Gains In Performance
2022-03-19,6,Half Of My Hometown,Kelsea Ballerini Featuring Kenny Chesney,1,47,
2022-03-19,7,Thinking 'Bout You,Dustin Lynch Featuring MacKenzie Porter,6,45,
2022-03-19,8,Sand In My Boots,Morgan Wallen,4,37,
2022-03-19,9,One Mississippi,Kane Brown,8,30,
2022-03-19,10,Heart On Fire,Eric Church,10,35,Gains In Performance
2022-03-19,11,Never Wanted To Be That Girl,Carly Pearce & Ashley McBryde,12,26,Gains In Performance
2022-03-19,12,Never Say Never,Cole Swindell / Lainey Wilson,14,17,Gains In Performance
2022-03-19,13,Doin' This,Luke Combs,13,17,Gains In Performance
2022-03-19,14,Home Sweet,Russell Dickerson,11,60,
2022-03-19,15,Come Back As A Country Boy,Blake Shelton,15,24,Gains In Performance
2022-03-19,16,Wild Hearts,Keith Urban,17,30,Gains In Performance
2022-03-19,17,Slow Down Summer,Thomas Rhett,18,19,Gains In Performance
2022-03-19,18,Give Heaven Some Hell,HARDY,16,54,Gains In Performance
2022-03-19,19,If I Was A Cowboy,Miranda Lambert,19,22,Gains In Performance
2022-03-19,20,AA,Walker Hayes,23,16,Gains In Performance
2022-03-19,21,7500 OBO,Tim McGraw,22,32,Gains In Performance
2022-03-19,22,Up,Luke Bryan,21,23,Gains In Performance
2022-03-19,23,Best Thing Since Backroads,Jake Owen,20,32,Gains In Performance
2022-03-19,24,Circles Around This Town,Maren Morris,24,10,Gains In Performance
2022-03-19,25,Trouble With A Heartbreak,Jason Aldean,26,9,Gains In Performance
2022-03-19,26,Flower Shops,ERNEST Featuring Morgan Wallen,25,9,Gains In Performance
2022-03-19,27,Damn Strait,Scotty McCreery,27,21,Gains In Performance
2022-03-19,28,Take My Name,Parmalee,29,22,Gains In Performance
2022-03-19,29,Steal My Love,Dan + Shay,28,31,
2022-03-19,30,New Truck,Dylan Scott,30,28,Gains In Performance
2022-03-19,31,At The End Of A Bar,Chris Young With Mitchell Tenpenny,32,26,Gains In Performance
2022-03-19,32,Country'd Look Good On You,Frank Ray,31,29,Gains In Performance
2022-03-19,33,Everyone She Knows,Kenny Chesney,35,5,Gains In Performance
2022-03-19,34,With A Woman You Love,Justin Moore,33,20,Gains In Performance
2022-03-19,35,Wasted On You,Morgan Wallen,41,6,Gains In Performance
2022-03-19,36,Party Mode,Dustin Lynch,34,5,Gains In Performance
2022-03-19,37,I Bet You Think About Me (Taylor's Version) (From The Vault),Taylor Swift Featuring Chris Stapleton,36,18,Gains In Performance
2022-03-19,38,Last Night Lonely,Jon Pardi,40,4,Gains In Performance
2022-03-19,39,"Back Then, Right Now",Tenille Arts,38,41,Gains In Performance
2022-03-19,40,Soul,Lee Brice,37,15,Gains In Performance
2022-03-19,41,Wishful Drinking,Ingrid Andress With Sam Hunt,39,11,Gains In Performance
2022-03-19,42,Wilder Days,Morgan Wade,44,20,Gains In Performance
2022-03-19,43,Truth About You,Mitchell Tenpenny,42,10,Gains In Performance
2022-03-19,44,No Hard Feelings,Old Dominion,45,13,Gains In Performance
2022-03-19,45,Sunrise Tells The Story,Midland,43,23,
2022-03-19,46,Come In (But Don't Make Yourself Comfortable),Caroline Jones,RE,30,Gains In Performance
2022-03-19,47,Out In The Middle,Zac Brown Band,48,6,Gains In Performance
2022-03-19,48,Pick Me Up,Gabby Barrett,52,5,Gains In Performance
2022-03-19,49,Bye Mom,Chris Janson,47,24,Gains In Performance
2022-03-19,50,If I Were Rock & Roll,Chase Rice,46,20,
2022-03-19,51,Don't Come Lookin',Jackson Dean,54,2,Gains In Performance
2022-03-19,52,You Didn't,Brett Young,49,16,
2022-03-19,53,Learn From It,Conner Smith,51,9,
2022-03-19,54,My Bar,Priscilla Block,50,4,
2022-03-19,55,Giving You Up,Kameron Marlowe,55,16,Gains In Performance
2022-03-19,56,Son Of A,Dillon Carmichael,57,6,Gains In Performance
2022-03-19,57,Holy Water,Michael Ray,NEW,1,Highest ranking debut|Gains In Performance
2022-03-19,58,What A Song Can Do,Lady A,53,4,
2022-03-19,59,Son Of A Sinner,Jelly Roll,56,2,
2022-03-19,60,Love Talking,Eli Young Band,58,2,Gains In Performance
2022-03-26,1,'Til You Can't,Cody Johnson,2,25,Gains In Performance
2022-03-26,2,23,Sam Hunt,3,28,Gains In Performance
2022-03-26,3,Drunk (And I Don't Wanna Go Home),Elle King & Miranda Lambert,4,43,Gains In Performance
2022-03-26,4,Beers On Me,"Dierks Bentley, BRELAND & HARDY",5,34,Gains In Performance
2022-03-26,5,Thinking 'Bout You,Dustin Lynch Featuring MacKenzie Porter,7,46,
2022-03-26,6,Sand In My Boots,Morgan Wallen,8,38,
2022-03-26,7,To Be Loved By You,Parker McCollum,1,57,
2022-03-26,8,Heart On Fire,Eric Church,10,36,Gains In Performance
2022-03-26,9,Never Say Never,Cole Swindell / Lainey Wilson,12,18,Gains In Performance
2022-03-26,10,Doin' This,Luke Combs,13,18,Gains In Performance
2022-03-26,11,Never Wanted To Be That Girl,Carly Pearce & Ashley McBryde,11,27,Gains In Performance
2022-03-26,12,Come Back As A Country Boy,Blake Shelton,15,25,Gains In Performance
2022-03-26,13,Wild Hearts,Keith Urban,16,31,Gains In Performance
2022-03-26,14,Slow Down Summer,Thomas Rhett,17,20,Gains In Performance
2022-03-26,15,Give Heaven Some Hell,HARDY,18,55,Gains In Performance
2022-03-26,16,AA,Walker Hayes,20,17,Gains In Performance
2022-03-26,17,If I Was A Cowboy,Miranda Lambert,19,23,Gains In Performance
2022-03-26,18,7500 OBO,Tim McGraw,21,33,Gains In Performance
2022-03-26,19,Best Thing Since Backroads,Jake Owen,23,33,Gains In Performance
2022-03-26,20,Circles Around This Town,Maren Morris,24,11,Gains In Performance
2022-03-26,21,Trouble With A Heartbreak,Jason Aldean,25,10,Gains In Performance
2022-03-26,22,Up,Luke Bryan,22,24,Gains In Performance
2022-03-26,23,Damn Strait,Scotty McCreery,27,22,Gains In Performance
2022-03-26,24,Flower Shops,ERNEST Featuring Morgan Wallen,26,10,Gains In Performance
2022-03-26,25,Ghost Story,Carrie Underwood,NEW,1,Highest ranking debut|Gains In Performance
2022-03-26,26,Take My Name,Parmalee,28,23,Gains In Performance
2022-03-26,27,Wasted On You,Morgan Wallen,35,7,Gains In Performance
2022-03-26,28,At The End Of A Bar,Chris Young With Mitchell Tenpenny,31,27,Gains In Performance
2022-03-26,29,New Truck,Dylan Scott,30,29,Gains In Performance
2022-03-26,30,Country'd Look Good On You,Frank Ray,32,30,Gains In Performance
2022-03-26,31,Everyone She Knows,Kenny Chesney,33,6,Gains In Performance
2022-03-26,32,With A Woman You Love,Justin Moore,34,21,Gains In Performance
2022-03-26,33,Party Mode,Dustin Lynch,36,6,Gains In Performance
2022-03-26,34,Last Night Lonely,Jon Pardi,38,5,Gains In Performance
2022-03-26,35,Soul,Lee Brice,40,16,Gains In Performance
2022-03-26,36,"Back Then, Right Now",Tenille Arts,39,42,Gains In Performance
2022-03-26,37,I Bet You Think About Me (Taylor's Version) (From The Vault),Taylor Swift Featuring Chris Stapleton,37,19,Gains In Performance
2022-03-26,38,Wishful Drinking,Ingrid Andress With Sam Hunt,41,12,Gains In Performance
2022-03-26,39,Wilder Days,Morgan Wade,42,21,Gains In Performance
2022-03-26,40,Pick Me Up,Gabby Barrett,48,6,Gains In Performance
2022-03-26,41,Truth About You,Mitchell Tenpenny,43,11,Gains In Performance
2022-03-26,42,No Hard Feelings,Old Dominion,44,14,Gains In Performance
2022-03-26,43,Come In (But Don't Make Yourself Comfortable),Caroline Jones,46,31,Gains In Performance
2022-03-26,44,Don't Come Lookin',Jackson Dean,51,3,Gains In Performance
2022-03-26,45,Sunrise Tells The Story,Midland,45,24,Gains In Performance
2022-03-26,46,Bye Mom,Chris Janson,49,25,Gains In Performance
2022-03-26,47,Out In The Middle,Zac Brown Band,47,7,Gains In Performance
2022-03-26,48,You Didn't,Brett Young,52,17,Gains In Performance
2022-03-26,49,My Bar,Priscilla Block,54,5,Gains In Performance
2022-03-26,50,Down Home,Jimmie Allen,NEW,1,Gains In Performance
2022-03-26,51,Holy Water,Michael Ray,57,2,Gains In Performance
2022-03-26,52,If I Were Rock & Roll,Chase Rice,50,21,
2022-03-26,53,Love Talking,Eli Young Band,60,3,Gains In Performance
2022-03-26,54,Son Of A,Dillon Carmichael,56,7,Gains In Performance
2022-03-26,55,What A Song Can Do,Lady A,58,5,Gains In Performance
2022-03-26,56,Learn From It,Conner Smith,53,10,
2022-03-26,57,Giving You Up,Kameron Marlowe,55,17,
2022-03-26,58,Note To Self,Randy Houser,NEW,1,Gains In Performance
2022-03-26,59,Son Of A Sinner,Jelly Roll,59,3,Gains In Performance
2022-03-26,60,Missing One,Jameson Rodgers,RE,5,Gains In Performance
2022-04-02,1,'Til You Can't,Cody Johnson,1,26,Gains In Performance
2022-04-02,2,23,Sam Hunt,2,29,Gains In Performance
2022-04-02,3,Drunk (And I Don't Wanna Go Home),Elle King & Miranda Lambert,3,44,Gains In Performance
2022-04-02,4,Beers On Me,"Dierks Bentley, BRELAND & HARDY",4,35,Gains In Performance
2022-04-02,5,Never Say Never,Cole Swindell / Lainey Wilson,9,19,Gains In Performance
2022-04-02,6,Thinking 'Bout You,Dustin Lynch Featuring MacKenzie Porter,5,47,
2022-04-02,7,Sand In My Boots,Morgan Wallen,6,39,
2022-04-02,8,Heart On Fire,Eric Church,8,37,Gains In Performance
2022-04-02,9,Doin' This,Luke Combs,10,19,Gains In Performance
2022-04-02,10,Never Wanted To Be That Girl,Carly Pearce & Ashley McBryde,11,28,Gains In Performance
2022-04-02,11,Wild Hearts,Keith Urban,13,32,Gains In Performance
2022-04-02,12,Slow Down Summer,Thomas Rhett,14,21,Gains In Performance
2022-04-02,13,Come Back As A Country Boy,Blake Shelton,12,26,Gains In Performance
2022-04-02,14,Give Heaven Some Hell,HARDY,15,56,Gains In Performance
2022-04-02,15,AA,Walker Hayes,16,18,Gains In Performance
2022-04-02,16,If I Was A Cowboy,Miranda Lambert,17,24,Gains In Performance
2022-04-02,17,7500 OBO,Tim McGraw,18,34,Gains In Performance
2022-04-02,18,Circles Around This Town,Maren Morris,20,12,Gains In Performance
2022-04-02,19,Trouble With A Heartbreak,Jason Aldean,21,11,Gains In Performance
2022-04-02,20,Best Thing Since Backroads,Jake Owen,19,34,Gains In Performance
2022-04-02,21,Damn Strait,Scotty McCreery,23,23,Gains In Performance
2022-04-02,22,Flower Shops,ERNEST Featuring Morgan Wallen,24,11,Gains In Performance
2022-04-02,23,Up,Luke Bryan,22,25,Gains In Performance
2022-04-02,24,Wasted On You,Morgan Wallen,27,8,Greatest gainer this week|Gains In Performance
2022-04-02,25,Take My Name,Parmalee,26,24,Gains In Performance
2022-04-02,26,At The End Of A Bar,Chris Young With Mitchell Tenpenny,28,28,Gains In Performance
2022-04-02,27,Country'd Look Good On You,Frank Ray,30,31,Gains In Performance
2022-04-02,28,New Truck,Dylan Scott,29,30,Gains In Performance
2022-04-02,29,Everyone She Knows,Kenny Chesney,31,7,Gains In Performance
2022-04-02,30,Last Night Lonely,Jon Pardi,34,6,Gains In Performance
2022-04-02,31,With A Woman You Love,Justin Moore,32,22,Gains In Performance
2022-04-02,32,Party Mode,Dustin Lynch,33,7,Gains In Performance
2022-04-02,33,Ghost Story,Carrie Underwood,25,2,
2022-04-02,34,"Back Then, Right Now",Tenille Arts,36,43,Gains In Performance
2022-04-02,35,I Bet You Think About Me (Taylor's Version) (From The Vault),Taylor Swift Featuring Chris Stapleton,37,20,
2022-04-02,36,Soul,Lee Brice,35,17,
2022-04-02,37,Truth About You,Mitchell Tenpenny,41,12,Gains In Performance
2022-04-02,38,No Hard Feelings,Old Dominion,42,15,Gains In Performance
2022-04-02,39,Wishful Drinking,Ingrid Andress With Sam Hunt,38,13,Gains In Performance
2022-04-02,40,Wilder Days,Morgan Wade,39,22,Gains In Performance
2022-04-02,41,Pick Me Up,Gabby Barrett,40,7,
2022-04-02,42,Out In The Middle,Zac Brown Band,47,8,Gains In Performance
2022-04-02,43,Sunrise Tells The Story,Midland,45,25,Gains In Performance
2022-04-02,44,Don't Come Lookin',Jackson Dean,44,4,
2022-04-02,45,You Didn't,Brett Young,48,18,Gains In Performance
2022-04-02,46,Bye Mom,Chris Janson,46,26,Gains In Performance
2022-04-02,47,My Bar,Priscilla Block,49,6,Gains In Performance
2022-04-02,48,Down Home,Jimmie Allen,50,2,Gains In Performance
2022-04-02,49,Son Of A,Dillon Carmichael,54,8,Gains In Performance
2022-04-02,50,Learn From It,Conner Smith,56,11,Gains In Performance
2022-04-02,51,What A Song Can Do,Lady A,55,6,Gains In Performance
2022-04-02,52,Holy Water,Michael Ray,51,3,
2022-04-02,53,Giving You Up,Kameron Marlowe,57,18,Gains In Performance
2022-04-02,54,Love Talking,Eli Young Band,53,4,
2022-04-02,55,Son Of A Sinner,Jelly Roll,59,4,Gains In Performance
2022-04-02,56,Missing One,Jameson Rodgers,60,6,Gains In Performance
2022-04-02,57,Drinkin' It Wrong,Adam Doleac,NEW,1,Highest ranking debut|Gains In Performance
2022-04-02,58,Can't Do Without Me,Chayce Beckham & Lindsay Ell,RE,3,Gains In Performance
2022-04-02,59,Pass It On,Ryan Hurd,NEW,1,Gains In Performance
2022-04-02,60,Catching Up With An Ol' Memory,Clay Walker,NEW,1,Gains In Performance
2022-04-09,1,23,Sam Hunt,2,30,Greatest gainer this week|Gains In Performance
2022-04-09,2,'Til You Can't,Cody Johnson,1,27,
2022-04-09,3,Drunk (And I Don't Wanna Go Home),Elle King & Miranda Lambert,3,45,Gains In Performance
2022-04-09,4,Beers On Me,"Dierks Bentley, BRELAND & HARDY",4,36,Gains In Performance
2022-04-09,5,Never Say Never,Cole Swindell / Lainey Wilson,5,20,Gains In Performance
2022-04-09,6,Thinking 'Bout You,Dustin Lynch Featuring MacKenzie Porter,6,48,
2022-04-09,7,Doin' This,Luke Combs,9,20,Gains In Performance
2022-04-09,8,Heart On Fire,Eric Church,8,38,Gains In Performance
2022-04-09,9,Never Wanted To Be That Girl,Carly Pearce & Ashley McBryde,10,29,Gains In Performance
2022-04-09,10,Wild Hearts,Keith Urban,11,33,Gains In Performance
2022-04-09,11,Slow Down Summer,Thomas Rhett,12,22,Gains In Performance
2022-04-09,12,Come Back As A Country Boy,Blake Shelton,13,27,Gains In Performance
2022-04-09,13,Give Heaven Some Hell,HARDY,14,57,Gains In Performance
2022-04-09,14,AA,Walker Hayes,15,19,Gains In Performance
2022-04-09,15,7500 OBO,Tim McGraw,17,35,Gains In Performance
2022-04-09,16,Trouble With A Heartbreak,Jason Aldean,19,12,Gains In Performance
2022-04-09,17,If I Was A Cowboy,Miranda Lambert,16,25,Gains In Performance
2022-04-09,18,Circles Around This Town,Maren Morris,18,13,Gains In Performance
2022-04-09,19,Best Thing Since Backroads,Jake Owen,20,35,Gains In Performance
2022-04-09,20,Wasted On You,Morgan Wallen,24,9,Gains In Performance
2022-04-09,21,Damn Strait,Scotty McCreery,21,24,Gains In Performance
2022-04-09,22,Flower Shops,ERNEST Featuring Morgan Wallen,22,12,Gains In Performance
2022-04-09,23,Up,Luke Bryan,23,26,Gains In Performance
2022-04-09,24,Take My Name,Parmalee,25,25,Gains In Performance
2022-04-09,25,At The End Of A Bar,Chris Young With Mitchell Tenpenny,26,29,Gains In Performance
2022-04-09,26,New Truck,Dylan Scott,28,31,Gains In Performance
2022-04-09,27,Country'd Look Good On You,Frank Ray,27,32,Gains In Performance
2022-04-09,28,Last Night Lonely,Jon Pardi,30,7,Gains In Performance
2022-04-09,29,With A Woman You Love,Justin Moore,31,23,Gains In Performance
2022-04-09,30,Everyone She Knows,Kenny Chesney,29,8,Gains In Performance
2022-04-09,31,Don't Come Lookin',Jackson Dean,44,5,Gains In Performance
2022-04-09,32,Party Mode,Dustin Lynch,32,8,Gains In Performance
2022-04-09,33,Ghost Story,Carrie Underwood,33,3,Gains In Performance
2022-04-09,34,Soul,Lee Brice,36,18,Gains In Performance
2022-04-09,35,"Back Then, Right Now",Tenille Arts,34,44,
2022-04-09,36,Wishful Drinking,Ingrid Andress With Sam Hunt,39,14,Gains In Performance
2022-04-09,37,Truth About You,Mitchell Tenpenny,37,13,Gains In Performance
2022-04-09,38,Son Of A Sinner,Jelly Roll,55,5,Gains In Performance
2022-04-09,39,Wilder Days,Morgan Wade,40,23,Gains In Performance
2022-04-09,40,Pick Me Up,Gabby Barrett,41,8,Gains In Performance
2022-04-09,41,No Hard Feelings,Old Dominion,38,16,Gains In Performance
2022-04-09,42,Out In The Middle,Zac Brown Band,42,9,Gains In Performance
2022-04-09,43,Sunrise Tells The Story,Midland,43,26,Gains In Performance
2022-04-09,44,Bye Mom,Chris Janson,46,27,Gains In Performance
2022-04-09,45,You Didn't,Brett Young,45,19,
2022-04-09,46,My Bar,Priscilla Block,47,7,Gains In Performance
2022-04-09,47,Down Home,Jimmie Allen,48,3,Gains In Performance
2022-04-09,48,Learn From It,Conner Smith,50,12,Gains In Performance
2022-04-09,49,Holy Water,Michael Ray,52,4,Gains In Performance
2022-04-09,50,What A Song Can Do,Lady A,51,7,Gains In Performance
2022-04-09,51,Love Talking,Eli Young Band,54,5,Gains In Performance
2022-04-09,52,Son Of A,Dillon Carmichael,49,9,Gains In Performance
2022-04-09,53,Missing One,Jameson Rodgers,56,7,Gains In Performance
2022-04-09,54,Pass It On,Ryan Hurd,59,2,Gains In Performance
2022-04-09,55,Giving You Up,Kameron Marlowe,53,19,
2022-04-09,56,Drinkin' It Wrong,Adam Doleac,57,2,Gains In Performance
2022-04-09,57,Can't Do Without Me,Chayce Beckham & Lindsay Ell,58,4,Gains In Performance
2022-04-09,58,Dates In Pickup Trucks,Kassi Ashton,NEW,1,Highest ranking debut|Gains In Performance
2022-04-09,59,Good Day For Living,Joe Nichols,NEW,1,Gains In Performance
2022-04-09,60,Note To Self,Randy Houser,RE,2,Gains In Performance
2022-04-16,1,Drunk (And I Don't Wanna Go Home),Elle King & Miranda Lambert,3,46,Gains In Performance
2022-04-16,2,Beers On Me,"Dierks Bentley, BRELAND & HARDY",4,37,Gains In Performance
2022-04-16,3,'Til You Can't,Cody Johnson,2,28,
2022-04-16,4,23,Sam Hunt,1,31,
2022-04-16,5,Never Say Never,Cole Swindell / Lainey Wilson,5,21,Gains In Performance
2022-04-16,6,Doin' This,Luke Combs,7,21,Gains In Performance
2022-04-16,7,Thinking 'Bout You,Dustin Lynch Featuring MacKenzie Porter,6,49,Gains In Performance
2022-04-16,8,Heart On Fire,Eric Church,8,39,Gains In Performance
2022-04-16,9,Never Wanted To Be That Girl,Carly Pearce & Ashley McBryde,9,30,Gains In Performance
2022-04-16,10,Wild Hearts,Keith Urban,10,34,Gains In Performance
2022-04-16,11,Slow Down Summer,Thomas Rhett,11,23,Gains In Performance
2022-04-16,12,Come Back As A Country Boy,Blake Shelton,12,28,Gains In Performance
2022-04-16,13,Give Heaven Some Hell,HARDY,13,58,Gains In Performance
2022-04-16,14,AA,Walker Hayes,14,20,Gains In Performance
2022-04-16,15,Trouble With A Heartbreak,Jason Aldean,16,13,Gains In Performance
2022-04-16,16,7500 OBO,Tim McGraw,15,36,Gains In Performance
2022-04-16,17,If I Was A Cowboy,Miranda Lambert,17,26,Gains In Performance
2022-04-16,18,Circles Around This Town,Maren Morris,18,14,Gains In Performance
2022-04-16,19,Wasted On You,Morgan Wallen,20,10,Gains In Performance
2022-04-16,20,Best Thing Since Backroads,Jake Owen,19,36,Gains In Performance
2022-04-16,21,Damn Strait,Scotty McCreery,21,25,Gains In Performance
2022-04-16,22,Take My Name,Parmalee,24,26,Gains In Performance
2022-04-16,23,Flower Shops,ERNEST Featuring Morgan Wallen,22,13,
2022-04-16,24,Heartfirst,Kelsea Ballerini,NEW,1,Highest ranking debut|Gains In Performance
2022-04-16,25,New Truck,Dylan Scott,26,32,Gains In Performance
2022-04-16,26,At The End Of A Bar,Chris Young With Mitchell Tenpenny,25,30,Gains In Performance
2022-04-16,27,Country'd Look Good On You,Frank Ray,27,33,Gains In Performance
2022-04-16,28,With A Woman You Love,Justin Moore,29,24,Gains In Performance
2022-04-16,29,Last Night Lonely,Jon Pardi,28,8,Gains In Performance
2022-04-16,30,Don't Come Lookin',Jackson Dean,31,6,Gains In Performance
2022-04-16,31,Everyone She Knows,Kenny Chesney,30,9,Gains In Performance
2022-04-16,32,Party Mode,Dustin Lynch,32,9,Gains In Performance
2022-04-16,33,Ghost Story,Carrie Underwood,33,4,Gains In Performance
2022-04-16,34,Son Of A Sinner,Jelly Roll,38,6,Gains In Performance
2022-04-16,35,Wishful Drinking,Ingrid Andress With Sam Hunt,36,15,Gains In Performance
2022-04-16,36,Soul,Lee Brice,34,19,Gains In Performance
2022-04-16,37,No Hard Feelings,Old Dominion,41,17,Gains In Performance
2022-04-16,38,Wilder Days,Morgan Wade,39,24,Gains In Performance
2022-04-16,39,Truth About You,Mitchell Tenpenny,37,14,Gains In Performance
2022-04-16,40,Pick Me Up,Gabby Barrett,40,9,Gains In Performance
2022-04-16,41,Out In The Middle,Zac Brown Band,42,10,
2022-04-16,42,Sunrise Tells The Story,Midland,43,27,
2022-04-16,43,Down Home,Jimmie Allen,47,4,Gains In Performance
2022-04-16,44,You Didn't,Brett Young,45,20,Gains In Performance
2022-04-16,45,Bye Mom,Chris Janson,44,28,Gains In Performance
2022-04-16,46,My Bar,Priscilla Block,46,8,Gains In Performance
2022-04-16,47,What A Song Can Do,Lady A,50,8,Gains In Performance
2022-04-16,48,Holy Water,Michael Ray,49,5,Gains In Performance
2022-04-16,49,Learn From It,Conner Smith,48,13,Gains In Performance
2022-04-16,50,Son Of A,Dillon Carmichael,52,10,Gains In Performance
2022-04-16,51,Love Talking,Eli Young Band,51,6,
2022-04-16,52,Giving You Up,Kameron Marlowe,55,20,Gains In Performance
2022-04-16,53,Drinkin' It Wrong,Adam Doleac,56,3,Gains In Performance
2022-04-16,54,Missing One,Jameson Rodgers,53,8,
2022-04-16,55,Joy Of My Life,Chris Stapleton,NEW,1,Gains In Performance
2022-04-16,56,Can't Do Without Me,Chayce Beckham & Lindsay Ell,57,5,Gains In Performance
2022-04-16,57,She Likes It,Russell Dickerson & Jake Scott,NEW,1,Gains In Performance
2022-04-16,58,Good Day For Living,Joe Nichols,59,2,Gains In Performance
2022-04-16,59,Growing Old With You,Restless Road,NEW,1,Gains In Performance
2022-04-16,60,Half Of Me,Thomas Rhett Featuring Riley Green,NEW,1,Gains In Performance
2022-04-23,1,Beers On Me,"Dierks Bentley, BRELAND & HARDY",2,38,Gains In Performance
2022-04-23,2,'Til You Can't,Cody Johnson,3,29,
2022-04-23,3,Never Say Never,Cole Swindell / Lainey Wilson,5,22,Gains In Performance
2022-04-23,4,23,Sam Hunt,4,32,
2022-04-23,5,Drunk (And I Don't Wanna Go Home),Elle King & Miranda Lambert,1,47,
2022-04-23,6,Doin' This,Luke Combs,6,22,Gains In Performance
2022-04-23,7,Heart On Fire,Eric Church,8,40,Gains In Performance
2022-04-23,8,Thinking 'Bout You,Dustin Lynch Featuring MacKenzie Porter,7,50,
2022-04-23,9,Never Wanted To Be That Girl,Carly Pearce & Ashley McBryde,9,31,Gains In Performance
2022-04-23,10,Wild Hearts,Keith Urban,10,35,Gains In Performance
2022-04-23,11,Slow Down Summer,Thomas Rhett,11,24,Gains In Performance
2022-04-23,12,Come Back As A Country Boy,Blake Shelton,12,29,
2022-04-23,13,Give Heaven Some Hell,HARDY,13,59,Gains In Performance
2022-04-23,14,AA,Walker Hayes,14,21,Gains In Performance
2022-04-23,15,Trouble With A Heartbreak,Jason Aldean,15,14,Gains In Performance
2022-04-23,16,Wasted On You,Morgan Wallen,19,11,Gains In Performance
2022-04-23,17,7500 OBO,Tim McGraw,16,37,Gains In Performance
2022-04-23,18,Circles Around This Town,Maren Morris,18,15,Gains In Performance
2022-04-23,19,If I Was A Cowboy,Miranda Lambert,17,27,Gains In Performance
2022-04-23,20,Best Thing Since Backroads,Jake Owen,20,37,Gains In Performance
2022-04-23,21,Take My Name,Parmalee,22,27,Gains In Performance
2022-04-23,22,Damn Strait,Scotty McCreery,21,26,Gains In Performance
2022-04-23,23,Flower Shops,ERNEST Featuring Morgan Wallen,23,14,Gains In Performance
2022-04-23,24,New Truck,Dylan Scott,25,33,Gains In Performance
2022-04-23,25,At The End Of A Bar,Chris Young With Mitchell Tenpenny,26,31,Gains In Performance
2022-04-23,26,With A Woman You Love,Justin Moore,28,25,Gains In Performance
2022-04-23,27,Country'd Look Good On You,Frank Ray,27,34,Gains In Performance
2022-04-23,28,Don't Come Lookin',Jackson Dean,30,7,Gains In Performance
2022-04-23,29,Last Night Lonely,Jon Pardi,29,9,Gains In Performance
2022-04-23,30,Everyone She Knows,Kenny Chesney,31,10,Gains In Performance
2022-04-23,31,Party Mode,Dustin Lynch,32,10,
2022-04-23,32,Son Of A Sinner,Jelly Roll,34,7,Gains In Performance
2022-04-23,33,Ghost Story,Carrie Underwood,33,5,Gains In Performance
2022-04-23,34,Wishful Drinking,Ingrid Andress With Sam Hunt,35,16,Gains In Performance
2022-04-23,35,Soul,Lee Brice,36,20,Gains In Performance
2022-04-23,36,No Hard Feelings,Old Dominion,37,18,Gains In Performance
2022-04-23,37,Hell Yeah,Little Big Town,NEW,1,Highest ranking debut|Gains In Performance
2022-04-23,38,Wilder Days,Morgan Wade,38,25,Gains In Performance
2022-04-23,39,Truth About You,Mitchell Tenpenny,39,15,Gains In Performance
2022-04-23,40,Pick Me Up,Gabby Barrett,40,10,Gains In Performance
2022-04-23,41,Out In The Middle,Zac Brown Band,41,11,Gains In Performance
2022-04-23,42,You Didn't,Brett Young,44,21,Gains In Performance
2022-04-23,43,Down Home,Jimmie Allen,43,5,Gains In Performance
2022-04-23,44,My Bar,Priscilla Block,46,9,Gains In Performance
2022-04-23,45,Bye Mom,Chris Janson,45,29,Gains In Performance
2022-04-23,46,Heartfirst,Kelsea Ballerini,24,2,
2022-04-23,47,What A Song Can Do,Lady A,47,9,Gains In Performance
2022-04-23,48,Holy Water,Michael Ray,48,6,Gains In Performance
2022-04-23,49,Learn From It,Conner Smith,49,14,Gains In Performance
2022-04-23,50,Son Of A,Dillon Carmichael,50,11,Gains In Performance
2022-04-23,51,Love Talking,Eli Young Band,51,7,Gains In Performance
2022-04-23,52,Joy Of My Life,Chris Stapleton,55,2,Gains In Performance
2022-04-23,53,She Likes It,Russell Dickerson & Jake Scott,57,2,Gains In Performance
2022-04-23,54,Giving You Up,Kameron Marlowe,52,21,Gains In Performance
2022-04-23,55,Missing One,Jameson Rodgers,54,9,Gains In Performance
2022-04-23,56,Drinkin' It Wrong,Adam Doleac,53,4,Gains In Performance
2022-04-23,57,Can't Do Without Me,Chayce Beckham & Lindsay Ell,56,6,Gains In Performance
2022-04-23,58,Good Day For Living,Joe Nichols,58,3,Gains In Performance
2022-04-23,59,Note To Self,Randy Houser,RE,3,Gains In Performance
2022-04-23,60,Pass It On,Ryan Hurd,RE,3,Gains In Performance
2022-04-30,1,Never Say Never,Cole Swindell / Lainey Wilson,3,23,Gains In Performance
2022-04-30,2,'Til You Can't,Cody Johnson,2,30,
2022-04-30,3,Beers On Me,"Dierks Bentley, BRELAND & HARDY",1,39,
2022-04-30,4,Doin' This,Luke Combs,6,23,Gains In Performance
2022-04-30,5,Heart On Fire,Eric Church,7,41,Gains In Performance
2022-04-30,6,Never Wanted To Be That Girl,Carly Pearce & Ashley McBryde,9,32,Gains In Performance
2022-04-30,7,23,Sam Hunt,4,33,
2022-04-30,8,Thinking 'Bout You,Dustin Lynch Featuring MacKenzie Porter,8,51,
2022-04-30,9,Wild Hearts,Keith Urban,10,36,Gains In Performance
2022-04-30,10,Slow Down Summer,Thomas Rhett,11,25,Gains In Performance
2022-04-30,11,AA,Walker Hayes,14,22,Gains In Performance
2022-04-30,12,Give Heaven Some Hell,HARDY,13,60,Gains In Performance
2022-04-30,13,Come Back As A Country Boy,Blake Shelton,12,30,Gains In Performance
2022-04-30,14,Trouble With A Heartbreak,Jason Aldean,15,15,Gains In Performance
2022-04-30,15,Wasted On You,Morgan Wallen,16,12,Gains In Performance
2022-04-30,16,7500 OBO,Tim McGraw,17,38,Gains In Performance
2022-04-30,17,Circles Around This Town,Maren Morris,18,16,Gains In Performance
2022-04-30,18,Take My Name,Parmalee,21,28,Gains In Performance
2022-04-30,19,If I Was A Cowboy,Miranda Lambert,19,28,Gains In Performance
2022-04-30,20,Best Thing Since Backroads,Jake Owen,20,38,Gains In Performance
2022-04-30,21,Damn Strait,Scotty McCreery,22,27,Gains In Performance
2022-04-30,22,Flower Shops,ERNEST Featuring Morgan Wallen,23,15,
2022-04-30,23,New Truck,Dylan Scott,24,34,Gains In Performance
2022-04-30,24,At The End Of A Bar,Chris Young With Mitchell Tenpenny,25,32,Gains In Performance
2022-04-30,25,With A Woman You Love,Justin Moore,26,26,Gains In Performance
2022-04-30,26,Last Night Lonely,Jon Pardi,29,10,Gains In Performance
2022-04-30,27,Don't Come Lookin',Jackson Dean,28,8,Gains In Performance
2022-04-30,28,Country'd Look Good On You,Frank Ray,27,35,Gains In Performance
2022-04-30,29,Everyone She Knows,Kenny Chesney,30,11,Gains In Performance
2022-04-30,30,Son Of A Sinner,Jelly Roll,32,8,Gains In Performance
2022-04-30,31,Wishful Drinking,Ingrid Andress With Sam Hunt,34,17,Gains In Performance
2022-04-30,32,Party Mode,Dustin Lynch,31,11,Gains In Performance
2022-04-30,33,Ghost Story,Carrie Underwood,33,6,
2022-04-30,34,No Hard Feelings,Old Dominion,36,19,Gains In Performance
2022-04-30,35,Soul,Lee Brice,35,21,Gains In Performance
2022-04-30,36,Truth About You,Mitchell Tenpenny,39,16,Gains In Performance
2022-04-30,37,Pick Me Up,Gabby Barrett,40,11,Gains In Performance
2022-04-30,38,Songs About You,Brett Eldredge,NEW,1,Highest ranking debut|Gains In Performance
2022-04-30,39,Wilder Days,Morgan Wade,38,26,Gains In Performance
2022-04-30,40,Down Home,Jimmie Allen,43,6,Gains In Performance
2022-04-30,41,Heartfirst,Kelsea Ballerini,46,3,Gains In Performance
2022-04-30,42,You Didn't,Brett Young,42,22,Gains In Performance
2022-04-30,43,Out In The Middle,Zac Brown Band,41,12,
2022-04-30,44,My Bar,Priscilla Block,44,10,Gains In Performance
2022-04-30,45,What A Song Can Do,Lady A,47,10,Gains In Performance
2022-04-30,46,Bye Mom,Chris Janson,45,30,
2022-04-30,47,Learn From It,Conner Smith,49,15,Gains In Performance
2022-04-30,48,Holy Water,Michael Ray,48,7,Gains In Performance
2022-04-30,49,She Likes It,Russell Dickerson & Jake Scott,53,3,Gains In Performance
2022-04-30,50,Son Of A,Dillon Carmichael,50,12,Gains In Performance
2022-04-30,51,Joy Of My Life,Chris Stapleton,52,3,Gains In Performance
2022-04-30,52,Love Talking,Eli Young Band,51,8,
2022-04-30,53,Good Day For Living,Joe Nichols,58,4,Gains In Performance
2022-04-30,54,Giving You Up,Kameron Marlowe,54,22,Gains In Performance
2022-04-30,55,Drinkin' It Wrong,Adam Doleac,56,5,Gains In Performance
2022-04-30,56,Missing One,Jameson Rodgers,55,10,Gains In Performance
2022-04-30,57,Pass It On,Ryan Hurd,60,4,Gains In Performance
2022-04-30,58,Note To Self,Randy Houser,59,4,Gains In Performance
2022-04-30,59,Downtown Baby,Caitlyn Smith,NEW,1,Gains In Performance
2022-04-30,60,Can't Do Without Me,Chayce Beckham & Lindsay Ell,57,7,
2022-05-07,1,Never Say Never,Cole Swindell / Lainey Wilson,1,24,Greatest gainer this week|Gains In Performance
2022-05-07,2,'Til You Can't,Cody Johnson,2,31,
2022-05-07,3,Doin' This,Luke Combs,4,24,Gains In Performance
2022-05-07,4,Never Wanted To Be That Girl,Carly Pearce & Ashley McBryde,6,33,Gains In Performance
2022-05-07,5,Beers On Me,"Dierks Bentley, BRELAND & HARDY",3,40,
2022-05-07,6,23,Sam Hunt,7,34,
2022-05-07,7,Slow Down Summer,Thomas Rhett,10,26,Gains In Performance
2022-05-07,8,Wild Hearts,Keith Urban,9,37,Gains In Performance
2022-05-07,9,AA,Walker Hayes,11,23,Gains In Performance
2022-05-07,10,Trouble With A Heartbreak,Jason Aldean,14,16,Gains In Performance
2022-05-07,11,Give Heaven Some Hell,HARDY,12,61,Gains In Performance
2022-05-07,12,Wasted On You,Morgan Wallen,15,13,Gains In Performance
2022-05-07,13,Take My Name,Parmalee,18,29,Gains In Performance
2022-05-07,14,7500 OBO,Tim McGraw,16,39,Gains In Performance
2022-05-07,15,Circles Around This Town,Maren Morris,17,17,Gains In Performance
2022-05-07,16,Heart On Fire,Eric Church,5,42,
2022-05-07,17,Best Thing Since Backroads,Jake Owen,20,39,Gains In Performance
2022-05-07,18,Damn Strait,Scotty McCreery,21,28,Gains In Performance
2022-05-07,19,If I Was A Cowboy,Miranda Lambert,19,29,Gains In Performance
2022-05-07,20,New Truck,Dylan Scott,23,35,Gains In Performance
2022-05-07,21,Flower Shops,ERNEST Featuring Morgan Wallen,22,16,Gains In Performance
2022-05-07,22,At The End Of A Bar,Chris Young With Mitchell Tenpenny,24,33,Gains In Performance
2022-05-07,23,Last Night Lonely,Jon Pardi,26,11,Gains In Performance
2022-05-07,24,Everyone She Knows,Kenny Chesney,29,12,Gains In Performance
2022-05-07,25,With A Woman You Love,Justin Moore,25,27,Gains In Performance
2022-05-07,26,Don't Come Lookin',Jackson Dean,27,9,Gains In Performance
2022-05-07,27,Country'd Look Good On You,Frank Ray,28,36,Gains In Performance
2022-05-07,28,Son Of A Sinner,Jelly Roll,30,9,Gains In Performance
2022-05-07,29,Ghost Story,Carrie Underwood,33,7,Gains In Performance
2022-05-07,30,Party Mode,Dustin Lynch,32,12,Gains In Performance
2022-05-07,31,Wishful Drinking,Ingrid Andress With Sam Hunt,31,18,Gains In Performance
2022-05-07,32,No Hard Feelings,Old Dominion,34,20,Gains In Performance
2022-05-07,33,Truth About You,Mitchell Tenpenny,36,17,Gains In Performance
2022-05-07,34,Soul,Lee Brice,35,22,Gains In Performance
2022-05-07,35,Pick Me Up,Gabby Barrett,37,12,Gains In Performance
2022-05-07,36,Wilder Days,Morgan Wade,39,27,Gains In Performance
2022-05-07,37,Heartfirst,Kelsea Ballerini,41,4,Gains In Performance
2022-05-07,38,Out In The Middle,Zac Brown Band,43,13,Gains In Performance
2022-05-07,39,Down Home,Jimmie Allen,40,7,Gains In Performance
2022-05-07,40,You Didn't,Brett Young,42,23,Gains In Performance
2022-05-07,41,My Bar,Priscilla Block,44,11,Gains In Performance
2022-05-07,42,She Likes It,Russell Dickerson & Jake Scott,49,4,Gains In Performance
2022-05-07,43,What A Song Can Do,Lady A,45,11,Gains In Performance
2022-05-07,44,Learn From It,Conner Smith,47,16,Gains In Performance
2022-05-07,45,Holy Water,Michael Ray,48,8,Gains In Performance
2022-05-07,46,Son Of A,Dillon Carmichael,50,13,Gains In Performance
2022-05-07,47,Love Talking,Eli Young Band,52,9,Gains In Performance
2022-05-07,48,Joy Of My Life,Chris Stapleton,51,4,Gains In Performance
2022-05-07,49,Don't Think Jesus,Morgan Wallen,NEW,1,Highest ranking debut|Gains In Performance
2022-05-07,50,Good Day For Living,Joe Nichols,53,5,Gains In Performance
2022-05-07,51,Giving You Up,Kameron Marlowe,54,23,
2022-05-07,52,Drinkin' It Wrong,Adam Doleac,55,6,Gains In Performance
2022-05-07,53,Note To Self,Randy Houser,58,5,Gains In Performance
2022-05-07,54,Missing One,Jameson Rodgers,56,11,
2022-05-07,55,Can't Do Without Me,Chayce Beckham & Lindsay Ell,60,8,Gains In Performance
2022-05-07,56,Growing Old With You,Restless Road,RE,2,Gains In Performance
2022-05-07,57,Hell Yeah,Little Big Town,RE,2,Gains In Performance
2022-05-07,58,Songs About You,Brett Eldredge,38,2,
2022-05-07,59,Dates In Pickup Trucks,Kassi Ashton,RE,2,Gains In Performance
2022-05-07,60,Pass It On,Ryan Hurd,57,5,
2022-05-14,1,Never Wanted To Be That Girl,Carly Pearce & Ashley McBryde,4,34,Gains In Performance
2022-05-14,2,Never Say Never,Cole Swindell / Lainey Wilson,1,25,
2022-05-14,3,'Til You Can't,Cody Johnson,2,32,
2022-05-14,4,Doin' This,Luke Combs,3,25,Gains In Performance
2022-05-14,5,23,Sam Hunt,6,35,
2022-05-14,6,Trouble With A Heartbreak,Jason Aldean,10,17,Gains In Performance
2022-05-14,7,Slow Down Summer,Thomas Rhett,7,27,Gains In Performance
2022-05-14,8,Wild Hearts,Keith Urban,8,38,Gains In Performance
2022-05-14,9,AA,Walker Hayes,9,24,Gains In Performance
2022-05-14,10,Take My Name,Parmalee,13,30,Gains In Performance
2022-05-14,11,Wasted On You,Morgan Wallen,12,14,Gains In Performance
2022-05-14,12,Give Heaven Some Hell,HARDY,11,62,Gains In Performance
2022-05-14,13,7500 OBO,Tim McGraw,14,40,Gains In Performance
2022-05-14,14,Circles Around This Town,Maren Morris,15,18,Gains In Performance
2022-05-14,15,If I Was A Cowboy,Miranda Lambert,19,30,Gains In Performance
2022-05-14,16,Best Thing Since Backroads,Jake Owen,17,40,Gains In Performance
2022-05-14,17,Damn Strait,Scotty McCreery,18,29,Gains In Performance
2022-05-14,18,New Truck,Dylan Scott,20,36,Gains In Performance
2022-05-14,19,Flower Shops,ERNEST Featuring Morgan Wallen,21,17,Gains In Performance
2022-05-14,20,At The End Of A Bar,Chris Young With Mitchell Tenpenny,22,34,Gains In Performance
2022-05-14,21,Last Night Lonely,Jon Pardi,23,12,Gains In Performance
2022-05-14,22,Everyone She Knows,Kenny Chesney,24,13,Gains In Performance
2022-05-14,23,With A Woman You Love,Justin Moore,25,28,Gains In Performance
2022-05-14,24,Don't Come Lookin',Jackson Dean,26,10,Gains In Performance
2022-05-14,25,Like I Love Country Music,Kane Brown,NEW,1,Highest ranking debut|Gains In Performance
2022-05-14,26,Country'd Look Good On You,Frank Ray,27,37,Gains In Performance
2022-05-14,27,Ghost Story,Carrie Underwood,29,8,Gains In Performance
2022-05-14,28,Son Of A Sinner,Jelly Roll,28,10,Gains In Performance
2022-05-14,29,Party Mode,Dustin Lynch,30,13,Gains In Performance
2022-05-14,30,No Hard Feelings,Old Dominion,32,21,Gains In Performance
2022-05-14,31,Wishful Drinking,Ingrid Andress With Sam Hunt,31,19,Gains In Performance
2022-05-14,32,Truth About You,Mitchell Tenpenny,33,18,Gains In Performance
2022-05-14,33,Soul,Lee Brice,34,23,Gains In Performance
2022-05-14,34,Pick Me Up,Gabby Barrett,35,13,Gains In Performance
2022-05-14,35,Wilder Days,Morgan Wade,36,28,Gains In Performance
2022-05-14,36,Out In The Middle,Zac Brown Band,38,14,Gains In Performance
2022-05-14,37,Heartfirst,Kelsea Ballerini,37,5,Gains In Performance
2022-05-14,38,Down Home,Jimmie Allen,39,8,Gains In Performance
2022-05-14,39,You Didn't,Brett Young,40,24,Gains In Performance
2022-05-14,40,She Likes It,Russell Dickerson & Jake Scott,42,5,Gains In Performance
2022-05-14,41,My Bar,Priscilla Block,41,12,Gains In Performance
2022-05-14,42,Learn From It,Conner Smith,44,17,Gains In Performance
2022-05-14,43,Joy Of My Life,Chris Stapleton,48,5,Gains In Performance
2022-05-14,44,Holy Water,Michael Ray,45,9,Gains In Performance
2022-05-14,45,What A Song Can Do,Lady A,43,12,
2022-05-14,46,Son Of A,Dillon Carmichael,46,14,Gains In Performance
2022-05-14,47,Love Talking,Eli Young Band,47,10,
2022-05-14,48,Good Day For Living,Joe Nichols,50,6,Gains In Performance
2022-05-14,49,Giving You Up,Kameron Marlowe,51,24,Gains In Performance
2022-05-14,50,Drinkin' It Wrong,Adam Doleac,52,7,Gains In Performance
2022-05-14,51,Missing One,Jameson Rodgers,54,12,Gains In Performance
2022-05-14,52,Don't Think Jesus,Morgan Wallen,49,2,
2022-05-14,53,Growing Old With You,Restless Road,56,3,Gains In Performance
2022-05-14,54,Note To Self,Randy Houser,53,6,
2022-05-14,55,Can't Do Without Me,Chayce Beckham & Lindsay Ell,55,9,Gains In Performance
2022-05-14,56,Hell Yeah,Little Big Town,57,3,
2022-05-14,57,Dates In Pickup Trucks,Kassi Ashton,59,3,
2022-05-14,58,"Salt, Lime & Tequila",Ryan Griffin,NEW,1,Gains In Performance
2022-05-14,59,Pass It On,Ryan Hurd,60,6,Gains In Performance
2022-05-14,60,Everything She Ain't,Hailey Whitters,NEW,1,Gains In Performance
2022-05-21,1,Doin' This,Luke Combs,4,26,Gains In Performance
2022-05-21,2,'Til You Can't,Cody Johnson,3,33,
2022-05-21,3,Trouble With A Heartbreak,Jason Aldean,6,18,Gains In Performance
2022-05-21,4,Never Say Never,Cole Swindell / Lainey Wilson,2,26,
2022-05-21,5,Take My Name,Parmalee,10,31,Greatest gainer this week|Gains In Performance
2022-05-21,6,Slow Down Summer,Thomas Rhett,7,28,Gains In Performance
2022-05-21,7,Wasted On You,Morgan Wallen,11,15,Gains In Performance
2022-05-21,8,AA,Walker Hayes,9,25,Gains In Performance
2022-05-21,9,Wild Hearts,Keith Urban,8,39,Gains In Performance
2022-05-21,10,23,Sam Hunt,5,36,
2022-05-21,11,7500 OBO,Tim McGraw,13,41,Gains In Performance
2022-05-21,12,Circles Around This Town,Maren Morris,14,19,Gains In Performance
2022-05-21,13,Damn Strait,Scotty McCreery,17,30,Gains In Performance
2022-05-21,14,Never Wanted To Be That Girl,Carly Pearce & Ashley McBryde,1,35,
2022-05-21,15,Best Thing Since Backroads,Jake Owen,16,41,Gains In Performance
2022-05-21,16,If I Was A Cowboy,Miranda Lambert,15,31,Gains In Performance
2022-05-21,17,New Truck,Dylan Scott,18,37,Gains In Performance
2022-05-21,18,At The End Of A Bar,Chris Young With Mitchell Tenpenny,20,35,Gains In Performance
2022-05-21,19,Last Night Lonely,Jon Pardi,21,13,Gains In Performance
2022-05-21,20,Flower Shops,ERNEST Featuring Morgan Wallen,19,18,Gains In Performance
2022-05-21,21,Like I Love Country Music,Kane Brown,25,2,Gains In Performance
2022-05-21,22,Everyone She Knows,Kenny Chesney,22,14,Gains In Performance
2022-05-21,23,Don't Come Lookin',Jackson Dean,24,11,Gains In Performance
2022-05-21,24,With A Woman You Love,Justin Moore,23,29,Gains In Performance
2022-05-21,25,Country'd Look Good On You,Frank Ray,26,38,Gains In Performance
2022-05-21,26,Ghost Story,Carrie Underwood,27,9,Gains In Performance
2022-05-21,27,Party Mode,Dustin Lynch,29,14,Gains In Performance
2022-05-21,28,Son Of A Sinner,Jelly Roll,28,11,Gains In Performance
2022-05-21,29,No Hard Feelings,Old Dominion,30,22,Gains In Performance
2022-05-21,30,Truth About You,Mitchell Tenpenny,32,19,Gains In Performance
2022-05-21,31,Wishful Drinking,Ingrid Andress With Sam Hunt,31,20,Gains In Performance
2022-05-21,32,Soul,Lee Brice,33,24,Gains In Performance
2022-05-21,33,Pick Me Up,Gabby Barrett,34,14,Gains In Performance
2022-05-21,34,Wilder Days,Morgan Wade,35,29,Gains In Performance
2022-05-21,35,Out In The Middle,Zac Brown Band,36,15,Gains In Performance
2022-05-21,36,Heartfirst,Kelsea Ballerini,37,6,Gains In Performance
2022-05-21,37,You Didn't,Brett Young,39,25,Gains In Performance
2022-05-21,38,Down Home,Jimmie Allen,38,9,Gains In Performance
2022-05-21,39,She Likes It,Russell Dickerson & Jake Scott,40,6,Gains In Performance
2022-05-21,40,My Bar,Priscilla Block,41,13,Gains In Performance
2022-05-21,41,Joy Of My Life,Chris Stapleton,43,6,Gains In Performance
2022-05-21,42,Learn From It,Conner Smith,42,18,Gains In Performance
2022-05-21,43,What A Song Can Do,Lady A,45,13,Gains In Performance
2022-05-21,44,Holy Water,Michael Ray,44,10,
2022-05-21,45,Son Of A,Dillon Carmichael,46,15,
2022-05-21,46,Don't Think Jesus,Morgan Wallen,52,3,Gains In Performance
2022-05-21,47,Can't Do Without Me,Chayce Beckham & Lindsay Ell,55,10,Gains In Performance
2022-05-21,48,Love Talking,Eli Young Band,47,11,
2022-05-21,49,Good Day For Living,Joe Nichols,48,7,Gains In Performance
2022-05-21,50,Giving You Up,Kameron Marlowe,49,25,Gains In Performance
2022-05-21,51,Drinkin' It Wrong,Adam Doleac,50,8,Gains In Performance
2022-05-21,52,Note To Self,Randy Houser,54,7,Gains In Performance
2022-05-21,53,Hell Yeah,Little Big Town,56,4,Gains In Performance
2022-05-21,54,Missing One,Jameson Rodgers,51,13,
2022-05-21,55,Growing Old With You,Restless Road,53,4,Gains In Performance
2022-05-21,56,Catching Up With An Ol' Memory,Clay Walker,RE,2,Gains In Performance
2022-05-21,57,Everything She Ain't,Hailey Whitters,60,2,Gains In Performance
2022-05-21,58,Songs About You,Brett Eldredge,RE,3,Gains In Performance
2022-05-21,59,Should Have Known Better,Jessie James Decker,NEW,1,Highest ranking debut|Gains In Performance
2022-05-21,60,How Is She,Cole Swindell,NEW,1,Gains In Performance
2022-05-28,1,Trouble With A Heartbreak,Jason Aldean,3,19,Greatest gainer this week|Gains In Performance
2022-05-28,2,Slow Down Summer,Thomas Rhett,6,29,Gains In Performance
2022-05-28,3,Take My Name,Parmalee,5,32,Gains In Performance
2022-05-28,4,Doin' This,Luke Combs,1,27,
2022-05-28,5,Wasted On You,Morgan Wallen,7,16,Gains In Performance
2022-05-28,6,'Til You Can't,Cody Johnson,2,34,
2022-05-28,7,Never Say Never,Cole Swindell / Lainey Wilson,4,27,
2022-05-28,8,AA,Walker Hayes,8,26,Gains In Performance
2022-05-28,9,Wild Hearts,Keith Urban,9,40,Gains In Performance
2022-05-28,10,7500 OBO,Tim McGraw,11,42,Gains In Performance
2022-05-28,11,Damn Strait,Scotty McCreery,13,31,Gains In Performance
2022-05-28,12,Best Thing Since Backroads,Jake Owen,15,42,Gains In Performance
2022-05-28,13,Circles Around This Town,Maren Morris,12,20,Gains In Performance
2022-05-28,14,If I Was A Cowboy,Miranda Lambert,16,32,Gains In Performance
2022-05-28,15,New Truck,Dylan Scott,17,38,Gains In Performance
2022-05-28,16,At The End Of A Bar,Chris Young With Mitchell Tenpenny,18,36,Gains In Performance
2022-05-28,17,Like I Love Country Music,Kane Brown,21,3,Gains In Performance
2022-05-28,18,Last Night Lonely,Jon Pardi,19,14,Gains In Performance
2022-05-28,19,Flower Shops,ERNEST Featuring Morgan Wallen,20,19,Gains In Performance
2022-05-28,20,Everyone She Knows,Kenny Chesney,22,15,Gains In Performance
2022-05-28,21,Don't Come Lookin',Jackson Dean,23,12,Gains In Performance
2022-05-28,22,With A Woman You Love,Justin Moore,24,30,Gains In Performance
2022-05-28,23,Ghost Story,Carrie Underwood,26,10,Gains In Performance
2022-05-28,24,Country'd Look Good On You,Frank Ray,25,39,Gains In Performance
2022-05-28,25,Party Mode,Dustin Lynch,27,15,Gains In Performance
2022-05-28,26,No Hard Feelings,Old Dominion,29,23,Gains In Performance
2022-05-28,27,Truth About You,Mitchell Tenpenny,30,20,Gains In Performance
2022-05-28,28,Son Of A Sinner,Jelly Roll,28,12,Gains In Performance
2022-05-28,29,Wishful Drinking,Ingrid Andress With Sam Hunt,31,21,Gains In Performance
2022-05-28,30,Soul,Lee Brice,32,25,Gains In Performance
2022-05-28,31,Pick Me Up,Gabby Barrett,33,15,Gains In Performance
2022-05-28,32,5 Foot 9,Tyler Hubbard,NEW,1,Highest ranking debut|Gains In Performance
2022-05-28,33,Wilder Days,Morgan Wade,34,30,Gains In Performance
2022-05-28,34,Out In The Middle,Zac Brown Band,35,16,Gains In Performance
2022-05-28,35,She Likes It,Russell Dickerson & Jake Scott,39,7,Gains In Performance
2022-05-28,36,You Didn't,Brett Young,37,26,Gains In Performance
2022-05-28,37,Heartfirst,Kelsea Ballerini,36,7,
2022-05-28,38,My Bar,Priscilla Block,40,14,Gains In Performance
2022-05-28,39,Down Home,Jimmie Allen,38,10,
2022-05-28,40,Joy Of My Life,Chris Stapleton,41,7,Gains In Performance
2022-05-28,41,Learn From It,Conner Smith,42,19,Gains In Performance
2022-05-28,42,Heart Like A Truck,Lainey Wilson,NEW,1,Gains In Performance
2022-05-28,43,What A Song Can Do,Lady A,43,14,
2022-05-28,44,Growing Old With You,Restless Road,55,5,Gains In Performance
2022-05-28,45,Holy Water,Michael Ray,44,11,
2022-05-28,46,Son Of A,Dillon Carmichael,45,16,
2022-05-28,47,Can't Do Without Me,Chayce Beckham & Lindsay Ell,47,11,Gains In Performance
2022-05-28,48,Love Talking,Eli Young Band,48,12,Gains In Performance
2022-05-28,49,Don't Think Jesus,Morgan Wallen,46,4,
2022-05-28,50,Giving You Up,Kameron Marlowe,50,26,Gains In Performance
2022-05-28,51,Good Day For Living,Joe Nichols,49,8,Gains In Performance
2022-05-28,52,Drinkin' It Wrong,Adam Doleac,51,9,Gains In Performance
2022-05-28,53,Note To Self,Randy Houser,52,8,Gains In Performance
2022-05-28,54,Catching Up With An Ol' Memory,Clay Walker,56,3,Gains In Performance
2022-05-28,55,Hell Yeah,Little Big Town,53,5,
2022-05-28,56,Missing One,Jameson Rodgers,54,14,
2022-05-28,57,Dates In Pickup Trucks,Kassi Ashton,RE,4,Gains In Performance
2022-05-28,58,Everything She Ain't,Hailey Whitters,57,3,Gains In Performance
2022-05-28,59,Crazy One More Time (2022),Kip Moore,NEW,1,Gains In Performance
2022-05-28,60,"Salt, Lime & Tequila",Ryan Griffin,RE,2,Gains In Performance
2022-06-04,1,Trouble With A Heartbreak,Jason Aldean,1,20,Gains In Performance
2022-06-04,2,Slow Down Summer,Thomas Rhett,2,30,Greatest gainer this week|Gains In Performance
2022-06-04,3,Take My Name,Parmalee,3,33,Gains In Performance
2022-06-04,4,Wasted On You,Morgan Wallen,5,17,Gains In Performance
2022-06-04,5,'Til You Can't,Cody Johnson,6,35,
2022-06-04,6,Wild Hearts,Keith Urban,9,41,Gains In Performance
2022-06-04,7,AA,Walker Hayes,8,27,Gains In Performance
2022-06-04,8,Never Say Never,Cole Swindell / Lainey Wilson,7,28,
2022-06-04,9,Damn Strait,Scotty McCreery,11,32,Gains In Performance
2022-06-04,10,7500 OBO,Tim McGraw,10,43,Gains In Performance
2022-06-04,11,Best Thing Since Backroads,Jake Owen,12,43,Gains In Performance
2022-06-04,12,Circles Around This Town,Maren Morris,13,21,Gains In Performance
2022-06-04,13,If I Was A Cowboy,Miranda Lambert,14,33,Gains In Performance
2022-06-04,14,New Truck,Dylan Scott,15,39,Gains In Performance
2022-06-04,15,At The End Of A Bar,Chris Young With Mitchell Tenpenny,16,37,Gains In Performance
2022-06-04,16,Like I Love Country Music,Kane Brown,17,4,Gains In Performance
2022-06-04,17,Last Night Lonely,Jon Pardi,18,15,Gains In Performance
2022-06-04,18,Flower Shops,ERNEST Featuring Morgan Wallen,19,20,Gains In Performance
2022-06-04,19,Everyone She Knows,Kenny Chesney,20,16,Gains In Performance
2022-06-04,20,With A Woman You Love,Justin Moore,22,31,Gains In Performance
2022-06-04,21,Don't Come Lookin',Jackson Dean,21,13,Gains In Performance
2022-06-04,22,Ghost Story,Carrie Underwood,23,11,Gains In Performance
2022-06-04,23,Country'd Look Good On You,Frank Ray,24,40,Gains In Performance
2022-06-04,24,Truth About You,Mitchell Tenpenny,27,21,Gains In Performance
2022-06-04,25,Party Mode,Dustin Lynch,25,16,Gains In Performance
2022-06-04,26,No Hard Feelings,Old Dominion,26,24,Gains In Performance
2022-06-04,27,Wishful Drinking,Ingrid Andress With Sam Hunt,29,22,Gains In Performance
2022-06-04,28,Son Of A Sinner,Jelly Roll,28,13,Gains In Performance
2022-06-04,29,Pick Me Up,Gabby Barrett,31,16,Gains In Performance
2022-06-04,30,Soul,Lee Brice,30,26,Gains In Performance
2022-06-04,31,Wilder Days,Morgan Wade,33,31,Gains In Performance
2022-06-04,32,Out In The Middle,Zac Brown Band,34,17,Gains In Performance
2022-06-04,33,She Likes It,Russell Dickerson & Jake Scott,35,8,Gains In Performance
2022-06-04,34,Heartfirst,Kelsea Ballerini,37,8,Gains In Performance
2022-06-04,35,You Didn't,Brett Young,36,27,Gains In Performance
2022-06-04,36,Down Home,Jimmie Allen,39,11,Gains In Performance
2022-06-04,37,5 Foot 9,Tyler Hubbard,32,2,
2022-06-04,38,My Bar,Priscilla Block,38,15,
2022-06-04,39,Joy Of My Life,Chris Stapleton,40,8,Gains In Performance
2022-06-04,40,Learn From It,Conner Smith,41,20,Gains In Performance
2022-06-04,41,What A Song Can Do,Lady A,43,15,Gains In Performance
2022-06-04,42,Heart Like A Truck,Lainey Wilson,42,2,Gains In Performance
2022-06-04,43,Growing Old With You,Restless Road,44,6,Gains In Performance
2022-06-04,44,Holy Water,Michael Ray,45,12,Gains In Performance
2022-06-04,45,Good Day For Living,Joe Nichols,51,9,Gains In Performance
2022-06-04,46,What My World Spins Around,Jordan Davis,NEW,1,Highest ranking debut|Gains In Performance
2022-06-04,47,Can't Do Without Me,Chayce Beckham & Lindsay Ell,47,12,Gains In Performance
2022-06-04,48,Giving You Up,Kameron Marlowe,50,27,Gains In Performance
2022-06-04,49,Don't Think Jesus,Morgan Wallen,49,5,Gains In Performance
2022-06-04,50,Son Of A,Dillon Carmichael,46,17,Gains In Performance
2022-06-04,51,Love Talking,Eli Young Band,48,13,Gains In Performance
2022-06-04,52,Note To Self,Randy Houser,53,9,Gains In Performance
2022-06-04,53,Drinkin' It Wrong,Adam Doleac,52,10,Gains In Performance
2022-06-04,54,Catching Up With An Ol' Memory,Clay Walker,54,4,Gains In Performance
2022-06-04,55,Hell Yeah,Little Big Town,55,6,Gains In Performance
2022-06-04,56,Missing One,Jameson Rodgers,56,15,
2022-06-04,57,Everything She Ain't,Hailey Whitters,58,4,Gains In Performance
2022-06-04,58,"Salt, Lime & Tequila",Ryan Griffin,60,3,Gains In Performance
2022-06-04,59,Dates In Pickup Trucks,Kassi Ashton,57,5,
2022-06-04,60,County Roads,Elvie Shane,NEW,1,Gains In Performance
2022-06-11,1,Trouble With A Heartbreak,Jason Aldean,1,21,Gains In Performance
2022-06-11,2,Take My Name,Parmalee,3,34,Gains In Performance
2022-06-11,3,Wasted On You,Morgan Wallen,4,18,Gains In Performance
2022-06-11,4,Wild Hearts,Keith Urban,6,42,Greatest gainer this week|Gains In Performance
2022-06-11,5,AA,Walker Hayes,7,28,Gains In Performance
2022-06-11,6,'Til You Can't,Cody Johnson,5,36,
2022-06-11,7,Damn Strait,Scotty McCreery,9,33,Gains In Performance
2022-06-11,8,Slow Down Summer,Thomas Rhett,2,31,
2022-06-11,9,Never Say Never,Cole Swindell / Lainey Wilson,8,29,
2022-06-11,10,7500 OBO,Tim McGraw,10,44,Gains In Performance
2022-06-11,11,Best Thing Since Backroads,Jake Owen,11,44,Gains In Performance
2022-06-11,12,Circles Around This Town,Maren Morris,12,22,Gains In Performance
2022-06-11,13,If I Was A Cowboy,Miranda Lambert,13,34,Gains In Performance
2022-06-11,14,New Truck,Dylan Scott,14,40,Gains In Performance
2022-06-11,15,Like I Love Country Music,Kane Brown,16,5,Gains In Performance
2022-06-11,16,At The End Of A Bar,Chris Young With Mitchell Tenpenny,15,38,Gains In Performance
2022-06-11,17,Last Night Lonely,Jon Pardi,17,16,Gains In Performance
2022-06-11,18,Don't Come Lookin',Jackson Dean,21,14,Gains In Performance
2022-06-11,19,With A Woman You Love,Justin Moore,20,32,Gains In Performance
2022-06-11,20,Flower Shops,ERNEST Featuring Morgan Wallen,18,21,Gains In Performance
2022-06-11,21,Everyone She Knows,Kenny Chesney,19,17,Gains In Performance
2022-06-11,22,Ghost Story,Carrie Underwood,22,12,Gains In Performance
2022-06-11,23,Truth About You,Mitchell Tenpenny,24,22,Gains In Performance
2022-06-11,24,Country'd Look Good On You,Frank Ray,23,41,Gains In Performance
2022-06-11,25,Son Of A Sinner,Jelly Roll,28,14,Gains In Performance
2022-06-11,26,No Hard Feelings,Old Dominion,26,25,Gains In Performance
2022-06-11,27,Wishful Drinking,Ingrid Andress With Sam Hunt,27,23,Gains In Performance
2022-06-11,28,Party Mode,Dustin Lynch,25,17,Gains In Performance
2022-06-11,29,Pick Me Up,Gabby Barrett,29,17,Gains In Performance
2022-06-11,30,Wilder Days,Morgan Wade,31,32,Gains In Performance
2022-06-11,31,Soul,Lee Brice,30,27,Gains In Performance
2022-06-11,32,5 Foot 9,Tyler Hubbard,37,3,Gains In Performance
2022-06-11,33,She Likes It,Russell Dickerson & Jake Scott,33,9,Gains In Performance
2022-06-11,34,Out In The Middle,Zac Brown Band,32,18,Gains In Performance
2022-06-11,35,Down Home,Jimmie Allen,36,12,Gains In Performance
2022-06-11,36,Heartfirst,Kelsea Ballerini,34,9,Gains In Performance
2022-06-11,37,You Didn't,Brett Young,35,28,Gains In Performance
2022-06-11,38,My Bar,Priscilla Block,38,16,Gains In Performance
2022-06-11,39,Joy Of My Life,Chris Stapleton,39,9,Gains In Performance
2022-06-11,40,Learn From It,Conner Smith,40,21,Gains In Performance
2022-06-11,41,What A Song Can Do,Lady A,41,16,Gains In Performance
2022-06-11,42,Growing Old With You,Restless Road,43,7,Gains In Performance
2022-06-11,43,Holy Water,Michael Ray,44,13,Gains In Performance
2022-06-11,44,Heart Like A Truck,Lainey Wilson,42,3,Gains In Performance
2022-06-11,45,Good Day For Living,Joe Nichols,45,10,Gains In Performance
2022-06-11,46,Can't Do Without Me,Chayce Beckham & Lindsay Ell,47,13,Gains In Performance
2022-06-11,47,Giving You Up,Kameron Marlowe,48,28,Gains In Performance
2022-06-11,48,Son Of A,Dillon Carmichael,50,18,Gains In Performance
2022-06-11,49,Love Talking,Eli Young Band,51,14,Gains In Performance
2022-06-11,50,Note To Self,Randy Houser,52,10,Gains In Performance
2022-06-11,51,Don't Think Jesus,Morgan Wallen,49,6,
2022-06-11,52,Drinkin' It Wrong,Adam Doleac,53,11,Gains In Performance
2022-06-11,53,Hell Yeah,Little Big Town,55,7,Gains In Performance
2022-06-11,54,Catching Up With An Ol' Memory,Clay Walker,54,5,Gains In Performance
2022-06-11,55,What My World Spins Around,Jordan Davis,46,2,
2022-06-11,56,Missing One,Jameson Rodgers,56,16,Gains In Performance
2022-06-11,57,Songs About You,Brett Eldredge,RE,4,Gains In Performance
2022-06-11,58,Keys To The Country,Chris Janson,NEW,1,Highest ranking debut|Gains In Performance
2022-06-11,59,Everything She Ain't,Hailey Whitters,57,5,Gains In Performance
2022-06-11,60,Dates In Pickup Trucks,Kassi Ashton,59,6,Gains In Performance
2022-06-18,1,Take My Name,Parmalee,2,35,Gains In Performance
2022-06-18,2,Trouble With A Heartbreak,Jason Aldean,1,22,Gains In Performance
2022-06-18,3,Wasted On You,Morgan Wallen,3,19,Gains In Performance
2022-06-18,4,Damn Strait,Scotty McCreery,7,34,Greatest gainer this week|Gains In Performance
2022-06-18,5,AA,Walker Hayes,5,29,Gains In Performance
2022-06-18,6,'Til You Can't,Cody Johnson,6,37,
2022-06-18,7,7500 OBO,Tim McGraw,10,45,Gains In Performance
2022-06-18,8,Wild Hearts,Keith Urban,4,43,
2022-06-18,9,Best Thing Since Backroads,Jake Owen,11,45,Gains In Performance
2022-06-18,10,New Truck,Dylan Scott,14,41,Gains In Performance
2022-06-18,11,Circles Around This Town,Maren Morris,12,23,Gains In Performance
2022-06-18,12,If I Was A Cowboy,Miranda Lambert,13,35,Gains In Performance
2022-06-18,13,Like I Love Country Music,Kane Brown,15,6,Gains In Performance
2022-06-18,14,At The End Of A Bar,Chris Young With Mitchell Tenpenny,16,39,Gains In Performance
2022-06-18,15,Last Night Lonely,Jon Pardi,17,17,Gains In Performance
2022-06-18,16,Don't Come Lookin',Jackson Dean,18,15,Gains In Performance
2022-06-18,17,With A Woman You Love,Justin Moore,19,33,Gains In Performance
2022-06-18,18,Flower Shops,ERNEST Featuring Morgan Wallen,20,22,Gains In Performance
2022-06-18,19,Ghost Story,Carrie Underwood,22,13,Gains In Performance
2022-06-18,20,Everyone She Knows,Kenny Chesney,21,18,Gains In Performance
2022-06-18,21,Truth About You,Mitchell Tenpenny,23,23,Gains In Performance
2022-06-18,22,Country'd Look Good On You,Frank Ray,24,42,Gains In Performance
2022-06-18,23,Son Of A Sinner,Jelly Roll,25,15,Gains In Performance
2022-06-18,24,Wishful Drinking,Ingrid Andress With Sam Hunt,27,24,Gains In Performance
2022-06-18,25,No Hard Feelings,Old Dominion,26,26,Gains In Performance
2022-06-18,26,Party Mode,Dustin Lynch,28,18,Gains In Performance
2022-06-18,27,Pick Me Up,Gabby Barrett,29,18,Gains In Performance
2022-06-18,28,5 Foot 9,Tyler Hubbard,32,4,Gains In Performance
2022-06-18,29,Soul,Lee Brice,31,28,Gains In Performance
2022-06-18,30,She Likes It,Russell Dickerson & Jake Scott,33,10,Gains In Performance
2022-06-18,31,Wilder Days,Morgan Wade,30,33,
2022-06-18,32,Out In The Middle,Zac Brown Band,34,19,Gains In Performance
2022-06-18,33,Down Home,Jimmie Allen,35,13,Gains In Performance
2022-06-18,34,Heartfirst,Kelsea Ballerini,36,10,Gains In Performance
2022-06-18,35,You Didn't,Brett Young,37,29,Gains In Performance
2022-06-18,36,My Bar,Priscilla Block,38,17,Gains In Performance
2022-06-18,37,Joy Of My Life,Chris Stapleton,39,10,Gains In Performance
2022-06-18,38,Learn From It,Conner Smith,40,22,Gains In Performance
2022-06-18,39,Half Of Me,Thomas Rhett Featuring Riley Green,RE,2,Gains In Performance
2022-06-18,40,Heart Like A Truck,Lainey Wilson,44,4,Gains In Performance
2022-06-18,41,Growing Old With You,Restless Road,42,8,Gains In Performance
2022-06-18,42,Holy Water,Michael Ray,43,14,Gains In Performance
2022-06-18,43,What My World Spins Around,Jordan Davis,55,3,Gains In Performance
2022-06-18,44,What A Song Can Do,Lady A,41,17,
2022-06-18,45,Human,Cody Johnson,NEW,1,Highest ranking debut|Gains In Performance
2022-06-18,46,Good Day For Living,Joe Nichols,45,11,Gains In Performance
2022-06-18,47,She Had Me At Heads Carolina,Cole Swindell,NEW,1,Gains In Performance
2022-06-18,48,Note To Self,Randy Houser,50,11,Gains In Performance
2022-06-18,49,Son Of A,Dillon Carmichael,48,19,
2022-06-18,50,Can't Do Without Me,Chayce Beckham & Lindsay Ell,46,14,
2022-06-18,51,Giving You Up,Kameron Marlowe,47,29,Gains In Performance
2022-06-18,52,Love Talking,Eli Young Band,49,15,
2022-06-18,53,Don't Think Jesus,Morgan Wallen,51,7,
2022-06-18,54,Hell Yeah,Little Big Town,53,8,
2022-06-18,55,Drinkin' It Wrong,Adam Doleac,52,12,
2022-06-18,56,Keys To The Country,Chris Janson,58,2,Gains In Performance
2022-06-18,57,Songs About You,Brett Eldredge,57,5,Gains In Performance
2022-06-18,58,Dates In Pickup Trucks,Kassi Ashton,60,7,
2022-06-18,59,Everything She Ain't,Hailey Whitters,59,6,
2022-06-18,60,"Salt, Lime & Tequila",Ryan Griffin,RE,4,Gains In Performance
2022-06-25,1,Take My Name,Parmalee,1,36,Gains In Performance
2022-06-25,2,Wasted On You,Morgan Wallen,3,20,Gains In Performance
2022-06-25,3,Trouble With A Heartbreak,Jason Aldean,2,23,
2022-06-25,4,Damn Strait,Scotty McCreery,4,35,Gains In Performance
2022-06-25,5,AA,Walker Hayes,5,30,
2022-06-25,6,7500 OBO,Tim McGraw,7,46,Gains In Performance
2022-06-25,7,Best Thing Since Backroads,Jake Owen,9,46,Gains In Performance
2022-06-25,8,New Truck,Dylan Scott,10,42,Gains In Performance
2022-06-25,9,Like I Love Country Music,Kane Brown,13,7,Gains In Performance
2022-06-25,10,Circles Around This Town,Maren Morris,11,24,Gains In Performance
2022-06-25,11,At The End Of A Bar,Chris Young With Mitchell Tenpenny,14,40,Gains In Performance
2022-06-25,12,Last Night Lonely,Jon Pardi,15,18,Gains In Performance
2022-06-25,13,Don't Come Lookin',Jackson Dean,16,16,Gains In Performance
2022-06-25,14,With A Woman You Love,Justin Moore,17,34,Gains In Performance
2022-06-25,15,Truth About You,Mitchell Tenpenny,21,24,Gains In Performance
2022-06-25,16,Ghost Story,Carrie Underwood,19,14,Gains In Performance
2022-06-25,17,Everyone She Knows,Kenny Chesney,20,19,Gains In Performance
2022-06-25,18,The Kind Of Love We Make,Luke Combs,NEW,1,Highest ranking debut|Gains In Performance
2022-06-25,19,Flower Shops,ERNEST Featuring Morgan Wallen,18,23,Gains In Performance
2022-06-25,20,Wishful Drinking,Ingrid Andress With Sam Hunt,24,25,Gains In Performance
2022-06-25,21,No Hard Feelings,Old Dominion,25,27,Gains In Performance
2022-06-25,22,Party Mode,Dustin Lynch,26,19,Gains In Performance
2022-06-25,23,Son Of A Sinner,Jelly Roll,23,16,Gains In Performance
2022-06-25,24,Country'd Look Good On You,Frank Ray,22,43,
2022-06-25,25,5 Foot 9,Tyler Hubbard,28,5,Gains In Performance
2022-06-25,26,Pick Me Up,Gabby Barrett,27,19,Gains In Performance
2022-06-25,27,She Likes It,Russell Dickerson & Jake Scott,30,11,Gains In Performance
2022-06-25,28,Soul,Lee Brice,29,29,Gains In Performance
2022-06-25,29,Wilder Days,Morgan Wade,31,34,Gains In Performance
2022-06-25,30,Out In The Middle,Zac Brown Band,32,20,Gains In Performance
2022-06-25,31,Down Home,Jimmie Allen,33,14,Gains In Performance
2022-06-25,32,Half Of Me,Thomas Rhett Featuring Riley Green,39,3,Gains In Performance
2022-06-25,33,Heartfirst,Kelsea Ballerini,34,11,Gains In Performance
2022-06-25,34,My Bar,Priscilla Block,36,18,Gains In Performance
2022-06-25,35,You Didn't,Brett Young,35,30,Gains In Performance
2022-06-25,36,She Had Me At Heads Carolina,Cole Swindell,47,2,Gains In Performance
2022-06-25,37,Joy Of My Life,Chris Stapleton,37,11,Gains In Performance
2022-06-25,38,What My World Spins Around,Jordan Davis,43,4,Gains In Performance
2022-06-25,39,Learn From It,Conner Smith,38,23,
2022-06-25,40,Heart Like A Truck,Lainey Wilson,40,5,Gains In Performance
2022-06-25,41,Holy Water,Michael Ray,42,15,Gains In Performance
2022-06-25,42,Growing Old With You,Restless Road,41,9,
2022-06-25,43,Human,Cody Johnson,45,2,Gains In Performance
2022-06-25,44,Songs About You,Brett Eldredge,57,6,Gains In Performance
2022-06-25,45,Good Day For Living,Joe Nichols,46,12,Gains In Performance
2022-06-25,46,Son Of A,Dillon Carmichael,49,20,
2022-06-25,47,Note To Self,Randy Houser,48,12,Gains In Performance
2022-06-25,48,Giving You Up,Kameron Marlowe,51,30,Gains In Performance
2022-06-25,49,Love Talking,Eli Young Band,52,16,Gains In Performance
2022-06-25,50,What A Song Can Do,Lady A,44,18,
2022-06-25,51,You Proof,Morgan Wallen,NEW,1,Gains In Performance
2022-06-25,52,Hell Yeah,Little Big Town,54,9,Gains In Performance
2022-06-25,53,Can't Do Without Me,Chayce Beckham & Lindsay Ell,50,15,
2022-06-25,54,Fall In Love,Bailey Zimmerman,NEW,1,Gains In Performance
2022-06-25,55,Keys To The Country,Chris Janson,56,3,Gains In Performance
2022-06-25,56,Whiskey On You,Nate Smith,NEW,1,Gains In Performance
2022-06-25,57,"Salt, Lime & Tequila",Ryan Griffin,60,5,Gains In Performance
2022-06-25,58,Catching Up With An Ol' Memory,Clay Walker,RE,6,Gains In Performance
2022-06-25,59,Everything She Ain't,Hailey Whitters,59,7,Gains In Performance
2022-06-25,60,Drinkin' It Wrong,Adam Doleac,55,13,
2022-07-02,1,Wasted On You,Morgan Wallen,2,21,Gains In Performance
2022-07-02,2,Take My Name,Parmalee,1,37,
2022-07-02,3,Trouble With A Heartbreak,Jason Aldean,3,24,
2022-07-02,4,Damn Strait,Scotty McCreery,4,36,Gains In Performance
2022-07-02,5,7500 OBO,Tim McGraw,6,47,Gains In Performance
2022-07-02,6,New Truck,Dylan Scott,8,43,Gains In Performance
2022-07-02,7,Like I Love Country Music,Kane Brown,9,8,Gains In Performance
2022-07-02,8,Best Thing Since Backroads,Jake Owen,7,47,Gains In Performance
2022-07-02,9,Circles Around This Town,Maren Morris,10,25,Gains In Performance
2022-07-02,10,At The End Of A Bar,Chris Young With Mitchell Tenpenny,11,41,Gains In Performance
2022-07-02,11,Last Night Lonely,Jon Pardi,12,19,Gains In Performance
2022-07-02,12,With A Woman You Love,Justin Moore,14,35,Gains In Performance
2022-07-02,13,Don't Come Lookin',Jackson Dean,13,17,Gains In Performance
2022-07-02,14,Truth About You,Mitchell Tenpenny,15,25,Gains In Performance
2022-07-02,15,The Kind Of Love We Make,Luke Combs,18,2,Gains In Performance
2022-07-02,16,Ghost Story,Carrie Underwood,16,15,Gains In Performance
2022-07-02,17,Everyone She Knows,Kenny Chesney,17,20,Gains In Performance
2022-07-02,18,Flower Shops,ERNEST Featuring Morgan Wallen,19,24,
2022-07-02,19,No Hard Feelings,Old Dominion,21,28,Gains In Performance
2022-07-02,20,Wishful Drinking,Ingrid Andress With Sam Hunt,20,26,Gains In Performance
2022-07-02,21,Son Of A Sinner,Jelly Roll,23,17,Gains In Performance
2022-07-02,22,Party Mode,Dustin Lynch,22,20,Gains In Performance
2022-07-02,23,Country'd Look Good On You,Frank Ray,24,44,Gains In Performance
2022-07-02,24,5 Foot 9,Tyler Hubbard,25,6,Gains In Performance
2022-07-02,25,Water Under The Bridge,Sam Hunt,NEW,1,Highest ranking debut|Gains In Performance
2022-07-02,26,She Had Me At Heads Carolina,Cole Swindell,36,3,Gains In Performance
2022-07-02,27,Pick Me Up,Gabby Barrett,26,20,Gains In Performance
2022-07-02,28,She Likes It,Russell Dickerson & Jake Scott,27,12,Gains In Performance
2022-07-02,29,Out In The Middle,Zac Brown Band,30,21,Gains In Performance
2022-07-02,30,Soul,Lee Brice,28,30,Gains In Performance
2022-07-02,31,Wilder Days,Morgan Wade,29,35,Gains In Performance
2022-07-02,32,Half Of Me,Thomas Rhett Featuring Riley Green,32,4,Gains In Performance
2022-07-02,33,Down Home,Jimmie Allen,31,15,Gains In Performance
2022-07-02,34,Heartfirst,Kelsea Ballerini,33,12,Gains In Performance
2022-07-02,35,My Bar,Priscilla Block,34,19,
2022-07-02,36,You Didn't,Brett Young,35,31,Gains In Performance
2022-07-02,37,Joy Of My Life,Chris Stapleton,37,12,Gains In Performance
2022-07-02,38,What My World Spins Around,Jordan Davis,38,5,Gains In Performance
2022-07-02,39,Learn From It,Conner Smith,39,24,Gains In Performance
2022-07-02,40,Growing Old With You,Restless Road,42,10,Gains In Performance
2022-07-02,41,Heart Like A Truck,Lainey Wilson,40,6,Gains In Performance
2022-07-02,42,Human,Cody Johnson,43,3,Gains In Performance
2022-07-02,43,Holy Water,Michael Ray,41,16,Gains In Performance
2022-07-02,44,Good Day For Living,Joe Nichols,45,13,Gains In Performance
2022-07-02,45,You Proof,Morgan Wallen,51,2,Gains In Performance
2022-07-02,46,Fall In Love,Bailey Zimmerman,54,2,Gains In Performance
2022-07-02,47,Whiskey On You,Nate Smith,56,2,Gains In Performance
2022-07-02,48,Son Of A,Dillon Carmichael,46,21,Gains In Performance
2022-07-02,49,Giving You Up,Kameron Marlowe,48,31,Gains In Performance
2022-07-02,50,Songs About You,Brett Eldredge,44,7,
2022-07-02,51,Note To Self,Randy Houser,47,13,
2022-07-02,52,Love Talking,Eli Young Band,49,17,
2022-07-02,53,What He Didn't Do,Carly Pearce,NEW,1,Gains In Performance
2022-07-02,54,Hell Yeah,Little Big Town,52,10,
2022-07-02,55,Keys To The Country,Chris Janson,55,4,Gains In Performance
2022-07-02,56,Everything She Ain't,Hailey Whitters,59,8,Gains In Performance
2022-07-02,57,"Salt, Lime & Tequila",Ryan Griffin,57,6,
2022-07-02,58,Catching Up With An Ol' Memory,Clay Walker,58,7,
2022-07-02,59,Man Made,Matt Stell,NEW,1,Gains In Performance
2022-07-02,60,Dates In Pickup Trucks,Kassi Ashton,RE,8,Gains In Performance
2022-07-09,1,Wasted On You,Morgan Wallen,1,22,
2022-07-09,2,Take My Name,Parmalee,2,38,
2022-07-09,3,Damn Strait,Scotty McCreery,4,37,Gains In Performance
2022-07-09,4,Trouble With A Heartbreak,Jason Aldean,3,25,
2022-07-09,5,7500 OBO,Tim McGraw,5,48,Gains In Performance
2022-07-09,6,New Truck,Dylan Scott,6,44,Gains In Performance
2022-07-09,7,Like I Love Country Music,Kane Brown,7,9,Gains In Performance
2022-07-09,8,Best Thing Since Backroads,Jake Owen,8,48,Gains In Performance
2022-07-09,9,At The End Of A Bar,Chris Young With Mitchell Tenpenny,10,42,Gains In Performance
2022-07-09,10,Circles Around This Town,Maren Morris,9,26,Gains In Performance
2022-07-09,11,Last Night Lonely,Jon Pardi,11,20,Gains In Performance
2022-07-09,12,With A Woman You Love,Justin Moore,12,36,Gains In Performance
2022-07-09,13,The Kind Of Love We Make,Luke Combs,15,3,Gains In Performance
2022-07-09,14,Ghost Story,Carrie Underwood,16,16,Gains In Performance
2022-07-09,15,Truth About You,Mitchell Tenpenny,14,26,Gains In Performance
2022-07-09,16,Don't Come Lookin',Jackson Dean,13,18,Gains In Performance
2022-07-09,17,Everyone She Knows,Kenny Chesney,17,21,Gains In Performance
2022-07-09,18,Flower Shops,ERNEST Featuring Morgan Wallen,18,25,Gains In Performance
2022-07-09,19,Wishful Drinking,Ingrid Andress With Sam Hunt,20,27,Gains In Performance
2022-07-09,20,No Hard Feelings,Old Dominion,19,29,Gains In Performance
2022-07-09,21,Country On,Luke Bryan,NEW,1,Highest ranking debut|Gains In Performance
2022-07-09,22,5 Foot 9,Tyler Hubbard,24,7,Gains In Performance
2022-07-09,23,Country'd Look Good On You,Frank Ray,23,45,Gains In Performance
2022-07-09,24,Son Of A Sinner,Jelly Roll,21,18,Gains In Performance
2022-07-09,25,Party Mode,Dustin Lynch,22,21,Gains In Performance
2022-07-09,26,She Had Me At Heads Carolina,Cole Swindell,26,4,Gains In Performance
2022-07-09,27,Pick Me Up,Gabby Barrett,27,21,Gains In Performance
2022-07-09,28,Out In The Middle,Zac Brown Band,29,22,Gains In Performance
2022-07-09,29,She Likes It,Russell Dickerson & Jake Scott,28,13,Gains In Performance
2022-07-09,30,Half Of Me,Thomas Rhett Featuring Riley Green,32,5,Gains In Performance
2022-07-09,31,Soul,Lee Brice,30,31,
2022-07-09,32,Wilder Days,Morgan Wade,31,36,
2022-07-09,33,Down Home,Jimmie Allen,33,16,
2022-07-09,34,Heartfirst,Kelsea Ballerini,34,13,
2022-07-09,35,You Didn't,Brett Young,36,32,Gains In Performance
2022-07-09,36,Joy Of My Life,Chris Stapleton,37,13,
2022-07-09,37,What My World Spins Around,Jordan Davis,38,6,Gains In Performance
2022-07-09,38,My Bar,Priscilla Block,35,20,
2022-07-09,39,Learn From It,Conner Smith,39,25,Gains In Performance
2022-07-09,40,Fall In Love,Bailey Zimmerman,46,3,Gains In Performance
2022-07-09,41,Growing Old With You,Restless Road,40,11,Gains In Performance
2022-07-09,42,Heart Like A Truck,Lainey Wilson,41,7,Gains In Performance
2022-07-09,43,You Proof,Morgan Wallen,45,3,Gains In Performance
2022-07-09,44,Human,Cody Johnson,42,4,
2022-07-09,45,Whiskey On You,Nate Smith,47,3,Gains In Performance
2022-07-09,46,Good Day For Living,Joe Nichols,44,14,Gains In Performance
2022-07-09,47,Holy Water,Michael Ray,43,17,
2022-07-09,48,Water Under The Bridge,Sam Hunt,25,2,
2022-07-09,49,Son Of A,Dillon Carmichael,48,22,Gains In Performance
2022-07-09,50,Giving You Up,Kameron Marlowe,49,32,
2022-07-09,51,Note To Self,Randy Houser,51,14,
2022-07-09,52,Love Talking,Eli Young Band,52,18,Gains In Performance
2022-07-09,53,Keys To The Country,Chris Janson,55,5,Gains In Performance
2022-07-09,54,"Salt, Lime & Tequila",Ryan Griffin,57,7,Gains In Performance
2022-07-09,55,Everything She Ain't,Hailey Whitters,56,9,Gains In Performance
2022-07-09,56,What He Didn't Do,Carly Pearce,53,2,
2022-07-09,57,Songs About You,Brett Eldredge,50,8,
2022-07-09,58,Hell Yeah,Little Big Town,54,11,Gains In Performance
2022-07-09,59,Man Made,Matt Stell,59,2,Gains In Performance
2022-07-09,60,Catching Up With An Ol' Memory,Clay Walker,58,8,Gains In Performance
2022-07-16,1,Wasted On You,Morgan Wallen,1,23,Gains In Performance
2022-07-16,2,Damn Strait,Scotty McCreery,3,38,Gains In Performance
2022-07-16,3,Take My Name,Parmalee,2,39,
2022-07-16,4,Trouble With A Heartbreak,Jason Aldean,4,26,
2022-07-16,5,7500 OBO,Tim McGraw,5,49,Gains In Performance
2022-07-16,6,Like I Love Country Music,Kane Brown,7,10,Gains In Performance
2022-07-16,7,New Truck,Dylan Scott,6,45,Gains In Performance
2022-07-16,8,Best Thing Since Backroads,Jake Owen,8,49,Gains In Performance
2022-07-16,9,At The End Of A Bar,Chris Young With Mitchell Tenpenny,9,43,Gains In Performance
2022-07-16,10,Last Night Lonely,Jon Pardi,11,21,Gains In Performance
2022-07-16,11,Circles Around This Town,Maren Morris,10,27,Gains In Performance
2022-07-16,12,With A Woman You Love,Justin Moore,12,37,Gains In Performance
2022-07-16,13,The Kind Of Love We Make,Luke Combs,13,4,Gains In Performance
2022-07-16,14,Truth About You,Mitchell Tenpenny,15,27,Gains In Performance
2022-07-16,15,Ghost Story,Carrie Underwood,14,17,Gains In Performance
2022-07-16,16,Don't Come Lookin',Jackson Dean,16,19,Gains In Performance
2022-07-16,17,Everyone She Knows,Kenny Chesney,17,22,Gains In Performance
2022-07-16,18,No Hard Feelings,Old Dominion,20,30,Gains In Performance
2022-07-16,19,Flower Shops,ERNEST Featuring Morgan Wallen,18,26,Gains In Performance
2022-07-16,20,Wishful Drinking,Ingrid Andress With Sam Hunt,19,28,Gains In Performance
2022-07-16,21,5 Foot 9,Tyler Hubbard,22,8,Gains In Performance
2022-07-16,22,She Had Me At Heads Carolina,Cole Swindell,26,5,Gains In Performance
2022-07-16,23,Country'd Look Good On You,Frank Ray,23,46,Gains In Performance
2022-07-16,24,Party Mode,Dustin Lynch,25,22,Gains In Performance
2022-07-16,25,Son Of A Sinner,Jelly Roll,24,19,
2022-07-16,26,Out In The Middle,Zac Brown Band,28,23,Gains In Performance
2022-07-16,27,Pick Me Up,Gabby Barrett,27,22,Gains In Performance
2022-07-16,28,She Likes It,Russell Dickerson & Jake Scott,29,14,Gains In Performance
2022-07-16,29,Half Of Me,Thomas Rhett Featuring Riley Green,30,6,Gains In Performance
2022-07-16,30,Country On,Luke Bryan,21,2,
2022-07-16,31,Soul,Lee Brice,31,32,
2022-07-16,32,Wilder Days,Morgan Wade,32,37,Gains In Performance
2022-07-16,33,Down Home,Jimmie Allen,33,17,Gains In Performance
2022-07-16,34,Heartfirst,Kelsea Ballerini,34,14,Gains In Performance
2022-07-16,35,Brown Eyes Baby,Keith Urban,NEW,1,Gains In Performance
2022-07-16,36,You Didn't,Brett Young,35,33,Gains In Performance
2022-07-16,37,Fall In Love,Bailey Zimmerman,40,4,Gains In Performance
2022-07-16,38,What My World Spins Around,Jordan Davis,37,7,Gains In Performance
2022-07-16,39,Joy Of My Life,Chris Stapleton,36,14,Gains In Performance
2022-07-16,40,My Bar,Priscilla Block,38,21,Gains In Performance
2022-07-16,41,You Proof,Morgan Wallen,43,4,Gains In Performance
2022-07-16,42,Heart Like A Truck,Lainey Wilson,42,8,Gains In Performance
2022-07-16,43,Learn From It,Conner Smith,39,26,
2022-07-16,44,Human,Cody Johnson,44,5,Gains In Performance
2022-07-16,45,Whiskey On You,Nate Smith,45,4,Gains In Performance
2022-07-16,46,Water Under The Bridge,Sam Hunt,48,3,Gains In Performance
2022-07-16,47,Holy Water,Michael Ray,47,18,Gains In Performance
2022-07-16,48,Growing Old With You,Restless Road,41,12,
2022-07-16,49,Good Day For Living,Joe Nichols,46,15,Gains In Performance
2022-07-16,50,Giving You Up,Kameron Marlowe,50,33,Gains In Performance
2022-07-16,51,Note To Self,Randy Houser,51,15,Gains In Performance
2022-07-16,52,Son Of A,Dillon Carmichael,49,23,
2022-07-16,53,Love Talking,Eli Young Band,52,19,Gains In Performance
2022-07-16,54,Songs About You,Brett Eldredge,57,9,Gains In Performance
2022-07-16,55,What He Didn't Do,Carly Pearce,56,3,Gains In Performance
2022-07-16,56,Everything She Ain't,Hailey Whitters,55,10,Gains In Performance
2022-07-16,57,Keys To The Country,Chris Janson,53,6,
2022-07-16,58,Hell Yeah,Little Big Town,58,12,Gains In Performance
2022-07-16,59,Something In The Orange,Zach Bryan,NEW,1,Gains In Performance
2022-07-16,60,Man Made,Matt Stell,59,3,
2022-07-23,1,Damn Strait,Scotty McCreery,2,39,Gains In Performance
2022-07-23,2,Wasted On You,Morgan Wallen,1,24,
2022-07-23,3,Take My Name,Parmalee,3,40,
2022-07-23,4,7500 OBO,Tim McGraw,5,50,Greatest gainer this week|Gains In Performance
2022-07-23,5,Trouble With A Heartbreak,Jason Aldean,4,27,
2022-07-23,6,Like I Love Country Music,Kane Brown,6,11,Gains In Performance
2022-07-23,7,New Truck,Dylan Scott,7,46,Gains In Performance
2022-07-23,8,Best Thing Since Backroads,Jake Owen,8,50,Gains In Performance
2022-07-23,9,At The End Of A Bar,Chris Young With Mitchell Tenpenny,9,44,Gains In Performance
2022-07-23,10,Last Night Lonely,Jon Pardi,10,22,Gains In Performance
2022-07-23,11,Circles Around This Town,Maren Morris,11,28,Gains In Performance
2022-07-23,12,With A Woman You Love,Justin Moore,12,38,Gains In Performance
2022-07-23,13,The Kind Of Love We Make,Luke Combs,13,5,Gains In Performance
2022-07-23,14,Truth About You,Mitchell Tenpenny,14,28,Gains In Performance
2022-07-23,15,Ghost Story,Carrie Underwood,15,18,Gains In Performance
2022-07-23,16,Don't Come Lookin',Jackson Dean,16,20,Gains In Performance
2022-07-23,17,Everyone She Knows,Kenny Chesney,17,23,
2022-07-23,18,No Hard Feelings,Old Dominion,18,31,Gains In Performance
2022-07-23,19,She Had Me At Heads Carolina,Cole Swindell,22,6,Gains In Performance
2022-07-23,20,Flower Shops,ERNEST Featuring Morgan Wallen,19,27,Gains In Performance
2022-07-23,21,Wishful Drinking,Ingrid Andress With Sam Hunt,20,29,Gains In Performance
2022-07-23,22,5 Foot 9,Tyler Hubbard,21,9,Gains In Performance
2022-07-23,23,Country'd Look Good On You,Frank Ray,23,47,
2022-07-23,24,Party Mode,Dustin Lynch,24,23,
2022-07-23,25,Son Of A Sinner,Jelly Roll,25,20,Gains In Performance
2022-07-23,26,Out In The Middle,Zac Brown Band,26,24,Gains In Performance
2022-07-23,27,Pick Me Up,Gabby Barrett,27,23,
2022-07-23,28,She Likes It,Russell Dickerson & Jake Scott,28,15,Gains In Performance
2022-07-23,29,Country On,Luke Bryan,30,3,Gains In Performance
2022-07-23,30,Half Of Me,Thomas Rhett Featuring Riley Green,29,7,Gains In Performance
2022-07-23,31,Soul,Lee Brice,31,33,
2022-07-23,32,Fall In Love,Bailey Zimmerman,37,5,Gains In Performance
2022-07-23,33,Wilder Days,Morgan Wade,32,38,Gains In Performance
2022-07-23,34,Down Home,Jimmie Allen,33,18,Gains In Performance
2022-07-23,35,Heartfirst,Kelsea Ballerini,34,15,
2022-07-23,36,You Proof,Morgan Wallen,41,5,Gains In Performance
2022-07-23,37,You Didn't,Brett Young,36,34,Gains In Performance
2022-07-23,38,What My World Spins Around,Jordan Davis,38,8,Gains In Performance
2022-07-23,39,Joy Of My Life,Chris Stapleton,39,15,Gains In Performance
2022-07-23,40,Water Under The Bridge,Sam Hunt,46,4,Gains In Performance
2022-07-23,41,My Bar,Priscilla Block,40,22,
2022-07-23,42,Learn From It,Conner Smith,43,27,Gains In Performance
2022-07-23,43,Heart Like A Truck,Lainey Wilson,42,9,Gains In Performance
2022-07-23,44,Whiskey On You,Nate Smith,45,5,Gains In Performance
2022-07-23,45,Human,Cody Johnson,44,6,Gains In Performance
2022-07-23,46,Holy Water,Michael Ray,47,19,
2022-07-23,47,Good Day For Living,Joe Nichols,49,16,
2022-07-23,48,Love Talking,Eli Young Band,53,20,Gains In Performance
2022-07-23,49,Growing Old With You,Restless Road,48,13,
2022-07-23,50,Note To Self,Randy Houser,51,16,
2022-07-23,51,Songs About You,Brett Eldredge,54,10,Gains In Performance
2022-07-23,52,Son Of A,Dillon Carmichael,52,24,Gains In Performance
2022-07-23,53,Giving You Up,Kameron Marlowe,50,34,Gains In Performance
2022-07-23,54,Everything She Ain't,Hailey Whitters,56,11,Gains In Performance
2022-07-23,55,Keys To The Country,Chris Janson,57,7,Gains In Performance
2022-07-23,56,What He Didn't Do,Carly Pearce,55,4,
2022-07-23,57,Hell Yeah,Little Big Town,58,13,
2022-07-23,58,Man Made,Matt Stell,60,4,Gains In Performance
2022-07-23,59,Something In The Orange,Zach Bryan,59,2,
2022-07-23,60,Pass It On,Ryan Hurd,RE,7,Gains In Performance
2022-07-30,1,Damn Strait,Scotty McCreery,1,40,Gains In Performance
2022-07-30,2,Take My Name,Parmalee,3,41,
2022-07-30,3,Wasted On You,Morgan Wallen,2,25,
2022-07-30,4,New Truck,Dylan Scott,7,47,Gains In Performance
2022-07-30,5,Best Thing Since Backroads,Jake Owen,8,51,Gains In Performance
2022-07-30,6,Like I Love Country Music,Kane Brown,6,12,Gains In Performance
2022-07-30,7,Trouble With A Heartbreak,Jason Aldean,5,28,
2022-07-30,8,Last Night Lonely,Jon Pardi,10,23,Gains In Performance
2022-07-30,9,At The End Of A Bar,Chris Young With Mitchell Tenpenny,9,45,Gains In Performance
2022-07-30,10,With A Woman You Love,Justin Moore,12,39,Gains In Performance
2022-07-30,11,Circles Around This Town,Maren Morris,11,29,
2022-07-30,12,The Kind Of Love We Make,Luke Combs,13,6,Gains In Performance
2022-07-30,13,Truth About You,Mitchell Tenpenny,14,29,Gains In Performance
2022-07-30,14,Ghost Story,Carrie Underwood,15,19,Gains In Performance
2022-07-30,15,7500 OBO,Tim McGraw,4,51,
2022-07-30,16,Don't Come Lookin',Jackson Dean,16,21,Gains In Performance
2022-07-30,17,She Had Me At Heads Carolina,Cole Swindell,19,7,Gains In Performance
2022-07-30,18,Everyone She Knows,Kenny Chesney,17,24,
2022-07-30,19,Wishful Drinking,Ingrid Andress With Sam Hunt,21,30,Gains In Performance
2022-07-30,20,No Hard Feelings,Old Dominion,18,32,Gains In Performance
2022-07-30,21,5 Foot 9,Tyler Hubbard,22,10,Gains In Performance
2022-07-30,22,Country'd Look Good On You,Frank Ray,23,48,Gains In Performance
2022-07-30,23,Party Mode,Dustin Lynch,24,24,Gains In Performance
2022-07-30,24,Son Of A Sinner,Jelly Roll,25,21,Gains In Performance
2022-07-30,25,Out In The Middle,Zac Brown Band,26,25,Gains In Performance
2022-07-30,26,Country On,Luke Bryan,29,4,Gains In Performance
2022-07-30,27,She Likes It,Russell Dickerson & Jake Scott,28,16,Gains In Performance
2022-07-30,28,You Proof,Morgan Wallen,36,6,Gains In Performance
2022-07-30,29,Pick Me Up,Gabby Barrett,27,24,Gains In Performance
2022-07-30,30,Half Of Me,Thomas Rhett Featuring Riley Green,30,8,Gains In Performance
2022-07-30,31,Fall In Love,Bailey Zimmerman,32,6,Gains In Performance
2022-07-30,32,Soul,Lee Brice,31,34,Gains In Performance
2022-07-30,33,Down Home,Jimmie Allen,34,19,Gains In Performance
2022-07-30,34,Heartfirst,Kelsea Ballerini,35,16,Gains In Performance
2022-07-30,35,You Didn't,Brett Young,37,35,Gains In Performance
2022-07-30,36,What My World Spins Around,Jordan Davis,38,9,Gains In Performance
2022-07-30,37,Joy Of My Life,Chris Stapleton,39,16,Gains In Performance
2022-07-30,38,Water Under The Bridge,Sam Hunt,40,5,Gains In Performance
2022-07-30,39,My Bar,Priscilla Block,41,23,Gains In Performance
2022-07-30,40,Heart Like A Truck,Lainey Wilson,43,10,Gains In Performance
2022-07-30,41,Whiskey On You,Nate Smith,44,6,Gains In Performance
2022-07-30,42,Human,Cody Johnson,45,7,Gains In Performance
2022-07-30,43,Holy Water,Michael Ray,46,20,Gains In Performance
2022-07-30,44,Good Day For Living,Joe Nichols,47,17,Gains In Performance
2022-07-30,45,You,Dan + Shay,NEW,1,Highest ranking debut|Gains In Performance
2022-07-30,46,Giving You Up,Kameron Marlowe,53,35,Gains In Performance
2022-07-30,47,That's What Tequila Does,Jason Aldean,NEW,1,Gains In Performance
2022-07-30,48,Brown Eyes Baby,Keith Urban,RE,2,Gains In Performance
2022-07-30,49,Love Talking,Eli Young Band,48,21,Gains In Performance
2022-07-30,50,Note To Self,Randy Houser,50,17,Gains In Performance
2022-07-30,51,Songs About You,Brett Eldredge,51,11,Gains In Performance
2022-07-30,52,Son Of A,Dillon Carmichael,52,25,Gains In Performance
2022-07-30,53,Everything She Ain't,Hailey Whitters,54,12,Gains In Performance
2022-07-30,54,Hell Yeah,Little Big Town,57,14,Gains In Performance
2022-07-30,55,What He Didn't Do,Carly Pearce,56,5,Gains In Performance
2022-07-30,56,Keys To The Country,Chris Janson,55,8,Gains In Performance
2022-07-30,57,"Salt, Lime & Tequila",Ryan Griffin,RE,8,Gains In Performance
2022-07-30,58,Something In The Orange,Zach Bryan,59,3,
2022-07-30,59,Doing Life With Me,Eric Church,NEW,1,Gains In Performance
2022-07-30,60,Man Made,Matt Stell,58,5,
2022-08-06,1,Damn Strait,Scotty McCreery,1,41,
2022-08-06,2,Best Thing Since Backroads,Jake Owen,5,52,Gains In Performance
2022-08-06,3,New Truck,Dylan Scott,4,48,Gains In Performance
2022-08-06,4,Take My Name,Parmalee,2,42,
2022-08-06,5,Wasted On You,Morgan Wallen,3,26,
2022-08-06,6,Like I Love Country Music,Kane Brown,6,13,Gains In Performance
2022-08-06,7,At The End Of A Bar,Chris Young With Mitchell Tenpenny,9,46,Gains In Performance
2022-08-06,8,Last Night Lonely,Jon Pardi,8,24,Gains In Performance
2022-08-06,9,With A Woman You Love,Justin Moore,10,40,Gains In Performance
2022-08-06,10,The Kind Of Love We Make,Luke Combs,12,7,Gains In Performance
2022-08-06,11,Truth About You,Mitchell Tenpenny,13,30,Gains In Performance
2022-08-06,12,Circles Around This Town,Maren Morris,11,30,Gains In Performance
2022-08-06,13,She Had Me At Heads Carolina,Cole Swindell,17,8,Greatest gainer this week|Gains In Performance
2022-08-06,14,Ghost Story,Carrie Underwood,14,20,Gains In Performance
2022-08-06,15,Don't Come Lookin',Jackson Dean,16,22,Gains In Performance
2022-08-06,16,Wishful Drinking,Ingrid Andress With Sam Hunt,19,31,Gains In Performance
2022-08-06,17,5 Foot 9,Tyler Hubbard,21,11,Gains In Performance
2022-08-06,18,No Hard Feelings,Old Dominion,20,33,Gains In Performance
2022-08-06,19,You Proof,Morgan Wallen,28,7,Gains In Performance
2022-08-06,20,Son Of A Sinner,Jelly Roll,24,22,Gains In Performance
2022-08-06,21,Party Mode,Dustin Lynch,23,25,Gains In Performance
2022-08-06,22,Country On,Luke Bryan,26,5,Gains In Performance
2022-08-06,23,Country'd Look Good On You,Frank Ray,22,49,
2022-08-06,24,Out In The Middle,Zac Brown Band,25,26,Gains In Performance
2022-08-06,25,Half Of Me,Thomas Rhett Featuring Riley Green,30,9,Gains In Performance
2022-08-06,26,She Likes It,Russell Dickerson & Jake Scott,27,17,Gains In Performance
2022-08-06,27,Pick Me Up,Gabby Barrett,29,25,Gains In Performance
2022-08-06,28,Fall In Love,Bailey Zimmerman,31,7,Gains In Performance
2022-08-06,29,Down Home,Jimmie Allen,33,20,Gains In Performance
2022-08-06,30,Soul,Lee Brice,32,35,Gains In Performance
2022-08-06,31,Heartfirst,Kelsea Ballerini,34,17,Gains In Performance
2022-08-06,32,What My World Spins Around,Jordan Davis,36,10,Gains In Performance
2022-08-06,33,You Didn't,Brett Young,35,36,Gains In Performance
2022-08-06,34,Water Under The Bridge,Sam Hunt,38,6,Gains In Performance
2022-08-06,35,My Bar,Priscilla Block,39,24,Gains In Performance
2022-08-06,36,That's What Tequila Does,Jason Aldean,47,2,Gains In Performance
2022-08-06,37,Joy Of My Life,Chris Stapleton,37,17,Gains In Performance
2022-08-06,38,Gold,Dierks Bentley,NEW,1,Highest ranking debut|Gains In Performance
2022-08-06,39,Whiskey On You,Nate Smith,41,7,Gains In Performance
2022-08-06,40,Heart Like A Truck,Lainey Wilson,40,11,Gains In Performance
2022-08-06,41,Human,Cody Johnson,42,8,Gains In Performance
2022-08-06,42,Holy Water,Michael Ray,43,21,Gains In Performance
2022-08-06,43,Good Day For Living,Joe Nichols,44,18,Gains In Performance
2022-08-06,44,Note To Self,Randy Houser,50,18,Gains In Performance
2022-08-06,45,Giving You Up,Kameron Marlowe,46,36,Gains In Performance
2022-08-06,46,Son Of A,Dillon Carmichael,52,26,Gains In Performance
2022-08-06,47,Brown Eyes Baby,Keith Urban,48,3,Gains In Performance
2022-08-06,48,What He Didn't Do,Carly Pearce,55,6,Gains In Performance
2022-08-06,49,Songs About You,Brett Eldredge,51,12,Gains In Performance
2022-08-06,50,Love Talking,Eli Young Band,49,22,
2022-08-06,51,You,Dan + Shay,45,2,
2022-08-06,52,Keys To The Country,Chris Janson,56,9,Gains In Performance
2022-08-06,53,Everything She Ain't,Hailey Whitters,53,13,
2022-08-06,54,Doing Life With Me,Eric Church,59,2,Gains In Performance
2022-08-06,55,Hell Yeah,Little Big Town,54,15,
2022-08-06,56,"Salt, Lime & Tequila",Ryan Griffin,57,9,
2022-08-06,57,Something In The Orange,Zach Bryan,58,4,Gains In Performance
2022-08-06,58,Y'all Life,Walker Hayes,NEW,1,Gains In Performance
2022-08-06,59,Man Made,Matt Stell,60,6,Gains In Performance
2022-08-06,60,Strange,Miranda Lambert,NEW,1,Gains In Performance
2022-08-13,1,New Truck,Dylan Scott,3,49,Gains In Performance
2022-08-13,2,Like I Love Country Music,Kane Brown,6,14,Gains In Performance
2022-08-13,3,Take My Name,Parmalee,4,43,Gains In Performance
2022-08-13,4,Damn Strait,Scotty McCreery,1,42,
2022-08-13,5,Wasted On You,Morgan Wallen,5,27,
2022-08-13,6,At The End Of A Bar,Chris Young With Mitchell Tenpenny,7,47,Gains In Performance
2022-08-13,7,Last Night Lonely,Jon Pardi,8,25,Gains In Performance
2022-08-13,8,The Kind Of Love We Make,Luke Combs,10,8,Gains In Performance
2022-08-13,9,With A Woman You Love,Justin Moore,9,41,Gains In Performance
2022-08-13,10,Truth About You,Mitchell Tenpenny,11,31,Gains In Performance
2022-08-13,11,Circles Around This Town,Maren Morris,12,31,Gains In Performance
2022-08-13,12,She Had Me At Heads Carolina,Cole Swindell,13,9,Gains In Performance
2022-08-13,13,Ghost Story,Carrie Underwood,14,21,Gains In Performance
2022-08-13,14,Best Thing Since Backroads,Jake Owen,2,53,
2022-08-13,15,Don't Come Lookin',Jackson Dean,15,23,Gains In Performance
2022-08-13,16,Wishful Drinking,Ingrid Andress With Sam Hunt,16,32,Gains In Performance
2022-08-13,17,You Proof,Morgan Wallen,19,8,Gains In Performance
2022-08-13,18,5 Foot 9,Tyler Hubbard,17,12,Gains In Performance
2022-08-13,19,No Hard Feelings,Old Dominion,18,34,Gains In Performance
2022-08-13,20,Half Of Me,Thomas Rhett Featuring Riley Green,25,10,Gains In Performance
2022-08-13,21,Country On,Luke Bryan,22,6,Gains In Performance
2022-08-13,22,Son Of A Sinner,Jelly Roll,20,23,Gains In Performance
2022-08-13,23,Out In The Middle,Zac Brown Band,24,27,Gains In Performance
2022-08-13,24,Party Mode,Dustin Lynch,21,26,Gains In Performance
2022-08-13,25,Country'd Look Good On You,Frank Ray,23,50,Gains In Performance
2022-08-13,26,She Likes It,Russell Dickerson & Jake Scott,26,18,Gains In Performance
2022-08-13,27,Pick Me Up,Gabby Barrett,27,26,Gains In Performance
2022-08-13,28,Fall In Love,Bailey Zimmerman,28,8,Gains In Performance
2022-08-13,29,Down Home,Jimmie Allen,29,21,Gains In Performance
2022-08-13,30,Heartfirst,Kelsea Ballerini,31,18,Gains In Performance
2022-08-13,31,Soul,Lee Brice,30,36,Gains In Performance
2022-08-13,32,What My World Spins Around,Jordan Davis,32,11,Gains In Performance
2022-08-13,33,You Didn't,Brett Young,33,37,Gains In Performance
2022-08-13,34,That's What Tequila Does,Jason Aldean,36,3,Gains In Performance
2022-08-13,35,Whiskey On You,Nate Smith,39,8,Gains In Performance
2022-08-13,36,My Bar,Priscilla Block,35,25,Gains In Performance
2022-08-13,37,Water Under The Bridge,Sam Hunt,34,7,
2022-08-13,38,Joy Of My Life,Chris Stapleton,37,18,Gains In Performance
2022-08-13,39,Human,Cody Johnson,41,9,Gains In Performance
2022-08-13,40,Heart Like A Truck,Lainey Wilson,40,12,
2022-08-13,41,Good Day For Living,Joe Nichols,43,19,Gains In Performance
2022-08-13,42,Holy Water,Michael Ray,42,22,Gains In Performance
2022-08-13,43,You,Dan + Shay,51,3,Gains In Performance
2022-08-13,44,Brown Eyes Baby,Keith Urban,47,4,Gains In Performance
2022-08-13,45,Giving You Up,Kameron Marlowe,45,37,Gains In Performance
2022-08-13,46,Note To Self,Randy Houser,44,19,
2022-08-13,47,Son Of A,Dillon Carmichael,46,27,
2022-08-13,48,Gold,Dierks Bentley,38,2,
2022-08-13,49,Songs About You,Brett Eldredge,49,13,Gains In Performance
2022-08-13,50,What He Didn't Do,Carly Pearce,48,7,
2022-08-13,51,Doing Life With Me,Eric Church,54,3,Gains In Performance
2022-08-13,52,Y'all Life,Walker Hayes,58,2,Gains In Performance
2022-08-13,53,Everything She Ain't,Hailey Whitters,53,14,
2022-08-13,54,Keys To The Country,Chris Janson,52,10,
2022-08-13,55,Man Made,Matt Stell,59,7,Gains In Performance
2022-08-13,56,Mind On You,George Birge,NEW,1,Highest ranking debut|Gains In Performance
2022-08-13,57,Something In The Orange,Zach Bryan,57,5,Gains In Performance
2022-08-13,58,Wild As Her,Corey Kent,NEW,1,Gains In Performance
2022-08-13,59,"Salt, Lime & Tequila",Ryan Griffin,56,10,
2022-08-13,60,Hell Yeah,Little Big Town,55,16,
2022-08-20,1,Like I Love Country Music,Kane Brown,2,15,Gains In Performance
2022-08-20,2,Take My Name,Parmalee,3,44,
2022-08-20,3,Last Night Lonely,Jon Pardi,7,26,Gains In Performance
2022-08-20,4,Damn Strait,Scotty McCreery,4,43,
2022-08-20,5,At The End Of A Bar,Chris Young With Mitchell Tenpenny,6,48,Gains In Performance
2022-08-20,6,She Had Me At Heads Carolina,Cole Swindell,12,10,Greatest gainer this week|Gains In Performance
2022-08-20,7,The Kind Of Love We Make,Luke Combs,8,9,Gains In Performance
2022-08-20,8,Truth About You,Mitchell Tenpenny,10,32,Gains In Performance
2022-08-20,9,With A Woman You Love,Justin Moore,9,42,Gains In Performance
2022-08-20,10,New Truck,Dylan Scott,1,50,
2022-08-20,11,You Proof,Morgan Wallen,17,9,Gains In Performance
2022-08-20,12,Ghost Story,Carrie Underwood,13,22,Gains In Performance
2022-08-20,13,Wishful Drinking,Ingrid Andress With Sam Hunt,16,33,Gains In Performance
2022-08-20,14,5 Foot 9,Tyler Hubbard,18,13,Gains In Performance
2022-08-20,15,Don't Come Lookin',Jackson Dean,15,24,Gains In Performance
2022-08-20,16,No Hard Feelings,Old Dominion,19,35,Gains In Performance
2022-08-20,17,Country On,Luke Bryan,21,7,Gains In Performance
2022-08-20,18,Half Of Me,Thomas Rhett Featuring Riley Green,20,11,Gains In Performance
2022-08-20,19,Party Mode,Dustin Lynch,24,27,Gains In Performance
2022-08-20,20,Son Of A Sinner,Jelly Roll,22,24,Gains In Performance
2022-08-20,21,Out In The Middle,Zac Brown Band,23,28,Gains In Performance
2022-08-20,22,Country'd Look Good On You,Frank Ray,25,51,Gains In Performance
2022-08-20,23,She Likes It,Russell Dickerson & Jake Scott,26,19,Gains In Performance
2022-08-20,24,Fall In Love,Bailey Zimmerman,28,9,Gains In Performance
2022-08-20,25,Pick Me Up,Gabby Barrett,27,27,Gains In Performance
2022-08-20,26,Down Home,Jimmie Allen,29,22,Gains In Performance
2022-08-20,27,Soul,Lee Brice,31,37,Gains In Performance
2022-08-20,28,Heartfirst,Kelsea Ballerini,30,19,Gains In Performance
2022-08-20,29,That's What Tequila Does,Jason Aldean,34,4,Gains In Performance
2022-08-20,30,What My World Spins Around,Jordan Davis,32,12,Gains In Performance
2022-08-20,31,You Didn't,Brett Young,33,38,Gains In Performance
2022-08-20,32,Whiskey On You,Nate Smith,35,9,Gains In Performance
2022-08-20,33,Water Under The Bridge,Sam Hunt,37,8,Gains In Performance
2022-08-20,34,My Bar,Priscilla Block,36,26,Gains In Performance
2022-08-20,35,Joy Of My Life,Chris Stapleton,38,19,Gains In Performance
2022-08-20,36,Heart Like A Truck,Lainey Wilson,40,13,Gains In Performance
2022-08-20,37,Human,Cody Johnson,39,10,
2022-08-20,38,Holy Water,Michael Ray,42,23,Gains In Performance
2022-08-20,39,Good Day For Living,Joe Nichols,41,20,Gains In Performance
2022-08-20,40,Brown Eyes Baby,Keith Urban,44,5,Gains In Performance
2022-08-20,41,You,Dan + Shay,43,4,
2022-08-20,42,Y'all Life,Walker Hayes,52,3,Gains In Performance
2022-08-20,43,Gold,Dierks Bentley,48,3,Gains In Performance
2022-08-20,44,Note To Self,Randy Houser,46,20,Gains In Performance
2022-08-20,45,Son Of A,Dillon Carmichael,47,28,Gains In Performance
2022-08-20,46,What He Didn't Do,Carly Pearce,50,8,Gains In Performance
2022-08-20,47,Giving You Up,Kameron Marlowe,45,38,
2022-08-20,48,Songs About You,Brett Eldredge,49,14,
2022-08-20,49,Wild As Her,Corey Kent,58,2,Gains In Performance
2022-08-20,50,Everything She Ain't,Hailey Whitters,53,15,Gains In Performance
2022-08-20,51,Handle On You,Parker McCollum,NEW,1,Highest ranking debut|Gains In Performance
2022-08-20,52,"Salt, Lime & Tequila",Ryan Griffin,59,11,Gains In Performance
2022-08-20,53,Doing Life With Me,Eric Church,51,4,
2022-08-20,54,Something In The Orange,Zach Bryan,57,6,Gains In Performance
2022-08-20,55,Hell Yeah,Little Big Town,60,17,Gains In Performance
2022-08-20,56,Strange,Miranda Lambert,RE,2,Gains In Performance
2022-08-20,57,Man Made,Matt Stell,55,8,
2022-08-20,58,Easy Tonight,Niko Moon,NEW,1,Gains In Performance
2022-08-20,59,Never Til Now,Ashley Cooke + Brett Young,NEW,1,Gains In Performance
2022-08-20,60,Keys To The Country,Chris Janson,54,11,
2022-08-27,1,At The End Of A Bar,Chris Young With Mitchell Tenpenny,5,49,Gains In Performance
2022-08-27,2,Last Night Lonely,Jon Pardi,3,27,Gains In Performance
2022-08-27,3,Take My Name,Parmalee,2,45,
2022-08-27,4,She Had Me At Heads Carolina,Cole Swindell,6,11,Gains In Performance
2022-08-27,5,The Kind Of Love We Make,Luke Combs,7,10,Gains In Performance
2022-08-27,6,With A Woman You Love,Justin Moore,9,43,Gains In Performance
2022-08-27,7,Like I Love Country Music,Kane Brown,1,16,
2022-08-27,8,Truth About You,Mitchell Tenpenny,8,33,Gains In Performance
2022-08-27,9,Damn Strait,Scotty McCreery,4,44,
2022-08-27,10,You Proof,Morgan Wallen,11,10,Gains In Performance
2022-08-27,11,Wishful Drinking,Ingrid Andress With Sam Hunt,13,34,Gains In Performance
2022-08-27,12,5 Foot 9,Tyler Hubbard,14,14,Gains In Performance
2022-08-27,13,Ghost Story,Carrie Underwood,12,23,Gains In Performance
2022-08-27,14,Don't Come Lookin',Jackson Dean,15,25,Gains In Performance
2022-08-27,15,No Hard Feelings,Old Dominion,16,36,Gains In Performance
2022-08-27,16,Country On,Luke Bryan,17,8,Gains In Performance
2022-08-27,17,Half Of Me,Thomas Rhett Featuring Riley Green,18,12,Gains In Performance
2022-08-27,18,Country'd Look Good On You,Frank Ray,22,52,Gains In Performance
2022-08-27,19,Son Of A Sinner,Jelly Roll,20,25,Gains In Performance
2022-08-27,20,Party Mode,Dustin Lynch,19,28,Gains In Performance
2022-08-27,21,Out In The Middle,Zac Brown Band,21,29,Gains In Performance
2022-08-27,22,Fall In Love,Bailey Zimmerman,24,10,Gains In Performance
2022-08-27,23,She Likes It,Russell Dickerson & Jake Scott,23,20,Gains In Performance
2022-08-27,24,Pick Me Up,Gabby Barrett,25,28,Gains In Performance
2022-08-27,25,No Body,Blake Shelton,NEW,1,Highest ranking debut|Gains In Performance
2022-08-27,26,Down Home,Jimmie Allen,26,23,Gains In Performance
2022-08-27,27,That's What Tequila Does,Jason Aldean,29,5,Gains In Performance
2022-08-27,28,Soul,Lee Brice,27,38,Gains In Performance
2022-08-27,29,Heartfirst,Kelsea Ballerini,28,20,Gains In Performance
2022-08-27,30,What My World Spins Around,Jordan Davis,30,13,Gains In Performance
2022-08-27,31,Whiskey On You,Nate Smith,32,10,Gains In Performance
2022-08-27,32,You Didn't,Brett Young,31,39,
2022-08-27,33,Water Under The Bridge,Sam Hunt,33,9,Gains In Performance
2022-08-27,34,My Bar,Priscilla Block,34,27,Gains In Performance
2022-08-27,35,Joy Of My Life,Chris Stapleton,35,20,Gains In Performance
2022-08-27,36,Heart Like A Truck,Lainey Wilson,36,14,
2022-08-27,37,Human,Cody Johnson,37,11,Gains In Performance
2022-08-27,38,Holy Water,Michael Ray,38,24,
2022-08-27,39,Gold,Dierks Bentley,43,4,Gains In Performance
2022-08-27,40,Good Day For Living,Joe Nichols,39,21,
2022-08-27,41,Brown Eyes Baby,Keith Urban,40,6,Gains In Performance
2022-08-27,42,What He Didn't Do,Carly Pearce,46,9,Gains In Performance
2022-08-27,43,You,Dan + Shay,41,5,Gains In Performance
2022-08-27,44,Y'all Life,Walker Hayes,42,4,Gains In Performance
2022-08-27,45,Wild As Her,Corey Kent,49,3,Gains In Performance
2022-08-27,46,Note To Self,Randy Houser,44,21,Gains In Performance
2022-08-27,47,Handle On You,Parker McCollum,51,2,Gains In Performance
2022-08-27,48,Son Of A,Dillon Carmichael,45,29,
2022-08-27,49,Songs About You,Brett Eldredge,48,15,Gains In Performance
2022-08-27,50,Doing Life With Me,Eric Church,53,5,Gains In Performance
2022-08-27,51,Something In The Orange,Zach Bryan,54,7,Gains In Performance
2022-08-27,52,Everything She Ain't,Hailey Whitters,50,16,
2022-08-27,53,Hell Yeah,Little Big Town,55,18,Gains In Performance
2022-08-27,54,"Salt, Lime & Tequila",Ryan Griffin,52,12,
2022-08-27,55,Man Made,Matt Stell,57,9,Gains In Performance
2022-08-27,56,Strange,Miranda Lambert,56,3,
2022-08-27,57,Never Til Now,Ashley Cooke + Brett Young,59,2,Gains In Performance
2022-08-27,58,Easy Tonight,Niko Moon,58,2,Gains In Performance
2022-08-27,59,Downtown Baby,Caitlyn Smith,RE,2,Gains In Performance
2022-08-27,60,Beach Boys,LoCash Featuring Mike Love & Bruce Johnston,NEW,1,Gains In Performance
2022-09-03,1,Last Night Lonely,Jon Pardi,2,28,Gains In Performance
2022-09-03,2,She Had Me At Heads Carolina,Cole Swindell,4,12,Gains In Performance
2022-09-03,3,The Kind Of Love We Make,Luke Combs,5,11,Gains In Performance
2022-09-03,4,With A Woman You Love,Justin Moore,6,44,Gains In Performance
2022-09-03,5,Truth About You,Mitchell Tenpenny,8,34,Gains In Performance
2022-09-03,6,Take My Name,Parmalee,3,46,
2022-09-03,7,You Proof,Morgan Wallen,10,11,Gains In Performance
2022-09-03,8,At The End Of A Bar,Chris Young With Mitchell Tenpenny,1,50,
2022-09-03,9,Wishful Drinking,Ingrid Andress With Sam Hunt,11,35,Gains In Performance
2022-09-03,10,5 Foot 9,Tyler Hubbard,12,15,Gains In Performance
2022-09-03,11,Ghost Story,Carrie Underwood,13,24,Gains In Performance
2022-09-03,12,Don't Come Lookin',Jackson Dean,14,26,Gains In Performance
2022-09-03,13,Half Of Me,Thomas Rhett Featuring Riley Green,17,13,Gains In Performance
2022-09-03,14,No Hard Feelings,Old Dominion,15,37,Gains In Performance
2022-09-03,15,Country On,Luke Bryan,16,9,Gains In Performance
2022-09-03,16,Fall In Love,Bailey Zimmerman,22,11,Gains In Performance
2022-09-03,17,Country'd Look Good On You,Frank Ray,18,53,Gains In Performance
2022-09-03,18,Son Of A Sinner,Jelly Roll,19,26,Gains In Performance
2022-09-03,19,Out In The Middle,Zac Brown Band,21,30,Gains In Performance
2022-09-03,20,Party Mode,Dustin Lynch,20,29,
2022-09-03,21,Pick Me Up,Gabby Barrett,24,29,Gains In Performance
2022-09-03,22,She Likes It,Russell Dickerson & Jake Scott,23,21,Gains In Performance
2022-09-03,23,That's What Tequila Does,Jason Aldean,27,6,Gains In Performance
2022-09-03,24,Soul,Lee Brice,28,39,Gains In Performance
2022-09-03,25,Down Home,Jimmie Allen,26,24,Gains In Performance
2022-09-03,26,Heartfirst,Kelsea Ballerini,29,21,Gains In Performance
2022-09-03,27,What My World Spins Around,Jordan Davis,30,14,Gains In Performance
2022-09-03,28,Whiskey On You,Nate Smith,31,11,Gains In Performance
2022-09-03,29,My Bar,Priscilla Block,34,28,Gains In Performance
2022-09-03,30,You Didn't,Brett Young,32,40,Gains In Performance
2022-09-03,31,Water Under The Bridge,Sam Hunt,33,10,Gains In Performance
2022-09-03,32,Beer With My Friends,Kenny Chesney & Old Dominion,NEW,1,Highest ranking debut|Gains In Performance
2022-09-03,33,No Body,Blake Shelton,25,2,
2022-09-03,34,Joy Of My Life,Chris Stapleton,35,21,Gains In Performance
2022-09-03,35,Gold,Dierks Bentley,39,5,Gains In Performance
2022-09-03,36,Heart Like A Truck,Lainey Wilson,36,15,Gains In Performance
2022-09-03,37,Human,Cody Johnson,37,12,Gains In Performance
2022-09-03,38,What He Didn't Do,Carly Pearce,42,10,Gains In Performance
2022-09-03,39,Holy Water,Michael Ray,38,25,Gains In Performance
2022-09-03,40,Good Day For Living,Joe Nichols,40,22,Gains In Performance
2022-09-03,41,Brown Eyes Baby,Keith Urban,41,7,Gains In Performance
2022-09-03,42,Wild As Her,Corey Kent,45,4,Gains In Performance
2022-09-03,43,Handle On You,Parker McCollum,47,3,Gains In Performance
2022-09-03,44,Y'all Life,Walker Hayes,44,5,Gains In Performance
2022-09-03,45,Note To Self,Randy Houser,46,22,Gains In Performance
2022-09-03,46,You,Dan + Shay,43,6,Gains In Performance
2022-09-03,47,Songs About You,Brett Eldredge,49,16,Gains In Performance
2022-09-03,48,Son Of A,Dillon Carmichael,48,30,Gains In Performance
2022-09-03,49,Doing Life With Me,Eric Church,50,6,Gains In Performance
2022-09-03,50,Man Made,Matt Stell,55,10,Gains In Performance
2022-09-03,51,Something In The Orange,Zach Bryan,51,8,Gains In Performance
2022-09-03,52,Hell Yeah,Little Big Town,53,19,Gains In Performance
2022-09-03,53,Strange,Miranda Lambert,56,4,Gains In Performance
2022-09-03,54,Everything She Ain't,Hailey Whitters,52,17,
2022-09-03,55,Wait In The Truck,HARDY Featuring Lainey Wilson,NEW,1,Gains In Performance
2022-09-03,56,Never Til Now,Ashley Cooke + Brett Young,57,3,Gains In Performance
2022-09-03,57,Easy Tonight,Niko Moon,58,3,Gains In Performance
2022-09-03,58,Beach Boys,LoCash Featuring Mike Love & Bruce Johnston,60,2,Gains In Performance
2022-09-03,59,"Salt, Lime & Tequila",Ryan Griffin,54,13,Gains In Performance
2022-09-03,60,Worth A Shot,Elle King Featuring Dierks Bentley,NEW,1,
2022-09-10,1,With A Woman You Love,Justin Moore,4,45,Greatest gainer this week|Gains In Performance
2022-09-10,2,She Had Me At Heads Carolina,Cole Swindell,2,13,Gains In Performance
2022-09-10,3,The Kind Of Love We Make,Luke Combs,3,12,Gains In Performance
2022-09-10,4,Truth About You,Mitchell Tenpenny,5,35,Gains In Performance
2022-09-10,5,You Proof,Morgan Wallen,7,12,Gains In Performance
2022-09-10,6,Last Night Lonely,Jon Pardi,1,29,
2022-09-10,7,Take My Name,Parmalee,6,47,
2022-09-10,8,5 Foot 9,Tyler Hubbard,10,16,Gains In Performance
2022-09-10,9,Wishful Drinking,Ingrid Andress With Sam Hunt,9,36,Gains In Performance
2022-09-10,10,Ghost Story,Carrie Underwood,11,25,Gains In Performance
2022-09-10,11,Don't Come Lookin',Jackson Dean,12,27,Gains In Performance
2022-09-10,12,Half Of Me,Thomas Rhett Featuring Riley Green,13,14,Gains In Performance
2022-09-10,13,Country On,Luke Bryan,15,10,Gains In Performance
2022-09-10,14,No Hard Feelings,Old Dominion,14,38,Gains In Performance
2022-09-10,15,Fall In Love,Bailey Zimmerman,16,12,Gains In Performance
2022-09-10,16,Son Of A Sinner,Jelly Roll,18,27,Gains In Performance
2022-09-10,17,Country'd Look Good On You,Frank Ray,17,54,
2022-09-10,18,Out In The Middle,Zac Brown Band,19,31,Gains In Performance
2022-09-10,19,Pick Me Up,Gabby Barrett,21,30,Gains In Performance
2022-09-10,20,Party Mode,Dustin Lynch,20,30,
2022-09-10,21,She Likes It,Russell Dickerson & Jake Scott,22,22,Gains In Performance
2022-09-10,22,Down Home,Jimmie Allen,25,25,Gains In Performance
2022-09-10,23,That's What Tequila Does,Jason Aldean,23,7,Gains In Performance
2022-09-10,24,Soul,Lee Brice,24,40,Gains In Performance
2022-09-10,25,What My World Spins Around,Jordan Davis,27,15,Gains In Performance
2022-09-10,26,Heartfirst,Kelsea Ballerini,26,22,Gains In Performance
2022-09-10,27,Whiskey On You,Nate Smith,28,12,Gains In Performance
2022-09-10,28,You Didn't,Brett Young,30,41,Gains In Performance
2022-09-10,29,My Bar,Priscilla Block,29,29,Gains In Performance
2022-09-10,30,Water Under The Bridge,Sam Hunt,31,11,Gains In Performance
2022-09-10,31,No Body,Blake Shelton,33,3,Gains In Performance
2022-09-10,32,Joy Of My Life,Chris Stapleton,34,22,Gains In Performance
2022-09-10,33,Gold,Dierks Bentley,35,6,Gains In Performance
2022-09-10,34,Heart Like A Truck,Lainey Wilson,36,16,Gains In Performance
2022-09-10,35,Human,Cody Johnson,37,13,Gains In Performance
2022-09-10,36,Wait In The Truck,HARDY Featuring Lainey Wilson,55,2,Gains In Performance
2022-09-10,37,Good Day For Living,Joe Nichols,40,23,Gains In Performance
2022-09-10,38,What He Didn't Do,Carly Pearce,38,11,Gains In Performance
2022-09-10,39,Holy Water,Michael Ray,39,26,Gains In Performance
2022-09-10,40,Handle On You,Parker McCollum,43,4,Gains In Performance
2022-09-10,41,Beer With My Friends,Kenny Chesney & Old Dominion,32,2,
2022-09-10,42,Brown Eyes Baby,Keith Urban,41,8,Gains In Performance
2022-09-10,43,Wild As Her,Corey Kent,42,5,Gains In Performance
2022-09-10,44,Y'all Life,Walker Hayes,44,6,Gains In Performance
2022-09-10,45,You,Dan + Shay,46,7,Gains In Performance
2022-09-10,46,Note To Self,Randy Houser,45,23,Gains In Performance
2022-09-10,47,Son Of A,Dillon Carmichael,48,31,
2022-09-10,48,Songs About You,Brett Eldredge,47,17,
2022-09-10,49,Doing Life With Me,Eric Church,49,7,
2022-09-10,50,Something In The Orange,Zach Bryan,51,9,Gains In Performance
2022-09-10,51,Man Made,Matt Stell,50,11,Gains In Performance
2022-09-10,52,Everything She Ain't,Hailey Whitters,54,18,Gains In Performance
2022-09-10,53,Strange,Miranda Lambert,53,5,Gains In Performance
2022-09-10,54,Never Til Now,Ashley Cooke + Brett Young,56,4,Gains In Performance
2022-09-10,55,Hell Yeah,Little Big Town,52,20,
2022-09-10,56,"Salt, Lime & Tequila",Ryan Griffin,59,14,
2022-09-10,57,Easy Tonight,Niko Moon,57,4,Gains In Performance
2022-09-10,58,Beach Boys,LoCash Featuring Mike Love & Bruce Johnston,58,3,
2022-09-10,59,Girl In Mine,Parmalee,NEW,1,Highest ranking debut|Gains In Performance
2022-09-10,60,How It Oughta Be,Shane Profitt,NEW,1,
2022-09-17,1,She Had Me At Heads Carolina,Cole Swindell,2,14,Gains In Performance
2022-09-17,2,Truth About You,Mitchell Tenpenny,4,36,Greatest gainer this week|Gains In Performance
2022-09-17,3,The Kind Of Love We Make,Luke Combs,3,13,Gains In Performance
2022-09-17,4,You Proof,Morgan Wallen,5,13,Gains In Performance
2022-09-17,5,With A Woman You Love,Justin Moore,1,46,
2022-09-17,6,Take My Name,Parmalee,7,48,
2022-09-17,7,5 Foot 9,Tyler Hubbard,8,17,Gains In Performance
2022-09-17,8,Wishful Drinking,Ingrid Andress With Sam Hunt,9,37,Gains In Performance
2022-09-17,9,Last Night Lonely,Jon Pardi,6,30,
2022-09-17,10,Ghost Story,Carrie Underwood,10,26,Gains In Performance
2022-09-17,11,Don't Come Lookin',Jackson Dean,11,28,Gains In Performance
2022-09-17,12,Half Of Me,Thomas Rhett Featuring Riley Green,12,15,Gains In Performance
2022-09-17,13,Country On,Luke Bryan,13,11,Gains In Performance
2022-09-17,14,No Hard Feelings,Old Dominion,14,39,Gains In Performance
2022-09-17,15,Fall In Love,Bailey Zimmerman,15,13,Gains In Performance
2022-09-17,16,Son Of A Sinner,Jelly Roll,16,28,Gains In Performance
2022-09-17,17,Out In The Middle,Zac Brown Band,18,32,Gains In Performance
2022-09-17,18,Pick Me Up,Gabby Barrett,19,31,Gains In Performance
2022-09-17,19,Country'd Look Good On You,Frank Ray,17,55,Gains In Performance
2022-09-17,20,She Likes It,Russell Dickerson & Jake Scott,21,23,Gains In Performance
2022-09-17,21,Party Mode,Dustin Lynch,20,31,Gains In Performance
2022-09-17,22,Down Home,Jimmie Allen,22,26,Gains In Performance
2022-09-17,23,That's What Tequila Does,Jason Aldean,23,8,Gains In Performance
2022-09-17,24,What My World Spins Around,Jordan Davis,25,16,Gains In Performance
2022-09-17,25,Soul,Lee Brice,24,41,Gains In Performance
2022-09-17,26,Heartfirst,Kelsea Ballerini,26,23,Gains In Performance
2022-09-17,27,Whiskey On You,Nate Smith,27,13,Gains In Performance
2022-09-17,28,My Bar,Priscilla Block,29,30,Gains In Performance
2022-09-17,29,You Didn't,Brett Young,28,42,Gains In Performance
2022-09-17,30,Water Under The Bridge,Sam Hunt,30,12,Gains In Performance
2022-09-17,31,No Body,Blake Shelton,31,4,Gains In Performance
2022-09-17,32,Gold,Dierks Bentley,33,7,Gains In Performance
2022-09-17,33,Joy Of My Life,Chris Stapleton,32,23,Gains In Performance
2022-09-17,34,Wait In The Truck,HARDY Featuring Lainey Wilson,36,3,Gains In Performance
2022-09-17,35,Heart Like A Truck,Lainey Wilson,34,17,Gains In Performance
2022-09-17,36,Human,Cody Johnson,35,14,Gains In Performance
2022-09-17,37,Holy Water,Michael Ray,39,27,Gains In Performance
2022-09-17,38,What He Didn't Do,Carly Pearce,38,12,Gains In Performance
2022-09-17,39,Beer With My Friends,Kenny Chesney & Old Dominion,41,3,Gains In Performance
2022-09-17,40,Brown Eyes Baby,Keith Urban,42,9,Gains In Performance
2022-09-17,41,Good Day For Living,Joe Nichols,37,24,Gains In Performance
2022-09-17,42,Handle On You,Parker McCollum,40,5,Gains In Performance
2022-09-17,43,You,Dan + Shay,45,8,Gains In Performance
2022-09-17,44,Wild As Her,Corey Kent,43,6,Gains In Performance
2022-09-17,45,Y'all Life,Walker Hayes,44,7,Gains In Performance
2022-09-17,46,Note To Self,Randy Houser,46,24,Gains In Performance
2022-09-17,47,Songs About You,Brett Eldredge,48,18,Gains In Performance
2022-09-17,48,Son Of A,Dillon Carmichael,47,32,Gains In Performance
2022-09-17,49,Thank God,Kane Brown With Katelyn Brown,NEW,1,Highest ranking debut|Gains In Performance
2022-09-17,50,Something In The Orange,Zach Bryan,50,10,Gains In Performance
2022-09-17,51,Everything She Ain't,Hailey Whitters,52,19,Gains In Performance
2022-09-17,52,Doing Life With Me,Eric Church,49,8,Gains In Performance
2022-09-17,53,Man Made,Matt Stell,51,12,
2022-09-17,54,Never Til Now,Ashley Cooke + Brett Young,54,5,Gains In Performance
2022-09-17,55,Strange,Miranda Lambert,53,6,
2022-09-17,56,Hell Yeah,Little Big Town,55,21,Gains In Performance
2022-09-17,57,Easy Tonight,Niko Moon,57,5,Gains In Performance
2022-09-17,58,Girl In Mine,Parmalee,59,2,Gains In Performance
2022-09-17,59,"Salt, Lime & Tequila",Ryan Griffin,56,15,
2022-09-17,60,Worth A Shot,Elle King Featuring Dierks Bentley,RE,2,Gains In Performance
2022-09-24,1,She Had Me At Heads Carolina,Cole Swindell,1,15,Gains In Performance
2022-09-24,2,The Kind Of Love We Make,Luke Combs,3,14,Greatest gainer this week|Gains In Performance
2022-09-24,3,You Proof,Morgan Wallen,4,14,Gains In Performance
2022-09-24,4,Truth About You,Mitchell Tenpenny,2,37,
2022-09-24,5,5 Foot 9,Tyler Hubbard,7,18,Gains In Performance
2022-09-24,6,Wishful Drinking,Ingrid Andress With Sam Hunt,8,38,Gains In Performance
2022-09-24,7,Take My Name,Parmalee,6,49,
2022-09-24,8,With A Woman You Love,Justin Moore,5,47,
2022-09-24,9,Ghost Story,Carrie Underwood,10,27,Gains In Performance
2022-09-24,10,Half Of Me,Thomas Rhett Featuring Riley Green,12,16,Gains In Performance
2022-09-24,11,Don't Come Lookin',Jackson Dean,11,29,Gains In Performance
2022-09-24,12,Country On,Luke Bryan,13,12,Gains In Performance
2022-09-24,13,Fall In Love,Bailey Zimmerman,15,14,Gains In Performance
2022-09-24,14,Son Of A Sinner,Jelly Roll,16,29,Gains In Performance
2022-09-24,15,Pick Me Up,Gabby Barrett,18,32,Gains In Performance
2022-09-24,16,Out In The Middle,Zac Brown Band,17,33,Gains In Performance
2022-09-24,17,Party Mode,Dustin Lynch,21,32,Gains In Performance
2022-09-24,18,Down Home,Jimmie Allen,22,27,Gains In Performance
2022-09-24,19,She Likes It,Russell Dickerson & Jake Scott,20,24,Gains In Performance
2022-09-24,20,That's What Tequila Does,Jason Aldean,23,9,Gains In Performance
2022-09-24,21,What My World Spins Around,Jordan Davis,24,17,Gains In Performance
2022-09-24,22,Soul,Lee Brice,25,42,Gains In Performance
2022-09-24,23,Whiskey On You,Nate Smith,27,14,Gains In Performance
2022-09-24,24,Heartfirst,Kelsea Ballerini,26,24,Gains In Performance
2022-09-24,25,You Didn't,Brett Young,29,43,Gains In Performance
2022-09-24,26,My Bar,Priscilla Block,28,31,Gains In Performance
2022-09-24,27,Gold,Dierks Bentley,32,8,Gains In Performance
2022-09-24,28,Water Under The Bridge,Sam Hunt,30,13,Gains In Performance
2022-09-24,29,No Body,Blake Shelton,31,5,Gains In Performance
2022-09-24,30,Wait In The Truck,HARDY Featuring Lainey Wilson,34,4,Gains In Performance
2022-09-24,31,Joy Of My Life,Chris Stapleton,33,24,Gains In Performance
2022-09-24,32,Heart Like A Truck,Lainey Wilson,35,18,Gains In Performance
2022-09-24,33,Holy Water,Michael Ray,37,28,Gains In Performance
2022-09-24,34,Human,Cody Johnson,36,15,Gains In Performance
2022-09-24,35,Thank God,Kane Brown With Katelyn Brown,49,2,Gains In Performance
2022-09-24,36,Beer With My Friends,Kenny Chesney & Old Dominion,39,4,Gains In Performance
2022-09-24,37,What He Didn't Do,Carly Pearce,38,13,Gains In Performance
2022-09-24,38,Wild As Her,Corey Kent,44,7,Gains In Performance
2022-09-24,39,Handle On You,Parker McCollum,42,6,Gains In Performance
2022-09-24,40,Brown Eyes Baby,Keith Urban,40,10,Gains In Performance
2022-09-24,41,Good Day For Living,Joe Nichols,41,25,Gains In Performance
2022-09-24,42,You,Dan + Shay,43,9,Gains In Performance
2022-09-24,43,Y'all Life,Walker Hayes,45,8,Gains In Performance
2022-09-24,44,Note To Self,Randy Houser,46,25,Gains In Performance
2022-09-24,45,Son Of A,Dillon Carmichael,48,33,Gains In Performance
2022-09-24,46,Songs About You,Brett Eldredge,47,19,
2022-09-24,47,Everything She Ain't,Hailey Whitters,51,20,Gains In Performance
2022-09-24,48,Doing Life With Me,Eric Church,52,9,Gains In Performance
2022-09-24,49,Something In The Orange,Zach Bryan,50,11,Gains In Performance
2022-09-24,50,Hell Yeah,Little Big Town,56,22,Gains In Performance
2022-09-24,51,Girl In Mine,Parmalee,58,3,Gains In Performance
2022-09-24,52,Man Made,Matt Stell,53,13,Gains In Performance
2022-09-24,53,Strange,Miranda Lambert,55,7,Gains In Performance
2022-09-24,54,Never Til Now,Ashley Cooke + Brett Young,54,6,Gains In Performance
2022-09-24,55,"Salt, Lime & Tequila",Ryan Griffin,59,16,Gains In Performance
2022-09-24,56,Worth A Shot,Elle King Featuring Dierks Bentley,60,3,Gains In Performance
2022-09-24,57,Easy Tonight,Niko Moon,57,6,
2022-09-24,58,How It Oughta Be,Shane Profitt,RE,2,Gains In Performance
2022-09-24,59,Longneck Way To Go,Midland Featuring Jon Pardi,NEW,1,Highest ranking debut|Gains In Performance
2022-09-24,60,It Matters To Her,Scotty McCreery,NEW,1,Gains In Performance
2022-10-01,1,She Had Me At Heads Carolina,Cole Swindell,1,16,Gains In Performance
2022-10-01,2,The Kind Of Love We Make,Luke Combs,2,15,Gains In Performance
2022-10-01,3,You Proof,Morgan Wallen,3,15,Gains In Performance
2022-10-01,4,5 Foot 9,Tyler Hubbard,5,19,Gains In Performance
2022-10-01,5,Wishful Drinking,Ingrid Andress With Sam Hunt,6,39,Gains In Performance
2022-10-01,6,Truth About You,Mitchell Tenpenny,4,38,
2022-10-01,7,Take My Name,Parmalee,7,50,
2022-10-01,8,Ghost Story,Carrie Underwood,9,28,Gains In Performance
2022-10-01,9,Half Of Me,Thomas Rhett Featuring Riley Green,10,17,Gains In Performance
2022-10-01,10,Don't Come Lookin',Jackson Dean,11,30,Gains In Performance
2022-10-01,11,Country On,Luke Bryan,12,13,Gains In Performance
2022-10-01,12,Fall In Love,Bailey Zimmerman,13,15,Greatest gainer this week|Gains In Performance
2022-10-01,13,Son Of A Sinner,Jelly Roll,14,30,Gains In Performance
2022-10-01,14,Pick Me Up,Gabby Barrett,15,33,Gains In Performance
2022-10-01,15,Down Home,Jimmie Allen,18,28,Gains In Performance
2022-10-01,16,Out In The Middle,Zac Brown Band,16,34,Gains In Performance
2022-10-01,17,That's What Tequila Does,Jason Aldean,20,10,Gains In Performance
2022-10-01,18,Party Mode,Dustin Lynch,17,33,Gains In Performance
2022-10-01,19,She Likes It,Russell Dickerson & Jake Scott,19,25,Gains In Performance
2022-10-01,20,What My World Spins Around,Jordan Davis,21,18,Gains In Performance
2022-10-01,21,Soul,Lee Brice,22,43,Gains In Performance
2022-10-01,22,Whiskey On You,Nate Smith,23,15,Gains In Performance
2022-10-01,23,Heartfirst,Kelsea Ballerini,24,25,Gains In Performance
2022-10-01,24,You Didn't,Brett Young,25,44,Gains In Performance
2022-10-01,25,Gold,Dierks Bentley,27,9,Gains In Performance
2022-10-01,26,My Bar,Priscilla Block,26,32,Gains In Performance
2022-10-01,27,Thank God,Kane Brown With Katelyn Brown,35,3,Gains In Performance
2022-10-01,28,No Body,Blake Shelton,29,6,Gains In Performance
2022-10-01,29,Heart Like A Truck,Lainey Wilson,32,19,Gains In Performance
2022-10-01,30,Joy Of My Life,Chris Stapleton,31,25,Gains In Performance
2022-10-01,31,Water Under The Bridge,Sam Hunt,28,14,
2022-10-01,32,Wait In The Truck,HARDY Featuring Lainey Wilson,30,5,Gains In Performance
2022-10-01,33,Holy Water,Michael Ray,33,29,Gains In Performance
2022-10-01,34,What He Didn't Do,Carly Pearce,37,14,Gains In Performance
2022-10-01,35,Human,Cody Johnson,34,16,Gains In Performance
2022-10-01,36,Wild As Her,Corey Kent,38,8,Gains In Performance
2022-10-01,37,Beer With My Friends,Kenny Chesney & Old Dominion,36,5,Gains In Performance
2022-10-01,38,Brown Eyes Baby,Keith Urban,40,11,Gains In Performance
2022-10-01,39,Handle On You,Parker McCollum,39,7,Gains In Performance
2022-10-01,40,Good Day For Living,Joe Nichols,41,26,Gains In Performance
2022-10-01,41,You,Dan + Shay,42,10,Gains In Performance
2022-10-01,42,Y'all Life,Walker Hayes,43,9,Gains In Performance
2022-10-01,43,Note To Self,Randy Houser,44,26,
2022-10-01,44,Girl In Mine,Parmalee,51,4,Gains In Performance
2022-10-01,45,Songs About You,Brett Eldredge,46,20,Gains In Performance
2022-10-01,46,Doing Life With Me,Eric Church,48,10,Gains In Performance
2022-10-01,47,Son Of A,Dillon Carmichael,45,34,Gains In Performance
2022-10-01,48,Everything She Ain't,Hailey Whitters,47,21,Gains In Performance
2022-10-01,49,Man Made,Matt Stell,52,14,Gains In Performance
2022-10-01,50,Something In The Orange,Zach Bryan,49,12,
2022-10-01,51,It Matters To Her,Scotty McCreery,60,2,Gains In Performance
2022-10-01,52,Worth A Shot,Elle King Featuring Dierks Bentley,56,4,Gains In Performance
2022-10-01,53,Never Til Now,Ashley Cooke + Brett Young,54,7,
2022-10-01,54,Strange,Miranda Lambert,53,8,
2022-10-01,55,How It Oughta Be,Shane Profitt,58,3,Gains In Performance
2022-10-01,56,"Salt, Lime & Tequila",Ryan Griffin,55,17,
2022-10-01,57,I Can't Love You Anymore,Maren Morris,NEW,1,Highest ranking debut|Gains In Performance
2022-10-01,58,Can't Have Mine,Dylan Scott,NEW,1,Gains In Performance
2022-10-01,59,Excuses,Kolby Cooper,NEW,1,Gains In Performance
2022-10-01,60,Longneck Way To Go,Midland Featuring Jon Pardi,59,2,Gains In Performance
2022-10-08,1,She Had Me At Heads Carolina,Cole Swindell,1,17,Gains In Performance
2022-10-08,2,You Proof,Morgan Wallen,3,16,Gains In Performance
2022-10-08,3,The Kind Of Love We Make,Luke Combs,2,16,
2022-10-08,4,5 Foot 9,Tyler Hubbard,4,20,Gains In Performance
2022-10-08,5,Wishful Drinking,Ingrid Andress With Sam Hunt,5,40,Gains In Performance
2022-10-08,6,Ghost Story,Carrie Underwood,8,29,Greatest gainer this week|Gains In Performance
2022-10-08,7,Half Of Me,Thomas Rhett Featuring Riley Green,9,18,Gains In Performance
2022-10-08,8,Take My Name,Parmalee,7,51,
2022-10-08,9,Truth About You,Mitchell Tenpenny,6,39,
2022-10-08,10,Don't Come Lookin',Jackson Dean,10,31,Gains In Performance
2022-10-08,11,Fall In Love,Bailey Zimmerman,12,16,Gains In Performance
2022-10-08,12,Country On,Luke Bryan,11,14,Gains In Performance
2022-10-08,13,Son Of A Sinner,Jelly Roll,13,31,Gains In Performance
2022-10-08,14,Pick Me Up,Gabby Barrett,14,34,Gains In Performance
2022-10-08,15,Down Home,Jimmie Allen,15,29,Gains In Performance
2022-10-08,16,Out In The Middle,Zac Brown Band,16,35,Gains In Performance
2022-10-08,17,That's What Tequila Does,Jason Aldean,17,11,Gains In Performance
2022-10-08,18,What My World Spins Around,Jordan Davis,20,19,Gains In Performance
2022-10-08,19,She Likes It,Russell Dickerson & Jake Scott,19,26,Gains In Performance
2022-10-08,20,Party Mode,Dustin Lynch,18,34,Gains In Performance
2022-10-08,21,Soul,Lee Brice,21,44,Gains In Performance
2022-10-08,22,Whiskey On You,Nate Smith,22,16,Gains In Performance
2022-10-08,23,You Didn't,Brett Young,24,45,Gains In Performance
2022-10-08,24,Heartfirst,Kelsea Ballerini,23,26,
2022-10-08,25,Thank God,Kane Brown With Katelyn Brown,27,4,Gains In Performance
2022-10-08,26,No Body,Blake Shelton,28,7,Gains In Performance
2022-10-08,27,Gold,Dierks Bentley,25,10,Gains In Performance
2022-10-08,28,Heart Like A Truck,Lainey Wilson,29,20,Gains In Performance
2022-10-08,29,My Bar,Priscilla Block,26,33,Gains In Performance
2022-10-08,30,Wait In The Truck,HARDY Featuring Lainey Wilson,32,6,Gains In Performance
2022-10-08,31,Water Under The Bridge,Sam Hunt,31,15,Gains In Performance
2022-10-08,32,Joy Of My Life,Chris Stapleton,30,26,Gains In Performance
2022-10-08,33,What He Didn't Do,Carly Pearce,34,15,Gains In Performance
2022-10-08,34,Handle On You,Parker McCollum,39,8,Gains In Performance
2022-10-08,35,Holy Water,Michael Ray,33,30,Gains In Performance
2022-10-08,36,Wild As Her,Corey Kent,36,9,Gains In Performance
2022-10-08,37,Beer With My Friends,Kenny Chesney & Old Dominion,37,6,Gains In Performance
2022-10-08,38,Human,Cody Johnson,35,17,Gains In Performance
2022-10-08,39,Brown Eyes Baby,Keith Urban,38,12,Gains In Performance
2022-10-08,40,You,Dan + Shay,41,11,Gains In Performance
2022-10-08,41,Good Day For Living,Joe Nichols,40,27,Gains In Performance
2022-10-08,42,Y'all Life,Walker Hayes,42,10,Gains In Performance
2022-10-08,43,Note To Self,Randy Houser,43,27,Gains In Performance
2022-10-08,44,How It Oughta Be,Shane Profitt,55,4,Gains In Performance
2022-10-08,45,Girl In Mine,Parmalee,44,5,Gains In Performance
2022-10-08,46,Everything She Ain't,Hailey Whitters,48,22,Gains In Performance
2022-10-08,47,Doing Life With Me,Eric Church,46,11,Gains In Performance
2022-10-08,48,Son Of A,Dillon Carmichael,47,35,Gains In Performance
2022-10-08,49,Songs About You,Brett Eldredge,45,21,Gains In Performance
2022-10-08,50,Man Made,Matt Stell,49,15,Gains In Performance
2022-10-08,51,Strange,Miranda Lambert,54,9,Gains In Performance
2022-10-08,52,Never Til Now,Ashley Cooke + Brett Young,53,8,Gains In Performance
2022-10-08,53,Something In The Orange,Zach Bryan,50,13,
2022-10-08,54,Worth A Shot,Elle King Featuring Dierks Bentley,52,5,Gains In Performance
2022-10-08,55,It Matters To Her,Scotty McCreery,51,3,
2022-10-08,56,"Salt, Lime & Tequila",Ryan Griffin,56,18,Gains In Performance
2022-10-08,57,Can't Have Mine,Dylan Scott,58,2,Gains In Performance
2022-10-08,58,Longneck Way To Go,Midland Featuring Jon Pardi,60,3,Gains In Performance
2022-10-08,59,Excuses,Kolby Cooper,59,2,
2022-10-08,60,Bury Me In Georgia,Kane Brown,NEW,1,Highest ranking debut|Gains In Performance
2022-10-15,1,You Proof,Morgan Wallen,2,17,Gains In Performance
2022-10-15,2,She Had Me At Heads Carolina,Cole Swindell,1,18,Gains In Performance
2022-10-15,3,The Kind Of Love We Make,Luke Combs,3,17,
2022-10-15,4,5 Foot 9,Tyler Hubbard,4,21,Gains In Performance
2022-10-15,5,Wishful Drinking,Ingrid Andress With Sam Hunt,5,41,Gains In Performance
2022-10-15,6,Half Of Me,Thomas Rhett Featuring Riley Green,7,19,Gains In Performance
2022-10-15,7,Don't Come Lookin',Jackson Dean,10,32,Gains In Performance
2022-10-15,8,Fall In Love,Bailey Zimmerman,11,17,Gains In Performance
2022-10-15,9,Country On,Luke Bryan,12,15,Gains In Performance
2022-10-15,10,Son Of A Sinner,Jelly Roll,13,32,Greatest gainer this week|Gains In Performance
2022-10-15,11,Pick Me Up,Gabby Barrett,14,35,Gains In Performance
2022-10-15,12,Down Home,Jimmie Allen,15,30,Gains In Performance
2022-10-15,13,Out In The Middle,Zac Brown Band,16,36,Gains In Performance
2022-10-15,14,What My World Spins Around,Jordan Davis,18,20,Gains In Performance
2022-10-15,15,That's What Tequila Does,Jason Aldean,17,12,Gains In Performance
2022-10-15,16,She Likes It,Russell Dickerson & Jake Scott,19,27,Gains In Performance
2022-10-15,17,Party Mode,Dustin Lynch,20,35,Gains In Performance
2022-10-15,18,Whiskey On You,Nate Smith,22,17,Gains In Performance
2022-10-15,19,Soul,Lee Brice,21,45,Gains In Performance
2022-10-15,20,Thank God,Kane Brown With Katelyn Brown,25,5,Gains In Performance
2022-10-15,21,You Didn't,Brett Young,23,46,Gains In Performance
2022-10-15,22,Heartfirst,Kelsea Ballerini,24,27,Gains In Performance
2022-10-15,23,No Body,Blake Shelton,26,8,Gains In Performance
2022-10-15,24,Heart Like A Truck,Lainey Wilson,28,21,Gains In Performance
2022-10-15,25,Gold,Dierks Bentley,27,11,Gains In Performance
2022-10-15,26,Wait In The Truck,HARDY Featuring Lainey Wilson,30,7,Gains In Performance
2022-10-15,27,My Bar,Priscilla Block,29,34,Gains In Performance
2022-10-15,28,Water Under The Bridge,Sam Hunt,31,16,Gains In Performance
2022-10-15,29,Joy Of My Life,Chris Stapleton,32,27,Gains In Performance
2022-10-15,30,What He Didn't Do,Carly Pearce,33,16,Gains In Performance
2022-10-15,31,Handle On You,Parker McCollum,34,9,Gains In Performance
2022-10-15,32,Holy Water,Michael Ray,35,31,Gains In Performance
2022-10-15,33,Wild As Her,Corey Kent,36,10,Gains In Performance
2022-10-15,34,Human,Cody Johnson,38,18,Gains In Performance
2022-10-15,35,Beer With My Friends,Kenny Chesney & Old Dominion,37,7,Gains In Performance
2022-10-15,36,How It Oughta Be,Shane Profitt,44,5,Gains In Performance
2022-10-15,37,You,Dan + Shay,40,12,Gains In Performance
2022-10-15,38,Brown Eyes Baby,Keith Urban,39,13,Gains In Performance
2022-10-15,39,Good Day For Living,Joe Nichols,41,28,Gains In Performance
2022-10-15,40,Everything She Ain't,Hailey Whitters,46,23,Gains In Performance
2022-10-15,41,Girl In Mine,Parmalee,45,6,Gains In Performance
2022-10-15,42,Note To Self,Randy Houser,43,28,Gains In Performance
2022-10-15,43,Y'all Life,Walker Hayes,42,11,
2022-10-15,44,Doing Life With Me,Eric Church,47,12,Gains In Performance
2022-10-15,45,Son Of A,Dillon Carmichael,48,36,Gains In Performance
2022-10-15,46,Something In The Orange,Zach Bryan,53,14,Gains In Performance
2022-10-15,47,Songs About You,Brett Eldredge,49,22,
2022-10-15,48,Man Made,Matt Stell,50,16,Gains In Performance
2022-10-15,49,Strange,Miranda Lambert,51,10,Gains In Performance
2022-10-15,50,Never Til Now,Ashley Cooke + Brett Young,52,9,Gains In Performance
2022-10-15,51,It Matters To Her,Scotty McCreery,55,4,Gains In Performance
2022-10-15,52,Worth A Shot,Elle King Featuring Dierks Bentley,54,6,
2022-10-15,53,Can't Have Mine,Dylan Scott,57,3,Gains In Performance
2022-10-15,54,Your Heart Or Mine,Jon Pardi,NEW,1,Highest ranking debut|Gains In Performance
2022-10-15,55,Sounds Like Something I'd Do,Drake Milligan,NEW,1,Gains In Performance
2022-10-15,56,Excuses,Kolby Cooper,59,3,Gains In Performance
2022-10-15,57,"Salt, Lime & Tequila",Ryan Griffin,56,19,
2022-10-15,58,Longneck Way To Go,Midland Featuring Jon Pardi,58,4,
2022-10-15,59,I Can't Decide,Easton Corbin,NEW,1,Gains In Performance
2022-10-15,60,How You Make A Man,Craig Morgan,NEW,1,Gains In Performance
2022-10-22,1,You Proof,Morgan Wallen,1,18,Gains In Performance
2022-10-22,2,She Had Me At Heads Carolina,Cole Swindell,2,19,
2022-10-22,3,5 Foot 9,Tyler Hubbard,4,22,Gains In Performance
2022-10-22,4,The Kind Of Love We Make,Luke Combs,3,18,
2022-10-22,5,Wishful Drinking,Ingrid Andress With Sam Hunt,5,42,Gains In Performance
2022-10-22,6,Half Of Me,Thomas Rhett Featuring Riley Green,6,20,Gains In Performance
2022-10-22,7,Don't Come Lookin',Jackson Dean,7,33,Gains In Performance
2022-10-22,8,Fall In Love,Bailey Zimmerman,8,18,Gains In Performance
2022-10-22,9,Son Of A Sinner,Jelly Roll,10,33,Gains In Performance
2022-10-22,10,Country On,Luke Bryan,9,16,Gains In Performance
2022-10-22,11,Pick Me Up,Gabby Barrett,11,36,Gains In Performance
2022-10-22,12,Down Home,Jimmie Allen,12,31,Gains In Performance
2022-10-22,13,What My World Spins Around,Jordan Davis,14,21,Gains In Performance
2022-10-22,14,That's What Tequila Does,Jason Aldean,15,13,Gains In Performance
2022-10-22,15,Out In The Middle,Zac Brown Band,13,37,
2022-10-22,16,She Likes It,Russell Dickerson & Jake Scott,16,28,Gains In Performance
2022-10-22,17,Whiskey On You,Nate Smith,18,18,Gains In Performance
2022-10-22,18,Party Mode,Dustin Lynch,17,36,Gains In Performance
2022-10-22,19,Thank God,Kane Brown With Katelyn Brown,20,6,Greatest gainer this week|Gains In Performance
2022-10-22,20,Soul,Lee Brice,19,46,
2022-10-22,21,No Body,Blake Shelton,23,9,Gains In Performance
2022-10-22,22,You Didn't,Brett Young,21,47,Gains In Performance
2022-10-22,23,Heartfirst,Kelsea Ballerini,22,28,
2022-10-22,24,Wait In The Truck,HARDY Featuring Lainey Wilson,26,8,Gains In Performance
2022-10-22,25,Gold,Dierks Bentley,25,12,Gains In Performance
2022-10-22,26,Heart Like A Truck,Lainey Wilson,24,22,Gains In Performance
2022-10-22,27,What He Didn't Do,Carly Pearce,30,17,Gains In Performance
2022-10-22,28,Water Under The Bridge,Sam Hunt,28,17,Gains In Performance
2022-10-22,29,My Bar,Priscilla Block,27,35,
2022-10-22,30,Joy Of My Life,Chris Stapleton,29,28,Gains In Performance
2022-10-22,31,Wild As Her,Corey Kent,33,11,Gains In Performance
2022-10-22,32,Handle On You,Parker McCollum,31,10,Gains In Performance
2022-10-22,33,Brown Eyes Baby,Keith Urban,38,14,Gains In Performance
2022-10-22,34,Human,Cody Johnson,34,19,Gains In Performance
2022-10-22,35,How It Oughta Be,Shane Profitt,36,6,Gains In Performance
2022-10-22,36,Beer With My Friends,Kenny Chesney & Old Dominion,35,8,
2022-10-22,37,You,Dan + Shay,37,13,
2022-10-22,38,Good Day For Living,Joe Nichols,39,29,Gains In Performance
2022-10-22,39,Everything She Ain't,Hailey Whitters,40,24,Gains In Performance
2022-10-22,40,Y'all Life,Walker Hayes,43,12,Gains In Performance
2022-10-22,41,Note To Self,Randy Houser,42,29,
2022-10-22,42,Girl In Mine,Parmalee,41,7,
2022-10-22,43,Doing Life With Me,Eric Church,44,13,Gains In Performance
2022-10-22,44,Something In The Orange,Zach Bryan,46,15,Gains In Performance
2022-10-22,45,Strange,Miranda Lambert,49,11,Gains In Performance
2022-10-22,46,Son Of A,Dillon Carmichael,45,37,Gains In Performance
2022-10-22,47,Man Made,Matt Stell,48,17,Gains In Performance
2022-10-22,48,Songs About You,Brett Eldredge,47,23,
2022-10-22,49,It Matters To Her,Scotty McCreery,51,5,Gains In Performance
2022-10-22,50,Never Til Now,Ashley Cooke + Brett Young,50,10,Gains In Performance
2022-10-22,51,Worth A Shot,Elle King Featuring Dierks Bentley,52,7,Gains In Performance
2022-10-22,52,Your Heart Or Mine,Jon Pardi,54,2,Gains In Performance
2022-10-22,53,Can't Have Mine,Dylan Scott,53,4,Gains In Performance
2022-10-22,54,Excuses,Kolby Cooper,56,4,Gains In Performance
2022-10-22,55,I Can't Love You Anymore,Maren Morris,RE,2,Gains In Performance
2022-10-22,56,Longneck Way To Go,Midland Featuring Jon Pardi,58,5,Gains In Performance
2022-10-22,57,Sounds Like Something I'd Do,Drake Milligan,55,2,
2022-10-22,58,Rock And A Hard Place,Bailey Zimmerman,NEW,1,Highest ranking debut|Gains In Performance
2022-10-22,59,I Can't Decide,Easton Corbin,59,2,Gains In Performance
2022-10-22,60,"Salt, Lime & Tequila",Ryan Griffin,57,20,
2022-10-29,1,You Proof,Morgan Wallen,1,19,Gains In Performance
2022-10-29,2,She Had Me At Heads Carolina,Cole Swindell,2,20,
2022-10-29,3,5 Foot 9,Tyler Hubbard,3,23,Gains In Performance
2022-10-29,4,The Kind Of Love We Make,Luke Combs,4,19,
2022-10-29,5,Wishful Drinking,Ingrid Andress With Sam Hunt,5,43,Gains In Performance
2022-10-29,6,Half Of Me,Thomas Rhett Featuring Riley Green,6,21,Gains In Performance
2022-10-29,7,Don't Come Lookin',Jackson Dean,7,34,Gains In Performance
2022-10-29,8,Fall In Love,Bailey Zimmerman,8,19,Gains In Performance
2022-10-29,9,Son Of A Sinner,Jelly Roll,9,34,Gains In Performance
2022-10-29,10,Country On,Luke Bryan,10,17,Gains In Performance
2022-10-29,11,Pick Me Up,Gabby Barrett,11,37,Gains In Performance
2022-10-29,12,Down Home,Jimmie Allen,12,32,Gains In Performance
2022-10-29,13,What My World Spins Around,Jordan Davis,13,22,Gains In Performance
2022-10-29,14,That's What Tequila Does,Jason Aldean,14,14,Gains In Performance
2022-10-29,15,Out In The Middle,Zac Brown Band,15,38,Gains In Performance
2022-10-29,16,Whiskey On You,Nate Smith,17,19,Gains In Performance
2022-10-29,17,She Likes It,Russell Dickerson & Jake Scott,16,29,Gains In Performance
2022-10-29,18,Thank God,Kane Brown With Katelyn Brown,19,7,Gains In Performance
2022-10-29,19,Party Mode,Dustin Lynch,18,37,Gains In Performance
2022-10-29,20,Soul,Lee Brice,20,47,Gains In Performance
2022-10-29,21,You Didn't,Brett Young,22,48,Gains In Performance
2022-10-29,22,No Body,Blake Shelton,21,10,
2022-10-29,23,Wait In The Truck,HARDY Featuring Lainey Wilson,24,9,Gains In Performance
2022-10-29,24,Heart Like A Truck,Lainey Wilson,26,23,Gains In Performance
2022-10-29,25,Heartfirst,Kelsea Ballerini,23,29,
2022-10-29,26,Gold,Dierks Bentley,25,13,Gains In Performance
2022-10-29,27,What He Didn't Do,Carly Pearce,27,18,Gains In Performance
2022-10-29,28,Handle On You,Parker McCollum,32,11,Gains In Performance
2022-10-29,29,Water Under The Bridge,Sam Hunt,28,18,Gains In Performance
2022-10-29,30,Joy Of My Life,Chris Stapleton,30,29,Gains In Performance
2022-10-29,31,Wild As Her,Corey Kent,31,12,Gains In Performance
2022-10-29,32,Human,Cody Johnson,34,20,Gains In Performance
2022-10-29,33,How It Oughta Be,Shane Profitt,35,7,Gains In Performance
2022-10-29,34,Brown Eyes Baby,Keith Urban,33,15,Gains In Performance
2022-10-29,35,Beer With My Friends,Kenny Chesney & Old Dominion,36,9,
2022-10-29,36,You,Dan + Shay,37,14,Gains In Performance
2022-10-29,37,Good Day For Living,Joe Nichols,38,30,
2022-10-29,38,Note To Self,Randy Houser,41,30,Gains In Performance
2022-10-29,39,Son Of A,Dillon Carmichael,46,38,Gains In Performance
2022-10-29,40,Everything She Ain't,Hailey Whitters,39,25,Gains In Performance
2022-10-29,41,Girl In Mine,Parmalee,42,8,Gains In Performance
2022-10-29,42,Doing Life With Me,Eric Church,43,14,Gains In Performance
2022-10-29,43,Y'all Life,Walker Hayes,40,13,Gains In Performance
2022-10-29,44,Something In The Orange,Zach Bryan,44,16,Gains In Performance
2022-10-29,45,Strange,Miranda Lambert,45,12,Gains In Performance
2022-10-29,46,Man Made,Matt Stell,47,18,Gains In Performance
2022-10-29,47,Songs About You,Brett Eldredge,48,24,Gains In Performance
2022-10-29,48,It Matters To Her,Scotty McCreery,49,6,Gains In Performance
2022-10-29,49,"Going, Going, Gone",Luke Combs,NEW,1,Highest ranking debut|Gains In Performance
2022-10-29,50,Never Til Now,Ashley Cooke + Brett Young,50,11,
2022-10-29,51,Your Heart Or Mine,Jon Pardi,52,3,Gains In Performance
2022-10-29,52,Excuses,Kolby Cooper,54,5,Gains In Performance
2022-10-29,53,Can't Have Mine,Dylan Scott,53,5,Gains In Performance
2022-10-29,54,Worth A Shot,Elle King Featuring Dierks Bentley,51,8,Gains In Performance
2022-10-29,55,Longneck Way To Go,Midland Featuring Jon Pardi,56,6,
2022-10-29,56,If He Wanted To He Would,Kylie Morgan,NEW,1,Gains In Performance
2022-10-29,57,Sounds Like Something I'd Do,Drake Milligan,57,3,Gains In Performance
2022-10-29,58,Rock And A Hard Place,Bailey Zimmerman,58,2,Gains In Performance
2022-10-29,59,Mind On You,George Birge,RE,2,Gains In Performance
2022-10-29,60,Take It Slow,Conner Smith,NEW,1,Gains In Performance
2022-11-05,1,You Proof,Morgan Wallen,1,20,
2022-11-05,2,She Had Me At Heads Carolina,Cole Swindell,2,21,
2022-11-05,3,5 Foot 9,Tyler Hubbard,3,24,Gains In Performance
2022-11-05,4,Wishful Drinking,Ingrid Andress With Sam Hunt,5,44,Gains In Performance
2022-11-05,5,Half Of Me,Thomas Rhett Featuring Riley Green,6,22,Gains In Performance
2022-11-05,6,The Kind Of Love We Make,Luke Combs,4,20,
2022-11-05,7,Don't Come Lookin',Jackson Dean,7,35,
2022-11-05,8,Fall In Love,Bailey Zimmerman,8,20,Gains In Performance
2022-11-05,9,Country On,Luke Bryan,10,18,Gains In Performance
2022-11-05,10,Son Of A Sinner,Jelly Roll,9,35,
2022-11-05,11,Down Home,Jimmie Allen,12,33,Gains In Performance
2022-11-05,12,Pick Me Up,Gabby Barrett,11,38,Gains In Performance
2022-11-05,13,What My World Spins Around,Jordan Davis,13,23,Gains In Performance
2022-11-05,14,That's What Tequila Does,Jason Aldean,14,15,Gains In Performance
2022-11-05,15,Out In The Middle,Zac Brown Band,15,39,Gains In Performance
2022-11-05,16,Whiskey On You,Nate Smith,16,20,Gains In Performance
2022-11-05,17,Thank God,Kane Brown With Katelyn Brown,18,8,Gains In Performance
2022-11-05,18,She Likes It,Russell Dickerson & Jake Scott,17,30,
2022-11-05,19,Party Mode,Dustin Lynch,19,38,
2022-11-05,20,Soul,Lee Brice,20,48,
2022-11-05,21,You Didn't,Brett Young,21,49,Gains In Performance
2022-11-05,22,No Body,Blake Shelton,22,11,Gains In Performance
2022-11-05,23,Heart Like A Truck,Lainey Wilson,24,24,Gains In Performance
2022-11-05,24,Gold,Dierks Bentley,26,14,Gains In Performance
2022-11-05,25,Wait In The Truck,HARDY Featuring Lainey Wilson,23,10,Gains In Performance
2022-11-05,26,Heartfirst,Kelsea Ballerini,25,30,
2022-11-05,27,What He Didn't Do,Carly Pearce,27,19,Gains In Performance
2022-11-05,28,Handle On You,Parker McCollum,28,12,Gains In Performance
2022-11-05,29,Joy Of My Life,Chris Stapleton,30,30,Gains In Performance
2022-11-05,30,Water Under The Bridge,Sam Hunt,29,19,Gains In Performance
2022-11-05,31,Wild As Her,Corey Kent,31,13,Gains In Performance
2022-11-05,32,Human,Cody Johnson,32,21,Gains In Performance
2022-11-05,33,"Going, Going, Gone",Luke Combs,49,2,Gains In Performance
2022-11-05,34,How It Oughta Be,Shane Profitt,33,8,Gains In Performance
2022-11-05,35,Brown Eyes Baby,Keith Urban,34,16,
2022-11-05,36,Beer With My Friends,Kenny Chesney & Old Dominion,35,10,Gains In Performance
2022-11-05,37,You,Dan + Shay,36,15,Gains In Performance
2022-11-05,38,Good Day For Living,Joe Nichols,37,31,Gains In Performance
2022-11-05,39,Something In The Orange,Zach Bryan,44,17,Gains In Performance
2022-11-05,40,Note To Self,Randy Houser,38,31,Gains In Performance
2022-11-05,41,Y'all Life,Walker Hayes,43,14,Gains In Performance
2022-11-05,42,Doing Life With Me,Eric Church,42,15,Gains In Performance
2022-11-05,43,Son Of A,Dillon Carmichael,39,39,Gains In Performance
2022-11-05,44,Everything She Ain't,Hailey Whitters,40,26,Gains In Performance
2022-11-05,45,Girl In Mine,Parmalee,41,9,
2022-11-05,46,Strange,Miranda Lambert,45,13,Gains In Performance
2022-11-05,47,Man Made,Matt Stell,46,19,Gains In Performance
2022-11-05,48,It Matters To Her,Scotty McCreery,48,7,Gains In Performance
2022-11-05,49,Your Heart Or Mine,Jon Pardi,51,4,Gains In Performance
2022-11-05,50,Over For You,Morgan Evans,NEW,1,Gains In Performance
2022-11-05,51,Songs About You,Brett Eldredge,47,25,
2022-11-05,52,Excuses,Kolby Cooper,52,6,Gains In Performance
2022-11-05,53,Can't Have Mine,Dylan Scott,53,6,Gains In Performance
2022-11-05,54,Worth A Shot,Elle King Featuring Dierks Bentley,54,9,Gains In Performance
2022-11-05,55,Rock And A Hard Place,Bailey Zimmerman,58,3,Gains In Performance
2022-11-05,56,Never Til Now,Ashley Cooke + Brett Young,50,12,
2022-11-05,57,Sounds Like Something I'd Do,Drake Milligan,57,4,Gains In Performance
2022-11-05,58,Longneck Way To Go,Midland Featuring Jon Pardi,55,7,Gains In Performance
2022-11-05,59,Mind On You,George Birge,59,3,Gains In Performance
2022-11-05,60,I Can't Decide,Easton Corbin,RE,3,Gains In Performance
2022-11-12,1,You Proof,Morgan Wallen,1,21,Gains In Performance
2022-11-12,2,5 Foot 9,Tyler Hubbard,3,25,Gains In Performance
2022-11-12,3,She Had Me At Heads Carolina,Cole Swindell,2,22,
2022-11-12,4,Wishful Drinking,Ingrid Andress With Sam Hunt,4,45,Greatest gainer this week|Gains In Performance
2022-11-12,5,Half Of Me,Thomas Rhett Featuring Riley Green,5,23,Gains In Performance
2022-11-12,6,The Kind Of Love We Make,Luke Combs,6,21,
2022-11-12,7,Don't Come Lookin',Jackson Dean,7,36,Gains In Performance
2022-11-12,8,Fall In Love,Bailey Zimmerman,8,21,Gains In Performance
2022-11-12,9,Country On,Luke Bryan,9,19,Gains In Performance
2022-11-12,10,Son Of A Sinner,Jelly Roll,10,36,Gains In Performance
2022-11-12,11,Down Home,Jimmie Allen,11,34,Gains In Performance
2022-11-12,12,Pick Me Up,Gabby Barrett,12,39,Gains In Performance
2022-11-12,13,What My World Spins Around,Jordan Davis,13,24,Gains In Performance
2022-11-12,14,That's What Tequila Does,Jason Aldean,14,16,Gains In Performance
2022-11-12,15,Whiskey On You,Nate Smith,16,21,Gains In Performance
2022-11-12,16,Out In The Middle,Zac Brown Band,15,40,Gains In Performance
2022-11-12,17,Thank God,Kane Brown With Katelyn Brown,17,9,Gains In Performance
2022-11-12,18,She Likes It,Russell Dickerson & Jake Scott,18,31,Gains In Performance
2022-11-12,19,Party Mode,Dustin Lynch,19,39,Gains In Performance
2022-11-12,20,You Didn't,Brett Young,21,50,Gains In Performance
2022-11-12,21,Soul,Lee Brice,20,49,Gains In Performance
2022-11-12,22,Heart Like A Truck,Lainey Wilson,23,25,Gains In Performance
2022-11-12,23,No Body,Blake Shelton,22,12,Gains In Performance
2022-11-12,24,Gold,Dierks Bentley,24,15,Gains In Performance
2022-11-12,25,What He Didn't Do,Carly Pearce,27,20,Gains In Performance
2022-11-12,26,Wait In The Truck,HARDY Featuring Lainey Wilson,25,11,Gains In Performance
2022-11-12,27,"Going, Going, Gone",Luke Combs,33,3,Gains In Performance
2022-11-12,28,Joy Of My Life,Chris Stapleton,29,31,Gains In Performance
2022-11-12,29,Handle On You,Parker McCollum,28,13,Gains In Performance
2022-11-12,30,Water Under The Bridge,Sam Hunt,30,20,Gains In Performance
2022-11-12,31,Heartfirst,Kelsea Ballerini,26,31,
2022-11-12,32,Wild As Her,Corey Kent,31,14,Gains In Performance
2022-11-12,33,Human,Cody Johnson,32,22,Gains In Performance
2022-11-12,34,How It Oughta Be,Shane Profitt,34,9,Gains In Performance
2022-11-12,35,Brown Eyes Baby,Keith Urban,35,17,Gains In Performance
2022-11-12,36,Good Day For Living,Joe Nichols,38,32,Gains In Performance
2022-11-12,37,You,Dan + Shay,37,16,Gains In Performance
2022-11-12,38,Beer With My Friends,Kenny Chesney & Old Dominion,36,11,Gains In Performance
2022-11-12,39,Something In The Orange,Zach Bryan,39,18,Gains In Performance
2022-11-12,40,Note To Self,Randy Houser,40,32,Gains In Performance
2022-11-12,41,Y'all Life,Walker Hayes,41,15,Gains In Performance
2022-11-12,42,Son Of A,Dillon Carmichael,43,40,Gains In Performance
2022-11-12,43,Doing Life With Me,Eric Church,42,16,Gains In Performance
2022-11-12,44,Everything She Ain't,Hailey Whitters,44,27,Gains In Performance
2022-11-12,45,Thought You Should Know,Morgan Wallen,NEW,1,Highest ranking debut|Gains In Performance
2022-11-12,46,Man Made,Matt Stell,47,20,Gains In Performance
2022-11-12,47,Strange,Miranda Lambert,46,14,Gains In Performance
2022-11-12,48,Girl In Mine,Parmalee,45,10,Gains In Performance
2022-11-12,49,It Matters To Her,Scotty McCreery,48,8,Gains In Performance
2022-11-12,50,Over For You,Morgan Evans,50,2,Gains In Performance
2022-11-12,51,Your Heart Or Mine,Jon Pardi,49,5,Gains In Performance
2022-11-12,52,Rock And A Hard Place,Bailey Zimmerman,55,4,Gains In Performance
2022-11-12,53,Can't Have Mine,Dylan Scott,53,7,Gains In Performance
2022-11-12,54,Songs About You,Brett Eldredge,51,26,Gains In Performance
2022-11-12,55,Never Til Now,Ashley Cooke + Brett Young,56,13,Gains In Performance
2022-11-12,56,Excuses,Kolby Cooper,52,7,Gains In Performance
2022-11-12,57,Worth A Shot,Elle King Featuring Dierks Bentley,54,10,Gains In Performance
2022-11-12,58,Longneck Way To Go,Midland Featuring Jon Pardi,58,8,Gains In Performance
2022-11-12,59,Sounds Like Something I'd Do,Drake Milligan,57,5,Gains In Performance
2022-11-12,60,Hate My Heart,Carrie Underwood,NEW,1,Gains In Performance
2022-11-19,1,5 Foot 9,Tyler Hubbard,2,26,Gains In Performance
2022-11-19,2,You Proof,Morgan Wallen,1,22,
2022-11-19,3,Half Of Me,Thomas Rhett Featuring Riley Green,5,24,Gains In Performance
2022-11-19,4,She Had Me At Heads Carolina,Cole Swindell,3,23,
2022-11-19,5,The Kind Of Love We Make,Luke Combs,6,22,
2022-11-19,6,Wishful Drinking,Ingrid Andress With Sam Hunt,4,46,
2022-11-19,7,Don't Come Lookin',Jackson Dean,7,37,Gains In Performance
2022-11-19,8,Fall In Love,Bailey Zimmerman,8,22,Gains In Performance
2022-11-19,9,Country On,Luke Bryan,9,20,
2022-11-19,10,Down Home,Jimmie Allen,11,35,Gains In Performance
2022-11-19,11,Son Of A Sinner,Jelly Roll,10,37,
2022-11-19,12,What My World Spins Around,Jordan Davis,13,25,Gains In Performance
2022-11-19,13,Pick Me Up,Gabby Barrett,12,40,
2022-11-19,14,Whiskey On You,Nate Smith,15,22,Gains In Performance
2022-11-19,15,Thank God,Kane Brown With Katelyn Brown,17,10,Gains In Performance
2022-11-19,16,That's What Tequila Does,Jason Aldean,14,17,Gains In Performance
2022-11-19,17,Out In The Middle,Zac Brown Band,16,41,
2022-11-19,18,You Didn't,Brett Young,20,51,Gains In Performance
2022-11-19,19,Heart Like A Truck,Lainey Wilson,22,26,Gains In Performance
2022-11-19,20,What He Didn't Do,Carly Pearce,25,21,Gains In Performance
2022-11-19,21,Gold,Dierks Bentley,24,16,Gains In Performance
2022-11-19,22,"Going, Going, Gone",Luke Combs,27,4,Gains In Performance
2022-11-19,23,No Body,Blake Shelton,23,13,
2022-11-19,24,Soul,Lee Brice,21,50,
2022-11-19,25,Wait In The Truck,HARDY Featuring Lainey Wilson,26,12,Gains In Performance
2022-11-19,26,Handle On You,Parker McCollum,29,14,Gains In Performance
2022-11-19,27,Water Under The Bridge,Sam Hunt,30,21,Gains In Performance
2022-11-19,28,Joy Of My Life,Chris Stapleton,28,32,
2022-11-19,29,Heaven By Then,Brantley Gilbert And Blake Shelton Featuring Vince Gill,NEW,1,Highest ranking debut|Gains In Performance
2022-11-19,30,Wild As Her,Corey Kent,32,15,Gains In Performance
2022-11-19,31,Thought You Should Know,Morgan Wallen,45,2,Gains In Performance
2022-11-19,32,Human,Cody Johnson,33,23,Gains In Performance
2022-11-19,33,Brown Eyes Baby,Keith Urban,35,18,Gains In Performance
2022-11-19,34,How It Oughta Be,Shane Profitt,34,10,Gains In Performance
2022-11-19,35,Good Day For Living,Joe Nichols,36,33,Gains In Performance
2022-11-19,36,Something In The Orange,Zach Bryan,39,19,Gains In Performance
2022-11-19,37,You,Dan + Shay,37,17,
2022-11-19,38,Beer With My Friends,Kenny Chesney & Old Dominion,38,12,
2022-11-19,39,Note To Self,Randy Houser,40,33,Gains In Performance
2022-11-19,40,Y'all Life,Walker Hayes,41,16,Gains In Performance
2022-11-19,41,Son Of A,Dillon Carmichael,42,41,Gains In Performance
2022-11-19,42,Doing Life With Me,Eric Church,43,17,
2022-11-19,43,Everything She Ain't,Hailey Whitters,44,28,Gains In Performance
2022-11-19,44,Girl In Mine,Parmalee,48,11,Gains In Performance
2022-11-19,45,It Matters To Her,Scotty McCreery,49,9,Gains In Performance
2022-11-19,46,Man Made,Matt Stell,46,21,
2022-11-19,47,Strange,Miranda Lambert,47,15,
2022-11-19,48,Rock And A Hard Place,Bailey Zimmerman,52,5,Gains In Performance
2022-11-19,49,Your Heart Or Mine,Jon Pardi,51,6,Gains In Performance
2022-11-19,50,Over For You,Morgan Evans,50,3,
2022-11-19,51,Excuses,Kolby Cooper,56,8,Gains In Performance
2022-11-19,52,Can't Have Mine,Dylan Scott,53,8,Gains In Performance
2022-11-19,53,Never Til Now,Ashley Cooke + Brett Young,55,14,Gains In Performance
2022-11-19,54,Sounds Like Something I'd Do,Drake Milligan,59,6,Gains In Performance
2022-11-19,55,Hate My Heart,Carrie Underwood,60,2,Gains In Performance
2022-11-19,56,Worth A Shot,Elle King Featuring Dierks Bentley,57,11,
2022-11-19,57,Longneck Way To Go,Midland Featuring Jon Pardi,58,9,
2022-11-19,58,"You, Me, & Whiskey",Justin Moore & Priscilla Block,NEW,1,Gains In Performance
2022-11-19,59,If He Wanted To He Would,Kylie Morgan,RE,2,Gains In Performance
2022-11-19,60,Mind On You,George Birge,RE,4,Gains In Performance
2022-11-26,1,Half Of Me,Thomas Rhett Featuring Riley Green,3,25,Gains In Performance
2022-11-26,2,You Proof,Morgan Wallen,2,23,
2022-11-26,3,She Had Me At Heads Carolina,Cole Swindell,4,24,
2022-11-26,4,5 Foot 9,Tyler Hubbard,1,27,
2022-11-26,5,Don't Come Lookin',Jackson Dean,7,38,Gains In Performance
2022-11-26,6,Fall In Love,Bailey Zimmerman,8,23,Gains In Performance
2022-11-26,7,Down Home,Jimmie Allen,10,36,Gains In Performance
2022-11-26,8,Country On,Luke Bryan,9,21,Gains In Performance
2022-11-26,9,Son Of A Sinner,Jelly Roll,11,38,Gains In Performance
2022-11-26,10,What My World Spins Around,Jordan Davis,12,26,Gains In Performance
2022-11-26,11,Pick Me Up,Gabby Barrett,13,41,Gains In Performance
2022-11-26,12,Whiskey On You,Nate Smith,14,23,Gains In Performance
2022-11-26,13,Thank God,Kane Brown With Katelyn Brown,15,11,Gains In Performance
2022-11-26,14,That's What Tequila Does,Jason Aldean,16,18,Gains In Performance
2022-11-26,15,Out In The Middle,Zac Brown Band,17,42,Gains In Performance
2022-11-26,16,You Didn't,Brett Young,18,52,Gains In Performance
2022-11-26,17,Heart Like A Truck,Lainey Wilson,19,27,Gains In Performance
2022-11-26,18,"Going, Going, Gone",Luke Combs,22,5,Gains In Performance
2022-11-26,19,Gold,Dierks Bentley,21,17,Gains In Performance
2022-11-26,20,What He Didn't Do,Carly Pearce,20,22,Gains In Performance
2022-11-26,21,Wait In The Truck,HARDY Featuring Lainey Wilson,25,13,Gains In Performance
2022-11-26,22,No Body,Blake Shelton,23,14,Gains In Performance
2022-11-26,23,Thought You Should Know,Morgan Wallen,31,3,Greatest gainer this week|Gains In Performance
2022-11-26,24,Handle On You,Parker McCollum,26,15,Gains In Performance
2022-11-26,25,Joy Of My Life,Chris Stapleton,28,33,Gains In Performance
2022-11-26,26,Water Under The Bridge,Sam Hunt,27,22,Gains In Performance
2022-11-26,27,Wild As Her,Corey Kent,30,16,Gains In Performance
2022-11-26,28,Human,Cody Johnson,32,24,Gains In Performance
2022-11-26,29,Brown Eyes Baby,Keith Urban,33,19,Gains In Performance
2022-11-26,30,How It Oughta Be,Shane Profitt,34,11,Gains In Performance
2022-11-26,31,Good Day For Living,Joe Nichols,35,34,Gains In Performance
2022-11-26,32,Beer With My Friends,Kenny Chesney & Old Dominion,38,13,Gains In Performance
2022-11-26,33,Something In The Orange,Zach Bryan,36,20,Gains In Performance
2022-11-26,34,You,Dan + Shay,37,18,Gains In Performance
2022-11-26,35,Y'all Life,Walker Hayes,40,17,Gains In Performance
2022-11-26,36,Note To Self,Randy Houser,39,34,
2022-11-26,37,Son Of A,Dillon Carmichael,41,42,Gains In Performance
2022-11-26,38,Girl In Mine,Parmalee,44,12,Gains In Performance
2022-11-26,39,Everything She Ain't,Hailey Whitters,43,29,Gains In Performance
2022-11-26,40,Doing Life With Me,Eric Church,42,18,Gains In Performance
2022-11-26,41,It Matters To Her,Scotty McCreery,45,10,Gains In Performance
2022-11-26,42,Man Made,Matt Stell,46,22,Gains In Performance
2022-11-26,43,Strange,Miranda Lambert,47,16,Gains In Performance
2022-11-26,44,Excuses,Kolby Cooper,51,9,Gains In Performance
2022-11-26,45,Your Heart Or Mine,Jon Pardi,49,7,
2022-11-26,46,Over For You,Morgan Evans,50,4,Gains In Performance
2022-11-26,47,Rock And A Hard Place,Bailey Zimmerman,48,6,
2022-11-26,48,Can't Have Mine,Dylan Scott,52,9,Gains In Performance
2022-11-26,49,Hate My Heart,Carrie Underwood,55,3,Gains In Performance
2022-11-26,50,"You, Me, & Whiskey",Justin Moore & Priscilla Block,58,2,Gains In Performance
2022-11-26,51,Sounds Like Something I'd Do,Drake Milligan,54,7,Gains In Performance
2022-11-26,52,Worth A Shot,Elle King Featuring Dierks Bentley,56,12,Gains In Performance
2022-11-26,53,Never Til Now,Ashley Cooke + Brett Young,53,15,
2022-11-26,54,Heaven By Then,Brantley Gilbert And Blake Shelton Featuring Vince Gill,29,2,
2022-11-26,55,Longneck Way To Go,Midland Featuring Jon Pardi,57,10,
2022-11-26,56,If He Wanted To He Would,Kylie Morgan,59,3,
2022-11-26,57,I Can't Decide,Easton Corbin,RE,4,Gains In Performance
2022-11-26,58,Mind On You,George Birge,60,5,
2022-11-26,59,Oklahoma Breakdown,Toby Keith,NEW,1,Highest ranking debut|Gains In Performance
2022-11-26,60,Take It Slow,Conner Smith,RE,2,Gains In Performance
2022-12-03,1,You Proof,Morgan Wallen,2,24,
2022-12-03,2,Half Of Me,Thomas Rhett Featuring Riley Green,1,26,
2022-12-03,3,Don't Come Lookin',Jackson Dean,5,39,Greatest gainer this week|Gains In Performance
2022-12-03,4,She Had Me At Heads Carolina,Cole Swindell,3,25,
2022-12-03,5,Fall In Love,Bailey Zimmerman,6,24,Gains In Performance
2022-12-03,6,5 Foot 9,Tyler Hubbard,4,28,
2022-12-03,7,Down Home,Jimmie Allen,7,37,Gains In Performance
2022-12-03,8,Son Of A Sinner,Jelly Roll,9,39,Gains In Performance
2022-12-03,9,Country On,Luke Bryan,8,22,Gains In Performance
2022-12-03,10,What My World Spins Around,Jordan Davis,10,27,Gains In Performance
2022-12-03,11,Pick Me Up,Gabby Barrett,11,42,Gains In Performance
2022-12-03,12,Whiskey On You,Nate Smith,12,24,Gains In Performance
2022-12-03,13,Thank God,Kane Brown With Katelyn Brown,13,12,Gains In Performance
2022-12-03,14,That's What Tequila Does,Jason Aldean,14,19,Gains In Performance
2022-12-03,15,Out In The Middle,Zac Brown Band,15,43,Gains In Performance
2022-12-03,16,Heart Like A Truck,Lainey Wilson,17,28,Gains In Performance
2022-12-03,17,"Going, Going, Gone",Luke Combs,18,6,Gains In Performance
2022-12-03,18,You Didn't,Brett Young,16,53,
2022-12-03,19,What He Didn't Do,Carly Pearce,20,23,Gains In Performance
2022-12-03,20,Gold,Dierks Bentley,19,18,Gains In Performance
2022-12-03,21,Wait In The Truck,HARDY Featuring Lainey Wilson,21,14,Gains In Performance
2022-12-03,22,Thought You Should Know,Morgan Wallen,23,4,Gains In Performance
2022-12-03,23,No Body,Blake Shelton,22,15,
2022-12-03,24,Handle On You,Parker McCollum,24,16,Gains In Performance
2022-12-03,25,Water Under The Bridge,Sam Hunt,26,23,Gains In Performance
2022-12-03,26,Wild As Her,Corey Kent,27,17,Gains In Performance
2022-12-03,27,Joy Of My Life,Chris Stapleton,25,34,
2022-12-03,28,Human,Cody Johnson,28,25,Gains In Performance
2022-12-03,29,Brown Eyes Baby,Keith Urban,29,20,Gains In Performance
2022-12-03,30,How It Oughta Be,Shane Profitt,30,12,Gains In Performance
2022-12-03,31,Good Day For Living,Joe Nichols,31,35,Gains In Performance
2022-12-03,32,Y'all Life,Walker Hayes,35,18,Gains In Performance
2022-12-03,33,Something In The Orange,Zach Bryan,33,21,Gains In Performance
2022-12-03,34,Beer With My Friends,Kenny Chesney & Old Dominion,32,14,
2022-12-03,35,You,Dan + Shay,34,19,Gains In Performance
2022-12-03,36,Note To Self,Randy Houser,36,35,Gains In Performance
2022-12-03,37,Son Of A,Dillon Carmichael,37,43,Gains In Performance
2022-12-03,38,Everything She Ain't,Hailey Whitters,39,30,Gains In Performance
2022-12-03,39,It Matters To Her,Scotty McCreery,41,11,Gains In Performance
2022-12-03,40,Girl In Mine,Parmalee,38,13,Gains In Performance
2022-12-03,41,Doing Life With Me,Eric Church,40,19,
2022-12-03,42,Man Made,Matt Stell,42,23,Gains In Performance
2022-12-03,43,Strange,Miranda Lambert,43,17,Gains In Performance
2022-12-03,44,Excuses,Kolby Cooper,44,10,Gains In Performance
2022-12-03,45,Hate My Heart,Carrie Underwood,49,4,Gains In Performance
2022-12-03,46,Rock And A Hard Place,Bailey Zimmerman,47,7,Gains In Performance
2022-12-03,47,Your Heart Or Mine,Jon Pardi,45,8,
2022-12-03,48,Over For You,Morgan Evans,46,5,
2022-12-03,49,Can't Have Mine,Dylan Scott,48,10,
2022-12-03,50,"You, Me, & Whiskey",Justin Moore & Priscilla Block,50,3,Gains In Performance
2022-12-03,51,Sounds Like Something I'd Do,Drake Milligan,51,8,Gains In Performance
2022-12-03,52,Worth A Shot,Elle King Featuring Dierks Bentley,52,13,Gains In Performance
2022-12-03,53,Never Til Now,Ashley Cooke + Brett Young,53,16,Gains In Performance
2022-12-03,54,Heaven By Then,Brantley Gilbert And Blake Shelton Featuring Vince Gill,54,3,Gains In Performance
2022-12-03,55,Longneck Way To Go,Midland Featuring Jon Pardi,55,11,Gains In Performance
2022-12-03,56,I Can't Love You Anymore,Maren Morris,RE,3,Gains In Performance
2022-12-03,57,If He Wanted To He Would,Kylie Morgan,56,4,Gains In Performance
2022-12-03,58,Oklahoma Breakdown,Toby Keith,59,2,Gains In Performance
2022-12-03,59,I Can't Decide,Easton Corbin,57,5,Gains In Performance
2022-12-03,60,Tennessee Orange,Megan Moroney,NEW,1,Highest ranking debut|Gains In Performance
2022-12-10,1,Fall In Love,Bailey Zimmerman,5,25,Greatest gainer this week|Gains In Performance
2022-12-10,2,You Proof,Morgan Wallen,1,25,
2022-12-10,3,She Had Me At Heads Carolina,Cole Swindell,4,26,Gains In Performance
2022-12-10,4,Half Of Me,Thomas Rhett Featuring Riley Green,2,27,
2022-12-10,5,5 Foot 9,Tyler Hubbard,6,29,
2022-12-10,6,Down Home,Jimmie Allen,7,38,Gains In Performance
2022-12-10,7,Son Of A Sinner,Jelly Roll,8,40,Gains In Performance
2022-12-10,8,What My World Spins Around,Jordan Davis,10,28,Gains In Performance
2022-12-10,9,Country On,Luke Bryan,9,23,Gains In Performance
2022-12-10,10,Whiskey On You,Nate Smith,12,25,Gains In Performance
2022-12-10,11,Pick Me Up,Gabby Barrett,11,43,Gains In Performance
2022-12-10,12,Thank God,Kane Brown With Katelyn Brown,13,13,Gains In Performance
2022-12-10,13,Don't Come Lookin',Jackson Dean,3,40,
2022-12-10,14,That's What Tequila Does,Jason Aldean,14,20,Gains In Performance
2022-12-10,15,Out In The Middle,Zac Brown Band,15,44,Gains In Performance
2022-12-10,16,Heart Like A Truck,Lainey Wilson,16,29,Gains In Performance
2022-12-10,17,You Didn't,Brett Young,18,54,Gains In Performance
2022-12-10,18,"Going, Going, Gone",Luke Combs,17,7,Gains In Performance
2022-12-10,19,Thought You Should Know,Morgan Wallen,22,5,Gains In Performance
2022-12-10,20,What He Didn't Do,Carly Pearce,19,24,Gains In Performance
2022-12-10,21,Wait In The Truck,HARDY Featuring Lainey Wilson,21,15,Gains In Performance
2022-12-10,22,Gold,Dierks Bentley,20,19,Gains In Performance
2022-12-10,23,Handle On You,Parker McCollum,24,17,Gains In Performance
2022-12-10,24,No Body,Blake Shelton,23,16,
2022-12-10,25,Wild As Her,Corey Kent,26,18,Gains In Performance
2022-12-10,26,Water Under The Bridge,Sam Hunt,25,24,Gains In Performance
2022-12-10,27,Joy Of My Life,Chris Stapleton,27,35,Gains In Performance
2022-12-10,28,Human,Cody Johnson,28,26,Gains In Performance
2022-12-10,29,Brown Eyes Baby,Keith Urban,29,21,Gains In Performance
2022-12-10,30,How It Oughta Be,Shane Profitt,30,13,Gains In Performance
2022-12-10,31,Good Day For Living,Joe Nichols,31,36,Gains In Performance
2022-12-10,32,Something In The Orange,Zach Bryan,33,22,Gains In Performance
2022-12-10,33,Beer With My Friends,Kenny Chesney & Old Dominion,34,15,Gains In Performance
2022-12-10,34,Y'all Life,Walker Hayes,32,19,Gains In Performance
2022-12-10,35,You,Dan + Shay,35,20,Gains In Performance
2022-12-10,36,Note To Self,Randy Houser,36,36,Gains In Performance
2022-12-10,37,Everything She Ain't,Hailey Whitters,38,31,Gains In Performance
2022-12-10,38,Son Of A,Dillon Carmichael,37,44,Gains In Performance
2022-12-10,39,It Matters To Her,Scotty McCreery,39,12,Gains In Performance
2022-12-10,40,Man Made,Matt Stell,42,24,Gains In Performance
2022-12-10,41,Doing Life With Me,Eric Church,41,20,Gains In Performance
2022-12-10,42,Girl In Mine,Parmalee,40,14,Gains In Performance
2022-12-10,43,Excuses,Kolby Cooper,44,11,Gains In Performance
2022-12-10,44,Rock And A Hard Place,Bailey Zimmerman,46,8,Gains In Performance
2022-12-10,45,Hate My Heart,Carrie Underwood,45,5,Gains In Performance
2022-12-10,46,Over For You,Morgan Evans,48,6,Gains In Performance
2022-12-10,47,Your Heart Or Mine,Jon Pardi,47,9,Gains In Performance
2022-12-10,48,Can't Have Mine,Dylan Scott,49,11,Gains In Performance
2022-12-10,49,Strange,Miranda Lambert,43,18,
2022-12-10,50,Heaven By Then,Brantley Gilbert And Blake Shelton Featuring Vince Gill,54,4,Gains In Performance
2022-12-10,51,Sounds Like Something I'd Do,Drake Milligan,51,9,Gains In Performance
2022-12-10,52,"You, Me, & Whiskey",Justin Moore & Priscilla Block,50,4,Gains In Performance
2022-12-10,53,Worth A Shot,Elle King Featuring Dierks Bentley,52,14,Gains In Performance
2022-12-10,54,Never Til Now,Ashley Cooke + Brett Young,53,17,Gains In Performance
2022-12-10,55,Tennessee Orange,Megan Moroney,60,2,Gains In Performance
2022-12-10,56,I Can't Decide,Easton Corbin,59,6,Gains In Performance
2022-12-10,57,Longneck Way To Go,Midland Featuring Jon Pardi,55,12,
2022-12-10,58,If He Wanted To He Would,Kylie Morgan,57,5,Gains In Performance
2022-12-10,59,Dancin' In The Country,Tyler Hubbard,NEW,1,Highest ranking debut|Gains In Performance
2022-12-10,60,I Can't Love You Anymore,Maren Morris,56,4,
2022-12-17,1,You Proof,Morgan Wallen,2,26,
2022-12-17,2,She Had Me At Heads Carolina,Cole Swindell,3,27,
2022-12-17,3,Country On,Luke Bryan,9,24,Greatest gainer this week|Gains In Performance
2022-12-17,4,Down Home,Jimmie Allen,6,39,Gains In Performance
2022-12-17,5,What My World Spins Around,Jordan Davis,8,29,Gains In Performance
2022-12-17,6,Half Of Me,Thomas Rhett Featuring Riley Green,4,28,
2022-12-17,7,Son Of A Sinner,Jelly Roll,7,41,
2022-12-17,8,Fall In Love,Bailey Zimmerman,1,26,
2022-12-17,9,Whiskey On You,Nate Smith,10,26,Gains In Performance
2022-12-17,10,Thank God,Kane Brown With Katelyn Brown,12,14,Gains In Performance
2022-12-17,11,Pick Me Up,Gabby Barrett,11,44,
2022-12-17,12,That's What Tequila Does,Jason Aldean,14,21,Gains In Performance
2022-12-17,13,Thought You Should Know,Morgan Wallen,19,6,Gains In Performance
2022-12-17,14,Out In The Middle,Zac Brown Band,15,45,
2022-12-17,15,Heart Like A Truck,Lainey Wilson,16,30,
2022-12-17,16,"Going, Going, Gone",Luke Combs,18,8,Gains In Performance
2022-12-17,17,You Didn't,Brett Young,17,55,
2022-12-17,18,What He Didn't Do,Carly Pearce,20,25,
2022-12-17,19,Wait In The Truck,HARDY Featuring Lainey Wilson,21,16,Gains In Performance
2022-12-17,20,Gold,Dierks Bentley,22,20,Gains In Performance
2022-12-17,21,Handle On You,Parker McCollum,23,18,Gains In Performance
2022-12-17,22,Wild As Her,Corey Kent,25,19,Gains In Performance
2022-12-17,23,No Body,Blake Shelton,24,17,Gains In Performance
2022-12-17,24,Water Under The Bridge,Sam Hunt,26,25,Gains In Performance
2022-12-17,25,Human,Cody Johnson,28,27,Gains In Performance
2022-12-17,26,Brown Eyes Baby,Keith Urban,29,22,Gains In Performance
2022-12-17,27,How It Oughta Be,Shane Profitt,30,14,Gains In Performance
2022-12-17,28,Good Day For Living,Joe Nichols,31,37,Gains In Performance
2022-12-17,29,Rock And A Hard Place,Bailey Zimmerman,44,9,Gains In Performance
2022-12-17,30,Beer With My Friends,Kenny Chesney & Old Dominion,33,16,
2022-12-17,31,You,Dan + Shay,35,21,Gains In Performance
2022-12-17,32,Y'all Life,Walker Hayes,34,20,
2022-12-17,33,Something In The Orange,Zach Bryan,32,23,
2022-12-17,34,Note To Self,Randy Houser,36,37,
2022-12-17,35,It Matters To Her,Scotty McCreery,39,13,Gains In Performance
2022-12-17,36,Son Of A,Dillon Carmichael,38,45,Gains In Performance
2022-12-17,37,Girl In Mine,Parmalee,42,15,Gains In Performance
2022-12-17,38,Everything She Ain't,Hailey Whitters,37,32,
2022-12-17,39,Man Made,Matt Stell,40,25,Gains In Performance
2022-12-17,40,Doing Life With Me,Eric Church,41,21,Gains In Performance
2022-12-17,41,Hate My Heart,Carrie Underwood,45,6,Gains In Performance
2022-12-17,42,Excuses,Kolby Cooper,43,12,Gains In Performance
2022-12-17,43,Your Heart Or Mine,Jon Pardi,47,10,Gains In Performance
2022-12-17,44,Over For You,Morgan Evans,46,7,
2022-12-17,45,Can't Have Mine,Dylan Scott,48,12,
2022-12-17,46,Strange,Miranda Lambert,49,19,
2022-12-17,47,Tennessee Orange,Megan Moroney,55,3,Gains In Performance
2022-12-17,48,Heaven By Then,Brantley Gilbert And Blake Shelton Featuring Vince Gill,50,5,Gains In Performance
2022-12-17,49,Never Til Now,Ashley Cooke + Brett Young,54,18,Gains In Performance
2022-12-17,50,"You, Me, & Whiskey",Justin Moore & Priscilla Block,52,5,Gains In Performance
2022-12-17,51,Dancin' In The Country,Tyler Hubbard,59,2,Gains In Performance
2022-12-17,52,Sounds Like Something I'd Do,Drake Milligan,51,10,Gains In Performance
2022-12-17,53,Worth A Shot,Elle King Featuring Dierks Bentley,53,15,
2022-12-17,54,I Can't Decide,Easton Corbin,56,7,
2022-12-17,55,If He Wanted To He Would,Kylie Morgan,58,6,
2022-12-17,56,Oklahoma Breakdown,Toby Keith,RE,3,
2022-12-17,57,I Can't Love You Anymore,Maren Morris,60,5,
2022-12-17,58,Try Losing One,Tyler Braden,NEW,1,Highest ranking debut|Gains In Performance
2022-12-17,59,We Got History,Mitchell Tenpenny,NEW,1,Gains In Performance
2022-12-17,60,Longneck Way To Go,Midland Featuring Jon Pardi,57,13,
2022-12-24,1,You Proof,Morgan Wallen,1,27,Gains In Performance
2022-12-24,2,Down Home,Jimmie Allen,4,40,Gains In Performance
2022-12-24,3,She Had Me At Heads Carolina,Cole Swindell,2,28,Gains In Performance
2022-12-24,4,What My World Spins Around,Jordan Davis,5,30,Gains In Performance
2022-12-24,5,Son Of A Sinner,Jelly Roll,7,42,Gains In Performance
2022-12-24,6,Whiskey On You,Nate Smith,9,27,Gains In Performance
2022-12-24,7,Thank God,Kane Brown With Katelyn Brown,10,15,Gains In Performance
2022-12-24,8,Half Of Me,Thomas Rhett Featuring Riley Green,6,29,
2022-12-24,9,Pick Me Up,Gabby Barrett,11,45,Gains In Performance
2022-12-24,10,That's What Tequila Does,Jason Aldean,12,22,Gains In Performance
2022-12-24,11,Thought You Should Know,Morgan Wallen,13,7,Gains In Performance
2022-12-24,12,Out In The Middle,Zac Brown Band,14,46,Gains In Performance
2022-12-24,13,"Going, Going, Gone",Luke Combs,16,9,Gains In Performance
2022-12-24,14,Country On,Luke Bryan,3,25,
2022-12-24,15,Heart Like A Truck,Lainey Wilson,15,31,Gains In Performance
2022-12-24,16,You Didn't,Brett Young,17,56,Gains In Performance
2022-12-24,17,Wait In The Truck,HARDY Featuring Lainey Wilson,19,17,Gains In Performance
2022-12-24,18,What He Didn't Do,Carly Pearce,18,26,Gains In Performance
2022-12-24,19,Gold,Dierks Bentley,20,21,Gains In Performance
2022-12-24,20,Handle On You,Parker McCollum,21,19,Gains In Performance
2022-12-24,21,Wild As Her,Corey Kent,22,20,Gains In Performance
2022-12-24,22,Rock And A Hard Place,Bailey Zimmerman,29,10,Gains In Performance
2022-12-24,23,No Body,Blake Shelton,23,18,Gains In Performance
2022-12-24,24,Brown Eyes Baby,Keith Urban,26,23,Gains In Performance
2022-12-24,25,Water Under The Bridge,Sam Hunt,24,26,Gains In Performance
2022-12-24,26,Human,Cody Johnson,25,28,Gains In Performance
2022-12-24,27,How It Oughta Be,Shane Profitt,27,15,Gains In Performance
2022-12-24,28,Good Day For Living,Joe Nichols,28,38,
2022-12-24,29,Beer With My Friends,Kenny Chesney & Old Dominion,30,17,Gains In Performance
2022-12-24,30,Y'all Life,Walker Hayes,32,21,Gains In Performance
2022-12-24,31,You,Dan + Shay,31,22,Gains In Performance
2022-12-24,32,Something In The Orange,Zach Bryan,33,24,Gains In Performance
2022-12-24,33,Son Of A,Dillon Carmichael,36,46,Gains In Performance
2022-12-24,34,Note To Self,Randy Houser,34,38,Gains In Performance
2022-12-24,35,It Matters To Her,Scotty McCreery,35,14,Gains In Performance
2022-12-24,36,Man Made,Matt Stell,39,26,Gains In Performance
2022-12-24,37,Everything She Ain't,Hailey Whitters,38,33,Gains In Performance
2022-12-24,38,Girl In Mine,Parmalee,37,16,Gains In Performance
2022-12-24,39,Hate My Heart,Carrie Underwood,41,7,Gains In Performance
2022-12-24,40,Doing Life With Me,Eric Church,40,22,Gains In Performance
2022-12-24,41,Excuses,Kolby Cooper,42,13,Gains In Performance
2022-12-24,42,Your Heart Or Mine,Jon Pardi,43,11,Gains In Performance
2022-12-24,43,Dancin' In The Country,Tyler Hubbard,51,3,Gains In Performance
2022-12-24,44,Tennessee Orange,Megan Moroney,47,4,Gains In Performance
2022-12-24,45,Can't Have Mine,Dylan Scott,45,13,Gains In Performance
2022-12-24,46,Over For You,Morgan Evans,44,8,Gains In Performance
2022-12-24,47,Heaven By Then,Brantley Gilbert And Blake Shelton Featuring Vince Gill,48,6,Gains In Performance
2022-12-24,48,"You, Me, & Whiskey",Justin Moore & Priscilla Block,50,6,Gains In Performance
2022-12-24,49,I Can't Decide,Easton Corbin,54,8,Gains In Performance
2022-12-24,50,Strange,Miranda Lambert,46,20,
2022-12-24,51,Sounds Like Something I'd Do,Drake Milligan,52,11,Gains In Performance
2022-12-24,52,Never Til Now,Ashley Cooke + Brett Young,49,19,
2022-12-24,53,Worth A Shot,Elle King Featuring Dierks Bentley,53,16,Gains In Performance
2022-12-24,54,I Can't Love You Anymore,Maren Morris,57,6,Gains In Performance
2022-12-24,55,Mind On You,George Birge,RE,6,Gains In Performance
2022-12-24,56,Longneck Way To Go,Midland Featuring Jon Pardi,60,14,Gains In Performance
2022-12-24,57,If He Wanted To He Would,Kylie Morgan,55,7,
2022-12-24,58,Try Losing One,Tyler Braden,58,2,Gains In Performance
2022-12-24,59,We Got History,Mitchell Tenpenny,59,2,Gains In Performance
2022-12-24,60,Oklahoma Breakdown,Toby Keith,56,4,Gains In Performance
2022-12-31,1,You Proof,Morgan Wallen,1,28,Gains In Performance
2022-12-31,2,What My World Spins Around,Jordan Davis,4,31,Gains In Performance
2022-12-31,3,Down Home,Jimmie Allen,2,41,Gains In Performance
2022-12-31,4,She Had Me At Heads Carolina,Cole Swindell,3,29,
2022-12-31,5,Son Of A Sinner,Jelly Roll,5,43,Gains In Performance
2022-12-31,6,Whiskey On You,Nate Smith,6,28,Gains In Performance
2022-12-31,7,Thank God,Kane Brown With Katelyn Brown,7,16,Gains In Performance
2022-12-31,8,Pick Me Up,Gabby Barrett,9,46,Gains In Performance
2022-12-31,9,That's What Tequila Does,Jason Aldean,10,23,Gains In Performance
2022-12-31,10,Thought You Should Know,Morgan Wallen,11,8,Gains In Performance
2022-12-31,11,"Going, Going, Gone",Luke Combs,13,10,Gains In Performance
2022-12-31,12,Out In The Middle,Zac Brown Band,12,47,Gains In Performance
2022-12-31,13,Heart Like A Truck,Lainey Wilson,15,32,Gains In Performance
2022-12-31,14,You Didn't,Brett Young,16,57,Gains In Performance
2022-12-31,15,Wait In The Truck,HARDY Featuring Lainey Wilson,17,18,Gains In Performance
2022-12-31,16,What He Didn't Do,Carly Pearce,18,27,Gains In Performance
2022-12-31,17,Gold,Dierks Bentley,19,22,Gains In Performance
2022-12-31,18,Handle On You,Parker McCollum,20,20,Gains In Performance
2022-12-31,19,Wild As Her,Corey Kent,21,21,Gains In Performance
2022-12-31,20,Rock And A Hard Place,Bailey Zimmerman,22,11,Greatest gainer this week|Gains In Performance
2022-12-31,21,Brown Eyes Baby,Keith Urban,24,24,Gains In Performance
2022-12-31,22,No Body,Blake Shelton,23,19,
2022-12-31,23,Water Under The Bridge,Sam Hunt,25,27,Gains In Performance
2022-12-31,24,Human,Cody Johnson,26,29,Gains In Performance
2022-12-31,25,How It Oughta Be,Shane Profitt,27,16,Gains In Performance
2022-12-31,26,Good Day For Living,Joe Nichols,28,39,
2022-12-31,27,You,Dan + Shay,31,23,Gains In Performance
2022-12-31,28,Beer With My Friends,Kenny Chesney & Old Dominion,29,18,Gains In Performance
2022-12-31,29,Y'all Life,Walker Hayes,30,22,Gains In Performance
2022-12-31,30,Something In The Orange,Zach Bryan,32,25,Gains In Performance
2022-12-31,31,Son Of A,Dillon Carmichael,33,47,Gains In Performance
2022-12-31,32,Note To Self,Randy Houser,34,39,Gains In Performance
2022-12-31,33,It Matters To Her,Scotty McCreery,35,15,Gains In Performance
2022-12-31,34,Everything She Ain't,Hailey Whitters,37,34,Gains In Performance
2022-12-31,35,Girl In Mine,Parmalee,38,17,Gains In Performance
2022-12-31,36,Man Made,Matt Stell,36,27,Gains In Performance
2022-12-31,37,Hate My Heart,Carrie Underwood,39,8,Gains In Performance
2022-12-31,38,Doing Life With Me,Eric Church,40,23,Gains In Performance
2022-12-31,39,Excuses,Kolby Cooper,41,14,Gains In Performance
2022-12-31,40,Dancin' In The Country,Tyler Hubbard,43,4,Gains In Performance
2022-12-31,41,Your Heart Or Mine,Jon Pardi,42,12,Gains In Performance
2022-12-31,42,Tennessee Orange,Megan Moroney,44,5,Gains In Performance
2022-12-31,43,Can't Have Mine,Dylan Scott,45,14,Gains In Performance
2022-12-31,44,Over For You,Morgan Evans,46,9,Gains In Performance
2022-12-31,45,"You, Me, & Whiskey",Justin Moore & Priscilla Block,48,7,Gains In Performance
2022-12-31,46,Heaven By Then,Brantley Gilbert And Blake Shelton Featuring Vince Gill,47,7,Gains In Performance
2022-12-31,47,Sounds Like Something I'd Do,Drake Milligan,51,12,Gains In Performance
2022-12-31,48,I Can't Decide,Easton Corbin,49,9,
2022-12-31,49,Worth A Shot,Elle King Featuring Dierks Bentley,53,17,Gains In Performance
2022-12-31,50,Never Til Now,Ashley Cooke + Brett Young,52,20,
2022-12-31,51,Try Losing One,Tyler Braden,58,3,Gains In Performance
2022-12-31,52,Longneck Way To Go,Midland Featuring Jon Pardi,56,15,Gains In Performance
2022-12-31,53,We Got History,Mitchell Tenpenny,59,3,Gains In Performance
2022-12-31,54,How You Make A Man,Craig Morgan,RE,2,Gains In Performance
2022-12-31,55,Take It Slow,Conner Smith,RE,3,Gains In Performance
2022-12-31,56,Oklahoma Breakdown,Toby Keith,60,5,
2022-12-31,57,If He Wanted To He Would,Kylie Morgan,57,8,
2022-12-31,58,Mind On You,George Birge,55,7,
2022-12-31,59,One Thing At A Time,Morgan Wallen,NEW,1,Highest ranking debut|Gains In Performance
2022-12-31,60,I Can't Love You Anymore,Maren Morris,54,7,
2023-01-07,1,You Proof,Morgan Wallen,1,29,
2023-01-07,2,Son Of A Sinner,Jelly Roll,5,44,
2023-01-07,3,Down Home,Jimmie Allen,3,42,
2023-01-07,4,What My World Spins Around,Jordan Davis,2,32,
2023-01-07,5,She Had Me At Heads Carolina,Cole Swindell,4,30,
2023-01-07,6,Whiskey On You,Nate Smith,6,29,
2023-01-07,7,Thank God,Kane Brown With Katelyn Brown,7,17,
2023-01-07,8,Pick Me Up,Gabby Barrett,8,47,
2023-01-07,9,That's What Tequila Does,Jason Aldean,9,24,
2023-01-07,10,Thought You Should Know,Morgan Wallen,10,9,
2023-01-07,11,"Going, Going, Gone",Luke Combs,11,11,
2023-01-07,12,Out In The Middle,Zac Brown Band,12,48,
2023-01-07,13,Heart Like A Truck,Lainey Wilson,13,33,
2023-01-07,14,You Didn't,Brett Young,14,58,
2023-01-07,15,Wait In The Truck,HARDY Featuring Lainey Wilson,15,19,
2023-01-07,16,What He Didn't Do,Carly Pearce,16,28,
2023-01-07,17,Handle On You,Parker McCollum,18,21,
2023-01-07,18,Gold,Dierks Bentley,17,23,
2023-01-07,19,Rock And A Hard Place,Bailey Zimmerman,20,12,
2023-01-07,20,Wild As Her,Corey Kent,19,22,
2023-01-07,21,No Body,Blake Shelton,22,20,
2023-01-07,22,Water Under The Bridge,Sam Hunt,23,28,
2023-01-07,23,Brown Eyes Baby,Keith Urban,21,25,
2023-01-07,24,Human,Cody Johnson,24,30,
2023-01-07,25,How It Oughta Be,Shane Profitt,25,17,
2023-01-07,26,Good Day For Living,Joe Nichols,26,40,
2023-01-07,27,You,Dan + Shay,27,24,
2023-01-07,28,Beer With My Friends,Kenny Chesney & Old Dominion,28,19,
2023-01-07,29,Y'all Life,Walker Hayes,29,23,
2023-01-07,30,It Matters To Her,Scotty McCreery,33,16,
2023-01-07,31,Something In The Orange,Zach Bryan,30,26,
2023-01-07,32,Girl In Mine,Parmalee,35,18,
2023-01-07,33,Son Of A,Dillon Carmichael,31,48,
2023-01-07,34,Note To Self,Randy Houser,32,40,
2023-01-07,35,Everything She Ain't,Hailey Whitters,34,35,
2023-01-07,36,Man Made,Matt Stell,36,28,
2023-01-07,37,Hate My Heart,Carrie Underwood,37,9,
2023-01-07,38,Doing Life With Me,Eric Church,38,24,
2023-01-07,39,Tennessee Orange,Megan Moroney,42,6,Gains In Performance
2023-01-07,40,Dancin' In The Country,Tyler Hubbard,40,5,
2023-01-07,41,Excuses,Kolby Cooper,39,15,
2023-01-07,42,Your Heart Or Mine,Jon Pardi,41,13,
2023-01-07,43,Can't Have Mine,Dylan Scott,43,15,
2023-01-07,44,Sounds Like Something I'd Do,Drake Milligan,47,13,
2023-01-07,45,Over For You,Morgan Evans,44,10,
2023-01-07,46,"You, Me, & Whiskey",Justin Moore & Priscilla Block,45,8,
2023-01-07,47,Heaven By Then,Brantley Gilbert And Blake Shelton Featuring Vince Gill,46,8,
2023-01-07,48,Worth A Shot,Elle King Featuring Dierks Bentley,49,18,
2023-01-07,49,Never Til Now,Ashley Cooke + Brett Young,50,21,
2023-01-07,50,Holiday Party,Dan + Shay,NEW,1,Highest ranking debut|Gains In Performance
2023-01-07,51,I Can't Decide,Easton Corbin,48,10,
2023-01-07,52,Christmas In Dixie,Jason Aldean,NEW,1,Gains In Performance
2023-01-07,53,How You Make A Man,Craig Morgan,54,3,Gains In Performance
2023-01-07,54,We Got History,Mitchell Tenpenny,53,4,Gains In Performance
2023-01-07,55,Try Losing One,Tyler Braden,51,4,
2023-01-07,56,Up On The House Top,Blake Shelton,NEW,1,Greatest gainer this week|Gains In Performance
2023-01-07,57,Mind On You,George Birge,58,8,
2023-01-07,58,Oklahoma Breakdown,Toby Keith,56,6,
2023-01-07,59,Take It Slow,Conner Smith,55,4,
2023-01-07,60,One Thing At A Time,Morgan Wallen,59,2,
2023-01-14,1,Son Of A Sinner,Jelly Roll,2,45,Greatest gainer this week|Gains In Performance
2023-01-14,2,You Proof,Morgan Wallen,1,30,
2023-01-14,3,What My World Spins Around,Jordan Davis,4,33,Gains In Performance
2023-01-14,4,Down Home,Jimmie Allen,3,43,
2023-01-14,5,She Had Me At Heads Carolina,Cole Swindell,5,31,
2023-01-14,6,Whiskey On You,Nate Smith,6,30,Gains In Performance
2023-01-14,7,Thank God,Kane Brown With Katelyn Brown,7,18,Gains In Performance
2023-01-14,8,Pick Me Up,Gabby Barrett,8,48,Gains In Performance
2023-01-14,9,That's What Tequila Does,Jason Aldean,9,25,Gains In Performance
2023-01-14,10,Thought You Should Know,Morgan Wallen,10,10,Gains In Performance
2023-01-14,11,"Going, Going, Gone",Luke Combs,11,12,Gains In Performance
2023-01-14,12,Out In The Middle,Zac Brown Band,12,49,Gains In Performance
2023-01-14,13,Heart Like A Truck,Lainey Wilson,13,34,Gains In Performance
2023-01-14,14,Wait In The Truck,HARDY Featuring Lainey Wilson,15,20,Gains In Performance
2023-01-14,15,You Didn't,Brett Young,14,59,Gains In Performance
2023-01-14,16,What He Didn't Do,Carly Pearce,16,29,Gains In Performance
2023-01-14,17,Handle On You,Parker McCollum,17,22,Gains In Performance
2023-01-14,18,Gold,Dierks Bentley,18,24,Gains In Performance
2023-01-14,19,Rock And A Hard Place,Bailey Zimmerman,19,13,Gains In Performance
2023-01-14,20,Wild As Her,Corey Kent,20,23,Gains In Performance
2023-01-14,21,No Body,Blake Shelton,21,21,Gains In Performance
2023-01-14,22,Water Under The Bridge,Sam Hunt,22,29,Gains In Performance
2023-01-14,23,Brown Eyes Baby,Keith Urban,23,26,Gains In Performance
2023-01-14,24,Human,Cody Johnson,24,31,Gains In Performance
2023-01-14,25,How It Oughta Be,Shane Profitt,25,18,Gains In Performance
2023-01-14,26,You,Dan + Shay,27,25,Gains In Performance
2023-01-14,27,Good Day For Living,Joe Nichols,26,41,Gains In Performance
2023-01-14,28,Beer With My Friends,Kenny Chesney & Old Dominion,28,20,Gains In Performance
2023-01-14,29,Y'all Life,Walker Hayes,29,24,Gains In Performance
2023-01-14,30,It Matters To Her,Scotty McCreery,30,17,Gains In Performance
2023-01-14,31,Something In The Orange,Zach Bryan,31,27,Gains In Performance
2023-01-14,32,Hate My Heart,Carrie Underwood,37,10,Gains In Performance
2023-01-14,33,Note To Self,Randy Houser,34,41,Gains In Performance
2023-01-14,34,Everything She Ain't,Hailey Whitters,35,36,Gains In Performance
2023-01-14,35,Girl In Mine,Parmalee,32,19,Gains In Performance
2023-01-14,36,Man Made,Matt Stell,36,29,Gains In Performance
2023-01-14,37,Son Of A,Dillon Carmichael,33,49,Gains In Performance
2023-01-14,38,Memory Lane,Old Dominion,NEW,1,Highest ranking debut|Gains In Performance
2023-01-14,39,Doing Life With Me,Eric Church,38,25,Gains In Performance
2023-01-14,40,Dancin' In The Country,Tyler Hubbard,40,6,Gains In Performance
2023-01-14,41,Excuses,Kolby Cooper,41,16,Gains In Performance
2023-01-14,42,Your Heart Or Mine,Jon Pardi,42,14,Gains In Performance
2023-01-14,43,Tennessee Orange,Megan Moroney,39,7,Gains In Performance
2023-01-14,44,Can't Have Mine,Dylan Scott,43,16,Gains In Performance
2023-01-14,45,Sounds Like Something I'd Do,Drake Milligan,44,14,Gains In Performance
2023-01-14,46,Over For You,Morgan Evans,45,11,Gains In Performance
2023-01-14,47,Heaven By Then,Brantley Gilbert And Blake Shelton Featuring Vince Gill,47,9,Gains In Performance
2023-01-14,48,"You, Me, & Whiskey",Justin Moore & Priscilla Block,46,9,Gains In Performance
2023-01-14,49,Worth A Shot,Elle King Featuring Dierks Bentley,48,19,Gains In Performance
2023-01-14,50,I Can't Decide,Easton Corbin,51,11,Gains In Performance
2023-01-14,51,Up There Down Here,Jake Owen,NEW,1,Gains In Performance
2023-01-14,52,Never Til Now,Ashley Cooke + Brett Young,49,22,Gains In Performance
2023-01-14,53,We Got History,Mitchell Tenpenny,54,5,Gains In Performance
2023-01-14,54,Try Losing One,Tyler Braden,55,5,Gains In Performance
2023-01-14,55,I Can't Love You Anymore,Maren Morris,RE,8,Gains In Performance
2023-01-14,56,How You Make A Man,Craig Morgan,53,4,Gains In Performance
2023-01-14,57,Longneck Way To Go,Midland Featuring Jon Pardi,RE,16,Gains In Performance
2023-01-14,58,Take It Slow,Conner Smith,59,5,Gains In Performance
2023-01-14,59,If You Go Down (I'm Goin' Down Too),Kelsea Ballerini,NEW,1,Gains In Performance
2023-01-14,60,Oklahoma Breakdown,Toby Keith,58,7,Gains In Performance
2023-01-21,1,What My World Spins Around,Jordan Davis,3,34,Greatest gainer this week|Gains In Performance
2023-01-21,2,Whiskey On You,Nate Smith,6,31,Gains In Performance
2023-01-21,3,You Proof,Morgan Wallen,2,31,
2023-01-21,4,Thank God,Kane Brown With Katelyn Brown,7,19,Gains In Performance
2023-01-21,5,She Had Me At Heads Carolina,Cole Swindell,5,32,
2023-01-21,6,Son Of A Sinner,Jelly Roll,1,46,
2023-01-21,7,Down Home,Jimmie Allen,4,44,
2023-01-21,8,Pick Me Up,Gabby Barrett,8,49,Gains In Performance
2023-01-21,9,Thought You Should Know,Morgan Wallen,10,11,Gains In Performance
2023-01-21,10,That's What Tequila Does,Jason Aldean,9,26,Gains In Performance
2023-01-21,11,"Going, Going, Gone",Luke Combs,11,13,Gains In Performance
2023-01-21,12,Heart Like A Truck,Lainey Wilson,13,35,Gains In Performance
2023-01-21,13,Wait In The Truck,HARDY Featuring Lainey Wilson,14,21,Gains In Performance
2023-01-21,14,Out In The Middle,Zac Brown Band,12,50,Gains In Performance
2023-01-21,15,What He Didn't Do,Carly Pearce,16,30,Gains In Performance
2023-01-21,16,Handle On You,Parker McCollum,17,23,Gains In Performance
2023-01-21,17,You Didn't,Brett Young,15,60,Gains In Performance
2023-01-21,18,Rock And A Hard Place,Bailey Zimmerman,19,14,Gains In Performance
2023-01-21,19,Gold,Dierks Bentley,18,25,Gains In Performance
2023-01-21,20,Wild As Her,Corey Kent,20,24,Gains In Performance
2023-01-21,21,No Body,Blake Shelton,21,22,Gains In Performance
2023-01-21,22,Brown Eyes Baby,Keith Urban,23,27,Gains In Performance
2023-01-21,23,Water Under The Bridge,Sam Hunt,22,30,Gains In Performance
2023-01-21,24,Human,Cody Johnson,24,32,Gains In Performance
2023-01-21,25,How It Oughta Be,Shane Profitt,25,19,Gains In Performance
2023-01-21,26,You,Dan + Shay,26,26,Gains In Performance
2023-01-21,27,Good Day For Living,Joe Nichols,27,42,Gains In Performance
2023-01-21,28,It Matters To Her,Scotty McCreery,30,18,Gains In Performance
2023-01-21,29,Beer With My Friends,Kenny Chesney & Old Dominion,28,21,
2023-01-21,30,Hate My Heart,Carrie Underwood,32,11,Gains In Performance
2023-01-21,31,Y'all Life,Walker Hayes,29,25,Gains In Performance
2023-01-21,32,Something In The Orange,Zach Bryan,31,28,Gains In Performance
2023-01-21,33,Girl In Mine,Parmalee,35,20,Gains In Performance
2023-01-21,34,Note To Self,Randy Houser,33,42,
2023-01-21,35,Everything She Ain't,Hailey Whitters,34,37,Gains In Performance
2023-01-21,36,Son Of A,Dillon Carmichael,37,50,Gains In Performance
2023-01-21,37,Man Made,Matt Stell,36,30,Gains In Performance
2023-01-21,38,Doing Life With Me,Eric Church,39,26,Gains In Performance
2023-01-21,39,Dancin' In The Country,Tyler Hubbard,40,7,Gains In Performance
2023-01-21,40,Your Heart Or Mine,Jon Pardi,42,15,Gains In Performance
2023-01-21,41,Tennessee Orange,Megan Moroney,43,8,Gains In Performance
2023-01-21,42,Memory Lane,Old Dominion,38,2,
2023-01-21,43,Excuses,Kolby Cooper,41,17,Gains In Performance
2023-01-21,44,Sounds Like Something I'd Do,Drake Milligan,45,15,Gains In Performance
2023-01-21,45,Can't Have Mine,Dylan Scott,44,17,Gains In Performance
2023-01-21,46,Heaven By Then,Brantley Gilbert And Blake Shelton Featuring Vince Gill,47,10,Gains In Performance
2023-01-21,47,"You, Me, & Whiskey",Justin Moore & Priscilla Block,48,10,Gains In Performance
2023-01-21,48,Over For You,Morgan Evans,46,12,
2023-01-21,49,We Got History,Mitchell Tenpenny,53,6,Gains In Performance
2023-01-21,50,Worth A Shot,Elle King Featuring Dierks Bentley,49,20,Gains In Performance
2023-01-21,51,Up There Down Here,Jake Owen,51,2,Gains In Performance
2023-01-21,52,If You Go Down (I'm Goin' Down Too),Kelsea Ballerini,59,2,Gains In Performance
2023-01-21,53,I Can't Love You Anymore,Maren Morris,55,9,Gains In Performance
2023-01-21,54,Longneck Way To Go,Midland Featuring Jon Pardi,57,17,Gains In Performance
2023-01-21,55,If He Wanted To He Would,Kylie Morgan,RE,9,Gains In Performance
2023-01-21,56,How You Make A Man,Craig Morgan,56,5,Gains In Performance
2023-01-21,57,Take It Slow,Conner Smith,58,6,Gains In Performance
2023-01-21,58,Never Til Now,Ashley Cooke + Brett Young,52,23,
2023-01-21,59,Try Losing One,Tyler Braden,54,6,Gains In Performance
2023-01-21,60,For What It's Worth,BRELAND,NEW,1,Highest ranking debut|Gains In Performance
2023-01-28,1,What My World Spins Around,Jordan Davis,1,35,Gains In Performance
2023-01-28,2,Thank God,Kane Brown With Katelyn Brown,4,20,Gains In Performance
2023-01-28,3,Whiskey On You,Nate Smith,2,32,Gains In Performance
2023-01-28,4,You Proof,Morgan Wallen,3,32,
2023-01-28,5,She Had Me At Heads Carolina,Cole Swindell,5,33,
2023-01-28,6,Pick Me Up,Gabby Barrett,8,50,Greatest gainer this week|Gains In Performance
2023-01-28,7,Thought You Should Know,Morgan Wallen,9,12,Gains In Performance
2023-01-28,8,"Going, Going, Gone",Luke Combs,11,14,Gains In Performance
2023-01-28,9,Son Of A Sinner,Jelly Roll,6,47,
2023-01-28,10,That's What Tequila Does,Jason Aldean,10,27,Gains In Performance
2023-01-28,11,Heart Like A Truck,Lainey Wilson,12,36,Gains In Performance
2023-01-28,12,Wait In The Truck,HARDY Featuring Lainey Wilson,13,22,Gains In Performance
2023-01-28,13,What He Didn't Do,Carly Pearce,15,31,Gains In Performance
2023-01-28,14,Handle On You,Parker McCollum,16,24,Gains In Performance
2023-01-28,15,Rock And A Hard Place,Bailey Zimmerman,18,15,Gains In Performance
2023-01-28,16,You Didn't,Brett Young,17,61,Gains In Performance
2023-01-28,17,Gold,Dierks Bentley,19,26,Gains In Performance
2023-01-28,18,Wild As Her,Corey Kent,20,25,Gains In Performance
2023-01-28,19,No Body,Blake Shelton,21,23,Gains In Performance
2023-01-28,20,Water Under The Bridge,Sam Hunt,23,31,Gains In Performance
2023-01-28,21,Brown Eyes Baby,Keith Urban,22,28,Gains In Performance
2023-01-28,22,Human,Cody Johnson,24,33,Gains In Performance
2023-01-28,23,How It Oughta Be,Shane Profitt,25,20,Gains In Performance
2023-01-28,24,You,Dan + Shay,26,27,Gains In Performance
2023-01-28,25,Good Day For Living,Joe Nichols,27,43,Gains In Performance
2023-01-28,26,It Matters To Her,Scotty McCreery,28,19,Gains In Performance
2023-01-28,27,Something In The Orange,Zach Bryan,32,29,Gains In Performance
2023-01-28,28,Hate My Heart,Carrie Underwood,30,12,Gains In Performance
2023-01-28,29,Y'all Life,Walker Hayes,31,26,Gains In Performance
2023-01-28,30,Girl In Mine,Parmalee,33,21,Gains In Performance
2023-01-28,31,Dancin' In The Country,Tyler Hubbard,39,8,Gains In Performance
2023-01-28,32,Everything She Ain't,Hailey Whitters,35,38,Gains In Performance
2023-01-28,33,Note To Self,Randy Houser,34,43,Gains In Performance
2023-01-28,34,Son Of A,Dillon Carmichael,36,51,Gains In Performance
2023-01-28,35,Doing Life With Me,Eric Church,38,27,Gains In Performance
2023-01-28,36,Your Heart Or Mine,Jon Pardi,40,16,Gains In Performance
2023-01-28,37,Tennessee Orange,Megan Moroney,41,9,Gains In Performance
2023-01-28,38,Memory Lane,Old Dominion,42,3,Gains In Performance
2023-01-28,39,Man Made,Matt Stell,37,31,
2023-01-28,40,Sounds Like Something I'd Do,Drake Milligan,44,16,Gains In Performance
2023-01-28,41,Excuses,Kolby Cooper,43,18,
2023-01-28,42,Can't Have Mine,Dylan Scott,45,18,Gains In Performance
2023-01-28,43,"You, Me, & Whiskey",Justin Moore & Priscilla Block,47,11,Gains In Performance
2023-01-28,44,We Got History,Mitchell Tenpenny,49,7,Gains In Performance
2023-01-28,45,Heaven By Then,Brantley Gilbert And Blake Shelton Featuring Vince Gill,46,11,Gains In Performance
2023-01-28,46,Worth A Shot,Elle King Featuring Dierks Bentley,50,21,Gains In Performance
2023-01-28,47,Need A Favor,Jelly Roll,NEW,1,Highest ranking debut|Gains In Performance
2023-01-28,48,Looking For You,Chris Young,NEW,1,Gains In Performance
2023-01-28,49,Up There Down Here,Jake Owen,51,3,Gains In Performance
2023-01-28,50,If He Wanted To He Would,Kylie Morgan,55,10,Gains In Performance
2023-01-28,51,If You Go Down (I'm Goin' Down Too),Kelsea Ballerini,52,3,Gains In Performance
2023-01-28,52,Take It Slow,Conner Smith,57,7,Gains In Performance
2023-01-28,53,Over For You,Morgan Evans,48,13,
2023-01-28,54,I Can't Love You Anymore,Maren Morris,53,10,
2023-01-28,55,Oklahoma Breakdown,Toby Keith,RE,8,Gains In Performance
2023-01-28,56,How You Make A Man,Craig Morgan,56,6,
2023-01-28,57,God Gave Me A Girl,Russell Dickerson,NEW,1,Gains In Performance
2023-01-28,58,For What It's Worth,BRELAND,60,2,Gains In Performance
2023-01-28,59,Never Til Now,Ashley Cooke + Brett Young,58,24,
2023-01-28,60,Try Losing One,Tyler Braden,59,7,
2023-02-04,1,Whiskey On You,Nate Smith,3,33,Greatest gainer this week|Gains In Performance
2023-02-04,2,Thank God,Kane Brown With Katelyn Brown,2,21,Gains In Performance
2023-02-04,3,What My World Spins Around,Jordan Davis,1,36,
2023-02-04,4,You Proof,Morgan Wallen,4,33,
2023-02-04,5,She Had Me At Heads Carolina,Cole Swindell,5,34,
2023-02-04,6,Thought You Should Know,Morgan Wallen,7,13,Gains In Performance
2023-02-04,7,"Going, Going, Gone",Luke Combs,8,15,Gains In Performance
2023-02-04,8,Pick Me Up,Gabby Barrett,6,51,
2023-02-04,9,That's What Tequila Does,Jason Aldean,10,28,Gains In Performance
2023-02-04,10,Heart Like A Truck,Lainey Wilson,11,37,Gains In Performance
2023-02-04,11,Wait In The Truck,HARDY Featuring Lainey Wilson,12,23,Gains In Performance
2023-02-04,12,What He Didn't Do,Carly Pearce,13,32,Gains In Performance
2023-02-04,13,Rock And A Hard Place,Bailey Zimmerman,15,16,Gains In Performance
2023-02-04,14,Handle On You,Parker McCollum,14,25,Gains In Performance
2023-02-04,15,You Didn't,Brett Young,16,62,Gains In Performance
2023-02-04,16,Gold,Dierks Bentley,17,27,Gains In Performance
2023-02-04,17,Wild As Her,Corey Kent,18,26,Gains In Performance
2023-02-04,18,Brown Eyes Baby,Keith Urban,21,29,Gains In Performance
2023-02-04,19,No Body,Blake Shelton,19,24,Gains In Performance
2023-02-04,20,Human,Cody Johnson,22,34,Gains In Performance
2023-02-04,21,Water Under The Bridge,Sam Hunt,20,32,Gains In Performance
2023-02-04,22,How It Oughta Be,Shane Profitt,23,21,Gains In Performance
2023-02-04,23,You,Dan + Shay,24,28,Gains In Performance
2023-02-04,24,Good Day For Living,Joe Nichols,25,44,Gains In Performance
2023-02-04,25,It Matters To Her,Scotty McCreery,26,20,Gains In Performance
2023-02-04,26,Hate My Heart,Carrie Underwood,28,13,Gains In Performance
2023-02-04,27,Something In The Orange,Zach Bryan,27,30,Gains In Performance
2023-02-04,28,Girl In Mine,Parmalee,30,22,Gains In Performance
2023-02-04,29,Y'all Life,Walker Hayes,29,27,Gains In Performance
2023-02-04,30,Dancin' In The Country,Tyler Hubbard,31,9,Gains In Performance
2023-02-04,31,Note To Self,Randy Houser,33,44,Gains In Performance
2023-02-04,32,Everything She Ain't,Hailey Whitters,32,39,Gains In Performance
2023-02-04,33,Memory Lane,Old Dominion,38,4,Gains In Performance
2023-02-04,34,Son Of A,Dillon Carmichael,34,52,Gains In Performance
2023-02-04,35,Doing Life With Me,Eric Church,35,28,Gains In Performance
2023-02-04,36,Tennessee Orange,Megan Moroney,37,10,Gains In Performance
2023-02-04,37,Your Heart Or Mine,Jon Pardi,36,17,Gains In Performance
2023-02-04,38,Man Made,Matt Stell,39,32,Gains In Performance
2023-02-04,39,"You, Me, & Whiskey",Justin Moore & Priscilla Block,43,12,Gains In Performance
2023-02-04,40,Sounds Like Something I'd Do,Drake Milligan,40,17,Gains In Performance
2023-02-04,41,Excuses,Kolby Cooper,41,19,Gains In Performance
2023-02-04,42,Can't Have Mine,Dylan Scott,42,19,Gains In Performance
2023-02-04,43,We Got History,Mitchell Tenpenny,44,8,Gains In Performance
2023-02-04,44,Heaven By Then,Brantley Gilbert And Blake Shelton Featuring Vince Gill,45,12,Gains In Performance
2023-02-04,45,Worth A Shot,Elle King Featuring Dierks Bentley,46,22,Gains In Performance
2023-02-04,46,Need A Favor,Jelly Roll,47,2,Gains In Performance
2023-02-04,47,Looking For You,Chris Young,48,2,Gains In Performance
2023-02-04,48,If You Go Down (I'm Goin' Down Too),Kelsea Ballerini,51,4,Gains In Performance
2023-02-04,49,If He Wanted To He Would,Kylie Morgan,50,11,Gains In Performance
2023-02-04,50,Up There Down Here,Jake Owen,49,4,Gains In Performance
2023-02-04,51,One Thing At A Time,Morgan Wallen,RE,3,Gains In Performance
2023-02-04,52,Take It Slow,Conner Smith,52,8,Gains In Performance
2023-02-04,53,God Gave Me A Girl,Russell Dickerson,57,2,Gains In Performance
2023-02-04,54,Oklahoma Breakdown,Toby Keith,55,9,
2023-02-04,55,For What It's Worth,BRELAND,58,3,Gains In Performance
2023-02-04,56,Stars Like Confetti,Dustin Lynch,NEW,1,Highest ranking debut|Gains In Performance
2023-02-04,57,Mind On You,George Birge,RE,9,Gains In Performance
2023-02-04,58,Over For You,Morgan Evans,53,14,
2023-02-04,59,How You Make A Man,Craig Morgan,56,7,
2023-02-04,60,Country Can,Hannah Ellis,NEW,1,Gains In Performance
2023-02-11,1,Whiskey On You,Nate Smith,1,34,Gains In Performance
2023-02-11,2,Thank God,Kane Brown With Katelyn Brown,2,22,Gains In Performance
2023-02-11,3,Thought You Should Know,Morgan Wallen,6,14,Gains In Performance
2023-02-11,4,What My World Spins Around,Jordan Davis,3,37,
2023-02-11,5,"Going, Going, Gone",Luke Combs,7,16,Gains In Performance
2023-02-11,6,She Had Me At Heads Carolina,Cole Swindell,5,35,
2023-02-11,7,Heart Like A Truck,Lainey Wilson,10,38,Gains In Performance
2023-02-11,8,That's What Tequila Does,Jason Aldean,9,29,Gains In Performance
2023-02-11,9,Wait In The Truck,HARDY Featuring Lainey Wilson,11,24,Gains In Performance
2023-02-11,10,What He Didn't Do,Carly Pearce,12,33,Gains In Performance
2023-02-11,11,Rock And A Hard Place,Bailey Zimmerman,13,17,Gains In Performance
2023-02-11,12,Handle On You,Parker McCollum,14,26,Gains In Performance
2023-02-11,13,You Didn't,Brett Young,15,63,Gains In Performance
2023-02-11,14,Gold,Dierks Bentley,16,28,Gains In Performance
2023-02-11,15,Wild As Her,Corey Kent,17,27,Gains In Performance
2023-02-11,16,Brown Eyes Baby,Keith Urban,18,30,Gains In Performance
2023-02-11,17,Human,Cody Johnson,20,35,Gains In Performance
2023-02-11,18,Water Under The Bridge,Sam Hunt,21,33,Gains In Performance
2023-02-11,19,No Body,Blake Shelton,19,25,
2023-02-11,20,How It Oughta Be,Shane Profitt,22,22,Gains In Performance
2023-02-11,21,Good Day For Living,Joe Nichols,24,45,Gains In Performance
2023-02-11,22,You,Dan + Shay,23,29,Gains In Performance
2023-02-11,23,It Matters To Her,Scotty McCreery,25,21,Gains In Performance
2023-02-11,24,Dancin' In The Country,Tyler Hubbard,30,10,Gains In Performance
2023-02-11,25,Hate My Heart,Carrie Underwood,26,14,Gains In Performance
2023-02-11,26,Drinkaby,Cole Swindell,NEW,1,Highest ranking debut|Gains In Performance
2023-02-11,27,Something In The Orange,Zach Bryan,27,31,Gains In Performance
2023-02-11,28,Girl In Mine,Parmalee,28,23,Gains In Performance
2023-02-11,29,Y'all Life,Walker Hayes,29,28,Gains In Performance
2023-02-11,30,Note To Self,Randy Houser,31,45,Gains In Performance
2023-02-11,31,Memory Lane,Old Dominion,33,5,Gains In Performance
2023-02-11,32,Tennessee Orange,Megan Moroney,36,11,Gains In Performance
2023-02-11,33,Everything She Ain't,Hailey Whitters,32,40,Gains In Performance
2023-02-11,34,Son Of A,Dillon Carmichael,34,53,
2023-02-11,35,Doing Life With Me,Eric Church,35,29,
2023-02-11,36,Your Heart Or Mine,Jon Pardi,37,18,Gains In Performance
2023-02-11,37,Man Made,Matt Stell,38,33,Gains In Performance
2023-02-11,38,"You, Me, & Whiskey",Justin Moore & Priscilla Block,39,13,Gains In Performance
2023-02-11,39,Excuses,Kolby Cooper,41,20,Gains In Performance
2023-02-11,40,We Got History,Mitchell Tenpenny,43,9,Gains In Performance
2023-02-11,41,Looking For You,Chris Young,47,3,Gains In Performance
2023-02-11,42,Sounds Like Something I'd Do,Drake Milligan,40,18,
2023-02-11,43,Need A Favor,Jelly Roll,46,3,Gains In Performance
2023-02-11,44,Can't Have Mine,Dylan Scott,42,20,Gains In Performance
2023-02-11,45,Worth A Shot,Elle King Featuring Dierks Bentley,45,23,Gains In Performance
2023-02-11,46,Heaven By Then,Brantley Gilbert And Blake Shelton Featuring Vince Gill,44,13,
2023-02-11,47,If You Go Down (I'm Goin' Down Too),Kelsea Ballerini,48,5,Gains In Performance
2023-02-11,48,One Thing At A Time,Morgan Wallen,51,4,Gains In Performance
2023-02-11,49,If He Wanted To He Would,Kylie Morgan,49,12,Gains In Performance
2023-02-11,50,Up There Down Here,Jake Owen,50,5,Gains In Performance
2023-02-11,51,Angels Don't Always Have Wings,Thomas Rhett,NEW,1,Gains In Performance
2023-02-11,52,Stars Like Confetti,Dustin Lynch,56,2,Gains In Performance
2023-02-11,53,Over For You,Morgan Evans,58,15,Gains In Performance
2023-02-11,54,Fearless (The Echo),Jackson Dean,NEW,1,Gains In Performance
2023-02-11,55,Oklahoma Breakdown,Toby Keith,54,10,Gains In Performance
2023-02-11,56,Take It Slow,Conner Smith,52,9,Gains In Performance
2023-02-11,57,God Gave Me A Girl,Russell Dickerson,53,3,Gains In Performance
2023-02-11,58,For What It's Worth,BRELAND,55,4,
2023-02-11,59,Mind On You,George Birge,57,10,Gains In Performance
2023-02-11,60,Country Can,Hannah Ellis,60,2,Gains In Performance
2023-02-18,1,Thank God,Kane Brown With Katelyn Brown,2,23,Gains In Performance
2023-02-18,2,Thought You Should Know,Morgan Wallen,3,15,Greatest gainer this week|Gains In Performance
2023-02-18,3,Whiskey On You,Nate Smith,1,35,
2023-02-18,4,"Going, Going, Gone",Luke Combs,5,17,Gains In Performance
2023-02-18,5,What My World Spins Around,Jordan Davis,4,38,
2023-02-18,6,Heart Like A Truck,Lainey Wilson,7,39,Gains In Performance
2023-02-18,7,That's What Tequila Does,Jason Aldean,8,30,Gains In Performance
2023-02-18,8,Rock And A Hard Place,Bailey Zimmerman,11,18,Gains In Performance
2023-02-18,9,What He Didn't Do,Carly Pearce,10,34,Gains In Performance
2023-02-18,10,Wait In The Truck,HARDY Featuring Lainey Wilson,9,25,Gains In Performance
2023-02-18,11,Handle On You,Parker McCollum,12,27,Gains In Performance
2023-02-18,12,You Didn't,Brett Young,13,64,Gains In Performance
2023-02-18,13,Gold,Dierks Bentley,14,29,Gains In Performance
2023-02-18,14,Wild As Her,Corey Kent,15,28,Gains In Performance
2023-02-18,15,Brown Eyes Baby,Keith Urban,16,31,Gains In Performance
2023-02-18,16,Water Under The Bridge,Sam Hunt,18,34,Gains In Performance
2023-02-18,17,Human,Cody Johnson,17,36,Gains In Performance
2023-02-18,18,No Body,Blake Shelton,19,26,Gains In Performance
2023-02-18,19,How It Oughta Be,Shane Profitt,20,23,Gains In Performance
2023-02-18,20,It Matters To Her,Scotty McCreery,23,22,Gains In Performance
2023-02-18,21,You,Dan + Shay,22,30,Gains In Performance
2023-02-18,22,Good Day For Living,Joe Nichols,21,46,
2023-02-18,23,Dancin' In The Country,Tyler Hubbard,24,11,Gains In Performance
2023-02-18,24,Hate My Heart,Carrie Underwood,25,15,Gains In Performance
2023-02-18,25,Girl In Mine,Parmalee,28,24,Gains In Performance
2023-02-18,26,Memory Lane,Old Dominion,31,6,Gains In Performance
2023-02-18,27,Tennessee Orange,Megan Moroney,32,12,Gains In Performance
2023-02-18,28,Something In The Orange,Zach Bryan,27,32,
2023-02-18,29,Note To Self,Randy Houser,30,46,Gains In Performance
2023-02-18,30,Y'all Life,Walker Hayes,29,29,
2023-02-18,31,Everything She Ain't,Hailey Whitters,33,41,Gains In Performance
2023-02-18,32,Angels Don't Always Have Wings,Thomas Rhett,51,2,Gains In Performance
2023-02-18,33,Son Of A,Dillon Carmichael,34,54,Gains In Performance
2023-02-18,34,Your Heart Or Mine,Jon Pardi,36,19,Gains In Performance
2023-02-18,35,Doing Life With Me,Eric Church,35,30,Gains In Performance
2023-02-18,36,Drinkaby,Cole Swindell,26,2,
2023-02-18,37,"You, Me, & Whiskey",Justin Moore & Priscilla Block,38,14,Gains In Performance
2023-02-18,38,Excuses,Kolby Cooper,39,21,Gains In Performance
2023-02-18,39,Need A Favor,Jelly Roll,43,4,Gains In Performance
2023-02-18,40,Looking For You,Chris Young,41,4,Gains In Performance
2023-02-18,41,Can't Have Mine,Dylan Scott,44,21,Gains In Performance
2023-02-18,42,We Got History,Mitchell Tenpenny,40,10,
2023-02-18,43,Sounds Like Something I'd Do,Drake Milligan,42,19,
2023-02-18,44,Worth A Shot,Elle King Featuring Dierks Bentley,45,24,Gains In Performance
2023-02-18,45,Heaven By Then,Brantley Gilbert And Blake Shelton Featuring Vince Gill,46,14,Gains In Performance
2023-02-18,46,If You Go Down (I'm Goin' Down Too),Kelsea Ballerini,47,6,Gains In Performance
2023-02-18,47,One Thing At A Time,Morgan Wallen,48,5,Gains In Performance
2023-02-18,48,If He Wanted To He Would,Kylie Morgan,49,13,Gains In Performance
2023-02-18,49,Stars Like Confetti,Dustin Lynch,52,3,Gains In Performance
2023-02-18,50,Up There Down Here,Jake Owen,50,6,Gains In Performance
2023-02-18,51,God Gave Me A Girl,Russell Dickerson,57,4,Gains In Performance
2023-02-18,52,Fearless (The Echo),Jackson Dean,54,2,
2023-02-18,53,Oklahoma Breakdown,Toby Keith,55,11,Gains In Performance
2023-02-18,54,Mind On You,George Birge,59,11,Gains In Performance
2023-02-18,55,For What It's Worth,BRELAND,58,5,
2023-02-18,56,Over For You,Morgan Evans,53,16,
2023-02-18,57,Country Can,Hannah Ellis,60,3,Gains In Performance
2023-02-18,58,23,Chayce Beckham,NEW,1,Highest ranking debut|Gains In Performance
2023-02-18,59,Bury Me In Georgia,Kane Brown,RE,2,
2023-02-18,60,Bout Damn Time,Neon Union,NEW,1,Gains In Performance
2023-02-25,1,Thought You Should Know,Morgan Wallen,2,16,Gains In Performance
2023-02-25,2,Thank God,Kane Brown With Katelyn Brown,1,24,Gains In Performance
2023-02-25,3,"Going, Going, Gone",Luke Combs,4,18,Greatest gainer this week|Gains In Performance
2023-02-25,4,Whiskey On You,Nate Smith,3,36,
2023-02-25,5,Heart Like A Truck,Lainey Wilson,6,40,Gains In Performance
2023-02-25,6,That's What Tequila Does,Jason Aldean,7,31,Gains In Performance
2023-02-25,7,What My World Spins Around,Jordan Davis,5,39,
2023-02-25,8,Rock And A Hard Place,Bailey Zimmerman,8,19,Gains In Performance
2023-02-25,9,What He Didn't Do,Carly Pearce,9,35,Gains In Performance
2023-02-25,10,Wait In The Truck,HARDY Featuring Lainey Wilson,10,26,Gains In Performance
2023-02-25,11,Handle On You,Parker McCollum,11,28,Gains In Performance
2023-02-25,12,Gold,Dierks Bentley,13,30,Gains In Performance
2023-02-25,13,You Didn't,Brett Young,12,65,Gains In Performance
2023-02-25,14,Wild As Her,Corey Kent,14,29,Gains In Performance
2023-02-25,15,Brown Eyes Baby,Keith Urban,15,32,Gains In Performance
2023-02-25,16,Water Under The Bridge,Sam Hunt,16,35,Gains In Performance
2023-02-25,17,Human,Cody Johnson,17,37,Gains In Performance
2023-02-25,18,You,Dan + Shay,21,31,Gains In Performance
2023-02-25,19,No Body,Blake Shelton,18,27,
2023-02-25,20,It Matters To Her,Scotty McCreery,20,23,Gains In Performance
2023-02-25,21,How It Oughta Be,Shane Profitt,19,24,Gains In Performance
2023-02-25,22,Good Day For Living,Joe Nichols,22,47,Gains In Performance
2023-02-25,23,Dancin' In The Country,Tyler Hubbard,23,12,Gains In Performance
2023-02-25,24,Tennessee Orange,Megan Moroney,27,13,Gains In Performance
2023-02-25,25,Hate My Heart,Carrie Underwood,24,16,Gains In Performance
2023-02-25,26,Girl In Mine,Parmalee,25,25,Gains In Performance
2023-02-25,27,Memory Lane,Old Dominion,26,7,Gains In Performance
2023-02-25,28,Angels Don't Always Have Wings,Thomas Rhett,32,3,Gains In Performance
2023-02-25,29,Something In The Orange,Zach Bryan,28,33,Gains In Performance
2023-02-25,30,Note To Self,Randy Houser,29,47,Gains In Performance
2023-02-25,31,Everything She Ain't,Hailey Whitters,31,42,Gains In Performance
2023-02-25,32,Son Of A,Dillon Carmichael,33,55,Gains In Performance
2023-02-25,33,Y'all Life,Walker Hayes,30,30,
2023-02-25,34,Doing Life With Me,Eric Church,35,31,Gains In Performance
2023-02-25,35,Your Heart Or Mine,Jon Pardi,34,20,Gains In Performance
2023-02-25,36,Drinkaby,Cole Swindell,36,3,Gains In Performance
2023-02-25,37,"You, Me, & Whiskey",Justin Moore & Priscilla Block,37,15,Gains In Performance
2023-02-25,38,Looking For You,Chris Young,40,5,Gains In Performance
2023-02-25,39,Need A Favor,Jelly Roll,39,5,Gains In Performance
2023-02-25,40,One Thing At A Time,Morgan Wallen,47,6,Gains In Performance
2023-02-25,41,Excuses,Kolby Cooper,38,22,
2023-02-25,42,Can't Have Mine,Dylan Scott,41,22,Gains In Performance
2023-02-25,43,We Got History,Mitchell Tenpenny,42,11,Gains In Performance
2023-02-25,44,Worth A Shot,Elle King Featuring Dierks Bentley,44,25,Gains In Performance
2023-02-25,45,Sounds Like Something I'd Do,Drake Milligan,43,20,Gains In Performance
2023-02-25,46,Heaven By Then,Brantley Gilbert And Blake Shelton Featuring Vince Gill,45,15,Gains In Performance
2023-02-25,47,Stars Like Confetti,Dustin Lynch,49,4,Gains In Performance
2023-02-25,48,If He Wanted To He Would,Kylie Morgan,48,14,Gains In Performance
2023-02-25,49,God Gave Me A Girl,Russell Dickerson,51,5,Gains In Performance
2023-02-25,50,If You Go Down (I'm Goin' Down Too),Kelsea Ballerini,46,7,
2023-02-25,51,Over For You,Morgan Evans,56,17,Gains In Performance
2023-02-25,52,Fearless (The Echo),Jackson Dean,52,3,Gains In Performance
2023-02-25,53,Up There Down Here,Jake Owen,50,7,
2023-02-25,54,Oklahoma Breakdown,Toby Keith,53,12,
2023-02-25,55,Mind On You,George Birge,54,12,Gains In Performance
2023-02-25,56,For What It's Worth,BRELAND,55,6,Gains In Performance
2023-02-25,57,Country Can,Hannah Ellis,57,4,Gains In Performance
2023-02-25,58,23,Chayce Beckham,58,2,Gains In Performance
2023-02-25,59,Next Thing You Know,Jordan Davis,NEW,1,Highest ranking debut|Gains In Performance
2023-02-25,60,Bury Me In Georgia,Kane Brown,59,3,Gains In Performance
2023-03-04,1,Thought You Should Know,Morgan Wallen,1,17,Gains In Performance
2023-03-04,2,"Going, Going, Gone",Luke Combs,3,19,Gains In Performance
2023-03-04,3,Thank God,Kane Brown With Katelyn Brown,2,25,
2023-03-04,4,Rock And A Hard Place,Bailey Zimmerman,8,20,Greatest gainer this week|Gains In Performance
2023-03-04,5,Heart Like A Truck,Lainey Wilson,5,41,Gains In Performance
2023-03-04,6,That's What Tequila Does,Jason Aldean,6,32,Gains In Performance
2023-03-04,7,What He Didn't Do,Carly Pearce,9,36,Gains In Performance
2023-03-04,8,What My World Spins Around,Jordan Davis,7,40,
2023-03-04,9,Handle On You,Parker McCollum,11,29,Gains In Performance
2023-03-04,10,Wait In The Truck,HARDY Featuring Lainey Wilson,10,27,Gains In Performance
2023-03-04,11,Gold,Dierks Bentley,12,31,Gains In Performance
2023-03-04,12,Wild As Her,Corey Kent,14,30,Gains In Performance
2023-03-04,13,You Didn't,Brett Young,13,66,Gains In Performance
2023-03-04,14,Brown Eyes Baby,Keith Urban,15,33,Gains In Performance
2023-03-04,15,Water Under The Bridge,Sam Hunt,16,36,Gains In Performance
2023-03-04,16,Human,Cody Johnson,17,38,Gains In Performance
2023-03-04,17,You,Dan + Shay,18,32,Gains In Performance
2023-03-04,18,It Matters To Her,Scotty McCreery,20,24,Gains In Performance
2023-03-04,19,No Body,Blake Shelton,19,28,
2023-03-04,20,How It Oughta Be,Shane Profitt,21,25,Gains In Performance
2023-03-04,21,Dancin' In The Country,Tyler Hubbard,23,13,Gains In Performance
2023-03-04,22,Good Day For Living,Joe Nichols,22,48,Gains In Performance
2023-03-04,23,Tennessee Orange,Megan Moroney,24,14,Gains In Performance
2023-03-04,24,Hate My Heart,Carrie Underwood,25,17,Gains In Performance
2023-03-04,25,Memory Lane,Old Dominion,27,8,Gains In Performance
2023-03-04,26,Girl In Mine,Parmalee,26,26,Gains In Performance
2023-03-04,27,Angels Don't Always Have Wings,Thomas Rhett,28,4,Gains In Performance
2023-03-04,28,Something In The Orange,Zach Bryan,29,34,Gains In Performance
2023-03-04,29,Everything She Ain't,Hailey Whitters,31,43,Gains In Performance
2023-03-04,30,Note To Self,Randy Houser,30,48,
2023-03-04,31,Y'all Life,Walker Hayes,33,31,Gains In Performance
2023-03-04,32,Drinkaby,Cole Swindell,36,4,Gains In Performance
2023-03-04,33,Son Of A,Dillon Carmichael,32,56,
2023-03-04,34,Doing Life With Me,Eric Church,34,32,Gains In Performance
2023-03-04,35,"You, Me, & Whiskey",Justin Moore & Priscilla Block,37,16,Gains In Performance
2023-03-04,36,Your Heart Or Mine,Jon Pardi,35,21,Gains In Performance
2023-03-04,37,One Thing At A Time,Morgan Wallen,40,7,Gains In Performance
2023-03-04,38,Need A Favor,Jelly Roll,39,6,Gains In Performance
2023-03-04,39,Looking For You,Chris Young,38,6,Gains In Performance
2023-03-04,40,Excuses,Kolby Cooper,41,23,Gains In Performance
2023-03-04,41,Can't Have Mine,Dylan Scott,42,23,Gains In Performance
2023-03-04,42,We Got History,Mitchell Tenpenny,43,12,
2023-03-04,43,Worth A Shot,Elle King Featuring Dierks Bentley,44,26,
2023-03-04,44,Sounds Like Something I'd Do,Drake Milligan,45,21,Gains In Performance
2023-03-04,45,Stars Like Confetti,Dustin Lynch,47,5,Gains In Performance
2023-03-04,46,Heaven By Then,Brantley Gilbert And Blake Shelton Featuring Vince Gill,46,16,
2023-03-04,47,Last Night,Morgan Wallen,NEW,1,Highest ranking debut|Gains In Performance
2023-03-04,48,If You Go Down (I'm Goin' Down Too),Kelsea Ballerini,50,8,Gains In Performance
2023-03-04,49,If He Wanted To He Would,Kylie Morgan,48,15,Gains In Performance
2023-03-04,50,Fearless (The Echo),Jackson Dean,52,4,Gains In Performance
2023-03-04,51,Next Thing You Know,Jordan Davis,59,2,Gains In Performance
2023-03-04,52,God Gave Me A Girl,Russell Dickerson,49,6,Gains In Performance
2023-03-04,53,Over For You,Morgan Evans,51,18,
2023-03-04,54,Up There Down Here,Jake Owen,53,8,Gains In Performance
2023-03-04,55,Mind On You,George Birge,55,13,Gains In Performance
2023-03-04,56,Oklahoma Breakdown,Toby Keith,54,13,
2023-03-04,57,Country Can,Hannah Ellis,57,5,Gains In Performance
2023-03-04,58,23,Chayce Beckham,58,3,Gains In Performance
2023-03-04,59,For What It's Worth,BRELAND,56,7,
2023-03-04,60,All I Need Is You,Chris Janson,NEW,1,Gains In Performance
2023-03-11,1,Thought You Should Know,Morgan Wallen,1,18,Gains In Performance
2023-03-11,2,"Going, Going, Gone",Luke Combs,2,20,Gains In Performance
2023-03-11,3,Rock And A Hard Place,Bailey Zimmerman,4,21,Greatest gainer this week|Gains In Performance
2023-03-11,4,Heart Like A Truck,Lainey Wilson,5,42,Gains In Performance
2023-03-11,5,Thank God,Kane Brown With Katelyn Brown,3,26,
2023-03-11,6,What He Didn't Do,Carly Pearce,7,37,Gains In Performance
2023-03-11,7,That's What Tequila Does,Jason Aldean,6,33,
2023-03-11,8,What My World Spins Around,Jordan Davis,8,41,
2023-03-11,9,Wait In The Truck,HARDY Featuring Lainey Wilson,10,28,Gains In Performance
2023-03-11,10,Handle On You,Parker McCollum,9,30,Gains In Performance
2023-03-11,11,Gold,Dierks Bentley,11,32,Gains In Performance
2023-03-11,12,Wild As Her,Corey Kent,12,31,Gains In Performance
2023-03-11,13,You Didn't,Brett Young,13,67,
2023-03-11,14,Brown Eyes Baby,Keith Urban,14,34,Gains In Performance
2023-03-11,15,Human,Cody Johnson,16,39,Gains In Performance
2023-03-11,16,You,Dan + Shay,17,33,Gains In Performance
2023-03-11,17,Water Under The Bridge,Sam Hunt,15,37,Gains In Performance
2023-03-11,18,It Matters To Her,Scotty McCreery,18,25,Gains In Performance
2023-03-11,19,Tennessee Orange,Megan Moroney,23,15,Gains In Performance
2023-03-11,20,Dancin' In The Country,Tyler Hubbard,21,14,Gains In Performance
2023-03-11,21,No Body,Blake Shelton,19,29,Gains In Performance
2023-03-11,22,How It Oughta Be,Shane Profitt,20,26,
2023-03-11,23,Good Day For Living,Joe Nichols,22,49,Gains In Performance
2023-03-11,24,Memory Lane,Old Dominion,25,9,Gains In Performance
2023-03-11,25,Hate My Heart,Carrie Underwood,24,18,Gains In Performance
2023-03-11,26,Girl In Mine,Parmalee,26,27,Gains In Performance
2023-03-11,27,Angels Don't Always Have Wings,Thomas Rhett,27,5,Gains In Performance
2023-03-11,28,Something In The Orange,Zach Bryan,28,35,Gains In Performance
2023-03-11,29,Everything She Ain't,Hailey Whitters,29,44,Gains In Performance
2023-03-11,30,Note To Self,Randy Houser,30,49,Gains In Performance
2023-03-11,31,Son Of A,Dillon Carmichael,33,57,Gains In Performance
2023-03-11,32,Your Heart Or Mine,Jon Pardi,36,22,Gains In Performance
2023-03-11,33,Drinkaby,Cole Swindell,32,5,Gains In Performance
2023-03-11,34,"You, Me, & Whiskey",Justin Moore & Priscilla Block,35,17,Gains In Performance
2023-03-11,35,Doing Life With Me,Eric Church,34,33,Gains In Performance
2023-03-11,36,One Thing At A Time,Morgan Wallen,37,8,Gains In Performance
2023-03-11,37,Need A Favor,Jelly Roll,38,7,Gains In Performance
2023-03-11,38,Looking For You,Chris Young,39,7,
2023-03-11,39,Excuses,Kolby Cooper,40,24,Gains In Performance
2023-03-11,40,Can't Have Mine,Dylan Scott,41,24,Gains In Performance
2023-03-11,41,Last Night,Morgan Wallen,47,2,Gains In Performance
2023-03-11,42,Next Thing You Know,Jordan Davis,51,3,Gains In Performance
2023-03-11,43,Worth A Shot,Elle King Featuring Dierks Bentley,43,27,Gains In Performance
2023-03-11,44,We Got History,Mitchell Tenpenny,42,13,Gains In Performance
2023-03-11,45,Stars Like Confetti,Dustin Lynch,45,6,Gains In Performance
2023-03-11,46,Fearless (The Echo),Jackson Dean,50,5,Gains In Performance
2023-03-11,47,Heaven By Then,Brantley Gilbert And Blake Shelton Featuring Vince Gill,46,17,Gains In Performance
2023-03-11,48,God Gave Me A Girl,Russell Dickerson,52,7,Gains In Performance
2023-03-11,49,Sounds Like Something I'd Do,Drake Milligan,44,22,
2023-03-11,50,If You Go Down (I'm Goin' Down Too),Kelsea Ballerini,48,9,Gains In Performance
2023-03-11,51,If He Wanted To He Would,Kylie Morgan,49,16,Gains In Performance
2023-03-11,52,Up There Down Here,Jake Owen,54,9,Gains In Performance
2023-03-11,53,All I Need Is You,Chris Janson,60,2,Gains In Performance
2023-03-11,54,Mind On You,George Birge,55,14,Gains In Performance
2023-03-11,55,Over For You,Morgan Evans,53,19,
2023-03-11,56,Oklahoma Breakdown,Toby Keith,56,14,Gains In Performance
2023-03-11,57,23,Chayce Beckham,58,4,Gains In Performance
2023-03-11,58,Country Can,Hannah Ellis,57,6,Gains In Performance
2023-03-11,59,For What It's Worth,BRELAND,59,8,Gains In Performance
2023-03-11,60,Try Losing One,Tyler Braden,RE,8,Gains In Performance
2023-03-18,1,"Going, Going, Gone",Luke Combs,2,21,Gains In Performance
2023-03-18,2,Thought You Should Know,Morgan Wallen,1,19,
2023-03-18,3,Rock And A Hard Place,Bailey Zimmerman,3,22,Gains In Performance
2023-03-18,4,Heart Like A Truck,Lainey Wilson,4,43,
2023-03-18,5,That's What Tequila Does,Jason Aldean,7,34,Gains In Performance
2023-03-18,6,What He Didn't Do,Carly Pearce,6,38,Gains In Performance
2023-03-18,7,Thank God,Kane Brown With Katelyn Brown,5,27,
2023-03-18,8,Handle On You,Parker McCollum,10,31,Gains In Performance
2023-03-18,9,Wait In The Truck,HARDY Featuring Lainey Wilson,9,29,Gains In Performance
2023-03-18,10,Wild As Her,Corey Kent,12,32,Gains In Performance
2023-03-18,11,Gold,Dierks Bentley,11,33,Gains In Performance
2023-03-18,12,You Didn't,Brett Young,13,68,Gains In Performance
2023-03-18,13,Brown Eyes Baby,Keith Urban,14,35,
2023-03-18,14,You,Dan + Shay,16,34,Gains In Performance
2023-03-18,15,Human,Cody Johnson,15,40,Gains In Performance
2023-03-18,16,Water Under The Bridge,Sam Hunt,17,38,Gains In Performance
2023-03-18,17,It Matters To Her,Scotty McCreery,18,26,Gains In Performance
2023-03-18,18,Dancin' In The Country,Tyler Hubbard,20,15,Gains In Performance
2023-03-18,19,Tennessee Orange,Megan Moroney,19,16,Gains In Performance
2023-03-18,20,No Body,Blake Shelton,21,30,
2023-03-18,21,Good Day For Living,Joe Nichols,23,50,Gains In Performance
2023-03-18,22,How It Oughta Be,Shane Profitt,22,27,
2023-03-18,23,Hate My Heart,Carrie Underwood,25,19,Gains In Performance
2023-03-18,24,Memory Lane,Old Dominion,24,10,Gains In Performance
2023-03-18,25,One Thing At A Time,Morgan Wallen,36,9,Gains In Performance
2023-03-18,26,Girl In Mine,Parmalee,26,28,Gains In Performance
2023-03-18,27,Something In The Orange,Zach Bryan,28,36,Gains In Performance
2023-03-18,28,Everything She Ain't,Hailey Whitters,29,45,Gains In Performance
2023-03-18,29,Last Night,Morgan Wallen,41,3,Gains In Performance
2023-03-18,30,Angels Don't Always Have Wings,Thomas Rhett,27,6,
2023-03-18,31,Your Heart Or Mine,Jon Pardi,32,23,Gains In Performance
2023-03-18,32,Note To Self,Randy Houser,30,50,
2023-03-18,33,Son Of A,Dillon Carmichael,31,58,Gains In Performance
2023-03-18,34,Drinkaby,Cole Swindell,33,6,Gains In Performance
2023-03-18,35,"You, Me, & Whiskey",Justin Moore & Priscilla Block,34,18,Gains In Performance
2023-03-18,36,Need A Favor,Jelly Roll,37,8,Gains In Performance
2023-03-18,37,Next Thing You Know,Jordan Davis,42,4,Gains In Performance
2023-03-18,38,Looking For You,Chris Young,38,8,Gains In Performance
2023-03-18,39,Excuses,Kolby Cooper,39,25,
2023-03-18,40,Can't Have Mine,Dylan Scott,40,25,
2023-03-18,41,We Got History,Mitchell Tenpenny,44,14,Gains In Performance
2023-03-18,42,Worth A Shot,Elle King Featuring Dierks Bentley,43,28,
2023-03-18,43,Stars Like Confetti,Dustin Lynch,45,7,Gains In Performance
2023-03-18,44,Heaven By Then,Brantley Gilbert And Blake Shelton Featuring Vince Gill,47,18,Gains In Performance
2023-03-18,45,Fearless (The Echo),Jackson Dean,46,6,
2023-03-18,46,God Gave Me A Girl,Russell Dickerson,48,8,Gains In Performance
2023-03-18,47,If He Wanted To He Would,Kylie Morgan,51,17,Gains In Performance
2023-03-18,48,If You Go Down (I'm Goin' Down Too),Kelsea Ballerini,50,10,Gains In Performance
2023-03-18,49,All I Need Is You,Chris Janson,53,3,Gains In Performance
2023-03-18,50,Sounds Like Something I'd Do,Drake Milligan,49,23,
2023-03-18,51,Up There Down Here,Jake Owen,52,10,Gains In Performance
2023-03-18,52,Over For You,Morgan Evans,55,20,Gains In Performance
2023-03-18,53,Mind On You,George Birge,54,15,Gains In Performance
2023-03-18,54,23,Chayce Beckham,57,5,Gains In Performance
2023-03-18,55,Man Made A Bar,Morgan Wallen Featuring Eric Church,NEW,1,Highest ranking debut|Gains In Performance
2023-03-18,56,'98 Braves,Morgan Wallen,NEW,1,Gains In Performance
2023-03-18,57,Oklahoma Breakdown,Toby Keith,56,15,
2023-03-18,58,For What It's Worth,BRELAND,59,9,Gains In Performance
2023-03-18,59,Country Can,Hannah Ellis,58,7,
2023-03-18,60,I Wrote The Book,Morgan Wallen,NEW,1,Gains In Performance
2023-03-25,1,"Going, Going, Gone",Luke Combs,1,22,Gains In Performance
2023-03-25,2,Rock And A Hard Place,Bailey Zimmerman,3,23,Gains In Performance
2023-03-25,3,Thought You Should Know,Morgan Wallen,2,20,
2023-03-25,4,Heart Like A Truck,Lainey Wilson,4,44,Gains In Performance
2023-03-25,5,What He Didn't Do,Carly Pearce,6,39,Gains In Performance
2023-03-25,6,Thank God,Kane Brown With Katelyn Brown,7,28,
2023-03-25,7,Handle On You,Parker McCollum,8,32,Gains In Performance
2023-03-25,8,Wait In The Truck,HARDY Featuring Lainey Wilson,9,30,Gains In Performance
2023-03-25,9,Gold,Dierks Bentley,11,34,Gains In Performance
2023-03-25,10,Wild As Her,Corey Kent,10,33,Gains In Performance
2023-03-25,11,You Didn't,Brett Young,12,69,Gains In Performance
2023-03-25,12,That's What Tequila Does,Jason Aldean,5,35,
2023-03-25,13,You,Dan + Shay,14,35,Gains In Performance
2023-03-25,14,Human,Cody Johnson,15,41,Gains In Performance
2023-03-25,15,Brown Eyes Baby,Keith Urban,13,36,Gains In Performance
2023-03-25,16,Dancin' In The Country,Tyler Hubbard,18,16,Gains In Performance
2023-03-25,17,Water Under The Bridge,Sam Hunt,16,39,Gains In Performance
2023-03-25,18,It Matters To Her,Scotty McCreery,17,27,Gains In Performance
2023-03-25,19,Tennessee Orange,Megan Moroney,19,17,Gains In Performance
2023-03-25,20,Standing Room Only,Tim McGraw,NEW,1,Highest ranking debut|Gains In Performance
2023-03-25,21,One Thing At A Time,Morgan Wallen,25,10,Gains In Performance
2023-03-25,22,How It Oughta Be,Shane Profitt,22,28,Gains In Performance
2023-03-25,23,Good Day For Living,Joe Nichols,21,51,
2023-03-25,24,Memory Lane,Old Dominion,24,11,Gains In Performance
2023-03-25,25,Last Night,Morgan Wallen,29,4,Gains In Performance
2023-03-25,26,Hate My Heart,Carrie Underwood,23,20,
2023-03-25,27,Girl In Mine,Parmalee,26,29,Gains In Performance
2023-03-25,28,Something In The Orange,Zach Bryan,27,37,
2023-03-25,29,Everything She Ain't,Hailey Whitters,28,46,Gains In Performance
2023-03-25,30,Your Heart Or Mine,Jon Pardi,31,24,Gains In Performance
2023-03-25,31,Angels Don't Always Have Wings,Thomas Rhett,30,7,
2023-03-25,32,Note To Self,Randy Houser,32,51,Gains In Performance
2023-03-25,33,Drinkaby,Cole Swindell,34,7,Gains In Performance
2023-03-25,34,"You, Me, & Whiskey",Justin Moore & Priscilla Block,35,19,Gains In Performance
2023-03-25,35,Next Thing You Know,Jordan Davis,37,5,Gains In Performance
2023-03-25,36,Need A Favor,Jelly Roll,36,9,Gains In Performance
2023-03-25,37,Looking For You,Chris Young,38,9,Gains In Performance
2023-03-25,38,Excuses,Kolby Cooper,39,26,Gains In Performance
2023-03-25,39,Can't Have Mine,Dylan Scott,40,26,Gains In Performance
2023-03-25,40,Worth A Shot,Elle King Featuring Dierks Bentley,42,29,Gains In Performance
2023-03-25,41,Stars Like Confetti,Dustin Lynch,43,8,Gains In Performance
2023-03-25,42,We Got History,Mitchell Tenpenny,41,15,
2023-03-25,43,Heaven By Then,Brantley Gilbert And Blake Shelton Featuring Vince Gill,44,19,
2023-03-25,44,God Gave Me A Girl,Russell Dickerson,46,9,Gains In Performance
2023-03-25,45,Fearless (The Echo),Jackson Dean,45,7,Gains In Performance
2023-03-25,46,If He Wanted To He Would,Kylie Morgan,47,18,Gains In Performance
2023-03-25,47,Sounds Like Something I'd Do,Drake Milligan,50,24,Gains In Performance
2023-03-25,48,Up There Down Here,Jake Owen,51,11,Gains In Performance
2023-03-25,49,If You Go Down (I'm Goin' Down Too),Kelsea Ballerini,48,11,
2023-03-25,50,All I Need Is You,Chris Janson,49,4,
2023-03-25,51,Mind On You,George Birge,53,16,Gains In Performance
2023-03-25,52,Over For You,Morgan Evans,52,21,
2023-03-25,53,23,Chayce Beckham,54,6,Gains In Performance
2023-03-25,54,Light On In The Kitchen,Ashley McBryde,NEW,1,Gains In Performance
2023-03-25,55,Oklahoma Breakdown,Toby Keith,57,16,Gains In Performance
2023-03-25,56,For What It's Worth,BRELAND,58,10,Gains In Performance
2023-03-25,57,Country Can,Hannah Ellis,59,8,Gains In Performance
2023-03-25,58,Giving Up On That,Dalton Dover,NEW,1,Gains In Performance
2023-03-25,59,Bury Me In Georgia,Kane Brown,RE,4,Gains In Performance
2023-03-25,60,Marry That Girl,Easton Corbin,NEW,1,Gains In Performance
2023-04-01,1,Rock And A Hard Place,Bailey Zimmerman,2,24,Gains In Performance
2023-04-01,2,What He Didn't Do,Carly Pearce,5,40,Greatest gainer this week|Gains In Performance
2023-04-01,3,"Going, Going, Gone",Luke Combs,1,23,
2023-04-01,4,Heart Like A Truck,Lainey Wilson,4,45,Gains In Performance
2023-04-01,5,Thought You Should Know,Morgan Wallen,3,21,
2023-04-01,6,Handle On You,Parker McCollum,7,33,Gains In Performance
2023-04-01,7,Wait In The Truck,HARDY Featuring Lainey Wilson,8,31,Gains In Performance
2023-04-01,8,Gold,Dierks Bentley,9,35,Gains In Performance
2023-04-01,9,Wild As Her,Corey Kent,10,34,Gains In Performance
2023-04-01,10,You Didn't,Brett Young,11,70,Gains In Performance
2023-04-01,11,You,Dan + Shay,13,36,Gains In Performance
2023-04-01,12,Dancin' In The Country,Tyler Hubbard,16,17,Gains In Performance
2023-04-01,13,Human,Cody Johnson,14,42,Gains In Performance
2023-04-01,14,Brown Eyes Baby,Keith Urban,15,37,Gains In Performance
2023-04-01,15,Water Under The Bridge,Sam Hunt,17,40,Gains In Performance
2023-04-01,16,It Matters To Her,Scotty McCreery,18,28,Gains In Performance
2023-04-01,17,Tennessee Orange,Megan Moroney,19,18,Gains In Performance
2023-04-01,18,One Thing At A Time,Morgan Wallen,21,11,Gains In Performance
2023-04-01,19,How It Oughta Be,Shane Profitt,22,29,Gains In Performance
2023-04-01,20,Good Day For Living,Joe Nichols,23,52,Gains In Performance
2023-04-01,21,Memory Lane,Old Dominion,24,12,Gains In Performance
2023-04-01,22,Last Night,Morgan Wallen,25,5,Gains In Performance
2023-04-01,23,Hate My Heart,Carrie Underwood,26,21,Gains In Performance
2023-04-01,24,Girl In Mine,Parmalee,27,30,Gains In Performance
2023-04-01,25,Something In The Orange,Zach Bryan,28,38,Gains In Performance
2023-04-01,26,Everything She Ain't,Hailey Whitters,29,47,Gains In Performance
2023-04-01,27,Your Heart Or Mine,Jon Pardi,30,25,Gains In Performance
2023-04-01,28,Angels Don't Always Have Wings,Thomas Rhett,31,8,Gains In Performance
2023-04-01,29,"You, Me, & Whiskey",Justin Moore & Priscilla Block,34,20,Gains In Performance
2023-04-01,30,Next Thing You Know,Jordan Davis,35,6,Gains In Performance
2023-04-01,31,Drinkaby,Cole Swindell,33,8,Gains In Performance
2023-04-01,32,Need A Favor,Jelly Roll,36,10,Gains In Performance
2023-04-01,33,Standing Room Only,Tim McGraw,20,2,
2023-04-01,34,Looking For You,Chris Young,37,10,Gains In Performance
2023-04-01,35,Can't Have Mine,Dylan Scott,39,27,Gains In Performance
2023-04-01,36,Excuses,Kolby Cooper,38,27,
2023-04-01,37,Stars Like Confetti,Dustin Lynch,41,9,Gains In Performance
2023-04-01,38,We Got History,Mitchell Tenpenny,42,16,Gains In Performance
2023-04-01,39,Worth A Shot,Elle King Featuring Dierks Bentley,40,30,Gains In Performance
2023-04-01,40,Heaven By Then,Brantley Gilbert And Blake Shelton Featuring Vince Gill,43,20,Gains In Performance
2023-04-01,41,Light On In The Kitchen,Ashley McBryde,54,2,Gains In Performance
2023-04-01,42,God Gave Me A Girl,Russell Dickerson,44,10,Gains In Performance
2023-04-01,43,If He Wanted To He Would,Kylie Morgan,46,19,Gains In Performance
2023-04-01,44,If You Go Down (I'm Goin' Down Too),Kelsea Ballerini,49,12,Gains In Performance
2023-04-01,45,Fearless (The Echo),Jackson Dean,45,8,
2023-04-01,46,Sounds Like Something I'd Do,Drake Milligan,47,25,Gains In Performance
2023-04-01,47,All I Need Is You,Chris Janson,50,5,Gains In Performance
2023-04-01,48,Over For You,Morgan Evans,52,22,Gains In Performance
2023-04-01,49,Mind On You,George Birge,51,17,Gains In Performance
2023-04-01,50,23,Chayce Beckham,53,7,Gains In Performance
2023-04-01,51,Up There Down Here,Jake Owen,48,12,
2023-04-01,52,Bury Me In Georgia,Kane Brown,59,5,Gains In Performance
2023-04-01,53,For What It's Worth,BRELAND,56,11,Gains In Performance
2023-04-01,54,Giving Up On That,Dalton Dover,58,2,Gains In Performance
2023-04-01,55,Country Can,Hannah Ellis,57,9,
2023-04-01,56,Oklahoma Breakdown,Toby Keith,55,17,
2023-04-01,57,Religiously,Bailey Zimmerman,NEW,1,Highest ranking debut|Gains In Performance
2023-04-01,58,Bout Damn Time,Neon Union,RE,2,Gains In Performance
2023-04-01,59,Shoot Tequila,Tigirlily Gold,NEW,1,Gains In Performance
2023-04-01,60,'98 Braves,Morgan Wallen,RE,2,Gains In Performance
2023-04-08,1,Rock And A Hard Place,Bailey Zimmerman,1,25,Gains In Performance
2023-04-08,2,Heart Like A Truck,Lainey Wilson,4,46,Gains In Performance
2023-04-08,3,Thought You Should Know,Morgan Wallen,5,22,
2023-04-08,4,"Going, Going, Gone",Luke Combs,3,24,
2023-04-08,5,Handle On You,Parker McCollum,6,34,Gains In Performance
2023-04-08,6,Gold,Dierks Bentley,8,36,Gains In Performance
2023-04-08,7,Wait In The Truck,HARDY Featuring Lainey Wilson,7,32,Gains In Performance
2023-04-08,8,Wild As Her,Corey Kent,9,35,Gains In Performance
2023-04-08,9,What He Didn't Do,Carly Pearce,2,41,
2023-04-08,10,Dancin' In The Country,Tyler Hubbard,12,18,Greatest gainer this week|Gains In Performance
2023-04-08,11,You,Dan + Shay,11,37,Gains In Performance
2023-04-08,12,Human,Cody Johnson,13,43,Gains In Performance
2023-04-08,13,One Thing At A Time,Morgan Wallen,18,12,Gains In Performance
2023-04-08,14,Brown Eyes Baby,Keith Urban,14,38,Gains In Performance
2023-04-08,15,It Matters To Her,Scotty McCreery,16,29,Gains In Performance
2023-04-08,16,Water Under The Bridge,Sam Hunt,15,41,Gains In Performance
2023-04-08,17,Tennessee Orange,Megan Moroney,17,19,Gains In Performance
2023-04-08,18,Last Night,Morgan Wallen,22,6,Gains In Performance
2023-04-08,19,Memory Lane,Old Dominion,21,13,Gains In Performance
2023-04-08,20,How It Oughta Be,Shane Profitt,19,30,Gains In Performance
2023-04-08,21,Good Day For Living,Joe Nichols,20,53,
2023-04-08,22,Girl In Mine,Parmalee,24,31,Gains In Performance
2023-04-08,23,Hate My Heart,Carrie Underwood,23,22,Gains In Performance
2023-04-08,24,Something In The Orange,Zach Bryan,25,39,Gains In Performance
2023-04-08,25,Everything She Ain't,Hailey Whitters,26,48,Gains In Performance
2023-04-08,26,Your Heart Or Mine,Jon Pardi,27,26,Gains In Performance
2023-04-08,27,Next Thing You Know,Jordan Davis,30,7,Gains In Performance
2023-04-08,28,Angels Don't Always Have Wings,Thomas Rhett,28,9,Gains In Performance
2023-04-08,29,"You, Me, & Whiskey",Justin Moore & Priscilla Block,29,21,Gains In Performance
2023-04-08,30,Son Of A,Dillon Carmichael,RE,59,Gains In Performance
2023-04-08,31,Drinkaby,Cole Swindell,31,9,Gains In Performance
2023-04-08,32,Need A Favor,Jelly Roll,32,11,Gains In Performance
2023-04-08,33,Standing Room Only,Tim McGraw,33,3,Gains In Performance
2023-04-08,34,Looking For You,Chris Young,34,11,Gains In Performance
2023-04-08,35,Can't Have Mine,Dylan Scott,35,28,Gains In Performance
2023-04-08,36,Excuses,Kolby Cooper,36,28,Gains In Performance
2023-04-08,37,God Gave Me A Girl,Russell Dickerson,42,11,Gains In Performance
2023-04-08,38,Worth A Shot,Elle King Featuring Dierks Bentley,39,31,Gains In Performance
2023-04-08,39,Light On In The Kitchen,Ashley McBryde,41,3,Gains In Performance
2023-04-08,40,Stars Like Confetti,Dustin Lynch,37,10,
2023-04-08,41,We Got History,Mitchell Tenpenny,38,17,
2023-04-08,42,If You Go Down (I'm Goin' Down Too),Kelsea Ballerini,44,13,Gains In Performance
2023-04-08,43,If He Wanted To He Would,Kylie Morgan,43,20,Gains In Performance
2023-04-08,44,Fearless (The Echo),Jackson Dean,45,9,Gains In Performance
2023-04-08,45,All I Need Is You,Chris Janson,47,6,Gains In Performance
2023-04-08,46,Heaven By Then,Brantley Gilbert And Blake Shelton Featuring Vince Gill,40,21,
2023-04-08,47,Mind On You,George Birge,49,18,Gains In Performance
2023-04-08,48,5 Leaf Clover,Luke Combs,NEW,1,Highest ranking debut|Gains In Performance
2023-04-08,49,Love You Anyway,Luke Combs,NEW,1,Gains In Performance
2023-04-08,50,Sounds Like Something I'd Do,Drake Milligan,46,26,
2023-04-08,51,Over For You,Morgan Evans,48,23,
2023-04-08,52,23,Chayce Beckham,50,8,Gains In Performance
2023-04-08,53,Up There Down Here,Jake Owen,51,13,Gains In Performance
2023-04-08,54,Bury Me In Georgia,Kane Brown,52,6,Gains In Performance
2023-04-08,55,Giving Up On That,Dalton Dover,54,3,Gains In Performance
2023-04-08,56,For What It's Worth,BRELAND,53,12,Gains In Performance
2023-04-08,57,Still,Luke Combs,NEW,1,Gains In Performance
2023-04-08,58,Growin' Up And Gettin' Old,Luke Combs,NEW,1,Gains In Performance
2023-04-08,59,Hannah Ford Road,Luke Combs,NEW,1,Gains In Performance
2023-04-08,60,Country Can,Hannah Ellis,55,10,Gains In Performance
2023-04-15,1,Rock And A Hard Place,Bailey Zimmerman,1,26,Gains In Performance
2023-04-15,2,Heart Like A Truck,Lainey Wilson,2,47,
2023-04-15,3,Handle On You,Parker McCollum,5,35,Gains In Performance
2023-04-15,4,Gold,Dierks Bentley,6,37,Gains In Performance
2023-04-15,5,Thought You Should Know,Morgan Wallen,3,23,
2023-04-15,6,Wait In The Truck,HARDY Featuring Lainey Wilson,7,33,Gains In Performance
2023-04-15,7,"Going, Going, Gone",Luke Combs,4,25,
2023-04-15,8,Wild As Her,Corey Kent,8,36,Gains In Performance
2023-04-15,9,Dancin' In The Country,Tyler Hubbard,10,19,Gains In Performance
2023-04-15,10,You,Dan + Shay,11,38,Gains In Performance
2023-04-15,11,One Thing At A Time,Morgan Wallen,13,13,Gains In Performance
2023-04-15,12,Human,Cody Johnson,12,44,Gains In Performance
2023-04-15,13,It Matters To Her,Scotty McCreery,15,30,Gains In Performance
2023-04-15,14,Tennessee Orange,Megan Moroney,17,20,Gains In Performance
2023-04-15,15,Brown Eyes Baby,Keith Urban,14,39,Gains In Performance
2023-04-15,16,Water Under The Bridge,Sam Hunt,16,42,Gains In Performance
2023-04-15,17,Last Night,Morgan Wallen,18,7,Gains In Performance
2023-04-15,18,Memory Lane,Old Dominion,19,14,Gains In Performance
2023-04-15,19,How It Oughta Be,Shane Profitt,20,31,Gains In Performance
2023-04-15,20,Good Day For Living,Joe Nichols,21,54,Gains In Performance
2023-04-15,21,Girl In Mine,Parmalee,22,32,Gains In Performance
2023-04-15,22,Hate My Heart,Carrie Underwood,23,23,Gains In Performance
2023-04-15,23,Everything She Ain't,Hailey Whitters,25,49,Gains In Performance
2023-04-15,24,Next Thing You Know,Jordan Davis,27,8,Gains In Performance
2023-04-15,25,Fires Don't Start Themselves,Darius Rucker,NEW,1,Highest ranking debut|Gains In Performance
2023-04-15,26,Your Heart Or Mine,Jon Pardi,26,27,Gains In Performance
2023-04-15,27,Something In The Orange,Zach Bryan,24,40,Gains In Performance
2023-04-15,28,Angels Don't Always Have Wings,Thomas Rhett,28,10,Gains In Performance
2023-04-15,29,"You, Me, & Whiskey",Justin Moore & Priscilla Block,29,22,Gains In Performance
2023-04-15,30,Need A Favor,Jelly Roll,32,12,Gains In Performance
2023-04-15,31,Drinkaby,Cole Swindell,31,10,Gains In Performance
2023-04-15,32,Standing Room Only,Tim McGraw,33,4,Gains In Performance
2023-04-15,33,Looking For You,Chris Young,34,12,Gains In Performance
2023-04-15,34,Can't Have Mine,Dylan Scott,35,29,Gains In Performance
2023-04-15,35,Excuses,Kolby Cooper,36,29,Gains In Performance
2023-04-15,36,Light On In The Kitchen,Ashley McBryde,39,4,Gains In Performance
2023-04-15,37,Bury Me In Georgia,Kane Brown,54,7,Gains In Performance
2023-04-15,38,Stars Like Confetti,Dustin Lynch,40,11,Gains In Performance
2023-04-15,39,God Gave Me A Girl,Russell Dickerson,37,12,Gains In Performance
2023-04-15,40,We Got History,Mitchell Tenpenny,41,18,Gains In Performance
2023-04-15,41,If You Go Down (I'm Goin' Down Too),Kelsea Ballerini,42,14,Gains In Performance
2023-04-15,42,5 Leaf Clover,Luke Combs,48,2,Gains In Performance
2023-04-15,43,Worth A Shot,Elle King Featuring Dierks Bentley,38,32,
2023-04-15,44,Heaven By Then,Brantley Gilbert And Blake Shelton Featuring Vince Gill,46,22,Gains In Performance
2023-04-15,45,If He Wanted To He Would,Kylie Morgan,43,21,Gains In Performance
2023-04-15,46,All I Need Is You,Chris Janson,45,7,Gains In Performance
2023-04-15,47,Fearless (The Echo),Jackson Dean,44,10,Gains In Performance
2023-04-15,48,Mind On You,George Birge,47,19,Gains In Performance
2023-04-15,49,23,Chayce Beckham,52,9,Gains In Performance
2023-04-15,50,Over For You,Morgan Evans,51,24,Gains In Performance
2023-04-15,51,Sounds Like Something I'd Do,Drake Milligan,50,27,Gains In Performance
2023-04-15,52,Up There Down Here,Jake Owen,53,14,Gains In Performance
2023-04-15,53,Love You Anyway,Luke Combs,49,2,
2023-04-15,54,Religiously,Bailey Zimmerman,RE,2,Gains In Performance
2023-04-15,55,Giving Up On That,Dalton Dover,55,4,Gains In Performance
2023-04-15,56,For What It's Worth,BRELAND,56,13,
2023-04-15,57,Country Can,Hannah Ellis,60,11,Gains In Performance
2023-04-15,58,Marry That Girl,Easton Corbin,RE,2,Gains In Performance
2023-04-15,59,Drive You Out Of My Mind,Kassi Ashton,NEW,1,Gains In Performance
2023-04-15,60,Bout Damn Time,Neon Union,RE,3,Gains In Performance
2023-04-22,1,Rock And A Hard Place,Bailey Zimmerman,1,27,
2023-04-22,2,Gold,Dierks Bentley,4,38,Gains In Performance
2023-04-22,3,Handle On You,Parker McCollum,3,36,Gains In Performance
2023-04-22,4,Wait In The Truck,HARDY Featuring Lainey Wilson,6,34,Gains In Performance
2023-04-22,5,Thought You Should Know,Morgan Wallen,5,24,
2023-04-22,6,Wild As Her,Corey Kent,8,37,Gains In Performance
2023-04-22,7,"Going, Going, Gone",Luke Combs,7,26,
2023-04-22,8,Dancin' In The Country,Tyler Hubbard,9,20,Gains In Performance
2023-04-22,9,Heart Like A Truck,Lainey Wilson,2,48,
2023-04-22,10,One Thing At A Time,Morgan Wallen,11,14,Gains In Performance
2023-04-22,11,You,Dan + Shay,10,39,Gains In Performance
2023-04-22,12,Human,Cody Johnson,12,45,Gains In Performance
2023-04-22,13,Last Night,Morgan Wallen,17,8,Greatest gainer this week|Gains In Performance
2023-04-22,14,It Matters To Her,Scotty McCreery,13,31,Gains In Performance
2023-04-22,15,Tennessee Orange,Megan Moroney,14,21,Gains In Performance
2023-04-22,16,Brown Eyes Baby,Keith Urban,15,40,Gains In Performance
2023-04-22,17,Water Under The Bridge,Sam Hunt,16,43,Gains In Performance
2023-04-22,18,Memory Lane,Old Dominion,18,15,Gains In Performance
2023-04-22,19,How It Oughta Be,Shane Profitt,19,32,Gains In Performance
2023-04-22,20,Good Day For Living,Joe Nichols,20,55,
2023-04-22,21,Next Thing You Know,Jordan Davis,24,9,Gains In Performance
2023-04-22,22,Girl In Mine,Parmalee,21,33,Gains In Performance
2023-04-22,23,Hate My Heart,Carrie Underwood,22,24,Gains In Performance
2023-04-22,24,Everything She Ain't,Hailey Whitters,23,50,Gains In Performance
2023-04-22,25,Your Heart Or Mine,Jon Pardi,26,28,Gains In Performance
2023-04-22,26,"You, Me, & Whiskey",Justin Moore & Priscilla Block,29,23,Gains In Performance
2023-04-22,27,Angels Don't Always Have Wings,Thomas Rhett,28,11,Gains In Performance
2023-04-22,28,Something In The Orange,Zach Bryan,27,41,
2023-04-22,29,Need A Favor,Jelly Roll,30,13,Gains In Performance
2023-04-22,30,Drinkaby,Cole Swindell,31,11,Gains In Performance
2023-04-22,31,Standing Room Only,Tim McGraw,32,5,Gains In Performance
2023-04-22,32,Looking For You,Chris Young,33,13,Gains In Performance
2023-04-22,33,Can't Have Mine,Dylan Scott,34,30,Gains In Performance
2023-04-22,34,Fires Don't Start Themselves,Darius Rucker,25,2,
2023-04-22,35,5 Leaf Clover,Luke Combs,42,3,Gains In Performance
2023-04-22,36,Bury Me In Georgia,Kane Brown,37,8,Gains In Performance
2023-04-22,37,Nobody's Nobody,Brothers Osborne,NEW,1,Highest ranking debut|Gains In Performance
2023-04-22,38,Excuses,Kolby Cooper,35,30,
2023-04-22,39,God Gave Me A Girl,Russell Dickerson,39,13,Gains In Performance
2023-04-22,40,Stars Like Confetti,Dustin Lynch,38,12,Gains In Performance
2023-04-22,41,We Got History,Mitchell Tenpenny,40,19,Gains In Performance
2023-04-22,42,If You Go Down (I'm Goin' Down Too),Kelsea Ballerini,41,15,Gains In Performance
2023-04-22,43,Light On In The Kitchen,Ashley McBryde,36,5,
2023-04-22,44,Love You Anyway,Luke Combs,53,3,Gains In Performance
2023-04-22,45,Heaven By Then,Brantley Gilbert And Blake Shelton Featuring Vince Gill,44,23,Gains In Performance
2023-04-22,46,Worth A Shot,Elle King Featuring Dierks Bentley,43,33,
2023-04-22,47,Fearless (The Echo),Jackson Dean,47,11,Gains In Performance
2023-04-22,48,If He Wanted To He Would,Kylie Morgan,45,22,
2023-04-22,49,Mind On You,George Birge,48,20,
2023-04-22,50,All I Need Is You,Chris Janson,46,8,
2023-04-22,51,23,Chayce Beckham,49,10,
2023-04-22,52,Sounds Like Something I'd Do,Drake Milligan,51,28,
2023-04-22,53,Over For You,Morgan Evans,50,25,
2023-04-22,54,Creek Will Rise,Conner Smith,NEW,1,Gains In Performance
2023-04-22,55,Up There Down Here,Jake Owen,52,15,
2023-04-22,56,Religiously,Bailey Zimmerman,54,3,Gains In Performance
2023-04-22,57,Drive You Out Of My Mind,Kassi Ashton,59,2,Gains In Performance
2023-04-22,58,Giving Up On That,Dalton Dover,55,5,Gains In Performance
2023-04-22,59,For What It's Worth,BRELAND,56,14,Gains In Performance
2023-04-22,60,Marry That Girl,Easton Corbin,58,3,Gains In Performance
2023-04-29,1,Rock And A Hard Place,Bailey Zimmerman,1,28,
2023-04-29,2,Wait In The Truck,HARDY Featuring Lainey Wilson,4,35,Greatest gainer this week|Gains In Performance
2023-04-29,3,Gold,Dierks Bentley,2,39,Gains In Performance
2023-04-29,4,Handle On You,Parker McCollum,3,37,Gains In Performance
2023-04-29,5,Dancin' In The Country,Tyler Hubbard,8,21,Gains In Performance
2023-04-29,6,Wild As Her,Corey Kent,6,38,Gains In Performance
2023-04-29,7,Thought You Should Know,Morgan Wallen,5,25,
2023-04-29,8,Last Night,Morgan Wallen,13,9,Gains In Performance
2023-04-29,9,One Thing At A Time,Morgan Wallen,10,15,Gains In Performance
2023-04-29,10,You,Dan + Shay,11,40,Gains In Performance
2023-04-29,11,Human,Cody Johnson,12,46,Gains In Performance
2023-04-29,12,It Matters To Her,Scotty McCreery,14,32,Gains In Performance
2023-04-29,13,Tennessee Orange,Megan Moroney,15,22,Gains In Performance
2023-04-29,14,Brown Eyes Baby,Keith Urban,16,41,
2023-04-29,15,Memory Lane,Old Dominion,18,16,Gains In Performance
2023-04-29,16,How It Oughta Be,Shane Profitt,19,33,Gains In Performance
2023-04-29,17,Next Thing You Know,Jordan Davis,21,10,Gains In Performance
2023-04-29,18,Good Day For Living,Joe Nichols,20,56,Gains In Performance
2023-04-29,19,Your Heart Or Mine,Jon Pardi,25,29,Gains In Performance
2023-04-29,20,Girl In Mine,Parmalee,22,34,Gains In Performance
2023-04-29,21,Hate My Heart,Carrie Underwood,23,25,Gains In Performance
2023-04-29,22,Everything She Ain't,Hailey Whitters,24,51,Gains In Performance
2023-04-29,23,"You, Me, & Whiskey",Justin Moore & Priscilla Block,26,24,Gains In Performance
2023-04-29,24,Angels Don't Always Have Wings,Thomas Rhett,27,12,Gains In Performance
2023-04-29,25,Something In The Orange,Zach Bryan,28,42,Gains In Performance
2023-04-29,26,Need A Favor,Jelly Roll,29,14,Gains In Performance
2023-04-29,27,Drinkaby,Cole Swindell,30,12,Gains In Performance
2023-04-29,28,Standing Room Only,Tim McGraw,31,6,Gains In Performance
2023-04-29,29,Looking For You,Chris Young,32,14,Gains In Performance
2023-04-29,30,Can't Have Mine,Dylan Scott,33,31,Gains In Performance
2023-04-29,31,Fires Don't Start Themselves,Darius Rucker,34,3,Gains In Performance
2023-04-29,32,Bury Me In Georgia,Kane Brown,36,9,Gains In Performance
2023-04-29,33,Stars Like Confetti,Dustin Lynch,40,13,Gains In Performance
2023-04-29,34,We Got History,Mitchell Tenpenny,41,20,Gains In Performance
2023-04-29,35,God Gave Me A Girl,Russell Dickerson,39,14,Gains In Performance
2023-04-29,36,If You Go Down (I'm Goin' Down Too),Kelsea Ballerini,42,16,Gains In Performance
2023-04-29,37,Excuses,Kolby Cooper,38,31,
2023-04-29,38,5 Leaf Clover,Luke Combs,35,4,
2023-04-29,39,Love You Anyway,Luke Combs,44,4,Gains In Performance
2023-04-29,40,Light On In The Kitchen,Ashley McBryde,43,6,Gains In Performance
2023-04-29,41,Heaven By Then,Brantley Gilbert And Blake Shelton Featuring Vince Gill,45,24,Gains In Performance
2023-04-29,42,If He Wanted To He Would,Kylie Morgan,48,23,Gains In Performance
2023-04-29,43,Fearless (The Echo),Jackson Dean,47,12,Gains In Performance
2023-04-29,44,Worth A Shot,Elle King Featuring Dierks Bentley,46,34,
2023-04-29,45,All I Need Is You,Chris Janson,50,9,Gains In Performance
2023-04-29,46,Mind On You,George Birge,49,21,Gains In Performance
2023-04-29,47,23,Chayce Beckham,51,11,Gains In Performance
2023-04-29,48,Creek Will Rise,Conner Smith,54,2,Gains In Performance
2023-04-29,49,Over For You,Morgan Evans,53,26,Gains In Performance
2023-04-29,50,Religiously,Bailey Zimmerman,56,4,Gains In Performance
2023-04-29,51,Nobody's Nobody,Brothers Osborne,37,2,
2023-04-29,52,For What It's Worth,BRELAND,59,15,Gains In Performance
2023-04-29,53,Giving Up On That,Dalton Dover,58,6,Gains In Performance
2023-04-29,54,Drive You Out Of My Mind,Kassi Ashton,57,3,
2023-04-29,55,Fast Car,Luke Combs,NEW,1,Highest ranking debut|Gains In Performance
2023-04-29,56,Marry That Girl,Easton Corbin,60,4,
2023-04-29,57,Bout Damn Time,Neon Union,RE,4,Gains In Performance
2023-04-29,58,Up There Down Here,Jake Owen,55,16,
2023-04-29,59,Shoot Tequila,Tigirlily Gold,RE,2,
2023-04-29,60,Jealous Of Myself,Tenille Arts & LeAnn Rimes,NEW,1,Gains In Performance
2023-05-06,1,Rock And A Hard Place,Bailey Zimmerman,1,29,
2023-05-06,2,Gold,Dierks Bentley,3,40,Gains In Performance
2023-05-06,3,Handle On You,Parker McCollum,4,38,Gains In Performance
2023-05-06,4,Dancin' In The Country,Tyler Hubbard,5,22,Gains In Performance
2023-05-06,5,Last Night,Morgan Wallen,8,10,Greatest gainer this week|Gains In Performance
2023-05-06,6,Wild As Her,Corey Kent,6,39,Gains In Performance
2023-05-06,7,Wait In The Truck,HARDY Featuring Lainey Wilson,2,36,
2023-05-06,8,One Thing At A Time,Morgan Wallen,9,16,Gains In Performance
2023-05-06,9,You,Dan + Shay,10,41,Gains In Performance
2023-05-06,10,It Matters To Her,Scotty McCreery,12,33,Gains In Performance
2023-05-06,11,Tennessee Orange,Megan Moroney,13,23,Gains In Performance
2023-05-06,12,Human,Cody Johnson,11,47,
2023-05-06,13,Brown Eyes Baby,Keith Urban,14,42,Gains In Performance
2023-05-06,14,Memory Lane,Old Dominion,15,17,Gains In Performance
2023-05-06,15,Next Thing You Know,Jordan Davis,17,11,Gains In Performance
2023-05-06,16,How It Oughta Be,Shane Profitt,16,34,Gains In Performance
2023-05-06,17,Your Heart Or Mine,Jon Pardi,19,30,Gains In Performance
2023-05-06,18,Good Day For Living,Joe Nichols,18,57,Gains In Performance
2023-05-06,19,"You, Me, & Whiskey",Justin Moore & Priscilla Block,23,25,Gains In Performance
2023-05-06,20,Hate My Heart,Carrie Underwood,21,26,Gains In Performance
2023-05-06,21,Girl In Mine,Parmalee,20,35,Gains In Performance
2023-05-06,22,Angels Don't Always Have Wings,Thomas Rhett,24,13,Gains In Performance
2023-05-06,23,Everything She Ain't,Hailey Whitters,22,52,Gains In Performance
2023-05-06,24,Need A Favor,Jelly Roll,26,15,Gains In Performance
2023-05-06,25,Something In The Orange,Zach Bryan,25,43,Gains In Performance
2023-05-06,26,Drinkaby,Cole Swindell,27,13,Gains In Performance
2023-05-06,27,Love You Anyway,Luke Combs,39,5,Gains In Performance
2023-05-06,28,Standing Room Only,Tim McGraw,28,7,Gains In Performance
2023-05-06,29,Looking For You,Chris Young,29,15,Gains In Performance
2023-05-06,30,Bury Me In Georgia,Kane Brown,32,10,Gains In Performance
2023-05-06,31,Can't Have Mine,Dylan Scott,30,32,Gains In Performance
2023-05-06,32,Fires Don't Start Themselves,Darius Rucker,31,4,Gains In Performance
2023-05-06,33,We Got History,Mitchell Tenpenny,34,21,Gains In Performance
2023-05-06,34,Stars Like Confetti,Dustin Lynch,33,14,Gains In Performance
2023-05-06,35,God Gave Me A Girl,Russell Dickerson,35,15,Gains In Performance
2023-05-06,36,If You Go Down (I'm Goin' Down Too),Kelsea Ballerini,36,17,Gains In Performance
2023-05-06,37,Light On In The Kitchen,Ashley McBryde,40,7,Gains In Performance
2023-05-06,38,Heaven By Then,Brantley Gilbert And Blake Shelton Featuring Vince Gill,41,25,Gains In Performance
2023-05-06,39,If He Wanted To He Would,Kylie Morgan,42,24,Gains In Performance
2023-05-06,40,All I Need Is You,Chris Janson,45,10,Gains In Performance
2023-05-06,41,Fearless (The Echo),Jackson Dean,43,13,Gains In Performance
2023-05-06,42,Mind On You,George Birge,46,22,Gains In Performance
2023-05-06,43,Worth A Shot,Elle King Featuring Dierks Bentley,44,35,
2023-05-06,44,Creek Will Rise,Conner Smith,48,3,Gains In Performance
2023-05-06,45,Fast Car,Luke Combs,55,2,Gains In Performance
2023-05-06,46,Religiously,Bailey Zimmerman,50,5,Gains In Performance
2023-05-06,47,Over For You,Morgan Evans,49,27,Gains In Performance
2023-05-06,48,5 Leaf Clover,Luke Combs,38,5,
2023-05-06,49,Nobody's Nobody,Brothers Osborne,51,3,Gains In Performance
2023-05-06,50,23,Chayce Beckham,47,12,Gains In Performance
2023-05-06,51,Giving Up On That,Dalton Dover,53,7,Gains In Performance
2023-05-06,52,Drive You Out Of My Mind,Kassi Ashton,54,4,Gains In Performance
2023-05-06,53,For What It's Worth,BRELAND,52,16,
2023-05-06,54,Marry That Girl,Easton Corbin,56,5,Gains In Performance
2023-05-06,55,Shoot Tequila,Tigirlily Gold,59,3,Gains In Performance
2023-05-06,56,Bout Damn Time,Neon Union,57,5,
2023-05-06,57,A Special Place,Danielle Bradbery,NEW,1,Highest ranking debut|Gains In Performance
2023-05-06,58,'98 Braves,Morgan Wallen,RE,3,Gains In Performance
2023-05-06,59,Be Alright,Jimmie Allen,NEW,1,Gains In Performance
2023-05-06,60,Feel Like This,Ingrid Andress,NEW,1,Gains In Performance
2023-05-13,1,Last Night,Morgan Wallen,5,11,Greatest gainer this week|Gains In Performance
2023-05-13,2,Handle On You,Parker McCollum,3,39,Gains In Performance
2023-05-13,3,Rock And A Hard Place,Bailey Zimmerman,1,30,
2023-05-13,4,Dancin' In The Country,Tyler Hubbard,4,23,Gains In Performance
2023-05-13,5,Gold,Dierks Bentley,2,41,
2023-05-13,6,Wild As Her,Corey Kent,6,40,Gains In Performance
2023-05-13,7,You,Dan + Shay,9,42,Gains In Performance
2023-05-13,8,It Matters To Her,Scotty McCreery,10,34,Gains In Performance
2023-05-13,9,One Thing At A Time,Morgan Wallen,8,17,Gains In Performance
2023-05-13,10,Tennessee Orange,Megan Moroney,11,24,Gains In Performance
2023-05-13,11,Human,Cody Johnson,12,48,Gains In Performance
2023-05-13,12,Brown Eyes Baby,Keith Urban,13,43,Gains In Performance
2023-05-13,13,Next Thing You Know,Jordan Davis,15,12,Gains In Performance
2023-05-13,14,Memory Lane,Old Dominion,14,18,Gains In Performance
2023-05-13,15,Your Heart Or Mine,Jon Pardi,17,31,Gains In Performance
2023-05-13,16,How It Oughta Be,Shane Profitt,16,35,
2023-05-13,17,"You, Me, & Whiskey",Justin Moore & Priscilla Block,19,26,Gains In Performance
2023-05-13,18,Need A Favor,Jelly Roll,24,16,Gains In Performance
2023-05-13,19,Angels Don't Always Have Wings,Thomas Rhett,22,14,Gains In Performance
2023-05-13,20,Good Day For Living,Joe Nichols,18,58,Gains In Performance
2023-05-13,21,Girl In Mine,Parmalee,21,36,Gains In Performance
2023-05-13,22,Hate My Heart,Carrie Underwood,20,27,Gains In Performance
2023-05-13,23,Love You Anyway,Luke Combs,27,6,Gains In Performance
2023-05-13,24,Everything She Ain't,Hailey Whitters,23,53,Gains In Performance
2023-05-13,25,Something In The Orange,Zach Bryan,25,44,Gains In Performance
2023-05-13,26,Drinkaby,Cole Swindell,26,14,Gains In Performance
2023-05-13,27,Standing Room Only,Tim McGraw,28,8,Gains In Performance
2023-05-13,28,Looking For You,Chris Young,29,16,Gains In Performance
2023-05-13,29,Bury Me In Georgia,Kane Brown,30,11,Gains In Performance
2023-05-13,30,Can't Have Mine,Dylan Scott,31,33,
2023-05-13,31,Fast Car,Luke Combs,45,3,Gains In Performance
2023-05-13,32,God Gave Me A Girl,Russell Dickerson,35,16,Gains In Performance
2023-05-13,33,Stars Like Confetti,Dustin Lynch,34,15,Gains In Performance
2023-05-13,34,We Got History,Mitchell Tenpenny,33,22,Gains In Performance
2023-05-13,35,If You Go Down (I'm Goin' Down Too),Kelsea Ballerini,36,18,Gains In Performance
2023-05-13,36,Light On In The Kitchen,Ashley McBryde,37,8,Gains In Performance
2023-05-13,37,Fires Don't Start Themselves,Darius Rucker,32,5,
2023-05-13,38,All I Need Is You,Chris Janson,40,11,Gains In Performance
2023-05-13,39,Heaven By Then,Brantley Gilbert And Blake Shelton Featuring Vince Gill,38,26,Gains In Performance
2023-05-13,40,If He Wanted To He Would,Kylie Morgan,39,25,Gains In Performance
2023-05-13,41,Religiously,Bailey Zimmerman,46,6,Gains In Performance
2023-05-13,42,Fearless (The Echo),Jackson Dean,41,14,Gains In Performance
2023-05-13,43,Worth A Shot,Elle King Featuring Dierks Bentley,43,36,Gains In Performance
2023-05-13,44,Mind On You,George Birge,42,23,Gains In Performance
2023-05-13,45,Creek Will Rise,Conner Smith,44,4,Gains In Performance
2023-05-13,46,23,Chayce Beckham,50,13,Gains In Performance
2023-05-13,47,Nobody's Nobody,Brothers Osborne,49,4,Gains In Performance
2023-05-13,48,Over For You,Morgan Evans,47,28,Gains In Performance
2023-05-13,49,5 Leaf Clover,Luke Combs,48,6,
2023-05-13,50,Giving Up On That,Dalton Dover,51,8,Gains In Performance
2023-05-13,51,Drive You Out Of My Mind,Kassi Ashton,52,5,Gains In Performance
2023-05-13,52,Marry That Girl,Easton Corbin,54,6,Gains In Performance
2023-05-13,53,Bout Damn Time,Neon Union,56,6,Gains In Performance
2023-05-13,54,Shoot Tequila,Tigirlily Gold,55,4,Gains In Performance
2023-05-13,55,For What It's Worth,BRELAND,53,17,
2023-05-13,56,A Special Place,Danielle Bradbery,57,2,Gains In Performance
2023-05-13,57,Be Alright,Jimmie Allen,59,2,Gains In Performance
2023-05-13,58,Thinkin' Bout Me,Morgan Wallen,NEW,1,Highest ranking debut|Gains In Performance
2023-05-13,59,Jealous Of Myself,Tenille Arts & LeAnn Rimes,RE,2,Gains In Performance
2023-05-13,60,'98 Braves,Morgan Wallen,58,4,
2023-05-20,1,Last Night,Morgan Wallen,1,12,Gains In Performance
2023-05-20,2,Dancin' In The Country,Tyler Hubbard,4,24,Gains In Performance
2023-05-20,3,Wild As Her,Corey Kent,6,41,Greatest gainer this week|Gains In Performance
2023-05-20,4,Rock And A Hard Place,Bailey Zimmerman,3,31,
2023-05-20,5,Handle On You,Parker McCollum,2,40,
2023-05-20,6,You,Dan + Shay,7,43,Gains In Performance
2023-05-20,7,It Matters To Her,Scotty McCreery,8,35,Gains In Performance
2023-05-20,8,Gold,Dierks Bentley,5,42,
2023-05-20,9,One Thing At A Time,Morgan Wallen,9,18,Gains In Performance
2023-05-20,10,Tennessee Orange,Megan Moroney,10,25,Gains In Performance
2023-05-20,11,Human,Cody Johnson,11,49,Gains In Performance
2023-05-20,12,Next Thing You Know,Jordan Davis,13,13,Gains In Performance
2023-05-20,13,Memory Lane,Old Dominion,14,19,Gains In Performance
2023-05-20,14,Brown Eyes Baby,Keith Urban,12,44,
2023-05-20,15,Your Heart Or Mine,Jon Pardi,15,32,Gains In Performance
2023-05-20,16,"You, Me, & Whiskey",Justin Moore & Priscilla Block,17,27,Gains In Performance
2023-05-20,17,How It Oughta Be,Shane Profitt,16,36,Gains In Performance
2023-05-20,18,Love You Anyway,Luke Combs,23,7,Gains In Performance
2023-05-20,19,Need A Favor,Jelly Roll,18,17,Gains In Performance
2023-05-20,20,Girl In Mine,Parmalee,21,37,Gains In Performance
2023-05-20,21,Angels Don't Always Have Wings,Thomas Rhett,19,15,Gains In Performance
2023-05-20,22,Hate My Heart,Carrie Underwood,22,28,Gains In Performance
2023-05-20,23,Good Day For Living,Joe Nichols,20,59,
2023-05-20,24,Everything She Ain't,Hailey Whitters,24,54,Gains In Performance
2023-05-20,25,Drinkaby,Cole Swindell,26,15,Gains In Performance
2023-05-20,26,Something In The Orange,Zach Bryan,25,45,
2023-05-20,27,Standing Room Only,Tim McGraw,27,9,Gains In Performance
2023-05-20,28,Fast Car,Luke Combs,31,4,Gains In Performance
2023-05-20,29,Bury Me In Georgia,Kane Brown,29,12,Gains In Performance
2023-05-20,30,Looking For You,Chris Young,28,17,Gains In Performance
2023-05-20,31,If I Die Young Pt. 2,Kimberly Perry,NEW,1,Highest ranking debut|Gains In Performance
2023-05-20,32,Can't Have Mine,Dylan Scott,30,34,Gains In Performance
2023-05-20,33,God Gave Me A Girl,Russell Dickerson,32,17,Gains In Performance
2023-05-20,34,We Got History,Mitchell Tenpenny,34,23,Gains In Performance
2023-05-20,35,Light On In The Kitchen,Ashley McBryde,36,9,Gains In Performance
2023-05-20,36,If You Go Down (I'm Goin' Down Too),Kelsea Ballerini,35,19,Gains In Performance
2023-05-20,37,Stars Like Confetti,Dustin Lynch,33,16,
2023-05-20,38,All I Need Is You,Chris Janson,38,12,Gains In Performance
2023-05-20,39,Fires Don't Start Themselves,Darius Rucker,37,6,
2023-05-20,40,Religiously,Bailey Zimmerman,41,7,Gains In Performance
2023-05-20,41,Heaven By Then,Brantley Gilbert And Blake Shelton Featuring Vince Gill,39,27,Gains In Performance
2023-05-20,42,If He Wanted To He Would,Kylie Morgan,40,26,Gains In Performance
2023-05-20,43,Fearless (The Echo),Jackson Dean,42,15,Gains In Performance
2023-05-20,44,But I Got A Beer In My Hand,Luke Bryan,NEW,1,Gains In Performance
2023-05-20,45,23,Chayce Beckham,46,14,Gains In Performance
2023-05-20,46,Creek Will Rise,Conner Smith,45,5,Gains In Performance
2023-05-20,47,Mind On You,George Birge,44,24,Gains In Performance
2023-05-20,48,Worth A Shot,Elle King Featuring Dierks Bentley,43,37,
2023-05-20,49,Different 'Round Here,Riley Green Featuring Luke Combs,NEW,1,Gains In Performance
2023-05-20,50,Nobody's Nobody,Brothers Osborne,47,5,
2023-05-20,51,Over For You,Morgan Evans,48,29,Gains In Performance
2023-05-20,52,Giving Up On That,Dalton Dover,50,9,Gains In Performance
2023-05-20,53,Drive You Out Of My Mind,Kassi Ashton,51,6,Gains In Performance
2023-05-20,54,Marry That Girl,Easton Corbin,52,7,Gains In Performance
2023-05-20,55,Bout Damn Time,Neon Union,53,7,Gains In Performance
2023-05-20,56,Shoot Tequila,Tigirlily Gold,54,5,Gains In Performance
2023-05-20,57,A Special Place,Danielle Bradbery,56,3,Gains In Performance
2023-05-20,58,5 Leaf Clover,Luke Combs,49,7,
2023-05-20,59,Jealous Of Myself,Tenille Arts & LeAnn Rimes,59,3,Gains In Performance
2023-05-20,60,Be Alright,Jimmie Allen,57,3,
2023-05-27,1,Last Night,Morgan Wallen,1,13,Gains In Performance
2023-05-27,2,Dancin' In The Country,Tyler Hubbard,2,25,Gains In Performance
2023-05-27,3,Rock And A Hard Place,Bailey Zimmerman,4,32,
2023-05-27,4,It Matters To Her,Scotty McCreery,7,36,Gains In Performance
2023-05-27,5,Wild As Her,Corey Kent,3,42,
2023-05-27,6,You,Dan + Shay,6,44,Gains In Performance
2023-05-27,7,Tennessee Orange,Megan Moroney,10,26,Gains In Performance
2023-05-27,8,One Thing At A Time,Morgan Wallen,9,19,
2023-05-27,9,Human,Cody Johnson,11,50,Gains In Performance
2023-05-27,10,Next Thing You Know,Jordan Davis,12,14,Gains In Performance
2023-05-27,11,Memory Lane,Old Dominion,13,20,Gains In Performance
2023-05-27,12,Brown Eyes Baby,Keith Urban,14,45,Gains In Performance
2023-05-27,13,Your Heart Or Mine,Jon Pardi,15,33,Gains In Performance
2023-05-27,14,"You, Me, & Whiskey",Justin Moore & Priscilla Block,16,28,Gains In Performance
2023-05-27,15,Love You Anyway,Luke Combs,18,8,Gains In Performance
2023-05-27,16,Need A Favor,Jelly Roll,19,18,Gains In Performance
2023-05-27,17,Angels Don't Always Have Wings,Thomas Rhett,21,16,Gains In Performance
2023-05-27,18,Girl In Mine,Parmalee,20,38,Gains In Performance
2023-05-27,19,How It Oughta Be,Shane Profitt,17,37,
2023-05-27,20,Good Day For Living,Joe Nichols,23,60,Gains In Performance
2023-05-27,21,Fast Car,Luke Combs,28,5,Greatest gainer this week|Gains In Performance
2023-05-27,22,Everything She Ain't,Hailey Whitters,24,55,Gains In Performance
2023-05-27,23,Drinkaby,Cole Swindell,25,16,Gains In Performance
2023-05-27,24,Something In The Orange,Zach Bryan,26,46,Gains In Performance
2023-05-27,25,Bury Me In Georgia,Kane Brown,29,13,Gains In Performance
2023-05-27,26,Standing Room Only,Tim McGraw,27,10,Gains In Performance
2023-05-27,27,Looking For You,Chris Young,30,18,Gains In Performance
2023-05-27,28,Can't Have Mine,Dylan Scott,32,35,Gains In Performance
2023-05-27,29,Religiously,Bailey Zimmerman,40,8,Gains In Performance
2023-05-27,30,We Got History,Mitchell Tenpenny,34,24,Gains In Performance
2023-05-27,31,God Gave Me A Girl,Russell Dickerson,33,18,Gains In Performance
2023-05-27,32,All I Need Is You,Chris Janson,38,13,Gains In Performance
2023-05-27,33,But I Got A Beer In My Hand,Luke Bryan,44,2,Gains In Performance
2023-05-27,34,Light On In The Kitchen,Ashley McBryde,35,10,Gains In Performance
2023-05-27,35,Stars Like Confetti,Dustin Lynch,37,17,Gains In Performance
2023-05-27,36,If You Go Down (I'm Goin' Down Too),Kelsea Ballerini,36,20,
2023-05-27,37,Fires Don't Start Themselves,Darius Rucker,39,7,Gains In Performance
2023-05-27,38,Fearless (The Echo),Jackson Dean,43,16,Gains In Performance
2023-05-27,39,Heaven By Then,Brantley Gilbert And Blake Shelton Featuring Vince Gill,41,28,Gains In Performance
2023-05-27,40,If He Wanted To He Would,Kylie Morgan,42,27,Gains In Performance
2023-05-27,41,Mind On You,George Birge,47,25,Gains In Performance
2023-05-27,42,Creek Will Rise,Conner Smith,46,6,Gains In Performance
2023-05-27,43,Nobody's Nobody,Brothers Osborne,50,6,Gains In Performance
2023-05-27,44,23,Chayce Beckham,45,15,
2023-05-27,45,Different 'Round Here,Riley Green Featuring Luke Combs,49,2,Gains In Performance
2023-05-27,46,Over For You,Morgan Evans,51,30,Gains In Performance
2023-05-27,47,Giving Up On That,Dalton Dover,52,10,Gains In Performance
2023-05-27,48,Drive You Out Of My Mind,Kassi Ashton,53,7,Gains In Performance
2023-05-27,49,If I Die Young Pt. 2,Kimberly Perry,31,2,
2023-05-27,50,Marry That Girl,Easton Corbin,54,8,Gains In Performance
2023-05-27,51,Bout Damn Time,Neon Union,55,8,Gains In Performance
2023-05-27,52,Shoot Tequila,Tigirlily Gold,56,6,Gains In Performance
2023-05-27,53,Thinkin' Bout Me,Morgan Wallen,RE,2,Gains In Performance
2023-05-27,54,Bad Day To Be A Cold Beer,Chase Rice,NEW,1,Highest ranking debut|Gains In Performance
2023-05-27,55,Truck Bed,HARDY,NEW,1,Gains In Performance
2023-05-27,56,Jealous Of Myself,Tenille Arts & LeAnn Rimes,59,4,
2023-05-27,57,'98 Braves,Morgan Wallen,RE,5,Gains In Performance
2023-05-27,58,Somebody Else's Whiskey,Frank Ray,NEW,1,Gains In Performance
2023-05-27,59,First Rodeo,Daves Highway,NEW,1,Gains In Performance
2023-05-27,60,Burn It Down,Parker McCollum,NEW,1,Gains In Performance
2023-06-03,1,Last Night,Morgan Wallen,1,14,Gains In Performance
2023-06-03,2,Dancin' In The Country,Tyler Hubbard,2,26,
2023-06-03,3,You,Dan + Shay,6,45,Gains In Performance
2023-06-03,4,Rock And A Hard Place,Bailey Zimmerman,3,33,
2023-06-03,5,It Matters To Her,Scotty McCreery,4,37,Gains In Performance
2023-06-03,6,Tennessee Orange,Megan Moroney,7,27,Gains In Performance
2023-06-03,7,Next Thing You Know,Jordan Davis,10,15,Gains In Performance
2023-06-03,8,Human,Cody Johnson,9,51,Gains In Performance
2023-06-03,9,One Thing At A Time,Morgan Wallen,8,20,Gains In Performance
2023-06-03,10,Memory Lane,Old Dominion,11,21,Gains In Performance
2023-06-03,11,Brown Eyes Baby,Keith Urban,12,46,Gains In Performance
2023-06-03,12,"You, Me, & Whiskey",Justin Moore & Priscilla Block,14,29,Gains In Performance
2023-06-03,13,Your Heart Or Mine,Jon Pardi,13,34,Gains In Performance
2023-06-03,14,Fast Car,Luke Combs,21,6,Gains In Performance
2023-06-03,15,Love You Anyway,Luke Combs,15,9,Gains In Performance
2023-06-03,16,Need A Favor,Jelly Roll,16,19,Gains In Performance
2023-06-03,17,Angels Don't Always Have Wings,Thomas Rhett,17,17,Gains In Performance
2023-06-03,18,How It Oughta Be,Shane Profitt,19,38,Gains In Performance
2023-06-03,19,Girl In Mine,Parmalee,18,39,Gains In Performance
2023-06-03,20,Everything She Ain't,Hailey Whitters,22,56,Gains In Performance
2023-06-03,21,Drinkaby,Cole Swindell,23,17,Gains In Performance
2023-06-03,22,Bury Me In Georgia,Kane Brown,25,14,Gains In Performance
2023-06-03,23,Standing Room Only,Tim McGraw,26,11,Gains In Performance
2023-06-03,24,Try That In A Small Town,Jason Aldean,NEW,1,Highest ranking debut|Gains In Performance
2023-06-03,25,Something In The Orange,Zach Bryan,24,47,Gains In Performance
2023-06-03,26,Looking For You,Chris Young,27,19,Gains In Performance
2023-06-03,27,Religiously,Bailey Zimmerman,29,9,Gains In Performance
2023-06-03,28,Can't Have Mine,Dylan Scott,28,36,Gains In Performance
2023-06-03,29,But I Got A Beer In My Hand,Luke Bryan,33,3,Gains In Performance
2023-06-03,30,God Gave Me A Girl,Russell Dickerson,31,19,Gains In Performance
2023-06-03,31,We Got History,Mitchell Tenpenny,30,25,
2023-06-03,32,If You Go Down (I'm Goin' Down Too),Kelsea Ballerini,36,21,Gains In Performance
2023-06-03,33,Stars Like Confetti,Dustin Lynch,35,18,Gains In Performance
2023-06-03,34,All I Need Is You,Chris Janson,32,14,Gains In Performance
2023-06-03,35,Light On In The Kitchen,Ashley McBryde,34,11,Gains In Performance
2023-06-03,36,Fires Don't Start Themselves,Darius Rucker,37,8,Gains In Performance
2023-06-03,37,Heaven By Then,Brantley Gilbert And Blake Shelton Featuring Vince Gill,39,29,Gains In Performance
2023-06-03,38,Mind On You,George Birge,41,26,Gains In Performance
2023-06-03,39,If He Wanted To He Would,Kylie Morgan,40,28,Gains In Performance
2023-06-03,40,Fearless (The Echo),Jackson Dean,38,17,
2023-06-03,41,Creek Will Rise,Conner Smith,42,7,
2023-06-03,42,Nobody's Nobody,Brothers Osborne,43,7,Gains In Performance
2023-06-03,43,23,Chayce Beckham,44,16,Gains In Performance
2023-06-03,44,Over For You,Morgan Evans,46,31,Gains In Performance
2023-06-03,45,Different 'Round Here,Riley Green Featuring Luke Combs,45,3,
2023-06-03,46,Drive You Out Of My Mind,Kassi Ashton,48,8,Gains In Performance
2023-06-03,47,Giving Up On That,Dalton Dover,47,11,
2023-06-03,48,Truck Bed,HARDY,55,2,Gains In Performance
2023-06-03,49,Thinkin' Bout Me,Morgan Wallen,53,3,Gains In Performance
2023-06-03,50,Marry That Girl,Easton Corbin,50,9,Gains In Performance
2023-06-03,51,Bout Damn Time,Neon Union,51,9,Gains In Performance
2023-06-03,52,If I Die Young Pt. 2,Kimberly Perry,49,3,
2023-06-03,53,Shoot Tequila,Tigirlily Gold,52,7,Gains In Performance
2023-06-03,54,Bad Day To Be A Cold Beer,Chase Rice,54,2,Gains In Performance
2023-06-03,55,Watermelon Moonshine,Lainey Wilson,NEW,1,Gains In Performance
2023-06-03,56,Somebody Else's Whiskey,Frank Ray,58,2,Gains In Performance
2023-06-03,57,Love You Again,Chase Matthew,NEW,1,Gains In Performance
2023-06-03,58,Jealous Of Myself,Tenille Arts & LeAnn Rimes,56,5,Gains In Performance
2023-06-03,59,Life Goes On,Ed Sheeran Featuring Luke Combs,NEW,1,Gains In Performance
2023-06-03,60,'98 Braves,Morgan Wallen,57,6,
2023-06-10,1,Last Night,Morgan Wallen,1,15,
2023-06-10,2,Dancin' In The Country,Tyler Hubbard,2,27,
2023-06-10,3,It Matters To Her,Scotty McCreery,5,38,Gains In Performance
2023-06-10,4,Rock And A Hard Place,Bailey Zimmerman,4,34,
2023-06-10,5,You,Dan + Shay,3,46,
2023-06-10,6,Next Thing You Know,Jordan Davis,7,16,Gains In Performance
2023-06-10,7,Tennessee Orange,Megan Moroney,6,28,Gains In Performance
2023-06-10,8,Human,Cody Johnson,8,52,Gains In Performance
2023-06-10,9,One Thing At A Time,Morgan Wallen,9,21,Gains In Performance
2023-06-10,10,Memory Lane,Old Dominion,10,22,Gains In Performance
2023-06-10,11,Fast Car,Luke Combs,14,7,Greatest gainer this week|Gains In Performance
2023-06-10,12,"You, Me, & Whiskey",Justin Moore & Priscilla Block,12,30,Gains In Performance
2023-06-10,13,Your Heart Or Mine,Jon Pardi,13,35,Gains In Performance
2023-06-10,14,Need A Favor,Jelly Roll,16,20,Gains In Performance
2023-06-10,15,Love You Anyway,Luke Combs,15,10,Gains In Performance
2023-06-10,16,Angels Don't Always Have Wings,Thomas Rhett,17,18,Gains In Performance
2023-06-10,17,Girl In Mine,Parmalee,19,40,Gains In Performance
2023-06-10,18,How It Oughta Be,Shane Profitt,18,39,Gains In Performance
2023-06-10,19,Bury Me In Georgia,Kane Brown,22,15,Gains In Performance
2023-06-10,20,Drinkaby,Cole Swindell,21,18,Gains In Performance
2023-06-10,21,Everything She Ain't,Hailey Whitters,20,57,Gains In Performance
2023-06-10,22,Standing Room Only,Tim McGraw,23,12,Gains In Performance
2023-06-10,23,Something In The Orange,Zach Bryan,25,48,Gains In Performance
2023-06-10,24,Looking For You,Chris Young,26,20,Gains In Performance
2023-06-10,25,Religiously,Bailey Zimmerman,27,10,Gains In Performance
2023-06-10,26,But I Got A Beer In My Hand,Luke Bryan,29,4,Gains In Performance
2023-06-10,27,Can't Have Mine,Dylan Scott,28,37,Gains In Performance
2023-06-10,28,God Gave Me A Girl,Russell Dickerson,30,20,Gains In Performance
2023-06-10,29,See You Next Summer,Brian Kelley,NEW,1,Highest ranking debut|Gains In Performance
2023-06-10,30,Stars Like Confetti,Dustin Lynch,33,19,Gains In Performance
2023-06-10,31,If You Go Down (I'm Goin' Down Too),Kelsea Ballerini,32,22,Gains In Performance
2023-06-10,32,All I Need Is You,Chris Janson,34,15,Gains In Performance
2023-06-10,33,We Got History,Mitchell Tenpenny,31,26,Gains In Performance
2023-06-10,34,Try That In A Small Town,Jason Aldean,24,2,
2023-06-10,35,Light On In The Kitchen,Ashley McBryde,35,12,Gains In Performance
2023-06-10,36,On The Boat Again,Jake Owen,NEW,1,Gains In Performance
2023-06-10,37,Heaven By Then,Brantley Gilbert And Blake Shelton Featuring Vince Gill,37,30,Gains In Performance
2023-06-10,38,Fearless (The Echo),Jackson Dean,40,18,Gains In Performance
2023-06-10,39,Mind On You,George Birge,38,27,Gains In Performance
2023-06-10,40,Nobody's Nobody,Brothers Osborne,42,8,Gains In Performance
2023-06-10,41,Fires Don't Start Themselves,Darius Rucker,36,9,
2023-06-10,42,If He Wanted To He Would,Kylie Morgan,39,29,
2023-06-10,43,Creek Will Rise,Conner Smith,41,8,Gains In Performance
2023-06-10,44,23,Chayce Beckham,43,17,Gains In Performance
2023-06-10,45,Different 'Round Here,Riley Green Featuring Luke Combs,45,4,Gains In Performance
2023-06-10,46,Over For You,Morgan Evans,44,32,Gains In Performance
2023-06-10,47,Watermelon Moonshine,Lainey Wilson,55,2,Gains In Performance
2023-06-10,48,Giving Up On That,Dalton Dover,47,12,
2023-06-10,49,Truck Bed,HARDY,48,3,Gains In Performance
2023-06-10,50,Drive You Out Of My Mind,Kassi Ashton,46,9,
2023-06-10,51,Thinkin' Bout Me,Morgan Wallen,49,4,Gains In Performance
2023-06-10,52,Bout Damn Time,Neon Union,51,10,Gains In Performance
2023-06-10,53,If I Die Young Pt. 2,Kimberly Perry,52,4,Gains In Performance
2023-06-10,54,Shoot Tequila,Tigirlily Gold,53,8,Gains In Performance
2023-06-10,55,Marry That Girl,Easton Corbin,50,10,
2023-06-10,56,Bad Day To Be A Cold Beer,Chase Rice,54,3,Gains In Performance
2023-06-10,57,Save Me,Jelly Roll With Lainey Wilson,NEW,1,Gains In Performance
2023-06-10,58,'98 Braves,Morgan Wallen,60,7,Gains In Performance
2023-06-10,59,Somebody Else's Whiskey,Frank Ray,56,3,Gains In Performance
2023-06-10,60,Jealous Of Myself,Tenille Arts & LeAnn Rimes,58,6,Gains In Performance
2023-06-17,1,Last Night,Morgan Wallen,1,16,Gains In Performance
2023-06-17,2,Dancin' In The Country,Tyler Hubbard,2,28,Gains In Performance
2023-06-17,3,Next Thing You Know,Jordan Davis,6,17,Gains In Performance
2023-06-17,4,It Matters To Her,Scotty McCreery,3,39,
2023-06-17,5,Rock And A Hard Place,Bailey Zimmerman,4,35,
2023-06-17,6,Fast Car,Luke Combs,11,8,Greatest gainer this week|Gains In Performance
2023-06-17,7,Tennessee Orange,Megan Moroney,7,29,Gains In Performance
2023-06-17,8,One Thing At A Time,Morgan Wallen,9,22,Gains In Performance
2023-06-17,9,Memory Lane,Old Dominion,10,23,Gains In Performance
2023-06-17,10,"You, Me, & Whiskey",Justin Moore & Priscilla Block,12,31,Gains In Performance
2023-06-17,11,Your Heart Or Mine,Jon Pardi,13,36,Gains In Performance
2023-06-17,12,Need A Favor,Jelly Roll,14,21,Gains In Performance
2023-06-17,13,Love You Anyway,Luke Combs,15,11,Gains In Performance
2023-06-17,14,Bury Me In Georgia,Kane Brown,19,16,Gains In Performance
2023-06-17,15,Angels Don't Always Have Wings,Thomas Rhett,16,19,Gains In Performance
2023-06-17,16,Girl In Mine,Parmalee,17,41,Gains In Performance
2023-06-17,17,How It Oughta Be,Shane Profitt,18,40,Gains In Performance
2023-06-17,18,Everything She Ain't,Hailey Whitters,21,58,Gains In Performance
2023-06-17,19,Drinkaby,Cole Swindell,20,19,Gains In Performance
2023-06-17,20,Standing Room Only,Tim McGraw,22,13,Gains In Performance
2023-06-17,21,Religiously,Bailey Zimmerman,25,11,Gains In Performance
2023-06-17,22,Looking For You,Chris Young,24,21,Gains In Performance
2023-06-17,23,Something In The Orange,Zach Bryan,23,49,Gains In Performance
2023-06-17,24,But I Got A Beer In My Hand,Luke Bryan,26,5,Gains In Performance
2023-06-17,25,Can't Have Mine,Dylan Scott,27,38,Gains In Performance
2023-06-17,26,God Gave Me A Girl,Russell Dickerson,28,21,Gains In Performance
2023-06-17,27,Watermelon Moonshine,Lainey Wilson,47,3,Gains In Performance
2023-06-17,28,If You Go Down (I'm Goin' Down Too),Kelsea Ballerini,31,23,Gains In Performance
2023-06-17,29,Stars Like Confetti,Dustin Lynch,30,20,Gains In Performance
2023-06-17,30,Try That In A Small Town,Jason Aldean,34,3,Gains In Performance
2023-06-17,31,All I Need Is You,Chris Janson,32,16,Gains In Performance
2023-06-17,32,We Got History,Mitchell Tenpenny,33,27,Gains In Performance
2023-06-17,33,Light On In The Kitchen,Ashley McBryde,35,13,Gains In Performance
2023-06-17,34,Nobody's Nobody,Brothers Osborne,40,9,Gains In Performance
2023-06-17,35,Mind On You,George Birge,39,28,Gains In Performance
2023-06-17,36,23,Chayce Beckham,44,18,Gains In Performance
2023-06-17,37,Fearless (The Echo),Jackson Dean,38,19,Gains In Performance
2023-06-17,38,Fires Don't Start Themselves,Darius Rucker,41,10,Gains In Performance
2023-06-17,39,Heaven By Then,Brantley Gilbert And Blake Shelton Featuring Vince Gill,37,31,
2023-06-17,40,Creek Will Rise,Conner Smith,43,9,Gains In Performance
2023-06-17,41,If He Wanted To He Would,Kylie Morgan,42,30,Gains In Performance
2023-06-17,42,Different 'Round Here,Riley Green Featuring Luke Combs,45,5,Gains In Performance
2023-06-17,43,Over For You,Morgan Evans,46,33,Gains In Performance
2023-06-17,44,See You Next Summer,Brian Kelley,29,2,
2023-06-17,45,Giving Up On That,Dalton Dover,48,13,Gains In Performance
2023-06-17,46,Thinkin' Bout Me,Morgan Wallen,51,5,Gains In Performance
2023-06-17,47,On The Boat Again,Jake Owen,36,2,
2023-06-17,48,Truck Bed,HARDY,49,4,Gains In Performance
2023-06-17,49,Drive You Out Of My Mind,Kassi Ashton,50,10,Gains In Performance
2023-06-17,50,Save Me,Jelly Roll With Lainey Wilson,57,2,Gains In Performance
2023-06-17,51,Bout Damn Time,Neon Union,52,11,
2023-06-17,52,Shoot Tequila,Tigirlily Gold,54,9,Gains In Performance
2023-06-17,53,If I Die Young Pt. 2,Kimberly Perry,53,5,
2023-06-17,54,Bad Day To Be A Cold Beer,Chase Rice,56,4,Gains In Performance
2023-06-17,55,Marry That Girl,Easton Corbin,55,11,Gains In Performance
2023-06-17,56,Out Of That Truck,Carrie Underwood,NEW,1,Highest ranking debut|Gains In Performance
2023-06-17,57,Somebody Else's Whiskey,Frank Ray,59,4,Gains In Performance
2023-06-17,58,Love You Again,Chase Matthew,RE,2,Gains In Performance
2023-06-17,59,'98 Braves,Morgan Wallen,58,8,
2023-06-17,60,Jealous Of Myself,Tenille Arts & LeAnn Rimes,60,7,Gains In Performance
2023-06-24,1,Last Night,Morgan Wallen,1,17,
2023-06-24,2,Dancin' In The Country,Tyler Hubbard,2,29,
2023-06-24,3,Next Thing You Know,Jordan Davis,3,18,Gains In Performance
2023-06-24,4,Tennessee Orange,Megan Moroney,7,30,Greatest gainer this week|Gains In Performance
2023-06-24,5,Fast Car,Luke Combs,6,9,Gains In Performance
2023-06-24,6,Rock And A Hard Place,Bailey Zimmerman,5,36,
2023-06-24,7,Memory Lane,Old Dominion,9,24,Gains In Performance
2023-06-24,8,"You, Me, & Whiskey",Justin Moore & Priscilla Block,10,32,Gains In Performance
2023-06-24,9,Need A Favor,Jelly Roll,12,22,Gains In Performance
2023-06-24,10,Your Heart Or Mine,Jon Pardi,11,37,Gains In Performance
2023-06-24,11,Love You Anyway,Luke Combs,13,12,Gains In Performance
2023-06-24,12,Bury Me In Georgia,Kane Brown,14,17,Gains In Performance
2023-06-24,13,Angels Don't Always Have Wings,Thomas Rhett,15,20,Gains In Performance
2023-06-24,14,Girl In Mine,Parmalee,16,42,Gains In Performance
2023-06-24,15,Drinkaby,Cole Swindell,19,20,Gains In Performance
2023-06-24,16,Religiously,Bailey Zimmerman,21,12,Gains In Performance
2023-06-24,17,Everything She Ain't,Hailey Whitters,18,59,Gains In Performance
2023-06-24,18,Standing Room Only,Tim McGraw,20,14,Gains In Performance
2023-06-24,19,Looking For You,Chris Young,22,22,Gains In Performance
2023-06-24,20,Something In The Orange,Zach Bryan,23,50,Gains In Performance
2023-06-24,21,But I Got A Beer In My Hand,Luke Bryan,24,6,Gains In Performance
2023-06-24,22,Can't Have Mine,Dylan Scott,25,39,Gains In Performance
2023-06-24,23,God Gave Me A Girl,Russell Dickerson,26,22,Gains In Performance
2023-06-24,24,Watermelon Moonshine,Lainey Wilson,27,4,Gains In Performance
2023-06-24,25,If You Go Down (I'm Goin' Down Too),Kelsea Ballerini,28,24,Gains In Performance
2023-06-24,26,Try That In A Small Town,Jason Aldean,30,4,Gains In Performance
2023-06-24,27,Stars Like Confetti,Dustin Lynch,29,21,Gains In Performance
2023-06-24,28,Glory Days,Gabby Barrett,NEW,1,Highest ranking debut|Gains In Performance
2023-06-24,29,All I Need Is You,Chris Janson,31,17,Gains In Performance
2023-06-24,30,We Got History,Mitchell Tenpenny,32,28,Gains In Performance
2023-06-24,31,Light On In The Kitchen,Ashley McBryde,33,14,Gains In Performance
2023-06-24,32,Nobody's Nobody,Brothers Osborne,34,10,Gains In Performance
2023-06-24,33,23,Chayce Beckham,36,19,Gains In Performance
2023-06-24,34,Mind On You,George Birge,35,29,Gains In Performance
2023-06-24,35,Fearless (The Echo),Jackson Dean,37,20,Gains In Performance
2023-06-24,36,Creek Will Rise,Conner Smith,40,10,Gains In Performance
2023-06-24,37,Different 'Round Here,Riley Green Featuring Luke Combs,42,6,Gains In Performance
2023-06-24,38,If He Wanted To He Would,Kylie Morgan,41,31,Gains In Performance
2023-06-24,39,Heaven By Then,Brantley Gilbert And Blake Shelton Featuring Vince Gill,39,32,Gains In Performance
2023-06-24,40,See You Next Summer,Brian Kelley,44,3,Gains In Performance
2023-06-24,41,Fires Don't Start Themselves,Darius Rucker,38,11,
2023-06-24,42,Over For You,Morgan Evans,43,34,
2023-06-24,43,Truck Bed,HARDY,48,5,Gains In Performance
2023-06-24,44,On The Boat Again,Jake Owen,47,3,Gains In Performance
2023-06-24,45,Thinkin' Bout Me,Morgan Wallen,46,6,
2023-06-24,46,Giving Up On That,Dalton Dover,45,14,
2023-06-24,47,Drive You Out Of My Mind,Kassi Ashton,49,11,Gains In Performance
2023-06-24,48,Save Me,Jelly Roll With Lainey Wilson,50,3,Gains In Performance
2023-06-24,49,Out Of That Truck,Carrie Underwood,56,2,Gains In Performance
2023-06-24,50,Shoot Tequila,Tigirlily Gold,52,10,Gains In Performance
2023-06-24,51,Bout Damn Time,Neon Union,51,12,
2023-06-24,52,Somebody Else's Whiskey,Frank Ray,57,5,Gains In Performance
2023-06-24,53,Bad Day To Be A Cold Beer,Chase Rice,54,5,Gains In Performance
2023-06-24,54,Marry That Girl,Easton Corbin,55,12,Gains In Performance
2023-06-24,55,If I Die Young Pt. 2,Kimberly Perry,53,6,Gains In Performance
2023-06-24,56,World On Fire,Nate Smith,NEW,1,Gains In Performance
2023-06-24,57,Love You Again,Chase Matthew,58,3,Gains In Performance
2023-06-24,58,'98 Braves,Morgan Wallen,59,9,Gains In Performance
2023-06-24,59,Burn It Down,Parker McCollum,RE,2,Gains In Performance
2023-06-24,60,Jealous Of Myself,Tenille Arts & LeAnn Rimes,60,8,Gains In Performance
2023-07-01,1,Last Night,Morgan Wallen,1,18,
2023-07-01,2,Fast Car,Luke Combs,5,10,Gains In Performance
2023-07-01,3,Next Thing You Know,Jordan Davis,3,19,Gains In Performance
2023-07-01,4,Dancin' In The Country,Tyler Hubbard,2,30,
2023-07-01,5,Memory Lane,Old Dominion,7,25,Gains In Performance
2023-07-01,6,"You, Me, & Whiskey",Justin Moore & Priscilla Block,8,33,Gains In Performance
2023-07-01,7,Tennessee Orange,Megan Moroney,4,31,
2023-07-01,8,Need A Favor,Jelly Roll,9,23,Gains In Performance
2023-07-01,9,Your Heart Or Mine,Jon Pardi,10,38,Gains In Performance
2023-07-01,10,Love You Anyway,Luke Combs,11,13,Gains In Performance
2023-07-01,11,Bury Me In Georgia,Kane Brown,12,18,Gains In Performance
2023-07-01,12,Angels Don't Always Have Wings,Thomas Rhett,13,21,Gains In Performance
2023-07-01,13,Girl In Mine,Parmalee,14,43,Gains In Performance
2023-07-01,14,Religiously,Bailey Zimmerman,16,13,Gains In Performance
2023-07-01,15,Drinkaby,Cole Swindell,15,21,Gains In Performance
2023-07-01,16,Standing Room Only,Tim McGraw,18,15,Gains In Performance
2023-07-01,17,Everything She Ain't,Hailey Whitters,17,60,Gains In Performance
2023-07-01,18,Looking For You,Chris Young,19,23,Gains In Performance
2023-07-01,19,But I Got A Beer In My Hand,Luke Bryan,21,7,Gains In Performance
2023-07-01,20,Can't Have Mine,Dylan Scott,22,40,Gains In Performance
2023-07-01,21,God Gave Me A Girl,Russell Dickerson,23,23,Gains In Performance
2023-07-01,22,Something In The Orange,Zach Bryan,20,51,Gains In Performance
2023-07-01,23,Watermelon Moonshine,Lainey Wilson,24,5,Gains In Performance
2023-07-01,24,We Don't Fight Anymore,Carly Pearce Featuring Chris Stapleton,NEW,1,Highest ranking debut|Gains In Performance
2023-07-01,25,If You Go Down (I'm Goin' Down Too),Kelsea Ballerini,25,25,Gains In Performance
2023-07-01,26,Try That In A Small Town,Jason Aldean,26,5,Gains In Performance
2023-07-01,27,All I Need Is You,Chris Janson,29,18,Gains In Performance
2023-07-01,28,We Got History,Mitchell Tenpenny,30,29,Gains In Performance
2023-07-01,29,Stars Like Confetti,Dustin Lynch,27,22,Gains In Performance
2023-07-01,30,Light On In The Kitchen,Ashley McBryde,31,15,Gains In Performance
2023-07-01,31,Nobody's Nobody,Brothers Osborne,32,11,Gains In Performance
2023-07-01,32,Mind On You,George Birge,34,30,Gains In Performance
2023-07-01,33,23,Chayce Beckham,33,20,Gains In Performance
2023-07-01,34,Creek Will Rise,Conner Smith,36,11,Gains In Performance
2023-07-01,35,Fearless (The Echo),Jackson Dean,35,21,Gains In Performance
2023-07-01,36,Different 'Round Here,Riley Green Featuring Luke Combs,37,7,Gains In Performance
2023-07-01,37,Heaven By Then,Brantley Gilbert And Blake Shelton Featuring Vince Gill,39,33,Gains In Performance
2023-07-01,38,Glory Days,Gabby Barrett,28,2,
2023-07-01,39,Fires Don't Start Themselves,Darius Rucker,41,12,Gains In Performance
2023-07-01,40,If He Wanted To He Would,Kylie Morgan,38,32,
2023-07-01,41,See You Next Summer,Brian Kelley,40,4,
2023-07-01,42,Truck Bed,HARDY,43,6,Gains In Performance
2023-07-01,43,On The Boat Again,Jake Owen,44,4,Gains In Performance
2023-07-01,44,Over For You,Morgan Evans,42,35,Gains In Performance
2023-07-01,45,Thinkin' Bout Me,Morgan Wallen,45,7,Gains In Performance
2023-07-01,46,Save Me,Jelly Roll With Lainey Wilson,48,4,Gains In Performance
2023-07-01,47,Drive You Out Of My Mind,Kassi Ashton,47,12,Gains In Performance
2023-07-01,48,Everything I Love,Morgan Wallen,NEW,1,Gains In Performance
2023-07-01,49,Out Of That Truck,Carrie Underwood,49,3,Gains In Performance
2023-07-01,50,Giving Up On That,Dalton Dover,46,15,Gains In Performance
2023-07-01,51,Shoot Tequila,Tigirlily Gold,50,11,Gains In Performance
2023-07-01,52,Bout Damn Time,Neon Union,51,13,Gains In Performance
2023-07-01,53,Burn It Down,Parker McCollum,59,3,Gains In Performance
2023-07-01,54,World On Fire,Nate Smith,56,2,Gains In Performance
2023-07-01,55,Somebody Else's Whiskey,Frank Ray,52,6,Gains In Performance
2023-07-01,56,Bad Day To Be A Cold Beer,Chase Rice,53,6,Gains In Performance
2023-07-01,57,Marry That Girl,Easton Corbin,54,13,Gains In Performance
2023-07-01,58,If I Die Young Pt. 2,Kimberly Perry,55,7,Gains In Performance
2023-07-01,59,Love You Again,Chase Matthew,57,4,Gains In Performance
2023-07-01,60,Jealous Of Myself,Tenille Arts & LeAnn Rimes,60,9,Gains In Performance
2023-07-08,1,Fast Car,Luke Combs,2,11,Gains In Performance
2023-07-08,2,Next Thing You Know,Jordan Davis,3,20,Gains In Performance
2023-07-08,3,Last Night,Morgan Wallen,1,19,
2023-07-08,4,Dancin' In The Country,Tyler Hubbard,4,31,
2023-07-08,5,Memory Lane,Old Dominion,5,26,Gains In Performance
2023-07-08,6,"You, Me, & Whiskey",Justin Moore & Priscilla Block,6,34,Gains In Performance
2023-07-08,7,Need A Favor,Jelly Roll,8,24,Greatest gainer this week|Gains In Performance
2023-07-08,8,Your Heart Or Mine,Jon Pardi,9,39,Gains In Performance
2023-07-08,9,Love You Anyway,Luke Combs,10,14,Gains In Performance
2023-07-08,10,Bury Me In Georgia,Kane Brown,11,19,Gains In Performance
2023-07-08,11,Angels Don't Always Have Wings,Thomas Rhett,12,22,Gains In Performance
2023-07-08,12,Girl In Mine,Parmalee,13,44,Gains In Performance
2023-07-08,13,Religiously,Bailey Zimmerman,14,14,Gains In Performance
2023-07-08,14,Drinkaby,Cole Swindell,15,22,Gains In Performance
2023-07-08,15,Standing Room Only,Tim McGraw,16,16,Gains In Performance
2023-07-08,16,Looking For You,Chris Young,18,24,Gains In Performance
2023-07-08,17,But I Got A Beer In My Hand,Luke Bryan,19,8,Gains In Performance
2023-07-08,18,Everything She Ain't,Hailey Whitters,17,61,Gains In Performance
2023-07-08,19,God Gave Me A Girl,Russell Dickerson,21,24,Gains In Performance
2023-07-08,20,Can't Have Mine,Dylan Scott,20,41,Gains In Performance
2023-07-08,21,Watermelon Moonshine,Lainey Wilson,23,6,Gains In Performance
2023-07-08,22,If You Go Down (I'm Goin' Down Too),Kelsea Ballerini,25,26,Gains In Performance
2023-07-08,23,Something In The Orange,Zach Bryan,22,52,Gains In Performance
2023-07-08,24,Try That In A Small Town,Jason Aldean,26,6,Gains In Performance
2023-07-08,25,Stars Like Confetti,Dustin Lynch,29,23,Gains In Performance
2023-07-08,26,We Got History,Mitchell Tenpenny,28,30,Gains In Performance
2023-07-08,27,All I Need Is You,Chris Janson,27,19,Gains In Performance
2023-07-08,28,Light On In The Kitchen,Ashley McBryde,30,16,Gains In Performance
2023-07-08,29,Nobody's Nobody,Brothers Osborne,31,12,Gains In Performance
2023-07-08,30,23,Chayce Beckham,33,21,Gains In Performance
2023-07-08,31,Creek Will Rise,Conner Smith,34,12,Gains In Performance
2023-07-08,32,Everything I Love,Morgan Wallen,48,2,Gains In Performance
2023-07-08,33,Fearless (The Echo),Jackson Dean,35,22,Gains In Performance
2023-07-08,34,Mind On You,George Birge,32,31,Gains In Performance
2023-07-08,35,Glory Days,Gabby Barrett,38,3,Gains In Performance
2023-07-08,36,Different 'Round Here,Riley Green Featuring Luke Combs,36,8,Gains In Performance
2023-07-08,37,Fires Don't Start Themselves,Darius Rucker,39,13,Gains In Performance
2023-07-08,38,See You Next Summer,Brian Kelley,41,5,Gains In Performance
2023-07-08,39,Heaven By Then,Brantley Gilbert And Blake Shelton Featuring Vince Gill,37,34,
2023-07-08,40,Truck Bed,HARDY,42,7,Gains In Performance
2023-07-08,41,On The Boat Again,Jake Owen,43,5,Gains In Performance
2023-07-08,42,Over For You,Morgan Evans,44,36,Gains In Performance
2023-07-08,43,Thinkin' Bout Me,Morgan Wallen,45,8,Gains In Performance
2023-07-08,44,Out Of That Truck,Carrie Underwood,49,4,Gains In Performance
2023-07-08,45,Drive You Out Of My Mind,Kassi Ashton,47,13,Gains In Performance
2023-07-08,46,Save Me,Jelly Roll With Lainey Wilson,46,5,
2023-07-08,47,Giving Up On That,Dalton Dover,50,16,Gains In Performance
2023-07-08,48,World On Fire,Nate Smith,54,3,Gains In Performance
2023-07-08,49,Burn It Down,Parker McCollum,53,4,Gains In Performance
2023-07-08,50,We Don't Fight Anymore,Carly Pearce Featuring Chris Stapleton,24,2,
2023-07-08,51,Shoot Tequila,Tigirlily Gold,51,12,Gains In Performance
2023-07-08,52,Bout Damn Time,Neon Union,52,14,Gains In Performance
2023-07-08,53,Somebody Else's Whiskey,Frank Ray,55,7,Gains In Performance
2023-07-08,54,Marry That Girl,Easton Corbin,57,14,Gains In Performance
2023-07-08,55,Bad Day To Be A Cold Beer,Chase Rice,56,7,Gains In Performance
2023-07-08,56,If I Die Young Pt. 2,Kimberly Perry,58,8,
2023-07-08,57,Jealous Of Myself,Tenille Arts & LeAnn Rimes,60,10,Gains In Performance
2023-07-08,58,Love You Again,Chase Matthew,59,5,Gains In Performance
2023-07-08,59,Without You,Thompson Square,NEW,1,Highest ranking debut|Gains In Performance
2023-07-08,60,'98 Braves,Morgan Wallen,RE,10,
2023-07-15,1,Fast Car,Luke Combs,1,12,Gains In Performance
2023-07-15,2,Last Night,Morgan Wallen,3,20,
2023-07-15,3,Next Thing You Know,Jordan Davis,2,21,
2023-07-15,4,Memory Lane,Old Dominion,5,27,Gains In Performance
2023-07-15,5,Dancin' In The Country,Tyler Hubbard,4,32,
2023-07-15,6,Need A Favor,Jelly Roll,7,25,Greatest gainer this week|Gains In Performance
2023-07-15,7,"You, Me, & Whiskey",Justin Moore & Priscilla Block,6,35,Gains In Performance
2023-07-15,8,Your Heart Or Mine,Jon Pardi,8,40,
2023-07-15,9,Bury Me In Georgia,Kane Brown,10,20,Gains In Performance
2023-07-15,10,Love You Anyway,Luke Combs,9,15,Gains In Performance
2023-07-15,11,Angels Don't Always Have Wings,Thomas Rhett,11,23,Gains In Performance
2023-07-15,12,Girl In Mine,Parmalee,12,45,Gains In Performance
2023-07-15,13,Religiously,Bailey Zimmerman,13,15,Gains In Performance
2023-07-15,14,Drinkaby,Cole Swindell,14,23,Gains In Performance
2023-07-15,15,Looking For You,Chris Young,16,25,Gains In Performance
2023-07-15,16,Standing Room Only,Tim McGraw,15,17,Gains In Performance
2023-07-15,17,But I Got A Beer In My Hand,Luke Bryan,17,9,Gains In Performance
2023-07-15,18,Everything She Ain't,Hailey Whitters,18,62,Gains In Performance
2023-07-15,19,God Gave Me A Girl,Russell Dickerson,19,25,Gains In Performance
2023-07-15,20,Can't Have Mine,Dylan Scott,20,42,Gains In Performance
2023-07-15,21,Watermelon Moonshine,Lainey Wilson,21,7,Gains In Performance
2023-07-15,22,If You Go Down (I'm Goin' Down Too),Kelsea Ballerini,22,27,Gains In Performance
2023-07-15,23,Everything I Love,Morgan Wallen,32,3,Gains In Performance
2023-07-15,24,Something In The Orange,Zach Bryan,23,53,
2023-07-15,25,Stars Like Confetti,Dustin Lynch,25,24,Gains In Performance
2023-07-15,26,Try That In A Small Town,Jason Aldean,24,7,Gains In Performance
2023-07-15,27,All I Need Is You,Chris Janson,27,20,Gains In Performance
2023-07-15,28,We Got History,Mitchell Tenpenny,26,31,Gains In Performance
2023-07-15,29,Light On In The Kitchen,Ashley McBryde,28,17,Gains In Performance
2023-07-15,30,Creek Will Rise,Conner Smith,31,13,Gains In Performance
2023-07-15,31,23,Chayce Beckham,30,22,Gains In Performance
2023-07-15,32,Nobody's Nobody,Brothers Osborne,29,13,Gains In Performance
2023-07-15,33,Glory Days,Gabby Barrett,35,4,Gains In Performance
2023-07-15,34,Different 'Round Here,Riley Green Featuring Luke Combs,36,9,Gains In Performance
2023-07-15,35,Mind On You,George Birge,34,32,Gains In Performance
2023-07-15,36,Fearless (The Echo),Jackson Dean,33,23,
2023-07-15,37,Fires Don't Start Themselves,Darius Rucker,37,14,Gains In Performance
2023-07-15,38,Truck Bed,HARDY,40,8,Gains In Performance
2023-07-15,39,See You Next Summer,Brian Kelley,38,6,Gains In Performance
2023-07-15,40,Out Of That Truck,Carrie Underwood,44,5,Gains In Performance
2023-07-15,41,Heaven By Then,Brantley Gilbert And Blake Shelton Featuring Vince Gill,39,35,
2023-07-15,42,We Don't Fight Anymore,Carly Pearce Featuring Chris Stapleton,50,3,Gains In Performance
2023-07-15,43,World On Fire,Nate Smith,48,4,Gains In Performance
2023-07-15,44,Over For You,Morgan Evans,42,37,Gains In Performance
2023-07-15,45,Thinkin' Bout Me,Morgan Wallen,43,9,Gains In Performance
2023-07-15,46,Drive You Out Of My Mind,Kassi Ashton,45,14,Gains In Performance
2023-07-15,47,Giving Up On That,Dalton Dover,47,17,Gains In Performance
2023-07-15,48,On The Boat Again,Jake Owen,41,6,
2023-07-15,49,Burn It Down,Parker McCollum,49,5,Gains In Performance
2023-07-15,50,Save Me,Jelly Roll With Lainey Wilson,46,6,Gains In Performance
2023-07-15,51,Shoot Tequila,Tigirlily Gold,51,13,
2023-07-15,52,Bad Day To Be A Cold Beer,Chase Rice,55,8,Gains In Performance
2023-07-15,53,Bout Damn Time,Neon Union,52,15,
2023-07-15,54,Somebody Else's Whiskey,Frank Ray,53,8,Gains In Performance
2023-07-15,55,Marry That Girl,Easton Corbin,54,15,Gains In Performance
2023-07-15,56,If I Die Young Pt. 2,Kimberly Perry,56,9,Gains In Performance
2023-07-15,57,Love You Again,Chase Matthew,58,6,Gains In Performance
2023-07-15,58,'98 Braves,Morgan Wallen,60,11,Gains In Performance
2023-07-15,59,Jealous Of Myself,Tenille Arts & LeAnn Rimes,57,11,
2023-07-15,60,Save The Roses,Lee Brice,NEW,1,Highest ranking debut|Gains In Performance
2023-07-22,1,Fast Car,Luke Combs,1,13,Gains In Performance
2023-07-22,2,Last Night,Morgan Wallen,2,21,
2023-07-22,3,Next Thing You Know,Jordan Davis,3,22,
2023-07-22,4,Need A Favor,Jelly Roll,6,26,Gains In Performance
2023-07-22,5,Dancin' In The Country,Tyler Hubbard,5,33,
2023-07-22,6,Memory Lane,Old Dominion,4,28,
2023-07-22,7,"You, Me, & Whiskey",Justin Moore & Priscilla Block,7,36,Gains In Performance
2023-07-22,8,Your Heart Or Mine,Jon Pardi,8,41,Gains In Performance
2023-07-22,9,Love You Anyway,Luke Combs,10,16,Gains In Performance
2023-07-22,10,Bury Me In Georgia,Kane Brown,9,21,Gains In Performance
2023-07-22,11,Angels Don't Always Have Wings,Thomas Rhett,11,24,Gains In Performance
2023-07-22,12,Religiously,Bailey Zimmerman,13,16,Gains In Performance
2023-07-22,13,Girl In Mine,Parmalee,12,46,Gains In Performance
2023-07-22,14,Drinkaby,Cole Swindell,14,24,Gains In Performance
2023-07-22,15,Looking For You,Chris Young,15,26,Gains In Performance
2023-07-22,16,Standing Room Only,Tim McGraw,16,18,Gains In Performance
2023-07-22,17,But I Got A Beer In My Hand,Luke Bryan,17,10,Gains In Performance
2023-07-22,18,Everything She Ain't,Hailey Whitters,18,63,Gains In Performance
2023-07-22,19,God Gave Me A Girl,Russell Dickerson,19,26,Gains In Performance
2023-07-22,20,Everything I Love,Morgan Wallen,23,4,Greatest gainer this week|Gains In Performance
2023-07-22,21,Watermelon Moonshine,Lainey Wilson,21,8,Gains In Performance
2023-07-22,22,Can't Have Mine,Dylan Scott,20,43,Gains In Performance
2023-07-22,23,If You Go Down (I'm Goin' Down Too),Kelsea Ballerini,22,28,Gains In Performance
2023-07-22,24,Stars Like Confetti,Dustin Lynch,25,25,Gains In Performance
2023-07-22,25,Try That In A Small Town,Jason Aldean,26,8,
2023-07-22,26,We Got History,Mitchell Tenpenny,28,32,Gains In Performance
2023-07-22,27,All I Need Is You,Chris Janson,27,21,Gains In Performance
2023-07-22,28,Light On In The Kitchen,Ashley McBryde,29,18,Gains In Performance
2023-07-22,29,Nobody's Nobody,Brothers Osborne,32,14,Gains In Performance
2023-07-22,30,23,Chayce Beckham,31,23,Gains In Performance
2023-07-22,31,Mind On You,George Birge,35,33,Gains In Performance
2023-07-22,32,Creek Will Rise,Conner Smith,30,14,
2023-07-22,33,Glory Days,Gabby Barrett,33,5,Gains In Performance
2023-07-22,34,Different 'Round Here,Riley Green Featuring Luke Combs,34,10,Gains In Performance
2023-07-22,35,Fearless (The Echo),Jackson Dean,36,24,Gains In Performance
2023-07-22,36,See You Next Summer,Brian Kelley,39,7,Gains In Performance
2023-07-22,37,Fires Don't Start Themselves,Darius Rucker,37,15,
2023-07-22,38,Truck Bed,HARDY,38,9,Gains In Performance
2023-07-22,39,Out Of That Truck,Carrie Underwood,40,6,Gains In Performance
2023-07-22,40,Heaven By Then,Brantley Gilbert And Blake Shelton Featuring Vince Gill,41,36,Gains In Performance
2023-07-22,41,We Don't Fight Anymore,Carly Pearce Featuring Chris Stapleton,42,4,Gains In Performance
2023-07-22,42,Thinkin' Bout Me,Morgan Wallen,45,10,Gains In Performance
2023-07-22,43,World On Fire,Nate Smith,43,5,Gains In Performance
2023-07-22,44,Drive You Out Of My Mind,Kassi Ashton,46,15,Gains In Performance
2023-07-22,45,Burn It Down,Parker McCollum,49,6,Gains In Performance
2023-07-22,46,Over For You,Morgan Evans,44,38,
2023-07-22,47,On The Boat Again,Jake Owen,48,7,Gains In Performance
2023-07-22,48,Giving Up On That,Dalton Dover,47,18,Gains In Performance
2023-07-22,49,Save Me,Jelly Roll With Lainey Wilson,50,7,Gains In Performance
2023-07-22,50,Shoot Tequila,Tigirlily Gold,51,14,Gains In Performance
2023-07-22,51,Somebody Else's Whiskey,Frank Ray,54,9,Gains In Performance
2023-07-22,52,Marry That Girl,Easton Corbin,55,16,Gains In Performance
2023-07-22,53,Bad Day To Be A Cold Beer,Chase Rice,52,9,
2023-07-22,54,Bout Damn Time,Neon Union,53,16,
2023-07-22,55,Pretty Little Poison,Warren Zeiders,NEW,1,Highest ranking debut|Gains In Performance
2023-07-22,56,If I Die Young Pt. 2,Kimberly Perry,56,10,
2023-07-22,57,Love You Again,Chase Matthew,57,7,
2023-07-22,58,Drinkin' Problems,Dillon Carmichael,NEW,1,Gains In Performance
2023-07-22,59,'98 Braves,Morgan Wallen,58,12,Gains In Performance
2023-07-22,60,Save The Roses,Lee Brice,60,2,Gains In Performance
2023-07-29,1,Fast Car,Luke Combs,1,14,Gains In Performance
2023-07-29,2,Last Night,Morgan Wallen,2,22,
2023-07-29,3,Need A Favor,Jelly Roll,4,27,Gains In Performance
2023-07-29,4,Next Thing You Know,Jordan Davis,3,23,
2023-07-29,5,Dancin' In The Country,Tyler Hubbard,5,34,
2023-07-29,6,"You, Me, & Whiskey",Justin Moore & Priscilla Block,7,37,Gains In Performance
2023-07-29,7,Your Heart Or Mine,Jon Pardi,8,42,Gains In Performance
2023-07-29,8,Love You Anyway,Luke Combs,9,17,Gains In Performance
2023-07-29,9,Bury Me In Georgia,Kane Brown,10,22,Gains In Performance
2023-07-29,10,Angels Don't Always Have Wings,Thomas Rhett,11,25,Gains In Performance
2023-07-29,11,Religiously,Bailey Zimmerman,12,17,Gains In Performance
2023-07-29,12,Girl In Mine,Parmalee,13,47,Gains In Performance
2023-07-29,13,Looking For You,Chris Young,15,27,Gains In Performance
2023-07-29,14,Drinkaby,Cole Swindell,14,25,Gains In Performance
2023-07-29,15,But I Got A Beer In My Hand,Luke Bryan,17,11,Gains In Performance
2023-07-29,16,Standing Room Only,Tim McGraw,16,19,Gains In Performance
2023-07-29,17,Everything I Love,Morgan Wallen,20,5,Gains In Performance
2023-07-29,18,Watermelon Moonshine,Lainey Wilson,21,9,Gains In Performance
2023-07-29,19,Everything She Ain't,Hailey Whitters,18,64,
2023-07-29,20,God Gave Me A Girl,Russell Dickerson,19,27,Gains In Performance
2023-07-29,21,Save Me The Trouble,Dan + Shay,NEW,1,Highest ranking debut|Gains In Performance
2023-07-29,22,Can't Have Mine,Dylan Scott,22,44,Gains In Performance
2023-07-29,23,If You Go Down (I'm Goin' Down Too),Kelsea Ballerini,23,29,Gains In Performance
2023-07-29,24,Stars Like Confetti,Dustin Lynch,24,26,Gains In Performance
2023-07-29,25,Try That In A Small Town,Jason Aldean,25,9,Gains In Performance
2023-07-29,26,All I Need Is You,Chris Janson,27,22,Gains In Performance
2023-07-29,27,We Got History,Mitchell Tenpenny,26,33,Gains In Performance
2023-07-29,28,Light On In The Kitchen,Ashley McBryde,28,19,Gains In Performance
2023-07-29,29,Mind On You,George Birge,31,34,Gains In Performance
2023-07-29,30,Nobody's Nobody,Brothers Osborne,29,15,Gains In Performance
2023-07-29,31,Creek Will Rise,Conner Smith,32,15,Gains In Performance
2023-07-29,32,23,Chayce Beckham,30,24,Gains In Performance
2023-07-29,33,Different 'Round Here,Riley Green Featuring Luke Combs,34,11,Gains In Performance
2023-07-29,34,Fearless (The Echo),Jackson Dean,35,25,
2023-07-29,35,Glory Days,Gabby Barrett,33,6,
2023-07-29,36,Fires Don't Start Themselves,Darius Rucker,37,16,Gains In Performance
2023-07-29,37,See You Next Summer,Brian Kelley,36,8,Gains In Performance
2023-07-29,38,We Don't Fight Anymore,Carly Pearce Featuring Chris Stapleton,41,5,Gains In Performance
2023-07-29,39,Truck Bed,HARDY,38,10,Gains In Performance
2023-07-29,40,Thinkin' Bout Me,Morgan Wallen,42,11,Gains In Performance
2023-07-29,41,Out Of That Truck,Carrie Underwood,39,7,
2023-07-29,42,World On Fire,Nate Smith,43,6,Gains In Performance
2023-07-29,43,Burn It Down,Parker McCollum,45,7,Gains In Performance
2023-07-29,44,On The Boat Again,Jake Owen,47,8,Gains In Performance
2023-07-29,45,Drive You Out Of My Mind,Kassi Ashton,44,16,
2023-07-29,46,Over For You,Morgan Evans,46,39,
2023-07-29,47,Giving Up On That,Dalton Dover,48,19,Gains In Performance
2023-07-29,48,Pretty Little Poison,Warren Zeiders,55,2,Gains In Performance
2023-07-29,49,Save Me,Jelly Roll With Lainey Wilson,49,8,
2023-07-29,50,Somebody Else's Whiskey,Frank Ray,51,10,Gains In Performance
2023-07-29,51,Marry That Girl,Easton Corbin,52,17,Gains In Performance
2023-07-29,52,Shoot Tequila,Tigirlily Gold,50,15,
2023-07-29,53,Bad Day To Be A Cold Beer,Chase Rice,53,10,
2023-07-29,54,Bout Damn Time,Neon Union,54,17,
2023-07-29,55,Buy A Bar,Tim Dugger,NEW,1,Gains In Performance
2023-07-29,56,If I Die Young Pt. 2,Kimberly Perry,56,11,
2023-07-29,57,Drinkin' Problems,Dillon Carmichael,58,2,Gains In Performance
2023-07-29,58,Love You Again,Chase Matthew,57,8,Gains In Performance
2023-07-29,59,'98 Braves,Morgan Wallen,59,13,Gains In Performance
2023-07-29,60,Save The Roses,Lee Brice,60,3,
2023-08-05,1,Fast Car,Luke Combs,1,15,
2023-08-05,2,Need A Favor,Jelly Roll,3,28,Gains In Performance
2023-08-05,3,Last Night,Morgan Wallen,2,23,
2023-08-05,4,"You, Me, & Whiskey",Justin Moore & Priscilla Block,6,38,Gains In Performance
2023-08-05,5,Next Thing You Know,Jordan Davis,4,24,
2023-08-05,6,Dancin' In The Country,Tyler Hubbard,5,35,
2023-08-05,7,Bury Me In Georgia,Kane Brown,9,23,Gains In Performance
2023-08-05,8,Love You Anyway,Luke Combs,8,18,Gains In Performance
2023-08-05,9,Your Heart Or Mine,Jon Pardi,7,43,Gains In Performance
2023-08-05,10,Angels Don't Always Have Wings,Thomas Rhett,10,26,Gains In Performance
2023-08-05,11,Religiously,Bailey Zimmerman,11,18,Gains In Performance
2023-08-05,12,Girl In Mine,Parmalee,12,48,Gains In Performance
2023-08-05,13,But I Got A Beer In My Hand,Luke Bryan,15,12,Gains In Performance
2023-08-05,14,Looking For You,Chris Young,13,28,Gains In Performance
2023-08-05,15,Drinkaby,Cole Swindell,14,26,Gains In Performance
2023-08-05,16,Standing Room Only,Tim McGraw,16,20,Gains In Performance
2023-08-05,17,Everything I Love,Morgan Wallen,17,6,Gains In Performance
2023-08-05,18,Watermelon Moonshine,Lainey Wilson,18,10,Gains In Performance
2023-08-05,19,God Gave Me A Girl,Russell Dickerson,20,28,Gains In Performance
2023-08-05,20,Everything She Ain't,Hailey Whitters,19,65,
2023-08-05,21,White Horse,Chris Stapleton,NEW,1,Highest ranking debut|Gains In Performance
2023-08-05,22,Can't Have Mine,Dylan Scott,22,45,Gains In Performance
2023-08-05,23,If You Go Down (I'm Goin' Down Too),Kelsea Ballerini,23,30,Gains In Performance
2023-08-05,24,Stars Like Confetti,Dustin Lynch,24,27,Gains In Performance
2023-08-05,25,Try That In A Small Town,Jason Aldean,25,10,Gains In Performance
2023-08-05,26,All I Need Is You,Chris Janson,26,23,Gains In Performance
2023-08-05,27,We Got History,Mitchell Tenpenny,27,34,Gains In Performance
2023-08-05,28,Light On In The Kitchen,Ashley McBryde,28,20,
2023-08-05,29,Mind On You,George Birge,29,35,Gains In Performance
2023-08-05,30,Nobody's Nobody,Brothers Osborne,30,16,Gains In Performance
2023-08-05,31,Save Me The Trouble,Dan + Shay,21,2,
2023-08-05,32,23,Chayce Beckham,32,25,Gains In Performance
2023-08-05,33,Creek Will Rise,Conner Smith,31,16,
2023-08-05,34,Glory Days,Gabby Barrett,35,7,Gains In Performance
2023-08-05,35,Different 'Round Here,Riley Green Featuring Luke Combs,33,12,
2023-08-05,36,Fearless (The Echo),Jackson Dean,34,26,Gains In Performance
2023-08-05,37,See You Next Summer,Brian Kelley,37,9,Gains In Performance
2023-08-05,38,Out Of That Truck,Carrie Underwood,41,8,Gains In Performance
2023-08-05,39,Fires Don't Start Themselves,Darius Rucker,36,17,
2023-08-05,40,Thinkin' Bout Me,Morgan Wallen,40,12,Gains In Performance
2023-08-05,41,We Don't Fight Anymore,Carly Pearce Featuring Chris Stapleton,38,6,
2023-08-05,42,Truck Bed,HARDY,39,11,
2023-08-05,43,World On Fire,Nate Smith,42,7,Gains In Performance
2023-08-05,44,Pretty Little Poison,Warren Zeiders,48,3,Gains In Performance
2023-08-05,45,Burn It Down,Parker McCollum,43,8,Gains In Performance
2023-08-05,46,On The Boat Again,Jake Owen,44,9,Gains In Performance
2023-08-05,47,Drive You Out Of My Mind,Kassi Ashton,45,17,Gains In Performance
2023-08-05,48,Giving Up On That,Dalton Dover,47,20,
2023-08-05,49,Save Me,Jelly Roll With Lainey Wilson,49,9,
2023-08-05,50,Shoot Tequila,Tigirlily Gold,52,16,Gains In Performance
2023-08-05,51,Somebody Else's Whiskey,Frank Ray,50,11,Gains In Performance
2023-08-05,52,Bad Day To Be A Cold Beer,Chase Rice,53,11,Gains In Performance
2023-08-05,53,Marry That Girl,Easton Corbin,51,18,
2023-08-05,54,Outskirts,Sam Hunt,NEW,1,Gains In Performance
2023-08-05,55,Buy A Bar,Tim Dugger,55,2,Gains In Performance
2023-08-05,56,Drinkin' Problems,Dillon Carmichael,57,3,Gains In Performance
2023-08-05,57,If I Die Young Pt. 2,Kimberly Perry,56,12,
2023-08-05,58,Love You Again,Chase Matthew,58,9,Gains In Performance
2023-08-05,59,Save The Roses,Lee Brice,60,4,Gains In Performance
2023-08-05,60,Something Real,Dierks Bentley,NEW,1,Gains In Performance
2023-08-12,1,Need A Favor,Jelly Roll,2,29,Gains In Performance
2023-08-12,2,Fast Car,Luke Combs,1,16,
2023-08-12,3,"You, Me, & Whiskey",Justin Moore & Priscilla Block,4,39,Greatest gainer this week|Gains In Performance
2023-08-12,4,Last Night,Morgan Wallen,3,24,
2023-08-12,5,Next Thing You Know,Jordan Davis,5,25,
2023-08-12,6,Love You Anyway,Luke Combs,8,19,Gains In Performance
2023-08-12,7,Dancin' In The Country,Tyler Hubbard,6,36,
2023-08-12,8,Bury Me In Georgia,Kane Brown,7,24,Gains In Performance
2023-08-12,9,Your Heart Or Mine,Jon Pardi,9,44,Gains In Performance
2023-08-12,10,Angels Don't Always Have Wings,Thomas Rhett,10,27,Gains In Performance
2023-08-12,11,Religiously,Bailey Zimmerman,11,19,Gains In Performance
2023-08-12,12,Girl In Mine,Parmalee,12,49,Gains In Performance
2023-08-12,13,But I Got A Beer In My Hand,Luke Bryan,13,13,Gains In Performance
2023-08-12,14,Drinkaby,Cole Swindell,15,27,Gains In Performance
2023-08-12,15,Looking For You,Chris Young,14,29,Gains In Performance
2023-08-12,16,Everything I Love,Morgan Wallen,17,7,Gains In Performance
2023-08-12,17,Standing Room Only,Tim McGraw,16,21,
2023-08-12,18,God Gave Me A Girl,Russell Dickerson,19,29,Gains In Performance
2023-08-12,19,Watermelon Moonshine,Lainey Wilson,18,11,Gains In Performance
2023-08-12,20,Try That In A Small Town,Jason Aldean,25,11,Gains In Performance
2023-08-12,21,Everything She Ain't,Hailey Whitters,20,66,Gains In Performance
2023-08-12,22,Can't Have Mine,Dylan Scott,22,46,Gains In Performance
2023-08-12,23,If You Go Down (I'm Goin' Down Too),Kelsea Ballerini,23,31,Gains In Performance
2023-08-12,24,Stars Like Confetti,Dustin Lynch,24,28,Gains In Performance
2023-08-12,25,All I Need Is You,Chris Janson,26,24,Gains In Performance
2023-08-12,26,We Got History,Mitchell Tenpenny,27,35,Gains In Performance
2023-08-12,27,Save Me The Trouble,Dan + Shay,31,3,Gains In Performance
2023-08-12,28,Light On In The Kitchen,Ashley McBryde,28,21,Gains In Performance
2023-08-12,29,Mind On You,George Birge,29,36,Gains In Performance
2023-08-12,30,Nobody's Nobody,Brothers Osborne,30,17,Gains In Performance
2023-08-12,31,Creek Will Rise,Conner Smith,33,17,Gains In Performance
2023-08-12,32,Different 'Round Here,Riley Green Featuring Luke Combs,35,13,Gains In Performance
2023-08-12,33,23,Chayce Beckham,32,26,
2023-08-12,34,Thinkin' Bout Me,Morgan Wallen,40,13,Gains In Performance
2023-08-12,35,Fearless (The Echo),Jackson Dean,36,27,Gains In Performance
2023-08-12,36,White Horse,Chris Stapleton,21,2,
2023-08-12,37,See You Next Summer,Brian Kelley,37,10,Gains In Performance
2023-08-12,38,Glory Days,Gabby Barrett,34,8,
2023-08-12,39,Out Of That Truck,Carrie Underwood,38,9,Gains In Performance
2023-08-12,40,Pretty Little Poison,Warren Zeiders,44,4,Gains In Performance
2023-08-12,41,Truck Bed,HARDY,42,12,Gains In Performance
2023-08-12,42,World On Fire,Nate Smith,43,8,Gains In Performance
2023-08-12,43,Fires Don't Start Themselves,Darius Rucker,39,18,
2023-08-12,44,We Don't Fight Anymore,Carly Pearce Featuring Chris Stapleton,41,7,Gains In Performance
2023-08-12,45,Burn It Down,Parker McCollum,45,9,Gains In Performance
2023-08-12,46,On The Boat Again,Jake Owen,46,10,
2023-08-12,47,Giving Up On That,Dalton Dover,48,21,
2023-08-12,48,Drive You Out Of My Mind,Kassi Ashton,47,18,
2023-08-12,49,Save Me,Jelly Roll With Lainey Wilson,49,10,
2023-08-12,50,Somebody Else's Whiskey,Frank Ray,51,12,Gains In Performance
2023-08-12,51,Shoot Tequila,Tigirlily Gold,50,17,
2023-08-12,52,Bad Day To Be A Cold Beer,Chase Rice,52,12,Gains In Performance
2023-08-12,53,Marry That Girl,Easton Corbin,53,19,Gains In Performance
2023-08-12,54,Outskirts,Sam Hunt,54,2,Gains In Performance
2023-08-12,55,Something's Gonna Kill Me,Corey Kent,NEW,1,Highest ranking debut|Gains In Performance
2023-08-12,56,Drinkin' Problems,Dillon Carmichael,56,4,Gains In Performance
2023-08-12,57,Buy A Bar,Tim Dugger,55,3,Gains In Performance
2023-08-12,58,Love You Again,Chase Matthew,58,10,Gains In Performance
2023-08-12,59,Something Real,Dierks Bentley,60,2,Gains In Performance
2023-08-12,60,Save The Roses,Lee Brice,59,5,
2023-08-19,1,Need A Favor,Jelly Roll,1,30,
2023-08-19,2,Fast Car,Luke Combs,2,17,
2023-08-19,3,Last Night,Morgan Wallen,4,25,
2023-08-19,4,"You, Me, & Whiskey",Justin Moore & Priscilla Block,3,40,
2023-08-19,5,Love You Anyway,Luke Combs,6,20,Greatest gainer this week|Gains In Performance
2023-08-19,6,Bury Me In Georgia,Kane Brown,8,25,Gains In Performance
2023-08-19,7,Dancin' In The Country,Tyler Hubbard,7,37,
2023-08-19,8,Your Heart Or Mine,Jon Pardi,9,45,Gains In Performance
2023-08-19,9,Next Thing You Know,Jordan Davis,5,26,
2023-08-19,10,Angels Don't Always Have Wings,Thomas Rhett,10,28,Gains In Performance
2023-08-19,11,Religiously,Bailey Zimmerman,11,20,Gains In Performance
2023-08-19,12,Girl In Mine,Parmalee,12,50,Gains In Performance
2023-08-19,13,Drinkaby,Cole Swindell,14,28,Gains In Performance
2023-08-19,14,Looking For You,Chris Young,15,30,Gains In Performance
2023-08-19,15,But I Got A Beer In My Hand,Luke Bryan,13,14,
2023-08-19,16,Everything I Love,Morgan Wallen,16,8,Gains In Performance
2023-08-19,17,Watermelon Moonshine,Lainey Wilson,19,12,Gains In Performance
2023-08-19,18,God Gave Me A Girl,Russell Dickerson,18,30,Gains In Performance
2023-08-19,19,Standing Room Only,Tim McGraw,17,22,Gains In Performance
2023-08-19,20,Try That In A Small Town,Jason Aldean,20,12,Gains In Performance
2023-08-19,21,Everything She Ain't,Hailey Whitters,21,67,Gains In Performance
2023-08-19,22,Can't Have Mine,Dylan Scott,22,47,Gains In Performance
2023-08-19,23,If You Go Down (I'm Goin' Down Too),Kelsea Ballerini,23,32,Gains In Performance
2023-08-19,24,Stars Like Confetti,Dustin Lynch,24,29,Gains In Performance
2023-08-19,25,Save Me The Trouble,Dan + Shay,27,4,Gains In Performance
2023-08-19,26,All I Need Is You,Chris Janson,25,25,
2023-08-19,27,We Got History,Mitchell Tenpenny,26,36,Gains In Performance
2023-08-19,28,Mind On You,George Birge,29,37,Gains In Performance
2023-08-19,29,Light On In The Kitchen,Ashley McBryde,28,22,Gains In Performance
2023-08-19,30,Thinkin' Bout Me,Morgan Wallen,34,14,Gains In Performance
2023-08-19,31,Nobody's Nobody,Brothers Osborne,30,18,Gains In Performance
2023-08-19,32,Creek Will Rise,Conner Smith,31,18,Gains In Performance
2023-08-19,33,White Horse,Chris Stapleton,36,3,Gains In Performance
2023-08-19,34,23,Chayce Beckham,33,27,Gains In Performance
2023-08-19,35,Different 'Round Here,Riley Green Featuring Luke Combs,32,14,
2023-08-19,36,Fearless (The Echo),Jackson Dean,35,28,
2023-08-19,37,Glory Days,Gabby Barrett,38,9,Gains In Performance
2023-08-19,38,Pretty Little Poison,Warren Zeiders,40,5,Gains In Performance
2023-08-19,39,See You Next Summer,Brian Kelley,37,11,
2023-08-19,40,World On Fire,Nate Smith,42,9,Gains In Performance
2023-08-19,41,Out Of That Truck,Carrie Underwood,39,10,Gains In Performance
2023-08-19,42,Truck Bed,HARDY,41,13,Gains In Performance
2023-08-19,43,Burn It Down,Parker McCollum,45,10,Gains In Performance
2023-08-19,44,We Don't Fight Anymore,Carly Pearce Featuring Chris Stapleton,44,8,Gains In Performance
2023-08-19,45,Fires Don't Start Themselves,Darius Rucker,43,19,Gains In Performance
2023-08-19,46,On The Boat Again,Jake Owen,46,11,
2023-08-19,47,Giving Up On That,Dalton Dover,47,22,Gains In Performance
2023-08-19,48,Drive You Out Of My Mind,Kassi Ashton,48,19,Gains In Performance
2023-08-19,49,Save Me,Jelly Roll With Lainey Wilson,49,11,Gains In Performance
2023-08-19,50,Somebody Else's Whiskey,Frank Ray,50,13,
2023-08-19,51,Shoot Tequila,Tigirlily Gold,51,18,Gains In Performance
2023-08-19,52,Marry That Girl,Easton Corbin,53,20,Gains In Performance
2023-08-19,53,Outskirts,Sam Hunt,54,3,Gains In Performance
2023-08-19,54,Drinkin' Problems,Dillon Carmichael,56,5,Gains In Performance
2023-08-19,55,Bad Day To Be A Cold Beer,Chase Rice,52,13,
2023-08-19,56,Love You Again,Chase Matthew,58,11,Gains In Performance
2023-08-19,57,Something's Gonna Kill Me,Corey Kent,55,2,Gains In Performance
2023-08-19,58,I'm Not Pretty,Megan Moroney,NEW,1,Highest ranking debut|Gains In Performance
2023-08-19,59,Buy A Bar,Tim Dugger,57,4,
2023-08-19,60,Dance With You,Brett Young,NEW,1,Gains In Performance
2023-08-26,1,Need A Favor,Jelly Roll,1,31,Gains In Performance
2023-08-26,2,Fast Car,Luke Combs,2,18,
2023-08-26,3,Love You Anyway,Luke Combs,5,21,Gains In Performance
2023-08-26,4,Last Night,Morgan Wallen,3,26,
2023-08-26,5,Bury Me In Georgia,Kane Brown,6,26,Gains In Performance
2023-08-26,6,Your Heart Or Mine,Jon Pardi,8,46,Gains In Performance
2023-08-26,7,Next Thing You Know,Jordan Davis,9,27,
2023-08-26,8,Angels Don't Always Have Wings,Thomas Rhett,10,29,Gains In Performance
2023-08-26,9,Religiously,Bailey Zimmerman,11,21,Gains In Performance
2023-08-26,10,Girl In Mine,Parmalee,12,51,Gains In Performance
2023-08-26,11,Watermelon Moonshine,Lainey Wilson,17,13,Gains In Performance
2023-08-26,12,Everything I Love,Morgan Wallen,16,9,Gains In Performance
2023-08-26,13,Drinkaby,Cole Swindell,13,29,Gains In Performance
2023-08-26,14,Try That In A Small Town,Jason Aldean,20,13,Gains In Performance
2023-08-26,15,But I Got A Beer In My Hand,Luke Bryan,15,15,Gains In Performance
2023-08-26,16,Looking For You,Chris Young,14,31,
2023-08-26,17,God Gave Me A Girl,Russell Dickerson,18,31,Gains In Performance
2023-08-26,18,Standing Room Only,Tim McGraw,19,23,Gains In Performance
2023-08-26,19,Everything She Ain't,Hailey Whitters,21,68,Gains In Performance
2023-08-26,20,Stars Like Confetti,Dustin Lynch,24,30,Gains In Performance
2023-08-26,21,Can't Have Mine,Dylan Scott,22,48,Gains In Performance
2023-08-26,22,If You Go Down (I'm Goin' Down Too),Kelsea Ballerini,23,33,Gains In Performance
2023-08-26,23,Save Me The Trouble,Dan + Shay,25,5,Gains In Performance
2023-08-26,24,All I Need Is You,Chris Janson,26,26,Gains In Performance
2023-08-26,25,Mind On You,George Birge,28,38,Gains In Performance
2023-08-26,26,We Got History,Mitchell Tenpenny,27,37,Gains In Performance
2023-08-26,27,Light On In The Kitchen,Ashley McBryde,29,23,
2023-08-26,28,Thinkin' Bout Me,Morgan Wallen,30,15,Gains In Performance
2023-08-26,29,Nobody's Nobody,Brothers Osborne,31,19,Gains In Performance
2023-08-26,30,Creek Will Rise,Conner Smith,32,19,Gains In Performance
2023-08-26,31,23,Chayce Beckham,34,28,Gains In Performance
2023-08-26,32,Different 'Round Here,Riley Green Featuring Luke Combs,35,15,Gains In Performance
2023-08-26,33,The Painter,Cody Johnson,NEW,1,Highest ranking debut|Gains In Performance
2023-08-26,34,White Horse,Chris Stapleton,33,4,Gains In Performance
2023-08-26,35,Fearless (The Echo),Jackson Dean,36,29,Gains In Performance
2023-08-26,36,See You Next Summer,Brian Kelley,39,12,Gains In Performance
2023-08-26,37,Pretty Little Poison,Warren Zeiders,38,6,Gains In Performance
2023-08-26,38,World On Fire,Nate Smith,40,10,Gains In Performance
2023-08-26,39,We Don't Fight Anymore,Carly Pearce Featuring Chris Stapleton,44,9,Gains In Performance
2023-08-26,40,Glory Days,Gabby Barrett,37,10,
2023-08-26,41,Out Of That Truck,Carrie Underwood,41,11,
2023-08-26,42,Truck Bed,HARDY,42,14,Gains In Performance
2023-08-26,43,Burn It Down,Parker McCollum,43,11,
2023-08-26,44,Fires Don't Start Themselves,Darius Rucker,45,20,Gains In Performance
2023-08-26,45,On The Boat Again,Jake Owen,46,12,Gains In Performance
2023-08-26,46,Save Me,Jelly Roll With Lainey Wilson,49,12,Gains In Performance
2023-08-26,47,Giving Up On That,Dalton Dover,47,23,Gains In Performance
2023-08-26,48,Drive You Out Of My Mind,Kassi Ashton,48,20,
2023-08-26,49,I'm Not Pretty,Megan Moroney,58,2,Gains In Performance
2023-08-26,50,Shoot Tequila,Tigirlily Gold,51,19,Gains In Performance
2023-08-26,51,Outskirts,Sam Hunt,53,4,Gains In Performance
2023-08-26,52,Somebody Else's Whiskey,Frank Ray,50,14,
2023-08-26,53,Something's Gonna Kill Me,Corey Kent,57,3,Gains In Performance
2023-08-26,54,Bad Day To Be A Cold Beer,Chase Rice,55,14,Gains In Performance
2023-08-26,55,Love You Again,Chase Matthew,56,12,Gains In Performance
2023-08-26,56,Drinkin' Problems,Dillon Carmichael,54,6,
2023-08-26,57,Marry That Girl,Easton Corbin,52,21,
2023-08-26,58,Buy A Bar,Tim Dugger,59,5,Gains In Performance
2023-08-26,59,Something Real,Dierks Bentley,RE,3,Gains In Performance
2023-08-26,60,Dance With You,Brett Young,60,2,Gains In Performance
2023-09-02,1,Need A Favor,Jelly Roll,1,32,
2023-09-02,2,Love You Anyway,Luke Combs,3,22,Gains In Performance
2023-09-02,3,Fast Car,Luke Combs,2,19,
2023-09-02,4,Your Heart Or Mine,Jon Pardi,6,47,Gains In Performance
2023-09-02,5,Last Night,Morgan Wallen,4,27,
2023-09-02,6,Bury Me In Georgia,Kane Brown,5,27,Gains In Performance
2023-09-02,7,Angels Don't Always Have Wings,Thomas Rhett,8,30,Gains In Performance
2023-09-02,8,Next Thing You Know,Jordan Davis,7,28,
2023-09-02,9,Religiously,Bailey Zimmerman,9,22,Gains In Performance
2023-09-02,10,Girl In Mine,Parmalee,10,52,Gains In Performance
2023-09-02,11,Watermelon Moonshine,Lainey Wilson,11,14,Gains In Performance
2023-09-02,12,Try That In A Small Town,Jason Aldean,14,14,Gains In Performance
2023-09-02,13,God Gave Me A Girl,Russell Dickerson,17,32,Gains In Performance
2023-09-02,14,Everything I Love,Morgan Wallen,12,10,Gains In Performance
2023-09-02,15,But I Got A Beer In My Hand,Luke Bryan,15,16,Gains In Performance
2023-09-02,16,Drinkaby,Cole Swindell,13,30,
2023-09-02,17,Looking For You,Chris Young,16,32,
2023-09-02,18,Standing Room Only,Tim McGraw,18,24,Gains In Performance
2023-09-02,19,Stars Like Confetti,Dustin Lynch,20,31,Gains In Performance
2023-09-02,20,Can't Have Mine,Dylan Scott,21,49,Gains In Performance
2023-09-02,21,Everything She Ain't,Hailey Whitters,19,69,
2023-09-02,22,If You Go Down (I'm Goin' Down Too),Kelsea Ballerini,22,34,Gains In Performance
2023-09-02,23,Save Me The Trouble,Dan + Shay,23,6,Gains In Performance
2023-09-02,24,All I Need Is You,Chris Janson,24,27,Gains In Performance
2023-09-02,25,Thinkin' Bout Me,Morgan Wallen,28,16,Gains In Performance
2023-09-02,26,Mind On You,George Birge,25,39,Gains In Performance
2023-09-02,27,We Got History,Mitchell Tenpenny,26,38,Gains In Performance
2023-09-02,28,Light On In The Kitchen,Ashley McBryde,27,24,Gains In Performance
2023-09-02,29,Nobody's Nobody,Brothers Osborne,29,20,Gains In Performance
2023-09-02,30,Different 'Round Here,Riley Green Featuring Luke Combs,32,16,Gains In Performance
2023-09-02,31,23,Chayce Beckham,31,29,Gains In Performance
2023-09-02,32,Creek Will Rise,Conner Smith,30,20,
2023-09-02,33,Cab In A Solo,Scotty McCreery,NEW,1,Highest ranking debut|Gains In Performance
2023-09-02,34,White Horse,Chris Stapleton,34,5,Gains In Performance
2023-09-02,35,World On Fire,Nate Smith,38,11,Gains In Performance
2023-09-02,36,Pretty Little Poison,Warren Zeiders,37,7,Gains In Performance
2023-09-02,37,Fearless (The Echo),Jackson Dean,35,30,Gains In Performance
2023-09-02,38,See You Next Summer,Brian Kelley,36,13,Gains In Performance
2023-09-02,39,We Don't Fight Anymore,Carly Pearce Featuring Chris Stapleton,39,10,
2023-09-02,40,Out Of That Truck,Carrie Underwood,41,12,Gains In Performance
2023-09-02,41,Truck Bed,HARDY,42,15,Gains In Performance
2023-09-02,42,Burn It Down,Parker McCollum,43,12,Gains In Performance
2023-09-02,43,Glory Days,Gabby Barrett,40,11,
2023-09-02,44,Fires Don't Start Themselves,Darius Rucker,44,21,
2023-09-02,45,Rich Men North Of Richmond,Oliver Anthony Music,NEW,1,Gains In Performance
2023-09-02,46,The Painter,Cody Johnson,33,2,
2023-09-02,47,Save Me,Jelly Roll With Lainey Wilson,46,13,Gains In Performance
2023-09-02,48,On The Boat Again,Jake Owen,45,13,
2023-09-02,49,Drive You Out Of My Mind,Kassi Ashton,48,21,Gains In Performance
2023-09-02,50,Giving Up On That,Dalton Dover,47,24,
2023-09-02,51,I'm Not Pretty,Megan Moroney,49,3,Gains In Performance
2023-09-02,52,Outskirts,Sam Hunt,51,5,Gains In Performance
2023-09-02,53,Shoot Tequila,Tigirlily Gold,50,20,
2023-09-02,54,Somebody Else's Whiskey,Frank Ray,52,15,Gains In Performance
2023-09-02,55,Love You Again,Chase Matthew,55,13,Gains In Performance
2023-09-02,56,Drinkin' Problems,Dillon Carmichael,56,7,Gains In Performance
2023-09-02,57,Tucson Too Late,Jordan Davis,NEW,1,Gains In Performance
2023-09-02,58,Something's Gonna Kill Me,Corey Kent,53,4,
2023-09-02,59,Marry That Girl,Easton Corbin,57,22,Gains In Performance
2023-09-02,60,Bad Day To Be A Cold Beer,Chase Rice,54,15,
2023-09-09,1,Love You Anyway,Luke Combs,2,23,Gains In Performance
2023-09-09,2,Fast Car,Luke Combs,3,20,
2023-09-09,3,Need A Favor,Jelly Roll,1,33,
2023-09-09,4,Bury Me In Georgia,Kane Brown,6,28,Gains In Performance
2023-09-09,5,Last Night,Morgan Wallen,5,28,
2023-09-09,6,Angels Don't Always Have Wings,Thomas Rhett,7,31,Gains In Performance
2023-09-09,7,Religiously,Bailey Zimmerman,9,23,Gains In Performance
2023-09-09,8,Girl In Mine,Parmalee,10,53,Gains In Performance
2023-09-09,9,Your Heart Or Mine,Jon Pardi,4,48,
2023-09-09,10,Watermelon Moonshine,Lainey Wilson,11,15,Gains In Performance
2023-09-09,11,Try That In A Small Town,Jason Aldean,12,15,Greatest gainer this week|Gains In Performance
2023-09-09,12,God Gave Me A Girl,Russell Dickerson,13,33,Gains In Performance
2023-09-09,13,Everything I Love,Morgan Wallen,14,11,Gains In Performance
2023-09-09,14,But I Got A Beer In My Hand,Luke Bryan,15,17,Gains In Performance
2023-09-09,15,Drinkaby,Cole Swindell,16,31,Gains In Performance
2023-09-09,16,Standing Room Only,Tim McGraw,18,25,Gains In Performance
2023-09-09,17,Stars Like Confetti,Dustin Lynch,19,32,Gains In Performance
2023-09-09,18,Can't Have Mine,Dylan Scott,20,50,Gains In Performance
2023-09-09,19,Thinkin' Bout Me,Morgan Wallen,25,17,Gains In Performance
2023-09-09,20,If You Go Down (I'm Goin' Down Too),Kelsea Ballerini,22,35,Gains In Performance
2023-09-09,21,Save Me The Trouble,Dan + Shay,23,7,Gains In Performance
2023-09-09,22,All I Need Is You,Chris Janson,24,28,Gains In Performance
2023-09-09,23,Mind On You,George Birge,26,40,Gains In Performance
2023-09-09,24,We Got History,Mitchell Tenpenny,27,39,Gains In Performance
2023-09-09,25,Light On In The Kitchen,Ashley McBryde,28,25,Gains In Performance
2023-09-09,26,Different 'Round Here,Riley Green Featuring Luke Combs,30,17,Gains In Performance
2023-09-09,27,Nobody's Nobody,Brothers Osborne,29,21,Gains In Performance
2023-09-09,28,23,Chayce Beckham,31,30,Gains In Performance
2023-09-09,29,Creek Will Rise,Conner Smith,32,21,Gains In Performance
2023-09-09,30,White Horse,Chris Stapleton,34,6,Gains In Performance
2023-09-09,31,World On Fire,Nate Smith,35,12,Gains In Performance
2023-09-09,32,Fearless (The Echo),Jackson Dean,37,31,Gains In Performance
2023-09-09,33,Pretty Little Poison,Warren Zeiders,36,8,Gains In Performance
2023-09-09,34,See You Next Summer,Brian Kelley,38,14,Gains In Performance
2023-09-09,35,We Don't Fight Anymore,Carly Pearce Featuring Chris Stapleton,39,11,Gains In Performance
2023-09-09,36,Truck Bed,HARDY,41,16,Gains In Performance
2023-09-09,37,Burn It Down,Parker McCollum,42,13,Gains In Performance
2023-09-09,38,Glory Days,Gabby Barrett,43,12,Gains In Performance
2023-09-09,39,Out Of That Truck,Carrie Underwood,40,13,
2023-09-09,40,The Painter,Cody Johnson,46,3,Gains In Performance
2023-09-09,41,Fires Don't Start Themselves,Darius Rucker,44,22,
2023-09-09,42,Save Me,Jelly Roll With Lainey Wilson,47,14,Gains In Performance
2023-09-09,43,Good With Me,Walker Hayes,NEW,1,Highest ranking debut|Gains In Performance
2023-09-09,44,Rich Men North Of Richmond,Oliver Anthony Music,45,2,Gains In Performance
2023-09-09,45,Cab In A Solo,Scotty McCreery,33,2,
2023-09-09,46,Drive You Out Of My Mind,Kassi Ashton,49,22,Gains In Performance
2023-09-09,47,Giving Up On That,Dalton Dover,50,25,Gains In Performance
2023-09-09,48,I'm Not Pretty,Megan Moroney,51,4,Gains In Performance
2023-09-09,49,Outskirts,Sam Hunt,52,6,Gains In Performance
2023-09-09,50,Tucson Too Late,Jordan Davis,57,2,Gains In Performance
2023-09-09,51,On The Boat Again,Jake Owen,48,14,
2023-09-09,52,Shoot Tequila,Tigirlily Gold,53,21,Gains In Performance
2023-09-09,53,Somebody Else's Whiskey,Frank Ray,54,16,Gains In Performance
2023-09-09,54,Love You Again,Chase Matthew,55,14,Gains In Performance
2023-09-09,55,Something's Gonna Kill Me,Corey Kent,58,5,Gains In Performance
2023-09-09,56,Marry That Girl,Easton Corbin,59,23,Gains In Performance
2023-09-09,57,Drinkin' Problems,Dillon Carmichael,56,8,
2023-09-09,58,Bad Day To Be A Cold Beer,Chase Rice,60,16,Gains In Performance
2023-09-09,59,Without You,Thompson Square,RE,2,Gains In Performance
2023-09-09,60,Something Real,Dierks Bentley,RE,4,Gains In Performance
2023-09-16,1,Bury Me In Georgia,Kane Brown,4,29,Greatest gainer this week|Gains In Performance
2023-09-16,2,Love You Anyway,Luke Combs,1,24,
2023-09-16,3,Fast Car,Luke Combs,2,21,
2023-09-16,4,Need A Favor,Jelly Roll,3,34,
2023-09-16,5,Last Night,Morgan Wallen,5,29,
2023-09-16,6,Angels Don't Always Have Wings,Thomas Rhett,6,32,Gains In Performance
2023-09-16,7,Religiously,Bailey Zimmerman,7,24,Gains In Performance
2023-09-16,8,Watermelon Moonshine,Lainey Wilson,10,16,Gains In Performance
2023-09-16,9,Try That In A Small Town,Jason Aldean,11,16,Gains In Performance
2023-09-16,10,Girl In Mine,Parmalee,8,54,Gains In Performance
2023-09-16,11,God Gave Me A Girl,Russell Dickerson,12,34,Gains In Performance
2023-09-16,12,Everything I Love,Morgan Wallen,13,12,Gains In Performance
2023-09-16,13,Stars Like Confetti,Dustin Lynch,17,33,Gains In Performance
2023-09-16,14,Standing Room Only,Tim McGraw,16,26,Gains In Performance
2023-09-16,15,But I Got A Beer In My Hand,Luke Bryan,14,18,Gains In Performance
2023-09-16,16,Thinkin' Bout Me,Morgan Wallen,19,18,Gains In Performance
2023-09-16,17,Can't Have Mine,Dylan Scott,18,51,Gains In Performance
2023-09-16,18,Save Me The Trouble,Dan + Shay,21,8,Gains In Performance
2023-09-16,19,If You Go Down (I'm Goin' Down Too),Kelsea Ballerini,20,36,Gains In Performance
2023-09-16,20,Mind On You,George Birge,23,41,Gains In Performance
2023-09-16,21,All I Need Is You,Chris Janson,22,29,Gains In Performance
2023-09-16,22,Light On In The Kitchen,Ashley McBryde,25,26,Gains In Performance
2023-09-16,23,We Got History,Mitchell Tenpenny,24,40,Gains In Performance
2023-09-16,24,Different 'Round Here,Riley Green Featuring Luke Combs,26,18,Gains In Performance
2023-09-16,25,White Horse,Chris Stapleton,30,7,Gains In Performance
2023-09-16,26,23,Chayce Beckham,28,31,Gains In Performance
2023-09-16,27,Creek Will Rise,Conner Smith,29,22,Gains In Performance
2023-09-16,28,World On Fire,Nate Smith,31,13,Gains In Performance
2023-09-16,29,Nobody's Nobody,Brothers Osborne,27,22,Gains In Performance
2023-09-16,30,Pretty Little Poison,Warren Zeiders,33,9,Gains In Performance
2023-09-16,31,Fearless (The Echo),Jackson Dean,32,32,Gains In Performance
2023-09-16,32,See You Next Summer,Brian Kelley,34,15,Gains In Performance
2023-09-16,33,Save Me,Jelly Roll With Lainey Wilson,42,15,Gains In Performance
2023-09-16,34,Truck Bed,HARDY,36,17,Gains In Performance
2023-09-16,35,We Don't Fight Anymore,Carly Pearce Featuring Chris Stapleton,35,12,Gains In Performance
2023-09-16,36,Burn It Down,Parker McCollum,37,14,Gains In Performance
2023-09-16,37,Glory Days,Gabby Barrett,38,13,Gains In Performance
2023-09-16,38,Out Of That Truck,Carrie Underwood,39,14,Gains In Performance
2023-09-16,39,The Painter,Cody Johnson,40,4,Gains In Performance
2023-09-16,40,Cab In A Solo,Scotty McCreery,45,3,Gains In Performance
2023-09-16,41,Tucson Too Late,Jordan Davis,50,3,Gains In Performance
2023-09-16,42,Drive You Out Of My Mind,Kassi Ashton,46,23,Gains In Performance
2023-09-16,43,I'm Not Pretty,Megan Moroney,48,5,Gains In Performance
2023-09-16,44,Giving Up On That,Dalton Dover,47,26,Gains In Performance
2023-09-16,45,Outskirts,Sam Hunt,49,7,Gains In Performance
2023-09-16,46,Rich Men North Of Richmond,Oliver Anthony Music,44,3,
2023-09-16,47,Shoot Tequila,Tigirlily Gold,52,22,Gains In Performance
2023-09-16,48,Somebody Else's Whiskey,Frank Ray,53,17,Gains In Performance
2023-09-16,49,Drinkin' Problems,Dillon Carmichael,57,9,Gains In Performance
2023-09-16,50,Love You Again,Chase Matthew,54,15,Gains In Performance
2023-09-16,51,Marry That Girl,Easton Corbin,56,24,Gains In Performance
2023-09-16,52,Bad Day To Be A Cold Beer,Chase Rice,58,17,Gains In Performance
2023-09-16,53,Something's Gonna Kill Me,Corey Kent,55,6,
2023-09-16,54,Something Real,Dierks Bentley,60,5,Gains In Performance
2023-09-16,55,Wine Country,Hannah Ellis,NEW,1,Highest ranking debut|Gains In Performance
2023-09-16,56,Without You,Thompson Square,59,3,Gains In Performance
2023-09-16,57,Dance With You,Brett Young,RE,3,Gains In Performance
2023-09-16,58,Brokenhearted,Joe Nichols,NEW,1,Gains In Performance
2023-09-16,59,Good With Me,Walker Hayes,43,2,
2023-09-16,60,I Remember Everything,Zach Bryan Featuring Kacey Musgraves,NEW,1,Gains In Performance
2023-09-23,1,Angels Don't Always Have Wings,Thomas Rhett,6,33,Gains In Performance
2023-09-23,2,Fast Car,Luke Combs,3,22,
2023-09-23,3,Need A Favor,Jelly Roll,4,35,
2023-09-23,4,Religiously,Bailey Zimmerman,7,25,Gains In Performance
2023-09-23,5,Watermelon Moonshine,Lainey Wilson,8,17,Gains In Performance
2023-09-23,6,Bury Me In Georgia,Kane Brown,1,30,
2023-09-23,7,Last Night,Morgan Wallen,5,30,
2023-09-23,8,Try That In A Small Town,Jason Aldean,9,17,Gains In Performance
2023-09-23,9,Love You Anyway,Luke Combs,2,25,
2023-09-23,10,Girl In Mine,Parmalee,10,55,Gains In Performance
2023-09-23,11,God Gave Me A Girl,Russell Dickerson,11,35,Gains In Performance
2023-09-23,12,Everything I Love,Morgan Wallen,12,13,Gains In Performance
2023-09-23,13,Stars Like Confetti,Dustin Lynch,13,34,Gains In Performance
2023-09-23,14,Thinkin' Bout Me,Morgan Wallen,16,19,Gains In Performance
2023-09-23,15,Standing Room Only,Tim McGraw,14,27,Gains In Performance
2023-09-23,16,But I Got A Beer In My Hand,Luke Bryan,15,19,Gains In Performance
2023-09-23,17,Can't Have Mine,Dylan Scott,17,52,Gains In Performance
2023-09-23,18,Save Me The Trouble,Dan + Shay,18,9,Gains In Performance
2023-09-23,19,If You Go Down (I'm Goin' Down Too),Kelsea Ballerini,19,37,Gains In Performance
2023-09-23,20,Mind On You,George Birge,20,42,Gains In Performance
2023-09-23,21,All I Need Is You,Chris Janson,21,30,Gains In Performance
2023-09-23,22,White Horse,Chris Stapleton,25,8,Gains In Performance
2023-09-23,23,Light On In The Kitchen,Ashley McBryde,22,27,Gains In Performance
2023-09-23,24,We Got History,Mitchell Tenpenny,23,41,Gains In Performance
2023-09-23,25,Different 'Round Here,Riley Green Featuring Luke Combs,24,19,Gains In Performance
2023-09-23,26,23,Chayce Beckham,26,32,Gains In Performance
2023-09-23,27,Creek Will Rise,Conner Smith,27,23,Gains In Performance
2023-09-23,28,World On Fire,Nate Smith,28,14,Gains In Performance
2023-09-23,29,Nobody's Nobody,Brothers Osborne,29,23,Gains In Performance
2023-09-23,30,Save Me,Jelly Roll With Lainey Wilson,33,16,Gains In Performance
2023-09-23,31,Back Then Right Now,Tyler Hubbard,NEW,1,Highest ranking debut|Gains In Performance
2023-09-23,32,Pretty Little Poison,Warren Zeiders,30,10,Gains In Performance
2023-09-23,33,Fearless (The Echo),Jackson Dean,31,33,Gains In Performance
2023-09-23,34,See You Next Summer,Brian Kelley,32,16,Gains In Performance
2023-09-23,35,Burn It Down,Parker McCollum,36,15,Gains In Performance
2023-09-23,36,Truck Bed,HARDY,34,18,Gains In Performance
2023-09-23,37,The Painter,Cody Johnson,39,5,Gains In Performance
2023-09-23,38,We Don't Fight Anymore,Carly Pearce Featuring Chris Stapleton,35,13,Gains In Performance
2023-09-23,39,Out Of That Truck,Carrie Underwood,38,15,Gains In Performance
2023-09-23,40,Glory Days,Gabby Barrett,37,14,
2023-09-23,41,Cab In A Solo,Scotty McCreery,40,4,Gains In Performance
2023-09-23,42,Tucson Too Late,Jordan Davis,41,4,Gains In Performance
2023-09-23,43,Rich Men North Of Richmond,Oliver Anthony Music,46,4,Gains In Performance
2023-09-23,44,I'm Not Pretty,Megan Moroney,43,6,Gains In Performance
2023-09-23,45,Giving Up On That,Dalton Dover,44,27,Gains In Performance
2023-09-23,46,Drive You Out Of My Mind,Kassi Ashton,42,24,Gains In Performance
2023-09-23,47,I Remember Everything,Zach Bryan Featuring Kacey Musgraves,60,2,Gains In Performance
2023-09-23,48,Outskirts,Sam Hunt,45,8,Gains In Performance
2023-09-23,49,Shoot Tequila,Tigirlily Gold,47,23,Gains In Performance
2023-09-23,50,Drinkin' Problems,Dillon Carmichael,49,10,Gains In Performance
2023-09-23,51,Somebody Else's Whiskey,Frank Ray,48,18,
2023-09-23,52,Love You Again,Chase Matthew,50,16,Gains In Performance
2023-09-23,53,Something's Gonna Kill Me,Corey Kent,53,7,Gains In Performance
2023-09-23,54,Marry That Girl,Easton Corbin,51,25,
2023-09-23,55,Something Real,Dierks Bentley,54,6,Gains In Performance
2023-09-23,56,Wine Country,Hannah Ellis,55,2,Gains In Performance
2023-09-23,57,Young Love & Saturday Nights,Chris Young,NEW,1,Gains In Performance
2023-09-23,58,Without You,Thompson Square,56,4,
2023-09-23,59,Dance With You,Brett Young,57,4,Gains In Performance
2023-09-23,60,Good With Me,Walker Hayes,59,3,Gains In Performance
2023-09-30,1,Religiously,Bailey Zimmerman,4,26,Greatest gainer this week|Gains In Performance
2023-09-30,2,Watermelon Moonshine,Lainey Wilson,5,18,Gains In Performance
2023-09-30,3,Fast Car,Luke Combs,2,23,
2023-09-30,4,Try That In A Small Town,Jason Aldean,8,18,Gains In Performance
2023-09-30,5,Need A Favor,Jelly Roll,3,36,
2023-09-30,6,Girl In Mine,Parmalee,10,56,Gains In Performance
2023-09-30,7,Last Night,Morgan Wallen,7,31,
2023-09-30,8,God Gave Me A Girl,Russell Dickerson,11,36,Gains In Performance
2023-09-30,9,Angels Don't Always Have Wings,Thomas Rhett,1,34,
2023-09-30,10,Stars Like Confetti,Dustin Lynch,13,35,Gains In Performance
2023-09-30,11,Thinkin' Bout Me,Morgan Wallen,14,20,Gains In Performance
2023-09-30,12,Everything I Love,Morgan Wallen,12,14,Gains In Performance
2023-09-30,13,Standing Room Only,Tim McGraw,15,28,Gains In Performance
2023-09-30,14,But I Got A Beer In My Hand,Luke Bryan,16,20,Gains In Performance
2023-09-30,15,Can't Have Mine,Dylan Scott,17,53,Gains In Performance
2023-09-30,16,Save Me The Trouble,Dan + Shay,18,10,Gains In Performance
2023-09-30,17,Mind On You,George Birge,20,43,Gains In Performance
2023-09-30,18,If You Go Down (I'm Goin' Down Too),Kelsea Ballerini,19,38,Gains In Performance
2023-09-30,19,All I Need Is You,Chris Janson,21,31,Gains In Performance
2023-09-30,20,White Horse,Chris Stapleton,22,9,Gains In Performance
2023-09-30,21,We Got History,Mitchell Tenpenny,24,42,Gains In Performance
2023-09-30,22,Light On In The Kitchen,Ashley McBryde,23,28,Gains In Performance
2023-09-30,23,23,Chayce Beckham,26,33,Gains In Performance
2023-09-30,24,Different 'Round Here,Riley Green Featuring Luke Combs,25,20,Gains In Performance
2023-09-30,25,World On Fire,Nate Smith,28,15,Gains In Performance
2023-09-30,26,Save Me,Jelly Roll With Lainey Wilson,30,17,Gains In Performance
2023-09-30,27,Creek Will Rise,Conner Smith,27,24,Gains In Performance
2023-09-30,28,Nobody's Nobody,Brothers Osborne,29,24,Gains In Performance
2023-09-30,29,Pretty Little Poison,Warren Zeiders,32,11,Gains In Performance
2023-09-30,30,Fearless (The Echo),Jackson Dean,33,34,Gains In Performance
2023-09-30,31,See You Next Summer,Brian Kelley,34,17,Gains In Performance
2023-09-30,32,Truck Bed,HARDY,36,19,Gains In Performance
2023-09-30,33,The Painter,Cody Johnson,37,6,Gains In Performance
2023-09-30,34,Burn It Down,Parker McCollum,35,16,Gains In Performance
2023-09-30,35,We Don't Fight Anymore,Carly Pearce Featuring Chris Stapleton,38,14,Gains In Performance
2023-09-30,36,I Remember Everything,Zach Bryan Featuring Kacey Musgraves,47,3,Gains In Performance
2023-09-30,37,Glory Days,Gabby Barrett,40,15,Gains In Performance
2023-09-30,38,Out Of That Truck,Carrie Underwood,39,16,
2023-09-30,39,Cab In A Solo,Scotty McCreery,41,5,Gains In Performance
2023-09-30,40,Rich Men North Of Richmond,Oliver Anthony Music,43,5,Gains In Performance
2023-09-30,41,Tucson Too Late,Jordan Davis,42,5,Gains In Performance
2023-09-30,42,I'm Not Pretty,Megan Moroney,44,7,Gains In Performance
2023-09-30,43,Giving Up On That,Dalton Dover,45,28,Gains In Performance
2023-09-30,44,Back Then Right Now,Tyler Hubbard,31,2,
2023-09-30,45,Drive You Out Of My Mind,Kassi Ashton,46,25,Gains In Performance
2023-09-30,46,Outskirts,Sam Hunt,48,9,Gains In Performance
2023-09-30,47,Shoot Tequila,Tigirlily Gold,49,24,Gains In Performance
2023-09-30,48,Love You Again,Chase Matthew,52,17,Gains In Performance
2023-09-30,49,Somebody Else's Whiskey,Frank Ray,51,19,Gains In Performance
2023-09-30,50,Drinkin' Problems,Dillon Carmichael,50,11,Gains In Performance
2023-09-30,51,Marry That Girl,Easton Corbin,54,26,Gains In Performance
2023-09-30,52,Something's Gonna Kill Me,Corey Kent,53,8,
2023-09-30,53,I Can Feel It,Kane Brown,NEW,1,Highest ranking debut|Gains In Performance
2023-09-30,54,Something Real,Dierks Bentley,55,7,Gains In Performance
2023-09-30,55,Wine Country,Hannah Ellis,56,3,Gains In Performance
2023-09-30,56,Young Love & Saturday Nights,Chris Young,57,2,Gains In Performance
2023-09-30,57,Spirits And Demons,Michael Ray Featuring Meghan Patrick,NEW,1,Gains In Performance
2023-09-30,58,Good With Me,Walker Hayes,60,4,Gains In Performance
2023-09-30,59,Dance With You,Brett Young,59,5,Gains In Performance
2023-09-30,60,Without You,Thompson Square,58,5,
2023-10-07,1,Watermelon Moonshine,Lainey Wilson,2,19,Gains In Performance
2023-10-07,2,Try That In A Small Town,Jason Aldean,4,19,Gains In Performance
2023-10-07,3,Girl In Mine,Parmalee,6,57,Gains In Performance
2023-10-07,4,Religiously,Bailey Zimmerman,1,27,
2023-10-07,5,Fast Car,Luke Combs,3,24,
2023-10-07,6,Need A Favor,Jelly Roll,5,37,Gains In Performance
2023-10-07,7,Thinkin' Bout Me,Morgan Wallen,11,21,Greatest gainer this week|Gains In Performance
2023-10-07,8,God Gave Me A Girl,Russell Dickerson,8,37,Gains In Performance
2023-10-07,9,Stars Like Confetti,Dustin Lynch,10,36,Gains In Performance
2023-10-07,10,Everything I Love,Morgan Wallen,12,15,Gains In Performance
2023-10-07,11,Standing Room Only,Tim McGraw,13,29,Gains In Performance
2023-10-07,12,Can't Have Mine,Dylan Scott,15,54,Gains In Performance
2023-10-07,13,But I Got A Beer In My Hand,Luke Bryan,14,21,Gains In Performance
2023-10-07,14,Save Me The Trouble,Dan + Shay,16,11,Gains In Performance
2023-10-07,15,Mind On You,George Birge,17,44,Gains In Performance
2023-10-07,16,All I Need Is You,Chris Janson,19,32,Gains In Performance
2023-10-07,17,If You Go Down (I'm Goin' Down Too),Kelsea Ballerini,18,39,Gains In Performance
2023-10-07,18,Save Me,Jelly Roll With Lainey Wilson,26,18,Gains In Performance
2023-10-07,19,White Horse,Chris Stapleton,20,10,Gains In Performance
2023-10-07,20,We Got History,Mitchell Tenpenny,21,43,Gains In Performance
2023-10-07,21,Different 'Round Here,Riley Green Featuring Luke Combs,24,21,Gains In Performance
2023-10-07,22,World On Fire,Nate Smith,25,16,Gains In Performance
2023-10-07,23,Light On In The Kitchen,Ashley McBryde,22,29,Gains In Performance
2023-10-07,24,23,Chayce Beckham,23,34,Gains In Performance
2023-10-07,25,Creek Will Rise,Conner Smith,27,25,Gains In Performance
2023-10-07,26,Nobody's Nobody,Brothers Osborne,28,25,Gains In Performance
2023-10-07,27,Pretty Little Poison,Warren Zeiders,29,12,Gains In Performance
2023-10-07,28,Fearless (The Echo),Jackson Dean,30,35,Gains In Performance
2023-10-07,29,Truck Bed,HARDY,32,20,Gains In Performance
2023-10-07,30,The Painter,Cody Johnson,33,7,Gains In Performance
2023-10-07,31,See You Next Summer,Brian Kelley,31,18,Gains In Performance
2023-10-07,32,I Can Feel It,Kane Brown,53,2,Gains In Performance
2023-10-07,33,I Remember Everything,Zach Bryan Featuring Kacey Musgraves,36,4,Gains In Performance
2023-10-07,34,Burn It Down,Parker McCollum,34,17,Gains In Performance
2023-10-07,35,Glory Days,Gabby Barrett,37,16,Gains In Performance
2023-10-07,36,We Don't Fight Anymore,Carly Pearce Featuring Chris Stapleton,35,15,Gains In Performance
2023-10-07,37,Cab In A Solo,Scotty McCreery,39,6,Gains In Performance
2023-10-07,38,Out Of That Truck,Carrie Underwood,38,17,Gains In Performance
2023-10-07,39,I'm Not Pretty,Megan Moroney,42,8,Gains In Performance
2023-10-07,40,Tucson Too Late,Jordan Davis,41,6,Gains In Performance
2023-10-07,41,Giving Up On That,Dalton Dover,43,29,Gains In Performance
2023-10-07,42,Back Then Right Now,Tyler Hubbard,44,3,Gains In Performance
2023-10-07,43,Rich Men North Of Richmond,Oliver Anthony Music,40,6,
2023-10-07,44,Drive You Out Of My Mind,Kassi Ashton,45,26,Gains In Performance
2023-10-07,45,Love You Again,Chase Matthew,48,18,Gains In Performance
2023-10-07,46,Outskirts,Sam Hunt,46,10,
2023-10-07,47,Drinkin' Problems,Dillon Carmichael,50,12,Gains In Performance
2023-10-07,48,Somebody Else's Whiskey,Frank Ray,49,20,Gains In Performance
2023-10-07,49,Something Real,Dierks Bentley,54,8,Gains In Performance
2023-10-07,50,Something's Gonna Kill Me,Corey Kent,52,9,Gains In Performance
2023-10-07,51,Young Love & Saturday Nights,Chris Young,56,3,Gains In Performance
2023-10-07,52,Wine Country,Hannah Ellis,55,4,Gains In Performance
2023-10-07,53,Marry That Girl,Easton Corbin,51,27,
2023-10-07,54,Can't Break Up Now,Old Dominion & Megan Moroney,NEW,1,Highest ranking debut|Gains In Performance
2023-10-07,55,Dance With You,Brett Young,59,6,Gains In Performance
2023-10-07,56,In Your Love,Tyler Childers,NEW,1,Gains In Performance
2023-10-07,57,Without You,Thompson Square,60,6,Gains In Performance
2023-10-07,58,Make You Mine,MaRynn Taylor,NEW,1,Gains In Performance
2023-10-07,59,Good With Me,Walker Hayes,58,5,Gains In Performance
2023-10-07,60,Spirits And Demons,Michael Ray Featuring Meghan Patrick,57,2,
2023-10-14,1,Watermelon Moonshine,Lainey Wilson,1,20,Gains In Performance
2023-10-14,2,Try That In A Small Town,Jason Aldean,2,20,Gains In Performance
2023-10-14,3,Thinkin' Bout Me,Morgan Wallen,7,22,Greatest gainer this week|Gains In Performance
2023-10-14,4,Fast Car,Luke Combs,5,25,
2023-10-14,5,God Gave Me A Girl,Russell Dickerson,8,38,Gains In Performance
2023-10-14,6,Need A Favor,Jelly Roll,6,38,
2023-10-14,7,Stars Like Confetti,Dustin Lynch,9,37,Gains In Performance
2023-10-14,8,Religiously,Bailey Zimmerman,4,28,
2023-10-14,9,Girl In Mine,Parmalee,3,58,
2023-10-14,10,Standing Room Only,Tim McGraw,11,30,Gains In Performance
2023-10-14,11,Can't Have Mine,Dylan Scott,12,55,Gains In Performance
2023-10-14,12,Everything I Love,Morgan Wallen,10,16,Gains In Performance
2023-10-14,13,But I Got A Beer In My Hand,Luke Bryan,13,22,Gains In Performance
2023-10-14,14,Save Me The Trouble,Dan + Shay,14,12,Gains In Performance
2023-10-14,15,Mind On You,George Birge,15,45,Gains In Performance
2023-10-14,16,Save Me,Jelly Roll With Lainey Wilson,18,19,Gains In Performance
2023-10-14,17,All I Need Is You,Chris Janson,16,33,Gains In Performance
2023-10-14,18,If You Go Down (I'm Goin' Down Too),Kelsea Ballerini,17,40,Gains In Performance
2023-10-14,19,White Horse,Chris Stapleton,19,11,Gains In Performance
2023-10-14,20,We Got History,Mitchell Tenpenny,20,44,Gains In Performance
2023-10-14,21,World On Fire,Nate Smith,22,17,Gains In Performance
2023-10-14,22,Different 'Round Here,Riley Green Featuring Luke Combs,21,22,Gains In Performance
2023-10-14,23,23,Chayce Beckham,24,35,Gains In Performance
2023-10-14,24,Creek Will Rise,Conner Smith,25,26,Gains In Performance
2023-10-14,25,Light On In The Kitchen,Ashley McBryde,23,30,
2023-10-14,26,Pretty Little Poison,Warren Zeiders,27,13,Gains In Performance
2023-10-14,27,Nobody's Nobody,Brothers Osborne,26,26,
2023-10-14,28,The Painter,Cody Johnson,30,8,Gains In Performance
2023-10-14,29,Fearless (The Echo),Jackson Dean,28,36,Gains In Performance
2023-10-14,30,Truck Bed,HARDY,29,21,Gains In Performance
2023-10-14,31,I Can Feel It,Kane Brown,32,3,Gains In Performance
2023-10-14,32,I Remember Everything,Zach Bryan Featuring Kacey Musgraves,33,5,Gains In Performance
2023-10-14,33,See You Next Summer,Brian Kelley,31,19,Gains In Performance
2023-10-14,34,Burn It Down,Parker McCollum,34,18,Gains In Performance
2023-10-14,35,Cab In A Solo,Scotty McCreery,37,7,Gains In Performance
2023-10-14,36,Glory Days,Gabby Barrett,35,17,
2023-10-14,37,Out Of That Truck,Carrie Underwood,38,18,Gains In Performance
2023-10-14,38,We Don't Fight Anymore,Carly Pearce Featuring Chris Stapleton,36,16,
2023-10-14,39,I'm Not Pretty,Megan Moroney,39,9,Gains In Performance
2023-10-14,40,Back Then Right Now,Tyler Hubbard,42,4,Gains In Performance
2023-10-14,41,Mamaw's House,Thomas Rhett Featuring Morgan Wallen,NEW,1,Highest ranking debut|Gains In Performance
2023-10-14,42,Tucson Too Late,Jordan Davis,40,7,Gains In Performance
2023-10-14,43,Giving Up On That,Dalton Dover,41,30,Gains In Performance
2023-10-14,44,Love You Again,Chase Matthew,45,19,Gains In Performance
2023-10-14,45,Outskirts,Sam Hunt,46,11,Gains In Performance
2023-10-14,46,Drive You Out Of My Mind,Kassi Ashton,44,27,
2023-10-14,47,Drinkin' Problems,Dillon Carmichael,47,13,
2023-10-14,48,Somebody Else's Whiskey,Frank Ray,48,21,
2023-10-14,49,Young Love & Saturday Nights,Chris Young,51,4,Gains In Performance
2023-10-14,50,Rich Men North Of Richmond,Oliver Anthony Music,43,7,
2023-10-14,51,Something's Gonna Kill Me,Corey Kent,50,10,Gains In Performance
2023-10-14,52,Something Real,Dierks Bentley,49,9,Gains In Performance
2023-10-14,53,Can't Break Up Now,Old Dominion & Megan Moroney,54,2,Gains In Performance
2023-10-14,54,Where It Ends,Bailey Zimmerman,NEW,1,Gains In Performance
2023-10-14,55,Marry That Girl,Easton Corbin,53,28,Gains In Performance
2023-10-14,56,Wine Country,Hannah Ellis,52,5,Gains In Performance
2023-10-14,57,Dance With You,Brett Young,55,7,Gains In Performance
2023-10-14,58,Spirits And Demons,Michael Ray Featuring Meghan Patrick,60,3,Gains In Performance
2023-10-14,59,We Ride,Bryan Martin,NEW,1,Gains In Performance
2023-10-14,60,In Your Love,Tyler Childers,56,2,Gains In Performance
2023-10-21,1,Watermelon Moonshine,Lainey Wilson,1,21,Gains In Performance
2023-10-21,2,Thinkin' Bout Me,Morgan Wallen,3,23,Gains In Performance
2023-10-21,3,Try That In A Small Town,Jason Aldean,2,21,Gains In Performance
2023-10-21,4,God Gave Me A Girl,Russell Dickerson,5,39,Gains In Performance
2023-10-21,5,Fast Car,Luke Combs,4,26,
2023-10-21,6,Stars Like Confetti,Dustin Lynch,7,38,Gains In Performance
2023-10-21,7,Need A Favor,Jelly Roll,6,39,
2023-10-21,8,Standing Room Only,Tim McGraw,10,31,Gains In Performance
2023-10-21,9,Can't Have Mine,Dylan Scott,11,56,Gains In Performance
2023-10-21,10,Everything I Love,Morgan Wallen,12,17,Gains In Performance
2023-10-21,11,But I Got A Beer In My Hand,Luke Bryan,13,23,Gains In Performance
2023-10-21,12,Save Me,Jelly Roll With Lainey Wilson,16,20,Greatest gainer this week|Gains In Performance
2023-10-21,13,Save Me The Trouble,Dan + Shay,14,13,Gains In Performance
2023-10-21,14,Mind On You,George Birge,15,46,Gains In Performance
2023-10-21,15,All I Need Is You,Chris Janson,17,34,Gains In Performance
2023-10-21,16,White Horse,Chris Stapleton,19,12,Gains In Performance
2023-10-21,17,If You Go Down (I'm Goin' Down Too),Kelsea Ballerini,18,41,Gains In Performance
2023-10-21,18,We Got History,Mitchell Tenpenny,20,45,Gains In Performance
2023-10-21,19,World On Fire,Nate Smith,21,18,Gains In Performance
2023-10-21,20,Different 'Round Here,Riley Green Featuring Luke Combs,22,23,Gains In Performance
2023-10-21,21,23,Chayce Beckham,23,36,Gains In Performance
2023-10-21,22,Creek Will Rise,Conner Smith,24,27,Gains In Performance
2023-10-21,23,Light On In The Kitchen,Ashley McBryde,25,31,
2023-10-21,24,Pretty Little Poison,Warren Zeiders,26,14,Gains In Performance
2023-10-21,25,Nobody's Nobody,Brothers Osborne,27,27,Gains In Performance
2023-10-21,26,The Painter,Cody Johnson,28,9,Gains In Performance
2023-10-21,27,Truck Bed,HARDY,30,22,Gains In Performance
2023-10-21,28,I Can Feel It,Kane Brown,31,4,Gains In Performance
2023-10-21,29,Fearless (The Echo),Jackson Dean,29,37,Gains In Performance
2023-10-21,30,I Remember Everything,Zach Bryan Featuring Kacey Musgraves,32,6,Gains In Performance
2023-10-21,31,Burn It Down,Parker McCollum,34,19,Gains In Performance
2023-10-21,32,See You Next Summer,Brian Kelley,33,20,
2023-10-21,33,Glory Days,Gabby Barrett,36,18,Gains In Performance
2023-10-21,34,Cab In A Solo,Scotty McCreery,35,8,Gains In Performance
2023-10-21,35,Tucson Too Late,Jordan Davis,42,8,Gains In Performance
2023-10-21,36,We Don't Fight Anymore,Carly Pearce Featuring Chris Stapleton,38,17,Gains In Performance
2023-10-21,37,Mamaw's House,Thomas Rhett Featuring Morgan Wallen,41,2,Gains In Performance
2023-10-21,38,Back Then Right Now,Tyler Hubbard,40,5,Gains In Performance
2023-10-21,39,Out Of That Truck,Carrie Underwood,37,19,
2023-10-21,40,I'm Not Pretty,Megan Moroney,39,10,Gains In Performance
2023-10-21,41,Love You Again,Chase Matthew,44,20,Gains In Performance
2023-10-21,42,Giving Up On That,Dalton Dover,43,31,
2023-10-21,43,Outskirts,Sam Hunt,45,12,Gains In Performance
2023-10-21,44,Drive You Out Of My Mind,Kassi Ashton,46,28,Gains In Performance
2023-10-21,45,Young Love & Saturday Nights,Chris Young,49,5,Gains In Performance
2023-10-21,46,Can't Break Up Now,Old Dominion & Megan Moroney,53,3,Gains In Performance
2023-10-21,47,Something's Gonna Kill Me,Corey Kent,51,11,Gains In Performance
2023-10-21,48,Drinkin' Problems,Dillon Carmichael,47,14,Gains In Performance
2023-10-21,49,Where It Ends,Bailey Zimmerman,54,2,Gains In Performance
2023-10-21,50,Somebody Else's Whiskey,Frank Ray,48,22,
2023-10-21,51,Spirits And Demons,Michael Ray Featuring Meghan Patrick,58,4,Gains In Performance
2023-10-21,52,Marry That Girl,Easton Corbin,55,29,Gains In Performance
2023-10-21,53,Something Real,Dierks Bentley,52,10,
2023-10-21,54,We Ride,Bryan Martin,59,2,Gains In Performance
2023-10-21,55,In Your Love,Tyler Childers,60,3,Gains In Performance
2023-10-21,56,Dance With You,Brett Young,57,8,
2023-10-21,57,Wine Country,Hannah Ellis,56,6,
2023-10-21,58,Where The Wild Things Are,Luke Combs,NEW,1,Highest ranking debut|Gains In Performance
2023-10-21,59,Good With Me,Walker Hayes,RE,6,Gains In Performance
2023-10-21,60,Brokenhearted,Joe Nichols,RE,2,Gains In Performance
2023-10-28,1,Thinkin' Bout Me,Morgan Wallen,2,24,Gains In Performance
2023-10-28,2,Try That In A Small Town,Jason Aldean,3,22,Gains In Performance
2023-10-28,3,Watermelon Moonshine,Lainey Wilson,1,22,
2023-10-28,4,God Gave Me A Girl,Russell Dickerson,4,40,Gains In Performance
2023-10-28,5,Stars Like Confetti,Dustin Lynch,6,39,Gains In Performance
2023-10-28,6,Fast Car,Luke Combs,5,27,
2023-10-28,7,Can't Have Mine,Dylan Scott,9,57,Gains In Performance
2023-10-28,8,Standing Room Only,Tim McGraw,8,32,Gains In Performance
2023-10-28,9,Everything I Love,Morgan Wallen,10,18,Gains In Performance
2023-10-28,10,Save Me,Jelly Roll With Lainey Wilson,12,21,Gains In Performance
2023-10-28,11,But I Got A Beer In My Hand,Luke Bryan,11,24,Gains In Performance
2023-10-28,12,Mind On You,George Birge,14,47,Gains In Performance
2023-10-28,13,Save Me The Trouble,Dan + Shay,13,14,Gains In Performance
2023-10-28,14,All I Need Is You,Chris Janson,15,35,Gains In Performance
2023-10-28,15,World On Fire,Nate Smith,19,19,Gains In Performance
2023-10-28,16,White Horse,Chris Stapleton,16,13,Gains In Performance
2023-10-28,17,We Got History,Mitchell Tenpenny,18,46,Gains In Performance
2023-10-28,18,If You Go Down (I'm Goin' Down Too),Kelsea Ballerini,17,42,
2023-10-28,19,Different 'Round Here,Riley Green Featuring Luke Combs,20,24,Gains In Performance
2023-10-28,20,23,Chayce Beckham,21,37,Gains In Performance
2023-10-28,21,Creek Will Rise,Conner Smith,22,28,Gains In Performance
2023-10-28,22,Light On In The Kitchen,Ashley McBryde,23,32,Gains In Performance
2023-10-28,23,Pretty Little Poison,Warren Zeiders,24,15,Gains In Performance
2023-10-28,24,The Painter,Cody Johnson,26,10,Gains In Performance
2023-10-28,25,Nobody's Nobody,Brothers Osborne,25,28,
2023-10-28,26,I Can Feel It,Kane Brown,28,5,Gains In Performance
2023-10-28,27,Truck Bed,HARDY,27,23,Gains In Performance
2023-10-28,28,Cowboys And Plowboys,Jon Pardi & Luke Bryan,NEW,1,Highest ranking debut|Gains In Performance
2023-10-28,29,Fearless (The Echo),Jackson Dean,29,38,Gains In Performance
2023-10-28,30,Tucson Too Late,Jordan Davis,35,9,Gains In Performance
2023-10-28,31,See You Next Summer,Brian Kelley,32,21,Gains In Performance
2023-10-28,32,Burn It Down,Parker McCollum,31,20,
2023-10-28,33,I Remember Everything,Zach Bryan Featuring Kacey Musgraves,30,7,
2023-10-28,34,Mamaw's House,Thomas Rhett Featuring Morgan Wallen,37,3,Gains In Performance
2023-10-28,35,Glory Days,Gabby Barrett,33,19,Gains In Performance
2023-10-28,36,Cab In A Solo,Scotty McCreery,34,9,Gains In Performance
2023-10-28,37,We Don't Fight Anymore,Carly Pearce Featuring Chris Stapleton,36,18,Gains In Performance
2023-10-28,38,I'm Not Pretty,Megan Moroney,40,11,Gains In Performance
2023-10-28,39,Out Of That Truck,Carrie Underwood,39,20,Gains In Performance
2023-10-28,40,Back Then Right Now,Tyler Hubbard,38,6,
2023-10-28,41,Where The Wild Things Are,Luke Combs,58,2,Gains In Performance
2023-10-28,42,Outskirts,Sam Hunt,43,13,Gains In Performance
2023-10-28,43,Love You Again,Chase Matthew,41,21,
2023-10-28,44,Drive You Out Of My Mind,Kassi Ashton,44,29,
2023-10-28,45,Giving Up On That,Dalton Dover,42,32,
2023-10-28,46,Young Love & Saturday Nights,Chris Young,45,6,Gains In Performance
2023-10-28,47,Drinkin' Problems,Dillon Carmichael,48,15,Gains In Performance
2023-10-28,48,Something's Gonna Kill Me,Corey Kent,47,12,Gains In Performance
2023-10-28,49,Where It Ends,Bailey Zimmerman,49,3,Gains In Performance
2023-10-28,50,We Ride,Bryan Martin,54,3,Gains In Performance
2023-10-28,51,Can't Break Up Now,Old Dominion & Megan Moroney,46,4,
2023-10-28,52,Spirits And Demons,Michael Ray Featuring Meghan Patrick,51,5,
2023-10-28,53,In Your Love,Tyler Childers,55,4,Gains In Performance
2023-10-28,54,Marry That Girl,Easton Corbin,52,30,
2023-10-28,55,Something Real,Dierks Bentley,53,11,
2023-10-28,56,Wine Country,Hannah Ellis,57,7,
2023-10-28,57,Dance With You,Brett Young,56,9,
2023-10-28,58,Brokenhearted,Joe Nichols,60,3,Gains In Performance
2023-10-28,59,Good With Me,Walker Hayes,59,7,
2023-10-28,60,I'm In Love,Hailey Whitters,NEW,1,Gains In Performance
2023-11-04,1,Thinkin' Bout Me,Morgan Wallen,1,25,Gains In Performance
2023-11-04,2,Try That In A Small Town,Jason Aldean,2,23,
2023-11-04,3,God Gave Me A Girl,Russell Dickerson,4,41,Gains In Performance
2023-11-04,4,Stars Like Confetti,Dustin Lynch,5,40,Gains In Performance
2023-11-04,5,Fast Car,Luke Combs,6,28,
2023-11-04,6,Can't Have Mine,Dylan Scott,7,58,Gains In Performance
2023-11-04,7,Watermelon Moonshine,Lainey Wilson,3,23,
2023-11-04,8,Save Me,Jelly Roll With Lainey Wilson,10,22,Gains In Performance
2023-11-04,9,Everything I Love,Morgan Wallen,9,19,Gains In Performance
2023-11-04,10,Standing Room Only,Tim McGraw,8,33,Gains In Performance
2023-11-04,11,But I Got A Beer In My Hand,Luke Bryan,11,25,
2023-11-04,12,Save Me The Trouble,Dan + Shay,13,15,Gains In Performance
2023-11-04,13,Mind On You,George Birge,12,48,Gains In Performance
2023-11-04,14,All I Need Is You,Chris Janson,14,36,Gains In Performance
2023-11-04,15,World On Fire,Nate Smith,15,20,Gains In Performance
2023-11-04,16,White Horse,Chris Stapleton,16,14,Gains In Performance
2023-11-04,17,We Got History,Mitchell Tenpenny,17,47,Gains In Performance
2023-11-04,18,Different 'Round Here,Riley Green Featuring Luke Combs,19,25,Gains In Performance
2023-11-04,19,If You Go Down (I'm Goin' Down Too),Kelsea Ballerini,18,43,Gains In Performance
2023-11-04,20,23,Chayce Beckham,20,38,Gains In Performance
2023-11-04,21,Creek Will Rise,Conner Smith,21,29,Gains In Performance
2023-11-04,22,Pretty Little Poison,Warren Zeiders,23,16,Gains In Performance
2023-11-04,23,Light On In The Kitchen,Ashley McBryde,22,33,
2023-11-04,24,The Painter,Cody Johnson,24,11,Gains In Performance
2023-11-04,25,I Can Feel It,Kane Brown,26,6,Gains In Performance
2023-11-04,26,Nobody's Nobody,Brothers Osborne,25,29,Gains In Performance
2023-11-04,27,Truck Bed,HARDY,27,24,Gains In Performance
2023-11-04,28,Fearless (The Echo),Jackson Dean,29,39,Gains In Performance
2023-11-04,29,Where The Wild Things Are,Luke Combs,41,3,Gains In Performance
2023-11-04,30,Tucson Too Late,Jordan Davis,30,10,Gains In Performance
2023-11-04,31,Burn It Down,Parker McCollum,32,21,Gains In Performance
2023-11-04,32,See You Next Summer,Brian Kelley,31,22,Gains In Performance
2023-11-04,33,Mamaw's House,Thomas Rhett Featuring Morgan Wallen,34,4,Gains In Performance
2023-11-04,34,Glory Days,Gabby Barrett,35,20,Gains In Performance
2023-11-04,35,I Remember Everything,Zach Bryan Featuring Kacey Musgraves,33,8,
2023-11-04,36,Cab In A Solo,Scotty McCreery,36,10,Gains In Performance
2023-11-04,37,We Don't Fight Anymore,Carly Pearce Featuring Chris Stapleton,37,19,Gains In Performance
2023-11-04,38,Out Of That Truck,Carrie Underwood,39,21,Gains In Performance
2023-11-04,39,I'm Not Pretty,Megan Moroney,38,12,Gains In Performance
2023-11-04,40,Back Then Right Now,Tyler Hubbard,40,7,Gains In Performance
2023-11-04,41,Outskirts,Sam Hunt,42,14,Gains In Performance
2023-11-04,42,Love You Again,Chase Matthew,43,22,Gains In Performance
2023-11-04,43,Drive You Out Of My Mind,Kassi Ashton,44,30,Gains In Performance
2023-11-04,44,Young Love & Saturday Nights,Chris Young,46,7,Gains In Performance
2023-11-04,45,Cowboys And Plowboys,Jon Pardi & Luke Bryan,28,2,
2023-11-04,46,Something's Gonna Kill Me,Corey Kent,48,13,Gains In Performance
2023-11-04,47,Drinkin' Problems,Dillon Carmichael,47,16,Gains In Performance
2023-11-04,48,Where It Ends,Bailey Zimmerman,49,4,Gains In Performance
2023-11-04,49,Spirits And Demons,Michael Ray Featuring Meghan Patrick,52,6,Gains In Performance
2023-11-04,50,Can't Break Up Now,Old Dominion & Megan Moroney,51,5,Gains In Performance
2023-11-04,51,We Ride,Bryan Martin,50,4,
2023-11-04,52,In Your Love,Tyler Childers,53,5,Gains In Performance
2023-11-04,53,Marry That Girl,Easton Corbin,54,31,Gains In Performance
2023-11-04,54,Dance With You,Brett Young,57,10,
2023-11-04,55,Wine Country,Hannah Ellis,56,8,
2023-11-04,56,Good With Me,Walker Hayes,59,8,
2023-11-04,57,She's Somebody's Daughter (Reimagined),Drew Baldridge,NEW,1,Highest ranking debut|Gains In Performance
2023-11-04,58,Thicc As Thieves,Lauren Alaina,NEW,1,Gains In Performance
2023-11-04,59,Brokenhearted,Joe Nichols,58,4,
2023-11-04,60,I'm In Love,Hailey Whitters,60,2,
2023-11-11,1,Thinkin' Bout Me,Morgan Wallen,1,26,Gains In Performance
2023-11-11,2,God Gave Me A Girl,Russell Dickerson,3,42,Greatest gainer this week|Gains In Performance
2023-11-11,3,Try That In A Small Town,Jason Aldean,2,24,
2023-11-11,4,Stars Like Confetti,Dustin Lynch,4,41,Gains In Performance
2023-11-11,5,Can't Have Mine,Dylan Scott,6,59,Gains In Performance
2023-11-11,6,Save Me,Jelly Roll With Lainey Wilson,8,23,Gains In Performance
2023-11-11,7,Fast Car,Luke Combs,5,29,
2023-11-11,8,Standing Room Only,Tim McGraw,10,34,Gains In Performance
2023-11-11,9,Everything I Love,Morgan Wallen,9,20,Gains In Performance
2023-11-11,10,But I Got A Beer In My Hand,Luke Bryan,11,26,Gains In Performance
2023-11-11,11,Mind On You,George Birge,13,49,Gains In Performance
2023-11-11,12,Save Me The Trouble,Dan + Shay,12,16,Gains In Performance
2023-11-11,13,World On Fire,Nate Smith,15,21,Gains In Performance
2023-11-11,14,All I Need Is You,Chris Janson,14,37,Gains In Performance
2023-11-11,15,We Got History,Mitchell Tenpenny,17,48,Gains In Performance
2023-11-11,16,White Horse,Chris Stapleton,16,15,Gains In Performance
2023-11-11,17,Different 'Round Here,Riley Green Featuring Luke Combs,18,26,Gains In Performance
2023-11-11,18,If You Go Down (I'm Goin' Down Too),Kelsea Ballerini,19,44,Gains In Performance
2023-11-11,19,23,Chayce Beckham,20,39,Gains In Performance
2023-11-11,20,Pretty Little Poison,Warren Zeiders,22,17,Gains In Performance
2023-11-11,21,Creek Will Rise,Conner Smith,21,30,Gains In Performance
2023-11-11,22,Light On In The Kitchen,Ashley McBryde,23,34,Gains In Performance
2023-11-11,23,The Painter,Cody Johnson,24,12,Gains In Performance
2023-11-11,24,Where The Wild Things Are,Luke Combs,29,4,Gains In Performance
2023-11-11,25,Truck Bed,HARDY,27,25,Gains In Performance
2023-11-11,26,I Can Feel It,Kane Brown,25,7,Gains In Performance
2023-11-11,27,Nobody's Nobody,Brothers Osborne,26,30,Gains In Performance
2023-11-11,28,Burn It Down,Parker McCollum,31,22,Gains In Performance
2023-11-11,29,Fearless (The Echo),Jackson Dean,28,40,Gains In Performance
2023-11-11,30,Tucson Too Late,Jordan Davis,30,11,Gains In Performance
2023-11-11,31,See You Next Summer,Brian Kelley,32,23,Gains In Performance
2023-11-11,32,I Remember Everything,Zach Bryan Featuring Kacey Musgraves,35,9,Gains In Performance
2023-11-11,33,Mamaw's House,Thomas Rhett Featuring Morgan Wallen,33,5,Gains In Performance
2023-11-11,34,We Don't Fight Anymore,Carly Pearce Featuring Chris Stapleton,37,20,Gains In Performance
2023-11-11,35,Glory Days,Gabby Barrett,34,21,Gains In Performance
2023-11-11,36,Cab In A Solo,Scotty McCreery,36,11,Gains In Performance
2023-11-11,37,I'm Not Pretty,Megan Moroney,39,13,Gains In Performance
2023-11-11,38,Out Of That Truck,Carrie Underwood,38,22,Gains In Performance
2023-11-11,39,Back Then Right Now,Tyler Hubbard,40,8,Gains In Performance
2023-11-11,40,Outskirts,Sam Hunt,41,15,Gains In Performance
2023-11-11,41,Love You Again,Chase Matthew,42,23,Gains In Performance
2023-11-11,42,Drive You Out Of My Mind,Kassi Ashton,43,31,Gains In Performance
2023-11-11,43,Cowboys And Plowboys,Jon Pardi & Luke Bryan,45,3,Gains In Performance
2023-11-11,44,Young Love & Saturday Nights,Chris Young,44,8,Gains In Performance
2023-11-11,45,Drinkin' Problems,Dillon Carmichael,47,17,Gains In Performance
2023-11-11,46,Where It Ends,Bailey Zimmerman,48,5,Gains In Performance
2023-11-11,47,Something's Gonna Kill Me,Corey Kent,46,14,Gains In Performance
2023-11-11,48,Spirits And Demons,Michael Ray Featuring Meghan Patrick,49,7,Gains In Performance
2023-11-11,49,Can't Break Up Now,Old Dominion & Megan Moroney,50,6,Gains In Performance
2023-11-11,50,We Ride,Bryan Martin,51,5,Gains In Performance
2023-11-11,51,In Your Love,Tyler Childers,52,6,Gains In Performance
2023-11-11,52,Wine Country,Hannah Ellis,55,9,Gains In Performance
2023-11-11,53,Dance With You,Brett Young,54,11,Gains In Performance
2023-11-11,54,Thicc As Thieves,Lauren Alaina,58,2,Gains In Performance
2023-11-11,55,I'm In Love,Hailey Whitters,60,3,Gains In Performance
2023-11-11,56,Brokenhearted,Joe Nichols,59,5,Gains In Performance
2023-11-11,57,Find Another Bar,Chris Lane,NEW,1,Highest ranking debut|Gains In Performance
2023-11-11,58,Good With Me,Walker Hayes,56,9,
2023-11-11,59,She's Somebody's Daughter (Reimagined),Drew Baldridge,57,2,
2023-11-11,60,Cancel,Randy Houser,NEW,1,Gains In Performance
2023-11-18,1,Thinkin' Bout Me,Morgan Wallen,1,27,
2023-11-18,2,Stars Like Confetti,Dustin Lynch,4,42,Gains In Performance
2023-11-18,3,God Gave Me A Girl,Russell Dickerson,2,43,
2023-11-18,4,Save Me,Jelly Roll With Lainey Wilson,6,24,Gains In Performance
2023-11-18,5,Can't Have Mine,Dylan Scott,5,60,Gains In Performance
2023-11-18,6,Try That In A Small Town,Jason Aldean,3,25,
2023-11-18,7,Standing Room Only,Tim McGraw,8,35,Gains In Performance
2023-11-18,8,Everything I Love,Morgan Wallen,9,21,Gains In Performance
2023-11-18,9,But I Got A Beer In My Hand,Luke Bryan,10,27,Gains In Performance
2023-11-18,10,Mind On You,George Birge,11,50,Gains In Performance
2023-11-18,11,Save Me The Trouble,Dan + Shay,12,17,Gains In Performance
2023-11-18,12,World On Fire,Nate Smith,13,22,Gains In Performance
2023-11-18,13,All I Need Is You,Chris Janson,14,38,Gains In Performance
2023-11-18,14,Different 'Round Here,Riley Green Featuring Luke Combs,17,27,Gains In Performance
2023-11-18,15,White Horse,Chris Stapleton,16,16,Gains In Performance
2023-11-18,16,We Got History,Mitchell Tenpenny,15,49,Gains In Performance
2023-11-18,17,If You Go Down (I'm Goin' Down Too),Kelsea Ballerini,18,45,Gains In Performance
2023-11-18,18,Creek Will Rise,Conner Smith,21,31,Gains In Performance
2023-11-18,19,Pretty Little Poison,Warren Zeiders,20,18,Gains In Performance
2023-11-18,20,23,Chayce Beckham,19,40,
2023-11-18,21,Where The Wild Things Are,Luke Combs,24,5,Gains In Performance
2023-11-18,22,The Painter,Cody Johnson,23,13,Gains In Performance
2023-11-18,23,Light On In The Kitchen,Ashley McBryde,22,35,
2023-11-18,24,I Can Feel It,Kane Brown,26,8,Gains In Performance
2023-11-18,25,Truck Bed,HARDY,25,26,Gains In Performance
2023-11-18,26,Rodeo Man,Garth Brooks & Ronnie Dunn,NEW,1,Highest ranking debut|Gains In Performance
2023-11-18,27,Burn It Down,Parker McCollum,28,23,Gains In Performance
2023-11-18,28,Fearless (The Echo),Jackson Dean,29,41,Gains In Performance
2023-11-18,29,Nobody's Nobody,Brothers Osborne,27,31,
2023-11-18,30,Tucson Too Late,Jordan Davis,30,12,Gains In Performance
2023-11-18,31,Mamaw's House,Thomas Rhett Featuring Morgan Wallen,33,6,Gains In Performance
2023-11-18,32,See You Next Summer,Brian Kelley,31,24,Gains In Performance
2023-11-18,33,We Don't Fight Anymore,Carly Pearce Featuring Chris Stapleton,34,21,Gains In Performance
2023-11-18,34,Glory Days,Gabby Barrett,35,22,Gains In Performance
2023-11-18,35,Cab In A Solo,Scotty McCreery,36,12,Gains In Performance
2023-11-18,36,I Remember Everything,Zach Bryan Featuring Kacey Musgraves,32,10,
2023-11-18,37,Out Of That Truck,Carrie Underwood,38,23,Gains In Performance
2023-11-18,38,I'm Not Pretty,Megan Moroney,37,14,Gains In Performance
2023-11-18,39,Back Then Right Now,Tyler Hubbard,39,9,
2023-11-18,40,Outskirts,Sam Hunt,40,16,Gains In Performance
2023-11-18,41,Love You Again,Chase Matthew,41,24,Gains In Performance
2023-11-18,42,Young Love & Saturday Nights,Chris Young,44,9,Gains In Performance
2023-11-18,43,Drive You Out Of My Mind,Kassi Ashton,42,32,
2023-11-18,44,Cowboys And Plowboys,Jon Pardi & Luke Bryan,43,4,
2023-11-18,45,Drinkin' Problems,Dillon Carmichael,45,18,
2023-11-18,46,Something's Gonna Kill Me,Corey Kent,47,15,Gains In Performance
2023-11-18,47,Spirits And Demons,Michael Ray Featuring Meghan Patrick,48,8,Gains In Performance
2023-11-18,48,Where It Ends,Bailey Zimmerman,46,6,
2023-11-18,49,We Ride,Bryan Martin,50,6,Gains In Performance
2023-11-18,50,Can't Break Up Now,Old Dominion & Megan Moroney,49,7,Gains In Performance
2023-11-18,51,Dance With You,Brett Young,53,12,Gains In Performance
2023-11-18,52,In Your Love,Tyler Childers,51,7,Gains In Performance
2023-11-18,53,Wine Country,Hannah Ellis,52,10,Gains In Performance
2023-11-18,54,Pickup Man,Joe Diffie Featuring Post Malone,NEW,1,Gains In Performance
2023-11-18,55,Thicc As Thieves,Lauren Alaina,54,3,Gains In Performance
2023-11-18,56,I'm In Love,Hailey Whitters,55,4,Gains In Performance
2023-11-18,57,Brokenhearted,Joe Nichols,56,6,Gains In Performance
2023-11-18,58,Find Another Bar,Chris Lane,57,2,Gains In Performance
2023-11-18,59,Man Made A Bar,Morgan Wallen Featuring Eric Church,RE,2,Gains In Performance
2023-11-18,60,Gonna Love You,Parmalee,NEW,1,Gains In Performance
2023-11-25,1,Thinkin' Bout Me,Morgan Wallen,1,28,
2023-11-25,2,Standing Room Only,Tim McGraw,7,36,Gains In Performance
2023-11-25,3,Save Me,Jelly Roll With Lainey Wilson,4,25,Gains In Performance
2023-11-25,4,Can't Have Mine,Dylan Scott,5,61,Gains In Performance
2023-11-25,5,Stars Like Confetti,Dustin Lynch,2,43,
2023-11-25,6,Everything I Love,Morgan Wallen,8,22,Gains In Performance
2023-11-25,7,Mind On You,George Birge,10,51,Gains In Performance
2023-11-25,8,Save Me The Trouble,Dan + Shay,11,18,Gains In Performance
2023-11-25,9,World On Fire,Nate Smith,12,23,Gains In Performance
2023-11-25,10,But I Got A Beer In My Hand,Luke Bryan,9,28,Gains In Performance
2023-11-25,11,White Horse,Chris Stapleton,15,17,Gains In Performance
2023-11-25,12,All I Need Is You,Chris Janson,13,39,Gains In Performance
2023-11-25,13,Different 'Round Here,Riley Green Featuring Luke Combs,14,28,Gains In Performance
2023-11-25,14,We Got History,Mitchell Tenpenny,16,50,Gains In Performance
2023-11-25,15,Pretty Little Poison,Warren Zeiders,19,19,Gains In Performance
2023-11-25,16,Take Her Home,Kenny Chesney,NEW,1,Highest ranking debut|Gains In Performance
2023-11-25,17,Creek Will Rise,Conner Smith,18,32,Gains In Performance
2023-11-25,18,23,Chayce Beckham,20,41,Gains In Performance
2023-11-25,19,Where The Wild Things Are,Luke Combs,21,6,Gains In Performance
2023-11-25,20,The Painter,Cody Johnson,22,14,Gains In Performance
2023-11-25,21,I Can Feel It,Kane Brown,24,9,Gains In Performance
2023-11-25,22,Truck Bed,HARDY,25,27,Gains In Performance
2023-11-25,23,Fearless (The Echo),Jackson Dean,28,42,Gains In Performance
2023-11-25,24,Burn It Down,Parker McCollum,27,24,Gains In Performance
2023-11-25,25,Nobody's Nobody,Brothers Osborne,29,32,
2023-11-25,26,Mamaw's House,Thomas Rhett Featuring Morgan Wallen,31,7,Gains In Performance
2023-11-25,27,Tucson Too Late,Jordan Davis,30,13,Gains In Performance
2023-11-25,28,See You Next Summer,Brian Kelley,32,25,
2023-11-25,29,We Don't Fight Anymore,Carly Pearce Featuring Chris Stapleton,33,22,Gains In Performance
2023-11-25,30,Glory Days,Gabby Barrett,34,23,
2023-11-25,31,Cab In A Solo,Scotty McCreery,35,13,Gains In Performance
2023-11-25,32,I Remember Everything,Zach Bryan Featuring Kacey Musgraves,36,11,
2023-11-25,33,I'm Not Pretty,Megan Moroney,38,15,Gains In Performance
2023-11-25,34,Out Of That Truck,Carrie Underwood,37,24,
2023-11-25,35,Back Then Right Now,Tyler Hubbard,39,10,Gains In Performance
2023-11-25,36,Outskirts,Sam Hunt,40,17,
2023-11-25,37,Love You Again,Chase Matthew,41,25,Gains In Performance
2023-11-25,38,Young Love & Saturday Nights,Chris Young,42,10,Gains In Performance
2023-11-25,39,Cowboys And Plowboys,Jon Pardi & Luke Bryan,44,5,Gains In Performance
2023-11-25,40,Spirits And Demons,Michael Ray Featuring Meghan Patrick,47,9,Gains In Performance
2023-11-25,41,This Is My Dirt,Justin Moore,NEW,1,Gains In Performance
2023-11-25,42,Drinkin' Problems,Dillon Carmichael,45,19,Gains In Performance
2023-11-25,43,Where It Ends,Bailey Zimmerman,48,7,Gains In Performance
2023-11-25,44,Something's Gonna Kill Me,Corey Kent,46,16,Gains In Performance
2023-11-25,45,Can't Break Up Now,Old Dominion & Megan Moroney,50,8,Gains In Performance
2023-11-25,46,Man Made A Bar,Morgan Wallen Featuring Eric Church,59,3,Gains In Performance
2023-11-25,47,We Ride,Bryan Martin,49,7,Gains In Performance
2023-11-25,48,Pickup Man,Joe Diffie Featuring Post Malone,54,2,Gains In Performance
2023-11-25,49,Rodeo Man,Garth Brooks & Ronnie Dunn,26,2,
2023-11-25,50,Dance With You,Brett Young,51,13,
2023-11-25,51,In Your Love,Tyler Childers,52,8,
2023-11-25,52,Wine Country,Hannah Ellis,53,11,
2023-11-25,53,Wildflowers And Wild Horses,Lainey Wilson,NEW,1,Gains In Performance
2023-11-25,54,Gonna Love You,Parmalee,60,2,Gains In Performance
2023-11-25,55,Thicc As Thieves,Lauren Alaina,55,4,Gains In Performance
2023-11-25,56,Brokenhearted,Joe Nichols,57,7,Gains In Performance
2023-11-25,57,Find Another Bar,Chris Lane,58,3,Gains In Performance
2023-11-25,58,I'm In Love,Hailey Whitters,56,5,
2023-11-25,59,She's Somebody's Daughter (Reimagined),Drew Baldridge,RE,3,Gains In Performance
2023-11-25,60,Long Live Cowgirls,Ian Munsick & Cody Johnson,NEW,1,Gains In Performance
2023-12-02,1,Can't Have Mine,Dylan Scott,4,62,Greatest gainer this week|Gains In Performance
2023-12-02,2,Save Me,Jelly Roll With Lainey Wilson,3,26,Gains In Performance
2023-12-02,3,Thinkin' Bout Me,Morgan Wallen,1,29,
2023-12-02,4,World On Fire,Nate Smith,9,24,Gains In Performance
2023-12-02,5,Everything I Love,Morgan Wallen,6,23,Gains In Performance
2023-12-02,6,Save Me The Trouble,Dan + Shay,8,19,Gains In Performance
2023-12-02,7,Mind On You,George Birge,7,52,Gains In Performance
2023-12-02,8,But I Got A Beer In My Hand,Luke Bryan,10,29,Gains In Performance
2023-12-02,9,Standing Room Only,Tim McGraw,2,37,
2023-12-02,10,White Horse,Chris Stapleton,11,18,Gains In Performance
2023-12-02,11,Different 'Round Here,Riley Green Featuring Luke Combs,13,29,Gains In Performance
2023-12-02,12,All I Need Is You,Chris Janson,12,40,Gains In Performance
2023-12-02,13,We Got History,Mitchell Tenpenny,14,51,Gains In Performance
2023-12-02,14,Pretty Little Poison,Warren Zeiders,15,20,Gains In Performance
2023-12-02,15,I Can Feel It,Kane Brown,21,10,Gains In Performance
2023-12-02,16,Where The Wild Things Are,Luke Combs,19,7,Gains In Performance
2023-12-02,17,Creek Will Rise,Conner Smith,17,33,Gains In Performance
2023-12-02,18,The Painter,Cody Johnson,20,15,Gains In Performance
2023-12-02,19,23,Chayce Beckham,18,42,Gains In Performance
2023-12-02,20,Truck Bed,HARDY,22,28,Gains In Performance
2023-12-02,21,Burn It Down,Parker McCollum,24,25,Gains In Performance
2023-12-02,22,Fearless (The Echo),Jackson Dean,23,43,Gains In Performance
2023-12-02,23,Nobody's Nobody,Brothers Osborne,25,33,Gains In Performance
2023-12-02,24,Mamaw's House,Thomas Rhett Featuring Morgan Wallen,26,8,Gains In Performance
2023-12-02,25,Tucson Too Late,Jordan Davis,27,14,Gains In Performance
2023-12-02,26,We Don't Fight Anymore,Carly Pearce Featuring Chris Stapleton,29,23,Gains In Performance
2023-12-02,27,I Remember Everything,Zach Bryan Featuring Kacey Musgraves,32,12,Gains In Performance
2023-12-02,28,Glory Days,Gabby Barrett,30,24,Gains In Performance
2023-12-02,29,Cab In A Solo,Scotty McCreery,31,14,Gains In Performance
2023-12-02,30,I'm Not Pretty,Megan Moroney,33,16,Gains In Performance
2023-12-02,31,See You Next Summer,Brian Kelley,28,26,Gains In Performance
2023-12-02,32,Out Of That Truck,Carrie Underwood,34,25,Gains In Performance
2023-12-02,33,Take Her Home,Kenny Chesney,16,2,
2023-12-02,34,Back Then Right Now,Tyler Hubbard,35,11,Gains In Performance
2023-12-02,35,This Is My Dirt,Justin Moore,41,2,Gains In Performance
2023-12-02,36,Love You Again,Chase Matthew,37,26,Gains In Performance
2023-12-02,37,Man Made A Bar,Morgan Wallen Featuring Eric Church,46,4,Gains In Performance
2023-12-02,38,Outskirts,Sam Hunt,36,18,Gains In Performance
2023-12-02,39,Young Love & Saturday Nights,Chris Young,38,11,Gains In Performance
2023-12-02,40,Wildflowers And Wild Horses,Lainey Wilson,53,2,Gains In Performance
2023-12-02,41,Cowboys And Plowboys,Jon Pardi & Luke Bryan,39,6,Gains In Performance
2023-12-02,42,Can't Break Up Now,Old Dominion & Megan Moroney,45,9,Gains In Performance
2023-12-02,43,Drinkin' Problems,Dillon Carmichael,42,20,Gains In Performance
2023-12-02,44,Spirits And Demons,Michael Ray Featuring Meghan Patrick,40,10,Gains In Performance
2023-12-02,45,Where It Ends,Bailey Zimmerman,43,8,Gains In Performance
2023-12-02,46,We Ride,Bryan Martin,47,8,Gains In Performance
2023-12-02,47,Rodeo Man,Garth Brooks & Ronnie Dunn,49,3,Gains In Performance
2023-12-02,48,Something's Gonna Kill Me,Corey Kent,44,17,Gains In Performance
2023-12-02,49,Pickup Man,Joe Diffie Featuring Post Malone,48,3,Gains In Performance
2023-12-02,50,Gonna Love You,Parmalee,54,3,Gains In Performance
2023-12-02,51,Dance With You,Brett Young,50,14,Gains In Performance
2023-12-02,52,In Your Love,Tyler Childers,51,9,Gains In Performance
2023-12-02,53,Brokenhearted,Joe Nichols,56,8,Gains In Performance
2023-12-02,54,Wine Country,Hannah Ellis,52,12,
2023-12-02,55,Find Another Bar,Chris Lane,57,4,Gains In Performance
2023-12-02,56,I'm In Love,Hailey Whitters,58,6,Gains In Performance
2023-12-02,57,Thicc As Thieves,Lauren Alaina,55,5,
2023-12-02,58,She's Somebody's Daughter (Reimagined),Drew Baldridge,59,4,
2023-12-02,59,Love You Back,Lady A,NEW,1,Highest ranking debut|Gains In Performance
2023-12-02,60,Long Live Cowgirls,Ian Munsick & Cody Johnson,60,2,
2023-12-09,1,Save Me,Jelly Roll With Lainey Wilson,2,27,Greatest gainer this week|Gains In Performance
2023-12-09,2,Can't Have Mine,Dylan Scott,1,63,
2023-12-09,3,Thinkin' Bout Me,Morgan Wallen,3,30,
2023-12-09,4,World On Fire,Nate Smith,4,25,Gains In Performance
2023-12-09,5,Everything I Love,Morgan Wallen,5,24,Gains In Performance
2023-12-09,6,Save Me The Trouble,Dan + Shay,6,20,Gains In Performance
2023-12-09,7,Mind On You,George Birge,7,53,Gains In Performance
2023-12-09,8,But I Got A Beer In My Hand,Luke Bryan,8,30,Gains In Performance
2023-12-09,9,White Horse,Chris Stapleton,10,19,Gains In Performance
2023-12-09,10,Different 'Round Here,Riley Green Featuring Luke Combs,11,30,Gains In Performance
2023-12-09,11,All I Need Is You,Chris Janson,12,41,Gains In Performance
2023-12-09,12,We Got History,Mitchell Tenpenny,13,52,Gains In Performance
2023-12-09,13,I Can Feel It,Kane Brown,15,11,Gains In Performance
2023-12-09,14,Where The Wild Things Are,Luke Combs,16,8,Gains In Performance
2023-12-09,15,Pretty Little Poison,Warren Zeiders,14,21,Gains In Performance
2023-12-09,16,The Painter,Cody Johnson,18,16,Gains In Performance
2023-12-09,17,Creek Will Rise,Conner Smith,17,34,Gains In Performance
2023-12-09,18,23,Chayce Beckham,19,43,Gains In Performance
2023-12-09,19,Truck Bed,HARDY,20,29,Gains In Performance
2023-12-09,20,Burn It Down,Parker McCollum,21,26,Gains In Performance
2023-12-09,21,Fearless (The Echo),Jackson Dean,22,44,Gains In Performance
2023-12-09,22,Nobody's Nobody,Brothers Osborne,23,34,Gains In Performance
2023-12-09,23,Mamaw's House,Thomas Rhett Featuring Morgan Wallen,24,9,Gains In Performance
2023-12-09,24,Tucson Too Late,Jordan Davis,25,15,Gains In Performance
2023-12-09,25,We Don't Fight Anymore,Carly Pearce Featuring Chris Stapleton,26,24,Gains In Performance
2023-12-09,26,Glory Days,Gabby Barrett,28,25,Gains In Performance
2023-12-09,27,I Remember Everything,Zach Bryan Featuring Kacey Musgraves,27,13,Gains In Performance
2023-12-09,28,Cab In A Solo,Scotty McCreery,29,15,Gains In Performance
2023-12-09,29,See You Next Summer,Brian Kelley,31,27,Gains In Performance
2023-12-09,30,Take Her Home,Kenny Chesney,33,3,Gains In Performance
2023-12-09,31,Out Of That Truck,Carrie Underwood,32,26,Gains In Performance
2023-12-09,32,I'm Not Pretty,Megan Moroney,30,17,
2023-12-09,33,Back Then Right Now,Tyler Hubbard,34,12,Gains In Performance
2023-12-09,34,Man Made A Bar,Morgan Wallen Featuring Eric Church,37,5,Gains In Performance
2023-12-09,35,Love You Again,Chase Matthew,36,27,Gains In Performance
2023-12-09,36,Wildflowers And Wild Horses,Lainey Wilson,40,3,Gains In Performance
2023-12-09,37,Outskirts,Sam Hunt,38,19,Gains In Performance
2023-12-09,38,Young Love & Saturday Nights,Chris Young,39,12,Gains In Performance
2023-12-09,39,Drinkin' Problems,Dillon Carmichael,43,21,Gains In Performance
2023-12-09,40,Rodeo Man,Garth Brooks & Ronnie Dunn,47,4,Gains In Performance
2023-12-09,41,Spirits And Demons,Michael Ray Featuring Meghan Patrick,44,11,Gains In Performance
2023-12-09,42,Can't Break Up Now,Old Dominion & Megan Moroney,42,10,Gains In Performance
2023-12-09,43,Something's Gonna Kill Me,Corey Kent,48,18,Gains In Performance
2023-12-09,44,Cowboys And Plowboys,Jon Pardi & Luke Bryan,41,7,Gains In Performance
2023-12-09,45,We Ride,Bryan Martin,46,9,Gains In Performance
2023-12-09,46,Where It Ends,Bailey Zimmerman,45,9,Gains In Performance
2023-12-09,47,Pickup Man,Joe Diffie Featuring Post Malone,49,4,
2023-12-09,48,Gonna Love You,Parmalee,50,4,Gains In Performance
2023-12-09,49,Dance With You,Brett Young,51,15,Gains In Performance
2023-12-09,50,In Your Love,Tyler Childers,52,10,Gains In Performance
2023-12-09,51,Find Another Bar,Chris Lane,55,5,Gains In Performance
2023-12-09,52,This Is My Dirt,Justin Moore,35,3,
2023-12-09,53,I'm In Love,Hailey Whitters,56,7,Gains In Performance
2023-12-09,54,Brokenhearted,Joe Nichols,53,9,
2023-12-09,55,Wine Country,Hannah Ellis,54,13,Gains In Performance
2023-12-09,56,Thicc As Thieves,Lauren Alaina,57,6,Gains In Performance
2023-12-09,57,Let Your Boys Be Country,Jason Aldean,NEW,1,Highest ranking debut|Gains In Performance
2023-12-09,58,Long Live Cowgirls,Ian Munsick & Cody Johnson,60,3,Gains In Performance
2023-12-09,59,Make Me Wanna Smoke,Runaway June,NEW,1,Gains In Performance
2023-12-09,60,She's Somebody's Daughter (Reimagined),Drew Baldridge,58,5,Gains In Performance
2023-12-16,1,Save Me,Jelly Roll With Lainey Wilson,1,28,
2023-12-16,2,World On Fire,Nate Smith,4,26,Gains In Performance
2023-12-16,3,Thinkin' Bout Me,Morgan Wallen,3,31,
2023-12-16,4,But I Got A Beer In My Hand,Luke Bryan,8,31,Greatest gainer this week|Gains In Performance
2023-12-16,5,Mind On You,George Birge,7,54,Gains In Performance
2023-12-16,6,Everything I Love,Morgan Wallen,5,25,Gains In Performance
2023-12-16,7,Save Me The Trouble,Dan + Shay,6,21,Gains In Performance
2023-12-16,8,Can't Have Mine,Dylan Scott,2,64,
2023-12-16,9,White Horse,Chris Stapleton,9,20,Gains In Performance
2023-12-16,10,Different 'Round Here,Riley Green Featuring Luke Combs,10,31,Gains In Performance
2023-12-16,11,All I Need Is You,Chris Janson,11,42,Gains In Performance
2023-12-16,12,We Got History,Mitchell Tenpenny,12,53,Gains In Performance
2023-12-16,13,Pretty Little Poison,Warren Zeiders,15,22,Gains In Performance
2023-12-16,14,Where The Wild Things Are,Luke Combs,14,9,Gains In Performance
2023-12-16,15,I Can Feel It,Kane Brown,13,12,Gains In Performance
2023-12-16,16,The Painter,Cody Johnson,16,17,Gains In Performance
2023-12-16,17,Creek Will Rise,Conner Smith,17,35,Gains In Performance
2023-12-16,18,23,Chayce Beckham,18,44,Gains In Performance
2023-12-16,19,Truck Bed,HARDY,19,30,Gains In Performance
2023-12-16,20,Burn It Down,Parker McCollum,20,27,Gains In Performance
2023-12-16,21,Fearless (The Echo),Jackson Dean,21,45,Gains In Performance
2023-12-16,22,We Don't Fight Anymore,Carly Pearce Featuring Chris Stapleton,25,25,Gains In Performance
2023-12-16,23,Nobody's Nobody,Brothers Osborne,22,35,
2023-12-16,24,Mamaw's House,Thomas Rhett Featuring Morgan Wallen,23,10,
2023-12-16,25,Tucson Too Late,Jordan Davis,24,16,Gains In Performance
2023-12-16,26,Glory Days,Gabby Barrett,26,26,Gains In Performance
2023-12-16,27,Cab In A Solo,Scotty McCreery,28,16,Gains In Performance
2023-12-16,28,I Remember Everything,Zach Bryan Featuring Kacey Musgraves,27,14,Gains In Performance
2023-12-16,29,See You Next Summer,Brian Kelley,29,28,
2023-12-16,30,Man Made A Bar,Morgan Wallen Featuring Eric Church,34,6,Gains In Performance
2023-12-16,31,Back Then Right Now,Tyler Hubbard,33,13,Gains In Performance
2023-12-16,32,Wildflowers And Wild Horses,Lainey Wilson,36,4,Gains In Performance
2023-12-16,33,Take Her Home,Kenny Chesney,30,4,
2023-12-16,34,Out Of That Truck,Carrie Underwood,31,27,
2023-12-16,35,I'm Not Pretty,Megan Moroney,32,18,Gains In Performance
2023-12-16,36,Love You Again,Chase Matthew,35,28,Gains In Performance
2023-12-16,37,Outskirts,Sam Hunt,37,20,Gains In Performance
2023-12-16,38,Young Love & Saturday Nights,Chris Young,38,13,Gains In Performance
2023-12-16,39,Drinkin' Problems,Dillon Carmichael,39,22,Gains In Performance
2023-12-16,40,Can't Break Up Now,Old Dominion & Megan Moroney,42,11,Gains In Performance
2023-12-16,41,Spirits And Demons,Michael Ray Featuring Meghan Patrick,41,12,Gains In Performance
2023-12-16,42,We Ride,Bryan Martin,45,10,Gains In Performance
2023-12-16,43,Where It Ends,Bailey Zimmerman,46,10,Gains In Performance
2023-12-16,44,Rodeo Man,Garth Brooks & Ronnie Dunn,40,5,
2023-12-16,45,Something's Gonna Kill Me,Corey Kent,43,19,
2023-12-16,46,Cowboys And Plowboys,Jon Pardi & Luke Bryan,44,8,
2023-12-16,47,Pickup Man,Joe Diffie Featuring Post Malone,47,5,Gains In Performance
2023-12-16,48,Gonna Love You,Parmalee,48,5,Gains In Performance
2023-12-16,49,Dance With You,Brett Young,49,16,Gains In Performance
2023-12-16,50,Let Your Boys Be Country,Jason Aldean,57,2,Gains In Performance
2023-12-16,51,In Your Love,Tyler Childers,50,11,
2023-12-16,52,Find Another Bar,Chris Lane,51,6,Gains In Performance
2023-12-16,53,This Is My Dirt,Justin Moore,52,4,Gains In Performance
2023-12-16,54,Wine Country,Hannah Ellis,55,14,Gains In Performance
2023-12-16,55,I'm In Love,Hailey Whitters,53,8,Gains In Performance
2023-12-16,56,Brokenhearted,Joe Nichols,54,10,Gains In Performance
2023-12-16,57,Love You Back,Lady A,RE,2,Gains In Performance
2023-12-16,58,Long Live Cowgirls,Ian Munsick & Cody Johnson,58,4,Gains In Performance
2023-12-16,59,Make Me Wanna Smoke,Runaway June,59,2,Gains In Performance
2023-12-16,60,She's Somebody's Daughter (Reimagined),Drew Baldridge,60,6,
2023-12-23,1,World On Fire,Nate Smith,2,27,Gains In Performance
2023-12-23,2,Save Me,Jelly Roll With Lainey Wilson,1,29,
2023-12-23,3,Everything I Love,Morgan Wallen,6,26,Greatest gainer this week|Gains In Performance
2023-12-23,4,Mind On You,George Birge,5,55,Gains In Performance
2023-12-23,5,Thinkin' Bout Me,Morgan Wallen,3,32,
2023-12-23,6,Save Me The Trouble,Dan + Shay,7,22,Gains In Performance
2023-12-23,7,White Horse,Chris Stapleton,9,21,Gains In Performance
2023-12-23,8,Different 'Round Here,Riley Green Featuring Luke Combs,10,32,Gains In Performance
2023-12-23,9,All I Need Is You,Chris Janson,11,43,Gains In Performance
2023-12-23,10,Where The Wild Things Are,Luke Combs,14,10,Gains In Performance
2023-12-23,11,Pretty Little Poison,Warren Zeiders,13,23,Gains In Performance
2023-12-23,12,I Can Feel It,Kane Brown,15,13,Gains In Performance
2023-12-23,13,But I Got A Beer In My Hand,Luke Bryan,4,32,
2023-12-23,14,The Painter,Cody Johnson,16,18,Gains In Performance
2023-12-23,15,23,Chayce Beckham,18,45,Gains In Performance
2023-12-23,16,Truck Bed,HARDY,19,31,Gains In Performance
2023-12-23,17,Creek Will Rise,Conner Smith,17,36,Gains In Performance
2023-12-23,18,Burn It Down,Parker McCollum,20,28,Gains In Performance
2023-12-23,19,Fearless (The Echo),Jackson Dean,21,46,Gains In Performance
2023-12-23,20,Mamaw's House,Thomas Rhett Featuring Morgan Wallen,24,11,Gains In Performance
2023-12-23,21,Tucson Too Late,Jordan Davis,25,17,Gains In Performance
2023-12-23,22,We Don't Fight Anymore,Carly Pearce Featuring Chris Stapleton,22,26,Gains In Performance
2023-12-23,23,Nobody's Nobody,Brothers Osborne,23,36,Gains In Performance
2023-12-23,24,Cab In A Solo,Scotty McCreery,27,17,Gains In Performance
2023-12-23,25,Glory Days,Gabby Barrett,26,27,Gains In Performance
2023-12-23,26,Wildflowers And Wild Horses,Lainey Wilson,32,5,Gains In Performance
2023-12-23,27,I Remember Everything,Zach Bryan Featuring Kacey Musgraves,28,15,Gains In Performance
2023-12-23,28,Man Made A Bar,Morgan Wallen Featuring Eric Church,30,7,Gains In Performance
2023-12-23,29,See You Next Summer,Brian Kelley,29,29,Gains In Performance
2023-12-23,30,Out Of That Truck,Carrie Underwood,34,28,Gains In Performance
2023-12-23,31,Back Then Right Now,Tyler Hubbard,31,14,Gains In Performance
2023-12-23,32,Take Her Home,Kenny Chesney,33,5,Gains In Performance
2023-12-23,33,I'm Not Pretty,Megan Moroney,35,19,
2023-12-23,34,Love You Again,Chase Matthew,36,29,Gains In Performance
2023-12-23,35,Can't Break Up Now,Old Dominion & Megan Moroney,40,12,Gains In Performance
2023-12-23,36,Outskirts,Sam Hunt,37,21,Gains In Performance
2023-12-23,37,Drinkin' Problems,Dillon Carmichael,39,23,Gains In Performance
2023-12-23,38,Young Love & Saturday Nights,Chris Young,38,14,Gains In Performance
2023-12-23,39,Let Your Boys Be Country,Jason Aldean,50,3,Gains In Performance
2023-12-23,40,Spirits And Demons,Michael Ray Featuring Meghan Patrick,41,13,Gains In Performance
2023-12-23,41,Where It Ends,Bailey Zimmerman,43,11,Gains In Performance
2023-12-23,42,We Ride,Bryan Martin,42,11,Gains In Performance
2023-12-23,43,Something's Gonna Kill Me,Corey Kent,45,20,Gains In Performance
2023-12-23,44,Cowboys And Plowboys,Jon Pardi & Luke Bryan,46,9,Gains In Performance
2023-12-23,45,Gonna Love You,Parmalee,48,6,Gains In Performance
2023-12-23,46,Rodeo Man,Garth Brooks & Ronnie Dunn,44,6,
2023-12-23,47,Dance With You,Brett Young,49,17,Gains In Performance
2023-12-23,48,Pickup Man,Joe Diffie Featuring Post Malone,47,6,
2023-12-23,49,Brokenhearted,Joe Nichols,56,11,Gains In Performance
2023-12-23,50,In Your Love,Tyler Childers,51,12,Gains In Performance
2023-12-23,51,Love You Back,Lady A,57,3,Gains In Performance
2023-12-23,52,This Is My Dirt,Justin Moore,53,5,Gains In Performance
2023-12-23,53,Find Another Bar,Chris Lane,52,7,
2023-12-23,54,Wine Country,Hannah Ellis,54,15,
2023-12-23,55,I'm In Love,Hailey Whitters,55,9,
2023-12-23,56,Long Live Cowgirls,Ian Munsick & Cody Johnson,58,5,Gains In Performance
2023-12-23,57,She's Somebody's Daughter (Reimagined),Drew Baldridge,60,7,Gains In Performance
2023-12-23,58,Ain't About You,HunterGirl,NEW,1,Highest ranking debut|Gains In Performance
2023-12-23,59,Make Me Wanna Smoke,Runaway June,59,3,
2023-12-23,60,Chevrolet,Dustin Lynch Featuring Jelly Roll,NEW,1,Gains In Performance
2023-12-30,1,World On Fire,Nate Smith,1,28,Greatest gainer this week|Gains In Performance
2023-12-30,2,Save Me,Jelly Roll With Lainey Wilson,2,30,Gains In Performance
2023-12-30,3,Mind On You,George Birge,4,56,Gains In Performance
2023-12-30,4,Save Me The Trouble,Dan + Shay,6,23,Gains In Performance
2023-12-30,5,Thinkin' Bout Me,Morgan Wallen,5,33,
2023-12-30,6,White Horse,Chris Stapleton,7,22,Gains In Performance
2023-12-30,7,Everything I Love,Morgan Wallen,3,27,
2023-12-30,8,Different 'Round Here,Riley Green Featuring Luke Combs,8,33,Gains In Performance
2023-12-30,9,All I Need Is You,Chris Janson,9,44,Gains In Performance
2023-12-30,10,Where The Wild Things Are,Luke Combs,10,11,Gains In Performance
2023-12-30,11,Pretty Little Poison,Warren Zeiders,11,24,Gains In Performance
2023-12-30,12,I Can Feel It,Kane Brown,12,14,Gains In Performance
2023-12-30,13,The Painter,Cody Johnson,14,19,Gains In Performance
2023-12-30,14,Truck Bed,HARDY,16,32,Gains In Performance
2023-12-30,15,23,Chayce Beckham,15,46,Gains In Performance
2023-12-30,16,Creek Will Rise,Conner Smith,17,37,Gains In Performance
2023-12-30,17,Burn It Down,Parker McCollum,18,29,Gains In Performance
2023-12-30,18,Fearless (The Echo),Jackson Dean,19,47,Gains In Performance
2023-12-30,19,Mamaw's House,Thomas Rhett Featuring Morgan Wallen,20,12,Gains In Performance
2023-12-30,20,Tucson Too Late,Jordan Davis,21,18,Gains In Performance
2023-12-30,21,We Don't Fight Anymore,Carly Pearce Featuring Chris Stapleton,22,27,Gains In Performance
2023-12-30,22,Wildflowers And Wild Horses,Lainey Wilson,26,6,Gains In Performance
2023-12-30,23,Cab In A Solo,Scotty McCreery,24,18,Gains In Performance
2023-12-30,24,Man Made A Bar,Morgan Wallen Featuring Eric Church,28,8,Gains In Performance
2023-12-30,25,Glory Days,Gabby Barrett,25,28,Gains In Performance
2023-12-30,26,Nobody's Nobody,Brothers Osborne,23,37,Gains In Performance
2023-12-30,27,Take Her Home,Kenny Chesney,32,6,Gains In Performance
2023-12-30,28,I Remember Everything,Zach Bryan Featuring Kacey Musgraves,27,16,
2023-12-30,29,Back Then Right Now,Tyler Hubbard,31,15,Gains In Performance
2023-12-30,30,Out Of That Truck,Carrie Underwood,30,29,Gains In Performance
2023-12-30,31,See You Next Summer,Brian Kelley,29,30,
2023-12-30,32,I'm Not Pretty,Megan Moroney,33,20,Gains In Performance
2023-12-30,33,Can't Break Up Now,Old Dominion & Megan Moroney,35,13,Gains In Performance
2023-12-30,34,Love You Again,Chase Matthew,34,30,Gains In Performance
2023-12-30,35,Outskirts,Sam Hunt,36,22,Gains In Performance
2023-12-30,36,Let Your Boys Be Country,Jason Aldean,39,4,Gains In Performance
2023-12-30,37,Young Love & Saturday Nights,Chris Young,38,15,Gains In Performance
2023-12-30,38,Drinkin' Problems,Dillon Carmichael,37,24,
2023-12-30,39,Your Place,Ashley Cooke,NEW,1,Highest ranking debut|Gains In Performance
2023-12-30,40,Where It Ends,Bailey Zimmerman,41,12,Gains In Performance
2023-12-30,41,We Ride,Bryan Martin,42,12,Gains In Performance
2023-12-30,42,Spirits And Demons,Michael Ray Featuring Meghan Patrick,40,14,
2023-12-30,43,Cowboys And Plowboys,Jon Pardi & Luke Bryan,44,10,Gains In Performance
2023-12-30,44,Something's Gonna Kill Me,Corey Kent,43,21,Gains In Performance
2023-12-30,45,Gonna Love You,Parmalee,45,7,Gains In Performance
2023-12-30,46,Rodeo Man,Garth Brooks & Ronnie Dunn,46,7,Gains In Performance
2023-12-30,47,Dance With You,Brett Young,47,18,
2023-12-30,48,Pickup Man,Joe Diffie Featuring Post Malone,48,7,Gains In Performance
2023-12-30,49,Love You Back,Lady A,51,4,Gains In Performance
2023-12-30,50,This Is My Dirt,Justin Moore,52,6,Gains In Performance
2023-12-30,51,I'm In Love,Hailey Whitters,55,10,Gains In Performance
2023-12-30,52,In Your Love,Tyler Childers,50,13,
2023-12-30,53,Brokenhearted,Joe Nichols,49,12,
2023-12-30,54,She's Somebody's Daughter (Reimagined),Drew Baldridge,57,8,Gains In Performance
2023-12-30,55,Find Another Bar,Chris Lane,53,8,Gains In Performance
2023-12-30,56,Chevrolet,Dustin Lynch Featuring Jelly Roll,60,2,Gains In Performance
2023-12-30,57,Long Live Cowgirls,Ian Munsick & Cody Johnson,56,6,Gains In Performance
2023-12-30,58,All I Want For Christmas Is You,Jon Pardi With The All Nighters,NEW,1,Gains In Performance
2023-12-30,59,Ain't About You,HunterGirl,58,2,Gains In Performance
2023-12-30,60,Wine Country,Hannah Ellis,54,16,
2024-01-06,1,World On Fire,Nate Smith,1,29,
2024-01-06,2,Mind On You,George Birge,3,57,Gains In Performance
2024-01-06,3,Save Me,Jelly Roll With Lainey Wilson,2,31,
2024-01-06,4,Save Me The Trouble,Dan + Shay,4,24,
2024-01-06,5,Thinkin' Bout Me,Morgan Wallen,5,34,
2024-01-06,6,White Horse,Chris Stapleton,6,23,
2024-01-06,7,Different 'Round Here,Riley Green Featuring Luke Combs,8,34,
2024-01-06,8,Where The Wild Things Are,Luke Combs,10,12,
2024-01-06,9,All I Need Is You,Chris Janson,9,45,
2024-01-06,10,Pretty Little Poison,Warren Zeiders,11,25,
2024-01-06,11,I Can Feel It,Kane Brown,12,15,
2024-01-06,12,The Painter,Cody Johnson,13,20,
2024-01-06,13,Truck Bed,HARDY,14,33,Gains In Performance
2024-01-06,14,23,Chayce Beckham,15,47,
2024-01-06,15,Creek Will Rise,Conner Smith,16,38,
2024-01-06,16,Burn It Down,Parker McCollum,17,30,
2024-01-06,17,Mamaw's House,Thomas Rhett Featuring Morgan Wallen,19,13,Gains In Performance
2024-01-06,18,Fearless (The Echo),Jackson Dean,18,48,
2024-01-06,19,We Don't Fight Anymore,Carly Pearce Featuring Chris Stapleton,21,28,
2024-01-06,20,Tucson Too Late,Jordan Davis,20,19,
2024-01-06,21,Wildflowers And Wild Horses,Lainey Wilson,22,7,
2024-01-06,22,Cab In A Solo,Scotty McCreery,23,19,
2024-01-06,23,Glory Days,Gabby Barrett,25,29,
2024-01-06,24,Man Made A Bar,Morgan Wallen Featuring Eric Church,24,9,
2024-01-06,25,Nobody's Nobody,Brothers Osborne,26,38,
2024-01-06,26,Back Then Right Now,Tyler Hubbard,29,16,
2024-01-06,27,I Remember Everything,Zach Bryan Featuring Kacey Musgraves,28,17,
2024-01-06,28,Take Her Home,Kenny Chesney,27,7,
2024-01-06,29,Out Of That Truck,Carrie Underwood,30,30,
2024-01-06,30,Your Place,Ashley Cooke,39,2,Greatest gainer this week|Gains In Performance
2024-01-06,31,I'm Not Pretty,Megan Moroney,32,21,
2024-01-06,32,Love You Again,Chase Matthew,34,31,
2024-01-06,33,Outskirts,Sam Hunt,35,23,
2024-01-06,34,Can't Break Up Now,Old Dominion & Megan Moroney,33,14,
2024-01-06,35,See You Next Summer,Brian Kelley,31,31,
2024-01-06,36,Young Love & Saturday Nights,Chris Young,37,16,
2024-01-06,37,Let Your Boys Be Country,Jason Aldean,36,5,
2024-01-06,38,Drinkin' Problems,Dillon Carmichael,38,25,
2024-01-06,39,Where It Ends,Bailey Zimmerman,40,13,
2024-01-06,40,We Ride,Bryan Martin,41,13,
2024-01-06,41,Something's Gonna Kill Me,Corey Kent,44,22,
2024-01-06,42,Cowboys And Plowboys,Jon Pardi & Luke Bryan,43,11,
2024-01-06,43,Gonna Love You,Parmalee,45,8,
2024-01-06,44,Spirits And Demons,Michael Ray Featuring Meghan Patrick,42,15,
2024-01-06,45,Rodeo Man,Garth Brooks & Ronnie Dunn,46,8,
2024-01-06,46,Dance With You,Brett Young,47,19,Gains In Performance
2024-01-06,47,Pickup Man,Joe Diffie Featuring Post Malone,48,8,
2024-01-06,48,Feel Like The Holidays,Scotty McCreery,NEW,1,Highest ranking debut|Gains In Performance
2024-01-06,49,All I Want For Christmas Is You,Jon Pardi With The All Nighters,58,2,Gains In Performance
2024-01-06,50,This Is My Dirt,Justin Moore,50,7,Gains In Performance
2024-01-06,51,Love You Back,Lady A,49,5,
2024-01-06,52,In Your Love,Tyler Childers,52,14,
2024-01-06,53,Find Another Bar,Chris Lane,55,9,Gains In Performance
2024-01-06,54,White Christmas,Cody Johnson,NEW,1,Gains In Performance
2024-01-06,55,Chevrolet,Dustin Lynch Featuring Jelly Roll,56,3,Gains In Performance
2024-01-06,56,Brokenhearted,Joe Nichols,53,13,
2024-01-06,57,She's Somebody's Daughter (Reimagined),Drew Baldridge,54,9,
2024-01-06,58,Beer For Santa,Jon Pardi With The All Nighters,NEW,1,Gains In Performance
2024-01-06,59,I'm In Love,Hailey Whitters,51,11,
2024-01-06,60,Long Live Cowgirls,Ian Munsick & Cody Johnson,57,7,
2024-01-13,1,World On Fire,Nate Smith,1,30,Gains In Performance
2024-01-13,2,Save Me The Trouble,Dan + Shay,4,25,Greatest gainer this week|Gains In Performance
2024-01-13,3,Mind On You,George Birge,2,58,
2024-01-13,4,Save Me,Jelly Roll With Lainey Wilson,3,32,
2024-01-13,5,Thinkin' Bout Me,Morgan Wallen,5,35,
2024-01-13,6,White Horse,Chris Stapleton,6,24,Gains In Performance
2024-01-13,7,Different 'Round Here,Riley Green Featuring Luke Combs,7,35,Gains In Performance
2024-01-13,8,Where The Wild Things Are,Luke Combs,8,13,Gains In Performance
2024-01-13,9,All I Need Is You,Chris Janson,9,46,Gains In Performance
2024-01-13,10,Pretty Little Poison,Warren Zeiders,10,26,Gains In Performance
2024-01-13,11,I Can Feel It,Kane Brown,11,16,Gains In Performance
2024-01-13,12,The Painter,Cody Johnson,12,21,Gains In Performance
2024-01-13,13,Truck Bed,HARDY,13,34,Gains In Performance
2024-01-13,14,23,Chayce Beckham,14,48,Gains In Performance
2024-01-13,15,Burn It Down,Parker McCollum,16,31,Gains In Performance
2024-01-13,16,Creek Will Rise,Conner Smith,15,39,Gains In Performance
2024-01-13,17,Mamaw's House,Thomas Rhett Featuring Morgan Wallen,17,14,Gains In Performance
2024-01-13,18,Wildflowers And Wild Horses,Lainey Wilson,21,8,Gains In Performance
2024-01-13,19,Fearless (The Echo),Jackson Dean,18,49,Gains In Performance
2024-01-13,20,Cab In A Solo,Scotty McCreery,22,20,Gains In Performance
2024-01-13,21,Man Made A Bar,Morgan Wallen Featuring Eric Church,24,10,Gains In Performance
2024-01-13,22,We Don't Fight Anymore,Carly Pearce Featuring Chris Stapleton,19,29,Gains In Performance
2024-01-13,23,Tucson Too Late,Jordan Davis,20,20,Gains In Performance
2024-01-13,24,Glory Days,Gabby Barrett,23,30,Gains In Performance
2024-01-13,25,Nobody's Nobody,Brothers Osborne,25,39,Gains In Performance
2024-01-13,26,Back Then Right Now,Tyler Hubbard,26,17,Gains In Performance
2024-01-13,27,Take Her Home,Kenny Chesney,28,8,Gains In Performance
2024-01-13,28,I Remember Everything,Zach Bryan Featuring Kacey Musgraves,27,18,Gains In Performance
2024-01-13,29,Out Of That Truck,Carrie Underwood,29,31,Gains In Performance
2024-01-13,30,I'm Not Pretty,Megan Moroney,31,22,Gains In Performance
2024-01-13,31,Your Place,Ashley Cooke,30,3,Gains In Performance
2024-01-13,32,Can't Break Up Now,Old Dominion & Megan Moroney,34,15,Gains In Performance
2024-01-13,33,Love You Again,Chase Matthew,32,32,Gains In Performance
2024-01-13,34,Outskirts,Sam Hunt,33,24,Gains In Performance
2024-01-13,35,Let Your Boys Be Country,Jason Aldean,37,6,Gains In Performance
2024-01-13,36,Young Love & Saturday Nights,Chris Young,36,17,Gains In Performance
2024-01-13,37,Where It Ends,Bailey Zimmerman,39,14,Gains In Performance
2024-01-13,38,See You Next Summer,Brian Kelley,35,32,Gains In Performance
2024-01-13,39,Drinkin' Problems,Dillon Carmichael,38,26,Gains In Performance
2024-01-13,40,Something's Gonna Kill Me,Corey Kent,41,23,Gains In Performance
2024-01-13,41,We Ride,Bryan Martin,40,14,Gains In Performance
2024-01-13,42,Cowboys And Plowboys,Jon Pardi & Luke Bryan,42,12,Gains In Performance
2024-01-13,43,Gonna Love You,Parmalee,43,9,Gains In Performance
2024-01-13,44,Spirits And Demons,Michael Ray Featuring Meghan Patrick,44,16,Gains In Performance
2024-01-13,45,Rodeo Man,Garth Brooks & Ronnie Dunn,45,9,Gains In Performance
2024-01-13,46,Dance With You,Brett Young,46,20,Gains In Performance
2024-01-13,47,Pickup Man,Joe Diffie Featuring Post Malone,47,9,Gains In Performance
2024-01-13,48,This Is My Dirt,Justin Moore,50,8,Gains In Performance
2024-01-13,49,Love You Back,Lady A,51,6,Gains In Performance
2024-01-13,50,In Your Love,Tyler Childers,52,15,Gains In Performance
2024-01-13,51,Find Another Bar,Chris Lane,53,10,Gains In Performance
2024-01-13,52,Chevrolet,Dustin Lynch Featuring Jelly Roll,55,4,Gains In Performance
2024-01-13,53,I'm In Love,Hailey Whitters,59,12,Gains In Performance
2024-01-13,54,Brokenhearted,Joe Nichols,56,14,Gains In Performance
2024-01-13,55,Long Live Cowgirls,Ian Munsick & Cody Johnson,60,8,Gains In Performance
2024-01-13,56,She's Somebody's Daughter (Reimagined),Drew Baldridge,57,10,Gains In Performance
2024-01-13,57,Ain't About You,HunterGirl,RE,3,Gains In Performance
2024-01-13,58,Make Me Wanna Smoke,Runaway June,RE,4,Gains In Performance
2024-01-13,59,King Of Country Music,Ryan Larkins,NEW,1,Highest ranking debut|Gains In Performance
2024-01-13,60,Cancel,Randy Houser,RE,2,Gains In Performance
2024-01-20,1,World On Fire,Nate Smith,1,31,Gains In Performance
2024-01-20,2,Save Me,Jelly Roll With Lainey Wilson,4,33,
2024-01-20,3,Save Me The Trouble,Dan + Shay,2,26,
2024-01-20,4,Mind On You,George Birge,3,59,
2024-01-20,5,White Horse,Chris Stapleton,6,25,Gains In Performance
2024-01-20,6,Thinkin' Bout Me,Morgan Wallen,5,36,
2024-01-20,7,Different 'Round Here,Riley Green Featuring Luke Combs,7,36,Gains In Performance
2024-01-20,8,Where The Wild Things Are,Luke Combs,8,14,Gains In Performance
2024-01-20,9,All I Need Is You,Chris Janson,9,47,Gains In Performance
2024-01-20,10,Pretty Little Poison,Warren Zeiders,10,27,Gains In Performance
2024-01-20,11,The Painter,Cody Johnson,12,22,Greatest gainer this week|Gains In Performance
2024-01-20,12,I Can Feel It,Kane Brown,11,17,Gains In Performance
2024-01-20,13,Truck Bed,HARDY,13,35,Gains In Performance
2024-01-20,14,23,Chayce Beckham,14,49,Gains In Performance
2024-01-20,15,Burn It Down,Parker McCollum,15,32,Gains In Performance
2024-01-20,16,Creek Will Rise,Conner Smith,16,40,Gains In Performance
2024-01-20,17,Mamaw's House,Thomas Rhett Featuring Morgan Wallen,17,15,Gains In Performance
2024-01-20,18,Cab In A Solo,Scotty McCreery,20,21,Gains In Performance
2024-01-20,19,Fearless (The Echo),Jackson Dean,19,50,Gains In Performance
2024-01-20,20,Man Made A Bar,Morgan Wallen Featuring Eric Church,21,11,Gains In Performance
2024-01-20,21,We Don't Fight Anymore,Carly Pearce Featuring Chris Stapleton,22,30,Gains In Performance
2024-01-20,22,Tucson Too Late,Jordan Davis,23,21,Gains In Performance
2024-01-20,23,Wildflowers And Wild Horses,Lainey Wilson,18,9,Gains In Performance
2024-01-20,24,Glory Days,Gabby Barrett,24,31,Gains In Performance
2024-01-20,25,Back Then Right Now,Tyler Hubbard,26,18,Gains In Performance
2024-01-20,26,Nobody's Nobody,Brothers Osborne,25,40,Gains In Performance
2024-01-20,27,Take Her Home,Kenny Chesney,27,9,Gains In Performance
2024-01-20,28,I Remember Everything,Zach Bryan Featuring Kacey Musgraves,28,19,Gains In Performance
2024-01-20,29,Out Of That Truck,Carrie Underwood,29,32,Gains In Performance
2024-01-20,30,Your Place,Ashley Cooke,31,4,Gains In Performance
2024-01-20,31,I'm Not Pretty,Megan Moroney,30,23,
2024-01-20,32,Let Your Boys Be Country,Jason Aldean,35,7,Gains In Performance
2024-01-20,33,Can't Break Up Now,Old Dominion & Megan Moroney,32,16,Gains In Performance
2024-01-20,34,Love You Again,Chase Matthew,33,33,Gains In Performance
2024-01-20,35,Outskirts,Sam Hunt,34,25,Gains In Performance
2024-01-20,36,Young Love & Saturday Nights,Chris Young,36,18,Gains In Performance
2024-01-20,37,Where It Ends,Bailey Zimmerman,37,15,Gains In Performance
2024-01-20,38,We Ride,Bryan Martin,41,15,Gains In Performance
2024-01-20,39,Drinkin' Problems,Dillon Carmichael,39,27,
2024-01-20,40,Something's Gonna Kill Me,Corey Kent,40,24,
2024-01-20,41,Cowboys And Plowboys,Jon Pardi & Luke Bryan,42,13,Gains In Performance
2024-01-20,42,Gonna Love You,Parmalee,43,10,Gains In Performance
2024-01-20,43,Rodeo Man,Garth Brooks & Ronnie Dunn,45,10,Gains In Performance
2024-01-20,44,Spirits And Demons,Michael Ray Featuring Meghan Patrick,44,17,Gains In Performance
2024-01-20,45,Dance With You,Brett Young,46,21,
2024-01-20,46,Pickup Man,Joe Diffie Featuring Post Malone,47,10,Gains In Performance
2024-01-20,47,This Is My Dirt,Justin Moore,48,9,Gains In Performance
2024-01-20,48,Chevrolet,Dustin Lynch Featuring Jelly Roll,52,5,Gains In Performance
2024-01-20,49,Find Another Bar,Chris Lane,51,11,Gains In Performance
2024-01-20,50,Love You Back,Lady A,49,7,Gains In Performance
2024-01-20,51,Brokenhearted,Joe Nichols,54,15,Gains In Performance
2024-01-20,52,In Your Love,Tyler Childers,50,16,
2024-01-20,53,I'm In Love,Hailey Whitters,53,13,Gains In Performance
2024-01-20,54,She's Somebody's Daughter (Reimagined),Drew Baldridge,56,11,Gains In Performance
2024-01-20,55,Long Live Cowgirls,Ian Munsick & Cody Johnson,55,9,
2024-01-20,56,Sounds Like The Radio,Zach Top,NEW,1,Highest ranking debut|Gains In Performance
2024-01-20,57,King Of Country Music,Ryan Larkins,59,2,Gains In Performance
2024-01-20,58,Ain't About You,HunterGirl,57,4,
2024-01-20,59,Amy's Back In Austin,Eli Young Band & George Birge,NEW,1,Gains In Performance
2024-01-20,60,Boys Back Home,Dylan Marlowe & Dylan Scott,NEW,1,Gains In Performance
2024-01-27,1,World On Fire,Nate Smith,1,32,
2024-01-27,2,Save Me,Jelly Roll With Lainey Wilson,2,34,
2024-01-27,3,White Horse,Chris Stapleton,5,26,Greatest gainer this week|Gains In Performance
2024-01-27,4,Thinkin' Bout Me,Morgan Wallen,6,37,
2024-01-27,5,Different 'Round Here,Riley Green Featuring Luke Combs,7,37,Gains In Performance
2024-01-27,6,Save Me The Trouble,Dan + Shay,3,27,
2024-01-27,7,Where The Wild Things Are,Luke Combs,8,15,Gains In Performance
2024-01-27,8,The Painter,Cody Johnson,11,23,Gains In Performance
2024-01-27,9,Pretty Little Poison,Warren Zeiders,10,28,Gains In Performance
2024-01-27,10,All I Need Is You,Chris Janson,9,48,Gains In Performance
2024-01-27,11,I Can Feel It,Kane Brown,12,18,Gains In Performance
2024-01-27,12,Truck Bed,HARDY,13,36,Gains In Performance
2024-01-27,13,23,Chayce Beckham,14,50,Gains In Performance
2024-01-27,14,Burn It Down,Parker McCollum,15,33,Gains In Performance
2024-01-27,15,Creek Will Rise,Conner Smith,16,41,Gains In Performance
2024-01-27,16,Mamaw's House,Thomas Rhett Featuring Morgan Wallen,17,16,Gains In Performance
2024-01-27,17,Man Made A Bar,Morgan Wallen Featuring Eric Church,20,12,Gains In Performance
2024-01-27,18,Cab In A Solo,Scotty McCreery,18,22,Gains In Performance
2024-01-27,19,Wildflowers And Wild Horses,Lainey Wilson,23,10,Gains In Performance
2024-01-27,20,Tucson Too Late,Jordan Davis,22,22,Gains In Performance
2024-01-27,21,We Don't Fight Anymore,Carly Pearce Featuring Chris Stapleton,21,31,Gains In Performance
2024-01-27,22,Fearless (The Echo),Jackson Dean,19,51,Gains In Performance
2024-01-27,23,Glory Days,Gabby Barrett,24,32,Gains In Performance
2024-01-27,24,Back Then Right Now,Tyler Hubbard,25,19,Gains In Performance
2024-01-27,25,Take Her Home,Kenny Chesney,27,10,Gains In Performance
2024-01-27,26,I Remember Everything,Zach Bryan Featuring Kacey Musgraves,28,20,Gains In Performance
2024-01-27,27,Your Place,Ashley Cooke,30,5,Gains In Performance
2024-01-27,28,Out Of That Truck,Carrie Underwood,29,33,Gains In Performance
2024-01-27,29,Let Your Boys Be Country,Jason Aldean,32,8,Gains In Performance
2024-01-27,30,I'm Not Pretty,Megan Moroney,31,24,Gains In Performance
2024-01-27,31,Outskirts,Sam Hunt,35,26,Gains In Performance
2024-01-27,32,Can't Break Up Now,Old Dominion & Megan Moroney,33,17,
2024-01-27,33,Love You Again,Chase Matthew,34,34,
2024-01-27,34,Where It Ends,Bailey Zimmerman,37,16,Gains In Performance
2024-01-27,35,Young Love & Saturday Nights,Chris Young,36,19,Gains In Performance
2024-01-27,36,We Ride,Bryan Martin,38,16,Gains In Performance
2024-01-27,37,Drinkin' Problems,Dillon Carmichael,39,28,
2024-01-27,38,Cowboys And Plowboys,Jon Pardi & Luke Bryan,41,14,Gains In Performance
2024-01-27,39,Spirits And Demons,Michael Ray Featuring Meghan Patrick,44,18,Gains In Performance
2024-01-27,40,Something's Gonna Kill Me,Corey Kent,40,25,
2024-01-27,41,Gonna Love You,Parmalee,42,11,
2024-01-27,42,Rodeo Man,Garth Brooks & Ronnie Dunn,43,11,Gains In Performance
2024-01-27,43,Dance With You,Brett Young,45,22,Gains In Performance
2024-01-27,44,Pickup Man,Joe Diffie Featuring Post Malone,46,11,
2024-01-27,45,This Is My Dirt,Justin Moore,47,10,Gains In Performance
2024-01-27,46,Sounds Like The Radio,Zach Top,56,2,Gains In Performance
2024-01-27,47,Love You Back,Lady A,50,8,Gains In Performance
2024-01-27,48,Find Another Bar,Chris Lane,49,12,Gains In Performance
2024-01-27,49,Chevrolet,Dustin Lynch Featuring Jelly Roll,48,6,Gains In Performance
2024-01-27,50,In Your Love,Tyler Childers,52,17,Gains In Performance
2024-01-27,51,Halfway To Hell,Jelly Roll,NEW,1,Highest ranking debut|Gains In Performance
2024-01-27,52,I'm In Love,Hailey Whitters,53,14,
2024-01-27,53,Brokenhearted,Joe Nichols,51,16,
2024-01-27,54,She's Somebody's Daughter (Reimagined),Drew Baldridge,54,12,
2024-01-27,55,Ain't About You,HunterGirl,58,5,Gains In Performance
2024-01-27,56,Long Live Cowgirls,Ian Munsick & Cody Johnson,55,10,
2024-01-27,57,Breakin' In Boots,Matt Stell,NEW,1,Gains In Performance
2024-01-27,58,Dirt Cheap,Cody Johnson,NEW,1,Gains In Performance
2024-01-27,59,Boys Back Home,Dylan Marlowe & Dylan Scott,60,2,Gains In Performance
2024-01-27,60,King Of Country Music,Ryan Larkins,57,3,
2024-02-03,1,World On Fire,Nate Smith,1,33,
2024-02-03,2,White Horse,Chris Stapleton,3,27,Greatest gainer this week|Gains In Performance
2024-02-03,3,Save Me,Jelly Roll With Lainey Wilson,2,35,
2024-02-03,4,Different 'Round Here,Riley Green Featuring Luke Combs,5,38,Gains In Performance
2024-02-03,5,Pretty Little Poison,Warren Zeiders,9,29,Gains In Performance
2024-02-03,6,The Painter,Cody Johnson,8,24,Gains In Performance
2024-02-03,7,Where The Wild Things Are,Luke Combs,7,16,Gains In Performance
2024-02-03,8,All I Need Is You,Chris Janson,10,49,Gains In Performance
2024-02-03,9,Truck Bed,HARDY,12,37,Gains In Performance
2024-02-03,10,I Can Feel It,Kane Brown,11,19,Gains In Performance
2024-02-03,11,23,Chayce Beckham,13,51,Gains In Performance
2024-02-03,12,Mamaw's House,Thomas Rhett Featuring Morgan Wallen,16,17,Gains In Performance
2024-02-03,13,Burn It Down,Parker McCollum,14,34,Gains In Performance
2024-02-03,14,Creek Will Rise,Conner Smith,15,42,Gains In Performance
2024-02-03,15,Man Made A Bar,Morgan Wallen Featuring Eric Church,17,13,Gains In Performance
2024-02-03,16,Cab In A Solo,Scotty McCreery,18,23,Gains In Performance
2024-02-03,17,Tucson Too Late,Jordan Davis,20,23,Gains In Performance
2024-02-03,18,Wildflowers And Wild Horses,Lainey Wilson,19,11,Gains In Performance
2024-02-03,19,Fearless (The Echo),Jackson Dean,22,52,Gains In Performance
2024-02-03,20,We Don't Fight Anymore,Carly Pearce Featuring Chris Stapleton,21,32,Gains In Performance
2024-02-03,21,Glory Days,Gabby Barrett,23,33,Gains In Performance
2024-02-03,22,Back Then Right Now,Tyler Hubbard,24,20,Gains In Performance
2024-02-03,23,Take Her Home,Kenny Chesney,25,11,Gains In Performance
2024-02-03,24,Out Of That Truck,Carrie Underwood,28,34,Gains In Performance
2024-02-03,25,Your Place,Ashley Cooke,27,6,Gains In Performance
2024-02-03,26,I Remember Everything,Zach Bryan Featuring Kacey Musgraves,26,21,
2024-02-03,27,Let Your Boys Be Country,Jason Aldean,29,9,Gains In Performance
2024-02-03,28,I'm Not Pretty,Megan Moroney,30,25,Gains In Performance
2024-02-03,29,Can't Break Up Now,Old Dominion & Megan Moroney,32,18,Gains In Performance
2024-02-03,30,Outskirts,Sam Hunt,31,27,Gains In Performance
2024-02-03,31,Where It Ends,Bailey Zimmerman,34,17,Gains In Performance
2024-02-03,32,Love You Again,Chase Matthew,33,35,Gains In Performance
2024-02-03,33,We Ride,Bryan Martin,36,17,Gains In Performance
2024-02-03,34,Young Love & Saturday Nights,Chris Young,35,20,Gains In Performance
2024-02-03,35,Cowboys And Plowboys,Jon Pardi & Luke Bryan,38,15,Gains In Performance
2024-02-03,36,Halfway To Hell,Jelly Roll,51,2,Gains In Performance
2024-02-03,37,Spirits And Demons,Michael Ray Featuring Meghan Patrick,39,19,Gains In Performance
2024-02-03,38,Drinkin' Problems,Dillon Carmichael,37,29,Gains In Performance
2024-02-03,39,Gonna Love You,Parmalee,41,12,Gains In Performance
2024-02-03,40,Rodeo Man,Garth Brooks & Ronnie Dunn,42,12,Gains In Performance
2024-02-03,41,Something's Gonna Kill Me,Corey Kent,40,26,
2024-02-03,42,Dance With You,Brett Young,43,23,Gains In Performance
2024-02-03,43,This Is My Dirt,Justin Moore,45,11,Gains In Performance
2024-02-03,44,Pickup Man,Joe Diffie Featuring Post Malone,44,12,Gains In Performance
2024-02-03,45,Chevrolet,Dustin Lynch Featuring Jelly Roll,49,7,Gains In Performance
2024-02-03,46,Sounds Like The Radio,Zach Top,46,3,Gains In Performance
2024-02-03,47,In Your Love,Tyler Childers,50,18,Gains In Performance
2024-02-03,48,Find Another Bar,Chris Lane,48,13,Gains In Performance
2024-02-03,49,Love You Back,Lady A,47,9,Gains In Performance
2024-02-03,50,Brokenhearted,Joe Nichols,53,17,Gains In Performance
2024-02-03,51,She's Somebody's Daughter (Reimagined),Drew Baldridge,54,13,Gains In Performance
2024-02-03,52,I'm In Love,Hailey Whitters,52,15,
2024-02-03,53,Ain't About You,HunterGirl,55,6,Gains In Performance
2024-02-03,54,Boys Back Home,Dylan Marlowe & Dylan Scott,59,3,Gains In Performance
2024-02-03,55,One Bad Habit,Tim McGraw,NEW,1,Highest ranking debut|Gains In Performance
2024-02-03,56,Long Live Cowgirls,Ian Munsick & Cody Johnson,56,11,
2024-02-03,57,Breakin' In Boots,Matt Stell,57,2,
2024-02-03,58,Dirt Cheap,Cody Johnson,58,2,
2024-02-03,59,King Of Country Music,Ryan Larkins,60,4,Gains In Performance
2024-02-03,60,Make Me Wanna Smoke,Runaway June,RE,5,
2024-02-10,1,World On Fire,Nate Smith,1,34,
2024-02-10,2,White Horse,Chris Stapleton,2,28,
2024-02-10,3,All I Need Is You,Chris Janson,8,50,Greatest gainer this week|Gains In Performance
2024-02-10,4,Different 'Round Here,Riley Green Featuring Luke Combs,4,39,Gains In Performance
2024-02-10,5,Save Me,Jelly Roll With Lainey Wilson,3,36,
2024-02-10,6,Pretty Little Poison,Warren Zeiders,5,30,Gains In Performance
2024-02-10,7,The Painter,Cody Johnson,6,25,Gains In Performance
2024-02-10,8,Where The Wild Things Are,Luke Combs,7,17,Gains In Performance
2024-02-10,9,Truck Bed,HARDY,9,38,Gains In Performance
2024-02-10,10,I Can Feel It,Kane Brown,10,20,Gains In Performance
2024-02-10,11,Mamaw's House,Thomas Rhett Featuring Morgan Wallen,12,18,Gains In Performance
2024-02-10,12,23,Chayce Beckham,11,52,Gains In Performance
2024-02-10,13,Burn It Down,Parker McCollum,13,35,Gains In Performance
2024-02-10,14,Creek Will Rise,Conner Smith,14,43,Gains In Performance
2024-02-10,15,Man Made A Bar,Morgan Wallen Featuring Eric Church,15,14,Gains In Performance
2024-02-10,16,Tucson Too Late,Jordan Davis,17,24,Gains In Performance
2024-02-10,17,Cab In A Solo,Scotty McCreery,16,24,Gains In Performance
2024-02-10,18,Wildflowers And Wild Horses,Lainey Wilson,18,12,Gains In Performance
2024-02-10,19,Fearless (The Echo),Jackson Dean,19,53,Gains In Performance
2024-02-10,20,We Don't Fight Anymore,Carly Pearce Featuring Chris Stapleton,20,33,Gains In Performance
2024-02-10,21,Back Then Right Now,Tyler Hubbard,22,21,Gains In Performance
2024-02-10,22,Glory Days,Gabby Barrett,21,34,Gains In Performance
2024-02-10,23,Take Her Home,Kenny Chesney,23,12,Gains In Performance
2024-02-10,24,Out Of That Truck,Carrie Underwood,24,35,Gains In Performance
2024-02-10,25,Your Place,Ashley Cooke,25,7,Gains In Performance
2024-02-10,26,Let Your Boys Be Country,Jason Aldean,27,10,Gains In Performance
2024-02-10,27,I Remember Everything,Zach Bryan Featuring Kacey Musgraves,26,22,Gains In Performance
2024-02-10,28,I'm Not Pretty,Megan Moroney,28,26,Gains In Performance
2024-02-10,29,Outskirts,Sam Hunt,30,28,Gains In Performance
2024-02-10,30,Can't Break Up Now,Old Dominion & Megan Moroney,29,19,Gains In Performance
2024-02-10,31,Where It Ends,Bailey Zimmerman,31,18,Gains In Performance
2024-02-10,32,Halfway To Hell,Jelly Roll,36,3,Gains In Performance
2024-02-10,33,We Ride,Bryan Martin,33,18,Gains In Performance
2024-02-10,34,Love You Again,Chase Matthew,32,36,
2024-02-10,35,Young Love & Saturday Nights,Chris Young,34,21,Gains In Performance
2024-02-10,36,Cowboys And Plowboys,Jon Pardi & Luke Bryan,35,16,Gains In Performance
2024-02-10,37,Spirits And Demons,Michael Ray Featuring Meghan Patrick,37,20,Gains In Performance
2024-02-10,38,Drinkin' Problems,Dillon Carmichael,38,30,Gains In Performance
2024-02-10,39,Gonna Love You,Parmalee,39,13,Gains In Performance
2024-02-10,40,Rodeo Man,Garth Brooks & Ronnie Dunn,40,13,Gains In Performance
2024-02-10,41,Dance With You,Brett Young,42,24,Gains In Performance
2024-02-10,42,Chevrolet,Dustin Lynch Featuring Jelly Roll,45,8,Gains In Performance
2024-02-10,43,This Is My Dirt,Justin Moore,43,12,
2024-02-10,44,In Your Love,Tyler Childers,47,19,Gains In Performance
2024-02-10,45,Sounds Like The Radio,Zach Top,46,4,Gains In Performance
2024-02-10,46,Pickup Man,Joe Diffie Featuring Post Malone,44,13,
2024-02-10,47,Find Another Bar,Chris Lane,48,14,Gains In Performance
2024-02-10,48,Brokenhearted,Joe Nichols,50,18,Gains In Performance
2024-02-10,49,Love You Back,Lady A,49,10,
2024-02-10,50,One Bad Habit,Tim McGraw,55,2,Gains In Performance
2024-02-10,51,She's Somebody's Daughter (Reimagined),Drew Baldridge,51,14,Gains In Performance
2024-02-10,52,I'm In Love,Hailey Whitters,52,16,Gains In Performance
2024-02-10,53,Ain't About You,HunterGirl,53,7,Gains In Performance
2024-02-10,54,Long Live Cowgirls,Ian Munsick & Cody Johnson,56,12,Gains In Performance
2024-02-10,55,I Tried A Ring On,Tigirlily Gold,NEW,1,Highest ranking debut|Gains In Performance
2024-02-10,56,Boys Back Home,Dylan Marlowe & Dylan Scott,54,4,Gains In Performance
2024-02-10,57,King Of Country Music,Ryan Larkins,59,5,Gains In Performance
2024-02-10,58,Spin You Around (1/24),Morgan Wallen,NEW,1,Gains In Performance
2024-02-10,59,Breakin' In Boots,Matt Stell,57,3,Gains In Performance
2024-02-10,60,Dirt Cheap,Cody Johnson,58,3,Gains In Performance
2024-02-17,1,World On Fire,Nate Smith,1,35,
2024-02-17,2,Different 'Round Here,Riley Green Featuring Luke Combs,4,40,Greatest gainer this week|Gains In Performance
2024-02-17,3,Pretty Little Poison,Warren Zeiders,6,31,Gains In Performance
2024-02-17,4,The Painter,Cody Johnson,7,26,Gains In Performance
2024-02-17,5,Save Me,Jelly Roll With Lainey Wilson,5,37,
2024-02-17,6,Where The Wild Things Are,Luke Combs,8,18,Gains In Performance
2024-02-17,7,Truck Bed,HARDY,9,39,Gains In Performance
2024-02-17,8,I Can Feel It,Kane Brown,10,21,Gains In Performance
2024-02-17,9,Mamaw's House,Thomas Rhett Featuring Morgan Wallen,11,19,Gains In Performance
2024-02-17,10,Burn It Down,Parker McCollum,13,36,Gains In Performance
2024-02-17,11,All I Need Is You,Chris Janson,3,51,
2024-02-17,12,23,Chayce Beckham,12,53,Gains In Performance
2024-02-17,13,Man Made A Bar,Morgan Wallen Featuring Eric Church,15,15,Gains In Performance
2024-02-17,14,Creek Will Rise,Conner Smith,14,44,Gains In Performance
2024-02-17,15,Tucson Too Late,Jordan Davis,16,25,Gains In Performance
2024-02-17,16,Cab In A Solo,Scotty McCreery,17,25,Gains In Performance
2024-02-17,17,Wildflowers And Wild Horses,Lainey Wilson,18,13,Gains In Performance
2024-02-17,18,Back Then Right Now,Tyler Hubbard,21,22,Gains In Performance
2024-02-17,19,Fearless (The Echo),Jackson Dean,19,54,Gains In Performance
2024-02-17,20,We Don't Fight Anymore,Carly Pearce Featuring Chris Stapleton,20,34,Gains In Performance
2024-02-17,21,Glory Days,Gabby Barrett,22,35,Gains In Performance
2024-02-17,22,Take Her Home,Kenny Chesney,23,13,Gains In Performance
2024-02-17,23,Your Place,Ashley Cooke,25,8,Gains In Performance
2024-02-17,24,Outskirts,Sam Hunt,29,29,Gains In Performance
2024-02-17,25,I'm Not Pretty,Megan Moroney,28,27,Gains In Performance
2024-02-17,26,Out Of That Truck,Carrie Underwood,24,36,
2024-02-17,27,Let Your Boys Be Country,Jason Aldean,26,11,Gains In Performance
2024-02-17,28,Where It Ends,Bailey Zimmerman,31,19,Gains In Performance
2024-02-17,29,I Remember Everything,Zach Bryan Featuring Kacey Musgraves,27,23,Gains In Performance
2024-02-17,30,Halfway To Hell,Jelly Roll,32,4,Gains In Performance
2024-02-17,31,Can't Break Up Now,Old Dominion & Megan Moroney,30,20,Gains In Performance
2024-02-17,32,We Ride,Bryan Martin,33,19,Gains In Performance
2024-02-17,33,Love You Again,Chase Matthew,34,37,Gains In Performance
2024-02-17,34,Young Love & Saturday Nights,Chris Young,35,22,Gains In Performance
2024-02-17,35,Cowboys And Plowboys,Jon Pardi & Luke Bryan,36,17,Gains In Performance
2024-02-17,36,Gonna Love You,Parmalee,39,14,Gains In Performance
2024-02-17,37,Spirits And Demons,Michael Ray Featuring Meghan Patrick,37,21,Gains In Performance
2024-02-17,38,Drinkin' Problems,Dillon Carmichael,38,31,Gains In Performance
2024-02-17,39,This Is My Dirt,Justin Moore,43,13,Gains In Performance
2024-02-17,40,Rodeo Man,Garth Brooks & Ronnie Dunn,40,14,
2024-02-17,41,Dance With You,Brett Young,41,25,
2024-02-17,42,Sounds Like The Radio,Zach Top,45,5,Gains In Performance
2024-02-17,43,In Your Love,Tyler Childers,44,20,Gains In Performance
2024-02-17,44,Chevrolet,Dustin Lynch Featuring Jelly Roll,42,9,
2024-02-17,45,Find Another Bar,Chris Lane,47,15,Gains In Performance
2024-02-17,46,Pickup Man,Joe Diffie Featuring Post Malone,46,14,
2024-02-17,47,Love You Back,Lady A,49,11,Gains In Performance
2024-02-17,48,One Bad Habit,Tim McGraw,50,3,Gains In Performance
2024-02-17,49,I'm In Love,Hailey Whitters,52,17,Gains In Performance
2024-02-17,50,She's Somebody's Daughter (Reimagined),Drew Baldridge,51,15,Gains In Performance
2024-02-17,51,Brokenhearted,Joe Nichols,48,19,Gains In Performance
2024-02-17,52,Boys Back Home,Dylan Marlowe & Dylan Scott,56,5,Gains In Performance
2024-02-17,53,Ain't About You,HunterGirl,53,8,Gains In Performance
2024-02-17,54,Bigger Houses,Dan + Shay,NEW,1,Highest ranking debut|Gains In Performance
2024-02-17,55,King Of Country Music,Ryan Larkins,57,6,Gains In Performance
2024-02-17,56,Breakin' In Boots,Matt Stell,59,4,Gains In Performance
2024-02-17,57,Dirt Cheap,Cody Johnson,60,4,Gains In Performance
2024-02-17,58,Long Live Cowgirls,Ian Munsick & Cody Johnson,54,13,
2024-02-17,59,Make Me Wanna Smoke,Runaway June,RE,6,Gains In Performance
2024-02-17,60,I Tried A Ring On,Tigirlily Gold,55,2,
2024-02-24,1,World On Fire,Nate Smith,1,36,
2024-02-24,2,Pretty Little Poison,Warren Zeiders,3,32,Gains In Performance
2024-02-24,3,Where The Wild Things Are,Luke Combs,6,19,Greatest gainer this week|Gains In Performance
2024-02-24,4,The Painter,Cody Johnson,4,27,Gains In Performance
2024-02-24,5,I Can Feel It,Kane Brown,8,22,Gains In Performance
2024-02-24,6,Truck Bed,HARDY,7,40,Gains In Performance
2024-02-24,7,Save Me,Jelly Roll With Lainey Wilson,5,38,
2024-02-24,8,Mamaw's House,Thomas Rhett Featuring Morgan Wallen,9,20,Gains In Performance
2024-02-24,9,Different 'Round Here,Riley Green Featuring Luke Combs,2,41,
2024-02-24,10,Burn It Down,Parker McCollum,10,37,Gains In Performance
2024-02-24,11,23,Chayce Beckham,12,54,Gains In Performance
2024-02-24,12,Man Made A Bar,Morgan Wallen Featuring Eric Church,13,16,Gains In Performance
2024-02-24,13,Creek Will Rise,Conner Smith,14,45,Gains In Performance
2024-02-24,14,Tucson Too Late,Jordan Davis,15,26,Gains In Performance
2024-02-24,15,Cab In A Solo,Scotty McCreery,16,26,Gains In Performance
2024-02-24,16,Wildflowers And Wild Horses,Lainey Wilson,17,14,Gains In Performance
2024-02-24,17,Back Then Right Now,Tyler Hubbard,18,23,Gains In Performance
2024-02-24,18,Fearless (The Echo),Jackson Dean,19,55,Gains In Performance
2024-02-24,19,We Don't Fight Anymore,Carly Pearce Featuring Chris Stapleton,20,35,Gains In Performance
2024-02-24,20,Take Her Home,Kenny Chesney,22,14,Gains In Performance
2024-02-24,21,Glory Days,Gabby Barrett,21,36,Gains In Performance
2024-02-24,22,Your Place,Ashley Cooke,23,9,Gains In Performance
2024-02-24,23,Outskirts,Sam Hunt,24,30,Gains In Performance
2024-02-24,24,Where It Ends,Bailey Zimmerman,28,20,Gains In Performance
2024-02-24,25,I'm Not Pretty,Megan Moroney,25,28,Gains In Performance
2024-02-24,26,Halfway To Hell,Jelly Roll,30,5,Gains In Performance
2024-02-24,27,Out Of That Truck,Carrie Underwood,26,37,Gains In Performance
2024-02-24,28,Let Your Boys Be Country,Jason Aldean,27,12,Gains In Performance
2024-02-24,29,Can't Break Up Now,Old Dominion & Megan Moroney,31,21,Gains In Performance
2024-02-24,30,I Remember Everything,Zach Bryan Featuring Kacey Musgraves,29,24,
2024-02-24,31,We Ride,Bryan Martin,32,20,Gains In Performance
2024-02-24,32,Love You Again,Chase Matthew,33,38,
2024-02-24,33,Young Love & Saturday Nights,Chris Young,34,23,Gains In Performance
2024-02-24,34,Cowboys And Plowboys,Jon Pardi & Luke Bryan,35,18,
2024-02-24,35,Purple Irises,Gwen Stefani & Blake Shelton,NEW,1,Highest ranking debut|Gains In Performance
2024-02-24,36,Spirits And Demons,Michael Ray Featuring Meghan Patrick,37,22,Gains In Performance
2024-02-24,37,Drinkin' Problems,Dillon Carmichael,38,32,Gains In Performance
2024-02-24,38,Gonna Love You,Parmalee,36,15,
2024-02-24,39,Dance With You,Brett Young,41,26,Gains In Performance
2024-02-24,40,Bulletproof,Nate Smith,NEW,1,Gains In Performance
2024-02-24,41,This Is My Dirt,Justin Moore,39,14,Gains In Performance
2024-02-24,42,Rodeo Man,Garth Brooks & Ronnie Dunn,40,15,
2024-02-24,43,Sounds Like The Radio,Zach Top,42,6,Gains In Performance
2024-02-24,44,Chevrolet,Dustin Lynch Featuring Jelly Roll,44,10,Gains In Performance
2024-02-24,45,In Your Love,Tyler Childers,43,21,
2024-02-24,46,One Bad Habit,Tim McGraw,48,4,Gains In Performance
2024-02-24,47,Bigger Houses,Dan + Shay,54,2,Gains In Performance
2024-02-24,48,Find Another Bar,Chris Lane,45,16,Gains In Performance
2024-02-24,49,Pickup Man,Joe Diffie Featuring Post Malone,46,15,Gains In Performance
2024-02-24,50,I'm In Love,Hailey Whitters,49,18,Gains In Performance
2024-02-24,51,She's Somebody's Daughter (Reimagined),Drew Baldridge,50,16,Gains In Performance
2024-02-24,52,Brokenhearted,Joe Nichols,51,20,Gains In Performance
2024-02-24,53,Boys Back Home,Dylan Marlowe & Dylan Scott,52,6,Gains In Performance
2024-02-24,54,Texas Hold 'Em,Beyonce,NEW,1,Gains In Performance
2024-02-24,55,Love You Back,Lady A,47,12,
2024-02-24,56,Ain't About You,HunterGirl,53,9,Gains In Performance
2024-02-24,57,King Of Country Music,Ryan Larkins,55,7,
2024-02-24,58,Dirt Cheap,Cody Johnson,57,5,Gains In Performance
2024-02-24,59,Make Me Wanna Smoke,Runaway June,59,7,Gains In Performance
2024-02-24,60,Breakin' In Boots,Matt Stell,56,5,
2024-03-02,1,Pretty Little Poison,Warren Zeiders,2,33,Greatest gainer this week|Gains In Performance
2024-03-02,2,World On Fire,Nate Smith,1,37,
2024-03-02,3,The Painter,Cody Johnson,4,28,Gains In Performance
2024-03-02,4,I Can Feel It,Kane Brown,5,23,Gains In Performance
2024-03-02,5,Truck Bed,HARDY,6,41,Gains In Performance
2024-03-02,6,Mamaw's House,Thomas Rhett Featuring Morgan Wallen,8,21,Gains In Performance
2024-03-02,7,Where The Wild Things Are,Luke Combs,3,20,
2024-03-02,8,Save Me,Jelly Roll With Lainey Wilson,7,39,
2024-03-02,9,Man Made A Bar,Morgan Wallen Featuring Eric Church,12,17,Gains In Performance
2024-03-02,10,Burn It Down,Parker McCollum,10,38,Gains In Performance
2024-03-02,11,23,Chayce Beckham,11,55,Gains In Performance
2024-03-02,12,Creek Will Rise,Conner Smith,13,46,
2024-03-02,13,Tucson Too Late,Jordan Davis,14,27,Gains In Performance
2024-03-02,14,Wildflowers And Wild Horses,Lainey Wilson,16,15,Gains In Performance
2024-03-02,15,Back Then Right Now,Tyler Hubbard,17,24,Gains In Performance
2024-03-02,16,Cab In A Solo,Scotty McCreery,15,27,Gains In Performance
2024-03-02,17,Fearless (The Echo),Jackson Dean,18,56,Gains In Performance
2024-03-02,18,Take Her Home,Kenny Chesney,20,15,Gains In Performance
2024-03-02,19,Outskirts,Sam Hunt,23,31,Gains In Performance
2024-03-02,20,We Don't Fight Anymore,Carly Pearce Featuring Chris Stapleton,19,36,Gains In Performance
2024-03-02,21,Your Place,Ashley Cooke,22,10,Gains In Performance
2024-03-02,22,Where It Ends,Bailey Zimmerman,24,21,Gains In Performance
2024-03-02,23,Glory Days,Gabby Barrett,21,37,Gains In Performance
2024-03-02,24,Halfway To Hell,Jelly Roll,26,6,Gains In Performance
2024-03-02,25,I'm Not Pretty,Megan Moroney,25,29,Gains In Performance
2024-03-02,26,Out Of That Truck,Carrie Underwood,27,38,Gains In Performance
2024-03-02,27,Let Your Boys Be Country,Jason Aldean,28,13,Gains In Performance
2024-03-02,28,Can't Break Up Now,Old Dominion & Megan Moroney,29,22,Gains In Performance
2024-03-02,29,We Ride,Bryan Martin,31,21,Gains In Performance
2024-03-02,30,Love You Again,Chase Matthew,32,39,Gains In Performance
2024-03-02,31,Young Love & Saturday Nights,Chris Young,33,24,Gains In Performance
2024-03-02,32,Cowboys And Plowboys,Jon Pardi & Luke Bryan,34,19,Gains In Performance
2024-03-02,33,Gonna Love You,Parmalee,38,16,Gains In Performance
2024-03-02,34,Texas Hold 'Em,Beyonce,54,2,Gains In Performance
2024-03-02,35,Spirits And Demons,Michael Ray Featuring Meghan Patrick,36,23,Gains In Performance
2024-03-02,36,This Is My Dirt,Justin Moore,41,15,Gains In Performance
2024-03-02,37,Dance With You,Brett Young,39,27,Gains In Performance
2024-03-02,38,Bulletproof,Nate Smith,40,2,Gains In Performance
2024-03-02,39,Drinkin' Problems,Dillon Carmichael,37,33,
2024-03-02,40,Rodeo Man,Garth Brooks & Ronnie Dunn,42,16,Gains In Performance
2024-03-02,41,Chevrolet,Dustin Lynch Featuring Jelly Roll,44,11,Gains In Performance
2024-03-02,42,Sounds Like The Radio,Zach Top,43,7,Gains In Performance
2024-03-02,43,One Bad Habit,Tim McGraw,46,5,Gains In Performance
2024-03-02,44,Bigger Houses,Dan + Shay,47,3,Gains In Performance
2024-03-02,45,In Your Love,Tyler Childers,45,22,Gains In Performance
2024-03-02,46,Find Another Bar,Chris Lane,48,17,Gains In Performance
2024-03-02,47,Pickup Man,Joe Diffie Featuring Post Malone,49,16,Gains In Performance
2024-03-02,48,She's Somebody's Daughter (Reimagined),Drew Baldridge,51,17,Gains In Performance
2024-03-02,49,Brokenhearted,Joe Nichols,52,21,Gains In Performance
2024-03-02,50,I'm In Love,Hailey Whitters,50,19,Gains In Performance
2024-03-02,51,Boys Back Home,Dylan Marlowe & Dylan Scott,53,7,Gains In Performance
2024-03-02,52,Love You Back,Lady A,55,13,Gains In Performance
2024-03-02,53,Ain't About You,HunterGirl,56,10,
2024-03-02,54,Dirt Cheap,Cody Johnson,58,6,Gains In Performance
2024-03-02,55,Breakin' In Boots,Matt Stell,60,6,Gains In Performance
2024-03-02,56,King Of Country Music,Ryan Larkins,57,8,Gains In Performance
2024-03-02,57,I Tried A Ring On,Tigirlily Gold,RE,3,Gains In Performance
2024-03-02,58,Wondering Why,The Red Clay Strays,NEW,1,Highest ranking debut|Gains In Performance
2024-03-02,59,Think I'm In Love With You,Chris Stapleton,NEW,1,Gains In Performance
2024-03-02,60,Make Me Wanna Smoke,Runaway June,59,8,
2024-03-09,1,The Painter,Cody Johnson,3,29,Gains In Performance
2024-03-09,2,Pretty Little Poison,Warren Zeiders,1,34,
2024-03-09,3,World On Fire,Nate Smith,2,38,
2024-03-09,4,I Can Feel It,Kane Brown,4,24,Gains In Performance
2024-03-09,5,Truck Bed,HARDY,5,42,Gains In Performance
2024-03-09,6,Mamaw's House,Thomas Rhett Featuring Morgan Wallen,6,22,Gains In Performance
2024-03-09,7,Save Me,Jelly Roll With Lainey Wilson,8,40,
2024-03-09,8,Man Made A Bar,Morgan Wallen Featuring Eric Church,9,18,Gains In Performance
2024-03-09,9,Burn It Down,Parker McCollum,10,39,Gains In Performance
2024-03-09,10,23,Chayce Beckham,11,56,Gains In Performance
2024-03-09,11,Cab In A Solo,Scotty McCreery,16,28,Gains In Performance
2024-03-09,12,Creek Will Rise,Conner Smith,12,47,Gains In Performance
2024-03-09,13,Tucson Too Late,Jordan Davis,13,28,Gains In Performance
2024-03-09,14,Wildflowers And Wild Horses,Lainey Wilson,14,16,Gains In Performance
2024-03-09,15,Back Then Right Now,Tyler Hubbard,15,25,Gains In Performance
2024-03-09,16,Outskirts,Sam Hunt,19,32,Gains In Performance
2024-03-09,17,Fearless (The Echo),Jackson Dean,17,57,Gains In Performance
2024-03-09,18,Take Her Home,Kenny Chesney,18,16,Gains In Performance
2024-03-09,19,We Don't Fight Anymore,Carly Pearce Featuring Chris Stapleton,20,37,Gains In Performance
2024-03-09,20,Where It Ends,Bailey Zimmerman,22,22,Gains In Performance
2024-03-09,21,Your Place,Ashley Cooke,21,11,Gains In Performance
2024-03-09,22,Halfway To Hell,Jelly Roll,24,7,Gains In Performance
2024-03-09,23,Out Of That Truck,Carrie Underwood,26,39,Gains In Performance
2024-03-09,24,Glory Days,Gabby Barrett,23,38,
2024-03-09,25,American Girl,Dierks Bentley,NEW,1,Highest ranking debut|Gains In Performance
2024-03-09,26,I'm Not Pretty,Megan Moroney,25,30,Gains In Performance
2024-03-09,27,Can't Break Up Now,Old Dominion & Megan Moroney,28,23,Gains In Performance
2024-03-09,28,Let Your Boys Be Country,Jason Aldean,27,14,Gains In Performance
2024-03-09,29,We Ride,Bryan Martin,29,22,Gains In Performance
2024-03-09,30,Love You Again,Chase Matthew,30,40,Gains In Performance
2024-03-09,31,Young Love & Saturday Nights,Chris Young,31,25,Gains In Performance
2024-03-09,32,Bulletproof,Nate Smith,38,3,Gains In Performance
2024-03-09,33,Rodeo Man,Garth Brooks & Ronnie Dunn,40,17,Gains In Performance
2024-03-09,34,Gonna Love You,Parmalee,33,17,Gains In Performance
2024-03-09,35,Cowboys And Plowboys,Jon Pardi & Luke Bryan,32,20,
2024-03-09,36,This Is My Dirt,Justin Moore,36,16,Gains In Performance
2024-03-09,37,Dance With You,Brett Young,37,28,Gains In Performance
2024-03-09,38,Texas Hold 'Em,Beyonce,34,3,
2024-03-09,39,Spirits And Demons,Michael Ray Featuring Meghan Patrick,35,24,
2024-03-09,40,Chevrolet,Dustin Lynch Featuring Jelly Roll,41,12,Gains In Performance
2024-03-09,41,Drinkin' Problems,Dillon Carmichael,39,34,Gains In Performance
2024-03-09,42,Sounds Like The Radio,Zach Top,42,8,Gains In Performance
2024-03-09,43,One Bad Habit,Tim McGraw,43,6,Gains In Performance
2024-03-09,44,Bigger Houses,Dan + Shay,44,4,Gains In Performance
2024-03-09,45,Find Another Bar,Chris Lane,46,18,Gains In Performance
2024-03-09,46,In Your Love,Tyler Childers,45,23,
2024-03-09,47,She's Somebody's Daughter (Reimagined),Drew Baldridge,48,18,Gains In Performance
2024-03-09,48,I'm In Love,Hailey Whitters,50,20,Gains In Performance
2024-03-09,49,Brokenhearted,Joe Nichols,49,22,
2024-03-09,50,Pickup Man,Joe Diffie Featuring Post Malone,47,17,
2024-03-09,51,Boys Back Home,Dylan Marlowe & Dylan Scott,51,8,Gains In Performance
2024-03-09,52,Love You Back,Lady A,52,14,
2024-03-09,53,Breakin' In Boots,Matt Stell,55,7,Gains In Performance
2024-03-09,54,Ain't About You,HunterGirl,53,11,
2024-03-09,55,Cowboy Songs,George Birge,NEW,1,Gains In Performance
2024-03-09,56,Think I'm In Love With You,Chris Stapleton,59,2,Gains In Performance
2024-03-09,57,King Of Country Music,Ryan Larkins,56,9,
2024-03-09,58,Dirt Cheap,Cody Johnson,54,7,
2024-03-09,59,I Tried A Ring On,Tigirlily Gold,57,4,Gains In Performance
2024-03-09,60,Last Rodeo,Restless Road,NEW,1,Gains In Performance
2024-03-16,1,I Can Feel It,Kane Brown,4,25,Gains In Performance
2024-03-16,2,Pretty Little Poison,Warren Zeiders,2,35,
2024-03-16,3,World On Fire,Nate Smith,3,39,
2024-03-16,4,Truck Bed,HARDY,5,43,Gains In Performance
2024-03-16,5,Mamaw's House,Thomas Rhett Featuring Morgan Wallen,6,23,Gains In Performance
2024-03-16,6,The Painter,Cody Johnson,1,30,
2024-03-16,7,Man Made A Bar,Morgan Wallen Featuring Eric Church,8,19,Gains In Performance
2024-03-16,8,Save Me,Jelly Roll With Lainey Wilson,7,41,
2024-03-16,9,Burn It Down,Parker McCollum,9,40,Gains In Performance
2024-03-16,10,23,Chayce Beckham,10,57,Gains In Performance
2024-03-16,11,Tucson Too Late,Jordan Davis,13,29,Gains In Performance
2024-03-16,12,Cab In A Solo,Scotty McCreery,11,29,Gains In Performance
2024-03-16,13,Back Then Right Now,Tyler Hubbard,15,26,Gains In Performance
2024-03-16,14,Outskirts,Sam Hunt,16,33,Gains In Performance
2024-03-16,15,Wildflowers And Wild Horses,Lainey Wilson,14,17,Gains In Performance
2024-03-16,16,Creek Will Rise,Conner Smith,12,48,Gains In Performance
2024-03-16,17,Take Her Home,Kenny Chesney,18,17,Gains In Performance
2024-03-16,18,Fearless (The Echo),Jackson Dean,17,58,Gains In Performance
2024-03-16,19,Where It Ends,Bailey Zimmerman,20,23,Gains In Performance
2024-03-16,20,We Don't Fight Anymore,Carly Pearce Featuring Chris Stapleton,19,38,Gains In Performance
2024-03-16,21,Your Place,Ashley Cooke,21,12,Gains In Performance
2024-03-16,22,Halfway To Hell,Jelly Roll,22,8,Gains In Performance
2024-03-16,23,Out Of That Truck,Carrie Underwood,23,40,Gains In Performance
2024-03-16,24,I'm Not Pretty,Megan Moroney,26,31,Gains In Performance
2024-03-16,25,Messed Up As Me,Keith Urban,NEW,1,Highest ranking debut|Gains In Performance
2024-03-16,26,We Ride,Bryan Martin,29,23,Gains In Performance
2024-03-16,27,Can't Break Up Now,Old Dominion & Megan Moroney,27,24,Gains In Performance
2024-03-16,28,Let Your Boys Be Country,Jason Aldean,28,15,Gains In Performance
2024-03-16,29,Love You Again,Chase Matthew,30,41,Gains In Performance
2024-03-16,30,Young Love & Saturday Nights,Chris Young,31,26,Gains In Performance
2024-03-16,31,Bulletproof,Nate Smith,32,4,Gains In Performance
2024-03-16,32,Rodeo Man,Garth Brooks & Ronnie Dunn,33,18,Gains In Performance
2024-03-16,33,This Is My Dirt,Justin Moore,36,17,Gains In Performance
2024-03-16,34,Cowboys And Plowboys,Jon Pardi & Luke Bryan,35,21,Gains In Performance
2024-03-16,35,Dance With You,Brett Young,37,29,Gains In Performance
2024-03-16,36,Gonna Love You,Parmalee,34,18,
2024-03-16,37,Chevrolet,Dustin Lynch Featuring Jelly Roll,40,13,Gains In Performance
2024-03-16,38,One Bad Habit,Tim McGraw,43,7,Gains In Performance
2024-03-16,39,Drinkin' Problems,Dillon Carmichael,41,35,Gains In Performance
2024-03-16,40,Sounds Like The Radio,Zach Top,42,9,Gains In Performance
2024-03-16,41,Bigger Houses,Dan + Shay,44,5,Gains In Performance
2024-03-16,42,Texas Hold 'Em,Beyonce,38,4,
2024-03-16,43,American Girl,Dierks Bentley,25,2,
2024-03-16,44,In Your Love,Tyler Childers,46,24,Gains In Performance
2024-03-16,45,She's Somebody's Daughter (Reimagined),Drew Baldridge,47,19,Gains In Performance
2024-03-16,46,Find Another Bar,Chris Lane,45,19,
2024-03-16,47,Boys Back Home,Dylan Marlowe & Dylan Scott,51,9,Gains In Performance
2024-03-16,48,I'm In Love,Hailey Whitters,48,21,
2024-03-16,49,Brokenhearted,Joe Nichols,49,23,
2024-03-16,50,Love You Back,Lady A,52,15,Gains In Performance
2024-03-16,51,Pickup Man,Joe Diffie Featuring Post Malone,50,18,
2024-03-16,52,Dirt Cheap,Cody Johnson,58,8,Gains In Performance
2024-03-16,53,Breakin' In Boots,Matt Stell,53,8,Gains In Performance
2024-03-16,54,Think I'm In Love With You,Chris Stapleton,56,3,Gains In Performance
2024-03-16,55,I Tried A Ring On,Tigirlily Gold,59,5,Gains In Performance
2024-03-16,56,Ain't About You,HunterGirl,54,12,
2024-03-16,57,Last Rodeo,Restless Road,60,2,Gains In Performance
2024-03-16,58,King Of Country Music,Ryan Larkins,57,10,
2024-03-16,59,Make Me Wanna Smoke,Runaway June,RE,9,Gains In Performance
2024-03-16,60,This Town's Been Too Good To Us,Dylan Scott,NEW,1,Gains In Performance
2024-03-23,1,Mamaw's House,Thomas Rhett Featuring Morgan Wallen,5,24,Gains In Performance
2024-03-23,2,Truck Bed,HARDY,4,44,Gains In Performance
2024-03-23,3,Pretty Little Poison,Warren Zeiders,2,36,
2024-03-23,4,World On Fire,Nate Smith,3,40,
2024-03-23,5,I Can Feel It,Kane Brown,1,26,
2024-03-23,6,Man Made A Bar,Morgan Wallen Featuring Eric Church,7,20,Gains In Performance
2024-03-23,7,Burn It Down,Parker McCollum,9,41,Gains In Performance
2024-03-23,8,23,Chayce Beckham,10,58,Gains In Performance
2024-03-23,9,The Painter,Cody Johnson,6,31,
2024-03-23,10,Outskirts,Sam Hunt,14,34,Gains In Performance
2024-03-23,11,Tucson Too Late,Jordan Davis,11,30,Gains In Performance
2024-03-23,12,Cab In A Solo,Scotty McCreery,12,30,Gains In Performance
2024-03-23,13,Back Then Right Now,Tyler Hubbard,13,27,Gains In Performance
2024-03-23,14,Wildflowers And Wild Horses,Lainey Wilson,15,18,Gains In Performance
2024-03-23,15,Creek Will Rise,Conner Smith,16,49,
2024-03-23,16,Take Her Home,Kenny Chesney,17,18,Gains In Performance
2024-03-23,17,Where It Ends,Bailey Zimmerman,19,24,Gains In Performance
2024-03-23,18,Fearless (The Echo),Jackson Dean,18,59,Gains In Performance
2024-03-23,19,Your Place,Ashley Cooke,21,13,Gains In Performance
2024-03-23,20,Halfway To Hell,Jelly Roll,22,9,Gains In Performance
2024-03-23,21,We Don't Fight Anymore,Carly Pearce Featuring Chris Stapleton,20,39,Gains In Performance
2024-03-23,22,Out Of That Truck,Carrie Underwood,23,41,Gains In Performance
2024-03-23,23,I'm Not Pretty,Megan Moroney,24,32,Gains In Performance
2024-03-23,24,Let Your Boys Be Country,Jason Aldean,28,16,Gains In Performance
2024-03-23,25,We Ride,Bryan Martin,26,24,Gains In Performance
2024-03-23,26,Can't Break Up Now,Old Dominion & Megan Moroney,27,25,Gains In Performance
2024-03-23,27,Young Love & Saturday Nights,Chris Young,30,27,Gains In Performance
2024-03-23,28,Love You Again,Chase Matthew,29,42,Gains In Performance
2024-03-23,29,Whatcha See Is Whatcha Get,Chris Janson,NEW,1,Highest ranking debut|Gains In Performance
2024-03-23,30,Bulletproof,Nate Smith,31,5,Gains In Performance
2024-03-23,31,Chevrolet,Dustin Lynch Featuring Jelly Roll,37,14,Gains In Performance
2024-03-23,32,Dance With You,Brett Young,35,30,Gains In Performance
2024-03-23,33,This Is My Dirt,Justin Moore,33,18,Gains In Performance
2024-03-23,34,Rodeo Man,Garth Brooks & Ronnie Dunn,32,19,Gains In Performance
2024-03-23,35,Cowboys And Plowboys,Jon Pardi & Luke Bryan,34,22,Gains In Performance
2024-03-23,36,One Bad Habit,Tim McGraw,38,8,Gains In Performance
2024-03-23,37,Gonna Love You,Parmalee,36,19,Gains In Performance
2024-03-23,38,Drinkin' Problems,Dillon Carmichael,39,36,Gains In Performance
2024-03-23,39,Sounds Like The Radio,Zach Top,40,10,Gains In Performance
2024-03-23,40,Texas Hold 'Em,Beyonce,42,5,Gains In Performance
2024-03-23,41,Bigger Houses,Dan + Shay,41,6,Gains In Performance
2024-03-23,42,American Girl,Dierks Bentley,43,3,Gains In Performance
2024-03-23,43,Messed Up As Me,Keith Urban,25,2,
2024-03-23,44,She's Somebody's Daughter (Reimagined),Drew Baldridge,45,20,Gains In Performance
2024-03-23,45,Dirt Cheap,Cody Johnson,52,9,Gains In Performance
2024-03-23,46,Find Another Bar,Chris Lane,46,20,Gains In Performance
2024-03-23,47,In Your Love,Tyler Childers,44,25,Gains In Performance
2024-03-23,48,Boys Back Home,Dylan Marlowe & Dylan Scott,47,10,Gains In Performance
2024-03-23,49,I'm In Love,Hailey Whitters,48,22,Gains In Performance
2024-03-23,50,Brokenhearted,Joe Nichols,49,24,Gains In Performance
2024-03-23,51,Think I'm In Love With You,Chris Stapleton,54,4,Gains In Performance
2024-03-23,52,Love You Back,Lady A,50,16,Gains In Performance
2024-03-23,53,Ain't About You,HunterGirl,56,13,Gains In Performance
2024-03-23,54,Cowboy Songs,George Birge,RE,2,Gains In Performance
2024-03-23,55,Breakin' In Boots,Matt Stell,53,9,
2024-03-23,56,I Tried A Ring On,Tigirlily Gold,55,6,Gains In Performance
2024-03-23,57,Last Rodeo,Restless Road,57,3,Gains In Performance
2024-03-23,58,Spin You Around (1/24),Morgan Wallen,RE,2,Gains In Performance
2024-03-23,59,Make Me Wanna Smoke,Runaway June,59,10,Gains In Performance
2024-03-23,60,King Of Country Music,Ryan Larkins,58,11,
2024-03-30,1,Truck Bed,HARDY,2,45,Greatest gainer this week|Gains In Performance
2024-03-30,2,Man Made A Bar,Morgan Wallen Featuring Eric Church,6,21,Gains In Performance
2024-03-30,3,World On Fire,Nate Smith,4,41,
2024-03-30,4,Mamaw's House,Thomas Rhett Featuring Morgan Wallen,1,25,
2024-03-30,5,Pretty Little Poison,Warren Zeiders,3,37,
2024-03-30,6,23,Chayce Beckham,8,59,Gains In Performance
2024-03-30,7,Burn It Down,Parker McCollum,7,42,Gains In Performance
2024-03-30,8,Outskirts,Sam Hunt,10,35,Gains In Performance
2024-03-30,9,Tucson Too Late,Jordan Davis,11,31,Gains In Performance
2024-03-30,10,Back Then Right Now,Tyler Hubbard,13,28,Gains In Performance
2024-03-30,11,Cab In A Solo,Scotty McCreery,12,31,Gains In Performance
2024-03-30,12,Wildflowers And Wild Horses,Lainey Wilson,14,19,Gains In Performance
2024-03-30,13,Take Her Home,Kenny Chesney,16,19,Gains In Performance
2024-03-30,14,Where It Ends,Bailey Zimmerman,17,25,Gains In Performance
2024-03-30,15,Fearless (The Echo),Jackson Dean,18,60,Gains In Performance
2024-03-30,16,Halfway To Hell,Jelly Roll,20,10,Gains In Performance
2024-03-30,17,Your Place,Ashley Cooke,19,14,Gains In Performance
2024-03-30,18,We Don't Fight Anymore,Carly Pearce Featuring Chris Stapleton,21,40,Gains In Performance
2024-03-30,19,Let Your Boys Be Country,Jason Aldean,24,17,Gains In Performance
2024-03-30,20,Out Of That Truck,Carrie Underwood,22,42,Gains In Performance
2024-03-30,21,I'm Not Pretty,Megan Moroney,23,33,Gains In Performance
2024-03-30,22,We Ride,Bryan Martin,25,25,Gains In Performance
2024-03-30,23,Can't Break Up Now,Old Dominion & Megan Moroney,26,26,Gains In Performance
2024-03-30,24,Young Love & Saturday Nights,Chris Young,27,28,Gains In Performance
2024-03-30,25,Love You Again,Chase Matthew,28,43,Gains In Performance
2024-03-30,26,Bulletproof,Nate Smith,30,6,Gains In Performance
2024-03-30,27,Chevrolet,Dustin Lynch Featuring Jelly Roll,31,15,Gains In Performance
2024-03-30,28,Cowboys And Plowboys,Jon Pardi & Luke Bryan,35,23,Gains In Performance
2024-03-30,29,Rodeo Man,Garth Brooks & Ronnie Dunn,34,20,Gains In Performance
2024-03-30,30,Messed Up As Me,Keith Urban,43,3,Gains In Performance
2024-03-30,31,Dance With You,Brett Young,32,31,Gains In Performance
2024-03-30,32,One Bad Habit,Tim McGraw,36,9,Gains In Performance
2024-03-30,33,Texas Hold 'Em,Beyonce,40,6,Gains In Performance
2024-03-30,34,This Is My Dirt,Justin Moore,33,19,Gains In Performance
2024-03-30,35,Gonna Love You,Parmalee,37,20,Gains In Performance
2024-03-30,36,Dirt Cheap,Cody Johnson,45,10,Gains In Performance
2024-03-30,37,Sounds Like The Radio,Zach Top,39,11,Gains In Performance
2024-03-30,38,Drinkin' Problems,Dillon Carmichael,38,37,Gains In Performance
2024-03-30,39,Bigger Houses,Dan + Shay,41,7,Gains In Performance
2024-03-30,40,American Girl,Dierks Bentley,42,4,Gains In Performance
2024-03-30,41,She's Somebody's Daughter (Reimagined),Drew Baldridge,44,21,Gains In Performance
2024-03-30,42,Find Another Bar,Chris Lane,46,21,Gains In Performance
2024-03-30,43,Boys Back Home,Dylan Marlowe & Dylan Scott,48,11,Gains In Performance
2024-03-30,44,Cowboy Songs,George Birge,54,3,Gains In Performance
2024-03-30,45,In Your Love,Tyler Childers,47,26,Gains In Performance
2024-03-30,46,Think I'm In Love With You,Chris Stapleton,51,5,Gains In Performance
2024-03-30,47,I'm In Love,Hailey Whitters,49,23,
2024-03-30,48,Brokenhearted,Joe Nichols,50,25,
2024-03-30,49,Love You Back,Lady A,52,17,Gains In Performance
2024-03-30,50,Whatcha See Is Whatcha Get,Chris Janson,29,2,
2024-03-30,51,I Tried A Ring On,Tigirlily Gold,56,7,Gains In Performance
2024-03-30,52,Breakin' In Boots,Matt Stell,55,10,Gains In Performance
2024-03-30,53,Last Rodeo,Restless Road,57,4,Gains In Performance
2024-03-30,54,Ain't About You,HunterGirl,53,14,
2024-03-30,55,This Town's Been Too Good To Us,Dylan Scott,RE,2,Gains In Performance
2024-03-30,56,Spin You Around (1/24),Morgan Wallen,58,3,Gains In Performance
2024-03-30,57,Damn Good Day To Leave,Riley Green,NEW,1,Highest ranking debut|Gains In Performance
2024-03-30,58,Make Me Wanna Smoke,Runaway June,59,11,Gains In Performance
2024-03-30,59,King Of Country Music,Ryan Larkins,60,12,
2024-03-30,60,Single Again,Josh Ross,NEW,1,Gains In Performance
2024-04-06,1,23,Chayce Beckham,6,60,Gains In Performance
2024-04-06,2,Truck Bed,HARDY,1,46,
2024-04-06,3,Man Made A Bar,Morgan Wallen Featuring Eric Church,2,22,Gains In Performance
2024-04-06,4,World On Fire,Nate Smith,3,42,
2024-04-06,5,Outskirts,Sam Hunt,8,36,Gains In Performance
2024-04-06,6,Burn It Down,Parker McCollum,7,43,Gains In Performance
2024-04-06,7,Pretty Little Poison,Warren Zeiders,5,38,
2024-04-06,8,Back Then Right Now,Tyler Hubbard,10,29,Gains In Performance
2024-04-06,9,Tucson Too Late,Jordan Davis,9,32,Gains In Performance
2024-04-06,10,Cab In A Solo,Scotty McCreery,11,32,Gains In Performance
2024-04-06,11,Wildflowers And Wild Horses,Lainey Wilson,12,20,Gains In Performance
2024-04-06,12,Take Her Home,Kenny Chesney,13,20,Gains In Performance
2024-04-06,13,Where It Ends,Bailey Zimmerman,14,26,Gains In Performance
2024-04-06,14,Fearless (The Echo),Jackson Dean,15,61,Gains In Performance
2024-04-06,15,Halfway To Hell,Jelly Roll,16,11,Gains In Performance
2024-04-06,16,Your Place,Ashley Cooke,17,15,Gains In Performance
2024-04-06,17,We Don't Fight Anymore,Carly Pearce Featuring Chris Stapleton,18,41,Gains In Performance
2024-04-06,18,Let Your Boys Be Country,Jason Aldean,19,18,Gains In Performance
2024-04-06,19,I'm Not Pretty,Megan Moroney,21,34,Gains In Performance
2024-04-06,20,Out Of That Truck,Carrie Underwood,20,43,Gains In Performance
2024-04-06,21,We Ride,Bryan Martin,22,26,Gains In Performance
2024-04-06,22,Young Love & Saturday Nights,Chris Young,24,29,Gains In Performance
2024-04-06,23,Can't Break Up Now,Old Dominion & Megan Moroney,23,27,Gains In Performance
2024-04-06,24,Tie Up,Zac Brown Band,NEW,1,Highest ranking debut|Gains In Performance
2024-04-06,25,Love You Again,Chase Matthew,25,44,
2024-04-06,26,Bulletproof,Nate Smith,26,7,Gains In Performance
2024-04-06,27,Cowboys And Plowboys,Jon Pardi & Luke Bryan,28,24,Gains In Performance
2024-04-06,28,Dirt Cheap,Cody Johnson,36,11,Gains In Performance
2024-04-06,29,Chevrolet,Dustin Lynch Featuring Jelly Roll,27,16,Gains In Performance
2024-04-06,30,Rodeo Man,Garth Brooks & Ronnie Dunn,29,21,Gains In Performance
2024-04-06,31,Messed Up As Me,Keith Urban,30,4,Gains In Performance
2024-04-06,32,This Is My Dirt,Justin Moore,34,20,Gains In Performance
2024-04-06,33,One Bad Habit,Tim McGraw,32,10,Gains In Performance
2024-04-06,34,Dance With You,Brett Young,31,32,Gains In Performance
2024-04-06,35,Texas Hold 'Em,Beyonce,33,7,Gains In Performance
2024-04-06,36,Drinkin' Problems,Dillon Carmichael,38,38,Gains In Performance
2024-04-06,37,Gonna Love You,Parmalee,35,21,Gains In Performance
2024-04-06,38,Sounds Like The Radio,Zach Top,37,12,Gains In Performance
2024-04-06,39,Bigger Houses,Dan + Shay,39,8,Gains In Performance
2024-04-06,40,She's Somebody's Daughter (Reimagined),Drew Baldridge,41,22,Gains In Performance
2024-04-06,41,American Girl,Dierks Bentley,40,5,Gains In Performance
2024-04-06,42,Cowboy Songs,George Birge,44,4,Gains In Performance
2024-04-06,43,Find Another Bar,Chris Lane,42,22,Gains In Performance
2024-04-06,44,Boys Back Home,Dylan Marlowe & Dylan Scott,43,12,Gains In Performance
2024-04-06,45,In Your Love,Tyler Childers,45,27,Gains In Performance
2024-04-06,46,Whatcha See Is Whatcha Get,Chris Janson,50,3,Gains In Performance
2024-04-06,47,I'm In Love,Hailey Whitters,47,24,Gains In Performance
2024-04-06,48,Think I'm In Love With You,Chris Stapleton,46,6,Gains In Performance
2024-04-06,49,Brokenhearted,Joe Nichols,48,26,Gains In Performance
2024-04-06,50,Damn Good Day To Leave,Riley Green,57,2,Gains In Performance
2024-04-06,51,Breakin' In Boots,Matt Stell,52,11,Gains In Performance
2024-04-06,52,Love You Back,Lady A,49,18,
2024-04-06,53,Called Crazy,Kassi Ashton,NEW,1,Gains In Performance
2024-04-06,54,Austin,Dasha,NEW,1,Gains In Performance
2024-04-06,55,This Town's Been Too Good To Us,Dylan Scott,55,3,Gains In Performance
2024-04-06,56,I Tried A Ring On,Tigirlily Gold,51,8,
2024-04-06,57,Last Rodeo,Restless Road,53,5,
2024-04-06,58,Spin You Around (1/24),Morgan Wallen,56,4,Gains In Performance
2024-04-06,59,Ain't About You,HunterGirl,54,15,
2024-04-06,60,Single Again,Josh Ross,60,2,Gains In Performance
2024-04-13,1,Burn It Down,Parker McCollum,6,44,Greatest gainer this week|Gains In Performance
2024-04-13,2,Man Made A Bar,Morgan Wallen Featuring Eric Church,3,23,Gains In Performance
2024-04-13,3,Outskirts,Sam Hunt,5,37,Gains In Performance
2024-04-13,4,World On Fire,Nate Smith,4,43,
2024-04-13,5,Truck Bed,HARDY,2,47,
2024-04-13,6,Pretty Little Poison,Warren Zeiders,7,39,
2024-04-13,7,Back Then Right Now,Tyler Hubbard,8,30,Gains In Performance
2024-04-13,8,Tucson Too Late,Jordan Davis,9,33,Gains In Performance
2024-04-13,9,Cab In A Solo,Scotty McCreery,10,33,Gains In Performance
2024-04-13,10,23,Chayce Beckham,1,61,
2024-04-13,11,Wildflowers And Wild Horses,Lainey Wilson,11,21,Gains In Performance
2024-04-13,12,Take Her Home,Kenny Chesney,12,21,Gains In Performance
2024-04-13,13,Where It Ends,Bailey Zimmerman,13,27,Gains In Performance
2024-04-13,14,Fearless (The Echo),Jackson Dean,14,62,Gains In Performance
2024-04-13,15,Halfway To Hell,Jelly Roll,15,12,Gains In Performance
2024-04-13,16,Your Place,Ashley Cooke,16,16,Gains In Performance
2024-04-13,17,We Don't Fight Anymore,Carly Pearce Featuring Chris Stapleton,17,42,Gains In Performance
2024-04-13,18,Let Your Boys Be Country,Jason Aldean,18,19,Gains In Performance
2024-04-13,19,We Ride,Bryan Martin,21,27,Gains In Performance
2024-04-13,20,I'm Not Pretty,Megan Moroney,19,35,Gains In Performance
2024-04-13,21,Out Of That Truck,Carrie Underwood,20,44,Gains In Performance
2024-04-13,22,Can't Break Up Now,Old Dominion & Megan Moroney,23,28,Gains In Performance
2024-04-13,23,Young Love & Saturday Nights,Chris Young,22,30,Gains In Performance
2024-04-13,24,Bulletproof,Nate Smith,26,8,Gains In Performance
2024-04-13,25,Love You Again,Chase Matthew,25,45,Gains In Performance
2024-04-13,26,Dirt Cheap,Cody Johnson,28,12,Gains In Performance
2024-04-13,27,Cowboys And Plowboys,Jon Pardi & Luke Bryan,27,25,Gains In Performance
2024-04-13,28,Chevrolet,Dustin Lynch Featuring Jelly Roll,29,17,Gains In Performance
2024-04-13,29,Rodeo Man,Garth Brooks & Ronnie Dunn,30,22,Gains In Performance
2024-04-13,30,Dance With You,Brett Young,34,33,Gains In Performance
2024-04-13,31,Messed Up As Me,Keith Urban,31,5,Gains In Performance
2024-04-13,32,Gonna Love You,Parmalee,37,22,Gains In Performance
2024-04-13,33,One Bad Habit,Tim McGraw,33,11,Gains In Performance
2024-04-13,34,Drinkin' Problems,Dillon Carmichael,36,39,Gains In Performance
2024-04-13,35,This Is My Dirt,Justin Moore,32,21,
2024-04-13,36,She's Somebody's Daughter (Reimagined),Drew Baldridge,40,23,Gains In Performance
2024-04-13,37,Texas Hold 'Em,Beyonce,35,8,
2024-04-13,38,Bigger Houses,Dan + Shay,39,9,Gains In Performance
2024-04-13,39,Sounds Like The Radio,Zach Top,38,13,Gains In Performance
2024-04-13,40,American Girl,Dierks Bentley,41,6,Gains In Performance
2024-04-13,41,Find Another Bar,Chris Lane,43,23,Gains In Performance
2024-04-13,42,Cowboy Songs,George Birge,42,5,
2024-04-13,43,Boys Back Home,Dylan Marlowe & Dylan Scott,44,13,Gains In Performance
2024-04-13,44,In Your Love,Tyler Childers,45,28,
2024-04-13,45,Austin,Dasha,54,2,Gains In Performance
2024-04-13,46,Brokenhearted,Joe Nichols,49,27,Gains In Performance
2024-04-13,47,Whatcha See Is Whatcha Get,Chris Janson,46,4,
2024-04-13,48,Damn Good Day To Leave,Riley Green,50,3,Gains In Performance
2024-04-13,49,I'm In Love,Hailey Whitters,47,25,
2024-04-13,50,Think I'm In Love With You,Chris Stapleton,48,7,Gains In Performance
2024-04-13,51,This Town's Been Too Good To Us,Dylan Scott,55,4,Gains In Performance
2024-04-13,52,Breakin' In Boots,Matt Stell,51,12,Gains In Performance
2024-04-13,53,I Tried A Ring On,Tigirlily Gold,56,9,Gains In Performance
2024-04-13,54,Love You Back,Lady A,52,19,Gains In Performance
2024-04-13,55,Tie Up,Zac Brown Band,24,2,
2024-04-13,56,Jolene,Beyonce,NEW,1,Highest ranking debut|Gains In Performance
2024-04-13,57,Life With You,Kelsey Hart,NEW,1,Gains In Performance
2024-04-13,58,Last Rodeo,Restless Road,57,6,Gains In Performance
2024-04-13,59,Called Crazy,Kassi Ashton,53,2,
2024-04-13,60,Spin You Around (1/24),Morgan Wallen,58,5,
2024-04-20,1,Man Made A Bar,Morgan Wallen Featuring Eric Church,2,24,Gains In Performance
2024-04-20,2,Outskirts,Sam Hunt,3,38,Gains In Performance
2024-04-20,3,Burn It Down,Parker McCollum,1,45,
2024-04-20,4,World On Fire,Nate Smith,4,44,
2024-04-20,5,Back Then Right Now,Tyler Hubbard,7,31,Gains In Performance
2024-04-20,6,Tucson Too Late,Jordan Davis,8,34,Gains In Performance
2024-04-20,7,Cab In A Solo,Scotty McCreery,9,34,Gains In Performance
2024-04-20,8,Pretty Little Poison,Warren Zeiders,6,40,
2024-04-20,9,Where It Ends,Bailey Zimmerman,13,28,Gains In Performance
2024-04-20,10,Wildflowers And Wild Horses,Lainey Wilson,11,22,
2024-04-20,11,Take Her Home,Kenny Chesney,12,22,Gains In Performance
2024-04-20,12,Halfway To Hell,Jelly Roll,15,13,Gains In Performance
2024-04-20,13,Fearless (The Echo),Jackson Dean,14,63,Gains In Performance
2024-04-20,14,Your Place,Ashley Cooke,16,17,Gains In Performance
2024-04-20,15,We Don't Fight Anymore,Carly Pearce Featuring Chris Stapleton,17,43,Gains In Performance
2024-04-20,16,Let Your Boys Be Country,Jason Aldean,18,20,Gains In Performance
2024-04-20,17,We Ride,Bryan Martin,19,28,Gains In Performance
2024-04-20,18,Out Of That Truck,Carrie Underwood,21,45,
2024-04-20,19,Young Love & Saturday Nights,Chris Young,23,31,Gains In Performance
2024-04-20,20,I'm Not Pretty,Megan Moroney,20,36,
2024-04-20,21,Can't Break Up Now,Old Dominion & Megan Moroney,22,29,Gains In Performance
2024-04-20,22,Bulletproof,Nate Smith,24,9,Gains In Performance
2024-04-20,23,Love You Again,Chase Matthew,25,46,Gains In Performance
2024-04-20,24,Dirt Cheap,Cody Johnson,26,13,Gains In Performance
2024-04-20,25,Chevrolet,Dustin Lynch Featuring Jelly Roll,28,18,Gains In Performance
2024-04-20,26,Cowboys And Plowboys,Jon Pardi & Luke Bryan,27,26,Gains In Performance
2024-04-20,27,"Love You, Miss You, Mean It",Luke Bryan,NEW,1,Highest ranking debut|Gains In Performance
2024-04-20,28,Rodeo Man,Garth Brooks & Ronnie Dunn,29,23,Gains In Performance
2024-04-20,29,Dance With You,Brett Young,30,34,Gains In Performance
2024-04-20,30,One Bad Habit,Tim McGraw,33,12,Gains In Performance
2024-04-20,31,Gonna Love You,Parmalee,32,23,Gains In Performance
2024-04-20,32,She's Somebody's Daughter (Reimagined),Drew Baldridge,36,24,Gains In Performance
2024-04-20,33,This Is My Dirt,Justin Moore,35,22,Gains In Performance
2024-04-20,34,Messed Up As Me,Keith Urban,31,6,Gains In Performance
2024-04-20,35,Drinkin' Problems,Dillon Carmichael,34,40,
2024-04-20,36,Bigger Houses,Dan + Shay,38,10,Gains In Performance
2024-04-20,37,Texas Hold 'Em,Beyonce,37,9,
2024-04-20,38,Sounds Like The Radio,Zach Top,39,14,Gains In Performance
2024-04-20,39,Austin,Dasha,45,3,Gains In Performance
2024-04-20,40,American Girl,Dierks Bentley,40,7,
2024-04-20,41,Cowboy Songs,George Birge,42,6,Gains In Performance
2024-04-20,42,Find Another Bar,Chris Lane,41,24,Gains In Performance
2024-04-20,43,Boys Back Home,Dylan Marlowe & Dylan Scott,43,14,Gains In Performance
2024-04-20,44,This Town's Been Too Good To Us,Dylan Scott,51,5,Gains In Performance
2024-04-20,45,In Your Love,Tyler Childers,44,29,Gains In Performance
2024-04-20,46,Whatcha See Is Whatcha Get,Chris Janson,47,5,Gains In Performance
2024-04-20,47,Breakin' In Boots,Matt Stell,52,13,Gains In Performance
2024-04-20,48,Love You Back,Lady A,54,20,Gains In Performance
2024-04-20,49,Damn Good Day To Leave,Riley Green,48,4,
2024-04-20,50,Think I'm In Love With You,Chris Stapleton,50,8,
2024-04-20,51,I'm In Love,Hailey Whitters,49,26,
2024-04-20,52,I Tried A Ring On,Tigirlily Gold,53,10,
2024-04-20,53,Tie Up,Zac Brown Band,55,3,Gains In Performance
2024-04-20,54,Cowgirls,Morgan Wallen Featuring ERNEST,NEW,1,Gains In Performance
2024-04-20,55,Life With You,Kelsey Hart,57,2,Gains In Performance
2024-04-20,56,Last Rodeo,Restless Road,58,7,
2024-04-20,57,Single Again,Josh Ross,RE,3,Gains In Performance
2024-04-20,58,King Of Country Music,Ryan Larkins,RE,13,Gains In Performance
2024-04-20,59,Called Crazy,Kassi Ashton,59,3,
2024-04-20,60,Ain't About You,HunterGirl,RE,16,
2024-04-27,1,Outskirts,Sam Hunt,2,39,Greatest gainer this week|Gains In Performance
2024-04-27,2,Man Made A Bar,Morgan Wallen Featuring Eric Church,1,25,
2024-04-27,3,Back Then Right Now,Tyler Hubbard,5,32,Gains In Performance
2024-04-27,4,Tucson Too Late,Jordan Davis,6,35,Gains In Performance
2024-04-27,5,Cab In A Solo,Scotty McCreery,7,35,Gains In Performance
2024-04-27,6,Pretty Little Poison,Warren Zeiders,8,41,
2024-04-27,7,World On Fire,Nate Smith,4,45,
2024-04-27,8,Where It Ends,Bailey Zimmerman,9,29,Gains In Performance
2024-04-27,9,Take Her Home,Kenny Chesney,11,23,Gains In Performance
2024-04-27,10,Wildflowers And Wild Horses,Lainey Wilson,10,23,Gains In Performance
2024-04-27,11,Halfway To Hell,Jelly Roll,12,14,Gains In Performance
2024-04-27,12,Your Place,Ashley Cooke,14,18,Gains In Performance
2024-04-27,13,Fearless (The Echo),Jackson Dean,13,64,Gains In Performance
2024-04-27,14,Let Your Boys Be Country,Jason Aldean,16,21,Gains In Performance
2024-04-27,15,We Don't Fight Anymore,Carly Pearce Featuring Chris Stapleton,15,44,Gains In Performance
2024-04-27,16,We Ride,Bryan Martin,17,29,Gains In Performance
2024-04-27,17,Young Love & Saturday Nights,Chris Young,19,32,Gains In Performance
2024-04-27,18,Bulletproof,Nate Smith,22,10,Gains In Performance
2024-04-27,19,Out Of That Truck,Carrie Underwood,18,46,Gains In Performance
2024-04-27,20,I'm Not Pretty,Megan Moroney,20,37,Gains In Performance
2024-04-27,21,Can't Break Up Now,Old Dominion & Megan Moroney,21,30,Gains In Performance
2024-04-27,22,Love You Again,Chase Matthew,23,47,Gains In Performance
2024-04-27,23,Dirt Cheap,Cody Johnson,24,14,Gains In Performance
2024-04-27,24,Chevrolet,Dustin Lynch Featuring Jelly Roll,25,19,Gains In Performance
2024-04-27,25,One Bad Habit,Tim McGraw,30,13,Gains In Performance
2024-04-27,26,She's Somebody's Daughter (Reimagined),Drew Baldridge,32,25,Gains In Performance
2024-04-27,27,Rodeo Man,Garth Brooks & Ronnie Dunn,28,24,Gains In Performance
2024-04-27,28,Cowboys And Plowboys,Jon Pardi & Luke Bryan,26,27,
2024-04-27,29,Dance With You,Brett Young,29,35,Gains In Performance
2024-04-27,30,Gonna Love You,Parmalee,31,24,Gains In Performance
2024-04-27,31,Drinkin' Problems,Dillon Carmichael,35,41,Gains In Performance
2024-04-27,32,This Is My Dirt,Justin Moore,33,23,Gains In Performance
2024-04-27,33,Messed Up As Me,Keith Urban,34,7,Gains In Performance
2024-04-27,34,Forever To Me,Cole Swindell,NEW,1,Highest ranking debut|Gains In Performance
2024-04-27,35,Bigger Houses,Dan + Shay,36,11,Gains In Performance
2024-04-27,36,Austin,Dasha,39,4,Gains In Performance
2024-04-27,37,Sounds Like The Radio,Zach Top,38,15,Gains In Performance
2024-04-27,38,Texas Hold 'Em,Beyonce,37,10,
2024-04-27,39,Tie Up,Zac Brown Band,53,4,Gains In Performance
2024-04-27,40,Cowboy Songs,George Birge,41,7,Gains In Performance
2024-04-27,41,American Girl,Dierks Bentley,40,8,Gains In Performance
2024-04-27,42,"Love You, Miss You, Mean It",Luke Bryan,27,2,
2024-04-27,43,Cowgirls,Morgan Wallen Featuring ERNEST,54,2,Gains In Performance
2024-04-27,44,Find Another Bar,Chris Lane,42,25,Gains In Performance
2024-04-27,45,Boys Back Home,Dylan Marlowe & Dylan Scott,43,15,
2024-04-27,46,This Town's Been Too Good To Us,Dylan Scott,44,6,Gains In Performance
2024-04-27,47,In Your Love,Tyler Childers,45,30,Gains In Performance
2024-04-27,48,Breakin' In Boots,Matt Stell,47,14,Gains In Performance
2024-04-27,49,Love You Back,Lady A,48,21,Gains In Performance
2024-04-27,50,Whatcha See Is Whatcha Get,Chris Janson,46,6,
2024-04-27,51,Damn Good Day To Leave,Riley Green,49,5,Gains In Performance
2024-04-27,52,Think I'm In Love With You,Chris Stapleton,50,9,Gains In Performance
2024-04-27,53,I'm In Love,Hailey Whitters,51,27,Gains In Performance
2024-04-27,54,I Tried A Ring On,Tigirlily Gold,52,11,Gains In Performance
2024-04-27,55,Life With You,Kelsey Hart,55,3,Gains In Performance
2024-04-27,56,Called Crazy,Kassi Ashton,59,4,Gains In Performance
2024-04-27,57,Last Rodeo,Restless Road,56,8,
2024-04-27,58,King Of Country Music,Ryan Larkins,58,14,
2024-04-27,59,Single Again,Josh Ross,57,4,
2024-04-27,60,Make Me Wanna Smoke,Runaway June,RE,12,
2024-05-04,1,Outskirts,Sam Hunt,1,40,
2024-05-04,2,Cab In A Solo,Scotty McCreery,5,36,Greatest gainer this week|Gains In Performance
2024-05-04,3,Back Then Right Now,Tyler Hubbard,3,33,Gains In Performance
2024-05-04,4,Tucson Too Late,Jordan Davis,4,36,Gains In Performance
2024-05-04,5,Where It Ends,Bailey Zimmerman,8,30,Gains In Performance
2024-05-04,6,Take Her Home,Kenny Chesney,9,24,Gains In Performance
2024-05-04,7,World On Fire,Nate Smith,7,46,
2024-05-04,8,Pretty Little Poison,Warren Zeiders,6,42,
2024-05-04,9,Halfway To Hell,Jelly Roll,11,15,Gains In Performance
2024-05-04,10,Wildflowers And Wild Horses,Lainey Wilson,10,24,Gains In Performance
2024-05-04,11,Your Place,Ashley Cooke,12,19,Gains In Performance
2024-05-04,12,Fearless (The Echo),Jackson Dean,13,65,
2024-05-04,13,Let Your Boys Be Country,Jason Aldean,14,22,Gains In Performance
2024-05-04,14,We Don't Fight Anymore,Carly Pearce Featuring Chris Stapleton,15,45,Gains In Performance
2024-05-04,15,We Ride,Bryan Martin,16,30,Gains In Performance
2024-05-04,16,Young Love & Saturday Nights,Chris Young,17,33,Gains In Performance
2024-05-04,17,Bulletproof,Nate Smith,18,11,Gains In Performance
2024-05-04,18,Love You Again,Chase Matthew,22,48,Gains In Performance
2024-05-04,19,Can't Break Up Now,Old Dominion & Megan Moroney,21,31,Gains In Performance
2024-05-04,20,I'm Not Pretty,Megan Moroney,20,38,Gains In Performance
2024-05-04,21,Dirt Cheap,Cody Johnson,23,15,Gains In Performance
2024-05-04,22,Chevrolet,Dustin Lynch Featuring Jelly Roll,24,20,Gains In Performance
2024-05-04,23,She's Somebody's Daughter (Reimagined),Drew Baldridge,26,26,Gains In Performance
2024-05-04,24,One Bad Habit,Tim McGraw,25,14,Gains In Performance
2024-05-04,25,Rodeo Man,Garth Brooks & Ronnie Dunn,27,25,Gains In Performance
2024-05-04,26,Cowgirls,Morgan Wallen Featuring ERNEST,43,3,Gains In Performance
2024-05-04,27,Dance With You,Brett Young,29,36,Gains In Performance
2024-05-04,28,This Is My Dirt,Justin Moore,32,24,Gains In Performance
2024-05-04,29,Gonna Love You,Parmalee,30,25,Gains In Performance
2024-05-04,30,Messed Up As Me,Keith Urban,33,8,Gains In Performance
2024-05-04,31,Drinkin' Problems,Dillon Carmichael,31,42,Gains In Performance
2024-05-04,32,Tie Up,Zac Brown Band,39,5,Gains In Performance
2024-05-04,33,Bigger Houses,Dan + Shay,35,12,Gains In Performance
2024-05-04,34,Austin,Dasha,36,5,Gains In Performance
2024-05-04,35,Sounds Like The Radio,Zach Top,37,16,Gains In Performance
2024-05-04,36,"Love You, Miss You, Mean It",Luke Bryan,42,3,Gains In Performance
2024-05-04,37,American Girl,Dierks Bentley,41,9,Gains In Performance
2024-05-04,38,Cowboy Songs,George Birge,40,8,Gains In Performance
2024-05-04,39,Find Another Bar,Chris Lane,44,26,Gains In Performance
2024-05-04,40,Boys Back Home,Dylan Marlowe & Dylan Scott,45,16,Gains In Performance
2024-05-04,41,This Town's Been Too Good To Us,Dylan Scott,46,7,Gains In Performance
2024-05-04,42,Whatcha See Is Whatcha Get,Chris Janson,50,7,Gains In Performance
2024-05-04,43,Damn Good Day To Leave,Riley Green,51,6,Gains In Performance
2024-05-04,44,In Your Love,Tyler Childers,47,31,Gains In Performance
2024-05-04,45,Forever To Me,Cole Swindell,34,2,
2024-05-04,46,Breakin' In Boots,Matt Stell,48,15,Gains In Performance
2024-05-04,47,Love You Back,Lady A,49,22,Gains In Performance
2024-05-04,48,I Tried A Ring On,Tigirlily Gold,54,12,Gains In Performance
2024-05-04,49,Think I'm In Love With You,Chris Stapleton,52,10,Gains In Performance
2024-05-04,50,I'm In Love,Hailey Whitters,53,28,
2024-05-04,51,Life With You,Kelsey Hart,55,4,Gains In Performance
2024-05-04,52,Called Crazy,Kassi Ashton,56,5,Gains In Performance
2024-05-04,53,Last Rodeo,Restless Road,57,9,Gains In Performance
2024-05-04,54,King Of Country Music,Ryan Larkins,58,15,Gains In Performance
2024-05-04,55,Single Again,Josh Ross,59,5,
2024-05-04,56,Wine Into Whiskey,Tucker Wetmore,NEW,1,Highest ranking debut|Gains In Performance
2024-05-04,57,Make Me Wanna Smoke,Runaway June,60,13,Gains In Performance
2024-05-04,58,Country Back,Randy Houser,NEW,1,Gains In Performance
2024-05-04,59,Things I Take For Granted,Larry Fleet,NEW,1,Gains In Performance
2024-05-04,60,Friends Like That,John Morgan Featuring Jason Aldean,NEW,1,Gains In Performance
2024-05-11,1,Outskirts,Sam Hunt,1,41,
2024-05-11,2,Back Then Right Now,Tyler Hubbard,3,34,Gains In Performance
2024-05-11,3,Tucson Too Late,Jordan Davis,4,37,Gains In Performance
2024-05-11,4,Where It Ends,Bailey Zimmerman,5,31,Gains In Performance
2024-05-11,5,Wildflowers And Wild Horses,Lainey Wilson,10,25,Greatest gainer this week|Gains In Performance
2024-05-11,6,Take Her Home,Kenny Chesney,6,25,Gains In Performance
2024-05-11,7,Halfway To Hell,Jelly Roll,9,16,Gains In Performance
2024-05-11,8,Pretty Little Poison,Warren Zeiders,8,43,
2024-05-11,9,Your Place,Ashley Cooke,11,20,Gains In Performance
2024-05-11,10,Cab In A Solo,Scotty McCreery,2,37,
2024-05-11,11,Fearless (The Echo),Jackson Dean,12,66,Gains In Performance
2024-05-11,12,Let Your Boys Be Country,Jason Aldean,13,23,Gains In Performance
2024-05-11,13,We Ride,Bryan Martin,15,31,Gains In Performance
2024-05-11,14,We Don't Fight Anymore,Carly Pearce Featuring Chris Stapleton,14,46,Gains In Performance
2024-05-11,15,Bulletproof,Nate Smith,17,12,Gains In Performance
2024-05-11,16,Young Love & Saturday Nights,Chris Young,16,34,Gains In Performance
2024-05-11,17,Love You Again,Chase Matthew,18,49,Gains In Performance
2024-05-11,18,Dirt Cheap,Cody Johnson,21,16,Gains In Performance
2024-05-11,19,I'm Not Pretty,Megan Moroney,20,39,Gains In Performance
2024-05-11,20,Can't Break Up Now,Old Dominion & Megan Moroney,19,32,
2024-05-11,21,Chevrolet,Dustin Lynch Featuring Jelly Roll,22,21,Gains In Performance
2024-05-11,22,Cowgirls,Morgan Wallen Featuring ERNEST,26,4,Gains In Performance
2024-05-11,23,She's Somebody's Daughter (Reimagined),Drew Baldridge,23,27,Gains In Performance
2024-05-11,24,One Bad Habit,Tim McGraw,24,15,Gains In Performance
2024-05-11,25,This Is My Dirt,Justin Moore,28,25,Gains In Performance
2024-05-11,26,Drinkin' Buddies,"Lee Brice, Nate Smith & Hailey Whitters",NEW,1,Highest ranking debut|Gains In Performance
2024-05-11,27,Dance With You,Brett Young,27,37,Gains In Performance
2024-05-11,28,Rodeo Man,Garth Brooks & Ronnie Dunn,25,26,
2024-05-11,29,Gonna Love You,Parmalee,29,26,Gains In Performance
2024-05-11,30,Messed Up As Me,Keith Urban,30,9,Gains In Performance
2024-05-11,31,Drinkin' Problems,Dillon Carmichael,31,43,Gains In Performance
2024-05-11,32,"Love You, Miss You, Mean It",Luke Bryan,36,4,Gains In Performance
2024-05-11,33,Bigger Houses,Dan + Shay,33,13,Gains In Performance
2024-05-11,34,Tie Up,Zac Brown Band,32,6,Gains In Performance
2024-05-11,35,Sounds Like The Radio,Zach Top,35,17,Gains In Performance
2024-05-11,36,Austin,Dasha,34,6,Gains In Performance
2024-05-11,37,American Girl,Dierks Bentley,37,10,Gains In Performance
2024-05-11,38,Cowboy Songs,George Birge,38,9,
2024-05-11,39,Find Another Bar,Chris Lane,39,27,
2024-05-11,40,Boys Back Home,Dylan Marlowe & Dylan Scott,40,17,Gains In Performance
2024-05-11,41,Damn Good Day To Leave,Riley Green,43,7,Gains In Performance
2024-05-11,42,Whatcha See Is Whatcha Get,Chris Janson,42,8,Gains In Performance
2024-05-11,43,This Town's Been Too Good To Us,Dylan Scott,41,8,Gains In Performance
2024-05-11,44,Called Crazy,Kassi Ashton,52,6,Gains In Performance
2024-05-11,45,Breakin' In Boots,Matt Stell,46,16,Gains In Performance
2024-05-11,46,Forever To Me,Cole Swindell,45,3,Gains In Performance
2024-05-11,47,In Your Love,Tyler Childers,44,32,Gains In Performance
2024-05-11,48,Love You Back,Lady A,47,23,Gains In Performance
2024-05-11,49,I Tried A Ring On,Tigirlily Gold,48,13,Gains In Performance
2024-05-11,50,Think I'm In Love With You,Chris Stapleton,49,11,Gains In Performance
2024-05-11,51,I'm In Love,Hailey Whitters,50,29,Gains In Performance
2024-05-11,52,Life With You,Kelsey Hart,51,5,Gains In Performance
2024-05-11,53,A Bar Song (Tipsy),Shaboozey,NEW,1,Gains In Performance
2024-05-11,54,Friends Like That,John Morgan Featuring Jason Aldean,60,2,Gains In Performance
2024-05-11,55,Last Rodeo,Restless Road,53,10,
2024-05-11,56,King Of Country Music,Ryan Larkins,54,16,
2024-05-11,57,Wine Into Whiskey,Tucker Wetmore,56,2,Gains In Performance
2024-05-11,58,Single Again,Josh Ross,55,6,Gains In Performance
2024-05-11,59,Country Back,Randy Houser,58,2,Gains In Performance
2024-05-11,60,Make Me Wanna Smoke,Runaway June,57,14,Gains In Performance
2024-05-18,1,Tucson Too Late,Jordan Davis,3,38,Gains In Performance
2024-05-18,2,Back Then Right Now,Tyler Hubbard,2,35,Gains In Performance
2024-05-18,3,Where It Ends,Bailey Zimmerman,4,32,Gains In Performance
2024-05-18,4,Outskirts,Sam Hunt,1,42,
2024-05-18,5,Halfway To Hell,Jelly Roll,7,17,Gains In Performance
2024-05-18,6,Take Her Home,Kenny Chesney,6,26,Gains In Performance
2024-05-18,7,Pretty Little Poison,Warren Zeiders,8,44,
2024-05-18,8,Your Place,Ashley Cooke,9,21,Gains In Performance
2024-05-18,9,Wildflowers And Wild Horses,Lainey Wilson,5,26,
2024-05-18,10,Let Your Boys Be Country,Jason Aldean,12,24,Gains In Performance
2024-05-18,11,We Ride,Bryan Martin,13,32,Gains In Performance
2024-05-18,12,Fearless (The Echo),Jackson Dean,11,67,
2024-05-18,13,We Don't Fight Anymore,Carly Pearce Featuring Chris Stapleton,14,47,
2024-05-18,14,Young Love & Saturday Nights,Chris Young,16,35,Gains In Performance
2024-05-18,15,Bulletproof,Nate Smith,15,13,Gains In Performance
2024-05-18,16,Dirt Cheap,Cody Johnson,18,17,Gains In Performance
2024-05-18,17,Love You Again,Chase Matthew,17,50,Gains In Performance
2024-05-18,18,I Had Some Help,Post Malone Featuring Morgan Wallen,NEW,1,Highest ranking debut|Gains In Performance
2024-05-18,19,I'm Not Pretty,Megan Moroney,19,40,Gains In Performance
2024-05-18,20,Cowgirls,Morgan Wallen Featuring ERNEST,22,5,Gains In Performance
2024-05-18,21,Chevrolet,Dustin Lynch Featuring Jelly Roll,21,22,Gains In Performance
2024-05-18,22,Can't Break Up Now,Old Dominion & Megan Moroney,20,33,
2024-05-18,23,She's Somebody's Daughter (Reimagined),Drew Baldridge,23,28,Gains In Performance
2024-05-18,24,One Bad Habit,Tim McGraw,24,16,Gains In Performance
2024-05-18,25,This Is My Dirt,Justin Moore,25,26,Gains In Performance
2024-05-18,26,Messed Up As Me,Keith Urban,30,10,Gains In Performance
2024-05-18,27,Dance With You,Brett Young,27,38,Gains In Performance
2024-05-18,28,Gonna Love You,Parmalee,29,27,Gains In Performance
2024-05-18,29,Rodeo Man,Garth Brooks & Ronnie Dunn,28,27,Gains In Performance
2024-05-18,30,Miles On It,Marshmello & Kane Brown,NEW,1,Gains In Performance
2024-05-18,31,Austin,Dasha,36,7,Gains In Performance
2024-05-18,32,"Love You, Miss You, Mean It",Luke Bryan,32,5,Gains In Performance
2024-05-18,33,Drinkin' Problems,Dillon Carmichael,31,44,
2024-05-18,34,Bigger Houses,Dan + Shay,33,14,Gains In Performance
2024-05-18,35,Tie Up,Zac Brown Band,34,7,Gains In Performance
2024-05-18,36,Sounds Like The Radio,Zach Top,35,18,Gains In Performance
2024-05-18,37,Wranglers,Miranda Lambert,NEW,1,Gains In Performance
2024-05-18,38,American Girl,Dierks Bentley,37,11,Gains In Performance
2024-05-18,39,Cowboy Songs,George Birge,38,10,Gains In Performance
2024-05-18,40,Called Crazy,Kassi Ashton,44,7,Gains In Performance
2024-05-18,41,A Bar Song (Tipsy),Shaboozey,53,2,Gains In Performance
2024-05-18,42,Damn Good Day To Leave,Riley Green,41,8,Gains In Performance
2024-05-18,43,Find Another Bar,Chris Lane,39,28,Gains In Performance
2024-05-18,44,Boys Back Home,Dylan Marlowe & Dylan Scott,40,18,Gains In Performance
2024-05-18,45,Where That Came From,Randy Travis,NEW,1,Gains In Performance
2024-05-18,46,This Town's Been Too Good To Us,Dylan Scott,43,9,Gains In Performance
2024-05-18,47,Breakin' In Boots,Matt Stell,45,17,Gains In Performance
2024-05-18,48,Whatcha See Is Whatcha Get,Chris Janson,42,9,Gains In Performance
2024-05-18,49,Forever To Me,Cole Swindell,46,4,Gains In Performance
2024-05-18,50,In Your Love,Tyler Childers,47,33,
2024-05-18,51,Love You Back,Lady A,48,24,Gains In Performance
2024-05-18,52,Think I'm In Love With You,Chris Stapleton,50,12,Gains In Performance
2024-05-18,53,Drinkin' Buddies,"Lee Brice, Nate Smith & Hailey Whitters",26,2,
2024-05-18,54,I Tried A Ring On,Tigirlily Gold,49,14,Gains In Performance
2024-05-18,55,Life With You,Kelsey Hart,52,6,Gains In Performance
2024-05-18,56,Friends Like That,John Morgan Featuring Jason Aldean,54,3,Gains In Performance
2024-05-18,57,I'm In Love,Hailey Whitters,51,30,
2024-05-18,58,Last Rodeo,Restless Road,55,11,Gains In Performance
2024-05-18,59,Break Mine,Brothers Osborne,NEW,1,Gains In Performance
2024-05-18,60,Country Back,Randy Houser,59,3,Gains In Performance
2024-05-25,1,Back Then Right Now,Tyler Hubbard,2,36,Gains In Performance
2024-05-25,2,Tucson Too Late,Jordan Davis,1,39,
2024-05-25,3,Where It Ends,Bailey Zimmerman,3,33,Gains In Performance
2024-05-25,4,Outskirts,Sam Hunt,4,43,
2024-05-25,5,Halfway To Hell,Jelly Roll,5,18,Gains In Performance
2024-05-25,6,Take Her Home,Kenny Chesney,6,27,Gains In Performance
2024-05-25,7,Your Place,Ashley Cooke,8,22,Gains In Performance
2024-05-25,8,Let Your Boys Be Country,Jason Aldean,10,25,Gains In Performance
2024-05-25,9,I Had Some Help,Post Malone Featuring Morgan Wallen,18,2,Gains In Performance
2024-05-25,10,We Ride,Bryan Martin,11,33,Gains In Performance
2024-05-25,11,Fearless (The Echo),Jackson Dean,12,68,Gains In Performance
2024-05-25,12,Bulletproof,Nate Smith,15,14,Gains In Performance
2024-05-25,13,Young Love & Saturday Nights,Chris Young,14,36,Gains In Performance
2024-05-25,14,Dirt Cheap,Cody Johnson,16,18,Gains In Performance
2024-05-25,15,We Don't Fight Anymore,Carly Pearce Featuring Chris Stapleton,13,48,Gains In Performance
2024-05-25,16,Cowgirls,Morgan Wallen Featuring ERNEST,20,6,Gains In Performance
2024-05-25,17,Love You Again,Chase Matthew,17,51,Gains In Performance
2024-05-25,18,I'm Not Pretty,Megan Moroney,19,41,Gains In Performance
2024-05-25,19,Chevrolet,Dustin Lynch Featuring Jelly Roll,21,23,Gains In Performance
2024-05-25,20,She's Somebody's Daughter (Reimagined),Drew Baldridge,23,29,Gains In Performance
2024-05-25,21,Beautiful As You,Thomas Rhett,NEW,1,Highest ranking debut|Gains In Performance
2024-05-25,22,Can't Break Up Now,Old Dominion & Megan Moroney,22,34,Gains In Performance
2024-05-25,23,Hang Tight Honey,Lainey Wilson,NEW,1,Gains In Performance
2024-05-25,24,Ain't No Love In Oklahoma,Luke Combs,NEW,1,Gains In Performance
2024-05-25,25,One Bad Habit,Tim McGraw,24,17,Gains In Performance
2024-05-25,26,This Is My Dirt,Justin Moore,25,27,Gains In Performance
2024-05-25,27,Dance With You,Brett Young,27,39,Gains In Performance
2024-05-25,28,Messed Up As Me,Keith Urban,26,11,Gains In Performance
2024-05-25,29,Rodeo Man,Garth Brooks & Ronnie Dunn,29,28,Gains In Performance
2024-05-25,30,Gonna Love You,Parmalee,28,28,
2024-05-25,31,Austin,Dasha,31,8,Gains In Performance
2024-05-25,32,"Love You, Miss You, Mean It",Luke Bryan,32,6,Gains In Performance
2024-05-25,33,Drinkin' Problems,Dillon Carmichael,33,45,Gains In Performance
2024-05-25,34,Sounds Like The Radio,Zach Top,36,19,Gains In Performance
2024-05-25,35,Tie Up,Zac Brown Band,35,8,
2024-05-25,36,Bigger Houses,Dan + Shay,34,15,
2024-05-25,37,American Girl,Dierks Bentley,38,12,Gains In Performance
2024-05-25,38,A Bar Song (Tipsy),Shaboozey,41,3,Gains In Performance
2024-05-25,39,Cowboy Songs,George Birge,39,11,
2024-05-25,40,Called Crazy,Kassi Ashton,40,8,Gains In Performance
2024-05-25,41,Find Another Bar,Chris Lane,43,29,Gains In Performance
2024-05-25,42,Boys Back Home,Dylan Marlowe & Dylan Scott,44,19,Gains In Performance
2024-05-25,43,Damn Good Day To Leave,Riley Green,42,9,
2024-05-25,44,Miles On It,Marshmello & Kane Brown,30,2,
2024-05-25,45,This Town's Been Too Good To Us,Dylan Scott,46,10,Gains In Performance
2024-05-25,46,Breakin' In Boots,Matt Stell,47,18,Gains In Performance
2024-05-25,47,Forever To Me,Cole Swindell,49,5,Gains In Performance
2024-05-25,48,Whatcha See Is Whatcha Get,Chris Janson,48,10,
2024-05-25,49,Think I'm In Love With You,Chris Stapleton,52,13,Gains In Performance
2024-05-25,50,Drinkin' Buddies,"Lee Brice, Nate Smith & Hailey Whitters",53,3,Gains In Performance
2024-05-25,51,Love You Back,Lady A,51,25,Gains In Performance
2024-05-25,52,Life With You,Kelsey Hart,55,7,Gains In Performance
2024-05-25,53,Friends Like That,John Morgan Featuring Jason Aldean,56,4,Gains In Performance
2024-05-25,54,I Tried A Ring On,Tigirlily Gold,54,15,
2024-05-25,55,Wranglers,Miranda Lambert,37,2,
2024-05-25,56,I'm In Love,Hailey Whitters,57,31,
2024-05-25,57,Single Again,Josh Ross,RE,7,Gains In Performance
2024-05-25,58,King Of Country Music,Ryan Larkins,RE,17,Gains In Performance
2024-05-25,59,Country Back,Randy Houser,60,4,
2024-05-25,60,Wine Into Whiskey,Tucker Wetmore,RE,3,Gains In Performance
2024-06-01,1,Where It Ends,Bailey Zimmerman,3,34,Greatest gainer this week|Gains In Performance
2024-06-01,2,Halfway To Hell,Jelly Roll,5,19,Gains In Performance
2024-06-01,3,Back Then Right Now,Tyler Hubbard,1,37,
2024-06-01,4,Take Her Home,Kenny Chesney,6,28,Gains In Performance
2024-06-01,5,Outskirts,Sam Hunt,4,44,
2024-06-01,6,Tucson Too Late,Jordan Davis,2,40,
2024-06-01,7,Your Place,Ashley Cooke,7,23,Gains In Performance
2024-06-01,8,I Had Some Help,Post Malone Featuring Morgan Wallen,9,3,Gains In Performance
2024-06-01,9,Let Your Boys Be Country,Jason Aldean,8,26,Gains In Performance
2024-06-01,10,We Ride,Bryan Martin,10,34,Gains In Performance
2024-06-01,11,Bulletproof,Nate Smith,12,15,Gains In Performance
2024-06-01,12,Young Love & Saturday Nights,Chris Young,13,37,Gains In Performance
2024-06-01,13,Dirt Cheap,Cody Johnson,14,19,Gains In Performance
2024-06-01,14,Cowgirls,Morgan Wallen Featuring ERNEST,16,7,Gains In Performance
2024-06-01,15,We Don't Fight Anymore,Carly Pearce Featuring Chris Stapleton,15,49,Gains In Performance
2024-06-01,16,Love You Again,Chase Matthew,17,52,Gains In Performance
2024-06-01,17,Chevrolet,Dustin Lynch Featuring Jelly Roll,19,24,Gains In Performance
2024-06-01,18,She's Somebody's Daughter (Reimagined),Drew Baldridge,20,30,Gains In Performance
2024-06-01,19,I'm Not Pretty,Megan Moroney,18,42,Gains In Performance
2024-06-01,20,Can't Break Up Now,Old Dominion & Megan Moroney,22,35,
2024-06-01,21,One Bad Habit,Tim McGraw,25,18,Gains In Performance
2024-06-01,22,Ain't No Love In Oklahoma,Luke Combs,24,2,Gains In Performance
2024-06-01,23,This Is My Dirt,Justin Moore,26,28,Gains In Performance
2024-06-01,24,Messed Up As Me,Keith Urban,28,12,Gains In Performance
2024-06-01,25,Dance With You,Brett Young,27,40,Gains In Performance
2024-06-01,26,Hang Tight Honey,Lainey Wilson,23,2,
2024-06-01,27,"Love You, Miss You, Mean It",Luke Bryan,32,7,Gains In Performance
2024-06-01,28,Gonna Love You,Parmalee,30,29,Gains In Performance
2024-06-01,29,Rodeo Man,Garth Brooks & Ronnie Dunn,29,29,Gains In Performance
2024-06-01,30,Austin,Dasha,31,9,Gains In Performance
2024-06-01,31,A Bar Song (Tipsy),Shaboozey,38,4,Gains In Performance
2024-06-01,32,Bigger Houses,Dan + Shay,36,16,Gains In Performance
2024-06-01,33,Drinkin' Problems,Dillon Carmichael,33,46,Gains In Performance
2024-06-01,34,Sounds Like The Radio,Zach Top,34,20,Gains In Performance
2024-06-01,35,Tie Up,Zac Brown Band,35,9,Gains In Performance
2024-06-01,36,Beautiful As You,Thomas Rhett,21,2,
2024-06-01,37,American Girl,Dierks Bentley,37,13,
2024-06-01,38,Cowboy Songs,George Birge,39,12,Gains In Performance
2024-06-01,39,Called Crazy,Kassi Ashton,40,9,Gains In Performance
2024-06-01,40,Miles On It,Marshmello & Kane Brown,44,3,Gains In Performance
2024-06-01,41,Damn Good Day To Leave,Riley Green,43,10,Gains In Performance
2024-06-01,42,Boys Back Home,Dylan Marlowe & Dylan Scott,42,20,Gains In Performance
2024-06-01,43,Find Another Bar,Chris Lane,41,30,
2024-06-01,44,Breakin' In Boots,Matt Stell,46,19,Gains In Performance
2024-06-01,45,Think I'm In Love With You,Chris Stapleton,49,14,Gains In Performance
2024-06-01,46,This Town's Been Too Good To Us,Dylan Scott,45,11,
2024-06-01,47,Whatcha See Is Whatcha Get,Chris Janson,48,11,Gains In Performance
2024-06-01,48,Forever To Me,Cole Swindell,47,6,Gains In Performance
2024-06-01,49,Drinkin' Buddies,"Lee Brice, Nate Smith & Hailey Whitters",50,4,Gains In Performance
2024-06-01,50,I Tried A Ring On,Tigirlily Gold,54,16,Gains In Performance
2024-06-01,51,Wranglers,Miranda Lambert,55,3,Gains In Performance
2024-06-01,52,Love You Back,Lady A,51,26,
2024-06-01,53,Friends Like That,John Morgan Featuring Jason Aldean,53,5,Gains In Performance
2024-06-01,54,Life With You,Kelsey Hart,52,8,Gains In Performance
2024-06-01,55,I'm In Love,Hailey Whitters,56,32,
2024-06-01,56,Country Back,Randy Houser,59,5,Gains In Performance
2024-06-01,57,King Of Country Music,Ryan Larkins,58,18,Gains In Performance
2024-06-01,58,Single Again,Josh Ross,57,8,
2024-06-01,59,Make Me Wanna Smoke,Runaway June,RE,15,
2024-06-01,60,This Heart,Corey Kent,NEW,1,Highest ranking debut|Gains In Performance
2024-06-08,1,Where It Ends,Bailey Zimmerman,1,35,Gains In Performance
2024-06-08,2,Halfway To Hell,Jelly Roll,2,20,Gains In Performance
2024-06-08,3,Take Her Home,Kenny Chesney,4,29,Gains In Performance
2024-06-08,4,I Had Some Help,Post Malone Featuring Morgan Wallen,8,4,Greatest gainer this week|Gains In Performance
2024-06-08,5,Outskirts,Sam Hunt,5,45,
2024-06-08,6,Tucson Too Late,Jordan Davis,6,41,
2024-06-08,7,Your Place,Ashley Cooke,7,24,Gains In Performance
2024-06-08,8,Back Then Right Now,Tyler Hubbard,3,38,
2024-06-08,9,We Ride,Bryan Martin,10,35,Gains In Performance
2024-06-08,10,Bulletproof,Nate Smith,11,16,Gains In Performance
2024-06-08,11,Cowgirls,Morgan Wallen Featuring ERNEST,14,8,Gains In Performance
2024-06-08,12,Let Your Boys Be Country,Jason Aldean,9,27,Gains In Performance
2024-06-08,13,Young Love & Saturday Nights,Chris Young,12,38,Gains In Performance
2024-06-08,14,Dirt Cheap,Cody Johnson,13,20,Gains In Performance
2024-06-08,15,We Don't Fight Anymore,Carly Pearce Featuring Chris Stapleton,15,50,Gains In Performance
2024-06-08,16,Love You Again,Chase Matthew,16,53,Gains In Performance
2024-06-08,17,Chevrolet,Dustin Lynch Featuring Jelly Roll,17,25,Gains In Performance
2024-06-08,18,She's Somebody's Daughter (Reimagined),Drew Baldridge,18,31,Gains In Performance
2024-06-08,19,I'm Not Pretty,Megan Moroney,19,43,Gains In Performance
2024-06-08,20,Ain't No Love In Oklahoma,Luke Combs,22,3,Gains In Performance
2024-06-08,21,Hang Tight Honey,Lainey Wilson,26,3,Gains In Performance
2024-06-08,22,One Bad Habit,Tim McGraw,21,19,Gains In Performance
2024-06-08,23,This Is My Dirt,Justin Moore,23,29,Gains In Performance
2024-06-08,24,A Bar Song (Tipsy),Shaboozey,31,5,Gains In Performance
2024-06-08,25,"Love You, Miss You, Mean It",Luke Bryan,27,8,Gains In Performance
2024-06-08,26,Dance With You,Brett Young,25,41,Gains In Performance
2024-06-08,27,Messed Up As Me,Keith Urban,24,13,Gains In Performance
2024-06-08,28,Gonna Love You,Parmalee,28,30,Gains In Performance
2024-06-08,29,Austin,Dasha,30,10,Gains In Performance
2024-06-08,30,Rodeo Man,Garth Brooks & Ronnie Dunn,29,30,Gains In Performance
2024-06-08,31,Beautiful As You,Thomas Rhett,36,3,Gains In Performance
2024-06-08,32,Bigger Houses,Dan + Shay,32,17,
2024-06-08,33,Sounds Like The Radio,Zach Top,34,21,Gains In Performance
2024-06-08,34,Tie Up,Zac Brown Band,35,10,Gains In Performance
2024-06-08,35,Miles On It,Marshmello & Kane Brown,40,4,Gains In Performance
2024-06-08,36,Cowboy Songs,George Birge,38,13,Gains In Performance
2024-06-08,37,American Girl,Dierks Bentley,37,14,Gains In Performance
2024-06-08,38,Called Crazy,Kassi Ashton,39,10,Gains In Performance
2024-06-08,39,Boys Back Home,Dylan Marlowe & Dylan Scott,42,21,Gains In Performance
2024-06-08,40,Damn Good Day To Leave,Riley Green,41,11,Gains In Performance
2024-06-08,41,Find Another Bar,Chris Lane,43,31,Gains In Performance
2024-06-08,42,Breakin' In Boots,Matt Stell,44,20,Gains In Performance
2024-06-08,43,Think I'm In Love With You,Chris Stapleton,45,15,Gains In Performance
2024-06-08,44,This Town's Been Too Good To Us,Dylan Scott,46,12,Gains In Performance
2024-06-08,45,Whatcha See Is Whatcha Get,Chris Janson,47,12,Gains In Performance
2024-06-08,46,Forever To Me,Cole Swindell,48,7,Gains In Performance
2024-06-08,47,Drinkin' Buddies,"Lee Brice, Nate Smith & Hailey Whitters",49,5,Gains In Performance
2024-06-08,48,Wranglers,Miranda Lambert,51,4,Gains In Performance
2024-06-08,49,I Tried A Ring On,Tigirlily Gold,50,17,Gains In Performance
2024-06-08,50,Friends Like That,John Morgan Featuring Jason Aldean,53,6,Gains In Performance
2024-06-08,51,Life With You,Kelsey Hart,54,9,Gains In Performance
2024-06-08,52,Love You Back,Lady A,52,27,Gains In Performance
2024-06-08,53,I'm In Love,Hailey Whitters,55,33,Gains In Performance
2024-06-08,54,Wind Up Missin' You,Tucker Wetmore,NEW,1,Highest ranking debut|Gains In Performance
2024-06-08,55,King Of Country Music,Ryan Larkins,57,19,Gains In Performance
2024-06-08,56,Country Back,Randy Houser,56,6,
2024-06-08,57,Single Again,Josh Ross,58,9,Gains In Performance
2024-06-08,58,This Heart,Corey Kent,60,2,Gains In Performance
2024-06-08,59,Roulette On The Heart,Conner Smith Featuring Hailey Whitters,NEW,1,Gains In Performance
2024-06-08,60,The Devil I Know,Ashley McBryde,NEW,1,Gains In Performance
2024-06-15,1,Halfway To Hell,Jelly Roll,2,21,Greatest gainer this week|Gains In Performance
2024-06-15,2,Where It Ends,Bailey Zimmerman,1,36,
2024-06-15,3,I Had Some Help,Post Malone Featuring Morgan Wallen,4,5,Gains In Performance
2024-06-15,4,Take Her Home,Kenny Chesney,3,30,Gains In Performance
2024-06-15,5,Your Place,Ashley Cooke,7,25,Gains In Performance
2024-06-15,6,Outskirts,Sam Hunt,5,46,
2024-06-15,7,Cowgirls,Morgan Wallen Featuring ERNEST,11,9,Gains In Performance
2024-06-15,8,We Ride,Bryan Martin,9,36,Gains In Performance
2024-06-15,9,Bulletproof,Nate Smith,10,17,Gains In Performance
2024-06-15,10,Let Your Boys Be Country,Jason Aldean,12,28,Gains In Performance
2024-06-15,11,Young Love & Saturday Nights,Chris Young,13,39,Gains In Performance
2024-06-15,12,Dirt Cheap,Cody Johnson,14,21,Gains In Performance
2024-06-15,13,We Don't Fight Anymore,Carly Pearce Featuring Chris Stapleton,15,51,Gains In Performance
2024-06-15,14,Love You Again,Chase Matthew,16,54,Gains In Performance
2024-06-15,15,She's Somebody's Daughter (Reimagined),Drew Baldridge,18,32,Gains In Performance
2024-06-15,16,Chevrolet,Dustin Lynch Featuring Jelly Roll,17,26,Gains In Performance
2024-06-15,17,Ain't No Love In Oklahoma,Luke Combs,20,4,Gains In Performance
2024-06-15,18,I'm Not Pretty,Megan Moroney,19,44,Gains In Performance
2024-06-15,19,Hang Tight Honey,Lainey Wilson,21,4,Gains In Performance
2024-06-15,20,One Bad Habit,Tim McGraw,22,20,Gains In Performance
2024-06-15,21,This Is My Dirt,Justin Moore,23,30,Gains In Performance
2024-06-15,22,A Bar Song (Tipsy),Shaboozey,24,6,Gains In Performance
2024-06-15,23,"Love You, Miss You, Mean It",Luke Bryan,25,9,Gains In Performance
2024-06-15,24,Gonna Love You,Parmalee,28,31,Gains In Performance
2024-06-15,25,Messed Up As Me,Keith Urban,27,14,Gains In Performance
2024-06-15,26,Austin,Dasha,29,11,Gains In Performance
2024-06-15,27,Dance With You,Brett Young,26,42,
2024-06-15,28,Rodeo Man,Garth Brooks & Ronnie Dunn,30,31,Gains In Performance
2024-06-15,29,Beautiful As You,Thomas Rhett,31,4,Gains In Performance
2024-06-15,30,Sounds Like The Radio,Zach Top,33,22,Gains In Performance
2024-06-15,31,Bigger Houses,Dan + Shay,32,18,Gains In Performance
2024-06-15,32,Cowboy Songs,George Birge,36,14,Gains In Performance
2024-06-15,33,Tie Up,Zac Brown Band,34,11,Gains In Performance
2024-06-15,34,Miles On It,Marshmello & Kane Brown,35,5,Gains In Performance
2024-06-15,35,American Girl,Dierks Bentley,37,15,Gains In Performance
2024-06-15,36,Boys Back Home,Dylan Marlowe & Dylan Scott,39,22,Gains In Performance
2024-06-15,37,Called Crazy,Kassi Ashton,38,11,Gains In Performance
2024-06-15,38,Damn Good Day To Leave,Riley Green,40,12,Gains In Performance
2024-06-15,39,Breakin' In Boots,Matt Stell,42,21,Gains In Performance
2024-06-15,40,Find Another Bar,Chris Lane,41,32,
2024-06-15,41,Think I'm In Love With You,Chris Stapleton,43,16,Gains In Performance
2024-06-15,42,This Town's Been Too Good To Us,Dylan Scott,44,13,Gains In Performance
2024-06-15,43,Whatcha See Is Whatcha Get,Chris Janson,45,13,Gains In Performance
2024-06-15,44,Forever To Me,Cole Swindell,46,8,Gains In Performance
2024-06-15,45,Friends Like That,John Morgan Featuring Jason Aldean,50,7,Gains In Performance
2024-06-15,46,Wranglers,Miranda Lambert,48,5,Gains In Performance
2024-06-15,47,Drinkin' Buddies,"Lee Brice, Nate Smith & Hailey Whitters",47,6,Gains In Performance
2024-06-15,48,Life With You,Kelsey Hart,51,10,Gains In Performance
2024-06-15,49,I Tried A Ring On,Tigirlily Gold,49,18,Gains In Performance
2024-06-15,50,Wind Up Missin' You,Tucker Wetmore,54,2,Gains In Performance
2024-06-15,51,I'm In Love,Hailey Whitters,53,34,Gains In Performance
2024-06-15,52,Country Back,Randy Houser,56,7,Gains In Performance
2024-06-15,53,King Of Country Music,Ryan Larkins,55,20,Gains In Performance
2024-06-15,54,Single Again,Josh Ross,57,10,Gains In Performance
2024-06-15,55,This Heart,Corey Kent,58,3,Gains In Performance
2024-06-15,56,Hometown Home,LoCash,NEW,1,Highest ranking debut|Gains In Performance
2024-06-15,57,Everything I Need,Chayce Beckham,NEW,1,Gains In Performance
2024-06-15,58,Roulette On The Heart,Conner Smith Featuring Hailey Whitters,59,2,Gains In Performance
2024-06-15,59,Country House,Sam Hunt,NEW,1,Gains In Performance
2024-06-15,60,Devil You Know,Tyler Braden,NEW,1,Gains In Performance
2024-06-22,1,Take Her Home,Kenny Chesney,4,31,Gains In Performance
2024-06-22,2,I Had Some Help,Post Malone Featuring Morgan Wallen,3,6,Gains In Performance
2024-06-22,3,Where It Ends,Bailey Zimmerman,2,37,
2024-06-22,4,Halfway To Hell,Jelly Roll,1,22,
2024-06-22,5,Your Place,Ashley Cooke,5,26,Gains In Performance
2024-06-22,6,Cowgirls,Morgan Wallen Featuring ERNEST,7,10,Gains In Performance
2024-06-22,7,We Ride,Bryan Martin,8,37,Gains In Performance
2024-06-22,8,Outskirts,Sam Hunt,6,47,
2024-06-22,9,Bulletproof,Nate Smith,9,18,Gains In Performance
2024-06-22,10,Let Your Boys Be Country,Jason Aldean,10,29,
2024-06-22,11,Young Love & Saturday Nights,Chris Young,11,40,Gains In Performance
2024-06-22,12,Dirt Cheap,Cody Johnson,12,22,
2024-06-22,13,Ain't No Love In Oklahoma,Luke Combs,17,5,Gains In Performance
2024-06-22,14,She's Somebody's Daughter (Reimagined),Drew Baldridge,15,33,Gains In Performance
2024-06-22,15,Love You Again,Chase Matthew,14,55,Gains In Performance
2024-06-22,16,We Don't Fight Anymore,Carly Pearce Featuring Chris Stapleton,13,52,
2024-06-22,17,Chevrolet,Dustin Lynch Featuring Jelly Roll,16,27,Gains In Performance
2024-06-22,18,I'm Not Pretty,Megan Moroney,18,45,Gains In Performance
2024-06-22,19,A Bar Song (Tipsy),Shaboozey,22,7,Gains In Performance
2024-06-22,20,Hang Tight Honey,Lainey Wilson,19,5,Gains In Performance
2024-06-22,21,One Bad Habit,Tim McGraw,20,21,Gains In Performance
2024-06-22,22,This Is My Dirt,Justin Moore,21,31,Gains In Performance
2024-06-22,23,I Am Not Okay,Jelly Roll,NEW,1,Highest ranking debut|Gains In Performance
2024-06-22,24,"Love You, Miss You, Mean It",Luke Bryan,23,10,Gains In Performance
2024-06-22,25,Austin,Dasha,26,12,Gains In Performance
2024-06-22,26,Gonna Love You,Parmalee,24,32,Gains In Performance
2024-06-22,27,Messed Up As Me,Keith Urban,25,15,
2024-06-22,28,Dance With You,Brett Young,27,43,
2024-06-22,29,Beautiful As You,Thomas Rhett,29,5,Gains In Performance
2024-06-22,30,Rodeo Man,Garth Brooks & Ronnie Dunn,28,32,
2024-06-22,31,Sounds Like The Radio,Zach Top,30,23,
2024-06-22,32,Bigger Houses,Dan + Shay,31,19,
2024-06-22,33,Miles On It,Marshmello & Kane Brown,34,6,Gains In Performance
2024-06-22,34,American Girl,Dierks Bentley,35,16,Gains In Performance
2024-06-22,35,Cowboy Songs,George Birge,32,15,
2024-06-22,36,Damn Good Day To Leave,Riley Green,38,13,Gains In Performance
2024-06-22,37,Boys Back Home,Dylan Marlowe & Dylan Scott,36,23,Gains In Performance
2024-06-22,38,Called Crazy,Kassi Ashton,37,12,Gains In Performance
2024-06-22,39,Six Feet Under (Caleigh's Song),HARDY,NEW,1,Gains In Performance
2024-06-22,40,Breakin' In Boots,Matt Stell,39,22,Gains In Performance
2024-06-22,41,Tie Up,Zac Brown Band,33,12,
2024-06-22,42,Think I'm In Love With You,Chris Stapleton,41,17,Gains In Performance
2024-06-22,43,Find Another Bar,Chris Lane,40,33,
2024-06-22,44,Whatcha See Is Whatcha Get,Chris Janson,43,14,Gains In Performance
2024-06-22,45,This Town's Been Too Good To Us,Dylan Scott,42,14,Gains In Performance
2024-06-22,46,Forever To Me,Cole Swindell,44,9,Gains In Performance
2024-06-22,47,Friends Like That,John Morgan Featuring Jason Aldean,45,8,Gains In Performance
2024-06-22,48,Wind Up Missin' You,Tucker Wetmore,50,3,Gains In Performance
2024-06-22,49,Wranglers,Miranda Lambert,46,6,Gains In Performance
2024-06-22,50,I Tried A Ring On,Tigirlily Gold,49,19,Gains In Performance
2024-06-22,51,Drinkin' Buddies,"Lee Brice, Nate Smith & Hailey Whitters",47,7,
2024-06-22,52,Life With You,Kelsey Hart,48,11,
2024-06-22,53,Country Back,Randy Houser,52,8,
2024-06-22,54,King Of Country Music,Ryan Larkins,53,21,
2024-06-22,55,This Heart,Corey Kent,55,4,
2024-06-22,56,Single Again,Josh Ross,54,11,
2024-06-22,57,Fall Of Summer,Scotty McCreery,NEW,1,Gains In Performance
2024-06-22,58,Hometown Home,LoCash,56,2,Gains In Performance
2024-06-22,59,Devil You Know,Tyler Braden,60,2,Gains In Performance
2024-06-22,60,Roulette On The Heart,Conner Smith Featuring Hailey Whitters,58,3,Gains In Performance
2024-06-29,1,I Had Some Help,Post Malone Featuring Morgan Wallen,2,7,Gains In Performance
2024-06-29,2,Your Place,Ashley Cooke,5,27,Gains In Performance
2024-06-29,3,Cowgirls,Morgan Wallen Featuring ERNEST,6,11,Gains In Performance
2024-06-29,4,Where It Ends,Bailey Zimmerman,3,38,
2024-06-29,5,Take Her Home,Kenny Chesney,1,32,
2024-06-29,6,We Ride,Bryan Martin,7,38,Gains In Performance
2024-06-29,7,Halfway To Hell,Jelly Roll,4,23,
2024-06-29,8,Bulletproof,Nate Smith,9,19,Gains In Performance
2024-06-29,9,Let Your Boys Be Country,Jason Aldean,10,30,Gains In Performance
2024-06-29,10,Young Love & Saturday Nights,Chris Young,11,41,Gains In Performance
2024-06-29,11,Dirt Cheap,Cody Johnson,12,23,Gains In Performance
2024-06-29,12,She's Somebody's Daughter (Reimagined),Drew Baldridge,14,34,Gains In Performance
2024-06-29,13,Ain't No Love In Oklahoma,Luke Combs,13,6,Gains In Performance
2024-06-29,14,We Don't Fight Anymore,Carly Pearce Featuring Chris Stapleton,16,53,Gains In Performance
2024-06-29,15,Chevrolet,Dustin Lynch Featuring Jelly Roll,17,28,Gains In Performance
2024-06-29,16,Love You Again,Chase Matthew,15,56,Gains In Performance
2024-06-29,17,A Bar Song (Tipsy),Shaboozey,19,8,Gains In Performance
2024-06-29,18,I'm Not Pretty,Megan Moroney,18,46,
2024-06-29,19,Hang Tight Honey,Lainey Wilson,20,6,
2024-06-29,20,This Is My Dirt,Justin Moore,22,32,Gains In Performance
2024-06-29,21,One Bad Habit,Tim McGraw,21,22,Gains In Performance
2024-06-29,22,Austin,Dasha,25,13,Gains In Performance
2024-06-29,23,"Love You, Miss You, Mean It",Luke Bryan,24,11,Gains In Performance
2024-06-29,24,Messed Up As Me,Keith Urban,27,16,Gains In Performance
2024-06-29,25,Gonna Love You,Parmalee,26,33,
2024-06-29,26,Dance With You,Brett Young,28,44,Gains In Performance
2024-06-29,27,Beautiful As You,Thomas Rhett,29,6,Gains In Performance
2024-06-29,28,Sounds Like The Radio,Zach Top,31,24,Gains In Performance
2024-06-29,29,Bigger Houses,Dan + Shay,32,20,Gains In Performance
2024-06-29,30,I Am Not Okay,Jelly Roll,23,2,
2024-06-29,31,Over When We're Sober,Brantley Gilbert Featuring Ashley Cooke,NEW,1,Highest ranking debut|Gains In Performance
2024-06-29,32,Miles On It,Marshmello & Kane Brown,33,7,Gains In Performance
2024-06-29,33,American Girl,Dierks Bentley,34,17,Gains In Performance
2024-06-29,34,Cowboy Songs,George Birge,35,16,Gains In Performance
2024-06-29,35,Damn Good Day To Leave,Riley Green,36,14,Gains In Performance
2024-06-29,36,Boys Back Home,Dylan Marlowe & Dylan Scott,37,24,Gains In Performance
2024-06-29,37,Called Crazy,Kassi Ashton,38,13,
2024-06-29,38,Think I'm In Love With You,Chris Stapleton,42,18,Gains In Performance
2024-06-29,39,Wind Up Missin' You,Tucker Wetmore,48,4,Gains In Performance
2024-06-29,40,Breakin' In Boots,Matt Stell,40,23,
2024-06-29,41,Whatcha See Is Whatcha Get,Chris Janson,44,15,Gains In Performance
2024-06-29,42,Find Another Bar,Chris Lane,43,34,Gains In Performance
2024-06-29,43,This Town's Been Too Good To Us,Dylan Scott,45,15,Gains In Performance
2024-06-29,44,Friends Like That,John Morgan Featuring Jason Aldean,47,9,Gains In Performance
2024-06-29,45,Forever To Me,Cole Swindell,46,10,Gains In Performance
2024-06-29,46,Tie Up,Zac Brown Band,41,13,
2024-06-29,47,I Tried A Ring On,Tigirlily Gold,50,20,Gains In Performance
2024-06-29,48,Wranglers,Miranda Lambert,49,7,
2024-06-29,49,Drinkin' Buddies,"Lee Brice, Nate Smith & Hailey Whitters",51,8,Gains In Performance
2024-06-29,50,Life With You,Kelsey Hart,52,12,Gains In Performance
2024-06-29,51,Six Feet Under (Caleigh's Song),HARDY,39,2,
2024-06-29,52,Devil You Know,Tyler Braden,59,3,Gains In Performance
2024-06-29,53,Country Back,Randy Houser,53,9,Gains In Performance
2024-06-29,54,Hometown Home,LoCash,58,3,Gains In Performance
2024-06-29,55,King Of Country Music,Ryan Larkins,54,22,
2024-06-29,56,Holy Smokes,Bailey Zimmerman,NEW,1,Gains In Performance
2024-06-29,57,Fall Of Summer,Scotty McCreery,57,2,Gains In Performance
2024-06-29,58,This Heart,Corey Kent,55,5,Gains In Performance
2024-06-29,59,Single Again,Josh Ross,56,12,
2024-06-29,60,Everything I Need,Chayce Beckham,RE,2,Gains In Performance
2024-07-06,1,I Had Some Help,Post Malone Featuring Morgan Wallen,1,8,Gains In Performance
2024-07-06,2,Cowgirls,Morgan Wallen Featuring ERNEST,3,12,Gains In Performance
2024-07-06,3,Where It Ends,Bailey Zimmerman,4,39,Gains In Performance
2024-07-06,4,We Ride,Bryan Martin,6,39,Gains In Performance
2024-07-06,5,Bulletproof,Nate Smith,8,20,Gains In Performance
2024-07-06,6,Let Your Boys Be Country,Jason Aldean,9,31,Gains In Performance
2024-07-06,7,Your Place,Ashley Cooke,2,28,
2024-07-06,8,Young Love & Saturday Nights,Chris Young,10,42,Gains In Performance
2024-07-06,9,We Don't Fight Anymore,Carly Pearce Featuring Chris Stapleton,14,54,Gains In Performance
2024-07-06,10,Dirt Cheap,Cody Johnson,11,24,Gains In Performance
2024-07-06,11,She's Somebody's Daughter (Reimagined),Drew Baldridge,12,35,Gains In Performance
2024-07-06,12,A Bar Song (Tipsy),Shaboozey,17,9,Gains In Performance
2024-07-06,13,Ain't No Love In Oklahoma,Luke Combs,13,7,Gains In Performance
2024-07-06,14,Chevrolet,Dustin Lynch Featuring Jelly Roll,15,29,Gains In Performance
2024-07-06,15,Love You Again,Chase Matthew,16,57,
2024-07-06,16,I'm Not Pretty,Megan Moroney,18,47,Gains In Performance
2024-07-06,17,Hang Tight Honey,Lainey Wilson,19,7,Gains In Performance
2024-07-06,18,One Bad Habit,Tim McGraw,21,23,Gains In Performance
2024-07-06,19,This Is My Dirt,Justin Moore,20,33,Gains In Performance
2024-07-06,20,Austin,Dasha,22,14,Gains In Performance
2024-07-06,21,"Love You, Miss You, Mean It",Luke Bryan,23,12,Gains In Performance
2024-07-06,22,I Am Not Okay,Jelly Roll,30,3,Gains In Performance
2024-07-06,23,Messed Up As Me,Keith Urban,24,17,Gains In Performance
2024-07-06,24,Gonna Love You,Parmalee,25,34,Gains In Performance
2024-07-06,25,Beautiful As You,Thomas Rhett,27,7,Gains In Performance
2024-07-06,26,Dance With You,Brett Young,26,45,
2024-07-06,27,Cowboys Cry Too,Kelsea Ballerini & Noah Kahan,NEW,1,Highest ranking debut|Gains In Performance
2024-07-06,28,Bigger Houses,Dan + Shay,29,21,Gains In Performance
2024-07-06,29,Sounds Like The Radio,Zach Top,28,25,
2024-07-06,30,Miles On It,Marshmello & Kane Brown,32,8,Gains In Performance
2024-07-06,31,American Girl,Dierks Bentley,33,18,Gains In Performance
2024-07-06,32,Damn Good Day To Leave,Riley Green,35,15,Gains In Performance
2024-07-06,33,Cowboy Songs,George Birge,34,17,
2024-07-06,34,Boys Back Home,Dylan Marlowe & Dylan Scott,36,25,Gains In Performance
2024-07-06,35,Called Crazy,Kassi Ashton,37,14,Gains In Performance
2024-07-06,36,Think I'm In Love With You,Chris Stapleton,38,19,Gains In Performance
2024-07-06,37,Wind Up Missin' You,Tucker Wetmore,39,5,Gains In Performance
2024-07-06,38,Pour Me A Drink,Post Malone Featuring Blake Shelton,NEW,1,Gains In Performance
2024-07-06,39,Whatcha See Is Whatcha Get,Chris Janson,41,16,Gains In Performance
2024-07-06,40,Find Another Bar,Chris Lane,42,35,Gains In Performance
2024-07-06,41,Breakin' In Boots,Matt Stell,40,24,Gains In Performance
2024-07-06,42,Friends Like That,John Morgan Featuring Jason Aldean,44,10,Gains In Performance
2024-07-06,43,Forever To Me,Cole Swindell,45,11,Gains In Performance
2024-07-06,44,This Town's Been Too Good To Us,Dylan Scott,43,16,
2024-07-06,45,Six Feet Under (Caleigh's Song),HARDY,51,3,Gains In Performance
2024-07-06,46,Tie Up,Zac Brown Band,46,14,
2024-07-06,47,Wranglers,Miranda Lambert,48,8,Gains In Performance
2024-07-06,48,Drinkin' Buddies,"Lee Brice, Nate Smith & Hailey Whitters",49,9,Gains In Performance
2024-07-06,49,I Tried A Ring On,Tigirlily Gold,47,21,Gains In Performance
2024-07-06,50,Life With You,Kelsey Hart,50,13,Gains In Performance
2024-07-06,51,Country Back,Randy Houser,53,10,Gains In Performance
2024-07-06,52,Devil You Know,Tyler Braden,52,4,Gains In Performance
2024-07-06,53,Hometown Home,LoCash,54,4,Gains In Performance
2024-07-06,54,Fall Of Summer,Scotty McCreery,57,3,Gains In Performance
2024-07-06,55,Holy Smokes,Bailey Zimmerman,56,2,Gains In Performance
2024-07-06,56,Single Again,Josh Ross,59,13,Gains In Performance
2024-07-06,57,This Heart,Corey Kent,58,6,
2024-07-06,58,Country House,Sam Hunt,RE,2,Gains In Performance
2024-07-06,59,Everything I Need,Chayce Beckham,60,3,Gains In Performance
2024-07-06,60,Roulette On The Heart,Conner Smith Featuring Hailey Whitters,RE,4,Gains In Performance
2024-07-13,1,I Had Some Help,Post Malone Featuring Morgan Wallen,1,9,Gains In Performance
2024-07-13,2,Cowgirls,Morgan Wallen Featuring ERNEST,2,13,Gains In Performance
2024-07-13,3,Let Your Boys Be Country,Jason Aldean,6,32,Gains In Performance
2024-07-13,4,Where It Ends,Bailey Zimmerman,3,40,
2024-07-13,5,We Ride,Bryan Martin,4,40,Gains In Performance
2024-07-13,6,A Bar Song (Tipsy),Shaboozey,12,10,Gains In Performance
2024-07-13,7,Bulletproof,Nate Smith,5,21,Gains In Performance
2024-07-13,8,Young Love & Saturday Nights,Chris Young,8,43,Gains In Performance
2024-07-13,9,Dirt Cheap,Cody Johnson,10,25,Gains In Performance
2024-07-13,10,She's Somebody's Daughter (Reimagined),Drew Baldridge,11,36,Gains In Performance
2024-07-13,11,Ain't No Love In Oklahoma,Luke Combs,13,8,Gains In Performance
2024-07-13,12,Chevrolet,Dustin Lynch Featuring Jelly Roll,14,30,Gains In Performance
2024-07-13,13,Love You Again,Chase Matthew,15,58,Gains In Performance
2024-07-13,14,I'm Not Pretty,Megan Moroney,16,48,Gains In Performance
2024-07-13,15,Hang Tight Honey,Lainey Wilson,17,8,Gains In Performance
2024-07-13,16,This Is My Dirt,Justin Moore,19,34,Gains In Performance
2024-07-13,17,One Bad Habit,Tim McGraw,18,24,Gains In Performance
2024-07-13,18,Austin,Dasha,20,15,Gains In Performance
2024-07-13,19,"Love You, Miss You, Mean It",Luke Bryan,21,13,Gains In Performance
2024-07-13,20,I Am Not Okay,Jelly Roll,22,4,Gains In Performance
2024-07-13,21,Messed Up As Me,Keith Urban,23,18,Gains In Performance
2024-07-13,22,Gonna Love You,Parmalee,24,35,Gains In Performance
2024-07-13,23,Beautiful As You,Thomas Rhett,25,8,Gains In Performance
2024-07-13,24,Coming Home,Old Dominion,NEW,1,Highest ranking debut|Gains In Performance
2024-07-13,25,Bigger Houses,Dan + Shay,28,22,Gains In Performance
2024-07-13,26,Dance With You,Brett Young,26,46,
2024-07-13,27,Sounds Like The Radio,Zach Top,29,26,Gains In Performance
2024-07-13,28,Miles On It,Marshmello & Kane Brown,30,9,Gains In Performance
2024-07-13,29,Lies Lies Lies,Morgan Wallen,NEW,1,Gains In Performance
2024-07-13,30,Damn Good Day To Leave,Riley Green,32,16,
2024-07-13,31,American Girl,Dierks Bentley,31,19,
2024-07-13,32,Think I'm In Love With You,Chris Stapleton,36,20,Gains In Performance
2024-07-13,33,Cowboy Songs,George Birge,33,18,
2024-07-13,34,Boys Back Home,Dylan Marlowe & Dylan Scott,34,26,
2024-07-13,35,Wind Up Missin' You,Tucker Wetmore,37,6,Gains In Performance
2024-07-13,36,Called Crazy,Kassi Ashton,35,15,
2024-07-13,37,Breakin' In Boots,Matt Stell,41,25,Gains In Performance
2024-07-13,38,Whatcha See Is Whatcha Get,Chris Janson,39,17,
2024-07-13,39,Find Another Bar,Chris Lane,40,36,
2024-07-13,40,Six Feet Under (Caleigh's Song),HARDY,45,4,Gains In Performance
2024-07-13,41,Friends Like That,John Morgan Featuring Jason Aldean,42,11,Gains In Performance
2024-07-13,42,This Town's Been Too Good To Us,Dylan Scott,44,17,
2024-07-13,43,Pour Me A Drink,Post Malone Featuring Blake Shelton,38,2,
2024-07-13,44,Forever To Me,Cole Swindell,43,12,
2024-07-13,45,Tie Up,Zac Brown Band,46,15,Gains In Performance
2024-07-13,46,Wranglers,Miranda Lambert,47,9,
2024-07-13,47,Drinkin' Buddies,"Lee Brice, Nate Smith & Hailey Whitters",48,10,
2024-07-13,48,I Tried A Ring On,Tigirlily Gold,49,22,
2024-07-13,49,Life With You,Kelsey Hart,50,14,
2024-07-13,50,Cowboys Cry Too,Kelsea Ballerini & Noah Kahan,27,2,
2024-07-13,51,Country Back,Randy Houser,51,11,
2024-07-13,52,Fall Of Summer,Scotty McCreery,54,4,Gains In Performance
2024-07-13,53,Holy Smokes,Bailey Zimmerman,55,3,Gains In Performance
2024-07-13,54,Hometown Home,LoCash,53,5,
2024-07-13,55,Devil You Know,Tyler Braden,52,5,
2024-07-13,56,This Heart,Corey Kent,57,7,Gains In Performance
2024-07-13,57,Single Again,Josh Ross,56,14,
2024-07-13,58,Everything I Need,Chayce Beckham,59,4,Gains In Performance
2024-07-13,59,Country House,Sam Hunt,58,3,
2024-07-13,60,Neon Baby,Annie Bosko,NEW,1,
2024-07-20,1,I Had Some Help,Post Malone Featuring Morgan Wallen,1,10,Gains In Performance
2024-07-20,2,Cowgirls,Morgan Wallen Featuring ERNEST,2,14,Gains In Performance
2024-07-20,3,We Ride,Bryan Martin,5,41,Greatest gainer this week|Gains In Performance
2024-07-20,4,A Bar Song (Tipsy),Shaboozey,6,11,Gains In Performance
2024-07-20,5,Where It Ends,Bailey Zimmerman,4,41,
2024-07-20,6,Bulletproof,Nate Smith,7,22,Gains In Performance
2024-07-20,7,Dirt Cheap,Cody Johnson,9,26,Gains In Performance
2024-07-20,8,She's Somebody's Daughter (Reimagined),Drew Baldridge,10,37,Gains In Performance
2024-07-20,9,Young Love & Saturday Nights,Chris Young,8,44,Gains In Performance
2024-07-20,10,Ain't No Love In Oklahoma,Luke Combs,11,9,Gains In Performance
2024-07-20,11,Chevrolet,Dustin Lynch Featuring Jelly Roll,12,31,Gains In Performance
2024-07-20,12,Let Your Boys Be Country,Jason Aldean,3,33,
2024-07-20,13,Love You Again,Chase Matthew,13,59,Gains In Performance
2024-07-20,14,Hang Tight Honey,Lainey Wilson,15,9,Gains In Performance
2024-07-20,15,This Is My Dirt,Justin Moore,16,35,Gains In Performance
2024-07-20,16,One Bad Habit,Tim McGraw,17,25,Gains In Performance
2024-07-20,17,"Love You, Miss You, Mean It",Luke Bryan,19,14,Gains In Performance
2024-07-20,18,Austin,Dasha,18,16,Gains In Performance
2024-07-20,19,I Am Not Okay,Jelly Roll,20,5,Gains In Performance
2024-07-20,20,Beautiful As You,Thomas Rhett,23,9,Gains In Performance
2024-07-20,21,Messed Up As Me,Keith Urban,21,19,Gains In Performance
2024-07-20,22,Gonna Love You,Parmalee,22,36,Gains In Performance
2024-07-20,23,Bigger Houses,Dan + Shay,25,23,Gains In Performance
2024-07-20,24,Miles On It,Marshmello & Kane Brown,28,10,Gains In Performance
2024-07-20,25,Dance With You,Brett Young,26,47,Gains In Performance
2024-07-20,26,Sounds Like The Radio,Zach Top,27,27,Gains In Performance
2024-07-20,27,Lies Lies Lies,Morgan Wallen,29,2,Gains In Performance
2024-07-20,28,Damn Good Day To Leave,Riley Green,30,17,Gains In Performance
2024-07-20,29,American Girl,Dierks Bentley,31,20,Gains In Performance
2024-07-20,30,Cowboy Songs,George Birge,33,19,Gains In Performance
2024-07-20,31,Wind Up Missin' You,Tucker Wetmore,35,7,Gains In Performance
2024-07-20,32,Think I'm In Love With You,Chris Stapleton,32,21,Gains In Performance
2024-07-20,33,Boys Back Home,Dylan Marlowe & Dylan Scott,34,27,Gains In Performance
2024-07-20,34,Pour Me A Drink,Post Malone Featuring Blake Shelton,43,3,Gains In Performance
2024-07-20,35,Called Crazy,Kassi Ashton,36,16,Gains In Performance
2024-07-20,36,Breakin' In Boots,Matt Stell,37,26,Gains In Performance
2024-07-20,37,Find Another Bar,Chris Lane,39,37,Gains In Performance
2024-07-20,38,Whatcha See Is Whatcha Get,Chris Janson,38,18,Gains In Performance
2024-07-20,39,This Town's Been Too Good To Us,Dylan Scott,42,18,Gains In Performance
2024-07-20,40,Forever To Me,Cole Swindell,44,13,Gains In Performance
2024-07-20,41,Six Feet Under (Caleigh's Song),HARDY,40,5,
2024-07-20,42,Friends Like That,John Morgan Featuring Jason Aldean,41,12,
2024-07-20,43,Wranglers,Miranda Lambert,46,10,Gains In Performance
2024-07-20,44,Tie Up,Zac Brown Band,45,16,Gains In Performance
2024-07-20,45,I Tried A Ring On,Tigirlily Gold,48,23,Gains In Performance
2024-07-20,46,Drinkin' Buddies,"Lee Brice, Nate Smith & Hailey Whitters",47,11,Gains In Performance
2024-07-20,47,Coming Home,Old Dominion,24,2,
2024-07-20,48,Life With You,Kelsey Hart,49,15,
2024-07-20,49,Cowboys Cry Too,Kelsea Ballerini & Noah Kahan,50,3,Gains In Performance
2024-07-20,50,Fall Of Summer,Scotty McCreery,52,5,Gains In Performance
2024-07-20,51,Hometown Home,LoCash,54,6,Gains In Performance
2024-07-20,52,Holy Smokes,Bailey Zimmerman,53,4,Gains In Performance
2024-07-20,53,Country Back,Randy Houser,51,12,
2024-07-20,54,Devil You Know,Tyler Braden,55,6,Gains In Performance
2024-07-20,55,Single Again,Josh Ross,57,15,Gains In Performance
2024-07-20,56,This Heart,Corey Kent,56,8,Gains In Performance
2024-07-20,57,Everything I Need,Chayce Beckham,58,5,
2024-07-20,58,Strangers,Kameron Marlowe & Ella Langley,NEW,1,Highest ranking debut|Gains In Performance
2024-07-20,59,Neon Baby,Annie Bosko,60,2,Gains In Performance
2024-07-20,60,Country House,Sam Hunt,59,4,
2024-07-27,1,Cowgirls,Morgan Wallen Featuring ERNEST,2,15,Gains In Performance
2024-07-27,2,I Had Some Help,Post Malone Featuring Morgan Wallen,1,11,
2024-07-27,3,A Bar Song (Tipsy),Shaboozey,4,12,Greatest gainer this week|Gains In Performance
2024-07-27,4,Bulletproof,Nate Smith,6,23,Gains In Performance
2024-07-27,5,Where It Ends,Bailey Zimmerman,5,42,
2024-07-27,6,Dirt Cheap,Cody Johnson,7,27,Gains In Performance
2024-07-27,7,She's Somebody's Daughter (Reimagined),Drew Baldridge,8,38,Gains In Performance
2024-07-27,8,Young Love & Saturday Nights,Chris Young,9,45,Gains In Performance
2024-07-27,9,We Ride,Bryan Martin,3,42,
2024-07-27,10,Ain't No Love In Oklahoma,Luke Combs,10,10,Gains In Performance
2024-07-27,11,Chevrolet,Dustin Lynch Featuring Jelly Roll,11,32,Gains In Performance
2024-07-27,12,Love You Again,Chase Matthew,13,60,Gains In Performance
2024-07-27,13,Hang Tight Honey,Lainey Wilson,14,10,Gains In Performance
2024-07-27,14,"Love You, Miss You, Mean It",Luke Bryan,17,15,Gains In Performance
2024-07-27,15,This Is My Dirt,Justin Moore,15,36,Gains In Performance
2024-07-27,16,One Bad Habit,Tim McGraw,16,26,Gains In Performance
2024-07-27,17,Austin,Dasha,18,17,Gains In Performance
2024-07-27,18,I Am Not Okay,Jelly Roll,19,6,Gains In Performance
2024-07-27,19,Beautiful As You,Thomas Rhett,20,10,Gains In Performance
2024-07-27,20,Messed Up As Me,Keith Urban,21,20,Gains In Performance
2024-07-27,21,Gonna Love You,Parmalee,22,37,Gains In Performance
2024-07-27,22,Miles On It,Marshmello & Kane Brown,24,11,Gains In Performance
2024-07-27,23,Bigger Houses,Dan + Shay,23,24,Gains In Performance
2024-07-27,24,Pour Me A Drink,Post Malone Featuring Blake Shelton,34,4,Gains In Performance
2024-07-27,25,Dance With You,Brett Young,25,48,Gains In Performance
2024-07-27,26,Sounds Like The Radio,Zach Top,26,28,Gains In Performance
2024-07-27,27,Lies Lies Lies,Morgan Wallen,27,3,Gains In Performance
2024-07-27,28,Damn Good Day To Leave,Riley Green,28,18,Gains In Performance
2024-07-27,29,American Girl,Dierks Bentley,29,21,Gains In Performance
2024-07-27,30,Cowboy Songs,George Birge,30,20,Gains In Performance
2024-07-27,31,Wind Up Missin' You,Tucker Wetmore,31,8,Gains In Performance
2024-07-27,32,Think I'm In Love With You,Chris Stapleton,32,22,Gains In Performance
2024-07-27,33,Boys Back Home,Dylan Marlowe & Dylan Scott,33,28,
2024-07-27,34,Breakin' In Boots,Matt Stell,36,27,Gains In Performance
2024-07-27,35,Called Crazy,Kassi Ashton,35,17,Gains In Performance
2024-07-27,36,Bones,Russell Dickerson,NEW,1,Highest ranking debut|Gains In Performance
2024-07-27,37,Find Another Bar,Chris Lane,37,38,Gains In Performance
2024-07-27,38,Whatcha See Is Whatcha Get,Chris Janson,38,19,Gains In Performance
2024-07-27,39,This Town's Been Too Good To Us,Dylan Scott,39,19,Gains In Performance
2024-07-27,40,Forever To Me,Cole Swindell,40,14,Gains In Performance
2024-07-27,41,Friends Like That,John Morgan Featuring Jason Aldean,42,13,Gains In Performance
2024-07-27,42,Six Feet Under (Caleigh's Song),HARDY,41,6,Gains In Performance
2024-07-27,43,I Tried A Ring On,Tigirlily Gold,45,24,Gains In Performance
2024-07-27,44,Wranglers,Miranda Lambert,43,11,Gains In Performance
2024-07-27,45,Tie Up,Zac Brown Band,44,17,
2024-07-27,46,Drinkin' Buddies,"Lee Brice, Nate Smith & Hailey Whitters",46,12,Gains In Performance
2024-07-27,47,Coming Home,Old Dominion,47,3,Gains In Performance
2024-07-27,48,Life With You,Kelsey Hart,48,16,Gains In Performance
2024-07-27,49,Cowboys Cry Too,Kelsea Ballerini & Noah Kahan,49,4,Gains In Performance
2024-07-27,50,Holy Smokes,Bailey Zimmerman,52,5,Gains In Performance
2024-07-27,51,Fall Of Summer,Scotty McCreery,50,6,Gains In Performance
2024-07-27,52,Hometown Home,LoCash,51,7,Gains In Performance
2024-07-27,53,Country Back,Randy Houser,53,13,Gains In Performance
2024-07-27,54,High Road,Koe Wetzel & Jessie Murph,NEW,1,Gains In Performance
2024-07-27,55,Just To Say We Did,Kenny Chesney,NEW,1,Gains In Performance
2024-07-27,56,Neon Baby,Annie Bosko,59,3,Gains In Performance
2024-07-27,57,Devil You Know,Tyler Braden,54,7,
2024-07-27,58,Single Again,Josh Ross,55,16,
2024-07-27,59,Everything I Need,Chayce Beckham,57,6,Gains In Performance
2024-07-27,60,This Heart,Corey Kent,56,9,Gains In Performance
2024-08-03,1,A Bar Song (Tipsy),Shaboozey,3,13,Gains In Performance
2024-08-03,2,Cowgirls,Morgan Wallen Featuring ERNEST,1,16,
2024-08-03,3,I Had Some Help,Post Malone Featuring Morgan Wallen,2,12,
2024-08-03,4,Bulletproof,Nate Smith,4,24,Gains In Performance
2024-08-03,5,She's Somebody's Daughter (Reimagined),Drew Baldridge,7,39,Gains In Performance
2024-08-03,6,Dirt Cheap,Cody Johnson,6,28,Gains In Performance
2024-08-03,7,Where It Ends,Bailey Zimmerman,5,43,
2024-08-03,8,Ain't No Love In Oklahoma,Luke Combs,10,11,Gains In Performance
2024-08-03,9,Young Love & Saturday Nights,Chris Young,8,46,Gains In Performance
2024-08-03,10,Chevrolet,Dustin Lynch Featuring Jelly Roll,11,33,Gains In Performance
2024-08-03,11,Love You Again,Chase Matthew,12,61,Gains In Performance
2024-08-03,12,"Love You, Miss You, Mean It",Luke Bryan,14,16,Gains In Performance
2024-08-03,13,Hang Tight Honey,Lainey Wilson,13,11,Gains In Performance
2024-08-03,14,This Is My Dirt,Justin Moore,15,37,Gains In Performance
2024-08-03,15,One Bad Habit,Tim McGraw,16,27,Gains In Performance
2024-08-03,16,Austin,Dasha,17,18,Gains In Performance
2024-08-03,17,I Am Not Okay,Jelly Roll,18,7,Gains In Performance
2024-08-03,18,Messed Up As Me,Keith Urban,20,21,Gains In Performance
2024-08-03,19,Miles On It,Marshmello & Kane Brown,22,12,Gains In Performance
2024-08-03,20,Beautiful As You,Thomas Rhett,19,11,Gains In Performance
2024-08-03,21,Pour Me A Drink,Post Malone Featuring Blake Shelton,24,5,Gains In Performance
2024-08-03,22,Gonna Love You,Parmalee,21,38,Gains In Performance
2024-08-03,23,Bigger Houses,Dan + Shay,23,25,Gains In Performance
2024-08-03,24,Lies Lies Lies,Morgan Wallen,27,4,Gains In Performance
2024-08-03,25,Sounds Like The Radio,Zach Top,26,29,Gains In Performance
2024-08-03,26,Guy For That,Post Malone Featuring Luke Combs,NEW,1,Highest ranking debut|Gains In Performance
2024-08-03,27,Damn Good Day To Leave,Riley Green,28,19,Gains In Performance
2024-08-03,28,Dance With You,Brett Young,25,49,
2024-08-03,29,American Girl,Dierks Bentley,29,22,Gains In Performance
2024-08-03,30,Cowboy Songs,George Birge,30,21,Gains In Performance
2024-08-03,31,Think I'm In Love With You,Chris Stapleton,32,23,Gains In Performance
2024-08-03,32,Wind Up Missin' You,Tucker Wetmore,31,9,Gains In Performance
2024-08-03,33,Boys Back Home,Dylan Marlowe & Dylan Scott,33,29,Gains In Performance
2024-08-03,34,Breakin' In Boots,Matt Stell,34,28,Gains In Performance
2024-08-03,35,Called Crazy,Kassi Ashton,35,18,Gains In Performance
2024-08-03,36,Find Another Bar,Chris Lane,37,39,Gains In Performance
2024-08-03,37,This Town's Been Too Good To Us,Dylan Scott,39,20,Gains In Performance
2024-08-03,38,Whatcha See Is Whatcha Get,Chris Janson,38,20,
2024-08-03,39,Friends Like That,John Morgan Featuring Jason Aldean,41,14,Gains In Performance
2024-08-03,40,Forever To Me,Cole Swindell,40,15,Gains In Performance
2024-08-03,41,I Ain't Sayin',Jordan Davis,NEW,1,Gains In Performance
2024-08-03,42,Six Feet Under (Caleigh's Song),HARDY,42,7,Gains In Performance
2024-08-03,43,Wranglers,Miranda Lambert,44,12,Gains In Performance
2024-08-03,44,I Tried A Ring On,Tigirlily Gold,43,25,Gains In Performance
2024-08-03,45,Tie Up,Zac Brown Band,45,18,
2024-08-03,46,Drinkin' Buddies,"Lee Brice, Nate Smith & Hailey Whitters",46,13,Gains In Performance
2024-08-03,47,Coming Home,Old Dominion,47,4,Gains In Performance
2024-08-03,48,Just To Say We Did,Kenny Chesney,55,2,Gains In Performance
2024-08-03,49,Life With You,Kelsey Hart,48,17,
2024-08-03,50,Fall Of Summer,Scotty McCreery,51,7,Gains In Performance
2024-08-03,51,Cowboys Cry Too,Kelsea Ballerini & Noah Kahan,49,5,Gains In Performance
2024-08-03,52,Holy Smokes,Bailey Zimmerman,50,6,Gains In Performance
2024-08-03,53,Hometown Home,LoCash,52,8,Gains In Performance
2024-08-03,54,Country Back,Randy Houser,53,14,Gains In Performance
2024-08-03,55,High Road,Koe Wetzel & Jessie Murph,54,2,Gains In Performance
2024-08-03,56,Devil You Know,Tyler Braden,57,8,Gains In Performance
2024-08-03,57,You Look Like You Love Me,Ella Langley Featuring Riley Green,NEW,1,Gains In Performance
2024-08-03,58,Single Again,Josh Ross,58,17,Gains In Performance
2024-08-03,59,This Heart,Corey Kent,60,10,Gains In Performance
2024-08-03,60,Everything I Need,Chayce Beckham,59,7,Gains In Performance
2024-08-10,1,A Bar Song (Tipsy),Shaboozey,1,14,Gains In Performance
2024-08-10,2,I Had Some Help,Post Malone Featuring Morgan Wallen,3,13,
2024-08-10,3,Cowgirls,Morgan Wallen Featuring ERNEST,2,17,
2024-08-10,4,Bulletproof,Nate Smith,4,25,Gains In Performance
2024-08-10,5,She's Somebody's Daughter (Reimagined),Drew Baldridge,5,40,Gains In Performance
2024-08-10,6,Dirt Cheap,Cody Johnson,6,29,Gains In Performance
2024-08-10,7,Chevrolet,Dustin Lynch Featuring Jelly Roll,10,34,Greatest gainer this week|Gains In Performance
2024-08-10,8,Ain't No Love In Oklahoma,Luke Combs,8,12,Gains In Performance
2024-08-10,9,Young Love & Saturday Nights,Chris Young,9,47,Gains In Performance
2024-08-10,10,Love You Again,Chase Matthew,11,62,Gains In Performance
2024-08-10,11,"Love You, Miss You, Mean It",Luke Bryan,12,17,Gains In Performance
2024-08-10,12,This Is My Dirt,Justin Moore,14,38,Gains In Performance
2024-08-10,13,Hang Tight Honey,Lainey Wilson,13,12,Gains In Performance
2024-08-10,14,One Bad Habit,Tim McGraw,15,28,Gains In Performance
2024-08-10,15,Austin,Dasha,16,19,Gains In Performance
2024-08-10,16,I Am Not Okay,Jelly Roll,17,8,Gains In Performance
2024-08-10,17,Pour Me A Drink,Post Malone Featuring Blake Shelton,21,6,Gains In Performance
2024-08-10,18,Messed Up As Me,Keith Urban,18,22,Gains In Performance
2024-08-10,19,Miles On It,Marshmello & Kane Brown,19,13,Gains In Performance
2024-08-10,20,Beautiful As You,Thomas Rhett,20,12,Gains In Performance
2024-08-10,21,Gonna Love You,Parmalee,22,39,Gains In Performance
2024-08-10,22,Lies Lies Lies,Morgan Wallen,24,5,Gains In Performance
2024-08-10,23,Bigger Houses,Dan + Shay,23,26,Gains In Performance
2024-08-10,24,Sounds Like The Radio,Zach Top,25,30,Gains In Performance
2024-08-10,25,Damn Good Day To Leave,Riley Green,27,20,Gains In Performance
2024-08-10,26,American Girl,Dierks Bentley,29,23,Gains In Performance
2024-08-10,27,Think I'm In Love With You,Chris Stapleton,31,24,Gains In Performance
2024-08-10,28,Cowboy Songs,George Birge,30,22,Gains In Performance
2024-08-10,29,Wind Up Missin' You,Tucker Wetmore,32,10,Gains In Performance
2024-08-10,30,Boys Back Home,Dylan Marlowe & Dylan Scott,33,30,
2024-08-10,31,Breakin' In Boots,Matt Stell,34,29,Gains In Performance
2024-08-10,32,Called Crazy,Kassi Ashton,35,19,
2024-08-10,33,This Town's Been Too Good To Us,Dylan Scott,37,21,Gains In Performance
2024-08-10,34,Whatcha See Is Whatcha Get,Chris Janson,38,21,Gains In Performance
2024-08-10,35,Guy For That,Post Malone Featuring Luke Combs,26,2,
2024-08-10,36,Find Another Bar,Chris Lane,36,40,
2024-08-10,37,Wranglers,Miranda Lambert,43,13,Gains In Performance
2024-08-10,38,Friends Like That,John Morgan Featuring Jason Aldean,39,15,
2024-08-10,39,I Tried A Ring On,Tigirlily Gold,44,26,Gains In Performance
2024-08-10,40,Forever To Me,Cole Swindell,40,16,
2024-08-10,41,Tie Up,Zac Brown Band,45,19,Gains In Performance
2024-08-10,42,Life With You,Kelsey Hart,49,18,Gains In Performance
2024-08-10,43,Drinkin' Buddies,"Lee Brice, Nate Smith & Hailey Whitters",46,14,Gains In Performance
2024-08-10,44,Coming Home,Old Dominion,47,5,Gains In Performance
2024-08-10,45,Six Feet Under (Caleigh's Song),HARDY,42,8,
2024-08-10,46,I Ain't Sayin',Jordan Davis,41,2,
2024-08-10,47,Just To Say We Did,Kenny Chesney,48,3,Gains In Performance
2024-08-10,48,High Road,Koe Wetzel & Jessie Murph,55,3,Gains In Performance
2024-08-10,49,Fall Of Summer,Scotty McCreery,50,8,Gains In Performance
2024-08-10,50,Holy Smokes,Bailey Zimmerman,52,7,Gains In Performance
2024-08-10,51,Cowboys Cry Too,Kelsea Ballerini & Noah Kahan,51,6,Gains In Performance
2024-08-10,52,Hometown Home,LoCash,53,9,Gains In Performance
2024-08-10,53,Whiskey Drink,Jason Aldean,NEW,1,Highest ranking debut|Gains In Performance
2024-08-10,54,Country Back,Randy Houser,54,15,
2024-08-10,55,Truck On Fire,Carly Pearce,NEW,1,Gains In Performance
2024-08-10,56,You Look Like You Love Me,Ella Langley Featuring Riley Green,57,2,Gains In Performance
2024-08-10,57,Single Again,Josh Ross,58,18,Gains In Performance
2024-08-10,58,Devil You Know,Tyler Braden,56,9,
2024-08-10,59,Everything I Need,Chayce Beckham,60,8,Gains In Performance
2024-08-10,60,Bones,Russell Dickerson,RE,2,Gains In Performance
2024-08-17,1,A Bar Song (Tipsy),Shaboozey,1,15,
2024-08-17,2,I Had Some Help,Post Malone Featuring Morgan Wallen,2,14,
2024-08-17,3,Bulletproof,Nate Smith,4,26,Greatest gainer this week|Gains In Performance
2024-08-17,4,Cowgirls,Morgan Wallen Featuring ERNEST,3,18,
2024-08-17,5,She's Somebody's Daughter (Reimagined),Drew Baldridge,5,41,Gains In Performance
2024-08-17,6,Dirt Cheap,Cody Johnson,6,30,Gains In Performance
2024-08-17,7,Chevrolet,Dustin Lynch Featuring Jelly Roll,7,35,Gains In Performance
2024-08-17,8,Ain't No Love In Oklahoma,Luke Combs,8,13,Gains In Performance
2024-08-17,9,Young Love & Saturday Nights,Chris Young,9,48,Gains In Performance
2024-08-17,10,"Love You, Miss You, Mean It",Luke Bryan,11,18,Gains In Performance
2024-08-17,11,Love You Again,Chase Matthew,10,63,Gains In Performance
2024-08-17,12,This Is My Dirt,Justin Moore,12,39,Gains In Performance
2024-08-17,13,Hang Tight Honey,Lainey Wilson,13,13,Gains In Performance
2024-08-17,14,Pour Me A Drink,Post Malone Featuring Blake Shelton,17,7,Gains In Performance
2024-08-17,15,Austin,Dasha,15,20,Gains In Performance
2024-08-17,16,One Bad Habit,Tim McGraw,14,29,
2024-08-17,17,I Am Not Okay,Jelly Roll,16,9,Gains In Performance
2024-08-17,18,Messed Up As Me,Keith Urban,18,23,Gains In Performance
2024-08-17,19,Miles On It,Marshmello & Kane Brown,19,14,Gains In Performance
2024-08-17,20,Beautiful As You,Thomas Rhett,20,13,Gains In Performance
2024-08-17,21,Gonna Love You,Parmalee,21,40,Gains In Performance
2024-08-17,22,Lies Lies Lies,Morgan Wallen,22,6,Gains In Performance
2024-08-17,23,Bigger Houses,Dan + Shay,23,27,Gains In Performance
2024-08-17,24,Sounds Like The Radio,Zach Top,24,31,Gains In Performance
2024-08-17,25,Damn Good Day To Leave,Riley Green,25,21,Gains In Performance
2024-08-17,26,American Girl,Dierks Bentley,26,24,Gains In Performance
2024-08-17,27,Think I'm In Love With You,Chris Stapleton,27,25,Gains In Performance
2024-08-17,28,Cowboy Songs,George Birge,28,23,
2024-08-17,29,Wind Up Missin' You,Tucker Wetmore,29,11,
2024-08-17,30,Breakin' In Boots,Matt Stell,31,30,Gains In Performance
2024-08-17,31,Boys Back Home,Dylan Marlowe & Dylan Scott,30,31,
2024-08-17,32,Called Crazy,Kassi Ashton,32,20,Gains In Performance
2024-08-17,33,Find Another Bar,Chris Lane,36,41,Gains In Performance
2024-08-17,34,Whatcha See Is Whatcha Get,Chris Janson,34,22,
2024-08-17,35,This Town's Been Too Good To Us,Dylan Scott,33,22,
2024-08-17,36,Guy For That,Post Malone Featuring Luke Combs,35,3,
2024-08-17,37,Friends Like That,John Morgan Featuring Jason Aldean,38,16,Gains In Performance
2024-08-17,38,Life With You,Kelsey Hart,42,19,Gains In Performance
2024-08-17,39,High Road,Koe Wetzel & Jessie Murph,48,4,Gains In Performance
2024-08-17,40,Wranglers,Miranda Lambert,37,14,
2024-08-17,41,You Look Like You Love Me,Ella Langley Featuring Riley Green,56,3,Gains In Performance
2024-08-17,42,Tie Up,Zac Brown Band,41,20,Gains In Performance
2024-08-17,43,Forever To Me,Cole Swindell,40,17,
2024-08-17,44,Just To Say We Did,Kenny Chesney,47,4,Gains In Performance
2024-08-17,45,Whiskey Drink,Jason Aldean,53,2,Gains In Performance
2024-08-17,46,Drinkin' Buddies,"Lee Brice, Nate Smith & Hailey Whitters",43,15,
2024-08-17,47,I Tried A Ring On,Tigirlily Gold,39,27,
2024-08-17,48,Coming Home,Old Dominion,44,6,
2024-08-17,49,Cowboys Cry Too,Kelsea Ballerini & Noah Kahan,51,7,Gains In Performance
2024-08-17,50,Fall Of Summer,Scotty McCreery,49,9,Gains In Performance
2024-08-17,51,Holy Smokes,Bailey Zimmerman,50,8,Gains In Performance
2024-08-17,52,I Ain't Sayin',Jordan Davis,46,3,
2024-08-17,53,Six Feet Under (Caleigh's Song),HARDY,45,9,
2024-08-17,54,Hometown Home,LoCash,52,10,
2024-08-17,55,Country Back,Randy Houser,54,16,Gains In Performance
2024-08-17,56,Truck On Fire,Carly Pearce,55,2,Gains In Performance
2024-08-17,57,Everything I Need,Chayce Beckham,59,9,Gains In Performance
2024-08-17,58,Single Again,Josh Ross,57,19,Gains In Performance
2024-08-17,59,This Heart,Corey Kent,RE,11,Gains In Performance
2024-08-17,60,Park,Tyler Hubbard,NEW,1,Highest ranking debut|Gains In Performance
2024-08-24,1,A Bar Song (Tipsy),Shaboozey,1,16,
2024-08-24,2,I Had Some Help,Post Malone Featuring Morgan Wallen,2,15,
2024-08-24,3,Bulletproof,Nate Smith,3,27,Gains In Performance
2024-08-24,4,Cowgirls,Morgan Wallen Featuring ERNEST,4,19,
2024-08-24,5,She's Somebody's Daughter (Reimagined),Drew Baldridge,5,42,Gains In Performance
2024-08-24,6,Chevrolet,Dustin Lynch Featuring Jelly Roll,7,36,Gains In Performance
2024-08-24,7,Ain't No Love In Oklahoma,Luke Combs,8,14,Gains In Performance
2024-08-24,8,Young Love & Saturday Nights,Chris Young,9,49,Gains In Performance
2024-08-24,9,Dirt Cheap,Cody Johnson,6,31,
2024-08-24,10,"Love You, Miss You, Mean It",Luke Bryan,10,19,Gains In Performance
2024-08-24,11,Love You Again,Chase Matthew,11,64,Gains In Performance
2024-08-24,12,This Is My Dirt,Justin Moore,12,40,Gains In Performance
2024-08-24,13,Pour Me A Drink,Post Malone Featuring Blake Shelton,14,8,Gains In Performance
2024-08-24,14,Hang Tight Honey,Lainey Wilson,13,14,Gains In Performance
2024-08-24,15,Austin,Dasha,15,21,Gains In Performance
2024-08-24,16,One Bad Habit,Tim McGraw,16,30,Gains In Performance
2024-08-24,17,I Am Not Okay,Jelly Roll,17,10,Gains In Performance
2024-08-24,18,Miles On It,Marshmello & Kane Brown,19,15,Greatest gainer this week|Gains In Performance
2024-08-24,19,Gonna Love You,Parmalee,21,41,Gains In Performance
2024-08-24,20,Beautiful As You,Thomas Rhett,20,14,Gains In Performance
2024-08-24,21,Lies Lies Lies,Morgan Wallen,22,7,Gains In Performance
2024-08-24,22,Messed Up As Me,Keith Urban,18,24,
2024-08-24,23,Sounds Like The Radio,Zach Top,24,32,Gains In Performance
2024-08-24,24,Bigger Houses,Dan + Shay,23,28,Gains In Performance
2024-08-24,25,American Girl,Dierks Bentley,26,25,Gains In Performance
2024-08-24,26,Think I'm In Love With You,Chris Stapleton,27,26,Gains In Performance
2024-08-24,27,Damn Good Day To Leave,Riley Green,25,22,Gains In Performance
2024-08-24,28,Cowboy Songs,George Birge,28,24,Gains In Performance
2024-08-24,29,Wind Up Missin' You,Tucker Wetmore,29,12,Gains In Performance
2024-08-24,30,Boys Back Home,Dylan Marlowe & Dylan Scott,31,32,Gains In Performance
2024-08-24,31,Breakin' In Boots,Matt Stell,30,31,
2024-08-24,32,High Road,Koe Wetzel & Jessie Murph,39,5,Gains In Performance
2024-08-24,33,Called Crazy,Kassi Ashton,32,21,Gains In Performance
2024-08-24,34,Friends Like That,John Morgan Featuring Jason Aldean,37,17,Gains In Performance
2024-08-24,35,You Look Like You Love Me,Ella Langley Featuring Riley Green,41,4,Gains In Performance
2024-08-24,36,Find Another Bar,Chris Lane,33,42,Gains In Performance
2024-08-24,37,Whatcha See Is Whatcha Get,Chris Janson,34,23,Gains In Performance
2024-08-24,38,Life With You,Kelsey Hart,38,20,Gains In Performance
2024-08-24,39,This Town's Been Too Good To Us,Dylan Scott,35,23,
2024-08-24,40,Guy For That,Post Malone Featuring Luke Combs,36,4,
2024-08-24,41,Wranglers,Miranda Lambert,40,15,Gains In Performance
2024-08-24,42,Forever To Me,Cole Swindell,43,18,Gains In Performance
2024-08-24,43,Drinkin' Buddies,"Lee Brice, Nate Smith & Hailey Whitters",46,16,Gains In Performance
2024-08-24,44,Whiskey Drink,Jason Aldean,45,3,
2024-08-24,45,Tie Up,Zac Brown Band,42,21,
2024-08-24,46,Fall Of Summer,Scotty McCreery,50,10,Gains In Performance
2024-08-24,47,I Tried A Ring On,Tigirlily Gold,47,28,
2024-08-24,48,I Ain't Sayin',Jordan Davis,52,4,Gains In Performance
2024-08-24,49,Cowboys Cry Too,Kelsea Ballerini & Noah Kahan,49,8,
2024-08-24,50,Coming Home,Old Dominion,48,7,
2024-08-24,51,Just To Say We Did,Kenny Chesney,44,5,
2024-08-24,52,Holy Smokes,Bailey Zimmerman,51,9,
2024-08-24,53,Hometown Home,LoCash,54,11,Gains In Performance
2024-08-24,54,Country Back,Randy Houser,55,17,Gains In Performance
2024-08-24,55,Six Feet Under (Caleigh's Song),HARDY,53,10,
2024-08-24,56,Truck On Fire,Carly Pearce,56,3,Gains In Performance
2024-08-24,57,Everything I Need,Chayce Beckham,57,10,Gains In Performance
2024-08-24,58,Over When We're Sober,Brantley Gilbert Featuring Ashley Cooke,RE,2,Gains In Performance
2024-08-24,59,Single Again,Josh Ross,58,20,Gains In Performance
2024-08-24,60,Love The Leavin',Drew Parker,NEW,1,Highest ranking debut|Gains In Performance
2024-08-31,1,A Bar Song (Tipsy),Shaboozey,1,17,
2024-08-31,2,I Had Some Help,Post Malone Featuring Morgan Wallen,2,16,
2024-08-31,3,She's Somebody's Daughter (Reimagined),Drew Baldridge,5,43,Greatest gainer this week|Gains In Performance
2024-08-31,4,Cowgirls,Morgan Wallen Featuring ERNEST,4,20,
2024-08-31,5,Chevrolet,Dustin Lynch Featuring Jelly Roll,6,37,Gains In Performance
2024-08-31,6,Ain't No Love In Oklahoma,Luke Combs,7,15,Gains In Performance
2024-08-31,7,Young Love & Saturday Nights,Chris Young,8,50,Gains In Performance
2024-08-31,8,Dirt Cheap,Cody Johnson,9,32,Gains In Performance
2024-08-31,9,Bulletproof,Nate Smith,3,28,
2024-08-31,10,"Love You, Miss You, Mean It",Luke Bryan,10,20,Gains In Performance
2024-08-31,11,Love You Again,Chase Matthew,11,65,Gains In Performance
2024-08-31,12,This Is My Dirt,Justin Moore,12,41,Gains In Performance
2024-08-31,13,Pour Me A Drink,Post Malone Featuring Blake Shelton,13,9,Gains In Performance
2024-08-31,14,Austin,Dasha,15,22,Gains In Performance
2024-08-31,15,Hang Tight Honey,Lainey Wilson,14,15,Gains In Performance
2024-08-31,16,One Bad Habit,Tim McGraw,16,31,Gains In Performance
2024-08-31,17,Miles On It,Marshmello & Kane Brown,18,16,Gains In Performance
2024-08-31,18,I Am Not Okay,Jelly Roll,17,11,Gains In Performance
2024-08-31,19,Gonna Love You,Parmalee,19,42,Gains In Performance
2024-08-31,20,Lies Lies Lies,Morgan Wallen,21,8,Gains In Performance
2024-08-31,21,Beautiful As You,Thomas Rhett,20,15,Gains In Performance
2024-08-31,22,Messed Up As Me,Keith Urban,22,25,Gains In Performance
2024-08-31,23,Bigger Houses,Dan + Shay,24,29,Gains In Performance
2024-08-31,24,Sounds Like The Radio,Zach Top,23,33,Gains In Performance
2024-08-31,25,American Girl,Dierks Bentley,25,26,Gains In Performance
2024-08-31,26,Think I'm In Love With You,Chris Stapleton,26,27,Gains In Performance
2024-08-31,27,Damn Good Day To Leave,Riley Green,27,23,Gains In Performance
2024-08-31,28,Cowboy Songs,George Birge,28,25,Gains In Performance
2024-08-31,29,Wind Up Missin' You,Tucker Wetmore,29,13,Gains In Performance
2024-08-31,30,Boys Back Home,Dylan Marlowe & Dylan Scott,30,33,Gains In Performance
2024-08-31,31,High Road,Koe Wetzel & Jessie Murph,32,6,Gains In Performance
2024-08-31,32,Breakin' In Boots,Matt Stell,31,32,Gains In Performance
2024-08-31,33,You Look Like You Love Me,Ella Langley Featuring Riley Green,35,5,Gains In Performance
2024-08-31,34,Friends Like That,John Morgan Featuring Jason Aldean,34,18,Gains In Performance
2024-08-31,35,Called Crazy,Kassi Ashton,33,22,Gains In Performance
2024-08-31,36,Find Another Bar,Chris Lane,36,43,Gains In Performance
2024-08-31,37,Whatcha See Is Whatcha Get,Chris Janson,37,24,Gains In Performance
2024-08-31,38,Just To Say We Did,Kenny Chesney,51,6,Gains In Performance
2024-08-31,39,This Town's Been Too Good To Us,Dylan Scott,39,24,Gains In Performance
2024-08-31,40,Guy For That,Post Malone Featuring Luke Combs,40,5,Gains In Performance
2024-08-31,41,Life With You,Kelsey Hart,38,21,
2024-08-31,42,Wranglers,Miranda Lambert,41,16,Gains In Performance
2024-08-31,43,Forever To Me,Cole Swindell,42,19,Gains In Performance
2024-08-31,44,Drinkin' Buddies,"Lee Brice, Nate Smith & Hailey Whitters",43,17,
2024-08-31,45,Tie Up,Zac Brown Band,45,22,Gains In Performance
2024-08-31,46,I Tried A Ring On,Tigirlily Gold,47,29,Gains In Performance
2024-08-31,47,I Ain't Sayin',Jordan Davis,48,5,Gains In Performance
2024-08-31,48,Fall Of Summer,Scotty McCreery,46,11,Gains In Performance
2024-08-31,49,Coming Home,Old Dominion,50,8,Gains In Performance
2024-08-31,50,Whiskey Drink,Jason Aldean,44,4,Gains In Performance
2024-08-31,51,Cowboys Cry Too,Kelsea Ballerini & Noah Kahan,49,9,Gains In Performance
2024-08-31,52,Holy Smokes,Bailey Zimmerman,52,10,
2024-08-31,53,Truck On Fire,Carly Pearce,56,4,Gains In Performance
2024-08-31,54,Love The Leavin',Drew Parker,60,2,Gains In Performance
2024-08-31,55,Hometown Home,LoCash,53,12,Gains In Performance
2024-08-31,56,Country Back,Randy Houser,54,18,Gains In Performance
2024-08-31,57,Six Feet Under (Caleigh's Song),HARDY,55,11,Gains In Performance
2024-08-31,58,Am I Okay?,Megan Moroney,NEW,1,Highest ranking debut|Gains In Performance
2024-08-31,59,Everything I Need,Chayce Beckham,57,11,
2024-08-31,60,Single Again,Josh Ross,59,21,Gains In Performance
2024-09-07,1,A Bar Song (Tipsy),Shaboozey,1,18,
2024-09-07,2,I Had Some Help,Post Malone Featuring Morgan Wallen,2,17,
2024-09-07,3,Chevrolet,Dustin Lynch Featuring Jelly Roll,5,38,Gains In Performance
2024-09-07,4,Cowgirls,Morgan Wallen Featuring ERNEST,4,21,
2024-09-07,5,Dirt Cheap,Cody Johnson,8,33,Gains In Performance
2024-09-07,6,Ain't No Love In Oklahoma,Luke Combs,6,16,Gains In Performance
2024-09-07,7,She's Somebody's Daughter (Reimagined),Drew Baldridge,3,44,
2024-09-07,8,Young Love & Saturday Nights,Chris Young,7,51,Gains In Performance
2024-09-07,9,"Love You, Miss You, Mean It",Luke Bryan,10,21,Gains In Performance
2024-09-07,10,Pour Me A Drink,Post Malone Featuring Blake Shelton,13,10,Greatest gainer this week|Gains In Performance
2024-09-07,11,This Is My Dirt,Justin Moore,12,42,Gains In Performance
2024-09-07,12,Love You Again,Chase Matthew,11,66,Gains In Performance
2024-09-07,13,Austin,Dasha,14,23,Gains In Performance
2024-09-07,14,Miles On It,Marshmello & Kane Brown,17,17,Gains In Performance
2024-09-07,15,Hang Tight Honey,Lainey Wilson,15,16,
2024-09-07,16,One Bad Habit,Tim McGraw,16,32,
2024-09-07,17,I Am Not Okay,Jelly Roll,18,12,Gains In Performance
2024-09-07,18,Gonna Love You,Parmalee,19,43,Gains In Performance
2024-09-07,19,Lies Lies Lies,Morgan Wallen,20,9,Gains In Performance
2024-09-07,20,Beautiful As You,Thomas Rhett,21,16,Gains In Performance
2024-09-07,21,Messed Up As Me,Keith Urban,22,26,
2024-09-07,22,Bigger Houses,Dan + Shay,23,30,Gains In Performance
2024-09-07,23,Sounds Like The Radio,Zach Top,24,34,Gains In Performance
2024-09-07,24,American Girl,Dierks Bentley,25,27,Gains In Performance
2024-09-07,25,Damn Good Day To Leave,Riley Green,27,24,Gains In Performance
2024-09-07,26,Think I'm In Love With You,Chris Stapleton,26,28,Gains In Performance
2024-09-07,27,Wind Up Missin' You,Tucker Wetmore,29,14,Gains In Performance
2024-09-07,28,Cowboy Songs,George Birge,28,26,Gains In Performance
2024-09-07,29,High Road,Koe Wetzel & Jessie Murph,31,7,Gains In Performance
2024-09-07,30,Boys Back Home,Dylan Marlowe & Dylan Scott,30,34,Gains In Performance
2024-09-07,31,You Look Like You Love Me,Ella Langley Featuring Riley Green,33,6,Gains In Performance
2024-09-07,32,Just To Say We Did,Kenny Chesney,38,7,Gains In Performance
2024-09-07,33,Breakin' In Boots,Matt Stell,32,33,Gains In Performance
2024-09-07,34,Friends Like That,John Morgan Featuring Jason Aldean,34,19,Gains In Performance
2024-09-07,35,Whatcha See Is Whatcha Get,Chris Janson,37,25,Gains In Performance
2024-09-07,36,Find Another Bar,Chris Lane,36,44,Gains In Performance
2024-09-07,37,Called Crazy,Kassi Ashton,35,23,
2024-09-07,38,This Town's Been Too Good To Us,Dylan Scott,39,25,Gains In Performance
2024-09-07,39,Forever To Me,Cole Swindell,43,20,Gains In Performance
2024-09-07,40,Wranglers,Miranda Lambert,42,17,Gains In Performance
2024-09-07,41,Guy For That,Post Malone Featuring Luke Combs,40,6,Gains In Performance
2024-09-07,42,Life With You,Kelsey Hart,41,22,Gains In Performance
2024-09-07,43,I Ain't Sayin',Jordan Davis,47,6,Gains In Performance
2024-09-07,44,Tie Up,Zac Brown Band,45,23,
2024-09-07,45,Coming Home,Old Dominion,49,9,Gains In Performance
2024-09-07,46,I Tried A Ring On,Tigirlily Gold,46,30,Gains In Performance
2024-09-07,47,Drinkin' Buddies,"Lee Brice, Nate Smith & Hailey Whitters",44,18,
2024-09-07,48,Whiskey Drink,Jason Aldean,50,5,Gains In Performance
2024-09-07,49,Fall Of Summer,Scotty McCreery,48,12,
2024-09-07,50,Holy Smokes,Bailey Zimmerman,52,11,Gains In Performance
2024-09-07,51,Cowboys Cry Too,Kelsea Ballerini & Noah Kahan,51,10,
2024-09-07,52,Hometown Home,LoCash,55,13,Gains In Performance
2024-09-07,53,Am I Okay?,Megan Moroney,58,2,Gains In Performance
2024-09-07,54,Country Back,Randy Houser,56,19,Gains In Performance
2024-09-07,55,Truck On Fire,Carly Pearce,53,5,
2024-09-07,56,Love The Leavin',Drew Parker,54,3,
2024-09-07,57,Six Feet Under (Caleigh's Song),HARDY,57,12,
2024-09-07,58,Over When We're Sober,Brantley Gilbert Featuring Ashley Cooke,RE,3,Gains In Performance
2024-09-07,59,Single Again,Josh Ross,60,22,Gains In Performance
2024-09-07,60,Everything I Need,Chayce Beckham,59,12,
2024-09-14,1,A Bar Song (Tipsy),Shaboozey,1,19,
2024-09-14,2,I Had Some Help,Post Malone Featuring Morgan Wallen,2,18,
2024-09-14,3,Chevrolet,Dustin Lynch Featuring Jelly Roll,3,39,Gains In Performance
2024-09-14,4,Ain't No Love In Oklahoma,Luke Combs,6,17,Gains In Performance
2024-09-14,5,Young Love & Saturday Nights,Chris Young,8,52,Gains In Performance
2024-09-14,6,Cowgirls,Morgan Wallen Featuring ERNEST,4,22,
2024-09-14,7,Pour Me A Drink,Post Malone Featuring Blake Shelton,10,11,Gains In Performance
2024-09-14,8,"Love You, Miss You, Mean It",Luke Bryan,9,22,Gains In Performance
2024-09-14,9,Love You Again,Chase Matthew,12,67,Gains In Performance
2024-09-14,10,This Is My Dirt,Justin Moore,11,43,Gains In Performance
2024-09-14,11,Miles On It,Marshmello & Kane Brown,14,18,Greatest gainer this week|Gains In Performance
2024-09-14,12,Dirt Cheap,Cody Johnson,5,34,
2024-09-14,13,Austin,Dasha,13,24,Gains In Performance
2024-09-14,14,I Am Not Okay,Jelly Roll,17,13,Gains In Performance
2024-09-14,15,Gonna Love You,Parmalee,18,44,Gains In Performance
2024-09-14,16,One Bad Habit,Tim McGraw,16,33,Gains In Performance
2024-09-14,17,Lies Lies Lies,Morgan Wallen,19,10,Gains In Performance
2024-09-14,18,Beautiful As You,Thomas Rhett,20,17,Gains In Performance
2024-09-14,19,Messed Up As Me,Keith Urban,21,27,Gains In Performance
2024-09-14,20,Bigger Houses,Dan + Shay,22,31,Gains In Performance
2024-09-14,21,Sounds Like The Radio,Zach Top,23,35,Gains In Performance
2024-09-14,22,Think I'm In Love With You,Chris Stapleton,26,29,Gains In Performance
2024-09-14,23,Damn Good Day To Leave,Riley Green,25,25,Gains In Performance
2024-09-14,24,Cowboy Songs,George Birge,28,27,Gains In Performance
2024-09-14,25,American Girl,Dierks Bentley,24,28,Gains In Performance
2024-09-14,26,Hang Tight Honey,Lainey Wilson,15,17,
2024-09-14,27,Wind Up Missin' You,Tucker Wetmore,27,15,Gains In Performance
2024-09-14,28,You Look Like You Love Me,Ella Langley Featuring Riley Green,31,7,Gains In Performance
2024-09-14,29,High Road,Koe Wetzel & Jessie Murph,29,8,Gains In Performance
2024-09-14,30,Boys Back Home,Dylan Marlowe & Dylan Scott,30,35,Gains In Performance
2024-09-14,31,Just To Say We Did,Kenny Chesney,32,8,Gains In Performance
2024-09-14,32,Friends Like That,John Morgan Featuring Jason Aldean,34,20,Gains In Performance
2024-09-14,33,Find Another Bar,Chris Lane,36,45,Gains In Performance
2024-09-14,34,Breakin' In Boots,Matt Stell,33,34,Gains In Performance
2024-09-14,35,Called Crazy,Kassi Ashton,37,24,Gains In Performance
2024-09-14,36,Whatcha See Is Whatcha Get,Chris Janson,35,26,
2024-09-14,37,This Town's Been Too Good To Us,Dylan Scott,38,26,Gains In Performance
2024-09-14,38,Wranglers,Miranda Lambert,40,18,Gains In Performance
2024-09-14,39,Guy For That,Post Malone Featuring Luke Combs,41,7,Gains In Performance
2024-09-14,40,Forever To Me,Cole Swindell,39,21,Gains In Performance
2024-09-14,41,I Ain't Sayin',Jordan Davis,43,7,Gains In Performance
2024-09-14,42,Life With You,Kelsey Hart,42,23,Gains In Performance
2024-09-14,43,Coming Home,Old Dominion,45,10,Gains In Performance
2024-09-14,44,Drinkin' Buddies,"Lee Brice, Nate Smith & Hailey Whitters",47,19,Gains In Performance
2024-09-14,45,I Tried A Ring On,Tigirlily Gold,46,31,Gains In Performance
2024-09-14,46,Holy Smokes,Bailey Zimmerman,50,12,Gains In Performance
2024-09-14,47,Am I Okay?,Megan Moroney,53,3,Gains In Performance
2024-09-14,48,Fall Of Summer,Scotty McCreery,49,13,Gains In Performance
2024-09-14,49,Cowboys Cry Too,Kelsea Ballerini & Noah Kahan,51,11,Gains In Performance
2024-09-14,50,Tie Up,Zac Brown Band,44,24,
2024-09-14,51,Whiskey Drink,Jason Aldean,48,6,
2024-09-14,52,Truck On Fire,Carly Pearce,55,6,Gains In Performance
2024-09-14,53,Love The Leavin',Drew Parker,56,4,Gains In Performance
2024-09-14,54,Hometown Home,LoCash,52,14,Gains In Performance
2024-09-14,55,4x4xU,Lainey Wilson,NEW,1,Highest ranking debut|Gains In Performance
2024-09-14,56,Country Back,Randy Houser,54,20,
2024-09-14,57,Single Again,Josh Ross,59,23,Gains In Performance
2024-09-14,58,Over When We're Sober,Brantley Gilbert Featuring Ashley Cooke,58,4,Gains In Performance
2024-09-14,59,Everything I Need,Chayce Beckham,60,13,Gains In Performance
2024-09-14,60,Six Feet Under (Caleigh's Song),HARDY,57,13,
2024-09-21,1,Chevrolet,Dustin Lynch Featuring Jelly Roll,3,40,Gains In Performance
2024-09-21,2,I Had Some Help,Post Malone Featuring Morgan Wallen,2,19,
2024-09-21,3,A Bar Song (Tipsy),Shaboozey,1,20,
2024-09-21,4,Ain't No Love In Oklahoma,Luke Combs,4,18,Gains In Performance
2024-09-21,5,Cowgirls,Morgan Wallen Featuring ERNEST,6,23,
2024-09-21,6,Pour Me A Drink,Post Malone Featuring Blake Shelton,7,12,Gains In Performance
2024-09-21,7,Miles On It,Marshmello & Kane Brown,11,19,Gains In Performance
2024-09-21,8,"Love You, Miss You, Mean It",Luke Bryan,8,23,Gains In Performance
2024-09-21,9,This Is My Dirt,Justin Moore,10,44,Gains In Performance
2024-09-21,10,Young Love & Saturday Nights,Chris Young,5,53,
2024-09-21,11,I Am Not Okay,Jelly Roll,14,14,Gains In Performance
2024-09-21,12,Austin,Dasha,13,25,Gains In Performance
2024-09-21,13,Gonna Love You,Parmalee,15,45,Gains In Performance
2024-09-21,14,Lies Lies Lies,Morgan Wallen,17,11,Gains In Performance
2024-09-21,15,One Bad Habit,Tim McGraw,16,34,Gains In Performance
2024-09-21,16,Beautiful As You,Thomas Rhett,18,18,Gains In Performance
2024-09-21,17,Messed Up As Me,Keith Urban,19,28,Gains In Performance
2024-09-21,18,Cowboy Songs,George Birge,24,28,Gains In Performance
2024-09-21,19,Think I'm In Love With You,Chris Stapleton,22,30,Gains In Performance
2024-09-21,20,Sounds Like The Radio,Zach Top,21,36,Gains In Performance
2024-09-21,21,Bigger Houses,Dan + Shay,20,32,Gains In Performance
2024-09-21,22,Damn Good Day To Leave,Riley Green,23,26,Gains In Performance
2024-09-21,23,You Look Like You Love Me,Ella Langley Featuring Riley Green,28,8,Gains In Performance
2024-09-21,24,Wind Up Missin' You,Tucker Wetmore,27,16,Gains In Performance
2024-09-21,25,American Girl,Dierks Bentley,25,29,Gains In Performance
2024-09-21,26,High Road,Koe Wetzel & Jessie Murph,29,9,Gains In Performance
2024-09-21,27,Boys Back Home,Dylan Marlowe & Dylan Scott,30,36,Gains In Performance
2024-09-21,28,Just To Say We Did,Kenny Chesney,31,9,Gains In Performance
2024-09-21,29,Breakin' In Boots,Matt Stell,34,35,Gains In Performance
2024-09-21,30,Guy For That,Post Malone Featuring Luke Combs,39,8,Gains In Performance
2024-09-21,31,Friends Like That,John Morgan Featuring Jason Aldean,32,21,Gains In Performance
2024-09-21,32,Find Another Bar,Chris Lane,33,46,Gains In Performance
2024-09-21,33,This Town's Been Too Good To Us,Dylan Scott,37,27,Gains In Performance
2024-09-21,34,Friday Night Heartbreaker,Jon Pardi,NEW,1,Highest ranking debut|Gains In Performance
2024-09-21,35,Whatcha See Is Whatcha Get,Chris Janson,36,27,Gains In Performance
2024-09-21,36,Called Crazy,Kassi Ashton,35,25,Gains In Performance
2024-09-21,37,I Ain't Sayin',Jordan Davis,41,8,Gains In Performance
2024-09-21,38,Forever To Me,Cole Swindell,40,22,Gains In Performance
2024-09-21,39,Wranglers,Miranda Lambert,38,19,Gains In Performance
2024-09-21,40,4x4xU,Lainey Wilson,55,2,Gains In Performance
2024-09-21,41,Holy Smokes,Bailey Zimmerman,46,13,Gains In Performance
2024-09-21,42,Life With You,Kelsey Hart,42,24,
2024-09-21,43,Coming Home,Old Dominion,43,11,Gains In Performance
2024-09-21,44,Am I Okay?,Megan Moroney,47,4,Gains In Performance
2024-09-21,45,I Tried A Ring On,Tigirlily Gold,45,32,Gains In Performance
2024-09-21,46,Tie Up,Zac Brown Band,50,25,Gains In Performance
2024-09-21,47,Whiskey Drink,Jason Aldean,51,7,Gains In Performance
2024-09-21,48,Fall Of Summer,Scotty McCreery,48,14,
2024-09-21,49,Cowboys Cry Too,Kelsea Ballerini & Noah Kahan,49,12,Gains In Performance
2024-09-21,50,Hometown Home,LoCash,54,15,Gains In Performance
2024-09-21,51,Drinkin' Buddies,"Lee Brice, Nate Smith & Hailey Whitters",44,20,
2024-09-21,52,Truck On Fire,Carly Pearce,52,7,Gains In Performance
2024-09-21,53,Country Back,Randy Houser,56,21,Gains In Performance
2024-09-21,54,Single Again,Josh Ross,57,24,Gains In Performance
2024-09-21,55,Over When We're Sober,Brantley Gilbert Featuring Ashley Cooke,58,5,Gains In Performance
2024-09-21,56,Everything I Need,Chayce Beckham,59,14,Gains In Performance
2024-09-21,57,Love The Leavin',Drew Parker,53,5,
2024-09-21,58,This Heart,Corey Kent,RE,12,Gains In Performance
2024-09-21,59,Devil You Know,Tyler Braden,RE,10,Gains In Performance
2024-09-21,60,Bones,Russell Dickerson,RE,3,Gains In Performance
2024-09-28,1,Ain't No Love In Oklahoma,Luke Combs,4,19,Gains In Performance
2024-09-28,2,A Bar Song (Tipsy),Shaboozey,3,21,
2024-09-28,3,Chevrolet,Dustin Lynch Featuring Jelly Roll,1,41,
2024-09-28,4,I Had Some Help,Post Malone Featuring Morgan Wallen,2,20,
2024-09-28,5,Pour Me A Drink,Post Malone Featuring Blake Shelton,6,13,Gains In Performance
2024-09-28,6,Miles On It,Marshmello & Kane Brown,7,20,Gains In Performance
2024-09-28,7,Cowgirls,Morgan Wallen Featuring ERNEST,5,24,
2024-09-28,8,"Love You, Miss You, Mean It",Luke Bryan,8,24,Gains In Performance
2024-09-28,9,This Is My Dirt,Justin Moore,9,45,Gains In Performance
2024-09-28,10,I Am Not Okay,Jelly Roll,11,15,Greatest gainer this week|Gains In Performance
2024-09-28,11,Lies Lies Lies,Morgan Wallen,14,12,Gains In Performance
2024-09-28,12,Austin,Dasha,12,26,Gains In Performance
2024-09-28,13,Gonna Love You,Parmalee,13,46,Gains In Performance
2024-09-28,14,One Bad Habit,Tim McGraw,15,35,Gains In Performance
2024-09-28,15,Beautiful As You,Thomas Rhett,16,19,Gains In Performance
2024-09-28,16,Messed Up As Me,Keith Urban,17,29,Gains In Performance
2024-09-28,17,You Look Like You Love Me,Ella Langley Featuring Riley Green,23,9,Gains In Performance
2024-09-28,18,Cowboy Songs,George Birge,18,29,Gains In Performance
2024-09-28,19,Think I'm In Love With You,Chris Stapleton,19,31,Gains In Performance
2024-09-28,20,Sounds Like The Radio,Zach Top,20,37,Gains In Performance
2024-09-28,21,Bigger Houses,Dan + Shay,21,33,Gains In Performance
2024-09-28,22,Wind Up Missin' You,Tucker Wetmore,24,17,Gains In Performance
2024-09-28,23,Damn Good Day To Leave,Riley Green,22,27,Gains In Performance
2024-09-28,24,American Girl,Dierks Bentley,25,30,Gains In Performance
2024-09-28,25,Boys Back Home,Dylan Marlowe & Dylan Scott,27,37,Gains In Performance
2024-09-28,26,High Road,Koe Wetzel & Jessie Murph,26,10,Gains In Performance
2024-09-28,27,Guy For That,Post Malone Featuring Luke Combs,30,9,Gains In Performance
2024-09-28,28,Breakin' In Boots,Matt Stell,29,36,Gains In Performance
2024-09-28,29,Just To Say We Did,Kenny Chesney,28,10,Gains In Performance
2024-09-28,30,Friends Like That,John Morgan Featuring Jason Aldean,31,22,Gains In Performance
2024-09-28,31,Find Another Bar,Chris Lane,32,47,Gains In Performance
2024-09-28,32,Whatcha See Is Whatcha Get,Chris Janson,35,28,Gains In Performance
2024-09-28,33,This Town's Been Too Good To Us,Dylan Scott,33,28,Gains In Performance
2024-09-28,34,4x4xU,Lainey Wilson,40,3,Gains In Performance
2024-09-28,35,I Ain't Sayin',Jordan Davis,37,9,Gains In Performance
2024-09-28,36,Holy Smokes,Bailey Zimmerman,41,14,Gains In Performance
2024-09-28,37,Called Crazy,Kassi Ashton,36,26,Gains In Performance
2024-09-28,38,Wranglers,Miranda Lambert,39,20,Gains In Performance
2024-09-28,39,Forever To Me,Cole Swindell,38,23,Gains In Performance
2024-09-28,40,What Kinda Man,Parker McCollum,NEW,1,Highest ranking debut|Gains In Performance
2024-09-28,41,Life With You,Kelsey Hart,42,25,Gains In Performance
2024-09-28,42,Am I Okay?,Megan Moroney,44,5,Gains In Performance
2024-09-28,43,Coming Home,Old Dominion,43,12,
2024-09-28,44,Whiskey Drink,Jason Aldean,47,8,Gains In Performance
2024-09-28,45,I Tried A Ring On,Tigirlily Gold,45,33,
2024-09-28,46,Fall Of Summer,Scotty McCreery,48,15,Gains In Performance
2024-09-28,47,Cowboys Cry Too,Kelsea Ballerini & Noah Kahan,49,13,Gains In Performance
2024-09-28,48,Hometown Home,LoCash,50,16,Gains In Performance
2024-09-28,49,Truck On Fire,Carly Pearce,52,8,Gains In Performance
2024-09-28,50,Tie Up,Zac Brown Band,46,26,
2024-09-28,51,Single Again,Josh Ross,54,25,Gains In Performance
2024-09-28,52,Country Back,Randy Houser,53,22,
2024-09-28,53,Over When We're Sober,Brantley Gilbert Featuring Ashley Cooke,55,6,Gains In Performance
2024-09-28,54,Everything I Need,Chayce Beckham,56,15,Gains In Performance
2024-09-28,55,Friday Night Heartbreaker,Jon Pardi,34,2,
2024-09-28,56,This Heart,Corey Kent,58,13,Gains In Performance
2024-09-28,57,Country House,Sam Hunt,RE,5,Gains In Performance
2024-09-28,58,Park,Tyler Hubbard,RE,2,Gains In Performance
2024-09-28,59,Heavens To Betsy,Jackson Dean,NEW,1,Gains In Performance
2024-09-28,60,Bones,Russell Dickerson,60,4,Gains In Performance
2024-10-05,1,Ain't No Love In Oklahoma,Luke Combs,1,20,Gains In Performance
2024-10-05,2,A Bar Song (Tipsy),Shaboozey,2,22,
2024-10-05,3,Pour Me A Drink,Post Malone Featuring Blake Shelton,5,14,Gains In Performance
2024-10-05,4,I Had Some Help,Post Malone Featuring Morgan Wallen,4,21,
2024-10-05,5,Miles On It,Marshmello & Kane Brown,6,21,Gains In Performance
2024-10-05,6,"Love You, Miss You, Mean It",Luke Bryan,8,25,Gains In Performance
2024-10-05,7,I Am Not Okay,Jelly Roll,10,16,Gains In Performance
2024-10-05,8,This Is My Dirt,Justin Moore,9,46,Gains In Performance
2024-10-05,9,Cowgirls,Morgan Wallen Featuring ERNEST,7,25,
2024-10-05,10,Chevrolet,Dustin Lynch Featuring Jelly Roll,3,42,
2024-10-05,11,Lies Lies Lies,Morgan Wallen,11,13,Gains In Performance
2024-10-05,12,Austin,Dasha,12,27,Gains In Performance
2024-10-05,13,Gonna Love You,Parmalee,13,47,Gains In Performance
2024-10-05,14,Beautiful As You,Thomas Rhett,15,20,Gains In Performance
2024-10-05,15,One Bad Habit,Tim McGraw,14,36,
2024-10-05,16,You Look Like You Love Me,Ella Langley Featuring Riley Green,17,10,Gains In Performance
2024-10-05,17,Messed Up As Me,Keith Urban,16,30,Gains In Performance
2024-10-05,18,Cowboy Songs,George Birge,18,30,Gains In Performance
2024-10-05,19,Think I'm In Love With You,Chris Stapleton,19,32,Gains In Performance
2024-10-05,20,Bigger Houses,Dan + Shay,21,34,Gains In Performance
2024-10-05,21,Sounds Like The Radio,Zach Top,20,38,Gains In Performance
2024-10-05,22,Wind Up Missin' You,Tucker Wetmore,22,18,Gains In Performance
2024-10-05,23,Damn Good Day To Leave,Riley Green,23,28,Gains In Performance
2024-10-05,24,High Road,Koe Wetzel & Jessie Murph,26,11,Gains In Performance
2024-10-05,25,American Girl,Dierks Bentley,24,31,Gains In Performance
2024-10-05,26,Boys Back Home,Dylan Marlowe & Dylan Scott,25,38,Gains In Performance
2024-10-05,27,Guy For That,Post Malone Featuring Luke Combs,27,10,Gains In Performance
2024-10-05,28,Breakin' In Boots,Matt Stell,28,37,Gains In Performance
2024-10-05,29,Truck Still Works,Brad Paisley,NEW,1,Highest ranking debut|Gains In Performance
2024-10-05,30,Find Another Bar,Chris Lane,31,48,Gains In Performance
2024-10-05,31,Just To Say We Did,Kenny Chesney,29,11,
2024-10-05,32,Friends Like That,John Morgan Featuring Jason Aldean,30,23,Gains In Performance
2024-10-05,33,This Town's Been Too Good To Us,Dylan Scott,33,29,Gains In Performance
2024-10-05,34,4x4xU,Lainey Wilson,34,4,Gains In Performance
2024-10-05,35,I Ain't Sayin',Jordan Davis,35,10,Gains In Performance
2024-10-05,36,Holy Smokes,Bailey Zimmerman,36,15,Gains In Performance
2024-10-05,37,Whatcha See Is Whatcha Get,Chris Janson,32,29,Gains In Performance
2024-10-05,38,Wranglers,Miranda Lambert,38,21,Gains In Performance
2024-10-05,39,Am I Okay?,Megan Moroney,42,6,Gains In Performance
2024-10-05,40,Called Crazy,Kassi Ashton,37,27,
2024-10-05,41,Life With You,Kelsey Hart,41,26,Gains In Performance
2024-10-05,42,Forever To Me,Cole Swindell,39,24,Gains In Performance
2024-10-05,43,Whiskey Drink,Jason Aldean,44,9,Gains In Performance
2024-10-05,44,Coming Home,Old Dominion,43,13,Gains In Performance
2024-10-05,45,Cowboys Cry Too,Kelsea Ballerini & Noah Kahan,47,14,Gains In Performance
2024-10-05,46,I Tried A Ring On,Tigirlily Gold,45,34,
2024-10-05,47,Truck On Fire,Carly Pearce,49,9,Gains In Performance
2024-10-05,48,Fall Of Summer,Scotty McCreery,46,16,Gains In Performance
2024-10-05,49,Hometown Home,LoCash,48,17,Gains In Performance
2024-10-05,50,Tie Up,Zac Brown Band,50,27,
2024-10-05,51,Single Again,Josh Ross,51,26,Gains In Performance
2024-10-05,52,Everything I Need,Chayce Beckham,54,16,Gains In Performance
2024-10-05,53,Country Back,Randy Houser,52,23,Gains In Performance
2024-10-05,54,Friday Night Heartbreaker,Jon Pardi,55,3,Gains In Performance
2024-10-05,55,Over When We're Sober,Brantley Gilbert Featuring Ashley Cooke,53,7,
2024-10-05,56,This Heart,Corey Kent,56,14,Gains In Performance
2024-10-05,57,Country House,Sam Hunt,57,6,
2024-10-05,58,Bones,Russell Dickerson,60,5,Gains In Performance
2024-10-05,59,Park,Tyler Hubbard,58,3,Gains In Performance
2024-10-05,60,What Kinda Man,Parker McCollum,40,2,
2024-10-12,1,Pour Me A Drink,Post Malone Featuring Blake Shelton,3,15,Gains In Performance
2024-10-12,2,"Love You, Miss You, Mean It",Luke Bryan,6,26,Gains In Performance
2024-10-12,3,Ain't No Love In Oklahoma,Luke Combs,1,21,
2024-10-12,4,Miles On It,Marshmello & Kane Brown,5,22,Gains In Performance
2024-10-12,5,I Am Not Okay,Jelly Roll,7,17,Gains In Performance
2024-10-12,6,A Bar Song (Tipsy),Shaboozey,2,23,
2024-10-12,7,I Had Some Help,Post Malone Featuring Morgan Wallen,4,22,
2024-10-12,8,This Is My Dirt,Justin Moore,8,47,Gains In Performance
2024-10-12,9,Lies Lies Lies,Morgan Wallen,11,14,Gains In Performance
2024-10-12,10,Gonna Love You,Parmalee,13,48,Gains In Performance
2024-10-12,11,Austin,Dasha,12,28,Gains In Performance
2024-10-12,12,You Look Like You Love Me,Ella Langley Featuring Riley Green,16,11,Gains In Performance
2024-10-12,13,Beautiful As You,Thomas Rhett,14,21,Gains In Performance
2024-10-12,14,One Bad Habit,Tim McGraw,15,37,Gains In Performance
2024-10-12,15,Cowboy Songs,George Birge,18,31,Gains In Performance
2024-10-12,16,Bigger Houses,Dan + Shay,20,35,Gains In Performance
2024-10-12,17,Messed Up As Me,Keith Urban,17,31,
2024-10-12,18,Think I'm In Love With You,Chris Stapleton,19,33,Gains In Performance
2024-10-12,19,Sounds Like The Radio,Zach Top,21,39,Gains In Performance
2024-10-12,20,High Road,Koe Wetzel & Jessie Murph,24,12,Gains In Performance
2024-10-12,21,I'm Gonna Love You,Cody Johnson & Carrie Underwood,NEW,1,Highest ranking debut|Gains In Performance
2024-10-12,22,Wind Up Missin' You,Tucker Wetmore,22,19,Gains In Performance
2024-10-12,23,Damn Good Day To Leave,Riley Green,23,29,Gains In Performance
2024-10-12,24,Boys Back Home,Dylan Marlowe & Dylan Scott,26,39,Gains In Performance
2024-10-12,25,American Girl,Dierks Bentley,25,32,
2024-10-12,26,Guy For That,Post Malone Featuring Luke Combs,27,11,Gains In Performance
2024-10-12,27,Breakin' In Boots,Matt Stell,28,38,
2024-10-12,28,Friends Like That,John Morgan Featuring Jason Aldean,32,24,Gains In Performance
2024-10-12,29,Just To Say We Did,Kenny Chesney,31,12,Gains In Performance
2024-10-12,30,4x4xU,Lainey Wilson,34,5,Gains In Performance
2024-10-12,31,This Town's Been Too Good To Us,Dylan Scott,33,30,Gains In Performance
2024-10-12,32,I Ain't Sayin',Jordan Davis,35,11,Gains In Performance
2024-10-12,33,Find Another Bar,Chris Lane,30,49,
2024-10-12,34,Holy Smokes,Bailey Zimmerman,36,16,Gains In Performance
2024-10-12,35,Whatcha See Is Whatcha Get,Chris Janson,37,30,
2024-10-12,36,Life With You,Kelsey Hart,41,27,Gains In Performance
2024-10-12,37,Forever To Me,Cole Swindell,42,25,Gains In Performance
2024-10-12,38,Wranglers,Miranda Lambert,38,22,Gains In Performance
2024-10-12,39,Am I Okay?,Megan Moroney,39,7,Gains In Performance
2024-10-12,40,Whiskey Drink,Jason Aldean,43,10,Gains In Performance
2024-10-12,41,Called Crazy,Kassi Ashton,40,28,
2024-10-12,42,Hometown Home,LoCash,49,18,Gains In Performance
2024-10-12,43,Cowboys Cry Too,Kelsea Ballerini & Noah Kahan,45,15,
2024-10-12,44,Coming Home,Old Dominion,44,14,
2024-10-12,45,I Tried A Ring On,Tigirlily Gold,46,35,Gains In Performance
2024-10-12,46,Fall Of Summer,Scotty McCreery,48,17,Gains In Performance
2024-10-12,47,Truck On Fire,Carly Pearce,47,10,
2024-10-12,48,Single Again,Josh Ross,51,27,Gains In Performance
2024-10-12,49,Country Back,Randy Houser,53,24,Gains In Performance
2024-10-12,50,Everything I Need,Chayce Beckham,52,17,Gains In Performance
2024-10-12,51,Friday Night Heartbreaker,Jon Pardi,54,4,
2024-10-12,52,Over When We're Sober,Brantley Gilbert Featuring Ashley Cooke,55,8,Gains In Performance
2024-10-12,53,Country House,Sam Hunt,57,7,Gains In Performance
2024-10-12,54,This Heart,Corey Kent,56,15,Gains In Performance
2024-10-12,55,Park,Tyler Hubbard,59,4,Gains In Performance
2024-10-12,56,Bones,Russell Dickerson,58,6,
2024-10-12,57,Heavens To Betsy,Jackson Dean,RE,2,Gains In Performance
2024-10-12,58,What Kinda Man,Parker McCollum,60,3,
2024-10-12,59,Devil You Know,Tyler Braden,RE,11,Gains In Performance
2024-10-12,60,Love The Leavin',Drew Parker,RE,6,Gains In Performance
2024-10-19,1,Pour Me A Drink,Post Malone Featuring Blake Shelton,1,16,Gains In Performance
2024-10-19,2,I Am Not Okay,Jelly Roll,5,18,Gains In Performance
2024-10-19,3,Miles On It,Marshmello & Kane Brown,4,23,Gains In Performance
2024-10-19,4,A Bar Song (Tipsy),Shaboozey,6,24,
2024-10-19,5,This Is My Dirt,Justin Moore,8,48,Gains In Performance
2024-10-19,6,I Had Some Help,Post Malone Featuring Morgan Wallen,7,23,
2024-10-19,7,"Love You, Miss You, Mean It",Luke Bryan,2,27,
2024-10-19,8,Ain't No Love In Oklahoma,Luke Combs,3,22,
2024-10-19,9,Lies Lies Lies,Morgan Wallen,9,15,Gains In Performance
2024-10-19,10,Gonna Love You,Parmalee,10,49,Gains In Performance
2024-10-19,11,Austin,Dasha,11,29,Gains In Performance
2024-10-19,12,You Look Like You Love Me,Ella Langley Featuring Riley Green,12,12,Gains In Performance
2024-10-19,13,Beautiful As You,Thomas Rhett,13,22,Gains In Performance
2024-10-19,14,One Bad Habit,Tim McGraw,14,38,Gains In Performance
2024-10-19,15,Cowboy Songs,George Birge,15,32,Gains In Performance
2024-10-19,16,High Road,Koe Wetzel & Jessie Murph,20,13,Gains In Performance
2024-10-19,17,Bigger Houses,Dan + Shay,16,36,Gains In Performance
2024-10-19,18,Messed Up As Me,Keith Urban,17,32,Gains In Performance
2024-10-19,19,Sounds Like The Radio,Zach Top,19,40,Gains In Performance
2024-10-19,20,Think I'm In Love With You,Chris Stapleton,18,34,
2024-10-19,21,Wind Up Missin' You,Tucker Wetmore,22,20,Gains In Performance
2024-10-19,22,Boys Back Home,Dylan Marlowe & Dylan Scott,24,40,Gains In Performance
2024-10-19,23,Damn Good Day To Leave,Riley Green,23,30,Gains In Performance
2024-10-19,24,American Girl,Dierks Bentley,25,33,Gains In Performance
2024-10-19,25,Darkest Hour (Helene Edit),Eric Church,NEW,1,Highest ranking debut|Gains In Performance
2024-10-19,26,Guy For That,Post Malone Featuring Luke Combs,26,12,Gains In Performance
2024-10-19,27,Breakin' In Boots,Matt Stell,27,39,
2024-10-19,28,4x4xU,Lainey Wilson,30,6,Gains In Performance
2024-10-19,29,Find Another Bar,Chris Lane,33,50,Gains In Performance
2024-10-19,30,Friends Like That,John Morgan Featuring Jason Aldean,28,25,Gains In Performance
2024-10-19,31,This Town's Been Too Good To Us,Dylan Scott,31,31,Gains In Performance
2024-10-19,32,Just To Say We Did,Kenny Chesney,29,13,Gains In Performance
2024-10-19,33,Holy Smokes,Bailey Zimmerman,34,17,Gains In Performance
2024-10-19,34,I Ain't Sayin',Jordan Davis,32,12,Gains In Performance
2024-10-19,35,I'm Gonna Love You,Cody Johnson & Carrie Underwood,21,2,
2024-10-19,36,Whatcha See Is Whatcha Get,Chris Janson,35,31,Gains In Performance
2024-10-19,37,Forever To Me,Cole Swindell,37,26,Gains In Performance
2024-10-19,38,Life With You,Kelsey Hart,36,28,Gains In Performance
2024-10-19,39,Wranglers,Miranda Lambert,38,23,Gains In Performance
2024-10-19,40,Am I Okay?,Megan Moroney,39,8,Gains In Performance
2024-10-19,41,Whiskey Drink,Jason Aldean,40,11,Gains In Performance
2024-10-19,42,Called Crazy,Kassi Ashton,41,29,Gains In Performance
2024-10-19,43,Hometown Home,LoCash,42,19,Gains In Performance
2024-10-19,44,Coming Home,Old Dominion,44,15,Gains In Performance
2024-10-19,45,Fall Of Summer,Scotty McCreery,46,18,Gains In Performance
2024-10-19,46,Cowboys Cry Too,Kelsea Ballerini & Noah Kahan,43,16,Gains In Performance
2024-10-19,47,I Tried A Ring On,Tigirlily Gold,45,36,Gains In Performance
2024-10-19,48,Truck On Fire,Carly Pearce,47,11,Gains In Performance
2024-10-19,49,Single Again,Josh Ross,48,28,Gains In Performance
2024-10-19,50,Everything I Need,Chayce Beckham,50,18,Gains In Performance
2024-10-19,51,Friday Night Heartbreaker,Jon Pardi,51,5,Gains In Performance
2024-10-19,52,Country Back,Randy Houser,49,25,Gains In Performance
2024-10-19,53,This Heart,Corey Kent,54,16,Gains In Performance
2024-10-19,54,Heavens To Betsy,Jackson Dean,57,3,Gains In Performance
2024-10-19,55,Over When We're Sober,Brantley Gilbert Featuring Ashley Cooke,52,9,Gains In Performance
2024-10-19,56,Truck Still Works,Brad Paisley,RE,2,Gains In Performance
2024-10-19,57,Country House,Sam Hunt,53,8,Gains In Performance
2024-10-19,58,Love The Leavin',Drew Parker,60,7,Gains In Performance
2024-10-19,59,What Kinda Man,Parker McCollum,58,4,Gains In Performance
2024-10-19,60,Park,Tyler Hubbard,55,5,Gains In Performance
2024-10-26,1,Pour Me A Drink,Post Malone Featuring Blake Shelton,1,17,
2024-10-26,2,I Am Not Okay,Jelly Roll,2,19,Gains In Performance
2024-10-26,3,Miles On It,Marshmello & Kane Brown,3,24,Gains In Performance
2024-10-26,4,This Is My Dirt,Justin Moore,5,49,Greatest gainer this week|Gains In Performance
2024-10-26,5,A Bar Song (Tipsy),Shaboozey,4,25,
2024-10-26,6,Lies Lies Lies,Morgan Wallen,9,16,Gains In Performance
2024-10-26,7,I Had Some Help,Post Malone Featuring Morgan Wallen,6,24,
2024-10-26,8,Ain't No Love In Oklahoma,Luke Combs,8,23,
2024-10-26,9,Gonna Love You,Parmalee,10,50,Gains In Performance
2024-10-26,10,You Look Like You Love Me,Ella Langley Featuring Riley Green,12,13,Gains In Performance
2024-10-26,11,Austin,Dasha,11,30,Gains In Performance
2024-10-26,12,Beautiful As You,Thomas Rhett,13,23,Gains In Performance
2024-10-26,13,One Bad Habit,Tim McGraw,14,39,Gains In Performance
2024-10-26,14,Cowboy Songs,George Birge,15,33,Gains In Performance
2024-10-26,15,High Road,Koe Wetzel & Jessie Murph,16,14,Gains In Performance
2024-10-26,16,Bigger Houses,Dan + Shay,17,37,Gains In Performance
2024-10-26,17,Wind Up Missin' You,Tucker Wetmore,21,21,Gains In Performance
2024-10-26,18,Sounds Like The Radio,Zach Top,19,41,Gains In Performance
2024-10-26,19,Messed Up As Me,Keith Urban,18,33,Gains In Performance
2024-10-26,20,Boys Back Home,Dylan Marlowe & Dylan Scott,22,41,Gains In Performance
2024-10-26,21,Think I'm In Love With You,Chris Stapleton,20,35,Gains In Performance
2024-10-26,22,Damn Good Day To Leave,Riley Green,23,31,Gains In Performance
2024-10-26,23,American Girl,Dierks Bentley,24,34,Gains In Performance
2024-10-26,24,Guy For That,Post Malone Featuring Luke Combs,26,13,Gains In Performance
2024-10-26,25,4x4xU,Lainey Wilson,28,7,Gains In Performance
2024-10-26,26,This Town's Been Too Good To Us,Dylan Scott,31,32,Gains In Performance
2024-10-26,27,Breakin' In Boots,Matt Stell,27,40,Gains In Performance
2024-10-26,28,Find Another Bar,Chris Lane,29,51,Gains In Performance
2024-10-26,29,Friends Like That,John Morgan Featuring Jason Aldean,30,26,Gains In Performance
2024-10-26,30,I Ain't Sayin',Jordan Davis,34,13,Gains In Performance
2024-10-26,31,Holy Smokes,Bailey Zimmerman,33,18,Gains In Performance
2024-10-26,32,I'm Gonna Love You,Cody Johnson & Carrie Underwood,35,3,Gains In Performance
2024-10-26,33,Forever To Me,Cole Swindell,37,27,Gains In Performance
2024-10-26,34,Am I Okay?,Megan Moroney,40,9,Gains In Performance
2024-10-26,35,Whatcha See Is Whatcha Get,Chris Janson,36,32,Gains In Performance
2024-10-26,36,Just To Say We Did,Kenny Chesney,32,14,
2024-10-26,37,Hometown Home,LoCash,43,20,Gains In Performance
2024-10-26,38,Life With You,Kelsey Hart,38,29,Gains In Performance
2024-10-26,39,Whiskey Drink,Jason Aldean,41,12,Gains In Performance
2024-10-26,40,Wranglers,Miranda Lambert,39,24,
2024-10-26,41,Coming Home,Old Dominion,44,16,Gains In Performance
2024-10-26,42,I Tried A Ring On,Tigirlily Gold,47,37,Gains In Performance
2024-10-26,43,Fall Of Summer,Scotty McCreery,45,19,Gains In Performance
2024-10-26,44,Cowboys Cry Too,Kelsea Ballerini & Noah Kahan,46,17,
2024-10-26,45,Single Again,Josh Ross,49,29,Gains In Performance
2024-10-26,46,Truck On Fire,Carly Pearce,48,12,Gains In Performance
2024-10-26,47,Friday Night Heartbreaker,Jon Pardi,51,6,Gains In Performance
2024-10-26,48,Country Back,Randy Houser,52,26,Gains In Performance
2024-10-26,49,I Never Lie,Zach Top,NEW,1,Highest ranking debut|Gains In Performance
2024-10-26,50,Everything I Need,Chayce Beckham,50,19,
2024-10-26,51,Heavens To Betsy,Jackson Dean,54,4,Gains In Performance
2024-10-26,52,This Heart,Corey Kent,53,17,Gains In Performance
2024-10-26,53,Country House,Sam Hunt,57,9,Gains In Performance
2024-10-26,54,Love The Leavin',Drew Parker,58,8,Gains In Performance
2024-10-26,55,Devil You Know,Tyler Braden,RE,12,Gains In Performance
2024-10-26,56,Over When We're Sober,Brantley Gilbert Featuring Ashley Cooke,55,10,Gains In Performance
2024-10-26,57,Park,Tyler Hubbard,60,6,Gains In Performance
2024-10-26,58,What Kinda Man,Parker McCollum,59,5,
2024-10-26,59,Truck Still Works,Brad Paisley,56,3,
2024-10-26,60,Bones,Russell Dickerson,RE,7,Gains In Performance
2024-11-02,1,Miles On It,Marshmello & Kane Brown,3,25,Gains In Performance
2024-11-02,2,I Am Not Okay,Jelly Roll,2,20,Gains In Performance
2024-11-02,3,Pour Me A Drink,Post Malone Featuring Blake Shelton,1,18,
2024-11-02,4,Lies Lies Lies,Morgan Wallen,6,17,Gains In Performance
2024-11-02,5,A Bar Song (Tipsy),Shaboozey,5,26,
2024-11-02,6,This Is My Dirt,Justin Moore,4,50,
2024-11-02,7,Gonna Love You,Parmalee,9,51,
2024-11-02,8,You Look Like You Love Me,Ella Langley Featuring Riley Green,10,14,Gains In Performance
2024-11-02,9,Austin,Dasha,11,31,
2024-11-02,10,Beautiful As You,Thomas Rhett,12,24,Gains In Performance
2024-11-02,11,One Bad Habit,Tim McGraw,13,40,Gains In Performance
2024-11-02,12,Cowboy Songs,George Birge,14,34,Gains In Performance
2024-11-02,13,Love Somebody,Morgan Wallen,NEW,1,Gains In Performance
2024-11-02,14,High Road,Koe Wetzel & Jessie Murph,15,15,Gains In Performance
2024-11-02,15,Bigger Houses,Dan + Shay,16,38,Gains In Performance
2024-11-02,16,Boys Back Home,Dylan Marlowe & Dylan Scott,20,42,Gains In Performance
2024-11-02,17,Sounds Like The Radio,Zach Top,18,42,Gains In Performance
2024-11-02,18,Wind Up Missin' You,Tucker Wetmore,17,22,Gains In Performance
2024-11-02,19,Messed Up As Me,Keith Urban,19,34,Gains In Performance
2024-11-02,20,Think I'm In Love With You,Chris Stapleton,21,36,Gains In Performance
2024-11-02,21,Damn Good Day To Leave,Riley Green,22,32,Gains In Performance
2024-11-02,22,Guy For That,Post Malone Featuring Luke Combs,24,14,Gains In Performance
2024-11-02,23,American Girl,Dierks Bentley,23,35,Gains In Performance
2024-11-02,24,4x4xU,Lainey Wilson,25,8,Gains In Performance
2024-11-02,25,I Ain't Sayin',Jordan Davis,30,14,Gains In Performance
2024-11-02,26,This Town's Been Too Good To Us,Dylan Scott,26,33,Gains In Performance
2024-11-02,27,Breakin' In Boots,Matt Stell,27,41,Gains In Performance
2024-11-02,28,Friends Like That,John Morgan Featuring Jason Aldean,29,27,Gains In Performance
2024-11-02,29,Find Another Bar,Chris Lane,28,52,
2024-11-02,30,Forever To Me,Cole Swindell,33,28,Gains In Performance
2024-11-02,31,Holy Smokes,Bailey Zimmerman,31,19,Gains In Performance
2024-11-02,32,I'm Gonna Love You,Cody Johnson & Carrie Underwood,32,4,Gains In Performance
2024-11-02,33,Am I Okay?,Megan Moroney,34,10,Gains In Performance
2024-11-02,34,Hometown Home,LoCash,37,21,Gains In Performance
2024-11-02,35,Life With You,Kelsey Hart,38,30,Gains In Performance
2024-11-02,36,Whatcha See Is Whatcha Get,Chris Janson,35,33,Gains In Performance
2024-11-02,37,Whiskey Drink,Jason Aldean,39,13,Gains In Performance
2024-11-02,38,Just To Say We Did,Kenny Chesney,36,15,Gains In Performance
2024-11-02,39,Wranglers,Miranda Lambert,40,25,Gains In Performance
2024-11-02,40,Coming Home,Old Dominion,41,17,Gains In Performance
2024-11-02,41,Cowboys Cry Too,Kelsea Ballerini & Noah Kahan,44,18,Gains In Performance
2024-11-02,42,Single Again,Josh Ross,45,30,Gains In Performance
2024-11-02,43,I Tried A Ring On,Tigirlily Gold,42,38,Gains In Performance
2024-11-02,44,Fall Of Summer,Scotty McCreery,43,20,
2024-11-02,45,Truck On Fire,Carly Pearce,46,13,Gains In Performance
2024-11-02,46,Darkest Hour (Helene Edit),Eric Church,RE,2,Gains In Performance
2024-11-02,47,Heavens To Betsy,Jackson Dean,51,5,Gains In Performance
2024-11-02,48,Friday Night Heartbreaker,Jon Pardi,47,7,Gains In Performance
2024-11-02,49,Everything I Need,Chayce Beckham,50,20,Gains In Performance
2024-11-02,50,Country Back,Randy Houser,48,27,
2024-11-02,51,Country House,Sam Hunt,53,10,Gains In Performance
2024-11-02,52,I Never Lie,Zach Top,49,2,
2024-11-02,53,Love The Leavin',Drew Parker,54,9,Gains In Performance
2024-11-02,54,Park,Tyler Hubbard,57,7,Gains In Performance
2024-11-02,55,Over When We're Sober,Brantley Gilbert Featuring Ashley Cooke,56,11,Gains In Performance
2024-11-02,56,Devil You Know,Tyler Braden,55,13,Gains In Performance
2024-11-02,57,Truck Still Works,Brad Paisley,59,4,Gains In Performance
2024-11-02,58,Bones,Russell Dickerson,60,8,Gains In Performance
2024-11-02,59,What Kinda Man,Parker McCollum,58,6,Gains In Performance
2024-11-02,60,This Heart,Corey Kent,52,18,
2024-11-09,1,I Am Not Okay,Jelly Roll,2,21,Gains In Performance
2024-11-09,2,Miles On It,Marshmello & Kane Brown,1,26,
2024-11-09,3,Pour Me A Drink,Post Malone Featuring Blake Shelton,3,19,
2024-11-09,4,Lies Lies Lies,Morgan Wallen,4,18,Greatest gainer this week|Gains In Performance
2024-11-09,5,A Bar Song (Tipsy),Shaboozey,5,27,
2024-11-09,6,Gonna Love You,Parmalee,7,52,Gains In Performance
2024-11-09,7,You Look Like You Love Me,Ella Langley Featuring Riley Green,8,15,Gains In Performance
2024-11-09,8,Austin,Dasha,9,32,Gains In Performance
2024-11-09,9,Beautiful As You,Thomas Rhett,10,25,Gains In Performance
2024-11-09,10,Cowboy Songs,George Birge,12,35,Gains In Performance
2024-11-09,11,One Bad Habit,Tim McGraw,11,41,Gains In Performance
2024-11-09,12,High Road,Koe Wetzel & Jessie Murph,14,16,Gains In Performance
2024-11-09,13,Bigger Houses,Dan + Shay,15,39,Gains In Performance
2024-11-09,14,Boys Back Home,Dylan Marlowe & Dylan Scott,16,43,Gains In Performance
2024-11-09,15,Wind Up Missin' You,Tucker Wetmore,18,23,Gains In Performance
2024-11-09,16,Sounds Like The Radio,Zach Top,17,43,Gains In Performance
2024-11-09,17,Messed Up As Me,Keith Urban,19,35,Gains In Performance
2024-11-09,18,Damn Good Day To Leave,Riley Green,21,33,Gains In Performance
2024-11-09,19,Think I'm In Love With You,Chris Stapleton,20,37,
2024-11-09,20,Love Somebody,Morgan Wallen,13,2,Gains In Performance
2024-11-09,21,Guy For That,Post Malone Featuring Luke Combs,22,15,Gains In Performance
2024-11-09,22,American Girl,Dierks Bentley,23,36,
2024-11-09,23,4x4xU,Lainey Wilson,24,9,Gains In Performance
2024-11-09,24,This Town's Been Too Good To Us,Dylan Scott,26,34,Gains In Performance
2024-11-09,25,I Ain't Sayin',Jordan Davis,25,15,Gains In Performance
2024-11-09,26,Breakin' In Boots,Matt Stell,27,42,Gains In Performance
2024-11-09,27,Friends Like That,John Morgan Featuring Jason Aldean,28,28,Gains In Performance
2024-11-09,28,Forever To Me,Cole Swindell,30,29,Gains In Performance
2024-11-09,29,Holy Smokes,Bailey Zimmerman,31,20,Gains In Performance
2024-11-09,30,I'm Gonna Love You,Cody Johnson & Carrie Underwood,32,5,Gains In Performance
2024-11-09,31,Hometown Home,LoCash,34,22,Gains In Performance
2024-11-09,32,Am I Okay?,Megan Moroney,33,11,Gains In Performance
2024-11-09,33,Life With You,Kelsey Hart,35,31,Gains In Performance
2024-11-09,34,Whatcha See Is Whatcha Get,Chris Janson,36,34,Gains In Performance
2024-11-09,35,Just To Say We Did,Kenny Chesney,38,16,Gains In Performance
2024-11-09,36,Whiskey Drink,Jason Aldean,37,14,Gains In Performance
2024-11-09,37,Darkest Hour (Helene Edit),Eric Church,46,3,Gains In Performance
2024-11-09,38,Wranglers,Miranda Lambert,39,26,Gains In Performance
2024-11-09,39,Coming Home,Old Dominion,40,18,Gains In Performance
2024-11-09,40,Single Again,Josh Ross,42,31,Gains In Performance
2024-11-09,41,Fall Of Summer,Scotty McCreery,44,21,Gains In Performance
2024-11-09,42,I Tried A Ring On,Tigirlily Gold,43,39,Gains In Performance
2024-11-09,43,Cowboys Cry Too,Kelsea Ballerini & Noah Kahan,41,19,Gains In Performance
2024-11-09,44,Truck On Fire,Carly Pearce,45,14,Gains In Performance
2024-11-09,45,Heavens To Betsy,Jackson Dean,47,6,Gains In Performance
2024-11-09,46,Friday Night Heartbreaker,Jon Pardi,48,8,Gains In Performance
2024-11-09,47,Everything I Need,Chayce Beckham,49,21,Gains In Performance
2024-11-09,48,What Kinda Man,Parker McCollum,59,7,Gains In Performance
2024-11-09,49,Park,Tyler Hubbard,54,8,Gains In Performance
2024-11-09,50,Country House,Sam Hunt,51,11,Gains In Performance
2024-11-09,51,Bones,Russell Dickerson,58,9,Gains In Performance
2024-11-09,52,I Never Lie,Zach Top,52,3,Gains In Performance
2024-11-09,53,Devil You Know,Tyler Braden,56,14,Gains In Performance
2024-11-09,54,Love The Leavin',Drew Parker,53,10,Gains In Performance
2024-11-09,55,Over When We're Sober,Brantley Gilbert Featuring Ashley Cooke,55,12,Gains In Performance
2024-11-09,56,Truck Still Works,Brad Paisley,57,5,Gains In Performance
2024-11-09,57,This Heart,Corey Kent,60,19,
2024-11-09,58,Better Than You,Joe Nichols / Annie Bosko,NEW,1,Highest ranking debut|Gains In Performance
2024-11-09,59,Relapse,Warren Zeiders,NEW,1,Gains In Performance
2024-11-09,60,Would If I Could,ERNEST,NEW,1,
2024-11-16,1,I Am Not Okay,Jelly Roll,1,22,
2024-11-16,2,Lies Lies Lies,Morgan Wallen,4,19,Greatest gainer this week|Gains In Performance
2024-11-16,3,Pour Me A Drink,Post Malone Featuring Blake Shelton,3,20,
2024-11-16,4,Miles On It,Marshmello & Kane Brown,2,27,
2024-11-16,5,A Bar Song (Tipsy),Shaboozey,5,28,
2024-11-16,6,Gonna Love You,Parmalee,6,53,Gains In Performance
2024-11-16,7,You Look Like You Love Me,Ella Langley Featuring Riley Green,7,16,Gains In Performance
2024-11-16,8,Beautiful As You,Thomas Rhett,9,26,Gains In Performance
2024-11-16,9,Cowboy Songs,George Birge,10,36,Gains In Performance
2024-11-16,10,High Road,Koe Wetzel & Jessie Murph,12,17,Gains In Performance
2024-11-16,11,One Bad Habit,Tim McGraw,11,42,Gains In Performance
2024-11-16,12,Boys Back Home,Dylan Marlowe & Dylan Scott,14,44,Gains In Performance
2024-11-16,13,Bigger Houses,Dan + Shay,13,40,Gains In Performance
2024-11-16,14,Wind Up Missin' You,Tucker Wetmore,15,24,Gains In Performance
2024-11-16,15,Sounds Like The Radio,Zach Top,16,44,Gains In Performance
2024-11-16,16,Love Somebody,Morgan Wallen,20,3,Gains In Performance
2024-11-16,17,Messed Up As Me,Keith Urban,17,36,Gains In Performance
2024-11-16,18,Damn Good Day To Leave,Riley Green,18,34,Gains In Performance
2024-11-16,19,Guy For That,Post Malone Featuring Luke Combs,21,16,Gains In Performance
2024-11-16,20,Think I'm In Love With You,Chris Stapleton,19,38,Gains In Performance
2024-11-16,21,4x4xU,Lainey Wilson,23,10,Gains In Performance
2024-11-16,22,American Girl,Dierks Bentley,22,37,
2024-11-16,23,I Ain't Sayin',Jordan Davis,25,16,Gains In Performance
2024-11-16,24,Breakin' In Boots,Matt Stell,26,43,Gains In Performance
2024-11-16,25,Forever To Me,Cole Swindell,28,30,Gains In Performance
2024-11-16,26,This Town's Been Too Good To Us,Dylan Scott,24,35,Gains In Performance
2024-11-16,27,Friends Like That,John Morgan Featuring Jason Aldean,27,29,Gains In Performance
2024-11-16,28,I'm Gonna Love You,Cody Johnson & Carrie Underwood,30,6,Gains In Performance
2024-11-16,29,Holy Smokes,Bailey Zimmerman,29,21,Gains In Performance
2024-11-16,30,Hometown Home,LoCash,31,23,Gains In Performance
2024-11-16,31,Am I Okay?,Megan Moroney,32,12,Gains In Performance
2024-11-16,32,Whiskey Drink,Jason Aldean,36,15,Gains In Performance
2024-11-16,33,Just To Say We Did,Kenny Chesney,35,17,Gains In Performance
2024-11-16,34,Whatcha See Is Whatcha Get,Chris Janson,34,35,
2024-11-16,35,Life With You,Kelsey Hart,33,32,
2024-11-16,36,Wranglers,Miranda Lambert,38,27,Gains In Performance
2024-11-16,37,Coming Home,Old Dominion,39,19,Gains In Performance
2024-11-16,38,Darkest Hour (Helene Edit),Eric Church,37,4,
2024-11-16,39,Single Again,Josh Ross,40,32,Gains In Performance
2024-11-16,40,I Tried A Ring On,Tigirlily Gold,42,40,Gains In Performance
2024-11-16,41,Fall Of Summer,Scotty McCreery,41,22,
2024-11-16,42,Truck On Fire,Carly Pearce,44,15,Gains In Performance
2024-11-16,43,Cowboys Cry Too,Kelsea Ballerini & Noah Kahan,43,20,Gains In Performance
2024-11-16,44,Backseat Driver,Kane Brown,NEW,1,Highest ranking debut|Gains In Performance
2024-11-16,45,Heavens To Betsy,Jackson Dean,45,7,Gains In Performance
2024-11-16,46,Everything I Need,Chayce Beckham,47,22,Gains In Performance
2024-11-16,47,Park,Tyler Hubbard,49,9,Gains In Performance
2024-11-16,48,Friday Night Heartbreaker,Jon Pardi,46,9,Gains In Performance
2024-11-16,49,Country House,Sam Hunt,50,12,Gains In Performance
2024-11-16,50,I Never Lie,Zach Top,52,4,Gains In Performance
2024-11-16,51,Over When We're Sober,Brantley Gilbert Featuring Ashley Cooke,55,13,Gains In Performance
2024-11-16,52,Bones,Russell Dickerson,51,10,Gains In Performance
2024-11-16,53,Love The Leavin',Drew Parker,54,11,Gains In Performance
2024-11-16,54,What Kinda Man,Parker McCollum,48,8,
2024-11-16,55,Truck Still Works,Brad Paisley,56,6,Gains In Performance
2024-11-16,56,Tough People,Drew Baldridge,NEW,1,Gains In Performance
2024-11-16,57,Devil You Know,Tyler Braden,53,15,Gains In Performance
2024-11-16,58,Relapse,Warren Zeiders,59,2,Gains In Performance
2024-11-16,59,This Heart,Corey Kent,57,20,Gains In Performance
2024-11-16,60,Would If I Could,ERNEST,60,2,Gains In Performance
2024-11-23,1,Lies Lies Lies,Morgan Wallen,2,20,Gains In Performance
2024-11-23,2,I Am Not Okay,Jelly Roll,1,23,
2024-11-23,3,Pour Me A Drink,Post Malone Featuring Blake Shelton,3,21,
2024-11-23,4,Miles On It,Marshmello & Kane Brown,4,28,
2024-11-23,5,One Bad Habit,Tim McGraw,11,43,Greatest gainer this week|Gains In Performance
2024-11-23,6,A Bar Song (Tipsy),Shaboozey,5,29,
2024-11-23,7,Gonna Love You,Parmalee,6,54,Gains In Performance
2024-11-23,8,You Look Like You Love Me,Ella Langley Featuring Riley Green,7,17,Gains In Performance
2024-11-23,9,Cowboy Songs,George Birge,9,37,Gains In Performance
2024-11-23,10,Beautiful As You,Thomas Rhett,8,27,Gains In Performance
2024-11-23,11,High Road,Koe Wetzel & Jessie Murph,10,18,Gains In Performance
2024-11-23,12,Boys Back Home,Dylan Marlowe & Dylan Scott,12,45,Gains In Performance
2024-11-23,13,Wind Up Missin' You,Tucker Wetmore,14,25,Gains In Performance
2024-11-23,14,Bigger Houses,Dan + Shay,13,41,
2024-11-23,15,Love Somebody,Morgan Wallen,16,4,Gains In Performance
2024-11-23,16,Messed Up As Me,Keith Urban,17,37,Gains In Performance
2024-11-23,17,Sounds Like The Radio,Zach Top,15,45,
2024-11-23,18,Damn Good Day To Leave,Riley Green,18,35,Gains In Performance
2024-11-23,19,Guy For That,Post Malone Featuring Luke Combs,19,17,Gains In Performance
2024-11-23,20,Think I'm In Love With You,Chris Stapleton,20,39,Gains In Performance
2024-11-23,21,4x4xU,Lainey Wilson,21,11,Gains In Performance
2024-11-23,22,I Ain't Sayin',Jordan Davis,23,17,Gains In Performance
2024-11-23,23,American Girl,Dierks Bentley,22,38,Gains In Performance
2024-11-23,24,Forever To Me,Cole Swindell,25,31,Gains In Performance
2024-11-23,25,Breakin' In Boots,Matt Stell,24,44,Gains In Performance
2024-11-23,26,This Town's Been Too Good To Us,Dylan Scott,26,36,Gains In Performance
2024-11-23,27,Friends Like That,John Morgan Featuring Jason Aldean,27,30,Gains In Performance
2024-11-23,28,I'm Gonna Love You,Cody Johnson & Carrie Underwood,28,7,Gains In Performance
2024-11-23,29,Holy Smokes,Bailey Zimmerman,29,22,Gains In Performance
2024-11-23,30,Hometown Home,LoCash,30,24,Gains In Performance
2024-11-23,31,Am I Okay?,Megan Moroney,31,13,Gains In Performance
2024-11-23,32,Just To Say We Did,Kenny Chesney,33,18,Gains In Performance
2024-11-23,33,Whiskey Drink,Jason Aldean,32,16,Gains In Performance
2024-11-23,34,Life With You,Kelsey Hart,35,33,Gains In Performance
2024-11-23,35,Whatcha See Is Whatcha Get,Chris Janson,34,36,Gains In Performance
2024-11-23,36,Darkest Hour (Helene Edit),Eric Church,38,5,Gains In Performance
2024-11-23,37,Wranglers,Miranda Lambert,36,28,
2024-11-23,38,Coming Home,Old Dominion,37,20,
2024-11-23,39,Backseat Driver,Kane Brown,44,2,Gains In Performance
2024-11-23,40,Single Again,Josh Ross,39,33,
2024-11-23,41,Fall Of Summer,Scotty McCreery,41,23,Gains In Performance
2024-11-23,42,Truck On Fire,Carly Pearce,42,16,Gains In Performance
2024-11-23,43,Cowboys Cry Too,Kelsea Ballerini & Noah Kahan,43,21,Gains In Performance
2024-11-23,44,Liar,Jelly Roll,NEW,1,Highest ranking debut|Gains In Performance
2024-11-23,45,I Never Lie,Zach Top,50,5,Gains In Performance
2024-11-23,46,Heavens To Betsy,Jackson Dean,45,8,Gains In Performance
2024-11-23,47,Tough People,Drew Baldridge,56,2,Gains In Performance
2024-11-23,48,Friday Night Heartbreaker,Jon Pardi,48,10,Gains In Performance
2024-11-23,49,Everything I Need,Chayce Beckham,46,23,Gains In Performance
2024-11-23,50,Country House,Sam Hunt,49,13,Gains In Performance
2024-11-23,51,Love The Leavin',Drew Parker,53,12,Gains In Performance
2024-11-23,52,Park,Tyler Hubbard,47,10,
2024-11-23,53,Bones,Russell Dickerson,52,11,Gains In Performance
2024-11-23,54,Over When We're Sober,Brantley Gilbert Featuring Ashley Cooke,51,14,
2024-11-23,55,Truck Still Works,Brad Paisley,55,7,Gains In Performance
2024-11-23,56,Relapse,Warren Zeiders,58,3,Gains In Performance
2024-11-23,57,Devil You Know,Tyler Braden,57,16,Gains In Performance
2024-11-23,58,What Kinda Man,Parker McCollum,54,9,
2024-11-23,59,This Heart,Corey Kent,59,21,Gains In Performance
2024-11-23,60,Fix What You Didn't Break,Nate Smith,NEW,1,Gains In Performance
2024-11-30,1,I Am Not Okay,Jelly Roll,2,24,
2024-11-30,2,Beautiful As You,Thomas Rhett,10,28,Gains In Performance
2024-11-30,3,Pour Me A Drink,Post Malone Featuring Blake Shelton,3,22,
2024-11-30,4,Lies Lies Lies,Morgan Wallen,1,21,
2024-11-30,5,A Bar Song (Tipsy),Shaboozey,6,30,
2024-11-30,6,Gonna Love You,Parmalee,7,55,Gains In Performance
2024-11-30,7,Cowboy Songs,George Birge,9,38,Gains In Performance
2024-11-30,8,Miles On It,Marshmello & Kane Brown,4,29,
2024-11-30,9,You Look Like You Love Me,Ella Langley Featuring Riley Green,8,18,Gains In Performance
2024-11-30,10,High Road,Koe Wetzel & Jessie Murph,11,19,Gains In Performance
2024-11-30,11,Boys Back Home,Dylan Marlowe & Dylan Scott,12,46,Gains In Performance
2024-11-30,12,Love Somebody,Morgan Wallen,15,5,Gains In Performance
2024-11-30,13,Wind Up Missin' You,Tucker Wetmore,13,26,Gains In Performance
2024-11-30,14,Bigger Houses,Dan + Shay,14,42,Gains In Performance
2024-11-30,15,One Bad Habit,Tim McGraw,5,44,
2024-11-30,16,Texas,Blake Shelton,NEW,1,Highest ranking debut|Gains In Performance
2024-11-30,17,Messed Up As Me,Keith Urban,16,38,Gains In Performance
2024-11-30,18,Damn Good Day To Leave,Riley Green,18,36,Gains In Performance
2024-11-30,19,Guy For That,Post Malone Featuring Luke Combs,19,18,Gains In Performance
2024-11-30,20,4x4xU,Lainey Wilson,21,12,Gains In Performance
2024-11-30,21,Think I'm In Love With You,Chris Stapleton,20,40,Gains In Performance
2024-11-30,22,I Ain't Sayin',Jordan Davis,22,18,Gains In Performance
2024-11-30,23,Forever To Me,Cole Swindell,24,32,
2024-11-30,24,Friends Like That,John Morgan Featuring Jason Aldean,27,31,Gains In Performance
2024-11-30,25,This Town's Been Too Good To Us,Dylan Scott,26,37,Gains In Performance
2024-11-30,26,Breakin' In Boots,Matt Stell,25,45,
2024-11-30,27,I'm Gonna Love You,Cody Johnson & Carrie Underwood,28,8,Gains In Performance
2024-11-30,28,Holy Smokes,Bailey Zimmerman,29,23,Gains In Performance
2024-11-30,29,Hometown Home,LoCash,30,25,Gains In Performance
2024-11-30,30,Liar,Jelly Roll,44,2,Gains In Performance
2024-11-30,31,Am I Okay?,Megan Moroney,31,14,Gains In Performance
2024-11-30,32,Just To Say We Did,Kenny Chesney,32,19,Gains In Performance
2024-11-30,33,Life With You,Kelsey Hart,34,34,Gains In Performance
2024-11-30,34,Whiskey Drink,Jason Aldean,33,17,Gains In Performance
2024-11-30,35,Whatcha See Is Whatcha Get,Chris Janson,35,37,Gains In Performance
2024-11-30,36,Backseat Driver,Kane Brown,39,3,Gains In Performance
2024-11-30,37,Coming Home,Old Dominion,38,21,Gains In Performance
2024-11-30,38,Wranglers,Miranda Lambert,37,29,Gains In Performance
2024-11-30,39,I Never Lie,Zach Top,45,6,Gains In Performance
2024-11-30,40,Darkest Hour (Helene Edit),Eric Church,36,6,
2024-11-30,41,Cowboys Cry Too,Kelsea Ballerini & Noah Kahan,43,22,Gains In Performance
2024-11-30,42,Single Again,Josh Ross,40,34,
2024-11-30,43,Fall Of Summer,Scotty McCreery,41,24,
2024-11-30,44,Truck On Fire,Carly Pearce,42,17,Gains In Performance
2024-11-30,45,Heavens To Betsy,Jackson Dean,46,9,Gains In Performance
2024-11-30,46,Tough People,Drew Baldridge,47,3,Gains In Performance
2024-11-30,47,Park,Tyler Hubbard,52,11,Gains In Performance
2024-11-30,48,Everything I Need,Chayce Beckham,49,24,
2024-11-30,49,Friday Night Heartbreaker,Jon Pardi,48,11,
2024-11-30,50,Country House,Sam Hunt,50,14,
2024-11-30,51,Relapse,Warren Zeiders,56,4,Gains In Performance
2024-11-30,52,Bones,Russell Dickerson,53,12,
2024-11-30,53,Truck Still Works,Brad Paisley,55,8,
2024-11-30,54,Over When We're Sober,Brantley Gilbert Featuring Ashley Cooke,54,15,
2024-11-30,55,Devil You Know,Tyler Braden,57,17,
2024-11-30,56,This Heart,Corey Kent,59,22,Gains In Performance
2024-11-30,57,What Kinda Man,Parker McCollum,58,10,
2024-11-30,58,Love The Leavin',Drew Parker,51,13,
2024-11-30,59,Country Song Came On,Luke Bryan,NEW,1,Gains In Performance
2024-11-30,60,Fix What You Didn't Break,Nate Smith,60,2,Gains In Performance
2024-12-07,1,Gonna Love You,Parmalee,6,56,Greatest gainer this week|Gains In Performance
2024-12-07,2,I Am Not Okay,Jelly Roll,1,25,
2024-12-07,3,Pour Me A Drink,Post Malone Featuring Blake Shelton,3,23,
2024-12-07,4,Cowboy Songs,George Birge,7,39,Gains In Performance
2024-12-07,5,A Bar Song (Tipsy),Shaboozey,5,31,
2024-12-07,6,High Road,Koe Wetzel & Jessie Murph,10,20,Gains In Performance
2024-12-07,7,You Look Like You Love Me,Ella Langley Featuring Riley Green,9,19,Gains In Performance
2024-12-07,8,Lies Lies Lies,Morgan Wallen,4,22,
2024-12-07,9,Miles On It,Marshmello & Kane Brown,8,30,
2024-12-07,10,Boys Back Home,Dylan Marlowe & Dylan Scott,11,47,Gains In Performance
2024-12-07,11,Love Somebody,Morgan Wallen,12,6,Gains In Performance
2024-12-07,12,Wind Up Missin' You,Tucker Wetmore,13,27,Gains In Performance
2024-12-07,13,Beautiful As You,Thomas Rhett,2,29,
2024-12-07,14,Bigger Houses,Dan + Shay,14,43,Gains In Performance
2024-12-07,15,Messed Up As Me,Keith Urban,17,39,Gains In Performance
2024-12-07,16,Guy For That,Post Malone Featuring Luke Combs,19,19,Gains In Performance
2024-12-07,17,Damn Good Day To Leave,Riley Green,18,37,Gains In Performance
2024-12-07,18,4x4xU,Lainey Wilson,20,13,Gains In Performance
2024-12-07,19,Think I'm In Love With You,Chris Stapleton,21,41,Gains In Performance
2024-12-07,20,I Ain't Sayin',Jordan Davis,22,19,Gains In Performance
2024-12-07,21,This Town's Been Too Good To Us,Dylan Scott,25,38,Gains In Performance
2024-12-07,22,Forever To Me,Cole Swindell,23,33,Gains In Performance
2024-12-07,23,Friends Like That,John Morgan Featuring Jason Aldean,24,32,Gains In Performance
2024-12-07,24,Breakin' In Boots,Matt Stell,26,46,Gains In Performance
2024-12-07,25,I'm Gonna Love You,Cody Johnson & Carrie Underwood,27,9,Gains In Performance
2024-12-07,26,Liar,Jelly Roll,30,3,Gains In Performance
2024-12-07,27,Texas,Blake Shelton,16,2,
2024-12-07,28,Hometown Home,LoCash,29,26,Gains In Performance
2024-12-07,29,Holy Smokes,Bailey Zimmerman,28,24,Gains In Performance
2024-12-07,30,Just To Say We Did,Kenny Chesney,32,20,Gains In Performance
2024-12-07,31,Am I Okay?,Megan Moroney,31,15,Gains In Performance
2024-12-07,32,Whiskey Drink,Jason Aldean,34,18,Gains In Performance
2024-12-07,33,I Never Lie,Zach Top,39,7,Gains In Performance
2024-12-07,34,Life With You,Kelsey Hart,33,35,Gains In Performance
2024-12-07,35,Whatcha See Is Whatcha Get,Chris Janson,35,38,Gains In Performance
2024-12-07,36,Backseat Driver,Kane Brown,36,4,Gains In Performance
2024-12-07,37,Coming Home,Old Dominion,37,22,Gains In Performance
2024-12-07,38,Wranglers,Miranda Lambert,38,30,
2024-12-07,39,Cowboys Cry Too,Kelsea Ballerini & Noah Kahan,41,23,Gains In Performance
2024-12-07,40,Truck On Fire,Carly Pearce,44,18,Gains In Performance
2024-12-07,41,Fall Of Summer,Scotty McCreery,43,25,Gains In Performance
2024-12-07,42,Single Again,Josh Ross,42,35,Gains In Performance
2024-12-07,43,Heavens To Betsy,Jackson Dean,45,10,Gains In Performance
2024-12-07,44,Friday Night Heartbreaker,Jon Pardi,49,12,Gains In Performance
2024-12-07,45,Tough People,Drew Baldridge,46,4,Gains In Performance
2024-12-07,46,Everything I Need,Chayce Beckham,48,25,Gains In Performance
2024-12-07,47,Park,Tyler Hubbard,47,12,Gains In Performance
2024-12-07,48,Country House,Sam Hunt,50,15,Gains In Performance
2024-12-07,49,Relapse,Warren Zeiders,51,5,Gains In Performance
2024-12-07,50,Bones,Russell Dickerson,52,13,Gains In Performance
2024-12-07,51,This Heart,Corey Kent,56,23,Gains In Performance
2024-12-07,52,Truck Still Works,Brad Paisley,53,9,Gains In Performance
2024-12-07,53,Devil You Know,Tyler Braden,55,18,Gains In Performance
2024-12-07,54,Country Song Came On,Luke Bryan,59,2,Gains In Performance
2024-12-07,55,What Kinda Man,Parker McCollum,57,11,Gains In Performance
2024-12-07,56,Fix What You Didn't Break,Nate Smith,60,3,Gains In Performance
2024-12-07,57,Love The Leavin',Drew Parker,58,14,Gains In Performance
2024-12-07,58,Over When We're Sober,Brantley Gilbert Featuring Ashley Cooke,54,16,
2024-12-07,59,I Could Be That Rain,Randall King,NEW,1,Highest ranking debut|Gains In Performance
2024-12-07,60,Better Than You,Joe Nichols / Annie Bosko,RE,2,Gains In Performance
2024-12-14,1,You Look Like You Love Me,Ella Langley Featuring Riley Green,7,20,Greatest gainer this week|Gains In Performance
2024-12-14,2,I Am Not Okay,Jelly Roll,2,26,
2024-12-14,3,Cowboy Songs,George Birge,4,40,Gains In Performance
2024-12-14,4,High Road,Koe Wetzel & Jessie Murph,6,21,Gains In Performance
2024-12-14,5,Pour Me A Drink,Post Malone Featuring Blake Shelton,3,24,
2024-12-14,6,Gonna Love You,Parmalee,1,57,
2024-12-14,7,A Bar Song (Tipsy),Shaboozey,5,32,
2024-12-14,8,Boys Back Home,Dylan Marlowe & Dylan Scott,10,48,Gains In Performance
2024-12-14,9,Love Somebody,Morgan Wallen,11,7,Gains In Performance
2024-12-14,10,Wind Up Missin' You,Tucker Wetmore,12,28,Gains In Performance
2024-12-14,11,Bigger Houses,Dan + Shay,14,44,Gains In Performance
2024-12-14,12,Messed Up As Me,Keith Urban,15,40,Gains In Performance
2024-12-14,13,Guy For That,Post Malone Featuring Luke Combs,16,20,Gains In Performance
2024-12-14,14,4x4xU,Lainey Wilson,18,14,Gains In Performance
2024-12-14,15,Damn Good Day To Leave,Riley Green,17,38,
2024-12-14,16,I Ain't Sayin',Jordan Davis,20,20,Gains In Performance
2024-12-14,17,Think I'm In Love With You,Chris Stapleton,19,42,Gains In Performance
2024-12-14,18,This Town's Been Too Good To Us,Dylan Scott,21,39,Gains In Performance
2024-12-14,19,Forever To Me,Cole Swindell,22,34,Gains In Performance
2024-12-14,20,Friends Like That,John Morgan Featuring Jason Aldean,23,33,Gains In Performance
2024-12-14,21,Liar,Jelly Roll,26,4,Gains In Performance
2024-12-14,22,Breakin' In Boots,Matt Stell,24,47,
2024-12-14,23,Texas,Blake Shelton,27,3,Gains In Performance
2024-12-14,24,Hometown Home,LoCash,28,27,Gains In Performance
2024-12-14,25,I'm Gonna Love You,Cody Johnson & Carrie Underwood,25,10,Gains In Performance
2024-12-14,26,Holy Smokes,Bailey Zimmerman,29,25,Gains In Performance
2024-12-14,27,Just To Say We Did,Kenny Chesney,30,21,Gains In Performance
2024-12-14,28,I Never Lie,Zach Top,33,8,Gains In Performance
2024-12-14,29,Am I Okay?,Megan Moroney,31,16,Gains In Performance
2024-12-14,30,Whiskey Drink,Jason Aldean,32,19,Gains In Performance
2024-12-14,31,Life With You,Kelsey Hart,34,36,Gains In Performance
2024-12-14,32,Backseat Driver,Kane Brown,36,5,Gains In Performance
2024-12-14,33,Whatcha See Is Whatcha Get,Chris Janson,35,39,Gains In Performance
2024-12-14,34,Coming Home,Old Dominion,37,23,Gains In Performance
2024-12-14,35,Wranglers,Miranda Lambert,38,31,
2024-12-14,36,Cowboys Cry Too,Kelsea Ballerini & Noah Kahan,39,24,
2024-12-14,37,Truck On Fire,Carly Pearce,40,19,Gains In Performance
2024-12-14,38,Single Again,Josh Ross,42,36,Gains In Performance
2024-12-14,39,Fall Of Summer,Scotty McCreery,41,26,Gains In Performance
2024-12-14,40,Friday Night Heartbreaker,Jon Pardi,44,13,Gains In Performance
2024-12-14,41,Heavens To Betsy,Jackson Dean,43,11,Gains In Performance
2024-12-14,42,Tough People,Drew Baldridge,45,5,Gains In Performance
2024-12-14,43,Country House,Sam Hunt,48,16,Gains In Performance
2024-12-14,44,Park,Tyler Hubbard,47,13,Gains In Performance
2024-12-14,45,Everything I Need,Chayce Beckham,46,26,
2024-12-14,46,Relapse,Warren Zeiders,49,6,Gains In Performance
2024-12-14,47,Bones,Russell Dickerson,50,14,Gains In Performance
2024-12-14,48,What Kinda Man,Parker McCollum,55,12,Gains In Performance
2024-12-14,49,Truck Still Works,Brad Paisley,52,10,Gains In Performance
2024-12-14,50,This Heart,Corey Kent,51,24,Gains In Performance
2024-12-14,51,Fix What You Didn't Break,Nate Smith,56,4,Gains In Performance
2024-12-14,52,Over When We're Sober,Brantley Gilbert Featuring Ashley Cooke,58,17,Gains In Performance
2024-12-14,53,Country Song Came On,Luke Bryan,54,3,
2024-12-14,54,Love The Leavin',Drew Parker,57,15,
2024-12-14,55,Devil You Know,Tyler Braden,53,19,
2024-12-14,56,Would If I Could,ERNEST,RE,3,Gains In Performance
2024-12-14,57,I Could Be That Rain,Randall King,59,2,
2024-12-14,58,Better Than You,Joe Nichols / Annie Bosko,60,3,Gains In Performance
2024-12-14,59,Darlin',Chase Matthew,NEW,1,Highest ranking debut|Gains In Performance
2024-12-14,60,Highway,Shaboozey,NEW,1,Gains In Performance
2024-12-21,1,Cowboy Songs,George Birge,3,41,Greatest gainer this week|Gains In Performance
2024-12-21,2,High Road,Koe Wetzel & Jessie Murph,4,22,Gains In Performance
2024-12-21,3,I Am Not Okay,Jelly Roll,2,27,
2024-12-21,4,Love Somebody,Morgan Wallen,9,8,Gains In Performance
2024-12-21,5,Boys Back Home,Dylan Marlowe & Dylan Scott,8,49,Gains In Performance
2024-12-21,6,Pour Me A Drink,Post Malone Featuring Blake Shelton,5,25,
2024-12-21,7,A Bar Song (Tipsy),Shaboozey,7,33,
2024-12-21,8,You Look Like You Love Me,Ella Langley Featuring Riley Green,1,21,
2024-12-21,9,Wind Up Missin' You,Tucker Wetmore,10,29,Gains In Performance
2024-12-21,10,Bigger Houses,Dan + Shay,11,45,Gains In Performance
2024-12-21,11,Guy For That,Post Malone Featuring Luke Combs,13,21,Gains In Performance
2024-12-21,12,4x4xU,Lainey Wilson,14,15,Gains In Performance
2024-12-21,13,I Ain't Sayin',Jordan Davis,16,21,Gains In Performance
2024-12-21,14,Damn Good Day To Leave,Riley Green,15,39,Gains In Performance
2024-12-21,15,Think I'm In Love With You,Chris Stapleton,17,43,Gains In Performance
2024-12-21,16,This Town's Been Too Good To Us,Dylan Scott,18,40,Gains In Performance
2024-12-21,17,Liar,Jelly Roll,21,5,Gains In Performance
2024-12-21,18,Hometown Home,LoCash,24,28,Gains In Performance
2024-12-21,19,Forever To Me,Cole Swindell,19,35,Gains In Performance
2024-12-21,20,Friends Like That,John Morgan Featuring Jason Aldean,20,34,Gains In Performance
2024-12-21,21,Texas,Blake Shelton,23,4,Gains In Performance
2024-12-21,22,I'm Gonna Love You,Cody Johnson & Carrie Underwood,25,11,Gains In Performance
2024-12-21,23,Breakin' In Boots,Matt Stell,22,48,Gains In Performance
2024-12-21,24,Holy Smokes,Bailey Zimmerman,26,26,Gains In Performance
2024-12-21,25,I Never Lie,Zach Top,28,9,Gains In Performance
2024-12-21,26,Just To Say We Did,Kenny Chesney,27,22,Gains In Performance
2024-12-21,27,Am I Okay?,Megan Moroney,29,17,Gains In Performance
2024-12-21,28,Life With You,Kelsey Hart,31,37,Gains In Performance
2024-12-21,29,Whiskey Drink,Jason Aldean,30,20,Gains In Performance
2024-12-21,30,Backseat Driver,Kane Brown,32,6,Gains In Performance
2024-12-21,31,Whatcha See Is Whatcha Get,Chris Janson,33,40,Gains In Performance
2024-12-21,32,Coming Home,Old Dominion,34,24,Gains In Performance
2024-12-21,33,Cowboys Cry Too,Kelsea Ballerini & Noah Kahan,36,25,Gains In Performance
2024-12-21,34,Truck On Fire,Carly Pearce,37,20,Gains In Performance
2024-12-21,35,Single Again,Josh Ross,38,37,Gains In Performance
2024-12-21,36,Fall Of Summer,Scotty McCreery,39,27,Gains In Performance
2024-12-21,37,Tough People,Drew Baldridge,42,6,Gains In Performance
2024-12-21,38,Heavens To Betsy,Jackson Dean,41,12,Gains In Performance
2024-12-21,39,Friday Night Heartbreaker,Jon Pardi,40,14,Gains In Performance
2024-12-21,40,Park,Tyler Hubbard,44,14,Gains In Performance
2024-12-21,41,Country House,Sam Hunt,43,17,Gains In Performance
2024-12-21,42,Everything I Need,Chayce Beckham,45,27,Gains In Performance
2024-12-21,43,Bones,Russell Dickerson,47,15,Gains In Performance
2024-12-21,44,Relapse,Warren Zeiders,46,7,Gains In Performance
2024-12-21,45,What Kinda Man,Parker McCollum,48,13,
2024-12-21,46,This Heart,Corey Kent,50,25,Gains In Performance
2024-12-21,47,Country Song Came On,Luke Bryan,53,4,Gains In Performance
2024-12-21,48,Truck Still Works,Brad Paisley,49,11,
2024-12-21,49,Fix What You Didn't Break,Nate Smith,51,5,Gains In Performance
2024-12-21,50,Love The Leavin',Drew Parker,54,16,Gains In Performance
2024-12-21,51,Better Than You,Joe Nichols / Annie Bosko,58,4,Gains In Performance
2024-12-21,52,Over When We're Sober,Brantley Gilbert Featuring Ashley Cooke,52,18,
2024-12-21,53,Devil You Know,Tyler Braden,55,20,Gains In Performance
2024-12-21,54,Would If I Could,ERNEST,56,4,
2024-12-21,55,Highway,Shaboozey,60,2,Gains In Performance
2024-12-21,56,Darlin',Chase Matthew,59,2,Gains In Performance
2024-12-21,57,I Could Be That Rain,Randall King,57,3,
2024-12-21,58,Golden Child,Meghan Patrick,NEW,1,Highest ranking debut|Gains In Performance
2024-12-21,59,Worst Way,Riley Green,NEW,1,
2024-12-21,60,Not Today,Mitchell Tenpenny,NEW,1,Gains In Performance
2024-12-28,1,High Road,Koe Wetzel & Jessie Murph,2,23,Greatest gainer this week|Gains In Performance
2024-12-28,2,Cowboy Songs,George Birge,1,42,
2024-12-28,3,Love Somebody,Morgan Wallen,4,9,Gains In Performance
2024-12-28,4,Boys Back Home,Dylan Marlowe & Dylan Scott,5,50,Gains In Performance
2024-12-28,5,I Am Not Okay,Jelly Roll,3,28,
2024-12-28,6,Pour Me A Drink,Post Malone Featuring Blake Shelton,6,26,
2024-12-28,7,A Bar Song (Tipsy),Shaboozey,7,34,
2024-12-28,8,Wind Up Missin' You,Tucker Wetmore,9,30,Gains In Performance
2024-12-28,9,Bigger Houses,Dan + Shay,10,46,Gains In Performance
2024-12-28,10,Guy For That,Post Malone Featuring Luke Combs,11,22,Gains In Performance
2024-12-28,11,I Ain't Sayin',Jordan Davis,13,22,Gains In Performance
2024-12-28,12,4x4xU,Lainey Wilson,12,16,Gains In Performance
2024-12-28,13,Liar,Jelly Roll,17,6,Gains In Performance
2024-12-28,14,Damn Good Day To Leave,Riley Green,14,40,Gains In Performance
2024-12-28,15,Think I'm In Love With You,Chris Stapleton,15,44,Gains In Performance
2024-12-28,16,This Town's Been Too Good To Us,Dylan Scott,16,41,Gains In Performance
2024-12-28,17,Hometown Home,LoCash,18,29,Gains In Performance
2024-12-28,18,Forever To Me,Cole Swindell,19,36,Gains In Performance
2024-12-28,19,I'm Gonna Love You,Cody Johnson & Carrie Underwood,22,12,Gains In Performance
2024-12-28,20,Friends Like That,John Morgan Featuring Jason Aldean,20,35,Gains In Performance
2024-12-28,21,Texas,Blake Shelton,21,5,Gains In Performance
2024-12-28,22,Breakin' In Boots,Matt Stell,23,49,Gains In Performance
2024-12-28,23,Holy Smokes,Bailey Zimmerman,24,27,Gains In Performance
2024-12-28,24,I Never Lie,Zach Top,25,10,Gains In Performance
2024-12-28,25,Just To Say We Did,Kenny Chesney,26,23,Gains In Performance
2024-12-28,26,Am I Okay?,Megan Moroney,27,18,Gains In Performance
2024-12-28,27,Whiskey Drink,Jason Aldean,29,21,Gains In Performance
2024-12-28,28,Tough People,Drew Baldridge,37,7,Gains In Performance
2024-12-28,29,Life With You,Kelsey Hart,28,38,Gains In Performance
2024-12-28,30,Backseat Driver,Kane Brown,30,7,Gains In Performance
2024-12-28,31,Coming Home,Old Dominion,32,25,Gains In Performance
2024-12-28,32,Whatcha See Is Whatcha Get,Chris Janson,31,41,Gains In Performance
2024-12-28,33,Cowboys Cry Too,Kelsea Ballerini & Noah Kahan,33,26,Gains In Performance
2024-12-28,34,Truck On Fire,Carly Pearce,34,21,Gains In Performance
2024-12-28,35,Single Again,Josh Ross,35,38,Gains In Performance
2024-12-28,36,Heavens To Betsy,Jackson Dean,38,13,Gains In Performance
2024-12-28,37,Fall Of Summer,Scotty McCreery,36,28,
2024-12-28,38,Park,Tyler Hubbard,40,15,Gains In Performance
2024-12-28,39,Friday Night Heartbreaker,Jon Pardi,39,15,Gains In Performance
2024-12-28,40,Country House,Sam Hunt,41,18,Gains In Performance
2024-12-28,41,Everything I Need,Chayce Beckham,42,28,
2024-12-28,42,What Kinda Man,Parker McCollum,45,14,Gains In Performance
2024-12-28,43,Bones,Russell Dickerson,43,16,Gains In Performance
2024-12-28,44,Fix What You Didn't Break,Nate Smith,49,6,Gains In Performance
2024-12-28,45,Country Song Came On,Luke Bryan,47,5,Gains In Performance
2024-12-28,46,This Heart,Corey Kent,46,26,Gains In Performance
2024-12-28,47,Relapse,Warren Zeiders,44,8,Gains In Performance
2024-12-28,48,Truck Still Works,Brad Paisley,48,12,Gains In Performance
2024-12-28,49,Over When We're Sober,Brantley Gilbert Featuring Ashley Cooke,52,19,Gains In Performance
2024-12-28,50,Devil You Know,Tyler Braden,53,21,Gains In Performance
2024-12-28,51,Highway,Shaboozey,55,3,Gains In Performance
2024-12-28,52,Darlin',Chase Matthew,56,3,Gains In Performance
2024-12-28,53,Would If I Could,ERNEST,54,5,Gains In Performance
2024-12-28,54,Better Than You,Joe Nichols / Annie Bosko,51,5,
2024-12-28,55,Love The Leavin',Drew Parker,50,17,
2024-12-28,56,I Could Be That Rain,Randall King,57,4,Gains In Performance
2024-12-28,57,Worst Way,Riley Green,59,2,Gains In Performance
2024-12-28,58,Golden Child,Meghan Patrick,58,2,Gains In Performance
2024-12-28,59,Time's Ticking,Justin Moore,NEW,1,Highest ranking debut|Gains In Performance
2024-12-28,60,Wolves Cry,Bryan Martin,NEW,1,Gains In Performance
2025-01-04,1,High Road,Koe Wetzel & Jessie Murph,1,24,
2025-01-04,2,Love Somebody,Morgan Wallen,3,10,
2025-01-04,3,Boys Back Home,Dylan Marlowe & Dylan Scott,4,51,
2025-01-04,4,Wind Up Missin' You,Tucker Wetmore,8,31,
2025-01-04,5,I Am Not Okay,Jelly Roll,5,29,
2025-01-04,6,Cowboy Songs,George Birge,2,43,
2025-01-04,7,Pour Me A Drink,Post Malone Featuring Blake Shelton,6,27,
2025-01-04,8,A Bar Song (Tipsy),Shaboozey,7,35,
2025-01-04,9,Bigger Houses,Dan + Shay,9,47,
2025-01-04,10,Guy For That,Post Malone Featuring Luke Combs,10,23,
2025-01-04,11,I Ain't Sayin',Jordan Davis,11,23,
2025-01-04,12,4x4xU,Lainey Wilson,12,17,
2025-01-04,13,Liar,Jelly Roll,13,7,
2025-01-04,14,Damn Good Day To Leave,Riley Green,14,41,
2025-01-04,15,Think I'm In Love With You,Chris Stapleton,15,45,
2025-01-04,16,This Town's Been Too Good To Us,Dylan Scott,16,42,
2025-01-04,17,Hometown Home,LoCash,17,30,
2025-01-04,18,I'm Gonna Love You,Cody Johnson & Carrie Underwood,19,13,
2025-01-04,19,Friends Like That,John Morgan Featuring Jason Aldean,20,36,
2025-01-04,20,Forever To Me,Cole Swindell,18,37,
2025-01-04,21,Breakin' In Boots,Matt Stell,22,50,
2025-01-04,22,Texas,Blake Shelton,21,6,
2025-01-04,23,I Never Lie,Zach Top,24,11,
2025-01-04,24,Holy Smokes,Bailey Zimmerman,23,28,
2025-01-04,25,Am I Okay?,Megan Moroney,26,19,
2025-01-04,26,Just To Say We Did,Kenny Chesney,25,24,
2025-01-04,27,Tough People,Drew Baldridge,28,8,
2025-01-04,28,Whiskey Drink,Jason Aldean,27,22,
2025-01-04,29,Life With You,Kelsey Hart,29,39,
2025-01-04,30,Coming Home,Old Dominion,31,26,
2025-01-04,31,Backseat Driver,Kane Brown,30,8,
2025-01-04,32,Whatcha See Is Whatcha Get,Chris Janson,32,42,
2025-01-04,33,Cowboys Cry Too,Kelsea Ballerini & Noah Kahan,33,27,
2025-01-04,34,Truck On Fire,Carly Pearce,34,22,
2025-01-04,35,Single Again,Josh Ross,35,39,
2025-01-04,36,Park,Tyler Hubbard,38,16,
2025-01-04,37,Heavens To Betsy,Jackson Dean,36,14,
2025-01-04,38,Fall Of Summer,Scotty McCreery,37,29,
2025-01-04,39,Friday Night Heartbreaker,Jon Pardi,39,16,
2025-01-04,40,Country House,Sam Hunt,40,19,
2025-01-04,41,Holiday Road,Chris Janson,NEW,1,Highest ranking debut|Gains In Performance
2025-01-04,42,What Kinda Man,Parker McCollum,42,15,
2025-01-04,43,Everything I Need,Chayce Beckham,41,29,
2025-01-04,44,Bones,Russell Dickerson,43,17,
2025-01-04,45,Relapse,Warren Zeiders,47,9,
2025-01-04,46,All I Want For Christmas Is A Cowboy,Megan Moroney,NEW,1,Gains In Performance
2025-01-04,47,Country Song Came On,Luke Bryan,45,6,
2025-01-04,48,Fix What You Didn't Break,Nate Smith,44,7,
2025-01-04,49,Truck Still Works,Brad Paisley,48,13,
2025-01-04,50,This Heart,Corey Kent,46,27,
2025-01-04,51,Devil You Know,Tyler Braden,50,22,
2025-01-04,52,Darlin',Chase Matthew,52,4,
2025-01-04,53,Over When We're Sober,Brantley Gilbert Featuring Ashley Cooke,49,20,
2025-01-04,54,Would If I Could,ERNEST,53,6,
2025-01-04,55,Highway,Shaboozey,51,4,
2025-01-04,56,I Could Be That Rain,Randall King,56,5,
2025-01-04,57,Better Than You,Joe Nichols / Annie Bosko,54,6,
2025-01-04,58,Golden Child,Meghan Patrick,58,3,
2025-01-04,59,Blue Christmas,Megan Moroney,NEW,1,Gains In Performance
2025-01-04,60,Worst Way,Riley Green,57,3,
2025-01-11,1,High Road,Koe Wetzel & Jessie Murph,1,25,Gains In Performance
2025-01-11,2,Wind Up Missin' You,Tucker Wetmore,4,32,Greatest gainer this week|Gains In Performance
2025-01-11,3,Love Somebody,Morgan Wallen,2,11,Gains In Performance
2025-01-11,4,Boys Back Home,Dylan Marlowe & Dylan Scott,3,52,Gains In Performance
2025-01-11,5,A Bar Song (Tipsy),Shaboozey,8,36,
2025-01-11,6,I Am Not Okay,Jelly Roll,5,30,
2025-01-11,7,Pour Me A Drink,Post Malone Featuring Blake Shelton,7,28,
2025-01-11,8,Cowboy Songs,George Birge,6,44,
2025-01-11,9,Bigger Houses,Dan + Shay,9,48,Gains In Performance
2025-01-11,10,I Ain't Sayin',Jordan Davis,11,24,Gains In Performance
2025-01-11,11,Guy For That,Post Malone Featuring Luke Combs,10,24,Gains In Performance
2025-01-11,12,4x4xU,Lainey Wilson,12,18,Gains In Performance
2025-01-11,13,Liar,Jelly Roll,13,8,Gains In Performance
2025-01-11,14,Damn Good Day To Leave,Riley Green,14,42,Gains In Performance
2025-01-11,15,Think I'm In Love With You,Chris Stapleton,15,46,Gains In Performance
2025-01-11,16,This Town's Been Too Good To Us,Dylan Scott,16,43,Gains In Performance
2025-01-11,17,I'm Gonna Love You,Cody Johnson & Carrie Underwood,18,14,Gains In Performance
2025-01-11,18,Hometown Home,LoCash,17,31,Gains In Performance
2025-01-11,19,Forever To Me,Cole Swindell,20,38,Gains In Performance
2025-01-11,20,Friends Like That,John Morgan Featuring Jason Aldean,19,37,Gains In Performance
2025-01-11,21,Texas,Blake Shelton,22,7,Gains In Performance
2025-01-11,22,Breakin' In Boots,Matt Stell,21,51,Gains In Performance
2025-01-11,23,I Never Lie,Zach Top,23,12,Gains In Performance
2025-01-11,24,Holy Smokes,Bailey Zimmerman,24,29,Gains In Performance
2025-01-11,25,Am I Okay?,Megan Moroney,25,20,Gains In Performance
2025-01-11,26,Tough People,Drew Baldridge,27,9,Gains In Performance
2025-01-11,27,Just To Say We Did,Kenny Chesney,26,25,Gains In Performance
2025-01-11,28,Whiskey Drink,Jason Aldean,28,23,Gains In Performance
2025-01-11,29,Coming Home,Old Dominion,30,27,Gains In Performance
2025-01-11,30,Backseat Driver,Kane Brown,31,9,Gains In Performance
2025-01-11,31,Life With You,Kelsey Hart,29,40,Gains In Performance
2025-01-11,32,Whatcha See Is Whatcha Get,Chris Janson,32,43,Gains In Performance
2025-01-11,33,Cowboys Cry Too,Kelsea Ballerini & Noah Kahan,33,28,Gains In Performance
2025-01-11,34,Truck On Fire,Carly Pearce,34,23,Gains In Performance
2025-01-11,35,Single Again,Josh Ross,35,40,Gains In Performance
2025-01-11,36,Heavens To Betsy,Jackson Dean,37,15,Gains In Performance
2025-01-11,37,Park,Tyler Hubbard,36,17,Gains In Performance
2025-01-11,38,Fall Of Summer,Scotty McCreery,38,30,Gains In Performance
2025-01-11,39,Friday Night Heartbreaker,Jon Pardi,39,17,Gains In Performance
2025-01-11,40,Country House,Sam Hunt,40,20,Gains In Performance
2025-01-11,41,What Kinda Man,Parker McCollum,42,16,Gains In Performance
2025-01-11,42,Everything I Need,Chayce Beckham,43,30,Gains In Performance
2025-01-11,43,Bones,Russell Dickerson,44,18,Gains In Performance
2025-01-11,44,Fix What You Didn't Break,Nate Smith,48,8,Gains In Performance
2025-01-11,45,Country Song Came On,Luke Bryan,47,7,Gains In Performance
2025-01-11,46,Relapse,Warren Zeiders,45,10,Gains In Performance
2025-01-11,47,Truck Still Works,Brad Paisley,49,14,Gains In Performance
2025-01-11,48,This Heart,Corey Kent,50,28,Gains In Performance
2025-01-11,49,Devil You Know,Tyler Braden,51,23,Gains In Performance
2025-01-11,50,Highway,Shaboozey,55,5,Gains In Performance
2025-01-11,51,Would If I Could,ERNEST,54,7,Gains In Performance
2025-01-11,52,Over When We're Sober,Brantley Gilbert Featuring Ashley Cooke,53,21,Gains In Performance
2025-01-11,53,Darlin',Chase Matthew,52,5,Gains In Performance
2025-01-11,54,Smile,Morgan Wallen,NEW,1,Highest ranking debut|Gains In Performance
2025-01-11,55,Better Than You,Joe Nichols / Annie Bosko,57,7,Gains In Performance
2025-01-11,56,Golden Child,Meghan Patrick,58,4,Gains In Performance
2025-01-11,57,Weren't For The Wind,Ella Langley,NEW,1,Gains In Performance
2025-01-11,58,I Could Be That Rain,Randall King,56,6,Gains In Performance
2025-01-11,59,Time's Ticking,Justin Moore,RE,2,Gains In Performance
2025-01-11,60,Worst Way,Riley Green,60,4,Gains In Performance
2025-01-18,1,High Road,Koe Wetzel & Jessie Murph,1,26,
2025-01-18,2,Boys Back Home,Dylan Marlowe & Dylan Scott,4,53,Greatest gainer this week|Gains In Performance
2025-01-18,3,Love Somebody,Morgan Wallen,3,12,Gains In Performance
2025-01-18,4,Wind Up Missin' You,Tucker Wetmore,2,33,
2025-01-18,5,A Bar Song (Tipsy),Shaboozey,5,37,
2025-01-18,6,Pour Me A Drink,Post Malone Featuring Blake Shelton,7,29,
2025-01-18,7,I Am Not Okay,Jelly Roll,6,31,
2025-01-18,8,Bigger Houses,Dan + Shay,9,49,Gains In Performance
2025-01-18,9,Cowboy Songs,George Birge,8,45,
2025-01-18,10,I Ain't Sayin',Jordan Davis,10,25,Gains In Performance
2025-01-18,11,Guy For That,Post Malone Featuring Luke Combs,11,25,Gains In Performance
2025-01-18,12,4x4xU,Lainey Wilson,12,19,Gains In Performance
2025-01-18,13,Liar,Jelly Roll,13,9,Gains In Performance
2025-01-18,14,Damn Good Day To Leave,Riley Green,14,43,Gains In Performance
2025-01-18,15,Think I'm In Love With You,Chris Stapleton,15,47,Gains In Performance
2025-01-18,16,I'm Gonna Love You,Cody Johnson & Carrie Underwood,17,15,Gains In Performance
2025-01-18,17,This Town's Been Too Good To Us,Dylan Scott,16,44,Gains In Performance
2025-01-18,18,Hometown Home,LoCash,18,32,Gains In Performance
2025-01-18,19,Texas,Blake Shelton,21,8,Gains In Performance
2025-01-18,20,Forever To Me,Cole Swindell,19,39,Gains In Performance
2025-01-18,21,Friends Like That,John Morgan Featuring Jason Aldean,20,38,Gains In Performance
2025-01-18,22,I Never Lie,Zach Top,23,13,Gains In Performance
2025-01-18,23,Holy Smokes,Bailey Zimmerman,24,30,Gains In Performance
2025-01-18,24,Am I Okay?,Megan Moroney,25,21,Gains In Performance
2025-01-18,25,Tough People,Drew Baldridge,26,10,Gains In Performance
2025-01-18,26,Just To Say We Did,Kenny Chesney,27,26,Gains In Performance
2025-01-18,27,Whiskey Drink,Jason Aldean,28,24,Gains In Performance
2025-01-18,28,Coming Home,Old Dominion,29,28,Gains In Performance
2025-01-18,29,Cowboys Cry Too,Kelsea Ballerini & Noah Kahan,33,29,Gains In Performance
2025-01-18,30,Life With You,Kelsey Hart,31,41,
2025-01-18,31,Whatcha See Is Whatcha Get,Chris Janson,32,44,Gains In Performance
2025-01-18,32,Backseat Driver,Kane Brown,30,10,
2025-01-18,33,Truck On Fire,Carly Pearce,34,24,
2025-01-18,34,Single Again,Josh Ross,35,41,Gains In Performance
2025-01-18,35,Heavens To Betsy,Jackson Dean,36,16,Gains In Performance
2025-01-18,36,Park,Tyler Hubbard,37,18,Gains In Performance
2025-01-18,37,Fall Of Summer,Scotty McCreery,38,31,Gains In Performance
2025-01-18,38,Friday Night Heartbreaker,Jon Pardi,39,18,Gains In Performance
2025-01-18,39,Country House,Sam Hunt,40,21,Gains In Performance
2025-01-18,40,Smile,Morgan Wallen,54,2,Gains In Performance
2025-01-18,41,Cowgirl,Parmalee,NEW,1,Highest ranking debut|Gains In Performance
2025-01-18,42,Everything I Need,Chayce Beckham,42,31,Gains In Performance
2025-01-18,43,What Kinda Man,Parker McCollum,41,17,Gains In Performance
2025-01-18,44,Bones,Russell Dickerson,43,19,Gains In Performance
2025-01-18,45,Fix What You Didn't Break,Nate Smith,44,9,Gains In Performance
2025-01-18,46,Country Song Came On,Luke Bryan,45,8,Gains In Performance
2025-01-18,47,Relapse,Warren Zeiders,46,11,Gains In Performance
2025-01-18,48,Truck Still Works,Brad Paisley,47,15,Gains In Performance
2025-01-18,49,This Heart,Corey Kent,48,29,Gains In Performance
2025-01-18,50,Highway,Shaboozey,50,6,Gains In Performance
2025-01-18,51,Would If I Could,ERNEST,51,8,Gains In Performance
2025-01-18,52,Devil You Know,Tyler Braden,49,24,
2025-01-18,53,Over When We're Sober,Brantley Gilbert Featuring Ashley Cooke,52,22,Gains In Performance
2025-01-18,54,Weren't For The Wind,Ella Langley,57,2,Gains In Performance
2025-01-18,55,Darlin',Chase Matthew,53,6,Gains In Performance
2025-01-18,56,Better Than You,Joe Nichols / Annie Bosko,55,8,Gains In Performance
2025-01-18,57,Time's Ticking,Justin Moore,59,3,Gains In Performance
2025-01-18,58,Golden Child,Meghan Patrick,56,5,Gains In Performance
2025-01-18,59,I Could Be That Rain,Randall King,58,7,Gains In Performance
2025-01-18,60,Worst Way,Riley Green,60,5,Gains In Performance
2025-01-25,1,High Road,Koe Wetzel & Jessie Murph,1,27,
2025-01-25,2,Love Somebody,Morgan Wallen,3,13,Gains In Performance
2025-01-25,3,Boys Back Home,Dylan Marlowe & Dylan Scott,2,54,
2025-01-25,4,Bigger Houses,Dan + Shay,8,50,Greatest gainer this week|Gains In Performance
2025-01-25,5,A Bar Song (Tipsy),Shaboozey,5,38,
2025-01-25,6,Pour Me A Drink,Post Malone Featuring Blake Shelton,6,30,
2025-01-25,7,I Ain't Sayin',Jordan Davis,10,26,Gains In Performance
2025-01-25,8,Liar,Jelly Roll,13,10,Gains In Performance
2025-01-25,9,Guy For That,Post Malone Featuring Luke Combs,11,26,Gains In Performance
2025-01-25,10,4x4xU,Lainey Wilson,12,20,Gains In Performance
2025-01-25,11,Damn Good Day To Leave,Riley Green,14,44,Gains In Performance
2025-01-25,12,Think I'm In Love With You,Chris Stapleton,15,48,Gains In Performance
2025-01-25,13,I'm Gonna Love You,Cody Johnson & Carrie Underwood,16,16,Gains In Performance
2025-01-25,14,This Town's Been Too Good To Us,Dylan Scott,17,45,Gains In Performance
2025-01-25,15,Texas,Blake Shelton,19,9,Gains In Performance
2025-01-25,16,Hometown Home,LoCash,18,33,Gains In Performance
2025-01-25,17,Forever To Me,Cole Swindell,20,40,Gains In Performance
2025-01-25,18,Friends Like That,John Morgan Featuring Jason Aldean,21,39,Gains In Performance
2025-01-25,19,I Never Lie,Zach Top,22,14,Gains In Performance
2025-01-25,20,Am I Okay?,Megan Moroney,24,22,Gains In Performance
2025-01-25,21,Holy Smokes,Bailey Zimmerman,23,31,Gains In Performance
2025-01-25,22,Tough People,Drew Baldridge,25,11,Gains In Performance
2025-01-25,23,Just To Say We Did,Kenny Chesney,26,27,Gains In Performance
2025-01-25,24,Coming Home,Old Dominion,28,29,Gains In Performance
2025-01-25,25,Whiskey Drink,Jason Aldean,27,25,Gains In Performance
2025-01-25,26,Backseat Driver,Kane Brown,32,11,Gains In Performance
2025-01-25,27,Cowboys Cry Too,Kelsea Ballerini & Noah Kahan,29,30,Gains In Performance
2025-01-25,28,Whatcha See Is Whatcha Get,Chris Janson,31,45,Gains In Performance
2025-01-25,29,Life With You,Kelsey Hart,30,42,
2025-01-25,30,Truck On Fire,Carly Pearce,33,25,Gains In Performance
2025-01-25,31,Single Again,Josh Ross,34,42,Gains In Performance
2025-01-25,32,Park,Tyler Hubbard,36,19,Gains In Performance
2025-01-25,33,Fall Of Summer,Scotty McCreery,37,32,Gains In Performance
2025-01-25,34,Country House,Sam Hunt,39,22,Gains In Performance
2025-01-25,35,Heavens To Betsy,Jackson Dean,35,17,
2025-01-25,36,Friday Night Heartbreaker,Jon Pardi,38,19,Gains In Performance
2025-01-25,37,Smile,Morgan Wallen,40,3,Gains In Performance
2025-01-25,38,Fix What You Didn't Break,Nate Smith,45,10,Gains In Performance
2025-01-25,39,Everything I Need,Chayce Beckham,42,32,Gains In Performance
2025-01-25,40,What Kinda Man,Parker McCollum,43,18,Gains In Performance
2025-01-25,41,Weren't For The Wind,Ella Langley,54,3,Gains In Performance
2025-01-25,42,Country Song Came On,Luke Bryan,46,9,Gains In Performance
2025-01-25,43,Bones,Russell Dickerson,44,20,
2025-01-25,44,Relapse,Warren Zeiders,47,12,Gains In Performance
2025-01-25,45,This Heart,Corey Kent,49,30,Gains In Performance
2025-01-25,46,Truck Still Works,Brad Paisley,48,16,Gains In Performance
2025-01-25,47,Straight Line,Keith Urban,NEW,1,Highest ranking debut|Gains In Performance
2025-01-25,48,Would If I Could,ERNEST,51,9,Gains In Performance
2025-01-25,49,Highway,Shaboozey,50,7,
2025-01-25,50,Over When We're Sober,Brantley Gilbert Featuring Ashley Cooke,53,23,
2025-01-25,51,Devil You Know,Tyler Braden,52,25,
2025-01-25,52,Better Than You,Joe Nichols / Annie Bosko,56,9,Gains In Performance
2025-01-25,53,Darlin',Chase Matthew,55,7,
2025-01-25,54,Worst Way,Riley Green,60,6,Gains In Performance
2025-01-25,55,Golden Child,Meghan Patrick,58,6,Gains In Performance
2025-01-25,56,Time's Ticking,Justin Moore,57,4,
2025-01-25,57,10-90,Muscadine Bloodline,NEW,1,Gains In Performance
2025-01-25,58,I Could Be That Rain,Randall King,59,8,
2025-01-25,59,Wolves Cry,Bryan Martin,RE,2,
2025-01-25,60,Cowgirl,Parmalee,41,2,
2025-02-01,1,Love Somebody,Morgan Wallen,2,14,Gains In Performance
2025-02-01,2,High Road,Koe Wetzel & Jessie Murph,1,28,
2025-02-01,3,Boys Back Home,Dylan Marlowe & Dylan Scott,3,55,
2025-02-01,4,Liar,Jelly Roll,8,11,Greatest gainer this week|Gains In Performance
2025-02-01,5,I Ain't Sayin',Jordan Davis,7,27,Gains In Performance
2025-02-01,6,A Bar Song (Tipsy),Shaboozey,5,39,
2025-02-01,7,4x4xU,Lainey Wilson,10,21,Gains In Performance
2025-02-01,8,Guy For That,Post Malone Featuring Luke Combs,9,27,Gains In Performance
2025-02-01,9,Bigger Houses,Dan + Shay,4,51,
2025-02-01,10,Damn Good Day To Leave,Riley Green,11,45,Gains In Performance
2025-02-01,11,This Town's Been Too Good To Us,Dylan Scott,14,46,Gains In Performance
2025-02-01,12,I'm Gonna Love You,Cody Johnson & Carrie Underwood,13,17,Gains In Performance
2025-02-01,13,Think I'm In Love With You,Chris Stapleton,12,49,Gains In Performance
2025-02-01,14,Texas,Blake Shelton,15,10,Gains In Performance
2025-02-01,15,Hometown Home,LoCash,16,34,Gains In Performance
2025-02-01,16,Friends Like That,John Morgan Featuring Jason Aldean,18,40,Gains In Performance
2025-02-01,17,Forever To Me,Cole Swindell,17,41,Gains In Performance
2025-02-01,18,I Never Lie,Zach Top,19,15,Gains In Performance
2025-02-01,19,Am I Okay?,Megan Moroney,20,23,Gains In Performance
2025-02-01,20,Tough People,Drew Baldridge,22,12,Gains In Performance
2025-02-01,21,Holy Smokes,Bailey Zimmerman,21,32,Gains In Performance
2025-02-01,22,Just To Say We Did,Kenny Chesney,23,28,Gains In Performance
2025-02-01,23,Coming Home,Old Dominion,24,30,Gains In Performance
2025-02-01,24,Whiskey Drink,Jason Aldean,25,26,Gains In Performance
2025-02-01,25,Backseat Driver,Kane Brown,26,12,Gains In Performance
2025-02-01,26,Cowboys Cry Too,Kelsea Ballerini & Noah Kahan,27,31,Gains In Performance
2025-02-01,27,Truck On Fire,Carly Pearce,30,26,Gains In Performance
2025-02-01,28,Life With You,Kelsey Hart,29,43,Gains In Performance
2025-02-01,29,Whatcha See Is Whatcha Get,Chris Janson,28,46,
2025-02-01,30,Single Again,Josh Ross,31,43,Gains In Performance
2025-02-01,31,Weren't For The Wind,Ella Langley,41,4,Gains In Performance
2025-02-01,32,Park,Tyler Hubbard,32,20,Gains In Performance
2025-02-01,33,Fall Of Summer,Scotty McCreery,33,33,Gains In Performance
2025-02-01,34,Country House,Sam Hunt,34,23,Gains In Performance
2025-02-01,35,Smile,Morgan Wallen,37,4,Gains In Performance
2025-02-01,36,Heavens To Betsy,Jackson Dean,35,18,Gains In Performance
2025-02-01,37,Friday Night Heartbreaker,Jon Pardi,36,20,Gains In Performance
2025-02-01,38,Fix What You Didn't Break,Nate Smith,38,11,Gains In Performance
2025-02-01,39,What Kinda Man,Parker McCollum,40,19,Gains In Performance
2025-02-01,40,Straight Line,Keith Urban,47,2,Gains In Performance
2025-02-01,41,Everything I Need,Chayce Beckham,39,33,Gains In Performance
2025-02-01,42,Country Song Came On,Luke Bryan,42,10,Gains In Performance
2025-02-01,43,This Heart,Corey Kent,45,31,Gains In Performance
2025-02-01,44,Bones,Russell Dickerson,43,21,Gains In Performance
2025-02-01,45,Relapse,Warren Zeiders,44,13,Gains In Performance
2025-02-01,46,Would If I Could,ERNEST,48,10,Gains In Performance
2025-02-01,47,Over When We're Sober,Brantley Gilbert Featuring Ashley Cooke,50,24,Gains In Performance
2025-02-01,48,Truck Still Works,Brad Paisley,46,17,
2025-02-01,49,Highway,Shaboozey,49,8,
2025-02-01,50,Better Than You,Joe Nichols / Annie Bosko,52,10,Gains In Performance
2025-02-01,51,Darlin',Chase Matthew,53,8,Gains In Performance
2025-02-01,52,Worst Way,Riley Green,54,7,Gains In Performance
2025-02-01,53,Golden Child,Meghan Patrick,55,7,Gains In Performance
2025-02-01,54,Devil You Know,Tyler Braden,51,26,
2025-02-01,55,Time's Ticking,Justin Moore,56,5,Gains In Performance
2025-02-01,56,Cowgirl,Parmalee,60,3,Gains In Performance
2025-02-01,57,10-90,Muscadine Bloodline,57,2,Gains In Performance
2025-02-01,58,I Could Be That Rain,Randall King,58,9,Gains In Performance
2025-02-01,59,Wolves Cry,Bryan Martin,59,3,Gains In Performance
2025-02-01,60,Hung Up On You,Bryce Leatherwood,NEW,1,Highest ranking debut|Gains In Performance
2025-02-08,1,Love Somebody,Morgan Wallen,1,15,Gains In Performance
2025-02-08,2,High Road,Koe Wetzel & Jessie Murph,2,29,
2025-02-08,3,Liar,Jelly Roll,4,12,Greatest gainer this week|Gains In Performance
2025-02-08,4,I Ain't Sayin',Jordan Davis,5,28,Gains In Performance
2025-02-08,5,4x4xU,Lainey Wilson,7,22,Gains In Performance
2025-02-08,6,Boys Back Home,Dylan Marlowe & Dylan Scott,3,56,
2025-02-08,7,A Bar Song (Tipsy),Shaboozey,6,40,
2025-02-08,8,Guy For That,Post Malone Featuring Luke Combs,8,28,
2025-02-08,9,I'm Gonna Love You,Cody Johnson & Carrie Underwood,12,18,Gains In Performance
2025-02-08,10,This Town's Been Too Good To Us,Dylan Scott,11,47,Gains In Performance
2025-02-08,11,Texas,Blake Shelton,14,11,Gains In Performance
2025-02-08,12,Hometown Home,LoCash,15,35,Gains In Performance
2025-02-08,13,Think I'm In Love With You,Chris Stapleton,13,50,Gains In Performance
2025-02-08,14,I Never Lie,Zach Top,18,16,Gains In Performance
2025-02-08,15,Forever To Me,Cole Swindell,17,42,Gains In Performance
2025-02-08,16,Friends Like That,John Morgan Featuring Jason Aldean,16,41,Gains In Performance
2025-02-08,17,Holy Smokes,Bailey Zimmerman,21,33,Gains In Performance
2025-02-08,18,Am I Okay?,Megan Moroney,19,24,Gains In Performance
2025-02-08,19,Just To Say We Did,Kenny Chesney,22,29,Gains In Performance
2025-02-08,20,Tough People,Drew Baldridge,20,13,Gains In Performance
2025-02-08,21,Coming Home,Old Dominion,23,31,Gains In Performance
2025-02-08,22,Backseat Driver,Kane Brown,25,13,Gains In Performance
2025-02-08,23,Whiskey Drink,Jason Aldean,24,27,Gains In Performance
2025-02-08,24,Cowboys Cry Too,Kelsea Ballerini & Noah Kahan,26,32,
2025-02-08,25,Truck On Fire,Carly Pearce,27,27,Gains In Performance
2025-02-08,26,Weren't For The Wind,Ella Langley,31,5,Gains In Performance
2025-02-08,27,Single Again,Josh Ross,30,44,Gains In Performance
2025-02-08,28,Life With You,Kelsey Hart,28,44,Gains In Performance
2025-02-08,29,Park,Tyler Hubbard,32,21,Gains In Performance
2025-02-08,30,Whatcha See Is Whatcha Get,Chris Janson,29,47,
2025-02-08,31,Smile,Morgan Wallen,35,5,Gains In Performance
2025-02-08,32,Fall Of Summer,Scotty McCreery,33,34,Gains In Performance
2025-02-08,33,Country House,Sam Hunt,34,24,Gains In Performance
2025-02-08,34,Heavens To Betsy,Jackson Dean,36,19,Gains In Performance
2025-02-08,35,Friday Night Heartbreaker,Jon Pardi,37,21,Gains In Performance
2025-02-08,36,Fix What You Didn't Break,Nate Smith,38,12,Gains In Performance
2025-02-08,37,Straight Line,Keith Urban,40,3,Gains In Performance
2025-02-08,38,This Heart,Corey Kent,43,32,Gains In Performance
2025-02-08,39,What Kinda Man,Parker McCollum,39,20,Gains In Performance
2025-02-08,40,Country Song Came On,Luke Bryan,42,11,Gains In Performance
2025-02-08,41,Everything I Need,Chayce Beckham,41,34,Gains In Performance
2025-02-08,42,Bones,Russell Dickerson,44,22,Gains In Performance
2025-02-08,43,Relapse,Warren Zeiders,45,14,Gains In Performance
2025-02-08,44,Truck Still Works,Brad Paisley,48,18,Gains In Performance
2025-02-08,45,Would If I Could,ERNEST,46,11,Gains In Performance
2025-02-08,46,Over When We're Sober,Brantley Gilbert Featuring Ashley Cooke,47,25,
2025-02-08,47,Worst Way,Riley Green,52,8,Gains In Performance
2025-02-08,48,10-90,Muscadine Bloodline,57,3,Gains In Performance
2025-02-08,49,Better Than You,Joe Nichols / Annie Bosko,50,11,Gains In Performance
2025-02-08,50,Cowgirl,Parmalee,56,4,Gains In Performance
2025-02-08,51,Darlin',Chase Matthew,51,9,
2025-02-08,52,Devil You Know,Tyler Braden,54,27,Gains In Performance
2025-02-08,53,Time's Ticking,Justin Moore,55,6,
2025-02-08,54,Golden Child,Meghan Patrick,53,8,
2025-02-08,55,Good News,Shaboozey,NEW,1,Highest ranking debut|Gains In Performance
2025-02-08,56,I Could Be That Rain,Randall King,58,10,Gains In Performance
2025-02-08,57,Wolves Cry,Bryan Martin,59,4,Gains In Performance
2025-02-08,58,It Won't Be Long,George Birge,NEW,1,Gains In Performance
2025-02-08,59,Just Like Johnny,Redferrin,NEW,1,Gains In Performance
2025-02-08,60,Indigo,Sam Barber Featuring Avery Anna,NEW,1,Gains In Performance
2025-02-15,1,Love Somebody,Morgan Wallen,1,16,
2025-02-15,2,Liar,Jelly Roll,3,13,Gains In Performance
2025-02-15,3,High Road,Koe Wetzel & Jessie Murph,2,30,
2025-02-15,4,I Ain't Sayin',Jordan Davis,4,29,Gains In Performance
2025-02-15,5,4x4xU,Lainey Wilson,5,23,Gains In Performance
2025-02-15,6,A Bar Song (Tipsy),Shaboozey,7,41,
2025-02-15,7,Boys Back Home,Dylan Marlowe & Dylan Scott,6,57,
2025-02-15,8,Guy For That,Post Malone Featuring Luke Combs,8,29,
2025-02-15,9,I'm Gonna Love You,Cody Johnson & Carrie Underwood,9,19,Gains In Performance
2025-02-15,10,This Town's Been Too Good To Us,Dylan Scott,10,48,
2025-02-15,11,Hometown Home,LoCash,12,36,Gains In Performance
2025-02-15,12,Forever To Me,Cole Swindell,15,43,Gains In Performance
2025-02-15,13,Texas,Blake Shelton,11,12,Gains In Performance
2025-02-15,14,I Never Lie,Zach Top,14,17,Gains In Performance
2025-02-15,15,Think I'm In Love With You,Chris Stapleton,13,51,
2025-02-15,16,Friends Like That,John Morgan Featuring Jason Aldean,16,42,Gains In Performance
2025-02-15,17,Holy Smokes,Bailey Zimmerman,17,34,Gains In Performance
2025-02-15,18,Am I Okay?,Megan Moroney,18,25,Gains In Performance
2025-02-15,19,I'm The Problem,Morgan Wallen,NEW,1,Highest ranking debut|Gains In Performance
2025-02-15,20,Tough People,Drew Baldridge,20,14,Gains In Performance
2025-02-15,21,Just To Say We Did,Kenny Chesney,19,30,Gains In Performance
2025-02-15,22,Whiskey Drink,Jason Aldean,23,28,Gains In Performance
2025-02-15,23,Coming Home,Old Dominion,21,32,Gains In Performance
2025-02-15,24,I Dare You,Rascal Flatts & Jonas Brothers,NEW,1,Gains In Performance
2025-02-15,25,Backseat Driver,Kane Brown,22,14,
2025-02-15,26,Weren't For The Wind,Ella Langley,26,6,Gains In Performance
2025-02-15,27,Cowboys Cry Too,Kelsea Ballerini & Noah Kahan,24,33,Gains In Performance
2025-02-15,28,Truck On Fire,Carly Pearce,25,28,Gains In Performance
2025-02-15,29,Park,Tyler Hubbard,29,22,Gains In Performance
2025-02-15,30,Single Again,Josh Ross,27,45,Gains In Performance
2025-02-15,31,Life With You,Kelsey Hart,28,45,Gains In Performance
2025-02-15,32,Fall Of Summer,Scotty McCreery,32,35,Gains In Performance
2025-02-15,33,Friday Night Heartbreaker,Jon Pardi,35,22,Gains In Performance
2025-02-15,34,Country House,Sam Hunt,33,25,Gains In Performance
2025-02-15,35,Heavens To Betsy,Jackson Dean,34,20,Gains In Performance
2025-02-15,36,Fix What You Didn't Break,Nate Smith,36,13,Gains In Performance
2025-02-15,37,Straight Line,Keith Urban,37,4,Gains In Performance
2025-02-15,38,This Heart,Corey Kent,38,33,Gains In Performance
2025-02-15,39,What Kinda Man,Parker McCollum,39,21,Gains In Performance
2025-02-15,40,Country Song Came On,Luke Bryan,40,12,Gains In Performance
2025-02-15,41,Everything I Need,Chayce Beckham,41,35,Gains In Performance
2025-02-15,42,Smile,Morgan Wallen,31,6,
2025-02-15,43,Bones,Russell Dickerson,42,23,Gains In Performance
2025-02-15,44,Relapse,Warren Zeiders,43,15,
2025-02-15,45,Worst Way,Riley Green,47,9,Gains In Performance
2025-02-15,46,Would If I Could,ERNEST,45,12,Gains In Performance
2025-02-15,47,Cowgirl,Parmalee,50,5,Gains In Performance
2025-02-15,48,Truck Still Works,Brad Paisley,44,19,
2025-02-15,49,Over When We're Sober,Brantley Gilbert Featuring Ashley Cooke,46,26,
2025-02-15,50,Good News,Shaboozey,55,2,Gains In Performance
2025-02-15,51,10-90,Muscadine Bloodline,48,4,Gains In Performance
2025-02-15,52,Better Than You,Joe Nichols / Annie Bosko,49,12,Gains In Performance
2025-02-15,53,Darlin',Chase Matthew,51,10,Gains In Performance
2025-02-15,54,Time's Ticking,Justin Moore,53,7,Gains In Performance
2025-02-15,55,Devil You Know,Tyler Braden,52,28,
2025-02-15,56,Golden Child,Meghan Patrick,54,9,
2025-02-15,57,Indigo,Sam Barber Featuring Avery Anna,60,2,Gains In Performance
2025-02-15,58,It Won't Be Long,George Birge,58,2,Gains In Performance
2025-02-15,59,I Could Be That Rain,Randall King,56,11,
2025-02-15,60,Wolves Cry,Bryan Martin,57,5,
2025-02-22,1,Liar,Jelly Roll,2,14,Gains In Performance
2025-02-22,2,Love Somebody,Morgan Wallen,1,17,
2025-02-22,3,High Road,Koe Wetzel & Jessie Murph,3,31,
2025-02-22,4,4x4xU,Lainey Wilson,5,24,Greatest gainer this week|Gains In Performance
2025-02-22,5,I Ain't Sayin',Jordan Davis,4,30,Gains In Performance
2025-02-22,6,A Bar Song (Tipsy),Shaboozey,6,42,
2025-02-22,7,I'm Gonna Love You,Cody Johnson & Carrie Underwood,9,20,Gains In Performance
2025-02-22,8,Guy For That,Post Malone Featuring Luke Combs,8,30,Gains In Performance
2025-02-22,9,Hometown Home,LoCash,11,37,Gains In Performance
2025-02-22,10,This Town's Been Too Good To Us,Dylan Scott,10,49,Gains In Performance
2025-02-22,11,Forever To Me,Cole Swindell,12,44,Gains In Performance
2025-02-22,12,I Never Lie,Zach Top,14,18,Gains In Performance
2025-02-22,13,Texas,Blake Shelton,13,13,
2025-02-22,14,Friends Like That,John Morgan Featuring Jason Aldean,16,43,Gains In Performance
2025-02-22,15,Holy Smokes,Bailey Zimmerman,17,35,Gains In Performance
2025-02-22,16,Am I Okay?,Megan Moroney,18,26,Gains In Performance
2025-02-22,17,Tough People,Drew Baldridge,20,15,Gains In Performance
2025-02-22,18,Just To Say We Did,Kenny Chesney,21,31,
2025-02-22,19,Whiskey Drink,Jason Aldean,22,29,Gains In Performance
2025-02-22,20,I'm The Problem,Morgan Wallen,19,2,
2025-02-22,21,Coming Home,Old Dominion,23,33,Gains In Performance
2025-02-22,22,Backseat Driver,Kane Brown,25,15,Gains In Performance
2025-02-22,23,Weren't For The Wind,Ella Langley,26,7,Gains In Performance
2025-02-22,24,Cowboys Cry Too,Kelsea Ballerini & Noah Kahan,27,34,Gains In Performance
2025-02-22,25,Truck On Fire,Carly Pearce,28,29,Gains In Performance
2025-02-22,26,Park,Tyler Hubbard,29,23,Gains In Performance
2025-02-22,27,Single Again,Josh Ross,30,46,Gains In Performance
2025-02-22,28,Life With You,Kelsey Hart,31,46,
2025-02-22,29,Fall Of Summer,Scotty McCreery,32,36,Gains In Performance
2025-02-22,30,Country House,Sam Hunt,34,26,Gains In Performance
2025-02-22,31,This Heart,Corey Kent,38,34,Gains In Performance
2025-02-22,32,Friday Night Heartbreaker,Jon Pardi,33,23,
2025-02-22,33,Fix What You Didn't Break,Nate Smith,36,14,
2025-02-22,34,Straight Line,Keith Urban,37,5,
2025-02-22,35,Heavens To Betsy,Jackson Dean,35,21,
2025-02-22,36,Country Song Came On,Luke Bryan,40,13,Gains In Performance
2025-02-22,37,What Kinda Man,Parker McCollum,39,22,
2025-02-22,38,I Dare You,Rascal Flatts & Jonas Brothers,24,2,
2025-02-22,39,Everything I Need,Chayce Beckham,41,36,Gains In Performance
2025-02-22,40,Worst Way,Riley Green,45,10,Gains In Performance
2025-02-22,41,Bones,Russell Dickerson,43,24,
2025-02-22,42,Good News,Shaboozey,50,3,Gains In Performance
2025-02-22,43,Relapse,Warren Zeiders,44,16,
2025-02-22,44,Would If I Could,ERNEST,46,13,
2025-02-22,45,Smile,Morgan Wallen,42,7,
2025-02-22,46,Better Than You,Joe Nichols / Annie Bosko,52,13,Gains In Performance
2025-02-22,47,10-90,Muscadine Bloodline,51,5,
2025-02-22,48,Darlin',Chase Matthew,53,11,
2025-02-22,49,Truck Still Works,Brad Paisley,48,20,
2025-02-22,50,Time's Ticking,Justin Moore,54,8,Gains In Performance
2025-02-22,51,Cowgirl,Parmalee,47,6,
2025-02-22,52,Indigo,Sam Barber Featuring Avery Anna,57,3,Gains In Performance
2025-02-22,53,Over When We're Sober,Brantley Gilbert Featuring Ashley Cooke,49,27,
2025-02-22,54,Golden Child,Meghan Patrick,56,10,Gains In Performance
2025-02-22,55,Devil You Know,Tyler Braden,55,29,
2025-02-22,56,It Won't Be Long,George Birge,58,3,Gains In Performance
2025-02-22,57,Wolves Cry,Bryan Martin,60,6,Gains In Performance
2025-02-22,58,I Could Be That Rain,Randall King,59,12,
2025-02-22,59,Hung Up On You,Bryce Leatherwood,RE,2,Gains In Performance
2025-02-22,60,Better Me For You (Brown Eyes),Max McNown,NEW,1,Highest ranking debut|Gains In Performance
2025-03-01,1,Liar,Jelly Roll,1,15,Gains In Performance
2025-03-01,2,Love Somebody,Morgan Wallen,2,18,
2025-03-01,3,High Road,Koe Wetzel & Jessie Murph,3,32,
2025-03-01,4,I Ain't Sayin',Jordan Davis,5,31,Gains In Performance
2025-03-01,5,Guy For That,Post Malone Featuring Luke Combs,8,31,Gains In Performance
2025-03-01,6,I'm Gonna Love You,Cody Johnson & Carrie Underwood,7,21,Gains In Performance
2025-03-01,7,Hometown Home,LoCash,9,38,Gains In Performance
2025-03-01,8,4x4xU,Lainey Wilson,4,25,
2025-03-01,9,This Town's Been Too Good To Us,Dylan Scott,10,50,Gains In Performance
2025-03-01,10,Forever To Me,Cole Swindell,11,45,Gains In Performance
2025-03-01,11,Texas,Blake Shelton,13,14,Gains In Performance
2025-03-01,12,I Never Lie,Zach Top,12,19,Gains In Performance
2025-03-01,13,Friends Like That,John Morgan Featuring Jason Aldean,14,44,Gains In Performance
2025-03-01,14,I'm The Problem,Morgan Wallen,20,3,Gains In Performance
2025-03-01,15,Holy Smokes,Bailey Zimmerman,15,36,Gains In Performance
2025-03-01,16,Am I Okay?,Megan Moroney,16,27,Gains In Performance
2025-03-01,17,Tough People,Drew Baldridge,17,16,Gains In Performance
2025-03-01,18,Just To Say We Did,Kenny Chesney,18,32,Gains In Performance
2025-03-01,19,Whiskey Drink,Jason Aldean,19,30,Gains In Performance
2025-03-01,20,Coming Home,Old Dominion,21,34,Gains In Performance
2025-03-01,21,Backseat Driver,Kane Brown,22,16,Gains In Performance
2025-03-01,22,Weren't For The Wind,Ella Langley,23,8,Gains In Performance
2025-03-01,23,She Hates Me,Dierks Bentley,NEW,1,Highest ranking debut|Gains In Performance
2025-03-01,24,Truck On Fire,Carly Pearce,25,30,Gains In Performance
2025-03-01,25,Cowboys Cry Too,Kelsea Ballerini & Noah Kahan,24,35,Gains In Performance
2025-03-01,26,Park,Tyler Hubbard,26,24,Gains In Performance
2025-03-01,27,Single Again,Josh Ross,27,47,Gains In Performance
2025-03-01,28,Life With You,Kelsey Hart,28,47,Gains In Performance
2025-03-01,29,Fall Of Summer,Scotty McCreery,29,37,Gains In Performance
2025-03-01,30,This Heart,Corey Kent,31,35,Gains In Performance
2025-03-01,31,Country House,Sam Hunt,30,27,Gains In Performance
2025-03-01,32,Worst Way,Riley Green,40,11,Gains In Performance
2025-03-01,33,Friday Night Heartbreaker,Jon Pardi,32,24,Gains In Performance
2025-03-01,34,Straight Line,Keith Urban,34,6,Gains In Performance
2025-03-01,35,Fix What You Didn't Break,Nate Smith,33,15,Gains In Performance
2025-03-01,36,What Kinda Man,Parker McCollum,37,23,Gains In Performance
2025-03-01,37,Country Song Came On,Luke Bryan,36,14,Gains In Performance
2025-03-01,38,Heavens To Betsy,Jackson Dean,35,22,
2025-03-01,39,I Dare You,Rascal Flatts & Jonas Brothers,38,3,Gains In Performance
2025-03-01,40,Everything I Need,Chayce Beckham,39,37,Gains In Performance
2025-03-01,41,Good News,Shaboozey,42,4,Gains In Performance
2025-03-01,42,Bones,Russell Dickerson,41,25,
2025-03-01,43,Relapse,Warren Zeiders,43,17,
2025-03-01,44,Would If I Could,ERNEST,44,14,Gains In Performance
2025-03-01,45,10-90,Muscadine Bloodline,47,6,Gains In Performance
2025-03-01,46,Better Than You,Joe Nichols / Annie Bosko,46,14,
2025-03-01,47,After All The Bars Are Closed,Thomas Rhett,NEW,1,Gains In Performance
2025-03-01,48,Truck Still Works,Brad Paisley,49,21,Gains In Performance
2025-03-01,49,Darlin',Chase Matthew,48,12,Gains In Performance
2025-03-01,50,Time's Ticking,Justin Moore,50,9,Gains In Performance
2025-03-01,51,It Won't Be Long,George Birge,56,4,Gains In Performance
2025-03-01,52,Over When We're Sober,Brantley Gilbert Featuring Ashley Cooke,53,28,Gains In Performance
2025-03-01,53,Cowgirl,Parmalee,51,7,
2025-03-01,54,Golden Child,Meghan Patrick,54,11,
2025-03-01,55,Indigo,Sam Barber Featuring Avery Anna,52,4,
2025-03-01,56,I Could Be That Rain,Randall King,58,13,Gains In Performance
2025-03-01,57,Wolves Cry,Bryan Martin,57,7,
2025-03-01,58,Better Me For You (Brown Eyes),Max McNown,60,2,Gains In Performance
2025-03-01,59,Hung Up On You,Bryce Leatherwood,59,3,Gains In Performance
2025-03-01,60,Ends Of The Earth,Ty Myers,NEW,1,Gains In Performance
2025-03-08,1,Liar,Jelly Roll,1,16,Gains In Performance
2025-03-08,2,I Ain't Sayin',Jordan Davis,4,32,Gains In Performance
2025-03-08,3,Love Somebody,Morgan Wallen,2,19,
2025-03-08,4,High Road,Koe Wetzel & Jessie Murph,3,33,
2025-03-08,5,Hometown Home,LoCash,7,39,Greatest gainer this week|Gains In Performance
2025-03-08,6,I'm Gonna Love You,Cody Johnson & Carrie Underwood,6,22,Gains In Performance
2025-03-08,7,Guy For That,Post Malone Featuring Luke Combs,5,32,
2025-03-08,8,This Town's Been Too Good To Us,Dylan Scott,9,51,Gains In Performance
2025-03-08,9,Forever To Me,Cole Swindell,10,46,Gains In Performance
2025-03-08,10,I Never Lie,Zach Top,12,20,Gains In Performance
2025-03-08,11,Texas,Blake Shelton,11,15,Gains In Performance
2025-03-08,12,Friends Like That,John Morgan Featuring Jason Aldean,13,45,Gains In Performance
2025-03-08,13,I'm The Problem,Morgan Wallen,14,4,Gains In Performance
2025-03-08,14,Holy Smokes,Bailey Zimmerman,15,37,Gains In Performance
2025-03-08,15,Am I Okay?,Megan Moroney,16,28,Gains In Performance
2025-03-08,16,Tough People,Drew Baldridge,17,17,Gains In Performance
2025-03-08,17,Whiskey Drink,Jason Aldean,19,31,Gains In Performance
2025-03-08,18,Just To Say We Did,Kenny Chesney,18,33,Gains In Performance
2025-03-08,19,Backseat Driver,Kane Brown,21,17,Gains In Performance
2025-03-08,20,Coming Home,Old Dominion,20,35,Gains In Performance
2025-03-08,21,Weren't For The Wind,Ella Langley,22,9,Gains In Performance
2025-03-08,22,Truck On Fire,Carly Pearce,24,31,Gains In Performance
2025-03-08,23,Park,Tyler Hubbard,26,25,Gains In Performance
2025-03-08,24,Single Again,Josh Ross,27,48,Gains In Performance
2025-03-08,25,Cowboys Cry Too,Kelsea Ballerini & Noah Kahan,25,36,Gains In Performance
2025-03-08,26,Worst Way,Riley Green,32,12,Gains In Performance
2025-03-08,27,Life With You,Kelsey Hart,28,48,Gains In Performance
2025-03-08,28,This Heart,Corey Kent,30,36,Gains In Performance
2025-03-08,29,Fall Of Summer,Scotty McCreery,29,38,Gains In Performance
2025-03-08,30,Country House,Sam Hunt,31,28,Gains In Performance
2025-03-08,31,Fix What You Didn't Break,Nate Smith,35,16,Gains In Performance
2025-03-08,32,Friday Night Heartbreaker,Jon Pardi,33,25,Gains In Performance
2025-03-08,33,Straight Line,Keith Urban,34,7,Gains In Performance
2025-03-08,34,Heavens To Betsy,Jackson Dean,38,23,Gains In Performance
2025-03-08,35,Country Song Came On,Luke Bryan,37,15,Gains In Performance
2025-03-08,36,What Kinda Man,Parker McCollum,36,24,Gains In Performance
2025-03-08,37,I Dare You,Rascal Flatts & Jonas Brothers,39,4,Gains In Performance
2025-03-08,38,Everything I Need,Chayce Beckham,40,38,Gains In Performance
2025-03-08,39,Good News,Shaboozey,41,5,Gains In Performance
2025-03-08,40,Bones,Russell Dickerson,42,26,Gains In Performance
2025-03-08,41,After All The Bars Are Closed,Thomas Rhett,47,2,Gains In Performance
2025-03-08,42,Relapse,Warren Zeiders,43,18,Gains In Performance
2025-03-08,43,Would If I Could,ERNEST,44,15,Gains In Performance
2025-03-08,44,She Hates Me,Dierks Bentley,23,2,
2025-03-08,45,It Won't Be Long,George Birge,51,5,Gains In Performance
2025-03-08,46,Better Than You,Joe Nichols / Annie Bosko,46,15,Gains In Performance
2025-03-08,47,10-90,Muscadine Bloodline,45,7,
2025-03-08,48,Truck Still Works,Brad Paisley,48,22,Gains In Performance
2025-03-08,49,Time's Ticking,Justin Moore,50,10,
2025-03-08,50,Darlin',Chase Matthew,49,13,
2025-03-08,51,Cowgirl,Parmalee,53,8,Gains In Performance
2025-03-08,52,Golden Child,Meghan Patrick,54,12,Gains In Performance
2025-03-08,53,Indigo,Sam Barber Featuring Avery Anna,55,5,Gains In Performance
2025-03-08,54,I Could Be That Rain,Randall King,56,14,Gains In Performance
2025-03-08,55,Wolves Cry,Bryan Martin,57,8,Gains In Performance
2025-03-08,56,Better Me For You (Brown Eyes),Max McNown,58,3,Gains In Performance
2025-03-08,57,Hung Up On You,Bryce Leatherwood,59,4,Gains In Performance
2025-03-08,58,Just Like Johnny,Redferrin,RE,2,Gains In Performance
2025-03-08,59,Ends Of The Earth,Ty Myers,60,2,
2025-03-08,60,If I Die Before You,Chris Lane,NEW,1,Highest ranking debut|Gains In Performance
2025-03-15,1,Liar,Jelly Roll,1,17,Gains In Performance
2025-03-15,2,Love Somebody,Morgan Wallen,3,20,
2025-03-15,3,I Ain't Sayin',Jordan Davis,2,33,
2025-03-15,4,High Road,Koe Wetzel & Jessie Murph,4,34,
2025-03-15,5,Hometown Home,LoCash,5,40,Greatest gainer this week|Gains In Performance
2025-03-15,6,I'm Gonna Love You,Cody Johnson & Carrie Underwood,6,23,Gains In Performance
2025-03-15,7,This Town's Been Too Good To Us,Dylan Scott,8,52,Gains In Performance
2025-03-15,8,Forever To Me,Cole Swindell,9,47,Gains In Performance
2025-03-15,9,I Never Lie,Zach Top,10,21,Gains In Performance
2025-03-15,10,Friends Like That,John Morgan Featuring Jason Aldean,12,46,Gains In Performance
2025-03-15,11,Texas,Blake Shelton,11,16,Gains In Performance
2025-03-15,12,I'm The Problem,Morgan Wallen,13,5,Gains In Performance
2025-03-15,13,Holy Smokes,Bailey Zimmerman,14,38,Gains In Performance
2025-03-15,14,Whiskey Drink,Jason Aldean,17,32,Gains In Performance
2025-03-15,15,Am I Okay?,Megan Moroney,15,29,Gains In Performance
2025-03-15,16,Tough People,Drew Baldridge,16,18,Gains In Performance
2025-03-15,17,Just To Say We Did,Kenny Chesney,18,34,
2025-03-15,18,Backseat Driver,Kane Brown,19,18,Gains In Performance
2025-03-15,19,Coming Home,Old Dominion,20,36,Gains In Performance
2025-03-15,20,Weren't For The Wind,Ella Langley,21,10,Gains In Performance
2025-03-15,21,Truck On Fire,Carly Pearce,22,32,Gains In Performance
2025-03-15,22,Park,Tyler Hubbard,23,26,Gains In Performance
2025-03-15,23,Single Again,Josh Ross,24,49,Gains In Performance
2025-03-15,24,Worst Way,Riley Green,26,13,Gains In Performance
2025-03-15,25,Cowboys Cry Too,Kelsea Ballerini & Noah Kahan,25,37,Gains In Performance
2025-03-15,26,This Heart,Corey Kent,28,37,Gains In Performance
2025-03-15,27,Fall Of Summer,Scotty McCreery,29,39,Gains In Performance
2025-03-15,28,Life With You,Kelsey Hart,27,49,Gains In Performance
2025-03-15,29,Country House,Sam Hunt,30,29,Gains In Performance
2025-03-15,30,Friday Night Heartbreaker,Jon Pardi,32,26,Gains In Performance
2025-03-15,31,Fix What You Didn't Break,Nate Smith,31,17,Gains In Performance
2025-03-15,32,Heavens To Betsy,Jackson Dean,34,24,Gains In Performance
2025-03-15,33,Straight Line,Keith Urban,33,8,Gains In Performance
2025-03-15,34,Country Song Came On,Luke Bryan,35,16,Gains In Performance
2025-03-15,35,What Kinda Man,Parker McCollum,36,25,Gains In Performance
2025-03-15,36,Everything I Need,Chayce Beckham,38,39,Gains In Performance
2025-03-15,37,I Dare You,Rascal Flatts & Jonas Brothers,37,5,Gains In Performance
2025-03-15,38,Good News,Shaboozey,39,6,Gains In Performance
2025-03-15,39,After All The Bars Are Closed,Thomas Rhett,41,3,Gains In Performance
2025-03-15,40,She Hates Me,Dierks Bentley,44,3,Gains In Performance
2025-03-15,41,Relapse,Warren Zeiders,42,19,
2025-03-15,42,Bones,Russell Dickerson,40,27,
2025-03-15,43,Would If I Could,ERNEST,43,16,Gains In Performance
2025-03-15,44,It Won't Be Long,George Birge,45,6,
2025-03-15,45,10-90,Muscadine Bloodline,47,8,Gains In Performance
2025-03-15,46,Better Than You,Joe Nichols / Annie Bosko,46,16,
2025-03-15,47,Indigo,Sam Barber Featuring Avery Anna,53,6,Gains In Performance
2025-03-15,48,Truck Still Works,Brad Paisley,48,23,Gains In Performance
2025-03-15,49,Time's Ticking,Justin Moore,49,11,Gains In Performance
2025-03-15,50,Cowgirl,Parmalee,51,9,Gains In Performance
2025-03-15,51,Darlin',Chase Matthew,50,14,
2025-03-15,52,Golden Child,Meghan Patrick,52,13,
2025-03-15,53,Wolves Cry,Bryan Martin,55,9,Gains In Performance
2025-03-15,54,Better Me For You (Brown Eyes),Max McNown,56,4,Gains In Performance
2025-03-15,55,Ends Of The Earth,Ty Myers,59,3,Gains In Performance
2025-03-15,56,Hung Up On You,Bryce Leatherwood,57,5,Gains In Performance
2025-03-15,57,I Could Be That Rain,Randall King,54,15,
2025-03-15,58,Run,Miranda Lambert,NEW,1,Highest ranking debut|Gains In Performance
2025-03-15,59,Wish You Well,Vincent Mason,NEW,1,Gains In Performance
2025-03-15,60,Forever From Here,Tigirlily Gold,NEW,1,Gains In Performance
2025-03-22,1,Liar,Jelly Roll,1,18,
2025-03-22,2,Hometown Home,LoCash,5,41,Gains In Performance
2025-03-22,3,I'm Gonna Love You,Cody Johnson & Carrie Underwood,6,24,Greatest gainer this week|Gains In Performance
2025-03-22,4,Love Somebody,Morgan Wallen,2,21,
2025-03-22,5,This Town's Been Too Good To Us,Dylan Scott,7,53,Gains In Performance
2025-03-22,6,High Road,Koe Wetzel & Jessie Murph,4,35,
2025-03-22,7,Forever To Me,Cole Swindell,8,48,Gains In Performance
2025-03-22,8,I Ain't Sayin',Jordan Davis,3,34,
2025-03-22,9,I Never Lie,Zach Top,9,22,Gains In Performance
2025-03-22,10,Friends Like That,John Morgan Featuring Jason Aldean,10,47,Gains In Performance
2025-03-22,11,I'm The Problem,Morgan Wallen,12,6,Gains In Performance
2025-03-22,12,Texas,Blake Shelton,11,17,Gains In Performance
2025-03-22,13,Whiskey Drink,Jason Aldean,14,33,Gains In Performance
2025-03-22,14,Holy Smokes,Bailey Zimmerman,13,39,Gains In Performance
2025-03-22,15,Am I Okay?,Megan Moroney,15,30,Gains In Performance
2025-03-22,16,Tough People,Drew Baldridge,16,19,Gains In Performance
2025-03-22,17,Just To Say We Did,Kenny Chesney,17,35,Gains In Performance
2025-03-22,18,Backseat Driver,Kane Brown,18,19,Gains In Performance
2025-03-22,19,Coming Home,Old Dominion,19,37,Gains In Performance
2025-03-22,20,Weren't For The Wind,Ella Langley,20,11,Gains In Performance
2025-03-22,21,Single Again,Josh Ross,23,50,Gains In Performance
2025-03-22,22,Park,Tyler Hubbard,22,27,Gains In Performance
2025-03-22,23,Truck On Fire,Carly Pearce,21,33,Gains In Performance
2025-03-22,24,Worst Way,Riley Green,24,14,Gains In Performance
2025-03-22,25,This Heart,Corey Kent,26,38,Gains In Performance
2025-03-22,26,Cowboys Cry Too,Kelsea Ballerini & Noah Kahan,25,38,
2025-03-22,27,Life With You,Kelsey Hart,28,50,Gains In Performance
2025-03-22,28,Fall Of Summer,Scotty McCreery,27,40,
2025-03-22,29,Country House,Sam Hunt,29,30,
2025-03-22,30,Fix What You Didn't Break,Nate Smith,31,18,Gains In Performance
2025-03-22,31,Friday Night Heartbreaker,Jon Pardi,30,27,Gains In Performance
2025-03-22,32,Heavens To Betsy,Jackson Dean,32,25,Gains In Performance
2025-03-22,33,Country Song Came On,Luke Bryan,34,17,Gains In Performance
2025-03-22,34,Good News,Shaboozey,38,7,Gains In Performance
2025-03-22,35,What Kinda Man,Parker McCollum,35,26,Gains In Performance
2025-03-22,36,Everything I Need,Chayce Beckham,36,40,Gains In Performance
2025-03-22,37,I Dare You,Rascal Flatts & Jonas Brothers,37,6,Gains In Performance
2025-03-22,38,She Hates Me,Dierks Bentley,40,4,Gains In Performance
2025-03-22,39,After All The Bars Are Closed,Thomas Rhett,39,4,Gains In Performance
2025-03-22,40,Straight Line,Keith Urban,33,9,
2025-03-22,41,Relapse,Warren Zeiders,41,20,Gains In Performance
2025-03-22,42,It Won't Be Long,George Birge,44,7,Gains In Performance
2025-03-22,43,Would If I Could,ERNEST,43,17,Gains In Performance
2025-03-22,44,10-90,Muscadine Bloodline,45,9,Gains In Performance
2025-03-22,45,Indigo,Sam Barber Featuring Avery Anna,47,7,Gains In Performance
2025-03-22,46,Cowgirl,Parmalee,50,10,Gains In Performance
2025-03-22,47,Better Than You,Joe Nichols / Annie Bosko,46,17,
2025-03-22,48,Time's Ticking,Justin Moore,49,12,Gains In Performance
2025-03-22,49,"3,2,1",Tucker Wetmore,NEW,1,Highest ranking debut|Gains In Performance
2025-03-22,50,Truck Still Works,Brad Paisley,48,24,
2025-03-22,51,Darlin',Chase Matthew,51,15,Gains In Performance
2025-03-22,52,Golden Child,Meghan Patrick,52,14,Gains In Performance
2025-03-22,53,Wolves Cry,Bryan Martin,53,10,
2025-03-22,54,Ends Of The Earth,Ty Myers,55,4,Gains In Performance
2025-03-22,55,Better Me For You (Brown Eyes),Max McNown,54,5,
2025-03-22,56,Hung Up On You,Bryce Leatherwood,56,6,Gains In Performance
2025-03-22,57,House Again,Hudson Westbrook,NEW,1,Gains In Performance
2025-03-22,58,Wish You Well,Vincent Mason,59,2,Gains In Performance
2025-03-22,59,Cry,Lee Brice,NEW,1,Gains In Performance
2025-03-22,60,I Could Be That Rain,Randall King,57,16,
2025-03-29,1,Liar,Jelly Roll,1,19,
2025-03-29,2,Hometown Home,LoCash,2,42,Gains In Performance
2025-03-29,3,I'm Gonna Love You,Cody Johnson & Carrie Underwood,3,25,Gains In Performance
2025-03-29,4,This Town's Been Too Good To Us,Dylan Scott,5,54,Gains In Performance
2025-03-29,5,Love Somebody,Morgan Wallen,4,22,
2025-03-29,6,High Road,Koe Wetzel & Jessie Murph,6,36,
2025-03-29,7,Forever To Me,Cole Swindell,7,49,Gains In Performance
2025-03-29,8,Friends Like That,John Morgan Featuring Jason Aldean,10,48,Gains In Performance
2025-03-29,9,I'm The Problem,Morgan Wallen,11,7,Gains In Performance
2025-03-29,10,I Never Lie,Zach Top,9,23,Gains In Performance
2025-03-29,11,Texas,Blake Shelton,12,18,Gains In Performance
2025-03-29,12,Whiskey Drink,Jason Aldean,13,34,Gains In Performance
2025-03-29,13,Holy Smokes,Bailey Zimmerman,14,40,Gains In Performance
2025-03-29,14,Am I Okay?,Megan Moroney,15,31,Gains In Performance
2025-03-29,15,Tough People,Drew Baldridge,16,20,
2025-03-29,16,Backseat Driver,Kane Brown,18,20,Gains In Performance
2025-03-29,17,Just To Say We Did,Kenny Chesney,17,36,Gains In Performance
2025-03-29,18,Weren't For The Wind,Ella Langley,20,12,Gains In Performance
2025-03-29,19,Coming Home,Old Dominion,19,38,
2025-03-29,20,Single Again,Josh Ross,21,51,Gains In Performance
2025-03-29,21,Park,Tyler Hubbard,22,28,Gains In Performance
2025-03-29,22,Worst Way,Riley Green,24,15,Gains In Performance
2025-03-29,23,Truck On Fire,Carly Pearce,23,34,Gains In Performance
2025-03-29,24,This Heart,Corey Kent,25,39,Gains In Performance
2025-03-29,25,Hands Of Time,Eric Church,NEW,1,Highest ranking debut|Gains In Performance
2025-03-29,26,Country House,Sam Hunt,29,31,Gains In Performance
2025-03-29,27,Cowboys Cry Too,Kelsea Ballerini & Noah Kahan,26,39,
2025-03-29,28,Life With You,Kelsey Hart,27,51,Gains In Performance
2025-03-29,29,Fall Of Summer,Scotty McCreery,28,41,
2025-03-29,30,Fix What You Didn't Break,Nate Smith,30,19,Gains In Performance
2025-03-29,31,Friday Night Heartbreaker,Jon Pardi,31,28,Gains In Performance
2025-03-29,32,Heavens To Betsy,Jackson Dean,32,26,Gains In Performance
2025-03-29,33,Country Song Came On,Luke Bryan,33,18,Gains In Performance
2025-03-29,34,Good News,Shaboozey,34,8,Gains In Performance
2025-03-29,35,What Kinda Man,Parker McCollum,35,27,Gains In Performance
2025-03-29,36,Everything I Need,Chayce Beckham,36,41,Gains In Performance
2025-03-29,37,I Dare You,Rascal Flatts & Jonas Brothers,37,7,Gains In Performance
2025-03-29,38,She Hates Me,Dierks Bentley,38,5,Gains In Performance
2025-03-29,39,After All The Bars Are Closed,Thomas Rhett,39,5,Gains In Performance
2025-03-29,40,Relapse,Warren Zeiders,41,21,Gains In Performance
2025-03-29,41,Straight Line,Keith Urban,40,10,
2025-03-29,42,Run,Miranda Lambert,RE,2,Gains In Performance
2025-03-29,43,Would If I Could,ERNEST,43,18,Gains In Performance
2025-03-29,44,"3,2,1",Tucker Wetmore,49,2,Gains In Performance
2025-03-29,45,It Won't Be Long,George Birge,42,8,
2025-03-29,46,Indigo,Sam Barber Featuring Avery Anna,45,8,Gains In Performance
2025-03-29,47,10-90,Muscadine Bloodline,44,10,
2025-03-29,48,Happen To Me,Russell Dickerson,NEW,1,Gains In Performance
2025-03-29,49,Cowgirl,Parmalee,46,11,Gains In Performance
2025-03-29,50,Better Than You,Joe Nichols / Annie Bosko,47,18,Gains In Performance
2025-03-29,51,Darlin',Chase Matthew,51,16,Gains In Performance
2025-03-29,52,Time's Ticking,Justin Moore,48,13,Gains In Performance
2025-03-29,53,Truck Still Works,Brad Paisley,50,25,Gains In Performance
2025-03-29,54,Golden Child,Meghan Patrick,52,15,Gains In Performance
2025-03-29,55,Wolves Cry,Bryan Martin,53,11,Gains In Performance
2025-03-29,56,Wish You Well,Vincent Mason,58,3,Gains In Performance
2025-03-29,57,Better Me For You (Brown Eyes),Max McNown,55,6,
2025-03-29,58,Forever From Here,Tigirlily Gold,RE,2,Gains In Performance
2025-03-29,59,Ends Of The Earth,Ty Myers,54,5,
2025-03-29,60,Hung Up On You,Bryce Leatherwood,56,7,
2025-04-05,1,This Town's Been Too Good To Us,Dylan Scott,4,55,Greatest gainer this week|Gains In Performance
2025-04-05,2,Hometown Home,LoCash,2,43,Gains In Performance
2025-04-05,3,Liar,Jelly Roll,1,20,
2025-04-05,4,Love Somebody,Morgan Wallen,5,23,
2025-04-05,5,I'm The Problem,Morgan Wallen,9,8,Gains In Performance
2025-04-05,6,Forever To Me,Cole Swindell,7,50,Gains In Performance
2025-04-05,7,High Road,Koe Wetzel & Jessie Murph,6,37,
2025-04-05,8,Friends Like That,John Morgan Featuring Jason Aldean,8,49,Gains In Performance
2025-04-05,9,I Never Lie,Zach Top,10,24,Gains In Performance
2025-04-05,10,Texas,Blake Shelton,11,19,Gains In Performance
2025-04-05,11,Whiskey Drink,Jason Aldean,12,35,Gains In Performance
2025-04-05,12,Holy Smokes,Bailey Zimmerman,13,41,Gains In Performance
2025-04-05,13,I'm Gonna Love You,Cody Johnson & Carrie Underwood,3,26,
2025-04-05,14,Am I Okay?,Megan Moroney,14,32,Gains In Performance
2025-04-05,15,Tough People,Drew Baldridge,15,21,Gains In Performance
2025-04-05,16,Backseat Driver,Kane Brown,16,21,Gains In Performance
2025-04-05,17,Just To Say We Did,Kenny Chesney,17,37,Gains In Performance
2025-04-05,18,Coming Home,Old Dominion,19,39,Gains In Performance
2025-04-05,19,Weren't For The Wind,Ella Langley,18,13,Gains In Performance
2025-04-05,20,Single Again,Josh Ross,20,52,Gains In Performance
2025-04-05,21,Park,Tyler Hubbard,21,29,Gains In Performance
2025-04-05,22,Worst Way,Riley Green,22,16,Gains In Performance
2025-04-05,23,This Heart,Corey Kent,24,40,Gains In Performance
2025-04-05,24,Truck On Fire,Carly Pearce,23,35,Gains In Performance
2025-04-05,25,Country House,Sam Hunt,26,32,Gains In Performance
2025-04-05,26,Cowboys Cry Too,Kelsea Ballerini & Noah Kahan,27,40,
2025-04-05,27,Life With You,Kelsey Hart,28,52,
2025-04-05,28,Fix What You Didn't Break,Nate Smith,30,20,Gains In Performance
2025-04-05,29,Fall Of Summer,Scotty McCreery,29,42,
2025-04-05,30,Friday Night Heartbreaker,Jon Pardi,31,29,Gains In Performance
2025-04-05,31,Good News,Shaboozey,34,9,Gains In Performance
2025-04-05,32,Heavens To Betsy,Jackson Dean,32,27,Gains In Performance
2025-04-05,33,Country Song Came On,Luke Bryan,33,19,Gains In Performance
2025-04-05,34,What Kinda Man,Parker McCollum,35,28,Gains In Performance
2025-04-05,35,After All The Bars Are Closed,Thomas Rhett,39,6,Gains In Performance
2025-04-05,36,Everything I Need,Chayce Beckham,36,42,Gains In Performance
2025-04-05,37,I Dare You,Rascal Flatts & Jonas Brothers,37,8,Gains In Performance
2025-04-05,38,I'm A Little Crazy,Morgan Wallen,NEW,1,Highest ranking debut|Gains In Performance
2025-04-05,39,Hands Of Time,Eric Church,25,2,
2025-04-05,40,She Hates Me,Dierks Bentley,38,6,
2025-04-05,41,Run,Miranda Lambert,42,3,Gains In Performance
2025-04-05,42,Just In Case,Morgan Wallen,NEW,1,Gains In Performance
2025-04-05,43,Straight Line,Keith Urban,41,11,Gains In Performance
2025-04-05,44,Relapse,Warren Zeiders,40,22,Gains In Performance
2025-04-05,45,Happen To Me,Russell Dickerson,48,2,Gains In Performance
2025-04-05,46,"3,2,1",Tucker Wetmore,44,3,Gains In Performance
2025-04-05,47,Would If I Could,ERNEST,43,19,Gains In Performance
2025-04-05,48,It Won't Be Long,George Birge,45,9,Gains In Performance
2025-04-05,49,Indigo,Sam Barber Featuring Avery Anna,46,9,Gains In Performance
2025-04-05,50,Better Than You,Joe Nichols / Annie Bosko,50,19,Gains In Performance
2025-04-05,51,Cowgirl,Parmalee,49,12,Gains In Performance
2025-04-05,52,Time's Ticking,Justin Moore,52,14,Gains In Performance
2025-04-05,53,Darlin',Chase Matthew,51,17,Gains In Performance
2025-04-05,54,10-90,Muscadine Bloodline,47,11,
2025-04-05,55,Golden Child,Meghan Patrick,54,16,
2025-04-05,56,Wolves Cry,Bryan Martin,55,12,Gains In Performance
2025-04-05,57,Bar None,Jordan Davis,NEW,1,Gains In Performance
2025-04-05,58,Cry,Lee Brice,RE,2,Gains In Performance
2025-04-05,59,Better Me For You (Brown Eyes),Max McNown,57,7,Gains In Performance
2025-04-05,60,Forever From Here,Tigirlily Gold,58,3,Gains In Performance
2025-04-12,1,Hometown Home,LoCash,2,44,Gains In Performance
2025-04-12,2,Liar,Jelly Roll,3,21,
2025-04-12,3,This Town's Been Too Good To Us,Dylan Scott,1,56,
2025-04-12,4,I'm The Problem,Morgan Wallen,5,9,Greatest gainer this week|Gains In Performance
2025-04-12,5,Friends Like That,John Morgan Featuring Jason Aldean,8,50,Gains In Performance
2025-04-12,6,Love Somebody,Morgan Wallen,4,24,
2025-04-12,7,Forever To Me,Cole Swindell,6,51,Gains In Performance
2025-04-12,8,High Road,Koe Wetzel & Jessie Murph,7,38,
2025-04-12,9,I Never Lie,Zach Top,9,25,Gains In Performance
2025-04-12,10,Texas,Blake Shelton,10,20,Gains In Performance
2025-04-12,11,Whiskey Drink,Jason Aldean,11,36,Gains In Performance
2025-04-12,12,Holy Smokes,Bailey Zimmerman,12,42,Gains In Performance
2025-04-12,13,Am I Okay?,Megan Moroney,14,33,Gains In Performance
2025-04-12,14,Tough People,Drew Baldridge,15,22,Gains In Performance
2025-04-12,15,Backseat Driver,Kane Brown,16,22,Gains In Performance
2025-04-12,16,Just To Say We Did,Kenny Chesney,17,38,Gains In Performance
2025-04-12,17,Weren't For The Wind,Ella Langley,19,14,Gains In Performance
2025-04-12,18,Coming Home,Old Dominion,18,40,Gains In Performance
2025-04-12,19,Worst Way,Riley Green,22,17,Gains In Performance
2025-04-12,20,Single Again,Josh Ross,20,53,Gains In Performance
2025-04-12,21,This Heart,Corey Kent,23,41,Gains In Performance
2025-04-12,22,Park,Tyler Hubbard,21,30,Gains In Performance
2025-04-12,23,Country House,Sam Hunt,25,33,Gains In Performance
2025-04-12,24,Truck On Fire,Carly Pearce,24,36,Gains In Performance
2025-04-12,25,Fix What You Didn't Break,Nate Smith,28,21,Gains In Performance
2025-04-12,26,Life With You,Kelsey Hart,27,53,Gains In Performance
2025-04-12,27,Friday Night Heartbreaker,Jon Pardi,30,30,Gains In Performance
2025-04-12,28,Good News,Shaboozey,31,10,Gains In Performance
2025-04-12,29,Country Song Came On,Luke Bryan,33,20,Gains In Performance
2025-04-12,30,Heavens To Betsy,Jackson Dean,32,28,Gains In Performance
2025-04-12,31,After All The Bars Are Closed,Thomas Rhett,35,7,Gains In Performance
2025-04-12,32,What Kinda Man,Parker McCollum,34,29,Gains In Performance
2025-04-12,33,Hands Of Time,Eric Church,39,3,Gains In Performance
2025-04-12,34,I Dare You,Rascal Flatts & Jonas Brothers,37,9,Gains In Performance
2025-04-12,35,She Hates Me,Dierks Bentley,40,7,Gains In Performance
2025-04-12,36,Straight Line,Keith Urban,43,12,Gains In Performance
2025-04-12,37,Happen To Me,Russell Dickerson,45,3,Gains In Performance
2025-04-12,38,Run,Miranda Lambert,41,4,Gains In Performance
2025-04-12,39,Relapse,Warren Zeiders,44,23,
2025-04-12,40,Til The Last One Dies,Chris Young,NEW,1,Highest ranking debut|Gains In Performance
2025-04-12,41,Would If I Could,ERNEST,47,20,Gains In Performance
2025-04-12,42,"3,2,1",Tucker Wetmore,46,4,Gains In Performance
2025-04-12,43,It Won't Be Long,George Birge,48,10,Gains In Performance
2025-04-12,44,Bar None,Jordan Davis,57,2,Gains In Performance
2025-04-12,45,Indigo,Sam Barber Featuring Avery Anna,49,10,Gains In Performance
2025-04-12,46,Darlin',Chase Matthew,53,18,Gains In Performance
2025-04-12,47,Cowgirl,Parmalee,51,13,Gains In Performance
2025-04-12,48,Time's Ticking,Justin Moore,52,15,Gains In Performance
2025-04-12,49,Better Than You,Joe Nichols / Annie Bosko,50,20,
2025-04-12,50,Golden Child,Meghan Patrick,55,17,Gains In Performance
2025-04-12,51,Just In Case,Morgan Wallen,42,2,
2025-04-12,52,10-90,Muscadine Bloodline,54,12,
2025-04-12,53,Heart Of Stone,Jelly Roll,NEW,1,Gains In Performance
2025-04-12,54,House Again,Hudson Westbrook,RE,2,Gains In Performance
2025-04-12,55,Cry,Lee Brice,58,3,Gains In Performance
2025-04-12,56,Wolves Cry,Bryan Martin,56,13,Gains In Performance
2025-04-12,57,Wish You Well,Vincent Mason,RE,4,Gains In Performance
2025-04-12,58,Forever From Here,Tigirlily Gold,60,4,Gains In Performance
2025-04-12,59,Not At This Party,Dasha,NEW,1,Gains In Performance
2025-04-12,60,Better Me For You (Brown Eyes),Max McNown,59,8,
2025-04-19,1,Hometown Home,LoCash,1,45,
2025-04-19,2,I'm The Problem,Morgan Wallen,4,10,Gains In Performance
2025-04-19,3,Liar,Jelly Roll,2,22,
2025-04-19,4,Friends Like That,John Morgan Featuring Jason Aldean,5,51,Gains In Performance
2025-04-19,5,Forever To Me,Cole Swindell,7,52,Gains In Performance
2025-04-19,6,Love Somebody,Morgan Wallen,6,25,
2025-04-19,7,I Never Lie,Zach Top,9,26,Gains In Performance
2025-04-19,8,Whiskey Drink,Jason Aldean,11,37,Gains In Performance
2025-04-19,9,Texas,Blake Shelton,10,21,Gains In Performance
2025-04-19,10,Am I Okay?,Megan Moroney,13,34,Gains In Performance
2025-04-19,11,Holy Smokes,Bailey Zimmerman,12,43,Gains In Performance
2025-04-19,12,Backseat Driver,Kane Brown,15,23,Gains In Performance
2025-04-19,13,Tough People,Drew Baldridge,14,23,Gains In Performance
2025-04-19,14,Weren't For The Wind,Ella Langley,17,15,Gains In Performance
2025-04-19,15,Worst Way,Riley Green,19,18,Gains In Performance
2025-04-19,16,Coming Home,Old Dominion,18,41,Gains In Performance
2025-04-19,17,Park,Tyler Hubbard,22,31,Gains In Performance
2025-04-19,18,Single Again,Josh Ross,20,54,Gains In Performance
2025-04-19,19,This Heart,Corey Kent,21,42,Gains In Performance
2025-04-19,20,Country House,Sam Hunt,23,34,Gains In Performance
2025-04-19,21,Just To Say We Did,Kenny Chesney,16,39,
2025-04-19,22,Truck On Fire,Carly Pearce,24,37,Gains In Performance
2025-04-19,23,Fix What You Didn't Break,Nate Smith,25,22,Gains In Performance
2025-04-19,24,Friday Night Heartbreaker,Jon Pardi,27,31,Gains In Performance
2025-04-19,25,Good News,Shaboozey,28,11,Gains In Performance
2025-04-19,26,After All The Bars Are Closed,Thomas Rhett,31,8,Gains In Performance
2025-04-19,27,Life With You,Kelsey Hart,26,54,
2025-04-19,28,Heavens To Betsy,Jackson Dean,30,29,Gains In Performance
2025-04-19,29,Country Song Came On,Luke Bryan,29,21,Gains In Performance
2025-04-19,30,Just In Case,Morgan Wallen,51,3,Greatest gainer this week|Gains In Performance
2025-04-19,31,Hands Of Time,Eric Church,33,4,Gains In Performance
2025-04-19,32,What Kinda Man,Parker McCollum,32,30,Gains In Performance
2025-04-19,33,I Dare You,Rascal Flatts & Jonas Brothers,34,10,Gains In Performance
2025-04-19,34,Straight Line,Keith Urban,36,13,Gains In Performance
2025-04-19,35,Happen To Me,Russell Dickerson,37,4,Gains In Performance
2025-04-19,36,She Hates Me,Dierks Bentley,35,8,Gains In Performance
2025-04-19,37,Bar None,Jordan Davis,44,3,Gains In Performance
2025-04-19,38,Run,Miranda Lambert,38,5,Gains In Performance
2025-04-19,39,"3,2,1",Tucker Wetmore,42,5,Gains In Performance
2025-04-19,40,Relapse,Warren Zeiders,39,24,
2025-04-19,41,Drink With You,Brett Young,NEW,1,Highest ranking debut|Gains In Performance
2025-04-19,42,Heart Of Stone,Jelly Roll,53,2,Gains In Performance
2025-04-19,43,Would If I Could,ERNEST,41,21,Gains In Performance
2025-04-19,44,Cowgirl,Parmalee,47,14,Gains In Performance
2025-04-19,45,It Won't Be Long,George Birge,43,11,Gains In Performance
2025-04-19,46,Indigo,Sam Barber Featuring Avery Anna,45,11,Gains In Performance
2025-04-19,47,Darlin',Chase Matthew,46,19,Gains In Performance
2025-04-19,48,Better Than You,Joe Nichols / Annie Bosko,49,21,Gains In Performance
2025-04-19,49,Time's Ticking,Justin Moore,48,16,Gains In Performance
2025-04-19,50,Golden Child,Meghan Patrick,50,18,
2025-04-19,51,House Again,Hudson Westbrook,54,3,Gains In Performance
2025-04-19,52,Not At This Party,Dasha,59,2,Gains In Performance
2025-04-19,53,Wolves Cry,Bryan Martin,56,14,Gains In Performance
2025-04-19,54,Cry,Lee Brice,55,4,
2025-04-19,55,10-90,Muscadine Bloodline,52,13,
2025-04-19,56,Wish You Well,Vincent Mason,57,5,
2025-04-19,57,Forever From Here,Tigirlily Gold,58,5,Gains In Performance
2025-04-19,58,Better Me For You (Brown Eyes),Max McNown,60,9,Gains In Performance
2025-04-19,59,If I Die Before You,Chris Lane,RE,2,Gains In Performance
2025-04-19,60,Ends Of The Earth,Ty Myers,RE,6,Gains In Performance
2025-04-26,1,I'm The Problem,Morgan Wallen,2,11,Gains In Performance
2025-04-26,2,Friends Like That,John Morgan Featuring Jason Aldean,4,52,Greatest gainer this week|Gains In Performance
2025-04-26,3,Hometown Home,LoCash,1,46,
2025-04-26,4,Liar,Jelly Roll,3,23,
2025-04-26,5,Forever To Me,Cole Swindell,5,53,Gains In Performance
2025-04-26,6,Whiskey Drink,Jason Aldean,8,38,Gains In Performance
2025-04-26,7,I Never Lie,Zach Top,7,27,Gains In Performance
2025-04-26,8,Texas,Blake Shelton,9,22,Gains In Performance
2025-04-26,9,Am I Okay?,Megan Moroney,10,35,Gains In Performance
2025-04-26,10,Holy Smokes,Bailey Zimmerman,11,44,Gains In Performance
2025-04-26,11,Backseat Driver,Kane Brown,12,24,Gains In Performance
2025-04-26,12,Tough People,Drew Baldridge,13,24,Gains In Performance
2025-04-26,13,Weren't For The Wind,Ella Langley,14,16,Gains In Performance
2025-04-26,14,Worst Way,Riley Green,15,19,Gains In Performance
2025-04-26,15,Park,Tyler Hubbard,17,32,Gains In Performance
2025-04-26,16,This Heart,Corey Kent,19,43,Gains In Performance
2025-04-26,17,Single Again,Josh Ross,18,55,Gains In Performance
2025-04-26,18,Coming Home,Old Dominion,16,42,Gains In Performance
2025-04-26,19,Country House,Sam Hunt,20,35,Gains In Performance
2025-04-26,20,Fix What You Didn't Break,Nate Smith,23,23,Gains In Performance
2025-04-26,21,Truck On Fire,Carly Pearce,22,38,
2025-04-26,22,Just In Case,Morgan Wallen,30,4,Gains In Performance
2025-04-26,23,Friday Night Heartbreaker,Jon Pardi,24,32,Gains In Performance
2025-04-26,24,After All The Bars Are Closed,Thomas Rhett,26,9,Gains In Performance
2025-04-26,25,Good News,Shaboozey,25,12,Gains In Performance
2025-04-26,26,Life With You,Kelsey Hart,27,55,Gains In Performance
2025-04-26,27,Country Song Came On,Luke Bryan,29,22,Gains In Performance
2025-04-26,28,Heavens To Betsy,Jackson Dean,28,30,
2025-04-26,29,Hands Of Time,Eric Church,31,5,Gains In Performance
2025-04-26,30,I Dare You,Rascal Flatts & Jonas Brothers,33,11,Gains In Performance
2025-04-26,31,What Kinda Man,Parker McCollum,32,31,Gains In Performance
2025-04-26,32,Happen To Me,Russell Dickerson,35,5,Gains In Performance
2025-04-26,33,Bar None,Jordan Davis,37,4,Gains In Performance
2025-04-26,34,Straight Line,Keith Urban,34,14,Gains In Performance
2025-04-26,35,She Hates Me,Dierks Bentley,36,9,Gains In Performance
2025-04-26,36,Run,Miranda Lambert,38,6,Gains In Performance
2025-04-26,37,"3,2,1",Tucker Wetmore,39,6,Gains In Performance
2025-04-26,38,Heart Of Stone,Jelly Roll,42,3,Gains In Performance
2025-04-26,39,Relapse,Warren Zeiders,40,25,Gains In Performance
2025-04-26,40,House Again,Hudson Westbrook,51,4,Gains In Performance
2025-04-26,41,Indigo,Sam Barber Featuring Avery Anna,46,12,Gains In Performance
2025-04-26,42,It Won't Be Long,George Birge,45,12,Gains In Performance
2025-04-26,43,Cowgirl,Parmalee,44,15,
2025-04-26,44,Would If I Could,ERNEST,43,22,
2025-04-26,45,Darlin',Chase Matthew,47,20,Gains In Performance
2025-04-26,46,Favorite Country Song,HARDY,NEW,1,Highest ranking debut|Gains In Performance
2025-04-26,47,Better Than You,Joe Nichols / Annie Bosko,48,22,Gains In Performance
2025-04-26,48,Time's Ticking,Justin Moore,49,17,
2025-04-26,49,Golden Child,Meghan Patrick,50,19,Gains In Performance
2025-04-26,50,Ends Of The Earth,Ty Myers,60,7,Gains In Performance
2025-04-26,51,Not At This Party,Dasha,52,3,
2025-04-26,52,10-90,Muscadine Bloodline,55,14,Gains In Performance
2025-04-26,53,Cry,Lee Brice,54,5,Gains In Performance
2025-04-26,54,Better Me For You (Brown Eyes),Max McNown,58,10,Gains In Performance
2025-04-26,55,Til The Last One Dies,Chris Young,RE,2,Gains In Performance
2025-04-26,56,Wish You Well,Vincent Mason,56,6,Gains In Performance
2025-04-26,57,Forever From Here,Tigirlily Gold,57,6,Gains In Performance
2025-04-26,58,If I Die Before You,Chris Lane,59,3,Gains In Performance
2025-04-26,59,Wolves Cry,Bryan Martin,53,15,
2025-04-26,60,Hard Fought Hallelujah,Brandon Lake X Jelly Roll,NEW,1,Gains In Performance
2025-05-03,1,I'm The Problem,Morgan Wallen,1,12,Gains In Performance
2025-05-03,2,Forever To Me,Cole Swindell,5,54,Greatest gainer this week|Gains In Performance
2025-05-03,3,Friends Like That,John Morgan Featuring Jason Aldean,2,53,
2025-05-03,4,Whiskey Drink,Jason Aldean,6,39,Gains In Performance
2025-05-03,5,Hometown Home,LoCash,3,47,
2025-05-03,6,Liar,Jelly Roll,4,24,
2025-05-03,7,I Never Lie,Zach Top,7,28,Gains In Performance
2025-05-03,8,Texas,Blake Shelton,8,23,Gains In Performance
2025-05-03,9,Am I Okay?,Megan Moroney,9,36,Gains In Performance
2025-05-03,10,Backseat Driver,Kane Brown,11,25,Gains In Performance
2025-05-03,11,Holy Smokes,Bailey Zimmerman,10,45,
2025-05-03,12,Worst Way,Riley Green,14,20,Gains In Performance
2025-05-03,13,Tough People,Drew Baldridge,12,25,Gains In Performance
2025-05-03,14,Weren't For The Wind,Ella Langley,13,17,Gains In Performance
2025-05-03,15,This Heart,Corey Kent,16,44,Gains In Performance
2025-05-03,16,Park,Tyler Hubbard,15,33,Gains In Performance
2025-05-03,17,Coming Home,Old Dominion,18,43,Gains In Performance
2025-05-03,18,Single Again,Josh Ross,17,56,Gains In Performance
2025-05-03,19,Country House,Sam Hunt,19,36,Gains In Performance
2025-05-03,20,Fix What You Didn't Break,Nate Smith,20,24,Gains In Performance
2025-05-03,21,Just In Case,Morgan Wallen,22,5,Gains In Performance
2025-05-03,22,Truck On Fire,Carly Pearce,21,39,Gains In Performance
2025-05-03,23,Country Song Came On,Luke Bryan,27,23,Gains In Performance
2025-05-03,24,Friday Night Heartbreaker,Jon Pardi,23,33,Gains In Performance
2025-05-03,25,After All The Bars Are Closed,Thomas Rhett,24,10,Gains In Performance
2025-05-03,26,Good News,Shaboozey,25,13,Gains In Performance
2025-05-03,27,Heavens To Betsy,Jackson Dean,28,31,Gains In Performance
2025-05-03,28,Happen To Me,Russell Dickerson,32,6,Gains In Performance
2025-05-03,29,Hands Of Time,Eric Church,29,6,Gains In Performance
2025-05-03,30,What Kinda Man,Parker McCollum,31,32,Gains In Performance
2025-05-03,31,I Dare You,Rascal Flatts & Jonas Brothers,30,12,
2025-05-03,32,Bar None,Jordan Davis,33,5,Gains In Performance
2025-05-03,33,Straight Line,Keith Urban,34,15,Gains In Performance
2025-05-03,34,Run,Miranda Lambert,36,7,Gains In Performance
2025-05-03,35,She Hates Me,Dierks Bentley,35,10,Gains In Performance
2025-05-03,36,I Ain't Coming Back,Morgan Wallen Featuring Post Malone,NEW,1,Highest ranking debut|Gains In Performance
2025-05-03,37,House Again,Hudson Westbrook,40,5,Gains In Performance
2025-05-03,38,"3,2,1",Tucker Wetmore,37,7,Gains In Performance
2025-05-03,39,Heart Of Stone,Jelly Roll,38,4,Gains In Performance
2025-05-03,40,Relapse,Warren Zeiders,39,26,
2025-05-03,41,It Won't Be Long,George Birge,42,13,Gains In Performance
2025-05-03,42,Indigo,Sam Barber Featuring Avery Anna,41,13,Gains In Performance
2025-05-03,43,Would If I Could,ERNEST,44,23,Gains In Performance
2025-05-03,44,Darlin',Chase Matthew,45,21,Gains In Performance
2025-05-03,45,Cowgirl,Parmalee,43,16,
2025-05-03,46,Favorite Country Song,HARDY,46,2,
2025-05-03,47,Time's Ticking,Justin Moore,48,18,Gains In Performance
2025-05-03,48,Better Than You,Joe Nichols / Annie Bosko,47,23,
2025-05-03,49,Golden Child,Meghan Patrick,49,20,
2025-05-03,50,Ends Of The Earth,Ty Myers,50,8,Gains In Performance
2025-05-03,51,Not At This Party,Dasha,51,4,Gains In Performance
2025-05-03,52,Better Me For You (Brown Eyes),Max McNown,54,11,Gains In Performance
2025-05-03,53,Cry,Lee Brice,53,6,Gains In Performance
2025-05-03,54,10-90,Muscadine Bloodline,52,15,Gains In Performance
2025-05-03,55,Wish You Well,Vincent Mason,56,7,Gains In Performance
2025-05-03,56,Hard Fought Hallelujah,Brandon Lake X Jelly Roll,60,2,Gains In Performance
2025-05-03,57,Wolves Cry,Bryan Martin,59,16,Gains In Performance
2025-05-03,58,If I Die Before You,Chris Lane,58,4,Gains In Performance
2025-05-03,59,Til The Last One Dies,Chris Young,55,3,
2025-05-03,60,Forever From Here,Tigirlily Gold,57,7,
2025-05-10,1,I'm The Problem,Morgan Wallen,1,13,Gains In Performance
2025-05-10,2,Texas,Blake Shelton,8,24,Greatest gainer this week|Gains In Performance
2025-05-10,3,Whiskey Drink,Jason Aldean,4,40,Gains In Performance
2025-05-10,4,I Never Lie,Zach Top,7,29,Gains In Performance
2025-05-10,5,Liar,Jelly Roll,6,25,
2025-05-10,6,Hometown Home,LoCash,5,48,
2025-05-10,7,Forever To Me,Cole Swindell,2,55,
2025-05-10,8,Am I Okay?,Megan Moroney,9,37,Gains In Performance
2025-05-10,9,Backseat Driver,Kane Brown,10,26,Gains In Performance
2025-05-10,10,Holy Smokes,Bailey Zimmerman,11,46,
2025-05-10,11,Worst Way,Riley Green,12,21,Gains In Performance
2025-05-10,12,This Heart,Corey Kent,15,45,Gains In Performance
2025-05-10,13,Weren't For The Wind,Ella Langley,14,18,Gains In Performance
2025-05-10,14,Country House,Sam Hunt,19,37,Gains In Performance
2025-05-10,15,Tough People,Drew Baldridge,13,26,
2025-05-10,16,Single Again,Josh Ross,18,57,Gains In Performance
2025-05-10,17,Park,Tyler Hubbard,16,34,Gains In Performance
2025-05-10,18,Fix What You Didn't Break,Nate Smith,20,25,Gains In Performance
2025-05-10,19,Just In Case,Morgan Wallen,21,6,Gains In Performance
2025-05-10,20,Country Song Came On,Luke Bryan,23,24,Gains In Performance
2025-05-10,21,Truck On Fire,Carly Pearce,22,40,Gains In Performance
2025-05-10,22,Good News,Shaboozey,26,14,Gains In Performance
2025-05-10,23,After All The Bars Are Closed,Thomas Rhett,25,11,Gains In Performance
2025-05-10,24,Friday Night Heartbreaker,Jon Pardi,24,34,Gains In Performance
2025-05-10,25,Heavens To Betsy,Jackson Dean,27,32,Gains In Performance
2025-05-10,26,Happen To Me,Russell Dickerson,28,7,Gains In Performance
2025-05-10,27,What Kinda Man,Parker McCollum,30,33,Gains In Performance
2025-05-10,28,Hands Of Time,Eric Church,29,7,Gains In Performance
2025-05-10,29,Bar None,Jordan Davis,32,6,Gains In Performance
2025-05-10,30,Straight Line,Keith Urban,33,16,Gains In Performance
2025-05-10,31,I Dare You,Rascal Flatts & Jonas Brothers,31,13,Gains In Performance
2025-05-10,32,Heart Of Stone,Jelly Roll,39,5,Gains In Performance
2025-05-10,33,Me & A Beer,Chris Janson,NEW,1,Highest ranking debut|Gains In Performance
2025-05-10,34,Run,Miranda Lambert,34,8,Gains In Performance
2025-05-10,35,She Hates Me,Dierks Bentley,35,11,Gains In Performance
2025-05-10,36,House Again,Hudson Westbrook,37,6,Gains In Performance
2025-05-10,37,"3,2,1",Tucker Wetmore,38,8,Gains In Performance
2025-05-10,38,Relapse,Warren Zeiders,40,27,Gains In Performance
2025-05-10,39,It Won't Be Long,George Birge,41,14,Gains In Performance
2025-05-10,40,Indigo,Sam Barber Featuring Avery Anna,42,14,Gains In Performance
2025-05-10,41,Would If I Could,ERNEST,43,24,Gains In Performance
2025-05-10,42,Cowgirl,Parmalee,45,17,Gains In Performance
2025-05-10,43,Favorite Country Song,HARDY,46,3,Gains In Performance
2025-05-10,44,Darlin',Chase Matthew,44,22,
2025-05-10,45,Golden Child,Meghan Patrick,49,21,Gains In Performance
2025-05-10,46,Better Than You,Joe Nichols / Annie Bosko,48,24,Gains In Performance
2025-05-10,47,Time's Ticking,Justin Moore,47,19,Gains In Performance
2025-05-10,48,Ends Of The Earth,Ty Myers,50,9,Gains In Performance
2025-05-10,49,I Ain't Coming Back,Morgan Wallen Featuring Post Malone,36,2,
2025-05-10,50,Better Me For You (Brown Eyes),Max McNown,52,12,Gains In Performance
2025-05-10,51,Cry,Lee Brice,53,7,Gains In Performance
2025-05-10,52,Not At This Party,Dasha,51,5,Gains In Performance
2025-05-10,53,Til The Last One Dies,Chris Young,59,4,Gains In Performance
2025-05-10,54,Hard Fought Hallelujah,Brandon Lake X Jelly Roll,56,3,Gains In Performance
2025-05-10,55,The Fall,Cody Johnson,NEW,1,Gains In Performance
2025-05-10,56,Forever From Here,Tigirlily Gold,60,8,Gains In Performance
2025-05-10,57,If I Die Before You,Chris Lane,58,5,Gains In Performance
2025-05-10,58,10-90,Muscadine Bloodline,54,16,
2025-05-10,59,Wish You Well,Vincent Mason,55,8,Gains In Performance
2025-05-10,60,What He'll Never Have,Dylan Scott,NEW,1,Gains In Performance
2025-05-17,1,I'm The Problem,Morgan Wallen,1,14,Gains In Performance
2025-05-17,2,I Never Lie,Zach Top,4,30,Gains In Performance
2025-05-17,3,Whiskey Drink,Jason Aldean,3,41,Gains In Performance
2025-05-17,4,Am I Okay?,Megan Moroney,8,38,Gains In Performance
2025-05-17,5,Hometown Home,LoCash,6,49,
2025-05-17,6,Texas,Blake Shelton,2,25,
2025-05-17,7,Backseat Driver,Kane Brown,9,27,Gains In Performance
2025-05-17,8,Worst Way,Riley Green,11,22,Gains In Performance
2025-05-17,9,This Heart,Corey Kent,12,46,Gains In Performance
2025-05-17,10,Weren't For The Wind,Ella Langley,13,19,Gains In Performance
2025-05-17,11,Single Again,Josh Ross,16,58,Gains In Performance
2025-05-17,12,Country House,Sam Hunt,14,38,Gains In Performance
2025-05-17,13,Tough People,Drew Baldridge,15,27,Gains In Performance
2025-05-17,14,Fix What You Didn't Break,Nate Smith,18,26,Gains In Performance
2025-05-17,15,Park,Tyler Hubbard,17,35,Gains In Performance
2025-05-17,16,Just In Case,Morgan Wallen,19,7,Gains In Performance
2025-05-17,17,Backup Plan,Bailey Zimmerman & Luke Combs,NEW,1,Highest ranking debut|Gains In Performance
2025-05-17,18,Country Song Came On,Luke Bryan,20,25,Gains In Performance
2025-05-17,19,Truck On Fire,Carly Pearce,21,41,Gains In Performance
2025-05-17,20,After All The Bars Are Closed,Thomas Rhett,23,12,Gains In Performance
2025-05-17,21,Good News,Shaboozey,22,15,Gains In Performance
2025-05-17,22,Friday Night Heartbreaker,Jon Pardi,24,35,Gains In Performance
2025-05-17,23,Happen To Me,Russell Dickerson,26,8,Gains In Performance
2025-05-17,24,Hands Of Time,Eric Church,28,8,Gains In Performance
2025-05-17,25,Heavens To Betsy,Jackson Dean,25,33,Gains In Performance
2025-05-17,26,What Kinda Man,Parker McCollum,27,34,
2025-05-17,27,Bar None,Jordan Davis,29,7,Gains In Performance
2025-05-17,28,Straight Line,Keith Urban,30,17,Gains In Performance
2025-05-17,29,Heart Of Stone,Jelly Roll,32,6,Gains In Performance
2025-05-17,30,I Dare You,Rascal Flatts & Jonas Brothers,31,14,Gains In Performance
2025-05-17,31,Run,Miranda Lambert,34,9,Gains In Performance
2025-05-17,32,She Hates Me,Dierks Bentley,35,12,Gains In Performance
2025-05-17,33,House Again,Hudson Westbrook,36,7,Gains In Performance
2025-05-17,34,"3,2,1",Tucker Wetmore,37,9,Gains In Performance
2025-05-17,35,Relapse,Warren Zeiders,38,28,
2025-05-17,36,It Won't Be Long,George Birge,39,15,Gains In Performance
2025-05-17,37,Would If I Could,ERNEST,41,25,Gains In Performance
2025-05-17,38,I Ain't Coming Back,Morgan Wallen Featuring Post Malone,49,3,Gains In Performance
2025-05-17,39,Indigo,Sam Barber Featuring Avery Anna,40,15,Gains In Performance
2025-05-17,40,Favorite Country Song,HARDY,43,4,Gains In Performance
2025-05-17,41,Darlin',Chase Matthew,44,23,Gains In Performance
2025-05-17,42,Cowgirl,Parmalee,42,18,Gains In Performance
2025-05-17,43,Golden Child,Meghan Patrick,45,22,Gains In Performance
2025-05-17,44,Better Than You,Joe Nichols / Annie Bosko,46,25,Gains In Performance
2025-05-17,45,Time's Ticking,Justin Moore,47,20,Gains In Performance
2025-05-17,46,Ends Of The Earth,Ty Myers,48,10,Gains In Performance
2025-05-17,47,Better Me For You (Brown Eyes),Max McNown,50,13,Gains In Performance
2025-05-17,48,Cry,Lee Brice,51,8,Gains In Performance
2025-05-17,49,Not At This Party,Dasha,52,6,Gains In Performance
2025-05-17,50,The Fall,Cody Johnson,55,2,Gains In Performance
2025-05-17,51,Hard Fought Hallelujah,Brandon Lake X Jelly Roll,54,4,Gains In Performance
2025-05-17,52,Til The Last One Dies,Chris Young,53,5,
2025-05-17,53,If I Die Before You,Chris Lane,57,6,
2025-05-17,54,Forever From Here,Tigirlily Gold,56,9,
2025-05-17,55,What He'll Never Have,Dylan Scott,60,2,Gains In Performance
2025-05-17,56,Wish You Well,Vincent Mason,59,9,
2025-05-17,57,10-90,Muscadine Bloodline,58,17,
2025-05-17,58,Wolves Cry,Bryan Martin,RE,17,
2025-05-17,59,Paper Umbrellas,Tim McGraw Featuring Parker McCollum,NEW,1,Gains In Performance
2025-05-17,60,The Giver,Chappell Roan,NEW,1,Gains In Performance
2025-05-24,1,I'm The Problem,Morgan Wallen,1,15,Gains In Performance
2025-05-24,2,Whiskey Drink,Jason Aldean,3,42,Gains In Performance
2025-05-24,3,Hometown Home,LoCash,5,50,
2025-05-24,4,I Never Lie,Zach Top,2,31,
2025-05-24,5,Worst Way,Riley Green,8,23,Gains In Performance
2025-05-24,6,Am I Okay?,Megan Moroney,4,39,
2025-05-24,7,Backseat Driver,Kane Brown,7,28,Gains In Performance
2025-05-24,8,This Heart,Corey Kent,9,47,Gains In Performance
2025-05-24,9,Weren't For The Wind,Ella Langley,10,20,Gains In Performance
2025-05-24,10,Country House,Sam Hunt,12,39,Gains In Performance
2025-05-24,11,Single Again,Josh Ross,11,59,Gains In Performance
2025-05-24,12,Fix What You Didn't Break,Nate Smith,14,27,Gains In Performance
2025-05-24,13,Park,Tyler Hubbard,15,36,Gains In Performance
2025-05-24,14,Tough People,Drew Baldridge,13,28,Gains In Performance
2025-05-24,15,Just In Case,Morgan Wallen,16,8,Gains In Performance
2025-05-24,16,Country Song Came On,Luke Bryan,18,26,Gains In Performance
2025-05-24,17,After All The Bars Are Closed,Thomas Rhett,20,13,Gains In Performance
2025-05-24,18,Good News,Shaboozey,21,16,Gains In Performance
2025-05-24,19,Truck On Fire,Carly Pearce,19,42,Gains In Performance
2025-05-24,20,Friday Night Heartbreaker,Jon Pardi,22,36,Gains In Performance
2025-05-24,21,Happen To Me,Russell Dickerson,23,9,Gains In Performance
2025-05-24,22,Backup Plan,Bailey Zimmerman & Luke Combs,17,2,
2025-05-24,23,You Had To Be There,Megan Moroney & Kenny Chesney,NEW,1,Highest ranking debut|Gains In Performance
2025-05-24,24,Heavens To Betsy,Jackson Dean,25,34,Gains In Performance
2025-05-24,25,Hands Of Time,Eric Church,24,9,Gains In Performance
2025-05-24,26,What Kinda Man,Parker McCollum,26,35,Gains In Performance
2025-05-24,27,Bar None,Jordan Davis,27,8,Gains In Performance
2025-05-24,28,Heart Of Stone,Jelly Roll,29,7,Gains In Performance
2025-05-24,29,Straight Line,Keith Urban,28,18,Gains In Performance
2025-05-24,30,Bottle Rockets,Scotty McCreery & Hootie & The Blowfish,NEW,1,Gains In Performance
2025-05-24,31,I Dare You,Rascal Flatts & Jonas Brothers,30,15,Gains In Performance
2025-05-24,32,"3,2,1",Tucker Wetmore,34,10,Gains In Performance
2025-05-24,33,House Again,Hudson Westbrook,33,8,Gains In Performance
2025-05-24,34,She Hates Me,Dierks Bentley,32,13,
2025-05-24,35,Relapse,Warren Zeiders,35,29,Gains In Performance
2025-05-24,36,Run,Miranda Lambert,31,10,
2025-05-24,37,It Won't Be Long,George Birge,36,16,Gains In Performance
2025-05-24,38,Cowgirl,Parmalee,42,19,Gains In Performance
2025-05-24,39,Would If I Could,ERNEST,37,26,Gains In Performance
2025-05-24,40,Favorite Country Song,HARDY,40,5,Gains In Performance
2025-05-24,41,Indigo,Sam Barber Featuring Avery Anna,39,16,Gains In Performance
2025-05-24,42,Darlin',Chase Matthew,41,24,Gains In Performance
2025-05-24,43,I Ain't Coming Back,Morgan Wallen Featuring Post Malone,38,4,
2025-05-24,44,Time's Ticking,Justin Moore,45,21,Gains In Performance
2025-05-24,45,Golden Child,Meghan Patrick,43,23,Gains In Performance
2025-05-24,46,Better Than You,Joe Nichols / Annie Bosko,44,26,
2025-05-24,47,Ends Of The Earth,Ty Myers,46,11,Gains In Performance
2025-05-24,48,Better Me For You (Brown Eyes),Max McNown,47,14,Gains In Performance
2025-05-24,49,The Fall,Cody Johnson,50,3,Gains In Performance
2025-05-24,50,Hard Fought Hallelujah,Brandon Lake X Jelly Roll,51,5,Gains In Performance
2025-05-24,51,Til The Last One Dies,Chris Young,52,6,Gains In Performance
2025-05-24,52,Cry,Lee Brice,48,9,Gains In Performance
2025-05-24,53,Not At This Party,Dasha,49,7,
2025-05-24,54,Wish You Well,Vincent Mason,56,10,Gains In Performance
2025-05-24,55,What He'll Never Have,Dylan Scott,55,3,Gains In Performance
2025-05-24,56,If I Die Before You,Chris Lane,53,7,Gains In Performance
2025-05-24,57,Wolves Cry,Bryan Martin,58,18,Gains In Performance
2025-05-24,58,Forever From Here,Tigirlily Gold,54,10,
2025-05-24,59,10-90,Muscadine Bloodline,57,18,Gains In Performance
2025-05-24,60,Me & A Beer,Chris Janson,RE,2,Gains In Performance
2025-05-31,1,I'm The Problem,Morgan Wallen,1,16,
2025-05-31,2,Whiskey Drink,Jason Aldean,2,43,Gains In Performance
2025-05-31,3,Worst Way,Riley Green,5,24,Gains In Performance
2025-05-31,4,Am I Okay?,Megan Moroney,6,40,Gains In Performance
2025-05-31,5,This Heart,Corey Kent,8,48,Gains In Performance
2025-05-31,6,Backseat Driver,Kane Brown,7,29,Gains In Performance
2025-05-31,7,Hometown Home,LoCash,3,51,
2025-05-31,8,Weren't For The Wind,Ella Langley,9,21,Gains In Performance
2025-05-31,9,Country House,Sam Hunt,10,40,Gains In Performance
2025-05-31,10,Single Again,Josh Ross,11,60,Gains In Performance
2025-05-31,11,Fix What You Didn't Break,Nate Smith,12,28,Gains In Performance
2025-05-31,12,Park,Tyler Hubbard,13,37,Gains In Performance
2025-05-31,13,Just In Case,Morgan Wallen,15,9,Gains In Performance
2025-05-31,14,Tough People,Drew Baldridge,14,29,Gains In Performance
2025-05-31,15,After All The Bars Are Closed,Thomas Rhett,17,14,Gains In Performance
2025-05-31,16,Country Song Came On,Luke Bryan,16,27,Gains In Performance
2025-05-31,17,Backup Plan,Bailey Zimmerman & Luke Combs,22,3,Gains In Performance
2025-05-31,18,Good News,Shaboozey,18,17,Gains In Performance
2025-05-31,19,Friday Night Heartbreaker,Jon Pardi,20,37,Gains In Performance
2025-05-31,20,Happen To Me,Russell Dickerson,21,10,Gains In Performance
2025-05-31,21,Truck On Fire,Carly Pearce,19,43,Gains In Performance
2025-05-31,22,Heavens To Betsy,Jackson Dean,24,35,Gains In Performance
2025-05-31,23,Hands Of Time,Eric Church,25,10,Gains In Performance
2025-05-31,24,What Kinda Man,Parker McCollum,26,36,Gains In Performance
2025-05-31,25,Heart Of Stone,Jelly Roll,28,8,Gains In Performance
2025-05-31,26,Bar None,Jordan Davis,27,9,Gains In Performance
2025-05-31,27,Straight Line,Keith Urban,29,19,Gains In Performance
2025-05-31,28,I Dare You,Rascal Flatts & Jonas Brothers,31,16,Gains In Performance
2025-05-31,29,House Again,Hudson Westbrook,33,9,Gains In Performance
2025-05-31,30,"3,2,1",Tucker Wetmore,32,11,
2025-05-31,31,She Hates Me,Dierks Bentley,34,14,Gains In Performance
2025-05-31,32,I Ain't Coming Back,Morgan Wallen Featuring Post Malone,43,5,Gains In Performance
2025-05-31,33,Relapse,Warren Zeiders,35,30,Gains In Performance
2025-05-31,34,Cowgirl,Parmalee,38,20,Gains In Performance
2025-05-31,35,Bottle Rockets,Scotty McCreery & Hootie & The Blowfish,30,2,Gains In Performance
2025-05-31,36,Run,Miranda Lambert,36,11,
2025-05-31,37,It Won't Be Long,George Birge,37,17,Gains In Performance
2025-05-31,38,Would If I Could,ERNEST,39,27,Gains In Performance
2025-05-31,39,You Had To Be There,Megan Moroney & Kenny Chesney,23,2,
2025-05-31,40,Darlin',Chase Matthew,42,25,Gains In Performance
2025-05-31,41,Indigo,Sam Barber Featuring Avery Anna,41,17,Gains In Performance
2025-05-31,42,Favorite Country Song,HARDY,40,6,
2025-05-31,43,Golden Child,Meghan Patrick,45,24,Gains In Performance
2025-05-31,44,Time's Ticking,Justin Moore,44,22,
2025-05-31,45,Hard Fought Hallelujah,Brandon Lake X Jelly Roll,50,6,Gains In Performance
2025-05-31,46,Better Me For You (Brown Eyes),Max McNown,48,15,Gains In Performance
2025-05-31,47,Ends Of The Earth,Ty Myers,47,12,
2025-05-31,48,Better Than You,Joe Nichols / Annie Bosko,46,27,
2025-05-31,49,The Fall,Cody Johnson,49,4,Gains In Performance
2025-05-31,50,Cry,Lee Brice,52,10,Gains In Performance
2025-05-31,51,Til The Last One Dies,Chris Young,51,7,
2025-05-31,52,Not At This Party,Dasha,53,8,Gains In Performance
2025-05-31,53,Wish You Well,Vincent Mason,54,11,
2025-05-31,54,If I Die Before You,Chris Lane,56,8,
2025-05-31,55,What I Want,Morgan Wallen Featuring Tate McRae,NEW,1,Highest ranking debut|Gains In Performance
2025-05-31,56,Forever From Here,Tigirlily Gold,58,11,Gains In Performance
2025-05-31,57,What He'll Never Have,Dylan Scott,55,4,
2025-05-31,58,Superman,Morgan Wallen,NEW,1,Gains In Performance
2025-05-31,59,Paper Umbrellas,Tim McGraw Featuring Parker McCollum,RE,2,Gains In Performance
2025-05-31,60,Burned Down Heaven,Chase McDaniel,NEW,1,Gains In Performance
2025-06-07,1,I'm The Problem,Morgan Wallen,1,17,
2025-06-07,2,Whiskey Drink,Jason Aldean,2,44,Gains In Performance
2025-06-07,3,Worst Way,Riley Green,3,25,Gains In Performance
2025-06-07,4,This Heart,Corey Kent,5,49,Gains In Performance
2025-06-07,5,Am I Okay?,Megan Moroney,4,41,Gains In Performance
2025-06-07,6,Backseat Driver,Kane Brown,6,30,Gains In Performance
2025-06-07,7,Weren't For The Wind,Ella Langley,8,22,Gains In Performance
2025-06-07,8,Country House,Sam Hunt,9,41,Gains In Performance
2025-06-07,9,Fix What You Didn't Break,Nate Smith,11,29,Gains In Performance
2025-06-07,10,Single Again,Josh Ross,10,61,Gains In Performance
2025-06-07,11,Just In Case,Morgan Wallen,13,10,Gains In Performance
2025-06-07,12,Park,Tyler Hubbard,12,38,Gains In Performance
2025-06-07,13,Tough People,Drew Baldridge,14,30,
2025-06-07,14,After All The Bars Are Closed,Thomas Rhett,15,15,Gains In Performance
2025-06-07,15,Country Song Came On,Luke Bryan,16,28,Gains In Performance
2025-06-07,16,Backup Plan,Bailey Zimmerman & Luke Combs,17,4,Gains In Performance
2025-06-07,17,Good News,Shaboozey,18,18,Gains In Performance
2025-06-07,18,Truck On Fire,Carly Pearce,21,44,Gains In Performance
2025-06-07,19,Friday Night Heartbreaker,Jon Pardi,19,38,
2025-06-07,20,Happen To Me,Russell Dickerson,20,11,Gains In Performance
2025-06-07,21,Somewhere Over Laredo,Lainey Wilson,NEW,1,Highest ranking debut|Gains In Performance
2025-06-07,22,Heavens To Betsy,Jackson Dean,22,36,Gains In Performance
2025-06-07,23,Hands Of Time,Eric Church,23,11,Gains In Performance
2025-06-07,24,Heart Of Stone,Jelly Roll,25,9,Gains In Performance
2025-06-07,25,Bar None,Jordan Davis,26,10,Gains In Performance
2025-06-07,26,Straight Line,Keith Urban,27,20,Gains In Performance
2025-06-07,27,What Kinda Man,Parker McCollum,24,37,Gains In Performance
2025-06-07,28,I Dare You,Rascal Flatts & Jonas Brothers,28,17,Gains In Performance
2025-06-07,29,Bottle Rockets,Scotty McCreery & Hootie & The Blowfish,35,3,Gains In Performance
2025-06-07,30,"3,2,1",Tucker Wetmore,30,12,Gains In Performance
2025-06-07,31,House Again,Hudson Westbrook,29,10,Gains In Performance
2025-06-07,32,She Hates Me,Dierks Bentley,31,15,Gains In Performance
2025-06-07,33,Cowgirl,Parmalee,34,21,Gains In Performance
2025-06-07,34,I Ain't Coming Back,Morgan Wallen Featuring Post Malone,32,6,
2025-06-07,35,Relapse,Warren Zeiders,33,31,Gains In Performance
2025-06-07,36,Favorite Country Song,HARDY,42,7,Gains In Performance
2025-06-07,37,Darlin',Chase Matthew,40,26,Gains In Performance
2025-06-07,38,Would If I Could,ERNEST,38,28,Gains In Performance
2025-06-07,39,Run,Miranda Lambert,36,12,Gains In Performance
2025-06-07,40,It Won't Be Long,George Birge,37,18,Gains In Performance
2025-06-07,41,You Had To Be There,Megan Moroney & Kenny Chesney,39,3,Gains In Performance
2025-06-07,42,Indigo,Sam Barber Featuring Avery Anna,41,18,
2025-06-07,43,Golden Child,Meghan Patrick,43,25,
2025-06-07,44,Hard Fought Hallelujah,Brandon Lake X Jelly Roll,45,7,Gains In Performance
2025-06-07,45,Time's Ticking,Justin Moore,44,23,Gains In Performance
2025-06-07,46,Better Me For You (Brown Eyes),Max McNown,46,16,Gains In Performance
2025-06-07,47,Ends Of The Earth,Ty Myers,47,13,Gains In Performance
2025-06-07,48,The Fall,Cody Johnson,49,5,
2025-06-07,49,Til The Last One Dies,Chris Young,51,8,Gains In Performance
2025-06-07,50,Not At This Party,Dasha,52,9,Gains In Performance
2025-06-07,51,Stay Country Or Die Tryin',Blake Shelton,NEW,1,Gains In Performance
2025-06-07,52,Cry,Lee Brice,50,11,
2025-06-07,53,What He'll Never Have,Dylan Scott,57,5,Gains In Performance
2025-06-07,54,Wish You Well,Vincent Mason,53,12,Gains In Performance
2025-06-07,55,Paper Umbrellas,Tim McGraw Featuring Parker McCollum,59,3,Gains In Performance
2025-06-07,56,Burned Down Heaven,Chase McDaniel,60,2,Gains In Performance
2025-06-07,57,If I Die Before You,Chris Lane,54,9,
2025-06-07,58,Same Moon,Mitchell Tenpenny,NEW,1,Gains In Performance
2025-06-07,59,Forever From Here,Tigirlily Gold,56,12,
2025-06-07,60,Baggage,Kelsea Ballerini,NEW,1,Gains In Performance
2025-06-14,1,I'm The Problem,Morgan Wallen,1,18,
2025-06-14,2,Am I Okay?,Megan Moroney,5,42,Greatest gainer this week|Gains In Performance
2025-06-14,3,Worst Way,Riley Green,3,26,Gains In Performance
2025-06-14,4,Whiskey Drink,Jason Aldean,2,45,
2025-06-14,5,This Heart,Corey Kent,4,50,Gains In Performance
2025-06-14,6,Backseat Driver,Kane Brown,6,31,Gains In Performance
2025-06-14,7,Weren't For The Wind,Ella Langley,7,23,Gains In Performance
2025-06-14,8,Country House,Sam Hunt,8,42,Gains In Performance
2025-06-14,9,Fix What You Didn't Break,Nate Smith,9,30,Gains In Performance
2025-06-14,10,Just In Case,Morgan Wallen,11,11,Gains In Performance
2025-06-14,11,Single Again,Josh Ross,10,62,Gains In Performance
2025-06-14,12,Park,Tyler Hubbard,12,39,Gains In Performance
2025-06-14,13,After All The Bars Are Closed,Thomas Rhett,14,16,Gains In Performance
2025-06-14,14,Country Song Came On,Luke Bryan,15,29,Gains In Performance
2025-06-14,15,Backup Plan,Bailey Zimmerman & Luke Combs,16,5,Gains In Performance
2025-06-14,16,Tough People,Drew Baldridge,13,31,
2025-06-14,17,Good News,Shaboozey,17,19,Gains In Performance
2025-06-14,18,Happen To Me,Russell Dickerson,20,12,Gains In Performance
2025-06-14,19,Friday Night Heartbreaker,Jon Pardi,19,39,Gains In Performance
2025-06-14,20,Heavens To Betsy,Jackson Dean,22,37,Gains In Performance
2025-06-14,21,Hands Of Time,Eric Church,23,12,Gains In Performance
2025-06-14,22,Heart Of Stone,Jelly Roll,24,10,Gains In Performance
2025-06-14,23,Bar None,Jordan Davis,25,11,Gains In Performance
2025-06-14,24,Straight Line,Keith Urban,26,21,Gains In Performance
2025-06-14,25,What Kinda Man,Parker McCollum,27,38,Gains In Performance
2025-06-14,26,Bottle Rockets,Scotty McCreery & Hootie & The Blowfish,29,4,Gains In Performance
2025-06-14,27,"3,2,1",Tucker Wetmore,30,13,Gains In Performance
2025-06-14,28,I Dare You,Rascal Flatts & Jonas Brothers,28,18,Gains In Performance
2025-06-14,29,House Again,Hudson Westbrook,31,11,Gains In Performance
2025-06-14,30,She Hates Me,Dierks Bentley,32,16,Gains In Performance
2025-06-14,31,It Won't Be Long,George Birge,40,19,Gains In Performance
2025-06-14,32,I Ain't Coming Back,Morgan Wallen Featuring Post Malone,34,7,Gains In Performance
2025-06-14,33,Cowgirl,Parmalee,33,22,Gains In Performance
2025-06-14,34,Easy To Love,Dustin Lynch,NEW,1,Highest ranking debut|Gains In Performance
2025-06-14,35,Somewhere Over Laredo,Lainey Wilson,21,2,
2025-06-14,36,Darlin',Chase Matthew,37,27,Gains In Performance
2025-06-14,37,Run,Miranda Lambert,39,13,Gains In Performance
2025-06-14,38,Favorite Country Song,HARDY,36,8,Gains In Performance
2025-06-14,39,Would If I Could,ERNEST,38,29,Gains In Performance
2025-06-14,40,You Had To Be There,Megan Moroney & Kenny Chesney,41,4,Gains In Performance
2025-06-14,41,Relapse,Warren Zeiders,35,32,
2025-06-14,42,Indigo,Sam Barber Featuring Avery Anna,42,19,Gains In Performance
2025-06-14,43,Golden Child,Meghan Patrick,43,26,Gains In Performance
2025-06-14,44,Hard Fought Hallelujah,Brandon Lake X Jelly Roll,44,8,Gains In Performance
2025-06-14,45,Time's Ticking,Justin Moore,45,24,Gains In Performance
2025-06-14,46,Stay Country Or Die Tryin',Blake Shelton,51,2,Gains In Performance
2025-06-14,47,Ends Of The Earth,Ty Myers,47,14,Gains In Performance
2025-06-14,48,Better Me For You (Brown Eyes),Max McNown,46,17,Gains In Performance
2025-06-14,49,What He'll Never Have,Dylan Scott,53,6,Gains In Performance
2025-06-14,50,The Fall,Cody Johnson,48,6,
2025-06-14,51,Til The Last One Dies,Chris Young,49,9,
2025-06-14,52,Cry,Lee Brice,52,12,Gains In Performance
2025-06-14,53,Not At This Party,Dasha,50,10,
2025-06-14,54,Same Moon,Mitchell Tenpenny,58,2,Gains In Performance
2025-06-14,55,Wish You Well,Vincent Mason,54,13,Gains In Performance
2025-06-14,56,If I Die Before You,Chris Lane,57,10,Gains In Performance
2025-06-14,57,Baggage,Kelsea Ballerini,60,2,Gains In Performance
2025-06-14,58,Forever From Here,Tigirlily Gold,59,13,Gains In Performance
2025-06-14,59,Burned Down Heaven,Chase McDaniel,56,3,Gains In Performance
2025-06-14,60,Amen,Shaboozey & Jelly Roll,NEW,1,Gains In Performance
2025-06-21,1,Worst Way,Riley Green,3,27,Greatest gainer this week|Gains In Performance
2025-06-21,2,I'm The Problem,Morgan Wallen,1,19,
2025-06-21,3,This Heart,Corey Kent,5,51,Gains In Performance
2025-06-21,4,Backseat Driver,Kane Brown,6,32,Gains In Performance
2025-06-21,5,Whiskey Drink,Jason Aldean,4,46,
2025-06-21,6,Country House,Sam Hunt,8,43,Gains In Performance
2025-06-21,7,Weren't For The Wind,Ella Langley,7,24,Gains In Performance
2025-06-21,8,Just In Case,Morgan Wallen,10,12,Gains In Performance
2025-06-21,9,Fix What You Didn't Break,Nate Smith,9,31,Gains In Performance
2025-06-21,10,Single Again,Josh Ross,11,63,Gains In Performance
2025-06-21,11,Park,Tyler Hubbard,12,40,Gains In Performance
2025-06-21,12,Am I Okay?,Megan Moroney,2,43,
2025-06-21,13,Backup Plan,Bailey Zimmerman & Luke Combs,15,6,Gains In Performance
2025-06-21,14,Country Song Came On,Luke Bryan,14,30,Gains In Performance
2025-06-21,15,After All The Bars Are Closed,Thomas Rhett,13,17,Gains In Performance
2025-06-21,16,Good News,Shaboozey,17,20,Gains In Performance
2025-06-21,17,Happen To Me,Russell Dickerson,18,13,Gains In Performance
2025-06-21,18,Friday Night Heartbreaker,Jon Pardi,19,40,Gains In Performance
2025-06-21,19,Hands Of Time,Eric Church,21,13,Gains In Performance
2025-06-21,20,Heavens To Betsy,Jackson Dean,20,38,Gains In Performance
2025-06-21,21,Heart Of Stone,Jelly Roll,22,11,Gains In Performance
2025-06-21,22,Bar None,Jordan Davis,23,12,Gains In Performance
2025-06-21,23,Straight Line,Keith Urban,24,22,Gains In Performance
2025-06-21,24,Bottle Rockets,Scotty McCreery & Hootie & The Blowfish,26,5,Gains In Performance
2025-06-21,25,What Kinda Man,Parker McCollum,25,39,Gains In Performance
2025-06-21,26,I Dare You,Rascal Flatts & Jonas Brothers,28,19,Gains In Performance
2025-06-21,27,"3,2,1",Tucker Wetmore,27,14,Gains In Performance
2025-06-21,28,House Again,Hudson Westbrook,29,12,Gains In Performance
2025-06-21,29,She Hates Me,Dierks Bentley,30,17,Gains In Performance
2025-06-21,30,Somewhere Over Laredo,Lainey Wilson,35,3,Gains In Performance
2025-06-21,31,It Won't Be Long,George Birge,31,20,Gains In Performance
2025-06-21,32,Cowgirl,Parmalee,33,23,Gains In Performance
2025-06-21,33,Favorite Country Song,HARDY,38,9,Gains In Performance
2025-06-21,34,I Ain't Coming Back,Morgan Wallen Featuring Post Malone,32,8,
2025-06-21,35,Darlin',Chase Matthew,36,28,Gains In Performance
2025-06-21,36,You Had To Be There,Megan Moroney & Kenny Chesney,40,5,Gains In Performance
2025-06-21,37,Would If I Could,ERNEST,39,30,Gains In Performance
2025-06-21,38,Indigo,Sam Barber Featuring Avery Anna,42,20,Gains In Performance
2025-06-21,39,Golden Child,Meghan Patrick,43,27,Gains In Performance
2025-06-21,40,Relapse,Warren Zeiders,41,33,
2025-06-21,41,Stay Country Or Die Tryin',Blake Shelton,46,3,Gains In Performance
2025-06-21,42,Time's Ticking,Justin Moore,45,25,Gains In Performance
2025-06-21,43,Hard Fought Hallelujah,Brandon Lake X Jelly Roll,44,9,Gains In Performance
2025-06-21,44,Ends Of The Earth,Ty Myers,47,15,Gains In Performance
2025-06-21,45,Better Me For You (Brown Eyes),Max McNown,48,18,Gains In Performance
2025-06-21,46,Good Times & Tan Lines,Zach Top,NEW,1,Highest ranking debut|Gains In Performance
2025-06-21,47,What He'll Never Have,Dylan Scott,49,7,Gains In Performance
2025-06-21,48,The Fall,Cody Johnson,50,7,Gains In Performance
2025-06-21,49,Til The Last One Dies,Chris Young,51,10,Gains In Performance
2025-06-21,50,Wish You Well,Vincent Mason,55,14,Gains In Performance
2025-06-21,51,Same Moon,Mitchell Tenpenny,54,3,Gains In Performance
2025-06-21,52,Not At This Party,Dasha,53,11,Gains In Performance
2025-06-21,53,Run,Miranda Lambert,37,14,
2025-06-21,54,Cry,Lee Brice,52,13,
2025-06-21,55,Paper Umbrellas,Tim McGraw Featuring Parker McCollum,RE,4,Gains In Performance
2025-06-21,56,Burned Down Heaven,Chase McDaniel,59,4,Gains In Performance
2025-06-21,57,If I Die Before You,Chris Lane,56,11,Gains In Performance
2025-06-21,58,Baggage,Kelsea Ballerini,57,3,Gains In Performance
2025-06-21,59,Forever From Here,Tigirlily Gold,58,14,
2025-06-21,60,Amen,Shaboozey & Jelly Roll,60,2,Gains In Performance
2025-06-28,1,Worst Way,Riley Green,1,28,Gains In Performance
2025-06-28,2,Backseat Driver,Kane Brown,4,33,Greatest gainer this week|Gains In Performance
2025-06-28,3,This Heart,Corey Kent,3,52,Gains In Performance
2025-06-28,4,I'm The Problem,Morgan Wallen,2,20,
2025-06-28,5,Just In Case,Morgan Wallen,8,13,Gains In Performance
2025-06-28,6,Weren't For The Wind,Ella Langley,7,25,Gains In Performance
2025-06-28,7,Country House,Sam Hunt,6,44,Gains In Performance
2025-06-28,8,Fix What You Didn't Break,Nate Smith,9,32,Gains In Performance
2025-06-28,9,Single Again,Josh Ross,10,64,Gains In Performance
2025-06-28,10,Park,Tyler Hubbard,11,41,Gains In Performance
2025-06-28,11,Country Song Came On,Luke Bryan,14,31,Gains In Performance
2025-06-28,12,Backup Plan,Bailey Zimmerman & Luke Combs,13,7,Gains In Performance
2025-06-28,13,After All The Bars Are Closed,Thomas Rhett,15,18,Gains In Performance
2025-06-28,14,Good News,Shaboozey,16,21,Gains In Performance
2025-06-28,15,Happen To Me,Russell Dickerson,17,14,Gains In Performance
2025-06-28,16,Friday Night Heartbreaker,Jon Pardi,18,41,Gains In Performance
2025-06-28,17,Hands Of Time,Eric Church,19,14,Gains In Performance
2025-06-28,18,Heavens To Betsy,Jackson Dean,20,39,Gains In Performance
2025-06-28,19,Bar None,Jordan Davis,22,13,Gains In Performance
2025-06-28,20,Heart Of Stone,Jelly Roll,21,12,Gains In Performance
2025-06-28,21,Straight Line,Keith Urban,23,23,Gains In Performance
2025-06-28,22,Bottle Rockets,Scotty McCreery & Hootie & The Blowfish,24,6,Gains In Performance
2025-06-28,23,What Kinda Man,Parker McCollum,25,40,Gains In Performance
2025-06-28,24,"3,2,1",Tucker Wetmore,27,15,Gains In Performance
2025-06-28,25,Somewhere Over Laredo,Lainey Wilson,30,4,Gains In Performance
2025-06-28,26,House Again,Hudson Westbrook,28,13,Gains In Performance
2025-06-28,27,She Hates Me,Dierks Bentley,29,18,Gains In Performance
2025-06-28,28,I Dare You,Rascal Flatts & Jonas Brothers,26,20,
2025-06-28,29,Cowgirl,Parmalee,32,24,Gains In Performance
2025-06-28,30,I Ain't Coming Back,Morgan Wallen Featuring Post Malone,34,9,Gains In Performance
2025-06-28,31,It Won't Be Long,George Birge,31,21,
2025-06-28,32,2 Pair,Kane Brown,NEW,1,Highest ranking debut|Gains In Performance
2025-06-28,33,You Had To Be There,Megan Moroney & Kenny Chesney,36,6,Gains In Performance
2025-06-28,34,Favorite Country Song,HARDY,33,10,Gains In Performance
2025-06-28,35,Darlin',Chase Matthew,35,29,Gains In Performance
2025-06-28,36,Would If I Could,ERNEST,37,31,Gains In Performance
2025-06-28,37,Indigo,Sam Barber Featuring Avery Anna,38,21,
2025-06-28,38,Good Times & Tan Lines,Zach Top,46,2,Gains In Performance
2025-06-28,39,Stay Country Or Die Tryin',Blake Shelton,41,4,Gains In Performance
2025-06-28,40,Golden Child,Meghan Patrick,39,28,Gains In Performance
2025-06-28,41,Hard Fought Hallelujah,Brandon Lake X Jelly Roll,43,10,Gains In Performance
2025-06-28,42,Time's Ticking,Justin Moore,42,26,Gains In Performance
2025-06-28,43,Ends Of The Earth,Ty Myers,44,16,Gains In Performance
2025-06-28,44,Better Me For You (Brown Eyes),Max McNown,45,19,Gains In Performance
2025-06-28,45,What He'll Never Have,Dylan Scott,47,8,Gains In Performance
2025-06-28,46,The Fall,Cody Johnson,48,8,Gains In Performance
2025-06-28,47,Wish You Well,Vincent Mason,50,15,Gains In Performance
2025-06-28,48,Til The Last One Dies,Chris Young,49,11,Gains In Performance
2025-06-28,49,Not At This Party,Dasha,52,12,Gains In Performance
2025-06-28,50,Same Moon,Mitchell Tenpenny,51,4,Gains In Performance
2025-06-28,51,Paper Umbrellas,Tim McGraw Featuring Parker McCollum,55,5,Gains In Performance
2025-06-28,52,If I Die Before You,Chris Lane,57,12,Gains In Performance
2025-06-28,53,Burned Down Heaven,Chase McDaniel,56,5,Gains In Performance
2025-06-28,54,Baggage,Kelsea Ballerini,58,4,
2025-06-28,55,Drink With You,Brett Young,RE,2,Gains In Performance
2025-06-28,56,Me & A Beer,Chris Janson,RE,3,Gains In Performance
2025-06-28,57,Use Me,Zach Top,NEW,1,Gains In Performance
2025-06-28,58,Amen,Shaboozey & Jelly Roll,60,3,Gains In Performance
2025-06-28,59,Cry,Lee Brice,54,14,
2025-06-28,60,Wrong Hearts,LoCash,NEW,1,Gains In Performance
2025-07-05,1,This Heart,Corey Kent,3,53,Greatest gainer this week|Gains In Performance
2025-07-05,2,Worst Way,Riley Green,1,29,
2025-07-05,3,Just In Case,Morgan Wallen,5,14,Gains In Performance
2025-07-05,4,I'm The Problem,Morgan Wallen,4,21,
2025-07-05,5,Backseat Driver,Kane Brown,2,34,
2025-07-05,6,Country House,Sam Hunt,7,45,Gains In Performance
2025-07-05,7,Weren't For The Wind,Ella Langley,6,26,Gains In Performance
2025-07-05,8,Single Again,Josh Ross,9,65,Gains In Performance
2025-07-05,9,Fix What You Didn't Break,Nate Smith,8,33,Gains In Performance
2025-07-05,10,Park,Tyler Hubbard,10,42,Gains In Performance
2025-07-05,11,Country Song Came On,Luke Bryan,11,32,Gains In Performance
2025-07-05,12,After All The Bars Are Closed,Thomas Rhett,13,19,Gains In Performance
2025-07-05,13,Backup Plan,Bailey Zimmerman & Luke Combs,12,8,Gains In Performance
2025-07-05,14,Good News,Shaboozey,14,22,Gains In Performance
2025-07-05,15,Happen To Me,Russell Dickerson,15,15,Gains In Performance
2025-07-05,16,Friday Night Heartbreaker,Jon Pardi,16,42,Gains In Performance
2025-07-05,17,Hands Of Time,Eric Church,17,15,Gains In Performance
2025-07-05,18,Bar None,Jordan Davis,19,14,Gains In Performance
2025-07-05,19,Heavens To Betsy,Jackson Dean,18,40,Gains In Performance
2025-07-05,20,Bottle Rockets,Scotty McCreery & Hootie & The Blowfish,22,7,Gains In Performance
2025-07-05,21,Heart Of Stone,Jelly Roll,20,13,Gains In Performance
2025-07-05,22,Straight Line,Keith Urban,21,24,Gains In Performance
2025-07-05,23,What Kinda Man,Parker McCollum,23,41,Gains In Performance
2025-07-05,24,Somewhere Over Laredo,Lainey Wilson,25,5,Gains In Performance
2025-07-05,25,"3,2,1",Tucker Wetmore,24,16,Gains In Performance
2025-07-05,26,House Again,Hudson Westbrook,26,14,Gains In Performance
2025-07-05,27,I Dare You,Rascal Flatts & Jonas Brothers,28,21,Gains In Performance
2025-07-05,28,She Hates Me,Dierks Bentley,27,19,
2025-07-05,29,Cowgirl,Parmalee,29,25,Gains In Performance
2025-07-05,30,It Won't Be Long,George Birge,31,22,Gains In Performance
2025-07-05,31,Darlin',Chase Matthew,35,30,Gains In Performance
2025-07-05,32,You Had To Be There,Megan Moroney & Kenny Chesney,33,7,Gains In Performance
2025-07-05,33,Good Times & Tan Lines,Zach Top,38,3,Gains In Performance
2025-07-05,34,Favorite Country Song,HARDY,34,11,Gains In Performance
2025-07-05,35,I Ain't Coming Back,Morgan Wallen Featuring Post Malone,30,10,
2025-07-05,36,Would If I Could,ERNEST,36,32,Gains In Performance
2025-07-05,37,Stay Country Or Die Tryin',Blake Shelton,39,5,Gains In Performance
2025-07-05,38,Golden Child,Meghan Patrick,40,29,Gains In Performance
2025-07-05,39,Indigo,Sam Barber Featuring Avery Anna,37,22,Gains In Performance
2025-07-05,40,I Got Better,Morgan Wallen,NEW,1,Highest ranking debut|Gains In Performance
2025-07-05,41,Time's Ticking,Justin Moore,42,27,Gains In Performance
2025-07-05,42,Hard Fought Hallelujah,Brandon Lake X Jelly Roll,41,11,Gains In Performance
2025-07-05,43,Better Me For You (Brown Eyes),Max McNown,44,20,Gains In Performance
2025-07-05,44,What He'll Never Have,Dylan Scott,45,9,Gains In Performance
2025-07-05,45,Ends Of The Earth,Ty Myers,43,17,Gains In Performance
2025-07-05,46,Not At This Party,Dasha,49,13,Gains In Performance
2025-07-05,47,The Fall,Cody Johnson,46,9,
2025-07-05,48,Til The Last One Dies,Chris Young,48,12,Gains In Performance
2025-07-05,49,Same Moon,Mitchell Tenpenny,50,5,Gains In Performance
2025-07-05,50,Paper Umbrellas,Tim McGraw Featuring Parker McCollum,51,6,Gains In Performance
2025-07-05,51,Wish You Well,Vincent Mason,47,16,
2025-07-05,52,Burned Down Heaven,Chase McDaniel,53,6,Gains In Performance
2025-07-05,53,If I Die Before You,Chris Lane,52,13,Gains In Performance
2025-07-05,54,Drink With You,Brett Young,55,3,Gains In Performance
2025-07-05,55,Me & A Beer,Chris Janson,56,4,Gains In Performance
2025-07-05,56,Baggage,Kelsea Ballerini,54,5,Gains In Performance
2025-07-05,57,Wrong Hearts,LoCash,60,2,Gains In Performance
2025-07-05,58,Amen,Shaboozey & Jelly Roll,58,4,Gains In Performance
2025-07-05,59,Weak,Preston Cooper,NEW,1,Gains In Performance
2025-07-05,60,What I Want,Morgan Wallen Featuring Tate McRae,RE,2,Gains In Performance
2025-07-12,1,Just In Case,Morgan Wallen,3,15,Gains In Performance
2025-07-12,2,Weren't For The Wind,Ella Langley,7,27,Greatest gainer this week|Gains In Performance
2025-07-12,3,This Heart,Corey Kent,1,54,
2025-07-12,4,I'm The Problem,Morgan Wallen,4,22,
2025-07-12,5,Fix What You Didn't Break,Nate Smith,9,34,Gains In Performance
2025-07-12,6,Country House,Sam Hunt,6,46,Gains In Performance
2025-07-12,7,Single Again,Josh Ross,8,66,Gains In Performance
2025-07-12,8,Park,Tyler Hubbard,10,43,Gains In Performance
2025-07-12,9,After All The Bars Are Closed,Thomas Rhett,12,20,Gains In Performance
2025-07-12,10,Country Song Came On,Luke Bryan,11,33,Gains In Performance
2025-07-12,11,Backup Plan,Bailey Zimmerman & Luke Combs,13,9,Gains In Performance
2025-07-12,12,Good News,Shaboozey,14,23,Gains In Performance
2025-07-12,13,Happen To Me,Russell Dickerson,15,16,Gains In Performance
2025-07-12,14,Friday Night Heartbreaker,Jon Pardi,16,43,Gains In Performance
2025-07-12,15,Bottle Rockets,Scotty McCreery & Hootie & The Blowfish,20,8,Gains In Performance
2025-07-12,16,Bar None,Jordan Davis,18,15,Gains In Performance
2025-07-12,17,Hands Of Time,Eric Church,17,16,Gains In Performance
2025-07-12,18,Heart Of Stone,Jelly Roll,21,14,Gains In Performance
2025-07-12,19,Heavens To Betsy,Jackson Dean,19,41,Gains In Performance
2025-07-12,20,Straight Line,Keith Urban,22,25,Gains In Performance
2025-07-12,21,Somewhere Over Laredo,Lainey Wilson,24,6,Gains In Performance
2025-07-12,22,What Kinda Man,Parker McCollum,23,42,Gains In Performance
2025-07-12,23,"3,2,1",Tucker Wetmore,25,17,Gains In Performance
2025-07-12,24,House Again,Hudson Westbrook,26,15,Gains In Performance
2025-07-12,25,I Dare You,Rascal Flatts & Jonas Brothers,27,22,Gains In Performance
2025-07-12,26,She Hates Me,Dierks Bentley,28,20,Gains In Performance
2025-07-12,27,Good Times & Tan Lines,Zach Top,33,4,Gains In Performance
2025-07-12,28,Darlin',Chase Matthew,31,31,Gains In Performance
2025-07-12,29,I Got Better,Morgan Wallen,40,2,Gains In Performance
2025-07-12,30,Cowgirl,Parmalee,29,26,Gains In Performance
2025-07-12,31,It Won't Be Long,George Birge,30,23,Gains In Performance
2025-07-12,32,You Had To Be There,Megan Moroney & Kenny Chesney,32,8,Gains In Performance
2025-07-12,33,Favorite Country Song,HARDY,34,12,Gains In Performance
2025-07-12,34,I Ain't Coming Back,Morgan Wallen Featuring Post Malone,35,11,Gains In Performance
2025-07-12,35,Stay Country Or Die Tryin',Blake Shelton,37,6,Gains In Performance
2025-07-12,36,Would If I Could,ERNEST,36,33,Gains In Performance
2025-07-12,37,Indigo,Sam Barber Featuring Avery Anna,39,23,Gains In Performance
2025-07-12,38,Golden Child,Meghan Patrick,38,30,Gains In Performance
2025-07-12,39,Ends Of The Earth,Ty Myers,45,18,Gains In Performance
2025-07-12,40,Time's Ticking,Justin Moore,41,28,Gains In Performance
2025-07-12,41,Hard Fought Hallelujah,Brandon Lake X Jelly Roll,42,12,Gains In Performance
2025-07-12,42,What He'll Never Have,Dylan Scott,44,10,Gains In Performance
2025-07-12,43,Better Me For You (Brown Eyes),Max McNown,43,21,Gains In Performance
2025-07-12,44,The Fall,Cody Johnson,47,10,Gains In Performance
2025-07-12,45,Not At This Party,Dasha,46,14,Gains In Performance
2025-07-12,46,Same Moon,Mitchell Tenpenny,49,6,Gains In Performance
2025-07-12,47,Til The Last One Dies,Chris Young,48,13,Gains In Performance
2025-07-12,48,Wish You Well,Vincent Mason,51,17,Gains In Performance
2025-07-12,49,Paper Umbrellas,Tim McGraw Featuring Parker McCollum,50,7,Gains In Performance
2025-07-12,50,Burned Down Heaven,Chase McDaniel,52,7,Gains In Performance
2025-07-12,51,Drink With You,Brett Young,54,4,Gains In Performance
2025-07-12,52,Me & A Beer,Chris Janson,55,5,Gains In Performance
2025-07-12,53,Wrong Hearts,LoCash,57,3,Gains In Performance
2025-07-12,54,Amen,Shaboozey & Jelly Roll,58,5,Gains In Performance
2025-07-12,55,Weak,Preston Cooper,59,2,Gains In Performance
2025-07-12,56,Baggage,Kelsea Ballerini,56,6,Gains In Performance
2025-07-12,57,Use Me,Zach Top,RE,2,Gains In Performance
2025-07-12,58,If I Die Before You,Chris Lane,53,14,
2025-07-12,59,You Ain't Gotta Die (To Be Dead To Me),Kaitlin Butts,NEW,1,Highest ranking debut|Gains In Performance
2025-07-12,60,I Wish You Would,Mackenzie Carpenter Featuring Midland,NEW,1,Gains In Performance
2025-07-19,1,Just In Case,Morgan Wallen,1,16,Greatest gainer this week|Gains In Performance
2025-07-19,2,Fix What You Didn't Break,Nate Smith,5,35,Gains In Performance
2025-07-19,3,Country House,Sam Hunt,6,47,Gains In Performance
2025-07-19,4,This Heart,Corey Kent,3,55,
2025-07-19,5,Single Again,Josh Ross,7,67,Gains In Performance
2025-07-19,6,Park,Tyler Hubbard,8,44,Gains In Performance
2025-07-19,7,I'm The Problem,Morgan Wallen,4,23,
2025-07-19,8,Weren't For The Wind,Ella Langley,2,28,
2025-07-19,9,After All The Bars Are Closed,Thomas Rhett,9,21,Gains In Performance
2025-07-19,10,Good News,Shaboozey,12,24,Gains In Performance
2025-07-19,11,Country Song Came On,Luke Bryan,10,34,Gains In Performance
2025-07-19,12,Backup Plan,Bailey Zimmerman & Luke Combs,11,10,Gains In Performance
2025-07-19,13,Happen To Me,Russell Dickerson,13,17,Gains In Performance
2025-07-19,14,Friday Night Heartbreaker,Jon Pardi,14,44,Gains In Performance
2025-07-19,15,Bottle Rockets,Scotty McCreery & Hootie & The Blowfish,15,9,Gains In Performance
2025-07-19,16,Hands Of Time,Eric Church,17,17,Gains In Performance
2025-07-19,17,Bar None,Jordan Davis,16,16,Gains In Performance
2025-07-19,18,Heart Of Stone,Jelly Roll,18,15,Gains In Performance
2025-07-19,19,Heavens To Betsy,Jackson Dean,19,42,Gains In Performance
2025-07-19,20,Straight Line,Keith Urban,20,26,Gains In Performance
2025-07-19,21,Somewhere Over Laredo,Lainey Wilson,21,7,Gains In Performance
2025-07-19,22,"3,2,1",Tucker Wetmore,23,18,Gains In Performance
2025-07-19,23,What Kinda Man,Parker McCollum,22,43,Gains In Performance
2025-07-19,24,House Again,Hudson Westbrook,24,16,Gains In Performance
2025-07-19,25,Good Times & Tan Lines,Zach Top,27,5,Gains In Performance
2025-07-19,26,She Hates Me,Dierks Bentley,26,21,Gains In Performance
2025-07-19,27,I Dare You,Rascal Flatts & Jonas Brothers,25,23,
2025-07-19,28,Darlin',Chase Matthew,28,32,Gains In Performance
2025-07-19,29,Cowgirl,Parmalee,30,27,Gains In Performance
2025-07-19,30,I Got Better,Morgan Wallen,29,3,Gains In Performance
2025-07-19,31,It Won't Be Long,George Birge,31,24,Gains In Performance
2025-07-19,32,You Had To Be There,Megan Moroney & Kenny Chesney,32,9,Gains In Performance
2025-07-19,33,Favorite Country Song,HARDY,33,13,Gains In Performance
2025-07-19,34,I Ain't Coming Back,Morgan Wallen Featuring Post Malone,34,12,Gains In Performance
2025-07-19,35,Time's Ticking,Justin Moore,40,29,Gains In Performance
2025-07-19,36,Stay Country Or Die Tryin',Blake Shelton,35,7,Gains In Performance
2025-07-19,37,Would If I Could,ERNEST,36,34,Gains In Performance
2025-07-19,38,Golden Child,Meghan Patrick,38,31,Gains In Performance
2025-07-19,39,Ends Of The Earth,Ty Myers,39,19,Gains In Performance
2025-07-19,40,Hard Fought Hallelujah,Brandon Lake X Jelly Roll,41,13,Gains In Performance
2025-07-19,41,What He'll Never Have,Dylan Scott,42,11,Gains In Performance
2025-07-19,42,Indigo,Sam Barber Featuring Avery Anna,37,24,
2025-07-19,43,The Fall,Cody Johnson,44,11,Gains In Performance
2025-07-19,44,Better Me For You (Brown Eyes),Max McNown,43,22,
2025-07-19,45,Same Moon,Mitchell Tenpenny,46,7,Gains In Performance
2025-07-19,46,Til The Last One Dies,Chris Young,47,14,Gains In Performance
2025-07-19,47,Not At This Party,Dasha,45,15,
2025-07-19,48,Weak,Preston Cooper,55,3,Gains In Performance
2025-07-19,49,Paper Umbrellas,Tim McGraw Featuring Parker McCollum,49,8,Gains In Performance
2025-07-19,50,Wish You Well,Vincent Mason,48,18,
2025-07-19,51,Burned Down Heaven,Chase McDaniel,50,8,Gains In Performance
2025-07-19,52,Drink With You,Brett Young,51,5,Gains In Performance
2025-07-19,53,Use Me,Zach Top,57,3,Gains In Performance
2025-07-19,54,Me & A Beer,Chris Janson,52,6,Gains In Performance
2025-07-19,55,Amen,Shaboozey & Jelly Roll,54,6,Gains In Performance
2025-07-19,56,Baggage,Kelsea Ballerini,56,7,Gains In Performance
2025-07-19,57,6 Months Later,Megan Moroney,NEW,1,Highest ranking debut|Gains In Performance
2025-07-19,58,Kid Myself,John Morgan,NEW,1,Gains In Performance
2025-07-19,59,Wrong Hearts,LoCash,53,4,
2025-07-19,60,If I Die Before You,Chris Lane,58,15,
2025-07-26,1,Just In Case,Morgan Wallen,1,17,Gains In Performance
2025-07-26,2,Single Again,Josh Ross,5,68,Gains In Performance
2025-07-26,3,Fix What You Didn't Break,Nate Smith,2,36,Gains In Performance
2025-07-26,4,Park,Tyler Hubbard,6,45,Gains In Performance
2025-07-26,5,Country House,Sam Hunt,3,48,Gains In Performance
2025-07-26,6,After All The Bars Are Closed,Thomas Rhett,9,22,Gains In Performance
2025-07-26,7,Good News,Shaboozey,10,25,Gains In Performance
2025-07-26,8,Country Song Came On,Luke Bryan,11,35,Gains In Performance
2025-07-26,9,Happen To Me,Russell Dickerson,13,18,Gains In Performance
2025-07-26,10,Backup Plan,Bailey Zimmerman & Luke Combs,12,11,Gains In Performance
2025-07-26,11,Bottle Rockets,Scotty McCreery & Hootie & The Blowfish,15,10,Gains In Performance
2025-07-26,12,Friday Night Heartbreaker,Jon Pardi,14,45,Gains In Performance
2025-07-26,13,Bar None,Jordan Davis,17,17,Gains In Performance
2025-07-26,14,Heavens To Betsy,Jackson Dean,19,43,Gains In Performance
2025-07-26,15,Heart Of Stone,Jelly Roll,18,16,Gains In Performance
2025-07-26,16,Hands Of Time,Eric Church,16,18,
2025-07-26,17,Somewhere Over Laredo,Lainey Wilson,21,8,Gains In Performance
2025-07-26,18,Straight Line,Keith Urban,20,27,
2025-07-26,19,What Kinda Man,Parker McCollum,23,44,Gains In Performance
2025-07-26,20,A Song To Sing,Miranda Lambert & Chris Stapleton,NEW,1,Highest ranking debut|Gains In Performance
2025-07-26,21,"3,2,1",Tucker Wetmore,22,19,Gains In Performance
2025-07-26,22,House Again,Hudson Westbrook,24,17,Gains In Performance
2025-07-26,23,Darlin',Chase Matthew,28,33,Gains In Performance
2025-07-26,24,Good Times & Tan Lines,Zach Top,25,6,Gains In Performance
2025-07-26,25,I Got Better,Morgan Wallen,30,4,Gains In Performance
2025-07-26,26,She Hates Me,Dierks Bentley,26,22,Gains In Performance
2025-07-26,27,Cowgirl,Parmalee,29,28,Gains In Performance
2025-07-26,28,I Dare You,Rascal Flatts & Jonas Brothers,27,24,Gains In Performance
2025-07-26,29,It Won't Be Long,George Birge,31,25,Gains In Performance
2025-07-26,30,You Had To Be There,Megan Moroney & Kenny Chesney,32,10,Gains In Performance
2025-07-26,31,Favorite Country Song,HARDY,33,14,Gains In Performance
2025-07-26,32,Time's Ticking,Justin Moore,35,30,Gains In Performance
2025-07-26,33,I Ain't Coming Back,Morgan Wallen Featuring Post Malone,34,13,Gains In Performance
2025-07-26,34,Would If I Could,ERNEST,37,35,Gains In Performance
2025-07-26,35,Stay Country Or Die Tryin',Blake Shelton,36,8,Gains In Performance
2025-07-26,36,Golden Child,Meghan Patrick,38,32,Gains In Performance
2025-07-26,37,Hard Fought Hallelujah,Brandon Lake X Jelly Roll,40,14,Gains In Performance
2025-07-26,38,What He'll Never Have,Dylan Scott,41,12,Gains In Performance
2025-07-26,39,Ends Of The Earth,Ty Myers,39,20,
2025-07-26,40,Indigo,Sam Barber Featuring Avery Anna,42,25,Gains In Performance
2025-07-26,41,The Fall,Cody Johnson,43,12,Gains In Performance
2025-07-26,42,Same Moon,Mitchell Tenpenny,45,8,Gains In Performance
2025-07-26,43,Better Me For You (Brown Eyes),Max McNown,44,23,Gains In Performance
2025-07-26,44,Weak,Preston Cooper,48,4,Gains In Performance
2025-07-26,45,Not At This Party,Dasha,47,16,Gains In Performance
2025-07-26,46,Til The Last One Dies,Chris Young,46,15,
2025-07-26,47,Me & A Beer,Chris Janson,54,7,Gains In Performance
2025-07-26,48,6 Months Later,Megan Moroney,57,2,Gains In Performance
2025-07-26,49,Burned Down Heaven,Chase McDaniel,51,9,Gains In Performance
2025-07-26,50,Drink With You,Brett Young,52,6,Gains In Performance
2025-07-26,51,Use Me,Zach Top,53,4,Gains In Performance
2025-07-26,52,Wrong Hearts,LoCash,59,5,Gains In Performance
2025-07-26,53,Wish You Well,Vincent Mason,50,19,
2025-07-26,54,Paper Umbrellas,Tim McGraw Featuring Parker McCollum,49,9,
2025-07-26,55,Baggage,Kelsea Ballerini,56,8,Gains In Performance
2025-07-26,56,Don't Mind If I Do,Riley Green Featuring Ella Langley,NEW,1,Gains In Performance
2025-07-26,57,Amen,Shaboozey & Jelly Roll,55,7,
2025-07-26,58,If I Die Before You,Chris Lane,60,16,Gains In Performance
2025-07-26,59,What I Want,Morgan Wallen Featuring Tate McRae,RE,3,Gains In Performance
2025-07-26,60,Kid Myself,John Morgan,58,2,
2025-08-02,1,Just In Case,Morgan Wallen,1,18,
2025-08-02,2,Country House,Sam Hunt,5,49,Greatest gainer this week|Gains In Performance
2025-08-02,3,Park,Tyler Hubbard,4,46,Gains In Performance
2025-08-02,4,Good News,Shaboozey,7,26,Gains In Performance
2025-08-02,5,Fix What You Didn't Break,Nate Smith,3,37,Gains In Performance
2025-08-02,6,After All The Bars Are Closed,Thomas Rhett,6,23,Gains In Performance
2025-08-02,7,Single Again,Josh Ross,2,69,
2025-08-02,8,Country Song Came On,Luke Bryan,8,36,Gains In Performance
2025-08-02,9,Happen To Me,Russell Dickerson,9,19,Gains In Performance
2025-08-02,10,Backup Plan,Bailey Zimmerman & Luke Combs,10,12,Gains In Performance
2025-08-02,11,Bottle Rockets,Scotty McCreery & Hootie & The Blowfish,11,11,Gains In Performance
2025-08-02,12,Friday Night Heartbreaker,Jon Pardi,12,46,Gains In Performance
2025-08-02,13,Bar None,Jordan Davis,13,18,Gains In Performance
2025-08-02,14,Heart Of Stone,Jelly Roll,15,17,Gains In Performance
2025-08-02,15,Heavens To Betsy,Jackson Dean,14,44,Gains In Performance
2025-08-02,16,Hands Of Time,Eric Church,16,19,Gains In Performance
2025-08-02,17,Somewhere Over Laredo,Lainey Wilson,17,9,Gains In Performance
2025-08-02,18,What Kinda Man,Parker McCollum,19,45,Gains In Performance
2025-08-02,19,House Again,Hudson Westbrook,22,18,Gains In Performance
2025-08-02,20,Straight Line,Keith Urban,18,28,Gains In Performance
2025-08-02,21,"3,2,1",Tucker Wetmore,21,20,Gains In Performance
2025-08-02,22,I Got Better,Morgan Wallen,25,5,Gains In Performance
2025-08-02,23,Darlin',Chase Matthew,23,34,Gains In Performance
2025-08-02,24,Good Times & Tan Lines,Zach Top,24,7,Gains In Performance
2025-08-02,25,Cowgirl,Parmalee,27,29,Gains In Performance
2025-08-02,26,She Hates Me,Dierks Bentley,26,23,Gains In Performance
2025-08-02,27,It Won't Be Long,George Birge,29,26,Gains In Performance
2025-08-02,28,I Dare You,Rascal Flatts & Jonas Brothers,28,25,
2025-08-02,29,Favorite Country Song,HARDY,31,15,Gains In Performance
2025-08-02,30,You Had To Be There,Megan Moroney & Kenny Chesney,30,11,Gains In Performance
2025-08-02,31,I Ain't Coming Back,Morgan Wallen Featuring Post Malone,33,14,Gains In Performance
2025-08-02,32,Time's Ticking,Justin Moore,32,31,Gains In Performance
2025-08-02,33,Stay Country Or Die Tryin',Blake Shelton,35,9,Gains In Performance
2025-08-02,34,Don't Mind If I Do,Riley Green Featuring Ella Langley,56,2,Gains In Performance
2025-08-02,35,Would If I Could,ERNEST,34,36,Gains In Performance
2025-08-02,36,Golden Child,Meghan Patrick,36,33,Gains In Performance
2025-08-02,37,Ends Of The Earth,Ty Myers,39,21,Gains In Performance
2025-08-02,38,The Fall,Cody Johnson,41,13,Gains In Performance
2025-08-02,39,Hard Fought Hallelujah,Brandon Lake X Jelly Roll,37,15,Gains In Performance
2025-08-02,40,A Song To Sing,Miranda Lambert & Chris Stapleton,20,2,
2025-08-02,41,What He'll Never Have,Dylan Scott,38,13,Gains In Performance
2025-08-02,42,6 Months Later,Megan Moroney,48,3,Gains In Performance
2025-08-02,43,Til The Last One Dies,Chris Young,46,16,Gains In Performance
2025-08-02,44,Better Me For You (Brown Eyes),Max McNown,43,24,Gains In Performance
2025-08-02,45,Weak,Preston Cooper,44,5,Gains In Performance
2025-08-02,46,Me & A Beer,Chris Janson,47,8,Gains In Performance
2025-08-02,47,Same Moon,Mitchell Tenpenny,42,9,
2025-08-02,48,Not At This Party,Dasha,45,17,Gains In Performance
2025-08-02,49,Drink With You,Brett Young,50,7,Gains In Performance
2025-08-02,50,Paper Umbrellas,Tim McGraw Featuring Parker McCollum,54,10,Gains In Performance
2025-08-02,51,Baggage,Kelsea Ballerini,55,9,Gains In Performance
2025-08-02,52,Wish You Well,Vincent Mason,53,20,Gains In Performance
2025-08-02,53,Burned Down Heaven,Chase McDaniel,49,10,
2025-08-02,54,Wrong Hearts,LoCash,52,6,
2025-08-02,55,What I Want,Morgan Wallen Featuring Tate McRae,59,4,Gains In Performance
2025-08-02,56,2 Pair,Kane Brown,RE,2,Gains In Performance
2025-08-02,57,Kid Myself,John Morgan,60,3,Gains In Performance
2025-08-02,58,Use Me,Zach Top,51,5,
2025-08-02,59,Amen,Shaboozey & Jelly Roll,57,8,
2025-08-02,60,Easy To Love,Dustin Lynch,RE,2,
2025-08-09,1,Park,Tyler Hubbard,3,47,Gains In Performance
2025-08-09,2,Just In Case,Morgan Wallen,1,19,
2025-08-09,3,After All The Bars Are Closed,Thomas Rhett,6,24,Gains In Performance
2025-08-09,4,Good News,Shaboozey,4,27,Gains In Performance
2025-08-09,5,Fix What You Didn't Break,Nate Smith,5,38,
2025-08-09,6,Country House,Sam Hunt,2,50,
2025-08-09,7,Country Song Came On,Luke Bryan,8,37,Gains In Performance
2025-08-09,8,Backup Plan,Bailey Zimmerman & Luke Combs,10,13,Gains In Performance
2025-08-09,9,Happen To Me,Russell Dickerson,9,20,Gains In Performance
2025-08-09,10,Bottle Rockets,Scotty McCreery & Hootie & The Blowfish,11,12,Gains In Performance
2025-08-09,11,Back In The Saddle,Luke Combs,NEW,1,Gains In Performance
2025-08-09,12,Heart Of Stone,Jelly Roll,14,18,Gains In Performance
2025-08-09,13,Bar None,Jordan Davis,13,19,Gains In Performance
2025-08-09,14,Friday Night Heartbreaker,Jon Pardi,12,47,Gains In Performance
2025-08-09,15,Heavens To Betsy,Jackson Dean,15,45,Gains In Performance
2025-08-09,16,Hands Of Time,Eric Church,16,20,Gains In Performance
2025-08-09,17,Somewhere Over Laredo,Lainey Wilson,17,10,Gains In Performance
2025-08-09,18,What Kinda Man,Parker McCollum,18,46,Gains In Performance
2025-08-09,19,I Got Better,Morgan Wallen,22,6,Gains In Performance
2025-08-09,20,House Again,Hudson Westbrook,19,19,Gains In Performance
2025-08-09,21,Darlin',Chase Matthew,23,35,Gains In Performance
2025-08-09,22,"3,2,1",Tucker Wetmore,21,21,Gains In Performance
2025-08-09,23,Straight Line,Keith Urban,20,29,
2025-08-09,24,Good Times & Tan Lines,Zach Top,24,8,Gains In Performance
2025-08-09,25,Cowgirl,Parmalee,25,30,Gains In Performance
2025-08-09,26,She Hates Me,Dierks Bentley,26,24,Gains In Performance
2025-08-09,27,It Won't Be Long,George Birge,27,27,Gains In Performance
2025-08-09,28,I Dare You,Rascal Flatts & Jonas Brothers,28,26,Gains In Performance
2025-08-09,29,Favorite Country Song,HARDY,29,16,Gains In Performance
2025-08-09,30,Don't Mind If I Do,Riley Green Featuring Ella Langley,34,3,Gains In Performance
2025-08-09,31,You Had To Be There,Megan Moroney & Kenny Chesney,30,12,Gains In Performance
2025-08-09,32,Time's Ticking,Justin Moore,32,32,Gains In Performance
2025-08-09,33,I Ain't Coming Back,Morgan Wallen Featuring Post Malone,31,15,Gains In Performance
2025-08-09,34,Stay Country Or Die Tryin',Blake Shelton,33,10,Gains In Performance
2025-08-09,35,Would If I Could,ERNEST,35,37,Gains In Performance
2025-08-09,36,Golden Child,Meghan Patrick,36,34,Gains In Performance
2025-08-09,37,A Song To Sing,Miranda Lambert & Chris Stapleton,40,3,Gains In Performance
2025-08-09,38,6 Months Later,Megan Moroney,42,4,Gains In Performance
2025-08-09,39,The Fall,Cody Johnson,38,14,Gains In Performance
2025-08-09,40,What He'll Never Have,Dylan Scott,41,14,Gains In Performance
2025-08-09,41,Hard Fought Hallelujah,Brandon Lake X Jelly Roll,39,16,Gains In Performance
2025-08-09,42,Weak,Preston Cooper,45,6,Gains In Performance
2025-08-09,43,Ends Of The Earth,Ty Myers,37,22,
2025-08-09,44,Til The Last One Dies,Chris Young,43,17,Gains In Performance
2025-08-09,45,Better Me For You (Brown Eyes),Max McNown,44,25,Gains In Performance
2025-08-09,46,Me & A Beer,Chris Janson,46,9,Gains In Performance
2025-08-09,47,Not At This Party,Dasha,48,18,Gains In Performance
2025-08-09,48,Same Moon,Mitchell Tenpenny,47,10,
2025-08-09,49,Drink With You,Brett Young,49,8,Gains In Performance
2025-08-09,50,Paper Umbrellas,Tim McGraw Featuring Parker McCollum,50,11,
2025-08-09,51,Baggage,Kelsea Ballerini,51,10,
2025-08-09,52,Wrong Hearts,LoCash,54,7,Gains In Performance
2025-08-09,53,Wish You Well,Vincent Mason,52,21,
2025-08-09,54,Kid Myself,John Morgan,57,4,Gains In Performance
2025-08-09,55,Burned Down Heaven,Chase McDaniel,53,11,
2025-08-09,56,2 Pair,Kane Brown,56,3,Gains In Performance
2025-08-09,57,What I Want,Morgan Wallen Featuring Tate McRae,55,5,
2025-08-09,58,Use Me,Zach Top,58,6,
2025-08-09,59,Easy To Love,Dustin Lynch,60,3,Gains In Performance
2025-08-09,60,Never Call Again,Gavin Adcock,NEW,1,Gains In Performance
2025-08-16,1,After All The Bars Are Closed,Thomas Rhett,3,25,Gains In Performance
2025-08-16,2,Good News,Shaboozey,4,28,Gains In Performance
2025-08-16,3,Fix What You Didn't Break,Nate Smith,5,39,Greatest gainer this week|Gains In Performance
2025-08-16,4,Just In Case,Morgan Wallen,2,20,
2025-08-16,5,Park,Tyler Hubbard,1,48,
2025-08-16,6,Country Song Came On,Luke Bryan,7,38,Gains In Performance
2025-08-16,7,Backup Plan,Bailey Zimmerman & Luke Combs,8,14,Gains In Performance
2025-08-16,8,Happen To Me,Russell Dickerson,9,21,Gains In Performance
2025-08-16,9,Bottle Rockets,Scotty McCreery & Hootie & The Blowfish,10,13,Gains In Performance
2025-08-16,10,Heart Of Stone,Jelly Roll,12,19,Gains In Performance
2025-08-16,11,Bar None,Jordan Davis,13,20,Gains In Performance
2025-08-16,12,Friday Night Heartbreaker,Jon Pardi,14,48,Gains In Performance
2025-08-16,13,Heavens To Betsy,Jackson Dean,15,46,Gains In Performance
2025-08-16,14,Hands Of Time,Eric Church,16,21,Gains In Performance
2025-08-16,15,I Got Better,Morgan Wallen,19,7,Gains In Performance
2025-08-16,16,Back In The Saddle,Luke Combs,11,2,Gains In Performance
2025-08-16,17,Darlin',Chase Matthew,21,36,Gains In Performance
2025-08-16,18,Somewhere Over Laredo,Lainey Wilson,17,11,Gains In Performance
2025-08-16,19,What Kinda Man,Parker McCollum,18,47,Gains In Performance
2025-08-16,20,House Again,Hudson Westbrook,20,20,Gains In Performance
2025-08-16,21,"3,2,1",Tucker Wetmore,22,22,Gains In Performance
2025-08-16,22,Straight Line,Keith Urban,23,30,
2025-08-16,23,Good Times & Tan Lines,Zach Top,24,9,Gains In Performance
2025-08-16,24,Cowgirl,Parmalee,25,31,Gains In Performance
2025-08-16,25,I Dare You,Rascal Flatts & Jonas Brothers,28,27,Gains In Performance
2025-08-16,26,Don't Mind If I Do,Riley Green Featuring Ella Langley,30,4,Gains In Performance
2025-08-16,27,It Won't Be Long,George Birge,27,28,Gains In Performance
2025-08-16,28,Favorite Country Song,HARDY,29,17,
2025-08-16,29,You Had To Be There,Megan Moroney & Kenny Chesney,31,13,Gains In Performance
2025-08-16,30,Stay Country Or Die Tryin',Blake Shelton,34,11,Gains In Performance
2025-08-16,31,Time's Ticking,Justin Moore,32,33,Gains In Performance
2025-08-16,32,Weak,Preston Cooper,42,7,Gains In Performance
2025-08-16,33,I Ain't Coming Back,Morgan Wallen Featuring Post Malone,33,16,
2025-08-16,34,Golden Child,Meghan Patrick,36,35,Gains In Performance
2025-08-16,35,Would If I Could,ERNEST,35,38,Gains In Performance
2025-08-16,36,A Song To Sing,Miranda Lambert & Chris Stapleton,37,4,Gains In Performance
2025-08-16,37,Ends Of The Earth,Ty Myers,43,23,Gains In Performance
2025-08-16,38,6 Months Later,Megan Moroney,38,5,Gains In Performance
2025-08-16,39,What He'll Never Have,Dylan Scott,40,15,Gains In Performance
2025-08-16,40,Me & A Beer,Chris Janson,46,10,Gains In Performance
2025-08-16,41,Hard Fought Hallelujah,Brandon Lake X Jelly Roll,41,17,Gains In Performance
2025-08-16,42,The Fall,Cody Johnson,39,15,Gains In Performance
2025-08-16,43,Better Me For You (Brown Eyes),Max McNown,45,26,Gains In Performance
2025-08-16,44,Til The Last One Dies,Chris Young,44,18,Gains In Performance
2025-08-16,45,Not At This Party,Dasha,47,19,
2025-08-16,46,Same Moon,Mitchell Tenpenny,48,11,
2025-08-16,47,Paper Umbrellas,Tim McGraw Featuring Parker McCollum,50,12,Gains In Performance
2025-08-16,48,Wish You Well,Vincent Mason,53,22,Gains In Performance
2025-08-16,49,Baggage,Kelsea Ballerini,51,11,Gains In Performance
2025-08-16,50,Drink With You,Brett Young,49,9,
2025-08-16,51,Wrong Hearts,LoCash,52,8,Gains In Performance
2025-08-16,52,Burned Down Heaven,Chase McDaniel,55,12,Gains In Performance
2025-08-16,53,Kid Myself,John Morgan,54,5,Gains In Performance
2025-08-16,54,2 Pair,Kane Brown,56,4,Gains In Performance
2025-08-16,55,Use Me,Zach Top,58,7,Gains In Performance
2025-08-16,56,Easy To Love,Dustin Lynch,59,4,Gains In Performance
2025-08-16,57,No Tellin',Caroline Jones,NEW,1,Highest ranking debut|Gains In Performance
2025-08-16,58,I Wish You Would,Mackenzie Carpenter Featuring Midland,RE,2,Gains In Performance
2025-08-16,59,Never Call Again,Gavin Adcock,60,2,Gains In Performance
2025-08-16,60,Amen,Shaboozey & Jelly Roll,RE,9,Gains In Performance
2025-08-23,1,After All The Bars Are Closed,Thomas Rhett,1,26,Gains In Performance
2025-08-23,2,Good News,Shaboozey,2,29,Gains In Performance
2025-08-23,3,Country Song Came On,Luke Bryan,6,39,Greatest gainer this week|Gains In Performance
2025-08-23,4,Just In Case,Morgan Wallen,4,21,
2025-08-23,5,Backup Plan,Bailey Zimmerman & Luke Combs,7,15,Gains In Performance
2025-08-23,6,Happen To Me,Russell Dickerson,8,22,Gains In Performance
2025-08-23,7,Fix What You Didn't Break,Nate Smith,3,40,
2025-08-23,8,Bottle Rockets,Scotty McCreery & Hootie & The Blowfish,9,14,Gains In Performance
2025-08-23,9,Heart Of Stone,Jelly Roll,10,20,Gains In Performance
2025-08-23,10,Bar None,Jordan Davis,11,21,Gains In Performance
2025-08-23,11,Friday Night Heartbreaker,Jon Pardi,12,49,Gains In Performance
2025-08-23,12,Heavens To Betsy,Jackson Dean,13,47,Gains In Performance
2025-08-23,13,I Got Better,Morgan Wallen,15,8,Gains In Performance
2025-08-23,14,Back In The Saddle,Luke Combs,16,3,Gains In Performance
2025-08-23,15,Darlin',Chase Matthew,17,37,Gains In Performance
2025-08-23,16,Hands Of Time,Eric Church,14,22,
2025-08-23,17,Somewhere Over Laredo,Lainey Wilson,18,12,Gains In Performance
2025-08-23,18,What Kinda Man,Parker McCollum,19,48,Gains In Performance
2025-08-23,19,House Again,Hudson Westbrook,20,21,Gains In Performance
2025-08-23,20,"3,2,1",Tucker Wetmore,21,23,Gains In Performance
2025-08-23,21,Straight Line,Keith Urban,22,31,Gains In Performance
2025-08-23,22,Good Times & Tan Lines,Zach Top,23,10,Gains In Performance
2025-08-23,23,Cowgirl,Parmalee,24,32,Gains In Performance
2025-08-23,24,Don't Mind If I Do,Riley Green Featuring Ella Langley,26,5,Gains In Performance
2025-08-23,25,I Dare You,Rascal Flatts & Jonas Brothers,25,28,
2025-08-23,26,It Won't Be Long,George Birge,27,29,
2025-08-23,27,Stay Country Or Die Tryin',Blake Shelton,30,12,Gains In Performance
2025-08-23,28,Favorite Country Song,HARDY,28,18,Gains In Performance
2025-08-23,29,Time's Ticking,Justin Moore,31,34,Gains In Performance
2025-08-23,30,You Had To Be There,Megan Moroney & Kenny Chesney,29,14,
2025-08-23,31,Weak,Preston Cooper,32,8,Gains In Performance
2025-08-23,32,6 Months Later,Megan Moroney,38,6,Gains In Performance
2025-08-23,33,A Song To Sing,Miranda Lambert & Chris Stapleton,36,5,Gains In Performance
2025-08-23,34,I Ain't Coming Back,Morgan Wallen Featuring Post Malone,33,17,Gains In Performance
2025-08-23,35,Golden Child,Meghan Patrick,34,36,Gains In Performance
2025-08-23,36,What He'll Never Have,Dylan Scott,39,16,Gains In Performance
2025-08-23,37,Would If I Could,ERNEST,35,39,Gains In Performance
2025-08-23,38,The Fall,Cody Johnson,42,16,Gains In Performance
2025-08-23,39,Hard Fought Hallelujah,Brandon Lake X Jelly Roll,41,18,Gains In Performance
2025-08-23,40,Ends Of The Earth,Ty Myers,37,24,
2025-08-23,41,Better Me For You (Brown Eyes),Max McNown,43,27,Gains In Performance
2025-08-23,42,Me & A Beer,Chris Janson,40,11,
2025-08-23,43,Til The Last One Dies,Chris Young,44,19,
2025-08-23,44,Not At This Party,Dasha,45,20,
2025-08-23,45,Same Moon,Mitchell Tenpenny,46,12,
2025-08-23,46,Wish You Well,Vincent Mason,48,23,Gains In Performance
2025-08-23,47,Baggage,Kelsea Ballerini,49,12,
2025-08-23,48,Paper Umbrellas,Tim McGraw Featuring Parker McCollum,47,13,Gains In Performance
2025-08-23,49,Burned Down Heaven,Chase McDaniel,52,13,Gains In Performance
2025-08-23,50,Drink With You,Brett Young,50,10,Gains In Performance
2025-08-23,51,Wrong Hearts,LoCash,51,9,
2025-08-23,52,Kid Myself,John Morgan,53,6,Gains In Performance
2025-08-23,53,2 Pair,Kane Brown,54,5,Gains In Performance
2025-08-23,54,Use Me,Zach Top,55,8,
2025-08-23,55,Never Call Again,Gavin Adcock,59,3,Gains In Performance
2025-08-23,56,Easy To Love,Dustin Lynch,56,5,Gains In Performance
2025-08-23,57,No Tellin',Caroline Jones,57,2,Gains In Performance
2025-08-23,58,Making Good Time,Old Dominion,NEW,1,Highest ranking debut|Gains In Performance
2025-08-23,59,I Wish You Would,Mackenzie Carpenter Featuring Midland,58,3,Gains In Performance
2025-08-23,60,We Can Always Move On,Cole Swindell,NEW,1,Gains In Performance
2025-08-30,1,After All The Bars Are Closed,Thomas Rhett,1,27,Gains In Performance
2025-08-30,2,Good News,Shaboozey,2,30,Gains In Performance
2025-08-30,3,Just In Case,Morgan Wallen,4,22,
2025-08-30,4,Backup Plan,Bailey Zimmerman & Luke Combs,5,16,Gains In Performance
2025-08-30,5,Happen To Me,Russell Dickerson,6,23,Gains In Performance
2025-08-30,6,Country Song Came On,Luke Bryan,3,40,
2025-08-30,7,Bottle Rockets,Scotty McCreery & Hootie & The Blowfish,8,15,Gains In Performance
2025-08-30,8,Heart Of Stone,Jelly Roll,9,21,Gains In Performance
2025-08-30,9,Bar None,Jordan Davis,10,22,Gains In Performance
2025-08-30,10,I Got Better,Morgan Wallen,13,9,Gains In Performance
2025-08-30,11,Friday Night Heartbreaker,Jon Pardi,11,50,Gains In Performance
2025-08-30,12,Back In The Saddle,Luke Combs,14,4,Greatest gainer this week|Gains In Performance
2025-08-30,13,Heavens To Betsy,Jackson Dean,12,48,Gains In Performance
2025-08-30,14,Darlin',Chase Matthew,15,38,Gains In Performance
2025-08-30,15,What Kinda Man,Parker McCollum,18,49,Gains In Performance
2025-08-30,16,Hands Of Time,Eric Church,16,23,Gains In Performance
2025-08-30,17,Somewhere Over Laredo,Lainey Wilson,17,13,Gains In Performance
2025-08-30,18,House Again,Hudson Westbrook,19,22,Gains In Performance
2025-08-30,19,"3,2,1",Tucker Wetmore,20,24,Gains In Performance
2025-08-30,20,Good Times & Tan Lines,Zach Top,22,11,Gains In Performance
2025-08-30,21,Straight Line,Keith Urban,21,32,
2025-08-30,22,Cowgirl,Parmalee,23,33,Gains In Performance
2025-08-30,23,Don't Mind If I Do,Riley Green Featuring Ella Langley,24,6,Gains In Performance
2025-08-30,24,It Won't Be Long,George Birge,26,30,Gains In Performance
2025-08-30,25,I Dare You,Rascal Flatts & Jonas Brothers,25,29,Gains In Performance
2025-08-30,26,Favorite Country Song,HARDY,28,19,Gains In Performance
2025-08-30,27,Stay Country Or Die Tryin',Blake Shelton,27,13,Gains In Performance
2025-08-30,28,Time's Ticking,Justin Moore,29,35,Gains In Performance
2025-08-30,29,6 Months Later,Megan Moroney,32,7,Gains In Performance
2025-08-30,30,You Had To Be There,Megan Moroney & Kenny Chesney,30,15,Gains In Performance
2025-08-30,31,Weak,Preston Cooper,31,9,Gains In Performance
2025-08-30,32,What He'll Never Have,Dylan Scott,36,17,Gains In Performance
2025-08-30,33,I Ain't Coming Back,Morgan Wallen Featuring Post Malone,34,18,Gains In Performance
2025-08-30,34,Ends Of The Earth,Ty Myers,40,25,Gains In Performance
2025-08-30,35,Golden Child,Meghan Patrick,35,37,Gains In Performance
2025-08-30,36,A Song To Sing,Miranda Lambert & Chris Stapleton,33,6,
2025-08-30,37,Would If I Could,ERNEST,37,40,Gains In Performance
2025-08-30,38,Better Me For You (Brown Eyes),Max McNown,41,28,Gains In Performance
2025-08-30,39,The Fall,Cody Johnson,38,17,Gains In Performance
2025-08-30,40,Hard Fought Hallelujah,Brandon Lake X Jelly Roll,39,19,Gains In Performance
2025-08-30,41,Me & A Beer,Chris Janson,42,12,Gains In Performance
2025-08-30,42,Til The Last One Dies,Chris Young,43,20,Gains In Performance
2025-08-30,43,Same Moon,Mitchell Tenpenny,45,13,Gains In Performance
2025-08-30,44,Not At This Party,Dasha,44,21,
2025-08-30,45,2 Pair,Kane Brown,53,6,Gains In Performance
2025-08-30,46,Baggage,Kelsea Ballerini,47,13,Gains In Performance
2025-08-30,47,Drink With You,Brett Young,50,11,Gains In Performance
2025-08-30,48,Wrong Hearts,LoCash,51,10,Gains In Performance
2025-08-30,49,Paper Umbrellas,Tim McGraw Featuring Parker McCollum,48,14,
2025-08-30,50,Burned Down Heaven,Chase McDaniel,49,14,Gains In Performance
2025-08-30,51,Kid Myself,John Morgan,52,7,Gains In Performance
2025-08-30,52,Wish You Well,Vincent Mason,46,24,
2025-08-30,53,Use Me,Zach Top,54,9,Gains In Performance
2025-08-30,54,Never Call Again,Gavin Adcock,55,4,Gains In Performance
2025-08-30,55,Making Good Time,Old Dominion,58,2,Gains In Performance
2025-08-30,56,Easy To Love,Dustin Lynch,56,6,Gains In Performance
2025-08-30,57,I Wish You Would,Mackenzie Carpenter Featuring Midland,59,4,Gains In Performance
2025-08-30,58,We Can Always Move On,Cole Swindell,60,2,Gains In Performance
2025-08-30,59,No Tellin',Caroline Jones,57,3,
2025-08-30,60,Seventeen,Kameron Marlowe,NEW,1,Highest ranking debut|Gains In Performance
2025-09-06,1,Good News,Shaboozey,2,31,Gains In Performance
2025-09-06,2,Backup Plan,Bailey Zimmerman & Luke Combs,4,17,Greatest gainer this week|Gains In Performance
2025-09-06,3,After All The Bars Are Closed,Thomas Rhett,1,28,
2025-09-06,4,Happen To Me,Russell Dickerson,5,24,Gains In Performance
2025-09-06,5,Just In Case,Morgan Wallen,3,23,
2025-09-06,6,Bottle Rockets,Scotty McCreery & Hootie & The Blowfish,7,16,Gains In Performance
2025-09-06,7,Heart Of Stone,Jelly Roll,8,22,Gains In Performance
2025-09-06,8,Bar None,Jordan Davis,9,23,Gains In Performance
2025-09-06,9,I Got Better,Morgan Wallen,10,10,Gains In Performance
2025-09-06,10,Friday Night Heartbreaker,Jon Pardi,11,51,Gains In Performance
2025-09-06,11,Back In The Saddle,Luke Combs,12,5,Gains In Performance
2025-09-06,12,Darlin',Chase Matthew,14,39,Gains In Performance
2025-09-06,13,Heavens To Betsy,Jackson Dean,13,49,
2025-09-06,14,What Kinda Man,Parker McCollum,15,50,Gains In Performance
2025-09-06,15,Hands Of Time,Eric Church,16,24,Gains In Performance
2025-09-06,16,Somewhere Over Laredo,Lainey Wilson,17,14,Gains In Performance
2025-09-06,17,House Again,Hudson Westbrook,18,23,Gains In Performance
2025-09-06,18,Good Times & Tan Lines,Zach Top,20,12,Gains In Performance
2025-09-06,19,"3,2,1",Tucker Wetmore,19,25,Gains In Performance
2025-09-06,20,Cowgirl,Parmalee,22,34,Gains In Performance
2025-09-06,21,Straight Line,Keith Urban,21,33,Gains In Performance
2025-09-06,22,Don't Mind If I Do,Riley Green Featuring Ella Langley,23,7,Gains In Performance
2025-09-06,23,Stay Country Or Die Tryin',Blake Shelton,27,14,Gains In Performance
2025-09-06,24,It Won't Be Long,George Birge,24,31,Gains In Performance
2025-09-06,25,I Dare You,Rascal Flatts & Jonas Brothers,25,30,Gains In Performance
2025-09-06,26,Favorite Country Song,HARDY,26,20,Gains In Performance
2025-09-06,27,Time's Ticking,Justin Moore,28,36,Gains In Performance
2025-09-06,28,6 Months Later,Megan Moroney,29,8,Gains In Performance
2025-09-06,29,You Had To Be There,Megan Moroney & Kenny Chesney,30,16,Gains In Performance
2025-09-06,30,Weak,Preston Cooper,31,10,Gains In Performance
2025-09-06,31,Golden Child,Meghan Patrick,35,38,Gains In Performance
2025-09-06,32,Better Me For You (Brown Eyes),Max McNown,38,29,Gains In Performance
2025-09-06,33,Ends Of The Earth,Ty Myers,34,26,Gains In Performance
2025-09-06,34,What He'll Never Have,Dylan Scott,32,18,Gains In Performance
2025-09-06,35,I Ain't Coming Back,Morgan Wallen Featuring Post Malone,33,19,Gains In Performance
2025-09-06,36,Would If I Could,ERNEST,37,41,Gains In Performance
2025-09-06,37,The Fall,Cody Johnson,39,18,Gains In Performance
2025-09-06,38,A Song To Sing,Miranda Lambert & Chris Stapleton,36,7,Gains In Performance
2025-09-06,39,Me & A Beer,Chris Janson,41,13,Gains In Performance
2025-09-06,40,Hard Fought Hallelujah,Brandon Lake X Jelly Roll,40,20,
2025-09-06,41,Til The Last One Dies,Chris Young,42,21,Gains In Performance
2025-09-06,42,Same Moon,Mitchell Tenpenny,43,14,Gains In Performance
2025-09-06,43,Wrong Hearts,LoCash,48,11,Gains In Performance
2025-09-06,44,Not At This Party,Dasha,44,22,
2025-09-06,45,Paper Umbrellas,Tim McGraw Featuring Parker McCollum,49,15,Gains In Performance
2025-09-06,46,2 Pair,Kane Brown,45,7,Gains In Performance
2025-09-06,47,Drink With You,Brett Young,47,12,Gains In Performance
2025-09-06,48,Wish You Well,Vincent Mason,52,25,Gains In Performance
2025-09-06,49,Baggage,Kelsea Ballerini,46,14,
2025-09-06,50,Kid Myself,John Morgan,51,8,
2025-09-06,51,Burned Down Heaven,Chase McDaniel,50,15,
2025-09-06,52,Use Me,Zach Top,53,10,Gains In Performance
2025-09-06,53,Making Good Time,Old Dominion,55,3,Gains In Performance
2025-09-06,54,Seventeen,Kameron Marlowe,60,2,Gains In Performance
2025-09-06,55,Never Call Again,Gavin Adcock,54,5,Gains In Performance
2025-09-06,56,I Wish You Would,Mackenzie Carpenter Featuring Midland,57,5,Gains In Performance
2025-09-06,57,Easy To Love,Dustin Lynch,56,7,Gains In Performance
2025-09-06,58,We Can Always Move On,Cole Swindell,58,3,Gains In Performance
2025-09-06,59,No Tellin',Caroline Jones,59,4,Gains In Performance
2025-09-06,60,Heaven Passing Through,Turnpike Troubadours,NEW,1,Highest ranking debut|Gains In Performance
2025-09-13,1,Good News,Shaboozey,1,32,Gains In Performance
2025-09-13,2,Happen To Me,Russell Dickerson,4,25,Greatest gainer this week|Gains In Performance
2025-09-13,3,Backup Plan,Bailey Zimmerman & Luke Combs,2,18,
2025-09-13,4,Bottle Rockets,Scotty McCreery & Hootie & The Blowfish,6,17,Gains In Performance
2025-09-13,5,After All The Bars Are Closed,Thomas Rhett,3,29,
2025-09-13,6,Heart Of Stone,Jelly Roll,7,23,Gains In Performance
2025-09-13,7,Just In Case,Morgan Wallen,5,24,
2025-09-13,8,Bar None,Jordan Davis,8,24,Gains In Performance
2025-09-13,9,I Got Better,Morgan Wallen,9,11,Gains In Performance
2025-09-13,10,Back In The Saddle,Luke Combs,11,6,Gains In Performance
2025-09-13,11,Friday Night Heartbreaker,Jon Pardi,10,52,Gains In Performance
2025-09-13,12,Darlin',Chase Matthew,12,40,Gains In Performance
2025-09-13,13,Heavens To Betsy,Jackson Dean,13,50,Gains In Performance
2025-09-13,14,What Kinda Man,Parker McCollum,14,51,Gains In Performance
2025-09-13,15,Somewhere Over Laredo,Lainey Wilson,16,15,Gains In Performance
2025-09-13,16,Hands Of Time,Eric Church,15,25,Gains In Performance
2025-09-13,17,House Again,Hudson Westbrook,17,24,Gains In Performance
2025-09-13,18,"3,2,1",Tucker Wetmore,19,26,Gains In Performance
2025-09-13,19,Good Times & Tan Lines,Zach Top,18,13,Gains In Performance
2025-09-13,20,Cowgirl,Parmalee,20,35,Gains In Performance
2025-09-13,21,Straight Line,Keith Urban,21,34,Gains In Performance
2025-09-13,22,Don't Mind If I Do,Riley Green Featuring Ella Langley,22,8,Gains In Performance
2025-09-13,23,It Won't Be Long,George Birge,24,32,Gains In Performance
2025-09-13,24,I Dare You,Rascal Flatts & Jonas Brothers,25,31,Gains In Performance
2025-09-13,25,Favorite Country Song,HARDY,26,21,Gains In Performance
2025-09-13,26,Stay Country Or Die Tryin',Blake Shelton,23,15,Gains In Performance
2025-09-13,27,Time's Ticking,Justin Moore,27,37,Gains In Performance
2025-09-13,28,6 Months Later,Megan Moroney,28,9,Gains In Performance
2025-09-13,29,You Had To Be There,Megan Moroney & Kenny Chesney,29,17,Gains In Performance
2025-09-13,30,Better Me For You (Brown Eyes),Max McNown,32,30,Gains In Performance
2025-09-13,31,Golden Child,Meghan Patrick,31,39,Gains In Performance
2025-09-13,32,What He'll Never Have,Dylan Scott,34,19,Gains In Performance
2025-09-13,33,Weak,Preston Cooper,30,11,Gains In Performance
2025-09-13,34,Ends Of The Earth,Ty Myers,33,27,
2025-09-13,35,Would If I Could,ERNEST,36,42,Gains In Performance
2025-09-13,36,A Song To Sing,Miranda Lambert & Chris Stapleton,38,8,Gains In Performance
2025-09-13,37,I Ain't Coming Back,Morgan Wallen Featuring Post Malone,35,20,
2025-09-13,38,The Fall,Cody Johnson,37,19,
2025-09-13,39,Me & A Beer,Chris Janson,39,14,
2025-09-13,40,Hard Fought Hallelujah,Brandon Lake X Jelly Roll,40,21,
2025-09-13,41,Til The Last One Dies,Chris Young,41,22,Gains In Performance
2025-09-13,42,Same Moon,Mitchell Tenpenny,42,15,Gains In Performance
2025-09-13,43,2 Pair,Kane Brown,46,8,Gains In Performance
2025-09-13,44,Wrong Hearts,LoCash,43,12,
2025-09-13,45,Not At This Party,Dasha,44,23,Gains In Performance
2025-09-13,46,Wish You Well,Vincent Mason,48,26,Gains In Performance
2025-09-13,47,Paper Umbrellas,Tim McGraw Featuring Parker McCollum,45,16,
2025-09-13,48,Want You Back,Brantley Gilbert,NEW,1,Highest ranking debut|Gains In Performance
2025-09-13,49,Baggage,Kelsea Ballerini,49,15,Gains In Performance
2025-09-13,50,Drink With You,Brett Young,47,13,
2025-09-13,51,Burned Down Heaven,Chase McDaniel,51,16,Gains In Performance
2025-09-13,52,Kid Myself,John Morgan,50,9,Gains In Performance
2025-09-13,53,Making Good Time,Old Dominion,53,4,Gains In Performance
2025-09-13,54,Never Call Again,Gavin Adcock,55,6,Gains In Performance
2025-09-13,55,Use Me,Zach Top,52,11,
2025-09-13,56,Seventeen,Kameron Marlowe,54,3,
2025-09-13,57,Easy To Love,Dustin Lynch,57,8,Gains In Performance
2025-09-13,58,I Wish You Would,Mackenzie Carpenter Featuring Midland,56,6,
2025-09-13,59,We Can Always Move On,Cole Swindell,58,4,Gains In Performance
2025-09-13,60,No Tellin',Caroline Jones,59,5,Gains In Performance
2025-09-20,1,Happen To Me,Russell Dickerson,2,26,Greatest gainer this week|Gains In Performance
2025-09-20,2,Good News,Shaboozey,1,33,
2025-09-20,3,Heart Of Stone,Jelly Roll,6,24,Gains In Performance
2025-09-20,4,Bottle Rockets,Scotty McCreery & Hootie & The Blowfish,4,18,Gains In Performance
2025-09-20,5,After All The Bars Are Closed,Thomas Rhett,5,30,
2025-09-20,6,I Got Better,Morgan Wallen,9,12,Gains In Performance
2025-09-20,7,Bar None,Jordan Davis,8,25,Gains In Performance
2025-09-20,8,Back In The Saddle,Luke Combs,10,7,Gains In Performance
2025-09-20,9,Friday Night Heartbreaker,Jon Pardi,11,53,Gains In Performance
2025-09-20,10,Darlin',Chase Matthew,12,41,Gains In Performance
2025-09-20,11,Heavens To Betsy,Jackson Dean,13,51,Gains In Performance
2025-09-20,12,What Kinda Man,Parker McCollum,14,52,Gains In Performance
2025-09-20,13,Somewhere Over Laredo,Lainey Wilson,15,16,Gains In Performance
2025-09-20,14,Hands Of Time,Eric Church,16,26,Gains In Performance
2025-09-20,15,House Again,Hudson Westbrook,17,25,Gains In Performance
2025-09-20,16,Good Times & Tan Lines,Zach Top,19,14,Gains In Performance
2025-09-20,17,"3,2,1",Tucker Wetmore,18,27,Gains In Performance
2025-09-20,18,Cowgirl,Parmalee,20,36,Gains In Performance
2025-09-20,19,Don't Mind If I Do,Riley Green Featuring Ella Langley,22,9,Gains In Performance
2025-09-20,20,Straight Line,Keith Urban,21,35,Gains In Performance
2025-09-20,21,It Won't Be Long,George Birge,23,33,Gains In Performance
2025-09-20,22,Favorite Country Song,HARDY,25,22,Gains In Performance
2025-09-20,23,I Dare You,Rascal Flatts & Jonas Brothers,24,32,Gains In Performance
2025-09-20,24,6 Months Later,Megan Moroney,28,10,Gains In Performance
2025-09-20,25,Stay Country Or Die Tryin',Blake Shelton,26,16,Gains In Performance
2025-09-20,26,Time's Ticking,Justin Moore,27,38,Gains In Performance
2025-09-20,27,You Had To Be There,Megan Moroney & Kenny Chesney,29,18,Gains In Performance
2025-09-20,28,Better Me For You (Brown Eyes),Max McNown,30,31,Gains In Performance
2025-09-20,29,Golden Child,Meghan Patrick,31,40,Gains In Performance
2025-09-20,30,What He'll Never Have,Dylan Scott,32,20,Gains In Performance
2025-09-20,31,Ends Of The Earth,Ty Myers,34,28,Gains In Performance
2025-09-20,32,Weak,Preston Cooper,33,12,Gains In Performance
2025-09-20,33,Would If I Could,ERNEST,35,43,Gains In Performance
2025-09-20,34,A Song To Sing,Miranda Lambert & Chris Stapleton,36,9,Gains In Performance
2025-09-20,35,I Ain't Coming Back,Morgan Wallen Featuring Post Malone,37,21,Gains In Performance
2025-09-20,36,The Fall,Cody Johnson,38,20,Gains In Performance
2025-09-20,37,Hard Fought Hallelujah,Brandon Lake X Jelly Roll,40,22,Gains In Performance
2025-09-20,38,Me & A Beer,Chris Janson,39,15,Gains In Performance
2025-09-20,39,Til The Last One Dies,Chris Young,41,23,Gains In Performance
2025-09-20,40,Same Moon,Mitchell Tenpenny,42,16,Gains In Performance
2025-09-20,41,Wrong Hearts,LoCash,44,13,Gains In Performance
2025-09-20,42,Wish You Well,Vincent Mason,46,27,Gains In Performance
2025-09-20,43,Paper Umbrellas,Tim McGraw Featuring Parker McCollum,47,17,Gains In Performance
2025-09-20,44,2 Pair,Kane Brown,43,9,Gains In Performance
2025-09-20,45,Not At This Party,Dasha,45,24,Gains In Performance
2025-09-20,46,Baggage,Kelsea Ballerini,49,16,Gains In Performance
2025-09-20,47,Drink With You,Brett Young,50,14,Gains In Performance
2025-09-20,48,Never Call Again,Gavin Adcock,54,7,Gains In Performance
2025-09-20,49,Kid Myself,John Morgan,52,10,Gains In Performance
2025-09-20,50,Burned Down Heaven,Chase McDaniel,51,17,Gains In Performance
2025-09-20,51,Making Good Time,Old Dominion,53,5,Gains In Performance
2025-09-20,52,Use Me,Zach Top,55,12,Gains In Performance
2025-09-20,53,Easy To Love,Dustin Lynch,57,9,Gains In Performance
2025-09-20,54,I Wish You Would,Mackenzie Carpenter Featuring Midland,58,7,Gains In Performance
2025-09-20,55,Seventeen,Kameron Marlowe,56,4,Gains In Performance
2025-09-20,56,We Can Always Move On,Cole Swindell,59,5,Gains In Performance
2025-09-20,57,Amen,Shaboozey & Jelly Roll,RE,10,Gains In Performance
2025-09-20,58,No Tellin',Caroline Jones,60,6,Gains In Performance
2025-09-20,59,All My Exes,Lauren Alaina Featuring Chase Matthew,NEW,1,Highest ranking debut|Gains In Performance
2025-09-20,60,Heaven Passing Through,Turnpike Troubadours,RE,2,Gains In Performance
2025-09-27,1,Happen To Me,Russell Dickerson,1,27,Gains In Performance
2025-09-27,2,Heart Of Stone,Jelly Roll,3,25,Gains In Performance
2025-09-27,3,Bottle Rockets,Scotty McCreery & Hootie & The Blowfish,4,19,Gains In Performance
2025-09-27,4,Good News,Shaboozey,2,34,
2025-09-27,5,I Got Better,Morgan Wallen,6,13,Gains In Performance
2025-09-27,6,Bar None,Jordan Davis,7,26,Gains In Performance
2025-09-27,7,After All The Bars Are Closed,Thomas Rhett,5,31,
2025-09-27,8,Back In The Saddle,Luke Combs,8,8,Gains In Performance
2025-09-27,9,Darlin',Chase Matthew,10,42,Gains In Performance
2025-09-27,10,Friday Night Heartbreaker,Jon Pardi,9,54,
2025-09-27,11,Heavens To Betsy,Jackson Dean,11,52,
2025-09-27,12,What Kinda Man,Parker McCollum,12,53,Gains In Performance
2025-09-27,13,Somewhere Over Laredo,Lainey Wilson,13,17,
2025-09-27,14,Hands Of Time,Eric Church,14,27,
2025-09-27,15,House Again,Hudson Westbrook,15,26,Gains In Performance
2025-09-27,16,"3,2,1",Tucker Wetmore,17,28,Gains In Performance
2025-09-27,17,Cowgirl,Parmalee,18,37,Gains In Performance
2025-09-27,18,Good Times & Tan Lines,Zach Top,16,15,
2025-09-27,19,How Far Does A Goodbye Go,Jason Aldean,NEW,1,Highest ranking debut|Gains In Performance
2025-09-27,20,Don't Mind If I Do,Riley Green Featuring Ella Langley,19,10,Gains In Performance
2025-09-27,21,Straight Line,Keith Urban,20,36,Gains In Performance
2025-09-27,22,It Won't Be Long,George Birge,21,34,Gains In Performance
2025-09-27,23,Favorite Country Song,HARDY,22,23,Gains In Performance
2025-09-27,24,I Dare You,Rascal Flatts & Jonas Brothers,23,33,Gains In Performance
2025-09-27,25,Stay Country Or Die Tryin',Blake Shelton,25,17,Gains In Performance
2025-09-27,26,6 Months Later,Megan Moroney,24,11,Gains In Performance
2025-09-27,27,Time's Ticking,Justin Moore,26,39,Gains In Performance
2025-09-27,28,You Had To Be There,Megan Moroney & Kenny Chesney,27,19,
2025-09-27,29,Better Me For You (Brown Eyes),Max McNown,28,32,
2025-09-27,30,Golden Child,Meghan Patrick,29,41,
2025-09-27,31,What He'll Never Have,Dylan Scott,30,21,Gains In Performance
2025-09-27,32,Ends Of The Earth,Ty Myers,31,29,Gains In Performance
2025-09-27,33,Weak,Preston Cooper,32,13,
2025-09-27,34,A Song To Sing,Miranda Lambert & Chris Stapleton,34,10,
2025-09-27,35,I Ain't Coming Back,Morgan Wallen Featuring Post Malone,35,22,Gains In Performance
2025-09-27,36,Would If I Could,ERNEST,33,44,
2025-09-27,37,The Fall,Cody Johnson,36,21,
2025-09-27,38,Hard Fought Hallelujah,Brandon Lake X Jelly Roll,37,23,Gains In Performance
2025-09-27,39,Me & A Beer,Chris Janson,38,16,
2025-09-27,40,Til The Last One Dies,Chris Young,39,24,Gains In Performance
2025-09-27,41,Same Moon,Mitchell Tenpenny,40,17,
2025-09-27,42,Wish You Well,Vincent Mason,42,28,Gains In Performance
2025-09-27,43,Wrong Hearts,LoCash,41,14,
2025-09-27,44,2 Pair,Kane Brown,44,10,
2025-09-27,45,Not At This Party,Dasha,45,25,Gains In Performance
2025-09-27,46,Paper Umbrellas,Tim McGraw Featuring Parker McCollum,43,18,
2025-09-27,47,Baggage,Kelsea Ballerini,46,17,Gains In Performance
2025-09-27,48,Never Call Again,Gavin Adcock,48,8,Gains In Performance
2025-09-27,49,Drink With You,Brett Young,47,15,
2025-09-27,50,Kid Myself,John Morgan,49,11,Gains In Performance
2025-09-27,51,Making Good Time,Old Dominion,51,6,Gains In Performance
2025-09-27,52,Burned Down Heaven,Chase McDaniel,50,18,Gains In Performance
2025-09-27,53,Easy To Love,Dustin Lynch,53,10,Gains In Performance
2025-09-27,54,Amen,Shaboozey & Jelly Roll,57,11,Gains In Performance
2025-09-27,55,I Wish You Would,Mackenzie Carpenter Featuring Midland,54,8,
2025-09-27,56,Seventeen,Kameron Marlowe,55,5,Gains In Performance
2025-09-27,57,Use Me,Zach Top,52,13,
2025-09-27,58,No Tellin',Caroline Jones,58,7,Gains In Performance
2025-09-27,59,All My Exes,Lauren Alaina Featuring Chase Matthew,59,2,Gains In Performance
2025-09-27,60,Ain't A Bad Life,Thomas Rhett Featuring Jordan Davis,NEW,1,Gains In Performance
2025-10-04,1,Bottle Rockets,Scotty McCreery & Hootie & The Blowfish,3,20,Greatest gainer this week|Gains In Performance
2025-10-04,2,Heart Of Stone,Jelly Roll,2,26,Gains In Performance
2025-10-04,3,Happen To Me,Russell Dickerson,1,28,
2025-10-04,4,Good News,Shaboozey,4,35,
2025-10-04,5,I Got Better,Morgan Wallen,5,14,Gains In Performance
2025-10-04,6,Bar None,Jordan Davis,6,27,Gains In Performance
2025-10-04,7,Darlin',Chase Matthew,9,43,Gains In Performance
2025-10-04,8,After All The Bars Are Closed,Thomas Rhett,7,32,
2025-10-04,9,Back In The Saddle,Luke Combs,8,9,Gains In Performance
2025-10-04,10,Friday Night Heartbreaker,Jon Pardi,10,55,Gains In Performance
2025-10-04,11,Heavens To Betsy,Jackson Dean,11,53,Gains In Performance
2025-10-04,12,What Kinda Man,Parker McCollum,12,54,Gains In Performance
2025-10-04,13,Somewhere Over Laredo,Lainey Wilson,13,18,Gains In Performance
2025-10-04,14,"3,2,1",Tucker Wetmore,16,29,Gains In Performance
2025-10-04,15,Cowgirl,Parmalee,17,38,Gains In Performance
2025-10-04,16,Hands Of Time,Eric Church,14,28,Gains In Performance
2025-10-04,17,Good Times & Tan Lines,Zach Top,18,16,Gains In Performance
2025-10-04,18,House Again,Hudson Westbrook,15,27,Gains In Performance
2025-10-04,19,Don't Mind If I Do,Riley Green Featuring Ella Langley,20,11,Gains In Performance
2025-10-04,20,Straight Line,Keith Urban,21,37,Gains In Performance
2025-10-04,21,It Won't Be Long,George Birge,22,35,Gains In Performance
2025-10-04,22,6 Months Later,Megan Moroney,26,12,Gains In Performance
2025-10-04,23,Favorite Country Song,HARDY,23,24,Gains In Performance
2025-10-04,24,I Dare You,Rascal Flatts & Jonas Brothers,24,34,Gains In Performance
2025-10-04,25,Time's Ticking,Justin Moore,27,40,Gains In Performance
2025-10-04,26,Stay Country Or Die Tryin',Blake Shelton,25,18,Gains In Performance
2025-10-04,27,You Had To Be There,Megan Moroney & Kenny Chesney,28,20,Gains In Performance
2025-10-04,28,Golden Child,Meghan Patrick,30,42,Gains In Performance
2025-10-04,29,How Far Does A Goodbye Go,Jason Aldean,19,2,
2025-10-04,30,Better Me For You (Brown Eyes),Max McNown,29,33,Gains In Performance
2025-10-04,31,Ends Of The Earth,Ty Myers,32,30,Gains In Performance
2025-10-04,32,What He'll Never Have,Dylan Scott,31,22,Gains In Performance
2025-10-04,33,Weak,Preston Cooper,33,14,Gains In Performance
2025-10-04,34,A Song To Sing,Miranda Lambert & Chris Stapleton,34,11,Gains In Performance
2025-10-04,35,Would If I Could,ERNEST,36,45,Gains In Performance
2025-10-04,36,The Fall,Cody Johnson,37,22,Gains In Performance
2025-10-04,37,I Ain't Coming Back,Morgan Wallen Featuring Post Malone,35,23,
2025-10-04,38,Hard Fought Hallelujah,Brandon Lake X Jelly Roll,38,24,Gains In Performance
2025-10-04,39,Me & A Beer,Chris Janson,39,17,Gains In Performance
2025-10-04,40,Til The Last One Dies,Chris Young,40,25,
2025-10-04,41,Same Moon,Mitchell Tenpenny,41,18,Gains In Performance
2025-10-04,42,Wish You Well,Vincent Mason,42,29,Gains In Performance
2025-10-04,43,Wrong Hearts,LoCash,43,15,Gains In Performance
2025-10-04,44,Ain't A Bad Life,Thomas Rhett Featuring Jordan Davis,60,2,Gains In Performance
2025-10-04,45,Baggage,Kelsea Ballerini,47,18,Gains In Performance
2025-10-04,46,Never Call Again,Gavin Adcock,48,9,Gains In Performance
2025-10-04,47,Paper Umbrellas,Tim McGraw Featuring Parker McCollum,46,19,
2025-10-04,48,2 Pair,Kane Brown,44,11,
2025-10-04,49,Kid Myself,John Morgan,50,12,Gains In Performance
2025-10-04,50,Drink With You,Brett Young,49,16,Gains In Performance
2025-10-04,51,Burned Down Heaven,Chase McDaniel,52,19,Gains In Performance
2025-10-04,52,Making Good Time,Old Dominion,51,7,Gains In Performance
2025-10-04,53,I Wish You Would,Mackenzie Carpenter Featuring Midland,55,9,Gains In Performance
2025-10-04,54,Easy To Love,Dustin Lynch,53,11,Gains In Performance
2025-10-04,55,Seventeen,Kameron Marlowe,56,6,Gains In Performance
2025-10-04,56,Amen,Shaboozey & Jelly Roll,54,12,Gains In Performance
2025-10-04,57,All My Exes,Lauren Alaina Featuring Chase Matthew,59,3,Gains In Performance
2025-10-04,58,Hate How You Look,Josh Ross,NEW,1,Highest ranking debut|Gains In Performance
2025-10-04,59,Heaven Passing Through,Turnpike Troubadours,RE,3,Gains In Performance
2025-10-04,60,No Tellin',Caroline Jones,58,8,
2025-10-11,1,Heart Of Stone,Jelly Roll,2,27,Greatest gainer this week|Gains In Performance
2025-10-11,2,Bottle Rockets,Scotty McCreery & Hootie & The Blowfish,1,21,Gains In Performance
2025-10-11,3,I Got Better,Morgan Wallen,5,15,Gains In Performance
2025-10-11,4,Bar None,Jordan Davis,6,28,Gains In Performance
2025-10-11,5,Happen To Me,Russell Dickerson,3,29,
2025-10-11,6,Good News,Shaboozey,4,36,
2025-10-11,7,Darlin',Chase Matthew,7,44,Gains In Performance
2025-10-11,8,Back In The Saddle,Luke Combs,9,10,Gains In Performance
2025-10-11,9,After All The Bars Are Closed,Thomas Rhett,8,33,
2025-10-11,10,Heavens To Betsy,Jackson Dean,11,54,Gains In Performance
2025-10-11,11,What Kinda Man,Parker McCollum,12,55,Gains In Performance
2025-10-11,12,Somewhere Over Laredo,Lainey Wilson,13,19,Gains In Performance
2025-10-11,13,Cowgirl,Parmalee,15,39,Gains In Performance
2025-10-11,14,"3,2,1",Tucker Wetmore,14,30,Gains In Performance
2025-10-11,15,House Again,Hudson Westbrook,18,28,Gains In Performance
2025-10-11,16,Good Times & Tan Lines,Zach Top,17,17,Gains In Performance
2025-10-11,17,Hands Of Time,Eric Church,16,29,Gains In Performance
2025-10-11,18,Don't Mind If I Do,Riley Green Featuring Ella Langley,19,12,Gains In Performance
2025-10-11,19,6 Months Later,Megan Moroney,22,13,Gains In Performance
2025-10-11,20,Favorite Country Song,HARDY,23,25,Gains In Performance
2025-10-11,21,It Won't Be Long,George Birge,21,36,Gains In Performance
2025-10-11,22,Straight Line,Keith Urban,20,38,Gains In Performance
2025-10-11,23,Stay Country Or Die Tryin',Blake Shelton,26,19,Gains In Performance
2025-10-11,24,Time's Ticking,Justin Moore,25,41,Gains In Performance
2025-10-11,25,How Far Does A Goodbye Go,Jason Aldean,29,3,Gains In Performance
2025-10-11,26,I Dare You,Rascal Flatts & Jonas Brothers,24,35,
2025-10-11,27,Better Me For You (Brown Eyes),Max McNown,30,34,Gains In Performance
2025-10-11,28,Golden Child,Meghan Patrick,28,43,
2025-10-11,29,Ends Of The Earth,Ty Myers,31,31,Gains In Performance
2025-10-11,30,You Had To Be There,Megan Moroney & Kenny Chesney,27,21,
2025-10-11,31,What He'll Never Have,Dylan Scott,32,23,Gains In Performance
2025-10-11,32,Weak,Preston Cooper,33,15,Gains In Performance
2025-10-11,33,A Song To Sing,Miranda Lambert & Chris Stapleton,34,12,Gains In Performance
2025-10-11,34,Would If I Could,ERNEST,35,46,
2025-10-11,35,The Fall,Cody Johnson,36,23,Gains In Performance
2025-10-11,36,I Ain't Coming Back,Morgan Wallen Featuring Post Malone,37,24,Gains In Performance
2025-10-11,37,Hard Fought Hallelujah,Brandon Lake X Jelly Roll,38,25,
2025-10-11,38,Me & A Beer,Chris Janson,39,18,Gains In Performance
2025-10-11,39,Til The Last One Dies,Chris Young,40,26,Gains In Performance
2025-10-11,40,Ain't A Bad Life,Thomas Rhett Featuring Jordan Davis,44,3,Gains In Performance
2025-10-11,41,Wish You Well,Vincent Mason,42,30,Gains In Performance
2025-10-11,42,Same Moon,Mitchell Tenpenny,41,19,Gains In Performance
2025-10-11,43,Wrong Hearts,LoCash,43,16,Gains In Performance
2025-10-11,44,Baggage,Kelsea Ballerini,45,19,Gains In Performance
2025-10-11,45,Making Good Time,Old Dominion,52,8,Gains In Performance
2025-10-11,46,Never Call Again,Gavin Adcock,46,10,Gains In Performance
2025-10-11,47,Paper Umbrellas,Tim McGraw Featuring Parker McCollum,47,20,Gains In Performance
2025-10-11,48,Drink With You,Brett Young,50,17,Gains In Performance
2025-10-11,49,Burned Down Heaven,Chase McDaniel,51,20,Gains In Performance
2025-10-11,50,Kid Myself,John Morgan,49,13,
2025-10-11,51,Seventeen,Kameron Marlowe,55,7,Gains In Performance
2025-10-11,52,Easy To Love,Dustin Lynch,54,12,Gains In Performance
2025-10-11,53,Hate How You Look,Josh Ross,58,2,Gains In Performance
2025-10-11,54,I Wish You Would,Mackenzie Carpenter Featuring Midland,53,10,
2025-10-11,55,Amen,Shaboozey & Jelly Roll,56,13,Gains In Performance
2025-10-11,56,Long Live Country,Shane Profitt,NEW,1,Highest ranking debut|Gains In Performance
2025-10-11,57,No Tellin',Caroline Jones,60,9,Gains In Performance
2025-10-11,58,All My Exes,Lauren Alaina Featuring Chase Matthew,57,4,
2025-10-11,59,Use Me,Zach Top,RE,14,Gains In Performance
2025-10-11,60,Heaven Passing Through,Turnpike Troubadours,59,4,Gains In Performance
2025-10-18,1,Heart Of Stone,Jelly Roll,1,28,
2025-10-18,2,Bar None,Jordan Davis,4,29,Greatest gainer this week|Gains In Performance
2025-10-18,3,I Got Better,Morgan Wallen,3,16,Gains In Performance
2025-10-18,4,Darlin',Chase Matthew,7,45,Gains In Performance
2025-10-18,5,Back In The Saddle,Luke Combs,8,11,Gains In Performance
2025-10-18,6,Bottle Rockets,Scotty McCreery & Hootie & The Blowfish,2,22,
2025-10-18,7,Good News,Shaboozey,6,37,
2025-10-18,8,Happen To Me,Russell Dickerson,5,30,
2025-10-18,9,After All The Bars Are Closed,Thomas Rhett,9,34,
2025-10-18,10,Heavens To Betsy,Jackson Dean,10,55,Gains In Performance
2025-10-18,11,Cowgirl,Parmalee,13,40,Gains In Performance
2025-10-18,12,Somewhere Over Laredo,Lainey Wilson,12,20,Gains In Performance
2025-10-18,13,What Kinda Man,Parker McCollum,11,56,Gains In Performance
2025-10-18,14,"3,2,1",Tucker Wetmore,14,31,Gains In Performance
2025-10-18,15,Hands Of Time,Eric Church,17,30,Gains In Performance
2025-10-18,16,House Again,Hudson Westbrook,15,29,Gains In Performance
2025-10-18,17,Good Times & Tan Lines,Zach Top,16,18,Gains In Performance
2025-10-18,18,Don't Mind If I Do,Riley Green Featuring Ella Langley,18,13,Gains In Performance
2025-10-18,19,6 Months Later,Megan Moroney,19,14,Gains In Performance
2025-10-18,20,It Won't Be Long,George Birge,21,37,Gains In Performance
2025-10-18,21,Favorite Country Song,HARDY,20,26,Gains In Performance
2025-10-18,22,Stay Country Or Die Tryin',Blake Shelton,23,20,Gains In Performance
2025-10-18,23,Time's Ticking,Justin Moore,24,42,Gains In Performance
2025-10-18,24,Straight Line,Keith Urban,22,39,Gains In Performance
2025-10-18,25,How Far Does A Goodbye Go,Jason Aldean,25,4,Gains In Performance
2025-10-18,26,I Dare You,Rascal Flatts & Jonas Brothers,26,36,
2025-10-18,27,Better Me For You (Brown Eyes),Max McNown,27,35,Gains In Performance
2025-10-18,28,Golden Child,Meghan Patrick,28,44,Gains In Performance
2025-10-18,29,Ends Of The Earth,Ty Myers,29,32,Gains In Performance
2025-10-18,30,What He'll Never Have,Dylan Scott,31,24,Gains In Performance
2025-10-18,31,Weak,Preston Cooper,32,16,Gains In Performance
2025-10-18,32,Ain't A Bad Life,Thomas Rhett Featuring Jordan Davis,40,4,Gains In Performance
2025-10-18,33,Hard Fought Hallelujah,Brandon Lake X Jelly Roll,37,26,Gains In Performance
2025-10-18,34,A Song To Sing,Miranda Lambert & Chris Stapleton,33,13,Gains In Performance
2025-10-18,35,Would If I Could,ERNEST,34,47,Gains In Performance
2025-10-18,36,The Fall,Cody Johnson,35,24,Gains In Performance
2025-10-18,37,I Ain't Coming Back,Morgan Wallen Featuring Post Malone,36,25,Gains In Performance
2025-10-18,38,Til The Last One Dies,Chris Young,39,27,Gains In Performance
2025-10-18,39,Me & A Beer,Chris Janson,38,19,Gains In Performance
2025-10-18,40,Wish You Well,Vincent Mason,41,31,Gains In Performance
2025-10-18,41,Same Moon,Mitchell Tenpenny,42,20,Gains In Performance
2025-10-18,42,Baggage,Kelsea Ballerini,44,20,Gains In Performance
2025-10-18,43,Wrong Hearts,LoCash,43,17,
2025-10-18,44,Making Good Time,Old Dominion,45,9,Gains In Performance
2025-10-18,45,Never Call Again,Gavin Adcock,46,11,Gains In Performance
2025-10-18,46,Drink With You,Brett Young,48,18,Gains In Performance
2025-10-18,47,Kid Myself,John Morgan,50,14,Gains In Performance
2025-10-18,48,Paper Umbrellas,Tim McGraw Featuring Parker McCollum,47,21,
2025-10-18,49,Amen,Shaboozey & Jelly Roll,55,14,Gains In Performance
2025-10-18,50,Burned Down Heaven,Chase McDaniel,49,21,Gains In Performance
2025-10-18,51,Seventeen,Kameron Marlowe,51,8,Gains In Performance
2025-10-18,52,Easy To Love,Dustin Lynch,52,13,Gains In Performance
2025-10-18,53,Long Live Country,Shane Profitt,56,2,Gains In Performance
2025-10-18,54,I Wish You Would,Mackenzie Carpenter Featuring Midland,54,11,Gains In Performance
2025-10-18,55,Hate How You Look,Josh Ross,53,3,Gains In Performance
2025-10-18,56,All My Exes,Lauren Alaina Featuring Chase Matthew,58,5,Gains In Performance
2025-10-18,57,No Tellin',Caroline Jones,57,10,
2025-10-18,58,We Can Always Move On,Cole Swindell,RE,6,Gains In Performance
2025-10-18,59,20 Cigarettes,Morgan Wallen,NEW,1,Highest ranking debut|Gains In Performance
2025-10-18,60,Use Me,Zach Top,59,15,
2025-10-25,1,I Got Better,Morgan Wallen,3,17,Greatest gainer this week|Gains In Performance
2025-10-25,2,Heart Of Stone,Jelly Roll,1,29,
2025-10-25,3,Darlin',Chase Matthew,4,46,Gains In Performance
2025-10-25,4,Back In The Saddle,Luke Combs,5,12,Gains In Performance
2025-10-25,5,Bar None,Jordan Davis,2,30,
2025-10-25,6,Good News,Shaboozey,7,38,
2025-10-25,7,Happen To Me,Russell Dickerson,8,31,
2025-10-25,8,Bottle Rockets,Scotty McCreery & Hootie & The Blowfish,6,23,
2025-10-25,9,Heavens To Betsy,Jackson Dean,10,56,Gains In Performance
2025-10-25,10,Somewhere Over Laredo,Lainey Wilson,12,21,Gains In Performance
2025-10-25,11,What Kinda Man,Parker McCollum,13,57,Gains In Performance
2025-10-25,12,Cowgirl,Parmalee,11,41,Gains In Performance
2025-10-25,13,"3,2,1",Tucker Wetmore,14,32,Gains In Performance
2025-10-25,14,House Again,Hudson Westbrook,16,30,Gains In Performance
2025-10-25,15,Don't Mind If I Do,Riley Green Featuring Ella Langley,18,14,Gains In Performance
2025-10-25,16,Good Times & Tan Lines,Zach Top,17,19,Gains In Performance
2025-10-25,17,6 Months Later,Megan Moroney,19,15,Gains In Performance
2025-10-25,18,Favorite Country Song,HARDY,21,27,Gains In Performance
2025-10-25,19,It Won't Be Long,George Birge,20,38,Gains In Performance
2025-10-25,20,Stay Country Or Die Tryin',Blake Shelton,22,21,Gains In Performance
2025-10-25,21,How Far Does A Goodbye Go,Jason Aldean,25,5,Gains In Performance
2025-10-25,22,Time's Ticking,Justin Moore,23,43,Gains In Performance
2025-10-25,23,Straight Line,Keith Urban,24,40,Gains In Performance
2025-10-25,24,I Dare You,Rascal Flatts & Jonas Brothers,26,37,Gains In Performance
2025-10-25,25,Better Me For You (Brown Eyes),Max McNown,27,36,Gains In Performance
2025-10-25,26,What He'll Never Have,Dylan Scott,30,25,Gains In Performance
2025-10-25,27,Golden Child,Meghan Patrick,28,45,Gains In Performance
2025-10-25,28,Ain't A Bad Life,Thomas Rhett Featuring Jordan Davis,32,5,Gains In Performance
2025-10-25,29,Ends Of The Earth,Ty Myers,29,33,Gains In Performance
2025-10-25,30,Weak,Preston Cooper,31,17,Gains In Performance
2025-10-25,31,Hard Fought Hallelujah,Brandon Lake X Jelly Roll,33,27,Gains In Performance
2025-10-25,32,A Song To Sing,Miranda Lambert & Chris Stapleton,34,14,Gains In Performance
2025-10-25,33,Would If I Could,ERNEST,35,48,Gains In Performance
2025-10-25,34,The Fall,Cody Johnson,36,25,Gains In Performance
2025-10-25,35,I Ain't Coming Back,Morgan Wallen Featuring Post Malone,37,26,Gains In Performance
2025-10-25,36,Til The Last One Dies,Chris Young,38,28,Gains In Performance
2025-10-25,37,Me & A Beer,Chris Janson,39,20,Gains In Performance
2025-10-25,38,Wish You Well,Vincent Mason,40,32,Gains In Performance
2025-10-25,39,Amen,Shaboozey & Jelly Roll,49,15,Gains In Performance
2025-10-25,40,Same Moon,Mitchell Tenpenny,41,21,Gains In Performance
2025-10-25,41,Baggage,Kelsea Ballerini,42,21,Gains In Performance
2025-10-25,42,Wrong Hearts,LoCash,43,18,Gains In Performance
2025-10-25,43,Making Good Time,Old Dominion,44,10,Gains In Performance
2025-10-25,44,20 Cigarettes,Morgan Wallen,59,2,Gains In Performance
2025-10-25,45,Kid Myself,John Morgan,47,15,Gains In Performance
2025-10-25,46,Never Call Again,Gavin Adcock,45,12,Gains In Performance
2025-10-25,47,Paper Umbrellas,Tim McGraw Featuring Parker McCollum,48,22,Gains In Performance
2025-10-25,48,Drink With You,Brett Young,46,19,
2025-10-25,49,Hate How You Look,Josh Ross,55,4,Gains In Performance
2025-10-25,50,Burned Down Heaven,Chase McDaniel,50,22,Gains In Performance
2025-10-25,51,Easy To Love,Dustin Lynch,52,14,Gains In Performance
2025-10-25,52,Seventeen,Kameron Marlowe,51,9,Gains In Performance
2025-10-25,53,Long Live Country,Shane Profitt,53,3,
2025-10-25,54,All My Exes,Lauren Alaina Featuring Chase Matthew,56,6,Gains In Performance
2025-10-25,55,I Wish You Would,Mackenzie Carpenter Featuring Midland,54,12,
2025-10-25,56,Chevy Silverado,Bailey Zimmerman,NEW,1,Highest ranking debut|Gains In Performance
2025-10-25,57,No Tellin',Caroline Jones,57,11,Gains In Performance
2025-10-25,58,Heaven Passing Through,Turnpike Troubadours,RE,5,Gains In Performance
2025-10-25,59,We Can Always Move On,Cole Swindell,58,7,Gains In Performance
2025-10-25,60,Use Me,Zach Top,60,16,Gains In Performance
2025-11-01,1,Back In The Saddle,Luke Combs,4,13,Greatest gainer this week|Gains In Performance
2025-11-01,2,I Got Better,Morgan Wallen,1,18,
2025-11-01,3,Darlin',Chase Matthew,3,47,Gains In Performance
2025-11-01,4,Heart Of Stone,Jelly Roll,2,30,
2025-11-01,5,Good News,Shaboozey,6,39,
2025-11-01,6,Happen To Me,Russell Dickerson,7,32,Gains In Performance
2025-11-01,7,Heavens To Betsy,Jackson Dean,9,57,Gains In Performance
2025-11-01,8,What Kinda Man,Parker McCollum,11,58,Gains In Performance
2025-11-01,9,Somewhere Over Laredo,Lainey Wilson,10,22,Gains In Performance
2025-11-01,10,Cowgirl,Parmalee,12,42,Gains In Performance
2025-11-01,11,"3,2,1",Tucker Wetmore,13,33,Gains In Performance
2025-11-01,12,Don't Mind If I Do,Riley Green Featuring Ella Langley,15,15,Gains In Performance
2025-11-01,13,House Again,Hudson Westbrook,14,31,Gains In Performance
2025-11-01,14,6 Months Later,Megan Moroney,17,16,Gains In Performance
2025-11-01,15,Good Times & Tan Lines,Zach Top,16,20,Gains In Performance
2025-11-01,16,Favorite Country Song,HARDY,18,28,Gains In Performance
2025-11-01,17,Stay Country Or Die Tryin',Blake Shelton,20,22,Gains In Performance
2025-11-01,18,It Won't Be Long,George Birge,19,39,Gains In Performance
2025-11-01,19,How Far Does A Goodbye Go,Jason Aldean,21,6,Gains In Performance
2025-11-01,20,Time's Ticking,Justin Moore,22,44,Gains In Performance
2025-11-01,21,Straight Line,Keith Urban,23,41,
2025-11-01,22,I Dare You,Rascal Flatts & Jonas Brothers,24,38,Gains In Performance
2025-11-01,23,Better Me For You (Brown Eyes),Max McNown,25,37,Gains In Performance
2025-11-01,24,Ain't A Bad Life,Thomas Rhett Featuring Jordan Davis,28,6,Gains In Performance
2025-11-01,25,What He'll Never Have,Dylan Scott,26,26,Gains In Performance
2025-11-01,26,Golden Child,Meghan Patrick,27,46,Gains In Performance
2025-11-01,27,Ends Of The Earth,Ty Myers,29,34,Gains In Performance
2025-11-01,28,Hard Fought Hallelujah,Brandon Lake X Jelly Roll,31,28,Gains In Performance
2025-11-01,29,I Ain't Coming Back,Morgan Wallen Featuring Post Malone,35,27,Gains In Performance
2025-11-01,30,Weak,Preston Cooper,30,18,
2025-11-01,31,The Fall,Cody Johnson,34,26,Gains In Performance
2025-11-01,32,Would If I Could,ERNEST,33,49,Gains In Performance
2025-11-01,33,Til The Last One Dies,Chris Young,36,29,Gains In Performance
2025-11-01,34,A Song To Sing,Miranda Lambert & Chris Stapleton,32,15,
2025-11-01,35,Me & A Beer,Chris Janson,37,21,Gains In Performance
2025-11-01,36,Wish You Well,Vincent Mason,38,33,Gains In Performance
2025-11-01,37,Amen,Shaboozey & Jelly Roll,39,16,Gains In Performance
2025-11-01,38,20 Cigarettes,Morgan Wallen,44,3,Gains In Performance
2025-11-01,39,Wrong Hearts,LoCash,42,19,Gains In Performance
2025-11-01,40,Baggage,Kelsea Ballerini,41,22,Gains In Performance
2025-11-01,41,Same Moon,Mitchell Tenpenny,40,22,
2025-11-01,42,Making Good Time,Old Dominion,43,11,Gains In Performance
2025-11-01,43,Never Call Again,Gavin Adcock,46,13,Gains In Performance
2025-11-01,44,Kid Myself,John Morgan,45,16,Gains In Performance
2025-11-01,45,Paper Umbrellas,Tim McGraw Featuring Parker McCollum,47,23,
2025-11-01,46,Drink With You,Brett Young,48,20,Gains In Performance
2025-11-01,47,Burned Down Heaven,Chase McDaniel,50,23,
2025-11-01,48,Hate How You Look,Josh Ross,49,5,
2025-11-01,49,Easy To Love,Dustin Lynch,51,15,Gains In Performance
2025-11-01,50,Chevy Silverado,Bailey Zimmerman,56,2,Gains In Performance
2025-11-01,51,Long Live Country,Shane Profitt,53,4,Gains In Performance
2025-11-01,52,Seventeen,Kameron Marlowe,52,10,Gains In Performance
2025-11-01,53,All My Exes,Lauren Alaina Featuring Chase Matthew,54,7,Gains In Performance
2025-11-01,54,I Wish You Would,Mackenzie Carpenter Featuring Midland,55,13,Gains In Performance
2025-11-01,55,We Can Always Move On,Cole Swindell,59,8,Gains In Performance
2025-11-01,56,Heaven Passing Through,Turnpike Troubadours,58,6,Gains In Performance
2025-11-01,57,No Tellin',Caroline Jones,57,12,
2025-11-01,58,The Hell You Are,Ashley Cooke,NEW,1,Highest ranking debut|Gains In Performance
2025-11-01,59,Choosin' Texas,Ella Langley,NEW,1,Gains In Performance
2025-11-01,60,Fireworks,Kelsey Hart,NEW,1,Gains In Performance
2025-11-08,1,Back In The Saddle,Luke Combs,1,14,Gains In Performance
2025-11-08,2,Darlin',Chase Matthew,3,48,Gains In Performance
2025-11-08,3,I Got Better,Morgan Wallen,2,19,
2025-11-08,4,Heart Of Stone,Jelly Roll,4,31,
2025-11-08,5,Happen To Me,Russell Dickerson,6,33,
2025-11-08,6,Heavens To Betsy,Jackson Dean,7,58,Gains In Performance
2025-11-08,7,Cowgirl,Parmalee,10,43,Gains In Performance
2025-11-08,8,Somewhere Over Laredo,Lainey Wilson,9,23,Gains In Performance
2025-11-08,9,What Kinda Man,Parker McCollum,8,59,Gains In Performance
2025-11-08,10,Don't Mind If I Do,Riley Green Featuring Ella Langley,12,16,Gains In Performance
2025-11-08,11,"3,2,1",Tucker Wetmore,11,34,Gains In Performance
2025-11-08,12,6 Months Later,Megan Moroney,14,17,Gains In Performance
2025-11-08,13,House Again,Hudson Westbrook,13,32,Gains In Performance
2025-11-08,14,Favorite Country Song,HARDY,16,29,Gains In Performance
2025-11-08,15,Good Times & Tan Lines,Zach Top,15,21,Gains In Performance
2025-11-08,16,Stay Country Or Die Tryin',Blake Shelton,17,23,Gains In Performance
2025-11-08,17,How Far Does A Goodbye Go,Jason Aldean,19,7,Gains In Performance
2025-11-08,18,It Won't Be Long,George Birge,18,40,Gains In Performance
2025-11-08,19,Time's Ticking,Justin Moore,20,45,Gains In Performance
2025-11-08,20,I Dare You,Rascal Flatts & Jonas Brothers,22,39,Gains In Performance
2025-11-08,21,Ain't A Bad Life,Thomas Rhett Featuring Jordan Davis,24,7,Gains In Performance
2025-11-08,22,Better Me For You (Brown Eyes),Max McNown,23,38,Gains In Performance
2025-11-08,23,What He'll Never Have,Dylan Scott,25,27,Gains In Performance
2025-11-08,24,Golden Child,Meghan Patrick,26,47,Gains In Performance
2025-11-08,25,Ends Of The Earth,Ty Myers,27,35,Gains In Performance
2025-11-08,26,I Ain't Coming Back,Morgan Wallen Featuring Post Malone,29,28,Gains In Performance
2025-11-08,27,20 Cigarettes,Morgan Wallen,38,4,Gains In Performance
2025-11-08,28,The Fall,Cody Johnson,31,27,Gains In Performance
2025-11-08,29,Amen,Shaboozey & Jelly Roll,37,17,Gains In Performance
2025-11-08,30,Would If I Could,ERNEST,32,50,Gains In Performance
2025-11-08,31,Weak,Preston Cooper,30,19,Gains In Performance
2025-11-08,32,A Song To Sing,Miranda Lambert & Chris Stapleton,34,16,Gains In Performance
2025-11-08,33,Hard Fought Hallelujah,Brandon Lake X Jelly Roll,28,29,
2025-11-08,34,Me & A Beer,Chris Janson,35,22,Gains In Performance
2025-11-08,35,Til The Last One Dies,Chris Young,33,30,
2025-11-08,36,Wish You Well,Vincent Mason,36,34,Gains In Performance
2025-11-08,37,Beautiful Things,Megan Moroney,NEW,1,Highest ranking debut|Gains In Performance
2025-11-08,38,Wrong Hearts,LoCash,39,20,
2025-11-08,39,Same Moon,Mitchell Tenpenny,41,23,Gains In Performance
2025-11-08,40,Baggage,Kelsea Ballerini,40,23,Gains In Performance
2025-11-08,41,Choosin' Texas,Ella Langley,59,2,Gains In Performance
2025-11-08,42,Making Good Time,Old Dominion,42,12,Gains In Performance
2025-11-08,43,Never Call Again,Gavin Adcock,43,14,Gains In Performance
2025-11-08,44,Killed The Man,Lee Brice,NEW,1,Gains In Performance
2025-11-08,45,Kid Myself,John Morgan,44,17,Gains In Performance
2025-11-08,46,Paper Umbrellas,Tim McGraw Featuring Parker McCollum,45,24,Gains In Performance
2025-11-08,47,Hate How You Look,Josh Ross,48,6,Gains In Performance
2025-11-08,48,Drink With You,Brett Young,46,21,Gains In Performance
2025-11-08,49,Burned Down Heaven,Chase McDaniel,47,24,Gains In Performance
2025-11-08,50,All My Exes,Lauren Alaina Featuring Chase Matthew,53,8,Gains In Performance
2025-11-08,51,Chevy Silverado,Bailey Zimmerman,50,3,Gains In Performance
2025-11-08,52,Seventeen,Kameron Marlowe,52,11,Gains In Performance
2025-11-08,53,Long Live Country,Shane Profitt,51,5,Gains In Performance
2025-11-08,54,Turn This Truck Around,Jordan Davis,NEW,1,Gains In Performance
2025-11-08,55,Easy To Love,Dustin Lynch,49,16,
2025-11-08,56,Heaven Passing Through,Turnpike Troubadours,56,7,Gains In Performance
2025-11-08,57,I Wish You Would,Mackenzie Carpenter Featuring Midland,54,14,Gains In Performance
2025-11-08,58,No Tellin',Caroline Jones,57,13,Gains In Performance
2025-11-08,59,We Can Always Move On,Cole Swindell,55,9,Gains In Performance
2025-11-08,60,Fireworks,Kelsey Hart,60,2,Gains In Performance
2025-11-15,1,Darlin',Chase Matthew,2,49,Gains In Performance
2025-11-15,2,Heavens To Betsy,Jackson Dean,6,59,Greatest gainer this week|Gains In Performance
2025-11-15,3,Back In The Saddle,Luke Combs,1,15,
2025-11-15,4,I Got Better,Morgan Wallen,3,20,
2025-11-15,5,Heart Of Stone,Jelly Roll,4,32,
2025-11-15,6,Cowgirl,Parmalee,7,44,Gains In Performance
2025-11-15,7,Somewhere Over Laredo,Lainey Wilson,8,24,Gains In Performance
2025-11-15,8,What Kinda Man,Parker McCollum,9,60,Gains In Performance
2025-11-15,9,Don't Mind If I Do,Riley Green Featuring Ella Langley,10,17,Gains In Performance
2025-11-15,10,"3,2,1",Tucker Wetmore,11,35,Gains In Performance
2025-11-15,11,6 Months Later,Megan Moroney,12,18,Gains In Performance
2025-11-15,12,Stay Country Or Die Tryin',Blake Shelton,16,24,Gains In Performance
2025-11-15,13,Favorite Country Song,HARDY,14,30,Gains In Performance
2025-11-15,14,House Again,Hudson Westbrook,13,33,Gains In Performance
2025-11-15,15,Good Times & Tan Lines,Zach Top,15,22,Gains In Performance
2025-11-15,16,It Won't Be Long,George Birge,18,41,Gains In Performance
2025-11-15,17,How Far Does A Goodbye Go,Jason Aldean,17,8,Gains In Performance
2025-11-15,18,Time's Ticking,Justin Moore,19,46,Gains In Performance
2025-11-15,19,Ain't A Bad Life,Thomas Rhett Featuring Jordan Davis,21,8,Gains In Performance
2025-11-15,20,I Dare You,Rascal Flatts & Jonas Brothers,20,40,Gains In Performance
2025-11-15,21,Better Me For You (Brown Eyes),Max McNown,22,39,Gains In Performance
2025-11-15,22,What He'll Never Have,Dylan Scott,23,28,Gains In Performance
2025-11-15,23,Golden Child,Meghan Patrick,24,48,Gains In Performance
2025-11-15,24,20 Cigarettes,Morgan Wallen,27,5,Gains In Performance
2025-11-15,25,I Ain't Coming Back,Morgan Wallen Featuring Post Malone,26,29,Gains In Performance
2025-11-15,26,Ends Of The Earth,Ty Myers,25,36,Gains In Performance
2025-11-15,27,Amen,Shaboozey & Jelly Roll,29,18,Gains In Performance
2025-11-15,28,The Fall,Cody Johnson,28,28,Gains In Performance
2025-11-15,29,Weak,Preston Cooper,31,20,Gains In Performance
2025-11-15,30,A Song To Sing,Miranda Lambert & Chris Stapleton,32,17,Gains In Performance
2025-11-15,31,Hard Fought Hallelujah,Brandon Lake X Jelly Roll,33,30,Gains In Performance
2025-11-15,32,Would If I Could,ERNEST,30,51,
2025-11-15,33,Me & A Beer,Chris Janson,34,23,Gains In Performance
2025-11-15,34,Wish You Well,Vincent Mason,36,35,Gains In Performance
2025-11-15,35,Til The Last One Dies,Chris Young,35,31,Gains In Performance
2025-11-15,36,Choosin' Texas,Ella Langley,41,3,Gains In Performance
2025-11-15,37,Wrong Hearts,LoCash,38,21,Gains In Performance
2025-11-15,38,Same Moon,Mitchell Tenpenny,39,24,Gains In Performance
2025-11-15,39,Beautiful Things,Megan Moroney,37,2,
2025-11-15,40,Making Good Time,Old Dominion,42,13,Gains In Performance
2025-11-15,41,Baggage,Kelsea Ballerini,40,24,
2025-11-15,42,Never Call Again,Gavin Adcock,43,15,Gains In Performance
2025-11-15,43,Kid Myself,John Morgan,45,18,
2025-11-15,44,Drink With You,Brett Young,48,22,Gains In Performance
2025-11-15,45,All My Exes,Lauren Alaina Featuring Chase Matthew,50,9,Gains In Performance
2025-11-15,46,Turn This Truck Around,Jordan Davis,54,2,Gains In Performance
2025-11-15,47,Hate How You Look,Josh Ross,47,7,
2025-11-15,48,Burned Down Heaven,Chase McDaniel,49,25,Gains In Performance
2025-11-15,49,Chevy Silverado,Bailey Zimmerman,51,4,Gains In Performance
2025-11-15,50,Killed The Man,Lee Brice,44,2,
2025-11-15,51,Long Live Country,Shane Profitt,53,6,Gains In Performance
2025-11-15,52,Easy To Love,Dustin Lynch,55,17,Gains In Performance
2025-11-15,53,Seventeen,Kameron Marlowe,52,12,
2025-11-15,54,Heaven Passing Through,Turnpike Troubadours,56,8,Gains In Performance
2025-11-15,55,I Wish You Would,Mackenzie Carpenter Featuring Midland,57,15,Gains In Performance
2025-11-15,56,No Tellin',Caroline Jones,58,14,
2025-11-15,57,Fireworks,Kelsey Hart,60,3,Gains In Performance
2025-11-15,58,We Can Always Move On,Cole Swindell,59,10,
2025-11-15,59,The Hell You Are,Ashley Cooke,RE,2,Gains In Performance
2025-11-15,60,Devil Ain't Done,Atlus,NEW,1,Highest ranking debut|Gains In Performance
2025-11-22,1,Darlin',Chase Matthew,1,50,Gains In Performance
2025-11-22,2,I Got Better,Morgan Wallen,4,21,
2025-11-22,3,Cowgirl,Parmalee,6,45,Gains In Performance
2025-11-22,4,Somewhere Over Laredo,Lainey Wilson,7,25,Gains In Performance
2025-11-22,5,Don't Mind If I Do,Riley Green Featuring Ella Langley,9,18,Gains In Performance
2025-11-22,6,Heart Of Stone,Jelly Roll,5,33,
2025-11-22,7,What Kinda Man,Parker McCollum,8,61,Gains In Performance
2025-11-22,8,Back In The Saddle,Luke Combs,3,16,
2025-11-22,9,Heavens To Betsy,Jackson Dean,2,60,
2025-11-22,10,6 Months Later,Megan Moroney,11,19,Gains In Performance
2025-11-22,11,"3,2,1",Tucker Wetmore,10,36,Gains In Performance
2025-11-22,12,Favorite Country Song,HARDY,13,31,Gains In Performance
2025-11-22,13,Stay Country Or Die Tryin',Blake Shelton,12,25,Gains In Performance
2025-11-22,14,House Again,Hudson Westbrook,14,34,
2025-11-22,15,Good Times & Tan Lines,Zach Top,15,23,Gains In Performance
2025-11-22,16,It Won't Be Long,George Birge,16,42,Gains In Performance
2025-11-22,17,How Far Does A Goodbye Go,Jason Aldean,17,9,Gains In Performance
2025-11-22,18,Time's Ticking,Justin Moore,18,47,Gains In Performance
2025-11-22,19,20 Cigarettes,Morgan Wallen,24,6,Gains In Performance
2025-11-22,20,Ain't A Bad Life,Thomas Rhett Featuring Jordan Davis,19,9,Gains In Performance
2025-11-22,21,Better Me For You (Brown Eyes),Max McNown,21,40,Gains In Performance
2025-11-22,22,I Dare You,Rascal Flatts & Jonas Brothers,20,41,
2025-11-22,23,What He'll Never Have,Dylan Scott,22,29,Gains In Performance
2025-11-22,24,Golden Child,Meghan Patrick,23,49,
2025-11-22,25,I Ain't Coming Back,Morgan Wallen Featuring Post Malone,25,30,Gains In Performance
2025-11-22,26,Amen,Shaboozey & Jelly Roll,27,19,Gains In Performance
2025-11-22,27,Ends Of The Earth,Ty Myers,26,37,Gains In Performance
2025-11-22,28,The Fall,Cody Johnson,28,29,Gains In Performance
2025-11-22,29,Choosin' Texas,Ella Langley,36,4,Gains In Performance
2025-11-22,30,A Song To Sing,Miranda Lambert & Chris Stapleton,30,18,Gains In Performance
2025-11-22,31,Would If I Could,ERNEST,32,52,Gains In Performance
2025-11-22,32,Hard Fought Hallelujah,Brandon Lake X Jelly Roll,31,31,Gains In Performance
2025-11-22,33,Weak,Preston Cooper,29,21,
2025-11-22,34,Me & A Beer,Chris Janson,33,24,Gains In Performance
2025-11-22,35,Wish You Well,Vincent Mason,34,36,Gains In Performance
2025-11-22,36,Til The Last One Dies,Chris Young,35,32,Gains In Performance
2025-11-22,37,Beautiful Things,Megan Moroney,39,3,Gains In Performance
2025-11-22,38,Same Moon,Mitchell Tenpenny,38,25,Gains In Performance
2025-11-22,39,Wrong Hearts,LoCash,37,22,
2025-11-22,40,Dream Come True,Carly Pearce,NEW,1,Highest ranking debut|Gains In Performance
2025-11-22,41,Making Good Time,Old Dominion,40,14,Gains In Performance
2025-11-22,42,Baggage,Kelsea Ballerini,41,25,Gains In Performance
2025-11-22,43,Never Call Again,Gavin Adcock,42,16,Gains In Performance
2025-11-22,44,Turn This Truck Around,Jordan Davis,46,3,Gains In Performance
2025-11-22,45,Kid Myself,John Morgan,43,19,Gains In Performance
2025-11-22,46,Days Like These,Luke Combs,NEW,1,Gains In Performance
2025-11-22,47,All My Exes,Lauren Alaina Featuring Chase Matthew,45,10,Gains In Performance
2025-11-22,48,Drink With You,Brett Young,44,23,Gains In Performance
2025-11-22,49,Hate How You Look,Josh Ross,47,8,Gains In Performance
2025-11-22,50,Burned Down Heaven,Chase McDaniel,48,26,
2025-11-22,51,Chevy Silverado,Bailey Zimmerman,49,5,
2025-11-22,52,Long Live Country,Shane Profitt,51,7,Gains In Performance
2025-11-22,53,Heaven Passing Through,Turnpike Troubadours,54,9,Gains In Performance
2025-11-22,54,Easy To Love,Dustin Lynch,52,18,
2025-11-22,55,No Tellin',Caroline Jones,56,15,Gains In Performance
2025-11-22,56,Seventeen,Kameron Marlowe,53,13,
2025-11-22,57,Travelin' Soldier,Cody Johnson,NEW,1,Gains In Performance
2025-11-22,58,The Hell You Are,Ashley Cooke,59,3,Gains In Performance
2025-11-22,59,Fireworks,Kelsey Hart,57,4,
2025-11-22,60,I Wish You Would,Mackenzie Carpenter Featuring Midland,55,16,
2025-11-29,1,Darlin',Chase Matthew,1,51,
2025-11-29,2,Cowgirl,Parmalee,3,46,Gains In Performance
2025-11-29,3,Don't Mind If I Do,Riley Green Featuring Ella Langley,5,19,Gains In Performance
2025-11-29,4,Somewhere Over Laredo,Lainey Wilson,4,26,Gains In Performance
2025-11-29,5,What Kinda Man,Parker McCollum,7,62,Gains In Performance
2025-11-29,6,I Got Better,Morgan Wallen,2,22,
2025-11-29,7,Favorite Country Song,HARDY,12,32,Gains In Performance
2025-11-29,8,Heart Of Stone,Jelly Roll,6,34,
2025-11-29,9,"3,2,1",Tucker Wetmore,11,37,Gains In Performance
2025-11-29,10,6 Months Later,Megan Moroney,10,20,Gains In Performance
2025-11-29,11,Stay Country Or Die Tryin',Blake Shelton,13,26,Gains In Performance
2025-11-29,12,House Again,Hudson Westbrook,14,35,Gains In Performance
2025-11-29,13,It Won't Be Long,George Birge,16,43,Gains In Performance
2025-11-29,14,Good Times & Tan Lines,Zach Top,15,24,Gains In Performance
2025-11-29,15,How Far Does A Goodbye Go,Jason Aldean,17,10,Gains In Performance
2025-11-29,16,Time's Ticking,Justin Moore,18,48,Gains In Performance
2025-11-29,17,20 Cigarettes,Morgan Wallen,19,7,Gains In Performance
2025-11-29,18,Ain't A Bad Life,Thomas Rhett Featuring Jordan Davis,20,10,Gains In Performance
2025-11-29,19,Better Me For You (Brown Eyes),Max McNown,21,41,Gains In Performance
2025-11-29,20,I Dare You,Rascal Flatts & Jonas Brothers,22,42,Gains In Performance
2025-11-29,21,Amen,Shaboozey & Jelly Roll,26,20,Gains In Performance
2025-11-29,22,Choosin' Texas,Ella Langley,29,5,Gains In Performance
2025-11-29,23,What He'll Never Have,Dylan Scott,23,30,Gains In Performance
2025-11-29,24,I Ain't Coming Back,Morgan Wallen Featuring Post Malone,25,31,Gains In Performance
2025-11-29,25,Golden Child,Meghan Patrick,24,50,Gains In Performance
2025-11-29,26,Ends Of The Earth,Ty Myers,27,38,Gains In Performance
2025-11-29,27,The Fall,Cody Johnson,28,30,Gains In Performance
2025-11-29,28,Hard Fought Hallelujah,Brandon Lake X Jelly Roll,32,32,Gains In Performance
2025-11-29,29,Would If I Could,ERNEST,31,53,Gains In Performance
2025-11-29,30,A Song To Sing,Miranda Lambert & Chris Stapleton,30,19,
2025-11-29,31,Weak,Preston Cooper,33,22,Gains In Performance
2025-11-29,32,Me & A Beer,Chris Janson,34,25,Gains In Performance
2025-11-29,33,Wish You Well,Vincent Mason,35,37,Gains In Performance
2025-11-29,34,After Midnight,Nate Smith & Tyler Hubbard,NEW,1,Highest ranking debut|Gains In Performance
2025-11-29,35,Til The Last One Dies,Chris Young,36,33,
2025-11-29,36,Days Like These,Luke Combs,46,2,Gains In Performance
2025-11-29,37,Beautiful Things,Megan Moroney,37,4,Gains In Performance
2025-11-29,38,Making Good Time,Old Dominion,41,15,Gains In Performance
2025-11-29,39,Same Moon,Mitchell Tenpenny,38,26,
2025-11-29,40,Baggage,Kelsea Ballerini,42,26,Gains In Performance
2025-11-29,41,Wrong Hearts,LoCash,39,23,
2025-11-29,42,Turn This Truck Around,Jordan Davis,44,4,Gains In Performance
2025-11-29,43,Never Call Again,Gavin Adcock,43,17,Gains In Performance
2025-11-29,44,Kid Myself,John Morgan,45,20,Gains In Performance
2025-11-29,45,Hate How You Look,Josh Ross,49,9,Gains In Performance
2025-11-29,46,Drink With You,Brett Young,48,24,Gains In Performance
2025-11-29,47,All My Exes,Lauren Alaina Featuring Chase Matthew,47,11,
2025-11-29,48,Chevy Silverado,Bailey Zimmerman,51,6,Gains In Performance
2025-11-29,49,Burned Down Heaven,Chase McDaniel,50,27,Gains In Performance
2025-11-29,50,Long Live Country,Shane Profitt,52,8,
2025-11-29,51,Heaven Passing Through,Turnpike Troubadours,53,10,
2025-11-29,52,Easy To Love,Dustin Lynch,54,19,Gains In Performance
2025-11-29,53,The Hell You Are,Ashley Cooke,58,4,Gains In Performance
2025-11-29,54,Fireworks,Kelsey Hart,59,5,Gains In Performance
2025-11-29,55,No Tellin',Caroline Jones,55,16,Gains In Performance
2025-11-29,56,Seventeen,Kameron Marlowe,56,14,
2025-11-29,57,I Wish You Would,Mackenzie Carpenter Featuring Midland,60,17,Gains In Performance
2025-11-29,58,We Can Always Move On,Cole Swindell,RE,11,
2025-11-29,59,Straight For The Heart,Alexandra Kay,NEW,1,Gains In Performance
2025-11-29,60,Dream Come True,Carly Pearce,40,2,
2025-12-06,1,Somewhere Over Laredo,Lainey Wilson,4,27,Gains In Performance
2025-12-06,2,What Kinda Man,Parker McCollum,5,63,Greatest gainer this week|Gains In Performance
2025-12-06,3,Darlin',Chase Matthew,1,52,
2025-12-06,4,Cowgirl,Parmalee,2,47,Gains In Performance
2025-12-06,5,Don't Mind If I Do,Riley Green Featuring Ella Langley,3,20,Gains In Performance
2025-12-06,6,Favorite Country Song,HARDY,7,33,Gains In Performance
2025-12-06,7,"3,2,1",Tucker Wetmore,9,38,Gains In Performance
2025-12-06,8,6 Months Later,Megan Moroney,10,21,Gains In Performance
2025-12-06,9,Stay Country Or Die Tryin',Blake Shelton,11,27,Gains In Performance
2025-12-06,10,It Won't Be Long,George Birge,13,44,Gains In Performance
2025-12-06,11,House Again,Hudson Westbrook,12,36,Gains In Performance
2025-12-06,12,Good Times & Tan Lines,Zach Top,14,25,Gains In Performance
2025-12-06,13,How Far Does A Goodbye Go,Jason Aldean,15,11,Gains In Performance
2025-12-06,14,20 Cigarettes,Morgan Wallen,17,8,Gains In Performance
2025-12-06,15,Time's Ticking,Justin Moore,16,49,Gains In Performance
2025-12-06,16,Ain't A Bad Life,Thomas Rhett Featuring Jordan Davis,18,11,Gains In Performance
2025-12-06,17,Amen,Shaboozey & Jelly Roll,21,21,Gains In Performance
2025-12-06,18,Better Me For You (Brown Eyes),Max McNown,19,42,Gains In Performance
2025-12-06,19,Choosin' Texas,Ella Langley,22,6,Gains In Performance
2025-12-06,20,I Dare You,Rascal Flatts & Jonas Brothers,20,43,Gains In Performance
2025-12-06,21,I Ain't Coming Back,Morgan Wallen Featuring Post Malone,24,32,Gains In Performance
2025-12-06,22,What He'll Never Have,Dylan Scott,23,31,Gains In Performance
2025-12-06,23,Golden Child,Meghan Patrick,25,51,Gains In Performance
2025-12-06,24,The Fall,Cody Johnson,27,31,Gains In Performance
2025-12-06,25,Ends Of The Earth,Ty Myers,26,39,Gains In Performance
2025-12-06,26,Hard Fought Hallelujah,Brandon Lake X Jelly Roll,28,33,Gains In Performance
2025-12-06,27,Would If I Could,ERNEST,29,54,
2025-12-06,28,A Song To Sing,Miranda Lambert & Chris Stapleton,30,20,
2025-12-06,29,Weak,Preston Cooper,31,23,
2025-12-06,30,Days Like These,Luke Combs,36,3,Gains In Performance
2025-12-06,31,Me & A Beer,Chris Janson,32,26,
2025-12-06,32,Wish You Well,Vincent Mason,33,38,
2025-12-06,33,Til The Last One Dies,Chris Young,35,34,Gains In Performance
2025-12-06,34,Making Good Time,Old Dominion,38,16,Gains In Performance
2025-12-06,35,Beautiful Things,Megan Moroney,37,5,Gains In Performance
2025-12-06,36,Wrong Hearts,LoCash,41,24,Gains In Performance
2025-12-06,37,Baggage,Kelsea Ballerini,40,27,Gains In Performance
2025-12-06,38,Same Moon,Mitchell Tenpenny,39,27,
2025-12-06,39,After Midnight,Nate Smith & Tyler Hubbard,34,2,
2025-12-06,40,Turn This Truck Around,Jordan Davis,42,5,Gains In Performance
2025-12-06,41,Never Call Again,Gavin Adcock,43,18,Gains In Performance
2025-12-06,42,Kid Myself,John Morgan,44,21,Gains In Performance
2025-12-06,43,All My Exes,Lauren Alaina Featuring Chase Matthew,47,12,Gains In Performance
2025-12-06,44,Drink With You,Brett Young,46,25,Gains In Performance
2025-12-06,45,Hate How You Look,Josh Ross,45,10,
2025-12-06,46,Chevy Silverado,Bailey Zimmerman,48,7,Gains In Performance
2025-12-06,47,Burned Down Heaven,Chase McDaniel,49,28,
2025-12-06,48,Travelin' Soldier,Cody Johnson,RE,2,Gains In Performance
2025-12-06,49,Long Live Country,Shane Profitt,50,9,Gains In Performance
2025-12-06,50,The Hell You Are,Ashley Cooke,53,5,Gains In Performance
2025-12-06,51,Easy To Love,Dustin Lynch,52,20,Gains In Performance
2025-12-06,52,Fireworks,Kelsey Hart,54,6,Gains In Performance
2025-12-06,53,Heaven Passing Through,Turnpike Troubadours,51,11,Gains In Performance
2025-12-06,54,No Tellin',Caroline Jones,55,17,Gains In Performance
2025-12-06,55,We Can Always Move On,Cole Swindell,58,12,Gains In Performance
2025-12-06,56,I Wish You Would,Mackenzie Carpenter Featuring Midland,57,18,Gains In Performance
2025-12-06,57,Killed The Man,Lee Brice,RE,3,Gains In Performance
2025-12-06,58,Straight For The Heart,Alexandra Kay,59,2,Gains In Performance
2025-12-06,59,Seventeen,Kameron Marlowe,56,15,
2025-12-06,60,Use Me,Zach Top,RE,17,Gains In Performance
2025-12-13,1,Cowgirl,Parmalee,4,48,Gains In Performance
2025-12-13,2,"3,2,1",Tucker Wetmore,7,39,Greatest gainer this week|Gains In Performance
2025-12-13,3,Don't Mind If I Do,Riley Green Featuring Ella Langley,5,21,Gains In Performance
2025-12-13,4,Darlin',Chase Matthew,3,53,
2025-12-13,5,Favorite Country Song,HARDY,6,34,Gains In Performance
2025-12-13,6,6 Months Later,Megan Moroney,8,22,Gains In Performance
2025-12-13,7,Stay Country Or Die Tryin',Blake Shelton,9,28,Gains In Performance
2025-12-13,8,Somewhere Over Laredo,Lainey Wilson,1,28,
2025-12-13,9,What Kinda Man,Parker McCollum,2,64,
2025-12-13,10,It Won't Be Long,George Birge,10,45,Gains In Performance
2025-12-13,11,House Again,Hudson Westbrook,11,37,Gains In Performance
2025-12-13,12,Good Times & Tan Lines,Zach Top,12,26,Gains In Performance
2025-12-13,13,How Far Does A Goodbye Go,Jason Aldean,13,12,Gains In Performance
2025-12-13,14,20 Cigarettes,Morgan Wallen,14,9,Gains In Performance
2025-12-13,15,Time's Ticking,Justin Moore,15,50,Gains In Performance
2025-12-13,16,Choosin' Texas,Ella Langley,19,7,Gains In Performance
2025-12-13,17,Ain't A Bad Life,Thomas Rhett Featuring Jordan Davis,16,12,Gains In Performance
2025-12-13,18,Amen,Shaboozey & Jelly Roll,17,22,Gains In Performance
2025-12-13,19,Better Me For You (Brown Eyes),Max McNown,18,43,Gains In Performance
2025-12-13,20,I Dare You,Rascal Flatts & Jonas Brothers,20,44,Gains In Performance
2025-12-13,21,What He'll Never Have,Dylan Scott,22,32,Gains In Performance
2025-12-13,22,I Ain't Coming Back,Morgan Wallen Featuring Post Malone,21,33,Gains In Performance
2025-12-13,23,The Fall,Cody Johnson,24,32,Gains In Performance
2025-12-13,24,Golden Child,Meghan Patrick,23,52,Gains In Performance
2025-12-13,25,Ends Of The Earth,Ty Myers,25,40,Gains In Performance
2025-12-13,26,Days Like These,Luke Combs,30,4,Gains In Performance
2025-12-13,27,Hard Fought Hallelujah,Brandon Lake X Jelly Roll,26,34,
2025-12-13,28,Would If I Could,ERNEST,27,55,Gains In Performance
2025-12-13,29,A Song To Sing,Miranda Lambert & Chris Stapleton,28,21,Gains In Performance
2025-12-13,30,Weak,Preston Cooper,29,24,Gains In Performance
2025-12-13,31,Me & A Beer,Chris Janson,31,27,Gains In Performance
2025-12-13,32,Wish You Well,Vincent Mason,32,39,Gains In Performance
2025-12-13,33,Til The Last One Dies,Chris Young,33,35,
2025-12-13,34,Making Good Time,Old Dominion,34,17,Gains In Performance
2025-12-13,35,After Midnight,Nate Smith & Tyler Hubbard,39,3,Gains In Performance
2025-12-13,36,Wrong Hearts,LoCash,36,25,Gains In Performance
2025-12-13,37,Beautiful Things,Megan Moroney,35,6,Gains In Performance
2025-12-13,38,Turn This Truck Around,Jordan Davis,40,6,Gains In Performance
2025-12-13,39,Baggage,Kelsea Ballerini,37,28,Gains In Performance
2025-12-13,40,Same Moon,Mitchell Tenpenny,38,28,Gains In Performance
2025-12-13,41,Never Call Again,Gavin Adcock,41,19,Gains In Performance
2025-12-13,42,Kid Myself,John Morgan,42,22,Gains In Performance
2025-12-13,43,All My Exes,Lauren Alaina Featuring Chase Matthew,43,13,Gains In Performance
2025-12-13,44,Hate How You Look,Josh Ross,45,11,Gains In Performance
2025-12-13,45,Drink With You,Brett Young,44,26,
2025-12-13,46,Chevy Silverado,Bailey Zimmerman,46,8,Gains In Performance
2025-12-13,47,Burned Down Heaven,Chase McDaniel,47,29,Gains In Performance
2025-12-13,48,Long Live Country,Shane Profitt,49,10,Gains In Performance
2025-12-13,49,Travelin' Soldier,Cody Johnson,48,3,Gains In Performance
2025-12-13,50,The Hell You Are,Ashley Cooke,50,6,Gains In Performance
2025-12-13,51,Easy To Love,Dustin Lynch,51,21,Gains In Performance
2025-12-13,52,Heaven Passing Through,Turnpike Troubadours,53,12,Gains In Performance
2025-12-13,53,No Tellin',Caroline Jones,54,18,
2025-12-13,54,Fireworks,Kelsey Hart,52,7,
2025-12-13,55,We Can Always Move On,Cole Swindell,55,13,
2025-12-13,56,Straight For The Heart,Alexandra Kay,58,3,Gains In Performance
2025-12-13,57,Killed The Man,Lee Brice,57,4,Gains In Performance
2025-12-13,58,Seventeen,Kameron Marlowe,59,16,Gains In Performance
2025-12-13,59,I Wish You Would,Mackenzie Carpenter Featuring Midland,56,19,
2025-12-13,60,Nose On The Grindstone,Tyler Childers,NEW,1,Highest ranking debut|Gains In Performance
2025-12-20,1,Don't Mind If I Do,Riley Green Featuring Ella Langley,3,22,Gains In Performance
2025-12-20,2,Cowgirl,Parmalee,1,49,Gains In Performance
2025-12-20,3,Favorite Country Song,HARDY,5,35,Gains In Performance
2025-12-20,4,Stay Country Or Die Tryin',Blake Shelton,7,29,Gains In Performance
2025-12-20,5,Darlin',Chase Matthew,4,54,
2025-12-20,6,6 Months Later,Megan Moroney,6,23,Gains In Performance
2025-12-20,7,"3,2,1",Tucker Wetmore,2,40,
2025-12-20,8,How Far Does A Goodbye Go,Jason Aldean,13,13,Gains In Performance
2025-12-20,9,It Won't Be Long,George Birge,10,46,Gains In Performance
2025-12-20,10,Choosin' Texas,Ella Langley,16,8,Greatest gainer this week|Gains In Performance
2025-12-20,11,House Again,Hudson Westbrook,11,38,Gains In Performance
2025-12-20,12,20 Cigarettes,Morgan Wallen,14,10,Gains In Performance
2025-12-20,13,Time's Ticking,Justin Moore,15,51,Gains In Performance
2025-12-20,14,Amen,Shaboozey & Jelly Roll,18,23,Gains In Performance
2025-12-20,15,Ain't A Bad Life,Thomas Rhett Featuring Jordan Davis,17,13,Gains In Performance
2025-12-20,16,Better Me For You (Brown Eyes),Max McNown,19,44,Gains In Performance
2025-12-20,17,What He'll Never Have,Dylan Scott,21,33,Gains In Performance
2025-12-20,18,I Dare You,Rascal Flatts & Jonas Brothers,20,45,Gains In Performance
2025-12-20,19,The Fall,Cody Johnson,23,33,Gains In Performance
2025-12-20,20,I Ain't Coming Back,Morgan Wallen Featuring Post Malone,22,34,
2025-12-20,21,Golden Child,Meghan Patrick,24,53,Gains In Performance
2025-12-20,22,Ends Of The Earth,Ty Myers,25,41,Gains In Performance
2025-12-20,23,Days Like These,Luke Combs,26,5,Gains In Performance
2025-12-20,24,Hard Fought Hallelujah,Brandon Lake X Jelly Roll,27,35,Gains In Performance
2025-12-20,25,A Song To Sing,Miranda Lambert & Chris Stapleton,29,22,Gains In Performance
2025-12-20,26,Would If I Could,ERNEST,28,56,
2025-12-20,27,Me & A Beer,Chris Janson,31,28,Gains In Performance
2025-12-20,28,Weak,Preston Cooper,30,25,Gains In Performance
2025-12-20,29,Wish You Well,Vincent Mason,32,40,Gains In Performance
2025-12-20,30,Til The Last One Dies,Chris Young,33,36,Gains In Performance
2025-12-20,31,Making Good Time,Old Dominion,34,18,Gains In Performance
2025-12-20,32,Turn This Truck Around,Jordan Davis,38,7,Gains In Performance
2025-12-20,33,Beautiful Things,Megan Moroney,37,7,Gains In Performance
2025-12-20,34,After Midnight,Nate Smith & Tyler Hubbard,35,4,Gains In Performance
2025-12-20,35,Wrong Hearts,LoCash,36,26,Gains In Performance
2025-12-20,36,Same Moon,Mitchell Tenpenny,40,29,Gains In Performance
2025-12-20,37,Baggage,Kelsea Ballerini,39,29,Gains In Performance
2025-12-20,38,Never Call Again,Gavin Adcock,41,20,Gains In Performance
2025-12-20,39,Kid Myself,John Morgan,42,23,Gains In Performance
2025-12-20,40,All My Exes,Lauren Alaina Featuring Chase Matthew,43,14,Gains In Performance
2025-12-20,41,Hate How You Look,Josh Ross,44,12,Gains In Performance
2025-12-20,42,Chevy Silverado,Bailey Zimmerman,46,9,Gains In Performance
2025-12-20,43,Burned Down Heaven,Chase McDaniel,47,30,Gains In Performance
2025-12-20,44,Drink With You,Brett Young,45,27,Gains In Performance
2025-12-20,45,Travelin' Soldier,Cody Johnson,49,4,Gains In Performance
2025-12-20,46,Easy To Love,Dustin Lynch,51,22,Gains In Performance
2025-12-20,47,Long Live Country,Shane Profitt,48,11,
2025-12-20,48,The Hell You Are,Ashley Cooke,50,7,
2025-12-20,49,No Tellin',Caroline Jones,53,19,Gains In Performance
2025-12-20,50,Fireworks,Kelsey Hart,54,8,Gains In Performance
2025-12-20,51,Straight For The Heart,Alexandra Kay,56,4,Gains In Performance
2025-12-20,52,Heaven Passing Through,Turnpike Troubadours,52,13,
2025-12-20,53,I Wish You Would,Mackenzie Carpenter Featuring Midland,59,20,Gains In Performance
2025-12-20,54,Rocky Mountain Low,Corey Kent & Koe Wetzel,NEW,1,Highest ranking debut|Gains In Performance
2025-12-20,55,Killed The Man,Lee Brice,57,5,Gains In Performance
2025-12-20,56,We Can Always Move On,Cole Swindell,55,14,
2025-12-20,57,Seventeen,Kameron Marlowe,58,17,
2025-12-20,58,Dream Come True,Carly Pearce,RE,3,Gains In Performance
2025-12-20,59,Worth Your Wild,Russell Dickerson,NEW,1,Gains In Performance
2025-12-20,60,Devil Ain't Done,Atlus,RE,2,Gains In Performance
2025-12-27,1,Cowgirl,Parmalee,2,50,Gains In Performance
2025-12-27,2,Don't Mind If I Do,Riley Green Featuring Ella Langley,1,23,Gains In Performance
2025-12-27,3,Favorite Country Song,HARDY,3,36,Gains In Performance
2025-12-27,4,Stay Country Or Die Tryin',Blake Shelton,4,30,Gains In Performance
2025-12-27,5,6 Months Later,Megan Moroney,6,24,Gains In Performance
2025-12-27,6,How Far Does A Goodbye Go,Jason Aldean,8,14,Gains In Performance
2025-12-27,7,Choosin' Texas,Ella Langley,10,9,Greatest gainer this week|Gains In Performance
2025-12-27,8,Darlin',Chase Matthew,5,55,
2025-12-27,9,It Won't Be Long,George Birge,9,47,Gains In Performance
2025-12-27,10,House Again,Hudson Westbrook,11,39,Gains In Performance
2025-12-27,11,20 Cigarettes,Morgan Wallen,12,11,Gains In Performance
2025-12-27,12,Amen,Shaboozey & Jelly Roll,14,24,Gains In Performance
2025-12-27,13,Time's Ticking,Justin Moore,13,52,Gains In Performance
2025-12-27,14,Ain't A Bad Life,Thomas Rhett Featuring Jordan Davis,15,14,Gains In Performance
2025-12-27,15,Better Me For You (Brown Eyes),Max McNown,16,45,Gains In Performance
2025-12-27,16,What He'll Never Have,Dylan Scott,17,34,Gains In Performance
2025-12-27,17,The Fall,Cody Johnson,19,34,Gains In Performance
2025-12-27,18,I Dare You,Rascal Flatts & Jonas Brothers,18,46,Gains In Performance
2025-12-27,19,Days Like These,Luke Combs,23,6,Gains In Performance
2025-12-27,20,I Ain't Coming Back,Morgan Wallen Featuring Post Malone,20,35,Gains In Performance
2025-12-27,21,Ends Of The Earth,Ty Myers,22,42,Gains In Performance
2025-12-27,22,Golden Child,Meghan Patrick,21,54,Gains In Performance
2025-12-27,23,A Song To Sing,Miranda Lambert & Chris Stapleton,25,23,Gains In Performance
2025-12-27,24,Hard Fought Hallelujah,Brandon Lake X Jelly Roll,24,36,
2025-12-27,25,Me & A Beer,Chris Janson,27,29,Gains In Performance
2025-12-27,26,Weak,Preston Cooper,28,26,
2025-12-27,27,Wish You Well,Vincent Mason,29,41,Gains In Performance
2025-12-27,28,Turn This Truck Around,Jordan Davis,32,8,Gains In Performance
2025-12-27,29,Making Good Time,Old Dominion,31,19,Gains In Performance
2025-12-27,30,After Midnight,Nate Smith & Tyler Hubbard,34,5,Gains In Performance
2025-12-27,31,Til The Last One Dies,Chris Young,30,37,
2025-12-27,32,Beautiful Things,Megan Moroney,33,8,Gains In Performance
2025-12-27,33,Never Call Again,Gavin Adcock,38,21,Gains In Performance
2025-12-27,34,Wrong Hearts,LoCash,35,27,
2025-12-27,35,Baggage,Kelsea Ballerini,37,30,
2025-12-27,36,Same Moon,Mitchell Tenpenny,36,30,
2025-12-27,37,Chevy Silverado,Bailey Zimmerman,42,10,Gains In Performance
2025-12-27,38,Kid Myself,John Morgan,39,24,
2025-12-27,39,Hate How You Look,Josh Ross,41,13,Gains In Performance
2025-12-27,40,All My Exes,Lauren Alaina Featuring Chase Matthew,40,15,
2025-12-27,41,Drink With You,Brett Young,44,28,Gains In Performance
2025-12-27,42,Travelin' Soldier,Cody Johnson,45,5,Gains In Performance
2025-12-27,43,Burned Down Heaven,Chase McDaniel,43,31,
2025-12-27,44,Easy To Love,Dustin Lynch,46,23,Gains In Performance
2025-12-27,45,The Hell You Are,Ashley Cooke,48,8,Gains In Performance
2025-12-27,46,Long Live Country,Shane Profitt,47,12,Gains In Performance
2025-12-27,47,Rocky Mountain Low,Corey Kent & Koe Wetzel,54,2,Gains In Performance
2025-12-27,48,No Tellin',Caroline Jones,49,20,
2025-12-27,49,Fireworks,Kelsey Hart,50,9,Gains In Performance
2025-12-27,50,Killed The Man,Lee Brice,55,6,Gains In Performance
2025-12-27,51,Heaven Passing Through,Turnpike Troubadours,52,14,Gains In Performance
2025-12-27,52,We Can Always Move On,Cole Swindell,56,15,Gains In Performance
2025-12-27,53,I Wish You Would,Mackenzie Carpenter Featuring Midland,53,21,Gains In Performance
2025-12-27,54,Straight For The Heart,Alexandra Kay,51,5,
2025-12-27,55,Seventeen,Kameron Marlowe,57,18,
2025-12-27,56,Dream Come True,Carly Pearce,58,4,Gains In Performance
2025-12-27,57,Brunette,Tucker Wetmore,NEW,1,Highest ranking debut|Gains In Performance
2025-12-27,58,Water At A Wedding,Greylan James,NEW,1,Gains In Performance
2025-12-27,59,Devil Ain't Done,Atlus,60,3,Gains In Performance
2025-12-27,60,South Of Sanity,Zach Top,NEW,1,Gains In Performance
2026-01-03,1,Cowgirl,Parmalee,1,51,
2026-01-03,2,Favorite Country Song,HARDY,3,37,
2026-01-03,3,Don't Mind If I Do,Riley Green Featuring Ella Langley,2,24,
2026-01-03,4,Stay Country Or Die Tryin',Blake Shelton,4,31,
2026-01-03,5,6 Months Later,Megan Moroney,5,25,
2026-01-03,6,Choosin' Texas,Ella Langley,7,10,
2026-01-03,7,How Far Does A Goodbye Go,Jason Aldean,6,15,
2026-01-03,8,Darlin',Chase Matthew,8,56,
2026-01-03,9,It Won't Be Long,George Birge,9,48,
2026-01-03,10,20 Cigarettes,Morgan Wallen,11,12,
2026-01-03,11,Amen,Shaboozey & Jelly Roll,12,25,
2026-01-03,12,House Again,Hudson Westbrook,10,40,
2026-01-03,13,Time's Ticking,Justin Moore,13,53,
2026-01-03,14,Ain't A Bad Life,Thomas Rhett Featuring Jordan Davis,14,15,
2026-01-03,15,Better Me For You (Brown Eyes),Max McNown,15,46,
2026-01-03,16,What He'll Never Have,Dylan Scott,16,35,
2026-01-03,17,The Fall,Cody Johnson,17,35,
2026-01-03,18,I Dare You,Rascal Flatts & Jonas Brothers,18,47,
2026-01-03,19,Days Like These,Luke Combs,19,7,
2026-01-03,20,I Ain't Coming Back,Morgan Wallen Featuring Post Malone,20,36,
2026-01-03,21,Ends Of The Earth,Ty Myers,21,43,
2026-01-03,22,Golden Child,Meghan Patrick,22,55,
2026-01-03,23,A Song To Sing,Miranda Lambert & Chris Stapleton,23,24,
2026-01-03,24,Hard Fought Hallelujah,Brandon Lake X Jelly Roll,24,37,
2026-01-03,25,Wish You Well,Vincent Mason,27,42,
2026-01-03,26,Me & A Beer,Chris Janson,25,30,
2026-01-03,27,Making Good Time,Old Dominion,29,20,
2026-01-03,28,Weak,Preston Cooper,26,27,
2026-01-03,29,Turn This Truck Around,Jordan Davis,28,9,
2026-01-03,30,Til The Last One Dies,Chris Young,31,38,
2026-01-03,31,Beautiful Things,Megan Moroney,32,9,
2026-01-03,32,After Midnight,Nate Smith & Tyler Hubbard,30,6,
2026-01-03,33,Wrong Hearts,LoCash,34,28,Gains In Performance
2026-01-03,34,Never Call Again,Gavin Adcock,33,22,
2026-01-03,35,Baggage,Kelsea Ballerini,35,31,
2026-01-03,36,Chevy Silverado,Bailey Zimmerman,37,11,
2026-01-03,37,Hate How You Look,Josh Ross,39,14,
2026-01-03,38,Kid Myself,John Morgan,38,25,
2026-01-03,39,Same Moon,Mitchell Tenpenny,36,31,
2026-01-03,40,All My Exes,Lauren Alaina Featuring Chase Matthew,40,16,
2026-01-03,41,Winter Wonderland,Luke Bryan & Ella Langley,NEW,1,Highest ranking debut|Gains In Performance
2026-01-03,42,Rocky Mountain Low,Corey Kent & Koe Wetzel,47,3,Gains In Performance
2026-01-03,43,Drink With You,Brett Young,41,29,
2026-01-03,44,Travelin' Soldier,Cody Johnson,42,6,
2026-01-03,45,Burned Down Heaven,Chase McDaniel,43,32,
2026-01-03,46,Easy To Love,Dustin Lynch,44,24,
2026-01-03,47,The Hell You Are,Ashley Cooke,45,9,
2026-01-03,48,Long Live Country,Shane Profitt,46,13,
2026-01-03,49,Brunette,Tucker Wetmore,57,2,Gains In Performance
2026-01-03,50,Fireworks,Kelsey Hart,49,10,
2026-01-03,51,No Tellin',Caroline Jones,48,21,
2026-01-03,52,We Can Always Move On,Cole Swindell,52,16,
2026-01-03,53,Let It Snow! Let It Snow! Let It Snow!,Lainey Wilson & Bing Crosby,NEW,1,Gains In Performance
2026-01-03,54,Heaven Passing Through,Turnpike Troubadours,51,15,
2026-01-03,55,South Of Sanity,Zach Top,60,2,Gains In Performance
2026-01-03,56,Killed The Man,Lee Brice,50,7,
2026-01-03,57,Straight For The Heart,Alexandra Kay,54,6,
2026-01-03,58,I Wish You Would,Mackenzie Carpenter Featuring Midland,53,22,
2026-01-03,59,Blue Christmas,Zach Top,NEW,1,Gains In Performance
2026-01-03,60,Dream Come True,Carly Pearce,56,5,
2026-01-10,1,Cowgirl,Parmalee,1,52,Greatest gainer this week|Gains In Performance
2026-01-10,2,Favorite Country Song,HARDY,2,38,Gains In Performance
2026-01-10,3,Stay Country Or Die Tryin',Blake Shelton,4,32,Gains In Performance
2026-01-10,4,Don't Mind If I Do,Riley Green Featuring Ella Langley,3,25,
2026-01-10,5,Choosin' Texas,Ella Langley,6,11,Gains In Performance
2026-01-10,6,6 Months Later,Megan Moroney,5,26,Gains In Performance
2026-01-10,7,How Far Does A Goodbye Go,Jason Aldean,7,16,Gains In Performance
2026-01-10,8,It Won't Be Long,George Birge,9,49,Gains In Performance
2026-01-10,9,Darlin',Chase Matthew,8,57,
2026-01-10,10,20 Cigarettes,Morgan Wallen,10,13,Gains In Performance
2026-01-10,11,House Again,Hudson Westbrook,12,41,Gains In Performance
2026-01-10,12,Amen,Shaboozey & Jelly Roll,11,26,Gains In Performance
2026-01-10,13,Ain't A Bad Life,Thomas Rhett Featuring Jordan Davis,14,16,Gains In Performance
2026-01-10,14,Time's Ticking,Justin Moore,13,54,Gains In Performance
2026-01-10,15,Better Me For You (Brown Eyes),Max McNown,15,47,Gains In Performance
2026-01-10,16,What He'll Never Have,Dylan Scott,16,36,Gains In Performance
2026-01-10,17,The Fall,Cody Johnson,17,36,Gains In Performance
2026-01-10,18,Days Like These,Luke Combs,19,8,Gains In Performance
2026-01-10,19,I Dare You,Rascal Flatts & Jonas Brothers,18,48,Gains In Performance
2026-01-10,20,I Ain't Coming Back,Morgan Wallen Featuring Post Malone,20,37,Gains In Performance
2026-01-10,21,Ends Of The Earth,Ty Myers,21,44,Gains In Performance
2026-01-10,22,Golden Child,Meghan Patrick,22,56,Gains In Performance
2026-01-10,23,A Song To Sing,Miranda Lambert & Chris Stapleton,23,25,Gains In Performance
2026-01-10,24,Hard Fought Hallelujah,Brandon Lake X Jelly Roll,24,38,Gains In Performance
2026-01-10,25,Wish You Well,Vincent Mason,25,43,Gains In Performance
2026-01-10,26,Me & A Beer,Chris Janson,26,31,Gains In Performance
2026-01-10,27,Making Good Time,Old Dominion,27,21,Gains In Performance
2026-01-10,28,Turn This Truck Around,Jordan Davis,29,10,Gains In Performance
2026-01-10,29,Weak,Preston Cooper,28,28,Gains In Performance
2026-01-10,30,After Midnight,Nate Smith & Tyler Hubbard,32,7,Gains In Performance
2026-01-10,31,Til The Last One Dies,Chris Young,30,39,Gains In Performance
2026-01-10,32,Beautiful Things,Megan Moroney,31,10,Gains In Performance
2026-01-10,33,Never Call Again,Gavin Adcock,34,23,Gains In Performance
2026-01-10,34,Wrong Hearts,LoCash,33,29,Gains In Performance
2026-01-10,35,Baggage,Kelsea Ballerini,35,32,Gains In Performance
2026-01-10,36,Chevy Silverado,Bailey Zimmerman,36,12,Gains In Performance
2026-01-10,37,Hate How You Look,Josh Ross,37,15,Gains In Performance
2026-01-10,38,Rocky Mountain Low,Corey Kent & Koe Wetzel,42,4,Gains In Performance
2026-01-10,39,Kid Myself,John Morgan,38,26,Gains In Performance
2026-01-10,40,All My Exes,Lauren Alaina Featuring Chase Matthew,40,17,Gains In Performance
2026-01-10,41,Drink With You,Brett Young,43,30,Gains In Performance
2026-01-10,42,Travelin' Soldier,Cody Johnson,44,7,Gains In Performance
2026-01-10,43,Easy To Love,Dustin Lynch,46,25,Gains In Performance
2026-01-10,44,Burned Down Heaven,Chase McDaniel,45,33,Gains In Performance
2026-01-10,45,Brunette,Tucker Wetmore,49,3,Gains In Performance
2026-01-10,46,Long Live Country,Shane Profitt,48,14,Gains In Performance
2026-01-10,47,The Hell You Are,Ashley Cooke,47,10,Gains In Performance
2026-01-10,48,South Of Sanity,Zach Top,55,3,Gains In Performance
2026-01-10,49,No Tellin',Caroline Jones,51,22,Gains In Performance
2026-01-10,50,We Can Always Move On,Cole Swindell,52,17,Gains In Performance
2026-01-10,51,Straight For The Heart,Alexandra Kay,57,7,Gains In Performance
2026-01-10,52,Fireworks,Kelsey Hart,50,11,Gains In Performance
2026-01-10,53,Heaven Passing Through,Turnpike Troubadours,54,16,Gains In Performance
2026-01-10,54,Killed The Man,Lee Brice,56,8,Gains In Performance
2026-01-10,55,Change My Mind,Riley Green,NEW,1,Highest ranking debut|Gains In Performance
2026-01-10,56,I Wish You Would,Mackenzie Carpenter Featuring Midland,58,23,Gains In Performance
2026-01-10,57,Dream Come True,Carly Pearce,60,6,Gains In Performance
2026-01-10,58,Devil Ain't Done,Atlus,RE,4,Gains In Performance
2026-01-10,59,Seventeen,Kameron Marlowe,RE,19,Gains In Performance
2026-01-10,60,Water At A Wedding,Greylan James,RE,2,Gains In Performance
2026-01-17,1,Stay Country Or Die Tryin',Blake Shelton,3,33,Greatest gainer this week|Gains In Performance
2026-01-17,2,Cowgirl,Parmalee,1,53,
2026-01-17,3,Favorite Country Song,HARDY,2,39,Gains In Performance
2026-01-17,4,Choosin' Texas,Ella Langley,5,12,Gains In Performance
2026-01-17,5,Don't Mind If I Do,Riley Green Featuring Ella Langley,4,26,
2026-01-17,6,6 Months Later,Megan Moroney,6,27,Gains In Performance
2026-01-17,7,How Far Does A Goodbye Go,Jason Aldean,7,17,Gains In Performance
2026-01-17,8,It Won't Be Long,George Birge,8,50,Gains In Performance
2026-01-17,9,20 Cigarettes,Morgan Wallen,10,14,Gains In Performance
2026-01-17,10,House Again,Hudson Westbrook,11,42,Gains In Performance
2026-01-17,11,Amen,Shaboozey & Jelly Roll,12,27,Gains In Performance
2026-01-17,12,Ain't A Bad Life,Thomas Rhett Featuring Jordan Davis,13,17,Gains In Performance
2026-01-17,13,Time's Ticking,Justin Moore,14,55,Gains In Performance
2026-01-17,14,What He'll Never Have,Dylan Scott,16,37,Gains In Performance
2026-01-17,15,Better Me For You (Brown Eyes),Max McNown,15,48,Gains In Performance
2026-01-17,16,Days Like These,Luke Combs,18,9,Gains In Performance
2026-01-17,17,The Fall,Cody Johnson,17,37,Gains In Performance
2026-01-17,18,I Dare You,Rascal Flatts & Jonas Brothers,19,49,Gains In Performance
2026-01-17,19,I Ain't Coming Back,Morgan Wallen Featuring Post Malone,20,38,Gains In Performance
2026-01-17,20,Ends Of The Earth,Ty Myers,21,45,Gains In Performance
2026-01-17,21,Golden Child,Meghan Patrick,22,57,Gains In Performance
2026-01-17,22,A Song To Sing,Miranda Lambert & Chris Stapleton,23,26,Gains In Performance
2026-01-17,23,Wish You Well,Vincent Mason,25,44,Gains In Performance
2026-01-17,24,Hard Fought Hallelujah,Brandon Lake X Jelly Roll,24,39,
2026-01-17,25,Me & A Beer,Chris Janson,26,32,Gains In Performance
2026-01-17,26,Turn This Truck Around,Jordan Davis,28,11,Gains In Performance
2026-01-17,27,Making Good Time,Old Dominion,27,22,Gains In Performance
2026-01-17,28,Weak,Preston Cooper,29,29,Gains In Performance
2026-01-17,29,Til The Last One Dies,Chris Young,31,40,Gains In Performance
2026-01-17,30,After Midnight,Nate Smith & Tyler Hubbard,30,8,Gains In Performance
2026-01-17,31,Beautiful Things,Megan Moroney,32,11,Gains In Performance
2026-01-17,32,Wrong Hearts,LoCash,34,30,Gains In Performance
2026-01-17,33,Never Call Again,Gavin Adcock,33,24,
2026-01-17,34,Baggage,Kelsea Ballerini,35,33,Gains In Performance
2026-01-17,35,Chevy Silverado,Bailey Zimmerman,36,13,Gains In Performance
2026-01-17,36,Rocky Mountain Low,Corey Kent & Koe Wetzel,38,5,Gains In Performance
2026-01-17,37,Kid Myself,John Morgan,39,27,Gains In Performance
2026-01-17,38,Hate How You Look,Josh Ross,37,16,
2026-01-17,39,All My Exes,Lauren Alaina Featuring Chase Matthew,40,18,Gains In Performance
2026-01-17,40,Brunette,Tucker Wetmore,45,4,Gains In Performance
2026-01-17,41,Drink With You,Brett Young,41,31,Gains In Performance
2026-01-17,42,Travelin' Soldier,Cody Johnson,42,8,
2026-01-17,43,Change My Mind,Riley Green,55,2,Gains In Performance
2026-01-17,44,South Of Sanity,Zach Top,48,4,Gains In Performance
2026-01-17,45,Long Live Country,Shane Profitt,46,15,Gains In Performance
2026-01-17,46,Burned Down Heaven,Chase McDaniel,44,34,Gains In Performance
2026-01-17,47,Easy To Love,Dustin Lynch,43,26,
2026-01-17,48,The Hell You Are,Ashley Cooke,47,11,
2026-01-17,49,Fireworks,Kelsey Hart,52,12,Gains In Performance
2026-01-17,50,Killed The Man,Lee Brice,54,9,Gains In Performance
2026-01-17,51,Straight For The Heart,Alexandra Kay,51,8,Gains In Performance
2026-01-17,52,Heaven Passing Through,Turnpike Troubadours,53,17,Gains In Performance
2026-01-17,53,We Can Always Move On,Cole Swindell,50,18,
2026-01-17,54,No Tellin',Caroline Jones,49,23,
2026-01-17,55,I Wish You Would,Mackenzie Carpenter Featuring Midland,56,24,Gains In Performance
2026-01-17,56,Dream Come True,Carly Pearce,57,7,Gains In Performance
2026-01-17,57,Devil Ain't Done,Atlus,58,5,Gains In Performance
2026-01-17,58,Worth Your Wild,Russell Dickerson,RE,2,Highest ranking debut|Gains In Performance
2026-01-17,59,Water At A Wedding,Greylan James,60,3,
2026-01-17,60,Seventeen,Kameron Marlowe,59,20,
2026-01-24,1,Favorite Country Song,HARDY,3,40,Gains In Performance
2026-01-24,2,6 Months Later,Megan Moroney,6,28,Greatest gainer this week|Gains In Performance
2026-01-24,3,Choosin' Texas,Ella Langley,4,13,Gains In Performance
2026-01-24,4,Stay Country Or Die Tryin',Blake Shelton,1,34,
2026-01-24,5,How Far Does A Goodbye Go,Jason Aldean,7,18,Gains In Performance
2026-01-24,6,Cowgirl,Parmalee,2,54,
2026-01-24,7,It Won't Be Long,George Birge,8,51,Gains In Performance
2026-01-24,8,20 Cigarettes,Morgan Wallen,9,15,Gains In Performance
2026-01-24,9,Amen,Shaboozey & Jelly Roll,11,28,Gains In Performance
2026-01-24,10,House Again,Hudson Westbrook,10,43,
2026-01-24,11,Ain't A Bad Life,Thomas Rhett Featuring Jordan Davis,12,18,Gains In Performance
2026-01-24,12,Time's Ticking,Justin Moore,13,56,Gains In Performance
2026-01-24,13,What He'll Never Have,Dylan Scott,14,38,Gains In Performance
2026-01-24,14,Better Me For You (Brown Eyes),Max McNown,15,49,Gains In Performance
2026-01-24,15,Days Like These,Luke Combs,16,10,Gains In Performance
2026-01-24,16,The Fall,Cody Johnson,17,38,Gains In Performance
2026-01-24,17,I Dare You,Rascal Flatts & Jonas Brothers,18,50,
2026-01-24,18,I Ain't Coming Back,Morgan Wallen Featuring Post Malone,19,39,Gains In Performance
2026-01-24,19,Ends Of The Earth,Ty Myers,20,46,Gains In Performance
2026-01-24,20,Golden Child,Meghan Patrick,21,58,Gains In Performance
2026-01-24,21,A Song To Sing,Miranda Lambert & Chris Stapleton,22,27,
2026-01-24,22,Wish You Well,Vincent Mason,23,45,Gains In Performance
2026-01-24,23,Turn This Truck Around,Jordan Davis,26,12,Gains In Performance
2026-01-24,24,Me & A Beer,Chris Janson,25,33,Gains In Performance
2026-01-24,25,Making Good Time,Old Dominion,27,23,Gains In Performance
2026-01-24,26,Weak,Preston Cooper,28,30,
2026-01-24,27,Til The Last One Dies,Chris Young,29,41,Gains In Performance
2026-01-24,28,After Midnight,Nate Smith & Tyler Hubbard,30,9,
2026-01-24,29,Beautiful Things,Megan Moroney,31,12,Gains In Performance
2026-01-24,30,Wrong Hearts,LoCash,32,31,Gains In Performance
2026-01-24,31,Rocky Mountain Low,Corey Kent & Koe Wetzel,36,6,Gains In Performance
2026-01-24,32,Never Call Again,Gavin Adcock,33,25,Gains In Performance
2026-01-24,33,Change My Mind,Riley Green,43,3,Gains In Performance
2026-01-24,34,Brunette,Tucker Wetmore,40,5,Gains In Performance
2026-01-24,35,Chevy Silverado,Bailey Zimmerman,35,14,Gains In Performance
2026-01-24,36,Baggage,Kelsea Ballerini,34,34,
2026-01-24,37,Kid Myself,John Morgan,37,28,Gains In Performance
2026-01-24,38,Hate How You Look,Josh Ross,38,17,
2026-01-24,39,All My Exes,Lauren Alaina Featuring Chase Matthew,39,19,
2026-01-24,40,South Of Sanity,Zach Top,44,5,Gains In Performance
2026-01-24,41,Drink With You,Brett Young,41,32,
2026-01-24,42,Travelin' Soldier,Cody Johnson,42,9,
2026-01-24,43,Long Live Country,Shane Profitt,45,16,Gains In Performance
2026-01-24,44,Burned Down Heaven,Chase McDaniel,46,35,Gains In Performance
2026-01-24,45,Easy To Love,Dustin Lynch,47,27,
2026-01-24,46,Straight For The Heart,Alexandra Kay,51,9,Gains In Performance
2026-01-24,47,The Hell You Are,Ashley Cooke,48,12,
2026-01-24,48,Killed The Man,Lee Brice,50,10,Gains In Performance
2026-01-24,49,Fireworks,Kelsey Hart,49,13,
2026-01-24,50,Heaven Passing Through,Turnpike Troubadours,52,18,Gains In Performance
2026-01-24,51,We Can Always Move On,Cole Swindell,53,19,
2026-01-24,52,I Wish You Would,Mackenzie Carpenter Featuring Midland,55,25,Gains In Performance
2026-01-24,53,Sleepless In A Hotel Room,Luke Combs,NEW,1,Highest ranking debut|Gains In Performance
2026-01-24,54,Worth Your Wild,Russell Dickerson,58,3,Gains In Performance
2026-01-24,55,Devil Ain't Done,Atlus,57,6,
2026-01-24,56,Dream Come True,Carly Pearce,56,8,
2026-01-24,57,Water At A Wedding,Greylan James,59,4,
2026-01-24,58,Highs & Lows,Matt Cooper,NEW,1,Gains In Performance
2026-01-24,59,Rebel,Drew Baldridge,NEW,1,Gains In Performance
2026-01-24,60,Thought It Was Love,Ty Myers,NEW,1,
2026-01-31,1,Favorite Country Song,HARDY,1,41,Gains In Performance
2026-01-31,2,Choosin' Texas,Ella Langley,3,14,Gains In Performance
2026-01-31,3,How Far Does A Goodbye Go,Jason Aldean,5,19,Gains In Performance
2026-01-31,4,20 Cigarettes,Morgan Wallen,8,16,Greatest gainer this week|Gains In Performance
2026-01-31,5,Amen,Shaboozey & Jelly Roll,9,29,Gains In Performance
2026-01-31,6,It Won't Be Long,George Birge,7,52,Gains In Performance
2026-01-31,7,6 Months Later,Megan Moroney,2,29,
2026-01-31,8,Cowgirl,Parmalee,6,55,
2026-01-31,9,Time's Ticking,Justin Moore,12,57,Gains In Performance
2026-01-31,10,Ain't A Bad Life,Thomas Rhett Featuring Jordan Davis,11,19,Gains In Performance
2026-01-31,11,House Again,Hudson Westbrook,10,44,
2026-01-31,12,Days Like These,Luke Combs,15,11,Gains In Performance
2026-01-31,13,Better Me For You (Brown Eyes),Max McNown,14,50,Gains In Performance
2026-01-31,14,What He'll Never Have,Dylan Scott,13,39,Gains In Performance
2026-01-31,15,The Fall,Cody Johnson,16,39,Gains In Performance
2026-01-31,16,I Ain't Coming Back,Morgan Wallen Featuring Post Malone,18,40,Gains In Performance
2026-01-31,17,I Dare You,Rascal Flatts & Jonas Brothers,17,51,Gains In Performance
2026-01-31,18,Ends Of The Earth,Ty Myers,19,47,Gains In Performance
2026-01-31,19,A Song To Sing,Miranda Lambert & Chris Stapleton,21,28,Gains In Performance
2026-01-31,20,Golden Child,Meghan Patrick,20,59,
2026-01-31,21,Turn This Truck Around,Jordan Davis,23,13,Gains In Performance
2026-01-31,22,Wish You Well,Vincent Mason,22,46,Gains In Performance
2026-01-31,23,Me & A Beer,Chris Janson,24,34,Gains In Performance
2026-01-31,24,Making Good Time,Old Dominion,25,24,Gains In Performance
2026-01-31,25,Change My Mind,Riley Green,33,4,Gains In Performance
2026-01-31,26,Beautiful Things,Megan Moroney,29,13,Gains In Performance
2026-01-31,27,Til The Last One Dies,Chris Young,27,42,Gains In Performance
2026-01-31,28,Weak,Preston Cooper,26,31,
2026-01-31,29,Brunette,Tucker Wetmore,34,6,Gains In Performance
2026-01-31,30,Rocky Mountain Low,Corey Kent & Koe Wetzel,31,7,Gains In Performance
2026-01-31,31,After Midnight,Nate Smith & Tyler Hubbard,28,10,Gains In Performance
2026-01-31,32,Wrong Hearts,LoCash,30,32,Gains In Performance
2026-01-31,33,Chevy Silverado,Bailey Zimmerman,35,15,Gains In Performance
2026-01-31,34,Never Call Again,Gavin Adcock,32,26,Gains In Performance
2026-01-31,35,Baggage,Kelsea Ballerini,36,35,Gains In Performance
2026-01-31,36,Sleepless In A Hotel Room,Luke Combs,53,2,Gains In Performance
2026-01-31,37,Kid Myself,John Morgan,37,29,Gains In Performance
2026-01-31,38,South Of Sanity,Zach Top,40,6,Gains In Performance
2026-01-31,39,Hate How You Look,Josh Ross,38,18,Gains In Performance
2026-01-31,40,All My Exes,Lauren Alaina Featuring Chase Matthew,39,20,Gains In Performance
2026-01-31,41,Light Of A Clear Blue Morning,"Dolly Parton Featuring Lainey Wilson, Miley Cyrus, Queen Latifah & Reba McEntire",NEW,1,Highest ranking debut|Gains In Performance
2026-01-31,42,Long Live Country,Shane Profitt,43,17,Gains In Performance
2026-01-31,43,The Hell You Are,Ashley Cooke,47,13,Gains In Performance
2026-01-31,44,Easy To Love,Dustin Lynch,45,28,Gains In Performance
2026-01-31,45,Burned Down Heaven,Chase McDaniel,44,36,
2026-01-31,46,Travelin' Soldier,Cody Johnson,42,10,
2026-01-31,47,Straight For The Heart,Alexandra Kay,46,10,
2026-01-31,48,Fireworks,Kelsey Hart,49,14,Gains In Performance
2026-01-31,49,Killed The Man,Lee Brice,48,11,Gains In Performance
2026-01-31,50,Heaven Passing Through,Turnpike Troubadours,50,19,Gains In Performance
2026-01-31,51,Water At A Wedding,Greylan James,57,5,Gains In Performance
2026-01-31,52,I Wish You Would,Mackenzie Carpenter Featuring Midland,52,26,Gains In Performance
2026-01-31,53,Boots Off,Jon Pardi,NEW,1,Gains In Performance
2026-01-31,54,Dream Come True,Carly Pearce,56,9,Gains In Performance
2026-01-31,55,Worth Your Wild,Russell Dickerson,54,4,
2026-01-31,56,Devil Ain't Done,Atlus,55,7,Gains In Performance
2026-01-31,57,We Can Always Move On,Cole Swindell,51,20,
2026-01-31,58,Rebel,Drew Baldridge,59,2,Gains In Performance
2026-01-31,59,Highs & Lows,Matt Cooper,58,2,Gains In Performance
2026-01-31,60,Make A Liar,Jackson Dean,NEW,1,Gains In Performance
2026-02-07,1,Favorite Country Song,HARDY,1,42,Gains In Performance
2026-02-07,2,Choosin' Texas,Ella Langley,2,15,Gains In Performance
2026-02-07,3,It Won't Be Long,George Birge,6,53,Greatest gainer this week|Gains In Performance
2026-02-07,4,How Far Does A Goodbye Go,Jason Aldean,3,20,Gains In Performance
2026-02-07,5,20 Cigarettes,Morgan Wallen,4,17,Gains In Performance
2026-02-07,6,Amen,Shaboozey & Jelly Roll,5,30,Gains In Performance
2026-02-07,7,Ain't A Bad Life,Thomas Rhett Featuring Jordan Davis,10,20,Gains In Performance
2026-02-07,8,Time's Ticking,Justin Moore,9,58,Gains In Performance
2026-02-07,9,House Again,Hudson Westbrook,11,45,Gains In Performance
2026-02-07,10,Better Me For You (Brown Eyes),Max McNown,13,51,Gains In Performance
2026-02-07,11,Days Like These,Luke Combs,12,12,Gains In Performance
2026-02-07,12,What He'll Never Have,Dylan Scott,14,40,Gains In Performance
2026-02-07,13,The Fall,Cody Johnson,15,40,Gains In Performance
2026-02-07,14,I Ain't Coming Back,Morgan Wallen Featuring Post Malone,16,41,Gains In Performance
2026-02-07,15,Ends Of The Earth,Ty Myers,18,48,Gains In Performance
2026-02-07,16,I Dare You,Rascal Flatts & Jonas Brothers,17,52,Gains In Performance
2026-02-07,17,A Song To Sing,Miranda Lambert & Chris Stapleton,19,29,
2026-02-07,18,Golden Child,Meghan Patrick,20,60,Gains In Performance
2026-02-07,19,Turn This Truck Around,Jordan Davis,21,14,Gains In Performance
2026-02-07,20,Me & A Beer,Chris Janson,23,35,Gains In Performance
2026-02-07,21,Wish You Well,Vincent Mason,22,47,Gains In Performance
2026-02-07,22,Change My Mind,Riley Green,25,5,Gains In Performance
2026-02-07,23,Making Good Time,Old Dominion,24,25,Gains In Performance
2026-02-07,24,Brunette,Tucker Wetmore,29,7,Gains In Performance
2026-02-07,25,Beautiful Things,Megan Moroney,26,14,Gains In Performance
2026-02-07,26,Sleepless In A Hotel Room,Luke Combs,36,3,Gains In Performance
2026-02-07,27,Til The Last One Dies,Chris Young,27,43,Gains In Performance
2026-02-07,28,Rocky Mountain Low,Corey Kent & Koe Wetzel,30,8,Gains In Performance
2026-02-07,29,Weak,Preston Cooper,28,32,Gains In Performance
2026-02-07,30,Wrong Hearts,LoCash,32,33,Gains In Performance
2026-02-07,31,After Midnight,Nate Smith & Tyler Hubbard,31,11,Gains In Performance
2026-02-07,32,Chevy Silverado,Bailey Zimmerman,33,16,Gains In Performance
2026-02-07,33,Baggage,Kelsea Ballerini,35,36,Gains In Performance
2026-02-07,34,Never Call Again,Gavin Adcock,34,27,
2026-02-07,35,South Of Sanity,Zach Top,38,7,Gains In Performance
2026-02-07,36,Hate How You Look,Josh Ross,39,19,Gains In Performance
2026-02-07,37,All My Exes,Lauren Alaina Featuring Chase Matthew,40,21,Gains In Performance
2026-02-07,38,Kid Myself,John Morgan,37,30,
2026-02-07,39,Long Live Country,Shane Profitt,42,18,Gains In Performance
2026-02-07,40,Travelin' Soldier,Cody Johnson,46,11,Gains In Performance
2026-02-07,41,Boots Off,Jon Pardi,53,2,Gains In Performance
2026-02-07,42,Burned Down Heaven,Chase McDaniel,45,37,Gains In Performance
2026-02-07,43,Straight For The Heart,Alexandra Kay,47,11,Gains In Performance
2026-02-07,44,The Hell You Are,Ashley Cooke,43,14,
2026-02-07,45,Easy To Love,Dustin Lynch,44,29,
2026-02-07,46,Water At A Wedding,Greylan James,51,6,Gains In Performance
2026-02-07,47,Fireworks,Kelsey Hart,48,15,Gains In Performance
2026-02-07,48,Heaven Passing Through,Turnpike Troubadours,50,20,Gains In Performance
2026-02-07,49,Killed The Man,Lee Brice,49,12,Gains In Performance
2026-02-07,50,Dream Come True,Carly Pearce,54,10,Gains In Performance
2026-02-07,51,Make A Liar,Jackson Dean,60,2,Gains In Performance
2026-02-07,52,I Wish You Would,Mackenzie Carpenter Featuring Midland,52,27,
2026-02-07,53,Worth Your Wild,Russell Dickerson,55,5,Gains In Performance
2026-02-07,54,Devil Ain't Done,Atlus,56,8,Gains In Performance
2026-02-07,55,Gary,Stephen Wilson Jr.,NEW,1,Highest ranking debut|Gains In Performance
2026-02-07,56,Highs & Lows,Matt Cooper,59,3,Gains In Performance
2026-02-07,57,Never Comin' Back,Flatland Cavalry,NEW,1,Gains In Performance
2026-02-07,58,Rebel,Drew Baldridge,58,3,
2026-02-07,59,Holdin' It Down,Chase Matthew,NEW,1,Gains In Performance
2026-02-07,60,Keeps Me Sane,Tyler Nance,NEW,1,
2026-02-14,1,Choosin' Texas,Ella Langley,2,16,Gains In Performance
2026-02-14,2,How Far Does A Goodbye Go,Jason Aldean,4,21,Gains In Performance
2026-02-14,3,20 Cigarettes,Morgan Wallen,5,18,Gains In Performance
2026-02-14,4,Amen,Shaboozey & Jelly Roll,6,31,Gains In Performance
2026-02-14,5,Favorite Country Song,HARDY,1,43,
2026-02-14,6,House Again,Hudson Westbrook,9,46,Greatest gainer this week|Gains In Performance
2026-02-14,7,It Won't Be Long,George Birge,3,54,
2026-02-14,8,Ain't A Bad Life,Thomas Rhett Featuring Jordan Davis,7,21,Gains In Performance
2026-02-14,9,Time's Ticking,Justin Moore,8,59,Gains In Performance
2026-02-14,10,Better Me For You (Brown Eyes),Max McNown,10,52,Gains In Performance
2026-02-14,11,Days Like These,Luke Combs,11,13,Gains In Performance
2026-02-14,12,What He'll Never Have,Dylan Scott,12,41,Gains In Performance
2026-02-14,13,The Fall,Cody Johnson,13,41,Gains In Performance
2026-02-14,14,Ends Of The Earth,Ty Myers,15,49,Gains In Performance
2026-02-14,15,I Ain't Coming Back,Morgan Wallen Featuring Post Malone,14,42,Gains In Performance
2026-02-14,16,I Dare You,Rascal Flatts & Jonas Brothers,16,53,
2026-02-14,17,Golden Child,Meghan Patrick,18,61,Gains In Performance
2026-02-14,18,Sleepless In A Hotel Room,Luke Combs,26,4,Gains In Performance
2026-02-14,19,Turn This Truck Around,Jordan Davis,19,15,Gains In Performance
2026-02-14,20,A Song To Sing,Miranda Lambert & Chris Stapleton,17,30,Gains In Performance
2026-02-14,21,Me & A Beer,Chris Janson,20,36,Gains In Performance
2026-02-14,22,Wish You Well,Vincent Mason,21,48,Gains In Performance
2026-02-14,23,Brunette,Tucker Wetmore,24,8,Gains In Performance
2026-02-14,24,Change My Mind,Riley Green,22,6,Gains In Performance
2026-02-14,25,Beautiful Things,Megan Moroney,25,15,Gains In Performance
2026-02-14,26,Making Good Time,Old Dominion,23,26,Gains In Performance
2026-02-14,27,Rocky Mountain Low,Corey Kent & Koe Wetzel,28,9,Gains In Performance
2026-02-14,28,McArthur,"HARDY, Eric Church, Morgan Wallen & Tim McGraw",NEW,1,Highest ranking debut|Gains In Performance
2026-02-14,29,Til The Last One Dies,Chris Young,27,44,Gains In Performance
2026-02-14,30,Weak,Preston Cooper,29,33,Gains In Performance
2026-02-14,31,Chevy Silverado,Bailey Zimmerman,32,17,Gains In Performance
2026-02-14,32,After Midnight,Nate Smith & Tyler Hubbard,31,12,Gains In Performance
2026-02-14,33,Baggage,Kelsea Ballerini,33,37,Gains In Performance
2026-02-14,34,Wrong Hearts,LoCash,30,34,
2026-02-14,35,South Of Sanity,Zach Top,35,8,Gains In Performance
2026-02-14,36,Never Call Again,Gavin Adcock,34,28,Gains In Performance
2026-02-14,37,Kid Myself,John Morgan,38,31,Gains In Performance
2026-02-14,38,All My Exes,Lauren Alaina Featuring Chase Matthew,37,22,Gains In Performance
2026-02-14,39,Hate How You Look,Josh Ross,36,20,Gains In Performance
2026-02-14,40,"Ride, Ride, Ride",George Birge Featuring Luke Bryan,NEW,1,Gains In Performance
2026-02-14,41,Boots Off,Jon Pardi,41,3,Gains In Performance
2026-02-14,42,Long Live Country,Shane Profitt,39,19,
2026-02-14,43,Burned Down Heaven,Chase McDaniel,42,38,Gains In Performance
2026-02-14,44,Easy To Love,Dustin Lynch,45,30,Gains In Performance
2026-02-14,45,Travelin' Soldier,Cody Johnson,40,12,
2026-02-14,46,The Hell You Are,Ashley Cooke,44,15,Gains In Performance
2026-02-14,47,Fireworks,Kelsey Hart,47,16,Gains In Performance
2026-02-14,48,Straight For The Heart,Alexandra Kay,43,12,
2026-02-14,49,Water At A Wedding,Greylan James,46,7,Gains In Performance
2026-02-14,50,Make A Liar,Jackson Dean,51,3,Gains In Performance
2026-02-14,51,Heaven Passing Through,Turnpike Troubadours,48,21,Gains In Performance
2026-02-14,52,Never Comin' Back,Flatland Cavalry,57,2,Gains In Performance
2026-02-14,53,Dream Come True,Carly Pearce,50,11,Gains In Performance
2026-02-14,54,Killed The Man,Lee Brice,49,13,
2026-02-14,55,Devil Ain't Done,Atlus,54,9,Gains In Performance
2026-02-14,56,Worth Your Wild,Russell Dickerson,53,6,Gains In Performance
2026-02-14,57,Gary,Stephen Wilson Jr.,55,2,Gains In Performance
2026-02-14,58,Holdin' It Down,Chase Matthew,59,2,Gains In Performance
2026-02-14,59,Highs & Lows,Matt Cooper,56,4,
2026-02-14,60,When A Cowboy Prays,Brandon Lake X Cody Johnson,NEW,1,Gains In Performance
2026-02-21,1,How Far Does A Goodbye Go,Jason Aldean,2,22,Gains In Performance
2026-02-21,2,Choosin' Texas,Ella Langley,1,17,Gains In Performance
2026-02-21,3,20 Cigarettes,Morgan Wallen,3,19,Gains In Performance
2026-02-21,4,Amen,Shaboozey & Jelly Roll,4,32,Gains In Performance
2026-02-21,5,Ain't A Bad Life,Thomas Rhett Featuring Jordan Davis,8,22,Gains In Performance
2026-02-21,6,Favorite Country Song,HARDY,5,44,
2026-02-21,7,Time's Ticking,Justin Moore,9,60,Gains In Performance
2026-02-21,8,Better Me For You (Brown Eyes),Max McNown,10,53,Gains In Performance
2026-02-21,9,Days Like These,Luke Combs,11,14,Gains In Performance
2026-02-21,10,What He'll Never Have,Dylan Scott,12,42,Gains In Performance
2026-02-21,11,The Fall,Cody Johnson,13,42,Gains In Performance
2026-02-21,12,Ends Of The Earth,Ty Myers,14,50,Gains In Performance
2026-02-21,13,Sleepless In A Hotel Room,Luke Combs,18,5,Gains In Performance
2026-02-21,14,I Ain't Coming Back,Morgan Wallen Featuring Post Malone,15,43,Gains In Performance
2026-02-21,15,I Dare You,Rascal Flatts & Jonas Brothers,16,54,Gains In Performance
2026-02-21,16,Turn This Truck Around,Jordan Davis,19,16,Gains In Performance
2026-02-21,17,Me & A Beer,Chris Janson,21,37,Gains In Performance
2026-02-21,18,Change My Mind,Riley Green,24,7,Gains In Performance
2026-02-21,19,A Song To Sing,Miranda Lambert & Chris Stapleton,20,31,Gains In Performance
2026-02-21,20,Brunette,Tucker Wetmore,23,9,Gains In Performance
2026-02-21,21,Wish You Well,Vincent Mason,22,49,
2026-02-21,22,Beautiful Things,Megan Moroney,25,16,Gains In Performance
2026-02-21,23,Making Good Time,Old Dominion,26,27,Gains In Performance
2026-02-21,24,Rocky Mountain Low,Corey Kent & Koe Wetzel,27,10,Gains In Performance
2026-02-21,25,Chevy Silverado,Bailey Zimmerman,31,18,Gains In Performance
2026-02-21,26,Til The Last One Dies,Chris Young,29,45,Gains In Performance
2026-02-21,27,Baggage,Kelsea Ballerini,33,38,Gains In Performance
2026-02-21,28,After Midnight,Nate Smith & Tyler Hubbard,32,13,Gains In Performance
2026-02-21,29,South Of Sanity,Zach Top,35,9,Gains In Performance
2026-02-21,30,Wrong Hearts,LoCash,34,35,
2026-02-21,31,McArthur,"HARDY, Eric Church, Morgan Wallen & Tim McGraw",28,2,
2026-02-21,32,Never Call Again,Gavin Adcock,36,29,Gains In Performance
2026-02-21,33,All My Exes,Lauren Alaina Featuring Chase Matthew,38,23,Gains In Performance
2026-02-21,34,Kid Myself,John Morgan,37,32,
2026-02-21,35,Hate How You Look,Josh Ross,39,21,Gains In Performance
2026-02-21,36,Boots Off,Jon Pardi,41,4,Gains In Performance
2026-02-21,37,"Ride, Ride, Ride",George Birge Featuring Luke Bryan,40,2,Gains In Performance
2026-02-21,38,Long Live Country,Shane Profitt,42,20,Gains In Performance
2026-02-21,39,Water At A Wedding,Greylan James,49,8,Gains In Performance
2026-02-21,40,Fireworks,Kelsey Hart,47,17,Gains In Performance
2026-02-21,41,Easy To Love,Dustin Lynch,44,31,Gains In Performance
2026-02-21,42,Burned Down Heaven,Chase McDaniel,43,39,Gains In Performance
2026-02-21,43,Psychological,The Band Perry,NEW,1,Highest ranking debut|Gains In Performance
2026-02-21,44,Make A Liar,Jackson Dean,50,4,Gains In Performance
2026-02-21,45,Straight For The Heart,Alexandra Kay,48,13,Gains In Performance
2026-02-21,46,The Hell You Are,Ashley Cooke,46,16,Gains In Performance
2026-02-21,47,Never Comin' Back,Flatland Cavalry,52,3,Gains In Performance
2026-02-21,48,Heaven Passing Through,Turnpike Troubadours,51,22,Gains In Performance
2026-02-21,49,Killed The Man,Lee Brice,54,14,Gains In Performance
2026-02-21,50,Travelin' Soldier,Cody Johnson,45,13,
2026-02-21,51,Holdin' It Down,Chase Matthew,58,3,Gains In Performance
2026-02-21,52,Dream Come True,Carly Pearce,53,12,
2026-02-21,53,Worth Your Wild,Russell Dickerson,56,7,Gains In Performance
2026-02-21,54,Devil Ain't Done,Atlus,55,10,
2026-02-21,55,Gary,Stephen Wilson Jr.,57,3,Gains In Performance
2026-02-21,56,Let Him In Anyway,Blake Shelton,NEW,1,Gains In Performance
2026-02-21,57,Highs & Lows,Matt Cooper,59,5,Gains In Performance
2026-02-21,58,Rebel,Drew Baldridge,RE,4,Gains In Performance
2026-02-21,59,When A Cowboy Prays,Brandon Lake X Cody Johnson,60,2,
2026-02-21,60,Keeps Me Sane,Tyler Nance,RE,2,
2026-02-28,1,20 Cigarettes,Morgan Wallen,3,20,Greatest gainer this week|Gains In Performance
2026-02-28,2,Choosin' Texas,Ella Langley,2,18,Gains In Performance
2026-02-28,3,Amen,Shaboozey & Jelly Roll,4,33,Gains In Performance
2026-02-28,4,How Far Does A Goodbye Go,Jason Aldean,1,23,
2026-02-28,5,Ain't A Bad Life,Thomas Rhett Featuring Jordan Davis,5,23,Gains In Performance
2026-02-28,6,Time's Ticking,Justin Moore,7,61,Gains In Performance
2026-02-28,7,Better Me For You (Brown Eyes),Max McNown,8,54,Gains In Performance
2026-02-28,8,Days Like These,Luke Combs,9,15,Gains In Performance
2026-02-28,9,What He'll Never Have,Dylan Scott,10,43,Gains In Performance
2026-02-28,10,The Fall,Cody Johnson,11,43,Gains In Performance
2026-02-28,11,Sleepless In A Hotel Room,Luke Combs,13,6,Gains In Performance
2026-02-28,12,Ends Of The Earth,Ty Myers,12,51,Gains In Performance
2026-02-28,13,I Dare You,Rascal Flatts & Jonas Brothers,15,55,Gains In Performance
2026-02-28,14,I Ain't Coming Back,Morgan Wallen Featuring Post Malone,14,44,Gains In Performance
2026-02-28,15,Turn This Truck Around,Jordan Davis,16,17,Gains In Performance
2026-02-28,16,Change My Mind,Riley Green,18,8,Gains In Performance
2026-02-28,17,Brunette,Tucker Wetmore,20,10,Gains In Performance
2026-02-28,18,Me & A Beer,Chris Janson,17,38,Gains In Performance
2026-02-28,19,A Song To Sing,Miranda Lambert & Chris Stapleton,19,32,
2026-02-28,20,Wish You Well,Vincent Mason,21,50,Gains In Performance
2026-02-28,21,Beautiful Things,Megan Moroney,22,17,Gains In Performance
2026-02-28,22,Rocky Mountain Low,Corey Kent & Koe Wetzel,24,11,Gains In Performance
2026-02-28,23,Making Good Time,Old Dominion,23,28,Gains In Performance
2026-02-28,24,Chevy Silverado,Bailey Zimmerman,25,19,Gains In Performance
2026-02-28,25,Til The Last One Dies,Chris Young,26,46,Gains In Performance
2026-02-28,26,Baggage,Kelsea Ballerini,27,39,Gains In Performance
2026-02-28,27,South Of Sanity,Zach Top,29,10,Gains In Performance
2026-02-28,28,After Midnight,Nate Smith & Tyler Hubbard,28,14,Gains In Performance
2026-02-28,29,McArthur,"HARDY, Eric Church, Morgan Wallen & Tim McGraw",31,3,Gains In Performance
2026-02-28,30,Wrong Hearts,LoCash,30,36,Gains In Performance
2026-02-28,31,Never Call Again,Gavin Adcock,32,30,Gains In Performance
2026-02-28,32,Hate How You Look,Josh Ross,35,22,Gains In Performance
2026-02-28,33,All My Exes,Lauren Alaina Featuring Chase Matthew,33,24,Gains In Performance
2026-02-28,34,"Ride, Ride, Ride",George Birge Featuring Luke Bryan,37,3,Gains In Performance
2026-02-28,35,Kid Myself,John Morgan,34,33,Gains In Performance
2026-02-28,36,Boots Off,Jon Pardi,36,5,Gains In Performance
2026-02-28,37,Long Live Country,Shane Profitt,38,21,Gains In Performance
2026-02-28,38,Water At A Wedding,Greylan James,39,9,Gains In Performance
2026-02-28,39,Easy To Love,Dustin Lynch,41,32,Gains In Performance
2026-02-28,40,Fireworks,Kelsey Hart,40,18,Gains In Performance
2026-02-28,41,Straight For The Heart,Alexandra Kay,45,14,Gains In Performance
2026-02-28,42,Burned Down Heaven,Chase McDaniel,42,40,
2026-02-28,43,Make A Liar,Jackson Dean,44,5,Gains In Performance
2026-02-28,44,The Hell You Are,Ashley Cooke,46,17,Gains In Performance
2026-02-28,45,Never Comin' Back,Flatland Cavalry,47,4,Gains In Performance
2026-02-28,46,Be Her,Ella Langley,NEW,1,Highest ranking debut|Gains In Performance
2026-02-28,47,Gary,Stephen Wilson Jr.,55,4,Gains In Performance
2026-02-28,48,Heaven Passing Through,Turnpike Troubadours,48,23,Gains In Performance
2026-02-28,49,Killed The Man,Lee Brice,49,15,
2026-02-28,50,Travelin' Soldier,Cody Johnson,50,14,Gains In Performance
2026-02-28,51,Let Him In Anyway,Blake Shelton,56,2,Gains In Performance
2026-02-28,52,Worth Your Wild,Russell Dickerson,53,8,Gains In Performance
2026-02-28,53,Holdin' It Down,Chase Matthew,51,4,Gains In Performance
2026-02-28,54,Dream Come True,Carly Pearce,52,13,Gains In Performance
2026-02-28,55,Psychological,The Band Perry,43,2,Gains In Performance
2026-02-28,56,Devil Ain't Done,Atlus,54,11,Gains In Performance
2026-02-28,57,Highs & Lows,Matt Cooper,57,6,
2026-02-28,58,Thorns,Jelly Roll,NEW,1,Gains In Performance
2026-02-28,59,When A Cowboy Prays,Brandon Lake X Cody Johnson,59,3,Gains In Performance
2026-02-28,60,Rebel,Drew Baldridge,58,5,
2026-03-07,1,20 Cigarettes,Morgan Wallen,1,21,Gains In Performance
2026-03-07,2,Choosin' Texas,Ella Langley,2,19,Gains In Performance
2026-03-07,3,Amen,Shaboozey & Jelly Roll,3,34,Gains In Performance
2026-03-07,4,How Far Does A Goodbye Go,Jason Aldean,4,24,
2026-03-07,5,Time's Ticking,Justin Moore,6,62,Gains In Performance
2026-03-07,6,Ain't A Bad Life,Thomas Rhett Featuring Jordan Davis,5,24,Gains In Performance
2026-03-07,7,Better Me For You (Brown Eyes),Max McNown,7,55,Gains In Performance
2026-03-07,8,Days Like These,Luke Combs,8,16,Gains In Performance
2026-03-07,9,What He'll Never Have,Dylan Scott,9,44,Gains In Performance
2026-03-07,10,Sleepless In A Hotel Room,Luke Combs,11,7,Greatest gainer this week|Gains In Performance
2026-03-07,11,The Fall,Cody Johnson,10,44,Gains In Performance
2026-03-07,12,Ends Of The Earth,Ty Myers,12,52,Gains In Performance
2026-03-07,13,I Ain't Coming Back,Morgan Wallen Featuring Post Malone,14,45,Gains In Performance
2026-03-07,14,Turn This Truck Around,Jordan Davis,15,18,Gains In Performance
2026-03-07,15,Brunette,Tucker Wetmore,17,11,Gains In Performance
2026-03-07,16,Change My Mind,Riley Green,16,9,Gains In Performance
2026-03-07,17,Me & A Beer,Chris Janson,18,39,Gains In Performance
2026-03-07,18,Beautiful Things,Megan Moroney,21,18,Gains In Performance
2026-03-07,19,Wish You Well,Vincent Mason,20,51,Gains In Performance
2026-03-07,20,A Song To Sing,Miranda Lambert & Chris Stapleton,19,33,
2026-03-07,21,Rocky Mountain Low,Corey Kent & Koe Wetzel,22,12,Gains In Performance
2026-03-07,22,Making Good Time,Old Dominion,23,29,Gains In Performance
2026-03-07,23,Chevy Silverado,Bailey Zimmerman,24,20,Gains In Performance
2026-03-07,24,Til The Last One Dies,Chris Young,25,47,Gains In Performance
2026-03-07,25,South Of Sanity,Zach Top,27,11,Gains In Performance
2026-03-07,26,After Midnight,Nate Smith & Tyler Hubbard,28,15,Gains In Performance
2026-03-07,27,Baggage,Kelsea Ballerini,26,40,Gains In Performance
2026-03-07,28,McArthur,"HARDY, Eric Church, Morgan Wallen & Tim McGraw",29,4,Gains In Performance
2026-03-07,29,Hate How You Look,Josh Ross,32,23,Gains In Performance
2026-03-07,30,Wrong Hearts,LoCash,30,37,Gains In Performance
2026-03-07,31,Never Call Again,Gavin Adcock,31,31,Gains In Performance
2026-03-07,32,"Ride, Ride, Ride",George Birge Featuring Luke Bryan,34,4,Gains In Performance
2026-03-07,33,Kid Myself,John Morgan,35,34,Gains In Performance
2026-03-07,34,All My Exes,Lauren Alaina Featuring Chase Matthew,33,25,Gains In Performance
2026-03-07,35,Boots Off,Jon Pardi,36,6,Gains In Performance
2026-03-07,36,Long Live Country,Shane Profitt,37,22,Gains In Performance
2026-03-07,37,Water At A Wedding,Greylan James,38,10,Gains In Performance
2026-03-07,38,Gary,Stephen Wilson Jr.,47,5,Gains In Performance
2026-03-07,39,Easy To Love,Dustin Lynch,39,33,Gains In Performance
2026-03-07,40,Fireworks,Kelsey Hart,40,19,Gains In Performance
2026-03-07,41,The Hell You Are,Ashley Cooke,44,18,Gains In Performance
2026-03-07,42,Straight For The Heart,Alexandra Kay,41,15,Gains In Performance
2026-03-07,43,Make A Liar,Jackson Dean,43,6,Gains In Performance
2026-03-07,44,Be Her,Ella Langley,46,2,Gains In Performance
2026-03-07,45,Never Comin' Back,Flatland Cavalry,45,5,Gains In Performance
2026-03-07,46,Heaven Passing Through,Turnpike Troubadours,48,24,Gains In Performance
2026-03-07,47,Let Him In Anyway,Blake Shelton,51,3,Gains In Performance
2026-03-07,48,Travelin' Soldier,Cody Johnson,50,15,Gains In Performance
2026-03-07,49,Get To Drinkin',Zach John King,NEW,1,Highest ranking debut|Gains In Performance
2026-03-07,50,Killed The Man,Lee Brice,49,16,Gains In Performance
2026-03-07,51,Worth Your Wild,Russell Dickerson,52,9,Gains In Performance
2026-03-07,52,Holdin' It Down,Chase Matthew,53,5,Gains In Performance
2026-03-07,53,Dream Come True,Carly Pearce,54,14,Gains In Performance
2026-03-07,54,When A Cowboy Prays,Brandon Lake X Cody Johnson,59,4,Gains In Performance
2026-03-07,55,Devil Ain't Done,Atlus,56,12,Gains In Performance
2026-03-07,56,Highs & Lows,Matt Cooper,57,7,Gains In Performance
2026-03-07,57,Killin' Me,Parker McCollum,NEW,1,Gains In Performance
2026-03-07,58,Rebel,Drew Baldridge,60,6,Gains In Performance
2026-03-07,59,Psychological,The Band Perry,55,3,
2026-03-07,60,Painted You Pretty,Hudson Westbrook,NEW,1,Gains In Performance
2026-03-14,1,Choosin' Texas,Ella Langley,2,20,Gains In Performance
2026-03-14,2,Amen,Shaboozey & Jelly Roll,3,35,Gains In Performance
2026-03-14,3,20 Cigarettes,Morgan Wallen,1,22,
2026-03-14,4,Time's Ticking,Justin Moore,5,63,Gains In Performance
2026-03-14,5,Ain't A Bad Life,Thomas Rhett Featuring Jordan Davis,6,25,Gains In Performance
2026-03-14,6,Better Me For You (Brown Eyes),Max McNown,7,56,Gains In Performance
2026-03-14,7,Days Like These,Luke Combs,8,17,Gains In Performance
2026-03-14,8,What He'll Never Have,Dylan Scott,9,45,Gains In Performance
2026-03-14,9,How Far Does A Goodbye Go,Jason Aldean,4,25,
2026-03-14,10,Sleepless In A Hotel Room,Luke Combs,10,8,Gains In Performance
2026-03-14,11,The Fall,Cody Johnson,11,45,Gains In Performance
2026-03-14,12,Ends Of The Earth,Ty Myers,12,53,Gains In Performance
2026-03-14,13,Brunette,Tucker Wetmore,15,12,Gains In Performance
2026-03-14,14,Turn This Truck Around,Jordan Davis,14,19,Gains In Performance
2026-03-14,15,I Ain't Coming Back,Morgan Wallen Featuring Post Malone,13,46,Gains In Performance
2026-03-14,16,Change My Mind,Riley Green,16,10,Gains In Performance
2026-03-14,17,Me & A Beer,Chris Janson,17,40,Gains In Performance
2026-03-14,18,Beautiful Things,Megan Moroney,18,19,Gains In Performance
2026-03-14,19,Wish You Well,Vincent Mason,19,52,Gains In Performance
2026-03-14,20,Rocky Mountain Low,Corey Kent & Koe Wetzel,21,13,Gains In Performance
2026-03-14,21,Don't Tell On Me,Jason Aldean,NEW,1,Highest ranking debut|Gains In Performance
2026-03-14,22,Making Good Time,Old Dominion,22,30,Gains In Performance
2026-03-14,23,Chevy Silverado,Bailey Zimmerman,23,21,Gains In Performance
2026-03-14,24,Til The Last One Dies,Chris Young,24,48,Gains In Performance
2026-03-14,25,After Midnight,Nate Smith & Tyler Hubbard,26,16,Gains In Performance
2026-03-14,26,South Of Sanity,Zach Top,25,12,Gains In Performance
2026-03-14,27,Baggage,Kelsea Ballerini,27,41,Gains In Performance
2026-03-14,28,McArthur,"HARDY, Eric Church, Morgan Wallen & Tim McGraw",28,5,Gains In Performance
2026-03-14,29,Hate How You Look,Josh Ross,29,24,Gains In Performance
2026-03-14,30,Wrong Hearts,LoCash,30,38,Gains In Performance
2026-03-14,31,"Ride, Ride, Ride",George Birge Featuring Luke Bryan,32,5,Gains In Performance
2026-03-14,32,Never Call Again,Gavin Adcock,31,32,Gains In Performance
2026-03-14,33,Kid Myself,John Morgan,33,35,Gains In Performance
2026-03-14,34,All My Exes,Lauren Alaina Featuring Chase Matthew,34,26,
2026-03-14,35,Boots Off,Jon Pardi,35,7,Gains In Performance
2026-03-14,36,Water At A Wedding,Greylan James,37,11,Gains In Performance
2026-03-14,37,Easy To Love,Dustin Lynch,39,34,Gains In Performance
2026-03-14,38,Long Live Country,Shane Profitt,36,23,Gains In Performance
2026-03-14,39,Be Her,Ella Langley,44,3,Gains In Performance
2026-03-14,40,Gary,Stephen Wilson Jr.,38,6,Gains In Performance
2026-03-14,41,Get To Drinkin',Zach John King,49,2,Gains In Performance
2026-03-14,42,Straight For The Heart,Alexandra Kay,42,16,Gains In Performance
2026-03-14,43,Fireworks,Kelsey Hart,40,20,Gains In Performance
2026-03-14,44,The Hell You Are,Ashley Cooke,41,19,Gains In Performance
2026-03-14,45,Make A Liar,Jackson Dean,43,7,Gains In Performance
2026-03-14,46,Never Comin' Back,Flatland Cavalry,45,6,Gains In Performance
2026-03-14,47,Let Him In Anyway,Blake Shelton,47,4,Gains In Performance
2026-03-14,48,Heaven Passing Through,Turnpike Troubadours,46,25,Gains In Performance
2026-03-14,49,Travelin' Soldier,Cody Johnson,48,16,Gains In Performance
2026-03-14,50,Worth Your Wild,Russell Dickerson,51,10,Gains In Performance
2026-03-14,51,Holdin' It Down,Chase Matthew,52,6,Gains In Performance
2026-03-14,52,When A Cowboy Prays,Brandon Lake X Cody Johnson,54,5,Gains In Performance
2026-03-14,53,Killed The Man,Lee Brice,50,17,Gains In Performance
2026-03-14,54,What If We Don't,Ashley McBryde,NEW,1,Gains In Performance
2026-03-14,55,Killin' Me,Parker McCollum,57,2,Gains In Performance
2026-03-14,56,Devil Ain't Done,Atlus,55,13,Gains In Performance
2026-03-14,57,Don't We,Morgan Wallen,NEW,1,Gains In Performance
2026-03-14,58,Highs & Lows,Matt Cooper,56,8,
2026-03-14,59,Painted You Pretty,Hudson Westbrook,60,2,Gains In Performance
2026-03-14,60,Psychological,The Band Perry,59,4,Gains In Performance
2026-03-21,1,Choosin' Texas,Ella Langley,1,21,Gains In Performance
2026-03-21,2,Amen,Shaboozey & Jelly Roll,2,36,Gains In Performance
2026-03-21,3,Time's Ticking,Justin Moore,4,64,Gains In Performance
2026-03-21,4,Ain't A Bad Life,Thomas Rhett Featuring Jordan Davis,5,26,Gains In Performance
2026-03-21,5,20 Cigarettes,Morgan Wallen,3,23,
2026-03-21,6,What He'll Never Have,Dylan Scott,8,46,Gains In Performance
2026-03-21,7,Better Me For You (Brown Eyes),Max McNown,6,57,
2026-03-21,8,Days Like These,Luke Combs,7,18,Gains In Performance
2026-03-21,9,Sleepless In A Hotel Room,Luke Combs,10,9,Gains In Performance
2026-03-21,10,The Fall,Cody Johnson,11,46,Gains In Performance
2026-03-21,11,Ends Of The Earth,Ty Myers,12,54,Gains In Performance
2026-03-21,12,Brunette,Tucker Wetmore,13,13,Gains In Performance
2026-03-21,13,Turn This Truck Around,Jordan Davis,14,20,Gains In Performance
2026-03-21,14,Change My Mind,Riley Green,16,11,Gains In Performance
2026-03-21,15,I Ain't Coming Back,Morgan Wallen Featuring Post Malone,15,47,
2026-03-21,16,Me & A Beer,Chris Janson,17,41,Gains In Performance
2026-03-21,17,Beautiful Things,Megan Moroney,18,20,Gains In Performance
2026-03-21,18,Wish You Well,Vincent Mason,19,53,Gains In Performance
2026-03-21,19,Rocky Mountain Low,Corey Kent & Koe Wetzel,20,14,Gains In Performance
2026-03-21,20,Chevy Silverado,Bailey Zimmerman,23,22,Gains In Performance
2026-03-21,21,Til The Last One Dies,Chris Young,24,49,Gains In Performance
2026-03-21,22,Making Good Time,Old Dominion,22,31,
2026-03-21,23,Hate How You Look,Josh Ross,29,25,Gains In Performance
2026-03-21,24,McArthur,"HARDY, Eric Church, Morgan Wallen & Tim McGraw",28,6,Gains In Performance
2026-03-21,25,South Of Sanity,Zach Top,26,13,Gains In Performance
2026-03-21,26,Baggage,Kelsea Ballerini,27,42,
2026-03-21,27,After Midnight,Nate Smith & Tyler Hubbard,25,17,
2026-03-21,28,"Ride, Ride, Ride",George Birge Featuring Luke Bryan,31,6,Gains In Performance
2026-03-21,29,Wrong Hearts,LoCash,30,39,Gains In Performance
2026-03-21,30,Never Call Again,Gavin Adcock,32,33,Gains In Performance
2026-03-21,31,Kid Myself,John Morgan,33,36,Gains In Performance
2026-03-21,32,Don't Tell On Me,Jason Aldean,21,2,
2026-03-21,33,If I Don't Leave I'm Gonna Stay,Carly Pearce & Riley Green,NEW,1,Highest ranking debut|Gains In Performance
2026-03-21,34,All My Exes,Lauren Alaina Featuring Chase Matthew,34,27,Gains In Performance
2026-03-21,35,Boots Off,Jon Pardi,35,8,Gains In Performance
2026-03-21,36,Be Her,Ella Langley,39,4,Gains In Performance
2026-03-21,37,Water At A Wedding,Greylan James,36,12,Gains In Performance
2026-03-21,38,Easy To Love,Dustin Lynch,37,35,Gains In Performance
2026-03-21,39,Long Live Country,Shane Profitt,38,24,Gains In Performance
2026-03-21,40,Get To Drinkin',Zach John King,41,3,Gains In Performance
2026-03-21,41,Don't We,Morgan Wallen,57,2,Gains In Performance
2026-03-21,42,Gary,Stephen Wilson Jr.,40,7,Gains In Performance
2026-03-21,43,Straight For The Heart,Alexandra Kay,42,17,Gains In Performance
2026-03-21,44,Fireworks,Kelsey Hart,43,21,Gains In Performance
2026-03-21,45,The Hell You Are,Ashley Cooke,44,20,Gains In Performance
2026-03-21,46,Make A Liar,Jackson Dean,45,8,Gains In Performance
2026-03-21,47,Never Comin' Back,Flatland Cavalry,46,7,Gains In Performance
2026-03-21,48,What If We Don't,Ashley McBryde,54,2,Gains In Performance
2026-03-21,49,Let Him In Anyway,Blake Shelton,47,5,Gains In Performance
2026-03-21,50,Worth Your Wild,Russell Dickerson,50,11,Gains In Performance
2026-03-21,51,Heaven Passing Through,Turnpike Troubadours,48,26,
2026-03-21,52,Killed The Man,Lee Brice,53,18,Gains In Performance
2026-03-21,53,Holdin' It Down,Chase Matthew,51,7,
2026-03-21,54,Travelin' Soldier,Cody Johnson,49,17,
2026-03-21,55,When A Cowboy Prays,Brandon Lake X Cody Johnson,52,6,
2026-03-21,56,Killin' Me,Parker McCollum,55,3,Gains In Performance
2026-03-21,57,Painted You Pretty,Hudson Westbrook,59,3,Gains In Performance
2026-03-21,58,Devil Ain't Done,Atlus,56,14,
2026-03-21,59,Highs & Lows,Matt Cooper,58,9,Gains In Performance
2026-03-21,60,Pontiac (So Tell Me Momma),Aaron Watson,NEW,1,Gains In Performance
2026-03-28,1,Amen,Shaboozey & Jelly Roll,2,37,Gains In Performance
2026-03-28,2,Choosin' Texas,Ella Langley,1,22,
2026-03-28,3,Time's Ticking,Justin Moore,3,65,Gains In Performance
2026-03-28,4,Ain't A Bad Life,Thomas Rhett Featuring Jordan Davis,4,27,Gains In Performance
2026-03-28,5,What He'll Never Have,Dylan Scott,6,47,Gains In Performance
2026-03-28,6,Sleepless In A Hotel Room,Luke Combs,9,10,Gains In Performance
2026-03-28,7,Days Like These,Luke Combs,8,19,Gains In Performance
2026-03-28,8,The Fall,Cody Johnson,10,47,Gains In Performance
2026-03-28,9,20 Cigarettes,Morgan Wallen,5,24,
2026-03-28,10,Brunette,Tucker Wetmore,12,14,Gains In Performance
2026-03-28,11,Ends Of The Earth,Ty Myers,11,55,Gains In Performance
2026-03-28,12,Turn This Truck Around,Jordan Davis,13,21,Gains In Performance
2026-03-28,13,Change My Mind,Riley Green,14,12,Gains In Performance
2026-03-28,14,I Ain't Coming Back,Morgan Wallen Featuring Post Malone,15,48,Gains In Performance
2026-03-28,15,Me & A Beer,Chris Janson,16,42,Gains In Performance
2026-03-28,16,Beautiful Things,Megan Moroney,17,21,Gains In Performance
2026-03-28,17,Rocky Mountain Low,Corey Kent & Koe Wetzel,19,15,Gains In Performance
2026-03-28,18,Wish You Well,Vincent Mason,18,54,Gains In Performance
2026-03-28,19,Hate How You Look,Josh Ross,23,26,Gains In Performance
2026-03-28,20,Chevy Silverado,Bailey Zimmerman,20,23,Gains In Performance
2026-03-28,21,McArthur,"HARDY, Eric Church, Morgan Wallen & Tim McGraw",24,7,Gains In Performance
2026-03-28,22,Til The Last One Dies,Chris Young,21,50,Gains In Performance
2026-03-28,23,Woman,Kane Brown,NEW,1,Highest ranking debut|Gains In Performance
2026-03-28,24,South Of Sanity,Zach Top,25,14,Gains In Performance
2026-03-28,25,After Midnight,Nate Smith & Tyler Hubbard,27,18,Gains In Performance
2026-03-28,26,Baggage,Kelsea Ballerini,26,43,Gains In Performance
2026-03-28,27,"Ride, Ride, Ride",George Birge Featuring Luke Bryan,28,7,Gains In Performance
2026-03-28,28,Be Her,Ella Langley,36,5,Gains In Performance
2026-03-28,29,Wrong Hearts,LoCash,29,40,Gains In Performance
2026-03-28,30,Don't Tell On Me,Jason Aldean,32,3,Gains In Performance
2026-03-28,31,Kid Myself,John Morgan,31,37,Gains In Performance
2026-03-28,32,Never Call Again,Gavin Adcock,30,34,
2026-03-28,33,All My Exes,Lauren Alaina Featuring Chase Matthew,34,28,Gains In Performance
2026-03-28,34,Don't We,Morgan Wallen,41,3,Gains In Performance
2026-03-28,35,Boots Off,Jon Pardi,35,9,Gains In Performance
2026-03-28,36,Water At A Wedding,Greylan James,37,13,Gains In Performance
2026-03-28,37,Easy To Love,Dustin Lynch,38,36,Gains In Performance
2026-03-28,38,Get To Drinkin',Zach John King,40,4,Gains In Performance
2026-03-28,39,Long Live Country,Shane Profitt,39,25,Gains In Performance
2026-03-28,40,Gary,Stephen Wilson Jr.,42,8,Gains In Performance
2026-03-28,41,Fireworks,Kelsey Hart,44,22,Gains In Performance
2026-03-28,42,Straight For The Heart,Alexandra Kay,43,18,Gains In Performance
2026-03-28,43,Make A Liar,Jackson Dean,46,9,Gains In Performance
2026-03-28,44,The Hell You Are,Ashley Cooke,45,21,
2026-03-28,45,Never Comin' Back,Flatland Cavalry,47,8,Gains In Performance
2026-03-28,46,Let Him In Anyway,Blake Shelton,49,6,Gains In Performance
2026-03-28,47,Painted You Pretty,Hudson Westbrook,57,4,Gains In Performance
2026-03-28,48,Heaven Passing Through,Turnpike Troubadours,51,27,Gains In Performance
2026-03-28,49,Killed The Man,Lee Brice,52,19,Gains In Performance
2026-03-28,50,Worth Your Wild,Russell Dickerson,50,12,
2026-03-28,51,What If We Don't,Ashley McBryde,48,3,
2026-03-28,52,Holdin' It Down,Chase Matthew,53,8,Gains In Performance
2026-03-28,53,Travelin' Soldier,Cody Johnson,54,18,Gains In Performance
2026-03-28,54,When A Cowboy Prays,Brandon Lake X Cody Johnson,55,7,Gains In Performance
2026-03-28,55,Killin' Me,Parker McCollum,56,4,Gains In Performance
2026-03-28,56,Devil Ain't Done,Atlus,58,15,Gains In Performance
2026-03-28,57,Psychological,The Band Perry,RE,5,Gains In Performance
2026-03-28,58,If I Don't Leave I'm Gonna Stay,Carly Pearce & Riley Green,33,2,
2026-03-28,59,Highs & Lows,Matt Cooper,59,10,
2026-03-28,60,Keeps Me Sane,Tyler Nance,RE,3,Gains In Performance
2026-04-04,1,Amen,Shaboozey & Jelly Roll,1,38,
2026-04-04,2,Choosin' Texas,Ella Langley,2,23,
2026-04-04,3,Time's Ticking,Justin Moore,3,66,Gains In Performance
2026-04-04,4,Ain't A Bad Life,Thomas Rhett Featuring Jordan Davis,4,28,Gains In Performance
2026-04-04,5,Sleepless In A Hotel Room,Luke Combs,6,11,Gains In Performance
2026-04-04,6,What He'll Never Have,Dylan Scott,5,48,Gains In Performance
2026-04-04,7,Days Like These,Luke Combs,7,20,Gains In Performance
2026-04-04,8,The Fall,Cody Johnson,8,48,Gains In Performance
2026-04-04,9,Brunette,Tucker Wetmore,10,15,Gains In Performance
2026-04-04,10,Change My Mind,Riley Green,13,13,Gains In Performance
2026-04-04,11,Ends Of The Earth,Ty Myers,11,56,
2026-04-04,12,Turn This Truck Around,Jordan Davis,12,22,Gains In Performance
2026-04-04,13,I Ain't Coming Back,Morgan Wallen Featuring Post Malone,14,49,Gains In Performance
2026-04-04,14,Me & A Beer,Chris Janson,15,43,Gains In Performance
2026-04-04,15,Beautiful Things,Megan Moroney,16,22,Gains In Performance
2026-04-04,16,Rocky Mountain Low,Corey Kent & Koe Wetzel,17,16,Gains In Performance
2026-04-04,17,Hate How You Look,Josh Ross,19,27,Gains In Performance
2026-04-04,18,Wish You Well,Vincent Mason,18,55,Gains In Performance
2026-04-04,19,Be Her,Ella Langley,28,6,Greatest gainer this week|Gains In Performance
2026-04-04,20,Chevy Silverado,Bailey Zimmerman,20,24,Gains In Performance
2026-04-04,21,McArthur,"HARDY, Eric Church, Morgan Wallen & Tim McGraw",21,8,Gains In Performance
2026-04-04,22,Til The Last One Dies,Chris Young,22,51,Gains In Performance
2026-04-04,23,South Of Sanity,Zach Top,24,15,Gains In Performance
2026-04-04,24,Don't Tell On Me,Jason Aldean,30,4,Gains In Performance
2026-04-04,25,"Ride, Ride, Ride",George Birge Featuring Luke Bryan,27,8,Gains In Performance
2026-04-04,26,After Midnight,Nate Smith & Tyler Hubbard,25,19,Gains In Performance
2026-04-04,27,Baggage,Kelsea Ballerini,26,44,Gains In Performance
2026-04-04,28,Wrong Hearts,LoCash,29,41,Gains In Performance
2026-04-04,29,Don't We,Morgan Wallen,34,4,Gains In Performance
2026-04-04,30,Kid Myself,John Morgan,31,38,Gains In Performance
2026-04-04,31,All My Exes,Lauren Alaina Featuring Chase Matthew,33,29,Gains In Performance
2026-04-04,32,Boots Off,Jon Pardi,35,10,Gains In Performance
2026-04-04,33,Woman,Kane Brown,23,2,
2026-04-04,34,Water At A Wedding,Greylan James,36,14,Gains In Performance
2026-04-04,35,Get To Drinkin',Zach John King,38,5,Gains In Performance
2026-04-04,36,Easy To Love,Dustin Lynch,37,37,Gains In Performance
2026-04-04,37,Long Live Country,Shane Profitt,39,26,Gains In Performance
2026-04-04,38,Gary,Stephen Wilson Jr.,40,9,Gains In Performance
2026-04-04,39,Fireworks,Kelsey Hart,41,23,Gains In Performance
2026-04-04,40,Straight For The Heart,Alexandra Kay,42,19,Gains In Performance
2026-04-04,41,Good Damn,Brantley Gilbert,NEW,1,Highest ranking debut|Gains In Performance
2026-04-04,42,Make A Liar,Jackson Dean,43,10,
2026-04-04,43,The Hell You Are,Ashley Cooke,44,22,Gains In Performance
2026-04-04,44,Never Comin' Back,Flatland Cavalry,45,9,Gains In Performance
2026-04-04,45,Painted You Pretty,Hudson Westbrook,47,5,Gains In Performance
2026-04-04,46,Let Him In Anyway,Blake Shelton,46,7,
2026-04-04,47,Worth Your Wild,Russell Dickerson,50,13,Gains In Performance
2026-04-04,48,Killed The Man,Lee Brice,49,20,Gains In Performance
2026-04-04,49,Heaven Passing Through,Turnpike Troubadours,48,28,
2026-04-04,50,When A Cowboy Prays,Brandon Lake X Cody Johnson,54,8,Gains In Performance
2026-04-04,51,Holdin' It Down,Chase Matthew,52,9,Gains In Performance
2026-04-04,52,Travelin' Soldier,Cody Johnson,53,19,
2026-04-04,53,What If We Don't,Ashley McBryde,51,4,
2026-04-04,54,Killin' Me,Parker McCollum,55,5,Gains In Performance
2026-04-04,55,Devil Ain't Done,Atlus,56,16,Gains In Performance
2026-04-04,56,Highs & Lows,Matt Cooper,59,11,Gains In Performance
2026-04-04,57,Keeps Me Sane,Tyler Nance,60,4,Gains In Performance
2026-04-04,58,Thought It Was Love,Ty Myers,RE,2,Gains In Performance
2026-04-04,59,Psychological,The Band Perry,57,6,
2026-04-04,60,If I Don't Leave I'm Gonna Stay,Carly Pearce & Riley Green,58,3,
2026-04-11,1,Time's Ticking,Justin Moore,3,67,Gains In Performance
2026-04-11,2,Choosin' Texas,Ella Langley,2,24,
2026-04-11,3,Sleepless In A Hotel Room,Luke Combs,5,12,Gains In Performance
2026-04-11,4,Amen,Shaboozey & Jelly Roll,1,39,
2026-04-11,5,Ain't A Bad Life,Thomas Rhett Featuring Jordan Davis,4,29,Gains In Performance
2026-04-11,6,What He'll Never Have,Dylan Scott,6,49,Gains In Performance
2026-04-11,7,Days Like These,Luke Combs,7,21,Gains In Performance
2026-04-11,8,The Fall,Cody Johnson,8,49,Gains In Performance
2026-04-11,9,Change My Mind,Riley Green,10,14,Gains In Performance
2026-04-11,10,Brunette,Tucker Wetmore,9,16,Gains In Performance
2026-04-11,11,Ends Of The Earth,Ty Myers,11,57,Gains In Performance
2026-04-11,12,Turn This Truck Around,Jordan Davis,12,23,Gains In Performance
2026-04-11,13,I Ain't Coming Back,Morgan Wallen Featuring Post Malone,13,50,Gains In Performance
2026-04-11,14,Me & A Beer,Chris Janson,14,44,Gains In Performance
2026-04-11,15,Be Her,Ella Langley,19,7,Gains In Performance
2026-04-11,16,Beautiful Things,Megan Moroney,15,23,Gains In Performance
2026-04-11,17,Rocky Mountain Low,Corey Kent & Koe Wetzel,16,17,Gains In Performance
2026-04-11,18,Hate How You Look,Josh Ross,17,28,Gains In Performance
2026-04-11,19,Wish You Well,Vincent Mason,18,56,Gains In Performance
2026-04-11,20,Chevy Silverado,Bailey Zimmerman,20,25,Gains In Performance
2026-04-11,21,Country And She Knows It,Luke Bryan,NEW,1,Highest ranking debut|Gains In Performance
2026-04-11,22,McArthur,"HARDY, Eric Church, Morgan Wallen & Tim McGraw",21,9,Gains In Performance
2026-04-11,23,Til The Last One Dies,Chris Young,22,52,Gains In Performance
2026-04-11,24,Don't Tell On Me,Jason Aldean,24,5,Gains In Performance
2026-04-11,25,"Ride, Ride, Ride",George Birge Featuring Luke Bryan,25,9,Gains In Performance
2026-04-11,26,After Midnight,Nate Smith & Tyler Hubbard,26,20,Gains In Performance
2026-04-11,27,South Of Sanity,Zach Top,23,16,
2026-04-11,28,Wrong Hearts,LoCash,28,42,Gains In Performance
2026-04-11,29,Don't We,Morgan Wallen,29,5,Gains In Performance
2026-04-11,30,Kid Myself,John Morgan,30,39,Gains In Performance
2026-04-11,31,Woman,Kane Brown,33,3,Gains In Performance
2026-04-11,32,All My Exes,Lauren Alaina Featuring Chase Matthew,31,30,Gains In Performance
2026-04-11,33,Boots Off,Jon Pardi,32,11,Gains In Performance
2026-04-11,34,Get To Drinkin',Zach John King,35,6,Gains In Performance
2026-04-11,35,Easy To Love,Dustin Lynch,36,38,Gains In Performance
2026-04-11,36,Water At A Wedding,Greylan James,34,15,Gains In Performance
2026-04-11,37,Long Live Country,Shane Profitt,37,27,Gains In Performance
2026-04-11,38,Fireworks,Kelsey Hart,39,24,Gains In Performance
2026-04-11,39,Gary,Stephen Wilson Jr.,38,10,
2026-04-11,40,Straight For The Heart,Alexandra Kay,40,20,Gains In Performance
2026-04-11,41,Never Comin' Back,Flatland Cavalry,44,10,Gains In Performance
2026-04-11,42,The Hell You Are,Ashley Cooke,43,23,Gains In Performance
2026-04-11,43,Make A Liar,Jackson Dean,42,11,
2026-04-11,44,Painted You Pretty,Hudson Westbrook,45,6,Gains In Performance
2026-04-11,45,Let Him In Anyway,Blake Shelton,46,8,Gains In Performance
2026-04-11,46,What If We Don't,Ashley McBryde,53,5,Gains In Performance
2026-04-11,47,Worth Your Wild,Russell Dickerson,47,14,Gains In Performance
2026-04-11,48,Killed The Man,Lee Brice,48,21,Gains In Performance
2026-04-11,49,When A Cowboy Prays,Brandon Lake X Cody Johnson,50,9,Gains In Performance
2026-04-11,50,Holdin' It Down,Chase Matthew,51,10,Gains In Performance
2026-04-11,51,Good Damn,Brantley Gilbert,41,2,
2026-04-11,52,Killin' Me,Parker McCollum,54,6,Gains In Performance
2026-04-11,53,Heaven Passing Through,Turnpike Troubadours,49,29,Gains In Performance
2026-04-11,54,Be By You,Luke Combs,NEW,1,Gains In Performance
2026-04-11,55,Highs & Lows,Matt Cooper,56,12,Gains In Performance
2026-04-11,56,Travelin' Soldier,Cody Johnson,52,20,
2026-04-11,57,Devil Ain't Done,Atlus,55,17,
2026-04-11,58,Psychological,The Band Perry,59,7,Gains In Performance
2026-04-11,59,Thought It Was Love,Ty Myers,58,3,Gains In Performance
2026-04-11,60,Keeps Me Sane,Tyler Nance,57,5,Gains In Performance
2026-04-18,1,Sleepless In A Hotel Room,Luke Combs,3,13,Gains In Performance
2026-04-18,2,Ain't A Bad Life,Thomas Rhett Featuring Jordan Davis,5,30,Gains In Performance
2026-04-18,3,Choosin' Texas,Ella Langley,2,25,
2026-04-18,4,What He'll Never Have,Dylan Scott,6,50,Gains In Performance
2026-04-18,5,Amen,Shaboozey & Jelly Roll,4,40,
2026-04-18,6,Days Like These,Luke Combs,7,22,Gains In Performance
2026-04-18,7,Time's Ticking,Justin Moore,1,68,
2026-04-18,8,The Fall,Cody Johnson,8,50,Gains In Performance
2026-04-18,9,Brunette,Tucker Wetmore,10,17,Gains In Performance
2026-04-18,10,Change My Mind,Riley Green,9,15,Gains In Performance
2026-04-18,11,Turn This Truck Around,Jordan Davis,12,24,Gains In Performance
2026-04-18,12,Be Her,Ella Langley,15,8,Gains In Performance
2026-04-18,13,Me & A Beer,Chris Janson,14,45,Gains In Performance
2026-04-18,14,I Ain't Coming Back,Morgan Wallen Featuring Post Malone,13,51,Gains In Performance
2026-04-18,15,Beautiful Things,Megan Moroney,16,24,Gains In Performance
2026-04-18,16,Hate How You Look,Josh Ross,18,29,Gains In Performance
2026-04-18,17,Rocky Mountain Low,Corey Kent & Koe Wetzel,17,18,Gains In Performance
2026-04-18,18,Wish You Well,Vincent Mason,19,57,Gains In Performance
2026-04-18,19,Chevy Silverado,Bailey Zimmerman,20,26,Gains In Performance
2026-04-18,20,Don't Tell On Me,Jason Aldean,24,6,Gains In Performance
2026-04-18,21,Don't We,Morgan Wallen,29,6,Gains In Performance
2026-04-18,22,McArthur,"HARDY, Eric Church, Morgan Wallen & Tim McGraw",22,10,Gains In Performance
2026-04-18,23,Til The Last One Dies,Chris Young,23,53,Gains In Performance
2026-04-18,24,After Midnight,Nate Smith & Tyler Hubbard,26,21,Gains In Performance
2026-04-18,25,"Ride, Ride, Ride",George Birge Featuring Luke Bryan,25,10,Gains In Performance
2026-04-18,26,South Of Sanity,Zach Top,27,17,Gains In Performance
2026-04-18,27,Wrong Hearts,LoCash,28,43,Gains In Performance
2026-04-18,28,Say So,Dan + Shay,NEW,1,Highest ranking debut|Gains In Performance
2026-04-18,29,Kid Myself,John Morgan,30,40,Gains In Performance
2026-04-18,30,Woman,Kane Brown,31,4,Gains In Performance
2026-04-18,31,Country And She Knows It,Luke Bryan,21,2,
2026-04-18,32,All My Exes,Lauren Alaina Featuring Chase Matthew,32,31,Gains In Performance
2026-04-18,33,Boots Off,Jon Pardi,33,12,Gains In Performance
2026-04-18,34,Get To Drinkin',Zach John King,34,7,Gains In Performance
2026-04-18,35,Easy To Love,Dustin Lynch,35,39,Gains In Performance
2026-04-18,36,Water At A Wedding,Greylan James,36,16,Gains In Performance
2026-04-18,37,Long Live Country,Shane Profitt,37,28,Gains In Performance
2026-04-18,38,Gary,Stephen Wilson Jr.,39,11,Gains In Performance
2026-04-18,39,Fireworks,Kelsey Hart,38,25,
2026-04-18,40,Painted You Pretty,Hudson Westbrook,44,7,Gains In Performance
2026-04-18,41,Straight For The Heart,Alexandra Kay,40,21,Gains In Performance
2026-04-18,42,Make A Liar,Jackson Dean,43,12,Gains In Performance
2026-04-18,43,Let Him In Anyway,Blake Shelton,45,9,Gains In Performance
2026-04-18,44,The Hell You Are,Ashley Cooke,42,24,Gains In Performance
2026-04-18,45,Holdin' It Down,Chase Matthew,50,11,Gains In Performance
2026-04-18,46,Never Comin' Back,Flatland Cavalry,41,11,Gains In Performance
2026-04-18,47,Worth Your Wild,Russell Dickerson,47,15,Gains In Performance
2026-04-18,48,Be By You,Luke Combs,54,2,Gains In Performance
2026-04-18,49,When A Cowboy Prays,Brandon Lake X Cody Johnson,49,10,Gains In Performance
2026-04-18,50,Killed The Man,Lee Brice,48,22,Gains In Performance
2026-04-18,51,What If We Don't,Ashley McBryde,46,6,
2026-04-18,52,Heaven Passing Through,Turnpike Troubadours,53,30,Gains In Performance
2026-04-18,53,Killin' Me,Parker McCollum,52,7,Gains In Performance
2026-04-18,54,Travelin' Soldier,Cody Johnson,56,21,Gains In Performance
2026-04-18,55,Devil Ain't Done,Atlus,57,18,Gains In Performance
2026-04-18,56,Highs & Lows,Matt Cooper,55,13,Gains In Performance
2026-04-18,57,Good Damn,Brantley Gilbert,51,3,
2026-04-18,58,Psychological,The Band Perry,58,8,Gains In Performance
2026-04-18,59,Keeps Me Sane,Tyler Nance,60,6,Gains In Performance
2026-04-18,60,Back In The Bottle,Randy Houser,NEW,1,Gains In Performance
2026-04-25,1,Sleepless In A Hotel Room,Luke Combs,1,14,Gains In Performance
2026-04-25,2,What He'll Never Have,Dylan Scott,4,51,Greatest gainer this week|Gains In Performance
2026-04-25,3,Choosin' Texas,Ella Langley,3,26,
2026-04-25,4,Days Like These,Luke Combs,6,23,Gains In Performance
2026-04-25,5,The Fall,Cody Johnson,8,51,Gains In Performance
2026-04-25,6,Brunette,Tucker Wetmore,9,18,Gains In Performance
2026-04-25,7,Change My Mind,Riley Green,10,16,Gains In Performance
2026-04-25,8,Ain't A Bad Life,Thomas Rhett Featuring Jordan Davis,2,31,
2026-04-25,9,Amen,Shaboozey & Jelly Roll,5,41,
2026-04-25,10,Be Her,Ella Langley,12,9,Gains In Performance
2026-04-25,11,Turn This Truck Around,Jordan Davis,11,25,Gains In Performance
2026-04-25,12,Me & A Beer,Chris Janson,13,46,Gains In Performance
2026-04-25,13,I Ain't Coming Back,Morgan Wallen Featuring Post Malone,14,52,Gains In Performance
2026-04-25,14,Beautiful Things,Megan Moroney,15,25,Gains In Performance
2026-04-25,15,Hate How You Look,Josh Ross,16,30,Gains In Performance
2026-04-25,16,Rocky Mountain Low,Corey Kent & Koe Wetzel,17,19,Gains In Performance
2026-04-25,17,Don't Tell On Me,Jason Aldean,20,7,Gains In Performance
2026-04-25,18,Wish You Well,Vincent Mason,18,58,Gains In Performance
2026-04-25,19,Chevy Silverado,Bailey Zimmerman,19,27,Gains In Performance
2026-04-25,20,Don't We,Morgan Wallen,21,7,Gains In Performance
2026-04-25,21,McArthur,"HARDY, Eric Church, Morgan Wallen & Tim McGraw",22,11,Gains In Performance
2026-04-25,22,"Ride, Ride, Ride",George Birge Featuring Luke Bryan,25,11,Gains In Performance
2026-04-25,23,Wrong Hearts,LoCash,27,44,Gains In Performance
2026-04-25,24,South Of Sanity,Zach Top,26,18,Gains In Performance
2026-04-25,25,Woman,Kane Brown,30,5,Gains In Performance
2026-04-25,26,Kid Myself,John Morgan,29,41,Gains In Performance
2026-04-25,27,Country And She Knows It,Luke Bryan,31,3,Gains In Performance
2026-04-25,28,All My Exes,Lauren Alaina Featuring Chase Matthew,32,32,Gains In Performance
2026-04-25,29,Boots Off,Jon Pardi,33,13,Gains In Performance
2026-04-25,30,Get To Drinkin',Zach John King,34,8,Gains In Performance
2026-04-25,31,Easy To Love,Dustin Lynch,35,40,Gains In Performance
2026-04-25,32,Water At A Wedding,Greylan James,36,17,Gains In Performance
2026-04-25,33,Long Live Country,Shane Profitt,37,29,Gains In Performance
2026-04-25,34,Gary,Stephen Wilson Jr.,38,12,Gains In Performance
2026-04-25,35,Say So,Dan + Shay,28,2,
2026-04-25,36,Fireworks,Kelsey Hart,39,26,Gains In Performance
2026-04-25,37,Painted You Pretty,Hudson Westbrook,40,8,Gains In Performance
2026-04-25,38,Straight For The Heart,Alexandra Kay,41,22,Gains In Performance
2026-04-25,39,Let Him In Anyway,Blake Shelton,43,10,Gains In Performance
2026-04-25,40,Be By You,Luke Combs,48,3,Gains In Performance
2026-04-25,41,Make A Liar,Jackson Dean,42,13,Gains In Performance
2026-04-25,42,Holdin' It Down,Chase Matthew,45,12,Gains In Performance
2026-04-25,43,What If We Don't,Ashley McBryde,51,7,Gains In Performance
2026-04-25,44,The Hell You Are,Ashley Cooke,44,25,Gains In Performance
2026-04-25,45,Never Comin' Back,Flatland Cavalry,46,12,Gains In Performance
2026-04-25,46,Worth Your Wild,Russell Dickerson,47,16,Gains In Performance
2026-04-25,47,Killed The Man,Lee Brice,50,23,Gains In Performance
2026-04-25,48,Killin' Me,Parker McCollum,53,8,Gains In Performance
2026-04-25,49,Heaven Passing Through,Turnpike Troubadours,52,31,Gains In Performance
2026-04-25,50,When A Cowboy Prays,Brandon Lake X Cody Johnson,49,11,Gains In Performance
2026-04-25,51,Highs & Lows,Matt Cooper,56,14,Gains In Performance
2026-04-25,52,Good Damn,Brantley Gilbert,57,4,Gains In Performance
2026-04-25,53,Travelin' Soldier,Cody Johnson,54,22,
2026-04-25,54,Devil Ain't Done,Atlus,55,19,
2026-04-25,55,Keeps Me Sane,Tyler Nance,59,7,Gains In Performance
2026-04-25,56,Back In The Bottle,Randy Houser,60,2,
2026-04-25,57,Psychological,The Band Perry,58,9,
2026-04-25,58,If I Don't Leave I'm Gonna Stay,Carly Pearce & Riley Green,RE,4,Gains In Performance
2026-04-25,59,Move On,Kevin Powers & Shaboozey,NEW,1,Highest ranking debut|Gains In Performance
2026-04-25,60,Rebel,Drew Baldridge,RE,7,Gains In Performance
2026-05-02,1,Sleepless In A Hotel Room,Luke Combs,1,15,Gains In Performance
2026-05-02,2,Days Like These,Luke Combs,4,24,Greatest gainer this week|Gains In Performance
2026-05-02,3,Choosin' Texas,Ella Langley,3,27,Gains In Performance
2026-05-02,4,The Fall,Cody Johnson,5,52,Gains In Performance
2026-05-02,5,Brunette,Tucker Wetmore,6,19,Gains In Performance
2026-05-02,6,What He'll Never Have,Dylan Scott,2,52,
2026-05-02,7,Change My Mind,Riley Green,7,17,Gains In Performance
2026-05-02,8,Be Her,Ella Langley,10,10,Gains In Performance
2026-05-02,9,Turn This Truck Around,Jordan Davis,11,26,Gains In Performance
2026-05-02,10,Hate How You Look,Josh Ross,15,31,Gains In Performance
2026-05-02,11,Me & A Beer,Chris Janson,12,47,Gains In Performance
2026-05-02,12,Beautiful Things,Megan Moroney,14,26,Gains In Performance
2026-05-02,13,I Ain't Coming Back,Morgan Wallen Featuring Post Malone,13,53,Gains In Performance
2026-05-02,14,Rocky Mountain Low,Corey Kent & Koe Wetzel,16,20,Gains In Performance
2026-05-02,15,Don't Tell On Me,Jason Aldean,17,8,Gains In Performance
2026-05-02,16,Wish You Well,Vincent Mason,18,59,Gains In Performance
2026-05-02,17,Don't We,Morgan Wallen,20,8,Gains In Performance
2026-05-02,18,Chevy Silverado,Bailey Zimmerman,19,28,Gains In Performance
2026-05-02,19,Woman,Kane Brown,25,6,Gains In Performance
2026-05-02,20,"Ride, Ride, Ride",George Birge Featuring Luke Bryan,22,12,Gains In Performance
2026-05-02,21,McArthur,"HARDY, Eric Church, Morgan Wallen & Tim McGraw",21,12,Gains In Performance
2026-05-02,22,South Of Sanity,Zach Top,24,19,Gains In Performance
2026-05-02,23,Wrong Hearts,LoCash,23,45,Gains In Performance
2026-05-02,24,Kid Myself,John Morgan,26,42,Gains In Performance
2026-05-02,25,Country And She Knows It,Luke Bryan,27,4,Gains In Performance
2026-05-02,26,All My Exes,Lauren Alaina Featuring Chase Matthew,28,33,Gains In Performance
2026-05-02,27,Boots Off,Jon Pardi,29,14,Gains In Performance
2026-05-02,28,Get To Drinkin',Zach John King,30,9,Gains In Performance
2026-05-02,29,Easy To Love,Dustin Lynch,31,41,Gains In Performance
2026-05-02,30,Say So,Dan + Shay,35,3,Gains In Performance
2026-05-02,31,Water At A Wedding,Greylan James,32,18,Gains In Performance
2026-05-02,32,Long Live Country,Shane Profitt,33,30,Gains In Performance
2026-05-02,33,Gary,Stephen Wilson Jr.,34,13,Gains In Performance
2026-05-02,34,Straight For The Heart,Alexandra Kay,38,23,Gains In Performance
2026-05-02,35,Painted You Pretty,Hudson Westbrook,37,9,Gains In Performance
2026-05-02,36,Fireworks,Kelsey Hart,36,27,Gains In Performance
2026-05-02,37,What If We Don't,Ashley McBryde,43,8,Gains In Performance
2026-05-02,38,Let Him In Anyway,Blake Shelton,39,11,Gains In Performance
2026-05-02,39,Be By You,Luke Combs,40,4,Gains In Performance
2026-05-02,40,Holdin' It Down,Chase Matthew,42,13,Gains In Performance
2026-05-02,41,The Hell You Are,Ashley Cooke,44,26,Gains In Performance
2026-05-02,42,Worth Your Wild,Russell Dickerson,46,17,Gains In Performance
2026-05-02,43,Make A Liar,Jackson Dean,41,14,Gains In Performance
2026-05-02,44,Never Comin' Back,Flatland Cavalry,45,13,Gains In Performance
2026-05-02,45,Killed The Man,Lee Brice,47,24,Gains In Performance
2026-05-02,46,Killin' Me,Parker McCollum,48,9,Gains In Performance
2026-05-02,47,Heaven Passing Through,Turnpike Troubadours,49,32,
2026-05-02,48,When A Cowboy Prays,Brandon Lake X Cody Johnson,50,12,
2026-05-02,49,Move On,Kevin Powers & Shaboozey,59,2,Gains In Performance
2026-05-02,50,Highs & Lows,Matt Cooper,51,15,Gains In Performance
2026-05-02,51,Good Damn,Brantley Gilbert,52,5,Gains In Performance
2026-05-02,52,If I Don't Leave I'm Gonna Stay,Carly Pearce & Riley Green,58,5,Gains In Performance
2026-05-02,53,Boston,Stella Lefty,NEW,1,Highest ranking debut|Gains In Performance
2026-05-02,54,Devil Ain't Done,Atlus,54,20,
2026-05-02,55,Keeps Me Sane,Tyler Nance,55,8,Gains In Performance
2026-05-02,56,Medicine,Megan Moroney,NEW,1,Gains In Performance
2026-05-02,57,Back In The Bottle,Randy Houser,56,3,Gains In Performance
2026-05-02,58,Psychological,The Band Perry,57,10,Gains In Performance
2026-05-02,59,Rebel,Drew Baldridge,60,8,
2026-05-02,60,Dry Spell,Kacey Musgraves,NEW,1,Gains In Performance
2026-05-09,1,Sleepless In A Hotel Room,Luke Combs,1,16,Gains In Performance
2026-05-09,2,Choosin' Texas,Ella Langley,3,28,
2026-05-09,3,Brunette,Tucker Wetmore,5,20,Gains In Performance
2026-05-09,4,The Fall,Cody Johnson,4,53,Gains In Performance
2026-05-09,5,Days Like These,Luke Combs,2,25,
2026-05-09,6,Be Her,Ella Langley,8,11,Gains In Performance
2026-05-09,7,Change My Mind,Riley Green,7,18,Gains In Performance
2026-05-09,8,Turn This Truck Around,Jordan Davis,9,27,Gains In Performance
2026-05-09,9,Hate How You Look,Josh Ross,10,32,Gains In Performance
2026-05-09,10,Beautiful Things,Megan Moroney,12,27,Gains In Performance
2026-05-09,11,Me & A Beer,Chris Janson,11,48,Gains In Performance
2026-05-09,12,Rocky Mountain Low,Corey Kent & Koe Wetzel,14,21,Gains In Performance
2026-05-09,13,Don't Tell On Me,Jason Aldean,15,9,Gains In Performance
2026-05-09,14,I Ain't Coming Back,Morgan Wallen Featuring Post Malone,13,54,
2026-05-09,15,Don't We,Morgan Wallen,17,9,Gains In Performance
2026-05-09,16,Wish You Well,Vincent Mason,16,60,Gains In Performance
2026-05-09,17,Woman,Kane Brown,19,7,Gains In Performance
2026-05-09,18,Chevy Silverado,Bailey Zimmerman,18,29,Gains In Performance
2026-05-09,19,I Can't Love You Anymore,Ella Langley & Morgan Wallen,NEW,1,Highest ranking debut|Gains In Performance
2026-05-09,20,"Ride, Ride, Ride",George Birge Featuring Luke Bryan,20,13,Gains In Performance
2026-05-09,21,McArthur,"HARDY, Eric Church, Morgan Wallen & Tim McGraw",21,13,Gains In Performance
2026-05-09,22,Kid Myself,John Morgan,24,43,Gains In Performance
2026-05-09,23,Wrong Hearts,LoCash,23,46,Gains In Performance
2026-05-09,24,South Of Sanity,Zach Top,22,20,Gains In Performance
2026-05-09,25,Country And She Knows It,Luke Bryan,25,5,Gains In Performance
2026-05-09,26,All My Exes,Lauren Alaina Featuring Chase Matthew,26,34,Gains In Performance
2026-05-09,27,Boots Off,Jon Pardi,27,15,Gains In Performance
2026-05-09,28,Get To Drinkin',Zach John King,28,10,Gains In Performance
2026-05-09,29,Say So,Dan + Shay,30,4,Gains In Performance
2026-05-09,30,Easy To Love,Dustin Lynch,29,42,Gains In Performance
2026-05-09,31,Water At A Wedding,Greylan James,31,19,Gains In Performance
2026-05-09,32,Be By You,Luke Combs,39,5,Gains In Performance
2026-05-09,33,Straight For The Heart,Alexandra Kay,34,24,Gains In Performance
2026-05-09,34,Long Live Country,Shane Profitt,32,31,Gains In Performance
2026-05-09,35,Loneliest Girl,Kacey Musgraves,NEW,1,Gains In Performance
2026-05-09,36,Painted You Pretty,Hudson Westbrook,35,10,Gains In Performance
2026-05-09,37,Let Him In Anyway,Blake Shelton,38,12,Gains In Performance
2026-05-09,38,Gary,Stephen Wilson Jr.,33,14,Gains In Performance
2026-05-09,39,Fireworks,Kelsey Hart,36,28,Gains In Performance
2026-05-09,40,What If We Don't,Ashley McBryde,37,9,Gains In Performance
2026-05-09,41,Worth Your Wild,Russell Dickerson,42,18,Gains In Performance
2026-05-09,42,Holdin' It Down,Chase Matthew,40,14,Gains In Performance
2026-05-09,43,The Hell You Are,Ashley Cooke,41,27,
2026-05-09,44,Never Comin' Back,Flatland Cavalry,44,14,Gains In Performance
2026-05-09,45,Make A Liar,Jackson Dean,43,15,
2026-05-09,46,Killin' Me,Parker McCollum,46,10,Gains In Performance
2026-05-09,47,Boston,Stella Lefty,53,2,Gains In Performance
2026-05-09,48,Medicine,Megan Moroney,56,2,Gains In Performance
2026-05-09,49,Move On,Kevin Powers & Shaboozey,49,3,Gains In Performance
2026-05-09,50,Heaven Passing Through,Turnpike Troubadours,47,33,Gains In Performance
2026-05-09,51,Killed The Man,Lee Brice,45,25,
2026-05-09,52,When A Cowboy Prays,Brandon Lake X Cody Johnson,48,13,Gains In Performance
2026-05-09,53,Good Damn,Brantley Gilbert,51,6,Gains In Performance
2026-05-09,54,If I Don't Leave I'm Gonna Stay,Carly Pearce & Riley Green,52,6,Gains In Performance
2026-05-09,55,Highs & Lows,Matt Cooper,50,16,Gains In Performance
2026-05-09,56,Devil Ain't Done,Atlus,54,21,Gains In Performance
2026-05-09,57,Keeps Me Sane,Tyler Nance,55,9,Gains In Performance
2026-05-09,58,Back In The Bottle,Randy Houser,57,4,Gains In Performance
2026-05-09,59,Psychological,The Band Perry,58,11,
2026-05-09,60,What Took You So Long,Jacob Hackworth,NEW,1,Gains In Performance
2026-05-16,1,Sleepless In A Hotel Room,Luke Combs,1,17,Gains In Performance
2026-05-16,2,Choosin' Texas,Ella Langley,2,29,Gains In Performance
2026-05-16,3,Brunette,Tucker Wetmore,3,21,Gains In Performance
2026-05-16,4,The Fall,Cody Johnson,4,54,Gains In Performance
2026-05-16,5,Be Her,Ella Langley,6,12,Gains In Performance
2026-05-16,6,Change My Mind,Riley Green,7,19,Gains In Performance
2026-05-16,7,Turn This Truck Around,Jordan Davis,8,28,Gains In Performance
2026-05-16,8,Hate How You Look,Josh Ross,9,33,Greatest gainer this week|Gains In Performance
2026-05-16,9,Beautiful Things,Megan Moroney,10,28,Gains In Performance
2026-05-16,10,Rocky Mountain Low,Corey Kent & Koe Wetzel,12,22,Gains In Performance
2026-05-16,11,Me & A Beer,Chris Janson,11,49,
2026-05-16,12,Don't Tell On Me,Jason Aldean,13,10,Gains In Performance
2026-05-16,13,I Ain't Coming Back,Morgan Wallen Featuring Post Malone,14,55,Gains In Performance
2026-05-16,14,Don't We,Morgan Wallen,15,10,Gains In Performance
2026-05-16,15,Woman,Kane Brown,17,8,Gains In Performance
2026-05-16,16,Wish You Well,Vincent Mason,16,61,Gains In Performance
2026-05-16,17,Chevy Silverado,Bailey Zimmerman,18,30,Gains In Performance
2026-05-16,18,"Ride, Ride, Ride",George Birge Featuring Luke Bryan,20,14,Gains In Performance
2026-05-16,19,I Can't Love You Anymore,Ella Langley & Morgan Wallen,19,2,
2026-05-16,20,Kid Myself,John Morgan,22,44,Gains In Performance
2026-05-16,21,McArthur,"HARDY, Eric Church, Morgan Wallen & Tim McGraw",21,14,Gains In Performance
2026-05-16,22,South Of Sanity,Zach Top,24,21,Gains In Performance
2026-05-16,23,Wrong Hearts,LoCash,23,47,Gains In Performance
2026-05-16,24,Country And She Knows It,Luke Bryan,25,6,Gains In Performance
2026-05-16,25,Boots Off,Jon Pardi,27,16,Gains In Performance
2026-05-16,26,All My Exes,Lauren Alaina Featuring Chase Matthew,26,35,Gains In Performance
2026-05-16,27,Be By You,Luke Combs,32,6,Gains In Performance
2026-05-16,28,Get To Drinkin',Zach John King,28,11,Gains In Performance
2026-05-16,29,Easy To Love,Dustin Lynch,30,43,Gains In Performance
2026-05-16,30,Say So,Dan + Shay,29,5,
2026-05-16,31,Water At A Wedding,Greylan James,31,20,Gains In Performance
2026-05-16,32,Long Live Country,Shane Profitt,34,32,Gains In Performance
2026-05-16,33,Painted You Pretty,Hudson Westbrook,36,11,Gains In Performance
2026-05-16,34,Straight For The Heart,Alexandra Kay,33,25,
2026-05-16,35,Let Him In Anyway,Blake Shelton,37,13,Gains In Performance
2026-05-16,36,Gary,Stephen Wilson Jr.,38,15,Gains In Performance
2026-05-16,37,Fireworks,Kelsey Hart,39,29,
2026-05-16,38,What If We Don't,Ashley McBryde,40,10,Gains In Performance
2026-05-16,39,Holdin' It Down,Chase Matthew,42,15,Gains In Performance
2026-05-16,40,Worth Your Wild,Russell Dickerson,41,19,Gains In Performance
2026-05-16,41,Never Comin' Back,Flatland Cavalry,44,15,Gains In Performance
2026-05-16,42,Boston,Stella Lefty,47,3,Gains In Performance
2026-05-16,43,Make A Liar,Jackson Dean,45,16,Gains In Performance
2026-05-16,44,The Hell You Are,Ashley Cooke,43,28,
2026-05-16,45,Move On,Kevin Powers & Shaboozey,49,4,Gains In Performance
2026-05-16,46,Medicine,Megan Moroney,48,3,Gains In Performance
2026-05-16,47,Killin' Me,Parker McCollum,46,11,Gains In Performance
2026-05-16,48,When A Cowboy Prays,Brandon Lake X Cody Johnson,52,14,Gains In Performance
2026-05-16,49,Killed The Man,Lee Brice,51,26,Gains In Performance
2026-05-16,50,Good Damn,Brantley Gilbert,53,7,Gains In Performance
2026-05-16,51,Highs & Lows,Matt Cooper,55,17,Gains In Performance
2026-05-16,52,What Took You So Long,Jacob Hackworth,60,2,Gains In Performance
2026-05-16,53,Loneliest Girl,Kacey Musgraves,35,2,
2026-05-16,54,If I Don't Leave I'm Gonna Stay,Carly Pearce & Riley Green,54,7,
2026-05-16,55,Keeps Me Sane,Tyler Nance,57,10,Gains In Performance
2026-05-16,56,Back In The Bottle,Randy Houser,58,5,Gains In Performance
2026-05-16,57,Psychological,The Band Perry,59,12,Gains In Performance
2026-05-16,58,Love is Blind,Ian Munsick,NEW,1,Highest ranking debut|Gains In Performance
2026-05-16,59,Rebel,Drew Baldridge,RE,9,
2026-05-16,60,String By,Mack Geiger,NEW,1,Gains In Performance
2026-05-23,1,The Fall,Cody Johnson,4,55,Gains In Performance
2026-05-23,2,Sleepless In A Hotel Room,Luke Combs,1,18,
2026-05-23,3,Brunette,Tucker Wetmore,3,22,Gains In Performance
2026-05-23,4,Be Her,Ella Langley,5,13,Gains In Performance
2026-05-23,5,Choosin' Texas,Ella Langley,2,30,
2026-05-23,6,Change My Mind,Riley Green,6,20,Gains In Performance
2026-05-23,7,Turn This Truck Around,Jordan Davis,7,29,Gains In Performance
2026-05-23,8,Hate How You Look,Josh Ross,8,34,Gains In Performance
2026-05-23,9,Beautiful Things,Megan Moroney,9,29,Gains In Performance
2026-05-23,10,Don't Tell On Me,Jason Aldean,12,11,Gains In Performance
2026-05-23,11,Rocky Mountain Low,Corey Kent & Koe Wetzel,10,23,Gains In Performance
2026-05-23,12,Don't We,Morgan Wallen,14,11,Gains In Performance
2026-05-23,13,Me & A Beer,Chris Janson,11,50,
2026-05-23,14,I Ain't Coming Back,Morgan Wallen Featuring Post Malone,13,56,
2026-05-23,15,Woman,Kane Brown,15,9,Gains In Performance
2026-05-23,16,Chevy Silverado,Bailey Zimmerman,17,31,Gains In Performance
2026-05-23,17,Wish You Well,Vincent Mason,16,62,Gains In Performance
2026-05-23,18,I Can't Love You Anymore,Ella Langley & Morgan Wallen,19,3,Gains In Performance
2026-05-23,19,"Ride, Ride, Ride",George Birge Featuring Luke Bryan,18,15,Gains In Performance
2026-05-23,20,Carry On,Kenny Chesney,NEW,1,Highest ranking debut|Gains In Performance
2026-05-23,21,McArthur,"HARDY, Eric Church, Morgan Wallen & Tim McGraw",21,15,Gains In Performance
2026-05-23,22,Kid Myself,John Morgan,20,45,
2026-05-23,23,South Of Sanity,Zach Top,22,22,Gains In Performance
2026-05-23,24,Be By You,Luke Combs,27,7,Gains In Performance
2026-05-23,25,Country And She Knows It,Luke Bryan,24,7,Gains In Performance
2026-05-23,26,Wrong Hearts,LoCash,23,48,
2026-05-23,27,Boots Off,Jon Pardi,25,17,Gains In Performance
2026-05-23,28,Get To Drinkin',Zach John King,28,12,Gains In Performance
2026-05-23,29,All My Exes,Lauren Alaina Featuring Chase Matthew,26,36,Gains In Performance
2026-05-23,30,Say So,Dan + Shay,30,6,Gains In Performance
2026-05-23,31,Easy To Love,Dustin Lynch,29,44,Gains In Performance
2026-05-23,32,Water At A Wedding,Greylan James,31,21,
2026-05-23,33,Long Live Country,Shane Profitt,32,33,Gains In Performance
2026-05-23,34,Let Him In Anyway,Blake Shelton,35,14,Gains In Performance
2026-05-23,35,Painted You Pretty,Hudson Westbrook,33,12,
2026-05-23,36,Boston,Stella Lefty,42,4,Gains In Performance
2026-05-23,37,Straight For The Heart,Alexandra Kay,34,26,
2026-05-23,38,Gary,Stephen Wilson Jr.,36,16,Gains In Performance
2026-05-23,39,What If We Don't,Ashley McBryde,38,11,Gains In Performance
2026-05-23,40,Fireworks,Kelsey Hart,37,30,Gains In Performance
2026-05-23,41,Worth Your Wild,Russell Dickerson,40,20,Gains In Performance
2026-05-23,42,Holdin' It Down,Chase Matthew,39,16,
2026-05-23,43,Never Comin' Back,Flatland Cavalry,41,16,Gains In Performance
2026-05-23,44,The Hell You Are,Ashley Cooke,44,29,Gains In Performance
2026-05-23,45,Move On,Kevin Powers & Shaboozey,45,5,Gains In Performance
2026-05-23,46,Medicine,Megan Moroney,46,4,Gains In Performance
2026-05-23,47,Make A Liar,Jackson Dean,43,17,
2026-05-23,48,Killin' Me,Parker McCollum,47,12,Gains In Performance
2026-05-23,49,When A Cowboy Prays,Brandon Lake X Cody Johnson,48,15,
2026-05-23,50,Killed The Man,Lee Brice,49,27,Gains In Performance
2026-05-23,51,Good Damn,Brantley Gilbert,50,8,Gains In Performance
2026-05-23,52,Highs & Lows,Matt Cooper,51,18,Gains In Performance
2026-05-23,53,What Took You So Long,Jacob Hackworth,52,3,Gains In Performance
2026-05-23,54,Loneliest Girl,Kacey Musgraves,53,3,Gains In Performance
2026-05-23,55,Keeps Me Sane,Tyler Nance,55,11,Gains In Performance
2026-05-23,56,Back In The Bottle,Randy Houser,56,6,
2026-05-23,57,If I Don't Leave I'm Gonna Stay,Carly Pearce & Riley Green,54,8,
2026-05-23,58,Psychological,The Band Perry,57,13,Gains In Performance
2026-05-23,59,Love is Blind,Ian Munsick,58,2,Gains In Performance
2026-05-23,60,Wannabe,Gavin Adcock,NEW,1,Gains In Performance
2026-05-30,1,Brunette,Tucker Wetmore,3,23,Greatest gainer this week|Gains In Performance
2026-05-30,2,Be Her,Ella Langley,4,14,Gains In Performance
2026-05-30,3,Choosin' Texas,Ella Langley,5,31,
2026-05-30,4,Hate How You Look,Josh Ross,8,35,Gains In Performance
2026-05-30,5,Sleepless In A Hotel Room,Luke Combs,2,19,
2026-05-30,6,Change My Mind,Riley Green,6,21,Gains In Performance
2026-05-30,7,Turn This Truck Around,Jordan Davis,7,30,Gains In Performance
2026-05-30,8,The Fall,Cody Johnson,1,56,
2026-05-30,9,Don't Tell On Me,Jason Aldean,10,12,Gains In Performance
2026-05-30,10,Beautiful Things,Megan Moroney,9,30,Gains In Performance
2026-05-30,11,Don't We,Morgan Wallen,12,12,Gains In Performance
2026-05-30,12,Rocky Mountain Low,Corey Kent & Koe Wetzel,11,24,Gains In Performance
2026-05-30,13,Me & A Beer,Chris Janson,13,51,Gains In Performance
2026-05-30,14,Woman,Kane Brown,15,10,Gains In Performance
2026-05-30,15,I Can't Love You Anymore,Ella Langley & Morgan Wallen,18,4,Gains In Performance
2026-05-30,16,Chevy Silverado,Bailey Zimmerman,16,32,Gains In Performance
2026-05-30,17,Wish You Well,Vincent Mason,17,63,
2026-05-30,18,"Ride, Ride, Ride",George Birge Featuring Luke Bryan,19,16,Gains In Performance
2026-05-30,19,Be By You,Luke Combs,24,8,Gains In Performance
2026-05-30,20,Kid Myself,John Morgan,22,46,Gains In Performance
2026-05-30,21,McArthur,"HARDY, Eric Church, Morgan Wallen & Tim McGraw",21,16,Gains In Performance
2026-05-30,22,South Of Sanity,Zach Top,23,23,Gains In Performance
2026-05-30,23,Country And She Knows It,Luke Bryan,25,8,Gains In Performance
2026-05-30,24,Wrong Hearts,LoCash,26,49,Gains In Performance
2026-05-30,25,Boots Off,Jon Pardi,27,18,Gains In Performance
2026-05-30,26,All My Exes,Lauren Alaina Featuring Chase Matthew,29,37,Gains In Performance
2026-05-30,27,Get To Drinkin',Zach John King,28,13,Gains In Performance
2026-05-30,28,Carry On,Kenny Chesney,20,2,
2026-05-30,29,Say So,Dan + Shay,30,7,Gains In Performance
2026-05-30,30,Easy To Love,Dustin Lynch,31,45,Gains In Performance
2026-05-30,31,Water At A Wedding,Greylan James,32,22,Gains In Performance
2026-05-30,32,Boston,Stella Lefty,36,5,Gains In Performance
2026-05-30,33,Long Live Country,Shane Profitt,33,34,Gains In Performance
2026-05-30,34,Let Him In Anyway,Blake Shelton,34,15,Gains In Performance
2026-05-30,35,What If We Don't,Ashley McBryde,39,12,Gains In Performance
2026-05-30,36,Painted You Pretty,Hudson Westbrook,35,13,
2026-05-30,37,Gary,Stephen Wilson Jr.,38,17,
2026-05-30,38,Worth Your Wild,Russell Dickerson,41,21,Gains In Performance
2026-05-30,39,Fireworks,Kelsey Hart,40,31,Gains In Performance
2026-05-30,40,Holdin' It Down,Chase Matthew,42,17,
2026-05-30,41,Move On,Kevin Powers & Shaboozey,45,6,Gains In Performance
2026-05-30,42,Never Comin' Back,Flatland Cavalry,43,17,
2026-05-30,43,Make A Liar,Jackson Dean,47,18,Gains In Performance
2026-05-30,44,Medicine,Megan Moroney,46,5,Gains In Performance
2026-05-30,45,The Hell You Are,Ashley Cooke,44,30,
2026-05-30,46,Killin' Me,Parker McCollum,48,13,Gains In Performance
2026-05-30,47,What Took You So Long,Jacob Hackworth,53,4,Gains In Performance
2026-05-30,48,When A Cowboy Prays,Brandon Lake X Cody Johnson,49,16,
2026-05-30,49,Good Damn,Brantley Gilbert,51,9,
2026-05-30,50,Highs & Lows,Matt Cooper,52,19,
2026-05-30,51,Loneliest Girl,Kacey Musgraves,54,4,
2026-05-30,52,Keeps Me Sane,Tyler Nance,55,12,Gains In Performance
2026-05-30,53,Wannabe,Gavin Adcock,60,2,Gains In Performance
2026-05-30,54,If I Don't Leave I'm Gonna Stay,Carly Pearce & Riley Green,57,9,Gains In Performance
2026-05-30,55,Back In The Bottle,Randy Houser,56,7,Gains In Performance
2026-05-30,56,Psychological,The Band Perry,58,14,Gains In Performance
2026-05-30,57,Love is Blind,Ian Munsick,59,3,Gains In Performance
2026-05-30,58,Rebel,Drew Baldridge,RE,10,
2026-05-30,59,String By,Mack Geiger,RE,2,Gains In Performance
2026-05-30,60,Better That Way,Charles Wesley Godwin & Luke Combs,NEW,1,Highest ranking debut|Gains In Performance
2026-06-06,1,Be Her,Ella Langley,2,15,Gains In Performance
2026-06-06,2,Turn This Truck Around,Jordan Davis,7,31,Gains In Performance
2026-06-06,3,Hate How You Look,Josh Ross,4,36,Gains In Performance
2026-06-06,4,Brunette,Tucker Wetmore,1,24,
2026-06-06,5,Change My Mind,Riley Green,6,22,Gains In Performance
2026-06-06,6,Choosin' Texas,Ella Langley,3,32,
2026-06-06,7,Sleepless In A Hotel Room,Luke Combs,5,20,
2026-06-06,8,Don't Tell On Me,Jason Aldean,9,13,Gains In Performance
2026-06-06,9,Don't We,Morgan Wallen,11,13,Gains In Performance
2026-06-06,10,Beautiful Things,Megan Moroney,10,31,
2026-06-06,11,Me & A Beer,Chris Janson,13,52,Gains In Performance
2026-06-06,12,Rocky Mountain Low,Corey Kent & Koe Wetzel,12,25,Gains In Performance
2026-06-06,13,I Can't Love You Anymore,Ella Langley & Morgan Wallen,15,5,Gains In Performance
2026-06-06,14,Woman,Kane Brown,14,11,Gains In Performance
2026-06-06,15,Chevy Silverado,Bailey Zimmerman,16,33,Gains In Performance
2026-06-06,16,Be By You,Luke Combs,19,9,Gains In Performance
2026-06-06,17,"Ride, Ride, Ride",George Birge Featuring Luke Bryan,18,17,Gains In Performance
2026-06-06,18,Kid Myself,John Morgan,20,47,Gains In Performance
2026-06-06,19,Country And She Knows It,Luke Bryan,23,9,Gains In Performance
2026-06-06,20,McArthur,"HARDY, Eric Church, Morgan Wallen & Tim McGraw",21,17,
2026-06-06,21,Wrong Hearts,LoCash,24,50,Gains In Performance
2026-06-06,22,South Of Sanity,Zach Top,22,24,
2026-06-06,23,Boots Off,Jon Pardi,25,19,Gains In Performance
2026-06-06,24,Carry On,Kenny Chesney,28,3,Gains In Performance
2026-06-06,25,All My Exes,Lauren Alaina Featuring Chase Matthew,26,38,Gains In Performance
2026-06-06,26,Get To Drinkin',Zach John King,27,14,Gains In Performance
2026-06-06,27,Say So,Dan + Shay,29,8,
2026-06-06,28,Easy To Love,Dustin Lynch,30,46,Gains In Performance
2026-06-06,29,Boston,Stella Lefty,32,6,Gains In Performance
2026-06-06,30,Water At A Wedding,Greylan James,31,23,Gains In Performance
2026-06-06,31,Think As You Drunk,Riley Green,NEW,1,Highest ranking debut|Gains In Performance
2026-06-06,32,Land,Tyler Hubbard,NEW,1,Gains In Performance
2026-06-06,33,Let Him In Anyway,Blake Shelton,34,16,Gains In Performance
2026-06-06,34,Long Live Country,Shane Profitt,33,35,
2026-06-06,35,Painted You Pretty,Hudson Westbrook,36,14,Gains In Performance
2026-06-06,36,What If We Don't,Ashley McBryde,35,13,Gains In Performance
2026-06-06,37,Fireworks,Kelsey Hart,39,32,Gains In Performance
2026-06-06,38,Worth Your Wild,Russell Dickerson,38,22,Gains In Performance
2026-06-06,39,Gary,Stephen Wilson Jr.,37,18,Gains In Performance
2026-06-06,40,Holdin' It Down,Chase Matthew,40,18,Gains In Performance
2026-06-06,41,Move On,Kevin Powers & Shaboozey,41,7,Gains In Performance
2026-06-06,42,Medicine,Megan Moroney,44,6,Gains In Performance
2026-06-06,43,Never Comin' Back,Flatland Cavalry,42,18,Gains In Performance
2026-06-06,44,Make A Liar,Jackson Dean,43,19,
2026-06-06,45,Killin' Me,Parker McCollum,46,14,Gains In Performance
2026-06-06,46,What Took You So Long,Jacob Hackworth,47,5,Gains In Performance
2026-06-06,47,Highs & Lows,Matt Cooper,50,20,Gains In Performance
2026-06-06,48,Good Damn,Brantley Gilbert,49,10,Gains In Performance
2026-06-06,49,When A Cowboy Prays,Brandon Lake X Cody Johnson,48,17,
2026-06-06,50,Keeps Me Sane,Tyler Nance,52,13,Gains In Performance
2026-06-06,51,If I Don't Leave I'm Gonna Stay,Carly Pearce & Riley Green,54,10,Gains In Performance
2026-06-06,52,Loneliest Girl,Kacey Musgraves,51,5,
2026-06-06,53,Wannabe,Gavin Adcock,53,3,Gains In Performance
2026-06-06,54,Back In The Bottle,Randy Houser,55,8,Gains In Performance
2026-06-06,55,Dry Spell,Kacey Musgraves,RE,2,Gains In Performance
2026-06-06,56,Psychological,The Band Perry,56,15,Gains In Performance
2026-06-06,57,Better That Way,Charles Wesley Godwin & Luke Combs,60,2,Gains In Performance
2026-06-06,58,Love is Blind,Ian Munsick,57,4,
2026-06-06,59,Rebel,Drew Baldridge,58,11,
2026-06-06,60,God Knew Better,Parmalee,NEW,1,Gains In Performance
2026-06-13,1,Be Her,Ella Langley,1,16,Gains In Performance
2026-06-13,2,Change My Mind,Riley Green,5,23,Greatest gainer this week|Gains In Performance
2026-06-13,3,Hate How You Look,Josh Ross,3,37,Gains In Performance
2026-06-13,4,Turn This Truck Around,Jordan Davis,2,32,
2026-06-13,5,Choosin' Texas,Ella Langley,6,33,
2026-06-13,6,Don't Tell On Me,Jason Aldean,8,14,Gains In Performance
2026-06-13,7,Don't We,Morgan Wallen,9,14,Gains In Performance
2026-06-13,8,Sleepless In A Hotel Room,Luke Combs,7,21,
2026-06-13,9,Beautiful Things,Megan Moroney,10,32,Gains In Performance
2026-06-13,10,I Can't Love You Anymore,Ella Langley & Morgan Wallen,13,6,Gains In Performance
2026-06-13,11,Rocky Mountain Low,Corey Kent & Koe Wetzel,12,26,Gains In Performance
2026-06-13,12,Be By You,Luke Combs,16,10,Gains In Performance
2026-06-13,13,Woman,Kane Brown,14,12,Gains In Performance
2026-06-13,14,Chevy Silverado,Bailey Zimmerman,15,34,Gains In Performance
2026-06-13,15,"Ride, Ride, Ride",George Birge Featuring Luke Bryan,17,18,Gains In Performance
2026-06-13,16,Kid Myself,John Morgan,18,48,Gains In Performance
2026-06-13,17,Country And She Knows It,Luke Bryan,19,10,Gains In Performance
2026-06-13,18,South Of Sanity,Zach Top,22,25,Gains In Performance
2026-06-13,19,McArthur,"HARDY, Eric Church, Morgan Wallen & Tim McGraw",20,18,Gains In Performance
2026-06-13,20,Carry On,Kenny Chesney,24,4,Gains In Performance
2026-06-13,21,Wrong Hearts,LoCash,21,51,Gains In Performance
2026-06-13,22,Boots Off,Jon Pardi,23,20,Gains In Performance
2026-06-13,23,Get To Drinkin',Zach John King,26,15,Gains In Performance
2026-06-13,24,All My Exes,Lauren Alaina Featuring Chase Matthew,25,39,Gains In Performance
2026-06-13,25,Say So,Dan + Shay,27,9,Gains In Performance
2026-06-13,26,Boston,Stella Lefty,29,7,Gains In Performance
2026-06-13,27,Easy To Love,Dustin Lynch,28,47,Gains In Performance
2026-06-13,28,Water At A Wedding,Greylan James,30,24,Gains In Performance
2026-06-13,29,Think As You Drunk,Riley Green,31,2,
2026-06-13,30,Painted You Pretty,Hudson Westbrook,35,15,Gains In Performance
2026-06-13,31,Let Him In Anyway,Blake Shelton,33,17,Gains In Performance
2026-06-13,32,Worth Your Wild,Russell Dickerson,38,23,Gains In Performance
2026-06-13,33,Long Live Country,Shane Profitt,34,36,Gains In Performance
2026-06-13,34,Holdin' It Down,Chase Matthew,40,19,Gains In Performance
2026-06-13,35,What If We Don't,Ashley McBryde,36,14,Gains In Performance
2026-06-13,36,Gary,Stephen Wilson Jr.,39,19,Gains In Performance
2026-06-13,37,Fireworks,Kelsey Hart,37,33,Gains In Performance
2026-06-13,38,Move On,Kevin Powers & Shaboozey,41,8,Gains In Performance
2026-06-13,39,Medicine,Megan Moroney,42,7,Gains In Performance
2026-06-13,40,Killin' Me,Parker McCollum,45,15,Gains In Performance
2026-06-13,41,Never Comin' Back,Flatland Cavalry,43,19,Gains In Performance
2026-06-13,42,Make A Liar,Jackson Dean,44,20,Gains In Performance
2026-06-13,43,Dry Spell,Kacey Musgraves,55,3,Gains In Performance
2026-06-13,44,What Took You So Long,Jacob Hackworth,46,6,Gains In Performance
2026-06-13,45,Good Damn,Brantley Gilbert,48,11,Gains In Performance
2026-06-13,46,When A Cowboy Prays,Brandon Lake X Cody Johnson,49,18,Gains In Performance
2026-06-13,47,Land,Tyler Hubbard,32,2,
2026-06-13,48,Wannabe,Gavin Adcock,53,4,Gains In Performance
2026-06-13,49,Highs & Lows,Matt Cooper,47,21,
2026-06-13,50,Keeps Me Sane,Tyler Nance,50,14,
2026-06-13,51,Empty Words,Corey Kent,NEW,1,Highest ranking debut|Gains In Performance
2026-06-13,52,If I Don't Leave I'm Gonna Stay,Carly Pearce & Riley Green,51,11,Gains In Performance
2026-06-13,53,Back In The Bottle,Randy Houser,54,9,Gains In Performance
2026-06-13,54,Psychological,The Band Perry,56,16,Gains In Performance
2026-06-13,55,Love is Blind,Ian Munsick,58,5,Gains In Performance
2026-06-13,56,God Knew Better,Parmalee,60,2,Gains In Performance
2026-06-13,57,Better That Way,Charles Wesley Godwin & Luke Combs,57,3,Gains In Performance
2026-06-13,58,String By,Mack Geiger,RE,3,Gains In Performance
2026-06-13,59,Demons In Your Choir,The Red Clay Strays,NEW,1,
2026-06-13,60,Hurts Like You,Koe Wetzel,NEW,1,Gains In Performance
2026-06-20,1,Be Her,Ella Langley,1,17,Gains In Performance
2026-06-20,2,Hate How You Look,Josh Ross,3,38,Gains In Performance
2026-06-20,3,Don't Tell On Me,Jason Aldean,6,15,Gains In Performance
2026-06-20,4,Change My Mind,Riley Green,2,24,
2026-06-20,5,Don't We,Morgan Wallen,7,15,Gains In Performance
2026-06-20,6,Choosin' Texas,Ella Langley,5,34,
2026-06-20,7,Sleepless In A Hotel Room,Luke Combs,8,22,
2026-06-20,8,"I Knew It, I Knew You",Taylor Swift,NEW,1,Gains In Performance
2026-06-20,9,Beautiful Things,Megan Moroney,9,33,Gains In Performance
2026-06-20,10,I Can't Love You Anymore,Ella Langley & Morgan Wallen,10,7,Gains In Performance
2026-06-20,11,Rocky Mountain Low,Corey Kent & Koe Wetzel,11,27,Gains In Performance
2026-06-20,12,Be By You,Luke Combs,12,11,Gains In Performance
2026-06-20,13,Woman,Kane Brown,13,13,Gains In Performance
2026-06-20,14,Chevy Silverado,Bailey Zimmerman,14,35,Gains In Performance
2026-06-20,15,"Ride, Ride, Ride",George Birge Featuring Luke Bryan,15,19,Gains In Performance
2026-06-20,16,Kid Myself,John Morgan,16,49,Gains In Performance
2026-06-20,17,Carry On,Kenny Chesney,20,5,Gains In Performance
2026-06-20,18,McArthur,"HARDY, Eric Church, Morgan Wallen & Tim McGraw",19,19,Gains In Performance
2026-06-20,19,Country And She Knows It,Luke Bryan,17,11,Gains In Performance
2026-06-20,20,South Of Sanity,Zach Top,18,26,
2026-06-20,21,Wrong Hearts,LoCash,21,52,
2026-06-20,22,Get To Drinkin',Zach John King,23,16,Gains In Performance
2026-06-20,23,All My Exes,Lauren Alaina Featuring Chase Matthew,24,40,Gains In Performance
2026-06-20,24,Boots Off,Jon Pardi,22,21,Gains In Performance
2026-06-20,25,Say So,Dan + Shay,25,10,Gains In Performance
2026-06-20,26,Boston,Stella Lefty,26,8,Gains In Performance
2026-06-20,27,Easy To Love,Dustin Lynch,27,48,Gains In Performance
2026-06-20,28,Think As You Drunk,Riley Green,29,3,Gains In Performance
2026-06-20,29,Water At A Wedding,Greylan James,28,25,Gains In Performance
2026-06-20,30,"Phone, Keys, Wallet",Lainey Wilson & John Mayer,NEW,1,Gains In Performance
2026-06-20,31,Let Him In Anyway,Blake Shelton,31,18,Gains In Performance
2026-06-20,32,Worth Your Wild,Russell Dickerson,32,24,Gains In Performance
2026-06-20,33,Painted You Pretty,Hudson Westbrook,30,16,Gains In Performance
2026-06-20,34,Long Live Country,Shane Profitt,33,37,Gains In Performance
2026-06-20,35,What If We Don't,Ashley McBryde,35,15,Gains In Performance
2026-06-20,36,Holdin' It Down,Chase Matthew,34,20,Gains In Performance
2026-06-20,37,Gary,Stephen Wilson Jr.,36,20,
2026-06-20,38,Fireworks,Kelsey Hart,37,34,
2026-06-20,39,Move On,Kevin Powers & Shaboozey,38,9,Gains In Performance
2026-06-20,40,Medicine,Megan Moroney,39,8,
2026-06-20,41,Killin' Me,Parker McCollum,40,16,
2026-06-20,42,Never Comin' Back,Flatland Cavalry,41,20,
2026-06-20,43,Dry Spell,Kacey Musgraves,43,4,Gains In Performance
2026-06-20,44,Make A Liar,Jackson Dean,42,21,
2026-06-20,45,What Took You So Long,Jacob Hackworth,44,7,Gains In Performance
2026-06-20,46,Land,Tyler Hubbard,47,3,Gains In Performance
2026-06-20,47,Wannabe,Gavin Adcock,48,5,Gains In Performance
2026-06-20,48,Highs & Lows,Matt Cooper,49,22,Gains In Performance
2026-06-20,49,When A Cowboy Prays,Brandon Lake X Cody Johnson,46,19,
2026-06-20,50,Good Damn,Brantley Gilbert,45,12,
2026-06-20,51,Keeps Me Sane,Tyler Nance,50,15,Gains In Performance
2026-06-20,52,If I Don't Leave I'm Gonna Stay,Carly Pearce & Riley Green,52,12,Gains In Performance
2026-06-20,53,Back In The Bottle,Randy Houser,53,10,Gains In Performance
2026-06-20,54,Psychological,The Band Perry,54,17,Gains In Performance
2026-06-20,55,Love is Blind,Ian Munsick,55,6,Gains In Performance
2026-06-20,56,Empty Words,Corey Kent,51,2,
2026-06-20,57,God Knew Better,Parmalee,56,3,Gains In Performance
2026-06-20,58,String By,Mack Geiger,58,4,Gains In Performance
2026-06-20,59,Better That Way,Charles Wesley Godwin & Luke Combs,57,4,Gains In Performance
2026-06-20,60,Hurts Like You,Koe Wetzel,60,2,Gains In Performance
2026-06-27,1,Be Her,Ella Langley,1,18,Gains In Performance
2026-06-27,2,Hate How You Look,Josh Ross,2,39,Gains In Performance
2026-06-27,3,Don't Tell On Me,Jason Aldean,3,16,Gains In Performance
2026-06-27,4,Don't We,Morgan Wallen,5,16,Gains In Performance
2026-06-27,5,I Can't Love You Anymore,Ella Langley & Morgan Wallen,10,8,Gains In Performance
2026-06-27,6,Sleepless In A Hotel Room,Luke Combs,7,23,
2026-06-27,7,Be By You,Luke Combs,12,12,Gains In Performance
2026-06-27,8,Beautiful Things,Megan Moroney,9,34,Gains In Performance
2026-06-27,9,Rocky Mountain Low,Corey Kent & Koe Wetzel,11,28,Gains In Performance
2026-06-27,10,Woman,Kane Brown,13,14,Gains In Performance
2026-06-27,11,Chevy Silverado,Bailey Zimmerman,14,36,Gains In Performance
2026-06-27,12,"I Knew It, I Knew You",Taylor Swift,8,2,Gains In Performance
2026-06-27,13,"Ride, Ride, Ride",George Birge Featuring Luke Bryan,15,20,Gains In Performance
2026-06-27,14,Carry On,Kenny Chesney,17,6,Gains In Performance
2026-06-27,15,Kid Myself,John Morgan,16,50,Gains In Performance
2026-06-27,16,Boston,Stella Lefty,26,9,Gains In Performance
2026-06-27,17,McArthur,"HARDY, Eric Church, Morgan Wallen & Tim McGraw",18,20,Gains In Performance
2026-06-27,18,Country And She Knows It,Luke Bryan,19,12,Gains In Performance
2026-06-27,19,South Of Sanity,Zach Top,20,27,
2026-06-27,20,Get To Drinkin',Zach John King,22,17,Gains In Performance
2026-06-27,21,All My Exes,Lauren Alaina Featuring Chase Matthew,23,41,Gains In Performance
2026-06-27,22,Boots Off,Jon Pardi,24,22,Gains In Performance
2026-06-27,23,Wrong Hearts,LoCash,21,53,
2026-06-27,24,Say So,Dan + Shay,25,11,Gains In Performance
2026-06-27,25,Horseback,Cody Johnson,NEW,1,Highest ranking debut|Gains In Performance
2026-06-27,26,"Phone, Keys, Wallet",Lainey Wilson & John Mayer,30,2,Gains In Performance
2026-06-27,27,Think As You Drunk,Riley Green,28,4,Gains In Performance
2026-06-27,28,Easy To Love,Dustin Lynch,27,49,Gains In Performance
2026-06-27,29,Water At A Wedding,Greylan James,29,26,Gains In Performance
2026-06-27,30,Painted You Pretty,Hudson Westbrook,33,17,Gains In Performance
2026-06-27,31,Let Him In Anyway,Blake Shelton,31,19,
2026-06-27,32,Worth Your Wild,Russell Dickerson,32,25,Gains In Performance
2026-06-27,33,Long Live Country,Shane Profitt,34,38,Gains In Performance
2026-06-27,34,Holdin' It Down,Chase Matthew,36,21,Gains In Performance
2026-06-27,35,What If We Don't,Ashley McBryde,35,16,
2026-06-27,36,Killin' Me,Parker McCollum,41,17,Gains In Performance
2026-06-27,37,Dry Spell,Kacey Musgraves,43,5,Gains In Performance
2026-06-27,38,Gary,Stephen Wilson Jr.,37,21,
2026-06-27,39,Medicine,Megan Moroney,40,9,Gains In Performance
2026-06-27,40,Move On,Kevin Powers & Shaboozey,39,10,Gains In Performance
2026-06-27,41,Make A Liar,Jackson Dean,44,22,Gains In Performance
2026-06-27,42,Never Comin' Back,Flatland Cavalry,42,21,
2026-06-27,43,What Took You So Long,Jacob Hackworth,45,8,Gains In Performance
2026-06-27,44,Land,Tyler Hubbard,46,4,
2026-06-27,45,When A Cowboy Prays,Brandon Lake X Cody Johnson,49,20,Gains In Performance
2026-06-27,46,Wannabe,Gavin Adcock,47,6,
2026-06-27,47,Good Damn,Brantley Gilbert,50,13,Gains In Performance
2026-06-27,48,Highs & Lows,Matt Cooper,48,23,
2026-06-27,49,Back In The Bottle,Randy Houser,53,11,Gains In Performance
2026-06-27,50,Keeps Me Sane,Tyler Nance,51,16,
2026-06-27,51,If I Don't Leave I'm Gonna Stay,Carly Pearce & Riley Green,52,13,
2026-06-27,52,Empty Words,Corey Kent,56,3,Gains In Performance
2026-06-27,53,Psychological,The Band Perry,54,18,
2026-06-27,54,Searchlight,Shinedown,NEW,1,Gains In Performance
2026-06-27,55,Love is Blind,Ian Munsick,55,7,Gains In Performance
2026-06-27,56,Hurts Like You,Koe Wetzel,60,3,Gains In Performance
2026-06-27,57,God Knew Better,Parmalee,57,4,Gains In Performance
2026-06-27,58,Better That Way,Charles Wesley Godwin & Luke Combs,59,5,Gains In Performance
2026-06-27,59,String By,Mack Geiger,58,5,
2026-06-27,60,I Didn't Come Here To Leave,Chris Young,NEW,1,Gains In Performance
2026-07-04,1,Hate How You Look,Josh Ross,2,40,Gains In Performance
2026-07-04,2,Don't Tell On Me,Jason Aldean,3,17,Gains In Performance
2026-07-04,3,Be Her,Ella Langley,1,19,
2026-07-04,4,Don't We,Morgan Wallen,4,17,Gains In Performance
2026-07-04,5,I Can't Love You Anymore,Ella Langley & Morgan Wallen,5,9,Gains In Performance
2026-07-04,6,Be By You,Luke Combs,7,13,Gains In Performance
2026-07-04,7,Beautiful Things,Megan Moroney,8,35,Gains In Performance
2026-07-04,8,Rocky Mountain Low,Corey Kent & Koe Wetzel,9,29,Gains In Performance
2026-07-04,9,Chevy Silverado,Bailey Zimmerman,11,37,Gains In Performance
2026-07-04,10,Woman,Kane Brown,10,15,
2026-07-04,11,"I Knew It, I Knew You",Taylor Swift,12,3,Gains In Performance
2026-07-04,12,Carry On,Kenny Chesney,14,7,Gains In Performance
2026-07-04,13,"Ride, Ride, Ride",George Birge Featuring Luke Bryan,13,21,Gains In Performance
2026-07-04,14,Kid Myself,John Morgan,15,51,Gains In Performance
2026-07-04,15,Boston,Stella Lefty,16,10,Gains In Performance
2026-07-04,16,Country And She Knows It,Luke Bryan,18,13,Gains In Performance
2026-07-04,17,McArthur,"HARDY, Eric Church, Morgan Wallen & Tim McGraw",17,21,Gains In Performance
2026-07-04,18,South Of Sanity,Zach Top,19,28,Gains In Performance
2026-07-04,19,Get To Drinkin',Zach John King,20,18,Gains In Performance
2026-07-04,20,All My Exes,Lauren Alaina Featuring Chase Matthew,21,42,Gains In Performance
2026-07-04,21,Boots Off,Jon Pardi,22,23,
2026-07-04,22,Say So,Dan + Shay,24,12,Gains In Performance
2026-07-04,23,"Phone, Keys, Wallet",Lainey Wilson & John Mayer,26,3,Gains In Performance
2026-07-04,24,Think As You Drunk,Riley Green,27,5,Gains In Performance
2026-07-04,25,Easy To Love,Dustin Lynch,28,50,Gains In Performance
2026-07-04,26,Girl Dad,Cole Swindell,NEW,1,Highest ranking debut|Gains In Performance
2026-07-04,27,Water At A Wedding,Greylan James,29,27,Gains In Performance
2026-07-04,28,Hands Up,Jelly Roll,NEW,1,Gains In Performance
2026-07-04,29,Painted You Pretty,Hudson Westbrook,30,18,Gains In Performance
2026-07-04,30,Let Him In Anyway,Blake Shelton,31,20,Gains In Performance
2026-07-04,31,Worth Your Wild,Russell Dickerson,32,26,Gains In Performance
2026-07-04,32,Long Live Country,Shane Profitt,33,39,Gains In Performance
2026-07-04,33,Holdin' It Down,Chase Matthew,34,22,Gains In Performance
2026-07-04,34,What If We Don't,Ashley McBryde,35,17,Gains In Performance
2026-07-04,35,Gary,Stephen Wilson Jr.,38,22,Gains In Performance
2026-07-04,36,Killin' Me,Parker McCollum,36,18,
2026-07-04,37,Move On,Kevin Powers & Shaboozey,40,11,Gains In Performance
2026-07-04,38,Medicine,Megan Moroney,39,10,
2026-07-04,39,Dry Spell,Kacey Musgraves,37,6,
2026-07-04,40,Dear Big City,Dylan Scott,NEW,1,Gains In Performance
2026-07-04,41,Horseback,Cody Johnson,25,2,
2026-07-04,42,Make A Liar,Jackson Dean,41,23,
2026-07-04,43,What Took You So Long,Jacob Hackworth,43,9,Gains In Performance
2026-07-04,44,When A Cowboy Prays,Brandon Lake X Cody Johnson,45,21,Gains In Performance
2026-07-04,45,Good Damn,Brantley Gilbert,47,14,Gains In Performance
2026-07-04,46,Land,Tyler Hubbard,44,5,
2026-07-04,47,Wannabe,Gavin Adcock,46,7,Gains In Performance
2026-07-04,48,Keeps Me Sane,Tyler Nance,50,17,Gains In Performance
2026-07-04,49,Empty Words,Corey Kent,52,4,Gains In Performance
2026-07-04,50,Psychological,The Band Perry,53,19,Gains In Performance
2026-07-04,51,Back In The Bottle,Randy Houser,49,12,
2026-07-04,52,Better That Way,Charles Wesley Godwin & Luke Combs,58,6,Gains In Performance
2026-07-04,53,God Knew Better,Parmalee,57,5,Gains In Performance
2026-07-04,54,If I Don't Leave I'm Gonna Stay,Carly Pearce & Riley Green,51,14,
2026-07-04,55,Love is Blind,Ian Munsick,55,8,Gains In Performance
2026-07-04,56,I Didn't Come Here To Leave,Chris Young,60,2,Gains In Performance
2026-07-04,57,Searchlight,Shinedown,54,2,
2026-07-04,58,Hurts Like You,Koe Wetzel,56,4,
2026-07-04,59,String By,Mack Geiger,59,6,
2026-07-04,60,Done For,Max McNown,NEW,1,Gains In Performance
2026-07-11,1,Don't Tell On Me,Jason Aldean,2,18,Gains In Performance
2026-07-11,2,Don't We,Morgan Wallen,4,18,Gains In Performance
2026-07-11,3,Hate How You Look,Josh Ross,1,41,
2026-07-11,4,Beautiful Things,Megan Moroney,7,36,Greatest gainer this week|Gains In Performance
2026-07-11,5,I Can't Love You Anymore,Ella Langley & Morgan Wallen,5,10,Gains In Performance
2026-07-11,6,Be Her,Ella Langley,3,20,
2026-07-11,7,Be By You,Luke Combs,6,14,Gains In Performance
2026-07-11,8,Rocky Mountain Low,Corey Kent & Koe Wetzel,8,30,Gains In Performance
2026-07-11,9,Chevy Silverado,Bailey Zimmerman,9,38,Gains In Performance
2026-07-11,10,"I Knew It, I Knew You",Taylor Swift,11,4,Gains In Performance
2026-07-11,11,Woman,Kane Brown,10,16,Gains In Performance
2026-07-11,12,Carry On,Kenny Chesney,12,8,Gains In Performance
2026-07-11,13,Kid Myself,John Morgan,14,52,Gains In Performance
2026-07-11,14,"Ride, Ride, Ride",George Birge Featuring Luke Bryan,13,22,Gains In Performance
2026-07-11,15,Boston,Stella Lefty,15,11,Gains In Performance
2026-07-11,16,Country And She Knows It,Luke Bryan,16,14,Gains In Performance
2026-07-11,17,South Of Sanity,Zach Top,18,29,Gains In Performance
2026-07-11,18,McArthur,"HARDY, Eric Church, Morgan Wallen & Tim McGraw",17,22,Gains In Performance
2026-07-11,19,Get To Drinkin',Zach John King,19,19,Gains In Performance
2026-07-11,20,All My Exes,Lauren Alaina Featuring Chase Matthew,20,43,Gains In Performance
2026-07-11,21,Say So,Dan + Shay,22,13,Gains In Performance
2026-07-11,22,Boots Off,Jon Pardi,21,24,Gains In Performance
2026-07-11,23,Think As You Drunk,Riley Green,24,6,Gains In Performance
2026-07-11,24,Easy To Love,Dustin Lynch,25,51,Gains In Performance
2026-07-11,25,"Phone, Keys, Wallet",Lainey Wilson & John Mayer,23,4,Gains In Performance
2026-07-11,26,Water At A Wedding,Greylan James,27,28,Gains In Performance
2026-07-11,27,Worth Your Wild,Russell Dickerson,31,27,Gains In Performance
2026-07-11,28,Painted You Pretty,Hudson Westbrook,29,19,Gains In Performance
2026-07-11,29,Let Him In Anyway,Blake Shelton,30,21,Gains In Performance
2026-07-11,30,Long Live Country,Shane Profitt,32,40,Gains In Performance
2026-07-11,31,Holdin' It Down,Chase Matthew,33,23,Gains In Performance
2026-07-11,32,Hands Up,Jelly Roll,28,2,
2026-07-11,33,What If We Don't,Ashley McBryde,34,18,Gains In Performance
2026-07-11,34,Move On,Kevin Powers & Shaboozey,37,12,Gains In Performance
2026-07-11,35,Dry Spell,Kacey Musgraves,39,7,Gains In Performance
2026-07-11,36,Horseback,Cody Johnson,41,3,Gains In Performance
2026-07-11,37,Killin' Me,Parker McCollum,36,19,
2026-07-11,38,Gary,Stephen Wilson Jr.,35,23,
2026-07-11,39,Medicine,Megan Moroney,38,11,
2026-07-11,40,Make A Liar,Jackson Dean,42,24,Gains In Performance
2026-07-11,41,What Took You So Long,Jacob Hackworth,43,10,Gains In Performance
2026-07-11,42,Land,Tyler Hubbard,46,6,Gains In Performance
2026-07-11,43,When A Cowboy Prays,Brandon Lake X Cody Johnson,44,22,Gains In Performance
2026-07-11,44,Wannabe,Gavin Adcock,47,8,Gains In Performance
2026-07-11,45,Good Damn,Brantley Gilbert,45,15,
2026-07-11,46,Empty Words,Corey Kent,49,5,Gains In Performance
2026-07-11,47,Girl Dad,Cole Swindell,26,2,
2026-07-11,48,Back In The Bottle,Randy Houser,51,13,Gains In Performance
2026-07-11,49,Psychological,The Band Perry,50,20,Gains In Performance
2026-07-11,50,Keeps Me Sane,Tyler Nance,48,18,
2026-07-11,51,Love is Blind,Ian Munsick,55,9,Gains In Performance
2026-07-11,52,God Knew Better,Parmalee,53,6,Gains In Performance
2026-07-11,53,Better That Way,Charles Wesley Godwin & Luke Combs,52,7,
2026-07-11,54,If I Don't Leave I'm Gonna Stay,Carly Pearce & Riley Green,54,15,Gains In Performance
2026-07-11,55,I Didn't Come Here To Leave,Chris Young,56,3,Gains In Performance
2026-07-11,56,Hurts Like You,Koe Wetzel,58,5,Gains In Performance
2026-07-11,57,Baby Blues,Ashley Cooke,NEW,1,Highest ranking debut|Gains In Performance
2026-07-11,58,String By,Mack Geiger,59,7,Gains In Performance
2026-07-11,59,Searchlight,Shinedown,57,3,
2026-07-11,60,Done For,Max McNown,60,2,Gains In Performance
2026-07-18,1,Don't Tell On Me,Jason Aldean,1,19,Gains In Performance
2026-07-18,2,Don't We,Morgan Wallen,2,19,Gains In Performance
2026-07-18,3,I Can't Love You Anymore,Ella Langley & Morgan Wallen,5,11,Gains In Performance
2026-07-18,4,Rocky Mountain Low,Corey Kent & Koe Wetzel,8,31,Greatest gainer this week|Gains In Performance
2026-07-18,5,Be By You,Luke Combs,7,15,Gains In Performance
2026-07-18,6,Hate How You Look,Josh Ross,3,42,
2026-07-18,7,Beautiful Things,Megan Moroney,4,37,
2026-07-18,8,Chevy Silverado,Bailey Zimmerman,9,39,Gains In Performance
2026-07-18,9,Woman,Kane Brown,11,17,Gains In Performance
2026-07-18,10,"I Knew It, I Knew You",Taylor Swift,10,5,Gains In Performance
2026-07-18,11,Carry On,Kenny Chesney,12,9,Gains In Performance
2026-07-18,12,Boston,Stella Lefty,15,12,Gains In Performance
2026-07-18,13,"Ride, Ride, Ride",George Birge Featuring Luke Bryan,14,23,Gains In Performance
2026-07-18,14,Kid Myself,John Morgan,13,53,Gains In Performance
2026-07-18,15,Country And She Knows It,Luke Bryan,16,15,Gains In Performance
2026-07-18,16,All My Exes,Lauren Alaina Featuring Chase Matthew,20,44,Gains In Performance
2026-07-18,17,McArthur,"HARDY, Eric Church, Morgan Wallen & Tim McGraw",18,23,
2026-07-18,18,Get To Drinkin',Zach John King,19,20,Gains In Performance
2026-07-18,19,South Of Sanity,Zach Top,17,30,
2026-07-18,20,Say So,Dan + Shay,21,14,Gains In Performance
2026-07-18,21,"Phone, Keys, Wallet",Lainey Wilson & John Mayer,25,5,Gains In Performance
2026-07-18,22,Easy To Love,Dustin Lynch,24,52,Gains In Performance
2026-07-18,23,Boots Off,Jon Pardi,22,25,
2026-07-18,24,Think As You Drunk,Riley Green,23,7,
2026-07-18,25,Hands Up,Jelly Roll,32,3,Gains In Performance
2026-07-18,26,Water At A Wedding,Greylan James,26,29,Gains In Performance
2026-07-18,27,Worth Your Wild,Russell Dickerson,27,28,Gains In Performance
2026-07-18,28,Painted You Pretty,Hudson Westbrook,28,20,Gains In Performance
2026-07-18,29,Let Him In Anyway,Blake Shelton,29,22,Gains In Performance
2026-07-18,30,Long Live Country,Shane Profitt,30,41,
2026-07-18,31,Holdin' It Down,Chase Matthew,31,24,
2026-07-18,32,What If We Don't,Ashley McBryde,33,19,
2026-07-18,33,Move On,Kevin Powers & Shaboozey,34,13,
2026-07-18,34,Killin' Me,Parker McCollum,37,20,Gains In Performance
2026-07-18,35,Dry Spell,Kacey Musgraves,35,8,Gains In Performance
2026-07-18,36,Medicine,Megan Moroney,39,12,Gains In Performance
2026-07-18,37,Gary,Stephen Wilson Jr.,38,24,
2026-07-18,38,Make A Liar,Jackson Dean,40,25,
2026-07-18,39,Horseback,Cody Johnson,36,4,
2026-07-18,40,What Took You So Long,Jacob Hackworth,41,11,Gains In Performance
2026-07-18,41,Land,Tyler Hubbard,42,7,
2026-07-18,42,Good Damn,Brantley Gilbert,45,16,Gains In Performance
2026-07-18,43,When A Cowboy Prays,Brandon Lake X Cody Johnson,43,23,
2026-07-18,44,Wannabe,Gavin Adcock,44,9,
2026-07-18,45,Empty Words,Corey Kent,46,6,Gains In Performance
2026-07-18,46,Girl Dad,Cole Swindell,47,3,Gains In Performance
2026-07-18,47,Back In The Bottle,Randy Houser,48,14,Gains In Performance
2026-07-18,48,Love is Blind,Ian Munsick,51,10,Gains In Performance
2026-07-18,49,Psychological,The Band Perry,49,21,
2026-07-18,50,Keeps Me Sane,Tyler Nance,50,19,
2026-07-18,51,Better That Way,Charles Wesley Godwin & Luke Combs,53,8,Gains In Performance
2026-07-18,52,I Didn't Come Here To Leave,Chris Young,55,4,Gains In Performance
2026-07-18,53,Loving Life Again,Ella Langley,NEW,1,Highest ranking debut|Gains In Performance
2026-07-18,54,God Knew Better,Parmalee,52,7,
2026-07-18,55,Hurts Like You,Koe Wetzel,56,6,Gains In Performance
2026-07-18,56,If I Don't Leave I'm Gonna Stay,Carly Pearce & Riley Green,54,16,
2026-07-18,57,Baby Blues,Ashley Cooke,57,2,
2026-07-18,58,Dear Big City,Dylan Scott,RE,2,Gains In Performance
2026-07-18,59,"You're It For Me, Honey",Caroline Jones,NEW,1,Gains In Performance
2026-07-18,60,Done For,Max McNown,60,3,
2026-07-25,1,Don't Tell On Me,Jason Aldean,1,20,Gains In Performance
2026-07-25,2,Don't We,Morgan Wallen,2,20,Gains In Performance
2026-07-25,3,I Can't Love You Anymore,Ella Langley & Morgan Wallen,3,12,Gains In Performance
2026-07-25,4,Be By You,Luke Combs,5,16,Gains In Performance
2026-07-25,5,Hate How You Look,Josh Ross,6,43,Gains In Performance
2026-07-25,6,Chevy Silverado,Bailey Zimmerman,8,40,Greatest gainer this week|Gains In Performance
2026-07-25,7,"I Knew It, I Knew You",Taylor Swift,10,6,Gains In Performance
2026-07-25,8,Woman,Kane Brown,9,18,Gains In Performance
2026-07-25,9,Carry On,Kenny Chesney,11,10,Gains In Performance
2026-07-25,10,Rocky Mountain Low,Corey Kent & Koe Wetzel,4,32,
2026-07-25,11,Boston,Stella Lefty,12,13,Gains In Performance
2026-07-25,12,Kid Myself,John Morgan,14,54,Gains In Performance
2026-07-25,13,"Ride, Ride, Ride",George Birge Featuring Luke Bryan,13,24,Gains In Performance
2026-07-25,14,Country And She Knows It,Luke Bryan,15,16,Gains In Performance
2026-07-25,15,South Of Sanity,Zach Top,19,31,Gains In Performance
2026-07-25,16,All My Exes,Lauren Alaina Featuring Chase Matthew,16,45,Gains In Performance
2026-07-25,17,Get To Drinkin',Zach John King,18,21,Gains In Performance
2026-07-25,18,Think As You Drunk,Riley Green,24,8,Gains In Performance
2026-07-25,19,Say So,Dan + Shay,20,15,Gains In Performance
2026-07-25,20,McArthur,"HARDY, Eric Church, Morgan Wallen & Tim McGraw",17,24,Gains In Performance
2026-07-25,21,"Phone, Keys, Wallet",Lainey Wilson & John Mayer,21,6,Gains In Performance
2026-07-25,22,Boots Off,Jon Pardi,23,26,Gains In Performance
2026-07-25,23,Easy To Love,Dustin Lynch,22,53,Gains In Performance
2026-07-25,24,Hands Up,Jelly Roll,25,4,Gains In Performance
2026-07-25,25,Water At A Wedding,Greylan James,26,30,Gains In Performance
2026-07-25,26,Worth Your Wild,Russell Dickerson,27,29,Gains In Performance
2026-07-25,27,Painted You Pretty,Hudson Westbrook,28,21,Gains In Performance
2026-07-25,28,Let Him In Anyway,Blake Shelton,29,23,Gains In Performance
2026-07-25,29,Holdin' It Down,Chase Matthew,31,25,Gains In Performance
2026-07-25,30,Long Live Country,Shane Profitt,30,42,Gains In Performance
2026-07-25,31,Move On,Kevin Powers & Shaboozey,33,14,Gains In Performance
2026-07-25,32,Loving Life Again,Ella Langley,53,2,Gains In Performance
2026-07-25,33,Killin' Me,Parker McCollum,34,21,Gains In Performance
2026-07-25,34,Medicine,Megan Moroney,36,13,Gains In Performance
2026-07-25,35,Dry Spell,Kacey Musgraves,35,9,Gains In Performance
2026-07-25,36,What If We Don't,Ashley McBryde,32,20,
2026-07-25,37,Who Told You That,Tucker Wetmore,NEW,1,Highest ranking debut|Gains In Performance
2026-07-25,38,Horseback,Cody Johnson,39,5,Gains In Performance
2026-07-25,39,Gary,Stephen Wilson Jr.,37,25,Gains In Performance
2026-07-25,40,Make A Liar,Jackson Dean,38,26,Gains In Performance
2026-07-25,41,What Took You So Long,Jacob Hackworth,40,12,Gains In Performance
2026-07-25,42,Empty Words,Corey Kent,45,7,Gains In Performance
2026-07-25,43,Land,Tyler Hubbard,41,8,
2026-07-25,44,Rethink Some Things,Luke Combs,NEW,1,Gains In Performance
2026-07-25,45,When A Cowboy Prays,Brandon Lake X Cody Johnson,43,24,Gains In Performance
2026-07-25,46,Good Damn,Brantley Gilbert,42,17,Gains In Performance
2026-07-25,47,Wannabe,Gavin Adcock,44,10,Gains In Performance
2026-07-25,48,Hurts Like You,Koe Wetzel,55,7,Gains In Performance
2026-07-25,49,Love is Blind,Ian Munsick,48,11,Gains In Performance
2026-07-25,50,Keeps Me Sane,Tyler Nance,50,20,Gains In Performance
2026-07-25,51,Girl Dad,Cole Swindell,46,4,
2026-07-25,52,Back In The Bottle,Randy Houser,47,15,
2026-07-25,53,I Didn't Come Here To Leave,Chris Young,52,5,Gains In Performance
2026-07-25,54,Psychological,The Band Perry,49,22,Gains In Performance
2026-07-25,55,Better That Way,Charles Wesley Godwin & Luke Combs,51,9,Gains In Performance
2026-07-25,56,If I Don't Leave I'm Gonna Stay,Carly Pearce & Riley Green,56,17,Gains In Performance
2026-07-25,57,God Knew Better,Parmalee,54,8,Gains In Performance
2026-07-25,58,Baby Blues,Ashley Cooke,57,3,Gains In Performance
2026-07-25,59,Dear Big City,Dylan Scott,58,3,Gains In Performance
2026-07-25,60,Done For,Max McNown,60,4,Gains In Performance
2026-08-01,1,Don't We,Morgan Wallen,2,21,Gains In Performance
2026-08-01,2,I Can't Love You Anymore,Ella Langley & Morgan Wallen,3,13,Gains In Performance
2026-08-01,3,Don't Tell On Me,Jason Aldean,1,21,
2026-08-01,4,Be By You,Luke Combs,4,17,Gains In Performance
2026-08-01,5,Chevy Silverado,Bailey Zimmerman,6,41,Gains In Performance
2026-08-01,6,Hate How You Look,Josh Ross,5,44,
2026-08-01,7,Woman,Kane Brown,8,19,Gains In Performance
2026-08-01,8,"I Knew It, I Knew You",Taylor Swift,7,7,Gains In Performance
2026-08-01,9,Boston,Stella Lefty,11,14,Gains In Performance
2026-08-01,10,Carry On,Kenny Chesney,9,11,Gains In Performance
2026-08-01,11,Kid Myself,John Morgan,12,55,Gains In Performance
2026-08-01,12,"Ride, Ride, Ride",George Birge Featuring Luke Bryan,13,25,Gains In Performance
2026-08-01,13,Country And She Knows It,Luke Bryan,14,17,Gains In Performance
2026-08-01,14,All My Exes,Lauren Alaina Featuring Chase Matthew,16,46,Gains In Performance
2026-08-01,15,South Of Sanity,Zach Top,15,32,Gains In Performance
2026-08-01,16,Think As You Drunk,Riley Green,18,9,Gains In Performance
2026-08-01,17,Get To Drinkin',Zach John King,17,22,Gains In Performance
2026-08-01,18,Say So,Dan + Shay,19,16,Gains In Performance
2026-08-01,19,McArthur,"HARDY, Eric Church, Morgan Wallen & Tim McGraw",20,25,Gains In Performance
2026-08-01,20,"Phone, Keys, Wallet",Lainey Wilson & John Mayer,21,7,Gains In Performance
2026-08-01,21,Boots Off,Jon Pardi,22,27,Gains In Performance
2026-08-01,22,Easy To Love,Dustin Lynch,23,54,Gains In Performance
2026-08-01,23,Hands Up,Jelly Roll,24,5,Gains In Performance
2026-08-01,24,Loving Life Again,Ella Langley,32,3,Greatest gainer this week|Gains In Performance
2026-08-01,25,Painted You Pretty,Hudson Westbrook,27,22,Gains In Performance
2026-08-01,26,Water At A Wedding,Greylan James,25,31,Gains In Performance
2026-08-01,27,Worth Your Wild,Russell Dickerson,26,30,
2026-08-01,28,Let Him In Anyway,Blake Shelton,28,24,Gains In Performance
2026-08-01,29,Holdin' It Down,Chase Matthew,29,26,Gains In Performance
2026-08-01,30,Long Live Country,Shane Profitt,30,43,
2026-08-01,31,Medicine,Megan Moroney,34,14,Gains In Performance
2026-08-01,32,Move On,Kevin Powers & Shaboozey,31,15,Gains In Performance
2026-08-01,33,Killin' Me,Parker McCollum,33,22,Gains In Performance
2026-08-01,34,Dry Spell,Kacey Musgraves,35,10,Gains In Performance
2026-08-01,35,Rethink Some Things,Luke Combs,44,2,Gains In Performance
2026-08-01,36,What If We Don't,Ashley McBryde,36,21,Gains In Performance
2026-08-01,37,Horseback,Cody Johnson,38,6,Gains In Performance
2026-08-01,38,What Took You So Long,Jacob Hackworth,41,13,Gains In Performance
2026-08-01,39,Empty Words,Corey Kent,42,8,Gains In Performance
2026-08-01,40,Gary,Stephen Wilson Jr.,39,26,
2026-08-01,41,When A Cowboy Prays,Brandon Lake X Cody Johnson,45,25,Gains In Performance
2026-08-01,42,Land,Tyler Hubbard,43,9,Gains In Performance
2026-08-01,43,Good Damn,Brantley Gilbert,46,18,Gains In Performance
2026-08-01,44,Who Told You That,Tucker Wetmore,37,2,
2026-08-01,45,Wannabe,Gavin Adcock,47,11,Gains In Performance
2026-08-01,46,Hurts Like You,Koe Wetzel,48,8,
2026-08-01,47,Love is Blind,Ian Munsick,49,12,
2026-08-01,48,Girl Dad,Cole Swindell,51,5,Gains In Performance
2026-08-01,49,I Didn't Come Here To Leave,Chris Young,53,6,Gains In Performance
2026-08-01,50,Back In The Bottle,Randy Houser,52,16,Gains In Performance
2026-08-01,51,Keeps Me Sane,Tyler Nance,50,21,
2026-08-01,52,If I Don't Leave I'm Gonna Stay,Carly Pearce & Riley Green,56,18,Gains In Performance
2026-08-01,53,Psychological,The Band Perry,54,23,Gains In Performance
2026-08-01,54,Better That Way,Charles Wesley Godwin & Luke Combs,55,10,
2026-08-01,55,God Knew Better,Parmalee,57,9,Gains In Performance
2026-08-01,56,Baby Blues,Ashley Cooke,58,4,Gains In Performance
2026-08-01,57,Damned If I Do,Vincent Mason,NEW,1,Highest ranking debut|Gains In Performance
2026-08-01,58,"You're It For Me, Honey",Caroline Jones,RE,2,Gains In Performance
2026-08-01,59,Dear Big City,Dylan Scott,59,4,Gains In Performance
2026-08-01,60,Nothin' Better To Do,Carter Faith & Wyatt Flores,NEW,1,Gains In Performance
2026-08-08,1,Don't We,Morgan Wallen,1,22,Gains In Performance
2026-08-08,2,I Can't Love You Anymore,Ella Langley & Morgan Wallen,2,14,Gains In Performance
2026-08-08,3,Be By You,Luke Combs,4,18,Gains In Performance
2026-08-08,4,Don't Tell On Me,Jason Aldean,3,22,
2026-08-08,5,Chevy Silverado,Bailey Zimmerman,5,42,Gains In Performance
2026-08-08,6,Hate How You Look,Josh Ross,6,45,
2026-08-08,7,Boston,Stella Lefty,9,15,Gains In Performance
2026-08-08,8,Woman,Kane Brown,7,20,Gains In Performance
2026-08-08,9,"I Knew It, I Knew You",Taylor Swift,8,8,Gains In Performance
2026-08-08,10,Carry On,Kenny Chesney,10,12,Gains In Performance
2026-08-08,11,Kid Myself,John Morgan,11,56,Gains In Performance
2026-08-08,12,"Ride, Ride, Ride",George Birge Featuring Luke Bryan,12,26,Gains In Performance
2026-08-08,13,Been By Now,Morgan Wallen,NEW,1,Gains In Performance
2026-08-08,14,Country And She Knows It,Luke Bryan,13,18,Gains In Performance
2026-08-08,15,All My Exes,Lauren Alaina Featuring Chase Matthew,14,47,Gains In Performance
2026-08-08,16,South Of Sanity,Zach Top,15,33,Gains In Performance
2026-08-08,17,Get To Drinkin',Zach John King,17,23,Gains In Performance
2026-08-08,18,Say So,Dan + Shay,18,17,Gains In Performance
2026-08-08,19,Think As You Drunk,Riley Green,16,10,Gains In Performance
2026-08-08,20,"Phone, Keys, Wallet",Lainey Wilson & John Mayer,20,8,Gains In Performance
2026-08-08,21,McArthur,"HARDY, Eric Church, Morgan Wallen & Tim McGraw",19,26,
2026-08-08,22,Boots Off,Jon Pardi,21,28,Gains In Performance
2026-08-08,23,Hands Up,Jelly Roll,23,6,Gains In Performance
2026-08-08,24,Easy To Love,Dustin Lynch,22,55,
2026-08-08,25,Loving Life Again,Ella Langley,24,4,Gains In Performance
2026-08-08,26,Painted You Pretty,Hudson Westbrook,25,23,Gains In Performance
2026-08-08,27,Water At A Wedding,Greylan James,26,32,
2026-08-08,28,Worth Your Wild,Russell Dickerson,27,31,Gains In Performance
2026-08-08,29,Let Him In Anyway,Blake Shelton,28,25,Gains In Performance
2026-08-08,30,Medicine,Megan Moroney,31,15,Gains In Performance
2026-08-08,31,Long Live Country,Shane Profitt,30,44,Gains In Performance
2026-08-08,32,Holdin' It Down,Chase Matthew,29,27,Gains In Performance
2026-08-08,33,Rethink Some Things,Luke Combs,35,3,Gains In Performance
2026-08-08,34,Killin' Me,Parker McCollum,33,23,
2026-08-08,35,Move On,Kevin Powers & Shaboozey,32,16,Gains In Performance
2026-08-08,36,Dry Spell,Kacey Musgraves,34,11,
2026-08-08,37,Horseback,Cody Johnson,37,7,Gains In Performance
2026-08-08,38,What If We Don't,Ashley McBryde,36,22,
2026-08-08,39,Never Comin' Back,Flatland Cavalry,RE,22,Gains In Performance
2026-08-08,40,What Took You So Long,Jacob Hackworth,38,14,Gains In Performance
2026-08-08,41,Empty Words,Corey Kent,39,9,Gains In Performance
2026-08-08,42,Who Told You That,Tucker Wetmore,44,3,Gains In Performance
2026-08-08,43,Good Damn,Brantley Gilbert,43,19,Gains In Performance
2026-08-08,44,When A Cowboy Prays,Brandon Lake X Cody Johnson,41,26,
2026-08-08,45,Land,Tyler Hubbard,42,10,
2026-08-08,46,Wannabe,Gavin Adcock,45,12,Gains In Performance
2026-08-08,47,I Didn't Come Here To Leave,Chris Young,49,7,Gains In Performance
2026-08-08,48,Hurts Like You,Koe Wetzel,46,9,Gains In Performance
2026-08-08,49,Love is Blind,Ian Munsick,47,13,Gains In Performance
2026-08-08,50,Back In The Bottle,Randy Houser,50,17,Gains In Performance
2026-08-08,51,If I Don't Leave I'm Gonna Stay,Carly Pearce & Riley Green,52,19,Gains In Performance
2026-08-08,52,Keeps Me Sane,Tyler Nance,51,22,Gains In Performance
2026-08-08,53,Girl Dad,Cole Swindell,48,6,
2026-08-08,54,Psychological,The Band Perry,53,24,
2026-08-08,55,Better That Way,Charles Wesley Godwin & Luke Combs,54,11,Gains In Performance
2026-08-08,56,"You're It For Me, Honey",Caroline Jones,58,3,Gains In Performance
2026-08-08,57,Nothin' Better To Do,Carter Faith & Wyatt Flores,60,2,Gains In Performance
2026-08-08,58,Dear Big City,Dylan Scott,59,5,Gains In Performance
2026-08-08,59,Baby Blues,Ashley Cooke,56,5,
2026-08-08,60,God Knew Better,Parmalee,55,10,
2026-08-15,1,I Can't Love You Anymore,Ella Langley & Morgan Wallen,2,15,Gains In Performance
2026-08-15,2,Be By You,Luke Combs,3,19,Greatest gainer this week|Gains In Performance
2026-08-15,3,Don't We,Morgan Wallen,1,23,
2026-08-15,4,Don't Tell On Me,Jason Aldean,4,23,
2026-08-15,5,Chevy Silverado,Bailey Zimmerman,5,43,Gains In Performance
2026-08-15,6,Boston,Stella Lefty,7,16,Gains In Performance
2026-08-15,7,Hate How You Look,Josh Ross,6,46,
2026-08-15,8,Woman,Kane Brown,8,21,Gains In Performance
2026-08-15,9,"I Knew It, I Knew You",Taylor Swift,9,9,Gains In Performance
2026-08-15,10,Carry On,Kenny Chesney,10,13,Gains In Performance
2026-08-15,11,Kid Myself,John Morgan,11,57,Gains In Performance
2026-08-15,12,"Ride, Ride, Ride",George Birge Featuring Luke Bryan,12,27,Gains In Performance
2026-08-15,13,Country And She Knows It,Luke Bryan,14,19,Gains In Performance
2026-08-15,14,All My Exes,Lauren Alaina Featuring Chase Matthew,15,48,Gains In Performance
2026-08-15,15,South Of Sanity,Zach Top,16,34,Gains In Performance
2026-08-15,16,Get To Drinkin',Zach John King,17,24,Gains In Performance
2026-08-15,17,Say So,Dan + Shay,18,18,Gains In Performance
2026-08-15,18,"Phone, Keys, Wallet",Lainey Wilson & John Mayer,20,9,Gains In Performance
2026-08-15,19,Think As You Drunk,Riley Green,19,11,Gains In Performance
2026-08-15,20,Been By Now,Morgan Wallen,13,2,
2026-08-15,21,Hands Up,Jelly Roll,23,7,Gains In Performance
2026-08-15,22,McArthur,"HARDY, Eric Church, Morgan Wallen & Tim McGraw",21,27,Gains In Performance
2026-08-15,23,Loving Life Again,Ella Langley,25,5,Gains In Performance
2026-08-15,24,Boots Off,Jon Pardi,22,29,
2026-08-15,25,Easy To Love,Dustin Lynch,24,56,Gains In Performance
2026-08-15,26,Painted You Pretty,Hudson Westbrook,26,24,Gains In Performance
2026-08-15,27,Water At A Wedding,Greylan James,27,33,Gains In Performance
2026-08-15,28,Worth Your Wild,Russell Dickerson,28,32,Gains In Performance
2026-08-15,29,Let Him In Anyway,Blake Shelton,29,26,Gains In Performance
2026-08-15,30,Rethink Some Things,Luke Combs,33,4,Gains In Performance
2026-08-15,31,Medicine,Megan Moroney,30,16,Gains In Performance
2026-08-15,32,Long Live Country,Shane Profitt,31,45,Gains In Performance
2026-08-15,33,Holdin' It Down,Chase Matthew,32,28,Gains In Performance
2026-08-15,34,Killin' Me,Parker McCollum,34,24,Gains In Performance
2026-08-15,35,Move On,Kevin Powers & Shaboozey,35,17,Gains In Performance
2026-08-15,36,Dry Spell,Kacey Musgraves,36,12,Gains In Performance
2026-08-15,37,Horseback,Cody Johnson,37,8,Gains In Performance
2026-08-15,38,What If We Don't,Ashley McBryde,38,23,Gains In Performance
2026-08-15,39,Never Comin' Back,Flatland Cavalry,39,23,Gains In Performance
2026-08-15,40,Empty Words,Corey Kent,41,10,Gains In Performance
2026-08-15,41,What Took You So Long,Jacob Hackworth,40,15,Gains In Performance
2026-08-15,42,When A Cowboy Prays,Brandon Lake X Cody Johnson,44,27,Gains In Performance
2026-08-15,43,Land,Tyler Hubbard,45,11,Gains In Performance
2026-08-15,44,Wannabe,Gavin Adcock,46,13,Gains In Performance
2026-08-15,45,Who Told You That,Tucker Wetmore,42,4,
2026-08-15,46,Good Damn,Brantley Gilbert,43,20,
2026-08-15,47,I Didn't Come Here To Leave,Chris Young,47,8,Gains In Performance
2026-08-15,48,Love is Blind,Ian Munsick,49,14,Gains In Performance
2026-08-15,49,Hurts Like You,Koe Wetzel,48,10,Gains In Performance
2026-08-15,50,Girl Dad,Cole Swindell,53,7,Gains In Performance
2026-08-15,51,If I Don't Leave I'm Gonna Stay,Carly Pearce & Riley Green,51,20,Gains In Performance
2026-08-15,52,Back In The Bottle,Randy Houser,50,18,Gains In Performance
2026-08-15,53,Keeps Me Sane,Tyler Nance,52,23,
2026-08-15,54,"You're It For Me, Honey",Caroline Jones,56,4,Gains In Performance
2026-08-15,55,Better That Way,Charles Wesley Godwin & Luke Combs,55,12,Gains In Performance
2026-08-15,56,Nothin' Better To Do,Carter Faith & Wyatt Flores,57,3,Gains In Performance
2026-08-15,57,Baby Blues,Ashley Cooke,59,6,Gains In Performance
2026-08-15,58,Dear Big City,Dylan Scott,58,6,Gains In Performance
2026-08-15,59,God Knew Better,Parmalee,60,11,Gains In Performance
2026-08-15,60,Done For,Max McNown,RE,5,Gains In Performance
2026-08-22,1,I Can't Love You Anymore,Ella Langley & Morgan Wallen,1,16,Gains In Performance
2026-08-22,2,Be By You,Luke Combs,2,20,Gains In Performance
2026-08-22,3,Chevy Silverado,Bailey Zimmerman,5,44,Gains In Performance
2026-08-22,4,Don't Tell On Me,Jason Aldean,4,24,
2026-08-22,5,Boston,Stella Lefty,6,17,Gains In Performance
2026-08-22,6,Don't We,Morgan Wallen,3,24,
2026-08-22,7,Woman,Kane Brown,8,22,Gains In Performance
2026-08-22,8,Hate How You Look,Josh Ross,7,47,
2026-08-22,9,"I Knew It, I Knew You",Taylor Swift,9,10,Gains In Performance
2026-08-22,10,Carry On,Kenny Chesney,10,14,Gains In Performance
2026-08-22,11,Kid Myself,John Morgan,11,58,Gains In Performance
2026-08-22,12,"Ride, Ride, Ride",George Birge Featuring Luke Bryan,12,28,
2026-08-22,13,Country And She Knows It,Luke Bryan,13,20,Gains In Performance
2026-08-22,14,All My Exes,Lauren Alaina Featuring Chase Matthew,14,49,Gains In Performance
2026-08-22,15,Been By Now,Morgan Wallen,20,3,Gains In Performance
2026-08-22,16,South Of Sanity,Zach Top,15,35,Gains In Performance
2026-08-22,17,Get To Drinkin',Zach John King,16,25,Gains In Performance
2026-08-22,18,Say So,Dan + Shay,17,19,Gains In Performance
2026-08-22,19,Think As You Drunk,Riley Green,19,12,Gains In Performance
2026-08-22,20,"Phone, Keys, Wallet",Lainey Wilson & John Mayer,18,10,Gains In Performance
2026-08-22,21,Loving Life Again,Ella Langley,23,6,Gains In Performance
2026-08-22,22,McArthur,"HARDY, Eric Church, Morgan Wallen & Tim McGraw",22,28,Gains In Performance
2026-08-22,23,Hands Up,Jelly Roll,21,8,Gains In Performance
2026-08-22,24,Boots Off,Jon Pardi,24,30,Gains In Performance
2026-08-22,25,Jaded,Koe Wetzel & Ella Langley,NEW,1,Highest ranking debut|Gains In Performance
2026-08-22,26,Easy To Love,Dustin Lynch,25,57,Gains In Performance
2026-08-22,27,Painted You Pretty,Hudson Westbrook,26,25,Gains In Performance
2026-08-22,28,Water At A Wedding,Greylan James,27,34,Gains In Performance
2026-08-22,29,Rethink Some Things,Luke Combs,30,5,Gains In Performance
2026-08-22,30,Worth Your Wild,Russell Dickerson,28,33,Gains In Performance
2026-08-22,31,Let Him In Anyway,Blake Shelton,29,27,Gains In Performance
2026-08-22,32,Medicine,Megan Moroney,31,17,Gains In Performance
2026-08-22,33,Holdin' It Down,Chase Matthew,33,29,Gains In Performance
2026-08-22,34,Long Live Country,Shane Profitt,32,46,Gains In Performance
2026-08-22,35,Killin' Me,Parker McCollum,34,25,Gains In Performance
2026-08-22,36,Move On,Kevin Powers & Shaboozey,35,18,Gains In Performance
2026-08-22,37,Dry Spell,Kacey Musgraves,36,13,
2026-08-22,38,Horseback,Cody Johnson,37,9,Gains In Performance
2026-08-22,39,Never Comin' Back,Flatland Cavalry,39,24,Gains In Performance
2026-08-22,40,What If We Don't,Ashley McBryde,38,24,
2026-08-22,41,What Took You So Long,Jacob Hackworth,41,16,Gains In Performance
2026-08-22,42,Empty Words,Corey Kent,40,11,
2026-08-22,43,Who Told You That,Tucker Wetmore,45,5,Gains In Performance
2026-08-22,44,Good Damn,Brantley Gilbert,46,21,Gains In Performance
2026-08-22,45,Wannabe,Gavin Adcock,44,14,Gains In Performance
2026-08-22,46,Land,Tyler Hubbard,43,12,Gains In Performance
2026-08-22,47,When A Cowboy Prays,Brandon Lake X Cody Johnson,42,28,
2026-08-22,48,I Didn't Come Here To Leave,Chris Young,47,9,Gains In Performance
2026-08-22,49,Cowgirl,Shaboozey,NEW,1,Gains In Performance
2026-08-22,50,Girl Dad,Cole Swindell,50,8,Gains In Performance
2026-08-22,51,Love is Blind,Ian Munsick,48,15,
2026-08-22,52,Back In The Bottle,Randy Houser,52,19,
2026-08-22,53,If I Don't Leave I'm Gonna Stay,Carly Pearce & Riley Green,51,21,
2026-08-22,54,Keeps Me Sane,Tyler Nance,53,24,Gains In Performance
2026-08-22,55,Anytime Soon,Jason Aldean,NEW,1,Gains In Performance
2026-08-22,56,"You're It For Me, Honey",Caroline Jones,54,5,Gains In Performance
2026-08-22,57,String By,Mack Geiger,RE,8,Gains In Performance
2026-08-22,58,Better That Way,Charles Wesley Godwin & Luke Combs,55,13,Gains In Performance
2026-08-22,59,Damned If I Do,Vincent Mason,RE,2,Gains In Performance
2026-08-22,60,Dear Big City,Dylan Scott,58,7,Gains In Performance
2026-08-29,1,Be By You,Luke Combs,2,21,Gains In Performance
2026-08-29,2,Chevy Silverado,Bailey Zimmerman,3,45,Gains In Performance
2026-08-29,3,I Can't Love You Anymore,Ella Langley & Morgan Wallen,1,17,
2026-08-29,4,Boston,Stella Lefty,5,18,Gains In Performance
2026-08-29,5,Woman,Kane Brown,7,23,Gains In Performance
2026-08-29,6,Don't Tell On Me,Jason Aldean,4,25,
2026-08-29,7,Hate How You Look,Josh Ross,8,48,
2026-08-29,8,Don't We,Morgan Wallen,6,25,
2026-08-29,9,Carry On,Kenny Chesney,10,15,Gains In Performance
2026-08-29,10,"I Knew It, I Knew You",Taylor Swift,9,11,
2026-08-29,11,Kid Myself,John Morgan,11,59,Gains In Performance
2026-08-29,12,Been By Now,Morgan Wallen,15,4,Greatest gainer this week|Gains In Performance
2026-08-29,13,"Ride, Ride, Ride",George Birge Featuring Luke Bryan,12,29,Gains In Performance
2026-08-29,14,All My Exes,Lauren Alaina Featuring Chase Matthew,14,50,Gains In Performance
2026-08-29,15,Country And She Knows It,Luke Bryan,13,21,Gains In Performance
2026-08-29,16,South Of Sanity,Zach Top,16,36,Gains In Performance
2026-08-29,17,Get To Drinkin',Zach John King,17,26,Gains In Performance
2026-08-29,18,Think As You Drunk,Riley Green,19,13,Gains In Performance
2026-08-29,19,"Phone, Keys, Wallet",Lainey Wilson & John Mayer,20,11,Gains In Performance
2026-08-29,20,Say So,Dan + Shay,18,20,
2026-08-29,21,Loving Life Again,Ella Langley,21,7,Gains In Performance
2026-08-29,22,Hands Up,Jelly Roll,23,9,Gains In Performance
2026-08-29,23,McArthur,"HARDY, Eric Church, Morgan Wallen & Tim McGraw",22,29,
2026-08-29,24,Boots Off,Jon Pardi,24,31,
2026-08-29,25,Easy To Love,Dustin Lynch,26,58,
2026-08-29,26,Painted You Pretty,Hudson Westbrook,27,26,Gains In Performance
2026-08-29,27,Water At A Wedding,Greylan James,28,35,Gains In Performance
2026-08-29,28,Rethink Some Things,Luke Combs,29,6,Gains In Performance
2026-08-29,29,Jaded,Koe Wetzel & Ella Langley,25,2,
2026-08-29,30,Worth Your Wild,Russell Dickerson,30,34,Gains In Performance
2026-08-29,31,Let Him In Anyway,Blake Shelton,31,28,Gains In Performance
2026-08-29,32,Medicine,Megan Moroney,32,18,Gains In Performance
2026-08-29,33,Long Live Country,Shane Profitt,34,47,Gains In Performance
2026-08-29,34,Killin' Me,Parker McCollum,35,26,Gains In Performance
2026-08-29,35,Holdin' It Down,Chase Matthew,33,30,
2026-08-29,36,Move On,Kevin Powers & Shaboozey,36,19,Gains In Performance
2026-08-29,37,Horseback,Cody Johnson,38,10,Gains In Performance
2026-08-29,38,Dry Spell,Kacey Musgraves,37,14,Gains In Performance
2026-08-29,39,Never Comin' Back,Flatland Cavalry,39,25,Gains In Performance
2026-08-29,40,Empty Words,Corey Kent,42,12,Gains In Performance
2026-08-29,41,What If We Don't,Ashley McBryde,40,25,
2026-08-29,42,What Took You So Long,Jacob Hackworth,41,17,
2026-08-29,43,Wannabe,Gavin Adcock,45,15,Gains In Performance
2026-08-29,44,Cowgirl,Shaboozey,49,2,Gains In Performance
2026-08-29,45,Good Damn,Brantley Gilbert,44,22,Gains In Performance
2026-08-29,46,Who Told You That,Tucker Wetmore,43,6,Gains In Performance
2026-08-29,47,I Didn't Come Here To Leave,Chris Young,48,10,Gains In Performance
2026-08-29,48,Land,Tyler Hubbard,46,13,Gains In Performance
2026-08-29,49,Anytime Soon,Jason Aldean,55,2,Gains In Performance
2026-08-29,50,Love is Blind,Ian Munsick,51,16,Gains In Performance
2026-08-29,51,Girl Dad,Cole Swindell,50,9,Gains In Performance
2026-08-29,52,If I Don't Leave I'm Gonna Stay,Carly Pearce & Riley Green,53,22,Gains In Performance
2026-08-29,53,Back In The Bottle,Randy Houser,52,20,Gains In Performance
2026-08-29,54,String By,Mack Geiger,57,9,Gains In Performance
2026-08-29,55,Nothin' Better To Do,Carter Faith & Wyatt Flores,RE,4,Gains In Performance
2026-08-29,56,Keeps Me Sane,Tyler Nance,54,25,
2026-08-29,57,Better That Way,Charles Wesley Godwin & Luke Combs,58,14,Gains In Performance
2026-08-29,58,Damned If I Do,Vincent Mason,59,3,Gains In Performance
2026-08-29,59,"You're It For Me, Honey",Caroline Jones,56,6,
2026-08-29,60,Baby Blues,Ashley Cooke,RE,7,Gains In Performance
2026-09-05,1,Be By You,Luke Combs,1,22,Gains In Performance
2026-09-05,2,Woman,Kane Brown,5,24,Greatest gainer this week|Gains In Performance
2026-09-05,3,Boston,Stella Lefty,4,19,Gains In Performance
2026-09-05,4,Chevy Silverado,Bailey Zimmerman,2,46,
2026-09-05,5,I Can't Love You Anymore,Ella Langley & Morgan Wallen,3,18,
2026-09-05,6,"I Knew It, I Knew You",Taylor Swift,10,12,Gains In Performance
2026-09-05,7,Carry On,Kenny Chesney,9,16,Gains In Performance
2026-09-05,8,Don't Tell On Me,Jason Aldean,6,26,
2026-09-05,9,Kid Myself,John Morgan,11,60,Gains In Performance
2026-09-05,10,Been By Now,Morgan Wallen,12,5,Gains In Performance
2026-09-05,11,All My Exes,Lauren Alaina Featuring Chase Matthew,14,51,Gains In Performance
2026-09-05,12,Country And She Knows It,Luke Bryan,15,22,Gains In Performance
2026-09-05,13,South Of Sanity,Zach Top,16,37,Gains In Performance
2026-09-05,14,Loving Life Again,Ella Langley,21,8,Gains In Performance
2026-09-05,15,Get To Drinkin',Zach John King,17,27,Gains In Performance
2026-09-05,16,"Phone, Keys, Wallet",Lainey Wilson & John Mayer,19,12,Gains In Performance
2026-09-05,17,Think As You Drunk,Riley Green,18,14,Gains In Performance
2026-09-05,18,Say So,Dan + Shay,20,21,Gains In Performance
2026-09-05,19,Hands Up,Jelly Roll,22,10,Gains In Performance
2026-09-05,20,McArthur,"HARDY, Eric Church, Morgan Wallen & Tim McGraw",23,30,Gains In Performance
2026-09-05,21,Boots Off,Jon Pardi,24,32,
2026-09-05,22,Painted You Pretty,Hudson Westbrook,26,27,Gains In Performance
2026-09-05,23,Rethink Some Things,Luke Combs,28,7,Gains In Performance
2026-09-05,24,Easy To Love,Dustin Lynch,25,59,
2026-09-05,25,Water At A Wedding,Greylan James,27,36,Gains In Performance
2026-09-05,26,Jaded,Koe Wetzel & Ella Langley,29,3,Gains In Performance
2026-09-05,27,Worth Your Wild,Russell Dickerson,30,35,Gains In Performance
2026-09-05,28,Let Him In Anyway,Blake Shelton,31,29,Gains In Performance
2026-09-05,29,Medicine,Megan Moroney,32,19,Gains In Performance
2026-09-05,30,Long Live Country,Shane Profitt,33,48,
2026-09-05,31,Holdin' It Down,Chase Matthew,35,31,Gains In Performance
2026-09-05,32,Killin' Me,Parker McCollum,34,27,
2026-09-05,33,Move On,Kevin Powers & Shaboozey,36,20,Gains In Performance
2026-09-05,34,Horseback,Cody Johnson,37,11,Gains In Performance
2026-09-05,35,Empty Words,Corey Kent,40,13,Gains In Performance
2026-09-05,36,Dry Spell,Kacey Musgraves,38,15,
2026-09-05,37,Never Comin' Back,Flatland Cavalry,39,26,
2026-09-05,38,What Took You So Long,Jacob Hackworth,42,18,Gains In Performance
2026-09-05,39,Cowgirl,Shaboozey,44,3,Gains In Performance
2026-09-05,40,Who Told You That,Tucker Wetmore,46,7,Gains In Performance
2026-09-05,41,Wannabe,Gavin Adcock,43,16,Gains In Performance
2026-09-05,42,Anytime Soon,Jason Aldean,49,3,Gains In Performance
2026-09-05,43,I Didn't Come Here To Leave,Chris Young,47,11,Gains In Performance
2026-09-05,44,Good Damn,Brantley Gilbert,45,23,
2026-09-05,45,Land,Tyler Hubbard,48,14,
2026-09-05,46,Girl Dad,Cole Swindell,51,10,Gains In Performance
2026-09-05,47,Love is Blind,Ian Munsick,50,17,Gains In Performance
2026-09-05,48,Damned If I Do,Vincent Mason,58,4,Gains In Performance
2026-09-05,49,If I Don't Leave I'm Gonna Stay,Carly Pearce & Riley Green,52,23,Gains In Performance
2026-09-05,50,String By,Mack Geiger,54,10,Gains In Performance
2026-09-05,51,Back In The Bottle,Randy Houser,53,21,Gains In Performance
2026-09-05,52,Something To Lose,Stella Lefty Featuring Vincent Mason,NEW,1,Highest ranking debut|Gains In Performance
2026-09-05,53,Better That Way,Charles Wesley Godwin & Luke Combs,57,15,Gains In Performance
2026-09-05,54,Keeps Me Sane,Tyler Nance,56,26,
2026-09-05,55,Nothin' Better To Do,Carter Faith & Wyatt Flores,55,5,
2026-09-05,56,Dear Big City,Dylan Scott,RE,8,Gains In Performance
2026-09-05,57,God Knew Better,Parmalee,RE,12,Gains In Performance
2026-09-05,58,Done For,Max McNown,RE,6,Gains In Performance
2026-09-05,59,Baby Blues,Ashley Cooke,60,8,
2026-09-05,60,"You're It For Me, Honey",Caroline Jones,59,7,
2026-09-12,1,Be By You,Luke Combs,1,23,Gains In Performance
2026-09-12,2,"I Knew It, I Knew You",Taylor Swift,6,13,Greatest gainer this week|Gains In Performance
2026-09-12,3,Boston,Stella Lefty,3,20,Gains In Performance
2026-09-12,4,Woman,Kane Brown,2,25,
2026-09-12,5,Carry On,Kenny Chesney,7,17,Gains In Performance
2026-09-12,6,Chevy Silverado,Bailey Zimmerman,4,47,
2026-09-12,7,Been By Now,Morgan Wallen,10,6,Gains In Performance
2026-09-12,8,I Can't Love You Anymore,Ella Langley & Morgan Wallen,5,19,
2026-09-12,9,Kid Myself,John Morgan,9,61,Gains In Performance
2026-09-12,10,All My Exes,Lauren Alaina Featuring Chase Matthew,11,52,Gains In Performance
2026-09-12,11,Country And She Knows It,Luke Bryan,12,23,Gains In Performance
2026-09-12,12,Loving Life Again,Ella Langley,14,9,Gains In Performance
2026-09-12,13,Get To Drinkin',Zach John King,15,28,Gains In Performance
2026-09-12,14,South Of Sanity,Zach Top,13,38,Gains In Performance
2026-09-12,15,Say So,Dan + Shay,18,22,Gains In Performance
2026-09-12,16,Think As You Drunk,Riley Green,17,15,Gains In Performance
2026-09-12,17,"Phone, Keys, Wallet",Lainey Wilson & John Mayer,16,13,Gains In Performance
2026-09-12,18,Hands Up,Jelly Roll,19,11,Gains In Performance
2026-09-12,19,Boots Off,Jon Pardi,21,33,Gains In Performance
2026-09-12,20,Painted You Pretty,Hudson Westbrook,22,28,Gains In Performance
2026-09-12,21,McArthur,"HARDY, Eric Church, Morgan Wallen & Tim McGraw",20,31,
2026-09-12,22,Rethink Some Things,Luke Combs,23,8,Gains In Performance
2026-09-12,23,Jaded,Koe Wetzel & Ella Langley,26,4,Gains In Performance
2026-09-12,24,Water At A Wedding,Greylan James,25,37,Gains In Performance
2026-09-12,25,Worth Your Wild,Russell Dickerson,27,36,Gains In Performance
2026-09-12,26,Let Him In Anyway,Blake Shelton,28,30,Gains In Performance
2026-09-12,27,Medicine,Megan Moroney,29,20,Gains In Performance
2026-09-12,28,Holdin' It Down,Chase Matthew,31,32,Gains In Performance
2026-09-12,29,Killin' Me,Parker McCollum,32,28,Gains In Performance
2026-09-12,30,Move On,Kevin Powers & Shaboozey,33,21,Gains In Performance
2026-09-12,31,Horseback,Cody Johnson,34,12,Gains In Performance
2026-09-12,32,Empty Words,Corey Kent,35,14,Gains In Performance
2026-09-12,33,Anytime Soon,Jason Aldean,42,4,Gains In Performance
2026-09-12,34,Dry Spell,Kacey Musgraves,36,16,Gains In Performance
2026-09-12,35,Never Comin' Back,Flatland Cavalry,37,27,Gains In Performance
2026-09-12,36,What Took You So Long,Jacob Hackworth,38,19,Gains In Performance
2026-09-12,37,Who Told You That,Tucker Wetmore,40,8,Gains In Performance
2026-09-12,38,Cowgirl,Shaboozey,39,4,Gains In Performance
2026-09-12,39,I Didn't Come Here To Leave,Chris Young,43,12,Gains In Performance
2026-09-12,40,Wannabe,Gavin Adcock,41,17,
2026-09-12,41,Land,Tyler Hubbard,45,15,Gains In Performance
2026-09-12,42,Good Damn,Brantley Gilbert,44,24,Gains In Performance
2026-09-12,43,Girl Dad,Cole Swindell,46,11,Gains In Performance
2026-09-12,44,Love is Blind,Ian Munsick,47,18,Gains In Performance
2026-09-12,45,Damned If I Do,Vincent Mason,48,5,Gains In Performance
2026-09-12,46,If I Don't Leave I'm Gonna Stay,Carly Pearce & Riley Green,49,24,Gains In Performance
2026-09-12,47,Back In The Bottle,Randy Houser,51,22,Gains In Performance
2026-09-12,48,String By,Mack Geiger,50,11,Gains In Performance
2026-09-12,49,Something To Lose,Stella Lefty Featuring Vincent Mason,52,2,Gains In Performance
2026-09-12,50,Better That Way,Charles Wesley Godwin & Luke Combs,53,16,Gains In Performance
2026-09-12,51,Son Of Jolene,Belles With Dolly Parton,NEW,1,Highest ranking debut|Gains In Performance
2026-09-12,52,Keeps Me Sane,Tyler Nance,54,27,Gains In Performance
2026-09-12,53,God Knew Better,Parmalee,57,13,Gains In Performance
2026-09-12,54,Dear Big City,Dylan Scott,56,9,Gains In Performance
2026-09-12,55,Nothin' Better To Do,Carter Faith & Wyatt Flores,55,6,Gains In Performance
2026-09-12,56,Baby Blues,Ashley Cooke,59,9,Gains In Performance
2026-09-12,57,Done For,Max McNown,58,7,Gains In Performance
2026-09-12,58,Bet On That,Blake Whiten,NEW,1,Gains In Performance
2026-09-12,59,Say La V,Joe Nichols,NEW,1,Gains In Performance
2026-09-12,60,"You're It For Me, Honey",Caroline Jones,60,8,
2026-09-19,1,Be By You,Luke Combs,1,24,Gains In Performance
2026-09-19,2,Boston,Stella Lefty,3,21,Greatest gainer this week|Gains In Performance
2026-09-19,3,Carry On,Kenny Chesney,5,18,Gains In Performance
2026-09-19,4,Been By Now,Morgan Wallen,7,7,Gains In Performance
2026-09-19,5,"I Knew It, I Knew You",Taylor Swift,2,14,
2026-09-19,6,Kid Myself,John Morgan,9,62,Gains In Performance
2026-09-19,7,Chevy Silverado,Bailey Zimmerman,6,48,
2026-09-19,8,Loving Life Again,Ella Langley,12,10,Gains In Performance
2026-09-19,9,All My Exes,Lauren Alaina Featuring Chase Matthew,10,53,Gains In Performance
2026-09-19,10,Country And She Knows It,Luke Bryan,11,24,Gains In Performance
2026-09-19,11,Get To Drinkin',Zach John King,13,29,Gains In Performance
2026-09-19,12,Say So,Dan + Shay,15,23,Gains In Performance
2026-09-19,13,Think As You Drunk,Riley Green,16,16,Gains In Performance
2026-09-19,14,South Of Sanity,Zach Top,14,39,
2026-09-19,15,"Phone, Keys, Wallet",Lainey Wilson & John Mayer,17,14,Gains In Performance
2026-09-19,16,Hands Up,Jelly Roll,18,12,Gains In Performance
2026-09-19,17,Rethink Some Things,Luke Combs,22,9,Gains In Performance
2026-09-19,18,Painted You Pretty,Hudson Westbrook,20,29,Gains In Performance
2026-09-19,19,Jaded,Koe Wetzel & Ella Langley,23,5,Gains In Performance
2026-09-19,20,Boots Off,Jon Pardi,19,34,Gains In Performance
2026-09-19,21,McArthur,"HARDY, Eric Church, Morgan Wallen & Tim McGraw",21,32,Gains In Performance
2026-09-19,22,Water At A Wedding,Greylan James,24,38,Gains In Performance
2026-09-19,23,Worth Your Wild,Russell Dickerson,25,37,Gains In Performance
2026-09-19,24,Medicine,Megan Moroney,27,21,Gains In Performance
2026-09-19,25,Let Him In Anyway,Blake Shelton,26,31,Gains In Performance
2026-09-19,26,Anytime Soon,Jason Aldean,33,5,Gains In Performance
2026-09-19,27,Holdin' It Down,Chase Matthew,28,33,Gains In Performance
2026-09-19,28,Empty Words,Corey Kent,32,15,Gains In Performance
2026-09-19,29,Move On,Kevin Powers & Shaboozey,30,22,Gains In Performance
2026-09-19,30,Horseback,Cody Johnson,31,13,Gains In Performance
2026-09-19,31,Killin' Me,Parker McCollum,29,29,Gains In Performance
2026-09-19,32,Never Comin' Back,Flatland Cavalry,35,28,Gains In Performance
2026-09-19,33,Who Told You That,Tucker Wetmore,37,9,Gains In Performance
2026-09-19,34,Cowgirl,Shaboozey,38,5,Gains In Performance
2026-09-19,35,What Took You So Long,Jacob Hackworth,36,20,Gains In Performance
2026-09-19,36,Dry Spell,Kacey Musgraves,34,17,
2026-09-19,37,Wannabe,Gavin Adcock,40,18,Gains In Performance
2026-09-19,38,I Didn't Come Here To Leave,Chris Young,39,13,Gains In Performance
2026-09-19,39,Good Damn,Brantley Gilbert,42,25,Gains In Performance
2026-09-19,40,Land,Tyler Hubbard,41,16,Gains In Performance
2026-09-19,41,Girl Dad,Cole Swindell,43,12,Gains In Performance
2026-09-19,42,If I Don't Leave I'm Gonna Stay,Carly Pearce & Riley Green,46,25,Gains In Performance
2026-09-19,43,String By,Mack Geiger,48,12,Gains In Performance
2026-09-19,44,Love is Blind,Ian Munsick,44,19,Gains In Performance
2026-09-19,45,Back In The Bottle,Randy Houser,47,23,Gains In Performance
2026-09-19,46,Damned If I Do,Vincent Mason,45,6,
2026-09-19,47,Something To Lose,Stella Lefty Featuring Vincent Mason,49,3,Gains In Performance
2026-09-19,48,Son Of Jolene,Belles With Dolly Parton,51,2,Gains In Performance
2026-09-19,49,Better That Way,Charles Wesley Godwin & Luke Combs,50,17,Gains In Performance
2026-09-19,50,Dear Big City,Dylan Scott,54,10,Gains In Performance
2026-09-19,51,Bet On That,Blake Whiten,58,2,Gains In Performance
2026-09-19,52,God Knew Better,Parmalee,53,14,Gains In Performance
2026-09-19,53,Baby Blues,Ashley Cooke,56,10,Gains In Performance
2026-09-19,54,Nothin' Better To Do,Carter Faith & Wyatt Flores,55,7,Gains In Performance
2026-09-19,55,Done For,Max McNown,57,8,Gains In Performance
2026-09-19,56,Howdy,Cole Goodwin,NEW,1,Highest ranking debut|Gains In Performance
2026-09-19,57,Say La V,Joe Nichols,59,2,Gains In Performance
2026-09-19,58,"You're It For Me, Honey",Caroline Jones,60,9,Gains In Performance
2026-09-19,59,Searchlight,Shinedown,RE,4,
2026-09-19,60,Talkin Bout,LoCash,NEW,1,Gains In Performance
2026-09-26,1,Boston,Stella Lefty,2,1,Gains In Performance
2026-09-26,2,Be By You,Luke Combs,1,25,
2026-09-26,3,Been By Now,Morgan Wallen,4,8,Gains In Performance
2026-09-26,4,Carry On,Kenny Chesney,3,19,Gains In Performance
2026-09-26,5,Kid Myself,John Morgan,6,63,Gains In Performance
2026-09-26,6,Loving Life Again,Ella Langley,8,11,Greatest gainer this week|Gains In Performance
2026-09-26,7,All My Exes,Lauren Alaina Featuring Chase Matthew,9,54,Gains In Performance
2026-09-26,8,Country And She Knows It,Luke Bryan,10,25,Gains In Performance
2026-09-26,9,Say So,Dan + Shay,12,24,Gains In Performance
2026-09-26,10,Get To Drinkin',Zach John King,11,30,Gains In Performance
2026-09-26,11,Think As You Drunk,Riley Green,13,17,Gains In Performance
2026-09-26,12,"Phone, Keys, Wallet",Lainey Wilson & John Mayer,15,15,Gains In Performance
2026-09-26,13,South Of Sanity,Zach Top,14,40,Gains In Performance
2026-09-26,14,Rethink Some Things,Luke Combs,17,10,Gains In Performance
2026-09-26,15,Jaded,Koe Wetzel & Ella Langley,19,6,Gains In Performance
2026-09-26,16,Hands Up,Jelly Roll,16,13,Gains In Performance
2026-09-26,17,Painted You Pretty,Hudson Westbrook,18,30,Gains In Performance
2026-09-26,18,Boots Off,Jon Pardi,20,35,Gains In Performance
2026-09-26,19,McArthur,"HARDY, Eric Church, Morgan Wallen & Tim McGraw",21,33,Gains In Performance
2026-09-26,20,Water At A Wedding,Greylan James,22,39,Gains In Performance
2026-09-26,21,Worth Your Wild,Russell Dickerson,23,38,Gains In Performance
2026-09-26,22,Medicine,Megan Moroney,24,22,Gains In Performance
2026-09-26,23,Let Him In Anyway,Blake Shelton,25,32,Gains In Performance
2026-09-26,24,Anytime Soon,Jason Aldean,26,6,Gains In Performance
2026-09-26,25,Empty Words,Corey Kent,28,16,Gains In Performance
2026-09-26,26,Holdin' It Down,Chase Matthew,27,34,Gains In Performance
2026-09-26,27,Move On,Kevin Powers & Shaboozey,29,23,Gains In Performance
2026-09-26,28,Horseback,Cody Johnson,30,14,Gains In Performance
2026-09-26,29,Killin' Me,Parker McCollum,31,30,Gains In Performance
2026-09-26,30,Never Comin' Back,Flatland Cavalry,32,29,Gains In Performance
2026-09-26,31,Who Told You That,Tucker Wetmore,33,10,Gains In Performance
2026-09-26,32,What Took You So Long,Jacob Hackworth,35,21,Gains In Performance
2026-09-26,33,Cowgirl,Shaboozey,34,6,Gains In Performance
2026-09-26,34,Dry Spell,Kacey Musgraves,36,18,Gains In Performance
2026-09-26,35,I Didn't Come Here To Leave,Chris Young,38,14,Gains In Performance
2026-09-26,36,Wannabe,Gavin Adcock,37,19,Gains In Performance
2026-09-26,37,Good Damn,Brantley Gilbert,39,26,Gains In Performance
2026-09-26,38,Land,Tyler Hubbard,40,17,Gains In Performance
2026-09-26,39,If I Don't Leave I'm Gonna Stay,Carly Pearce & Riley Green,42,26,Gains In Performance
2026-09-26,40,Girl Dad,Cole Swindell,41,13,Gains In Performance
2026-09-26,41,String By,Mack Geiger,43,13,Gains In Performance
2026-09-26,42,Love is Blind,Ian Munsick,44,20,Gains In Performance
2026-09-26,43,Damned If I Do,Vincent Mason,46,7,Gains In Performance
2026-09-26,44,Back In The Bottle,Randy Houser,45,24,Gains In Performance
2026-09-26,45,Something To Lose,Stella Lefty Featuring Vincent Mason,47,4,Gains In Performance
2026-09-26,46,Bet On That,Blake Whiten,51,3,Gains In Performance
2026-09-26,47,Better That Way,Charles Wesley Godwin & Luke Combs,49,18,Gains In Performance
2026-09-26,48,Dear Big City,Dylan Scott,50,11,Gains In Performance
2026-09-26,49,Son Of Jolene,Belles With Dolly Parton,48,3,
2026-09-26,50,Baby Blues,Ashley Cooke,53,11,Gains In Performance
2026-09-26,51,Nothin' Better To Do,Carter Faith & Wyatt Flores,54,8,Gains In Performance
2026-09-26,52,Done For,Max McNown,55,9,Gains In Performance
2026-09-26,53,Say La V,Joe Nichols,57,3,Gains In Performance
2026-09-26,54,Howdy,Cole Goodwin,56,2,Gains In Performance
2026-09-26,55,God Knew Better,Parmalee,52,15,
2026-09-26,56,Take Me Back (Leave Me There),Cody Johnson,NEW,1,Highest ranking debut|Gains In Performance
2026-09-26,57,"You're It For Me, Honey",Caroline Jones,58,10,
2026-09-26,58,Talkin Bout,LoCash,60,2,Gains In Performance
2026-09-26,59,Searchlight,Shinedown,59,5,Gains In Performance
2026-09-26,60,The Years Are Short,Rodney Atkins,NEW,1,Gains In Performance
2026-10-03,1,Boston,Stella Lefty,1,2,
2026-10-03,2,Carry On,Kenny Chesney,4,20,Gains In Performance
2026-10-03,3,Been By Now,Morgan Wallen,3,9,Gains In Performance
2026-10-03,4,Be By You,Luke Combs,2,4,
2026-10-03,5,Kid Myself,John Morgan,5,64,Gains In Performance
2026-10-03,6,Loving Life Again,Ella Langley,6,12,Gains In Performance
2026-10-03,7,All My Exes,Lauren Alaina Featuring Chase Matthew,7,55,Gains In Performance
2026-10-03,8,Country And She Knows It,Luke Bryan,8,26,Gains In Performance
2026-10-03,9,Say So,Dan + Shay,9,25,Gains In Performance
2026-10-03,10,Get To Drinkin',Zach John King,10,31,Gains In Performance
2026-10-03,11,Think As You Drunk,Riley Green,11,18,Gains In Performance
2026-10-03,12,"Phone, Keys, Wallet",Lainey Wilson & John Mayer,12,16,Gains In Performance
2026-10-03,13,Rethink Some Things,Luke Combs,14,11,Gains In Performance
2026-10-03,14,South Of Sanity,Zach Top,13,41,
2026-10-03,15,Jaded,Koe Wetzel & Ella Langley,15,7,Gains In Performance
2026-10-03,16,Painted You Pretty,Hudson Westbrook,17,31,Gains In Performance
2026-10-03,17,Hands Up,Jelly Roll,16,14,
2026-10-03,18,Boots Off,Jon Pardi,18,36,Gains In Performance
2026-10-03,19,Worth Your Wild,Russell Dickerson,21,39,Gains In Performance
2026-10-03,20,Water At A Wedding,Greylan James,20,40,Gains In Performance
2026-10-03,21,McArthur,"HARDY, Eric Church, Morgan Wallen & Tim McGraw",19,34,
2026-10-03,22,Medicine,Megan Moroney,22,23,Gains In Performance
2026-10-03,23,Anytime Soon,Jason Aldean,24,7,Gains In Performance
2026-10-03,24,Let Him In Anyway,Blake Shelton,23,33,Gains In Performance
2026-10-03,25,Empty Words,Corey Kent,25,17,Gains In Performance
2026-10-03,26,Finders Keepers,Luke Bryan & Luke Combs,NEW,1,Greatest gainer this week|Gains In Performance
2026-10-03,27,Holdin' It Down,Chase Matthew,26,35,Gains In Performance
2026-10-03,28,Remember Me That Way,Kenny Chesney,NEW,1,Gains In Performance
2026-10-03,29,Horseback,Cody Johnson,28,15,Gains In Performance
2026-10-03,30,Move On,Kevin Powers & Shaboozey,27,24,
2026-10-03,31,Killin' Me,Parker McCollum,29,31,
2026-10-03,32,Cowgirl,Shaboozey,33,7,Gains In Performance
2026-10-03,33,Who Told You That,Tucker Wetmore,31,11,Gains In Performance
2026-10-03,34,Never Comin' Back,Flatland Cavalry,30,30,
2026-10-03,35,What Took You So Long,Jacob Hackworth,32,22,Gains In Performance
2026-10-03,36,I Didn't Come Here To Leave,Chris Young,35,15,Gains In Performance
2026-10-03,37,Wannabe,Gavin Adcock,36,20,Gains In Performance
2026-10-03,38,Dry Spell,Kacey Musgraves,34,19,
2026-10-03,39,Good Damn,Brantley Gilbert,37,27,Gains In Performance
2026-10-03,40,Land,Tyler Hubbard,38,18,Gains In Performance
2026-10-03,41,Bet On That,Blake Whiten,46,4,Gains In Performance
2026-10-03,42,If I Don't Leave I'm Gonna Stay,Carly Pearce & Riley Green,39,27,Gains In Performance
2026-10-03,43,String By,Mack Geiger,41,14,Gains In Performance
2026-10-03,44,Something To Lose,Stella Lefty Featuring Vincent Mason,45,5,Gains In Performance
2026-10-03,45,Damned If I Do,Vincent Mason,43,8,Gains In Performance
2026-10-03,46,Girl Dad,Cole Swindell,40,14,
2026-10-03,47,Love Is Blind,Ian Munsick,42,21,
2026-10-03,48,Back In The Bottle,Randy Houser,44,25,
2026-10-03,49,Better That Way,Charles Wesley Godwin & Luke Combs,47,19,Gains In Performance
2026-10-03,50,Nothin' Better To Do,Carter Faith & Wyatt Flores,51,9,Gains In Performance
2026-10-03,51,Dear Big City,Dylan Scott,48,12,Gains In Performance
2026-10-03,52,Baby Blues,Ashley Cooke,50,12,Gains In Performance
2026-10-03,53,Take Me Back (Leave Me There),Cody Johnson,56,2,Gains In Performance
2026-10-03,54,Son Of Jolene,Belles With Dolly Parton,49,4,
2026-10-03,55,Done For,Max McNown,52,10,Gains In Performance
2026-10-03,56,Say La V,Joe Nichols,53,4,Gains In Performance
2026-10-03,57,Last Thing You Need,Morgan Wallen,NEW,1,Gains In Performance
2026-10-03,58,Howdy,Cole Goodwin,54,3,Gains In Performance
2026-10-03,59,Talkin Bout,LoCash,58,3,Gains In Performance
2026-10-03,60,God Knew Better,Parmalee,55,16,
2026-10-10,1,Carry On,Kenny Chesney,2,1,Gains In Performance
2026-10-10,2,Been By Now,Morgan Wallen,3,10,Gains In Performance
2026-10-10,3,Kid Myself,John Morgan,5,65,Gains In Performance
2026-10-10,4,Loving Life Again,Ella Langley,6,13,Gains In Performance
2026-10-10,5,Boston,Stella Lefty,1,2,
2026-10-10,6,Be By You,Luke Combs,4,4,
2026-10-10,7,All My Exes,Lauren Alaina Featuring Chase Matthew,7,56,Gains In Performance
2026-10-10,8,Country And She Knows It,Luke Bryan,8,27,Gains In Performance
2026-10-10,9,Say So,Dan + Shay,9,26,Gains In Performance
2026-10-10,10,Get To Drinkin',Zach John King,10,32,Gains In Performance
2026-10-10,11,Rethink Some Things,Luke Combs,13,12,Greatest gainer this week|Gains In Performance
2026-10-10,12,Think As You Drunk,Riley Green,11,19,Gains In Performance
2026-10-10,13,Jaded,Koe Wetzel & Ella Langley,15,8,Gains In Performance
2026-10-10,14,"Phone, Keys, Wallet",Lainey Wilson & John Mayer,12,17,Gains In Performance
2026-10-10,15,South Of Sanity,Zach Top,14,42,Gains In Performance
2026-10-10,16,Hands Up,Jelly Roll,17,15,Gains In Performance
2026-10-10,17,Painted You Pretty,Hudson Westbrook,16,32,Gains In Performance
2026-10-10,18,Boots Off,Jon Pardi,18,37,Gains In Performance
2026-10-10,19,Water At A Wedding,Greylan James,20,41,Gains In Performance
2026-10-10,20,Worth Your Wild,Russell Dickerson,19,40,Gains In Performance
2026-10-10,21,Medicine,Megan Moroney,22,24,Gains In Performance
2026-10-10,22,Anytime Soon,Jason Aldean,23,8,Gains In Performance
2026-10-10,23,Let Him In Anyway,Blake Shelton,24,34,Gains In Performance
2026-10-10,24,Empty Words,Corey Kent,25,18,Gains In Performance
2026-10-10,25,Holdin' It Down,Chase Matthew,27,36,
2026-10-10,26,Horseback,Cody Johnson,29,16,Gains In Performance
2026-10-10,27,Move On,Kevin Powers & Shaboozey,30,25,Gains In Performance
2026-10-10,28,Killin' Me,Parker McCollum,31,32,Gains In Performance
2026-10-10,29,Cowgirl,Shaboozey,32,8,Gains In Performance
2026-10-10,30,Who Told You That,Tucker Wetmore,33,12,Gains In Performance
2026-10-10,31,Never Comin' Back,Flatland Cavalry,34,31,Gains In Performance
2026-10-10,32,Bet On That,Blake Whiten,41,5,Gains In Performance
2026-10-10,33,What Took You So Long,Jacob Hackworth,35,23,Gains In Performance
2026-10-10,34,Wannabe,Gavin Adcock,37,21,Gains In Performance
2026-10-10,35,I Didn't Come Here To Leave,Chris Young,36,16,Gains In Performance
2026-10-10,36,Dry Spell,Kacey Musgraves,38,20,Gains In Performance
2026-10-10,37,Land,Tyler Hubbard,40,19,Gains In Performance
2026-10-10,38,If I Don't Leave I'm Gonna Stay,Carly Pearce & Riley Green,42,28,Gains In Performance
2026-10-10,39,Good Damn,Brantley Gilbert,39,28,Gains In Performance
2026-10-10,40,Something To Lose,Stella Lefty With Vincent Mason,44,6,Gains In Performance
2026-10-10,41,Remember Me That Way,Kenny Chesney,28,2,
2026-10-10,42,String By,Mack Geiger,43,15,Gains In Performance
2026-10-10,43,Girl Dad,Cole Swindell,46,15,Gains In Performance
2026-10-10,44,Damned If I Do,Vincent Mason,45,9,Gains In Performance
2026-10-10,45,Back In The Bottle,Randy Houser,48,26,Gains In Performance
2026-10-10,46,Love Is Blind,Ian Munsick,47,22,Gains In Performance
2026-10-10,47,Dear Big City,Dylan Scott,51,13,Gains In Performance
2026-10-10,48,Baby Blues,Ashley Cooke,52,13,Gains In Performance
2026-10-10,49,Finders Keepers,Luke Bryan & Luke Combs,26,2,
2026-10-10,50,Take Me Back (Leave Me There),Cody Johnson,53,3,Gains In Performance
2026-10-10,51,Nothin' Better To Do,Carter Faith & Wyatt Flores,50,10,Gains In Performance
2026-10-10,52,Better That Way,Charles Wesley Godwin & Luke Combs,49,20,Gains In Performance
2026-10-10,53,Say La V,Joe Nichols,56,5,Gains In Performance
2026-10-10,54,Last Thing You Need,Morgan Wallen,57,2,Gains In Performance
2026-10-10,55,Done For,Max McNown,55,11,Gains In Performance
2026-10-10,56,Searchlight,Shinedown,RE,6,Gains In Performance
2026-10-10,57,Howdy,Cole Goodwin,58,4,
2026-10-10,58,Talkin Bout,LoCash,59,4,
2026-10-10,59,Mess,Jordan Davis,NEW,1,Highest ranking debut|Gains In Performance
2026-10-10,60,Ain't My Problem,Mitchell Tenpenny,NEW,1,Gains In Performance
